,Scenario,Trial,Inspection,Interval,Time,Defects,Rate
0,302,1,1,9,9,0,90
1,302,1,2,6,15,6,60
2,302,1,3,7,22,0,70
3,302,1,4,6,28,0,60
4,302,1,5,6,34,0,60
5,302,1,6,2,36,0,20
6,302,1,7,3,39,9,30
7,302,1,8,2,41,0,20
8,302,1,9,6,47,0,60
9,302,1,10,4,51,3,40
10,302,1,11,4,55,0,40
11,302,1,12,9,64,5,90
12,302,1,13,4,68,0,40
13,302,1,14,2,70,0,20
14,302,1,15,6,76,0,60
15,302,1,16,6,82,0,60
16,302,1,17,4,86,0,40
17,302,1,18,3,89,13,30
18,302,1,19,2,91,0,20
19,302,1,20,8,99,0,80
20,302,1,21,7,106,0,70
21,302,1,22,9,115,0,90
22,302,1,23,3,118,0,30
23,302,1,24,3,121,0,30
24,302,1,25,5,126,11,50
25,302,1,26,2,128,0,20
26,302,1,27,2,130,0,20
27,302,1,28,8,138,0,80
28,302,1,29,5,143,0,50
29,302,1,30,9,152,0,90
30,302,1,31,2,154,0,20
31,302,1,32,2,156,0,20
32,302,1,33,7,163,16,70
33,302,1,34,7,170,0,70
34,302,1,35,8,178,0,80
35,302,1,36,9,187,0,90
36,302,1,37,7,194,0,70
37,302,1,38,6,200,0,60
38,302,1,39,4,204,0,40
39,302,1,40,5,209,0,50
40,302,1,41,4,213,0,40
41,302,1,42,7,220,0,70
42,302,1,43,7,227,0,70
43,302,1,44,4,231,0,40
44,302,1,45,3,234,31,30
45,302,1,46,6,240,1,60
46,302,1,47,9,249,0,90
47,302,1,48,8,257,0,80
48,302,1,49,5,262,11,50
49,302,1,50,5,267,0,50
50,302,1,51,6,273,0,60
51,302,1,52,8,281,0,80
52,302,1,53,8,289,0,80
53,302,1,54,2,291,16,20
54,302,1,55,2,293,0,20
55,302,1,56,7,300,0,70
56,302,1,57,7,307,0,70
57,302,1,58,9,316,0,90
58,302,1,59,2,318,0,20
59,302,1,60,2,320,0,20
60,302,1,61,8,328,20,80
61,302,1,62,2,330,0,20
62,302,1,63,7,337,0,70
63,302,1,64,3,340,0,30
64,302,1,65,8,348,0,80
65,302,1,66,5,353,0,50
66,302,1,67,2,355,5,20
67,302,1,68,6,361,0,60
68,302,1,69,9,370,11,90
69,302,1,70,6,376,0,60
70,302,1,71,2,378,0,20
71,302,1,72,5,383,0,50
72,302,1,73,5,388,0,50
73,302,1,74,7,395,22,70
74,302,1,75,7,402,0,70
75,302,1,76,3,405,0,30
76,302,1,77,3,408,0,30
77,302,1,78,3,411,0,30
78,302,1,79,4,415,0,40
79,302,1,80,4,419,0,40
80,302,1,81,7,426,0,70
81,302,1,82,4,430,16,40
82,302,1,83,6,436,0,60
83,302,1,84,8,444,4,80
84,302,1,85,9,453,0,90
85,302,1,86,3,456,0,30
86,302,1,87,4,460,0,40
87,302,1,88,8,468,0,80
88,302,1,89,6,474,16,60
89,302,1,90,3,477,0,30
90,302,1,91,5,482,2,50
91,302,1,92,2,484,0,20
92,302,1,93,5,489,0,50
93,302,1,94,3,492,0,30
94,302,1,95,5,497,0,50
95,302,1,96,7,504,13,70
96,302,1,97,5,509,0,50
97,302,1,98,2,511,0,20
98,302,1,99,4,515,0,40
99,302,1,100,2,517,0,20
100,302,1,101,7,524,0,70
101,302,1,102,2,526,0,20
102,302,1,103,5,531,0,50
103,302,1,104,8,539,0,80
104,302,1,105,9,548,17,90
105,302,1,106,8,556,0,80
106,302,1,107,6,562,0,60
107,302,1,108,8,570,0,80
108,302,1,109,4,574,0,40
109,302,1,110,2,576,0,20
110,302,1,111,6,582,0,60
111,302,1,112,6,588,0,60
112,302,1,113,4,592,0,40
113,302,1,114,4,596,0,40
114,302,1,115,2,598,22,20
115,302,1,116,2,600,0,20
116,302,1,117,2,602,0,20
117,302,1,118,5,607,0,50
118,302,1,119,6,613,0,60
119,302,1,120,4,617,8,40
120,302,1,121,7,624,3,70
121,302,1,122,3,627,0,30
122,302,1,123,4,631,3,40
123,302,1,124,2,633,0,20
124,302,1,125,7,640,0,70
125,302,1,126,9,649,0,90
126,302,1,127,9,658,14,90
127,302,1,128,3,661,0,30
128,302,1,129,5,666,0,50
129,302,1,130,7,673,2,70
130,302,1,131,6,679,0,60
131,302,1,132,3,682,0,30
132,302,1,133,7,689,0,70
133,302,1,134,9,698,0,90
134,302,1,135,3,701,0,30
135,302,1,136,5,706,0,50
136,302,1,137,4,710,16,40
137,302,1,138,9,719,0,90
138,302,1,139,9,728,11,90
139,302,1,140,3,731,0,30
140,302,1,141,2,733,0,20
141,302,1,142,7,740,0,70
142,302,1,143,6,746,0,60
143,302,1,144,9,755,0,90
144,302,1,145,4,759,0,40
145,302,1,146,8,767,0,80
146,302,1,147,9,776,0,90
147,302,1,148,7,783,29,70
148,302,1,149,9,792,3,90
149,302,1,150,6,798,0,60
150,302,1,151,5,803,2,50
151,302,1,152,7,810,0,70
152,302,1,153,4,814,0,40
153,302,1,154,7,821,0,70
154,302,1,155,5,826,0,50
155,302,1,156,9,835,0,90
156,302,1,157,8,843,24,80
157,302,1,158,3,846,2,30
158,302,1,159,5,851,0,50
159,302,1,160,3,854,0,30
160,302,1,161,3,857,7,30
161,302,1,162,7,864,0,70
162,302,1,163,3,867,0,30
163,302,1,164,6,873,0,60
164,302,1,165,8,881,0,80
165,302,1,166,9,890,0,90
166,302,1,167,8,898,13,80
167,302,1,168,8,906,0,80
168,302,1,169,9,915,0,90
169,302,1,170,4,919,0,40
170,302,1,171,8,927,10,80
171,302,1,172,4,931,0,40
172,302,1,173,2,933,0,20
173,302,1,174,2,935,4,20
174,302,1,175,6,941,0,60
175,302,1,176,3,944,0,30
176,302,1,177,4,948,0,40
177,302,1,178,4,952,0,40
178,302,1,179,2,954,8,20
179,302,1,180,9,963,0,90
180,302,1,181,4,967,10,40
181,302,1,182,2,969,0,20
182,302,1,183,4,973,0,40
183,302,1,184,8,981,0,80
184,302,1,185,4,985,0,40
185,302,1,186,5,990,0,50
186,302,1,187,2,992,0,20
187,302,1,188,8,1000,18,80
188,302,1,189,2,1002,0,20
189,302,1,190,5,1007,0,50
190,302,1,191,7,1014,0,70
191,302,1,192,8,1022,0,80
192,302,1,193,9,1031,0,90
193,302,1,194,4,1035,0,40
194,302,1,195,4,1039,0,40
195,302,1,196,3,1042,0,30
196,302,1,197,3,1045,0,30
197,302,1,198,5,1050,0,50
198,302,1,199,2,1052,30,20
199,302,1,200,2,1054,0,20
200,302,1,201,8,1062,4,80
201,302,1,202,5,1067,2,50
202,302,1,203,5,1072,2,50
203,302,1,204,5,1077,0,50
204,302,1,205,2,1079,0,20
205,302,1,206,3,1082,0,30
206,302,1,207,5,1087,0,50
207,302,1,208,7,1094,0,70
208,302,1,209,6,1100,0,60
209,302,1,210,4,1104,15,40
210,302,1,211,2,1106,0,20
211,302,1,212,7,1113,0,70
212,302,1,213,6,1119,0,60
213,302,1,214,8,1127,0,80
214,302,1,215,2,1129,0,20
215,302,1,216,2,1131,0,20
216,302,1,217,6,1137,0,60
217,302,1,218,4,1141,35,40
218,302,1,219,4,1145,0,40
219,302,1,220,8,1153,0,80
220,302,1,221,3,1156,0,30
221,302,1,222,4,1160,0,40
222,302,1,223,8,1168,16,80
223,302,1,224,5,1173,0,50
224,302,1,225,5,1178,0,50
225,302,1,226,2,1180,0,20
226,302,1,227,7,1187,0,70
227,302,1,228,7,1194,16,70
228,302,1,229,3,1197,0,30
229,302,1,230,7,1204,0,70
230,302,1,231,5,1209,0,50
231,302,1,232,9,1218,0,90
232,302,1,233,8,1226,0,80
233,302,1,234,4,1230,0,40
234,302,1,235,3,1233,0,30
235,302,1,236,9,1242,0,90
236,302,1,237,2,1244,0,20
237,302,1,238,3,1247,16,30
238,302,1,239,6,1253,0,60
239,302,1,240,9,1262,0,90
240,302,1,241,5,1267,0,50
241,302,1,242,6,1273,14,60
242,302,1,243,8,1281,0,80
243,302,1,244,8,1289,0,80
244,302,1,245,2,1291,0,20
245,302,1,246,7,1298,0,70
246,302,1,247,3,1301,0,30
247,302,1,248,7,1308,0,70
248,302,1,249,2,1310,0,20
249,302,1,250,9,1319,0,90
250,302,1,251,8,1327,30,80
251,302,1,252,2,1329,0,20
252,302,1,253,9,1338,0,90
253,302,1,254,6,1344,0,60
254,302,1,255,7,1351,0,70
255,302,1,256,3,1354,0,30
256,302,1,257,9,1363,0,90
257,302,1,258,7,1370,0,70
258,302,1,259,5,1375,0,50
259,302,1,260,8,1383,0,80
260,302,1,261,8,1391,0,80
261,302,1,262,6,1397,32,60
262,302,1,263,3,1400,0,30
263,302,1,264,4,1404,0,40
264,302,1,265,8,1412,6,80
265,302,1,266,7,1419,0,70
266,302,1,267,8,1427,0,80
267,302,1,268,3,1430,0,30
268,302,1,269,8,1438,0,80
269,302,1,270,2,1440,0,20
270,302,1,271,2,1442,16,20
271,302,1,272,9,1451,0,90
272,302,1,273,5,1456,10,50
273,302,1,274,2,1458,0,20
274,302,1,275,3,1461,0,30
275,302,1,276,7,1468,0,70
276,302,1,277,9,1477,0,90
277,302,1,278,8,1485,0,80
278,302,1,279,3,1488,0,30
279,302,1,280,5,1493,0,50
280,302,1,281,7,1500,23,70
281,302,1,282,6,1506,0,60
282,302,1,283,7,1513,0,70
283,302,1,284,6,1519,14,60
284,302,1,285,3,1522,0,30
285,302,1,286,8,1530,0,80
286,302,1,287,8,1538,7,80
287,302,1,288,4,1542,0,40
288,302,1,289,2,1544,0,20
289,302,1,290,7,1551,0,70
290,302,1,291,8,1559,0,80
291,302,1,292,8,1567,0,80
292,302,1,293,9,1576,0,90
293,302,1,294,8,1584,29,80
294,302,1,295,3,1587,0,30
295,302,1,296,3,1590,0,30
296,302,1,297,6,1596,0,60
297,302,1,298,8,1604,0,80
298,302,1,299,5,1609,0,50
299,302,1,300,4,1613,14,40
300,302,1,301,8,1621,0,80
301,302,1,302,7,1628,0,70
302,302,1,303,2,1630,0,20
303,302,1,304,2,1632,9,20
304,302,1,305,6,1638,0,60
305,302,1,306,7,1645,0,70
306,302,1,307,2,1647,0,20
307,302,1,308,8,1655,0,80
308,302,1,309,9,1664,0,90
309,302,1,310,5,1669,0,50
310,302,1,311,5,1674,17,50
311,302,1,312,8,1682,0,80
312,302,1,313,4,1686,0,40
313,302,1,314,8,1694,0,80
314,302,1,315,9,1703,0,90
315,302,1,316,2,1705,0,20
316,302,1,317,7,1712,28,70
317,302,1,318,7,1719,0,70
318,302,1,319,8,1727,7,80
319,302,1,320,3,1730,0,30
320,302,1,321,9,1739,6,90
321,302,1,322,2,1741,0,20
322,302,1,323,9,1750,0,90
323,302,1,324,8,1758,0,80
324,302,1,325,3,1761,0,30
325,302,1,326,9,1770,0,90
326,302,1,327,4,1774,13,40
327,302,1,328,3,1777,4,30
328,302,1,329,5,1782,5,50
329,302,1,330,3,1785,3,30
330,302,1,331,2,1787,1,20
331,302,1,332,3,1790,0,30
332,302,1,333,5,1795,0,50
333,302,1,334,2,1797,4,20
334,302,1,335,9,1806,4,90
335,302,1,336,7,1813,0,70
336,302,1,337,3,1816,0,30
337,302,1,338,7,1823,0,70
338,302,1,339,4,1827,0,40
339,302,1,340,7,1834,0,70
340,302,1,341,6,1840,17,60
341,302,1,342,4,1844,1,40
342,302,1,343,7,1851,0,70
343,302,1,344,8,1859,0,80
344,302,1,345,9,1868,0,90
345,302,1,346,8,1876,0,80
346,302,1,347,8,1884,0,80
347,302,1,348,8,1892,0,80
348,302,1,349,2,1894,0,20
349,302,1,350,5,1899,0,50
350,302,1,351,6,1905,0,60
351,302,1,352,5,1910,0,50
352,302,1,353,3,1913,0,30
353,302,1,354,3,1916,0,30
354,302,1,355,4,1920,0,40
355,302,1,356,8,1928,0,80
356,302,1,357,2,1930,0,20
357,302,1,358,3,1933,0,30
358,302,1,359,8,1941,0,80
359,302,1,360,3,1944,48,30
360,302,1,361,5,1949,0,50
361,302,1,362,5,1954,3,50
362,302,1,363,5,1959,4,50
363,302,1,364,6,1965,0,60
364,302,1,365,3,1968,0,30
365,302,1,366,8,1976,0,80
366,302,1,367,2,1978,0,20
367,302,1,368,3,1981,0,30
368,302,1,369,9,1990,0,90
369,302,1,370,7,1997,0,70
370,302,1,371,8,2005,0,80
371,302,1,372,8,2013,0,80
372,302,1,373,7,2020,0,70
373,302,1,374,4,2024,0,40
374,302,1,375,4,2028,0,40
375,302,1,376,2,2030,0,20
376,302,1,377,6,2036,0,60
377,302,1,378,3,2039,0,30
378,302,1,379,3,2042,0,30
379,302,1,380,2,2044,0,20
380,302,1,381,2,2046,0,20
381,302,1,382,8,2054,0,80
382,302,1,383,9,2063,0,90
383,302,1,384,6,2069,0,60
384,302,1,385,8,2077,0,80
385,302,1,386,7,2084,0,70
386,302,1,387,8,2092,0,80
387,302,1,388,4,2096,0,40
388,302,1,389,5,2101,0,50
389,302,1,390,3,2104,0,30
390,302,1,391,5,2109,0,50
391,302,1,392,3,2112,83,30
392,302,1,393,2,2114,0,20
393,302,1,394,7,2121,0,70
394,302,1,395,8,2129,0,80
395,302,1,396,4,2133,0,40
396,302,1,397,3,2136,0,30
397,302,1,398,2,2138,0,20
398,302,1,399,2,2140,0,20
399,302,1,400,8,2148,0,80
400,302,1,401,2,2150,31,20
401,302,1,402,5,2155,0,50
402,302,1,403,2,2157,0,20
403,302,1,404,3,2160,0,30
404,302,1,405,6,2166,0,60
405,302,1,406,7,2173,10,70
406,302,1,407,2,2175,0,20
407,302,1,408,7,2182,0,70
408,302,1,409,9,2191,0,90
409,302,1,410,5,2196,0,50
410,302,1,411,9,2205,0,90
411,302,1,412,7,2212,0,70
412,302,1,413,2,2214,27,20
413,302,1,414,4,2218,0,40
414,302,1,415,2,2220,0,20
415,302,1,416,5,2225,0,50
416,302,1,417,5,2230,0,50
417,302,1,418,6,2236,0,60
418,302,1,419,3,2239,0,30
419,302,1,420,2,2241,0,20
420,302,1,421,5,2246,0,50
421,302,1,422,5,2251,0,50
422,302,1,423,7,2258,0,70
423,302,1,424,5,2263,0,50
424,302,1,425,8,2271,0,80
425,302,1,426,3,2274,0,30
426,302,1,427,7,2281,0,70
427,302,1,428,7,2288,0,70
428,302,1,429,6,2294,39,60
429,302,1,430,5,2299,0,50
430,302,1,431,2,2301,0,20
431,302,1,432,9,2310,0,90
432,302,1,433,9,2319,0,90
433,302,1,434,9,2328,0,90
434,302,1,435,7,2335,0,70
435,302,1,436,6,2341,0,60
436,302,1,437,8,2349,0,80
437,302,1,438,9,2358,0,90
438,302,1,439,3,2361,0,30
439,302,1,440,3,2364,0,30
440,302,1,441,9,2373,0,90
441,302,1,442,5,2378,0,50
442,302,1,443,2,2380,0,20
443,302,1,444,6,2386,0,60
444,302,1,445,5,2391,0,50
445,302,1,446,7,2398,0,70
446,302,1,447,9,2407,0,90
447,302,1,448,4,2411,0,40
448,302,1,449,9,2420,0,90
449,302,1,450,4,2424,0,40
450,302,1,451,9,2433,0,90
451,302,1,452,2,2435,0,20
452,302,1,453,6,2441,0,60
453,302,1,454,8,2449,0,80
454,302,1,455,3,2452,0,30
455,302,1,456,7,2459,83,70
456,302,1,457,9,2468,0,90
457,302,1,458,7,2475,0,70
458,302,1,459,8,2483,0,80
459,302,1,460,5,2488,0,50
460,302,1,461,6,2494,13,60
461,302,1,462,4,2498,0,40
462,302,1,463,4,2502,0,40
463,302,1,464,2,2504,0,20
464,302,1,465,9,2513,0,90
465,302,1,466,6,2519,14,60
466,302,1,467,9,2528,0,90
467,302,1,468,6,2534,0,60
468,302,1,469,3,2537,0,30
469,302,1,470,2,2539,0,20
470,302,1,471,3,2542,0,30
471,302,1,472,2,2544,0,20
472,302,1,473,8,2552,0,80
473,302,1,474,6,2558,0,60
474,302,1,475,3,2561,0,30
475,302,1,476,7,2568,25,70
476,302,1,477,5,2573,0,50
477,302,1,478,8,2581,0,80
478,302,1,479,6,2587,0,60
479,302,1,480,2,2589,9,20
480,302,1,481,3,2592,0,30
481,302,1,482,6,2598,0,60
482,302,1,483,8,2606,0,80
483,302,1,484,8,2614,0,80
484,302,1,485,7,2621,0,70
485,302,1,486,9,2630,0,90
486,302,1,487,2,2632,0,20
487,302,1,488,6,2638,27,60
488,302,1,489,8,2646,0,80
489,302,1,490,8,2654,0,80
490,302,1,491,5,2659,0,50
491,302,1,492,5,2664,9,50
492,302,1,493,5,2669,0,50
493,302,1,494,7,2676,0,70
494,302,1,495,2,2678,0,20
495,302,1,496,4,2682,0,40
496,302,1,497,5,2687,0,50
497,302,1,498,8,2695,0,80
498,302,1,499,5,2700,0,50
499,302,1,500,2,2702,0,20
500,302,1,501,5,2707,0,50
501,302,1,502,9,2716,35,90
502,302,1,503,8,2724,0,80
503,302,1,504,7,2731,0,70
504,302,1,505,9,2740,0,90
505,302,1,506,9,2749,0,90
506,302,1,507,7,2756,0,70
507,302,1,508,5,2761,0,50
508,302,1,509,7,2768,19,70
509,302,1,510,7,2775,0,70
510,302,1,511,8,2783,0,80
511,302,1,512,3,2786,0,30
512,302,1,513,9,2795,21,90
513,302,1,514,3,2798,0,30
514,302,1,515,6,2804,0,60
515,302,1,516,2,2806,2,20
516,302,1,517,3,2809,0,30
517,302,1,518,7,2816,0,70
518,302,1,519,4,2820,7,40
519,302,1,520,2,2822,0,20
520,302,1,521,7,2829,0,70
521,302,1,522,3,2832,0,30
522,302,1,523,8,2840,0,80
523,302,1,524,5,2845,13,50
524,302,1,525,6,2851,0,60
525,302,1,526,4,2855,3,40
526,302,1,527,7,2862,0,70
527,302,1,528,3,2865,6,30
528,302,1,529,8,2873,0,80
529,302,1,530,4,2877,0,40
530,302,1,531,6,2883,0,60
531,302,1,532,5,2888,16,50
532,302,1,533,4,2892,0,40
533,302,1,534,3,2895,5,30
534,302,1,535,2,2897,0,20
535,302,1,536,5,2902,4,50
536,302,1,537,2,2904,0,20
537,302,1,538,5,2909,5,50
538,302,1,539,7,2916,0,70
539,302,1,540,4,2920,0,40
540,302,1,541,6,2926,9,60
541,302,1,542,2,2928,0,20
542,302,1,543,7,2935,0,70
543,302,1,544,3,2938,0,30
544,302,1,545,7,2945,6,70
545,302,1,546,2,2947,0,20
546,302,1,547,6,2953,3,60
547,302,1,548,8,2961,5,80
548,302,1,549,4,2965,0,40
549,302,1,550,3,2968,0,30
550,302,1,551,4,2972,0,40
551,302,1,552,6,2978,0,60
552,302,1,553,7,2985,14,70
553,302,1,554,2,2987,0,20
554,302,1,555,6,2993,0,60
555,302,1,556,6,2999,0,60
556,302,1,557,8,3007,0,80
557,302,1,558,2,3009,0,20
558,302,1,559,8,3017,14,80
559,302,1,560,3,3020,0,30
560,302,1,561,9,3029,0,90
561,302,1,562,8,3037,0,80
562,302,1,563,3,3040,0,30
563,302,1,564,6,3046,0,60
564,302,1,565,2,3048,0,20
565,302,1,566,6,3054,0,60
566,302,1,567,2,3056,21,20
567,302,1,568,3,3059,0,30
568,302,1,569,2,3061,0,20
569,302,1,570,5,3066,0,50
570,302,1,571,7,3073,0,70
571,302,1,572,4,3077,0,40
572,302,1,573,6,3083,17,60
573,302,1,574,2,3085,0,20
574,302,1,575,5,3090,0,50
575,302,1,576,4,3094,0,40
576,302,1,577,4,3098,0,40
577,302,1,578,9,3107,0,90
578,302,1,579,8,3115,0,80
579,302,1,580,6,3121,0,60
580,302,1,581,9,3130,0,90
581,302,1,582,5,3135,0,50
582,302,1,583,8,3143,0,80
583,302,1,584,5,3148,0,50
584,302,1,585,8,3156,0,80
585,302,1,586,3,3159,0,30
586,302,1,587,4,3163,0,40
587,302,1,588,2,3165,0,20
588,302,1,589,8,3173,0,80
589,302,1,590,3,3176,0,30
590,302,1,591,3,3179,35,30
591,302,1,592,6,3185,0,60
592,302,1,593,7,3192,0,70
593,302,1,594,2,3194,11,20
594,302,1,595,7,3201,0,70
595,302,1,596,2,3203,0,20
596,302,1,597,8,3211,0,80
597,302,1,598,4,3215,0,40
598,302,1,599,9,3224,0,90
599,302,1,600,2,3226,0,20
600,302,1,601,9,3235,21,90
601,302,1,602,6,3241,0,60
602,302,1,603,4,3245,0,40
603,302,1,604,3,3248,6,30
604,302,1,605,6,3254,4,60
605,302,1,606,6,3260,5,60
606,302,1,607,2,3262,0,20
607,302,1,608,6,3268,0,60
608,302,1,609,6,3274,0,60
609,302,1,610,5,3279,0,50
610,302,1,611,8,3287,0,80
611,302,1,612,9,3296,15,90
612,302,1,613,6,3302,3,60
613,302,1,614,6,3308,0,60
614,302,1,615,9,3317,0,90
615,302,1,616,7,3324,0,70
616,302,1,617,5,3329,0,50
617,302,1,618,4,3333,0,40
618,302,1,619,9,3342,25,90
619,302,1,620,7,3349,0,70
620,302,1,621,7,3356,0,70
621,302,1,622,6,3362,0,60
622,302,1,623,8,3370,0,80
623,302,1,624,4,3374,0,40
624,302,1,625,5,3379,16,50
625,302,1,626,7,3386,0,70
626,302,1,627,2,3388,0,20
627,302,1,628,7,3395,0,70
628,302,1,629,9,3404,0,90
629,302,1,630,2,3406,0,20
630,302,1,631,7,3413,0,70
631,302,1,632,8,3421,0,80
632,302,1,633,3,3424,0,30
633,302,1,634,2,3426,0,20
634,302,1,635,9,3435,0,90
635,302,1,636,5,3440,0,50
636,302,1,637,7,3447,0,70
637,302,1,638,4,3451,0,40
638,302,1,639,4,3455,34,40
639,302,1,640,3,3458,0,30
640,302,1,641,6,3464,0,60
641,302,1,642,7,3471,4,70
642,302,1,643,3,3474,0,30
643,302,1,644,6,3480,0,60
644,302,1,645,4,3484,0,40
645,302,1,646,3,3487,0,30
646,302,1,647,7,3494,0,70
647,302,1,648,9,3503,0,90
648,302,1,649,4,3507,11,40
649,302,1,650,8,3515,0,80
650,302,1,651,9,3524,0,90
651,302,1,652,5,3529,0,50
652,302,1,653,9,3538,14,90
653,302,1,654,9,3547,0,90
654,302,1,655,4,3551,0,40
655,302,1,656,8,3559,0,80
656,302,1,657,5,3564,0,50
657,302,1,658,8,3572,0,80
658,302,1,659,9,3581,13,90
659,302,1,660,4,3585,0,40
660,302,1,661,9,3594,10,90
661,302,1,662,2,3596,0,20
662,302,1,663,6,3602,0,60
663,302,1,664,4,3606,0,40
664,302,1,665,4,3610,0,40
665,302,1,666,7,3617,0,70
666,302,1,667,3,3620,0,30
667,302,1,668,5,3625,0,50
668,302,1,669,5,3630,0,50
669,302,1,670,7,3637,0,70
670,302,1,671,6,3643,0,60
671,302,1,672,2,3645,0,20
672,302,1,673,3,3648,0,30
673,302,1,674,8,3656,0,80
674,302,1,675,5,3661,0,50
675,302,1,676,4,3665,0,40
676,302,1,677,9,3674,0,90
677,302,1,678,3,3677,0,30
678,302,1,679,2,3679,0,20
679,302,1,680,4,3683,0,40
680,302,1,681,8,3691,55,80
681,302,1,682,4,3695,0,40
682,302,1,683,5,3700,0,50
683,302,1,684,2,3702,0,20
684,302,1,685,9,3711,0,90
685,302,1,686,4,3715,0,40
686,302,1,687,5,3720,0,50
687,302,1,688,4,3724,0,40
688,302,1,689,5,3729,17,50
689,302,1,690,9,3738,5,90
690,302,1,691,8,3746,0,80
691,302,1,692,8,3754,0,80
692,302,1,693,9,3763,13,90
693,302,1,694,6,3769,5,60
694,302,1,695,6,3775,0,60
695,302,1,696,7,3782,0,70
696,302,1,697,4,3786,0,40
697,302,1,698,6,3792,0,60
698,302,1,699,7,3799,13,70
699,302,1,700,2,3801,0,20
700,302,1,701,8,3809,0,80
701,302,1,702,4,3813,0,40
702,302,1,703,8,3821,11,80
703,302,1,704,2,3823,0,20
704,302,1,705,2,3825,0,20
705,302,1,706,5,3830,0,50
706,302,1,707,5,3835,0,50
707,302,1,708,3,3838,7,30
708,302,1,709,5,3843,0,50
709,302,1,710,8,3851,0,80
710,302,1,711,3,3854,0,30
711,302,1,712,6,3860,0,60
712,302,1,713,5,3865,0,50
713,302,1,714,2,3867,0,20
714,302,1,715,3,3870,11,30
715,302,1,716,5,3875,0,50
716,302,1,717,7,3882,0,70
717,302,1,718,2,3884,0,20
718,302,1,719,5,3889,0,50
719,302,1,720,3,3892,9,30
720,302,1,721,8,3900,0,80
721,302,1,722,6,3906,0,60
722,302,1,723,2,3908,0,20
723,302,1,724,5,3913,0,50
724,302,1,725,6,3919,0,60
725,302,1,726,8,3927,0,80
726,302,1,727,8,3935,0,80
727,302,1,728,8,3943,0,80
728,302,1,729,8,3951,0,80
729,302,1,730,9,3960,0,90
730,302,1,731,5,3965,0,50
731,302,1,732,5,3970,0,50
732,302,1,733,7,3977,36,70
733,302,1,734,9,3986,7,90
734,302,1,735,9,3995,0,90
735,302,1,736,9,4004,0,90
736,302,1,737,9,4013,13,90
737,302,1,738,3,4016,2,30
738,302,1,739,3,4019,0,30
739,302,1,740,5,4024,4,50
740,302,1,741,3,4027,1,30
741,302,1,742,5,4032,0,50
742,302,1,743,6,4038,0,60
743,302,1,744,5,4043,0,50
744,302,1,745,2,4045,12,20
745,302,1,746,8,4053,3,80
746,302,1,747,2,4055,0,20
747,302,1,748,8,4063,0,80
748,302,1,749,5,4068,7,50
749,302,1,750,8,4076,0,80
750,302,1,751,2,4078,0,20
751,302,1,752,2,4080,0,20
752,302,1,753,8,4088,0,80
753,302,1,754,5,4093,0,50
754,302,1,755,7,4100,0,70
755,302,1,756,2,4102,0,20
756,302,1,757,2,4104,0,20
757,302,1,758,2,4106,0,20
758,302,1,759,3,4109,0,30
759,302,1,760,7,4116,23,70
760,302,1,761,5,4121,0,50
761,302,1,762,4,4125,0,40
762,302,1,763,2,4127,3,20
763,302,1,764,8,4135,0,80
764,302,1,765,2,4137,0,20
765,302,1,766,7,4144,0,70
766,302,1,767,4,4148,0,40
767,302,1,768,3,4151,9,30
768,302,1,769,5,4156,0,50
769,302,1,770,3,4159,0,30
770,302,1,771,7,4166,0,70
771,302,1,772,6,4172,10,60
772,302,1,773,5,4177,0,50
773,302,1,774,2,4179,0,20
774,302,1,775,9,4188,4,90
775,302,1,776,4,4192,0,40
776,302,1,777,4,4196,0,40
777,302,1,778,5,4201,0,50
778,302,1,779,9,4210,0,90
779,302,1,780,7,4217,0,70
780,302,1,781,7,4224,0,70
781,302,1,782,7,4231,0,70
782,302,1,783,4,4235,0,40
783,302,1,784,2,4237,0,20
784,302,1,785,8,4245,23,80
785,302,1,786,7,4252,4,70
786,302,1,787,7,4259,2,70
787,302,1,788,8,4267,0,80
788,302,1,789,5,4272,0,50
789,302,1,790,8,4280,0,80
790,302,1,791,3,4283,9,30
791,302,1,792,3,4286,0,30
792,302,1,793,4,4290,0,40
793,302,1,794,8,4298,0,80
794,302,1,795,4,4302,0,40
795,302,1,796,4,4306,8,40
796,302,1,797,3,4309,0,30
797,302,1,798,2,4311,0,20
798,302,1,799,8,4319,5,80
799,302,1,800,6,4325,0,60
800,302,1,801,6,4331,0,60
801,302,1,802,7,4338,11,70
802,302,1,803,7,4345,0,70
803,302,1,804,8,4353,0,80
804,302,1,805,5,4358,0,50
805,302,1,806,4,4362,0,40
806,302,1,807,3,4365,10,30
807,302,1,808,3,4368,0,30
808,302,1,809,3,4371,0,30
809,302,1,810,6,4377,0,60
810,302,1,811,9,4386,0,90
811,302,1,812,5,4391,0,50
812,302,1,813,7,4398,0,70
813,302,1,814,3,4401,0,30
814,302,1,815,7,4408,0,70
815,302,1,816,9,4417,0,90
816,302,1,817,4,4421,0,40
817,302,1,818,4,4425,27,40
818,302,1,819,4,4429,0,40
819,302,1,820,6,4435,0,60
820,302,1,821,5,4440,0,50
821,302,1,822,8,4448,0,80
822,302,1,823,6,4454,12,60
823,302,1,824,2,4456,2,20
824,302,1,825,8,4464,0,80
825,302,1,826,8,4472,0,80
826,302,1,827,9,4481,0,90
827,302,1,828,6,4487,0,60
828,302,1,829,2,4489,0,20
829,302,1,830,8,4497,0,80
830,302,1,831,7,4504,0,70
831,302,1,832,6,4510,0,60
832,302,1,833,8,4518,0,80
833,302,1,834,8,4526,0,80
834,302,1,835,9,4535,0,90
835,302,1,836,8,4543,44,80
836,302,1,837,2,4545,0,20
837,302,1,838,3,4548,0,30
838,302,1,839,9,4557,0,90
839,302,1,840,4,4561,11,40
840,302,1,841,7,4568,0,70
841,302,1,842,9,4577,0,90
842,302,1,843,9,4586,20,90
843,302,1,844,8,4594,0,80
844,302,1,845,4,4598,0,40
845,302,1,846,5,4603,0,50
846,302,1,847,7,4610,6,70
847,302,1,848,2,4612,0,20
848,302,1,849,2,4614,0,20
849,302,1,850,2,4616,0,20
850,302,1,851,7,4623,0,70
851,302,1,852,8,4631,9,80
852,302,1,853,5,4636,1,50
853,302,1,854,5,4641,0,50
854,302,1,855,8,4649,0,80
855,302,1,856,6,4655,0,60
856,302,1,857,7,4662,0,70
857,302,1,858,3,4665,13,30
858,302,1,859,7,4672,0,70
859,302,1,860,8,4680,0,80
860,302,1,861,2,4682,0,20
861,302,1,862,3,4685,12,30
862,302,1,863,5,4690,0,50
863,302,1,864,7,4697,0,70
864,302,1,865,7,4704,0,70
865,302,1,866,5,4709,0,50
866,302,1,867,6,4715,13,60
867,302,1,868,5,4720,0,50
868,302,1,869,3,4723,0,30
869,302,1,870,8,4731,7,80
870,302,1,871,2,4733,0,20
871,302,1,872,8,4741,0,80
872,302,1,873,6,4747,11,60
873,302,1,874,2,4749,0,20
874,302,1,875,7,4756,0,70
875,302,1,876,6,4762,0,60
876,302,1,877,4,4766,4,40
877,302,1,878,9,4775,0,90
878,302,1,879,6,4781,0,60
879,302,1,880,6,4787,0,60
880,302,1,881,3,4790,0,30
881,302,1,882,2,4792,0,20
882,302,1,883,5,4797,0,50
883,302,1,884,8,4805,0,80
884,302,1,885,4,4809,0,40
885,302,1,886,2,4811,0,20
886,302,1,887,7,4818,0,70
887,302,1,888,2,4820,0,20
888,302,1,889,4,4824,0,40
889,302,1,890,3,4827,0,30
890,302,1,891,3,4830,0,30
891,302,1,892,7,4837,0,70
892,302,1,893,4,4841,0,40
893,302,1,894,5,4846,0,50
894,302,1,895,8,4854,0,80
895,302,1,896,7,4861,0,70
896,302,1,897,4,4865,0,40
897,302,1,898,7,4872,0,70
898,302,1,899,9,4881,0,90
899,302,1,900,2,4883,0,20
900,302,1,901,5,4888,0,50
901,302,1,902,2,4890,0,20
902,302,1,903,8,4898,74,80
903,302,1,904,7,4905,3,70
904,302,1,905,4,4909,0,40
905,302,1,906,9,4918,0,90
906,302,1,907,9,4927,0,90
907,302,1,908,2,4929,0,20
908,302,1,909,7,4936,19,70
909,302,1,910,4,4940,0,40
910,302,1,911,8,4948,0,80
911,302,1,912,7,4955,0,70
912,302,1,913,4,4959,0,40
913,302,1,914,9,4968,0,90
914,302,1,915,2,4970,0,20
915,302,1,916,2,4972,0,20
916,302,1,917,7,4979,0,70
917,302,1,918,3,4982,21,30
918,302,1,919,2,4984,0,20
919,302,1,920,7,4991,0,70
920,302,2,1,9,9,0,90
921,302,2,2,4,13,0,40
922,302,2,3,7,20,11,70
923,302,2,4,4,24,0,40
924,302,2,5,7,31,0,70
925,302,2,6,9,40,0,90
926,302,2,7,5,45,0,50
927,302,2,8,8,53,0,80
928,302,2,9,5,58,0,50
929,302,2,10,3,61,21,30
930,302,2,11,4,65,0,40
931,302,2,12,6,71,0,60
932,302,2,13,6,77,0,60
933,302,2,14,5,82,0,50
934,302,2,15,5,87,0,50
935,302,2,16,6,93,0,60
936,302,2,17,8,101,0,80
937,302,2,18,3,104,0,30
938,302,2,19,4,108,0,40
939,302,2,20,9,117,0,90
940,302,2,21,4,121,0,40
941,302,2,22,4,125,0,40
942,302,2,23,2,127,0,20
943,302,2,24,5,132,0,50
944,302,2,25,3,135,0,30
945,302,2,26,9,144,0,90
946,302,2,27,9,153,0,90
947,302,2,28,8,161,0,80
948,302,2,29,2,163,0,20
949,302,2,30,3,166,0,30
950,302,2,31,2,168,0,20
951,302,2,32,6,174,0,60
952,302,2,33,3,177,0,30
953,302,2,34,8,185,0,80
954,302,2,35,3,188,0,30
955,302,2,36,8,196,51,80
956,302,2,37,3,199,0,30
957,302,2,38,2,201,0,20
958,302,2,39,5,206,0,50
959,302,2,40,6,212,0,60
960,302,2,41,3,215,0,30
961,302,2,42,6,221,0,60
962,302,2,43,2,223,0,20
963,302,2,44,5,228,0,50
964,302,2,45,8,236,0,80
965,302,2,46,4,240,0,40
966,302,2,47,6,246,29,60
967,302,2,48,7,253,0,70
968,302,2,49,2,255,0,20
969,302,2,50,5,260,0,50
970,302,2,51,8,268,8,80
971,302,2,52,2,270,0,20
972,302,2,53,3,273,3,30
973,302,2,54,5,278,0,50
974,302,2,55,5,283,0,50
975,302,2,56,7,290,0,70
976,302,2,57,4,294,0,40
977,302,2,58,5,299,0,50
978,302,2,59,8,307,0,80
979,302,2,60,5,312,0,50
980,302,2,61,6,318,0,60
981,302,2,62,5,323,0,50
982,302,2,63,7,330,0,70
983,302,2,64,2,332,0,20
984,302,2,65,2,334,0,20
985,302,2,66,3,337,0,30
986,302,2,67,8,345,44,80
987,302,2,68,7,352,0,70
988,302,2,69,4,356,3,40
989,302,2,70,3,359,0,30
990,302,2,71,5,364,0,50
991,302,2,72,2,366,0,20
992,302,2,73,6,372,0,60
993,302,2,74,8,380,15,80
994,302,2,75,3,383,0,30
995,302,2,76,5,388,6,50
996,302,2,77,6,394,2,60
997,302,2,78,5,399,0,50
998,302,2,79,2,401,4,20
999,302,2,80,4,405,2,40
1000,302,2,81,4,409,0,40
1001,302,2,82,3,412,0,30
1002,302,2,83,3,415,0,30
1003,302,2,84,5,420,0,50
1004,302,2,85,3,423,0,30
1005,302,2,86,5,428,0,50
1006,302,2,87,6,434,13,60
1007,302,2,88,7,441,0,70
1008,302,2,89,8,449,0,80
1009,302,2,90,3,452,0,30
1010,302,2,91,5,457,0,50
1011,302,2,92,7,464,19,70
1012,302,2,93,8,472,0,80
1013,302,2,94,6,478,0,60
1014,302,2,95,7,485,0,70
1015,302,2,96,8,493,14,80
1016,302,2,97,6,499,0,60
1017,302,2,98,2,501,4,20
1018,302,2,99,2,503,0,20
1019,302,2,100,5,508,0,50
1020,302,2,101,4,512,0,40
1021,302,2,102,8,520,0,80
1022,302,2,103,6,526,0,60
1023,302,2,104,2,528,17,20
1024,302,2,105,9,537,0,90
1025,302,2,106,3,540,0,30
1026,302,2,107,4,544,0,40
1027,302,2,108,7,551,0,70
1028,302,2,109,7,558,0,70
1029,302,2,110,6,564,0,60
1030,302,2,111,5,569,0,50
1031,302,2,112,4,573,0,40
1032,302,2,113,2,575,0,20
1033,302,2,114,5,580,0,50
1034,302,2,115,4,584,0,40
1035,302,2,116,5,589,0,50
1036,302,2,117,8,597,29,80
1037,302,2,118,5,602,0,50
1038,302,2,119,6,608,0,60
1039,302,2,120,9,617,0,90
1040,302,2,121,3,620,0,30
1041,302,2,122,3,623,0,30
1042,302,2,123,8,631,0,80
1043,302,2,124,4,635,0,40
1044,302,2,125,8,643,26,80
1045,302,2,126,9,652,0,90
1046,302,2,127,2,654,0,20
1047,302,2,128,9,663,9,90
1048,302,2,129,9,672,0,90
1049,302,2,130,7,679,0,70
1050,302,2,131,5,684,0,50
1051,302,2,132,6,690,0,60
1052,302,2,133,8,698,13,80
1053,302,2,134,2,700,0,20
1054,302,2,135,5,705,0,50
1055,302,2,136,7,712,8,70
1056,302,2,137,7,719,0,70
1057,302,2,138,7,726,0,70
1058,302,2,139,4,730,0,40
1059,302,2,140,7,737,7,70
1060,302,2,141,6,743,0,60
1061,302,2,142,2,745,0,20
1062,302,2,143,6,751,0,60
1063,302,2,144,6,757,9,60
1064,302,2,145,4,761,0,40
1065,302,2,146,3,764,3,30
1066,302,2,147,7,771,4,70
1067,302,2,148,6,777,3,60
1068,302,2,149,3,780,1,30
1069,302,2,150,6,786,0,60
1070,302,2,151,4,790,0,40
1071,302,2,152,8,798,0,80
1072,302,2,153,2,800,0,20
1073,302,2,154,9,809,0,90
1074,302,2,155,6,815,0,60
1075,302,2,156,2,817,19,20
1076,302,2,157,2,819,0,20
1077,302,2,158,4,823,0,40
1078,302,2,159,4,827,0,40
1079,302,2,160,7,834,6,70
1080,302,2,161,2,836,0,20
1081,302,2,162,4,840,3,40
1082,302,2,163,8,848,2,80
1083,302,2,164,7,855,0,70
1084,302,2,165,8,863,0,80
1085,302,2,166,3,866,0,30
1086,302,2,167,8,874,16,80
1087,302,2,168,2,876,0,20
1088,302,2,169,4,880,0,40
1089,302,2,170,8,888,0,80
1090,302,2,171,3,891,0,30
1091,302,2,172,2,893,0,20
1092,302,2,173,8,901,0,80
1093,302,2,174,2,903,0,20
1094,302,2,175,7,910,0,70
1095,302,2,176,2,912,0,20
1096,302,2,177,2,914,30,20
1097,302,2,178,9,923,0,90
1098,302,2,179,8,931,0,80
1099,302,2,180,8,939,10,80
1100,302,2,181,2,941,0,20
1101,302,2,182,2,943,0,20
1102,302,2,183,5,948,0,50
1103,302,2,184,6,954,0,60
1104,302,2,185,8,962,0,80
1105,302,2,186,3,965,0,30
1106,302,2,187,6,971,0,60
1107,302,2,188,2,973,0,20
1108,302,2,189,8,981,0,80
1109,302,2,190,6,987,37,60
1110,302,2,191,5,992,0,50
1111,302,2,192,7,999,0,70
1112,302,2,193,7,1006,0,70
1113,302,2,194,2,1008,13,20
1114,302,2,195,9,1017,0,90
1115,302,2,196,5,1022,0,50
1116,302,2,197,6,1028,12,60
1117,302,2,198,8,1036,0,80
1118,302,2,199,9,1045,0,90
1119,302,2,200,6,1051,0,60
1120,302,2,201,7,1058,0,70
1121,302,2,202,8,1066,0,80
1122,302,2,203,7,1073,22,70
1123,302,2,204,8,1081,0,80
1124,302,2,205,3,1084,0,30
1125,302,2,206,6,1090,0,60
1126,302,2,207,9,1099,0,90
1127,302,2,208,9,1108,0,90
1128,302,2,209,9,1117,0,90
1129,302,2,210,2,1119,0,20
1130,302,2,211,3,1122,0,30
1131,302,2,212,5,1127,0,50
1132,302,2,213,7,1134,33,70
1133,302,2,214,8,1142,3,80
1134,302,2,215,5,1147,0,50
1135,302,2,216,4,1151,0,40
1136,302,2,217,6,1157,3,60
1137,302,2,218,3,1160,0,30
1138,302,2,219,8,1168,0,80
1139,302,2,220,4,1172,0,40
1140,302,2,221,4,1176,0,40
1141,302,2,222,5,1181,0,50
1142,302,2,223,9,1190,0,90
1143,302,2,224,6,1196,0,60
1144,302,2,225,7,1203,0,70
1145,302,2,226,8,1211,0,80
1146,302,2,227,7,1218,0,70
1147,302,2,228,7,1225,0,70
1148,302,2,229,7,1232,0,70
1149,302,2,230,2,1234,0,20
1150,302,2,231,5,1239,0,50
1151,302,2,232,6,1245,41,60
1152,302,2,233,7,1252,0,70
1153,302,2,234,4,1256,0,40
1154,302,2,235,6,1262,9,60
1155,302,2,236,8,1270,0,80
1156,302,2,237,6,1276,0,60
1157,302,2,238,2,1278,0,20
1158,302,2,239,7,1285,0,70
1159,302,2,240,3,1288,0,30
1160,302,2,241,9,1297,0,90
1161,302,2,242,6,1303,0,60
1162,302,2,243,6,1309,0,60
1163,302,2,244,9,1318,28,90
1164,302,2,245,6,1324,0,60
1165,302,2,246,7,1331,0,70
1166,302,2,247,3,1334,0,30
1167,302,2,248,8,1342,0,80
1168,302,2,249,3,1345,0,30
1169,302,2,250,7,1352,13,70
1170,302,2,251,3,1355,0,30
1171,302,2,252,4,1359,0,40
1172,302,2,253,5,1364,0,50
1173,302,2,254,9,1373,0,90
1174,302,2,255,5,1378,0,50
1175,302,2,256,9,1387,0,90
1176,302,2,257,3,1390,0,30
1177,302,2,258,9,1399,18,90
1178,302,2,259,3,1402,0,30
1179,302,2,260,6,1408,0,60
1180,302,2,261,5,1413,6,50
1181,302,2,262,2,1415,0,20
1182,302,2,263,8,1423,0,80
1183,302,2,264,5,1428,7,50
1184,302,2,265,9,1437,0,90
1185,302,2,266,3,1440,6,30
1186,302,2,267,9,1449,0,90
1187,302,2,268,9,1458,0,90
1188,302,2,269,9,1467,0,90
1189,302,2,270,6,1473,0,60
1190,302,2,271,5,1478,20,50
1191,302,2,272,2,1480,0,20
1192,302,2,273,5,1485,0,50
1193,302,2,274,3,1488,0,30
1194,302,2,275,7,1495,0,70
1195,302,2,276,6,1501,0,60
1196,302,2,277,4,1505,0,40
1197,302,2,278,7,1512,0,70
1198,302,2,279,4,1516,0,40
1199,302,2,280,4,1520,0,40
1200,302,2,281,4,1524,0,40
1201,302,2,282,6,1530,0,60
1202,302,2,283,9,1539,40,90
1203,302,2,284,7,1546,0,70
1204,302,2,285,6,1552,0,60
1205,302,2,286,3,1555,0,30
1206,302,2,287,4,1559,0,40
1207,302,2,288,2,1561,0,20
1208,302,2,289,5,1566,0,50
1209,302,2,290,5,1571,0,50
1210,302,2,291,2,1573,0,20
1211,302,2,292,9,1582,0,90
1212,302,2,293,8,1590,0,80
1213,302,2,294,7,1597,0,70
1214,302,2,295,7,1604,0,70
1215,302,2,296,2,1606,39,20
1216,302,2,297,4,1610,2,40
1217,302,2,298,7,1617,0,70
1218,302,2,299,4,1621,0,40
1219,302,2,300,9,1630,0,90
1220,302,2,301,5,1635,0,50
1221,302,2,302,5,1640,0,50
1222,302,2,303,7,1647,0,70
1223,302,2,304,4,1651,0,40
1224,302,2,305,2,1653,0,20
1225,302,2,306,9,1662,0,90
1226,302,2,307,3,1665,0,30
1227,302,2,308,5,1670,0,50
1228,302,2,309,9,1679,46,90
1229,302,2,310,3,1682,0,30
1230,302,2,311,7,1689,0,70
1231,302,2,312,8,1697,0,80
1232,302,2,313,4,1701,0,40
1233,302,2,314,5,1706,0,50
1234,302,2,315,4,1710,0,40
1235,302,2,316,4,1714,0,40
1236,302,2,317,6,1720,0,60
1237,302,2,318,5,1725,0,50
1238,302,2,319,8,1733,0,80
1239,302,2,320,8,1741,0,80
1240,302,2,321,2,1743,0,20
1241,302,2,322,4,1747,0,40
1242,302,2,323,2,1749,0,20
1243,302,2,324,2,1751,0,20
1244,302,2,325,3,1754,0,30
1245,302,2,326,3,1757,0,30
1246,302,2,327,7,1764,0,70
1247,302,2,328,9,1773,0,90
1248,302,2,329,6,1779,0,60
1249,302,2,330,9,1788,0,90
1250,302,2,331,4,1792,0,40
1251,302,2,332,8,1800,0,80
1252,302,2,333,6,1806,0,60
1253,302,2,334,4,1810,0,40
1254,302,2,335,4,1814,72,40
1255,302,2,336,8,1822,0,80
1256,302,2,337,5,1827,0,50
1257,302,2,338,8,1835,6,80
1258,302,2,339,7,1842,0,70
1259,302,2,340,6,1848,0,60
1260,302,2,341,7,1855,0,70
1261,302,2,342,3,1858,0,30
1262,302,2,343,6,1864,0,60
1263,302,2,344,6,1870,0,60
1264,302,2,345,6,1876,0,60
1265,302,2,346,4,1880,18,40
1266,302,2,347,2,1882,0,20
1267,302,2,348,4,1886,0,40
1268,302,2,349,9,1895,0,90
1269,302,2,350,7,1902,0,70
1270,302,2,351,4,1906,0,40
1271,302,2,352,8,1914,0,80
1272,302,2,353,3,1917,0,30
1273,302,2,354,2,1919,11,20
1274,302,2,355,4,1923,0,40
1275,302,2,356,5,1928,0,50
1276,302,2,357,4,1932,0,40
1277,302,2,358,2,1934,0,20
1278,302,2,359,5,1939,0,50
1279,302,2,360,2,1941,0,20
1280,302,2,361,6,1947,0,60
1281,302,2,362,8,1955,0,80
1282,302,2,363,7,1962,26,70
1283,302,2,364,2,1964,0,20
1284,302,2,365,2,1966,0,20
1285,302,2,366,8,1974,0,80
1286,302,2,367,9,1983,0,90
1287,302,2,368,6,1989,0,60
1288,302,2,369,7,1996,0,70
1289,302,2,370,3,1999,0,30
1290,302,2,371,2,2001,0,20
1291,302,2,372,7,2008,21,70
1292,302,2,373,9,2017,0,90
1293,302,2,374,9,2026,0,90
1294,302,2,375,6,2032,0,60
1295,302,2,376,6,2038,0,60
1296,302,2,377,8,2046,0,80
1297,302,2,378,6,2052,0,60
1298,302,2,379,7,2059,24,70
1299,302,2,380,8,2067,2,80
1300,302,2,381,8,2075,0,80
1301,302,2,382,3,2078,0,30
1302,302,2,383,5,2083,0,50
1303,302,2,384,2,2085,0,20
1304,302,2,385,3,2088,0,30
1305,302,2,386,5,2093,0,50
1306,302,2,387,6,2099,0,60
1307,302,2,388,5,2104,0,50
1308,302,2,389,2,2106,0,20
1309,302,2,390,7,2113,0,70
1310,302,2,391,6,2119,29,60
1311,302,2,392,9,2128,0,90
1312,302,2,393,8,2136,0,80
1313,302,2,394,4,2140,12,40
1314,302,2,395,2,2142,0,20
1315,302,2,396,2,2144,0,20
1316,302,2,397,2,2146,0,20
1317,302,2,398,9,2155,0,90
1318,302,2,399,6,2161,0,60
1319,302,2,400,4,2165,0,40
1320,302,2,401,5,2170,13,50
1321,302,2,402,3,2173,0,30
1322,302,2,403,4,2177,0,40
1323,302,2,404,2,2179,0,20
1324,302,2,405,4,2183,0,40
1325,302,2,406,5,2188,0,50
1326,302,2,407,7,2195,0,70
1327,302,2,408,4,2199,13,40
1328,302,2,409,6,2205,0,60
1329,302,2,410,7,2212,0,70
1330,302,2,411,2,2214,0,20
1331,302,2,412,8,2222,15,80
1332,302,2,413,3,2225,0,30
1333,302,2,414,5,2230,4,50
1334,302,2,415,6,2236,0,60
1335,302,2,416,8,2244,0,80
1336,302,2,417,3,2247,0,30
1337,302,2,418,5,2252,0,50
1338,302,2,419,6,2258,0,60
1339,302,2,420,6,2264,0,60
1340,302,2,421,7,2271,0,70
1341,302,2,422,4,2275,0,40
1342,302,2,423,5,2280,0,50
1343,302,2,424,4,2284,0,40
1344,302,2,425,5,2289,0,50
1345,302,2,426,5,2294,27,50
1346,302,2,427,7,2301,0,70
1347,302,2,428,2,2303,2,20
1348,302,2,429,4,2307,0,40
1349,302,2,430,8,2315,1,80
1350,302,2,431,7,2322,4,70
1351,302,2,432,5,2327,0,50
1352,302,2,433,4,2331,0,40
1353,302,2,434,7,2338,0,70
1354,302,2,435,3,2341,0,30
1355,302,2,436,9,2350,9,90
1356,302,2,437,7,2357,0,70
1357,302,2,438,5,2362,0,50
1358,302,2,439,6,2368,0,60
1359,302,2,440,4,2372,0,40
1360,302,2,441,2,2374,0,20
1361,302,2,442,6,2380,0,60
1362,302,2,443,7,2387,0,70
1363,302,2,444,3,2390,23,30
1364,302,2,445,9,2399,0,90
1365,302,2,446,3,2402,0,30
1366,302,2,447,4,2406,7,40
1367,302,2,448,8,2414,0,80
1368,302,2,449,5,2419,0,50
1369,302,2,450,7,2426,0,70
1370,302,2,451,2,2428,0,20
1371,302,2,452,9,2437,0,90
1372,302,2,453,8,2445,0,80
1373,302,2,454,8,2453,0,80
1374,302,2,455,2,2455,0,20
1375,302,2,456,5,2460,0,50
1376,302,2,457,4,2464,0,40
1377,302,2,458,8,2472,0,80
1378,302,2,459,5,2477,0,50
1379,302,2,460,5,2482,0,50
1380,302,2,461,8,2490,0,80
1381,302,2,462,3,2493,0,30
1382,302,2,463,4,2497,0,40
1383,302,2,464,4,2501,38,40
1384,302,2,465,6,2507,5,60
1385,302,2,466,2,2509,0,20
1386,302,2,467,4,2513,0,40
1387,302,2,468,3,2516,3,30
1388,302,2,469,2,2518,0,20
1389,302,2,470,7,2525,0,70
1390,302,2,471,8,2533,0,80
1391,302,2,472,9,2542,0,90
1392,302,2,473,3,2545,0,30
1393,302,2,474,3,2548,14,30
1394,302,2,475,6,2554,0,60
1395,302,2,476,9,2563,14,90
1396,302,2,477,3,2566,2,30
1397,302,2,478,8,2574,0,80
1398,302,2,479,8,2582,0,80
1399,302,2,480,4,2586,0,40
1400,302,2,481,9,2595,0,90
1401,302,2,482,6,2601,0,60
1402,302,2,483,9,2610,0,90
1403,302,2,484,2,2612,0,20
1404,302,2,485,3,2615,0,30
1405,302,2,486,7,2622,0,70
1406,302,2,487,7,2629,0,70
1407,302,2,488,7,2636,0,70
1408,302,2,489,3,2639,0,30
1409,302,2,490,3,2642,0,30
1410,302,2,491,7,2649,0,70
1411,302,2,492,4,2653,0,40
1412,302,2,493,5,2658,0,50
1413,302,2,494,4,2662,0,40
1414,302,2,495,5,2667,0,50
1415,302,2,496,2,2669,0,20
1416,302,2,497,2,2671,0,20
1417,302,2,498,4,2675,0,40
1418,302,2,499,3,2678,0,30
1419,302,2,500,5,2683,0,50
1420,302,2,501,8,2691,0,80
1421,302,2,502,4,2695,0,40
1422,302,2,503,7,2702,0,70
1423,302,2,504,7,2709,71,70
1424,302,2,505,8,2717,3,80
1425,302,2,506,5,2722,0,50
1426,302,2,507,6,2728,0,60
1427,302,2,508,7,2735,0,70
1428,302,2,509,4,2739,9,40
1429,302,2,510,4,2743,0,40
1430,302,2,511,7,2750,0,70
1431,302,2,512,9,2759,0,90
1432,302,2,513,8,2767,0,80
1433,302,2,514,2,2769,0,20
1434,302,2,515,7,2776,0,70
1435,302,2,516,4,2780,0,40
1436,302,2,517,6,2786,19,60
1437,302,2,518,3,2789,0,30
1438,302,2,519,3,2792,0,30
1439,302,2,520,4,2796,0,40
1440,302,2,521,4,2800,0,40
1441,302,2,522,8,2808,0,80
1442,302,2,523,4,2812,0,40
1443,302,2,524,5,2817,10,50
1444,302,2,525,4,2821,0,40
1445,302,2,526,5,2826,0,50
1446,302,2,527,8,2834,0,80
1447,302,2,528,6,2840,0,60
1448,302,2,529,9,2849,14,90
1449,302,2,530,8,2857,0,80
1450,302,2,531,5,2862,0,50
1451,302,2,532,7,2869,0,70
1452,302,2,533,2,2871,0,20
1453,302,2,534,5,2876,19,50
1454,302,2,535,3,2879,0,30
1455,302,2,536,5,2884,0,50
1456,302,2,537,6,2890,0,60
1457,302,2,538,4,2894,0,40
1458,302,2,539,7,2901,0,70
1459,302,2,540,8,2909,0,80
1460,302,2,541,3,2912,0,30
1461,302,2,542,4,2916,0,40
1462,302,2,543,9,2925,0,90
1463,302,2,544,2,2927,0,20
1464,302,2,545,3,2930,0,30
1465,302,2,546,5,2935,0,50
1466,302,2,547,6,2941,0,60
1467,302,2,548,6,2947,0,60
1468,302,2,549,6,2953,0,60
1469,302,2,550,4,2957,0,40
1470,302,2,551,5,2962,0,50
1471,302,2,552,2,2964,36,20
1472,302,2,553,4,2968,0,40
1473,302,2,554,2,2970,1,20
1474,302,2,555,7,2977,0,70
1475,302,2,556,6,2983,0,60
1476,302,2,557,9,2992,0,90
1477,302,2,558,7,2999,16,70
1478,302,2,559,8,3007,0,80
1479,302,2,560,9,3016,0,90
1480,302,2,561,8,3024,0,80
1481,302,2,562,5,3029,14,50
1482,302,2,563,3,3032,0,30
1483,302,2,564,3,3035,0,30
1484,302,2,565,8,3043,7,80
1485,302,2,566,7,3050,0,70
1486,302,2,567,5,3055,0,50
1487,302,2,568,5,3060,0,50
1488,302,2,569,6,3066,0,60
1489,302,2,570,2,3068,0,20
1490,302,2,571,9,3077,0,90
1491,302,2,572,5,3082,20,50
1492,302,2,573,2,3084,0,20
1493,302,2,574,5,3089,0,50
1494,302,2,575,6,3095,0,60
1495,302,2,576,6,3101,5,60
1496,302,2,577,5,3106,0,50
1497,302,2,578,6,3112,0,60
1498,302,2,579,4,3116,0,40
1499,302,2,580,6,3122,0,60
1500,302,2,581,8,3130,0,80
1501,302,2,582,9,3139,0,90
1502,302,2,583,5,3144,0,50
1503,302,2,584,9,3153,27,90
1504,302,2,585,7,3160,3,70
1505,302,2,586,7,3167,0,70
1506,302,2,587,7,3174,6,70
1507,302,2,588,2,3176,0,20
1508,302,2,589,9,3185,0,90
1509,302,2,590,6,3191,0,60
1510,302,2,591,2,3193,0,20
1511,302,2,592,8,3201,7,80
1512,302,2,593,7,3208,0,70
1513,302,2,594,6,3214,0,60
1514,302,2,595,5,3219,0,50
1515,302,2,596,3,3222,0,30
1516,302,2,597,8,3230,0,80
1517,302,2,598,9,3239,0,90
1518,302,2,599,7,3246,0,70
1519,302,2,600,2,3248,0,20
1520,302,2,601,8,3256,34,80
1521,302,2,602,6,3262,0,60
1522,302,2,603,5,3267,6,50
1523,302,2,604,8,3275,0,80
1524,302,2,605,4,3279,0,40
1525,302,2,606,3,3282,0,30
1526,302,2,607,5,3287,0,50
1527,302,2,608,6,3293,0,60
1528,302,2,609,6,3299,0,60
1529,302,2,610,2,3301,0,20
1530,302,2,611,8,3309,17,80
1531,302,2,612,2,3311,0,20
1532,302,2,613,7,3318,0,70
1533,302,2,614,6,3324,0,60
1534,302,2,615,7,3331,0,70
1535,302,2,616,7,3338,0,70
1536,302,2,617,3,3341,0,30
1537,302,2,618,8,3349,15,80
1538,302,2,619,2,3351,2,20
1539,302,2,620,6,3357,0,60
1540,302,2,621,2,3359,0,20
1541,302,2,622,2,3361,0,20
1542,302,2,623,6,3367,0,60
1543,302,2,624,3,3370,8,30
1544,302,2,625,5,3375,0,50
1545,302,2,626,8,3383,0,80
1546,302,2,627,4,3387,0,40
1547,302,2,628,8,3395,0,80
1548,302,2,629,6,3401,0,60
1549,302,2,630,4,3405,0,40
1550,302,2,631,5,3410,0,50
1551,302,2,632,4,3414,18,40
1552,302,2,633,5,3419,0,50
1553,302,2,634,5,3424,0,50
1554,302,2,635,8,3432,8,80
1555,302,2,636,3,3435,0,30
1556,302,2,637,5,3440,0,50
1557,302,2,638,7,3447,0,70
1558,302,2,639,7,3454,11,70
1559,302,2,640,5,3459,0,50
1560,302,2,641,8,3467,0,80
1561,302,2,642,2,3469,0,20
1562,302,2,643,9,3478,11,90
1563,302,2,644,2,3480,0,20
1564,302,2,645,2,3482,0,20
1565,302,2,646,3,3485,0,30
1566,302,2,647,9,3494,0,90
1567,302,2,648,5,3499,0,50
1568,302,2,649,8,3507,0,80
1569,302,2,650,8,3515,0,80
1570,302,2,651,8,3523,0,80
1571,302,2,652,7,3530,0,70
1572,302,2,653,4,3534,0,40
1573,302,2,654,4,3538,0,40
1574,302,2,655,2,3540,0,20
1575,302,2,656,5,3545,0,50
1576,302,2,657,2,3547,0,20
1577,302,2,658,5,3552,0,50
1578,302,2,659,7,3559,0,70
1579,302,2,660,3,3562,0,30
1580,302,2,661,3,3565,0,30
1581,302,2,662,4,3569,0,40
1582,302,2,663,4,3573,0,40
1583,302,2,664,3,3576,47,30
1584,302,2,665,7,3583,0,70
1585,302,2,666,4,3587,0,40
1586,302,2,667,6,3593,0,60
1587,302,2,668,8,3601,0,80
1588,302,2,669,4,3605,0,40
1589,302,2,670,3,3608,19,30
1590,302,2,671,7,3615,0,70
1591,302,2,672,6,3621,0,60
1592,302,2,673,4,3625,0,40
1593,302,2,674,7,3632,0,70
1594,302,2,675,2,3634,0,20
1595,302,2,676,8,3642,0,80
1596,302,2,677,6,3648,17,60
1597,302,2,678,9,3657,0,90
1598,302,2,679,3,3660,4,30
1599,302,2,680,3,3663,0,30
1600,302,2,681,9,3672,3,90
1601,302,2,682,5,3677,1,50
1602,302,2,683,6,3683,0,60
1603,302,2,684,5,3688,10,50
1604,302,2,685,4,3692,0,40
1605,302,2,686,5,3697,0,50
1606,302,2,687,3,3700,0,30
1607,302,2,688,3,3703,0,30
1608,302,2,689,5,3708,8,50
1609,302,2,690,5,3713,0,50
1610,302,2,691,4,3717,0,40
1611,302,2,692,5,3722,0,50
1612,302,2,693,9,3731,0,90
1613,302,2,694,8,3739,0,80
1614,302,2,695,7,3746,0,70
1615,302,2,696,8,3754,0,80
1616,302,2,697,7,3761,36,70
1617,302,2,698,7,3768,0,70
1618,302,2,699,3,3771,0,30
1619,302,2,700,3,3774,0,30
1620,302,2,701,4,3778,0,40
1621,302,2,702,2,3780,0,20
1622,302,2,703,9,3789,0,90
1623,302,2,704,7,3796,16,70
1624,302,2,705,7,3803,2,70
1625,302,2,706,9,3812,0,90
1626,302,2,707,6,3818,0,60
1627,302,2,708,5,3823,0,50
1628,302,2,709,9,3832,0,90
1629,302,2,710,6,3838,0,60
1630,302,2,711,9,3847,0,90
1631,302,2,712,8,3855,29,80
1632,302,2,713,4,3859,0,40
1633,302,2,714,6,3865,0,60
1634,302,2,715,9,3874,0,90
1635,302,2,716,4,3878,0,40
1636,302,2,717,7,3885,13,70
1637,302,2,718,4,3889,0,40
1638,302,2,719,5,3894,0,50
1639,302,2,720,8,3902,0,80
1640,302,2,721,4,3906,0,40
1641,302,2,722,7,3913,0,70
1642,302,2,723,8,3921,0,80
1643,302,2,724,3,3924,0,30
1644,302,2,725,3,3927,0,30
1645,302,2,726,6,3933,0,60
1646,302,2,727,8,3941,0,80
1647,302,2,728,6,3947,0,60
1648,302,2,729,9,3956,0,90
1649,302,2,730,3,3959,35,30
1650,302,2,731,8,3967,0,80
1651,302,2,732,2,3969,0,20
1652,302,2,733,8,3977,0,80
1653,302,2,734,7,3984,0,70
1654,302,2,735,2,3986,0,20
1655,302,2,736,7,3993,0,70
1656,302,2,737,4,3997,17,40
1657,302,2,738,9,4006,0,90
1658,302,2,739,8,4014,0,80
1659,302,2,740,8,4022,0,80
1660,302,2,741,5,4027,0,50
1661,302,2,742,6,4033,15,60
1662,302,2,743,8,4041,0,80
1663,302,2,744,5,4046,0,50
1664,302,2,745,9,4055,0,90
1665,302,2,746,3,4058,0,30
1666,302,2,747,4,4062,0,40
1667,302,2,748,5,4067,0,50
1668,302,2,749,9,4076,0,90
1669,302,2,750,9,4085,0,90
1670,302,2,751,8,4093,0,80
1671,302,2,752,7,4100,0,70
1672,302,2,753,6,4106,0,60
1673,302,2,754,2,4108,0,20
1674,302,2,755,6,4114,0,60
1675,302,2,756,3,4117,0,30
1676,302,2,757,4,4121,42,40
1677,302,2,758,4,4125,2,40
1678,302,2,759,7,4132,0,70
1679,302,2,760,8,4140,0,80
1680,302,2,761,6,4146,0,60
1681,302,2,762,2,4148,0,20
1682,302,2,763,7,4155,0,70
1683,302,2,764,5,4160,0,50
1684,302,2,765,9,4169,20,90
1685,302,2,766,7,4176,0,70
1686,302,2,767,3,4179,0,30
1687,302,2,768,6,4185,0,60
1688,302,2,769,3,4188,0,30
1689,302,2,770,3,4191,20,30
1690,302,2,771,6,4197,0,60
1691,302,2,772,5,4202,0,50
1692,302,2,773,5,4207,5,50
1693,302,2,774,5,4212,0,50
1694,302,2,775,3,4215,0,30
1695,302,2,776,5,4220,0,50
1696,302,2,777,2,4222,5,20
1697,302,2,778,7,4229,0,70
1698,302,2,779,3,4232,0,30
1699,302,2,780,3,4235,7,30
1700,302,2,781,2,4237,1,20
1701,302,2,782,9,4246,0,90
1702,302,2,783,8,4254,0,80
1703,302,2,784,3,4257,0,30
1704,302,2,785,2,4259,0,20
1705,302,2,786,9,4268,0,90
1706,302,2,787,9,4277,0,90
1707,302,2,788,6,4283,0,60
1708,302,2,789,2,4285,0,20
1709,302,2,790,8,4293,0,80
1710,302,2,791,7,4300,0,70
1711,302,2,792,4,4304,0,40
1712,302,2,793,3,4307,47,30
1713,302,2,794,8,4315,0,80
1714,302,2,795,3,4318,0,30
1715,302,2,796,7,4325,0,70
1716,302,2,797,9,4334,21,90
1717,302,2,798,8,4342,0,80
1718,302,2,799,3,4345,2,30
1719,302,2,800,8,4353,3,80
1720,302,2,801,4,4357,3,40
1721,302,2,802,4,4361,0,40
1722,302,2,803,7,4368,0,70
1723,302,2,804,9,4377,0,90
1724,302,2,805,7,4384,10,70
1725,302,2,806,6,4390,0,60
1726,302,2,807,7,4397,0,70
1727,302,2,808,7,4404,0,70
1728,302,2,809,7,4411,14,70
1729,302,2,810,6,4417,0,60
1730,302,2,811,6,4423,5,60
1731,302,2,812,7,4430,0,70
1732,302,2,813,2,4432,0,20
1733,302,2,814,3,4435,5,30
1734,302,2,815,6,4441,0,60
1735,302,2,816,2,4443,0,20
1736,302,2,817,6,4449,0,60
1737,302,2,818,3,4452,0,30
1738,302,2,819,3,4455,0,30
1739,302,2,820,5,4460,14,50
1740,302,2,821,3,4463,1,30
1741,302,2,822,3,4466,0,30
1742,302,2,823,4,4470,0,40
1743,302,2,824,4,4474,0,40
1744,302,2,825,6,4480,0,60
1745,302,2,826,5,4485,11,50
1746,302,2,827,2,4487,0,20
1747,302,2,828,5,4492,0,50
1748,302,2,829,5,4497,0,50
1749,302,2,830,9,4506,5,90
1750,302,2,831,2,4508,0,20
1751,302,2,832,9,4517,0,90
1752,302,2,833,2,4519,0,20
1753,302,2,834,5,4524,0,50
1754,302,2,835,4,4528,0,40
1755,302,2,836,8,4536,0,80
1756,302,2,837,3,4539,0,30
1757,302,2,838,5,4544,16,50
1758,302,2,839,2,4546,0,20
1759,302,2,840,9,4555,0,90
1760,302,2,841,4,4559,0,40
1761,302,2,842,2,4561,0,20
1762,302,2,843,6,4567,0,60
1763,302,2,844,4,4571,0,40
1764,302,2,845,4,4575,0,40
1765,302,2,846,6,4581,13,60
1766,302,2,847,2,4583,0,20
1767,302,2,848,3,4586,0,30
1768,302,2,849,2,4588,0,20
1769,302,2,850,6,4594,0,60
1770,302,2,851,4,4598,8,40
1771,302,2,852,2,4600,0,20
1772,302,2,853,9,4609,0,90
1773,302,2,854,6,4615,0,60
1774,302,2,855,8,4623,0,80
1775,302,2,856,2,4625,0,20
1776,302,2,857,3,4628,0,30
1777,302,2,858,8,4636,14,80
1778,302,2,859,2,4638,0,20
1779,302,2,860,7,4645,0,70
1780,302,2,861,3,4648,0,30
1781,302,2,862,9,4657,0,90
1782,302,2,863,3,4660,0,30
1783,302,2,864,7,4667,0,70
1784,302,2,865,4,4671,0,40
1785,302,2,866,9,4680,0,90
1786,302,2,867,9,4689,28,90
1787,302,2,868,3,4692,0,30
1788,302,2,869,8,4700,0,80
1789,302,2,870,6,4706,0,60
1790,302,2,871,6,4712,0,60
1791,302,2,872,6,4718,0,60
1792,302,2,873,4,4722,19,40
1793,302,2,874,4,4726,0,40
1794,302,2,875,6,4732,0,60
1795,302,2,876,9,4741,0,90
1796,302,2,877,2,4743,0,20
1797,302,2,878,2,4745,9,20
1798,302,2,879,4,4749,0,40
1799,302,2,880,6,4755,0,60
1800,302,2,881,4,4759,0,40
1801,302,2,882,9,4768,0,90
1802,302,2,883,3,4771,0,30
1803,302,2,884,2,4773,14,20
1804,302,2,885,6,4779,2,60
1805,302,2,886,4,4783,0,40
1806,302,2,887,5,4788,0,50
1807,302,2,888,6,4794,0,60
1808,302,2,889,6,4800,0,60
1809,302,2,890,3,4803,0,30
1810,302,2,891,8,4811,0,80
1811,302,2,892,9,4820,0,90
1812,302,2,893,7,4827,21,70
1813,302,2,894,2,4829,0,20
1814,302,2,895,7,4836,0,70
1815,302,2,896,7,4843,0,70
1816,302,2,897,8,4851,0,80
1817,302,2,898,5,4856,0,50
1818,302,2,899,2,4858,0,20
1819,302,2,900,6,4864,0,60
1820,302,2,901,6,4870,0,60
1821,302,2,902,4,4874,0,40
1822,302,2,903,2,4876,0,20
1823,302,2,904,4,4880,0,40
1824,302,2,905,3,4883,0,30
1825,302,2,906,6,4889,0,60
1826,302,2,907,7,4896,0,70
1827,302,2,908,6,4902,0,60
1828,302,2,909,5,4907,34,50
1829,302,2,910,3,4910,0,30
1830,302,2,911,8,4918,6,80
1831,302,2,912,2,4920,0,20
1832,302,2,913,2,4922,0,20
1833,302,2,914,5,4927,0,50
1834,302,2,915,9,4936,0,90
1835,302,2,916,5,4941,8,50
1836,302,2,917,7,4948,0,70
1837,302,2,918,2,4950,0,20
1838,302,2,919,2,4952,3,20
1839,302,2,920,2,4954,0,20
1840,302,2,921,5,4959,0,50
1841,302,2,922,7,4966,0,70
1842,302,2,923,5,4971,11,50
1843,302,2,924,8,4979,0,80
1844,302,2,925,3,4982,0,30
1845,302,2,926,7,4989,8,70
1846,302,2,927,5,4994,0,50
1847,302,2,928,5,4999,0,50
1848,302,3,1,4,4,3,40
1849,302,3,2,9,13,0,90
1850,302,3,3,5,18,0,50
1851,302,3,4,2,20,0,20
1852,302,3,5,6,26,9,60
1853,302,3,6,3,29,0,30
1854,302,3,7,3,32,0,30
1855,302,3,8,7,39,0,70
1856,302,3,9,5,44,13,50
1857,302,3,10,4,48,0,40
1858,302,3,11,2,50,0,20
1859,302,3,12,8,58,0,80
1860,302,3,13,8,66,0,80
1861,302,3,14,4,70,11,40
1862,302,3,15,5,75,0,50
1863,302,3,16,7,82,0,70
1864,302,3,17,2,84,12,20
1865,302,3,18,8,92,4,80
1866,302,3,19,2,94,0,20
1867,302,3,20,8,102,2,80
1868,302,3,21,9,111,0,90
1869,302,3,22,9,120,0,90
1870,302,3,23,9,129,14,90
1871,302,3,24,9,138,0,90
1872,302,3,25,2,140,0,20
1873,302,3,26,7,147,8,70
1874,302,3,27,4,151,0,40
1875,302,3,28,4,155,0,40
1876,302,3,29,5,160,0,50
1877,302,3,30,4,164,0,40
1878,302,3,31,4,168,0,40
1879,302,3,32,7,175,0,70
1880,302,3,33,4,179,0,40
1881,302,3,34,9,188,0,90
1882,302,3,35,8,196,0,80
1883,302,3,36,8,204,29,80
1884,302,3,37,2,206,0,20
1885,302,3,38,6,212,0,60
1886,302,3,39,5,217,0,50
1887,302,3,40,9,226,0,90
1888,302,3,41,3,229,0,30
1889,302,3,42,8,237,0,80
1890,302,3,43,6,243,0,60
1891,302,3,44,9,252,0,90
1892,302,3,45,9,261,0,90
1893,302,3,46,9,270,0,90
1894,302,3,47,6,276,13,60
1895,302,3,48,9,285,0,90
1896,302,3,49,7,292,0,70
1897,302,3,50,3,295,7,30
1898,302,3,51,8,303,0,80
1899,302,3,52,2,305,0,20
1900,302,3,53,3,308,0,30
1901,302,3,54,7,315,0,70
1902,302,3,55,8,323,0,80
1903,302,3,56,3,326,0,30
1904,302,3,57,8,334,0,80
1905,302,3,58,5,339,0,50
1906,302,3,59,6,345,0,60
1907,302,3,60,6,351,20,60
1908,302,3,61,3,354,0,30
1909,302,3,62,4,358,0,40
1910,302,3,63,4,362,0,40
1911,302,3,64,3,365,4,30
1912,302,3,65,8,373,0,80
1913,302,3,66,6,379,0,60
1914,302,3,67,7,386,0,70
1915,302,3,68,6,392,0,60
1916,302,3,69,3,395,0,30
1917,302,3,70,3,398,0,30
1918,302,3,71,3,401,0,30
1919,302,3,72,5,406,0,50
1920,302,3,73,9,415,0,90
1921,302,3,74,3,418,0,30
1922,302,3,75,2,420,0,20
1923,302,3,76,4,424,0,40
1924,302,3,77,5,429,0,50
1925,302,3,78,5,434,0,50
1926,302,3,79,8,442,0,80
1927,302,3,80,8,450,47,80
1928,302,3,81,9,459,0,90
1929,302,3,82,2,461,6,20
1930,302,3,83,8,469,0,80
1931,302,3,84,3,472,0,30
1932,302,3,85,2,474,3,20
1933,302,3,86,4,478,0,40
1934,302,3,87,4,482,1,40
1935,302,3,88,5,487,0,50
1936,302,3,89,6,493,0,60
1937,302,3,90,2,495,0,20
1938,302,3,91,8,503,0,80
1939,302,3,92,8,511,0,80
1940,302,3,93,4,515,0,40
1941,302,3,94,6,521,18,60
1942,302,3,95,4,525,0,40
1943,302,3,96,5,530,5,50
1944,302,3,97,4,534,0,40
1945,302,3,98,6,540,0,60
1946,302,3,99,2,542,0,20
1947,302,3,100,5,547,0,50
1948,302,3,101,7,554,0,70
1949,302,3,102,3,557,0,30
1950,302,3,103,3,560,15,30
1951,302,3,104,5,565,0,50
1952,302,3,105,5,570,0,50
1953,302,3,106,4,574,0,40
1954,302,3,107,2,576,9,20
1955,302,3,108,4,580,2,40
1956,302,3,109,7,587,0,70
1957,302,3,110,8,595,0,80
1958,302,3,111,5,600,0,50
1959,302,3,112,8,608,16,80
1960,302,3,113,3,611,0,30
1961,302,3,114,5,616,0,50
1962,302,3,115,8,624,0,80
1963,302,3,116,2,626,0,20
1964,302,3,117,3,629,0,30
1965,302,3,118,8,637,0,80
1966,302,3,119,3,640,0,30
1967,302,3,120,6,646,0,60
1968,302,3,121,6,652,0,60
1969,302,3,122,4,656,0,40
1970,302,3,123,6,662,0,60
1971,302,3,124,8,670,0,80
1972,302,3,125,7,677,28,70
1973,302,3,126,8,685,0,80
1974,302,3,127,3,688,0,30
1975,302,3,128,3,691,0,30
1976,302,3,129,8,699,0,80
1977,302,3,130,3,702,0,30
1978,302,3,131,4,706,12,40
1979,302,3,132,9,715,0,90
1980,302,3,133,3,718,7,30
1981,302,3,134,2,720,0,20
1982,302,3,135,9,729,0,90
1983,302,3,136,9,738,0,90
1984,302,3,137,8,746,12,80
1985,302,3,138,2,748,0,20
1986,302,3,139,4,752,0,40
1987,302,3,140,2,754,0,20
1988,302,3,141,6,760,0,60
1989,302,3,142,3,763,0,30
1990,302,3,143,2,765,0,20
1991,302,3,144,9,774,0,90
1992,302,3,145,6,780,0,60
1993,302,3,146,9,789,18,90
1994,302,3,147,6,795,0,60
1995,302,3,148,8,803,0,80
1996,302,3,149,6,809,0,60
1997,302,3,150,2,811,0,20
1998,302,3,151,6,817,0,60
1999,302,3,152,6,823,0,60
2000,302,3,153,7,830,23,70
2001,302,3,154,8,838,0,80
2002,302,3,155,3,841,0,30
2003,302,3,156,9,850,0,90
2004,302,3,157,2,852,0,20
2005,302,3,158,3,855,0,30
2006,302,3,159,7,862,15,70
2007,302,3,160,6,868,3,60
2008,302,3,161,6,874,0,60
2009,302,3,162,6,880,0,60
2010,302,3,163,7,887,0,70
2011,302,3,164,8,895,13,80
2012,302,3,165,6,901,0,60
2013,302,3,166,8,909,0,80
2014,302,3,167,9,918,6,90
2015,302,3,168,3,921,0,30
2016,302,3,169,6,927,0,60
2017,302,3,170,9,936,0,90
2018,302,3,171,7,943,17,70
2019,302,3,172,2,945,0,20
2020,302,3,173,2,947,0,20
2021,302,3,174,7,954,0,70
2022,302,3,175,2,956,0,20
2023,302,3,176,9,965,0,90
2024,302,3,177,6,971,18,60
2025,302,3,178,6,977,0,60
2026,302,3,179,5,982,0,50
2027,302,3,180,9,991,7,90
2028,302,3,181,2,993,0,20
2029,302,3,182,4,997,5,40
2030,302,3,183,6,1003,0,60
2031,302,3,184,4,1007,0,40
2032,302,3,185,3,1010,7,30
2033,302,3,186,8,1018,7,80
2034,302,3,187,4,1022,0,40
2035,302,3,188,9,1031,0,90
2036,302,3,189,2,1033,0,20
2037,302,3,190,9,1042,0,90
2038,302,3,191,2,1044,0,20
2039,302,3,192,8,1052,0,80
2040,302,3,193,2,1054,0,20
2041,302,3,194,7,1061,0,70
2042,302,3,195,5,1066,0,50
2043,302,3,196,2,1068,21,20
2044,302,3,197,9,1077,0,90
2045,302,3,198,8,1085,0,80
2046,302,3,199,3,1088,0,30
2047,302,3,200,7,1095,10,70
2048,302,3,201,8,1103,0,80
2049,302,3,202,6,1109,0,60
2050,302,3,203,3,1112,5,30
2051,302,3,204,8,1120,0,80
2052,302,3,205,4,1124,5,40
2053,302,3,206,3,1127,0,30
2054,302,3,207,8,1135,0,80
2055,302,3,208,7,1142,0,70
2056,302,3,209,5,1147,0,50
2057,302,3,210,4,1151,0,40
2058,302,3,211,2,1153,0,20
2059,302,3,212,8,1161,17,80
2060,302,3,213,4,1165,0,40
2061,302,3,214,7,1172,0,70
2062,302,3,215,9,1181,0,90
2063,302,3,216,4,1185,0,40
2064,302,3,217,6,1191,0,60
2065,302,3,218,8,1199,0,80
2066,302,3,219,6,1205,0,60
2067,302,3,220,5,1210,0,50
2068,302,3,221,9,1219,0,90
2069,302,3,222,8,1227,36,80
2070,302,3,223,8,1235,0,80
2071,302,3,224,4,1239,0,40
2072,302,3,225,8,1247,13,80
2073,302,3,226,6,1253,0,60
2074,302,3,227,5,1258,0,50
2075,302,3,228,9,1267,0,90
2076,302,3,229,9,1276,17,90
2077,302,3,230,7,1283,0,70
2078,302,3,231,5,1288,0,50
2079,302,3,232,6,1294,0,60
2080,302,3,233,5,1299,0,50
2081,302,3,234,4,1303,16,40
2082,302,3,235,8,1311,0,80
2083,302,3,236,7,1318,0,70
2084,302,3,237,5,1323,18,50
2085,302,3,238,7,1330,0,70
2086,302,3,239,9,1339,0,90
2087,302,3,240,4,1343,0,40
2088,302,3,241,3,1346,0,30
2089,302,3,242,9,1355,0,90
2090,302,3,243,3,1358,23,30
2091,302,3,244,3,1361,0,30
2092,302,3,245,3,1364,0,30
2093,302,3,246,4,1368,0,40
2094,302,3,247,9,1377,0,90
2095,302,3,248,5,1382,0,50
2096,302,3,249,4,1386,0,40
2097,302,3,250,5,1391,0,50
2098,302,3,251,4,1395,14,40
2099,302,3,252,4,1399,0,40
2100,302,3,253,8,1407,0,80
2101,302,3,254,2,1409,0,20
2102,302,3,255,3,1412,0,30
2103,302,3,256,8,1420,0,80
2104,302,3,257,5,1425,0,50
2105,302,3,258,5,1430,15,50
2106,302,3,259,6,1436,0,60
2107,302,3,260,4,1440,0,40
2108,302,3,261,2,1442,0,20
2109,302,3,262,7,1449,0,70
2110,302,3,263,2,1451,0,20
2111,302,3,264,5,1456,0,50
2112,302,3,265,7,1463,21,70
2113,302,3,266,4,1467,0,40
2114,302,3,267,4,1471,0,40
2115,302,3,268,2,1473,0,20
2116,302,3,269,5,1478,7,50
2117,302,3,270,6,1484,0,60
2118,302,3,271,4,1488,0,40
2119,302,3,272,7,1495,0,70
2120,302,3,273,6,1501,0,60
2121,302,3,274,7,1508,21,70
2122,302,3,275,4,1512,0,40
2123,302,3,276,8,1520,0,80
2124,302,3,277,2,1522,0,20
2125,302,3,278,6,1528,0,60
2126,302,3,279,7,1535,0,70
2127,302,3,280,6,1541,0,60
2128,302,3,281,5,1546,0,50
2129,302,3,282,7,1553,0,70
2130,302,3,283,9,1562,0,90
2131,302,3,284,9,1571,34,90
2132,302,3,285,3,1574,0,30
2133,302,3,286,9,1583,0,90
2134,302,3,287,2,1585,8,20
2135,302,3,288,4,1589,2,40
2136,302,3,289,7,1596,0,70
2137,302,3,290,8,1604,0,80
2138,302,3,291,5,1609,0,50
2139,302,3,292,5,1614,0,50
2140,302,3,293,5,1619,0,50
2141,302,3,294,7,1626,0,70
2142,302,3,295,2,1628,0,20
2143,302,3,296,6,1634,0,60
2144,302,3,297,7,1641,0,70
2145,302,3,298,4,1645,0,40
2146,302,3,299,8,1653,0,80
2147,302,3,300,9,1662,0,90
2148,302,3,301,8,1670,30,80
2149,302,3,302,5,1675,0,50
2150,302,3,303,5,1680,0,50
2151,302,3,304,4,1684,0,40
2152,302,3,305,4,1688,0,40
2153,302,3,306,9,1697,0,90
2154,302,3,307,9,1706,0,90
2155,302,3,308,7,1713,0,70
2156,302,3,309,9,1722,0,90
2157,302,3,310,6,1728,0,60
2158,302,3,311,5,1733,0,50
2159,302,3,312,8,1741,0,80
2160,302,3,313,9,1750,35,90
2161,302,3,314,6,1756,0,60
2162,302,3,315,8,1764,0,80
2163,302,3,316,6,1770,0,60
2164,302,3,317,2,1772,0,20
2165,302,3,318,3,1775,0,30
2166,302,3,319,9,1784,0,90
2167,302,3,320,3,1787,0,30
2168,302,3,321,8,1795,0,80
2169,302,3,322,6,1801,0,60
2170,302,3,323,7,1808,0,70
2171,302,3,324,4,1812,0,40
2172,302,3,325,7,1819,33,70
2173,302,3,326,2,1821,0,20
2174,302,3,327,2,1823,0,20
2175,302,3,328,3,1826,0,30
2176,302,3,329,3,1829,0,30
2177,302,3,330,2,1831,9,20
2178,302,3,331,7,1838,0,70
2179,302,3,332,6,1844,8,60
2180,302,3,333,3,1847,0,30
2181,302,3,334,4,1851,5,40
2182,302,3,335,7,1858,0,70
2183,302,3,336,9,1867,0,90
2184,302,3,337,5,1872,0,50
2185,302,3,338,7,1879,0,70
2186,302,3,339,4,1883,17,40
2187,302,3,340,9,1892,0,90
2188,302,3,341,4,1896,0,40
2189,302,3,342,6,1902,0,60
2190,302,3,343,4,1906,0,40
2191,302,3,344,9,1915,0,90
2192,302,3,345,8,1923,0,80
2193,302,3,346,6,1929,0,60
2194,302,3,347,2,1931,0,20
2195,302,3,348,9,1940,0,90
2196,302,3,349,2,1942,0,20
2197,302,3,350,5,1947,0,50
2198,302,3,351,5,1952,0,50
2199,302,3,352,2,1954,0,20
2200,302,3,353,3,1957,0,30
2201,302,3,354,5,1962,0,50
2202,302,3,355,4,1966,0,40
2203,302,3,356,5,1971,0,50
2204,302,3,357,3,1974,0,30
2205,302,3,358,4,1978,54,40
2206,302,3,359,5,1983,0,50
2207,302,3,360,2,1985,0,20
2208,302,3,361,8,1993,10,80
2209,302,3,362,4,1997,0,40
2210,302,3,363,7,2004,0,70
2211,302,3,364,8,2012,14,80
2212,302,3,365,2,2014,0,20
2213,302,3,366,9,2023,0,90
2214,302,3,367,7,2030,0,70
2215,302,3,368,4,2034,0,40
2216,302,3,369,7,2041,7,70
2217,302,3,370,6,2047,0,60
2218,302,3,371,2,2049,0,20
2219,302,3,372,2,2051,0,20
2220,302,3,373,9,2060,7,90
2221,302,3,374,5,2065,0,50
2222,302,3,375,9,2074,0,90
2223,302,3,376,3,2077,0,30
2224,302,3,377,4,2081,0,40
2225,302,3,378,5,2086,0,50
2226,302,3,379,9,2095,0,90
2227,302,3,380,9,2104,0,90
2228,302,3,381,3,2107,0,30
2229,302,3,382,4,2111,26,40
2230,302,3,383,7,2118,0,70
2231,302,3,384,8,2126,0,80
2232,302,3,385,2,2128,11,20
2233,302,3,386,8,2136,1,80
2234,302,3,387,9,2145,3,90
2235,302,3,388,4,2149,0,40
2236,302,3,389,7,2156,0,70
2237,302,3,390,7,2163,0,70
2238,302,3,391,8,2171,0,80
2239,302,3,392,7,2178,20,70
2240,302,3,393,8,2186,3,80
2241,302,3,394,2,2188,0,20
2242,302,3,395,7,2195,0,70
2243,302,3,396,4,2199,0,40
2244,302,3,397,5,2204,0,50
2245,302,3,398,4,2208,5,40
2246,302,3,399,6,2214,1,60
2247,302,3,400,2,2216,0,20
2248,302,3,401,5,2221,0,50
2249,302,3,402,8,2229,0,80
2250,302,3,403,2,2231,0,20
2251,302,3,404,2,2233,0,20
2252,302,3,405,5,2238,0,50
2253,302,3,406,2,2240,0,20
2254,302,3,407,8,2248,0,80
2255,302,3,408,2,2250,0,20
2256,302,3,409,8,2258,0,80
2257,302,3,410,9,2267,0,90
2258,302,3,411,2,2269,0,20
2259,302,3,412,5,2274,0,50
2260,302,3,413,7,2281,0,70
2261,302,3,414,9,2290,0,90
2262,302,3,415,9,2299,0,90
2263,302,3,416,4,2303,41,40
2264,302,3,417,7,2310,0,70
2265,302,3,418,6,2316,0,60
2266,302,3,419,8,2324,12,80
2267,302,3,420,7,2331,0,70
2268,302,3,421,7,2338,0,70
2269,302,3,422,2,2340,4,20
2270,302,3,423,4,2344,0,40
2271,302,3,424,4,2348,0,40
2272,302,3,425,9,2357,0,90
2273,302,3,426,6,2363,0,60
2274,302,3,427,8,2371,0,80
2275,302,3,428,9,2380,0,90
2276,302,3,429,3,2383,0,30
2277,302,3,430,9,2392,0,90
2278,302,3,431,2,2394,0,20
2279,302,3,432,5,2399,0,50
2280,302,3,433,8,2407,0,80
2281,302,3,434,5,2412,0,50
2282,302,3,435,5,2417,0,50
2283,302,3,436,5,2422,0,50
2284,302,3,437,9,2431,51,90
2285,302,3,438,3,2434,0,30
2286,302,3,439,5,2439,0,50
2287,302,3,440,8,2447,0,80
2288,302,3,441,8,2455,8,80
2289,302,3,442,3,2458,3,30
2290,302,3,443,9,2467,0,90
2291,302,3,444,4,2471,0,40
2292,302,3,445,4,2475,11,40
2293,302,3,446,9,2484,0,90
2294,302,3,447,3,2487,0,30
2295,302,3,448,4,2491,0,40
2296,302,3,449,3,2494,0,30
2297,302,3,450,2,2496,0,20
2298,302,3,451,9,2505,0,90
2299,302,3,452,7,2512,0,70
2300,302,3,453,4,2516,0,40
2301,302,3,454,9,2525,0,90
2302,302,3,455,4,2529,28,40
2303,302,3,456,7,2536,0,70
2304,302,3,457,5,2541,0,50
2305,302,3,458,8,2549,9,80
2306,302,3,459,9,2558,0,90
2307,302,3,460,2,2560,0,20
2308,302,3,461,7,2567,0,70
2309,302,3,462,6,2573,0,60
2310,302,3,463,5,2578,0,50
2311,302,3,464,7,2585,0,70
2312,302,3,465,7,2592,0,70
2313,302,3,466,7,2599,0,70
2314,302,3,467,3,2602,0,30
2315,302,3,468,2,2604,0,20
2316,302,3,469,6,2610,0,60
2317,302,3,470,2,2612,0,20
2318,302,3,471,8,2620,0,80
2319,302,3,472,3,2623,0,30
2320,302,3,473,8,2631,47,80
2321,302,3,474,2,2633,0,20
2322,302,3,475,6,2639,3,60
2323,302,3,476,4,2643,0,40
2324,302,3,477,5,2648,0,50
2325,302,3,478,6,2654,4,60
2326,302,3,479,9,2663,0,90
2327,302,3,480,6,2669,6,60
2328,302,3,481,4,2673,0,40
2329,302,3,482,9,2682,0,90
2330,302,3,483,7,2689,0,70
2331,302,3,484,3,2692,0,30
2332,302,3,485,8,2700,0,80
2333,302,3,486,2,2702,15,20
2334,302,3,487,4,2706,0,40
2335,302,3,488,6,2712,0,60
2336,302,3,489,6,2718,0,60
2337,302,3,490,4,2722,0,40
2338,302,3,491,4,2726,0,40
2339,302,3,492,9,2735,0,90
2340,302,3,493,7,2742,0,70
2341,302,3,494,6,2748,0,60
2342,302,3,495,4,2752,0,40
2343,302,3,496,9,2761,0,90
2344,302,3,497,3,2764,0,30
2345,302,3,498,7,2771,33,70
2346,302,3,499,4,2775,0,40
2347,302,3,500,8,2783,0,80
2348,302,3,501,5,2788,12,50
2349,302,3,502,6,2794,0,60
2350,302,3,503,6,2800,0,60
2351,302,3,504,3,2803,6,30
2352,302,3,505,5,2808,0,50
2353,302,3,506,4,2812,0,40
2354,302,3,507,8,2820,0,80
2355,302,3,508,9,2829,0,90
2356,302,3,509,9,2838,0,90
2357,302,3,510,4,2842,21,40
2358,302,3,511,6,2848,0,60
2359,302,3,512,6,2854,0,60
2360,302,3,513,3,2857,0,30
2361,302,3,514,7,2864,0,70
2362,302,3,515,4,2868,17,40
2363,302,3,516,4,2872,0,40
2364,302,3,517,9,2881,0,90
2365,302,3,518,4,2885,0,40
2366,302,3,519,5,2890,0,50
2367,302,3,520,3,2893,12,30
2368,302,3,521,5,2898,0,50
2369,302,3,522,4,2902,0,40
2370,302,3,523,8,2910,8,80
2371,302,3,524,3,2913,0,30
2372,302,3,525,9,2922,6,90
2373,302,3,526,2,2924,0,20
2374,302,3,527,3,2927,3,30
2375,302,3,528,7,2934,0,70
2376,302,3,529,6,2940,0,60
2377,302,3,530,8,2948,0,80
2378,302,3,531,8,2956,0,80
2379,302,3,532,8,2964,0,80
2380,302,3,533,3,2967,0,30
2381,302,3,534,6,2973,16,60
2382,302,3,535,6,2979,0,60
2383,302,3,536,6,2985,0,60
2384,302,3,537,6,2991,0,60
2385,302,3,538,4,2995,0,40
2386,302,3,539,7,3002,0,70
2387,302,3,540,7,3009,0,70
2388,302,3,541,4,3013,0,40
2389,302,3,542,6,3019,0,60
2390,302,3,543,2,3021,0,20
2391,302,3,544,5,3026,0,50
2392,302,3,545,9,3035,0,90
2393,302,3,546,7,3042,0,70
2394,302,3,547,4,3046,0,40
2395,302,3,548,8,3054,40,80
2396,302,3,549,8,3062,0,80
2397,302,3,550,5,3067,0,50
2398,302,3,551,2,3069,0,20
2399,302,3,552,5,3074,0,50
2400,302,3,553,7,3081,14,70
2401,302,3,554,9,3090,0,90
2402,302,3,555,2,3092,0,20
2403,302,3,556,6,3098,0,60
2404,302,3,557,3,3101,0,30
2405,302,3,558,6,3107,0,60
2406,302,3,559,8,3115,0,80
2407,302,3,560,6,3121,0,60
2408,302,3,561,3,3124,0,30
2409,302,3,562,4,3128,18,40
2410,302,3,563,8,3136,2,80
2411,302,3,564,9,3145,0,90
2412,302,3,565,5,3150,0,50
2413,302,3,566,5,3155,0,50
2414,302,3,567,7,3162,11,70
2415,302,3,568,4,3166,0,40
2416,302,3,569,5,3171,0,50
2417,302,3,570,4,3175,10,40
2418,302,3,571,4,3179,0,40
2419,302,3,572,3,3182,0,30
2420,302,3,573,4,3186,0,40
2421,302,3,574,8,3194,0,80
2422,302,3,575,3,3197,0,30
2423,302,3,576,8,3205,0,80
2424,302,3,577,9,3214,0,90
2425,302,3,578,5,3219,0,50
2426,302,3,579,3,3222,0,30
2427,302,3,580,7,3229,25,70
2428,302,3,581,6,3235,0,60
2429,302,3,582,6,3241,0,60
2430,302,3,583,2,3243,8,20
2431,302,3,584,5,3248,0,50
2432,302,3,585,3,3251,0,30
2433,302,3,586,3,3254,5,30
2434,302,3,587,6,3260,1,60
2435,302,3,588,3,3263,0,30
2436,302,3,589,5,3268,0,50
2437,302,3,590,2,3270,0,20
2438,302,3,591,9,3279,0,90
2439,302,3,592,9,3288,0,90
2440,302,3,593,2,3290,18,20
2441,302,3,594,4,3294,0,40
2442,302,3,595,9,3303,0,90
2443,302,3,596,9,3312,0,90
2444,302,3,597,8,3320,0,80
2445,302,3,598,7,3327,0,70
2446,302,3,599,2,3329,0,20
2447,302,3,600,6,3335,16,60
2448,302,3,601,8,3343,0,80
2449,302,3,602,6,3349,0,60
2450,302,3,603,4,3353,0,40
2451,302,3,604,5,3358,0,50
2452,302,3,605,7,3365,0,70
2453,302,3,606,4,3369,0,40
2454,302,3,607,2,3371,0,20
2455,302,3,608,5,3376,0,50
2456,302,3,609,9,3385,0,90
2457,302,3,610,2,3387,0,20
2458,302,3,611,8,3395,0,80
2459,302,3,612,7,3402,30,70
2460,302,3,613,8,3410,0,80
2461,302,3,614,5,3415,0,50
2462,302,3,615,6,3421,0,60
2463,302,3,616,4,3425,0,40
2464,302,3,617,9,3434,0,90
2465,302,3,618,2,3436,0,20
2466,302,3,619,7,3443,0,70
2467,302,3,620,4,3447,0,40
2468,302,3,621,4,3451,0,40
2469,302,3,622,9,3460,0,90
2470,302,3,623,5,3465,0,50
2471,302,3,624,4,3469,0,40
2472,302,3,625,5,3474,0,50
2473,302,3,626,9,3483,0,90
2474,302,3,627,5,3488,0,50
2475,302,3,628,4,3492,0,40
2476,302,3,629,3,3495,0,30
2477,302,3,630,2,3497,0,20
2478,302,3,631,8,3505,0,80
2479,302,3,632,5,3510,0,50
2480,302,3,633,3,3513,0,30
2481,302,3,634,8,3521,0,80
2482,302,3,635,4,3525,0,40
2483,302,3,636,6,3531,0,60
2484,302,3,637,7,3538,0,70
2485,302,3,638,6,3544,46,60
2486,302,3,639,3,3547,0,30
2487,302,3,640,4,3551,0,40
2488,302,3,641,5,3556,0,50
2489,302,3,642,9,3565,0,90
2490,302,3,643,9,3574,0,90
2491,302,3,644,2,3576,0,20
2492,302,3,645,4,3580,0,40
2493,302,3,646,4,3584,0,40
2494,302,3,647,2,3586,14,20
2495,302,3,648,6,3592,0,60
2496,302,3,649,5,3597,0,50
2497,302,3,650,9,3606,0,90
2498,302,3,651,9,3615,0,90
2499,302,3,652,2,3617,0,20
2500,302,3,653,5,3622,0,50
2501,302,3,654,4,3626,0,40
2502,302,3,655,4,3630,0,40
2503,302,3,656,8,3638,0,80
2504,302,3,657,6,3644,0,60
2505,302,3,658,4,3648,37,40
2506,302,3,659,9,3657,0,90
2507,302,3,660,9,3666,11,90
2508,302,3,661,2,3668,0,20
2509,302,3,662,9,3677,0,90
2510,302,3,663,4,3681,0,40
2511,302,3,664,2,3683,0,20
2512,302,3,665,5,3688,0,50
2513,302,3,666,9,3697,22,90
2514,302,3,667,2,3699,0,20
2515,302,3,668,4,3703,0,40
2516,302,3,669,6,3709,0,60
2517,302,3,670,4,3713,0,40
2518,302,3,671,4,3717,0,40
2519,302,3,672,9,3726,18,90
2520,302,3,673,4,3730,0,40
2521,302,3,674,9,3739,0,90
2522,302,3,675,6,3745,0,60
2523,302,3,676,4,3749,0,40
2524,302,3,677,7,3756,0,70
2525,302,3,678,8,3764,0,80
2526,302,3,679,3,3767,0,30
2527,302,3,680,6,3773,0,60
2528,302,3,681,8,3781,17,80
2529,302,3,682,6,3787,0,60
2530,302,3,683,5,3792,7,50
2531,302,3,684,9,3801,0,90
2532,302,3,685,4,3805,0,40
2533,302,3,686,3,3808,0,30
2534,302,3,687,4,3812,0,40
2535,302,3,688,2,3814,10,20
2536,302,3,689,8,3822,3,80
2537,302,3,690,8,3830,2,80
2538,302,3,691,6,3836,0,60
2539,302,3,692,4,3840,0,40
2540,302,3,693,7,3847,0,70
2541,302,3,694,2,3849,7,20
2542,302,3,695,7,3856,0,70
2543,302,3,696,3,3859,0,30
2544,302,3,697,6,3865,0,60
2545,302,3,698,9,3874,0,90
2546,302,3,699,9,3883,0,90
2547,302,3,700,6,3889,0,60
2548,302,3,701,8,3897,0,80
2549,302,3,702,7,3904,0,70
2550,302,3,703,3,3907,0,30
2551,302,3,704,9,3916,34,90
2552,302,3,705,9,3925,0,90
2553,302,3,706,4,3929,0,40
2554,302,3,707,2,3931,5,20
2555,302,3,708,3,3934,2,30
2556,302,3,709,9,3943,0,90
2557,302,3,710,4,3947,0,40
2558,302,3,711,5,3952,0,50
2559,302,3,712,8,3960,0,80
2560,302,3,713,7,3967,15,70
2561,302,3,714,6,3973,0,60
2562,302,3,715,6,3979,0,60
2563,302,3,716,2,3981,0,20
2564,302,3,717,6,3987,8,60
2565,302,3,718,3,3990,0,30
2566,302,3,719,2,3992,3,20
2567,302,3,720,3,3995,0,30
2568,302,3,721,5,4000,0,50
2569,302,3,722,7,4007,0,70
2570,302,3,723,6,4013,0,60
2571,302,3,724,2,4015,15,20
2572,302,3,725,9,4024,2,90
2573,302,3,726,8,4032,5,80
2574,302,3,727,2,4034,0,20
2575,302,3,728,5,4039,0,50
2576,302,3,729,9,4048,0,90
2577,302,3,730,7,4055,0,70
2578,302,3,731,3,4058,0,30
2579,302,3,732,7,4065,0,70
2580,302,3,733,4,4069,16,40
2581,302,3,734,5,4074,0,50
2582,302,3,735,6,4080,0,60
2583,302,3,736,7,4087,10,70
2584,302,3,737,2,4089,0,20
2585,302,3,738,7,4096,0,70
2586,302,3,739,5,4101,0,50
2587,302,3,740,2,4103,6,20
2588,302,3,741,6,4109,0,60
2589,302,3,742,4,4113,0,40
2590,302,3,743,5,4118,0,50
2591,302,3,744,7,4125,0,70
2592,302,3,745,8,4133,0,80
2593,302,3,746,2,4135,0,20
2594,302,3,747,2,4137,21,20
2595,302,3,748,3,4140,0,30
2596,302,3,749,9,4149,0,90
2597,302,3,750,4,4153,0,40
2598,302,3,751,9,4162,0,90
2599,302,3,752,7,4169,0,70
2600,302,3,753,6,4175,21,60
2601,302,3,754,6,4181,0,60
2602,302,3,755,6,4187,0,60
2603,302,3,756,6,4193,0,60
2604,302,3,757,6,4199,0,60
2605,302,3,758,8,4207,0,80
2606,302,3,759,8,4215,0,80
2607,302,3,760,9,4224,0,90
2608,302,3,761,6,4230,31,60
2609,302,3,762,4,4234,3,40
2610,302,3,763,3,4237,0,30
2611,302,3,764,2,4239,0,20
2612,302,3,765,3,4242,5,30
2613,302,3,766,9,4251,0,90
2614,302,3,767,3,4254,0,30
2615,302,3,768,6,4260,0,60
2616,302,3,769,5,4265,0,50
2617,302,3,770,2,4267,0,20
2618,302,3,771,3,4270,0,30
2619,302,3,772,6,4276,17,60
2620,302,3,773,3,4279,0,30
2621,302,3,774,2,4281,0,20
2622,302,3,775,5,4286,0,50
2623,302,3,776,5,4291,0,50
2624,302,3,777,7,4298,0,70
2625,302,3,778,9,4307,12,90
2626,302,3,779,4,4311,0,40
2627,302,3,780,5,4316,0,50
2628,302,3,781,4,4320,0,40
2629,302,3,782,2,4322,0,20
2630,302,3,783,8,4330,0,80
2631,302,3,784,7,4337,0,70
2632,302,3,785,5,4342,0,50
2633,302,3,786,4,4346,0,40
2634,302,3,787,9,4355,31,90
2635,302,3,788,5,4360,0,50
2636,302,3,789,4,4364,0,40
2637,302,3,790,9,4373,0,90
2638,302,3,791,8,4381,7,80
2639,302,3,792,6,4387,0,60
2640,302,3,793,2,4389,0,20
2641,302,3,794,6,4395,0,60
2642,302,3,795,9,4404,0,90
2643,302,3,796,6,4410,17,60
2644,302,3,797,6,4416,0,60
2645,302,3,798,9,4425,0,90
2646,302,3,799,2,4427,0,20
2647,302,3,800,8,4435,0,80
2648,302,3,801,3,4438,13,30
2649,302,3,802,3,4441,0,30
2650,302,3,803,8,4449,0,80
2651,302,3,804,6,4455,0,60
2652,302,3,805,8,4463,0,80
2653,302,3,806,4,4467,0,40
2654,302,3,807,4,4471,0,40
2655,302,3,808,9,4480,0,90
2656,302,3,809,6,4486,0,60
2657,302,3,810,4,4490,0,40
2658,302,3,811,8,4498,0,80
2659,302,3,812,5,4503,0,50
2660,302,3,813,4,4507,0,40
2661,302,3,814,4,4511,0,40
2662,302,3,815,2,4513,0,20
2663,302,3,816,9,4522,0,90
2664,302,3,817,2,4524,45,20
2665,302,3,818,2,4526,0,20
2666,302,3,819,8,4534,0,80
2667,302,3,820,2,4536,0,20
2668,302,3,821,2,4538,0,20
2669,302,3,822,9,4547,0,90
2670,302,3,823,5,4552,0,50
2671,302,3,824,6,4558,0,60
2672,302,3,825,5,4563,0,50
2673,302,3,826,5,4568,0,50
2674,302,3,827,2,4570,0,20
2675,302,3,828,2,4572,0,20
2676,302,3,829,4,4576,31,40
2677,302,3,830,2,4578,2,20
2678,302,3,831,3,4581,0,30
2679,302,3,832,6,4587,0,60
2680,302,3,833,9,4596,0,90
2681,302,3,834,7,4603,0,70
2682,302,3,835,5,4608,10,50
2683,302,3,836,7,4615,0,70
2684,302,3,837,3,4618,0,30
2685,302,3,838,3,4621,0,30
2686,302,3,839,8,4629,0,80
2687,302,3,840,2,4631,0,20
2688,302,3,841,6,4637,0,60
2689,302,3,842,5,4642,13,50
2690,302,3,843,9,4651,0,90
2691,302,3,844,5,4656,0,50
2692,302,3,845,2,4658,0,20
2693,302,3,846,8,4666,0,80
2694,302,3,847,9,4675,0,90
2695,302,3,848,4,4679,0,40
2696,302,3,849,4,4683,0,40
2697,302,3,850,8,4691,0,80
2698,302,3,851,3,4694,36,30
2699,302,3,852,7,4701,0,70
2700,302,3,853,7,4708,0,70
2701,302,3,854,2,4710,0,20
2702,302,3,855,8,4718,0,80
2703,302,3,856,6,4724,7,60
2704,302,3,857,4,4728,4,40
2705,302,3,858,4,4732,0,40
2706,302,3,859,3,4735,0,30
2707,302,3,860,2,4737,0,20
2708,302,3,861,3,4740,0,30
2709,302,3,862,7,4747,0,70
2710,302,3,863,7,4754,0,70
2711,302,3,864,6,4760,0,60
2712,302,3,865,8,4768,0,80
2713,302,3,866,9,4777,0,90
2714,302,3,867,6,4783,0,60
2715,302,3,868,4,4787,0,40
2716,302,3,869,3,4790,0,30
2717,302,3,870,7,4797,0,70
2718,302,3,871,4,4801,0,40
2719,302,3,872,8,4809,0,80
2720,302,3,873,4,4813,34,40
2721,302,3,874,2,4815,0,20
2722,302,3,875,5,4820,0,50
2723,302,3,876,8,4828,0,80
2724,302,3,877,9,4837,0,90
2725,302,3,878,7,4844,0,70
2726,302,3,879,8,4852,22,80
2727,302,3,880,8,4860,0,80
2728,302,3,881,4,4864,0,40
2729,302,3,882,6,4870,0,60
2730,302,3,883,4,4874,0,40
2731,302,3,884,6,4880,0,60
2732,302,3,885,5,4885,13,50
2733,302,3,886,4,4889,0,40
2734,302,3,887,6,4895,0,60
2735,302,3,888,8,4903,0,80
2736,302,3,889,7,4910,0,70
2737,302,3,890,2,4912,0,20
2738,302,3,891,2,4914,0,20
2739,302,3,892,3,4917,0,30
2740,302,3,893,5,4922,0,50
2741,302,3,894,8,4930,0,80
2742,302,3,895,5,4935,0,50
2743,302,3,896,2,4937,0,20
2744,302,3,897,4,4941,0,40
2745,302,3,898,8,4949,0,80
2746,302,3,899,3,4952,0,30
2747,302,3,900,3,4955,0,30
2748,302,3,901,7,4962,0,70
2749,302,3,902,8,4970,50,80
2750,302,3,903,6,4976,2,60
2751,302,3,904,9,4985,6,90
2752,302,3,905,6,4991,0,60
2753,302,3,906,7,4998,0,70
