,Scenario,Trial,Inspection,Interval,Time,Defects,Rate
0,14,1,1,2,2,0,20
1,14,1,2,9,11,7,90
2,14,1,3,4,15,1,40
3,14,1,4,4,19,2,40
4,14,1,5,3,22,3,30
5,14,1,6,5,27,3,50
6,14,1,7,3,30,0,30
7,14,1,8,4,34,3,40
8,14,1,9,7,41,2,70
9,14,1,10,7,48,1,70
10,14,1,11,5,53,1,50
11,14,1,12,7,60,2,70
12,14,1,13,5,65,4,50
13,14,1,14,2,67,0,20
14,14,1,15,7,74,4,70
15,14,1,16,5,79,2,50
16,14,1,17,5,84,1,50
17,14,1,18,6,90,5,60
18,14,1,19,3,93,2,30
19,14,1,20,3,96,1,30
20,14,1,21,3,99,1,30
21,14,1,22,2,101,1,20
22,14,1,23,6,107,3,60
23,14,1,24,4,111,1,40
24,14,1,25,4,115,3,40
25,14,1,26,5,120,2,50
26,14,1,27,5,125,3,50
27,14,1,28,6,131,4,60
28,14,1,29,4,135,5,40
29,14,1,30,8,143,4,80
30,14,1,31,6,149,6,60
31,14,1,32,9,158,5,90
32,14,1,33,6,164,5,60
33,14,1,34,6,170,2,60
34,14,1,35,2,172,0,20
35,14,1,36,9,181,5,90
36,14,1,37,9,190,0,90
37,14,1,38,3,193,4,30
38,14,1,39,8,201,5,80
39,14,1,40,6,207,6,60
40,14,1,41,2,209,0,20
41,14,1,42,5,214,3,50
42,14,1,43,3,217,0,30
43,14,1,44,8,225,2,80
44,14,1,45,8,233,4,80
45,14,1,46,2,235,0,20
46,14,1,47,3,238,2,30
47,14,1,48,2,240,2,20
48,14,1,49,8,248,5,80
49,14,1,50,6,254,2,60
50,14,1,51,2,256,0,20
51,14,1,52,5,261,3,50
52,14,1,53,5,266,7,50
53,14,1,54,4,270,3,40
54,14,1,55,8,278,3,80
55,14,1,56,8,286,1,80
56,14,1,57,8,294,3,80
57,14,1,58,6,300,5,60
58,14,1,59,5,305,6,50
59,14,1,60,3,308,0,30
60,14,1,61,5,313,6,50
61,14,1,62,9,322,4,90
62,14,1,63,3,325,3,30
63,14,1,64,4,329,0,40
64,14,1,65,5,334,5,50
65,14,1,66,6,340,2,60
66,14,1,67,8,348,6,80
67,14,1,68,8,356,0,80
68,14,1,69,3,359,0,30
69,14,1,70,7,366,2,70
70,14,1,71,8,374,3,80
71,14,1,72,5,379,0,50
72,14,1,73,8,387,3,80
73,14,1,74,6,393,3,60
74,14,1,75,4,397,3,40
75,14,1,76,6,403,1,60
76,14,1,77,5,408,2,50
77,14,1,78,7,415,3,70
78,14,1,79,8,423,3,80
79,14,1,80,4,427,3,40
80,14,1,81,7,434,4,70
81,14,1,82,5,439,3,50
82,14,1,83,2,441,0,20
83,14,1,84,7,448,4,70
84,14,1,85,7,455,3,70
85,14,1,86,8,463,0,80
86,14,1,87,7,470,5,70
87,14,1,88,6,476,0,60
88,14,1,89,2,478,1,20
89,14,1,90,8,486,1,80
90,14,1,91,8,494,3,80
91,14,1,92,5,499,4,50
92,14,1,93,2,501,0,20
93,14,1,94,3,504,2,30
94,14,1,95,8,512,5,80
95,14,1,96,8,520,6,80
96,14,1,97,8,528,2,80
97,14,1,98,6,534,2,60
98,14,1,99,7,541,2,70
99,14,1,100,4,545,5,40
100,14,1,101,4,549,2,40
101,14,1,102,3,552,4,30
102,14,1,103,2,554,2,20
103,14,1,104,2,556,3,20
104,14,1,105,7,563,3,70
105,14,1,106,4,567,2,40
106,14,1,107,4,571,2,40
107,14,1,108,5,576,2,50
108,14,1,109,6,582,2,60
109,14,1,110,7,589,3,70
110,14,1,111,6,595,1,60
111,14,1,112,6,601,2,60
112,14,1,113,4,605,1,40
113,14,1,114,9,614,6,90
114,14,1,115,6,620,2,60
115,14,1,116,2,622,0,20
116,14,1,117,4,626,3,40
117,14,1,118,6,632,1,60
118,14,1,119,8,640,4,80
119,14,1,120,2,642,0,20
120,14,1,121,5,647,3,50
121,14,1,122,9,656,5,90
122,14,1,123,4,660,2,40
123,14,1,124,3,663,2,30
124,14,1,125,8,671,5,80
125,14,1,126,8,679,5,80
126,14,1,127,2,681,0,20
127,14,1,128,9,690,3,90
128,14,1,129,9,699,1,90
129,14,1,130,7,706,3,70
130,14,1,131,4,710,6,40
131,14,1,132,9,719,5,90
132,14,1,133,6,725,4,60
133,14,1,134,6,731,2,60
134,14,1,135,6,737,3,60
135,14,1,136,7,744,3,70
136,14,1,137,9,753,4,90
137,14,1,138,3,756,0,30
138,14,1,139,4,760,4,40
139,14,1,140,9,769,4,90
140,14,1,141,3,772,5,30
141,14,1,142,3,775,0,30
142,14,1,143,5,780,3,50
143,14,1,144,9,789,4,90
144,14,1,145,9,798,6,90
145,14,1,146,3,801,1,30
146,14,1,147,6,807,8,60
147,14,1,148,4,811,5,40
148,14,1,149,6,817,2,60
149,14,1,150,6,823,5,60
150,14,1,151,3,826,1,30
151,14,1,152,2,828,4,20
152,14,1,153,8,836,3,80
153,14,1,154,3,839,2,30
154,14,1,155,9,848,1,90
155,14,1,156,4,852,7,40
156,14,1,157,8,860,7,80
157,14,1,158,4,864,4,40
158,14,1,159,9,873,6,90
159,14,1,160,7,880,3,70
160,14,1,161,5,885,3,50
161,14,1,162,3,888,1,30
162,14,1,163,7,895,3,70
163,14,1,164,5,900,1,50
164,14,1,165,4,904,1,40
165,14,1,166,9,913,4,90
166,14,1,167,7,920,6,70
167,14,1,168,9,929,3,90
168,14,1,169,5,934,5,50
169,14,1,170,3,937,0,30
170,14,1,171,9,946,4,90
171,14,1,172,5,951,7,50
172,14,1,173,9,960,11,90
173,14,1,174,2,962,1,20
174,14,1,175,6,968,2,60
175,14,1,176,9,977,4,90
176,14,1,177,8,985,5,80
177,14,1,178,3,988,0,30
178,14,1,179,7,995,2,70
179,14,1,180,8,1003,4,80
180,14,1,181,8,1011,5,80
181,14,1,182,4,1015,4,40
182,14,1,183,2,1017,2,20
183,14,1,184,4,1021,3,40
184,14,1,185,8,1029,0,80
185,14,1,186,9,1038,10,90
186,14,1,187,7,1045,5,70
187,14,1,188,3,1048,2,30
188,14,1,189,9,1057,3,90
189,14,1,190,2,1059,0,20
190,14,1,191,6,1065,0,60
191,14,1,192,5,1070,2,50
192,14,1,193,3,1073,2,30
193,14,1,194,5,1078,0,50
194,14,1,195,4,1082,2,40
195,14,1,196,3,1085,1,30
196,14,1,197,3,1088,3,30
197,14,1,198,2,1090,1,20
198,14,1,199,7,1097,3,70
199,14,1,200,6,1103,3,60
200,14,1,201,2,1105,2,20
201,14,1,202,5,1110,1,50
202,14,1,203,7,1117,5,70
203,14,1,204,7,1124,2,70
204,14,1,205,5,1129,3,50
205,14,1,206,9,1138,5,90
206,14,1,207,2,1140,0,20
207,14,1,208,7,1147,8,70
208,14,1,209,3,1150,0,30
209,14,1,210,8,1158,3,80
210,14,1,211,4,1162,0,40
211,14,1,212,7,1169,8,70
212,14,1,213,4,1173,1,40
213,14,1,214,5,1178,3,50
214,14,1,215,9,1187,4,90
215,14,1,216,5,1192,2,50
216,14,1,217,2,1194,2,20
217,14,1,218,8,1202,7,80
218,14,1,219,5,1207,0,50
219,14,1,220,9,1216,4,90
220,14,1,221,3,1219,3,30
221,14,1,222,4,1223,0,40
222,14,1,223,4,1227,1,40
223,14,1,224,2,1229,3,20
224,14,1,225,6,1235,3,60
225,14,1,226,3,1238,2,30
226,14,1,227,7,1245,3,70
227,14,1,228,5,1250,0,50
228,14,1,229,2,1252,1,20
229,14,1,230,7,1259,4,70
230,14,1,231,2,1261,0,20
231,14,1,232,3,1264,0,30
232,14,1,233,7,1271,8,70
233,14,1,234,9,1280,4,90
234,14,1,235,5,1285,1,50
235,14,1,236,4,1289,1,40
236,14,1,237,7,1296,3,70
237,14,1,238,9,1305,0,90
238,14,1,239,3,1308,0,30
239,14,1,240,8,1316,9,80
240,14,1,241,2,1318,0,20
241,14,1,242,3,1321,2,30
242,14,1,243,3,1324,1,30
243,14,1,244,3,1327,2,30
244,14,1,245,5,1332,2,50
245,14,1,246,8,1340,3,80
246,14,1,247,6,1346,6,60
247,14,1,248,3,1349,1,30
248,14,1,249,2,1351,0,20
249,14,1,250,8,1359,4,80
250,14,1,251,3,1362,1,30
251,14,1,252,8,1370,2,80
252,14,1,253,6,1376,5,60
253,14,1,254,4,1380,1,40
254,14,1,255,4,1384,1,40
255,14,1,256,9,1393,4,90
256,14,1,257,5,1398,3,50
257,14,1,258,9,1407,5,90
258,14,1,259,4,1411,7,40
259,14,1,260,3,1414,3,30
260,14,1,261,4,1418,1,40
261,14,1,262,2,1420,1,20
262,14,1,263,4,1424,5,40
263,14,1,264,8,1432,3,80
264,14,1,265,2,1434,1,20
265,14,1,266,9,1443,3,90
266,14,1,267,7,1450,2,70
267,14,1,268,4,1454,2,40
268,14,1,269,6,1460,3,60
269,14,1,270,5,1465,0,50
270,14,1,271,9,1474,6,90
271,14,1,272,7,1481,6,70
272,14,1,273,7,1488,3,70
273,14,1,274,4,1492,1,40
274,14,1,275,6,1498,0,60
275,14,1,276,4,1502,1,40
276,14,1,277,8,1510,3,80
277,14,1,278,3,1513,0,30
278,14,1,279,9,1522,3,90
279,14,1,280,5,1527,3,50
280,14,1,281,6,1533,4,60
281,14,1,282,6,1539,5,60
282,14,1,283,8,1547,5,80
283,14,1,284,6,1553,5,60
284,14,1,285,2,1555,2,20
285,14,1,286,7,1562,2,70
286,14,1,287,7,1569,3,70
287,14,1,288,6,1575,3,60
288,14,1,289,6,1581,2,60
289,14,1,290,6,1587,2,60
290,14,1,291,7,1594,6,70
291,14,1,292,7,1601,5,70
292,14,1,293,6,1607,0,60
293,14,1,294,4,1611,5,40
294,14,1,295,9,1620,4,90
295,14,1,296,6,1626,3,60
296,14,1,297,4,1630,0,40
297,14,1,298,7,1637,1,70
298,14,1,299,3,1640,1,30
299,14,1,300,6,1646,3,60
300,14,1,301,8,1654,3,80
301,14,1,302,9,1663,5,90
302,14,1,303,9,1672,6,90
303,14,1,304,7,1679,3,70
304,14,1,305,9,1688,4,90
305,14,1,306,7,1695,1,70
306,14,1,307,6,1701,3,60
307,14,1,308,4,1705,3,40
308,14,1,309,2,1707,1,20
309,14,1,310,6,1713,4,60
310,14,1,311,3,1716,0,30
311,14,1,312,2,1718,3,20
312,14,1,313,4,1722,1,40
313,14,1,314,5,1727,3,50
314,14,1,315,8,1735,2,80
315,14,1,316,9,1744,9,90
316,14,1,317,2,1746,3,20
317,14,1,318,4,1750,1,40
318,14,1,319,9,1759,2,90
319,14,1,320,9,1768,1,90
320,14,1,321,8,1776,9,80
321,14,1,322,4,1780,1,40
322,14,1,323,6,1786,6,60
323,14,1,324,7,1793,2,70
324,14,1,325,6,1799,5,60
325,14,1,326,2,1801,3,20
326,14,1,327,5,1806,1,50
327,14,1,328,9,1815,4,90
328,14,1,329,5,1820,0,50
329,14,1,330,2,1822,1,20
330,14,1,331,4,1826,1,40
331,14,1,332,8,1834,2,80
332,14,1,333,2,1836,2,20
333,14,1,334,9,1845,5,90
334,14,1,335,7,1852,4,70
335,14,1,336,6,1858,2,60
336,14,1,337,8,1866,3,80
337,14,1,338,2,1868,3,20
338,14,1,339,9,1877,6,90
339,14,1,340,6,1883,0,60
340,14,1,341,7,1890,0,70
341,14,1,342,3,1893,2,30
342,14,1,343,6,1899,3,60
343,14,1,344,6,1905,3,60
344,14,1,345,6,1911,1,60
345,14,1,346,9,1920,4,90
346,14,1,347,3,1923,1,30
347,14,1,348,8,1931,5,80
348,14,1,349,7,1938,2,70
349,14,1,350,6,1944,4,60
350,14,1,351,8,1952,1,80
351,14,1,352,6,1958,4,60
352,14,1,353,2,1960,0,20
353,14,1,354,6,1966,7,60
354,14,1,355,4,1970,1,40
355,14,1,356,8,1978,4,80
356,14,1,357,2,1980,2,20
357,14,1,358,8,1988,2,80
358,14,1,359,5,1993,3,50
359,14,1,360,7,2000,0,70
360,14,1,361,6,2006,4,60
361,14,1,362,8,2014,2,80
362,14,1,363,3,2017,2,30
363,14,1,364,8,2025,6,80
364,14,1,365,3,2028,1,30
365,14,1,366,5,2033,3,50
366,14,1,367,5,2038,1,50
367,14,1,368,3,2041,1,30
368,14,1,369,5,2046,2,50
369,14,1,370,6,2052,3,60
370,14,1,371,2,2054,0,20
371,14,1,372,7,2061,2,70
372,14,1,373,3,2064,1,30
373,14,1,374,5,2069,3,50
374,14,1,375,6,2075,4,60
375,14,1,376,8,2083,1,80
376,14,1,377,2,2085,1,20
377,14,1,378,8,2093,0,80
378,14,1,379,9,2102,6,90
379,14,1,380,4,2106,2,40
380,14,1,381,9,2115,4,90
381,14,1,382,9,2124,3,90
382,14,1,383,5,2129,1,50
383,14,1,384,3,2132,1,30
384,14,1,385,5,2137,0,50
385,14,1,386,7,2144,5,70
386,14,1,387,7,2151,3,70
387,14,1,388,7,2158,6,70
388,14,1,389,8,2166,0,80
389,14,1,390,2,2168,5,20
390,14,1,391,9,2177,2,90
391,14,1,392,9,2186,4,90
392,14,1,393,3,2189,1,30
393,14,1,394,6,2195,4,60
394,14,1,395,5,2200,2,50
395,14,1,396,2,2202,2,20
396,14,1,397,3,2205,2,30
397,14,1,398,5,2210,2,50
398,14,1,399,3,2213,4,30
399,14,1,400,2,2215,2,20
400,14,1,401,9,2224,6,90
401,14,1,402,7,2231,5,70
402,14,1,403,2,2233,1,20
403,14,1,404,7,2240,1,70
404,14,1,405,2,2242,2,20
405,14,1,406,7,2249,6,70
406,14,1,407,2,2251,1,20
407,14,1,408,5,2256,1,50
408,14,1,409,7,2263,2,70
409,14,1,410,8,2271,4,80
410,14,1,411,9,2280,8,90
411,14,1,412,8,2288,4,80
412,14,1,413,3,2291,2,30
413,14,1,414,2,2293,0,20
414,14,1,415,4,2297,3,40
415,14,1,416,8,2305,3,80
416,14,1,417,3,2308,3,30
417,14,1,418,4,2312,1,40
418,14,1,419,7,2319,2,70
419,14,1,420,9,2328,4,90
420,14,1,421,6,2334,3,60
421,14,1,422,9,2343,5,90
422,14,1,423,8,2351,1,80
423,14,1,424,5,2356,0,50
424,14,1,425,5,2361,2,50
425,14,1,426,5,2366,1,50
426,14,1,427,8,2374,2,80
427,14,1,428,8,2382,4,80
428,14,1,429,8,2390,9,80
429,14,1,430,8,2398,2,80
430,14,1,431,7,2405,4,70
431,14,1,432,8,2413,7,80
432,14,1,433,7,2420,3,70
433,14,1,434,6,2426,4,60
434,14,1,435,8,2434,3,80
435,14,1,436,9,2443,3,90
436,14,1,437,8,2451,4,80
437,14,1,438,7,2458,7,70
438,14,1,439,8,2466,3,80
439,14,1,440,7,2473,3,70
440,14,1,441,4,2477,2,40
441,14,1,442,9,2486,3,90
442,14,1,443,3,2489,0,30
443,14,1,444,4,2493,5,40
444,14,1,445,5,2498,3,50
445,14,1,446,2,2500,0,20
446,14,1,447,4,2504,2,40
447,14,1,448,8,2512,0,80
448,14,1,449,7,2519,3,70
449,14,1,450,4,2523,0,40
450,14,1,451,2,2525,1,20
451,14,1,452,4,2529,0,40
452,14,1,453,5,2534,0,50
453,14,1,454,8,2542,7,80
454,14,1,455,2,2544,1,20
455,14,1,456,6,2550,2,60
456,14,1,457,6,2556,0,60
457,14,1,458,3,2559,4,30
458,14,1,459,6,2565,3,60
459,14,1,460,7,2572,3,70
460,14,1,461,7,2579,1,70
461,14,1,462,7,2586,5,70
462,14,1,463,5,2591,2,50
463,14,1,464,3,2594,2,30
464,14,1,465,9,2603,3,90
465,14,1,466,9,2612,5,90
466,14,1,467,3,2615,0,30
467,14,1,468,8,2623,5,80
468,14,1,469,9,2632,6,90
469,14,1,470,4,2636,0,40
470,14,1,471,6,2642,3,60
471,14,1,472,3,2645,0,30
472,14,1,473,5,2650,2,50
473,14,1,474,9,2659,3,90
474,14,1,475,9,2668,0,90
475,14,1,476,5,2673,4,50
476,14,1,477,5,2678,1,50
477,14,1,478,3,2681,2,30
478,14,1,479,8,2689,5,80
479,14,1,480,5,2694,1,50
480,14,1,481,2,2696,1,20
481,14,1,482,4,2700,2,40
482,14,1,483,3,2703,2,30
483,14,1,484,7,2710,3,70
484,14,1,485,2,2712,0,20
485,14,1,486,9,2721,0,90
486,14,1,487,6,2727,11,60
487,14,1,488,7,2734,3,70
488,14,1,489,3,2737,2,30
489,14,1,490,7,2744,4,70
490,14,1,491,9,2753,2,90
491,14,1,492,3,2756,2,30
492,14,1,493,4,2760,3,40
493,14,1,494,5,2765,3,50
494,14,1,495,7,2772,5,70
495,14,1,496,6,2778,2,60
496,14,1,497,5,2783,1,50
497,14,1,498,7,2790,4,70
498,14,1,499,6,2796,1,60
499,14,1,500,7,2803,5,70
500,14,1,501,8,2811,6,80
501,14,1,502,7,2818,3,70
502,14,1,503,9,2827,6,90
503,14,1,504,9,2836,5,90
504,14,1,505,3,2839,0,30
505,14,1,506,6,2845,1,60
506,14,1,507,4,2849,4,40
507,14,1,508,3,2852,1,30
508,14,1,509,4,2856,1,40
509,14,1,510,5,2861,3,50
510,14,1,511,7,2868,0,70
511,14,1,512,4,2872,9,40
512,14,1,513,2,2874,0,20
513,14,1,514,8,2882,3,80
514,14,1,515,7,2889,3,70
515,14,1,516,5,2894,1,50
516,14,1,517,3,2897,0,30
517,14,1,518,3,2900,3,30
518,14,1,519,5,2905,3,50
519,14,1,520,8,2913,2,80
520,14,1,521,8,2921,4,80
521,14,1,522,4,2925,1,40
522,14,1,523,8,2933,5,80
523,14,1,524,6,2939,2,60
524,14,1,525,8,2947,3,80
525,14,1,526,9,2956,5,90
526,14,1,527,5,2961,2,50
527,14,1,528,9,2970,5,90
528,14,1,529,3,2973,3,30
529,14,1,530,6,2979,4,60
530,14,1,531,3,2982,3,30
531,14,1,532,5,2987,4,50
532,14,1,533,7,2994,2,70
533,14,1,534,9,3003,5,90
534,14,1,535,5,3008,4,50
535,14,1,536,9,3017,5,90
536,14,1,537,2,3019,1,20
537,14,1,538,9,3028,7,90
538,14,1,539,3,3031,0,30
539,14,1,540,2,3033,0,20
540,14,1,541,8,3041,2,80
541,14,1,542,9,3050,0,90
542,14,1,543,6,3056,7,60
543,14,1,544,4,3060,0,40
544,14,1,545,9,3069,9,90
545,14,1,546,6,3075,2,60
546,14,1,547,6,3081,1,60
547,14,1,548,5,3086,1,50
548,14,1,549,6,3092,2,60
549,14,1,550,7,3099,6,70
550,14,1,551,6,3105,4,60
551,14,1,552,7,3112,4,70
552,14,1,553,5,3117,5,50
553,14,1,554,8,3125,5,80
554,14,1,555,3,3128,0,30
555,14,1,556,8,3136,3,80
556,14,1,557,5,3141,2,50
557,14,1,558,5,3146,2,50
558,14,1,559,3,3149,4,30
559,14,1,560,6,3155,5,60
560,14,1,561,8,3163,2,80
561,14,1,562,9,3172,7,90
562,14,1,563,2,3174,2,20
563,14,1,564,4,3178,2,40
564,14,1,565,5,3183,3,50
565,14,1,566,9,3192,1,90
566,14,1,567,2,3194,1,20
567,14,1,568,2,3196,4,20
568,14,1,569,9,3205,4,90
569,14,1,570,4,3209,3,40
570,14,1,571,9,3218,1,90
571,14,1,572,6,3224,3,60
572,14,1,573,7,3231,0,70
573,14,1,574,5,3236,3,50
574,14,1,575,4,3240,2,40
575,14,1,576,6,3246,3,60
576,14,1,577,9,3255,3,90
577,14,1,578,6,3261,3,60
578,14,1,579,3,3264,0,30
579,14,1,580,4,3268,3,40
580,14,1,581,3,3271,1,30
581,14,1,582,8,3279,0,80
582,14,1,583,3,3282,8,30
583,14,1,584,5,3287,4,50
584,14,1,585,7,3294,6,70
585,14,1,586,9,3303,5,90
586,14,1,587,8,3311,0,80
587,14,1,588,6,3317,4,60
588,14,1,589,9,3326,5,90
589,14,1,590,6,3332,2,60
590,14,1,591,2,3334,0,20
591,14,1,592,7,3341,4,70
592,14,1,593,5,3346,2,50
593,14,1,594,8,3354,1,80
594,14,1,595,7,3361,8,70
595,14,1,596,8,3369,2,80
596,14,1,597,4,3373,1,40
597,14,1,598,6,3379,2,60
598,14,1,599,7,3386,2,70
599,14,1,600,7,3393,2,70
600,14,1,601,6,3399,5,60
601,14,1,602,7,3406,3,70
602,14,1,603,5,3411,3,50
603,14,1,604,8,3419,3,80
604,14,1,605,5,3424,1,50
605,14,1,606,5,3429,3,50
606,14,1,607,4,3433,2,40
607,14,1,608,5,3438,2,50
608,14,1,609,9,3447,2,90
609,14,1,610,6,3453,1,60
610,14,1,611,6,3459,2,60
611,14,1,612,6,3465,2,60
612,14,1,613,2,3467,1,20
613,14,1,614,3,3470,2,30
614,14,1,615,5,3475,0,50
615,14,1,616,3,3478,3,30
616,14,1,617,5,3483,1,50
617,14,1,618,8,3491,4,80
618,14,1,619,5,3496,7,50
619,14,1,620,6,3502,4,60
620,14,1,621,6,3508,0,60
621,14,1,622,5,3513,3,50
622,14,1,623,7,3520,3,70
623,14,1,624,7,3527,3,70
624,14,1,625,7,3534,0,70
625,14,1,626,6,3540,3,60
626,14,1,627,2,3542,0,20
627,14,1,628,7,3549,4,70
628,14,1,629,8,3557,0,80
629,14,1,630,9,3566,6,90
630,14,1,631,2,3568,1,20
631,14,1,632,7,3575,4,70
632,14,1,633,8,3583,0,80
633,14,1,634,3,3586,0,30
634,14,1,635,5,3591,0,50
635,14,1,636,6,3597,2,60
636,14,1,637,8,3605,4,80
637,14,1,638,8,3613,8,80
638,14,1,639,4,3617,1,40
639,14,1,640,6,3623,2,60
640,14,1,641,5,3628,3,50
641,14,1,642,8,3636,6,80
642,14,1,643,7,3643,7,70
643,14,1,644,4,3647,3,40
644,14,1,645,7,3654,3,70
645,14,1,646,9,3663,0,90
646,14,1,647,7,3670,8,70
647,14,1,648,4,3674,3,40
648,14,1,649,9,3683,3,90
649,14,1,650,4,3687,6,40
650,14,1,651,7,3694,0,70
651,14,1,652,9,3703,9,90
652,14,1,653,3,3706,1,30
653,14,1,654,6,3712,1,60
654,14,1,655,8,3720,0,80
655,14,1,656,6,3726,2,60
656,14,1,657,9,3735,2,90
657,14,1,658,2,3737,2,20
658,14,1,659,4,3741,4,40
659,14,1,660,6,3747,0,60
660,14,1,661,5,3752,1,50
661,14,1,662,7,3759,0,70
662,14,1,663,5,3764,1,50
663,14,1,664,8,3772,0,80
664,14,1,665,8,3780,9,80
665,14,1,666,6,3786,5,60
666,14,1,667,7,3793,2,70
667,14,1,668,5,3798,2,50
668,14,1,669,4,3802,2,40
669,14,1,670,4,3806,1,40
670,14,1,671,3,3809,1,30
671,14,1,672,6,3815,1,60
672,14,1,673,5,3820,6,50
673,14,1,674,9,3829,2,90
674,14,1,675,4,3833,1,40
675,14,1,676,4,3837,1,40
676,14,1,677,2,3839,0,20
677,14,1,678,3,3842,1,30
678,14,1,679,9,3851,1,90
679,14,1,680,4,3855,4,40
680,14,1,681,6,3861,4,60
681,14,1,682,8,3869,4,80
682,14,1,683,6,3875,0,60
683,14,1,684,9,3884,6,90
684,14,1,685,9,3893,0,90
685,14,1,686,7,3900,5,70
686,14,1,687,8,3908,0,80
687,14,1,688,2,3910,0,20
688,14,1,689,7,3917,9,70
689,14,1,690,7,3924,0,70
690,14,1,691,5,3929,5,50
691,14,1,692,2,3931,0,20
692,14,1,693,7,3938,2,70
693,14,1,694,2,3940,2,20
694,14,1,695,2,3942,1,20
695,14,1,696,6,3948,4,60
696,14,1,697,7,3955,0,70
697,14,1,698,5,3960,3,50
698,14,1,699,7,3967,5,70
699,14,1,700,4,3971,0,40
700,14,1,701,9,3980,6,90
701,14,1,702,4,3984,2,40
702,14,1,703,5,3989,2,50
703,14,1,704,5,3994,2,50
704,14,1,705,2,3996,0,20
705,14,1,706,6,4002,5,60
706,14,1,707,9,4011,7,90
707,14,1,708,2,4013,1,20
708,14,1,709,5,4018,0,50
709,14,1,710,3,4021,0,30
710,14,1,711,4,4025,5,40
711,14,1,712,3,4028,1,30
712,14,1,713,2,4030,2,20
713,14,1,714,8,4038,6,80
714,14,1,715,5,4043,3,50
715,14,1,716,7,4050,3,70
716,14,1,717,2,4052,2,20
717,14,1,718,8,4060,4,80
718,14,1,719,8,4068,4,80
719,14,1,720,3,4071,1,30
720,14,1,721,5,4076,5,50
721,14,1,722,8,4084,2,80
722,14,1,723,9,4093,7,90
723,14,1,724,9,4102,8,90
724,14,1,725,4,4106,5,40
725,14,1,726,5,4111,1,50
726,14,1,727,5,4116,1,50
727,14,1,728,5,4121,0,50
728,14,1,729,6,4127,3,60
729,14,1,730,7,4134,4,70
730,14,1,731,3,4137,2,30
731,14,1,732,4,4141,3,40
732,14,1,733,6,4147,1,60
733,14,1,734,4,4151,2,40
734,14,1,735,2,4153,0,20
735,14,1,736,5,4158,1,50
736,14,1,737,3,4161,4,30
737,14,1,738,2,4163,3,20
738,14,1,739,8,4171,3,80
739,14,1,740,7,4178,2,70
740,14,1,741,6,4184,3,60
741,14,1,742,2,4186,3,20
742,14,1,743,2,4188,1,20
743,14,1,744,6,4194,1,60
744,14,1,745,5,4199,2,50
745,14,1,746,4,4203,3,40
746,14,1,747,8,4211,2,80
747,14,1,748,9,4220,4,90
748,14,1,749,3,4223,1,30
749,14,1,750,7,4230,2,70
750,14,1,751,4,4234,1,40
751,14,1,752,2,4236,2,20
752,14,1,753,8,4244,9,80
753,14,1,754,9,4253,8,90
754,14,1,755,3,4256,1,30
755,14,1,756,9,4265,4,90
756,14,1,757,4,4269,1,40
757,14,1,758,9,4278,4,90
758,14,1,759,9,4287,0,90
759,14,1,760,9,4296,10,90
760,14,1,761,9,4305,6,90
761,14,1,762,8,4313,1,80
762,14,1,763,4,4317,6,40
763,14,1,764,8,4325,4,80
764,14,1,765,4,4329,2,40
765,14,1,766,7,4336,7,70
766,14,1,767,4,4340,1,40
767,14,1,768,5,4345,0,50
768,14,1,769,5,4350,3,50
769,14,1,770,7,4357,3,70
770,14,1,771,6,4363,0,60
771,14,1,772,8,4371,6,80
772,14,1,773,6,4377,2,60
773,14,1,774,2,4379,0,20
774,14,1,775,2,4381,1,20
775,14,1,776,8,4389,1,80
776,14,1,777,6,4395,2,60
777,14,1,778,2,4397,0,20
778,14,1,779,3,4400,0,30
779,14,1,780,3,4403,3,30
780,14,1,781,9,4412,5,90
781,14,1,782,5,4417,2,50
782,14,1,783,3,4420,0,30
783,14,1,784,6,4426,2,60
784,14,1,785,8,4434,7,80
785,14,1,786,3,4437,3,30
786,14,1,787,6,4443,2,60
787,14,1,788,3,4446,0,30
788,14,1,789,8,4454,2,80
789,14,1,790,3,4457,6,30
790,14,1,791,2,4459,1,20
791,14,1,792,5,4464,2,50
792,14,1,793,3,4467,2,30
793,14,1,794,4,4471,2,40
794,14,1,795,5,4476,3,50
795,14,1,796,5,4481,1,50
796,14,1,797,4,4485,3,40
797,14,1,798,9,4494,6,90
798,14,1,799,7,4501,3,70
799,14,1,800,5,4506,3,50
800,14,1,801,6,4512,5,60
801,14,1,802,6,4518,1,60
802,14,1,803,5,4523,4,50
803,14,1,804,2,4525,2,20
804,14,1,805,7,4532,5,70
805,14,1,806,4,4536,2,40
806,14,1,807,5,4541,3,50
807,14,1,808,6,4547,0,60
808,14,1,809,8,4555,8,80
809,14,1,810,4,4559,4,40
810,14,1,811,3,4562,1,30
811,14,1,812,8,4570,4,80
812,14,1,813,6,4576,4,60
813,14,1,814,2,4578,2,20
814,14,1,815,5,4583,2,50
815,14,1,816,2,4585,1,20
816,14,1,817,8,4593,4,80
817,14,1,818,9,4602,2,90
818,14,1,819,3,4605,4,30
819,14,1,820,6,4611,3,60
820,14,1,821,2,4613,0,20
821,14,1,822,7,4620,3,70
822,14,1,823,4,4624,1,40
823,14,1,824,3,4627,2,30
824,14,1,825,3,4630,2,30
825,14,1,826,9,4639,5,90
826,14,1,827,5,4644,4,50
827,14,1,828,5,4649,1,50
828,14,1,829,5,4654,1,50
829,14,1,830,5,4659,4,50
830,14,1,831,2,4661,0,20
831,14,1,832,3,4664,0,30
832,14,1,833,2,4666,0,20
833,14,1,834,7,4673,4,70
834,14,1,835,8,4681,5,80
835,14,1,836,6,4687,3,60
836,14,1,837,4,4691,2,40
837,14,1,838,7,4698,1,70
838,14,1,839,7,4705,4,70
839,14,1,840,5,4710,3,50
840,14,1,841,8,4718,1,80
841,14,1,842,4,4722,1,40
842,14,1,843,9,4731,8,90
843,14,1,844,4,4735,1,40
844,14,1,845,4,4739,4,40
845,14,1,846,6,4745,1,60
846,14,1,847,9,4754,7,90
847,14,1,848,8,4762,1,80
848,14,1,849,4,4766,0,40
849,14,1,850,4,4770,1,40
850,14,1,851,7,4777,3,70
851,14,1,852,3,4780,0,30
852,14,1,853,3,4783,3,30
853,14,1,854,8,4791,1,80
854,14,1,855,2,4793,0,20
855,14,1,856,3,4796,4,30
856,14,1,857,7,4803,6,70
857,14,1,858,9,4812,4,90
858,14,1,859,6,4818,2,60
859,14,1,860,3,4821,1,30
860,14,1,861,8,4829,3,80
861,14,1,862,6,4835,4,60
862,14,1,863,9,4844,3,90
863,14,1,864,5,4849,1,50
864,14,1,865,2,4851,2,20
865,14,1,866,9,4860,5,90
866,14,1,867,9,4869,2,90
867,14,1,868,4,4873,2,40
868,14,1,869,7,4880,2,70
869,14,1,870,8,4888,5,80
870,14,1,871,4,4892,2,40
871,14,1,872,8,4900,4,80
872,14,1,873,2,4902,4,20
873,14,1,874,9,4911,6,90
874,14,1,875,7,4918,2,70
875,14,1,876,4,4922,2,40
876,14,1,877,5,4927,3,50
877,14,1,878,7,4934,0,70
878,14,1,879,6,4940,3,60
879,14,1,880,6,4946,4,60
880,14,1,881,2,4948,1,20
881,14,1,882,8,4956,6,80
882,14,1,883,7,4963,5,70
883,14,1,884,5,4968,0,50
884,14,1,885,9,4977,3,90
885,14,1,886,5,4982,2,50
886,14,1,887,2,4984,1,20
887,14,1,888,8,4992,6,80
888,14,2,1,7,7,6,70
889,14,2,2,9,16,3,90
890,14,2,3,2,18,0,20
891,14,2,4,6,24,1,60
892,14,2,5,4,28,2,40
893,14,2,6,3,31,1,30
894,14,2,7,3,34,3,30
895,14,2,8,4,38,2,40
896,14,2,9,9,47,5,90
897,14,2,10,6,53,7,60
898,14,2,11,4,57,2,40
899,14,2,12,4,61,4,40
900,14,2,13,2,63,1,20
901,14,2,14,4,67,0,40
902,14,2,15,4,71,3,40
903,14,2,16,6,77,0,60
904,14,2,17,2,79,2,20
905,14,2,18,2,81,0,20
906,14,2,19,7,88,1,70
907,14,2,20,6,94,1,60
908,14,2,21,8,102,2,80
909,14,2,22,4,106,2,40
910,14,2,23,9,115,4,90
911,14,2,24,8,123,7,80
912,14,2,25,6,129,3,60
913,14,2,26,7,136,4,70
914,14,2,27,6,142,4,60
915,14,2,28,5,147,1,50
916,14,2,29,2,149,0,20
917,14,2,30,2,151,1,20
918,14,2,31,6,157,4,60
919,14,2,32,7,164,4,70
920,14,2,33,2,166,2,20
921,14,2,34,4,170,0,40
922,14,2,35,5,175,0,50
923,14,2,36,9,184,5,90
924,14,2,37,2,186,0,20
925,14,2,38,5,191,2,50
926,14,2,39,8,199,1,80
927,14,2,40,8,207,5,80
928,14,2,41,5,212,0,50
929,14,2,42,4,216,2,40
930,14,2,43,3,219,2,30
931,14,2,44,5,224,2,50
932,14,2,45,6,230,4,60
933,14,2,46,5,235,1,50
934,14,2,47,8,243,4,80
935,14,2,48,4,247,3,40
936,14,2,49,9,256,4,90
937,14,2,50,2,258,1,20
938,14,2,51,7,265,3,70
939,14,2,52,4,269,2,40
940,14,2,53,9,278,4,90
941,14,2,54,3,281,2,30
942,14,2,55,8,289,2,80
943,14,2,56,3,292,2,30
944,14,2,57,2,294,2,20
945,14,2,58,9,303,5,90
946,14,2,59,3,306,1,30
947,14,2,60,8,314,1,80
948,14,2,61,9,323,2,90
949,14,2,62,7,330,2,70
950,14,2,63,4,334,4,40
951,14,2,64,3,337,3,30
952,14,2,65,9,346,9,90
953,14,2,66,6,352,0,60
954,14,2,67,6,358,2,60
955,14,2,68,6,364,3,60
956,14,2,69,4,368,1,40
957,14,2,70,7,375,2,70
958,14,2,71,8,383,4,80
959,14,2,72,2,385,2,20
960,14,2,73,2,387,2,20
961,14,2,74,5,392,1,50
962,14,2,75,4,396,2,40
963,14,2,76,3,399,0,30
964,14,2,77,3,402,0,30
965,14,2,78,9,411,5,90
966,14,2,79,5,416,0,50
967,14,2,80,6,422,6,60
968,14,2,81,4,426,1,40
969,14,2,82,3,429,3,30
970,14,2,83,3,432,3,30
971,14,2,84,8,440,5,80
972,14,2,85,7,447,6,70
973,14,2,86,4,451,1,40
974,14,2,87,5,456,3,50
975,14,2,88,9,465,3,90
976,14,2,89,9,474,5,90
977,14,2,90,4,478,2,40
978,14,2,91,7,485,0,70
979,14,2,92,6,491,6,60
980,14,2,93,5,496,4,50
981,14,2,94,5,501,2,50
982,14,2,95,2,503,2,20
983,14,2,96,2,505,1,20
984,14,2,97,5,510,2,50
985,14,2,98,9,519,5,90
986,14,2,99,7,526,4,70
987,14,2,100,2,528,1,20
988,14,2,101,3,531,2,30
989,14,2,102,9,540,4,90
990,14,2,103,7,547,2,70
991,14,2,104,5,552,2,50
992,14,2,105,2,554,0,20
993,14,2,106,6,560,5,60
994,14,2,107,9,569,6,90
995,14,2,108,7,576,5,70
996,14,2,109,3,579,2,30
997,14,2,110,8,587,5,80
998,14,2,111,4,591,0,40
999,14,2,112,4,595,1,40
1000,14,2,113,2,597,1,20
1001,14,2,114,8,605,4,80
1002,14,2,115,3,608,7,30
1003,14,2,116,4,612,0,40
1004,14,2,117,7,619,7,70
1005,14,2,118,3,622,1,30
1006,14,2,119,2,624,0,20
1007,14,2,120,9,633,7,90
1008,14,2,121,6,639,2,60
1009,14,2,122,6,645,6,60
1010,14,2,123,5,650,3,50
1011,14,2,124,2,652,0,20
1012,14,2,125,9,661,4,90
1013,14,2,126,8,669,4,80
1014,14,2,127,6,675,3,60
1015,14,2,128,9,684,2,90
1016,14,2,129,7,691,2,70
1017,14,2,130,7,698,4,70
1018,14,2,131,6,704,2,60
1019,14,2,132,4,708,0,40
1020,14,2,133,6,714,0,60
1021,14,2,134,5,719,4,50
1022,14,2,135,5,724,5,50
1023,14,2,136,9,733,4,90
1024,14,2,137,7,740,6,70
1025,14,2,138,9,749,5,90
1026,14,2,139,5,754,5,50
1027,14,2,140,2,756,2,20
1028,14,2,141,8,764,6,80
1029,14,2,142,4,768,1,40
1030,14,2,143,8,776,2,80
1031,14,2,144,7,783,3,70
1032,14,2,145,8,791,3,80
1033,14,2,146,4,795,3,40
1034,14,2,147,8,803,3,80
1035,14,2,148,4,807,1,40
1036,14,2,149,7,814,3,70
1037,14,2,150,6,820,3,60
1038,14,2,151,4,824,3,40
1039,14,2,152,3,827,0,30
1040,14,2,153,2,829,0,20
1041,14,2,154,2,831,1,20
1042,14,2,155,6,837,3,60
1043,14,2,156,5,842,4,50
1044,14,2,157,2,844,0,20
1045,14,2,158,2,846,2,20
1046,14,2,159,6,852,4,60
1047,14,2,160,9,861,5,90
1048,14,2,161,4,865,4,40
1049,14,2,162,6,871,1,60
1050,14,2,163,6,877,1,60
1051,14,2,164,4,881,1,40
1052,14,2,165,7,888,3,70
1053,14,2,166,9,897,5,90
1054,14,2,167,9,906,1,90
1055,14,2,168,5,911,5,50
1056,14,2,169,5,916,1,50
1057,14,2,170,4,920,2,40
1058,14,2,171,4,924,3,40
1059,14,2,172,5,929,1,50
1060,14,2,173,9,938,6,90
1061,14,2,174,6,944,1,60
1062,14,2,175,4,948,1,40
1063,14,2,176,2,950,0,20
1064,14,2,177,5,955,2,50
1065,14,2,178,2,957,1,20
1066,14,2,179,2,959,1,20
1067,14,2,180,8,967,1,80
1068,14,2,181,9,976,0,90
1069,14,2,182,4,980,1,40
1070,14,2,183,8,988,1,80
1071,14,2,184,5,993,5,50
1072,14,2,185,5,998,1,50
1073,14,2,186,7,1005,5,70
1074,14,2,187,2,1007,1,20
1075,14,2,188,3,1010,4,30
1076,14,2,189,6,1016,3,60
1077,14,2,190,6,1022,5,60
1078,14,2,191,3,1025,2,30
1079,14,2,192,4,1029,2,40
1080,14,2,193,6,1035,0,60
1081,14,2,194,7,1042,6,70
1082,14,2,195,8,1050,2,80
1083,14,2,196,4,1054,0,40
1084,14,2,197,2,1056,6,20
1085,14,2,198,3,1059,0,30
1086,14,2,199,3,1062,3,30
1087,14,2,200,4,1066,1,40
1088,14,2,201,9,1075,4,90
1089,14,2,202,7,1082,8,70
1090,14,2,203,4,1086,0,40
1091,14,2,204,6,1092,0,60
1092,14,2,205,8,1100,4,80
1093,14,2,206,4,1104,2,40
1094,14,2,207,4,1108,1,40
1095,14,2,208,4,1112,2,40
1096,14,2,209,3,1115,1,30
1097,14,2,210,3,1118,0,30
1098,14,2,211,2,1120,0,20
1099,14,2,212,7,1127,3,70
1100,14,2,213,8,1135,5,80
1101,14,2,214,6,1141,2,60
1102,14,2,215,5,1146,0,50
1103,14,2,216,4,1150,3,40
1104,14,2,217,2,1152,2,20
1105,14,2,218,4,1156,1,40
1106,14,2,219,7,1163,5,70
1107,14,2,220,8,1171,1,80
1108,14,2,221,9,1180,1,90
1109,14,2,222,8,1188,2,80
1110,14,2,223,7,1195,2,70
1111,14,2,224,3,1198,2,30
1112,14,2,225,2,1200,2,20
1113,14,2,226,3,1203,3,30
1114,14,2,227,5,1208,0,50
1115,14,2,228,3,1211,6,30
1116,14,2,229,8,1219,7,80
1117,14,2,230,4,1223,2,40
1118,14,2,231,5,1228,0,50
1119,14,2,232,5,1233,4,50
1120,14,2,233,7,1240,0,70
1121,14,2,234,7,1247,4,70
1122,14,2,235,2,1249,1,20
1123,14,2,236,3,1252,3,30
1124,14,2,237,6,1258,2,60
1125,14,2,238,3,1261,0,30
1126,14,2,239,3,1264,5,30
1127,14,2,240,2,1266,2,20
1128,14,2,241,2,1268,1,20
1129,14,2,242,3,1271,2,30
1130,14,2,243,6,1277,1,60
1131,14,2,244,3,1280,1,30
1132,14,2,245,2,1282,0,20
1133,14,2,246,2,1284,1,20
1134,14,2,247,7,1291,5,70
1135,14,2,248,6,1297,3,60
1136,14,2,249,7,1304,7,70
1137,14,2,250,7,1311,2,70
1138,14,2,251,5,1316,1,50
1139,14,2,252,6,1322,2,60
1140,14,2,253,8,1330,4,80
1141,14,2,254,8,1338,3,80
1142,14,2,255,8,1346,2,80
1143,14,2,256,7,1353,1,70
1144,14,2,257,9,1362,1,90
1145,14,2,258,6,1368,3,60
1146,14,2,259,9,1377,2,90
1147,14,2,260,7,1384,1,70
1148,14,2,261,4,1388,0,40
1149,14,2,262,2,1390,0,20
1150,14,2,263,9,1399,7,90
1151,14,2,264,8,1407,2,80
1152,14,2,265,4,1411,2,40
1153,14,2,266,5,1416,1,50
1154,14,2,267,5,1421,2,50
1155,14,2,268,6,1427,2,60
1156,14,2,269,4,1431,0,40
1157,14,2,270,2,1433,2,20
1158,14,2,271,5,1438,4,50
1159,14,2,272,3,1441,4,30
1160,14,2,273,2,1443,1,20
1161,14,2,274,3,1446,1,30
1162,14,2,275,6,1452,3,60
1163,14,2,276,4,1456,0,40
1164,14,2,277,2,1458,1,20
1165,14,2,278,8,1466,4,80
1166,14,2,279,3,1469,2,30
1167,14,2,280,9,1478,3,90
1168,14,2,281,6,1484,3,60
1169,14,2,282,3,1487,1,30
1170,14,2,283,8,1495,4,80
1171,14,2,284,4,1499,4,40
1172,14,2,285,4,1503,1,40
1173,14,2,286,7,1510,4,70
1174,14,2,287,2,1512,1,20
1175,14,2,288,6,1518,4,60
1176,14,2,289,4,1522,1,40
1177,14,2,290,3,1525,2,30
1178,14,2,291,9,1534,1,90
1179,14,2,292,2,1536,1,20
1180,14,2,293,4,1540,3,40
1181,14,2,294,6,1546,2,60
1182,14,2,295,7,1553,6,70
1183,14,2,296,4,1557,2,40
1184,14,2,297,6,1563,3,60
1185,14,2,298,6,1569,0,60
1186,14,2,299,5,1574,6,50
1187,14,2,300,6,1580,2,60
1188,14,2,301,9,1589,4,90
1189,14,2,302,6,1595,6,60
1190,14,2,303,7,1602,0,70
1191,14,2,304,4,1606,5,40
1192,14,2,305,4,1610,3,40
1193,14,2,306,8,1618,4,80
1194,14,2,307,9,1627,3,90
1195,14,2,308,6,1633,4,60
1196,14,2,309,4,1637,5,40
1197,14,2,310,9,1646,4,90
1198,14,2,311,3,1649,1,30
1199,14,2,312,3,1652,3,30
1200,14,2,313,3,1655,1,30
1201,14,2,314,9,1664,8,90
1202,14,2,315,6,1670,1,60
1203,14,2,316,7,1677,0,70
1204,14,2,317,5,1682,10,50
1205,14,2,318,6,1688,5,60
1206,14,2,319,8,1696,3,80
1207,14,2,320,3,1699,2,30
1208,14,2,321,5,1704,3,50
1209,14,2,322,7,1711,3,70
1210,14,2,323,8,1719,4,80
1211,14,2,324,4,1723,3,40
1212,14,2,325,4,1727,0,40
1213,14,2,326,5,1732,2,50
1214,14,2,327,8,1740,4,80
1215,14,2,328,4,1744,2,40
1216,14,2,329,7,1751,3,70
1217,14,2,330,7,1758,4,70
1218,14,2,331,7,1765,4,70
1219,14,2,332,3,1768,0,30
1220,14,2,333,5,1773,2,50
1221,14,2,334,4,1777,4,40
1222,14,2,335,5,1782,2,50
1223,14,2,336,9,1791,4,90
1224,14,2,337,8,1799,3,80
1225,14,2,338,6,1805,1,60
1226,14,2,339,9,1814,0,90
1227,14,2,340,8,1822,7,80
1228,14,2,341,3,1825,1,30
1229,14,2,342,7,1832,5,70
1230,14,2,343,5,1837,2,50
1231,14,2,344,5,1842,3,50
1232,14,2,345,7,1849,7,70
1233,14,2,346,2,1851,1,20
1234,14,2,347,6,1857,2,60
1235,14,2,348,4,1861,4,40
1236,14,2,349,4,1865,4,40
1237,14,2,350,2,1867,1,20
1238,14,2,351,2,1869,2,20
1239,14,2,352,5,1874,2,50
1240,14,2,353,3,1877,0,30
1241,14,2,354,3,1880,1,30
1242,14,2,355,8,1888,3,80
1243,14,2,356,9,1897,6,90
1244,14,2,357,9,1906,3,90
1245,14,2,358,7,1913,2,70
1246,14,2,359,2,1915,1,20
1247,14,2,360,9,1924,2,90
1248,14,2,361,5,1929,2,50
1249,14,2,362,8,1937,3,80
1250,14,2,363,3,1940,0,30
1251,14,2,364,4,1944,2,40
1252,14,2,365,7,1951,5,70
1253,14,2,366,7,1958,2,70
1254,14,2,367,2,1960,0,20
1255,14,2,368,2,1962,2,20
1256,14,2,369,5,1967,2,50
1257,14,2,370,8,1975,6,80
1258,14,2,371,7,1982,1,70
1259,14,2,372,4,1986,2,40
1260,14,2,373,6,1992,0,60
1261,14,2,374,2,1994,3,20
1262,14,2,375,9,2003,5,90
1263,14,2,376,7,2010,4,70
1264,14,2,377,8,2018,2,80
1265,14,2,378,2,2020,5,20
1266,14,2,379,3,2023,0,30
1267,14,2,380,7,2030,6,70
1268,14,2,381,3,2033,0,30
1269,14,2,382,5,2038,1,50
1270,14,2,383,8,2046,2,80
1271,14,2,384,7,2053,1,70
1272,14,2,385,2,2055,1,20
1273,14,2,386,5,2060,0,50
1274,14,2,387,7,2067,6,70
1275,14,2,388,7,2074,3,70
1276,14,2,389,4,2078,1,40
1277,14,2,390,5,2083,2,50
1278,14,2,391,8,2091,5,80
1279,14,2,392,7,2098,3,70
1280,14,2,393,6,2104,2,60
1281,14,2,394,5,2109,6,50
1282,14,2,395,6,2115,0,60
1283,14,2,396,5,2120,0,50
1284,14,2,397,3,2123,2,30
1285,14,2,398,2,2125,1,20
1286,14,2,399,9,2134,4,90
1287,14,2,400,5,2139,3,50
1288,14,2,401,7,2146,6,70
1289,14,2,402,6,2152,2,60
1290,14,2,403,4,2156,3,40
1291,14,2,404,6,2162,0,60
1292,14,2,405,3,2165,5,30
1293,14,2,406,2,2167,1,20
1294,14,2,407,8,2175,1,80
1295,14,2,408,6,2181,2,60
1296,14,2,409,8,2189,0,80
1297,14,2,410,6,2195,6,60
1298,14,2,411,5,2200,1,50
1299,14,2,412,6,2206,1,60
1300,14,2,413,7,2213,7,70
1301,14,2,414,6,2219,4,60
1302,14,2,415,5,2224,2,50
1303,14,2,416,9,2233,6,90
1304,14,2,417,4,2237,1,40
1305,14,2,418,7,2244,6,70
1306,14,2,419,4,2248,1,40
1307,14,2,420,4,2252,2,40
1308,14,2,421,2,2254,0,20
1309,14,2,422,2,2256,0,20
1310,14,2,423,4,2260,0,40
1311,14,2,424,9,2269,3,90
1312,14,2,425,6,2275,1,60
1313,14,2,426,5,2280,2,50
1314,14,2,427,4,2284,4,40
1315,14,2,428,9,2293,6,90
1316,14,2,429,7,2300,2,70
1317,14,2,430,3,2303,0,30
1318,14,2,431,5,2308,1,50
1319,14,2,432,8,2316,3,80
1320,14,2,433,8,2324,5,80
1321,14,2,434,5,2329,0,50
1322,14,2,435,3,2332,5,30
1323,14,2,436,8,2340,7,80
1324,14,2,437,3,2343,2,30
1325,14,2,438,4,2347,3,40
1326,14,2,439,4,2351,1,40
1327,14,2,440,4,2355,2,40
1328,14,2,441,6,2361,2,60
1329,14,2,442,4,2365,1,40
1330,14,2,443,5,2370,2,50
1331,14,2,444,4,2374,3,40
1332,14,2,445,8,2382,6,80
1333,14,2,446,3,2385,1,30
1334,14,2,447,9,2394,4,90
1335,14,2,448,5,2399,1,50
1336,14,2,449,9,2408,4,90
1337,14,2,450,2,2410,1,20
1338,14,2,451,9,2419,5,90
1339,14,2,452,2,2421,2,20
1340,14,2,453,2,2423,1,20
1341,14,2,454,5,2428,1,50
1342,14,2,455,7,2435,7,70
1343,14,2,456,6,2441,0,60
1344,14,2,457,2,2443,1,20
1345,14,2,458,9,2452,7,90
1346,14,2,459,9,2461,4,90
1347,14,2,460,4,2465,1,40
1348,14,2,461,7,2472,0,70
1349,14,2,462,5,2477,8,50
1350,14,2,463,9,2486,4,90
1351,14,2,464,6,2492,0,60
1352,14,2,465,9,2501,15,90
1353,14,2,466,7,2508,3,70
1354,14,2,467,6,2514,2,60
1355,14,2,468,8,2522,0,80
1356,14,2,469,9,2531,7,90
1357,14,2,470,3,2534,4,30
1358,14,2,471,9,2543,7,90
1359,14,2,472,8,2551,3,80
1360,14,2,473,3,2554,0,30
1361,14,2,474,3,2557,1,30
1362,14,2,475,4,2561,3,40
1363,14,2,476,8,2569,7,80
1364,14,2,477,6,2575,1,60
1365,14,2,478,6,2581,3,60
1366,14,2,479,7,2588,3,70
1367,14,2,480,2,2590,2,20
1368,14,2,481,7,2597,3,70
1369,14,2,482,8,2605,6,80
1370,14,2,483,5,2610,4,50
1371,14,2,484,8,2618,4,80
1372,14,2,485,5,2623,2,50
1373,14,2,486,5,2628,2,50
1374,14,2,487,8,2636,6,80
1375,14,2,488,8,2644,5,80
1376,14,2,489,3,2647,4,30
1377,14,2,490,4,2651,3,40
1378,14,2,491,2,2653,1,20
1379,14,2,492,5,2658,6,50
1380,14,2,493,4,2662,2,40
1381,14,2,494,4,2666,1,40
1382,14,2,495,4,2670,2,40
1383,14,2,496,5,2675,1,50
1384,14,2,497,7,2682,2,70
1385,14,2,498,9,2691,1,90
1386,14,2,499,8,2699,2,80
1387,14,2,500,4,2703,2,40
1388,14,2,501,8,2711,7,80
1389,14,2,502,6,2717,2,60
1390,14,2,503,7,2724,6,70
1391,14,2,504,7,2731,3,70
1392,14,2,505,7,2738,6,70
1393,14,2,506,2,2740,0,20
1394,14,2,507,5,2745,2,50
1395,14,2,508,7,2752,7,70
1396,14,2,509,5,2757,4,50
1397,14,2,510,3,2760,0,30
1398,14,2,511,5,2765,1,50
1399,14,2,512,2,2767,0,20
1400,14,2,513,4,2771,7,40
1401,14,2,514,6,2777,2,60
1402,14,2,515,7,2784,1,70
1403,14,2,516,8,2792,3,80
1404,14,2,517,3,2795,0,30
1405,14,2,518,7,2802,1,70
1406,14,2,519,3,2805,3,30
1407,14,2,520,5,2810,2,50
1408,14,2,521,4,2814,2,40
1409,14,2,522,8,2822,5,80
1410,14,2,523,7,2829,4,70
1411,14,2,524,7,2836,1,70
1412,14,2,525,7,2843,3,70
1413,14,2,526,4,2847,1,40
1414,14,2,527,8,2855,4,80
1415,14,2,528,5,2860,2,50
1416,14,2,529,7,2867,4,70
1417,14,2,530,5,2872,4,50
1418,14,2,531,9,2881,3,90
1419,14,2,532,7,2888,4,70
1420,14,2,533,5,2893,3,50
1421,14,2,534,5,2898,5,50
1422,14,2,535,8,2906,5,80
1423,14,2,536,6,2912,5,60
1424,14,2,537,9,2921,4,90
1425,14,2,538,8,2929,6,80
1426,14,2,539,3,2932,2,30
1427,14,2,540,7,2939,3,70
1428,14,2,541,7,2946,5,70
1429,14,2,542,8,2954,4,80
1430,14,2,543,7,2961,3,70
1431,14,2,544,8,2969,4,80
1432,14,2,545,3,2972,0,30
1433,14,2,546,9,2981,6,90
1434,14,2,547,3,2984,4,30
1435,14,2,548,4,2988,3,40
1436,14,2,549,9,2997,6,90
1437,14,2,550,9,3006,1,90
1438,14,2,551,6,3012,5,60
1439,14,2,552,3,3015,1,30
1440,14,2,553,4,3019,2,40
1441,14,2,554,6,3025,2,60
1442,14,2,555,9,3034,6,90
1443,14,2,556,8,3042,2,80
1444,14,2,557,4,3046,2,40
1445,14,2,558,9,3055,4,90
1446,14,2,559,4,3059,1,40
1447,14,2,560,7,3066,1,70
1448,14,2,561,9,3075,4,90
1449,14,2,562,5,3080,3,50
1450,14,2,563,7,3087,2,70
1451,14,2,564,5,3092,4,50
1452,14,2,565,9,3101,7,90
1453,14,2,566,9,3110,2,90
1454,14,2,567,4,3114,0,40
1455,14,2,568,2,3116,1,20
1456,14,2,569,4,3120,4,40
1457,14,2,570,7,3127,1,70
1458,14,2,571,7,3134,6,70
1459,14,2,572,3,3137,1,30
1460,14,2,573,6,3143,0,60
1461,14,2,574,8,3151,4,80
1462,14,2,575,6,3157,1,60
1463,14,2,576,8,3165,5,80
1464,14,2,577,9,3174,3,90
1465,14,2,578,5,3179,2,50
1466,14,2,579,7,3186,0,70
1467,14,2,580,3,3189,7,30
1468,14,2,581,7,3196,5,70
1469,14,2,582,3,3199,4,30
1470,14,2,583,4,3203,2,40
1471,14,2,584,5,3208,3,50
1472,14,2,585,4,3212,0,40
1473,14,2,586,7,3219,4,70
1474,14,2,587,5,3224,1,50
1475,14,2,588,3,3227,0,30
1476,14,2,589,5,3232,1,50
1477,14,2,590,3,3235,2,30
1478,14,2,591,4,3239,2,40
1479,14,2,592,9,3248,3,90
1480,14,2,593,8,3256,4,80
1481,14,2,594,5,3261,3,50
1482,14,2,595,4,3265,1,40
1483,14,2,596,4,3269,1,40
1484,14,2,597,8,3277,4,80
1485,14,2,598,9,3286,1,90
1486,14,2,599,8,3294,4,80
1487,14,2,600,9,3303,2,90
1488,14,2,601,8,3311,3,80
1489,14,2,602,7,3318,1,70
1490,14,2,603,8,3326,1,80
1491,14,2,604,2,3328,0,20
1492,14,2,605,3,3331,0,30
1493,14,2,606,7,3338,4,70
1494,14,2,607,8,3346,0,80
1495,14,2,608,8,3354,16,80
1496,14,2,609,5,3359,6,50
1497,14,2,610,9,3368,3,90
1498,14,2,611,3,3371,3,30
1499,14,2,612,4,3375,1,40
1500,14,2,613,3,3378,3,30
1501,14,2,614,4,3382,4,40
1502,14,2,615,8,3390,4,80
1503,14,2,616,4,3394,0,40
1504,14,2,617,7,3401,2,70
1505,14,2,618,5,3406,1,50
1506,14,2,619,6,3412,1,60
1507,14,2,620,9,3421,7,90
1508,14,2,621,5,3426,5,50
1509,14,2,622,5,3431,4,50
1510,14,2,623,7,3438,4,70
1511,14,2,624,4,3442,4,40
1512,14,2,625,8,3450,6,80
1513,14,2,626,6,3456,1,60
1514,14,2,627,3,3459,1,30
1515,14,2,628,3,3462,0,30
1516,14,2,629,2,3464,1,20
1517,14,2,630,5,3469,1,50
1518,14,2,631,3,3472,2,30
1519,14,2,632,6,3478,4,60
1520,14,2,633,9,3487,9,90
1521,14,2,634,3,3490,2,30
1522,14,2,635,6,3496,0,60
1523,14,2,636,9,3505,4,90
1524,14,2,637,9,3514,3,90
1525,14,2,638,8,3522,4,80
1526,14,2,639,8,3530,8,80
1527,14,2,640,8,3538,5,80
1528,14,2,641,9,3547,4,90
1529,14,2,642,7,3554,1,70
1530,14,2,643,5,3559,2,50
1531,14,2,644,6,3565,8,60
1532,14,2,645,7,3572,9,70
1533,14,2,646,3,3575,1,30
1534,14,2,647,9,3584,4,90
1535,14,2,648,8,3592,4,80
1536,14,2,649,6,3598,5,60
1537,14,2,650,6,3604,6,60
1538,14,2,651,5,3609,3,50
1539,14,2,652,5,3614,2,50
1540,14,2,653,5,3619,3,50
1541,14,2,654,6,3625,2,60
1542,14,2,655,4,3629,5,40
1543,14,2,656,5,3634,2,50
1544,14,2,657,6,3640,5,60
1545,14,2,658,4,3644,2,40
1546,14,2,659,7,3651,6,70
1547,14,2,660,5,3656,4,50
1548,14,2,661,4,3660,1,40
1549,14,2,662,9,3669,4,90
1550,14,2,663,2,3671,0,20
1551,14,2,664,6,3677,5,60
1552,14,2,665,9,3686,1,90
1553,14,2,666,6,3692,6,60
1554,14,2,667,2,3694,0,20
1555,14,2,668,9,3703,4,90
1556,14,2,669,4,3707,0,40
1557,14,2,670,3,3710,0,30
1558,14,2,671,4,3714,8,40
1559,14,2,672,9,3723,5,90
1560,14,2,673,4,3727,2,40
1561,14,2,674,2,3729,1,20
1562,14,2,675,2,3731,1,20
1563,14,2,676,5,3736,1,50
1564,14,2,677,2,3738,2,20
1565,14,2,678,9,3747,7,90
1566,14,2,679,6,3753,6,60
1567,14,2,680,4,3757,2,40
1568,14,2,681,9,3766,8,90
1569,14,2,682,9,3775,10,90
1570,14,2,683,5,3780,3,50
1571,14,2,684,4,3784,4,40
1572,14,2,685,7,3791,4,70
1573,14,2,686,8,3799,4,80
1574,14,2,687,9,3808,4,90
1575,14,2,688,2,3810,0,20
1576,14,2,689,8,3818,4,80
1577,14,2,690,8,3826,6,80
1578,14,2,691,4,3830,3,40
1579,14,2,692,4,3834,1,40
1580,14,2,693,4,3838,1,40
1581,14,2,694,9,3847,2,90
1582,14,2,695,7,3854,3,70
1583,14,2,696,8,3862,5,80
1584,14,2,697,5,3867,2,50
1585,14,2,698,3,3870,5,30
1586,14,2,699,7,3877,2,70
1587,14,2,700,7,3884,8,70
1588,14,2,701,5,3889,5,50
1589,14,2,702,5,3894,4,50
1590,14,2,703,3,3897,2,30
1591,14,2,704,5,3902,0,50
1592,14,2,705,2,3904,2,20
1593,14,2,706,7,3911,1,70
1594,14,2,707,5,3916,1,50
1595,14,2,708,4,3920,2,40
1596,14,2,709,2,3922,1,20
1597,14,2,710,7,3929,2,70
1598,14,2,711,3,3932,1,30
1599,14,2,712,3,3935,1,30
1600,14,2,713,4,3939,2,40
1601,14,2,714,7,3946,3,70
1602,14,2,715,7,3953,4,70
1603,14,2,716,3,3956,3,30
1604,14,2,717,2,3958,0,20
1605,14,2,718,6,3964,5,60
1606,14,2,719,3,3967,1,30
1607,14,2,720,3,3970,1,30
1608,14,2,721,5,3975,3,50
1609,14,2,722,3,3978,0,30
1610,14,2,723,4,3982,0,40
1611,14,2,724,4,3986,4,40
1612,14,2,725,8,3994,3,80
1613,14,2,726,4,3998,3,40
1614,14,2,727,8,4006,4,80
1615,14,2,728,3,4009,1,30
1616,14,2,729,6,4015,2,60
1617,14,2,730,5,4020,2,50
1618,14,2,731,3,4023,2,30
1619,14,2,732,5,4028,3,50
1620,14,2,733,4,4032,2,40
1621,14,2,734,8,4040,6,80
1622,14,2,735,5,4045,1,50
1623,14,2,736,2,4047,1,20
1624,14,2,737,8,4055,5,80
1625,14,2,738,7,4062,4,70
1626,14,2,739,2,4064,2,20
1627,14,2,740,5,4069,5,50
1628,14,2,741,2,4071,0,20
1629,14,2,742,8,4079,5,80
1630,14,2,743,5,4084,4,50
1631,14,2,744,4,4088,2,40
1632,14,2,745,2,4090,3,20
1633,14,2,746,9,4099,5,90
1634,14,2,747,4,4103,1,40
1635,14,2,748,8,4111,5,80
1636,14,2,749,7,4118,1,70
1637,14,2,750,7,4125,5,70
1638,14,2,751,8,4133,6,80
1639,14,2,752,7,4140,4,70
1640,14,2,753,6,4146,5,60
1641,14,2,754,6,4152,1,60
1642,14,2,755,7,4159,1,70
1643,14,2,756,5,4164,0,50
1644,14,2,757,8,4172,4,80
1645,14,2,758,5,4177,5,50
1646,14,2,759,6,4183,4,60
1647,14,2,760,4,4187,0,40
1648,14,2,761,2,4189,1,20
1649,14,2,762,3,4192,1,30
1650,14,2,763,8,4200,6,80
1651,14,2,764,9,4209,7,90
1652,14,2,765,8,4217,6,80
1653,14,2,766,6,4223,5,60
1654,14,2,767,4,4227,4,40
1655,14,2,768,4,4231,2,40
1656,14,2,769,3,4234,3,30
1657,14,2,770,8,4242,0,80
1658,14,2,771,9,4251,4,90
1659,14,2,772,2,4253,0,20
1660,14,2,773,4,4257,3,40
1661,14,2,774,8,4265,3,80
1662,14,2,775,7,4272,8,70
1663,14,2,776,2,4274,0,20
1664,14,2,777,9,4283,5,90
1665,14,2,778,9,4292,1,90
1666,14,2,779,6,4298,1,60
1667,14,2,780,3,4301,2,30
1668,14,2,781,7,4308,2,70
1669,14,2,782,5,4313,2,50
1670,14,2,783,9,4322,5,90
1671,14,2,784,9,4331,0,90
1672,14,2,785,8,4339,8,80
1673,14,2,786,4,4343,1,40
1674,14,2,787,8,4351,9,80
1675,14,2,788,6,4357,2,60
1676,14,2,789,2,4359,0,20
1677,14,2,790,7,4366,5,70
1678,14,2,791,9,4375,3,90
1679,14,2,792,4,4379,1,40
1680,14,2,793,9,4388,0,90
1681,14,2,794,5,4393,10,50
1682,14,2,795,7,4400,3,70
1683,14,2,796,8,4408,4,80
1684,14,2,797,3,4411,3,30
1685,14,2,798,2,4413,3,20
1686,14,2,799,4,4417,2,40
1687,14,2,800,2,4419,0,20
1688,14,2,801,5,4424,5,50
1689,14,2,802,3,4427,1,30
1690,14,2,803,3,4430,1,30
1691,14,2,804,2,4432,1,20
1692,14,2,805,5,4437,2,50
1693,14,2,806,4,4441,3,40
1694,14,2,807,5,4446,2,50
1695,14,2,808,2,4448,1,20
1696,14,2,809,6,4454,2,60
1697,14,2,810,9,4463,7,90
1698,14,2,811,2,4465,1,20
1699,14,2,812,6,4471,3,60
1700,14,2,813,9,4480,3,90
1701,14,2,814,2,4482,2,20
1702,14,2,815,4,4486,0,40
1703,14,2,816,7,4493,4,70
1704,14,2,817,5,4498,1,50
1705,14,2,818,4,4502,2,40
1706,14,2,819,9,4511,4,90
1707,14,2,820,6,4517,2,60
1708,14,2,821,7,4524,3,70
1709,14,2,822,4,4528,2,40
1710,14,2,823,8,4536,4,80
1711,14,2,824,3,4539,3,30
1712,14,2,825,8,4547,4,80
1713,14,2,826,6,4553,5,60
1714,14,2,827,8,4561,5,80
1715,14,2,828,9,4570,7,90
1716,14,2,829,3,4573,0,30
1717,14,2,830,7,4580,4,70
1718,14,2,831,3,4583,1,30
1719,14,2,832,2,4585,1,20
1720,14,2,833,6,4591,2,60
1721,14,2,834,9,4600,7,90
1722,14,2,835,6,4606,2,60
1723,14,2,836,5,4611,4,50
1724,14,2,837,7,4618,0,70
1725,14,2,838,3,4621,4,30
1726,14,2,839,9,4630,7,90
1727,14,2,840,8,4638,3,80
1728,14,2,841,2,4640,1,20
1729,14,2,842,6,4646,3,60
1730,14,2,843,5,4651,3,50
1731,14,2,844,2,4653,0,20
1732,14,2,845,5,4658,3,50
1733,14,2,846,6,4664,1,60
1734,14,2,847,6,4670,1,60
1735,14,2,848,5,4675,0,50
1736,14,2,849,2,4677,3,20
1737,14,2,850,9,4686,2,90
1738,14,2,851,5,4691,3,50
1739,14,2,852,2,4693,1,20
1740,14,2,853,9,4702,0,90
1741,14,2,854,5,4707,8,50
1742,14,2,855,7,4714,3,70
1743,14,2,856,3,4717,2,30
1744,14,2,857,7,4724,4,70
1745,14,2,858,7,4731,4,70
1746,14,2,859,7,4738,6,70
1747,14,2,860,7,4745,3,70
1748,14,2,861,5,4750,6,50
1749,14,2,862,9,4759,5,90
1750,14,2,863,8,4767,7,80
1751,14,2,864,2,4769,0,20
1752,14,2,865,6,4775,2,60
1753,14,2,866,3,4778,0,30
1754,14,2,867,5,4783,4,50
1755,14,2,868,2,4785,2,20
1756,14,2,869,7,4792,1,70
1757,14,2,870,5,4797,0,50
1758,14,2,871,2,4799,3,20
1759,14,2,872,5,4804,1,50
1760,14,2,873,6,4810,0,60
1761,14,2,874,6,4816,5,60
1762,14,2,875,4,4820,3,40
1763,14,2,876,2,4822,1,20
1764,14,2,877,2,4824,0,20
1765,14,2,878,6,4830,0,60
1766,14,2,879,9,4839,6,90
1767,14,2,880,9,4848,3,90
1768,14,2,881,3,4851,3,30
1769,14,2,882,5,4856,5,50
1770,14,2,883,3,4859,1,30
1771,14,2,884,8,4867,7,80
1772,14,2,885,6,4873,0,60
1773,14,2,886,3,4876,5,30
1774,14,2,887,3,4879,1,30
1775,14,2,888,8,4887,6,80
1776,14,2,889,7,4894,1,70
1777,14,2,890,6,4900,5,60
1778,14,2,891,3,4903,1,30
1779,14,2,892,3,4906,3,30
1780,14,2,893,7,4913,4,70
1781,14,2,894,8,4921,1,80
1782,14,2,895,6,4927,3,60
1783,14,2,896,2,4929,0,20
1784,14,2,897,5,4934,1,50
1785,14,2,898,3,4937,1,30
1786,14,2,899,8,4945,0,80
1787,14,2,900,8,4953,7,80
1788,14,2,901,8,4961,1,80
1789,14,2,902,7,4968,7,70
1790,14,2,903,2,4970,2,20
1791,14,2,904,3,4973,1,30
1792,14,2,905,3,4976,2,30
1793,14,2,906,9,4985,3,90
1794,14,2,907,2,4987,2,20
1795,14,2,908,6,4993,0,60
1796,14,3,1,5,5,4,50
1797,14,3,2,4,9,2,40
1798,14,3,3,2,11,0,20
1799,14,3,4,6,17,3,60
1800,14,3,5,6,23,4,60
1801,14,3,6,2,25,2,20
1802,14,3,7,8,33,3,80
1803,14,3,8,9,42,2,90
1804,14,3,9,8,50,8,80
1805,14,3,10,7,57,2,70
1806,14,3,11,9,66,0,90
1807,14,3,12,9,75,8,90
1808,14,3,13,5,80,1,50
1809,14,3,14,6,86,4,60
1810,14,3,15,3,89,2,30
1811,14,3,16,3,92,1,30
1812,14,3,17,8,100,5,80
1813,14,3,18,2,102,2,20
1814,14,3,19,7,109,6,70
1815,14,3,20,3,112,2,30
1816,14,3,21,8,120,7,80
1817,14,3,22,7,127,8,70
1818,14,3,23,7,134,3,70
1819,14,3,24,9,143,3,90
1820,14,3,25,5,148,0,50
1821,14,3,26,4,152,4,40
1822,14,3,27,6,158,3,60
1823,14,3,28,5,163,1,50
1824,14,3,29,7,170,2,70
1825,14,3,30,4,174,3,40
1826,14,3,31,3,177,1,30
1827,14,3,32,2,179,1,20
1828,14,3,33,2,181,1,20
1829,14,3,34,3,184,1,30
1830,14,3,35,8,192,3,80
1831,14,3,36,6,198,5,60
1832,14,3,37,5,203,3,50
1833,14,3,38,9,212,4,90
1834,14,3,39,7,219,0,70
1835,14,3,40,9,228,3,90
1836,14,3,41,9,237,4,90
1837,14,3,42,7,244,0,70
1838,14,3,43,3,247,2,30
1839,14,3,44,2,249,0,20
1840,14,3,45,4,253,0,40
1841,14,3,46,3,256,1,30
1842,14,3,47,6,262,3,60
1843,14,3,48,8,270,4,80
1844,14,3,49,7,277,3,70
1845,14,3,50,5,282,2,50
1846,14,3,51,4,286,0,40
1847,14,3,52,8,294,3,80
1848,14,3,53,6,300,4,60
1849,14,3,54,9,309,3,90
1850,14,3,55,8,317,5,80
1851,14,3,56,8,325,7,80
1852,14,3,57,4,329,1,40
1853,14,3,58,9,338,1,90
1854,14,3,59,9,347,2,90
1855,14,3,60,9,356,4,90
1856,14,3,61,6,362,3,60
1857,14,3,62,8,370,4,80
1858,14,3,63,2,372,0,20
1859,14,3,64,3,375,3,30
1860,14,3,65,4,379,1,40
1861,14,3,66,9,388,7,90
1862,14,3,67,6,394,3,60
1863,14,3,68,4,398,2,40
1864,14,3,69,2,400,0,20
1865,14,3,70,6,406,4,60
1866,14,3,71,8,414,6,80
1867,14,3,72,6,420,0,60
1868,14,3,73,3,423,3,30
1869,14,3,74,9,432,3,90
1870,14,3,75,3,435,2,30
1871,14,3,76,5,440,2,50
1872,14,3,77,5,445,2,50
1873,14,3,78,4,449,2,40
1874,14,3,79,3,452,1,30
1875,14,3,80,9,461,9,90
1876,14,3,81,6,467,3,60
1877,14,3,82,8,475,5,80
1878,14,3,83,8,483,7,80
1879,14,3,84,8,491,4,80
1880,14,3,85,3,494,0,30
1881,14,3,86,8,502,7,80
1882,14,3,87,5,507,4,50
1883,14,3,88,4,511,3,40
1884,14,3,89,3,514,1,30
1885,14,3,90,4,518,1,40
1886,14,3,91,9,527,6,90
1887,14,3,92,8,535,4,80
1888,14,3,93,8,543,8,80
1889,14,3,94,3,546,1,30
1890,14,3,95,9,555,4,90
1891,14,3,96,6,561,4,60
1892,14,3,97,3,564,1,30
1893,14,3,98,6,570,2,60
1894,14,3,99,9,579,3,90
1895,14,3,100,2,581,2,20
1896,14,3,101,3,584,1,30
1897,14,3,102,9,593,3,90
1898,14,3,103,5,598,2,50
1899,14,3,104,9,607,3,90
1900,14,3,105,2,609,0,20
1901,14,3,106,9,618,1,90
1902,14,3,107,8,626,5,80
1903,14,3,108,3,629,1,30
1904,14,3,109,5,634,2,50
1905,14,3,110,9,643,6,90
1906,14,3,111,5,648,2,50
1907,14,3,112,3,651,0,30
1908,14,3,113,7,658,7,70
1909,14,3,114,6,664,4,60
1910,14,3,115,8,672,4,80
1911,14,3,116,9,681,5,90
1912,14,3,117,6,687,5,60
1913,14,3,118,7,694,5,70
1914,14,3,119,2,696,0,20
1915,14,3,120,8,704,4,80
1916,14,3,121,2,706,2,20
1917,14,3,122,4,710,2,40
1918,14,3,123,4,714,1,40
1919,14,3,124,5,719,1,50
1920,14,3,125,8,727,5,80
1921,14,3,126,2,729,2,20
1922,14,3,127,5,734,0,50
1923,14,3,128,2,736,0,20
1924,14,3,129,3,739,6,30
1925,14,3,130,5,744,3,50
1926,14,3,131,8,752,6,80
1927,14,3,132,7,759,3,70
1928,14,3,133,8,767,6,80
1929,14,3,134,2,769,0,20
1930,14,3,135,4,773,1,40
1931,14,3,136,3,776,0,30
1932,14,3,137,9,785,6,90
1933,14,3,138,4,789,3,40
1934,14,3,139,3,792,0,30
1935,14,3,140,8,800,4,80
1936,14,3,141,9,809,1,90
1937,14,3,142,4,813,2,40
1938,14,3,143,6,819,4,60
1939,14,3,144,6,825,4,60
1940,14,3,145,8,833,3,80
1941,14,3,146,2,835,1,20
1942,14,3,147,9,844,7,90
1943,14,3,148,7,851,2,70
1944,14,3,149,5,856,2,50
1945,14,3,150,6,862,2,60
1946,14,3,151,9,871,5,90
1947,14,3,152,2,873,1,20
1948,14,3,153,4,877,0,40
1949,14,3,154,4,881,4,40
1950,14,3,155,6,887,2,60
1951,14,3,156,4,891,1,40
1952,14,3,157,9,900,6,90
1953,14,3,158,8,908,2,80
1954,14,3,159,3,911,3,30
1955,14,3,160,2,913,2,20
1956,14,3,161,2,915,1,20
1957,14,3,162,2,917,0,20
1958,14,3,163,6,923,0,60
1959,14,3,164,8,931,0,80
1960,14,3,165,5,936,5,50
1961,14,3,166,9,945,3,90
1962,14,3,167,5,950,4,50
1963,14,3,168,8,958,6,80
1964,14,3,169,5,963,5,50
1965,14,3,170,4,967,2,40
1966,14,3,171,9,976,0,90
1967,14,3,172,6,982,9,60
1968,14,3,173,9,991,6,90
1969,14,3,174,2,993,0,20
1970,14,3,175,2,995,0,20
1971,14,3,176,2,997,2,20
1972,14,3,177,2,999,0,20
1973,14,3,178,7,1006,2,70
1974,14,3,179,4,1010,3,40
1975,14,3,180,8,1018,5,80
1976,14,3,181,7,1025,6,70
1977,14,3,182,5,1030,4,50
1978,14,3,183,9,1039,4,90
1979,14,3,184,9,1048,3,90
1980,14,3,185,6,1054,3,60
1981,14,3,186,5,1059,2,50
1982,14,3,187,8,1067,4,80
1983,14,3,188,5,1072,2,50
1984,14,3,189,5,1077,2,50
1985,14,3,190,3,1080,1,30
1986,14,3,191,3,1083,3,30
1987,14,3,192,8,1091,7,80
1988,14,3,193,8,1099,5,80
1989,14,3,194,8,1107,2,80
1990,14,3,195,2,1109,2,20
1991,14,3,196,9,1118,5,90
1992,14,3,197,9,1127,5,90
1993,14,3,198,3,1130,2,30
1994,14,3,199,3,1133,3,30
1995,14,3,200,4,1137,1,40
1996,14,3,201,5,1142,3,50
1997,14,3,202,5,1147,3,50
1998,14,3,203,8,1155,5,80
1999,14,3,204,3,1158,0,30
2000,14,3,205,6,1164,4,60
2001,14,3,206,6,1170,4,60
2002,14,3,207,5,1175,2,50
2003,14,3,208,8,1183,2,80
2004,14,3,209,2,1185,1,20
2005,14,3,210,7,1192,4,70
2006,14,3,211,2,1194,2,20
2007,14,3,212,7,1201,4,70
2008,14,3,213,7,1208,5,70
2009,14,3,214,3,1211,1,30
2010,14,3,215,4,1215,2,40
2011,14,3,216,7,1222,4,70
2012,14,3,217,4,1226,2,40
2013,14,3,218,8,1234,1,80
2014,14,3,219,2,1236,0,20
2015,14,3,220,6,1242,3,60
2016,14,3,221,3,1245,1,30
2017,14,3,222,6,1251,1,60
2018,14,3,223,5,1256,2,50
2019,14,3,224,9,1265,3,90
2020,14,3,225,7,1272,5,70
2021,14,3,226,2,1274,0,20
2022,14,3,227,6,1280,1,60
2023,14,3,228,9,1289,0,90
2024,14,3,229,4,1293,7,40
2025,14,3,230,2,1295,2,20
2026,14,3,231,7,1302,1,70
2027,14,3,232,3,1305,1,30
2028,14,3,233,9,1314,5,90
2029,14,3,234,8,1322,3,80
2030,14,3,235,7,1329,7,70
2031,14,3,236,9,1338,4,90
2032,14,3,237,2,1340,0,20
2033,14,3,238,6,1346,5,60
2034,14,3,239,2,1348,2,20
2035,14,3,240,5,1353,2,50
2036,14,3,241,3,1356,1,30
2037,14,3,242,7,1363,3,70
2038,14,3,243,4,1367,0,40
2039,14,3,244,4,1371,0,40
2040,14,3,245,8,1379,5,80
2041,14,3,246,3,1382,1,30
2042,14,3,247,3,1385,0,30
2043,14,3,248,5,1390,2,50
2044,14,3,249,3,1393,3,30
2045,14,3,250,6,1399,3,60
2046,14,3,251,3,1402,0,30
2047,14,3,252,4,1406,3,40
2048,14,3,253,6,1412,4,60
2049,14,3,254,2,1414,0,20
2050,14,3,255,2,1416,0,20
2051,14,3,256,2,1418,1,20
2052,14,3,257,7,1425,5,70
2053,14,3,258,3,1428,2,30
2054,14,3,259,7,1435,4,70
2055,14,3,260,3,1438,1,30
2056,14,3,261,2,1440,0,20
2057,14,3,262,5,1445,3,50
2058,14,3,263,4,1449,0,40
2059,14,3,264,7,1456,3,70
2060,14,3,265,6,1462,7,60
2061,14,3,266,6,1468,3,60
2062,14,3,267,4,1472,3,40
2063,14,3,268,9,1481,4,90
2064,14,3,269,6,1487,1,60
2065,14,3,270,4,1491,2,40
2066,14,3,271,7,1498,1,70
2067,14,3,272,3,1501,0,30
2068,14,3,273,2,1503,1,20
2069,14,3,274,2,1505,1,20
2070,14,3,275,4,1509,3,40
2071,14,3,276,5,1514,2,50
2072,14,3,277,4,1518,0,40
2073,14,3,278,6,1524,6,60
2074,14,3,279,2,1526,0,20
2075,14,3,280,4,1530,2,40
2076,14,3,281,4,1534,0,40
2077,14,3,282,6,1540,3,60
2078,14,3,283,6,1546,2,60
2079,14,3,284,8,1554,4,80
2080,14,3,285,8,1562,7,80
2081,14,3,286,5,1567,1,50
2082,14,3,287,8,1575,5,80
2083,14,3,288,7,1582,4,70
2084,14,3,289,6,1588,3,60
2085,14,3,290,2,1590,0,20
2086,14,3,291,3,1593,0,30
2087,14,3,292,6,1599,7,60
2088,14,3,293,4,1603,2,40
2089,14,3,294,5,1608,2,50
2090,14,3,295,7,1615,3,70
2091,14,3,296,5,1620,2,50
2092,14,3,297,7,1627,2,70
2093,14,3,298,6,1633,4,60
2094,14,3,299,2,1635,1,20
2095,14,3,300,9,1644,5,90
2096,14,3,301,4,1648,2,40
2097,14,3,302,3,1651,2,30
2098,14,3,303,7,1658,3,70
2099,14,3,304,5,1663,3,50
2100,14,3,305,9,1672,2,90
2101,14,3,306,2,1674,1,20
2102,14,3,307,6,1680,1,60
2103,14,3,308,5,1685,2,50
2104,14,3,309,6,1691,3,60
2105,14,3,310,8,1699,9,80
2106,14,3,311,2,1701,2,20
2107,14,3,312,7,1708,0,70
2108,14,3,313,7,1715,5,70
2109,14,3,314,5,1720,1,50
2110,14,3,315,4,1724,0,40
2111,14,3,316,4,1728,3,40
2112,14,3,317,2,1730,2,20
2113,14,3,318,4,1734,2,40
2114,14,3,319,7,1741,4,70
2115,14,3,320,8,1749,0,80
2116,14,3,321,6,1755,6,60
2117,14,3,322,2,1757,0,20
2118,14,3,323,2,1759,1,20
2119,14,3,324,5,1764,6,50
2120,14,3,325,8,1772,6,80
2121,14,3,326,9,1781,3,90
2122,14,3,327,6,1787,0,60
2123,14,3,328,7,1794,7,70
2124,14,3,329,5,1799,1,50
2125,14,3,330,7,1806,5,70
2126,14,3,331,9,1815,4,90
2127,14,3,332,4,1819,3,40
2128,14,3,333,9,1828,6,90
2129,14,3,334,8,1836,5,80
2130,14,3,335,5,1841,2,50
2131,14,3,336,7,1848,4,70
2132,14,3,337,2,1850,2,20
2133,14,3,338,7,1857,5,70
2134,14,3,339,4,1861,4,40
2135,14,3,340,8,1869,3,80
2136,14,3,341,6,1875,3,60
2137,14,3,342,3,1878,2,30
2138,14,3,343,5,1883,2,50
2139,14,3,344,2,1885,0,20
2140,14,3,345,5,1890,4,50
2141,14,3,346,8,1898,4,80
2142,14,3,347,7,1905,3,70
2143,14,3,348,5,1910,2,50
2144,14,3,349,2,1912,0,20
2145,14,3,350,6,1918,3,60
2146,14,3,351,3,1921,1,30
2147,14,3,352,3,1924,4,30
2148,14,3,353,6,1930,3,60
2149,14,3,354,5,1935,4,50
2150,14,3,355,4,1939,1,40
2151,14,3,356,8,1947,7,80
2152,14,3,357,4,1951,3,40
2153,14,3,358,7,1958,5,70
2154,14,3,359,8,1966,7,80
2155,14,3,360,5,1971,3,50
2156,14,3,361,3,1974,0,30
2157,14,3,362,6,1980,7,60
2158,14,3,363,2,1982,0,20
2159,14,3,364,2,1984,5,20
2160,14,3,365,5,1989,5,50
2161,14,3,366,6,1995,2,60
2162,14,3,367,7,2002,3,70
2163,14,3,368,6,2008,5,60
2164,14,3,369,8,2016,4,80
2165,14,3,370,9,2025,6,90
2166,14,3,371,6,2031,6,60
2167,14,3,372,8,2039,9,80
2168,14,3,373,2,2041,0,20
2169,14,3,374,3,2044,1,30
2170,14,3,375,2,2046,1,20
2171,14,3,376,6,2052,0,60
2172,14,3,377,5,2057,2,50
2173,14,3,378,5,2062,3,50
2174,14,3,379,6,2068,1,60
2175,14,3,380,5,2073,0,50
2176,14,3,381,6,2079,1,60
2177,14,3,382,7,2086,3,70
2178,14,3,383,9,2095,5,90
2179,14,3,384,9,2104,4,90
2180,14,3,385,4,2108,2,40
2181,14,3,386,9,2117,4,90
2182,14,3,387,5,2122,3,50
2183,14,3,388,7,2129,0,70
2184,14,3,389,4,2133,7,40
2185,14,3,390,6,2139,5,60
2186,14,3,391,2,2141,1,20
2187,14,3,392,6,2147,2,60
2188,14,3,393,5,2152,3,50
2189,14,3,394,8,2160,2,80
2190,14,3,395,4,2164,1,40
2191,14,3,396,8,2172,7,80
2192,14,3,397,6,2178,2,60
2193,14,3,398,2,2180,0,20
2194,14,3,399,2,2182,0,20
2195,14,3,400,9,2191,6,90
2196,14,3,401,3,2194,3,30
2197,14,3,402,6,2200,2,60
2198,14,3,403,6,2206,4,60
2199,14,3,404,7,2213,2,70
2200,14,3,405,4,2217,1,40
2201,14,3,406,6,2223,4,60
2202,14,3,407,3,2226,4,30
2203,14,3,408,6,2232,3,60
2204,14,3,409,8,2240,4,80
2205,14,3,410,3,2243,0,30
2206,14,3,411,7,2250,3,70
2207,14,3,412,7,2257,4,70
2208,14,3,413,7,2264,9,70
2209,14,3,414,6,2270,1,60
2210,14,3,415,4,2274,1,40
2211,14,3,416,8,2282,4,80
2212,14,3,417,2,2284,0,20
2213,14,3,418,7,2291,6,70
2214,14,3,419,5,2296,0,50
2215,14,3,420,7,2303,3,70
2216,14,3,421,3,2306,2,30
2217,14,3,422,8,2314,0,80
2218,14,3,423,4,2318,5,40
2219,14,3,424,8,2326,3,80
2220,14,3,425,7,2333,5,70
2221,14,3,426,2,2335,2,20
2222,14,3,427,3,2338,1,30
2223,14,3,428,2,2340,0,20
2224,14,3,429,5,2345,2,50
2225,14,3,430,2,2347,0,20
2226,14,3,431,4,2351,0,40
2227,14,3,432,5,2356,8,50
2228,14,3,433,9,2365,7,90
2229,14,3,434,4,2369,3,40
2230,14,3,435,9,2378,3,90
2231,14,3,436,8,2386,5,80
2232,14,3,437,2,2388,0,20
2233,14,3,438,5,2393,1,50
2234,14,3,439,9,2402,4,90
2235,14,3,440,8,2410,9,80
2236,14,3,441,6,2416,4,60
2237,14,3,442,6,2422,5,60
2238,14,3,443,7,2429,4,70
2239,14,3,444,3,2432,1,30
2240,14,3,445,6,2438,3,60
2241,14,3,446,3,2441,0,30
2242,14,3,447,8,2449,5,80
2243,14,3,448,8,2457,5,80
2244,14,3,449,4,2461,0,40
2245,14,3,450,7,2468,3,70
2246,14,3,451,2,2470,3,20
2247,14,3,452,8,2478,3,80
2248,14,3,453,7,2485,7,70
2249,14,3,454,8,2493,3,80
2250,14,3,455,9,2502,7,90
2251,14,3,456,2,2504,0,20
2252,14,3,457,6,2510,0,60
2253,14,3,458,3,2513,6,30
2254,14,3,459,3,2516,0,30
2255,14,3,460,6,2522,3,60
2256,14,3,461,5,2527,4,50
2257,14,3,462,3,2530,0,30
2258,14,3,463,6,2536,3,60
2259,14,3,464,2,2538,1,20
2260,14,3,465,4,2542,6,40
2261,14,3,466,5,2547,6,50
2262,14,3,467,8,2555,5,80
2263,14,3,468,8,2563,5,80
2264,14,3,469,2,2565,2,20
2265,14,3,470,8,2573,2,80
2266,14,3,471,2,2575,2,20
2267,14,3,472,8,2583,4,80
2268,14,3,473,8,2591,5,80
2269,14,3,474,2,2593,0,20
2270,14,3,475,4,2597,1,40
2271,14,3,476,3,2600,3,30
2272,14,3,477,2,2602,2,20
2273,14,3,478,7,2609,2,70
2274,14,3,479,2,2611,0,20
2275,14,3,480,6,2617,0,60
2276,14,3,481,3,2620,2,30
2277,14,3,482,4,2624,3,40
2278,14,3,483,5,2629,1,50
2279,14,3,484,7,2636,5,70
2280,14,3,485,9,2645,3,90
2281,14,3,486,4,2649,1,40
2282,14,3,487,8,2657,6,80
2283,14,3,488,2,2659,3,20
2284,14,3,489,4,2663,1,40
2285,14,3,490,9,2672,4,90
2286,14,3,491,3,2675,0,30
2287,14,3,492,8,2683,6,80
2288,14,3,493,2,2685,1,20
2289,14,3,494,5,2690,1,50
2290,14,3,495,3,2693,1,30
2291,14,3,496,6,2699,0,60
2292,14,3,497,6,2705,5,60
2293,14,3,498,9,2714,4,90
2294,14,3,499,6,2720,4,60
2295,14,3,500,9,2729,3,90
2296,14,3,501,2,2731,2,20
2297,14,3,502,7,2738,6,70
2298,14,3,503,5,2743,4,50
2299,14,3,504,8,2751,4,80
2300,14,3,505,5,2756,6,50
2301,14,3,506,4,2760,2,40
2302,14,3,507,2,2762,0,20
2303,14,3,508,2,2764,0,20
2304,14,3,509,5,2769,4,50
2305,14,3,510,9,2778,4,90
2306,14,3,511,9,2787,5,90
2307,14,3,512,6,2793,2,60
2308,14,3,513,6,2799,5,60
2309,14,3,514,7,2806,1,70
2310,14,3,515,6,2812,4,60
2311,14,3,516,7,2819,2,70
2312,14,3,517,7,2826,3,70
2313,14,3,518,5,2831,3,50
2314,14,3,519,2,2833,0,20
2315,14,3,520,2,2835,0,20
2316,14,3,521,2,2837,2,20
2317,14,3,522,3,2840,0,30
2318,14,3,523,3,2843,0,30
2319,14,3,524,9,2852,5,90
2320,14,3,525,7,2859,1,70
2321,14,3,526,6,2865,3,60
2322,14,3,527,7,2872,0,70
2323,14,3,528,7,2879,3,70
2324,14,3,529,5,2884,0,50
2325,14,3,530,9,2893,4,90
2326,14,3,531,7,2900,8,70
2327,14,3,532,2,2902,0,20
2328,14,3,533,2,2904,0,20
2329,14,3,534,6,2910,0,60
2330,14,3,535,7,2917,5,70
2331,14,3,536,8,2925,5,80
2332,14,3,537,5,2930,0,50
2333,14,3,538,5,2935,2,50
2334,14,3,539,6,2941,3,60
2335,14,3,540,2,2943,1,20
2336,14,3,541,6,2949,2,60
2337,14,3,542,4,2953,2,40
2338,14,3,543,3,2956,1,30
2339,14,3,544,2,2958,1,20
2340,14,3,545,3,2961,1,30
2341,14,3,546,8,2969,3,80
2342,14,3,547,6,2975,4,60
2343,14,3,548,5,2980,1,50
2344,14,3,549,9,2989,4,90
2345,14,3,550,6,2995,3,60
2346,14,3,551,6,3001,4,60
2347,14,3,552,5,3006,3,50
2348,14,3,553,4,3010,0,40
2349,14,3,554,7,3017,4,70
2350,14,3,555,7,3024,1,70
2351,14,3,556,3,3027,5,30
2352,14,3,557,4,3031,3,40
2353,14,3,558,9,3040,6,90
2354,14,3,559,8,3048,0,80
2355,14,3,560,8,3056,11,80
2356,14,3,561,4,3060,1,40
2357,14,3,562,4,3064,0,40
2358,14,3,563,8,3072,6,80
2359,14,3,564,2,3074,2,20
2360,14,3,565,3,3077,1,30
2361,14,3,566,6,3083,0,60
2362,14,3,567,5,3088,6,50
2363,14,3,568,8,3096,4,80
2364,14,3,569,9,3105,6,90
2365,14,3,570,8,3113,5,80
2366,14,3,571,5,3118,3,50
2367,14,3,572,3,3121,2,30
2368,14,3,573,5,3126,2,50
2369,14,3,574,4,3130,1,40
2370,14,3,575,3,3133,1,30
2371,14,3,576,9,3142,3,90
2372,14,3,577,2,3144,0,20
2373,14,3,578,5,3149,4,50
2374,14,3,579,2,3151,1,20
2375,14,3,580,6,3157,2,60
2376,14,3,581,7,3164,3,70
2377,14,3,582,6,3170,2,60
2378,14,3,583,2,3172,1,20
2379,14,3,584,6,3178,2,60
2380,14,3,585,2,3180,0,20
2381,14,3,586,9,3189,3,90
2382,14,3,587,4,3193,3,40
2383,14,3,588,2,3195,0,20
2384,14,3,589,3,3198,0,30
2385,14,3,590,7,3205,7,70
2386,14,3,591,3,3208,1,30
2387,14,3,592,3,3211,0,30
2388,14,3,593,2,3213,1,20
2389,14,3,594,9,3222,5,90
2390,14,3,595,9,3231,5,90
2391,14,3,596,9,3240,3,90
2392,14,3,597,5,3245,3,50
2393,14,3,598,5,3250,4,50
2394,14,3,599,7,3257,5,70
2395,14,3,600,5,3262,3,50
2396,14,3,601,7,3269,3,70
2397,14,3,602,9,3278,0,90
2398,14,3,603,4,3282,9,40
2399,14,3,604,7,3289,2,70
2400,14,3,605,5,3294,1,50
2401,14,3,606,6,3300,2,60
2402,14,3,607,7,3307,1,70
2403,14,3,608,7,3314,3,70
2404,14,3,609,3,3317,0,30
2405,14,3,610,3,3320,0,30
2406,14,3,611,7,3327,2,70
2407,14,3,612,6,3333,1,60
2408,14,3,613,5,3338,0,50
2409,14,3,614,3,3341,1,30
2410,14,3,615,9,3350,4,90
2411,14,3,616,6,3356,3,60
2412,14,3,617,7,3363,3,70
2413,14,3,618,9,3372,2,90
2414,14,3,619,4,3376,0,40
2415,14,3,620,3,3379,0,30
2416,14,3,621,9,3388,10,90
2417,14,3,622,4,3392,0,40
2418,14,3,623,4,3396,0,40
2419,14,3,624,2,3398,2,20
2420,14,3,625,4,3402,2,40
2421,14,3,626,7,3409,0,70
2422,14,3,627,3,3412,2,30
2423,14,3,628,7,3419,4,70
2424,14,3,629,7,3426,3,70
2425,14,3,630,3,3429,0,30
2426,14,3,631,6,3435,0,60
2427,14,3,632,3,3438,2,30
2428,14,3,633,7,3445,1,70
2429,14,3,634,3,3448,1,30
2430,14,3,635,7,3455,6,70
2431,14,3,636,3,3458,0,30
2432,14,3,637,6,3464,3,60
2433,14,3,638,6,3470,4,60
2434,14,3,639,7,3477,4,70
2435,14,3,640,5,3482,3,50
2436,14,3,641,6,3488,2,60
2437,14,3,642,8,3496,4,80
2438,14,3,643,4,3500,0,40
2439,14,3,644,4,3504,4,40
2440,14,3,645,5,3509,1,50
2441,14,3,646,9,3518,0,90
2442,14,3,647,2,3520,6,20
2443,14,3,648,4,3524,0,40
2444,14,3,649,7,3531,2,70
2445,14,3,650,2,3533,0,20
2446,14,3,651,6,3539,0,60
2447,14,3,652,9,3548,4,90
2448,14,3,653,7,3555,0,70
2449,14,3,654,2,3557,2,20
2450,14,3,655,5,3562,1,50
2451,14,3,656,8,3570,7,80
2452,14,3,657,3,3573,3,30
2453,14,3,658,4,3577,0,40
2454,14,3,659,2,3579,1,20
2455,14,3,660,3,3582,4,30
2456,14,3,661,7,3589,4,70
2457,14,3,662,8,3597,0,80
2458,14,3,663,2,3599,3,20
2459,14,3,664,3,3602,0,30
2460,14,3,665,8,3610,8,80
2461,14,3,666,6,3616,4,60
2462,14,3,667,6,3622,7,60
2463,14,3,668,8,3630,5,80
2464,14,3,669,2,3632,1,20
2465,14,3,670,8,3640,8,80
2466,14,3,671,9,3649,7,90
2467,14,3,672,7,3656,3,70
2468,14,3,673,9,3665,3,90
2469,14,3,674,8,3673,4,80
2470,14,3,675,5,3678,4,50
2471,14,3,676,3,3681,3,30
2472,14,3,677,9,3690,4,90
2473,14,3,678,9,3699,5,90
2474,14,3,679,4,3703,3,40
2475,14,3,680,2,3705,1,20
2476,14,3,681,8,3713,1,80
2477,14,3,682,6,3719,2,60
2478,14,3,683,5,3724,3,50
2479,14,3,684,8,3732,3,80
2480,14,3,685,5,3737,0,50
2481,14,3,686,9,3746,6,90
2482,14,3,687,4,3750,0,40
2483,14,3,688,4,3754,2,40
2484,14,3,689,4,3758,2,40
2485,14,3,690,7,3765,5,70
2486,14,3,691,8,3773,6,80
2487,14,3,692,3,3776,4,30
2488,14,3,693,2,3778,1,20
2489,14,3,694,9,3787,5,90
2490,14,3,695,8,3795,4,80
2491,14,3,696,5,3800,1,50
2492,14,3,697,9,3809,6,90
2493,14,3,698,8,3817,6,80
2494,14,3,699,2,3819,0,20
2495,14,3,700,5,3824,1,50
2496,14,3,701,8,3832,4,80
2497,14,3,702,4,3836,1,40
2498,14,3,703,9,3845,5,90
2499,14,3,704,2,3847,0,20
2500,14,3,705,5,3852,3,50
2501,14,3,706,2,3854,2,20
2502,14,3,707,9,3863,3,90
2503,14,3,708,2,3865,1,20
2504,14,3,709,3,3868,0,30
2505,14,3,710,9,3877,0,90
2506,14,3,711,3,3880,5,30
2507,14,3,712,6,3886,3,60
2508,14,3,713,7,3893,4,70
2509,14,3,714,3,3896,0,30
2510,14,3,715,5,3901,4,50
2511,14,3,716,2,3903,0,20
2512,14,3,717,5,3908,2,50
2513,14,3,718,6,3914,0,60
2514,14,3,719,2,3916,0,20
2515,14,3,720,2,3918,1,20
2516,14,3,721,4,3922,0,40
2517,14,3,722,8,3930,4,80
2518,14,3,723,4,3934,1,40
2519,14,3,724,7,3941,5,70
2520,14,3,725,3,3944,3,30
2521,14,3,726,3,3947,0,30
2522,14,3,727,5,3952,2,50
2523,14,3,728,6,3958,2,60
2524,14,3,729,3,3961,3,30
2525,14,3,730,4,3965,3,40
2526,14,3,731,2,3967,2,20
2527,14,3,732,6,3973,1,60
2528,14,3,733,7,3980,3,70
2529,14,3,734,9,3989,3,90
2530,14,3,735,9,3998,7,90
2531,14,3,736,9,4007,6,90
2532,14,3,737,5,4012,3,50
2533,14,3,738,6,4018,0,60
2534,14,3,739,5,4023,2,50
2535,14,3,740,6,4029,2,60
2536,14,3,741,4,4033,3,40
2537,14,3,742,5,4038,2,50
2538,14,3,743,8,4046,2,80
2539,14,3,744,2,4048,0,20
2540,14,3,745,9,4057,4,90
2541,14,3,746,4,4061,4,40
2542,14,3,747,4,4065,1,40
2543,14,3,748,3,4068,1,30
2544,14,3,749,6,4074,2,60
2545,14,3,750,5,4079,2,50
2546,14,3,751,8,4087,3,80
2547,14,3,752,4,4091,0,40
2548,14,3,753,2,4093,1,20
2549,14,3,754,8,4101,3,80
2550,14,3,755,5,4106,7,50
2551,14,3,756,8,4114,2,80
2552,14,3,757,5,4119,4,50
2553,14,3,758,7,4126,6,70
2554,14,3,759,8,4134,3,80
2555,14,3,760,7,4141,4,70
2556,14,3,761,9,4150,2,90
2557,14,3,762,4,4154,1,40
2558,14,3,763,8,4162,2,80
2559,14,3,764,9,4171,3,90
2560,14,3,765,7,4178,3,70
2561,14,3,766,8,4186,7,80
2562,14,3,767,3,4189,3,30
2563,14,3,768,5,4194,2,50
2564,14,3,769,5,4199,3,50
2565,14,3,770,5,4204,4,50
2566,14,3,771,8,4212,0,80
2567,14,3,772,6,4218,9,60
2568,14,3,773,6,4224,1,60
2569,14,3,774,8,4232,1,80
2570,14,3,775,4,4236,0,40
2571,14,3,776,7,4243,4,70
2572,14,3,777,6,4249,3,60
2573,14,3,778,2,4251,2,20
2574,14,3,779,2,4253,3,20
2575,14,3,780,3,4256,3,30
2576,14,3,781,6,4262,4,60
2577,14,3,782,2,4264,2,20
2578,14,3,783,2,4266,1,20
2579,14,3,784,9,4275,5,90
2580,14,3,785,4,4279,2,40
2581,14,3,786,5,4284,3,50
2582,14,3,787,4,4288,2,40
2583,14,3,788,8,4296,2,80
2584,14,3,789,2,4298,1,20
2585,14,3,790,5,4303,3,50
2586,14,3,791,9,4312,3,90
2587,14,3,792,6,4318,3,60
2588,14,3,793,5,4323,0,50
2589,14,3,794,5,4328,2,50
2590,14,3,795,9,4337,3,90
2591,14,3,796,8,4345,2,80
2592,14,3,797,8,4353,2,80
2593,14,3,798,6,4359,3,60
2594,14,3,799,3,4362,0,30
2595,14,3,800,5,4367,2,50
2596,14,3,801,7,4374,4,70
2597,14,3,802,2,4376,2,20
2598,14,3,803,7,4383,3,70
2599,14,3,804,6,4389,7,60
2600,14,3,805,8,4397,3,80
2601,14,3,806,5,4402,1,50
2602,14,3,807,9,4411,2,90
2603,14,3,808,5,4416,1,50
2604,14,3,809,7,4423,3,70
2605,14,3,810,2,4425,0,20
2606,14,3,811,8,4433,4,80
2607,14,3,812,9,4442,5,90
2608,14,3,813,3,4445,4,30
2609,14,3,814,5,4450,2,50
2610,14,3,815,8,4458,8,80
2611,14,3,816,7,4465,0,70
2612,14,3,817,5,4470,3,50
2613,14,3,818,3,4473,2,30
2614,14,3,819,4,4477,2,40
2615,14,3,820,3,4480,2,30
2616,14,3,821,8,4488,3,80
2617,14,3,822,2,4490,0,20
2618,14,3,823,7,4497,2,70
2619,14,3,824,3,4500,1,30
2620,14,3,825,6,4506,3,60
2621,14,3,826,9,4515,3,90
2622,14,3,827,3,4518,3,30
2623,14,3,828,5,4523,3,50
2624,14,3,829,5,4528,3,50
2625,14,3,830,7,4535,2,70
2626,14,3,831,9,4544,2,90
2627,14,3,832,2,4546,1,20
2628,14,3,833,3,4549,3,30
2629,14,3,834,7,4556,3,70
2630,14,3,835,7,4563,1,70
2631,14,3,836,6,4569,3,60
2632,14,3,837,8,4577,5,80
2633,14,3,838,3,4580,1,30
2634,14,3,839,4,4584,3,40
2635,14,3,840,5,4589,3,50
2636,14,3,841,9,4598,3,90
2637,14,3,842,6,4604,5,60
2638,14,3,843,4,4608,0,40
2639,14,3,844,6,4614,2,60
2640,14,3,845,6,4620,2,60
2641,14,3,846,7,4627,1,70
2642,14,3,847,4,4631,1,40
2643,14,3,848,6,4637,6,60
2644,14,3,849,9,4646,0,90
2645,14,3,850,6,4652,7,60
2646,14,3,851,4,4656,2,40
2647,14,3,852,9,4665,7,90
2648,14,3,853,2,4667,0,20
2649,14,3,854,4,4671,3,40
2650,14,3,855,8,4679,5,80
2651,14,3,856,5,4684,1,50
2652,14,3,857,6,4690,4,60
2653,14,3,858,7,4697,5,70
2654,14,3,859,2,4699,2,20
2655,14,3,860,5,4704,1,50
2656,14,3,861,4,4708,3,40
2657,14,3,862,3,4711,3,30
2658,14,3,863,7,4718,2,70
2659,14,3,864,9,4727,4,90
2660,14,3,865,4,4731,2,40
2661,14,3,866,4,4735,5,40
2662,14,3,867,8,4743,7,80
2663,14,3,868,8,4751,5,80
2664,14,3,869,8,4759,0,80
2665,14,3,870,5,4764,12,50
2666,14,3,871,7,4771,4,70
2667,14,3,872,5,4776,4,50
2668,14,3,873,4,4780,1,40
2669,14,3,874,4,4784,2,40
2670,14,3,875,6,4790,0,60
2671,14,3,876,9,4799,0,90
2672,14,3,877,7,4806,11,70
2673,14,3,878,5,4811,5,50
2674,14,3,879,7,4818,4,70
2675,14,3,880,6,4824,3,60
2676,14,3,881,4,4828,1,40
2677,14,3,882,6,4834,3,60
2678,14,3,883,3,4837,1,30
2679,14,3,884,5,4842,1,50
2680,14,3,885,9,4851,5,90
2681,14,3,886,8,4859,0,80
2682,14,3,887,9,4868,5,90
2683,14,3,888,8,4876,5,80
2684,14,3,889,5,4881,7,50
2685,14,3,890,5,4886,3,50
2686,14,3,891,4,4890,2,40
2687,14,3,892,5,4895,5,50
2688,14,3,893,8,4903,7,80
2689,14,3,894,3,4906,3,30
2690,14,3,895,2,4908,1,20
2691,14,3,896,5,4913,3,50
2692,14,3,897,6,4919,6,60
2693,14,3,898,5,4924,5,50
2694,14,3,899,3,4927,3,30
2695,14,3,900,2,4929,1,20
2696,14,3,901,5,4934,2,50
2697,14,3,902,3,4937,2,30
2698,14,3,903,8,4945,1,80
2699,14,3,904,9,4954,5,90
2700,14,3,905,4,4958,2,40
2701,14,3,906,9,4967,5,90
2702,14,3,907,6,4973,1,60
2703,14,3,908,8,4981,7,80
2704,14,3,909,3,4984,0,30
2705,14,3,910,4,4988,1,40
2706,14,3,911,6,4994,0,60
