,Scenario,Trial,Inspection,Interval,Time,Defects,Rate
0,48,1,1,7,7,5,70
1,48,1,2,4,11,2,40
2,48,1,3,5,16,0,50
3,48,1,4,2,18,3,20
4,48,1,5,2,20,1,20
5,48,1,6,4,24,5,40
6,48,1,7,2,26,1,20
7,48,1,8,5,31,3,50
8,48,1,9,3,34,2,30
9,48,1,10,2,36,2,20
10,48,1,11,2,38,0,20
11,48,1,12,4,42,0,40
12,48,1,13,9,51,3,90
13,48,1,14,9,60,4,90
14,48,1,15,2,62,0,20
15,48,1,16,2,64,0,20
16,48,1,17,4,68,4,40
17,48,1,18,8,76,2,80
18,48,1,19,9,85,8,90
19,48,1,20,6,91,0,60
20,48,1,21,7,98,9,70
21,48,1,22,4,102,0,40
22,48,1,23,7,109,3,70
23,48,1,24,7,116,0,70
24,48,1,25,3,119,5,30
25,48,1,26,8,127,7,80
26,48,1,27,6,133,6,60
27,48,1,28,7,140,4,70
28,48,1,29,8,148,1,80
29,48,1,30,6,154,7,60
30,48,1,31,3,157,0,30
31,48,1,32,5,162,5,50
32,48,1,33,3,165,2,30
33,48,1,34,9,174,8,90
34,48,1,35,2,176,1,20
35,48,1,36,2,178,2,20
36,48,1,37,7,185,0,70
37,48,1,38,5,190,5,50
38,48,1,39,2,192,0,20
39,48,1,40,5,197,2,50
40,48,1,41,7,204,3,70
41,48,1,42,9,213,1,90
42,48,1,43,4,217,0,40
43,48,1,44,8,225,7,80
44,48,1,45,7,232,7,70
45,48,1,46,4,236,2,40
46,48,1,47,8,244,4,80
47,48,1,48,8,252,8,80
48,48,1,49,9,261,7,90
49,48,1,50,5,266,0,50
50,48,1,51,2,268,1,20
51,48,1,52,7,275,8,70
52,48,1,53,9,284,9,90
53,48,1,54,4,288,2,40
54,48,1,55,2,290,0,20
55,48,1,56,2,292,0,20
56,48,1,57,5,297,0,50
57,48,1,58,5,302,0,50
58,48,1,59,5,307,0,50
59,48,1,60,9,316,6,90
60,48,1,61,5,321,4,50
61,48,1,62,8,329,4,80
62,48,1,63,2,331,0,20
63,48,1,64,6,337,2,60
64,48,1,65,8,345,4,80
65,48,1,66,7,352,0,70
66,48,1,67,3,355,0,30
67,48,1,68,9,364,10,90
68,48,1,69,4,368,1,40
69,48,1,70,4,372,1,40
70,48,1,71,5,377,0,50
71,48,1,72,8,385,10,80
72,48,1,73,5,390,3,50
73,48,1,74,5,395,2,50
74,48,1,75,2,397,0,20
75,48,1,76,2,399,0,20
76,48,1,77,2,401,0,20
77,48,1,78,2,403,5,20
78,48,1,79,2,405,1,20
79,48,1,80,4,409,1,40
80,48,1,81,7,416,5,70
81,48,1,82,7,423,2,70
82,48,1,83,5,428,1,50
83,48,1,84,2,430,3,20
84,48,1,85,5,435,1,50
85,48,1,86,3,438,0,30
86,48,1,87,5,443,4,50
87,48,1,88,9,452,4,90
88,48,1,89,7,459,3,70
89,48,1,90,2,461,2,20
90,48,1,91,7,468,5,70
91,48,1,92,9,477,4,90
92,48,1,93,3,480,0,30
93,48,1,94,8,488,0,80
94,48,1,95,3,491,9,30
95,48,1,96,2,493,2,20
96,48,1,97,4,497,0,40
97,48,1,98,2,499,4,20
98,48,1,99,6,505,0,60
99,48,1,100,4,509,8,40
100,48,1,101,3,512,3,30
101,48,1,102,2,514,0,20
102,48,1,103,4,518,6,40
103,48,1,104,6,524,3,60
104,48,1,105,6,530,1,60
105,48,1,106,7,537,1,70
106,48,1,107,4,541,0,40
107,48,1,108,8,549,6,80
108,48,1,109,4,553,2,40
109,48,1,110,9,562,6,90
110,48,1,111,8,570,1,80
111,48,1,112,4,574,0,40
112,48,1,113,8,582,3,80
113,48,1,114,4,586,2,40
114,48,1,115,5,591,3,50
115,48,1,116,9,600,5,90
116,48,1,117,7,607,2,70
117,48,1,118,6,613,4,60
118,48,1,119,8,621,3,80
119,48,1,120,8,629,7,80
120,48,1,121,6,635,2,60
121,48,1,122,6,641,0,60
122,48,1,123,3,644,5,30
123,48,1,124,9,653,6,90
124,48,1,125,9,662,7,90
125,48,1,126,8,670,3,80
126,48,1,127,6,676,2,60
127,48,1,128,3,679,0,30
128,48,1,129,4,683,0,40
129,48,1,130,6,689,5,60
130,48,1,131,5,694,2,50
131,48,1,132,9,703,2,90
132,48,1,133,8,711,4,80
133,48,1,134,7,718,5,70
134,48,1,135,9,727,2,90
135,48,1,136,8,735,2,80
136,48,1,137,6,741,3,60
137,48,1,138,5,746,0,50
138,48,1,139,3,749,0,30
139,48,1,140,7,756,0,70
140,48,1,141,7,763,3,70
141,48,1,142,2,765,0,20
142,48,1,143,5,770,1,50
143,48,1,144,6,776,4,60
144,48,1,145,2,778,1,20
145,48,1,146,9,787,3,90
146,48,1,147,6,793,1,60
147,48,1,148,4,797,5,40
148,48,1,149,9,806,4,90
149,48,1,150,8,814,3,80
150,48,1,151,4,818,2,40
151,48,1,152,7,825,7,70
152,48,1,153,7,832,1,70
153,48,1,154,6,838,3,60
154,48,1,155,2,840,1,20
155,48,1,156,4,844,0,40
156,48,1,157,2,846,2,20
157,48,1,158,8,854,4,80
158,48,1,159,4,858,0,40
159,48,1,160,3,861,4,30
160,48,1,161,2,863,1,20
161,48,1,162,8,871,0,80
162,48,1,163,9,880,6,90
163,48,1,164,7,887,3,70
164,48,1,165,5,892,1,50
165,48,1,166,8,900,2,80
166,48,1,167,5,905,4,50
167,48,1,168,3,908,0,30
168,48,1,169,7,915,0,70
169,48,1,170,7,922,0,70
170,48,1,171,8,930,13,80
171,48,1,172,4,934,4,40
172,48,1,173,2,936,0,20
173,48,1,174,7,943,6,70
174,48,1,175,4,947,1,40
175,48,1,176,7,954,0,70
176,48,1,177,6,960,0,60
177,48,1,178,4,964,0,40
178,48,1,179,9,973,8,90
179,48,1,180,8,981,5,80
180,48,1,181,2,983,1,20
181,48,1,182,9,992,4,90
182,48,1,183,3,995,1,30
183,48,1,184,5,1000,3,50
184,48,1,185,7,1007,3,70
185,48,1,186,6,1013,1,60
186,48,1,187,4,1017,0,40
187,48,1,188,8,1025,4,80
188,48,1,189,7,1032,3,70
189,48,1,190,3,1035,3,30
190,48,1,191,5,1040,0,50
191,48,1,192,8,1048,7,80
192,48,1,193,8,1056,0,80
193,48,1,194,9,1065,13,90
194,48,1,195,5,1070,0,50
195,48,1,196,6,1076,7,60
196,48,1,197,8,1084,0,80
197,48,1,198,9,1093,6,90
198,48,1,199,7,1100,5,70
199,48,1,200,6,1106,7,60
200,48,1,201,7,1113,2,70
201,48,1,202,8,1121,1,80
202,48,1,203,6,1127,3,60
203,48,1,204,5,1132,1,50
204,48,1,205,3,1135,1,30
205,48,1,206,7,1142,4,70
206,48,1,207,8,1150,7,80
207,48,1,208,2,1152,0,20
208,48,1,209,5,1157,1,50
209,48,1,210,8,1165,5,80
210,48,1,211,3,1168,1,30
211,48,1,212,5,1173,1,50
212,48,1,213,6,1179,0,60
213,48,1,214,3,1182,6,30
214,48,1,215,9,1191,3,90
215,48,1,216,3,1194,1,30
216,48,1,217,8,1202,7,80
217,48,1,218,6,1208,3,60
218,48,1,219,5,1213,1,50
219,48,1,220,9,1222,8,90
220,48,1,221,5,1227,1,50
221,48,1,222,9,1236,7,90
222,48,1,223,5,1241,3,50
223,48,1,224,7,1248,0,70
224,48,1,225,8,1256,0,80
225,48,1,226,2,1258,10,20
226,48,1,227,3,1261,3,30
227,48,1,228,7,1268,1,70
228,48,1,229,8,1276,0,80
229,48,1,230,3,1279,7,30
230,48,1,231,8,1287,2,80
231,48,1,232,2,1289,0,20
232,48,1,233,7,1296,1,70
233,48,1,234,2,1298,1,20
234,48,1,235,9,1307,2,90
235,48,1,236,5,1312,0,50
236,48,1,237,4,1316,0,40
237,48,1,238,4,1320,2,40
238,48,1,239,8,1328,3,80
239,48,1,240,3,1331,2,30
240,48,1,241,9,1340,2,90
241,48,1,242,2,1342,2,20
242,48,1,243,8,1350,4,80
243,48,1,244,4,1354,4,40
244,48,1,245,9,1363,4,90
245,48,1,246,6,1369,2,60
246,48,1,247,8,1377,0,80
247,48,1,248,6,1383,4,60
248,48,1,249,7,1390,7,70
249,48,1,250,5,1395,1,50
250,48,1,251,6,1401,3,60
251,48,1,252,9,1410,3,90
252,48,1,253,9,1419,6,90
253,48,1,254,5,1424,0,50
254,48,1,255,7,1431,8,70
255,48,1,256,8,1439,4,80
256,48,1,257,8,1447,0,80
257,48,1,258,2,1449,7,20
258,48,1,259,6,1455,1,60
259,48,1,260,4,1459,1,40
260,48,1,261,4,1463,3,40
261,48,1,262,6,1469,1,60
262,48,1,263,9,1478,6,90
263,48,1,264,4,1482,3,40
264,48,1,265,2,1484,0,20
265,48,1,266,2,1486,1,20
266,48,1,267,8,1494,5,80
267,48,1,268,8,1502,3,80
268,48,1,269,3,1505,0,30
269,48,1,270,3,1508,3,30
270,48,1,271,4,1512,0,40
271,48,1,272,2,1514,1,20
272,48,1,273,4,1518,4,40
273,48,1,274,7,1525,5,70
274,48,1,275,8,1533,4,80
275,48,1,276,3,1536,0,30
276,48,1,277,8,1544,4,80
277,48,1,278,4,1548,3,40
278,48,1,279,5,1553,2,50
279,48,1,280,7,1560,2,70
280,48,1,281,8,1568,0,80
281,48,1,282,8,1576,0,80
282,48,1,283,9,1585,23,90
283,48,1,284,3,1588,2,30
284,48,1,285,3,1591,1,30
285,48,1,286,9,1600,4,90
286,48,1,287,2,1602,0,20
287,48,1,288,5,1607,1,50
288,48,1,289,6,1613,3,60
289,48,1,290,4,1617,2,40
290,48,1,291,7,1624,6,70
291,48,1,292,2,1626,0,20
292,48,1,293,9,1635,5,90
293,48,1,294,2,1637,1,20
294,48,1,295,4,1641,1,40
295,48,1,296,6,1647,2,60
296,48,1,297,9,1656,7,90
297,48,1,298,9,1665,5,90
298,48,1,299,9,1674,7,90
299,48,1,300,2,1676,0,20
300,48,1,301,5,1681,0,50
301,48,1,302,7,1688,4,70
302,48,1,303,2,1690,0,20
303,48,1,304,7,1697,5,70
304,48,1,305,2,1699,0,20
305,48,1,306,6,1705,7,60
306,48,1,307,9,1714,0,90
307,48,1,308,9,1723,8,90
308,48,1,309,5,1728,0,50
309,48,1,310,7,1735,0,70
310,48,1,311,3,1738,3,30
311,48,1,312,7,1745,3,70
312,48,1,313,6,1751,0,60
313,48,1,314,3,1754,5,30
314,48,1,315,3,1757,2,30
315,48,1,316,5,1762,0,50
316,48,1,317,3,1765,7,30
317,48,1,318,2,1767,3,20
318,48,1,319,2,1769,0,20
319,48,1,320,9,1778,5,90
320,48,1,321,8,1786,2,80
321,48,1,322,4,1790,2,40
322,48,1,323,4,1794,0,40
323,48,1,324,4,1798,0,40
324,48,1,325,7,1805,5,70
325,48,1,326,8,1813,4,80
326,48,1,327,4,1817,1,40
327,48,1,328,4,1821,1,40
328,48,1,329,8,1829,2,80
329,48,1,330,9,1838,2,90
330,48,1,331,6,1844,7,60
331,48,1,332,7,1851,10,70
332,48,1,333,5,1856,0,50
333,48,1,334,9,1865,0,90
334,48,1,335,7,1872,12,70
335,48,1,336,7,1879,2,70
336,48,1,337,5,1884,2,50
337,48,1,338,7,1891,5,70
338,48,1,339,8,1899,0,80
339,48,1,340,2,1901,0,20
340,48,1,341,9,1910,10,90
341,48,1,342,9,1919,0,90
342,48,1,343,2,1921,4,20
343,48,1,344,7,1928,3,70
344,48,1,345,3,1931,3,30
345,48,1,346,8,1939,5,80
346,48,1,347,7,1946,1,70
347,48,1,348,3,1949,1,30
348,48,1,349,4,1953,4,40
349,48,1,350,4,1957,3,40
350,48,1,351,7,1964,6,70
351,48,1,352,2,1966,1,20
352,48,1,353,6,1972,4,60
353,48,1,354,8,1980,7,80
354,48,1,355,5,1985,1,50
355,48,1,356,5,1990,4,50
356,48,1,357,3,1993,3,30
357,48,1,358,6,1999,6,60
358,48,1,359,6,2005,4,60
359,48,1,360,4,2009,0,40
360,48,1,361,4,2013,5,40
361,48,1,362,6,2019,1,60
362,48,1,363,5,2024,2,50
363,48,1,364,5,2029,1,50
364,48,1,365,5,2034,0,50
365,48,1,366,6,2040,8,60
366,48,1,367,5,2045,2,50
367,48,1,368,5,2050,1,50
368,48,1,369,2,2052,2,20
369,48,1,370,5,2057,2,50
370,48,1,371,6,2063,4,60
371,48,1,372,5,2068,3,50
372,48,1,373,6,2074,1,60
373,48,1,374,4,2078,1,40
374,48,1,375,7,2085,5,70
375,48,1,376,2,2087,3,20
376,48,1,377,6,2093,0,60
377,48,1,378,2,2095,0,20
378,48,1,379,5,2100,7,50
379,48,1,380,2,2102,0,20
380,48,1,381,7,2109,5,70
381,48,1,382,7,2116,4,70
382,48,1,383,8,2124,5,80
383,48,1,384,8,2132,0,80
384,48,1,385,4,2136,4,40
385,48,1,386,2,2138,0,20
386,48,1,387,9,2147,7,90
387,48,1,388,9,2156,4,90
388,48,1,389,5,2161,2,50
389,48,1,390,6,2167,3,60
390,48,1,391,4,2171,4,40
391,48,1,392,8,2179,2,80
392,48,1,393,6,2185,0,60
393,48,1,394,7,2192,10,70
394,48,1,395,3,2195,3,30
395,48,1,396,5,2200,4,50
396,48,1,397,9,2209,2,90
397,48,1,398,4,2213,0,40
398,48,1,399,3,2216,0,30
399,48,1,400,6,2222,2,60
400,48,1,401,2,2224,1,20
401,48,1,402,3,2227,1,30
402,48,1,403,6,2233,2,60
403,48,1,404,5,2238,6,50
404,48,1,405,2,2240,0,20
405,48,1,406,3,2243,0,30
406,48,1,407,9,2252,8,90
407,48,1,408,3,2255,0,30
408,48,1,409,3,2258,0,30
409,48,1,410,9,2267,3,90
410,48,1,411,4,2271,5,40
411,48,1,412,2,2273,2,20
412,48,1,413,2,2275,1,20
413,48,1,414,9,2284,4,90
414,48,1,415,6,2290,0,60
415,48,1,416,3,2293,0,30
416,48,1,417,4,2297,7,40
417,48,1,418,5,2302,0,50
418,48,1,419,5,2307,0,50
419,48,1,420,2,2309,0,20
420,48,1,421,8,2317,7,80
421,48,1,422,3,2320,2,30
422,48,1,423,7,2327,1,70
423,48,1,424,6,2333,0,60
424,48,1,425,9,2342,8,90
425,48,1,426,2,2344,1,20
426,48,1,427,7,2351,10,70
427,48,1,428,7,2358,0,70
428,48,1,429,9,2367,11,90
429,48,1,430,2,2369,1,20
430,48,1,431,2,2371,2,20
431,48,1,432,4,2375,1,40
432,48,1,433,4,2379,2,40
433,48,1,434,9,2388,3,90
434,48,1,435,4,2392,3,40
435,48,1,436,7,2399,4,70
436,48,1,437,3,2402,1,30
437,48,1,438,7,2409,9,70
438,48,1,439,4,2413,1,40
439,48,1,440,8,2421,3,80
440,48,1,441,3,2424,1,30
441,48,1,442,4,2428,2,40
442,48,1,443,5,2433,3,50
443,48,1,444,2,2435,0,20
444,48,1,445,7,2442,3,70
445,48,1,446,5,2447,2,50
446,48,1,447,3,2450,1,30
447,48,1,448,5,2455,0,50
448,48,1,449,4,2459,1,40
449,48,1,450,3,2462,2,30
450,48,1,451,7,2469,4,70
451,48,1,452,8,2477,2,80
452,48,1,453,6,2483,1,60
453,48,1,454,4,2487,5,40
454,48,1,455,7,2494,1,70
455,48,1,456,4,2498,1,40
456,48,1,457,4,2502,3,40
457,48,1,458,6,2508,4,60
458,48,1,459,3,2511,2,30
459,48,1,460,9,2520,4,90
460,48,1,461,6,2526,3,60
461,48,1,462,3,2529,3,30
462,48,1,463,3,2532,1,30
463,48,1,464,5,2537,0,50
464,48,1,465,4,2541,4,40
465,48,1,466,7,2548,5,70
466,48,1,467,8,2556,6,80
467,48,1,468,3,2559,0,30
468,48,1,469,5,2564,5,50
469,48,1,470,6,2570,5,60
470,48,1,471,7,2577,2,70
471,48,1,472,5,2582,0,50
472,48,1,473,8,2590,8,80
473,48,1,474,6,2596,4,60
474,48,1,475,4,2600,1,40
475,48,1,476,4,2604,1,40
476,48,1,477,9,2613,5,90
477,48,1,478,6,2619,3,60
478,48,1,479,2,2621,1,20
479,48,1,480,2,2623,1,20
480,48,1,481,6,2629,0,60
481,48,1,482,9,2638,6,90
482,48,1,483,6,2644,2,60
483,48,1,484,5,2649,2,50
484,48,1,485,5,2654,1,50
485,48,1,486,8,2662,4,80
486,48,1,487,3,2665,0,30
487,48,1,488,6,2671,4,60
488,48,1,489,7,2678,2,70
489,48,1,490,8,2686,4,80
490,48,1,491,5,2691,0,50
491,48,1,492,3,2694,3,30
492,48,1,493,6,2700,2,60
493,48,1,494,8,2708,4,80
494,48,1,495,7,2715,0,70
495,48,1,496,2,2717,5,20
496,48,1,497,4,2721,3,40
497,48,1,498,4,2725,3,40
498,48,1,499,3,2728,0,30
499,48,1,500,8,2736,4,80
500,48,1,501,9,2745,3,90
501,48,1,502,2,2747,0,20
502,48,1,503,3,2750,2,30
503,48,1,504,5,2755,3,50
504,48,1,505,4,2759,2,40
505,48,1,506,9,2768,0,90
506,48,1,507,6,2774,10,60
507,48,1,508,9,2783,6,90
508,48,1,509,3,2786,0,30
509,48,1,510,6,2792,2,60
510,48,1,511,5,2797,3,50
511,48,1,512,2,2799,0,20
512,48,1,513,2,2801,0,20
513,48,1,514,2,2803,3,20
514,48,1,515,3,2806,3,30
515,48,1,516,5,2811,4,50
516,48,1,517,2,2813,0,20
517,48,1,518,2,2815,0,20
518,48,1,519,2,2817,2,20
519,48,1,520,2,2819,0,20
520,48,1,521,7,2826,2,70
521,48,1,522,9,2835,2,90
522,48,1,523,9,2844,2,90
523,48,1,524,4,2848,5,40
524,48,1,525,6,2854,2,60
525,48,1,526,6,2860,2,60
526,48,1,527,4,2864,2,40
527,48,1,528,4,2868,2,40
528,48,1,529,8,2876,4,80
529,48,1,530,2,2878,0,20
530,48,1,531,4,2882,1,40
531,48,1,532,7,2889,0,70
532,48,1,533,4,2893,2,40
533,48,1,534,6,2899,6,60
534,48,1,535,6,2905,4,60
535,48,1,536,3,2908,0,30
536,48,1,537,5,2913,0,50
537,48,1,538,5,2918,2,50
538,48,1,539,9,2927,4,90
539,48,1,540,6,2933,0,60
540,48,1,541,7,2940,6,70
541,48,1,542,2,2942,2,20
542,48,1,543,7,2949,3,70
543,48,1,544,6,2955,1,60
544,48,1,545,5,2960,3,50
545,48,1,546,8,2968,2,80
546,48,1,547,6,2974,0,60
547,48,1,548,2,2976,6,20
548,48,1,549,6,2982,0,60
549,48,1,550,5,2987,4,50
550,48,1,551,9,2996,0,90
551,48,1,552,6,3002,11,60
552,48,1,553,8,3010,3,80
553,48,1,554,8,3018,0,80
554,48,1,555,9,3027,0,90
555,48,1,556,8,3035,14,80
556,48,1,557,2,3037,0,20
557,48,1,558,6,3043,2,60
558,48,1,559,9,3052,4,90
559,48,1,560,6,3058,3,60
560,48,1,561,8,3066,4,80
561,48,1,562,6,3072,1,60
562,48,1,563,5,3077,0,50
563,48,1,564,3,3080,0,30
564,48,1,565,5,3085,3,50
565,48,1,566,8,3093,8,80
566,48,1,567,4,3097,1,40
567,48,1,568,8,3105,0,80
568,48,1,569,3,3108,6,30
569,48,1,570,7,3115,0,70
570,48,1,571,4,3119,0,40
571,48,1,572,2,3121,4,20
572,48,1,573,6,3127,2,60
573,48,1,574,8,3135,0,80
574,48,1,575,3,3138,6,30
575,48,1,576,6,3144,3,60
576,48,1,577,5,3149,0,50
577,48,1,578,5,3154,5,50
578,48,1,579,4,3158,5,40
579,48,1,580,6,3164,2,60
580,48,1,581,8,3172,1,80
581,48,1,582,3,3175,2,30
582,48,1,583,9,3184,0,90
583,48,1,584,5,3189,8,50
584,48,1,585,9,3198,7,90
585,48,1,586,4,3202,5,40
586,48,1,587,7,3209,5,70
587,48,1,588,8,3217,3,80
588,48,1,589,5,3222,0,50
589,48,1,590,8,3230,0,80
590,48,1,591,3,3233,0,30
591,48,1,592,5,3238,10,50
592,48,1,593,7,3245,2,70
593,48,1,594,5,3250,4,50
594,48,1,595,9,3259,3,90
595,48,1,596,8,3267,2,80
596,48,1,597,4,3271,3,40
597,48,1,598,4,3275,0,40
598,48,1,599,2,3277,1,20
599,48,1,600,5,3282,0,50
600,48,1,601,8,3290,6,80
601,48,1,602,4,3294,4,40
602,48,1,603,5,3299,0,50
603,48,1,604,4,3303,0,40
604,48,1,605,3,3306,4,30
605,48,1,606,4,3310,2,40
606,48,1,607,3,3313,3,30
607,48,1,608,4,3317,0,40
608,48,1,609,6,3323,2,60
609,48,1,610,9,3332,7,90
610,48,1,611,9,3341,7,90
611,48,1,612,7,3348,2,70
612,48,1,613,6,3354,2,60
613,48,1,614,7,3361,1,70
614,48,1,615,6,3367,2,60
615,48,1,616,6,3373,0,60
616,48,1,617,5,3378,3,50
617,48,1,618,5,3383,3,50
618,48,1,619,9,3392,2,90
619,48,1,620,5,3397,1,50
620,48,1,621,4,3401,3,40
621,48,1,622,6,3407,4,60
622,48,1,623,8,3415,8,80
623,48,1,624,9,3424,6,90
624,48,1,625,2,3426,2,20
625,48,1,626,3,3429,4,30
626,48,1,627,6,3435,0,60
627,48,1,628,8,3443,6,80
628,48,1,629,9,3452,0,90
629,48,1,630,9,3461,10,90
630,48,1,631,6,3467,0,60
631,48,1,632,7,3474,4,70
632,48,1,633,2,3476,0,20
633,48,1,634,9,3485,4,90
634,48,1,635,3,3488,0,30
635,48,1,636,5,3493,1,50
636,48,1,637,3,3496,2,30
637,48,1,638,5,3501,2,50
638,48,1,639,6,3507,2,60
639,48,1,640,5,3512,3,50
640,48,1,641,5,3517,0,50
641,48,1,642,7,3524,0,70
642,48,1,643,8,3532,5,80
643,48,1,644,8,3540,2,80
644,48,1,645,2,3542,2,20
645,48,1,646,3,3545,4,30
646,48,1,647,3,3548,1,30
647,48,1,648,7,3555,4,70
648,48,1,649,8,3563,4,80
649,48,1,650,9,3572,1,90
650,48,1,651,9,3581,2,90
651,48,1,652,8,3589,5,80
652,48,1,653,7,3596,2,70
653,48,1,654,2,3598,0,20
654,48,1,655,6,3604,2,60
655,48,1,656,5,3609,0,50
656,48,1,657,2,3611,1,20
657,48,1,658,8,3619,2,80
658,48,1,659,3,3622,2,30
659,48,1,660,6,3628,1,60
660,48,1,661,7,3635,3,70
661,48,1,662,3,3638,3,30
662,48,1,663,8,3646,3,80
663,48,1,664,9,3655,6,90
664,48,1,665,8,3663,4,80
665,48,1,666,8,3671,11,80
666,48,1,667,6,3677,2,60
667,48,1,668,3,3680,3,30
668,48,1,669,5,3685,1,50
669,48,1,670,8,3693,0,80
670,48,1,671,9,3702,10,90
671,48,1,672,7,3709,0,70
672,48,1,673,6,3715,5,60
673,48,1,674,7,3722,4,70
674,48,1,675,4,3726,4,40
675,48,1,676,4,3730,0,40
676,48,1,677,5,3735,2,50
677,48,1,678,6,3741,0,60
678,48,1,679,6,3747,10,60
679,48,1,680,4,3751,1,40
680,48,1,681,5,3756,2,50
681,48,1,682,9,3765,3,90
682,48,1,683,8,3773,0,80
683,48,1,684,8,3781,10,80
684,48,1,685,6,3787,4,60
685,48,1,686,5,3792,1,50
686,48,1,687,8,3800,4,80
687,48,1,688,8,3808,0,80
688,48,1,689,5,3813,9,50
689,48,1,690,3,3816,4,30
690,48,1,691,3,3819,0,30
691,48,1,692,4,3823,0,40
692,48,1,693,4,3827,2,40
693,48,1,694,6,3833,0,60
694,48,1,695,4,3837,3,40
695,48,1,696,6,3843,4,60
696,48,1,697,2,3845,1,20
697,48,1,698,3,3848,1,30
698,48,1,699,5,3853,5,50
699,48,1,700,3,3856,2,30
700,48,1,701,6,3862,2,60
701,48,1,702,2,3864,2,20
702,48,1,703,4,3868,3,40
703,48,1,704,6,3874,5,60
704,48,1,705,8,3882,2,80
705,48,1,706,4,3886,2,40
706,48,1,707,3,3889,2,30
707,48,1,708,8,3897,3,80
708,48,1,709,8,3905,2,80
709,48,1,710,9,3914,4,90
710,48,1,711,5,3919,4,50
711,48,1,712,8,3927,2,80
712,48,1,713,8,3935,2,80
713,48,1,714,2,3937,0,20
714,48,1,715,2,3939,0,20
715,48,1,716,3,3942,1,30
716,48,1,717,6,3948,3,60
717,48,1,718,6,3954,3,60
718,48,1,719,6,3960,2,60
719,48,1,720,3,3963,1,30
720,48,1,721,8,3971,8,80
721,48,1,722,6,3977,0,60
722,48,1,723,9,3986,0,90
723,48,1,724,2,3988,8,20
724,48,1,725,7,3995,5,70
725,48,1,726,6,4001,2,60
726,48,1,727,4,4005,1,40
727,48,1,728,6,4011,1,60
728,48,1,729,8,4019,2,80
729,48,1,730,8,4027,4,80
730,48,1,731,6,4033,5,60
731,48,1,732,2,4035,2,20
732,48,1,733,4,4039,1,40
733,48,1,734,6,4045,2,60
734,48,1,735,9,4054,7,90
735,48,1,736,8,4062,1,80
736,48,1,737,7,4069,3,70
737,48,1,738,2,4071,1,20
738,48,1,739,9,4080,6,90
739,48,1,740,4,4084,0,40
740,48,1,741,7,4091,0,70
741,48,1,742,3,4094,5,30
742,48,1,743,8,4102,6,80
743,48,1,744,3,4105,0,30
744,48,1,745,3,4108,2,30
745,48,1,746,6,4114,2,60
746,48,1,747,4,4118,0,40
747,48,1,748,6,4124,5,60
748,48,1,749,2,4126,1,20
749,48,1,750,6,4132,4,60
750,48,1,751,5,4137,1,50
751,48,1,752,3,4140,0,30
752,48,1,753,6,4146,2,60
753,48,1,754,7,4153,5,70
754,48,1,755,2,4155,0,20
755,48,1,756,7,4162,6,70
756,48,1,757,9,4171,0,90
757,48,1,758,4,4175,3,40
758,48,1,759,7,4182,3,70
759,48,1,760,6,4188,4,60
760,48,1,761,2,4190,0,20
761,48,1,762,7,4197,1,70
762,48,1,763,8,4205,2,80
763,48,1,764,3,4208,1,30
764,48,1,765,3,4211,1,30
765,48,1,766,7,4218,2,70
766,48,1,767,6,4224,1,60
767,48,1,768,2,4226,2,20
768,48,1,769,5,4231,3,50
769,48,1,770,7,4238,1,70
770,48,1,771,4,4242,1,40
771,48,1,772,7,4249,3,70
772,48,1,773,7,4256,2,70
773,48,1,774,7,4263,4,70
774,48,1,775,9,4272,0,90
775,48,1,776,5,4277,8,50
776,48,1,777,2,4279,1,20
777,48,1,778,6,4285,2,60
778,48,1,779,9,4294,4,90
779,48,1,780,7,4301,2,70
780,48,1,781,9,4310,4,90
781,48,1,782,7,4317,6,70
782,48,1,783,3,4320,0,30
783,48,1,784,3,4323,2,30
784,48,1,785,3,4326,0,30
785,48,1,786,4,4330,2,40
786,48,1,787,7,4337,6,70
787,48,1,788,8,4345,4,80
788,48,1,789,8,4353,5,80
789,48,1,790,2,4355,0,20
790,48,1,791,9,4364,4,90
791,48,1,792,5,4369,4,50
792,48,1,793,7,4376,0,70
793,48,1,794,2,4378,6,20
794,48,1,795,8,4386,3,80
795,48,1,796,7,4393,0,70
796,48,1,797,9,4402,12,90
797,48,1,798,3,4405,0,30
798,48,1,799,2,4407,2,20
799,48,1,800,7,4414,2,70
800,48,1,801,4,4418,1,40
801,48,1,802,7,4425,4,70
802,48,1,803,7,4432,4,70
803,48,1,804,8,4440,4,80
804,48,1,805,6,4446,2,60
805,48,1,806,2,4448,1,20
806,48,1,807,2,4450,0,20
807,48,1,808,8,4458,8,80
808,48,1,809,4,4462,2,40
809,48,1,810,4,4466,2,40
810,48,1,811,4,4470,4,40
811,48,1,812,2,4472,0,20
812,48,1,813,6,4478,1,60
813,48,1,814,5,4483,1,50
814,48,1,815,7,4490,4,70
815,48,1,816,2,4492,0,20
816,48,1,817,6,4498,6,60
817,48,1,818,2,4500,1,20
818,48,1,819,5,4505,6,50
819,48,1,820,8,4513,0,80
820,48,1,821,4,4517,2,40
821,48,1,822,7,4524,0,70
822,48,1,823,4,4528,6,40
823,48,1,824,9,4537,8,90
824,48,1,825,8,4545,4,80
825,48,1,826,3,4548,0,30
826,48,1,827,3,4551,2,30
827,48,1,828,7,4558,1,70
828,48,1,829,6,4564,3,60
829,48,1,830,9,4573,0,90
830,48,1,831,5,4578,5,50
831,48,1,832,6,4584,2,60
832,48,1,833,9,4593,4,90
833,48,1,834,9,4602,0,90
834,48,1,835,9,4611,3,90
835,48,1,836,8,4619,2,80
836,48,1,837,6,4625,3,60
837,48,1,838,2,4627,2,20
838,48,1,839,7,4634,0,70
839,48,1,840,2,4636,1,20
840,48,1,841,9,4645,3,90
841,48,1,842,6,4651,3,60
842,48,1,843,6,4657,0,60
843,48,1,844,7,4664,0,70
844,48,1,845,9,4673,14,90
845,48,1,846,7,4680,0,70
846,48,1,847,7,4687,9,70
847,48,1,848,4,4691,1,40
848,48,1,849,3,4694,0,30
849,48,1,850,4,4698,5,40
850,48,1,851,6,4704,1,60
851,48,1,852,7,4711,0,70
852,48,1,853,5,4716,5,50
853,48,1,854,7,4723,4,70
854,48,1,855,9,4732,4,90
855,48,1,856,2,4734,0,20
856,48,1,857,5,4739,5,50
857,48,1,858,5,4744,0,50
858,48,1,859,3,4747,1,30
859,48,1,860,7,4754,7,70
860,48,1,861,7,4761,9,70
861,48,1,862,9,4770,0,90
862,48,1,863,4,4774,4,40
863,48,1,864,3,4777,0,30
864,48,1,865,8,4785,4,80
865,48,1,866,3,4788,5,30
866,48,1,867,2,4790,0,20
867,48,1,868,2,4792,1,20
868,48,1,869,7,4799,3,70
869,48,1,870,8,4807,4,80
870,48,1,871,8,4815,2,80
871,48,1,872,9,4824,8,90
872,48,1,873,5,4829,0,50
873,48,1,874,9,4838,6,90
874,48,1,875,6,4844,2,60
875,48,1,876,2,4846,2,20
876,48,1,877,3,4849,0,30
877,48,1,878,6,4855,2,60
878,48,1,879,8,4863,2,80
879,48,1,880,6,4869,2,60
880,48,1,881,8,4877,6,80
881,48,1,882,4,4881,2,40
882,48,1,883,7,4888,3,70
883,48,1,884,5,4893,2,50
884,48,1,885,3,4896,2,30
885,48,1,886,6,4902,6,60
886,48,1,887,2,4904,1,20
887,48,1,888,5,4909,4,50
888,48,1,889,5,4914,3,50
889,48,1,890,6,4920,0,60
890,48,1,891,8,4928,1,80
891,48,1,892,3,4931,1,30
892,48,1,893,2,4933,1,20
893,48,1,894,7,4940,3,70
894,48,1,895,5,4945,0,50
895,48,1,896,8,4953,4,80
896,48,1,897,9,4962,8,90
897,48,1,898,3,4965,0,30
898,48,1,899,5,4970,2,50
899,48,1,900,6,4976,1,60
900,48,1,901,4,4980,0,40
901,48,1,902,8,4988,0,80
902,48,1,903,9,4997,0,90
903,48,2,1,3,3,1,30
904,48,2,2,7,10,4,70
905,48,2,3,8,18,0,80
906,48,2,4,6,24,0,60
907,48,2,5,6,30,12,60
908,48,2,6,6,36,3,60
909,48,2,7,3,39,2,30
910,48,2,8,9,48,7,90
911,48,2,9,4,52,4,40
912,48,2,10,2,54,2,20
913,48,2,11,3,57,1,30
914,48,2,12,2,59,1,20
915,48,2,13,4,63,3,40
916,48,2,14,4,67,1,40
917,48,2,15,5,72,0,50
918,48,2,16,3,75,5,30
919,48,2,17,2,77,1,20
920,48,2,18,7,84,1,70
921,48,2,19,2,86,2,20
922,48,2,20,6,92,3,60
923,48,2,21,2,94,1,20
924,48,2,22,2,96,1,20
925,48,2,23,8,104,3,80
926,48,2,24,7,111,1,70
927,48,2,25,4,115,3,40
928,48,2,26,4,119,1,40
929,48,2,27,6,125,2,60
930,48,2,28,3,128,1,30
931,48,2,29,5,133,3,50
932,48,2,30,2,135,1,20
933,48,2,31,5,140,3,50
934,48,2,32,5,145,3,50
935,48,2,33,6,151,5,60
936,48,2,34,7,158,0,70
937,48,2,35,9,167,7,90
938,48,2,36,3,170,0,30
939,48,2,37,3,173,0,30
940,48,2,38,5,178,6,50
941,48,2,39,5,183,0,50
942,48,2,40,3,186,0,30
943,48,2,41,3,189,3,30
944,48,2,42,5,194,2,50
945,48,2,43,3,197,1,30
946,48,2,44,8,205,0,80
947,48,2,45,3,208,0,30
948,48,2,46,9,217,8,90
949,48,2,47,9,226,7,90
950,48,2,48,7,233,2,70
951,48,2,49,5,238,2,50
952,48,2,50,9,247,4,90
953,48,2,51,8,255,4,80
954,48,2,52,7,262,2,70
955,48,2,53,7,269,0,70
956,48,2,54,7,276,11,70
957,48,2,55,2,278,1,20
958,48,2,56,4,282,0,40
959,48,2,57,6,288,0,60
960,48,2,58,2,290,0,20
961,48,2,59,9,299,4,90
962,48,2,60,8,307,6,80
963,48,2,61,7,314,2,70
964,48,2,62,4,318,0,40
965,48,2,63,8,326,4,80
966,48,2,64,5,331,1,50
967,48,2,65,5,336,2,50
968,48,2,66,7,343,0,70
969,48,2,67,5,348,7,50
970,48,2,68,2,350,2,20
971,48,2,69,3,353,1,30
972,48,2,70,5,358,4,50
973,48,2,71,7,365,0,70
974,48,2,72,6,371,2,60
975,48,2,73,2,373,3,20
976,48,2,74,3,376,0,30
977,48,2,75,3,379,1,30
978,48,2,76,8,387,6,80
979,48,2,77,5,392,0,50
980,48,2,78,7,399,0,70
981,48,2,79,4,403,0,40
982,48,2,80,4,407,6,40
983,48,2,81,5,412,0,50
984,48,2,82,5,417,4,50
985,48,2,83,5,422,0,50
986,48,2,84,2,424,5,20
987,48,2,85,4,428,2,40
988,48,2,86,6,434,3,60
989,48,2,87,4,438,1,40
990,48,2,88,7,445,0,70
991,48,2,89,3,448,0,30
992,48,2,90,5,453,10,50
993,48,2,91,2,455,3,20
994,48,2,92,5,460,4,50
995,48,2,93,5,465,2,50
996,48,2,94,9,474,2,90
997,48,2,95,9,483,3,90
998,48,2,96,4,487,3,40
999,48,2,97,6,493,0,60
1000,48,2,98,6,499,4,60
1001,48,2,99,2,501,0,20
1002,48,2,100,9,510,1,90
1003,48,2,101,9,519,4,90
1004,48,2,102,5,524,2,50
1005,48,2,103,2,526,2,20
1006,48,2,104,2,528,0,20
1007,48,2,105,8,536,2,80
1008,48,2,106,3,539,3,30
1009,48,2,107,8,547,0,80
1010,48,2,108,4,551,3,40
1011,48,2,109,2,553,2,20
1012,48,2,110,2,555,1,20
1013,48,2,111,6,561,0,60
1014,48,2,112,2,563,0,20
1015,48,2,113,6,569,0,60
1016,48,2,114,8,577,10,80
1017,48,2,115,2,579,2,20
1018,48,2,116,6,585,0,60
1019,48,2,117,2,587,7,20
1020,48,2,118,2,589,1,20
1021,48,2,119,8,597,3,80
1022,48,2,120,9,606,3,90
1023,48,2,121,6,612,3,60
1024,48,2,122,4,616,2,40
1025,48,2,123,6,622,0,60
1026,48,2,124,8,630,0,80
1027,48,2,125,7,637,15,70
1028,48,2,126,2,639,0,20
1029,48,2,127,7,646,4,70
1030,48,2,128,6,652,3,60
1031,48,2,129,5,657,2,50
1032,48,2,130,8,665,0,80
1033,48,2,131,2,667,12,20
1034,48,2,132,4,671,0,40
1035,48,2,133,2,673,1,20
1036,48,2,134,6,679,6,60
1037,48,2,135,2,681,1,20
1038,48,2,136,2,683,1,20
1039,48,2,137,8,691,5,80
1040,48,2,138,5,696,0,50
1041,48,2,139,6,702,5,60
1042,48,2,140,7,709,2,70
1043,48,2,141,9,718,5,90
1044,48,2,142,8,726,2,80
1045,48,2,143,9,735,6,90
1046,48,2,144,9,744,2,90
1047,48,2,145,3,747,2,30
1048,48,2,146,5,752,2,50
1049,48,2,147,4,756,2,40
1050,48,2,148,5,761,2,50
1051,48,2,149,9,770,4,90
1052,48,2,150,2,772,1,20
1053,48,2,151,6,778,2,60
1054,48,2,152,5,783,1,50
1055,48,2,153,4,787,2,40
1056,48,2,154,7,794,4,70
1057,48,2,155,3,797,2,30
1058,48,2,156,9,806,2,90
1059,48,2,157,5,811,0,50
1060,48,2,158,5,816,0,50
1061,48,2,159,5,821,0,50
1062,48,2,160,7,828,3,70
1063,48,2,161,5,833,0,50
1064,48,2,162,2,835,0,20
1065,48,2,163,3,838,0,30
1066,48,2,164,5,843,8,50
1067,48,2,165,5,848,3,50
1068,48,2,166,6,854,1,60
1069,48,2,167,6,860,5,60
1070,48,2,168,5,865,0,50
1071,48,2,169,9,874,0,90
1072,48,2,170,9,883,11,90
1073,48,2,171,7,890,3,70
1074,48,2,172,5,895,2,50
1075,48,2,173,9,904,1,90
1076,48,2,174,4,908,0,40
1077,48,2,175,6,914,5,60
1078,48,2,176,2,916,0,20
1079,48,2,177,5,921,1,50
1080,48,2,178,6,927,3,60
1081,48,2,179,9,936,1,90
1082,48,2,180,7,943,7,70
1083,48,2,181,6,949,2,60
1084,48,2,182,4,953,2,40
1085,48,2,183,9,962,6,90
1086,48,2,184,6,968,0,60
1087,48,2,185,6,974,6,60
1088,48,2,186,2,976,0,20
1089,48,2,187,4,980,4,40
1090,48,2,188,8,988,7,80
1091,48,2,189,8,996,0,80
1092,48,2,190,6,1002,9,60
1093,48,2,191,5,1007,1,50
1094,48,2,192,6,1013,5,60
1095,48,2,193,6,1019,1,60
1096,48,2,194,5,1024,3,50
1097,48,2,195,3,1027,0,30
1098,48,2,196,2,1029,0,20
1099,48,2,197,7,1036,0,70
1100,48,2,198,8,1044,7,80
1101,48,2,199,4,1048,2,40
1102,48,2,200,6,1054,1,60
1103,48,2,201,4,1058,4,40
1104,48,2,202,4,1062,2,40
1105,48,2,203,8,1070,4,80
1106,48,2,204,4,1074,4,40
1107,48,2,205,6,1080,3,60
1108,48,2,206,2,1082,5,20
1109,48,2,207,9,1091,4,90
1110,48,2,208,6,1097,1,60
1111,48,2,209,9,1106,5,90
1112,48,2,210,2,1108,0,20
1113,48,2,211,7,1115,2,70
1114,48,2,212,2,1117,1,20
1115,48,2,213,8,1125,6,80
1116,48,2,214,9,1134,1,90
1117,48,2,215,6,1140,9,60
1118,48,2,216,3,1143,0,30
1119,48,2,217,5,1148,4,50
1120,48,2,218,9,1157,5,90
1121,48,2,219,2,1159,0,20
1122,48,2,220,9,1168,4,90
1123,48,2,221,3,1171,0,30
1124,48,2,222,3,1174,3,30
1125,48,2,223,9,1183,5,90
1126,48,2,224,3,1186,2,30
1127,48,2,225,3,1189,0,30
1128,48,2,226,3,1192,2,30
1129,48,2,227,5,1197,0,50
1130,48,2,228,8,1205,5,80
1131,48,2,229,5,1210,4,50
1132,48,2,230,3,1213,1,30
1133,48,2,231,5,1218,1,50
1134,48,2,232,2,1220,1,20
1135,48,2,233,2,1222,0,20
1136,48,2,234,6,1228,1,60
1137,48,2,235,4,1232,2,40
1138,48,2,236,5,1237,3,50
1139,48,2,237,4,1241,4,40
1140,48,2,238,3,1244,2,30
1141,48,2,239,5,1249,0,50
1142,48,2,240,9,1258,6,90
1143,48,2,241,4,1262,1,40
1144,48,2,242,9,1271,7,90
1145,48,2,243,8,1279,3,80
1146,48,2,244,5,1284,5,50
1147,48,2,245,2,1286,0,20
1148,48,2,246,8,1294,4,80
1149,48,2,247,4,1298,1,40
1150,48,2,248,3,1301,1,30
1151,48,2,249,8,1309,7,80
1152,48,2,250,7,1316,5,70
1153,48,2,251,7,1323,5,70
1154,48,2,252,4,1327,1,40
1155,48,2,253,3,1330,1,30
1156,48,2,254,8,1338,0,80
1157,48,2,255,6,1344,8,60
1158,48,2,256,5,1349,2,50
1159,48,2,257,2,1351,0,20
1160,48,2,258,7,1358,8,70
1161,48,2,259,9,1367,6,90
1162,48,2,260,9,1376,2,90
1163,48,2,261,7,1383,0,70
1164,48,2,262,2,1385,4,20
1165,48,2,263,9,1394,9,90
1166,48,2,264,5,1399,1,50
1167,48,2,265,5,1404,6,50
1168,48,2,266,6,1410,0,60
1169,48,2,267,3,1413,5,30
1170,48,2,268,8,1421,3,80
1171,48,2,269,3,1424,0,30
1172,48,2,270,8,1432,6,80
1173,48,2,271,8,1440,4,80
1174,48,2,272,8,1448,0,80
1175,48,2,273,6,1454,0,60
1176,48,2,274,8,1462,9,80
1177,48,2,275,3,1465,4,30
1178,48,2,276,6,1471,5,60
1179,48,2,277,3,1474,1,30
1180,48,2,278,7,1481,0,70
1181,48,2,279,6,1487,7,60
1182,48,2,280,2,1489,4,20
1183,48,2,281,8,1497,3,80
1184,48,2,282,6,1503,5,60
1185,48,2,283,2,1505,1,20
1186,48,2,284,3,1508,1,30
1187,48,2,285,2,1510,1,20
1188,48,2,286,2,1512,3,20
1189,48,2,287,2,1514,1,20
1190,48,2,288,7,1521,0,70
1191,48,2,289,3,1524,3,30
1192,48,2,290,4,1528,1,40
1193,48,2,291,5,1533,4,50
1194,48,2,292,3,1536,4,30
1195,48,2,293,6,1542,0,60
1196,48,2,294,4,1546,8,40
1197,48,2,295,9,1555,4,90
1198,48,2,296,3,1558,1,30
1199,48,2,297,4,1562,3,40
1200,48,2,298,6,1568,5,60
1201,48,2,299,7,1575,2,70
1202,48,2,300,2,1577,1,20
1203,48,2,301,8,1585,2,80
1204,48,2,302,5,1590,1,50
1205,48,2,303,9,1599,8,90
1206,48,2,304,8,1607,2,80
1207,48,2,305,4,1611,2,40
1208,48,2,306,4,1615,1,40
1209,48,2,307,8,1623,4,80
1210,48,2,308,2,1625,0,20
1211,48,2,309,2,1627,0,20
1212,48,2,310,8,1635,3,80
1213,48,2,311,9,1644,2,90
1214,48,2,312,6,1650,5,60
1215,48,2,313,6,1656,1,60
1216,48,2,314,7,1663,5,70
1217,48,2,315,5,1668,4,50
1218,48,2,316,9,1677,3,90
1219,48,2,317,4,1681,0,40
1220,48,2,318,2,1683,2,20
1221,48,2,319,3,1686,3,30
1222,48,2,320,6,1692,1,60
1223,48,2,321,4,1696,3,40
1224,48,2,322,6,1702,4,60
1225,48,2,323,9,1711,2,90
1226,48,2,324,3,1714,3,30
1227,48,2,325,8,1722,2,80
1228,48,2,326,6,1728,3,60
1229,48,2,327,4,1732,1,40
1230,48,2,328,7,1739,4,70
1231,48,2,329,6,1745,0,60
1232,48,2,330,8,1753,4,80
1233,48,2,331,9,1762,7,90
1234,48,2,332,7,1769,1,70
1235,48,2,333,3,1772,0,30
1236,48,2,334,5,1777,3,50
1237,48,2,335,6,1783,3,60
1238,48,2,336,5,1788,1,50
1239,48,2,337,2,1790,1,20
1240,48,2,338,7,1797,4,70
1241,48,2,339,7,1804,3,70
1242,48,2,340,5,1809,5,50
1243,48,2,341,2,1811,0,20
1244,48,2,342,5,1816,2,50
1245,48,2,343,4,1820,1,40
1246,48,2,344,2,1822,1,20
1247,48,2,345,8,1830,7,80
1248,48,2,346,6,1836,3,60
1249,48,2,347,8,1844,0,80
1250,48,2,348,4,1848,9,40
1251,48,2,349,5,1853,2,50
1252,48,2,350,8,1861,10,80
1253,48,2,351,8,1869,3,80
1254,48,2,352,2,1871,3,20
1255,48,2,353,2,1873,1,20
1256,48,2,354,9,1882,4,90
1257,48,2,355,2,1884,0,20
1258,48,2,356,2,1886,1,20
1259,48,2,357,3,1889,1,30
1260,48,2,358,9,1898,5,90
1261,48,2,359,4,1902,0,40
1262,48,2,360,9,1911,0,90
1263,48,2,361,2,1913,11,20
1264,48,2,362,6,1919,0,60
1265,48,2,363,4,1923,3,40
1266,48,2,364,3,1926,0,30
1267,48,2,365,9,1935,6,90
1268,48,2,366,4,1939,2,40
1269,48,2,367,8,1947,4,80
1270,48,2,368,7,1954,0,70
1271,48,2,369,6,1960,7,60
1272,48,2,370,8,1968,4,80
1273,48,2,371,7,1975,8,70
1274,48,2,372,7,1982,3,70
1275,48,2,373,2,1984,0,20
1276,48,2,374,4,1988,2,40
1277,48,2,375,2,1990,0,20
1278,48,2,376,8,1998,3,80
1279,48,2,377,7,2005,2,70
1280,48,2,378,8,2013,6,80
1281,48,2,379,4,2017,0,40
1282,48,2,380,7,2024,4,70
1283,48,2,381,9,2033,4,90
1284,48,2,382,3,2036,1,30
1285,48,2,383,7,2043,0,70
1286,48,2,384,7,2050,7,70
1287,48,2,385,8,2058,6,80
1288,48,2,386,3,2061,0,30
1289,48,2,387,5,2066,4,50
1290,48,2,388,6,2072,1,60
1291,48,2,389,3,2075,2,30
1292,48,2,390,8,2083,2,80
1293,48,2,391,9,2092,0,90
1294,48,2,392,2,2094,5,20
1295,48,2,393,9,2103,7,90
1296,48,2,394,6,2109,0,60
1297,48,2,395,2,2111,3,20
1298,48,2,396,5,2116,0,50
1299,48,2,397,4,2120,4,40
1300,48,2,398,9,2129,1,90
1301,48,2,399,3,2132,1,30
1302,48,2,400,5,2137,0,50
1303,48,2,401,8,2145,2,80
1304,48,2,402,4,2149,0,40
1305,48,2,403,4,2153,4,40
1306,48,2,404,7,2160,1,70
1307,48,2,405,5,2165,0,50
1308,48,2,406,8,2173,0,80
1309,48,2,407,3,2176,6,30
1310,48,2,408,2,2178,1,20
1311,48,2,409,9,2187,3,90
1312,48,2,410,4,2191,2,40
1313,48,2,411,8,2199,5,80
1314,48,2,412,6,2205,2,60
1315,48,2,413,5,2210,2,50
1316,48,2,414,9,2219,9,90
1317,48,2,415,4,2223,1,40
1318,48,2,416,4,2227,2,40
1319,48,2,417,8,2235,6,80
1320,48,2,418,4,2239,1,40
1321,48,2,419,2,2241,3,20
1322,48,2,420,6,2247,0,60
1323,48,2,421,8,2255,7,80
1324,48,2,422,9,2264,5,90
1325,48,2,423,6,2270,6,60
1326,48,2,424,5,2275,0,50
1327,48,2,425,9,2284,4,90
1328,48,2,426,5,2289,4,50
1329,48,2,427,7,2296,4,70
1330,48,2,428,6,2302,1,60
1331,48,2,429,6,2308,0,60
1332,48,2,430,3,2311,0,30
1333,48,2,431,7,2318,12,70
1334,48,2,432,3,2321,0,30
1335,48,2,433,9,2330,6,90
1336,48,2,434,9,2339,6,90
1337,48,2,435,2,2341,0,20
1338,48,2,436,5,2346,4,50
1339,48,2,437,5,2351,2,50
1340,48,2,438,2,2353,1,20
1341,48,2,439,8,2361,4,80
1342,48,2,440,9,2370,4,90
1343,48,2,441,6,2376,1,60
1344,48,2,442,6,2382,2,60
1345,48,2,443,7,2389,5,70
1346,48,2,444,4,2393,5,40
1347,48,2,445,9,2402,6,90
1348,48,2,446,6,2408,3,60
1349,48,2,447,9,2417,3,90
1350,48,2,448,2,2419,0,20
1351,48,2,449,3,2422,5,30
1352,48,2,450,8,2430,2,80
1353,48,2,451,5,2435,2,50
1354,48,2,452,2,2437,2,20
1355,48,2,453,6,2443,3,60
1356,48,2,454,9,2452,7,90
1357,48,2,455,5,2457,3,50
1358,48,2,456,2,2459,1,20
1359,48,2,457,7,2466,0,70
1360,48,2,458,4,2470,7,40
1361,48,2,459,7,2477,3,70
1362,48,2,460,9,2486,6,90
1363,48,2,461,6,2492,3,60
1364,48,2,462,7,2499,2,70
1365,48,2,463,5,2504,3,50
1366,48,2,464,5,2509,5,50
1367,48,2,465,4,2513,2,40
1368,48,2,466,8,2521,4,80
1369,48,2,467,7,2528,5,70
1370,48,2,468,5,2533,3,50
1371,48,2,469,6,2539,5,60
1372,48,2,470,7,2546,0,70
1373,48,2,471,3,2549,2,30
1374,48,2,472,7,2556,4,70
1375,48,2,473,7,2563,2,70
1376,48,2,474,8,2571,3,80
1377,48,2,475,9,2580,1,90
1378,48,2,476,7,2587,3,70
1379,48,2,477,9,2596,0,90
1380,48,2,478,5,2601,0,50
1381,48,2,479,6,2607,8,60
1382,48,2,480,2,2609,1,20
1383,48,2,481,8,2617,3,80
1384,48,2,482,6,2623,1,60
1385,48,2,483,5,2628,0,50
1386,48,2,484,8,2636,6,80
1387,48,2,485,9,2645,5,90
1388,48,2,486,8,2653,3,80
1389,48,2,487,8,2661,4,80
1390,48,2,488,3,2664,0,30
1391,48,2,489,9,2673,0,90
1392,48,2,490,4,2677,5,40
1393,48,2,491,8,2685,2,80
1394,48,2,492,4,2689,0,40
1395,48,2,493,5,2694,4,50
1396,48,2,494,8,2702,3,80
1397,48,2,495,9,2711,8,90
1398,48,2,496,9,2720,7,90
1399,48,2,497,5,2725,0,50
1400,48,2,498,4,2729,5,40
1401,48,2,499,2,2731,0,20
1402,48,2,500,9,2740,2,90
1403,48,2,501,4,2744,3,40
1404,48,2,502,2,2746,0,20
1405,48,2,503,9,2755,5,90
1406,48,2,504,9,2764,4,90
1407,48,2,505,8,2772,0,80
1408,48,2,506,9,2781,9,90
1409,48,2,507,8,2789,6,80
1410,48,2,508,7,2796,4,70
1411,48,2,509,6,2802,2,60
1412,48,2,510,7,2809,1,70
1413,48,2,511,9,2818,9,90
1414,48,2,512,8,2826,4,80
1415,48,2,513,4,2830,2,40
1416,48,2,514,6,2836,2,60
1417,48,2,515,9,2845,3,90
1418,48,2,516,7,2852,2,70
1419,48,2,517,4,2856,0,40
1420,48,2,518,3,2859,3,30
1421,48,2,519,6,2865,3,60
1422,48,2,520,9,2874,3,90
1423,48,2,521,3,2877,0,30
1424,48,2,522,2,2879,4,20
1425,48,2,523,2,2881,0,20
1426,48,2,524,4,2885,3,40
1427,48,2,525,9,2894,0,90
1428,48,2,526,5,2899,0,50
1429,48,2,527,4,2903,0,40
1430,48,2,528,5,2908,10,50
1431,48,2,529,9,2917,6,90
1432,48,2,530,2,2919,2,20
1433,48,2,531,4,2923,2,40
1434,48,2,532,3,2926,3,30
1435,48,2,533,6,2932,0,60
1436,48,2,534,7,2939,4,70
1437,48,2,535,4,2943,1,40
1438,48,2,536,4,2947,0,40
1439,48,2,537,7,2954,9,70
1440,48,2,538,4,2958,0,40
1441,48,2,539,5,2963,0,50
1442,48,2,540,7,2970,6,70
1443,48,2,541,5,2975,2,50
1444,48,2,542,5,2980,2,50
1445,48,2,543,5,2985,1,50
1446,48,2,544,7,2992,1,70
1447,48,2,545,7,2999,4,70
1448,48,2,546,2,3001,0,20
1449,48,2,547,8,3009,6,80
1450,48,2,548,4,3013,5,40
1451,48,2,549,5,3018,4,50
1452,48,2,550,9,3027,5,90
1453,48,2,551,5,3032,5,50
1454,48,2,552,4,3036,2,40
1455,48,2,553,4,3040,3,40
1456,48,2,554,2,3042,0,20
1457,48,2,555,7,3049,5,70
1458,48,2,556,4,3053,1,40
1459,48,2,557,9,3062,4,90
1460,48,2,558,8,3070,5,80
1461,48,2,559,4,3074,2,40
1462,48,2,560,2,3076,0,20
1463,48,2,561,5,3081,1,50
1464,48,2,562,6,3087,2,60
1465,48,2,563,8,3095,2,80
1466,48,2,564,2,3097,0,20
1467,48,2,565,7,3104,1,70
1468,48,2,566,4,3108,1,40
1469,48,2,567,8,3116,3,80
1470,48,2,568,5,3121,3,50
1471,48,2,569,4,3125,1,40
1472,48,2,570,7,3132,3,70
1473,48,2,571,9,3141,0,90
1474,48,2,572,3,3144,11,30
1475,48,2,573,9,3153,1,90
1476,48,2,574,7,3160,5,70
1477,48,2,575,3,3163,5,30
1478,48,2,576,5,3168,5,50
1479,48,2,577,5,3173,5,50
1480,48,2,578,8,3181,3,80
1481,48,2,579,7,3188,4,70
1482,48,2,580,5,3193,4,50
1483,48,2,581,8,3201,2,80
1484,48,2,582,6,3207,3,60
1485,48,2,583,7,3214,5,70
1486,48,2,584,4,3218,0,40
1487,48,2,585,2,3220,3,20
1488,48,2,586,2,3222,0,20
1489,48,2,587,8,3230,2,80
1490,48,2,588,6,3236,3,60
1491,48,2,589,3,3239,3,30
1492,48,2,590,7,3246,1,70
1493,48,2,591,3,3249,0,30
1494,48,2,592,6,3255,9,60
1495,48,2,593,6,3261,2,60
1496,48,2,594,3,3264,2,30
1497,48,2,595,7,3271,4,70
1498,48,2,596,5,3276,4,50
1499,48,2,597,4,3280,2,40
1500,48,2,598,8,3288,6,80
1501,48,2,599,7,3295,2,70
1502,48,2,600,3,3298,1,30
1503,48,2,601,7,3305,6,70
1504,48,2,602,3,3308,1,30
1505,48,2,603,2,3310,0,20
1506,48,2,604,3,3313,3,30
1507,48,2,605,9,3322,4,90
1508,48,2,606,2,3324,3,20
1509,48,2,607,8,3332,6,80
1510,48,2,608,7,3339,5,70
1511,48,2,609,9,3348,3,90
1512,48,2,610,9,3357,9,90
1513,48,2,611,8,3365,2,80
1514,48,2,612,3,3368,0,30
1515,48,2,613,3,3371,3,30
1516,48,2,614,6,3377,2,60
1517,48,2,615,2,3379,0,20
1518,48,2,616,7,3386,3,70
1519,48,2,617,5,3391,2,50
1520,48,2,618,8,3399,3,80
1521,48,2,619,9,3408,6,90
1522,48,2,620,2,3410,0,20
1523,48,2,621,3,3413,2,30
1524,48,2,622,9,3422,2,90
1525,48,2,623,2,3424,1,20
1526,48,2,624,8,3432,1,80
1527,48,2,625,3,3435,0,30
1528,48,2,626,4,3439,0,40
1529,48,2,627,4,3443,2,40
1530,48,2,628,3,3446,0,30
1531,48,2,629,7,3453,0,70
1532,48,2,630,3,3456,7,30
1533,48,2,631,5,3461,0,50
1534,48,2,632,8,3469,0,80
1535,48,2,633,2,3471,10,20
1536,48,2,634,3,3474,3,30
1537,48,2,635,5,3479,3,50
1538,48,2,636,6,3485,4,60
1539,48,2,637,3,3488,0,30
1540,48,2,638,5,3493,0,50
1541,48,2,639,6,3499,7,60
1542,48,2,640,2,3501,1,20
1543,48,2,641,3,3504,1,30
1544,48,2,642,3,3507,3,30
1545,48,2,643,7,3514,2,70
1546,48,2,644,4,3518,1,40
1547,48,2,645,4,3522,0,40
1548,48,2,646,9,3531,0,90
1549,48,2,647,8,3539,0,80
1550,48,2,648,8,3547,0,80
1551,48,2,649,6,3553,0,60
1552,48,2,650,7,3560,18,70
1553,48,2,651,9,3569,7,90
1554,48,2,652,3,3572,0,30
1555,48,2,653,6,3578,4,60
1556,48,2,654,6,3584,3,60
1557,48,2,655,2,3586,0,20
1558,48,2,656,5,3591,0,50
1559,48,2,657,6,3597,3,60
1560,48,2,658,3,3600,0,30
1561,48,2,659,2,3602,3,20
1562,48,2,660,8,3610,6,80
1563,48,2,661,3,3613,1,30
1564,48,2,662,8,3621,0,80
1565,48,2,663,8,3629,9,80
1566,48,2,664,4,3633,3,40
1567,48,2,665,7,3640,0,70
1568,48,2,666,6,3646,5,60
1569,48,2,667,2,3648,3,20
1570,48,2,668,5,3653,5,50
1571,48,2,669,3,3656,0,30
1572,48,2,670,2,3658,0,20
1573,48,2,671,6,3664,3,60
1574,48,2,672,4,3668,3,40
1575,48,2,673,7,3675,1,70
1576,48,2,674,2,3677,0,20
1577,48,2,675,8,3685,5,80
1578,48,2,676,5,3690,0,50
1579,48,2,677,8,3698,7,80
1580,48,2,678,6,3704,1,60
1581,48,2,679,3,3707,2,30
1582,48,2,680,8,3715,0,80
1583,48,2,681,2,3717,5,20
1584,48,2,682,6,3723,3,60
1585,48,2,683,6,3729,0,60
1586,48,2,684,6,3735,5,60
1587,48,2,685,9,3744,5,90
1588,48,2,686,5,3749,2,50
1589,48,2,687,6,3755,5,60
1590,48,2,688,7,3762,4,70
1591,48,2,689,7,3769,2,70
1592,48,2,690,6,3775,1,60
1593,48,2,691,6,3781,1,60
1594,48,2,692,8,3789,6,80
1595,48,2,693,3,3792,0,30
1596,48,2,694,6,3798,1,60
1597,48,2,695,6,3804,6,60
1598,48,2,696,8,3812,3,80
1599,48,2,697,6,3818,0,60
1600,48,2,698,2,3820,7,20
1601,48,2,699,8,3828,4,80
1602,48,2,700,5,3833,0,50
1603,48,2,701,5,3838,0,50
1604,48,2,702,5,3843,9,50
1605,48,2,703,8,3851,9,80
1606,48,2,704,7,3858,6,70
1607,48,2,705,4,3862,0,40
1608,48,2,706,3,3865,4,30
1609,48,2,707,7,3872,6,70
1610,48,2,708,6,3878,3,60
1611,48,2,709,7,3885,3,70
1612,48,2,710,6,3891,1,60
1613,48,2,711,5,3896,1,50
1614,48,2,712,4,3900,0,40
1615,48,2,713,8,3908,2,80
1616,48,2,714,2,3910,0,20
1617,48,2,715,7,3917,5,70
1618,48,2,716,2,3919,1,20
1619,48,2,717,8,3927,0,80
1620,48,2,718,2,3929,7,20
1621,48,2,719,5,3934,3,50
1622,48,2,720,4,3938,0,40
1623,48,2,721,2,3940,4,20
1624,48,2,722,3,3943,3,30
1625,48,2,723,7,3950,4,70
1626,48,2,724,5,3955,2,50
1627,48,2,725,8,3963,3,80
1628,48,2,726,4,3967,0,40
1629,48,2,727,9,3976,0,90
1630,48,2,728,3,3979,6,30
1631,48,2,729,3,3982,3,30
1632,48,2,730,4,3986,0,40
1633,48,2,731,2,3988,0,20
1634,48,2,732,2,3990,1,20
1635,48,2,733,8,3998,3,80
1636,48,2,734,8,4006,5,80
1637,48,2,735,2,4008,0,20
1638,48,2,736,9,4017,0,90
1639,48,2,737,9,4026,12,90
1640,48,2,738,5,4031,4,50
1641,48,2,739,3,4034,2,30
1642,48,2,740,3,4037,0,30
1643,48,2,741,8,4045,3,80
1644,48,2,742,6,4051,3,60
1645,48,2,743,9,4060,0,90
1646,48,2,744,5,4065,0,50
1647,48,2,745,6,4071,14,60
1648,48,2,746,4,4075,2,40
1649,48,2,747,9,4084,6,90
1650,48,2,748,8,4092,0,80
1651,48,2,749,4,4096,0,40
1652,48,2,750,8,4104,11,80
1653,48,2,751,9,4113,9,90
1654,48,2,752,5,4118,0,50
1655,48,2,753,3,4121,1,30
1656,48,2,754,8,4129,4,80
1657,48,2,755,9,4138,7,90
1658,48,2,756,2,4140,0,20
1659,48,2,757,2,4142,1,20
1660,48,2,758,3,4145,3,30
1661,48,2,759,6,4151,2,60
1662,48,2,760,2,4153,2,20
1663,48,2,761,8,4161,0,80
1664,48,2,762,2,4163,3,20
1665,48,2,763,7,4170,0,70
1666,48,2,764,6,4176,4,60
1667,48,2,765,5,4181,4,50
1668,48,2,766,3,4184,1,30
1669,48,2,767,9,4193,6,90
1670,48,2,768,5,4198,3,50
1671,48,2,769,4,4202,1,40
1672,48,2,770,6,4208,3,60
1673,48,2,771,5,4213,2,50
1674,48,2,772,8,4221,4,80
1675,48,2,773,2,4223,2,20
1676,48,2,774,3,4226,0,30
1677,48,2,775,3,4229,0,30
1678,48,2,776,7,4236,2,70
1679,48,2,777,7,4243,2,70
1680,48,2,778,9,4252,3,90
1681,48,2,779,8,4260,1,80
1682,48,2,780,6,4266,1,60
1683,48,2,781,8,4274,0,80
1684,48,2,782,5,4279,6,50
1685,48,2,783,3,4282,0,30
1686,48,2,784,2,4284,3,20
1687,48,2,785,7,4291,3,70
1688,48,2,786,6,4297,2,60
1689,48,2,787,3,4300,3,30
1690,48,2,788,6,4306,2,60
1691,48,2,789,9,4315,7,90
1692,48,2,790,2,4317,1,20
1693,48,2,791,5,4322,4,50
1694,48,2,792,4,4326,4,40
1695,48,2,793,2,4328,0,20
1696,48,2,794,6,4334,6,60
1697,48,2,795,6,4340,3,60
1698,48,2,796,5,4345,4,50
1699,48,2,797,3,4348,2,30
1700,48,2,798,4,4352,2,40
1701,48,2,799,4,4356,3,40
1702,48,2,800,6,4362,4,60
1703,48,2,801,2,4364,0,20
1704,48,2,802,4,4368,1,40
1705,48,2,803,6,4374,4,60
1706,48,2,804,2,4376,1,20
1707,48,2,805,9,4385,6,90
1708,48,2,806,8,4393,3,80
1709,48,2,807,7,4400,2,70
1710,48,2,808,6,4406,3,60
1711,48,2,809,9,4415,0,90
1712,48,2,810,7,4422,9,70
1713,48,2,811,4,4426,2,40
1714,48,2,812,8,4434,3,80
1715,48,2,813,4,4438,6,40
1716,48,2,814,3,4441,0,30
1717,48,2,815,9,4450,4,90
1718,48,2,816,9,4459,4,90
1719,48,2,817,5,4464,6,50
1720,48,2,818,4,4468,0,40
1721,48,2,819,3,4471,2,30
1722,48,2,820,2,4473,0,20
1723,48,2,821,3,4476,0,30
1724,48,2,822,2,4478,4,20
1725,48,2,823,7,4485,2,70
1726,48,2,824,7,4492,0,70
1727,48,2,825,8,4500,9,80
1728,48,2,826,5,4505,3,50
1729,48,2,827,8,4513,0,80
1730,48,2,828,8,4521,0,80
1731,48,2,829,8,4529,11,80
1732,48,2,830,2,4531,0,20
1733,48,2,831,6,4537,3,60
1734,48,2,832,9,4546,6,90
1735,48,2,833,9,4555,5,90
1736,48,2,834,3,4558,1,30
1737,48,2,835,9,4567,4,90
1738,48,2,836,6,4573,5,60
1739,48,2,837,7,4580,0,70
1740,48,2,838,9,4589,0,90
1741,48,2,839,6,4595,13,60
1742,48,2,840,7,4602,0,70
1743,48,2,841,9,4611,12,90
1744,48,2,842,3,4614,0,30
1745,48,2,843,3,4617,0,30
1746,48,2,844,9,4626,4,90
1747,48,2,845,7,4633,3,70
1748,48,2,846,6,4639,0,60
1749,48,2,847,8,4647,0,80
1750,48,2,848,6,4653,13,60
1751,48,2,849,2,4655,4,20
1752,48,2,850,6,4661,4,60
1753,48,2,851,7,4668,2,70
1754,48,2,852,4,4672,0,40
1755,48,2,853,8,4680,3,80
1756,48,2,854,4,4684,5,40
1757,48,2,855,8,4692,2,80
1758,48,2,856,7,4699,7,70
1759,48,2,857,7,4706,5,70
1760,48,2,858,5,4711,0,50
1761,48,2,859,3,4714,1,30
1762,48,2,860,2,4716,0,20
1763,48,2,861,9,4725,6,90
1764,48,2,862,3,4728,3,30
1765,48,2,863,9,4737,0,90
1766,48,2,864,2,4739,8,20
1767,48,2,865,3,4742,2,30
1768,48,2,866,2,4744,2,20
1769,48,2,867,3,4747,1,30
1770,48,2,868,4,4751,6,40
1771,48,2,869,3,4754,3,30
1772,48,2,870,5,4759,0,50
1773,48,2,871,2,4761,4,20
1774,48,2,872,6,4767,5,60
1775,48,2,873,4,4771,0,40
1776,48,2,874,5,4776,1,50
1777,48,2,875,4,4780,0,40
1778,48,2,876,3,4783,6,30
1779,48,2,877,7,4790,4,70
1780,48,2,878,4,4794,3,40
1781,48,2,879,3,4797,0,30
1782,48,2,880,4,4801,3,40
1783,48,2,881,5,4806,1,50
1784,48,2,882,4,4810,1,40
1785,48,2,883,6,4816,3,60
1786,48,2,884,3,4819,1,30
1787,48,2,885,2,4821,0,20
1788,48,2,886,3,4824,2,30
1789,48,2,887,8,4832,0,80
1790,48,2,888,6,4838,0,60
1791,48,2,889,2,4840,1,20
1792,48,2,890,3,4843,1,30
1793,48,2,891,5,4848,1,50
1794,48,2,892,3,4851,1,30
1795,48,2,893,4,4855,0,40
1796,48,2,894,9,4864,5,90
1797,48,2,895,9,4873,2,90
1798,48,2,896,7,4880,0,70
1799,48,2,897,4,4884,4,40
1800,48,2,898,8,4892,4,80
1801,48,2,899,8,4900,3,80
1802,48,2,900,8,4908,1,80
1803,48,2,901,7,4915,2,70
1804,48,2,902,4,4919,2,40
1805,48,2,903,2,4921,2,20
1806,48,2,904,5,4926,0,50
1807,48,2,905,4,4930,1,40
1808,48,2,906,3,4933,7,30
1809,48,2,907,3,4936,2,30
1810,48,2,908,4,4940,2,40
1811,48,2,909,9,4949,4,90
1812,48,2,910,5,4954,0,50
1813,48,2,911,8,4962,0,80
1814,48,2,912,8,4970,4,80
1815,48,2,913,9,4979,5,90
1816,48,2,914,5,4984,0,50
1817,48,2,915,3,4987,3,30
1818,48,2,916,5,4992,1,50
1819,48,3,1,3,3,1,30
1820,48,3,2,2,5,0,20
1821,48,3,3,3,8,0,30
1822,48,3,4,9,17,0,90
1823,48,3,5,2,19,0,20
1824,48,3,6,4,23,5,40
1825,48,3,7,3,26,2,30
1826,48,3,8,3,29,0,30
1827,48,3,9,7,36,0,70
1828,48,3,10,3,39,0,30
1829,48,3,11,2,41,1,20
1830,48,3,12,8,49,3,80
1831,48,3,13,6,55,6,60
1832,48,3,14,5,60,3,50
1833,48,3,15,4,64,0,40
1834,48,3,16,9,73,4,90
1835,48,3,17,9,82,4,90
1836,48,3,18,6,88,3,60
1837,48,3,19,9,97,0,90
1838,48,3,20,8,105,0,80
1839,48,3,21,6,111,11,60
1840,48,3,22,8,119,3,80
1841,48,3,23,8,127,6,80
1842,48,3,24,2,129,0,20
1843,48,3,25,3,132,1,30
1844,48,3,26,2,134,2,20
1845,48,3,27,9,143,4,90
1846,48,3,28,7,150,0,70
1847,48,3,29,4,154,0,40
1848,48,3,30,5,159,8,50
1849,48,3,31,2,161,3,20
1850,48,3,32,7,168,6,70
1851,48,3,33,9,177,3,90
1852,48,3,34,3,180,1,30
1853,48,3,35,2,182,2,20
1854,48,3,36,9,191,7,90
1855,48,3,37,7,198,3,70
1856,48,3,38,9,207,5,90
1857,48,3,39,5,212,3,50
1858,48,3,40,3,215,0,30
1859,48,3,41,8,223,0,80
1860,48,3,42,3,226,5,30
1861,48,3,43,4,230,3,40
1862,48,3,44,8,238,6,80
1863,48,3,45,7,245,0,70
1864,48,3,46,4,249,7,40
1865,48,3,47,2,251,0,20
1866,48,3,48,3,254,2,30
1867,48,3,49,5,259,2,50
1868,48,3,50,5,264,4,50
1869,48,3,51,3,267,1,30
1870,48,3,52,8,275,6,80
1871,48,3,53,8,283,5,80
1872,48,3,54,6,289,4,60
1873,48,3,55,5,294,1,50
1874,48,3,56,4,298,0,40
1875,48,3,57,3,301,0,30
1876,48,3,58,4,305,3,40
1877,48,3,59,8,313,6,80
1878,48,3,60,6,319,5,60
1879,48,3,61,9,328,5,90
1880,48,3,62,4,332,3,40
1881,48,3,63,2,334,0,20
1882,48,3,64,3,337,1,30
1883,48,3,65,4,341,3,40
1884,48,3,66,7,348,3,70
1885,48,3,67,2,350,0,20
1886,48,3,68,6,356,3,60
1887,48,3,69,7,363,7,70
1888,48,3,70,8,371,6,80
1889,48,3,71,4,375,2,40
1890,48,3,72,3,378,0,30
1891,48,3,73,9,387,10,90
1892,48,3,74,4,391,0,40
1893,48,3,75,7,398,0,70
1894,48,3,76,3,401,7,30
1895,48,3,77,2,403,0,20
1896,48,3,78,4,407,2,40
1897,48,3,79,9,416,4,90
1898,48,3,80,3,419,1,30
1899,48,3,81,7,426,0,70
1900,48,3,82,6,432,8,60
1901,48,3,83,2,434,0,20
1902,48,3,84,8,442,4,80
1903,48,3,85,3,445,0,30
1904,48,3,86,3,448,0,30
1905,48,3,87,5,453,1,50
1906,48,3,88,8,461,6,80
1907,48,3,89,5,466,1,50
1908,48,3,90,2,468,0,20
1909,48,3,91,2,470,3,20
1910,48,3,92,7,477,4,70
1911,48,3,93,2,479,0,20
1912,48,3,94,8,487,0,80
1913,48,3,95,3,490,3,30
1914,48,3,96,2,492,0,20
1915,48,3,97,6,498,3,60
1916,48,3,98,4,502,1,40
1917,48,3,99,9,511,8,90
1918,48,3,100,7,518,0,70
1919,48,3,101,9,527,12,90
1920,48,3,102,5,532,5,50
1921,48,3,103,9,541,9,90
1922,48,3,104,6,547,5,60
1923,48,3,105,9,556,2,90
1924,48,3,106,9,565,5,90
1925,48,3,107,7,572,2,70
1926,48,3,108,5,577,4,50
1927,48,3,109,2,579,1,20
1928,48,3,110,2,581,3,20
1929,48,3,111,8,589,3,80
1930,48,3,112,4,593,3,40
1931,48,3,113,2,595,0,20
1932,48,3,114,4,599,0,40
1933,48,3,115,4,603,1,40
1934,48,3,116,2,605,3,20
1935,48,3,117,6,611,1,60
1936,48,3,118,3,614,1,30
1937,48,3,119,7,621,2,70
1938,48,3,120,4,625,4,40
1939,48,3,121,9,634,3,90
1940,48,3,122,8,642,3,80
1941,48,3,123,8,650,4,80
1942,48,3,124,9,659,5,90
1943,48,3,125,9,668,0,90
1944,48,3,126,3,671,8,30
1945,48,3,127,5,676,0,50
1946,48,3,128,2,678,1,20
1947,48,3,129,5,683,0,50
1948,48,3,130,3,686,5,30
1949,48,3,131,3,689,1,30
1950,48,3,132,4,693,0,40
1951,48,3,133,7,700,0,70
1952,48,3,134,8,708,13,80
1953,48,3,135,7,715,0,70
1954,48,3,136,9,724,5,90
1955,48,3,137,3,727,0,30
1956,48,3,138,3,730,3,30
1957,48,3,139,3,733,0,30
1958,48,3,140,8,741,5,80
1959,48,3,141,2,743,1,20
1960,48,3,142,8,751,5,80
1961,48,3,143,4,755,0,40
1962,48,3,144,8,763,5,80
1963,48,3,145,9,772,2,90
1964,48,3,146,8,780,4,80
1965,48,3,147,8,788,8,80
1966,48,3,148,4,792,2,40
1967,48,3,149,9,801,4,90
1968,48,3,150,8,809,3,80
1969,48,3,151,7,816,2,70
1970,48,3,152,4,820,5,40
1971,48,3,153,7,827,3,70
1972,48,3,154,3,830,2,30
1973,48,3,155,5,835,3,50
1974,48,3,156,6,841,2,60
1975,48,3,157,9,850,2,90
1976,48,3,158,6,856,2,60
1977,48,3,159,5,861,2,50
1978,48,3,160,3,864,2,30
1979,48,3,161,5,869,3,50
1980,48,3,162,5,874,3,50
1981,48,3,163,8,882,4,80
1982,48,3,164,4,886,2,40
1983,48,3,165,7,893,0,70
1984,48,3,166,5,898,5,50
1985,48,3,167,3,901,2,30
1986,48,3,168,8,909,2,80
1987,48,3,169,3,912,3,30
1988,48,3,170,6,918,2,60
1989,48,3,171,9,927,2,90
1990,48,3,172,7,934,5,70
1991,48,3,173,2,936,2,20
1992,48,3,174,8,944,3,80
1993,48,3,175,3,947,0,30
1994,48,3,176,5,952,3,50
1995,48,3,177,2,954,1,20
1996,48,3,178,3,957,2,30
1997,48,3,179,6,963,4,60
1998,48,3,180,3,966,0,30
1999,48,3,181,2,968,0,20
2000,48,3,182,7,975,0,70
2001,48,3,183,3,978,5,30
2002,48,3,184,7,985,3,70
2003,48,3,185,5,990,4,50
2004,48,3,186,9,999,5,90
2005,48,3,187,5,1004,2,50
2006,48,3,188,7,1011,4,70
2007,48,3,189,3,1014,0,30
2008,48,3,190,3,1017,2,30
2009,48,3,191,5,1022,0,50
2010,48,3,192,4,1026,5,40
2011,48,3,193,7,1033,7,70
2012,48,3,194,7,1040,2,70
2013,48,3,195,6,1046,2,60
2014,48,3,196,4,1050,2,40
2015,48,3,197,3,1053,1,30
2016,48,3,198,9,1062,0,90
2017,48,3,199,9,1071,9,90
2018,48,3,200,2,1073,1,20
2019,48,3,201,3,1076,1,30
2020,48,3,202,2,1078,0,20
2021,48,3,203,9,1087,2,90
2022,48,3,204,6,1093,0,60
2023,48,3,205,8,1101,5,80
2024,48,3,206,2,1103,0,20
2025,48,3,207,6,1109,1,60
2026,48,3,208,5,1114,3,50
2027,48,3,209,3,1117,0,30
2028,48,3,210,3,1120,2,30
2029,48,3,211,8,1128,2,80
2030,48,3,212,3,1131,2,30
2031,48,3,213,2,1133,0,20
2032,48,3,214,7,1140,0,70
2033,48,3,215,6,1146,0,60
2034,48,3,216,9,1155,0,90
2035,48,3,217,8,1163,12,80
2036,48,3,218,8,1171,3,80
2037,48,3,219,5,1176,0,50
2038,48,3,220,7,1183,5,70
2039,48,3,221,3,1186,1,30
2040,48,3,222,2,1188,0,20
2041,48,3,223,3,1191,2,30
2042,48,3,224,6,1197,3,60
2043,48,3,225,3,1200,2,30
2044,48,3,226,3,1203,3,30
2045,48,3,227,4,1207,0,40
2046,48,3,228,6,1213,7,60
2047,48,3,229,8,1221,1,80
2048,48,3,230,6,1227,3,60
2049,48,3,231,3,1230,0,30
2050,48,3,232,2,1232,1,20
2051,48,3,233,7,1239,0,70
2052,48,3,234,9,1248,7,90
2053,48,3,235,7,1255,2,70
2054,48,3,236,3,1258,4,30
2055,48,3,237,6,1264,3,60
2056,48,3,238,9,1273,3,90
2057,48,3,239,3,1276,1,30
2058,48,3,240,3,1279,0,30
2059,48,3,241,2,1281,0,20
2060,48,3,242,8,1289,5,80
2061,48,3,243,2,1291,2,20
2062,48,3,244,5,1296,2,50
2063,48,3,245,5,1301,6,50
2064,48,3,246,7,1308,1,70
2065,48,3,247,7,1315,2,70
2066,48,3,248,4,1319,1,40
2067,48,3,249,7,1326,1,70
2068,48,3,250,5,1331,2,50
2069,48,3,251,7,1338,0,70
2070,48,3,252,3,1341,10,30
2071,48,3,253,6,1347,1,60
2072,48,3,254,4,1351,2,40
2073,48,3,255,4,1355,3,40
2074,48,3,256,3,1358,2,30
2075,48,3,257,4,1362,2,40
2076,48,3,258,8,1370,0,80
2077,48,3,259,9,1379,4,90
2078,48,3,260,7,1386,0,70
2079,48,3,261,5,1391,1,50
2080,48,3,262,9,1400,6,90
2081,48,3,263,8,1408,2,80
2082,48,3,264,8,1416,2,80
2083,48,3,265,8,1424,4,80
2084,48,3,266,5,1429,0,50
2085,48,3,267,4,1433,8,40
2086,48,3,268,9,1442,10,90
2087,48,3,269,2,1444,0,20
2088,48,3,270,8,1452,2,80
2089,48,3,271,6,1458,0,60
2090,48,3,272,7,1465,0,70
2091,48,3,273,5,1470,7,50
2092,48,3,274,3,1473,1,30
2093,48,3,275,4,1477,2,40
2094,48,3,276,5,1482,1,50
2095,48,3,277,5,1487,1,50
2096,48,3,278,4,1491,2,40
2097,48,3,279,8,1499,0,80
2098,48,3,280,7,1506,8,70
2099,48,3,281,5,1511,2,50
2100,48,3,282,6,1517,4,60
2101,48,3,283,7,1524,7,70
2102,48,3,284,7,1531,0,70
2103,48,3,285,6,1537,0,60
2104,48,3,286,7,1544,13,70
2105,48,3,287,2,1546,0,20
2106,48,3,288,3,1549,2,30
2107,48,3,289,4,1553,0,40
2108,48,3,290,5,1558,5,50
2109,48,3,291,2,1560,0,20
2110,48,3,292,4,1564,1,40
2111,48,3,293,9,1573,9,90
2112,48,3,294,2,1575,0,20
2113,48,3,295,3,1578,3,30
2114,48,3,296,7,1585,4,70
2115,48,3,297,6,1591,2,60
2116,48,3,298,2,1593,2,20
2117,48,3,299,3,1596,0,30
2118,48,3,300,5,1601,3,50
2119,48,3,301,7,1608,3,70
2120,48,3,302,3,1611,0,30
2121,48,3,303,2,1613,0,20
2122,48,3,304,6,1619,3,60
2123,48,3,305,9,1628,6,90
2124,48,3,306,5,1633,4,50
2125,48,3,307,7,1640,2,70
2126,48,3,308,7,1647,1,70
2127,48,3,309,6,1653,0,60
2128,48,3,310,9,1662,8,90
2129,48,3,311,3,1665,2,30
2130,48,3,312,2,1667,0,20
2131,48,3,313,3,1670,0,30
2132,48,3,314,7,1677,0,70
2133,48,3,315,8,1685,0,80
2134,48,3,316,7,1692,16,70
2135,48,3,317,5,1697,1,50
2136,48,3,318,4,1701,1,40
2137,48,3,319,2,1703,2,20
2138,48,3,320,5,1708,3,50
2139,48,3,321,6,1714,0,60
2140,48,3,322,3,1717,4,30
2141,48,3,323,3,1720,0,30
2142,48,3,324,4,1724,3,40
2143,48,3,325,9,1733,0,90
2144,48,3,326,6,1739,5,60
2145,48,3,327,5,1744,2,50
2146,48,3,328,2,1746,2,20
2147,48,3,329,2,1748,1,20
2148,48,3,330,7,1755,2,70
2149,48,3,331,6,1761,3,60
2150,48,3,332,6,1767,4,60
2151,48,3,333,5,1772,5,50
2152,48,3,334,2,1774,1,20
2153,48,3,335,2,1776,0,20
2154,48,3,336,8,1784,3,80
2155,48,3,337,5,1789,2,50
2156,48,3,338,6,1795,0,60
2157,48,3,339,7,1802,10,70
2158,48,3,340,3,1805,2,30
2159,48,3,341,3,1808,1,30
2160,48,3,342,5,1813,5,50
2161,48,3,343,5,1818,1,50
2162,48,3,344,3,1821,2,30
2163,48,3,345,5,1826,3,50
2164,48,3,346,2,1828,2,20
2165,48,3,347,2,1830,3,20
2166,48,3,348,9,1839,5,90
2167,48,3,349,9,1848,0,90
2168,48,3,350,9,1857,7,90
2169,48,3,351,9,1866,4,90
2170,48,3,352,9,1875,8,90
2171,48,3,353,3,1878,1,30
2172,48,3,354,2,1880,0,20
2173,48,3,355,3,1883,1,30
2174,48,3,356,2,1885,1,20
2175,48,3,357,2,1887,0,20
2176,48,3,358,6,1893,4,60
2177,48,3,359,3,1896,2,30
2178,48,3,360,4,1900,5,40
2179,48,3,361,3,1903,3,30
2180,48,3,362,9,1912,5,90
2181,48,3,363,3,1915,2,30
2182,48,3,364,3,1918,0,30
2183,48,3,365,9,1927,7,90
2184,48,3,366,6,1933,3,60
2185,48,3,367,3,1936,0,30
2186,48,3,368,5,1941,0,50
2187,48,3,369,5,1946,1,50
2188,48,3,370,7,1953,3,70
2189,48,3,371,4,1957,1,40
2190,48,3,372,5,1962,6,50
2191,48,3,373,9,1971,2,90
2192,48,3,374,2,1973,0,20
2193,48,3,375,2,1975,0,20
2194,48,3,376,2,1977,3,20
2195,48,3,377,9,1986,7,90
2196,48,3,378,6,1992,0,60
2197,48,3,379,6,1998,0,60
2198,48,3,380,8,2006,8,80
2199,48,3,381,2,2008,1,20
2200,48,3,382,5,2013,2,50
2201,48,3,383,9,2022,7,90
2202,48,3,384,4,2026,1,40
2203,48,3,385,4,2030,0,40
2204,48,3,386,2,2032,0,20
2205,48,3,387,7,2039,0,70
2206,48,3,388,4,2043,12,40
2207,48,3,389,5,2048,0,50
2208,48,3,390,3,2051,4,30
2209,48,3,391,7,2058,4,70
2210,48,3,392,4,2062,1,40
2211,48,3,393,9,2071,2,90
2212,48,3,394,4,2075,3,40
2213,48,3,395,5,2080,3,50
2214,48,3,396,6,2086,3,60
2215,48,3,397,7,2093,3,70
2216,48,3,398,9,2102,3,90
2217,48,3,399,9,2111,5,90
2218,48,3,400,9,2120,10,90
2219,48,3,401,2,2122,0,20
2220,48,3,402,9,2131,1,90
2221,48,3,403,4,2135,2,40
2222,48,3,404,9,2144,5,90
2223,48,3,405,9,2153,6,90
2224,48,3,406,6,2159,6,60
2225,48,3,407,2,2161,0,20
2226,48,3,408,5,2166,1,50
2227,48,3,409,9,2175,4,90
2228,48,3,410,6,2181,4,60
2229,48,3,411,7,2188,3,70
2230,48,3,412,7,2195,1,70
2231,48,3,413,2,2197,0,20
2232,48,3,414,3,2200,1,30
2233,48,3,415,5,2205,1,50
2234,48,3,416,3,2208,1,30
2235,48,3,417,2,2210,1,20
2236,48,3,418,9,2219,5,90
2237,48,3,419,7,2226,5,70
2238,48,3,420,4,2230,3,40
2239,48,3,421,3,2233,0,30
2240,48,3,422,9,2242,5,90
2241,48,3,423,9,2251,4,90
2242,48,3,424,9,2260,4,90
2243,48,3,425,5,2265,2,50
2244,48,3,426,7,2272,5,70
2245,48,3,427,8,2280,5,80
2246,48,3,428,4,2284,3,40
2247,48,3,429,5,2289,3,50
2248,48,3,430,4,2293,4,40
2249,48,3,431,2,2295,0,20
2250,48,3,432,3,2298,0,30
2251,48,3,433,4,2302,0,40
2252,48,3,434,6,2308,4,60
2253,48,3,435,9,2317,2,90
2254,48,3,436,5,2322,5,50
2255,48,3,437,9,2331,2,90
2256,48,3,438,3,2334,3,30
2257,48,3,439,9,2343,5,90
2258,48,3,440,3,2346,0,30
2259,48,3,441,6,2352,3,60
2260,48,3,442,2,2354,2,20
2261,48,3,443,7,2361,4,70
2262,48,3,444,8,2369,1,80
2263,48,3,445,3,2372,4,30
2264,48,3,446,4,2376,3,40
2265,48,3,447,4,2380,7,40
2266,48,3,448,7,2387,4,70
2267,48,3,449,7,2394,2,70
2268,48,3,450,7,2401,4,70
2269,48,3,451,3,2404,5,30
2270,48,3,452,8,2412,3,80
2271,48,3,453,5,2417,5,50
2272,48,3,454,4,2421,0,40
2273,48,3,455,5,2426,2,50
2274,48,3,456,7,2433,0,70
2275,48,3,457,9,2442,3,90
2276,48,3,458,6,2448,6,60
2277,48,3,459,9,2457,7,90
2278,48,3,460,9,2466,5,90
2279,48,3,461,5,2471,4,50
2280,48,3,462,2,2473,1,20
2281,48,3,463,5,2478,1,50
2282,48,3,464,9,2487,2,90
2283,48,3,465,5,2492,3,50
2284,48,3,466,3,2495,2,30
2285,48,3,467,9,2504,3,90
2286,48,3,468,4,2508,0,40
2287,48,3,469,8,2516,0,80
2288,48,3,470,9,2525,12,90
2289,48,3,471,6,2531,4,60
2290,48,3,472,2,2533,0,20
2291,48,3,473,4,2537,2,40
2292,48,3,474,4,2541,0,40
2293,48,3,475,4,2545,4,40
2294,48,3,476,9,2554,7,90
2295,48,3,477,8,2562,3,80
2296,48,3,478,5,2567,1,50
2297,48,3,479,8,2575,4,80
2298,48,3,480,7,2582,4,70
2299,48,3,481,5,2587,1,50
2300,48,3,482,3,2590,2,30
2301,48,3,483,9,2599,7,90
2302,48,3,484,7,2606,1,70
2303,48,3,485,9,2615,4,90
2304,48,3,486,4,2619,2,40
2305,48,3,487,9,2628,0,90
2306,48,3,488,5,2633,7,50
2307,48,3,489,7,2640,4,70
2308,48,3,490,5,2645,4,50
2309,48,3,491,2,2647,0,20
2310,48,3,492,7,2654,7,70
2311,48,3,493,9,2663,7,90
2312,48,3,494,3,2666,0,30
2313,48,3,495,7,2673,3,70
2314,48,3,496,9,2682,3,90
2315,48,3,497,8,2690,3,80
2316,48,3,498,8,2698,0,80
2317,48,3,499,7,2705,6,70
2318,48,3,500,6,2711,3,60
2319,48,3,501,8,2719,7,80
2320,48,3,502,6,2725,2,60
2321,48,3,503,7,2732,2,70
2322,48,3,504,4,2736,1,40
2323,48,3,505,7,2743,4,70
2324,48,3,506,2,2745,0,20
2325,48,3,507,6,2751,3,60
2326,48,3,508,8,2759,0,80
2327,48,3,509,9,2768,5,90
2328,48,3,510,2,2770,0,20
2329,48,3,511,8,2778,4,80
2330,48,3,512,6,2784,7,60
2331,48,3,513,5,2789,0,50
2332,48,3,514,4,2793,0,40
2333,48,3,515,7,2800,0,70
2334,48,3,516,9,2809,11,90
2335,48,3,517,2,2811,1,20
2336,48,3,518,7,2818,6,70
2337,48,3,519,6,2824,0,60
2338,48,3,520,4,2828,4,40
2339,48,3,521,3,2831,4,30
2340,48,3,522,4,2835,1,40
2341,48,3,523,6,2841,3,60
2342,48,3,524,5,2846,1,50
2343,48,3,525,7,2853,3,70
2344,48,3,526,5,2858,4,50
2345,48,3,527,9,2867,1,90
2346,48,3,528,5,2872,4,50
2347,48,3,529,6,2878,2,60
2348,48,3,530,9,2887,0,90
2349,48,3,531,7,2894,8,70
2350,48,3,532,4,2898,2,40
2351,48,3,533,8,2906,7,80
2352,48,3,534,9,2915,4,90
2353,48,3,535,3,2918,1,30
2354,48,3,536,2,2920,2,20
2355,48,3,537,7,2927,6,70
2356,48,3,538,4,2931,2,40
2357,48,3,539,7,2938,3,70
2358,48,3,540,5,2943,2,50
2359,48,3,541,7,2950,4,70
2360,48,3,542,9,2959,8,90
2361,48,3,543,2,2961,0,20
2362,48,3,544,2,2963,0,20
2363,48,3,545,7,2970,2,70
2364,48,3,546,7,2977,5,70
2365,48,3,547,7,2984,2,70
2366,48,3,548,5,2989,3,50
2367,48,3,549,8,2997,6,80
2368,48,3,550,9,3006,4,90
2369,48,3,551,5,3011,3,50
2370,48,3,552,4,3015,0,40
2371,48,3,553,7,3022,0,70
2372,48,3,554,8,3030,5,80
2373,48,3,555,4,3034,1,40
2374,48,3,556,9,3043,5,90
2375,48,3,557,8,3051,0,80
2376,48,3,558,4,3055,0,40
2377,48,3,559,3,3058,9,30
2378,48,3,560,5,3063,2,50
2379,48,3,561,4,3067,0,40
2380,48,3,562,9,3076,9,90
2381,48,3,563,9,3085,0,90
2382,48,3,564,9,3094,6,90
2383,48,3,565,6,3100,0,60
2384,48,3,566,3,3103,2,30
2385,48,3,567,2,3105,3,20
2386,48,3,568,6,3111,0,60
2387,48,3,569,5,3116,3,50
2388,48,3,570,3,3119,0,30
2389,48,3,571,3,3122,2,30
2390,48,3,572,7,3129,0,70
2391,48,3,573,3,3132,0,30
2392,48,3,574,5,3137,6,50
2393,48,3,575,9,3146,4,90
2394,48,3,576,9,3155,1,90
2395,48,3,577,3,3158,0,30
2396,48,3,578,2,3160,1,20
2397,48,3,579,7,3167,0,70
2398,48,3,580,2,3169,1,20
2399,48,3,581,3,3172,1,30
2400,48,3,582,7,3179,4,70
2401,48,3,583,9,3188,8,90
2402,48,3,584,5,3193,3,50
2403,48,3,585,9,3202,0,90
2404,48,3,586,6,3208,8,60
2405,48,3,587,6,3214,2,60
2406,48,3,588,9,3223,9,90
2407,48,3,589,6,3229,3,60
2408,48,3,590,7,3236,0,70
2409,48,3,591,5,3241,8,50
2410,48,3,592,3,3244,2,30
2411,48,3,593,5,3249,0,50
2412,48,3,594,5,3254,5,50
2413,48,3,595,8,3262,3,80
2414,48,3,596,9,3271,2,90
2415,48,3,597,7,3278,0,70
2416,48,3,598,2,3280,0,20
2417,48,3,599,7,3287,0,70
2418,48,3,600,9,3296,8,90
2419,48,3,601,5,3301,1,50
2420,48,3,602,9,3310,13,90
2421,48,3,603,3,3313,0,30
2422,48,3,604,8,3321,0,80
2423,48,3,605,7,3328,0,70
2424,48,3,606,3,3331,7,30
2425,48,3,607,5,3336,1,50
2426,48,3,608,6,3342,3,60
2427,48,3,609,5,3347,0,50
2428,48,3,610,5,3352,3,50
2429,48,3,611,4,3356,0,40
2430,48,3,612,5,3361,3,50
2431,48,3,613,9,3370,6,90
2432,48,3,614,3,3373,1,30
2433,48,3,615,2,3375,2,20
2434,48,3,616,5,3380,2,50
2435,48,3,617,7,3387,7,70
2436,48,3,618,3,3390,1,30
2437,48,3,619,6,3396,0,60
2438,48,3,620,9,3405,8,90
2439,48,3,621,5,3410,3,50
2440,48,3,622,5,3415,3,50
2441,48,3,623,2,3417,0,20
2442,48,3,624,5,3422,2,50
2443,48,3,625,6,3428,1,60
2444,48,3,626,6,3434,5,60
2445,48,3,627,2,3436,1,20
2446,48,3,628,9,3445,3,90
2447,48,3,629,7,3452,5,70
2448,48,3,630,5,3457,3,50
2449,48,3,631,2,3459,0,20
2450,48,3,632,5,3464,4,50
2451,48,3,633,2,3466,0,20
2452,48,3,634,8,3474,4,80
2453,48,3,635,3,3477,0,30
2454,48,3,636,7,3484,1,70
2455,48,3,637,2,3486,1,20
2456,48,3,638,4,3490,3,40
2457,48,3,639,6,3496,4,60
2458,48,3,640,8,3504,2,80
2459,48,3,641,8,3512,4,80
2460,48,3,642,8,3520,4,80
2461,48,3,643,6,3526,1,60
2462,48,3,644,6,3532,2,60
2463,48,3,645,4,3536,0,40
2464,48,3,646,8,3544,8,80
2465,48,3,647,3,3547,1,30
2466,48,3,648,3,3550,0,30
2467,48,3,649,4,3554,4,40
2468,48,3,650,3,3557,0,30
2469,48,3,651,4,3561,1,40
2470,48,3,652,3,3564,3,30
2471,48,3,653,3,3567,1,30
2472,48,3,654,3,3570,0,30
2473,48,3,655,6,3576,4,60
2474,48,3,656,4,3580,3,40
2475,48,3,657,3,3583,1,30
2476,48,3,658,6,3589,5,60
2477,48,3,659,6,3595,5,60
2478,48,3,660,3,3598,4,30
2479,48,3,661,9,3607,4,90
2480,48,3,662,9,3616,4,90
2481,48,3,663,5,3621,1,50
2482,48,3,664,9,3630,4,90
2483,48,3,665,4,3634,4,40
2484,48,3,666,8,3642,5,80
2485,48,3,667,4,3646,2,40
2486,48,3,668,6,3652,1,60
2487,48,3,669,6,3658,5,60
2488,48,3,670,4,3662,2,40
2489,48,3,671,8,3670,3,80
2490,48,3,672,2,3672,2,20
2491,48,3,673,3,3675,0,30
2492,48,3,674,8,3683,7,80
2493,48,3,675,2,3685,1,20
2494,48,3,676,2,3687,0,20
2495,48,3,677,6,3693,6,60
2496,48,3,678,8,3701,3,80
2497,48,3,679,7,3708,2,70
2498,48,3,680,6,3714,3,60
2499,48,3,681,8,3722,5,80
2500,48,3,682,2,3724,0,20
2501,48,3,683,9,3733,0,90
2502,48,3,684,9,3742,0,90
2503,48,3,685,2,3744,0,20
2504,48,3,686,7,3751,15,70
2505,48,3,687,7,3758,3,70
2506,48,3,688,8,3766,0,80
2507,48,3,689,2,3768,8,20
2508,48,3,690,8,3776,4,80
2509,48,3,691,5,3781,3,50
2510,48,3,692,5,3786,2,50
2511,48,3,693,3,3789,1,30
2512,48,3,694,7,3796,0,70
2513,48,3,695,2,3798,4,20
2514,48,3,696,9,3807,4,90
2515,48,3,697,8,3815,6,80
2516,48,3,698,4,3819,1,40
2517,48,3,699,4,3823,2,40
2518,48,3,700,2,3825,0,20
2519,48,3,701,8,3833,5,80
2520,48,3,702,6,3839,2,60
2521,48,3,703,4,3843,0,40
2522,48,3,704,6,3849,6,60
2523,48,3,705,7,3856,4,70
2524,48,3,706,2,3858,1,20
2525,48,3,707,9,3867,5,90
2526,48,3,708,9,3876,6,90
2527,48,3,709,7,3883,5,70
2528,48,3,710,5,3888,2,50
2529,48,3,711,2,3890,0,20
2530,48,3,712,6,3896,0,60
2531,48,3,713,7,3903,9,70
2532,48,3,714,8,3911,2,80
2533,48,3,715,3,3914,0,30
2534,48,3,716,5,3919,2,50
2535,48,3,717,6,3925,4,60
2536,48,3,718,3,3928,2,30
2537,48,3,719,8,3936,4,80
2538,48,3,720,2,3938,0,20
2539,48,3,721,4,3942,3,40
2540,48,3,722,7,3949,3,70
2541,48,3,723,7,3956,0,70
2542,48,3,724,7,3963,7,70
2543,48,3,725,8,3971,0,80
2544,48,3,726,5,3976,5,50
2545,48,3,727,2,3978,1,20
2546,48,3,728,3,3981,0,30
2547,48,3,729,5,3986,4,50
2548,48,3,730,5,3991,1,50
2549,48,3,731,4,3995,3,40
2550,48,3,732,8,4003,5,80
2551,48,3,733,3,4006,2,30
2552,48,3,734,4,4010,3,40
2553,48,3,735,4,4014,1,40
2554,48,3,736,6,4020,0,60
2555,48,3,737,7,4027,1,70
2556,48,3,738,6,4033,1,60
2557,48,3,739,3,4036,0,30
2558,48,3,740,2,4038,0,20
2559,48,3,741,8,4046,0,80
2560,48,3,742,3,4049,6,30
2561,48,3,743,2,4051,1,20
2562,48,3,744,8,4059,3,80
2563,48,3,745,5,4064,2,50
2564,48,3,746,6,4070,0,60
2565,48,3,747,6,4076,0,60
2566,48,3,748,4,4080,11,40
2567,48,3,749,2,4082,2,20
2568,48,3,750,7,4089,5,70
2569,48,3,751,9,4098,8,90
2570,48,3,752,4,4102,3,40
2571,48,3,753,4,4106,0,40
2572,48,3,754,7,4113,8,70
2573,48,3,755,3,4116,1,30
2574,48,3,756,5,4121,4,50
2575,48,3,757,6,4127,2,60
2576,48,3,758,9,4136,0,90
2577,48,3,759,7,4143,7,70
2578,48,3,760,6,4149,4,60
2579,48,3,761,9,4158,4,90
2580,48,3,762,8,4166,5,80
2581,48,3,763,3,4169,4,30
2582,48,3,764,3,4172,0,30
2583,48,3,765,5,4177,4,50
2584,48,3,766,3,4180,1,30
2585,48,3,767,4,4184,2,40
2586,48,3,768,2,4186,0,20
2587,48,3,769,9,4195,4,90
2588,48,3,770,6,4201,2,60
2589,48,3,771,7,4208,0,70
2590,48,3,772,7,4215,8,70
2591,48,3,773,2,4217,0,20
2592,48,3,774,5,4222,5,50
2593,48,3,775,2,4224,0,20
2594,48,3,776,6,4230,0,60
2595,48,3,777,6,4236,13,60
2596,48,3,778,4,4240,1,40
2597,48,3,779,4,4244,4,40
2598,48,3,780,5,4249,1,50
2599,48,3,781,2,4251,0,20
2600,48,3,782,6,4257,0,60
2601,48,3,783,5,4262,10,50
2602,48,3,784,7,4269,5,70
2603,48,3,785,4,4273,1,40
2604,48,3,786,6,4279,5,60
2605,48,3,787,5,4284,2,50
2606,48,3,788,3,4287,0,30
2607,48,3,789,4,4291,3,40
2608,48,3,790,3,4294,0,30
2609,48,3,791,6,4300,5,60
2610,48,3,792,4,4304,1,40
2611,48,3,793,2,4306,0,20
2612,48,3,794,5,4311,3,50
2613,48,3,795,2,4313,0,20
2614,48,3,796,7,4320,3,70
2615,48,3,797,2,4322,0,20
2616,48,3,798,4,4326,4,40
2617,48,3,799,5,4331,0,50
2618,48,3,800,3,4334,4,30
2619,48,3,801,3,4337,2,30
2620,48,3,802,5,4342,2,50
2621,48,3,803,9,4351,5,90
2622,48,3,804,5,4356,3,50
2623,48,3,805,7,4363,0,70
2624,48,3,806,5,4368,2,50
2625,48,3,807,4,4372,0,40
2626,48,3,808,6,4378,4,60
2627,48,3,809,9,4387,4,90
2628,48,3,810,3,4390,1,30
2629,48,3,811,5,4395,3,50
2630,48,3,812,8,4403,5,80
2631,48,3,813,3,4406,1,30
2632,48,3,814,2,4408,0,20
2633,48,3,815,9,4417,2,90
2634,48,3,816,6,4423,1,60
2635,48,3,817,7,4430,0,70
2636,48,3,818,6,4436,4,60
2637,48,3,819,7,4443,5,70
2638,48,3,820,8,4451,0,80
2639,48,3,821,9,4460,11,90
2640,48,3,822,9,4469,3,90
2641,48,3,823,9,4478,5,90
2642,48,3,824,2,4480,0,20
2643,48,3,825,9,4489,0,90
2644,48,3,826,4,4493,7,40
2645,48,3,827,4,4497,1,40
2646,48,3,828,8,4505,0,80
2647,48,3,829,5,4510,6,50
2648,48,3,830,7,4517,2,70
2649,48,3,831,4,4521,1,40
2650,48,3,832,4,4525,1,40
2651,48,3,833,7,4532,2,70
2652,48,3,834,9,4541,5,90
2653,48,3,835,6,4547,0,60
2654,48,3,836,7,4554,6,70
2655,48,3,837,5,4559,3,50
2656,48,3,838,6,4565,1,60
2657,48,3,839,5,4570,5,50
2658,48,3,840,4,4574,2,40
2659,48,3,841,8,4582,3,80
2660,48,3,842,5,4587,0,50
2661,48,3,843,4,4591,2,40
2662,48,3,844,3,4594,1,30
2663,48,3,845,5,4599,2,50
2664,48,3,846,4,4603,1,40
2665,48,3,847,5,4608,4,50
2666,48,3,848,2,4610,1,20
2667,48,3,849,9,4619,4,90
2668,48,3,850,4,4623,0,40
2669,48,3,851,5,4628,4,50
2670,48,3,852,6,4634,1,60
2671,48,3,853,9,4643,0,90
2672,48,3,854,9,4652,3,90
2673,48,3,855,2,4654,0,20
2674,48,3,856,4,4658,3,40
2675,48,3,857,5,4663,6,50
2676,48,3,858,7,4670,6,70
2677,48,3,859,4,4674,5,40
2678,48,3,860,4,4678,5,40
2679,48,3,861,9,4687,6,90
2680,48,3,862,2,4689,2,20
2681,48,3,863,2,4691,0,20
2682,48,3,864,2,4693,0,20
2683,48,3,865,3,4696,3,30
2684,48,3,866,7,4703,0,70
2685,48,3,867,2,4705,7,20
2686,48,3,868,3,4708,0,30
2687,48,3,869,9,4717,6,90
2688,48,3,870,2,4719,0,20
2689,48,3,871,9,4728,6,90
2690,48,3,872,6,4734,5,60
2691,48,3,873,2,4736,0,20
2692,48,3,874,2,4738,2,20
2693,48,3,875,3,4741,2,30
2694,48,3,876,3,4744,1,30
2695,48,3,877,6,4750,0,60
2696,48,3,878,2,4752,2,20
2697,48,3,879,7,4759,3,70
2698,48,3,880,4,4763,1,40
2699,48,3,881,3,4766,1,30
2700,48,3,882,4,4770,1,40
2701,48,3,883,2,4772,1,20
2702,48,3,884,6,4778,2,60
2703,48,3,885,7,4785,0,70
2704,48,3,886,8,4793,6,80
2705,48,3,887,6,4799,1,60
2706,48,3,888,9,4808,3,90
2707,48,3,889,5,4813,4,50
2708,48,3,890,3,4816,2,30
2709,48,3,891,9,4825,4,90
2710,48,3,892,8,4833,0,80
2711,48,3,893,6,4839,9,60
2712,48,3,894,4,4843,1,40
2713,48,3,895,5,4848,2,50
2714,48,3,896,4,4852,1,40
2715,48,3,897,5,4857,0,50
2716,48,3,898,3,4860,3,30
2717,48,3,899,7,4867,1,70
2718,48,3,900,3,4870,1,30
2719,48,3,901,3,4873,0,30
2720,48,3,902,4,4877,4,40
2721,48,3,903,8,4885,5,80
2722,48,3,904,9,4894,1,90
2723,48,3,905,6,4900,2,60
2724,48,3,906,9,4909,0,90
2725,48,3,907,7,4916,6,70
2726,48,3,908,7,4923,3,70
2727,48,3,909,5,4928,3,50
2728,48,3,910,8,4936,6,80
2729,48,3,911,2,4938,1,20
2730,48,3,912,6,4944,2,60
2731,48,3,913,9,4953,7,90
2732,48,3,914,5,4958,3,50
2733,48,3,915,5,4963,2,50
2734,48,3,916,9,4972,8,90
2735,48,3,917,2,4974,1,20
2736,48,3,918,2,4976,0,20
2737,48,3,919,8,4984,5,80
2738,48,3,920,7,4991,0,70
2739,48,3,921,4,4995,2,40
