,Scenario,Trial,Inspection,Interval,Time,Defects,Rate
0,21,1,1,7,7,8,70
1,21,1,2,2,9,1,20
2,21,1,3,4,13,0,40
3,21,1,4,6,19,2,60
4,21,1,5,7,26,3,70
5,21,1,6,4,30,2,40
6,21,1,7,2,32,0,20
7,21,1,8,3,35,1,30
8,21,1,9,2,37,1,20
9,21,1,10,8,45,4,80
10,21,1,11,7,52,2,70
11,21,1,12,7,59,3,70
12,21,1,13,8,67,8,80
13,21,1,14,6,73,2,60
14,21,1,15,8,81,7,80
15,21,1,16,4,85,4,40
16,21,1,17,2,87,1,20
17,21,1,18,4,91,2,40
18,21,1,19,3,94,0,30
19,21,1,20,6,100,3,60
20,21,1,21,2,102,3,20
21,21,1,22,3,105,2,30
22,21,1,23,3,108,3,30
23,21,1,24,9,117,4,90
24,21,1,25,4,121,4,40
25,21,1,26,3,124,0,30
26,21,1,27,7,131,3,70
27,21,1,28,9,140,9,90
28,21,1,29,4,144,1,40
29,21,1,30,3,147,0,30
30,21,1,31,9,156,5,90
31,21,1,32,3,159,1,30
32,21,1,33,9,168,4,90
33,21,1,34,2,170,0,20
34,21,1,35,5,175,3,50
35,21,1,36,6,181,4,60
36,21,1,37,5,186,1,50
37,21,1,38,9,195,2,90
38,21,1,39,5,200,1,50
39,21,1,40,7,207,5,70
40,21,1,41,9,216,3,90
41,21,1,42,6,222,4,60
42,21,1,43,9,231,3,90
43,21,1,44,5,236,1,50
44,21,1,45,9,245,4,90
45,21,1,46,2,247,1,20
46,21,1,47,9,256,7,90
47,21,1,48,9,265,7,90
48,21,1,49,6,271,4,60
49,21,1,50,2,273,0,20
50,21,1,51,6,279,0,60
51,21,1,52,8,287,6,80
52,21,1,53,4,291,3,40
53,21,1,54,2,293,0,20
54,21,1,55,8,301,4,80
55,21,1,56,9,310,0,90
56,21,1,57,7,317,5,70
57,21,1,58,8,325,2,80
58,21,1,59,6,331,1,60
59,21,1,60,3,334,0,30
60,21,1,61,3,337,0,30
61,21,1,62,5,342,3,50
62,21,1,63,2,344,1,20
63,21,1,64,7,351,5,70
64,21,1,65,8,359,2,80
65,21,1,66,8,367,5,80
66,21,1,67,5,372,4,50
67,21,1,68,3,375,1,30
68,21,1,69,2,377,1,20
69,21,1,70,6,383,5,60
70,21,1,71,9,392,3,90
71,21,1,72,9,401,10,90
72,21,1,73,2,403,0,20
73,21,1,74,3,406,1,30
74,21,1,75,7,413,5,70
75,21,1,76,2,415,0,20
76,21,1,77,6,421,4,60
77,21,1,78,9,430,3,90
78,21,1,79,9,439,4,90
79,21,1,80,8,447,4,80
80,21,1,81,4,451,2,40
81,21,1,82,5,456,4,50
82,21,1,83,7,463,1,70
83,21,1,84,7,470,3,70
84,21,1,85,4,474,3,40
85,21,1,86,8,482,4,80
86,21,1,87,8,490,4,80
87,21,1,88,3,493,1,30
88,21,1,89,6,499,3,60
89,21,1,90,9,508,3,90
90,21,1,91,5,513,4,50
91,21,1,92,3,516,4,30
92,21,1,93,4,520,10,40
93,21,1,94,4,524,2,40
94,21,1,95,2,526,0,20
95,21,1,96,8,534,2,80
96,21,1,97,7,541,2,70
97,21,1,98,9,550,6,90
98,21,1,99,2,552,1,20
99,21,1,100,6,558,4,60
100,21,1,101,8,566,3,80
101,21,1,102,8,574,2,80
102,21,1,103,8,582,0,80
103,21,1,104,7,589,0,70
104,21,1,105,7,596,11,70
105,21,1,106,3,599,2,30
106,21,1,107,3,602,3,30
107,21,1,108,3,605,1,30
108,21,1,109,6,611,0,60
109,21,1,110,7,618,2,70
110,21,1,111,4,622,1,40
111,21,1,112,7,629,2,70
112,21,1,113,4,633,4,40
113,21,1,114,8,641,4,80
114,21,1,115,9,650,7,90
115,21,1,116,8,658,6,80
116,21,1,117,6,664,1,60
117,21,1,118,5,669,4,50
118,21,1,119,6,675,3,60
119,21,1,120,5,680,1,50
120,21,1,121,6,686,1,60
121,21,1,122,7,693,9,70
122,21,1,123,5,698,1,50
123,21,1,124,3,701,1,30
124,21,1,125,5,706,1,50
125,21,1,126,4,710,2,40
126,21,1,127,3,713,0,30
127,21,1,128,5,718,0,50
128,21,1,129,2,720,3,20
129,21,1,130,7,727,6,70
130,21,1,131,9,736,4,90
131,21,1,132,8,744,6,80
132,21,1,133,4,748,2,40
133,21,1,134,7,755,4,70
134,21,1,135,8,763,1,80
135,21,1,136,9,772,4,90
136,21,1,137,7,779,0,70
137,21,1,138,8,787,8,80
138,21,1,139,3,790,1,30
139,21,1,140,2,792,0,20
140,21,1,141,7,799,0,70
141,21,1,142,9,808,16,90
142,21,1,143,6,814,5,60
143,21,1,144,5,819,2,50
144,21,1,145,9,828,4,90
145,21,1,146,6,834,1,60
146,21,1,147,3,837,0,30
147,21,1,148,9,846,6,90
148,21,1,149,5,851,2,50
149,21,1,150,6,857,2,60
150,21,1,151,6,863,2,60
151,21,1,152,8,871,3,80
152,21,1,153,9,880,7,90
153,21,1,154,8,888,2,80
154,21,1,155,9,897,0,90
155,21,1,156,5,902,3,50
156,21,1,157,4,906,6,40
157,21,1,158,4,910,5,40
158,21,1,159,9,919,5,90
159,21,1,160,2,921,0,20
160,21,1,161,4,925,3,40
161,21,1,162,4,929,2,40
162,21,1,163,6,935,3,60
163,21,1,164,9,944,6,90
164,21,1,165,2,946,0,20
165,21,1,166,3,949,0,30
166,21,1,167,2,951,1,20
167,21,1,168,8,959,8,80
168,21,1,169,9,968,5,90
169,21,1,170,9,977,0,90
170,21,1,171,2,979,8,20
171,21,1,172,9,988,5,90
172,21,1,173,3,991,2,30
173,21,1,174,6,997,4,60
174,21,1,175,3,1000,1,30
175,21,1,176,3,1003,2,30
176,21,1,177,5,1008,1,50
177,21,1,178,8,1016,4,80
178,21,1,179,9,1025,0,90
179,21,1,180,5,1030,8,50
180,21,1,181,6,1036,6,60
181,21,1,182,3,1039,2,30
182,21,1,183,3,1042,4,30
183,21,1,184,7,1049,1,70
184,21,1,185,4,1053,1,40
185,21,1,186,6,1059,5,60
186,21,1,187,6,1065,2,60
187,21,1,188,5,1070,3,50
188,21,1,189,3,1073,0,30
189,21,1,190,9,1082,3,90
190,21,1,191,2,1084,1,20
191,21,1,192,7,1091,3,70
192,21,1,193,4,1095,2,40
193,21,1,194,2,1097,3,20
194,21,1,195,4,1101,3,40
195,21,1,196,8,1109,5,80
196,21,1,197,9,1118,0,90
197,21,1,198,7,1125,6,70
198,21,1,199,6,1131,3,60
199,21,1,200,7,1138,2,70
200,21,1,201,6,1144,1,60
201,21,1,202,2,1146,3,20
202,21,1,203,3,1149,0,30
203,21,1,204,3,1152,1,30
204,21,1,205,8,1160,7,80
205,21,1,206,9,1169,6,90
206,21,1,207,8,1177,3,80
207,21,1,208,3,1180,2,30
208,21,1,209,3,1183,1,30
209,21,1,210,3,1186,3,30
210,21,1,211,7,1193,3,70
211,21,1,212,2,1195,1,20
212,21,1,213,8,1203,7,80
213,21,1,214,2,1205,1,20
214,21,1,215,7,1212,3,70
215,21,1,216,4,1216,0,40
216,21,1,217,7,1223,3,70
217,21,1,218,8,1231,5,80
218,21,1,219,6,1237,0,60
219,21,1,220,9,1246,0,90
220,21,1,221,7,1253,9,70
221,21,1,222,8,1261,0,80
222,21,1,223,2,1263,3,20
223,21,1,224,3,1266,0,30
224,21,1,225,4,1270,3,40
225,21,1,226,2,1272,1,20
226,21,1,227,7,1279,0,70
227,21,1,228,4,1283,6,40
228,21,1,229,6,1289,4,60
229,21,1,230,6,1295,1,60
230,21,1,231,6,1301,2,60
231,21,1,232,9,1310,5,90
232,21,1,233,7,1317,3,70
233,21,1,234,5,1322,2,50
234,21,1,235,9,1331,5,90
235,21,1,236,4,1335,5,40
236,21,1,237,9,1344,6,90
237,21,1,238,8,1352,4,80
238,21,1,239,2,1354,0,20
239,21,1,240,5,1359,3,50
240,21,1,241,3,1362,0,30
241,21,1,242,2,1364,0,20
242,21,1,243,8,1372,6,80
243,21,1,244,8,1380,4,80
244,21,1,245,8,1388,2,80
245,21,1,246,4,1392,0,40
246,21,1,247,4,1396,2,40
247,21,1,248,4,1400,2,40
248,21,1,249,4,1404,1,40
249,21,1,250,6,1410,3,60
250,21,1,251,5,1415,1,50
251,21,1,252,4,1419,0,40
252,21,1,253,6,1425,0,60
253,21,1,254,5,1430,6,50
254,21,1,255,9,1439,3,90
255,21,1,256,7,1446,4,70
256,21,1,257,6,1452,3,60
257,21,1,258,8,1460,3,80
258,21,1,259,4,1464,0,40
259,21,1,260,4,1468,7,40
260,21,1,261,3,1471,1,30
261,21,1,262,7,1478,8,70
262,21,1,263,6,1484,5,60
263,21,1,264,4,1488,2,40
264,21,1,265,5,1493,0,50
265,21,1,266,9,1502,4,90
266,21,1,267,2,1504,0,20
267,21,1,268,5,1509,0,50
268,21,1,269,8,1517,3,80
269,21,1,270,5,1522,5,50
270,21,1,271,4,1526,2,40
271,21,1,272,5,1531,3,50
272,21,1,273,6,1537,5,60
273,21,1,274,7,1544,2,70
274,21,1,275,7,1551,4,70
275,21,1,276,9,1560,5,90
276,21,1,277,3,1563,0,30
277,21,1,278,2,1565,3,20
278,21,1,279,3,1568,1,30
279,21,1,280,2,1570,0,20
280,21,1,281,6,1576,8,60
281,21,1,282,8,1584,3,80
282,21,1,283,2,1586,0,20
283,21,1,284,8,1594,3,80
284,21,1,285,2,1596,1,20
285,21,1,286,8,1604,2,80
286,21,1,287,4,1608,3,40
287,21,1,288,3,1611,1,30
288,21,1,289,8,1619,3,80
289,21,1,290,7,1626,5,70
290,21,1,291,7,1633,4,70
291,21,1,292,9,1642,10,90
292,21,1,293,5,1647,2,50
293,21,1,294,9,1656,4,90
294,21,1,295,5,1661,4,50
295,21,1,296,6,1667,1,60
296,21,1,297,4,1671,1,40
297,21,1,298,3,1674,2,30
298,21,1,299,8,1682,4,80
299,21,1,300,4,1686,2,40
300,21,1,301,3,1689,2,30
301,21,1,302,3,1692,2,30
302,21,1,303,4,1696,2,40
303,21,1,304,7,1703,4,70
304,21,1,305,7,1710,7,70
305,21,1,306,7,1717,5,70
306,21,1,307,3,1720,1,30
307,21,1,308,9,1729,6,90
308,21,1,309,9,1738,3,90
309,21,1,310,3,1741,2,30
310,21,1,311,3,1744,0,30
311,21,1,312,4,1748,3,40
312,21,1,313,3,1751,1,30
313,21,1,314,5,1756,4,50
314,21,1,315,3,1759,3,30
315,21,1,316,9,1768,8,90
316,21,1,317,8,1776,5,80
317,21,1,318,6,1782,6,60
318,21,1,319,3,1785,3,30
319,21,1,320,7,1792,3,70
320,21,1,321,7,1799,4,70
321,21,1,322,7,1806,4,70
322,21,1,323,7,1813,4,70
323,21,1,324,9,1822,7,90
324,21,1,325,3,1825,5,30
325,21,1,326,8,1833,6,80
326,21,1,327,7,1840,3,70
327,21,1,328,6,1846,2,60
328,21,1,329,7,1853,4,70
329,21,1,330,5,1858,5,50
330,21,1,331,5,1863,1,50
331,21,1,332,9,1872,0,90
332,21,1,333,7,1879,8,70
333,21,1,334,5,1884,1,50
334,21,1,335,8,1892,3,80
335,21,1,336,5,1897,2,50
336,21,1,337,8,1905,3,80
337,21,1,338,8,1913,0,80
338,21,1,339,4,1917,1,40
339,21,1,340,3,1920,1,30
340,21,1,341,8,1928,3,80
341,21,1,342,9,1937,3,90
342,21,1,343,4,1941,1,40
343,21,1,344,2,1943,0,20
344,21,1,345,4,1947,0,40
345,21,1,346,8,1955,8,80
346,21,1,347,6,1961,2,60
347,21,1,348,6,1967,4,60
348,21,1,349,3,1970,3,30
349,21,1,350,2,1972,2,20
350,21,1,351,2,1974,0,20
351,21,1,352,4,1978,0,40
352,21,1,353,9,1987,9,90
353,21,1,354,7,1994,0,70
354,21,1,355,7,2001,8,70
355,21,1,356,3,2004,1,30
356,21,1,357,2,2006,0,20
357,21,1,358,9,2015,5,90
358,21,1,359,3,2018,0,30
359,21,1,360,7,2025,5,70
360,21,1,361,5,2030,2,50
361,21,1,362,5,2035,1,50
362,21,1,363,9,2044,4,90
363,21,1,364,5,2049,5,50
364,21,1,365,8,2057,2,80
365,21,1,366,8,2065,2,80
366,21,1,367,4,2069,2,40
367,21,1,368,2,2071,0,20
368,21,1,369,4,2075,2,40
369,21,1,370,8,2083,3,80
370,21,1,371,5,2088,7,50
371,21,1,372,3,2091,0,30
372,21,1,373,9,2100,5,90
373,21,1,374,7,2107,3,70
374,21,1,375,5,2112,3,50
375,21,1,376,6,2118,0,60
376,21,1,377,8,2126,0,80
377,21,1,378,2,2128,4,20
378,21,1,379,7,2135,2,70
379,21,1,380,7,2142,4,70
380,21,1,381,3,2145,2,30
381,21,1,382,8,2153,3,80
382,21,1,383,9,2162,6,90
383,21,1,384,6,2168,3,60
384,21,1,385,7,2175,3,70
385,21,1,386,3,2178,2,30
386,21,1,387,3,2181,1,30
387,21,1,388,9,2190,5,90
388,21,1,389,2,2192,0,20
389,21,1,390,2,2194,1,20
390,21,1,391,6,2200,1,60
391,21,1,392,3,2203,2,30
392,21,1,393,5,2208,1,50
393,21,1,394,2,2210,0,20
394,21,1,395,4,2214,2,40
395,21,1,396,5,2219,4,50
396,21,1,397,5,2224,0,50
397,21,1,398,4,2228,3,40
398,21,1,399,2,2230,0,20
399,21,1,400,4,2234,3,40
400,21,1,401,7,2241,6,70
401,21,1,402,8,2249,3,80
402,21,1,403,5,2254,2,50
403,21,1,404,3,2257,2,30
404,21,1,405,8,2265,2,80
405,21,1,406,2,2267,1,20
406,21,1,407,3,2270,2,30
407,21,1,408,5,2275,1,50
408,21,1,409,8,2283,4,80
409,21,1,410,9,2292,5,90
410,21,1,411,8,2300,2,80
411,21,1,412,7,2307,0,70
412,21,1,413,4,2311,3,40
413,21,1,414,7,2318,4,70
414,21,1,415,2,2320,0,20
415,21,1,416,4,2324,2,40
416,21,1,417,9,2333,6,90
417,21,1,418,4,2337,1,40
418,21,1,419,4,2341,4,40
419,21,1,420,7,2348,3,70
420,21,1,421,9,2357,7,90
421,21,1,422,6,2363,5,60
422,21,1,423,7,2370,5,70
423,21,1,424,2,2372,0,20
424,21,1,425,7,2379,3,70
425,21,1,426,6,2385,3,60
426,21,1,427,6,2391,5,60
427,21,1,428,8,2399,0,80
428,21,1,429,2,2401,4,20
429,21,1,430,2,2403,3,20
430,21,1,431,4,2407,3,40
431,21,1,432,5,2412,2,50
432,21,1,433,4,2416,3,40
433,21,1,434,7,2423,3,70
434,21,1,435,2,2425,0,20
435,21,1,436,2,2427,1,20
436,21,1,437,4,2431,1,40
437,21,1,438,6,2437,0,60
438,21,1,439,9,2446,10,90
439,21,1,440,3,2449,0,30
440,21,1,441,9,2458,0,90
441,21,1,442,4,2462,7,40
442,21,1,443,6,2468,2,60
443,21,1,444,3,2471,1,30
444,21,1,445,7,2478,2,70
445,21,1,446,4,2482,2,40
446,21,1,447,5,2487,4,50
447,21,1,448,2,2489,1,20
448,21,1,449,4,2493,2,40
449,21,1,450,8,2501,6,80
450,21,1,451,3,2504,1,30
451,21,1,452,7,2511,5,70
452,21,1,453,6,2517,2,60
453,21,1,454,4,2521,1,40
454,21,1,455,5,2526,2,50
455,21,1,456,9,2535,4,90
456,21,1,457,3,2538,3,30
457,21,1,458,3,2541,0,30
458,21,1,459,4,2545,1,40
459,21,1,460,5,2550,0,50
460,21,1,461,4,2554,4,40
461,21,1,462,6,2560,2,60
462,21,1,463,3,2563,1,30
463,21,1,464,2,2565,0,20
464,21,1,465,5,2570,4,50
465,21,1,466,4,2574,5,40
466,21,1,467,5,2579,2,50
467,21,1,468,9,2588,5,90
468,21,1,469,9,2597,4,90
469,21,1,470,6,2603,1,60
470,21,1,471,4,2607,0,40
471,21,1,472,4,2611,2,40
472,21,1,473,5,2616,4,50
473,21,1,474,6,2622,4,60
474,21,1,475,2,2624,1,20
475,21,1,476,9,2633,3,90
476,21,1,477,2,2635,0,20
477,21,1,478,9,2644,6,90
478,21,1,479,9,2653,4,90
479,21,1,480,6,2659,0,60
480,21,1,481,8,2667,8,80
481,21,1,482,3,2670,4,30
482,21,1,483,4,2674,2,40
483,21,1,484,6,2680,3,60
484,21,1,485,8,2688,1,80
485,21,1,486,2,2690,1,20
486,21,1,487,4,2694,0,40
487,21,1,488,3,2697,0,30
488,21,1,489,8,2705,1,80
489,21,1,490,3,2708,1,30
490,21,1,491,8,2716,5,80
491,21,1,492,2,2718,1,20
492,21,1,493,5,2723,3,50
493,21,1,494,2,2725,0,20
494,21,1,495,5,2730,0,50
495,21,1,496,9,2739,7,90
496,21,1,497,8,2747,5,80
497,21,1,498,6,2753,4,60
498,21,1,499,8,2761,3,80
499,21,1,500,3,2764,3,30
500,21,1,501,8,2772,1,80
501,21,1,502,3,2775,0,30
502,21,1,503,3,2778,1,30
503,21,1,504,9,2787,4,90
504,21,1,505,7,2794,8,70
505,21,1,506,6,2800,1,60
506,21,1,507,8,2808,3,80
507,21,1,508,4,2812,4,40
508,21,1,509,9,2821,6,90
509,21,1,510,9,2830,4,90
510,21,1,511,7,2837,4,70
511,21,1,512,2,2839,0,20
512,21,1,513,7,2846,6,70
513,21,1,514,8,2854,6,80
514,21,1,515,7,2861,4,70
515,21,1,516,7,2868,3,70
516,21,1,517,2,2870,0,20
517,21,1,518,9,2879,3,90
518,21,1,519,6,2885,2,60
519,21,1,520,3,2888,2,30
520,21,1,521,3,2891,1,30
521,21,1,522,9,2900,6,90
522,21,1,523,5,2905,2,50
523,21,1,524,2,2907,0,20
524,21,1,525,6,2913,2,60
525,21,1,526,8,2921,0,80
526,21,1,527,3,2924,0,30
527,21,1,528,3,2927,3,30
528,21,1,529,5,2932,0,50
529,21,1,530,6,2938,6,60
530,21,1,531,5,2943,1,50
531,21,1,532,2,2945,0,20
532,21,1,533,3,2948,1,30
533,21,1,534,6,2954,1,60
534,21,1,535,9,2963,1,90
535,21,1,536,5,2968,5,50
536,21,1,537,7,2975,0,70
537,21,1,538,6,2981,6,60
538,21,1,539,7,2988,3,70
539,21,1,540,4,2992,4,40
540,21,1,541,3,2995,0,30
541,21,1,542,8,3003,2,80
542,21,1,543,2,3005,1,20
543,21,1,544,6,3011,1,60
544,21,1,545,8,3019,3,80
545,21,1,546,5,3024,2,50
546,21,1,547,5,3029,3,50
547,21,1,548,7,3036,0,70
548,21,1,549,5,3041,1,50
549,21,1,550,8,3049,5,80
550,21,1,551,6,3055,2,60
551,21,1,552,9,3064,5,90
552,21,1,553,8,3072,5,80
553,21,1,554,2,3074,3,20
554,21,1,555,7,3081,2,70
555,21,1,556,4,3085,2,40
556,21,1,557,8,3093,4,80
557,21,1,558,5,3098,2,50
558,21,1,559,6,3104,1,60
559,21,1,560,3,3107,0,30
560,21,1,561,4,3111,6,40
561,21,1,562,2,3113,0,20
562,21,1,563,3,3116,6,30
563,21,1,564,2,3118,0,20
564,21,1,565,9,3127,0,90
565,21,1,566,4,3131,7,40
566,21,1,567,5,3136,3,50
567,21,1,568,9,3145,2,90
568,21,1,569,2,3147,0,20
569,21,1,570,3,3150,0,30
570,21,1,571,7,3157,1,70
571,21,1,572,8,3165,1,80
572,21,1,573,9,3174,2,90
573,21,1,574,9,3183,2,90
574,21,1,575,2,3185,0,20
575,21,1,576,7,3192,3,70
576,21,1,577,4,3196,5,40
577,21,1,578,7,3203,2,70
578,21,1,579,9,3212,3,90
579,21,1,580,9,3221,3,90
580,21,1,581,6,3227,3,60
581,21,1,582,5,3232,5,50
582,21,1,583,3,3235,0,30
583,21,1,584,3,3238,0,30
584,21,1,585,2,3240,2,20
585,21,1,586,5,3245,3,50
586,21,1,587,8,3253,4,80
587,21,1,588,8,3261,5,80
588,21,1,589,7,3268,2,70
589,21,1,590,8,3276,7,80
590,21,1,591,8,3284,4,80
591,21,1,592,4,3288,0,40
592,21,1,593,9,3297,7,90
593,21,1,594,7,3304,3,70
594,21,1,595,6,3310,4,60
595,21,1,596,8,3318,7,80
596,21,1,597,5,3323,1,50
597,21,1,598,4,3327,3,40
598,21,1,599,2,3329,1,20
599,21,1,600,5,3334,0,50
600,21,1,601,5,3339,1,50
601,21,1,602,7,3346,3,70
602,21,1,603,8,3354,3,80
603,21,1,604,3,3357,2,30
604,21,1,605,6,3363,5,60
605,21,1,606,9,3372,7,90
606,21,1,607,7,3379,7,70
607,21,1,608,9,3388,4,90
608,21,1,609,7,3395,2,70
609,21,1,610,7,3402,0,70
610,21,1,611,5,3407,0,50
611,21,1,612,5,3412,6,50
612,21,1,613,8,3420,3,80
613,21,1,614,5,3425,4,50
614,21,1,615,8,3433,0,80
615,21,1,616,9,3442,5,90
616,21,1,617,7,3449,6,70
617,21,1,618,7,3456,4,70
618,21,1,619,8,3464,5,80
619,21,1,620,9,3473,6,90
620,21,1,621,3,3476,2,30
621,21,1,622,2,3478,2,20
622,21,1,623,7,3485,9,70
623,21,1,624,9,3494,4,90
624,21,1,625,9,3503,6,90
625,21,1,626,7,3510,1,70
626,21,1,627,6,3516,7,60
627,21,1,628,7,3523,1,70
628,21,1,629,4,3527,2,40
629,21,1,630,6,3533,4,60
630,21,1,631,9,3542,3,90
631,21,1,632,2,3544,0,20
632,21,1,633,4,3548,6,40
633,21,1,634,9,3557,6,90
634,21,1,635,9,3566,3,90
635,21,1,636,3,3569,1,30
636,21,1,637,6,3575,4,60
637,21,1,638,6,3581,5,60
638,21,1,639,6,3587,5,60
639,21,1,640,4,3591,2,40
640,21,1,641,9,3600,4,90
641,21,1,642,3,3603,2,30
642,21,1,643,4,3607,5,40
643,21,1,644,8,3615,3,80
644,21,1,645,4,3619,3,40
645,21,1,646,7,3626,1,70
646,21,1,647,7,3633,4,70
647,21,1,648,5,3638,2,50
648,21,1,649,3,3641,0,30
649,21,1,650,4,3645,4,40
650,21,1,651,2,3647,2,20
651,21,1,652,2,3649,2,20
652,21,1,653,7,3656,0,70
653,21,1,654,9,3665,5,90
654,21,1,655,7,3672,4,70
655,21,1,656,2,3674,1,20
656,21,1,657,9,3683,2,90
657,21,1,658,3,3686,3,30
658,21,1,659,2,3688,0,20
659,21,1,660,2,3690,1,20
660,21,1,661,6,3696,5,60
661,21,1,662,3,3699,0,30
662,21,1,663,8,3707,0,80
663,21,1,664,9,3716,12,90
664,21,1,665,6,3722,2,60
665,21,1,666,8,3730,6,80
666,21,1,667,2,3732,2,20
667,21,1,668,5,3737,2,50
668,21,1,669,9,3746,4,90
669,21,1,670,3,3749,2,30
670,21,1,671,8,3757,4,80
671,21,1,672,6,3763,6,60
672,21,1,673,5,3768,4,50
673,21,1,674,9,3777,4,90
674,21,1,675,7,3784,2,70
675,21,1,676,3,3787,1,30
676,21,1,677,6,3793,3,60
677,21,1,678,7,3800,2,70
678,21,1,679,8,3808,1,80
679,21,1,680,2,3810,1,20
680,21,1,681,8,3818,6,80
681,21,1,682,8,3826,0,80
682,21,1,683,4,3830,5,40
683,21,1,684,3,3833,0,30
684,21,1,685,5,3838,2,50
685,21,1,686,6,3844,2,60
686,21,1,687,5,3849,1,50
687,21,1,688,6,3855,3,60
688,21,1,689,6,3861,0,60
689,21,1,690,5,3866,4,50
690,21,1,691,2,3868,0,20
691,21,1,692,8,3876,7,80
692,21,1,693,2,3878,0,20
693,21,1,694,4,3882,1,40
694,21,1,695,7,3889,6,70
695,21,1,696,6,3895,3,60
696,21,1,697,3,3898,4,30
697,21,1,698,2,3900,2,20
698,21,1,699,9,3909,4,90
699,21,1,700,8,3917,5,80
700,21,1,701,3,3920,1,30
701,21,1,702,7,3927,2,70
702,21,1,703,7,3934,6,70
703,21,1,704,9,3943,5,90
704,21,1,705,2,3945,1,20
705,21,1,706,4,3949,2,40
706,21,1,707,2,3951,1,20
707,21,1,708,8,3959,0,80
708,21,1,709,7,3966,6,70
709,21,1,710,3,3969,0,30
710,21,1,711,6,3975,2,60
711,21,1,712,6,3981,4,60
712,21,1,713,6,3987,1,60
713,21,1,714,2,3989,0,20
714,21,1,715,3,3992,1,30
715,21,1,716,3,3995,1,30
716,21,1,717,8,4003,2,80
717,21,1,718,6,4009,0,60
718,21,1,719,6,4015,0,60
719,21,1,720,8,4023,5,80
720,21,1,721,7,4030,3,70
721,21,1,722,3,4033,1,30
722,21,1,723,4,4037,2,40
723,21,1,724,8,4045,4,80
724,21,1,725,9,4054,7,90
725,21,1,726,5,4059,3,50
726,21,1,727,3,4062,0,30
727,21,1,728,2,4064,1,20
728,21,1,729,6,4070,2,60
729,21,1,730,3,4073,0,30
730,21,1,731,2,4075,0,20
731,21,1,732,9,4084,6,90
732,21,1,733,5,4089,1,50
733,21,1,734,9,4098,0,90
734,21,1,735,7,4105,11,70
735,21,1,736,7,4112,0,70
736,21,1,737,8,4120,4,80
737,21,1,738,8,4128,7,80
738,21,1,739,8,4136,6,80
739,21,1,740,7,4143,4,70
740,21,1,741,6,4149,2,60
741,21,1,742,5,4154,0,50
742,21,1,743,7,4161,6,70
743,21,1,744,4,4165,0,40
744,21,1,745,9,4174,6,90
745,21,1,746,6,4180,2,60
746,21,1,747,3,4183,1,30
747,21,1,748,6,4189,5,60
748,21,1,749,2,4191,2,20
749,21,1,750,5,4196,3,50
750,21,1,751,8,4204,0,80
751,21,1,752,2,4206,6,20
752,21,1,753,8,4214,4,80
753,21,1,754,7,4221,3,70
754,21,1,755,9,4230,0,90
755,21,1,756,5,4235,3,50
756,21,1,757,2,4237,4,20
757,21,1,758,5,4242,4,50
758,21,1,759,7,4249,4,70
759,21,1,760,9,4258,2,90
760,21,1,761,3,4261,1,30
761,21,1,762,9,4270,1,90
762,21,1,763,9,4279,1,90
763,21,1,764,2,4281,0,20
764,21,1,765,7,4288,5,70
765,21,1,766,4,4292,1,40
766,21,1,767,8,4300,4,80
767,21,1,768,6,4306,4,60
768,21,1,769,3,4309,1,30
769,21,1,770,6,4315,1,60
770,21,1,771,9,4324,8,90
771,21,1,772,3,4327,3,30
772,21,1,773,6,4333,3,60
773,21,1,774,7,4340,2,70
774,21,1,775,4,4344,0,40
775,21,1,776,6,4350,4,60
776,21,1,777,3,4353,2,30
777,21,1,778,4,4357,4,40
778,21,1,779,8,4365,4,80
779,21,1,780,4,4369,2,40
780,21,1,781,9,4378,3,90
781,21,1,782,2,4380,1,20
782,21,1,783,9,4389,4,90
783,21,1,784,7,4396,6,70
784,21,1,785,8,4404,6,80
785,21,1,786,8,4412,0,80
786,21,1,787,5,4417,5,50
787,21,1,788,9,4426,9,90
788,21,1,789,7,4433,5,70
789,21,1,790,9,4442,8,90
790,21,1,791,4,4446,5,40
791,21,1,792,9,4455,7,90
792,21,1,793,3,4458,0,30
793,21,1,794,8,4466,1,80
794,21,1,795,3,4469,1,30
795,21,1,796,8,4477,7,80
796,21,1,797,5,4482,4,50
797,21,1,798,3,4485,2,30
798,21,1,799,8,4493,2,80
799,21,1,800,8,4501,2,80
800,21,1,801,8,4509,6,80
801,21,1,802,4,4513,3,40
802,21,1,803,6,4519,4,60
803,21,1,804,7,4526,3,70
804,21,1,805,9,4535,7,90
805,21,1,806,4,4539,3,40
806,21,1,807,3,4542,0,30
807,21,1,808,9,4551,3,90
808,21,1,809,2,4553,2,20
809,21,1,810,4,4557,4,40
810,21,1,811,6,4563,6,60
811,21,1,812,3,4566,1,30
812,21,1,813,5,4571,2,50
813,21,1,814,3,4574,0,30
814,21,1,815,4,4578,1,40
815,21,1,816,5,4583,2,50
816,21,1,817,6,4589,5,60
817,21,1,818,3,4592,1,30
818,21,1,819,6,4598,3,60
819,21,1,820,4,4602,4,40
820,21,1,821,7,4609,2,70
821,21,1,822,4,4613,2,40
822,21,1,823,7,4620,4,70
823,21,1,824,8,4628,1,80
824,21,1,825,9,4637,4,90
825,21,1,826,8,4645,6,80
826,21,1,827,9,4654,1,90
827,21,1,828,7,4661,3,70
828,21,1,829,9,4670,0,90
829,21,1,830,9,4679,11,90
830,21,1,831,2,4681,1,20
831,21,1,832,5,4686,5,50
832,21,1,833,8,4694,6,80
833,21,1,834,9,4703,4,90
834,21,1,835,8,4711,1,80
835,21,1,836,9,4720,3,90
836,21,1,837,2,4722,3,20
837,21,1,838,6,4728,3,60
838,21,1,839,4,4732,5,40
839,21,1,840,3,4735,2,30
840,21,1,841,3,4738,2,30
841,21,1,842,8,4746,4,80
842,21,1,843,9,4755,4,90
843,21,1,844,8,4763,4,80
844,21,1,845,3,4766,0,30
845,21,1,846,2,4768,1,20
846,21,1,847,7,4775,3,70
847,21,1,848,7,4782,3,70
848,21,1,849,5,4787,2,50
849,21,1,850,6,4793,2,60
850,21,1,851,4,4797,1,40
851,21,1,852,6,4803,4,60
852,21,1,853,2,4805,0,20
853,21,1,854,3,4808,0,30
854,21,1,855,2,4810,1,20
855,21,1,856,3,4813,2,30
856,21,1,857,7,4820,0,70
857,21,1,858,5,4825,11,50
858,21,1,859,2,4827,0,20
859,21,1,860,9,4836,4,90
860,21,1,861,9,4845,3,90
861,21,1,862,2,4847,1,20
862,21,1,863,6,4853,5,60
863,21,1,864,5,4858,2,50
864,21,1,865,8,4866,5,80
865,21,1,866,9,4875,5,90
866,21,1,867,8,4883,5,80
867,21,1,868,5,4888,1,50
868,21,1,869,7,4895,5,70
869,21,1,870,7,4902,3,70
870,21,1,871,6,4908,0,60
871,21,1,872,6,4914,9,60
872,21,1,873,2,4916,1,20
873,21,1,874,7,4923,0,70
874,21,1,875,7,4930,12,70
875,21,1,876,9,4939,1,90
876,21,1,877,4,4943,0,40
877,21,1,878,6,4949,4,60
878,21,1,879,6,4955,3,60
879,21,1,880,4,4959,2,40
880,21,1,881,3,4962,0,30
881,21,1,882,7,4969,0,70
882,21,1,883,4,4973,4,40
883,21,1,884,2,4975,0,20
884,21,1,885,2,4977,3,20
885,21,1,886,9,4986,4,90
886,21,1,887,4,4990,1,40
887,21,1,888,2,4992,0,20
888,21,2,1,9,9,5,90
889,21,2,2,9,18,5,90
890,21,2,3,9,27,0,90
891,21,2,4,7,34,9,70
892,21,2,5,7,41,0,70
893,21,2,6,8,49,1,80
894,21,2,7,4,53,1,40
895,21,2,8,6,59,2,60
896,21,2,9,5,64,4,50
897,21,2,10,3,67,0,30
898,21,2,11,4,71,5,40
899,21,2,12,6,77,0,60
900,21,2,13,2,79,1,20
901,21,2,14,9,88,5,90
902,21,2,15,5,93,4,50
903,21,2,16,6,99,3,60
904,21,2,17,4,103,2,40
905,21,2,18,9,112,2,90
906,21,2,19,8,120,9,80
907,21,2,20,7,127,3,70
908,21,2,21,3,130,0,30
909,21,2,22,3,133,1,30
910,21,2,23,5,138,1,50
911,21,2,24,4,142,1,40
912,21,2,25,8,150,4,80
913,21,2,26,2,152,0,20
914,21,2,27,9,161,4,90
915,21,2,28,2,163,2,20
916,21,2,29,4,167,0,40
917,21,2,30,6,173,7,60
918,21,2,31,8,181,2,80
919,21,2,32,5,186,1,50
920,21,2,33,2,188,1,20
921,21,2,34,2,190,0,20
922,21,2,35,4,194,0,40
923,21,2,36,7,201,1,70
924,21,2,37,8,209,4,80
925,21,2,38,8,217,3,80
926,21,2,39,3,220,0,30
927,21,2,40,8,228,7,80
928,21,2,41,5,233,6,50
929,21,2,42,8,241,1,80
930,21,2,43,5,246,0,50
931,21,2,44,3,249,1,30
932,21,2,45,3,252,3,30
933,21,2,46,9,261,5,90
934,21,2,47,3,264,2,30
935,21,2,48,8,272,0,80
936,21,2,49,5,277,6,50
937,21,2,50,2,279,0,20
938,21,2,51,5,284,2,50
939,21,2,52,2,286,0,20
940,21,2,53,2,288,0,20
941,21,2,54,9,297,0,90
942,21,2,55,2,299,5,20
943,21,2,56,8,307,0,80
944,21,2,57,2,309,5,20
945,21,2,58,2,311,0,20
946,21,2,59,4,315,1,40
947,21,2,60,9,324,5,90
948,21,2,61,9,333,4,90
949,21,2,62,7,340,3,70
950,21,2,63,3,343,1,30
951,21,2,64,4,347,3,40
952,21,2,65,4,351,3,40
953,21,2,66,4,355,0,40
954,21,2,67,7,362,0,70
955,21,2,68,4,366,7,40
956,21,2,69,4,370,2,40
957,21,2,70,7,377,5,70
958,21,2,71,9,386,5,90
959,21,2,72,9,395,6,90
960,21,2,73,8,403,4,80
961,21,2,74,8,411,4,80
962,21,2,75,9,420,0,90
963,21,2,76,6,426,12,60
964,21,2,77,3,429,0,30
965,21,2,78,4,433,2,40
966,21,2,79,2,435,2,20
967,21,2,80,8,443,5,80
968,21,2,81,3,446,0,30
969,21,2,82,9,455,4,90
970,21,2,83,4,459,3,40
971,21,2,84,8,467,0,80
972,21,2,85,6,473,2,60
973,21,2,86,8,481,2,80
974,21,2,87,2,483,0,20
975,21,2,88,8,491,2,80
976,21,2,89,6,497,5,60
977,21,2,90,7,504,1,70
978,21,2,91,5,509,0,50
979,21,2,92,6,515,8,60
980,21,2,93,8,523,4,80
981,21,2,94,4,527,0,40
982,21,2,95,8,535,4,80
983,21,2,96,5,540,1,50
984,21,2,97,9,549,2,90
985,21,2,98,9,558,1,90
986,21,2,99,9,567,8,90
987,21,2,100,7,574,2,70
988,21,2,101,7,581,2,70
989,21,2,102,2,583,1,20
990,21,2,103,2,585,0,20
991,21,2,104,3,588,1,30
992,21,2,105,2,590,0,20
993,21,2,106,7,597,3,70
994,21,2,107,7,604,0,70
995,21,2,108,9,613,7,90
996,21,2,109,2,615,0,20
997,21,2,110,8,623,2,80
998,21,2,111,6,629,3,60
999,21,2,112,4,633,0,40
1000,21,2,113,4,637,0,40
1001,21,2,114,9,646,1,90
1002,21,2,115,5,651,2,50
1003,21,2,116,3,654,3,30
1004,21,2,117,3,657,0,30
1005,21,2,118,8,665,0,80
1006,21,2,119,5,670,10,50
1007,21,2,120,2,672,1,20
1008,21,2,121,8,680,4,80
1009,21,2,122,5,685,3,50
1010,21,2,123,4,689,1,40
1011,21,2,124,7,696,3,70
1012,21,2,125,2,698,2,20
1013,21,2,126,5,703,0,50
1014,21,2,127,2,705,3,20
1015,21,2,128,9,714,2,90
1016,21,2,129,3,717,4,30
1017,21,2,130,2,719,0,20
1018,21,2,131,6,725,6,60
1019,21,2,132,9,734,3,90
1020,21,2,133,8,742,8,80
1021,21,2,134,4,746,3,40
1022,21,2,135,6,752,6,60
1023,21,2,136,9,761,6,90
1024,21,2,137,7,768,2,70
1025,21,2,138,5,773,1,50
1026,21,2,139,5,778,1,50
1027,21,2,140,9,787,4,90
1028,21,2,141,3,790,2,30
1029,21,2,142,8,798,6,80
1030,21,2,143,4,802,0,40
1031,21,2,144,8,810,4,80
1032,21,2,145,3,813,2,30
1033,21,2,146,9,822,5,90
1034,21,2,147,2,824,2,20
1035,21,2,148,4,828,2,40
1036,21,2,149,2,830,1,20
1037,21,2,150,6,836,0,60
1038,21,2,151,8,844,7,80
1039,21,2,152,7,851,4,70
1040,21,2,153,3,854,1,30
1041,21,2,154,9,863,1,90
1042,21,2,155,6,869,2,60
1043,21,2,156,5,874,1,50
1044,21,2,157,6,880,3,60
1045,21,2,158,2,882,4,20
1046,21,2,159,8,890,7,80
1047,21,2,160,6,896,0,60
1048,21,2,161,2,898,7,20
1049,21,2,162,3,901,2,30
1050,21,2,163,6,907,5,60
1051,21,2,164,2,909,2,20
1052,21,2,165,5,914,5,50
1053,21,2,166,8,922,3,80
1054,21,2,167,2,924,0,20
1055,21,2,168,5,929,4,50
1056,21,2,169,6,935,3,60
1057,21,2,170,9,944,4,90
1058,21,2,171,7,951,0,70
1059,21,2,172,5,956,1,50
1060,21,2,173,7,963,4,70
1061,21,2,174,2,965,1,20
1062,21,2,175,9,974,4,90
1063,21,2,176,6,980,6,60
1064,21,2,177,4,984,1,40
1065,21,2,178,6,990,0,60
1066,21,2,179,5,995,6,50
1067,21,2,180,7,1002,5,70
1068,21,2,181,3,1005,2,30
1069,21,2,182,5,1010,0,50
1070,21,2,183,2,1012,3,20
1071,21,2,184,9,1021,7,90
1072,21,2,185,3,1024,0,30
1073,21,2,186,7,1031,0,70
1074,21,2,187,3,1034,2,30
1075,21,2,188,2,1036,2,20
1076,21,2,189,2,1038,1,20
1077,21,2,190,9,1047,1,90
1078,21,2,191,6,1053,1,60
1079,21,2,192,2,1055,2,20
1080,21,2,193,3,1058,4,30
1081,21,2,194,7,1065,2,70
1082,21,2,195,2,1067,0,20
1083,21,2,196,4,1071,2,40
1084,21,2,197,4,1075,4,40
1085,21,2,198,5,1080,3,50
1086,21,2,199,5,1085,6,50
1087,21,2,200,4,1089,1,40
1088,21,2,201,3,1092,1,30
1089,21,2,202,6,1098,0,60
1090,21,2,203,9,1107,12,90
1091,21,2,204,9,1116,4,90
1092,21,2,205,8,1124,5,80
1093,21,2,206,9,1133,4,90
1094,21,2,207,3,1136,1,30
1095,21,2,208,3,1139,0,30
1096,21,2,209,6,1145,0,60
1097,21,2,210,2,1147,2,20
1098,21,2,211,2,1149,4,20
1099,21,2,212,8,1157,6,80
1100,21,2,213,7,1164,5,70
1101,21,2,214,8,1172,3,80
1102,21,2,215,2,1174,1,20
1103,21,2,216,6,1180,0,60
1104,21,2,217,9,1189,11,90
1105,21,2,218,2,1191,4,20
1106,21,2,219,6,1197,2,60
1107,21,2,220,8,1205,0,80
1108,21,2,221,3,1208,5,30
1109,21,2,222,9,1217,3,90
1110,21,2,223,9,1226,6,90
1111,21,2,224,4,1230,0,40
1112,21,2,225,2,1232,1,20
1113,21,2,226,2,1234,1,20
1114,21,2,227,8,1242,4,80
1115,21,2,228,7,1249,3,70
1116,21,2,229,6,1255,1,60
1117,21,2,230,8,1263,5,80
1118,21,2,231,9,1272,3,90
1119,21,2,232,8,1280,2,80
1120,21,2,233,4,1284,2,40
1121,21,2,234,4,1288,1,40
1122,21,2,235,8,1296,8,80
1123,21,2,236,5,1301,3,50
1124,21,2,237,5,1306,7,50
1125,21,2,238,6,1312,0,60
1126,21,2,239,6,1318,6,60
1127,21,2,240,9,1327,2,90
1128,21,2,241,7,1334,2,70
1129,21,2,242,3,1337,2,30
1130,21,2,243,6,1343,0,60
1131,21,2,244,3,1346,4,30
1132,21,2,245,7,1353,5,70
1133,21,2,246,3,1356,3,30
1134,21,2,247,2,1358,1,20
1135,21,2,248,4,1362,3,40
1136,21,2,249,8,1370,5,80
1137,21,2,250,6,1376,3,60
1138,21,2,251,3,1379,2,30
1139,21,2,252,6,1385,2,60
1140,21,2,253,9,1394,1,90
1141,21,2,254,9,1403,7,90
1142,21,2,255,7,1410,4,70
1143,21,2,256,6,1416,2,60
1144,21,2,257,6,1422,3,60
1145,21,2,258,7,1429,0,70
1146,21,2,259,5,1434,7,50
1147,21,2,260,6,1440,5,60
1148,21,2,261,8,1448,0,80
1149,21,2,262,8,1456,13,80
1150,21,2,263,9,1465,3,90
1151,21,2,264,9,1474,4,90
1152,21,2,265,2,1476,3,20
1153,21,2,266,4,1480,1,40
1154,21,2,267,5,1485,5,50
1155,21,2,268,7,1492,5,70
1156,21,2,269,7,1499,1,70
1157,21,2,270,8,1507,1,80
1158,21,2,271,7,1514,6,70
1159,21,2,272,7,1521,1,70
1160,21,2,273,9,1530,0,90
1161,21,2,274,5,1535,13,50
1162,21,2,275,5,1540,5,50
1163,21,2,276,7,1547,1,70
1164,21,2,277,2,1549,0,20
1165,21,2,278,8,1557,4,80
1166,21,2,279,7,1564,4,70
1167,21,2,280,2,1566,1,20
1168,21,2,281,5,1571,2,50
1169,21,2,282,4,1575,1,40
1170,21,2,283,2,1577,1,20
1171,21,2,284,3,1580,2,30
1172,21,2,285,2,1582,1,20
1173,21,2,286,7,1589,1,70
1174,21,2,287,3,1592,2,30
1175,21,2,288,6,1598,3,60
1176,21,2,289,2,1600,3,20
1177,21,2,290,4,1604,1,40
1178,21,2,291,2,1606,1,20
1179,21,2,292,2,1608,0,20
1180,21,2,293,2,1610,3,20
1181,21,2,294,3,1613,1,30
1182,21,2,295,4,1617,3,40
1183,21,2,296,2,1619,2,20
1184,21,2,297,3,1622,2,30
1185,21,2,298,4,1626,1,40
1186,21,2,299,7,1633,4,70
1187,21,2,300,7,1640,7,70
1188,21,2,301,7,1647,2,70
1189,21,2,302,5,1652,2,50
1190,21,2,303,5,1657,4,50
1191,21,2,304,6,1663,3,60
1192,21,2,305,2,1665,0,20
1193,21,2,306,6,1671,5,60
1194,21,2,307,7,1678,3,70
1195,21,2,308,4,1682,0,40
1196,21,2,309,3,1685,1,30
1197,21,2,310,7,1692,5,70
1198,21,2,311,9,1701,2,90
1199,21,2,312,9,1710,12,90
1200,21,2,313,5,1715,1,50
1201,21,2,314,3,1718,1,30
1202,21,2,315,4,1722,2,40
1203,21,2,316,7,1729,4,70
1204,21,2,317,9,1738,4,90
1205,21,2,318,3,1741,1,30
1206,21,2,319,2,1743,1,20
1207,21,2,320,2,1745,0,20
1208,21,2,321,4,1749,1,40
1209,21,2,322,2,1751,4,20
1210,21,2,323,8,1759,3,80
1211,21,2,324,8,1767,2,80
1212,21,2,325,6,1773,1,60
1213,21,2,326,4,1777,0,40
1214,21,2,327,3,1780,0,30
1215,21,2,328,9,1789,9,90
1216,21,2,329,7,1796,4,70
1217,21,2,330,8,1804,0,80
1218,21,2,331,6,1810,6,60
1219,21,2,332,7,1817,4,70
1220,21,2,333,4,1821,0,40
1221,21,2,334,8,1829,5,80
1222,21,2,335,2,1831,1,20
1223,21,2,336,7,1838,6,70
1224,21,2,337,7,1845,2,70
1225,21,2,338,7,1852,6,70
1226,21,2,339,8,1860,8,80
1227,21,2,340,2,1862,2,20
1228,21,2,341,4,1866,2,40
1229,21,2,342,3,1869,3,30
1230,21,2,343,2,1871,1,20
1231,21,2,344,6,1877,3,60
1232,21,2,345,5,1882,2,50
1233,21,2,346,9,1891,3,90
1234,21,2,347,2,1893,0,20
1235,21,2,348,3,1896,2,30
1236,21,2,349,8,1904,4,80
1237,21,2,350,9,1913,3,90
1238,21,2,351,2,1915,0,20
1239,21,2,352,7,1922,5,70
1240,21,2,353,7,1929,5,70
1241,21,2,354,7,1936,2,70
1242,21,2,355,5,1941,4,50
1243,21,2,356,3,1944,1,30
1244,21,2,357,7,1951,3,70
1245,21,2,358,9,1960,4,90
1246,21,2,359,3,1963,2,30
1247,21,2,360,5,1968,3,50
1248,21,2,361,3,1971,0,30
1249,21,2,362,9,1980,5,90
1250,21,2,363,5,1985,0,50
1251,21,2,364,6,1991,4,60
1252,21,2,365,2,1993,1,20
1253,21,2,366,9,2002,7,90
1254,21,2,367,9,2011,2,90
1255,21,2,368,9,2020,4,90
1256,21,2,369,5,2025,0,50
1257,21,2,370,9,2034,4,90
1258,21,2,371,2,2036,1,20
1259,21,2,372,9,2045,7,90
1260,21,2,373,6,2051,4,60
1261,21,2,374,7,2058,2,70
1262,21,2,375,4,2062,4,40
1263,21,2,376,2,2064,1,20
1264,21,2,377,7,2071,0,70
1265,21,2,378,4,2075,5,40
1266,21,2,379,3,2078,1,30
1267,21,2,380,8,2086,7,80
1268,21,2,381,4,2090,1,40
1269,21,2,382,8,2098,3,80
1270,21,2,383,5,2103,3,50
1271,21,2,384,4,2107,0,40
1272,21,2,385,6,2113,0,60
1273,21,2,386,6,2119,0,60
1274,21,2,387,7,2126,11,70
1275,21,2,388,5,2131,3,50
1276,21,2,389,4,2135,2,40
1277,21,2,390,2,2137,0,20
1278,21,2,391,9,2146,4,90
1279,21,2,392,3,2149,2,30
1280,21,2,393,9,2158,6,90
1281,21,2,394,7,2165,2,70
1282,21,2,395,4,2169,1,40
1283,21,2,396,5,2174,2,50
1284,21,2,397,3,2177,2,30
1285,21,2,398,4,2181,3,40
1286,21,2,399,5,2186,2,50
1287,21,2,400,6,2192,0,60
1288,21,2,401,7,2199,3,70
1289,21,2,402,3,2202,0,30
1290,21,2,403,2,2204,8,20
1291,21,2,404,4,2208,2,40
1292,21,2,405,4,2212,2,40
1293,21,2,406,6,2218,6,60
1294,21,2,407,8,2226,4,80
1295,21,2,408,2,2228,0,20
1296,21,2,409,3,2231,3,30
1297,21,2,410,3,2234,0,30
1298,21,2,411,5,2239,11,50
1299,21,2,412,6,2245,1,60
1300,21,2,413,5,2250,4,50
1301,21,2,414,8,2258,7,80
1302,21,2,415,3,2261,0,30
1303,21,2,416,9,2270,8,90
1304,21,2,417,5,2275,0,50
1305,21,2,418,2,2277,2,20
1306,21,2,419,6,2283,3,60
1307,21,2,420,7,2290,4,70
1308,21,2,421,2,2292,1,20
1309,21,2,422,4,2296,0,40
1310,21,2,423,2,2298,3,20
1311,21,2,424,6,2304,2,60
1312,21,2,425,5,2309,4,50
1313,21,2,426,2,2311,0,20
1314,21,2,427,5,2316,3,50
1315,21,2,428,8,2324,0,80
1316,21,2,429,3,2327,0,30
1317,21,2,430,2,2329,11,20
1318,21,2,431,8,2337,4,80
1319,21,2,432,4,2341,3,40
1320,21,2,433,5,2346,3,50
1321,21,2,434,9,2355,0,90
1322,21,2,435,4,2359,9,40
1323,21,2,436,8,2367,6,80
1324,21,2,437,9,2376,4,90
1325,21,2,438,9,2385,1,90
1326,21,2,439,3,2388,4,30
1327,21,2,440,6,2394,0,60
1328,21,2,441,4,2398,1,40
1329,21,2,442,7,2405,4,70
1330,21,2,443,9,2414,6,90
1331,21,2,444,7,2421,3,70
1332,21,2,445,9,2430,7,90
1333,21,2,446,3,2433,0,30
1334,21,2,447,2,2435,0,20
1335,21,2,448,2,2437,2,20
1336,21,2,449,9,2446,4,90
1337,21,2,450,7,2453,3,70
1338,21,2,451,8,2461,4,80
1339,21,2,452,8,2469,5,80
1340,21,2,453,7,2476,4,70
1341,21,2,454,9,2485,2,90
1342,21,2,455,9,2494,7,90
1343,21,2,456,2,2496,0,20
1344,21,2,457,8,2504,3,80
1345,21,2,458,7,2511,2,70
1346,21,2,459,6,2517,0,60
1347,21,2,460,4,2521,8,40
1348,21,2,461,9,2530,3,90
1349,21,2,462,4,2534,1,40
1350,21,2,463,8,2542,5,80
1351,21,2,464,5,2547,0,50
1352,21,2,465,3,2550,2,30
1353,21,2,466,2,2552,0,20
1354,21,2,467,3,2555,1,30
1355,21,2,468,2,2557,2,20
1356,21,2,469,4,2561,2,40
1357,21,2,470,4,2565,1,40
1358,21,2,471,9,2574,7,90
1359,21,2,472,5,2579,0,50
1360,21,2,473,9,2588,0,90
1361,21,2,474,5,2593,9,50
1362,21,2,475,8,2601,3,80
1363,21,2,476,2,2603,2,20
1364,21,2,477,8,2611,0,80
1365,21,2,478,8,2619,0,80
1366,21,2,479,2,2621,15,20
1367,21,2,480,3,2624,4,30
1368,21,2,481,8,2632,2,80
1369,21,2,482,2,2634,3,20
1370,21,2,483,9,2643,6,90
1371,21,2,484,6,2649,6,60
1372,21,2,485,3,2652,1,30
1373,21,2,486,2,2654,1,20
1374,21,2,487,8,2662,5,80
1375,21,2,488,8,2670,9,80
1376,21,2,489,9,2679,6,90
1377,21,2,490,2,2681,1,20
1378,21,2,491,7,2688,6,70
1379,21,2,492,9,2697,6,90
1380,21,2,493,3,2700,2,30
1381,21,2,494,9,2709,0,90
1382,21,2,495,2,2711,8,20
1383,21,2,496,4,2715,0,40
1384,21,2,497,2,2717,2,20
1385,21,2,498,7,2724,5,70
1386,21,2,499,9,2733,6,90
1387,21,2,500,7,2740,0,70
1388,21,2,501,6,2746,7,60
1389,21,2,502,6,2752,3,60
1390,21,2,503,7,2759,4,70
1391,21,2,504,4,2763,2,40
1392,21,2,505,7,2770,2,70
1393,21,2,506,7,2777,1,70
1394,21,2,507,6,2783,3,60
1395,21,2,508,4,2787,1,40
1396,21,2,509,8,2795,0,80
1397,21,2,510,4,2799,4,40
1398,21,2,511,7,2806,6,70
1399,21,2,512,4,2810,1,40
1400,21,2,513,5,2815,0,50
1401,21,2,514,4,2819,6,40
1402,21,2,515,6,2825,2,60
1403,21,2,516,3,2828,2,30
1404,21,2,517,9,2837,4,90
1405,21,2,518,2,2839,1,20
1406,21,2,519,2,2841,0,20
1407,21,2,520,2,2843,2,20
1408,21,2,521,5,2848,1,50
1409,21,2,522,9,2857,4,90
1410,21,2,523,6,2863,0,60
1411,21,2,524,7,2870,5,70
1412,21,2,525,9,2879,5,90
1413,21,2,526,3,2882,0,30
1414,21,2,527,6,2888,5,60
1415,21,2,528,2,2890,0,20
1416,21,2,529,8,2898,6,80
1417,21,2,530,9,2907,7,90
1418,21,2,531,4,2911,1,40
1419,21,2,532,2,2913,0,20
1420,21,2,533,9,2922,7,90
1421,21,2,534,9,2931,4,90
1422,21,2,535,3,2934,1,30
1423,21,2,536,8,2942,2,80
1424,21,2,537,7,2949,4,70
1425,21,2,538,6,2955,0,60
1426,21,2,539,7,2962,4,70
1427,21,2,540,5,2967,1,50
1428,21,2,541,2,2969,3,20
1429,21,2,542,9,2978,3,90
1430,21,2,543,9,2987,1,90
1431,21,2,544,3,2990,0,30
1432,21,2,545,4,2994,9,40
1433,21,2,546,6,3000,1,60
1434,21,2,547,7,3007,1,70
1435,21,2,548,8,3015,0,80
1436,21,2,549,5,3020,3,50
1437,21,2,550,9,3029,3,90
1438,21,2,551,5,3034,4,50
1439,21,2,552,2,3036,1,20
1440,21,2,553,7,3043,4,70
1441,21,2,554,4,3047,0,40
1442,21,2,555,7,3054,4,70
1443,21,2,556,5,3059,4,50
1444,21,2,557,9,3068,9,90
1445,21,2,558,6,3074,3,60
1446,21,2,559,7,3081,5,70
1447,21,2,560,2,3083,0,20
1448,21,2,561,8,3091,4,80
1449,21,2,562,6,3097,4,60
1450,21,2,563,4,3101,2,40
1451,21,2,564,7,3108,3,70
1452,21,2,565,7,3115,5,70
1453,21,2,566,3,3118,3,30
1454,21,2,567,3,3121,1,30
1455,21,2,568,8,3129,2,80
1456,21,2,569,3,3132,1,30
1457,21,2,570,6,3138,0,60
1458,21,2,571,8,3146,7,80
1459,21,2,572,8,3154,4,80
1460,21,2,573,6,3160,1,60
1461,21,2,574,2,3162,1,20
1462,21,2,575,7,3169,3,70
1463,21,2,576,7,3176,0,70
1464,21,2,577,2,3178,4,20
1465,21,2,578,7,3185,4,70
1466,21,2,579,5,3190,3,50
1467,21,2,580,4,3194,0,40
1468,21,2,581,7,3201,6,70
1469,21,2,582,9,3210,8,90
1470,21,2,583,3,3213,0,30
1471,21,2,584,9,3222,0,90
1472,21,2,585,7,3229,11,70
1473,21,2,586,2,3231,1,20
1474,21,2,587,4,3235,3,40
1475,21,2,588,5,3240,2,50
1476,21,2,589,5,3245,5,50
1477,21,2,590,4,3249,3,40
1478,21,2,591,9,3258,7,90
1479,21,2,592,7,3265,3,70
1480,21,2,593,8,3273,4,80
1481,21,2,594,7,3280,0,70
1482,21,2,595,5,3285,4,50
1483,21,2,596,6,3291,2,60
1484,21,2,597,2,3293,0,20
1485,21,2,598,7,3300,7,70
1486,21,2,599,5,3305,0,50
1487,21,2,600,2,3307,1,20
1488,21,2,601,8,3315,3,80
1489,21,2,602,7,3322,7,70
1490,21,2,603,8,3330,5,80
1491,21,2,604,4,3334,1,40
1492,21,2,605,9,3343,0,90
1493,21,2,606,6,3349,13,60
1494,21,2,607,8,3357,5,80
1495,21,2,608,6,3363,2,60
1496,21,2,609,8,3371,5,80
1497,21,2,610,9,3380,2,90
1498,21,2,611,4,3384,0,40
1499,21,2,612,8,3392,5,80
1500,21,2,613,9,3401,6,90
1501,21,2,614,2,3403,1,20
1502,21,2,615,6,3409,3,60
1503,21,2,616,7,3416,2,70
1504,21,2,617,5,3421,3,50
1505,21,2,618,5,3426,0,50
1506,21,2,619,2,3428,1,20
1507,21,2,620,7,3435,1,70
1508,21,2,621,5,3440,6,50
1509,21,2,622,6,3446,1,60
1510,21,2,623,6,3452,6,60
1511,21,2,624,6,3458,5,60
1512,21,2,625,3,3461,2,30
1513,21,2,626,6,3467,3,60
1514,21,2,627,4,3471,2,40
1515,21,2,628,7,3478,3,70
1516,21,2,629,4,3482,1,40
1517,21,2,630,4,3486,4,40
1518,21,2,631,4,3490,2,40
1519,21,2,632,4,3494,3,40
1520,21,2,633,9,3503,7,90
1521,21,2,634,7,3510,1,70
1522,21,2,635,6,3516,2,60
1523,21,2,636,6,3522,0,60
1524,21,2,637,4,3526,5,40
1525,21,2,638,8,3534,3,80
1526,21,2,639,5,3539,0,50
1527,21,2,640,3,3542,2,30
1528,21,2,641,2,3544,0,20
1529,21,2,642,6,3550,3,60
1530,21,2,643,6,3556,0,60
1531,21,2,644,2,3558,3,20
1532,21,2,645,5,3563,1,50
1533,21,2,646,2,3565,0,20
1534,21,2,647,7,3572,2,70
1535,21,2,648,2,3574,1,20
1536,21,2,649,2,3576,0,20
1537,21,2,650,2,3578,0,20
1538,21,2,651,2,3580,1,20
1539,21,2,652,5,3585,2,50
1540,21,2,653,4,3589,0,40
1541,21,2,654,5,3594,0,50
1542,21,2,655,5,3599,1,50
1543,21,2,656,8,3607,5,80
1544,21,2,657,6,3613,4,60
1545,21,2,658,5,3618,0,50
1546,21,2,659,6,3624,4,60
1547,21,2,660,7,3631,5,70
1548,21,2,661,7,3638,2,70
1549,21,2,662,9,3647,10,90
1550,21,2,663,2,3649,0,20
1551,21,2,664,4,3653,2,40
1552,21,2,665,5,3658,2,50
1553,21,2,666,3,3661,2,30
1554,21,2,667,3,3664,1,30
1555,21,2,668,2,3666,1,20
1556,21,2,669,8,3674,2,80
1557,21,2,670,5,3679,3,50
1558,21,2,671,4,3683,5,40
1559,21,2,672,5,3688,1,50
1560,21,2,673,4,3692,2,40
1561,21,2,674,5,3697,4,50
1562,21,2,675,8,3705,4,80
1563,21,2,676,2,3707,1,20
1564,21,2,677,6,3713,0,60
1565,21,2,678,4,3717,2,40
1566,21,2,679,5,3722,5,50
1567,21,2,680,5,3727,0,50
1568,21,2,681,8,3735,4,80
1569,21,2,682,5,3740,2,50
1570,21,2,683,6,3746,1,60
1571,21,2,684,9,3755,2,90
1572,21,2,685,9,3764,3,90
1573,21,2,686,4,3768,1,40
1574,21,2,687,5,3773,2,50
1575,21,2,688,4,3777,0,40
1576,21,2,689,8,3785,3,80
1577,21,2,690,4,3789,1,40
1578,21,2,691,6,3795,7,60
1579,21,2,692,3,3798,1,30
1580,21,2,693,9,3807,4,90
1581,21,2,694,7,3814,1,70
1582,21,2,695,3,3817,3,30
1583,21,2,696,4,3821,5,40
1584,21,2,697,3,3824,1,30
1585,21,2,698,7,3831,1,70
1586,21,2,699,6,3837,4,60
1587,21,2,700,5,3842,5,50
1588,21,2,701,7,3849,4,70
1589,21,2,702,9,3858,5,90
1590,21,2,703,9,3867,4,90
1591,21,2,704,8,3875,6,80
1592,21,2,705,3,3878,0,30
1593,21,2,706,2,3880,1,20
1594,21,2,707,8,3888,4,80
1595,21,2,708,6,3894,2,60
1596,21,2,709,2,3896,0,20
1597,21,2,710,8,3904,3,80
1598,21,2,711,2,3906,0,20
1599,21,2,712,9,3915,5,90
1600,21,2,713,4,3919,2,40
1601,21,2,714,6,3925,2,60
1602,21,2,715,8,3933,6,80
1603,21,2,716,2,3935,1,20
1604,21,2,717,6,3941,6,60
1605,21,2,718,6,3947,3,60
1606,21,2,719,7,3954,4,70
1607,21,2,720,6,3960,1,60
1608,21,2,721,7,3967,4,70
1609,21,2,722,2,3969,2,20
1610,21,2,723,7,3976,5,70
1611,21,2,724,8,3984,2,80
1612,21,2,725,9,3993,0,90
1613,21,2,726,9,4002,7,90
1614,21,2,727,2,4004,2,20
1615,21,2,728,4,4008,1,40
1616,21,2,729,8,4016,3,80
1617,21,2,730,9,4025,4,90
1618,21,2,731,3,4028,2,30
1619,21,2,732,5,4033,0,50
1620,21,2,733,3,4036,2,30
1621,21,2,734,4,4040,3,40
1622,21,2,735,5,4045,2,50
1623,21,2,736,3,4048,3,30
1624,21,2,737,9,4057,3,90
1625,21,2,738,3,4060,2,30
1626,21,2,739,3,4063,2,30
1627,21,2,740,5,4068,4,50
1628,21,2,741,2,4070,1,20
1629,21,2,742,2,4072,1,20
1630,21,2,743,9,4081,0,90
1631,21,2,744,2,4083,0,20
1632,21,2,745,5,4088,0,50
1633,21,2,746,6,4094,7,60
1634,21,2,747,8,4102,4,80
1635,21,2,748,7,4109,0,70
1636,21,2,749,7,4116,0,70
1637,21,2,750,7,4123,0,70
1638,21,2,751,5,4128,11,50
1639,21,2,752,8,4136,3,80
1640,21,2,753,8,4144,6,80
1641,21,2,754,3,4147,1,30
1642,21,2,755,4,4151,1,40
1643,21,2,756,5,4156,3,50
1644,21,2,757,5,4161,3,50
1645,21,2,758,5,4166,0,50
1646,21,2,759,2,4168,0,20
1647,21,2,760,9,4177,6,90
1648,21,2,761,5,4182,4,50
1649,21,2,762,6,4188,2,60
1650,21,2,763,6,4194,0,60
1651,21,2,764,3,4197,2,30
1652,21,2,765,3,4200,0,30
1653,21,2,766,6,4206,9,60
1654,21,2,767,8,4214,6,80
1655,21,2,768,6,4220,1,60
1656,21,2,769,2,4222,0,20
1657,21,2,770,9,4231,3,90
1658,21,2,771,9,4240,1,90
1659,21,2,772,8,4248,8,80
1660,21,2,773,9,4257,5,90
1661,21,2,774,9,4266,2,90
1662,21,2,775,4,4270,2,40
1663,21,2,776,7,4277,7,70
1664,21,2,777,5,4282,1,50
1665,21,2,778,9,4291,4,90
1666,21,2,779,6,4297,1,60
1667,21,2,780,6,4303,2,60
1668,21,2,781,5,4308,2,50
1669,21,2,782,9,4317,8,90
1670,21,2,783,8,4325,3,80
1671,21,2,784,4,4329,0,40
1672,21,2,785,8,4337,4,80
1673,21,2,786,7,4344,1,70
1674,21,2,787,4,4348,3,40
1675,21,2,788,5,4353,4,50
1676,21,2,789,4,4357,2,40
1677,21,2,790,5,4362,2,50
1678,21,2,791,4,4366,2,40
1679,21,2,792,8,4374,3,80
1680,21,2,793,3,4377,0,30
1681,21,2,794,5,4382,2,50
1682,21,2,795,7,4389,2,70
1683,21,2,796,3,4392,1,30
1684,21,2,797,7,4399,8,70
1685,21,2,798,8,4407,4,80
1686,21,2,799,8,4415,6,80
1687,21,2,800,5,4420,3,50
1688,21,2,801,3,4423,3,30
1689,21,2,802,9,4432,3,90
1690,21,2,803,5,4437,1,50
1691,21,2,804,4,4441,1,40
1692,21,2,805,6,4447,2,60
1693,21,2,806,3,4450,1,30
1694,21,2,807,2,4452,1,20
1695,21,2,808,9,4461,0,90
1696,21,2,809,6,4467,4,60
1697,21,2,810,9,4476,4,90
1698,21,2,811,3,4479,1,30
1699,21,2,812,5,4484,3,50
1700,21,2,813,4,4488,5,40
1701,21,2,814,8,4496,0,80
1702,21,2,815,6,4502,4,60
1703,21,2,816,8,4510,2,80
1704,21,2,817,3,4513,1,30
1705,21,2,818,6,4519,3,60
1706,21,2,819,8,4527,4,80
1707,21,2,820,7,4534,3,70
1708,21,2,821,3,4537,1,30
1709,21,2,822,8,4545,4,80
1710,21,2,823,9,4554,4,90
1711,21,2,824,3,4557,3,30
1712,21,2,825,9,4566,4,90
1713,21,2,826,6,4572,2,60
1714,21,2,827,2,4574,0,20
1715,21,2,828,3,4577,3,30
1716,21,2,829,9,4586,5,90
1717,21,2,830,7,4593,2,70
1718,21,2,831,7,4600,3,70
1719,21,2,832,4,4604,4,40
1720,21,2,833,7,4611,7,70
1721,21,2,834,8,4619,8,80
1722,21,2,835,2,4621,2,20
1723,21,2,836,4,4625,1,40
1724,21,2,837,8,4633,6,80
1725,21,2,838,6,4639,4,60
1726,21,2,839,6,4645,4,60
1727,21,2,840,6,4651,5,60
1728,21,2,841,6,4657,3,60
1729,21,2,842,6,4663,0,60
1730,21,2,843,5,4668,7,50
1731,21,2,844,9,4677,0,90
1732,21,2,845,2,4679,3,20
1733,21,2,846,2,4681,1,20
1734,21,2,847,8,4689,8,80
1735,21,2,848,9,4698,8,90
1736,21,2,849,6,4704,2,60
1737,21,2,850,9,4713,4,90
1738,21,2,851,4,4717,0,40
1739,21,2,852,5,4722,2,50
1740,21,2,853,8,4730,3,80
1741,21,2,854,6,4736,2,60
1742,21,2,855,6,4742,0,60
1743,21,2,856,4,4746,4,40
1744,21,2,857,7,4753,1,70
1745,21,2,858,7,4760,5,70
1746,21,2,859,6,4766,4,60
1747,21,2,860,4,4770,2,40
1748,21,2,861,3,4773,0,30
1749,21,2,862,2,4775,1,20
1750,21,2,863,4,4779,0,40
1751,21,2,864,8,4787,9,80
1752,21,2,865,6,4793,6,60
1753,21,2,866,4,4797,0,40
1754,21,2,867,3,4800,1,30
1755,21,2,868,3,4803,2,30
1756,21,2,869,4,4807,0,40
1757,21,2,870,8,4815,3,80
1758,21,2,871,2,4817,0,20
1759,21,2,872,6,4823,5,60
1760,21,2,873,4,4827,0,40
1761,21,2,874,2,4829,1,20
1762,21,2,875,9,4838,5,90
1763,21,2,876,4,4842,4,40
1764,21,2,877,8,4850,4,80
1765,21,2,878,7,4857,6,70
1766,21,2,879,8,4865,4,80
1767,21,2,880,9,4874,6,90
1768,21,2,881,2,4876,0,20
1769,21,2,882,2,4878,1,20
1770,21,2,883,9,4887,2,90
1771,21,2,884,8,4895,8,80
1772,21,2,885,9,4904,8,90
1773,21,2,886,4,4908,4,40
1774,21,2,887,5,4913,3,50
1775,21,2,888,2,4915,0,20
1776,21,2,889,5,4920,2,50
1777,21,2,890,5,4925,0,50
1778,21,2,891,7,4932,4,70
1779,21,2,892,4,4936,1,40
1780,21,2,893,5,4941,4,50
1781,21,2,894,4,4945,3,40
1782,21,2,895,3,4948,1,30
1783,21,2,896,2,4950,0,20
1784,21,2,897,3,4953,2,30
1785,21,2,898,9,4962,1,90
1786,21,2,899,5,4967,3,50
1787,21,2,900,4,4971,2,40
1788,21,2,901,8,4979,4,80
1789,21,2,902,9,4988,9,90
1790,21,2,903,9,4997,1,90
1791,21,2,904,2,4999,1,20
1792,21,3,1,8,8,6,80
1793,21,3,2,9,17,7,90
1794,21,3,3,6,23,1,60
1795,21,3,4,9,32,4,90
1796,21,3,5,4,36,1,40
1797,21,3,6,7,43,0,70
1798,21,3,7,4,47,1,40
1799,21,3,8,4,51,1,40
1800,21,3,9,3,54,3,30
1801,21,3,10,6,60,1,60
1802,21,3,11,9,69,9,90
1803,21,3,12,7,76,1,70
1804,21,3,13,8,84,3,80
1805,21,3,14,7,91,4,70
1806,21,3,15,4,95,0,40
1807,21,3,16,5,100,4,50
1808,21,3,17,5,105,3,50
1809,21,3,18,8,113,2,80
1810,21,3,19,4,117,1,40
1811,21,3,20,7,124,2,70
1812,21,3,21,4,128,0,40
1813,21,3,22,4,132,2,40
1814,21,3,23,6,138,3,60
1815,21,3,24,6,144,2,60
1816,21,3,25,9,153,5,90
1817,21,3,26,7,160,4,70
1818,21,3,27,6,166,0,60
1819,21,3,28,3,169,1,30
1820,21,3,29,4,173,3,40
1821,21,3,30,6,179,4,60
1822,21,3,31,6,185,5,60
1823,21,3,32,3,188,1,30
1824,21,3,33,6,194,7,60
1825,21,3,34,7,201,5,70
1826,21,3,35,6,207,4,60
1827,21,3,36,6,213,2,60
1828,21,3,37,2,215,0,20
1829,21,3,38,9,224,6,90
1830,21,3,39,3,227,0,30
1831,21,3,40,6,233,2,60
1832,21,3,41,6,239,4,60
1833,21,3,42,3,242,1,30
1834,21,3,43,8,250,8,80
1835,21,3,44,3,253,2,30
1836,21,3,45,6,259,4,60
1837,21,3,46,8,267,2,80
1838,21,3,47,8,275,3,80
1839,21,3,48,2,277,0,20
1840,21,3,49,5,282,3,50
1841,21,3,50,4,286,3,40
1842,21,3,51,7,293,4,70
1843,21,3,52,2,295,0,20
1844,21,3,53,7,302,7,70
1845,21,3,54,3,305,1,30
1846,21,3,55,4,309,3,40
1847,21,3,56,3,312,1,30
1848,21,3,57,4,316,0,40
1849,21,3,58,5,321,3,50
1850,21,3,59,8,329,0,80
1851,21,3,60,3,332,3,30
1852,21,3,61,6,338,3,60
1853,21,3,62,2,340,0,20
1854,21,3,63,4,344,3,40
1855,21,3,64,8,352,1,80
1856,21,3,65,9,361,2,90
1857,21,3,66,7,368,4,70
1858,21,3,67,6,374,0,60
1859,21,3,68,9,383,7,90
1860,21,3,69,2,385,2,20
1861,21,3,70,8,393,2,80
1862,21,3,71,9,402,2,90
1863,21,3,72,3,405,3,30
1864,21,3,73,9,414,5,90
1865,21,3,74,9,423,2,90
1866,21,3,75,7,430,4,70
1867,21,3,76,8,438,3,80
1868,21,3,77,9,447,0,90
1869,21,3,78,2,449,10,20
1870,21,3,79,6,455,4,60
1871,21,3,80,9,464,4,90
1872,21,3,81,6,470,6,60
1873,21,3,82,3,473,0,30
1874,21,3,83,5,478,0,50
1875,21,3,84,7,485,1,70
1876,21,3,85,9,494,6,90
1877,21,3,86,7,501,4,70
1878,21,3,87,5,506,0,50
1879,21,3,88,9,515,0,90
1880,21,3,89,9,524,8,90
1881,21,3,90,8,532,0,80
1882,21,3,91,7,539,0,70
1883,21,3,92,3,542,5,30
1884,21,3,93,5,547,5,50
1885,21,3,94,6,553,1,60
1886,21,3,95,8,561,0,80
1887,21,3,96,9,570,7,90
1888,21,3,97,9,579,3,90
1889,21,3,98,2,581,1,20
1890,21,3,99,4,585,3,40
1891,21,3,100,4,589,4,40
1892,21,3,101,4,593,2,40
1893,21,3,102,2,595,2,20
1894,21,3,103,9,604,3,90
1895,21,3,104,3,607,0,30
1896,21,3,105,2,609,1,20
1897,21,3,106,5,614,4,50
1898,21,3,107,2,616,0,20
1899,21,3,108,3,619,0,30
1900,21,3,109,6,625,3,60
1901,21,3,110,8,633,5,80
1902,21,3,111,9,642,4,90
1903,21,3,112,3,645,1,30
1904,21,3,113,3,648,2,30
1905,21,3,114,2,650,0,20
1906,21,3,115,3,653,0,30
1907,21,3,116,3,656,1,30
1908,21,3,117,9,665,5,90
1909,21,3,118,2,667,2,20
1910,21,3,119,7,674,3,70
1911,21,3,120,8,682,1,80
1912,21,3,121,9,691,5,90
1913,21,3,122,2,693,0,20
1914,21,3,123,2,695,0,20
1915,21,3,124,5,700,4,50
1916,21,3,125,7,707,6,70
1917,21,3,126,9,716,2,90
1918,21,3,127,8,724,1,80
1919,21,3,128,6,730,3,60
1920,21,3,129,7,737,8,70
1921,21,3,130,8,745,3,80
1922,21,3,131,4,749,2,40
1923,21,3,132,6,755,3,60
1924,21,3,133,6,761,3,60
1925,21,3,134,4,765,3,40
1926,21,3,135,7,772,4,70
1927,21,3,136,3,775,3,30
1928,21,3,137,8,783,6,80
1929,21,3,138,2,785,3,20
1930,21,3,139,7,792,4,70
1931,21,3,140,3,795,0,30
1932,21,3,141,2,797,2,20
1933,21,3,142,3,800,4,30
1934,21,3,143,4,804,1,40
1935,21,3,144,2,806,1,20
1936,21,3,145,9,815,0,90
1937,21,3,146,3,818,10,30
1938,21,3,147,3,821,1,30
1939,21,3,148,9,830,0,90
1940,21,3,149,3,833,4,30
1941,21,3,150,6,839,6,60
1942,21,3,151,6,845,0,60
1943,21,3,152,2,847,3,20
1944,21,3,153,3,850,3,30
1945,21,3,154,5,855,2,50
1946,21,3,155,4,859,1,40
1947,21,3,156,6,865,2,60
1948,21,3,157,3,868,0,30
1949,21,3,158,4,872,1,40
1950,21,3,159,6,878,8,60
1951,21,3,160,6,884,6,60
1952,21,3,161,2,886,0,20
1953,21,3,162,5,891,5,50
1954,21,3,163,2,893,0,20
1955,21,3,164,5,898,0,50
1956,21,3,165,9,907,7,90
1957,21,3,166,6,913,2,60
1958,21,3,167,4,917,1,40
1959,21,3,168,4,921,0,40
1960,21,3,169,4,925,0,40
1961,21,3,170,5,930,1,50
1962,21,3,171,3,933,3,30
1963,21,3,172,8,941,4,80
1964,21,3,173,3,944,2,30
1965,21,3,174,9,953,3,90
1966,21,3,175,3,956,1,30
1967,21,3,176,7,963,5,70
1968,21,3,177,9,972,3,90
1969,21,3,178,7,979,3,70
1970,21,3,179,8,987,3,80
1971,21,3,180,8,995,7,80
1972,21,3,181,4,999,1,40
1973,21,3,182,9,1008,5,90
1974,21,3,183,9,1017,6,90
1975,21,3,184,9,1026,3,90
1976,21,3,185,2,1028,0,20
1977,21,3,186,7,1035,2,70
1978,21,3,187,5,1040,1,50
1979,21,3,188,4,1044,0,40
1980,21,3,189,8,1052,5,80
1981,21,3,190,5,1057,4,50
1982,21,3,191,9,1066,2,90
1983,21,3,192,4,1070,0,40
1984,21,3,193,6,1076,2,60
1985,21,3,194,4,1080,4,40
1986,21,3,195,7,1087,2,70
1987,21,3,196,7,1094,3,70
1988,21,3,197,2,1096,1,20
1989,21,3,198,5,1101,0,50
1990,21,3,199,8,1109,5,80
1991,21,3,200,6,1115,7,60
1992,21,3,201,3,1118,3,30
1993,21,3,202,4,1122,2,40
1994,21,3,203,6,1128,3,60
1995,21,3,204,6,1134,4,60
1996,21,3,205,2,1136,0,20
1997,21,3,206,7,1143,0,70
1998,21,3,207,9,1152,13,90
1999,21,3,208,7,1159,2,70
2000,21,3,209,5,1164,6,50
2001,21,3,210,2,1166,0,20
2002,21,3,211,3,1169,3,30
2003,21,3,212,8,1177,4,80
2004,21,3,213,4,1181,1,40
2005,21,3,214,6,1187,0,60
2006,21,3,215,6,1193,6,60
2007,21,3,216,5,1198,1,50
2008,21,3,217,2,1200,0,20
2009,21,3,218,3,1203,0,30
2010,21,3,219,8,1211,1,80
2011,21,3,220,3,1214,1,30
2012,21,3,221,7,1221,4,70
2013,21,3,222,7,1228,3,70
2014,21,3,223,5,1233,0,50
2015,21,3,224,9,1242,0,90
2016,21,3,225,2,1244,0,20
2017,21,3,226,8,1252,12,80
2018,21,3,227,5,1257,2,50
2019,21,3,228,4,1261,0,40
2020,21,3,229,8,1269,0,80
2021,21,3,230,7,1276,11,70
2022,21,3,231,4,1280,2,40
2023,21,3,232,4,1284,3,40
2024,21,3,233,7,1291,3,70
2025,21,3,234,6,1297,5,60
2026,21,3,235,9,1306,8,90
2027,21,3,236,4,1310,0,40
2028,21,3,237,6,1316,3,60
2029,21,3,238,5,1321,2,50
2030,21,3,239,7,1328,6,70
2031,21,3,240,8,1336,4,80
2032,21,3,241,4,1340,2,40
2033,21,3,242,4,1344,3,40
2034,21,3,243,4,1348,5,40
2035,21,3,244,9,1357,6,90
2036,21,3,245,2,1359,1,20
2037,21,3,246,2,1361,2,20
2038,21,3,247,3,1364,3,30
2039,21,3,248,7,1371,3,70
2040,21,3,249,9,1380,3,90
2041,21,3,250,9,1389,0,90
2042,21,3,251,2,1391,0,20
2043,21,3,252,3,1394,5,30
2044,21,3,253,4,1398,4,40
2045,21,3,254,8,1406,8,80
2046,21,3,255,9,1415,3,90
2047,21,3,256,3,1418,2,30
2048,21,3,257,9,1427,0,90
2049,21,3,258,3,1430,0,30
2050,21,3,259,3,1433,6,30
2051,21,3,260,2,1435,0,20
2052,21,3,261,8,1443,5,80
2053,21,3,262,9,1452,1,90
2054,21,3,263,2,1454,4,20
2055,21,3,264,4,1458,3,40
2056,21,3,265,8,1466,5,80
2057,21,3,266,9,1475,0,90
2058,21,3,267,9,1484,6,90
2059,21,3,268,7,1491,1,70
2060,21,3,269,6,1497,5,60
2061,21,3,270,3,1500,2,30
2062,21,3,271,9,1509,0,90
2063,21,3,272,5,1514,9,50
2064,21,3,273,9,1523,3,90
2065,21,3,274,8,1531,0,80
2066,21,3,275,3,1534,2,30
2067,21,3,276,6,1540,4,60
2068,21,3,277,3,1543,3,30
2069,21,3,278,5,1548,2,50
2070,21,3,279,2,1550,1,20
2071,21,3,280,9,1559,5,90
2072,21,3,281,3,1562,1,30
2073,21,3,282,5,1567,4,50
2074,21,3,283,6,1573,0,60
2075,21,3,284,2,1575,0,20
2076,21,3,285,4,1579,2,40
2077,21,3,286,3,1582,1,30
2078,21,3,287,6,1588,2,60
2079,21,3,288,9,1597,7,90
2080,21,3,289,5,1602,1,50
2081,21,3,290,5,1607,5,50
2082,21,3,291,7,1614,6,70
2083,21,3,292,6,1620,0,60
2084,21,3,293,6,1626,6,60
2085,21,3,294,7,1633,5,70
2086,21,3,295,7,1640,1,70
2087,21,3,296,9,1649,1,90
2088,21,3,297,3,1652,1,30
2089,21,3,298,9,1661,8,90
2090,21,3,299,5,1666,3,50
2091,21,3,300,9,1675,5,90
2092,21,3,301,8,1683,3,80
2093,21,3,302,5,1688,0,50
2094,21,3,303,6,1694,6,60
2095,21,3,304,9,1703,2,90
2096,21,3,305,7,1710,3,70
2097,21,3,306,4,1714,0,40
2098,21,3,307,8,1722,4,80
2099,21,3,308,6,1728,2,60
2100,21,3,309,9,1737,5,90
2101,21,3,310,6,1743,3,60
2102,21,3,311,3,1746,1,30
2103,21,3,312,7,1753,4,70
2104,21,3,313,2,1755,2,20
2105,21,3,314,6,1761,4,60
2106,21,3,315,3,1764,7,30
2107,21,3,316,5,1769,0,50
2108,21,3,317,6,1775,5,60
2109,21,3,318,5,1780,2,50
2110,21,3,319,7,1787,4,70
2111,21,3,320,3,1790,1,30
2112,21,3,321,4,1794,0,40
2113,21,3,322,2,1796,1,20
2114,21,3,323,4,1800,5,40
2115,21,3,324,6,1806,3,60
2116,21,3,325,7,1813,5,70
2117,21,3,326,8,1821,1,80
2118,21,3,327,2,1823,0,20
2119,21,3,328,5,1828,6,50
2120,21,3,329,2,1830,0,20
2121,21,3,330,8,1838,6,80
2122,21,3,331,5,1843,2,50
2123,21,3,332,4,1847,0,40
2124,21,3,333,2,1849,1,20
2125,21,3,334,7,1856,5,70
2126,21,3,335,3,1859,0,30
2127,21,3,336,3,1862,2,30
2128,21,3,337,2,1864,0,20
2129,21,3,338,9,1873,5,90
2130,21,3,339,6,1879,4,60
2131,21,3,340,7,1886,0,70
2132,21,3,341,4,1890,6,40
2133,21,3,342,2,1892,0,20
2134,21,3,343,4,1896,0,40
2135,21,3,344,9,1905,3,90
2136,21,3,345,8,1913,3,80
2137,21,3,346,3,1916,0,30
2138,21,3,347,6,1922,0,60
2139,21,3,348,2,1924,5,20
2140,21,3,349,6,1930,0,60
2141,21,3,350,2,1932,5,20
2142,21,3,351,2,1934,4,20
2143,21,3,352,3,1937,2,30
2144,21,3,353,2,1939,2,20
2145,21,3,354,9,1948,2,90
2146,21,3,355,3,1951,1,30
2147,21,3,356,7,1958,4,70
2148,21,3,357,8,1966,5,80
2149,21,3,358,4,1970,1,40
2150,21,3,359,7,1977,3,70
2151,21,3,360,2,1979,0,20
2152,21,3,361,4,1983,5,40
2153,21,3,362,7,1990,3,70
2154,21,3,363,4,1994,1,40
2155,21,3,364,5,1999,6,50
2156,21,3,365,2,2001,0,20
2157,21,3,366,6,2007,3,60
2158,21,3,367,3,2010,1,30
2159,21,3,368,2,2012,1,20
2160,21,3,369,3,2015,3,30
2161,21,3,370,4,2019,2,40
2162,21,3,371,9,2028,2,90
2163,21,3,372,3,2031,2,30
2164,21,3,373,3,2034,2,30
2165,21,3,374,2,2036,0,20
2166,21,3,375,4,2040,0,40
2167,21,3,376,2,2042,0,20
2168,21,3,377,2,2044,0,20
2169,21,3,378,7,2051,0,70
2170,21,3,379,2,2053,5,20
2171,21,3,380,6,2059,4,60
2172,21,3,381,4,2063,3,40
2173,21,3,382,7,2070,5,70
2174,21,3,383,9,2079,5,90
2175,21,3,384,7,2086,4,70
2176,21,3,385,4,2090,0,40
2177,21,3,386,3,2093,4,30
2178,21,3,387,8,2101,3,80
2179,21,3,388,7,2108,3,70
2180,21,3,389,2,2110,2,20
2181,21,3,390,6,2116,0,60
2182,21,3,391,9,2125,7,90
2183,21,3,392,5,2130,0,50
2184,21,3,393,2,2132,2,20
2185,21,3,394,3,2135,2,30
2186,21,3,395,3,2138,1,30
2187,21,3,396,3,2141,1,30
2188,21,3,397,7,2148,4,70
2189,21,3,398,3,2151,1,30
2190,21,3,399,6,2157,1,60
2191,21,3,400,4,2161,5,40
2192,21,3,401,3,2164,0,30
2193,21,3,402,6,2170,1,60
2194,21,3,403,9,2179,7,90
2195,21,3,404,4,2183,1,40
2196,21,3,405,4,2187,1,40
2197,21,3,406,6,2193,2,60
2198,21,3,407,8,2201,4,80
2199,21,3,408,3,2204,1,30
2200,21,3,409,5,2209,1,50
2201,21,3,410,3,2212,0,30
2202,21,3,411,7,2219,2,70
2203,21,3,412,4,2223,0,40
2204,21,3,413,6,2229,3,60
2205,21,3,414,9,2238,4,90
2206,21,3,415,8,2246,4,80
2207,21,3,416,3,2249,1,30
2208,21,3,417,8,2257,1,80
2209,21,3,418,4,2261,2,40
2210,21,3,419,8,2269,4,80
2211,21,3,420,7,2276,4,70
2212,21,3,421,4,2280,3,40
2213,21,3,422,6,2286,0,60
2214,21,3,423,5,2291,5,50
2215,21,3,424,4,2295,5,40
2216,21,3,425,5,2300,5,50
2217,21,3,426,4,2304,5,40
2218,21,3,427,5,2309,3,50
2219,21,3,428,6,2315,5,60
2220,21,3,429,6,2321,6,60
2221,21,3,430,8,2329,0,80
2222,21,3,431,8,2337,6,80
2223,21,3,432,9,2346,3,90
2224,21,3,433,4,2350,2,40
2225,21,3,434,7,2357,5,70
2226,21,3,435,6,2363,2,60
2227,21,3,436,5,2368,3,50
2228,21,3,437,5,2373,2,50
2229,21,3,438,3,2376,3,30
2230,21,3,439,7,2383,1,70
2231,21,3,440,2,2385,1,20
2232,21,3,441,7,2392,4,70
2233,21,3,442,4,2396,2,40
2234,21,3,443,6,2402,1,60
2235,21,3,444,2,2404,2,20
2236,21,3,445,7,2411,2,70
2237,21,3,446,3,2414,0,30
2238,21,3,447,8,2422,0,80
2239,21,3,448,9,2431,10,90
2240,21,3,449,8,2439,2,80
2241,21,3,450,7,2446,2,70
2242,21,3,451,8,2454,7,80
2243,21,3,452,6,2460,6,60
2244,21,3,453,2,2462,1,20
2245,21,3,454,9,2471,4,90
2246,21,3,455,7,2478,1,70
2247,21,3,456,6,2484,4,60
2248,21,3,457,4,2488,3,40
2249,21,3,458,4,2492,1,40
2250,21,3,459,7,2499,3,70
2251,21,3,460,4,2503,0,40
2252,21,3,461,6,2509,4,60
2253,21,3,462,9,2518,4,90
2254,21,3,463,7,2525,4,70
2255,21,3,464,7,2532,1,70
2256,21,3,465,9,2541,0,90
2257,21,3,466,3,2544,5,30
2258,21,3,467,4,2548,0,40
2259,21,3,468,7,2555,4,70
2260,21,3,469,6,2561,2,60
2261,21,3,470,6,2567,1,60
2262,21,3,471,6,2573,4,60
2263,21,3,472,5,2578,0,50
2264,21,3,473,3,2581,0,30
2265,21,3,474,6,2587,0,60
2266,21,3,475,9,2596,4,90
2267,21,3,476,4,2600,2,40
2268,21,3,477,8,2608,5,80
2269,21,3,478,3,2611,1,30
2270,21,3,479,9,2620,5,90
2271,21,3,480,8,2628,4,80
2272,21,3,481,5,2633,3,50
2273,21,3,482,3,2636,1,30
2274,21,3,483,4,2640,3,40
2275,21,3,484,4,2644,3,40
2276,21,3,485,3,2647,1,30
2277,21,3,486,6,2653,0,60
2278,21,3,487,8,2661,4,80
2279,21,3,488,7,2668,3,70
2280,21,3,489,3,2671,1,30
2281,21,3,490,2,2673,2,20
2282,21,3,491,2,2675,0,20
2283,21,3,492,5,2680,3,50
2284,21,3,493,5,2685,4,50
2285,21,3,494,6,2691,2,60
2286,21,3,495,8,2699,3,80
2287,21,3,496,7,2706,2,70
2288,21,3,497,7,2713,6,70
2289,21,3,498,5,2718,2,50
2290,21,3,499,6,2724,1,60
2291,21,3,500,7,2731,2,70
2292,21,3,501,7,2738,1,70
2293,21,3,502,6,2744,0,60
2294,21,3,503,2,2746,1,20
2295,21,3,504,4,2750,1,40
2296,21,3,505,5,2755,7,50
2297,21,3,506,3,2758,0,30
2298,21,3,507,2,2760,0,20
2299,21,3,508,5,2765,2,50
2300,21,3,509,2,2767,2,20
2301,21,3,510,3,2770,0,30
2302,21,3,511,7,2777,3,70
2303,21,3,512,7,2784,3,70
2304,21,3,513,6,2790,3,60
2305,21,3,514,8,2798,1,80
2306,21,3,515,3,2801,0,30
2307,21,3,516,9,2810,6,90
2308,21,3,517,2,2812,0,20
2309,21,3,518,9,2821,6,90
2310,21,3,519,4,2825,0,40
2311,21,3,520,9,2834,5,90
2312,21,3,521,5,2839,0,50
2313,21,3,522,4,2843,3,40
2314,21,3,523,8,2851,5,80
2315,21,3,524,4,2855,0,40
2316,21,3,525,4,2859,2,40
2317,21,3,526,8,2867,4,80
2318,21,3,527,9,2876,3,90
2319,21,3,528,5,2881,1,50
2320,21,3,529,5,2886,3,50
2321,21,3,530,4,2890,0,40
2322,21,3,531,3,2893,0,30
2323,21,3,532,4,2897,0,40
2324,21,3,533,6,2903,3,60
2325,21,3,534,7,2910,4,70
2326,21,3,535,7,2917,1,70
2327,21,3,536,4,2921,1,40
2328,21,3,537,4,2925,3,40
2329,21,3,538,2,2927,2,20
2330,21,3,539,8,2935,5,80
2331,21,3,540,3,2938,2,30
2332,21,3,541,4,2942,0,40
2333,21,3,542,3,2945,4,30
2334,21,3,543,3,2948,0,30
2335,21,3,544,2,2950,1,20
2336,21,3,545,6,2956,2,60
2337,21,3,546,3,2959,3,30
2338,21,3,547,5,2964,3,50
2339,21,3,548,5,2969,1,50
2340,21,3,549,9,2978,3,90
2341,21,3,550,5,2983,4,50
2342,21,3,551,9,2992,3,90
2343,21,3,552,7,2999,6,70
2344,21,3,553,8,3007,0,80
2345,21,3,554,8,3015,8,80
2346,21,3,555,5,3020,2,50
2347,21,3,556,3,3023,1,30
2348,21,3,557,6,3029,3,60
2349,21,3,558,2,3031,1,20
2350,21,3,559,9,3040,3,90
2351,21,3,560,3,3043,2,30
2352,21,3,561,3,3046,0,30
2353,21,3,562,9,3055,7,90
2354,21,3,563,3,3058,0,30
2355,21,3,564,8,3066,5,80
2356,21,3,565,4,3070,1,40
2357,21,3,566,5,3075,4,50
2358,21,3,567,2,3077,0,20
2359,21,3,568,8,3085,5,80
2360,21,3,569,2,3087,3,20
2361,21,3,570,8,3095,7,80
2362,21,3,571,9,3104,4,90
2363,21,3,572,6,3110,0,60
2364,21,3,573,8,3118,0,80
2365,21,3,574,9,3127,14,90
2366,21,3,575,3,3130,2,30
2367,21,3,576,8,3138,9,80
2368,21,3,577,3,3141,2,30
2369,21,3,578,5,3146,4,50
2370,21,3,579,3,3149,0,30
2371,21,3,580,7,3156,5,70
2372,21,3,581,5,3161,2,50
2373,21,3,582,7,3168,0,70
2374,21,3,583,8,3176,5,80
2375,21,3,584,6,3182,0,60
2376,21,3,585,9,3191,6,90
2377,21,3,586,4,3195,4,40
2378,21,3,587,7,3202,6,70
2379,21,3,588,2,3204,0,20
2380,21,3,589,2,3206,0,20
2381,21,3,590,4,3210,1,40
2382,21,3,591,2,3212,2,20
2383,21,3,592,3,3215,3,30
2384,21,3,593,6,3221,6,60
2385,21,3,594,8,3229,3,80
2386,21,3,595,5,3234,5,50
2387,21,3,596,7,3241,4,70
2388,21,3,597,2,3243,0,20
2389,21,3,598,7,3250,0,70
2390,21,3,599,7,3257,3,70
2391,21,3,600,6,3263,5,60
2392,21,3,601,3,3266,0,30
2393,21,3,602,7,3273,0,70
2394,21,3,603,8,3281,7,80
2395,21,3,604,5,3286,1,50
2396,21,3,605,6,3292,5,60
2397,21,3,606,3,3295,0,30
2398,21,3,607,6,3301,2,60
2399,21,3,608,4,3305,3,40
2400,21,3,609,7,3312,5,70
2401,21,3,610,6,3318,7,60
2402,21,3,611,3,3321,0,30
2403,21,3,612,7,3328,0,70
2404,21,3,613,3,3331,3,30
2405,21,3,614,6,3337,1,60
2406,21,3,615,5,3342,5,50
2407,21,3,616,6,3348,0,60
2408,21,3,617,9,3357,0,90
2409,21,3,618,6,3363,11,60
2410,21,3,619,4,3367,3,40
2411,21,3,620,7,3374,0,70
2412,21,3,621,7,3381,0,70
2413,21,3,622,5,3386,9,50
2414,21,3,623,5,3391,3,50
2415,21,3,624,9,3400,2,90
2416,21,3,625,9,3409,0,90
2417,21,3,626,7,3416,12,70
2418,21,3,627,6,3422,3,60
2419,21,3,628,5,3427,1,50
2420,21,3,629,6,3433,4,60
2421,21,3,630,5,3438,4,50
2422,21,3,631,4,3442,2,40
2423,21,3,632,6,3448,4,60
2424,21,3,633,9,3457,2,90
2425,21,3,634,9,3466,5,90
2426,21,3,635,9,3475,3,90
2427,21,3,636,8,3483,0,80
2428,21,3,637,2,3485,3,20
2429,21,3,638,5,3490,4,50
2430,21,3,639,2,3492,0,20
2431,21,3,640,9,3501,6,90
2432,21,3,641,9,3510,4,90
2433,21,3,642,9,3519,7,90
2434,21,3,643,9,3528,6,90
2435,21,3,644,2,3530,2,20
2436,21,3,645,6,3536,3,60
2437,21,3,646,8,3544,4,80
2438,21,3,647,5,3549,0,50
2439,21,3,648,5,3554,10,50
2440,21,3,649,8,3562,3,80
2441,21,3,650,3,3565,1,30
2442,21,3,651,6,3571,3,60
2443,21,3,652,6,3577,2,60
2444,21,3,653,3,3580,2,30
2445,21,3,654,8,3588,4,80
2446,21,3,655,3,3591,0,30
2447,21,3,656,5,3596,1,50
2448,21,3,657,8,3604,1,80
2449,21,3,658,9,3613,6,90
2450,21,3,659,8,3621,1,80
2451,21,3,660,4,3625,3,40
2452,21,3,661,8,3633,0,80
2453,21,3,662,5,3638,5,50
2454,21,3,663,3,3641,1,30
2455,21,3,664,3,3644,1,30
2456,21,3,665,4,3648,4,40
2457,21,3,666,2,3650,2,20
2458,21,3,667,2,3652,1,20
2459,21,3,668,9,3661,5,90
2460,21,3,669,7,3668,2,70
2461,21,3,670,5,3673,1,50
2462,21,3,671,3,3676,0,30
2463,21,3,672,7,3683,3,70
2464,21,3,673,3,3686,2,30
2465,21,3,674,6,3692,1,60
2466,21,3,675,9,3701,5,90
2467,21,3,676,8,3709,1,80
2468,21,3,677,3,3712,0,30
2469,21,3,678,4,3716,6,40
2470,21,3,679,2,3718,1,20
2471,21,3,680,9,3727,4,90
2472,21,3,681,8,3735,5,80
2473,21,3,682,9,3744,8,90
2474,21,3,683,6,3750,3,60
2475,21,3,684,3,3753,2,30
2476,21,3,685,8,3761,6,80
2477,21,3,686,7,3768,1,70
2478,21,3,687,2,3770,1,20
2479,21,3,688,7,3777,7,70
2480,21,3,689,5,3782,2,50
2481,21,3,690,2,3784,0,20
2482,21,3,691,2,3786,2,20
2483,21,3,692,7,3793,3,70
2484,21,3,693,9,3802,8,90
2485,21,3,694,5,3807,6,50
2486,21,3,695,6,3813,0,60
2487,21,3,696,8,3821,5,80
2488,21,3,697,6,3827,3,60
2489,21,3,698,3,3830,1,30
2490,21,3,699,6,3836,2,60
2491,21,3,700,4,3840,3,40
2492,21,3,701,7,3847,7,70
2493,21,3,702,4,3851,0,40
2494,21,3,703,8,3859,4,80
2495,21,3,704,8,3867,0,80
2496,21,3,705,8,3875,10,80
2497,21,3,706,5,3880,0,50
2498,21,3,707,6,3886,7,60
2499,21,3,708,2,3888,1,20
2500,21,3,709,9,3897,0,90
2501,21,3,710,4,3901,7,40
2502,21,3,711,7,3908,1,70
2503,21,3,712,9,3917,2,90
2504,21,3,713,7,3924,0,70
2505,21,3,714,5,3929,6,50
2506,21,3,715,3,3932,0,30
2507,21,3,716,4,3936,0,40
2508,21,3,717,5,3941,3,50
2509,21,3,718,5,3946,1,50
2510,21,3,719,6,3952,4,60
2511,21,3,720,5,3957,0,50
2512,21,3,721,5,3962,5,50
2513,21,3,722,8,3970,4,80
2514,21,3,723,6,3976,4,60
2515,21,3,724,4,3980,1,40
2516,21,3,725,2,3982,2,20
2517,21,3,726,6,3988,5,60
2518,21,3,727,5,3993,3,50
2519,21,3,728,3,3996,2,30
2520,21,3,729,7,4003,0,70
2521,21,3,730,3,4006,6,30
2522,21,3,731,6,4012,4,60
2523,21,3,732,5,4017,5,50
2524,21,3,733,4,4021,1,40
2525,21,3,734,5,4026,2,50
2526,21,3,735,5,4031,2,50
2527,21,3,736,3,4034,1,30
2528,21,3,737,3,4037,0,30
2529,21,3,738,7,4044,3,70
2530,21,3,739,2,4046,1,20
2531,21,3,740,2,4048,0,20
2532,21,3,741,4,4052,2,40
2533,21,3,742,5,4057,4,50
2534,21,3,743,3,4060,2,30
2535,21,3,744,9,4069,0,90
2536,21,3,745,3,4072,7,30
2537,21,3,746,8,4080,5,80
2538,21,3,747,3,4083,3,30
2539,21,3,748,7,4090,4,70
2540,21,3,749,6,4096,3,60
2541,21,3,750,4,4100,4,40
2542,21,3,751,9,4109,5,90
2543,21,3,752,4,4113,2,40
2544,21,3,753,9,4122,5,90
2545,21,3,754,6,4128,4,60
2546,21,3,755,7,4135,6,70
2547,21,3,756,5,4140,4,50
2548,21,3,757,3,4143,3,30
2549,21,3,758,2,4145,2,20
2550,21,3,759,9,4154,8,90
2551,21,3,760,5,4159,3,50
2552,21,3,761,4,4163,3,40
2553,21,3,762,5,4168,3,50
2554,21,3,763,6,4174,0,60
2555,21,3,764,6,4180,4,60
2556,21,3,765,2,4182,1,20
2557,21,3,766,2,4184,0,20
2558,21,3,767,5,4189,3,50
2559,21,3,768,4,4193,1,40
2560,21,3,769,4,4197,2,40
2561,21,3,770,5,4202,2,50
2562,21,3,771,5,4207,4,50
2563,21,3,772,2,4209,2,20
2564,21,3,773,5,4214,4,50
2565,21,3,774,8,4222,4,80
2566,21,3,775,7,4229,3,70
2567,21,3,776,5,4234,3,50
2568,21,3,777,8,4242,5,80
2569,21,3,778,2,4244,1,20
2570,21,3,779,2,4246,4,20
2571,21,3,780,6,4252,1,60
2572,21,3,781,7,4259,4,70
2573,21,3,782,6,4265,2,60
2574,21,3,783,7,4272,1,70
2575,21,3,784,3,4275,1,30
2576,21,3,785,6,4281,1,60
2577,21,3,786,7,4288,2,70
2578,21,3,787,3,4291,1,30
2579,21,3,788,9,4300,5,90
2580,21,3,789,2,4302,2,20
2581,21,3,790,8,4310,3,80
2582,21,3,791,5,4315,7,50
2583,21,3,792,3,4318,2,30
2584,21,3,793,2,4320,0,20
2585,21,3,794,5,4325,2,50
2586,21,3,795,2,4327,1,20
2587,21,3,796,2,4329,1,20
2588,21,3,797,2,4331,0,20
2589,21,3,798,2,4333,1,20
2590,21,3,799,4,4337,1,40
2591,21,3,800,5,4342,4,50
2592,21,3,801,8,4350,0,80
2593,21,3,802,7,4357,7,70
2594,21,3,803,4,4361,1,40
2595,21,3,804,5,4366,4,50
2596,21,3,805,3,4369,2,30
2597,21,3,806,9,4378,6,90
2598,21,3,807,8,4386,3,80
2599,21,3,808,8,4394,7,80
2600,21,3,809,9,4403,5,90
2601,21,3,810,7,4410,6,70
2602,21,3,811,5,4415,4,50
2603,21,3,812,2,4417,3,20
2604,21,3,813,4,4421,0,40
2605,21,3,814,3,4424,1,30
2606,21,3,815,2,4426,1,20
2607,21,3,816,8,4434,2,80
2608,21,3,817,7,4441,5,70
2609,21,3,818,7,4448,1,70
2610,21,3,819,6,4454,7,60
2611,21,3,820,6,4460,7,60
2612,21,3,821,8,4468,4,80
2613,21,3,822,6,4474,2,60
2614,21,3,823,8,4482,1,80
2615,21,3,824,6,4488,3,60
2616,21,3,825,2,4490,0,20
2617,21,3,826,6,4496,2,60
2618,21,3,827,7,4503,4,70
2619,21,3,828,6,4509,0,60
2620,21,3,829,2,4511,3,20
2621,21,3,830,7,4518,4,70
2622,21,3,831,9,4527,5,90
2623,21,3,832,4,4531,1,40
2624,21,3,833,2,4533,0,20
2625,21,3,834,2,4535,2,20
2626,21,3,835,5,4540,1,50
2627,21,3,836,6,4546,3,60
2628,21,3,837,9,4555,7,90
2629,21,3,838,7,4562,4,70
2630,21,3,839,2,4564,1,20
2631,21,3,840,4,4568,1,40
2632,21,3,841,6,4574,6,60
2633,21,3,842,8,4582,0,80
2634,21,3,843,4,4586,4,40
2635,21,3,844,4,4590,0,40
2636,21,3,845,6,4596,4,60
2637,21,3,846,6,4602,3,60
2638,21,3,847,4,4606,3,40
2639,21,3,848,4,4610,3,40
2640,21,3,849,6,4616,2,60
2641,21,3,850,9,4625,1,90
2642,21,3,851,6,4631,5,60
2643,21,3,852,5,4636,7,50
2644,21,3,853,2,4638,4,20
2645,21,3,854,2,4640,0,20
2646,21,3,855,2,4642,0,20
2647,21,3,856,4,4646,5,40
2648,21,3,857,4,4650,0,40
2649,21,3,858,5,4655,1,50
2650,21,3,859,7,4662,2,70
2651,21,3,860,9,4671,3,90
2652,21,3,861,5,4676,1,50
2653,21,3,862,3,4679,3,30
2654,21,3,863,6,4685,2,60
2655,21,3,864,2,4687,2,20
2656,21,3,865,2,4689,1,20
2657,21,3,866,5,4694,1,50
2658,21,3,867,4,4698,5,40
2659,21,3,868,6,4704,2,60
2660,21,3,869,8,4712,2,80
2661,21,3,870,7,4719,3,70
2662,21,3,871,6,4725,0,60
2663,21,3,872,3,4728,0,30
2664,21,3,873,5,4733,6,50
2665,21,3,874,7,4740,7,70
2666,21,3,875,2,4742,1,20
2667,21,3,876,9,4751,3,90
2668,21,3,877,3,4754,1,30
2669,21,3,878,8,4762,5,80
2670,21,3,879,5,4767,1,50
2671,21,3,880,9,4776,4,90
2672,21,3,881,2,4778,0,20
2673,21,3,882,6,4784,3,60
2674,21,3,883,7,4791,2,70
2675,21,3,884,8,4799,2,80
2676,21,3,885,8,4807,7,80
2677,21,3,886,9,4816,3,90
2678,21,3,887,4,4820,4,40
2679,21,3,888,7,4827,5,70
2680,21,3,889,4,4831,1,40
2681,21,3,890,6,4837,1,60
2682,21,3,891,9,4846,0,90
2683,21,3,892,4,4850,0,40
2684,21,3,893,6,4856,6,60
2685,21,3,894,6,4862,2,60
2686,21,3,895,9,4871,6,90
2687,21,3,896,2,4873,0,20
2688,21,3,897,3,4876,2,30
2689,21,3,898,3,4879,1,30
2690,21,3,899,8,4887,5,80
2691,21,3,900,6,4893,3,60
2692,21,3,901,6,4899,1,60
2693,21,3,902,7,4906,4,70
2694,21,3,903,2,4908,3,20
2695,21,3,904,2,4910,1,20
2696,21,3,905,7,4917,8,70
2697,21,3,906,6,4923,2,60
2698,21,3,907,8,4931,4,80
2699,21,3,908,7,4938,1,70
2700,21,3,909,7,4945,2,70
2701,21,3,910,9,4954,8,90
2702,21,3,911,4,4958,3,40
2703,21,3,912,2,4960,0,20
2704,21,3,913,9,4969,5,90
2705,21,3,914,7,4976,3,70
2706,21,3,915,2,4978,2,20
2707,21,3,916,3,4981,0,30
2708,21,3,917,2,4983,1,20
2709,21,3,918,2,4985,1,20
2710,21,3,919,9,4994,5,90
2711,21,3,920,3,4997,4,30
