,Scenario,Trial,Inspection,Interval,Time,Defects,Rate
0,76,1,1,7,7,2,70
1,76,1,2,4,11,5,40
2,76,1,3,2,13,1,20
3,76,1,4,2,15,1,20
4,76,1,5,3,18,2,30
5,76,1,6,8,26,4,80
6,76,1,7,4,30,2,40
7,76,1,8,8,38,5,80
8,76,1,9,7,45,3,70
9,76,1,10,5,50,4,50
10,76,1,11,8,58,2,80
11,76,1,12,3,61,1,30
12,76,1,13,2,63,0,20
13,76,1,14,7,70,7,70
14,76,1,15,2,72,4,20
15,76,1,16,3,75,2,30
16,76,1,17,9,84,4,90
17,76,1,18,9,93,0,90
18,76,1,19,7,100,5,70
19,76,1,20,3,103,1,30
20,76,1,21,4,107,2,40
21,76,1,22,6,113,0,60
22,76,1,23,7,120,9,70
23,76,1,24,4,124,1,40
24,76,1,25,3,127,3,30
25,76,1,26,4,131,5,40
26,76,1,27,2,133,3,20
27,76,1,28,7,140,7,70
28,76,1,29,6,146,5,60
29,76,1,30,2,148,2,20
30,76,1,31,9,157,6,90
31,76,1,32,4,161,2,40
32,76,1,33,7,168,5,70
33,76,1,34,2,170,1,20
34,76,1,35,5,175,0,50
35,76,1,36,9,184,0,90
36,76,1,37,8,192,15,80
37,76,1,38,2,194,0,20
38,76,1,39,3,197,0,30
39,76,1,40,4,201,3,40
40,76,1,41,7,208,1,70
41,76,1,42,5,213,2,50
42,76,1,43,8,221,3,80
43,76,1,44,9,230,5,90
44,76,1,45,9,239,5,90
45,76,1,46,3,242,0,30
46,76,1,47,3,245,0,30
47,76,1,48,4,249,1,40
48,76,1,49,7,256,0,70
49,76,1,50,9,265,8,90
50,76,1,51,7,272,2,70
51,76,1,52,9,281,5,90
52,76,1,53,3,284,1,30
53,76,1,54,8,292,0,80
54,76,1,55,5,297,7,50
55,76,1,56,5,302,3,50
56,76,1,57,5,307,2,50
57,76,1,58,4,311,2,40
58,76,1,59,7,318,1,70
59,76,1,60,7,325,5,70
60,76,1,61,3,328,0,30
61,76,1,62,2,330,0,20
62,76,1,63,9,339,8,90
63,76,1,64,3,342,0,30
64,76,1,65,4,346,4,40
65,76,1,66,6,352,4,60
66,76,1,67,4,356,0,40
67,76,1,68,5,361,7,50
68,76,1,69,9,370,2,90
69,76,1,70,8,378,4,80
70,76,1,71,9,387,0,90
71,76,1,72,8,395,5,80
72,76,1,73,7,402,4,70
73,76,1,74,3,405,0,30
74,76,1,75,2,407,1,20
75,76,1,76,6,413,2,60
76,76,1,77,6,419,1,60
77,76,1,78,8,427,0,80
78,76,1,79,8,435,7,80
79,76,1,80,8,443,5,80
80,76,1,81,3,446,3,30
81,76,1,82,4,450,2,40
82,76,1,83,6,456,6,60
83,76,1,84,7,463,4,70
84,76,1,85,7,470,1,70
85,76,1,86,5,475,0,50
86,76,1,87,2,477,2,20
87,76,1,88,2,479,2,20
88,76,1,89,8,487,2,80
89,76,1,90,8,495,2,80
90,76,1,91,2,497,0,20
91,76,1,92,4,501,4,40
92,76,1,93,2,503,0,20
93,76,1,94,9,512,0,90
94,76,1,95,5,517,8,50
95,76,1,96,3,520,2,30
96,76,1,97,7,527,3,70
97,76,1,98,3,530,0,30
98,76,1,99,8,538,0,80
99,76,1,100,6,544,10,60
100,76,1,101,6,550,5,60
101,76,1,102,2,552,2,20
102,76,1,103,5,557,0,50
103,76,1,104,9,566,4,90
104,76,1,105,9,575,4,90
105,76,1,106,3,578,0,30
106,76,1,107,8,586,0,80
107,76,1,108,6,592,6,60
108,76,1,109,9,601,2,90
109,76,1,110,3,604,0,30
110,76,1,111,7,611,3,70
111,76,1,112,6,617,2,60
112,76,1,113,4,621,1,40
113,76,1,114,8,629,2,80
114,76,1,115,5,634,5,50
115,76,1,116,2,636,1,20
116,76,1,117,7,643,6,70
117,76,1,118,6,649,1,60
118,76,1,119,8,657,2,80
119,76,1,120,6,663,0,60
120,76,1,121,8,671,0,80
121,76,1,122,3,674,8,30
122,76,1,123,8,682,4,80
123,76,1,124,3,685,1,30
124,76,1,125,5,690,2,50
125,76,1,126,5,695,0,50
126,76,1,127,7,702,5,70
127,76,1,128,4,706,0,40
128,76,1,129,3,709,3,30
129,76,1,130,4,713,2,40
130,76,1,131,3,716,1,30
131,76,1,132,4,720,0,40
132,76,1,133,7,727,2,70
133,76,1,134,4,731,2,40
134,76,1,135,6,737,0,60
135,76,1,136,6,743,8,60
136,76,1,137,9,752,4,90
137,76,1,138,6,758,0,60
138,76,1,139,3,761,1,30
139,76,1,140,2,763,0,20
140,76,1,141,8,771,3,80
141,76,1,142,9,780,0,90
142,76,1,143,3,783,6,30
143,76,1,144,3,786,0,30
144,76,1,145,4,790,0,40
145,76,1,146,6,796,3,60
146,76,1,147,5,801,3,50
147,76,1,148,3,804,0,30
148,76,1,149,3,807,1,30
149,76,1,150,7,814,2,70
150,76,1,151,3,817,1,30
151,76,1,152,7,824,6,70
152,76,1,153,9,833,4,90
153,76,1,154,9,842,3,90
154,76,1,155,7,849,0,70
155,76,1,156,7,856,7,70
156,76,1,157,4,860,1,40
157,76,1,158,9,869,0,90
158,76,1,159,6,875,6,60
159,76,1,160,2,877,0,20
160,76,1,161,7,884,4,70
161,76,1,162,2,886,1,20
162,76,1,163,2,888,0,20
163,76,1,164,2,890,2,20
164,76,1,165,4,894,1,40
165,76,1,166,5,899,2,50
166,76,1,167,7,906,0,70
167,76,1,168,8,914,5,80
168,76,1,169,9,923,0,90
169,76,1,170,4,927,9,40
170,76,1,171,7,934,0,70
171,76,1,172,9,943,9,90
172,76,1,173,2,945,3,20
173,76,1,174,8,953,3,80
174,76,1,175,2,955,0,20
175,76,1,176,8,963,0,80
176,76,1,177,4,967,2,40
177,76,1,178,2,969,0,20
178,76,1,179,7,976,6,70
179,76,1,180,5,981,3,50
180,76,1,181,9,990,4,90
181,76,1,182,6,996,4,60
182,76,1,183,2,998,1,20
183,76,1,184,6,1004,3,60
184,76,1,185,5,1009,3,50
185,76,1,186,6,1015,4,60
186,76,1,187,7,1022,3,70
187,76,1,188,9,1031,7,90
188,76,1,189,9,1040,9,90
189,76,1,190,2,1042,0,20
190,76,1,191,8,1050,6,80
191,76,1,192,9,1059,6,90
192,76,1,193,7,1066,4,70
193,76,1,194,7,1073,1,70
194,76,1,195,3,1076,0,30
195,76,1,196,9,1085,6,90
196,76,1,197,3,1088,2,30
197,76,1,198,9,1097,3,90
198,76,1,199,6,1103,3,60
199,76,1,200,7,1110,5,70
200,76,1,201,3,1113,0,30
201,76,1,202,9,1122,1,90
202,76,1,203,6,1128,2,60
203,76,1,204,7,1135,3,70
204,76,1,205,3,1138,0,30
205,76,1,206,7,1145,5,70
206,76,1,207,5,1150,2,50
207,76,1,208,2,1152,0,20
208,76,1,209,5,1157,2,50
209,76,1,210,9,1166,4,90
210,76,1,211,2,1168,2,20
211,76,1,212,9,1177,7,90
212,76,1,213,7,1184,6,70
213,76,1,214,9,1193,0,90
214,76,1,215,5,1198,9,50
215,76,1,216,9,1207,7,90
216,76,1,217,9,1216,6,90
217,76,1,218,4,1220,3,40
218,76,1,219,3,1223,1,30
219,76,1,220,6,1229,2,60
220,76,1,221,5,1234,4,50
221,76,1,222,7,1241,5,70
222,76,1,223,5,1246,2,50
223,76,1,224,9,1255,7,90
224,76,1,225,5,1260,0,50
225,76,1,226,4,1264,2,40
226,76,1,227,8,1272,3,80
227,76,1,228,3,1275,2,30
228,76,1,229,2,1277,0,20
229,76,1,230,6,1283,4,60
230,76,1,231,2,1285,0,20
231,76,1,232,2,1287,1,20
232,76,1,233,6,1293,0,60
233,76,1,234,2,1295,4,20
234,76,1,235,3,1298,2,30
235,76,1,236,9,1307,5,90
236,76,1,237,9,1316,0,90
237,76,1,238,7,1323,7,70
238,76,1,239,2,1325,0,20
239,76,1,240,9,1334,9,90
240,76,1,241,8,1342,2,80
241,76,1,242,7,1349,4,70
242,76,1,243,6,1355,7,60
243,76,1,244,9,1364,7,90
244,76,1,245,4,1368,4,40
245,76,1,246,4,1372,2,40
246,76,1,247,8,1380,0,80
247,76,1,248,7,1387,10,70
248,76,1,249,3,1390,3,30
249,76,1,250,3,1393,1,30
250,76,1,251,4,1397,2,40
251,76,1,252,9,1406,2,90
252,76,1,253,6,1412,1,60
253,76,1,254,2,1414,0,20
254,76,1,255,7,1421,4,70
255,76,1,256,6,1427,1,60
256,76,1,257,6,1433,0,60
257,76,1,258,4,1437,0,40
258,76,1,259,4,1441,0,40
259,76,1,260,4,1445,0,40
260,76,1,261,5,1450,11,50
261,76,1,262,3,1453,0,30
262,76,1,263,9,1462,3,90
263,76,1,264,8,1470,4,80
264,76,1,265,4,1474,0,40
265,76,1,266,6,1480,9,60
266,76,1,267,9,1489,5,90
267,76,1,268,3,1492,0,30
268,76,1,269,9,1501,5,90
269,76,1,270,9,1510,6,90
270,76,1,271,6,1516,3,60
271,76,1,272,8,1524,3,80
272,76,1,273,3,1527,1,30
273,76,1,274,2,1529,0,20
274,76,1,275,4,1533,4,40
275,76,1,276,9,1542,5,90
276,76,1,277,3,1545,2,30
277,76,1,278,7,1552,4,70
278,76,1,279,6,1558,0,60
279,76,1,280,2,1560,5,20
280,76,1,281,7,1567,5,70
281,76,1,282,6,1573,3,60
282,76,1,283,4,1577,5,40
283,76,1,284,9,1586,4,90
284,76,1,285,8,1594,4,80
285,76,1,286,5,1599,0,50
286,76,1,287,8,1607,4,80
287,76,1,288,4,1611,2,40
288,76,1,289,7,1618,6,70
289,76,1,290,4,1622,0,40
290,76,1,291,3,1625,1,30
291,76,1,292,2,1627,0,20
292,76,1,293,8,1635,1,80
293,76,1,294,6,1641,4,60
294,76,1,295,7,1648,0,70
295,76,1,296,5,1653,5,50
296,76,1,297,8,1661,4,80
297,76,1,298,2,1663,0,20
298,76,1,299,8,1671,0,80
299,76,1,300,2,1673,6,20
300,76,1,301,9,1682,3,90
301,76,1,302,6,1688,0,60
302,76,1,303,7,1695,9,70
303,76,1,304,4,1699,0,40
304,76,1,305,4,1703,4,40
305,76,1,306,7,1710,6,70
306,76,1,307,2,1712,1,20
307,76,1,308,3,1715,5,30
308,76,1,309,9,1724,6,90
309,76,1,310,4,1728,0,40
310,76,1,311,3,1731,0,30
311,76,1,312,3,1734,5,30
312,76,1,313,9,1743,4,90
313,76,1,314,7,1750,2,70
314,76,1,315,9,1759,4,90
315,76,1,316,5,1764,3,50
316,76,1,317,6,1770,5,60
317,76,1,318,4,1774,4,40
318,76,1,319,4,1778,1,40
319,76,1,320,7,1785,4,70
320,76,1,321,8,1793,7,80
321,76,1,322,3,1796,2,30
322,76,1,323,5,1801,0,50
323,76,1,324,4,1805,0,40
324,76,1,325,5,1810,5,50
325,76,1,326,2,1812,0,20
326,76,1,327,8,1820,3,80
327,76,1,328,6,1826,3,60
328,76,1,329,2,1828,0,20
329,76,1,330,5,1833,2,50
330,76,1,331,9,1842,0,90
331,76,1,332,9,1851,8,90
332,76,1,333,6,1857,0,60
333,76,1,334,9,1866,0,90
334,76,1,335,8,1874,10,80
335,76,1,336,3,1877,1,30
336,76,1,337,4,1881,4,40
337,76,1,338,6,1887,0,60
338,76,1,339,8,1895,0,80
339,76,1,340,8,1903,8,80
340,76,1,341,9,1912,0,90
341,76,1,342,6,1918,14,60
342,76,1,343,8,1926,4,80
343,76,1,344,4,1930,2,40
344,76,1,345,9,1939,5,90
345,76,1,346,2,1941,1,20
346,76,1,347,5,1946,2,50
347,76,1,348,4,1950,0,40
348,76,1,349,3,1953,5,30
349,76,1,350,8,1961,0,80
350,76,1,351,8,1969,8,80
351,76,1,352,2,1971,1,20
352,76,1,353,9,1980,6,90
353,76,1,354,8,1988,7,80
354,76,1,355,4,1992,2,40
355,76,1,356,5,1997,3,50
356,76,1,357,6,2003,5,60
357,76,1,358,3,2006,5,30
358,76,1,359,9,2015,4,90
359,76,1,360,4,2019,1,40
360,76,1,361,8,2027,4,80
361,76,1,362,7,2034,2,70
362,76,1,363,7,2041,2,70
363,76,1,364,8,2049,0,80
364,76,1,365,8,2057,9,80
365,76,1,366,9,2066,0,90
366,76,1,367,2,2068,3,20
367,76,1,368,8,2076,2,80
368,76,1,369,2,2078,1,20
369,76,1,370,4,2082,1,40
370,76,1,371,4,2086,3,40
371,76,1,372,3,2089,3,30
372,76,1,373,5,2094,5,50
373,76,1,374,3,2097,0,30
374,76,1,375,4,2101,3,40
375,76,1,376,6,2107,3,60
376,76,1,377,3,2110,2,30
377,76,1,378,2,2112,1,20
378,76,1,379,6,2118,0,60
379,76,1,380,2,2120,4,20
380,76,1,381,9,2129,0,90
381,76,1,382,8,2137,9,80
382,76,1,383,3,2140,0,30
383,76,1,384,6,2146,0,60
384,76,1,385,3,2149,5,30
385,76,1,386,6,2155,5,60
386,76,1,387,4,2159,2,40
387,76,1,388,7,2166,2,70
388,76,1,389,8,2174,3,80
389,76,1,390,2,2176,0,20
390,76,1,391,9,2185,0,90
391,76,1,392,3,2188,5,30
392,76,1,393,6,2194,0,60
393,76,1,394,5,2199,5,50
394,76,1,395,3,2202,0,30
395,76,1,396,7,2209,5,70
396,76,1,397,8,2217,7,80
397,76,1,398,2,2219,2,20
398,76,1,399,4,2223,0,40
399,76,1,400,2,2225,4,20
400,76,1,401,3,2228,0,30
401,76,1,402,6,2234,2,60
402,76,1,403,2,2236,0,20
403,76,1,404,3,2239,0,30
404,76,1,405,7,2246,4,70
405,76,1,406,8,2254,2,80
406,76,1,407,6,2260,10,60
407,76,1,408,3,2263,1,30
408,76,1,409,4,2267,2,40
409,76,1,410,9,2276,0,90
410,76,1,411,9,2285,12,90
411,76,1,412,4,2289,0,40
412,76,1,413,8,2297,6,80
413,76,1,414,7,2304,4,70
414,76,1,415,2,2306,1,20
415,76,1,416,5,2311,7,50
416,76,1,417,8,2319,3,80
417,76,1,418,6,2325,6,60
418,76,1,419,5,2330,5,50
419,76,1,420,8,2338,3,80
420,76,1,421,5,2343,4,50
421,76,1,422,5,2348,0,50
422,76,1,423,2,2350,3,20
423,76,1,424,5,2355,2,50
424,76,1,425,5,2360,3,50
425,76,1,426,3,2363,3,30
426,76,1,427,6,2369,2,60
427,76,1,428,2,2371,1,20
428,76,1,429,8,2379,4,80
429,76,1,430,9,2388,2,90
430,76,1,431,4,2392,1,40
431,76,1,432,6,2398,1,60
432,76,1,433,9,2407,3,90
433,76,1,434,3,2410,1,30
434,76,1,435,9,2419,3,90
435,76,1,436,4,2423,3,40
436,76,1,437,6,2429,2,60
437,76,1,438,7,2436,2,70
438,76,1,439,3,2439,1,30
439,76,1,440,8,2447,0,80
440,76,1,441,2,2449,4,20
441,76,1,442,6,2455,0,60
442,76,1,443,9,2464,3,90
443,76,1,444,9,2473,3,90
444,76,1,445,7,2480,3,70
445,76,1,446,7,2487,2,70
446,76,1,447,5,2492,4,50
447,76,1,448,8,2500,5,80
448,76,1,449,5,2505,0,50
449,76,1,450,5,2510,2,50
450,76,1,451,4,2514,0,40
451,76,1,452,4,2518,4,40
452,76,1,453,9,2527,7,90
453,76,1,454,9,2536,4,90
454,76,1,455,8,2544,4,80
455,76,1,456,5,2549,0,50
456,76,1,457,5,2554,10,50
457,76,1,458,3,2557,0,30
458,76,1,459,9,2566,1,90
459,76,1,460,4,2570,2,40
460,76,1,461,2,2572,0,20
461,76,1,462,6,2578,1,60
462,76,1,463,8,2586,2,80
463,76,1,464,2,2588,2,20
464,76,1,465,8,2596,0,80
465,76,1,466,7,2603,10,70
466,76,1,467,6,2609,5,60
467,76,1,468,2,2611,1,20
468,76,1,469,6,2617,2,60
469,76,1,470,5,2622,5,50
470,76,1,471,6,2628,5,60
471,76,1,472,6,2634,1,60
472,76,1,473,4,2638,0,40
473,76,1,474,7,2645,1,70
474,76,1,475,3,2648,0,30
475,76,1,476,4,2652,3,40
476,76,1,477,4,2656,0,40
477,76,1,478,2,2658,0,20
478,76,1,479,8,2666,9,80
479,76,1,480,2,2668,1,20
480,76,1,481,4,2672,0,40
481,76,1,482,9,2681,0,90
482,76,1,483,6,2687,6,60
483,76,1,484,6,2693,3,60
484,76,1,485,3,2696,0,30
485,76,1,486,8,2704,0,80
486,76,1,487,3,2707,7,30
487,76,1,488,4,2711,0,40
488,76,1,489,3,2714,4,30
489,76,1,490,9,2723,4,90
490,76,1,491,5,2728,5,50
491,76,1,492,5,2733,3,50
492,76,1,493,6,2739,1,60
493,76,1,494,8,2747,3,80
494,76,1,495,8,2755,5,80
495,76,1,496,4,2759,3,40
496,76,1,497,6,2765,0,60
497,76,1,498,4,2769,6,40
498,76,1,499,5,2774,0,50
499,76,1,500,6,2780,5,60
500,76,1,501,2,2782,1,20
501,76,1,502,3,2785,0,30
502,76,1,503,8,2793,4,80
503,76,1,504,6,2799,2,60
504,76,1,505,5,2804,3,50
505,76,1,506,2,2806,0,20
506,76,1,507,9,2815,0,90
507,76,1,508,7,2822,5,70
508,76,1,509,7,2829,3,70
509,76,1,510,4,2833,0,40
510,76,1,511,8,2841,1,80
511,76,1,512,8,2849,5,80
512,76,1,513,2,2851,1,20
513,76,1,514,8,2859,4,80
514,76,1,515,3,2862,2,30
515,76,1,516,2,2864,1,20
516,76,1,517,6,2870,4,60
517,76,1,518,2,2872,0,20
518,76,1,519,3,2875,2,30
519,76,1,520,3,2878,1,30
520,76,1,521,9,2887,5,90
521,76,1,522,9,2896,6,90
522,76,1,523,3,2899,1,30
523,76,1,524,7,2906,2,70
524,76,1,525,4,2910,0,40
525,76,1,526,9,2919,0,90
526,76,1,527,7,2926,8,70
527,76,1,528,3,2929,1,30
528,76,1,529,8,2937,0,80
529,76,1,530,6,2943,7,60
530,76,1,531,6,2949,6,60
531,76,1,532,9,2958,0,90
532,76,1,533,3,2961,7,30
533,76,1,534,6,2967,2,60
534,76,1,535,3,2970,0,30
535,76,1,536,3,2973,3,30
536,76,1,537,8,2981,4,80
537,76,1,538,4,2985,4,40
538,76,1,539,6,2991,5,60
539,76,1,540,2,2993,1,20
540,76,1,541,9,3002,8,90
541,76,1,542,9,3011,4,90
542,76,1,543,9,3020,0,90
543,76,1,544,5,3025,8,50
544,76,1,545,7,3032,4,70
545,76,1,546,8,3040,0,80
546,76,1,547,6,3046,6,60
547,76,1,548,8,3054,0,80
548,76,1,549,7,3061,6,70
549,76,1,550,2,3063,0,20
550,76,1,551,2,3065,0,20
551,76,1,552,2,3067,2,20
552,76,1,553,9,3076,0,90
553,76,1,554,6,3082,7,60
554,76,1,555,9,3091,6,90
555,76,1,556,9,3100,5,90
556,76,1,557,5,3105,1,50
557,76,1,558,7,3112,5,70
558,76,1,559,5,3117,0,50
559,76,1,560,4,3121,3,40
560,76,1,561,6,3127,5,60
561,76,1,562,2,3129,0,20
562,76,1,563,5,3134,3,50
563,76,1,564,3,3137,4,30
564,76,1,565,8,3145,0,80
565,76,1,566,4,3149,4,40
566,76,1,567,4,3153,1,40
567,76,1,568,6,3159,1,60
568,76,1,569,5,3164,0,50
569,76,1,570,3,3167,3,30
570,76,1,571,5,3172,5,50
571,76,1,572,7,3179,4,70
572,76,1,573,8,3187,0,80
573,76,1,574,5,3192,0,50
574,76,1,575,8,3200,10,80
575,76,1,576,8,3208,6,80
576,76,1,577,7,3215,4,70
577,76,1,578,6,3221,2,60
578,76,1,579,7,3228,3,70
579,76,1,580,6,3234,0,60
580,76,1,581,9,3243,4,90
581,76,1,582,7,3250,1,70
582,76,1,583,7,3257,3,70
583,76,1,584,8,3265,7,80
584,76,1,585,9,3274,8,90
585,76,1,586,4,3278,3,40
586,76,1,587,7,3285,2,70
587,76,1,588,6,3291,4,60
588,76,1,589,5,3296,0,50
589,76,1,590,6,3302,2,60
590,76,1,591,5,3307,3,50
591,76,1,592,7,3314,0,70
592,76,1,593,3,3317,5,30
593,76,1,594,6,3323,3,60
594,76,1,595,3,3326,2,30
595,76,1,596,7,3333,2,70
596,76,1,597,5,3338,0,50
597,76,1,598,8,3346,7,80
598,76,1,599,3,3349,0,30
599,76,1,600,2,3351,0,20
600,76,1,601,6,3357,6,60
601,76,1,602,9,3366,0,90
602,76,1,603,4,3370,4,40
603,76,1,604,8,3378,1,80
604,76,1,605,8,3386,4,80
605,76,1,606,4,3390,2,40
606,76,1,607,9,3399,5,90
607,76,1,608,2,3401,1,20
608,76,1,609,2,3403,1,20
609,76,1,610,5,3408,0,50
610,76,1,611,2,3410,5,20
611,76,1,612,4,3414,0,40
612,76,1,613,8,3422,0,80
613,76,1,614,4,3426,11,40
614,76,1,615,2,3428,0,20
615,76,1,616,7,3435,3,70
616,76,1,617,8,3443,3,80
617,76,1,618,6,3449,0,60
618,76,1,619,2,3451,3,20
619,76,1,620,8,3459,0,80
620,76,1,621,4,3463,0,40
621,76,1,622,6,3469,7,60
622,76,1,623,2,3471,0,20
623,76,1,624,9,3480,3,90
624,76,1,625,8,3488,0,80
625,76,1,626,2,3490,0,20
626,76,1,627,5,3495,0,50
627,76,1,628,7,3502,9,70
628,76,1,629,9,3511,3,90
629,76,1,630,9,3520,9,90
630,76,1,631,8,3528,1,80
631,76,1,632,7,3535,0,70
632,76,1,633,6,3541,7,60
633,76,1,634,2,3543,0,20
634,76,1,635,6,3549,2,60
635,76,1,636,5,3554,2,50
636,76,1,637,8,3562,7,80
637,76,1,638,4,3566,3,40
638,76,1,639,7,3573,6,70
639,76,1,640,3,3576,0,30
640,76,1,641,3,3579,1,30
641,76,1,642,7,3586,0,70
642,76,1,643,7,3593,14,70
643,76,1,644,4,3597,4,40
644,76,1,645,3,3600,1,30
645,76,1,646,7,3607,0,70
646,76,1,647,5,3612,0,50
647,76,1,648,6,3618,0,60
648,76,1,649,2,3620,11,20
649,76,1,650,4,3624,2,40
650,76,1,651,7,3631,2,70
651,76,1,652,9,3640,5,90
652,76,1,653,8,3648,9,80
653,76,1,654,3,3651,2,30
654,76,1,655,2,3653,3,20
655,76,1,656,4,3657,4,40
656,76,1,657,5,3662,0,50
657,76,1,658,3,3665,2,30
658,76,1,659,3,3668,4,30
659,76,1,660,6,3674,0,60
660,76,1,661,5,3679,0,50
661,76,1,662,6,3685,10,60
662,76,1,663,7,3692,0,70
663,76,1,664,7,3699,7,70
664,76,1,665,6,3705,0,60
665,76,1,666,9,3714,5,90
666,76,1,667,3,3717,1,30
667,76,1,668,7,3724,5,70
668,76,1,669,3,3727,2,30
669,76,1,670,2,3729,0,20
670,76,1,671,2,3731,0,20
671,76,1,672,7,3738,5,70
672,76,1,673,2,3740,1,20
673,76,1,674,4,3744,3,40
674,76,1,675,3,3747,2,30
675,76,1,676,9,3756,7,90
676,76,1,677,7,3763,0,70
677,76,1,678,6,3769,0,60
678,76,1,679,9,3778,15,90
679,76,1,680,9,3787,4,90
680,76,1,681,6,3793,4,60
681,76,1,682,9,3802,7,90
682,76,1,683,8,3810,4,80
683,76,1,684,7,3817,3,70
684,76,1,685,7,3824,0,70
685,76,1,686,3,3827,4,30
686,76,1,687,3,3830,2,30
687,76,1,688,9,3839,5,90
688,76,1,689,8,3847,7,80
689,76,1,690,7,3854,3,70
690,76,1,691,9,3863,0,90
691,76,1,692,2,3865,6,20
692,76,1,693,5,3870,4,50
693,76,1,694,8,3878,8,80
694,76,1,695,3,3881,2,30
695,76,1,696,7,3888,0,70
696,76,1,697,8,3896,3,80
697,76,1,698,6,3902,3,60
698,76,1,699,4,3906,2,40
699,76,1,700,8,3914,0,80
700,76,1,701,3,3917,5,30
701,76,1,702,7,3924,10,70
702,76,1,703,9,3933,1,90
703,76,1,704,8,3941,3,80
704,76,1,705,5,3946,6,50
705,76,1,706,6,3952,2,60
706,76,1,707,8,3960,2,80
707,76,1,708,8,3968,4,80
708,76,1,709,5,3973,0,50
709,76,1,710,9,3982,4,90
710,76,1,711,7,3989,2,70
711,76,1,712,4,3993,1,40
712,76,1,713,3,3996,1,30
713,76,1,714,7,4003,8,70
714,76,1,715,8,4011,0,80
715,76,1,716,5,4016,0,50
716,76,1,717,3,4019,6,30
717,76,1,718,5,4024,4,50
718,76,1,719,5,4029,3,50
719,76,1,720,9,4038,7,90
720,76,1,721,5,4043,0,50
721,76,1,722,8,4051,7,80
722,76,1,723,8,4059,1,80
723,76,1,724,6,4065,1,60
724,76,1,725,5,4070,0,50
725,76,1,726,4,4074,3,40
726,76,1,727,9,4083,8,90
727,76,1,728,7,4090,4,70
728,76,1,729,6,4096,3,60
729,76,1,730,7,4103,4,70
730,76,1,731,4,4107,0,40
731,76,1,732,7,4114,3,70
732,76,1,733,7,4121,1,70
733,76,1,734,2,4123,2,20
734,76,1,735,4,4127,1,40
735,76,1,736,2,4129,2,20
736,76,1,737,9,4138,2,90
737,76,1,738,8,4146,4,80
738,76,1,739,4,4150,1,40
739,76,1,740,7,4157,3,70
740,76,1,741,2,4159,0,20
741,76,1,742,5,4164,5,50
742,76,1,743,3,4167,0,30
743,76,1,744,7,4174,0,70
744,76,1,745,7,4181,6,70
745,76,1,746,9,4190,5,90
746,76,1,747,3,4193,1,30
747,76,1,748,4,4197,2,40
748,76,1,749,3,4200,0,30
749,76,1,750,3,4203,3,30
750,76,1,751,6,4209,4,60
751,76,1,752,7,4216,3,70
752,76,1,753,5,4221,4,50
753,76,1,754,9,4230,4,90
754,76,1,755,5,4235,1,50
755,76,1,756,3,4238,3,30
756,76,1,757,4,4242,2,40
757,76,1,758,8,4250,2,80
758,76,1,759,3,4253,1,30
759,76,1,760,2,4255,1,20
760,76,1,761,6,4261,4,60
761,76,1,762,7,4268,0,70
762,76,1,763,7,4275,0,70
763,76,1,764,5,4280,12,50
764,76,1,765,2,4282,0,20
765,76,1,766,6,4288,0,60
766,76,1,767,3,4291,5,30
767,76,1,768,4,4295,1,40
768,76,1,769,8,4303,3,80
769,76,1,770,9,4312,0,90
770,76,1,771,5,4317,12,50
771,76,1,772,2,4319,0,20
772,76,1,773,3,4322,2,30
773,76,1,774,4,4326,1,40
774,76,1,775,7,4333,3,70
775,76,1,776,4,4337,1,40
776,76,1,777,6,4343,3,60
777,76,1,778,4,4347,0,40
778,76,1,779,5,4352,7,50
779,76,1,780,8,4360,2,80
780,76,1,781,8,4368,3,80
781,76,1,782,9,4377,4,90
782,76,1,783,9,4386,5,90
783,76,1,784,7,4393,3,70
784,76,1,785,8,4401,1,80
785,76,1,786,9,4410,4,90
786,76,1,787,2,4412,1,20
787,76,1,788,7,4419,3,70
788,76,1,789,7,4426,0,70
789,76,1,790,9,4435,8,90
790,76,1,791,6,4441,3,60
791,76,1,792,2,4443,2,20
792,76,1,793,4,4447,2,40
793,76,1,794,8,4455,4,80
794,76,1,795,7,4462,0,70
795,76,1,796,5,4467,8,50
796,76,1,797,6,4473,3,60
797,76,1,798,7,4480,3,70
798,76,1,799,6,4486,2,60
799,76,1,800,2,4488,0,20
800,76,1,801,5,4493,2,50
801,76,1,802,7,4500,7,70
802,76,1,803,3,4503,0,30
803,76,1,804,4,4507,0,40
804,76,1,805,6,4513,9,60
805,76,1,806,6,4519,6,60
806,76,1,807,9,4528,0,90
807,76,1,808,3,4531,3,30
808,76,1,809,8,4539,0,80
809,76,1,810,9,4548,13,90
810,76,1,811,8,4556,6,80
811,76,1,812,9,4565,3,90
812,76,1,813,3,4568,0,30
813,76,1,814,7,4575,1,70
814,76,1,815,5,4580,4,50
815,76,1,816,8,4588,0,80
816,76,1,817,9,4597,11,90
817,76,1,818,5,4602,2,50
818,76,1,819,7,4609,2,70
819,76,1,820,6,4615,3,60
820,76,1,821,6,4621,3,60
821,76,1,822,8,4629,2,80
822,76,1,823,8,4637,7,80
823,76,1,824,6,4643,0,60
824,76,1,825,4,4647,4,40
825,76,1,826,4,4651,2,40
826,76,1,827,3,4654,1,30
827,76,1,828,2,4656,0,20
828,76,1,829,8,4664,2,80
829,76,1,830,8,4672,6,80
830,76,1,831,2,4674,0,20
831,76,1,832,4,4678,0,40
832,76,1,833,6,4684,2,60
833,76,1,834,9,4693,2,90
834,76,1,835,8,4701,0,80
835,76,1,836,2,4703,1,20
836,76,1,837,5,4708,0,50
837,76,1,838,9,4717,6,90
838,76,1,839,5,4722,0,50
839,76,1,840,9,4731,6,90
840,76,1,841,5,4736,2,50
841,76,1,842,5,4741,0,50
842,76,1,843,3,4744,5,30
843,76,1,844,3,4747,1,30
844,76,1,845,6,4753,5,60
845,76,1,846,9,4762,3,90
846,76,1,847,9,4771,6,90
847,76,1,848,4,4775,1,40
848,76,1,849,8,4783,5,80
849,76,1,850,2,4785,0,20
850,76,1,851,9,4794,5,90
851,76,1,852,7,4801,2,70
852,76,1,853,9,4810,1,90
853,76,1,854,9,4819,2,90
854,76,1,855,5,4824,4,50
855,76,1,856,5,4829,2,50
856,76,1,857,8,4837,4,80
857,76,1,858,2,4839,0,20
858,76,1,859,8,4847,3,80
859,76,1,860,8,4855,2,80
860,76,1,861,6,4861,5,60
861,76,1,862,3,4864,1,30
862,76,1,863,7,4871,4,70
863,76,1,864,7,4878,4,70
864,76,1,865,7,4885,0,70
865,76,1,866,8,4893,0,80
866,76,1,867,4,4897,0,40
867,76,1,868,9,4906,0,90
868,76,1,869,8,4914,0,80
869,76,1,870,4,4918,18,40
870,76,1,871,3,4921,4,30
871,76,1,872,5,4926,2,50
872,76,1,873,5,4931,2,50
873,76,1,874,6,4937,1,60
874,76,1,875,4,4941,2,40
875,76,1,876,6,4947,0,60
876,76,1,877,8,4955,4,80
877,76,1,878,6,4961,1,60
878,76,1,879,6,4967,3,60
879,76,1,880,9,4976,5,90
880,76,1,881,9,4985,4,90
881,76,1,882,6,4991,0,60
882,76,1,883,7,4998,7,70
883,76,2,1,2,2,1,20
884,76,2,2,7,9,2,70
885,76,2,3,5,14,4,50
886,76,2,4,2,16,3,20
887,76,2,5,5,21,4,50
888,76,2,6,9,30,5,90
889,76,2,7,9,39,3,90
890,76,2,8,5,44,2,50
891,76,2,9,6,50,2,60
892,76,2,10,9,59,4,90
893,76,2,11,3,62,0,30
894,76,2,12,7,69,3,70
895,76,2,13,9,78,4,90
896,76,2,14,3,81,1,30
897,76,2,15,2,83,2,20
898,76,2,16,9,92,2,90
899,76,2,17,8,100,3,80
900,76,2,18,9,109,2,90
901,76,2,19,8,117,3,80
902,76,2,20,4,121,4,40
903,76,2,21,6,127,3,60
904,76,2,22,5,132,0,50
905,76,2,23,5,137,2,50
906,76,2,24,4,141,0,40
907,76,2,25,4,145,6,40
908,76,2,26,5,150,7,50
909,76,2,27,5,155,2,50
910,76,2,28,2,157,1,20
911,76,2,29,5,162,0,50
912,76,2,30,7,169,6,70
913,76,2,31,4,173,0,40
914,76,2,32,6,179,3,60
915,76,2,33,8,187,5,80
916,76,2,34,8,195,4,80
917,76,2,35,9,204,2,90
918,76,2,36,6,210,4,60
919,76,2,37,3,213,1,30
920,76,2,38,2,215,1,20
921,76,2,39,3,218,0,30
922,76,2,40,7,225,6,70
923,76,2,41,6,231,6,60
924,76,2,42,7,238,5,70
925,76,2,43,7,245,2,70
926,76,2,44,2,247,0,20
927,76,2,45,3,250,1,30
928,76,2,46,9,259,5,90
929,76,2,47,5,264,0,50
930,76,2,48,6,270,7,60
931,76,2,49,2,272,0,20
932,76,2,50,8,280,6,80
933,76,2,51,9,289,0,90
934,76,2,52,5,294,4,50
935,76,2,53,2,296,1,20
936,76,2,54,6,302,0,60
937,76,2,55,8,310,7,80
938,76,2,56,5,315,2,50
939,76,2,57,6,321,0,60
940,76,2,58,9,330,0,90
941,76,2,59,4,334,7,40
942,76,2,60,5,339,2,50
943,76,2,61,9,348,4,90
944,76,2,62,4,352,2,40
945,76,2,63,2,354,4,20
946,76,2,64,2,356,0,20
947,76,2,65,2,358,0,20
948,76,2,66,6,364,2,60
949,76,2,67,8,372,5,80
950,76,2,68,6,378,0,60
951,76,2,69,3,381,3,30
952,76,2,70,5,386,1,50
953,76,2,71,5,391,0,50
954,76,2,72,7,398,5,70
955,76,2,73,7,405,3,70
956,76,2,74,9,414,5,90
957,76,2,75,5,419,2,50
958,76,2,76,4,423,5,40
959,76,2,77,5,428,5,50
960,76,2,78,6,434,1,60
961,76,2,79,4,438,3,40
962,76,2,80,8,446,4,80
963,76,2,81,5,451,2,50
964,76,2,82,5,456,0,50
965,76,2,83,2,458,2,20
966,76,2,84,9,467,4,90
967,76,2,85,8,475,5,80
968,76,2,86,2,477,0,20
969,76,2,87,9,486,0,90
970,76,2,88,3,489,10,30
971,76,2,89,5,494,5,50
972,76,2,90,5,499,8,50
973,76,2,91,7,506,0,70
974,76,2,92,6,512,0,60
975,76,2,93,8,520,15,80
976,76,2,94,6,526,0,60
977,76,2,95,6,532,0,60
978,76,2,96,7,539,8,70
979,76,2,97,6,545,0,60
980,76,2,98,7,552,6,70
981,76,2,99,2,554,1,20
982,76,2,100,6,560,6,60
983,76,2,101,2,562,2,20
984,76,2,102,5,567,0,50
985,76,2,103,9,576,5,90
986,76,2,104,6,582,6,60
987,76,2,105,7,589,2,70
988,76,2,106,3,592,2,30
989,76,2,107,4,596,0,40
990,76,2,108,5,601,2,50
991,76,2,109,4,605,1,40
992,76,2,110,5,610,3,50
993,76,2,111,2,612,2,20
994,76,2,112,3,615,0,30
995,76,2,113,4,619,1,40
996,76,2,114,8,627,4,80
997,76,2,115,7,634,3,70
998,76,2,116,6,640,0,60
999,76,2,117,3,643,4,30
1000,76,2,118,5,648,3,50
1001,76,2,119,5,653,2,50
1002,76,2,120,5,658,4,50
1003,76,2,121,7,665,4,70
1004,76,2,122,7,672,4,70
1005,76,2,123,5,677,0,50
1006,76,2,124,6,683,8,60
1007,76,2,125,5,688,6,50
1008,76,2,126,8,696,8,80
1009,76,2,127,5,701,4,50
1010,76,2,128,6,707,0,60
1011,76,2,129,3,710,4,30
1012,76,2,130,4,714,1,40
1013,76,2,131,8,722,8,80
1014,76,2,132,3,725,2,30
1015,76,2,133,6,731,0,60
1016,76,2,134,4,735,0,40
1017,76,2,135,4,739,2,40
1018,76,2,136,3,742,6,30
1019,76,2,137,2,744,0,20
1020,76,2,138,4,748,2,40
1021,76,2,139,9,757,4,90
1022,76,2,140,7,764,1,70
1023,76,2,141,7,771,5,70
1024,76,2,142,3,774,0,30
1025,76,2,143,4,778,1,40
1026,76,2,144,4,782,2,40
1027,76,2,145,8,790,0,80
1028,76,2,146,5,795,0,50
1029,76,2,147,9,804,0,90
1030,76,2,148,8,812,14,80
1031,76,2,149,9,821,2,90
1032,76,2,150,2,823,1,20
1033,76,2,151,6,829,3,60
1034,76,2,152,3,832,0,30
1035,76,2,153,2,834,1,20
1036,76,2,154,2,836,1,20
1037,76,2,155,2,838,0,20
1038,76,2,156,5,843,3,50
1039,76,2,157,4,847,3,40
1040,76,2,158,8,855,4,80
1041,76,2,159,2,857,0,20
1042,76,2,160,7,864,4,70
1043,76,2,161,9,873,0,90
1044,76,2,162,8,881,10,80
1045,76,2,163,2,883,1,20
1046,76,2,164,6,889,3,60
1047,76,2,165,3,892,0,30
1048,76,2,166,8,900,3,80
1049,76,2,167,9,909,0,90
1050,76,2,168,8,917,7,80
1051,76,2,169,8,925,6,80
1052,76,2,170,5,930,4,50
1053,76,2,171,3,933,0,30
1054,76,2,172,9,942,0,90
1055,76,2,173,5,947,10,50
1056,76,2,174,5,952,3,50
1057,76,2,175,9,961,0,90
1058,76,2,176,5,966,7,50
1059,76,2,177,2,968,0,20
1060,76,2,178,5,973,0,50
1061,76,2,179,8,981,4,80
1062,76,2,180,5,986,1,50
1063,76,2,181,7,993,0,70
1064,76,2,182,7,1000,14,70
1065,76,2,183,7,1007,0,70
1066,76,2,184,7,1014,0,70
1067,76,2,185,7,1021,11,70
1068,76,2,186,5,1026,1,50
1069,76,2,187,2,1028,1,20
1070,76,2,188,2,1030,0,20
1071,76,2,189,9,1039,6,90
1072,76,2,190,7,1046,4,70
1073,76,2,191,5,1051,4,50
1074,76,2,192,8,1059,5,80
1075,76,2,193,8,1067,4,80
1076,76,2,194,7,1074,2,70
1077,76,2,195,4,1078,5,40
1078,76,2,196,6,1084,2,60
1079,76,2,197,7,1091,5,70
1080,76,2,198,5,1096,5,50
1081,76,2,199,2,1098,0,20
1082,76,2,200,8,1106,2,80
1083,76,2,201,8,1114,0,80
1084,76,2,202,3,1117,2,30
1085,76,2,203,2,1119,1,20
1086,76,2,204,9,1128,7,90
1087,76,2,205,5,1133,0,50
1088,76,2,206,9,1142,5,90
1089,76,2,207,6,1148,3,60
1090,76,2,208,7,1155,0,70
1091,76,2,209,8,1163,5,80
1092,76,2,210,6,1169,0,60
1093,76,2,211,4,1173,9,40
1094,76,2,212,4,1177,3,40
1095,76,2,213,3,1180,0,30
1096,76,2,214,9,1189,4,90
1097,76,2,215,8,1197,0,80
1098,76,2,216,8,1205,10,80
1099,76,2,217,2,1207,0,20
1100,76,2,218,8,1215,2,80
1101,76,2,219,6,1221,5,60
1102,76,2,220,9,1230,5,90
1103,76,2,221,6,1236,2,60
1104,76,2,222,6,1242,3,60
1105,76,2,223,3,1245,0,30
1106,76,2,224,4,1249,0,40
1107,76,2,225,8,1257,7,80
1108,76,2,226,6,1263,0,60
1109,76,2,227,4,1267,7,40
1110,76,2,228,5,1272,3,50
1111,76,2,229,5,1277,2,50
1112,76,2,230,4,1281,1,40
1113,76,2,231,8,1289,1,80
1114,76,2,232,9,1298,0,90
1115,76,2,233,3,1301,0,30
1116,76,2,234,4,1305,8,40
1117,76,2,235,7,1312,1,70
1118,76,2,236,7,1319,0,70
1119,76,2,237,6,1325,9,60
1120,76,2,238,6,1331,3,60
1121,76,2,239,3,1334,0,30
1122,76,2,240,3,1337,4,30
1123,76,2,241,4,1341,0,40
1124,76,2,242,8,1349,1,80
1125,76,2,243,3,1352,1,30
1126,76,2,244,5,1357,2,50
1127,76,2,245,5,1362,2,50
1128,76,2,246,2,1364,0,20
1129,76,2,247,3,1367,2,30
1130,76,2,248,9,1376,4,90
1131,76,2,249,8,1384,5,80
1132,76,2,250,8,1392,0,80
1133,76,2,251,3,1395,7,30
1134,76,2,252,9,1404,0,90
1135,76,2,253,8,1412,0,80
1136,76,2,254,4,1416,13,40
1137,76,2,255,5,1421,0,50
1138,76,2,256,7,1428,4,70
1139,76,2,257,6,1434,3,60
1140,76,2,258,6,1440,1,60
1141,76,2,259,8,1448,1,80
1142,76,2,260,6,1454,2,60
1143,76,2,261,6,1460,0,60
1144,76,2,262,9,1469,3,90
1145,76,2,263,5,1474,3,50
1146,76,2,264,5,1479,1,50
1147,76,2,265,2,1481,0,20
1148,76,2,266,7,1488,2,70
1149,76,2,267,5,1493,0,50
1150,76,2,268,4,1497,0,40
1151,76,2,269,4,1501,0,40
1152,76,2,270,2,1503,7,20
1153,76,2,271,6,1509,1,60
1154,76,2,272,9,1518,6,90
1155,76,2,273,7,1525,3,70
1156,76,2,274,6,1531,3,60
1157,76,2,275,4,1535,2,40
1158,76,2,276,4,1539,1,40
1159,76,2,277,7,1546,1,70
1160,76,2,278,4,1550,2,40
1161,76,2,279,9,1559,3,90
1162,76,2,280,9,1568,2,90
1163,76,2,281,4,1572,3,40
1164,76,2,282,4,1576,1,40
1165,76,2,283,8,1584,6,80
1166,76,2,284,8,1592,0,80
1167,76,2,285,8,1600,7,80
1168,76,2,286,8,1608,4,80
1169,76,2,287,7,1615,3,70
1170,76,2,288,5,1620,0,50
1171,76,2,289,3,1623,2,30
1172,76,2,290,5,1628,0,50
1173,76,2,291,5,1633,6,50
1174,76,2,292,9,1642,4,90
1175,76,2,293,5,1647,2,50
1176,76,2,294,7,1654,3,70
1177,76,2,295,3,1657,0,30
1178,76,2,296,5,1662,1,50
1179,76,2,297,6,1668,0,60
1180,76,2,298,3,1671,6,30
1181,76,2,299,5,1676,0,50
1182,76,2,300,2,1678,1,20
1183,76,2,301,7,1685,1,70
1184,76,2,302,7,1692,5,70
1185,76,2,303,2,1694,3,20
1186,76,2,304,8,1702,4,80
1187,76,2,305,4,1706,0,40
1188,76,2,306,8,1714,0,80
1189,76,2,307,8,1722,7,80
1190,76,2,308,7,1729,0,70
1191,76,2,309,8,1737,0,80
1192,76,2,310,8,1745,9,80
1193,76,2,311,6,1751,1,60
1194,76,2,312,8,1759,0,80
1195,76,2,313,5,1764,7,50
1196,76,2,314,8,1772,6,80
1197,76,2,315,4,1776,3,40
1198,76,2,316,6,1782,3,60
1199,76,2,317,9,1791,5,90
1200,76,2,318,3,1794,1,30
1201,76,2,319,9,1803,6,90
1202,76,2,320,7,1810,3,70
1203,76,2,321,9,1819,6,90
1204,76,2,322,7,1826,3,70
1205,76,2,323,2,1828,0,20
1206,76,2,324,8,1836,3,80
1207,76,2,325,5,1841,3,50
1208,76,2,326,4,1845,1,40
1209,76,2,327,9,1854,6,90
1210,76,2,328,3,1857,2,30
1211,76,2,329,8,1865,5,80
1212,76,2,330,4,1869,1,40
1213,76,2,331,2,1871,0,20
1214,76,2,332,7,1878,7,70
1215,76,2,333,4,1882,2,40
1216,76,2,334,5,1887,1,50
1217,76,2,335,9,1896,1,90
1218,76,2,336,5,1901,0,50
1219,76,2,337,4,1905,1,40
1220,76,2,338,5,1910,3,50
1221,76,2,339,4,1914,2,40
1222,76,2,340,3,1917,2,30
1223,76,2,341,6,1923,3,60
1224,76,2,342,7,1930,4,70
1225,76,2,343,5,1935,2,50
1226,76,2,344,4,1939,0,40
1227,76,2,345,2,1941,0,20
1228,76,2,346,2,1943,1,20
1229,76,2,347,5,1948,0,50
1230,76,2,348,5,1953,3,50
1231,76,2,349,5,1958,3,50
1232,76,2,350,2,1960,2,20
1233,76,2,351,3,1963,2,30
1234,76,2,352,9,1972,7,90
1235,76,2,353,8,1980,3,80
1236,76,2,354,7,1987,1,70
1237,76,2,355,3,1990,0,30
1238,76,2,356,6,1996,4,60
1239,76,2,357,8,2004,4,80
1240,76,2,358,2,2006,1,20
1241,76,2,359,3,2009,2,30
1242,76,2,360,7,2016,6,70
1243,76,2,361,8,2024,6,80
1244,76,2,362,5,2029,3,50
1245,76,2,363,5,2034,1,50
1246,76,2,364,2,2036,1,20
1247,76,2,365,3,2039,0,30
1248,76,2,366,8,2047,5,80
1249,76,2,367,2,2049,2,20
1250,76,2,368,7,2056,6,70
1251,76,2,369,7,2063,6,70
1252,76,2,370,7,2070,3,70
1253,76,2,371,3,2073,0,30
1254,76,2,372,9,2082,6,90
1255,76,2,373,4,2086,2,40
1256,76,2,374,7,2093,1,70
1257,76,2,375,4,2097,3,40
1258,76,2,376,8,2105,0,80
1259,76,2,377,8,2113,7,80
1260,76,2,378,8,2121,3,80
1261,76,2,379,5,2126,0,50
1262,76,2,380,2,2128,0,20
1263,76,2,381,6,2134,3,60
1264,76,2,382,9,2143,3,90
1265,76,2,383,8,2151,5,80
1266,76,2,384,4,2155,2,40
1267,76,2,385,3,2158,2,30
1268,76,2,386,4,2162,1,40
1269,76,2,387,4,2166,0,40
1270,76,2,388,3,2169,0,30
1271,76,2,389,8,2177,8,80
1272,76,2,390,6,2183,5,60
1273,76,2,391,9,2192,6,90
1274,76,2,392,5,2197,0,50
1275,76,2,393,3,2200,0,30
1276,76,2,394,2,2202,5,20
1277,76,2,395,7,2209,0,70
1278,76,2,396,4,2213,6,40
1279,76,2,397,7,2220,4,70
1280,76,2,398,5,2225,0,50
1281,76,2,399,8,2233,7,80
1282,76,2,400,5,2238,5,50
1283,76,2,401,8,2246,4,80
1284,76,2,402,4,2250,0,40
1285,76,2,403,6,2256,3,60
1286,76,2,404,6,2262,5,60
1287,76,2,405,3,2265,2,30
1288,76,2,406,9,2274,6,90
1289,76,2,407,6,2280,1,60
1290,76,2,408,8,2288,7,80
1291,76,2,409,3,2291,0,30
1292,76,2,410,7,2298,0,70
1293,76,2,411,5,2303,7,50
1294,76,2,412,4,2307,0,40
1295,76,2,413,4,2311,0,40
1296,76,2,414,2,2313,0,20
1297,76,2,415,2,2315,1,20
1298,76,2,416,8,2323,6,80
1299,76,2,417,9,2332,8,90
1300,76,2,418,2,2334,0,20
1301,76,2,419,3,2337,3,30
1302,76,2,420,6,2343,2,60
1303,76,2,421,2,2345,2,20
1304,76,2,422,4,2349,3,40
1305,76,2,423,3,2352,3,30
1306,76,2,424,4,2356,1,40
1307,76,2,425,2,2358,0,20
1308,76,2,426,2,2360,0,20
1309,76,2,427,7,2367,6,70
1310,76,2,428,3,2370,3,30
1311,76,2,429,3,2373,2,30
1312,76,2,430,4,2377,4,40
1313,76,2,431,5,2382,6,50
1314,76,2,432,9,2391,4,90
1315,76,2,433,3,2394,2,30
1316,76,2,434,4,2398,1,40
1317,76,2,435,7,2405,4,70
1318,76,2,436,6,2411,2,60
1319,76,2,437,3,2414,2,30
1320,76,2,438,5,2419,0,50
1321,76,2,439,5,2424,5,50
1322,76,2,440,8,2432,2,80
1323,76,2,441,7,2439,4,70
1324,76,2,442,4,2443,1,40
1325,76,2,443,8,2451,4,80
1326,76,2,444,7,2458,3,70
1327,76,2,445,5,2463,1,50
1328,76,2,446,6,2469,3,60
1329,76,2,447,4,2473,0,40
1330,76,2,448,5,2478,2,50
1331,76,2,449,5,2483,3,50
1332,76,2,450,5,2488,4,50
1333,76,2,451,7,2495,0,70
1334,76,2,452,7,2502,3,70
1335,76,2,453,4,2506,0,40
1336,76,2,454,4,2510,3,40
1337,76,2,455,6,2516,3,60
1338,76,2,456,9,2525,5,90
1339,76,2,457,4,2529,0,40
1340,76,2,458,8,2537,4,80
1341,76,2,459,4,2541,1,40
1342,76,2,460,8,2549,0,80
1343,76,2,461,5,2554,5,50
1344,76,2,462,5,2559,1,50
1345,76,2,463,5,2564,1,50
1346,76,2,464,4,2568,1,40
1347,76,2,465,4,2572,0,40
1348,76,2,466,2,2574,6,20
1349,76,2,467,3,2577,0,30
1350,76,2,468,5,2582,4,50
1351,76,2,469,5,2587,3,50
1352,76,2,470,4,2591,1,40
1353,76,2,471,5,2596,1,50
1354,76,2,472,5,2601,0,50
1355,76,2,473,3,2604,0,30
1356,76,2,474,2,2606,0,20
1357,76,2,475,3,2609,5,30
1358,76,2,476,2,2611,0,20
1359,76,2,477,7,2618,3,70
1360,76,2,478,4,2622,3,40
1361,76,2,479,2,2624,0,20
1362,76,2,480,3,2627,1,30
1363,76,2,481,3,2630,0,30
1364,76,2,482,3,2633,2,30
1365,76,2,483,5,2638,2,50
1366,76,2,484,6,2644,0,60
1367,76,2,485,5,2649,4,50
1368,76,2,486,3,2652,1,30
1369,76,2,487,8,2660,5,80
1370,76,2,488,4,2664,0,40
1371,76,2,489,7,2671,7,70
1372,76,2,490,8,2679,0,80
1373,76,2,491,5,2684,0,50
1374,76,2,492,7,2691,4,70
1375,76,2,493,4,2695,1,40
1376,76,2,494,6,2701,5,60
1377,76,2,495,5,2706,1,50
1378,76,2,496,3,2709,1,30
1379,76,2,497,9,2718,8,90
1380,76,2,498,4,2722,1,40
1381,76,2,499,8,2730,3,80
1382,76,2,500,6,2736,1,60
1383,76,2,501,9,2745,1,90
1384,76,2,502,7,2752,0,70
1385,76,2,503,2,2754,4,20
1386,76,2,504,4,2758,3,40
1387,76,2,505,2,2760,1,20
1388,76,2,506,9,2769,0,90
1389,76,2,507,9,2778,8,90
1390,76,2,508,8,2786,4,80
1391,76,2,509,9,2795,6,90
1392,76,2,510,7,2802,3,70
1393,76,2,511,3,2805,0,30
1394,76,2,512,9,2814,6,90
1395,76,2,513,8,2822,4,80
1396,76,2,514,4,2826,2,40
1397,76,2,515,5,2831,3,50
1398,76,2,516,5,2836,3,50
1399,76,2,517,5,2841,4,50
1400,76,2,518,8,2849,2,80
1401,76,2,519,9,2858,3,90
1402,76,2,520,9,2867,5,90
1403,76,2,521,3,2870,1,30
1404,76,2,522,9,2879,0,90
1405,76,2,523,2,2881,5,20
1406,76,2,524,9,2890,4,90
1407,76,2,525,2,2892,0,20
1408,76,2,526,2,2894,0,20
1409,76,2,527,8,2902,6,80
1410,76,2,528,6,2908,7,60
1411,76,2,529,5,2913,1,50
1412,76,2,530,3,2916,0,30
1413,76,2,531,8,2924,6,80
1414,76,2,532,4,2928,2,40
1415,76,2,533,5,2933,2,50
1416,76,2,534,3,2936,1,30
1417,76,2,535,9,2945,0,90
1418,76,2,536,6,2951,6,60
1419,76,2,537,7,2958,6,70
1420,76,2,538,3,2961,2,30
1421,76,2,539,5,2966,0,50
1422,76,2,540,6,2972,0,60
1423,76,2,541,5,2977,11,50
1424,76,2,542,5,2982,3,50
1425,76,2,543,8,2990,3,80
1426,76,2,544,6,2996,5,60
1427,76,2,545,2,2998,0,20
1428,76,2,546,5,3003,4,50
1429,76,2,547,7,3010,3,70
1430,76,2,548,4,3014,0,40
1431,76,2,549,3,3017,0,30
1432,76,2,550,5,3022,0,50
1433,76,2,551,6,3028,0,60
1434,76,2,552,5,3033,16,50
1435,76,2,553,9,3042,0,90
1436,76,2,554,2,3044,1,20
1437,76,2,555,7,3051,0,70
1438,76,2,556,5,3056,7,50
1439,76,2,557,3,3059,0,30
1440,76,2,558,7,3066,1,70
1441,76,2,559,9,3075,8,90
1442,76,2,560,7,3082,1,70
1443,76,2,561,8,3090,6,80
1444,76,2,562,5,3095,4,50
1445,76,2,563,7,3102,0,70
1446,76,2,564,8,3110,5,80
1447,76,2,565,8,3118,3,80
1448,76,2,566,5,3123,2,50
1449,76,2,567,7,3130,3,70
1450,76,2,568,3,3133,2,30
1451,76,2,569,9,3142,6,90
1452,76,2,570,9,3151,4,90
1453,76,2,571,5,3156,2,50
1454,76,2,572,8,3164,0,80
1455,76,2,573,3,3167,6,30
1456,76,2,574,7,3174,2,70
1457,76,2,575,4,3178,0,40
1458,76,2,576,2,3180,1,20
1459,76,2,577,4,3184,1,40
1460,76,2,578,7,3191,1,70
1461,76,2,579,4,3195,3,40
1462,76,2,580,6,3201,2,60
1463,76,2,581,9,3210,4,90
1464,76,2,582,6,3216,1,60
1465,76,2,583,5,3221,2,50
1466,76,2,584,5,3226,3,50
1467,76,2,585,7,3233,2,70
1468,76,2,586,9,3242,3,90
1469,76,2,587,3,3245,1,30
1470,76,2,588,2,3247,1,20
1471,76,2,589,8,3255,2,80
1472,76,2,590,6,3261,1,60
1473,76,2,591,2,3263,0,20
1474,76,2,592,4,3267,0,40
1475,76,2,593,4,3271,5,40
1476,76,2,594,6,3277,0,60
1477,76,2,595,5,3282,0,50
1478,76,2,596,7,3289,4,70
1479,76,2,597,8,3297,2,80
1480,76,2,598,7,3304,0,70
1481,76,2,599,8,3312,11,80
1482,76,2,600,5,3317,0,50
1483,76,2,601,4,3321,0,40
1484,76,2,602,9,3330,10,90
1485,76,2,603,7,3337,2,70
1486,76,2,604,2,3339,0,20
1487,76,2,605,3,3342,4,30
1488,76,2,606,8,3350,3,80
1489,76,2,607,9,3359,1,90
1490,76,2,608,7,3366,6,70
1491,76,2,609,4,3370,3,40
1492,76,2,610,7,3377,3,70
1493,76,2,611,8,3385,0,80
1494,76,2,612,9,3394,7,90
1495,76,2,613,2,3396,1,20
1496,76,2,614,7,3403,4,70
1497,76,2,615,5,3408,2,50
1498,76,2,616,8,3416,5,80
1499,76,2,617,9,3425,7,90
1500,76,2,618,4,3429,2,40
1501,76,2,619,7,3436,5,70
1502,76,2,620,9,3445,4,90
1503,76,2,621,4,3449,2,40
1504,76,2,622,2,3451,3,20
1505,76,2,623,2,3453,0,20
1506,76,2,624,3,3456,2,30
1507,76,2,625,4,3460,1,40
1508,76,2,626,7,3467,3,70
1509,76,2,627,6,3473,7,60
1510,76,2,628,8,3481,0,80
1511,76,2,629,4,3485,5,40
1512,76,2,630,7,3492,0,70
1513,76,2,631,5,3497,7,50
1514,76,2,632,7,3504,6,70
1515,76,2,633,3,3507,1,30
1516,76,2,634,4,3511,2,40
1517,76,2,635,3,3514,1,30
1518,76,2,636,3,3517,0,30
1519,76,2,637,6,3523,2,60
1520,76,2,638,2,3525,0,20
1521,76,2,639,6,3531,3,60
1522,76,2,640,3,3534,0,30
1523,76,2,641,7,3541,3,70
1524,76,2,642,9,3550,0,90
1525,76,2,643,5,3555,7,50
1526,76,2,644,9,3564,8,90
1527,76,2,645,2,3566,1,20
1528,76,2,646,4,3570,1,40
1529,76,2,647,9,3579,8,90
1530,76,2,648,3,3582,6,30
1531,76,2,649,4,3586,1,40
1532,76,2,650,3,3589,0,30
1533,76,2,651,7,3596,4,70
1534,76,2,652,3,3599,0,30
1535,76,2,653,7,3606,0,70
1536,76,2,654,8,3614,4,80
1537,76,2,655,4,3618,0,40
1538,76,2,656,2,3620,0,20
1539,76,2,657,5,3625,3,50
1540,76,2,658,8,3633,4,80
1541,76,2,659,6,3639,1,60
1542,76,2,660,9,3648,5,90
1543,76,2,661,6,3654,3,60
1544,76,2,662,4,3658,2,40
1545,76,2,663,4,3662,5,40
1546,76,2,664,6,3668,1,60
1547,76,2,665,3,3671,3,30
1548,76,2,666,3,3674,0,30
1549,76,2,667,7,3681,5,70
1550,76,2,668,3,3684,1,30
1551,76,2,669,3,3687,0,30
1552,76,2,670,5,3692,4,50
1553,76,2,671,9,3701,0,90
1554,76,2,672,7,3708,0,70
1555,76,2,673,6,3714,10,60
1556,76,2,674,5,3719,2,50
1557,76,2,675,4,3723,1,40
1558,76,2,676,4,3727,2,40
1559,76,2,677,9,3736,0,90
1560,76,2,678,8,3744,12,80
1561,76,2,679,4,3748,2,40
1562,76,2,680,4,3752,0,40
1563,76,2,681,5,3757,1,50
1564,76,2,682,6,3763,3,60
1565,76,2,683,9,3772,4,90
1566,76,2,684,7,3779,2,70
1567,76,2,685,5,3784,1,50
1568,76,2,686,2,3786,0,20
1569,76,2,687,9,3795,7,90
1570,76,2,688,6,3801,1,60
1571,76,2,689,5,3806,4,50
1572,76,2,690,5,3811,3,50
1573,76,2,691,4,3815,3,40
1574,76,2,692,2,3817,0,20
1575,76,2,693,3,3820,1,30
1576,76,2,694,7,3827,4,70
1577,76,2,695,9,3836,3,90
1578,76,2,696,8,3844,8,80
1579,76,2,697,7,3851,5,70
1580,76,2,698,5,3856,2,50
1581,76,2,699,4,3860,4,40
1582,76,2,700,9,3869,4,90
1583,76,2,701,5,3874,0,50
1584,76,2,702,3,3877,1,30
1585,76,2,703,3,3880,4,30
1586,76,2,704,4,3884,3,40
1587,76,2,705,9,3893,4,90
1588,76,2,706,7,3900,2,70
1589,76,2,707,3,3903,2,30
1590,76,2,708,6,3909,5,60
1591,76,2,709,9,3918,3,90
1592,76,2,710,9,3927,4,90
1593,76,2,711,7,3934,2,70
1594,76,2,712,6,3940,3,60
1595,76,2,713,6,3946,5,60
1596,76,2,714,7,3953,4,70
1597,76,2,715,4,3957,2,40
1598,76,2,716,4,3961,2,40
1599,76,2,717,8,3969,6,80
1600,76,2,718,2,3971,1,20
1601,76,2,719,9,3980,8,90
1602,76,2,720,3,3983,0,30
1603,76,2,721,5,3988,4,50
1604,76,2,722,3,3991,0,30
1605,76,2,723,2,3993,0,20
1606,76,2,724,3,3996,4,30
1607,76,2,725,4,4000,0,40
1608,76,2,726,6,4006,4,60
1609,76,2,727,3,4009,1,30
1610,76,2,728,4,4013,2,40
1611,76,2,729,8,4021,4,80
1612,76,2,730,3,4024,3,30
1613,76,2,731,9,4033,0,90
1614,76,2,732,6,4039,7,60
1615,76,2,733,7,4046,6,70
1616,76,2,734,7,4053,2,70
1617,76,2,735,4,4057,0,40
1618,76,2,736,5,4062,2,50
1619,76,2,737,3,4065,1,30
1620,76,2,738,3,4068,1,30
1621,76,2,739,7,4075,0,70
1622,76,2,740,9,4084,8,90
1623,76,2,741,9,4093,4,90
1624,76,2,742,8,4101,5,80
1625,76,2,743,3,4104,0,30
1626,76,2,744,4,4108,3,40
1627,76,2,745,7,4115,4,70
1628,76,2,746,3,4118,2,30
1629,76,2,747,5,4123,3,50
1630,76,2,748,9,4132,2,90
1631,76,2,749,5,4137,2,50
1632,76,2,750,8,4145,5,80
1633,76,2,751,5,4150,0,50
1634,76,2,752,5,4155,5,50
1635,76,2,753,4,4159,0,40
1636,76,2,754,9,4168,6,90
1637,76,2,755,4,4172,1,40
1638,76,2,756,7,4179,5,70
1639,76,2,757,5,4184,0,50
1640,76,2,758,6,4190,5,60
1641,76,2,759,3,4193,0,30
1642,76,2,760,2,4195,1,20
1643,76,2,761,2,4197,0,20
1644,76,2,762,2,4199,0,20
1645,76,2,763,3,4202,4,30
1646,76,2,764,7,4209,5,70
1647,76,2,765,5,4214,2,50
1648,76,2,766,4,4218,0,40
1649,76,2,767,5,4223,5,50
1650,76,2,768,2,4225,1,20
1651,76,2,769,8,4233,7,80
1652,76,2,770,2,4235,0,20
1653,76,2,771,2,4237,1,20
1654,76,2,772,9,4246,7,90
1655,76,2,773,9,4255,4,90
1656,76,2,774,4,4259,2,40
1657,76,2,775,3,4262,1,30
1658,76,2,776,6,4268,3,60
1659,76,2,777,3,4271,0,30
1660,76,2,778,7,4278,1,70
1661,76,2,779,3,4281,2,30
1662,76,2,780,9,4290,4,90
1663,76,2,781,8,4298,1,80
1664,76,2,782,8,4306,4,80
1665,76,2,783,8,4314,7,80
1666,76,2,784,6,4320,0,60
1667,76,2,785,6,4326,3,60
1668,76,2,786,5,4331,0,50
1669,76,2,787,5,4336,2,50
1670,76,2,788,7,4343,0,70
1671,76,2,789,4,4347,4,40
1672,76,2,790,3,4350,0,30
1673,76,2,791,8,4358,0,80
1674,76,2,792,2,4360,3,20
1675,76,2,793,6,4366,1,60
1676,76,2,794,6,4372,2,60
1677,76,2,795,6,4378,0,60
1678,76,2,796,8,4386,0,80
1679,76,2,797,4,4390,11,40
1680,76,2,798,6,4396,1,60
1681,76,2,799,4,4400,2,40
1682,76,2,800,4,4404,3,40
1683,76,2,801,2,4406,1,20
1684,76,2,802,9,4415,0,90
1685,76,2,803,9,4424,6,90
1686,76,2,804,5,4429,2,50
1687,76,2,805,8,4437,5,80
1688,76,2,806,6,4443,4,60
1689,76,2,807,8,4451,4,80
1690,76,2,808,3,4454,0,30
1691,76,2,809,5,4459,3,50
1692,76,2,810,9,4468,0,90
1693,76,2,811,6,4474,8,60
1694,76,2,812,5,4479,1,50
1695,76,2,813,3,4482,0,30
1696,76,2,814,9,4491,3,90
1697,76,2,815,2,4493,0,20
1698,76,2,816,9,4502,4,90
1699,76,2,817,4,4506,1,40
1700,76,2,818,4,4510,1,40
1701,76,2,819,5,4515,5,50
1702,76,2,820,5,4520,1,50
1703,76,2,821,8,4528,0,80
1704,76,2,822,6,4534,9,60
1705,76,2,823,4,4538,1,40
1706,76,2,824,9,4547,5,90
1707,76,2,825,2,4549,2,20
1708,76,2,826,2,4551,2,20
1709,76,2,827,2,4553,0,20
1710,76,2,828,5,4558,0,50
1711,76,2,829,9,4567,8,90
1712,76,2,830,9,4576,4,90
1713,76,2,831,3,4579,3,30
1714,76,2,832,2,4581,1,20
1715,76,2,833,7,4588,1,70
1716,76,2,834,3,4591,3,30
1717,76,2,835,2,4593,0,20
1718,76,2,836,7,4600,2,70
1719,76,2,837,6,4606,0,60
1720,76,2,838,6,4612,4,60
1721,76,2,839,8,4620,3,80
1722,76,2,840,8,4628,2,80
1723,76,2,841,4,4632,0,40
1724,76,2,842,3,4635,3,30
1725,76,2,843,3,4638,2,30
1726,76,2,844,5,4643,4,50
1727,76,2,845,2,4645,0,20
1728,76,2,846,5,4650,1,50
1729,76,2,847,9,4659,3,90
1730,76,2,848,2,4661,1,20
1731,76,2,849,3,4664,0,30
1732,76,2,850,3,4667,2,30
1733,76,2,851,6,4673,0,60
1734,76,2,852,8,4681,0,80
1735,76,2,853,7,4688,0,70
1736,76,2,854,9,4697,18,90
1737,76,2,855,9,4706,9,90
1738,76,2,856,6,4712,6,60
1739,76,2,857,2,4714,1,20
1740,76,2,858,3,4717,3,30
1741,76,2,859,4,4721,1,40
1742,76,2,860,3,4724,0,30
1743,76,2,861,4,4728,4,40
1744,76,2,862,3,4731,1,30
1745,76,2,863,5,4736,5,50
1746,76,2,864,6,4742,3,60
1747,76,2,865,7,4749,3,70
1748,76,2,866,3,4752,2,30
1749,76,2,867,9,4761,4,90
1750,76,2,868,8,4769,4,80
1751,76,2,869,9,4778,9,90
1752,76,2,870,3,4781,4,30
1753,76,2,871,7,4788,0,70
1754,76,2,872,8,4796,11,80
1755,76,2,873,3,4799,0,30
1756,76,2,874,8,4807,6,80
1757,76,2,875,9,4816,3,90
1758,76,2,876,4,4820,2,40
1759,76,2,877,5,4825,6,50
1760,76,2,878,6,4831,0,60
1761,76,2,879,5,4836,6,50
1762,76,2,880,4,4840,0,40
1763,76,2,881,2,4842,0,20
1764,76,2,882,6,4848,0,60
1765,76,2,883,8,4856,7,80
1766,76,2,884,7,4863,4,70
1767,76,2,885,3,4866,0,30
1768,76,2,886,6,4872,6,60
1769,76,2,887,6,4878,0,60
1770,76,2,888,4,4882,2,40
1771,76,2,889,9,4891,0,90
1772,76,2,890,4,4895,0,40
1773,76,2,891,4,4899,0,40
1774,76,2,892,3,4902,0,30
1775,76,2,893,9,4911,6,90
1776,76,2,894,9,4920,4,90
1777,76,2,895,5,4925,6,50
1778,76,2,896,4,4929,0,40
1779,76,2,897,5,4934,4,50
1780,76,2,898,3,4937,0,30
1781,76,2,899,9,4946,9,90
1782,76,2,900,8,4954,0,80
1783,76,2,901,8,4962,6,80
1784,76,2,902,9,4971,2,90
1785,76,2,903,6,4977,1,60
1786,76,2,904,2,4979,0,20
1787,76,2,905,5,4984,3,50
1788,76,2,906,8,4992,3,80
1789,76,2,907,2,4994,0,20
1790,76,2,908,2,4996,0,20
1791,76,3,1,6,6,0,60
1792,76,3,2,6,12,7,60
1793,76,3,3,5,17,4,50
1794,76,3,4,7,24,0,70
1795,76,3,5,4,28,4,40
1796,76,3,6,5,33,0,50
1797,76,3,7,2,35,4,20
1798,76,3,8,5,40,3,50
1799,76,3,9,7,47,5,70
1800,76,3,10,2,49,1,20
1801,76,3,11,8,57,0,80
1802,76,3,12,9,66,7,90
1803,76,3,13,5,71,0,50
1804,76,3,14,8,79,4,80
1805,76,3,15,2,81,0,20
1806,76,3,16,7,88,1,70
1807,76,3,17,3,91,2,30
1808,76,3,18,9,100,8,90
1809,76,3,19,2,102,0,20
1810,76,3,20,9,111,3,90
1811,76,3,21,9,120,4,90
1812,76,3,22,2,122,2,20
1813,76,3,23,5,127,0,50
1814,76,3,24,6,133,4,60
1815,76,3,25,9,142,3,90
1816,76,3,26,9,151,7,90
1817,76,3,27,5,156,4,50
1818,76,3,28,9,165,5,90
1819,76,3,29,5,170,1,50
1820,76,3,30,3,173,1,30
1821,76,3,31,3,176,0,30
1822,76,3,32,9,185,5,90
1823,76,3,33,7,192,7,70
1824,76,3,34,4,196,2,40
1825,76,3,35,4,200,0,40
1826,76,3,36,8,208,14,80
1827,76,3,37,8,216,2,80
1828,76,3,38,5,221,0,50
1829,76,3,39,7,228,7,70
1830,76,3,40,3,231,2,30
1831,76,3,41,9,240,2,90
1832,76,3,42,5,245,4,50
1833,76,3,43,8,253,0,80
1834,76,3,44,5,258,5,50
1835,76,3,45,3,261,1,30
1836,76,3,46,8,269,3,80
1837,76,3,47,6,275,2,60
1838,76,3,48,4,279,3,40
1839,76,3,49,9,288,4,90
1840,76,3,50,4,292,0,40
1841,76,3,51,9,301,5,90
1842,76,3,52,3,304,2,30
1843,76,3,53,2,306,0,20
1844,76,3,54,6,312,0,60
1845,76,3,55,4,316,4,40
1846,76,3,56,3,319,0,30
1847,76,3,57,2,321,0,20
1848,76,3,58,7,328,4,70
1849,76,3,59,7,335,3,70
1850,76,3,60,7,342,7,70
1851,76,3,61,7,349,5,70
1852,76,3,62,2,351,1,20
1853,76,3,63,4,355,0,40
1854,76,3,64,5,360,2,50
1855,76,3,65,3,363,1,30
1856,76,3,66,7,370,7,70
1857,76,3,67,2,372,0,20
1858,76,3,68,9,381,0,90
1859,76,3,69,8,389,13,80
1860,76,3,70,3,392,3,30
1861,76,3,71,2,394,0,20
1862,76,3,72,7,401,5,70
1863,76,3,73,6,407,0,60
1864,76,3,74,8,415,7,80
1865,76,3,75,8,423,5,80
1866,76,3,76,2,425,0,20
1867,76,3,77,4,429,0,40
1868,76,3,78,3,432,7,30
1869,76,3,79,7,439,2,70
1870,76,3,80,9,448,4,90
1871,76,3,81,6,454,4,60
1872,76,3,82,7,461,2,70
1873,76,3,83,7,468,5,70
1874,76,3,84,4,472,2,40
1875,76,3,85,8,480,0,80
1876,76,3,86,2,482,0,20
1877,76,3,87,7,489,9,70
1878,76,3,88,3,492,2,30
1879,76,3,89,6,498,4,60
1880,76,3,90,4,502,0,40
1881,76,3,91,2,504,0,20
1882,76,3,92,3,507,4,30
1883,76,3,93,3,510,0,30
1884,76,3,94,3,513,5,30
1885,76,3,95,8,521,3,80
1886,76,3,96,5,526,2,50
1887,76,3,97,6,532,0,60
1888,76,3,98,9,541,9,90
1889,76,3,99,6,547,5,60
1890,76,3,100,2,549,3,20
1891,76,3,101,4,553,2,40
1892,76,3,102,7,560,1,70
1893,76,3,103,5,565,0,50
1894,76,3,104,4,569,4,40
1895,76,3,105,4,573,2,40
1896,76,3,106,2,575,0,20
1897,76,3,107,8,583,9,80
1898,76,3,108,5,588,1,50
1899,76,3,109,4,592,2,40
1900,76,3,110,6,598,2,60
1901,76,3,111,6,604,1,60
1902,76,3,112,5,609,2,50
1903,76,3,113,7,616,5,70
1904,76,3,114,9,625,8,90
1905,76,3,115,6,631,0,60
1906,76,3,116,6,637,9,60
1907,76,3,117,6,643,2,60
1908,76,3,118,8,651,5,80
1909,76,3,119,4,655,1,40
1910,76,3,120,5,660,1,50
1911,76,3,121,9,669,0,90
1912,76,3,122,8,677,14,80
1913,76,3,123,3,680,1,30
1914,76,3,124,5,685,3,50
1915,76,3,125,8,693,0,80
1916,76,3,126,8,701,3,80
1917,76,3,127,4,705,3,40
1918,76,3,128,9,714,3,90
1919,76,3,129,9,723,0,90
1920,76,3,130,6,729,0,60
1921,76,3,131,5,734,0,50
1922,76,3,132,7,741,0,70
1923,76,3,133,8,749,6,80
1924,76,3,134,8,757,6,80
1925,76,3,135,8,765,0,80
1926,76,3,136,2,767,0,20
1927,76,3,137,7,774,4,70
1928,76,3,138,7,781,0,70
1929,76,3,139,6,787,9,60
1930,76,3,140,2,789,0,20
1931,76,3,141,6,795,5,60
1932,76,3,142,6,801,0,60
1933,76,3,143,4,805,5,40
1934,76,3,144,4,809,2,40
1935,76,3,145,6,815,5,60
1936,76,3,146,6,821,6,60
1937,76,3,147,9,830,7,90
1938,76,3,148,8,838,1,80
1939,76,3,149,3,841,2,30
1940,76,3,150,8,849,0,80
1941,76,3,151,8,857,4,80
1942,76,3,152,5,862,1,50
1943,76,3,153,9,871,2,90
1944,76,3,154,6,877,6,60
1945,76,3,155,3,880,1,30
1946,76,3,156,8,888,0,80
1947,76,3,157,6,894,4,60
1948,76,3,158,4,898,1,40
1949,76,3,159,5,903,5,50
1950,76,3,160,3,906,0,30
1951,76,3,161,6,912,1,60
1952,76,3,162,3,915,1,30
1953,76,3,163,8,923,5,80
1954,76,3,164,9,932,3,90
1955,76,3,165,7,939,5,70
1956,76,3,166,5,944,5,50
1957,76,3,167,5,949,1,50
1958,76,3,168,6,955,0,60
1959,76,3,169,6,961,0,60
1960,76,3,170,8,969,13,80
1961,76,3,171,8,977,3,80
1962,76,3,172,9,986,7,90
1963,76,3,173,6,992,1,60
1964,76,3,174,8,1000,0,80
1965,76,3,175,2,1002,6,20
1966,76,3,176,7,1009,2,70
1967,76,3,177,9,1018,1,90
1968,76,3,178,5,1023,3,50
1969,76,3,179,6,1029,6,60
1970,76,3,180,7,1036,6,70
1971,76,3,181,9,1045,5,90
1972,76,3,182,3,1048,2,30
1973,76,3,183,3,1051,0,30
1974,76,3,184,6,1057,4,60
1975,76,3,185,5,1062,0,50
1976,76,3,186,2,1064,4,20
1977,76,3,187,8,1072,3,80
1978,76,3,188,3,1075,1,30
1979,76,3,189,8,1083,5,80
1980,76,3,190,6,1089,4,60
1981,76,3,191,3,1092,2,30
1982,76,3,192,8,1100,7,80
1983,76,3,193,3,1103,2,30
1984,76,3,194,2,1105,0,20
1985,76,3,195,6,1111,4,60
1986,76,3,196,3,1114,0,30
1987,76,3,197,7,1121,4,70
1988,76,3,198,9,1130,0,90
1989,76,3,199,2,1132,5,20
1990,76,3,200,2,1134,0,20
1991,76,3,201,8,1142,0,80
1992,76,3,202,6,1148,7,60
1993,76,3,203,6,1154,0,60
1994,76,3,204,5,1159,4,50
1995,76,3,205,4,1163,0,40
1996,76,3,206,7,1170,0,70
1997,76,3,207,2,1172,0,20
1998,76,3,208,5,1177,9,50
1999,76,3,209,3,1180,0,30
2000,76,3,210,5,1185,2,50
2001,76,3,211,8,1193,0,80
2002,76,3,212,7,1200,7,70
2003,76,3,213,3,1203,0,30
2004,76,3,214,4,1207,2,40
2005,76,3,215,6,1213,0,60
2006,76,3,216,2,1215,5,20
2007,76,3,217,6,1221,2,60
2008,76,3,218,9,1230,2,90
2009,76,3,219,8,1238,0,80
2010,76,3,220,9,1247,4,90
2011,76,3,221,7,1254,0,70
2012,76,3,222,2,1256,2,20
2013,76,3,223,2,1258,0,20
2014,76,3,224,6,1264,0,60
2015,76,3,225,3,1267,7,30
2016,76,3,226,7,1274,2,70
2017,76,3,227,2,1276,0,20
2018,76,3,228,2,1278,0,20
2019,76,3,229,5,1283,3,50
2020,76,3,230,7,1290,3,70
2021,76,3,231,8,1298,5,80
2022,76,3,232,3,1301,0,30
2023,76,3,233,2,1303,2,20
2024,76,3,234,3,1306,2,30
2025,76,3,235,5,1311,5,50
2026,76,3,236,3,1314,0,30
2027,76,3,237,4,1318,1,40
2028,76,3,238,4,1322,2,40
2029,76,3,239,8,1330,0,80
2030,76,3,240,8,1338,10,80
2031,76,3,241,4,1342,4,40
2032,76,3,242,9,1351,3,90
2033,76,3,243,2,1353,0,20
2034,76,3,244,9,1362,3,90
2035,76,3,245,8,1370,5,80
2036,76,3,246,6,1376,3,60
2037,76,3,247,3,1379,1,30
2038,76,3,248,5,1384,0,50
2039,76,3,249,4,1388,1,40
2040,76,3,250,5,1393,4,50
2041,76,3,251,4,1397,2,40
2042,76,3,252,6,1403,0,60
2043,76,3,253,8,1411,0,80
2044,76,3,254,6,1417,8,60
2045,76,3,255,5,1422,0,50
2046,76,3,256,5,1427,0,50
2047,76,3,257,2,1429,2,20
2048,76,3,258,5,1434,3,50
2049,76,3,259,5,1439,3,50
2050,76,3,260,3,1442,2,30
2051,76,3,261,3,1445,2,30
2052,76,3,262,9,1454,6,90
2053,76,3,263,4,1458,1,40
2054,76,3,264,9,1467,10,90
2055,76,3,265,7,1474,4,70
2056,76,3,266,6,1480,4,60
2057,76,3,267,6,1486,2,60
2058,76,3,268,5,1491,2,50
2059,76,3,269,6,1497,1,60
2060,76,3,270,3,1500,0,30
2061,76,3,271,2,1502,2,20
2062,76,3,272,8,1510,0,80
2063,76,3,273,6,1516,3,60
2064,76,3,274,3,1519,0,30
2065,76,3,275,4,1523,4,40
2066,76,3,276,9,1532,0,90
2067,76,3,277,5,1537,7,50
2068,76,3,278,3,1540,1,30
2069,76,3,279,2,1542,0,20
2070,76,3,280,6,1548,0,60
2071,76,3,281,9,1557,4,90
2072,76,3,282,8,1565,0,80
2073,76,3,283,7,1572,9,70
2074,76,3,284,9,1581,0,90
2075,76,3,285,5,1586,11,50
2076,76,3,286,4,1590,5,40
2077,76,3,287,2,1592,2,20
2078,76,3,288,3,1595,1,30
2079,76,3,289,9,1604,1,90
2080,76,3,290,3,1607,0,30
2081,76,3,291,4,1611,0,40
2082,76,3,292,5,1616,4,50
2083,76,3,293,5,1621,0,50
2084,76,3,294,5,1626,5,50
2085,76,3,295,6,1632,1,60
2086,76,3,296,6,1638,0,60
2087,76,3,297,2,1640,0,20
2088,76,3,298,4,1644,6,40
2089,76,3,299,5,1649,3,50
2090,76,3,300,6,1655,2,60
2091,76,3,301,9,1664,3,90
2092,76,3,302,5,1669,4,50
2093,76,3,303,4,1673,4,40
2094,76,3,304,2,1675,3,20
2095,76,3,305,8,1683,3,80
2096,76,3,306,8,1691,2,80
2097,76,3,307,8,1699,0,80
2098,76,3,308,9,1708,8,90
2099,76,3,309,6,1714,0,60
2100,76,3,310,3,1717,2,30
2101,76,3,311,5,1722,0,50
2102,76,3,312,3,1725,1,30
2103,76,3,313,4,1729,2,40
2104,76,3,314,7,1736,8,70
2105,76,3,315,5,1741,1,50
2106,76,3,316,8,1749,0,80
2107,76,3,317,9,1758,5,90
2108,76,3,318,9,1767,7,90
2109,76,3,319,6,1773,0,60
2110,76,3,320,4,1777,0,40
2111,76,3,321,5,1782,7,50
2112,76,3,322,3,1785,0,30
2113,76,3,323,5,1790,4,50
2114,76,3,324,8,1798,0,80
2115,76,3,325,9,1807,9,90
2116,76,3,326,6,1813,3,60
2117,76,3,327,3,1816,2,30
2118,76,3,328,4,1820,2,40
2119,76,3,329,6,1826,3,60
2120,76,3,330,3,1829,2,30
2121,76,3,331,3,1832,0,30
2122,76,3,332,6,1838,3,60
2123,76,3,333,7,1845,1,70
2124,76,3,334,4,1849,3,40
2125,76,3,335,8,1857,1,80
2126,76,3,336,5,1862,0,50
2127,76,3,337,2,1864,3,20
2128,76,3,338,8,1872,2,80
2129,76,3,339,6,1878,1,60
2130,76,3,340,4,1882,3,40
2131,76,3,341,3,1885,5,30
2132,76,3,342,3,1888,2,30
2133,76,3,343,3,1891,1,30
2134,76,3,344,9,1900,4,90
2135,76,3,345,6,1906,3,60
2136,76,3,346,7,1913,3,70
2137,76,3,347,6,1919,2,60
2138,76,3,348,5,1924,0,50
2139,76,3,349,7,1931,3,70
2140,76,3,350,8,1939,5,80
2141,76,3,351,7,1946,2,70
2142,76,3,352,6,1952,3,60
2143,76,3,353,4,1956,0,40
2144,76,3,354,2,1958,2,20
2145,76,3,355,7,1965,1,70
2146,76,3,356,5,1970,6,50
2147,76,3,357,2,1972,1,20
2148,76,3,358,2,1974,1,20
2149,76,3,359,5,1979,0,50
2150,76,3,360,9,1988,9,90
2151,76,3,361,8,1996,0,80
2152,76,3,362,3,1999,8,30
2153,76,3,363,6,2005,1,60
2154,76,3,364,4,2009,0,40
2155,76,3,365,7,2016,6,70
2156,76,3,366,3,2019,2,30
2157,76,3,367,9,2028,0,90
2158,76,3,368,2,2030,8,20
2159,76,3,369,9,2039,0,90
2160,76,3,370,5,2044,7,50
2161,76,3,371,8,2052,6,80
2162,76,3,372,9,2061,9,90
2163,76,3,373,6,2067,0,60
2164,76,3,374,7,2074,4,70
2165,76,3,375,4,2078,3,40
2166,76,3,376,2,2080,0,20
2167,76,3,377,9,2089,3,90
2168,76,3,378,3,2092,2,30
2169,76,3,379,5,2097,3,50
2170,76,3,380,6,2103,1,60
2171,76,3,381,9,2112,3,90
2172,76,3,382,8,2120,4,80
2173,76,3,383,3,2123,0,30
2174,76,3,384,8,2131,4,80
2175,76,3,385,9,2140,3,90
2176,76,3,386,8,2148,5,80
2177,76,3,387,7,2155,7,70
2178,76,3,388,7,2162,2,70
2179,76,3,389,6,2168,2,60
2180,76,3,390,5,2173,5,50
2181,76,3,391,8,2181,5,80
2182,76,3,392,6,2187,1,60
2183,76,3,393,9,2196,3,90
2184,76,3,394,7,2203,5,70
2185,76,3,395,7,2210,5,70
2186,76,3,396,5,2215,7,50
2187,76,3,397,9,2224,0,90
2188,76,3,398,2,2226,3,20
2189,76,3,399,9,2235,5,90
2190,76,3,400,7,2242,0,70
2191,76,3,401,5,2247,5,50
2192,76,3,402,4,2251,3,40
2193,76,3,403,6,2257,8,60
2194,76,3,404,3,2260,2,30
2195,76,3,405,4,2264,3,40
2196,76,3,406,8,2272,3,80
2197,76,3,407,3,2275,2,30
2198,76,3,408,7,2282,5,70
2199,76,3,409,9,2291,4,90
2200,76,3,410,4,2295,0,40
2201,76,3,411,2,2297,0,20
2202,76,3,412,9,2306,7,90
2203,76,3,413,9,2315,9,90
2204,76,3,414,9,2324,8,90
2205,76,3,415,6,2330,6,60
2206,76,3,416,3,2333,5,30
2207,76,3,417,7,2340,0,70
2208,76,3,418,8,2348,10,80
2209,76,3,419,5,2353,4,50
2210,76,3,420,3,2356,2,30
2211,76,3,421,2,2358,3,20
2212,76,3,422,5,2363,1,50
2213,76,3,423,5,2368,2,50
2214,76,3,424,4,2372,5,40
2215,76,3,425,3,2375,2,30
2216,76,3,426,6,2381,1,60
2217,76,3,427,2,2383,0,20
2218,76,3,428,8,2391,3,80
2219,76,3,429,5,2396,4,50
2220,76,3,430,9,2405,8,90
2221,76,3,431,8,2413,1,80
2222,76,3,432,7,2420,3,70
2223,76,3,433,2,2422,0,20
2224,76,3,434,2,2424,0,20
2225,76,3,435,3,2427,1,30
2226,76,3,436,6,2433,3,60
2227,76,3,437,4,2437,2,40
2228,76,3,438,3,2440,3,30
2229,76,3,439,8,2448,4,80
2230,76,3,440,7,2455,7,70
2231,76,3,441,4,2459,3,40
2232,76,3,442,2,2461,2,20
2233,76,3,443,4,2465,2,40
2234,76,3,444,8,2473,4,80
2235,76,3,445,3,2476,3,30
2236,76,3,446,7,2483,0,70
2237,76,3,447,2,2485,0,20
2238,76,3,448,9,2494,8,90
2239,76,3,449,3,2497,3,30
2240,76,3,450,5,2502,4,50
2241,76,3,451,7,2509,6,70
2242,76,3,452,5,2514,5,50
2243,76,3,453,6,2520,4,60
2244,76,3,454,9,2529,0,90
2245,76,3,455,4,2533,0,40
2246,76,3,456,3,2536,4,30
2247,76,3,457,5,2541,3,50
2248,76,3,458,7,2548,3,70
2249,76,3,459,5,2553,0,50
2250,76,3,460,5,2558,0,50
2251,76,3,461,2,2560,4,20
2252,76,3,462,3,2563,1,30
2253,76,3,463,5,2568,1,50
2254,76,3,464,5,2573,0,50
2255,76,3,465,4,2577,1,40
2256,76,3,466,2,2579,3,20
2257,76,3,467,3,2582,0,30
2258,76,3,468,9,2591,4,90
2259,76,3,469,7,2598,4,70
2260,76,3,470,5,2603,3,50
2261,76,3,471,6,2609,7,60
2262,76,3,472,9,2618,6,90
2263,76,3,473,4,2622,1,40
2264,76,3,474,8,2630,2,80
2265,76,3,475,4,2634,3,40
2266,76,3,476,7,2641,4,70
2267,76,3,477,3,2644,1,30
2268,76,3,478,9,2653,4,90
2269,76,3,479,3,2656,0,30
2270,76,3,480,5,2661,0,50
2271,76,3,481,5,2666,1,50
2272,76,3,482,4,2670,4,40
2273,76,3,483,3,2673,0,30
2274,76,3,484,8,2681,5,80
2275,76,3,485,3,2684,1,30
2276,76,3,486,9,2693,0,90
2277,76,3,487,2,2695,8,20
2278,76,3,488,2,2697,1,20
2279,76,3,489,5,2702,3,50
2280,76,3,490,8,2710,7,80
2281,76,3,491,4,2714,2,40
2282,76,3,492,5,2719,0,50
2283,76,3,493,2,2721,4,20
2284,76,3,494,8,2729,6,80
2285,76,3,495,6,2735,5,60
2286,76,3,496,5,2740,1,50
2287,76,3,497,9,2749,2,90
2288,76,3,498,3,2752,2,30
2289,76,3,499,4,2756,2,40
2290,76,3,500,2,2758,3,20
2291,76,3,501,7,2765,5,70
2292,76,3,502,7,2772,2,70
2293,76,3,503,2,2774,0,20
2294,76,3,504,5,2779,0,50
2295,76,3,505,9,2788,8,90
2296,76,3,506,4,2792,0,40
2297,76,3,507,9,2801,1,90
2298,76,3,508,8,2809,8,80
2299,76,3,509,2,2811,0,20
2300,76,3,510,2,2813,0,20
2301,76,3,511,7,2820,7,70
2302,76,3,512,9,2829,7,90
2303,76,3,513,9,2838,6,90
2304,76,3,514,3,2841,1,30
2305,76,3,515,8,2849,5,80
2306,76,3,516,8,2857,0,80
2307,76,3,517,6,2863,5,60
2308,76,3,518,7,2870,3,70
2309,76,3,519,8,2878,6,80
2310,76,3,520,8,2886,2,80
2311,76,3,521,7,2893,6,70
2312,76,3,522,2,2895,1,20
2313,76,3,523,8,2903,6,80
2314,76,3,524,3,2906,2,30
2315,76,3,525,3,2909,1,30
2316,76,3,526,7,2916,3,70
2317,76,3,527,3,2919,1,30
2318,76,3,528,4,2923,1,40
2319,76,3,529,4,2927,2,40
2320,76,3,530,3,2930,0,30
2321,76,3,531,5,2935,0,50
2322,76,3,532,2,2937,0,20
2323,76,3,533,8,2945,9,80
2324,76,3,534,4,2949,4,40
2325,76,3,535,3,2952,1,30
2326,76,3,536,7,2959,2,70
2327,76,3,537,2,2961,0,20
2328,76,3,538,6,2967,2,60
2329,76,3,539,7,2974,1,70
2330,76,3,540,9,2983,5,90
2331,76,3,541,8,2991,2,80
2332,76,3,542,2,2993,1,20
2333,76,3,543,4,2997,0,40
2334,76,3,544,4,3001,0,40
2335,76,3,545,4,3005,7,40
2336,76,3,546,8,3013,0,80
2337,76,3,547,7,3020,5,70
2338,76,3,548,6,3026,6,60
2339,76,3,549,8,3034,6,80
2340,76,3,550,8,3042,0,80
2341,76,3,551,8,3050,7,80
2342,76,3,552,7,3057,4,70
2343,76,3,553,7,3064,2,70
2344,76,3,554,5,3069,7,50
2345,76,3,555,8,3077,4,80
2346,76,3,556,6,3083,3,60
2347,76,3,557,6,3089,3,60
2348,76,3,558,2,3091,1,20
2349,76,3,559,7,3098,6,70
2350,76,3,560,8,3106,0,80
2351,76,3,561,2,3108,6,20
2352,76,3,562,6,3114,1,60
2353,76,3,563,7,3121,3,70
2354,76,3,564,5,3126,2,50
2355,76,3,565,5,3131,3,50
2356,76,3,566,6,3137,4,60
2357,76,3,567,2,3139,2,20
2358,76,3,568,3,3142,2,30
2359,76,3,569,8,3150,6,80
2360,76,3,570,6,3156,4,60
2361,76,3,571,7,3163,4,70
2362,76,3,572,9,3172,5,90
2363,76,3,573,9,3181,6,90
2364,76,3,574,8,3189,5,80
2365,76,3,575,5,3194,3,50
2366,76,3,576,7,3201,3,70
2367,76,3,577,4,3205,1,40
2368,76,3,578,9,3214,4,90
2369,76,3,579,7,3221,5,70
2370,76,3,580,2,3223,0,20
2371,76,3,581,2,3225,3,20
2372,76,3,582,3,3228,0,30
2373,76,3,583,2,3230,0,20
2374,76,3,584,9,3239,2,90
2375,76,3,585,4,3243,3,40
2376,76,3,586,9,3252,6,90
2377,76,3,587,2,3254,1,20
2378,76,3,588,6,3260,0,60
2379,76,3,589,6,3266,8,60
2380,76,3,590,8,3274,3,80
2381,76,3,591,2,3276,3,20
2382,76,3,592,7,3283,5,70
2383,76,3,593,3,3286,0,30
2384,76,3,594,7,3293,5,70
2385,76,3,595,8,3301,3,80
2386,76,3,596,6,3307,4,60
2387,76,3,597,4,3311,5,40
2388,76,3,598,3,3314,0,30
2389,76,3,599,3,3317,1,30
2390,76,3,600,9,3326,6,90
2391,76,3,601,5,3331,5,50
2392,76,3,602,8,3339,0,80
2393,76,3,603,4,3343,3,40
2394,76,3,604,8,3351,2,80
2395,76,3,605,6,3357,4,60
2396,76,3,606,2,3359,2,20
2397,76,3,607,8,3367,2,80
2398,76,3,608,7,3374,0,70
2399,76,3,609,2,3376,0,20
2400,76,3,610,2,3378,0,20
2401,76,3,611,7,3385,1,70
2402,76,3,612,7,3392,2,70
2403,76,3,613,6,3398,0,60
2404,76,3,614,3,3401,5,30
2405,76,3,615,2,3403,0,20
2406,76,3,616,4,3407,5,40
2407,76,3,617,9,3416,4,90
2408,76,3,618,9,3425,4,90
2409,76,3,619,9,3434,0,90
2410,76,3,620,6,3440,6,60
2411,76,3,621,4,3444,0,40
2412,76,3,622,3,3447,4,30
2413,76,3,623,3,3450,0,30
2414,76,3,624,7,3457,9,70
2415,76,3,625,6,3463,5,60
2416,76,3,626,7,3470,0,70
2417,76,3,627,8,3478,1,80
2418,76,3,628,6,3484,0,60
2419,76,3,629,8,3492,6,80
2420,76,3,630,6,3498,3,60
2421,76,3,631,5,3503,3,50
2422,76,3,632,8,3511,9,80
2423,76,3,633,4,3515,0,40
2424,76,3,634,8,3523,2,80
2425,76,3,635,5,3528,0,50
2426,76,3,636,3,3531,0,30
2427,76,3,637,6,3537,2,60
2428,76,3,638,5,3542,5,50
2429,76,3,639,5,3547,3,50
2430,76,3,640,6,3553,2,60
2431,76,3,641,5,3558,0,50
2432,76,3,642,3,3561,3,30
2433,76,3,643,3,3564,1,30
2434,76,3,644,5,3569,2,50
2435,76,3,645,7,3576,0,70
2436,76,3,646,2,3578,0,20
2437,76,3,647,8,3586,6,80
2438,76,3,648,6,3592,4,60
2439,76,3,649,7,3599,0,70
2440,76,3,650,4,3603,4,40
2441,76,3,651,6,3609,0,60
2442,76,3,652,4,3613,2,40
2443,76,3,653,8,3621,5,80
2444,76,3,654,6,3627,3,60
2445,76,3,655,2,3629,0,20
2446,76,3,656,7,3636,4,70
2447,76,3,657,5,3641,0,50
2448,76,3,658,6,3647,6,60
2449,76,3,659,9,3656,2,90
2450,76,3,660,7,3663,0,70
2451,76,3,661,8,3671,13,80
2452,76,3,662,9,3680,2,90
2453,76,3,663,2,3682,3,20
2454,76,3,664,2,3684,1,20
2455,76,3,665,5,3689,1,50
2456,76,3,666,8,3697,3,80
2457,76,3,667,5,3702,0,50
2458,76,3,668,9,3711,5,90
2459,76,3,669,6,3717,6,60
2460,76,3,670,5,3722,0,50
2461,76,3,671,3,3725,1,30
2462,76,3,672,2,3727,0,20
2463,76,3,673,5,3732,0,50
2464,76,3,674,8,3740,10,80
2465,76,3,675,9,3749,5,90
2466,76,3,676,2,3751,0,20
2467,76,3,677,9,3760,6,90
2468,76,3,678,3,3763,0,30
2469,76,3,679,7,3770,0,70
2470,76,3,680,4,3774,5,40
2471,76,3,681,3,3777,1,30
2472,76,3,682,4,3781,7,40
2473,76,3,683,2,3783,0,20
2474,76,3,684,2,3785,4,20
2475,76,3,685,2,3787,1,20
2476,76,3,686,2,3789,1,20
2477,76,3,687,2,3791,1,20
2478,76,3,688,8,3799,6,80
2479,76,3,689,2,3801,2,20
2480,76,3,690,8,3809,7,80
2481,76,3,691,5,3814,1,50
2482,76,3,692,9,3823,4,90
2483,76,3,693,6,3829,2,60
2484,76,3,694,8,3837,5,80
2485,76,3,695,4,3841,0,40
2486,76,3,696,7,3848,8,70
2487,76,3,697,5,3853,5,50
2488,76,3,698,3,3856,0,30
2489,76,3,699,5,3861,1,50
2490,76,3,700,9,3870,9,90
2491,76,3,701,3,3873,0,30
2492,76,3,702,8,3881,5,80
2493,76,3,703,3,3884,0,30
2494,76,3,704,8,3892,8,80
2495,76,3,705,6,3898,3,60
2496,76,3,706,5,3903,0,50
2497,76,3,707,2,3905,4,20
2498,76,3,708,5,3910,3,50
2499,76,3,709,7,3917,3,70
2500,76,3,710,9,3926,10,90
2501,76,3,711,3,3929,1,30
2502,76,3,712,3,3932,0,30
2503,76,3,713,5,3937,7,50
2504,76,3,714,2,3939,2,20
2505,76,3,715,8,3947,2,80
2506,76,3,716,8,3955,7,80
2507,76,3,717,7,3962,5,70
2508,76,3,718,7,3969,0,70
2509,76,3,719,8,3977,3,80
2510,76,3,720,3,3980,4,30
2511,76,3,721,2,3982,0,20
2512,76,3,722,2,3984,0,20
2513,76,3,723,3,3987,3,30
2514,76,3,724,8,3995,0,80
2515,76,3,725,8,4003,5,80
2516,76,3,726,3,4006,2,30
2517,76,3,727,4,4010,4,40
2518,76,3,728,4,4014,1,40
2519,76,3,729,2,4016,0,20
2520,76,3,730,7,4023,4,70
2521,76,3,731,4,4027,0,40
2522,76,3,732,2,4029,2,20
2523,76,3,733,9,4038,4,90
2524,76,3,734,4,4042,4,40
2525,76,3,735,8,4050,0,80
2526,76,3,736,9,4059,11,90
2527,76,3,737,8,4067,4,80
2528,76,3,738,4,4071,0,40
2529,76,3,739,7,4078,12,70
2530,76,3,740,9,4087,5,90
2531,76,3,741,3,4090,0,30
2532,76,3,742,3,4093,1,30
2533,76,3,743,3,4096,0,30
2534,76,3,744,2,4098,4,20
2535,76,3,745,7,4105,5,70
2536,76,3,746,5,4110,0,50
2537,76,3,747,8,4118,4,80
2538,76,3,748,3,4121,0,30
2539,76,3,749,6,4127,4,60
2540,76,3,750,4,4131,3,40
2541,76,3,751,5,4136,0,50
2542,76,3,752,3,4139,0,30
2543,76,3,753,5,4144,3,50
2544,76,3,754,9,4153,0,90
2545,76,3,755,9,4162,14,90
2546,76,3,756,4,4166,1,40
2547,76,3,757,8,4174,4,80
2548,76,3,758,3,4177,0,30
2549,76,3,759,7,4184,0,70
2550,76,3,760,7,4191,6,70
2551,76,3,761,5,4196,4,50
2552,76,3,762,5,4201,1,50
2553,76,3,763,9,4210,0,90
2554,76,3,764,8,4218,9,80
2555,76,3,765,6,4224,5,60
2556,76,3,766,2,4226,1,20
2557,76,3,767,9,4235,4,90
2558,76,3,768,4,4239,1,40
2559,76,3,769,4,4243,0,40
2560,76,3,770,4,4247,3,40
2561,76,3,771,8,4255,0,80
2562,76,3,772,5,4260,3,50
2563,76,3,773,8,4268,3,80
2564,76,3,774,7,4275,3,70
2565,76,3,775,8,4283,6,80
2566,76,3,776,5,4288,4,50
2567,76,3,777,9,4297,5,90
2568,76,3,778,7,4304,0,70
2569,76,3,779,3,4307,0,30
2570,76,3,780,6,4313,6,60
2571,76,3,781,6,4319,3,60
2572,76,3,782,5,4324,6,50
2573,76,3,783,8,4332,2,80
2574,76,3,784,5,4337,2,50
2575,76,3,785,6,4343,7,60
2576,76,3,786,5,4348,0,50
2577,76,3,787,5,4353,7,50
2578,76,3,788,2,4355,1,20
2579,76,3,789,7,4362,6,70
2580,76,3,790,6,4368,0,60
2581,76,3,791,8,4376,5,80
2582,76,3,792,8,4384,0,80
2583,76,3,793,5,4389,7,50
2584,76,3,794,4,4393,2,40
2585,76,3,795,5,4398,3,50
2586,76,3,796,4,4402,1,40
2587,76,3,797,9,4411,6,90
2588,76,3,798,2,4413,2,20
2589,76,3,799,7,4420,4,70
2590,76,3,800,6,4426,2,60
2591,76,3,801,9,4435,0,90
2592,76,3,802,6,4441,9,60
2593,76,3,803,7,4448,4,70
2594,76,3,804,6,4454,1,60
2595,76,3,805,8,4462,2,80
2596,76,3,806,9,4471,7,90
2597,76,3,807,8,4479,4,80
2598,76,3,808,4,4483,0,40
2599,76,3,809,2,4485,0,20
2600,76,3,810,4,4489,6,40
2601,76,3,811,8,4497,0,80
2602,76,3,812,8,4505,11,80
2603,76,3,813,8,4513,5,80
2604,76,3,814,3,4516,1,30
2605,76,3,815,4,4520,0,40
2606,76,3,816,9,4529,4,90
2607,76,3,817,5,4534,3,50
2608,76,3,818,4,4538,4,40
2609,76,3,819,5,4543,0,50
2610,76,3,820,7,4550,5,70
2611,76,3,821,9,4559,6,90
2612,76,3,822,8,4567,3,80
2613,76,3,823,4,4571,0,40
2614,76,3,824,7,4578,3,70
2615,76,3,825,5,4583,0,50
2616,76,3,826,3,4586,0,30
2617,76,3,827,6,4592,7,60
2618,76,3,828,4,4596,5,40
2619,76,3,829,8,4604,4,80
2620,76,3,830,3,4607,1,30
2621,76,3,831,9,4616,4,90
2622,76,3,832,2,4618,0,20
2623,76,3,833,2,4620,2,20
2624,76,3,834,6,4626,4,60
2625,76,3,835,2,4628,0,20
2626,76,3,836,6,4634,1,60
2627,76,3,837,8,4642,1,80
2628,76,3,838,6,4648,5,60
2629,76,3,839,2,4650,0,20
2630,76,3,840,3,4653,2,30
2631,76,3,841,3,4656,1,30
2632,76,3,842,3,4659,0,30
2633,76,3,843,9,4668,4,90
2634,76,3,844,2,4670,3,20
2635,76,3,845,7,4677,4,70
2636,76,3,846,5,4682,1,50
2637,76,3,847,3,4685,3,30
2638,76,3,848,4,4689,2,40
2639,76,3,849,9,4698,7,90
2640,76,3,850,7,4705,3,70
2641,76,3,851,9,4714,7,90
2642,76,3,852,9,4723,4,90
2643,76,3,853,8,4731,2,80
2644,76,3,854,6,4737,2,60
2645,76,3,855,6,4743,2,60
2646,76,3,856,9,4752,6,90
2647,76,3,857,3,4755,0,30
2648,76,3,858,8,4763,4,80
2649,76,3,859,9,4772,0,90
2650,76,3,860,3,4775,6,30
2651,76,3,861,7,4782,5,70
2652,76,3,862,6,4788,2,60
2653,76,3,863,5,4793,0,50
2654,76,3,864,3,4796,0,30
2655,76,3,865,7,4803,9,70
2656,76,3,866,9,4812,7,90
2657,76,3,867,6,4818,4,60
2658,76,3,868,7,4825,2,70
2659,76,3,869,5,4830,1,50
2660,76,3,870,8,4838,3,80
2661,76,3,871,6,4844,6,60
2662,76,3,872,4,4848,2,40
2663,76,3,873,9,4857,8,90
2664,76,3,874,5,4862,0,50
2665,76,3,875,8,4870,6,80
2666,76,3,876,6,4876,2,60
2667,76,3,877,9,4885,3,90
2668,76,3,878,6,4891,5,60
2669,76,3,879,2,4893,0,20
2670,76,3,880,7,4900,6,70
2671,76,3,881,2,4902,0,20
2672,76,3,882,4,4906,4,40
2673,76,3,883,2,4908,1,20
2674,76,3,884,6,4914,3,60
2675,76,3,885,6,4920,2,60
2676,76,3,886,8,4928,3,80
2677,76,3,887,3,4931,0,30
2678,76,3,888,8,4939,7,80
2679,76,3,889,7,4946,4,70
2680,76,3,890,5,4951,4,50
2681,76,3,891,9,4960,5,90
2682,76,3,892,5,4965,1,50
2683,76,3,893,8,4973,3,80
2684,76,3,894,8,4981,3,80
2685,76,3,895,3,4984,0,30
2686,76,3,896,9,4993,6,90
2687,76,3,897,2,4995,4,20
