,Scenario,Trial,Inspection,Interval,Time,Defects,Rate
0,86,1,1,7,7,3,70
1,86,1,2,3,10,1,30
2,86,1,3,9,19,0,90
3,86,1,4,8,27,9,80
4,86,1,5,3,30,1,30
5,86,1,6,5,35,1,50
6,86,1,7,4,39,1,40
7,86,1,8,9,48,5,90
8,86,1,9,5,53,0,50
9,86,1,10,7,60,8,70
10,86,1,11,5,65,7,50
11,86,1,12,6,71,3,60
12,86,1,13,7,78,4,70
13,86,1,14,3,81,1,30
14,86,1,15,6,87,1,60
15,86,1,16,7,94,3,70
16,86,1,17,5,99,2,50
17,86,1,18,9,108,4,90
18,86,1,19,3,111,2,30
19,86,1,20,4,115,0,40
20,86,1,21,4,119,0,40
21,86,1,22,9,128,8,90
22,86,1,23,4,132,1,40
23,86,1,24,2,134,0,20
24,86,1,25,3,137,1,30
25,86,1,26,2,139,0,20
26,86,1,27,7,146,2,70
27,86,1,28,6,152,2,60
28,86,1,29,2,154,0,20
29,86,1,30,2,156,5,20
30,86,1,31,9,165,1,90
31,86,1,32,7,172,0,70
32,86,1,33,9,181,7,90
33,86,1,34,5,186,5,50
34,86,1,35,3,189,3,30
35,86,1,36,8,197,0,80
36,86,1,37,7,204,0,70
37,86,1,38,7,211,13,70
38,86,1,39,5,216,1,50
39,86,1,40,7,223,5,70
40,86,1,41,9,232,4,90
41,86,1,42,9,241,2,90
42,86,1,43,3,244,0,30
43,86,1,44,2,246,0,20
44,86,1,45,6,252,3,60
45,86,1,46,7,259,0,70
46,86,1,47,4,263,6,40
47,86,1,48,2,265,4,20
48,86,1,49,8,273,9,80
49,86,1,50,3,276,0,30
50,86,1,51,7,283,2,70
51,86,1,52,4,287,3,40
52,86,1,53,5,292,0,50
53,86,1,54,3,295,0,30
54,86,1,55,8,303,5,80
55,86,1,56,5,308,2,50
56,86,1,57,9,317,2,90
57,86,1,58,4,321,5,40
58,86,1,59,2,323,0,20
59,86,1,60,4,327,2,40
60,86,1,61,5,332,1,50
61,86,1,62,5,337,1,50
62,86,1,63,3,340,3,30
63,86,1,64,6,346,6,60
64,86,1,65,7,353,6,70
65,86,1,66,3,356,2,30
66,86,1,67,3,359,0,30
67,86,1,68,3,362,6,30
68,86,1,69,5,367,0,50
69,86,1,70,5,372,0,50
70,86,1,71,2,374,6,20
71,86,1,72,8,382,4,80
72,86,1,73,4,386,0,40
73,86,1,74,4,390,4,40
74,86,1,75,8,398,5,80
75,86,1,76,3,401,3,30
76,86,1,77,5,406,2,50
77,86,1,78,8,414,0,80
78,86,1,79,3,417,3,30
79,86,1,80,4,421,2,40
80,86,1,81,2,423,0,20
81,86,1,82,9,432,0,90
82,86,1,83,4,436,7,40
83,86,1,84,9,445,0,90
84,86,1,85,4,449,5,40
85,86,1,86,5,454,0,50
86,86,1,87,3,457,4,30
87,86,1,88,2,459,2,20
88,86,1,89,3,462,1,30
89,86,1,90,8,470,0,80
90,86,1,91,5,475,9,50
91,86,1,92,2,477,1,20
92,86,1,93,6,483,0,60
93,86,1,94,3,486,3,30
94,86,1,95,5,491,0,50
95,86,1,96,3,494,0,30
96,86,1,97,3,497,6,30
97,86,1,98,9,506,0,90
98,86,1,99,6,512,2,60
99,86,1,100,8,520,0,80
100,86,1,101,3,523,0,30
101,86,1,102,9,532,13,90
102,86,1,103,2,534,0,20
103,86,1,104,3,537,3,30
104,86,1,105,3,540,0,30
105,86,1,106,5,545,6,50
106,86,1,107,7,552,0,70
107,86,1,108,2,554,4,20
108,86,1,109,5,559,1,50
109,86,1,110,2,561,1,20
110,86,1,111,3,564,1,30
111,86,1,112,6,570,4,60
112,86,1,113,3,573,1,30
113,86,1,114,7,580,2,70
114,86,1,115,9,589,6,90
115,86,1,116,7,596,4,70
116,86,1,117,8,604,1,80
117,86,1,118,6,610,1,60
118,86,1,119,5,615,3,50
119,86,1,120,9,624,6,90
120,86,1,121,6,630,4,60
121,86,1,122,4,634,3,40
122,86,1,123,8,642,1,80
123,86,1,124,9,651,0,90
124,86,1,125,9,660,8,90
125,86,1,126,5,665,2,50
126,86,1,127,9,674,9,90
127,86,1,128,3,677,3,30
128,86,1,129,5,682,0,50
129,86,1,130,2,684,8,20
130,86,1,131,9,693,0,90
131,86,1,132,4,697,10,40
132,86,1,133,7,704,0,70
133,86,1,134,5,709,8,50
134,86,1,135,8,717,2,80
135,86,1,136,3,720,1,30
136,86,1,137,8,728,4,80
137,86,1,138,4,732,1,40
138,86,1,139,5,737,3,50
139,86,1,140,3,740,0,30
140,86,1,141,2,742,0,20
141,86,1,142,5,747,4,50
142,86,1,143,5,752,3,50
143,86,1,144,2,754,1,20
144,86,1,145,5,759,2,50
145,86,1,146,5,764,2,50
146,86,1,147,3,767,1,30
147,86,1,148,7,774,3,70
148,86,1,149,9,783,0,90
149,86,1,150,4,787,0,40
150,86,1,151,2,789,5,20
151,86,1,152,3,792,0,30
152,86,1,153,4,796,6,40
153,86,1,154,8,804,2,80
154,86,1,155,5,809,0,50
155,86,1,156,6,815,5,60
156,86,1,157,6,821,6,60
157,86,1,158,7,828,1,70
158,86,1,159,8,836,0,80
159,86,1,160,6,842,7,60
160,86,1,161,3,845,2,30
161,86,1,162,6,851,1,60
162,86,1,163,5,856,4,50
163,86,1,164,4,860,0,40
164,86,1,165,6,866,2,60
165,86,1,166,9,875,7,90
166,86,1,167,6,881,4,60
167,86,1,168,2,883,1,20
168,86,1,169,6,889,0,60
169,86,1,170,7,896,0,70
170,86,1,171,3,899,5,30
171,86,1,172,7,906,2,70
172,86,1,173,9,915,0,90
173,86,1,174,4,919,7,40
174,86,1,175,8,927,0,80
175,86,1,176,8,935,9,80
176,86,1,177,4,939,0,40
177,86,1,178,6,945,0,60
178,86,1,179,9,954,6,90
179,86,1,180,6,960,7,60
180,86,1,181,2,962,0,20
181,86,1,182,7,969,3,70
182,86,1,183,9,978,3,90
183,86,1,184,7,985,4,70
184,86,1,185,6,991,1,60
185,86,1,186,3,994,0,30
186,86,1,187,7,1001,2,70
187,86,1,188,4,1005,2,40
188,86,1,189,3,1008,1,30
189,86,1,190,9,1017,5,90
190,86,1,191,7,1024,5,70
191,86,1,192,3,1027,1,30
192,86,1,193,5,1032,8,50
193,86,1,194,5,1037,3,50
194,86,1,195,9,1046,4,90
195,86,1,196,3,1049,0,30
196,86,1,197,2,1051,0,20
197,86,1,198,7,1058,0,70
198,86,1,199,9,1067,0,90
199,86,1,200,3,1070,13,30
200,86,1,201,4,1074,2,40
201,86,1,202,6,1080,7,60
202,86,1,203,6,1086,4,60
203,86,1,204,3,1089,3,30
204,86,1,205,7,1096,2,70
205,86,1,206,4,1100,2,40
206,86,1,207,7,1107,4,70
207,86,1,208,4,1111,4,40
208,86,1,209,5,1116,2,50
209,86,1,210,6,1122,1,60
210,86,1,211,5,1127,0,50
211,86,1,212,4,1131,0,40
212,86,1,213,6,1137,5,60
213,86,1,214,5,1142,5,50
214,86,1,215,5,1147,0,50
215,86,1,216,6,1153,9,60
216,86,1,217,4,1157,0,40
217,86,1,218,9,1166,0,90
218,86,1,219,7,1173,7,70
219,86,1,220,5,1178,6,50
220,86,1,221,3,1181,2,30
221,86,1,222,3,1184,1,30
222,86,1,223,9,1193,3,90
223,86,1,224,3,1196,1,30
224,86,1,225,2,1198,0,20
225,86,1,226,4,1202,1,40
226,86,1,227,6,1208,0,60
227,86,1,228,6,1214,0,60
228,86,1,229,4,1218,8,40
229,86,1,230,2,1220,2,20
230,86,1,231,6,1226,3,60
231,86,1,232,6,1232,5,60
232,86,1,233,7,1239,2,70
233,86,1,234,6,1245,5,60
234,86,1,235,4,1249,0,40
235,86,1,236,2,1251,2,20
236,86,1,237,6,1257,0,60
237,86,1,238,8,1265,0,80
238,86,1,239,9,1274,11,90
239,86,1,240,7,1281,4,70
240,86,1,241,2,1283,0,20
241,86,1,242,6,1289,0,60
242,86,1,243,9,1298,0,90
243,86,1,244,5,1303,4,50
244,86,1,245,5,1308,4,50
245,86,1,246,5,1313,3,50
246,86,1,247,4,1317,0,40
247,86,1,248,3,1320,6,30
248,86,1,249,8,1328,0,80
249,86,1,250,4,1332,7,40
250,86,1,251,5,1337,3,50
251,86,1,252,5,1342,0,50
252,86,1,253,4,1346,3,40
253,86,1,254,8,1354,6,80
254,86,1,255,4,1358,1,40
255,86,1,256,2,1360,0,20
256,86,1,257,3,1363,5,30
257,86,1,258,7,1370,4,70
258,86,1,259,7,1377,4,70
259,86,1,260,7,1384,3,70
260,86,1,261,4,1388,3,40
261,86,1,262,9,1397,6,90
262,86,1,263,6,1403,0,60
263,86,1,264,3,1406,0,30
264,86,1,265,4,1410,4,40
265,86,1,266,2,1412,1,20
266,86,1,267,4,1416,0,40
267,86,1,268,7,1423,0,70
268,86,1,269,3,1426,7,30
269,86,1,270,6,1432,0,60
270,86,1,271,8,1440,0,80
271,86,1,272,6,1446,13,60
272,86,1,273,3,1449,0,30
273,86,1,274,5,1454,2,50
274,86,1,275,8,1462,6,80
275,86,1,276,6,1468,6,60
276,86,1,277,9,1477,4,90
277,86,1,278,3,1480,0,30
278,86,1,279,7,1487,2,70
279,86,1,280,4,1491,3,40
280,86,1,281,7,1498,5,70
281,86,1,282,4,1502,1,40
282,86,1,283,9,1511,6,90
283,86,1,284,2,1513,1,20
284,86,1,285,2,1515,1,20
285,86,1,286,2,1517,1,20
286,86,1,287,6,1523,4,60
287,86,1,288,8,1531,2,80
288,86,1,289,2,1533,1,20
289,86,1,290,2,1535,0,20
290,86,1,291,3,1538,3,30
291,86,1,292,2,1540,1,20
292,86,1,293,4,1544,4,40
293,86,1,294,3,1547,1,30
294,86,1,295,9,1556,0,90
295,86,1,296,7,1563,0,70
296,86,1,297,6,1569,11,60
297,86,1,298,5,1574,0,50
298,86,1,299,2,1576,0,20
299,86,1,300,8,1584,9,80
300,86,1,301,4,1588,3,40
301,86,1,302,2,1590,2,20
302,86,1,303,3,1593,3,30
303,86,1,304,6,1599,3,60
304,86,1,305,9,1608,0,90
305,86,1,306,2,1610,4,20
306,86,1,307,4,1614,1,40
307,86,1,308,7,1621,0,70
308,86,1,309,7,1628,3,70
309,86,1,310,3,1631,0,30
310,86,1,311,3,1634,1,30
311,86,1,312,3,1637,1,30
312,86,1,313,4,1641,0,40
313,86,1,314,3,1644,2,30
314,86,1,315,7,1651,1,70
315,86,1,316,7,1658,5,70
316,86,1,317,9,1667,0,90
317,86,1,318,8,1675,4,80
318,86,1,319,7,1682,4,70
319,86,1,320,4,1686,2,40
320,86,1,321,9,1695,9,90
321,86,1,322,4,1699,0,40
322,86,1,323,7,1706,0,70
323,86,1,324,9,1715,9,90
324,86,1,325,3,1718,0,30
325,86,1,326,6,1724,2,60
326,86,1,327,6,1730,5,60
327,86,1,328,7,1737,2,70
328,86,1,329,2,1739,1,20
329,86,1,330,8,1747,0,80
330,86,1,331,3,1750,7,30
331,86,1,332,4,1754,0,40
332,86,1,333,3,1757,2,30
333,86,1,334,2,1759,2,20
334,86,1,335,8,1767,3,80
335,86,1,336,6,1773,0,60
336,86,1,337,6,1779,0,60
337,86,1,338,5,1784,11,50
338,86,1,339,9,1793,3,90
339,86,1,340,8,1801,5,80
340,86,1,341,6,1807,0,60
341,86,1,342,3,1810,7,30
342,86,1,343,3,1813,1,30
343,86,1,344,6,1819,0,60
344,86,1,345,4,1823,4,40
345,86,1,346,3,1826,2,30
346,86,1,347,3,1829,1,30
347,86,1,348,4,1833,3,40
348,86,1,349,4,1837,3,40
349,86,1,350,3,1840,0,30
350,86,1,351,4,1844,0,40
351,86,1,352,9,1853,5,90
352,86,1,353,2,1855,0,20
353,86,1,354,3,1858,1,30
354,86,1,355,9,1867,4,90
355,86,1,356,4,1871,1,40
356,86,1,357,9,1880,8,90
357,86,1,358,2,1882,0,20
358,86,1,359,6,1888,0,60
359,86,1,360,2,1890,0,20
360,86,1,361,2,1892,3,20
361,86,1,362,7,1899,4,70
362,86,1,363,6,1905,0,60
363,86,1,364,4,1909,7,40
364,86,1,365,7,1916,1,70
365,86,1,366,9,1925,2,90
366,86,1,367,3,1928,0,30
367,86,1,368,9,1937,3,90
368,86,1,369,8,1945,9,80
369,86,1,370,5,1950,5,50
370,86,1,371,4,1954,2,40
371,86,1,372,9,1963,0,90
372,86,1,373,8,1971,0,80
373,86,1,374,8,1979,15,80
374,86,1,375,2,1981,3,20
375,86,1,376,9,1990,3,90
376,86,1,377,8,1998,9,80
377,86,1,378,6,2004,5,60
378,86,1,379,9,2013,5,90
379,86,1,380,8,2021,2,80
380,86,1,381,8,2029,2,80
381,86,1,382,5,2034,0,50
382,86,1,383,5,2039,6,50
383,86,1,384,2,2041,0,20
384,86,1,385,6,2047,5,60
385,86,1,386,5,2052,2,50
386,86,1,387,8,2060,2,80
387,86,1,388,3,2063,1,30
388,86,1,389,4,2067,2,40
389,86,1,390,5,2072,3,50
390,86,1,391,8,2080,4,80
391,86,1,392,6,2086,0,60
392,86,1,393,4,2090,0,40
393,86,1,394,7,2097,7,70
394,86,1,395,9,2106,3,90
395,86,1,396,9,2115,5,90
396,86,1,397,9,2124,6,90
397,86,1,398,3,2127,3,30
398,86,1,399,6,2133,4,60
399,86,1,400,8,2141,0,80
400,86,1,401,9,2150,8,90
401,86,1,402,2,2152,3,20
402,86,1,403,4,2156,2,40
403,86,1,404,5,2161,1,50
404,86,1,405,6,2167,0,60
405,86,1,406,8,2175,0,80
406,86,1,407,8,2183,0,80
407,86,1,408,5,2188,25,50
408,86,1,409,6,2194,2,60
409,86,1,410,4,2198,3,40
410,86,1,411,8,2206,6,80
411,86,1,412,7,2213,3,70
412,86,1,413,7,2220,0,70
413,86,1,414,6,2226,6,60
414,86,1,415,8,2234,5,80
415,86,1,416,3,2237,2,30
416,86,1,417,3,2240,2,30
417,86,1,418,5,2245,3,50
418,86,1,419,3,2248,0,30
419,86,1,420,3,2251,3,30
420,86,1,421,6,2257,0,60
421,86,1,422,6,2263,3,60
422,86,1,423,6,2269,3,60
423,86,1,424,4,2273,0,40
424,86,1,425,9,2282,9,90
425,86,1,426,2,2284,0,20
426,86,1,427,9,2293,0,90
427,86,1,428,7,2300,7,70
428,86,1,429,9,2309,2,90
429,86,1,430,6,2315,0,60
430,86,1,431,3,2318,3,30
431,86,1,432,2,2320,0,20
432,86,1,433,8,2328,4,80
433,86,1,434,9,2337,3,90
434,86,1,435,3,2340,0,30
435,86,1,436,5,2345,4,50
436,86,1,437,7,2352,6,70
437,86,1,438,7,2359,5,70
438,86,1,439,8,2367,3,80
439,86,1,440,8,2375,5,80
440,86,1,441,3,2378,1,30
441,86,1,442,6,2384,5,60
442,86,1,443,5,2389,0,50
443,86,1,444,2,2391,0,20
444,86,1,445,3,2394,2,30
445,86,1,446,9,2403,6,90
446,86,1,447,9,2412,7,90
447,86,1,448,6,2418,6,60
448,86,1,449,4,2422,2,40
449,86,1,450,4,2426,3,40
450,86,1,451,2,2428,0,20
451,86,1,452,6,2434,7,60
452,86,1,453,4,2438,1,40
453,86,1,454,2,2440,2,20
454,86,1,455,8,2448,7,80
455,86,1,456,3,2451,1,30
456,86,1,457,5,2456,0,50
457,86,1,458,6,2462,5,60
458,86,1,459,4,2466,0,40
459,86,1,460,7,2473,4,70
460,86,1,461,5,2478,0,50
461,86,1,462,2,2480,1,20
462,86,1,463,4,2484,0,40
463,86,1,464,6,2490,4,60
464,86,1,465,9,2499,4,90
465,86,1,466,2,2501,0,20
466,86,1,467,9,2510,7,90
467,86,1,468,3,2513,1,30
468,86,1,469,8,2521,4,80
469,86,1,470,7,2528,6,70
470,86,1,471,9,2537,0,90
471,86,1,472,9,2546,11,90
472,86,1,473,2,2548,1,20
473,86,1,474,5,2553,0,50
474,86,1,475,4,2557,2,40
475,86,1,476,5,2562,3,50
476,86,1,477,7,2569,2,70
477,86,1,478,7,2576,7,70
478,86,1,479,8,2584,1,80
479,86,1,480,9,2593,0,90
480,86,1,481,2,2595,3,20
481,86,1,482,9,2604,4,90
482,86,1,483,7,2611,1,70
483,86,1,484,3,2614,0,30
484,86,1,485,5,2619,3,50
485,86,1,486,8,2627,5,80
486,86,1,487,4,2631,2,40
487,86,1,488,8,2639,3,80
488,86,1,489,6,2645,4,60
489,86,1,490,9,2654,9,90
490,86,1,491,5,2659,1,50
491,86,1,492,6,2665,0,60
492,86,1,493,2,2667,1,20
493,86,1,494,4,2671,6,40
494,86,1,495,2,2673,0,20
495,86,1,496,9,2682,4,90
496,86,1,497,4,2686,0,40
497,86,1,498,9,2695,0,90
498,86,1,499,7,2702,11,70
499,86,1,500,8,2710,3,80
500,86,1,501,4,2714,2,40
501,86,1,502,2,2716,0,20
502,86,1,503,2,2718,1,20
503,86,1,504,8,2726,3,80
504,86,1,505,2,2728,3,20
505,86,1,506,4,2732,1,40
506,86,1,507,8,2740,3,80
507,86,1,508,9,2749,7,90
508,86,1,509,8,2757,2,80
509,86,1,510,9,2766,5,90
510,86,1,511,9,2775,0,90
511,86,1,512,5,2780,8,50
512,86,1,513,9,2789,0,90
513,86,1,514,7,2796,0,70
514,86,1,515,8,2804,16,80
515,86,1,516,2,2806,0,20
516,86,1,517,8,2814,4,80
517,86,1,518,8,2822,4,80
518,86,1,519,7,2829,0,70
519,86,1,520,4,2833,7,40
520,86,1,521,7,2840,0,70
521,86,1,522,6,2846,2,60
522,86,1,523,5,2851,0,50
523,86,1,524,7,2858,6,70
524,86,1,525,3,2861,0,30
525,86,1,526,5,2866,2,50
526,86,1,527,5,2871,3,50
527,86,1,528,3,2874,1,30
528,86,1,529,3,2877,3,30
529,86,1,530,5,2882,2,50
530,86,1,531,7,2889,0,70
531,86,1,532,6,2895,6,60
532,86,1,533,8,2903,8,80
533,86,1,534,3,2906,1,30
534,86,1,535,5,2911,1,50
535,86,1,536,2,2913,1,20
536,86,1,537,2,2915,1,20
537,86,1,538,8,2923,1,80
538,86,1,539,9,2932,0,90
539,86,1,540,5,2937,10,50
540,86,1,541,9,2946,7,90
541,86,1,542,9,2955,0,90
542,86,1,543,5,2960,0,50
543,86,1,544,9,2969,0,90
544,86,1,545,5,2974,10,50
545,86,1,546,8,2982,4,80
546,86,1,547,7,2989,1,70
547,86,1,548,3,2992,2,30
548,86,1,549,5,2997,0,50
549,86,1,550,9,3006,2,90
550,86,1,551,8,3014,3,80
551,86,1,552,3,3017,0,30
552,86,1,553,6,3023,7,60
553,86,1,554,9,3032,4,90
554,86,1,555,8,3040,2,80
555,86,1,556,5,3045,0,50
556,86,1,557,5,3050,8,50
557,86,1,558,5,3055,0,50
558,86,1,559,3,3058,4,30
559,86,1,560,2,3060,0,20
560,86,1,561,4,3064,0,40
561,86,1,562,2,3066,3,20
562,86,1,563,7,3073,4,70
563,86,1,564,3,3076,0,30
564,86,1,565,7,3083,4,70
565,86,1,566,3,3086,2,30
566,86,1,567,4,3090,0,40
567,86,1,568,4,3094,0,40
568,86,1,569,6,3100,6,60
569,86,1,570,7,3107,4,70
570,86,1,571,5,3112,1,50
571,86,1,572,4,3116,5,40
572,86,1,573,2,3118,1,20
573,86,1,574,4,3122,4,40
574,86,1,575,3,3125,2,30
575,86,1,576,7,3132,0,70
576,86,1,577,5,3137,6,50
577,86,1,578,8,3145,9,80
578,86,1,579,9,3154,4,90
579,86,1,580,4,3158,0,40
580,86,1,581,4,3162,1,40
581,86,1,582,4,3166,0,40
582,86,1,583,2,3168,5,20
583,86,1,584,6,3174,3,60
584,86,1,585,5,3179,2,50
585,86,1,586,7,3186,0,70
586,86,1,587,7,3193,9,70
587,86,1,588,2,3195,0,20
588,86,1,589,7,3202,2,70
589,86,1,590,5,3207,0,50
590,86,1,591,3,3210,7,30
591,86,1,592,7,3217,2,70
592,86,1,593,6,3223,0,60
593,86,1,594,9,3232,10,90
594,86,1,595,5,3237,5,50
595,86,1,596,2,3239,0,20
596,86,1,597,9,3248,4,90
597,86,1,598,7,3255,4,70
598,86,1,599,4,3259,0,40
599,86,1,600,8,3267,6,80
600,86,1,601,8,3275,3,80
601,86,1,602,5,3280,2,50
602,86,1,603,5,3285,2,50
603,86,1,604,7,3292,2,70
604,86,1,605,6,3298,6,60
605,86,1,606,4,3302,0,40
606,86,1,607,3,3305,3,30
607,86,1,608,2,3307,0,20
608,86,1,609,4,3311,4,40
609,86,1,610,4,3315,3,40
610,86,1,611,4,3319,3,40
611,86,1,612,3,3322,0,30
612,86,1,613,5,3327,4,50
613,86,1,614,4,3331,0,40
614,86,1,615,7,3338,2,70
615,86,1,616,8,3346,4,80
616,86,1,617,7,3353,0,70
617,86,1,618,9,3362,9,90
618,86,1,619,9,3371,6,90
619,86,1,620,6,3377,5,60
620,86,1,621,5,3382,0,50
621,86,1,622,9,3391,7,90
622,86,1,623,2,3393,0,20
623,86,1,624,6,3399,4,60
624,86,1,625,3,3402,3,30
625,86,1,626,2,3404,0,20
626,86,1,627,5,3409,4,50
627,86,1,628,9,3418,3,90
628,86,1,629,2,3420,3,20
629,86,1,630,5,3425,1,50
630,86,1,631,8,3433,4,80
631,86,1,632,4,3437,2,40
632,86,1,633,4,3441,2,40
633,86,1,634,8,3449,0,80
634,86,1,635,8,3457,5,80
635,86,1,636,2,3459,1,20
636,86,1,637,7,3466,3,70
637,86,1,638,2,3468,0,20
638,86,1,639,8,3476,0,80
639,86,1,640,6,3482,0,60
640,86,1,641,2,3484,7,20
641,86,1,642,3,3487,1,30
642,86,1,643,6,3493,7,60
643,86,1,644,3,3496,2,30
644,86,1,645,2,3498,4,20
645,86,1,646,4,3502,3,40
646,86,1,647,8,3510,3,80
647,86,1,648,6,3516,5,60
648,86,1,649,6,3522,3,60
649,86,1,650,6,3528,3,60
650,86,1,651,4,3532,0,40
651,86,1,652,5,3537,4,50
652,86,1,653,7,3544,4,70
653,86,1,654,2,3546,0,20
654,86,1,655,7,3553,3,70
655,86,1,656,2,3555,0,20
656,86,1,657,5,3560,2,50
657,86,1,658,5,3565,3,50
658,86,1,659,7,3572,4,70
659,86,1,660,2,3574,0,20
660,86,1,661,6,3580,2,60
661,86,1,662,4,3584,0,40
662,86,1,663,4,3588,0,40
663,86,1,664,9,3597,7,90
664,86,1,665,9,3606,0,90
665,86,1,666,3,3609,5,30
666,86,1,667,4,3613,0,40
667,86,1,668,7,3620,1,70
668,86,1,669,3,3623,0,30
669,86,1,670,4,3627,1,40
670,86,1,671,8,3635,4,80
671,86,1,672,2,3637,0,20
672,86,1,673,2,3639,4,20
673,86,1,674,4,3643,1,40
674,86,1,675,6,3649,3,60
675,86,1,676,9,3658,0,90
676,86,1,677,5,3663,5,50
677,86,1,678,3,3666,1,30
678,86,1,679,2,3668,0,20
679,86,1,680,9,3677,3,90
680,86,1,681,9,3686,5,90
681,86,1,682,2,3688,0,20
682,86,1,683,2,3690,0,20
683,86,1,684,2,3692,1,20
684,86,1,685,2,3694,0,20
685,86,1,686,6,3700,0,60
686,86,1,687,7,3707,7,70
687,86,1,688,7,3714,4,70
688,86,1,689,7,3721,3,70
689,86,1,690,8,3729,5,80
690,86,1,691,8,3737,0,80
691,86,1,692,6,3743,8,60
692,86,1,693,6,3749,4,60
693,86,1,694,2,3751,0,20
694,86,1,695,2,3753,3,20
695,86,1,696,7,3760,4,70
696,86,1,697,7,3767,4,70
697,86,1,698,2,3769,2,20
698,86,1,699,2,3771,0,20
699,86,1,700,8,3779,0,80
700,86,1,701,9,3788,0,90
701,86,1,702,5,3793,9,50
702,86,1,703,5,3798,0,50
703,86,1,704,7,3805,0,70
704,86,1,705,7,3812,0,70
705,86,1,706,8,3820,0,80
706,86,1,707,8,3828,13,80
707,86,1,708,9,3837,0,90
708,86,1,709,4,3841,5,40
709,86,1,710,5,3846,0,50
710,86,1,711,2,3848,1,20
711,86,1,712,6,3854,1,60
712,86,1,713,6,3860,4,60
713,86,1,714,4,3864,0,40
714,86,1,715,2,3866,3,20
715,86,1,716,7,3873,0,70
716,86,1,717,6,3879,5,60
717,86,1,718,3,3882,1,30
718,86,1,719,2,3884,0,20
719,86,1,720,7,3891,0,70
720,86,1,721,8,3899,7,80
721,86,1,722,9,3908,0,90
722,86,1,723,6,3914,7,60
723,86,1,724,3,3917,0,30
724,86,1,725,9,3926,10,90
725,86,1,726,8,3934,0,80
726,86,1,727,4,3938,4,40
727,86,1,728,8,3946,5,80
728,86,1,729,5,3951,2,50
729,86,1,730,9,3960,3,90
730,86,1,731,6,3966,2,60
731,86,1,732,7,3973,0,70
732,86,1,733,8,3981,10,80
733,86,1,734,3,3984,1,30
734,86,1,735,9,3993,0,90
735,86,1,736,4,3997,0,40
736,86,1,737,7,4004,14,70
737,86,1,738,2,4006,1,20
738,86,1,739,9,4015,2,90
739,86,1,740,3,4018,2,30
740,86,1,741,5,4023,1,50
741,86,1,742,8,4031,0,80
742,86,1,743,4,4035,4,40
743,86,1,744,5,4040,0,50
744,86,1,745,5,4045,0,50
745,86,1,746,8,4053,0,80
746,86,1,747,8,4061,9,80
747,86,1,748,4,4065,2,40
748,86,1,749,8,4073,4,80
749,86,1,750,7,4080,1,70
750,86,1,751,6,4086,0,60
751,86,1,752,9,4095,7,90
752,86,1,753,5,4100,2,50
753,86,1,754,9,4109,6,90
754,86,1,755,6,4115,6,60
755,86,1,756,8,4123,0,80
756,86,1,757,5,4128,5,50
757,86,1,758,4,4132,2,40
758,86,1,759,9,4141,0,90
759,86,1,760,8,4149,12,80
760,86,1,761,2,4151,0,20
761,86,1,762,7,4158,0,70
762,86,1,763,9,4167,9,90
763,86,1,764,5,4172,3,50
764,86,1,765,5,4177,1,50
765,86,1,766,4,4181,1,40
766,86,1,767,2,4183,2,20
767,86,1,768,9,4192,4,90
768,86,1,769,9,4201,4,90
769,86,1,770,4,4205,0,40
770,86,1,771,7,4212,4,70
771,86,1,772,6,4218,2,60
772,86,1,773,7,4225,0,70
773,86,1,774,4,4229,3,40
774,86,1,775,9,4238,7,90
775,86,1,776,5,4243,1,50
776,86,1,777,2,4245,2,20
777,86,1,778,2,4247,2,20
778,86,1,779,6,4253,0,60
779,86,1,780,3,4256,0,30
780,86,1,781,7,4263,0,70
781,86,1,782,4,4267,12,40
782,86,1,783,8,4275,3,80
783,86,1,784,5,4280,1,50
784,86,1,785,4,4284,1,40
785,86,1,786,5,4289,0,50
786,86,1,787,7,4296,0,70
787,86,1,788,5,4301,7,50
788,86,1,789,3,4304,3,30
789,86,1,790,3,4307,1,30
790,86,1,791,8,4315,0,80
791,86,1,792,4,4319,4,40
792,86,1,793,6,4325,2,60
793,86,1,794,3,4328,0,30
794,86,1,795,9,4337,0,90
795,86,1,796,3,4340,0,30
796,86,1,797,6,4346,0,60
797,86,1,798,4,4350,12,40
798,86,1,799,9,4359,6,90
799,86,1,800,2,4361,2,20
800,86,1,801,9,4370,9,90
801,86,1,802,9,4379,6,90
802,86,1,803,6,4385,3,60
803,86,1,804,9,4394,5,90
804,86,1,805,3,4397,0,30
805,86,1,806,3,4400,2,30
806,86,1,807,3,4403,6,30
807,86,1,808,3,4406,1,30
808,86,1,809,2,4408,0,20
809,86,1,810,6,4414,3,60
810,86,1,811,8,4422,1,80
811,86,1,812,8,4430,0,80
812,86,1,813,9,4439,9,90
813,86,1,814,6,4445,0,60
814,86,1,815,3,4448,5,30
815,86,1,816,4,4452,1,40
816,86,1,817,5,4457,2,50
817,86,1,818,9,4466,3,90
818,86,1,819,9,4475,3,90
819,86,1,820,4,4479,0,40
820,86,1,821,7,4486,6,70
821,86,1,822,3,4489,1,30
822,86,1,823,6,4495,2,60
823,86,1,824,5,4500,0,50
824,86,1,825,4,4504,2,40
825,86,1,826,3,4507,0,30
826,86,1,827,4,4511,0,40
827,86,1,828,5,4516,0,50
828,86,1,829,5,4521,0,50
829,86,1,830,2,4523,6,20
830,86,1,831,6,4529,3,60
831,86,1,832,6,4535,4,60
832,86,1,833,8,4543,0,80
833,86,1,834,5,4548,0,50
834,86,1,835,8,4556,9,80
835,86,1,836,5,4561,1,50
836,86,1,837,9,4570,2,90
837,86,1,838,3,4573,0,30
838,86,1,839,4,4577,5,40
839,86,1,840,8,4585,3,80
840,86,1,841,2,4587,0,20
841,86,1,842,2,4589,2,20
842,86,1,843,8,4597,3,80
843,86,1,844,7,4604,0,70
844,86,1,845,5,4609,5,50
845,86,1,846,9,4618,6,90
846,86,1,847,7,4625,3,70
847,86,1,848,6,4631,2,60
848,86,1,849,3,4634,0,30
849,86,1,850,4,4638,2,40
850,86,1,851,6,4644,3,60
851,86,1,852,5,4649,2,50
852,86,1,853,9,4658,0,90
853,86,1,854,5,4663,14,50
854,86,1,855,7,4670,3,70
855,86,1,856,3,4673,1,30
856,86,1,857,4,4677,3,40
857,86,1,858,7,4684,0,70
858,86,1,859,9,4693,5,90
859,86,1,860,3,4696,0,30
860,86,1,861,8,4704,0,80
861,86,1,862,2,4706,3,20
862,86,1,863,7,4713,2,70
863,86,1,864,8,4721,5,80
864,86,1,865,4,4725,0,40
865,86,1,866,7,4732,8,70
866,86,1,867,5,4737,0,50
867,86,1,868,8,4745,4,80
868,86,1,869,4,4749,2,40
869,86,1,870,8,4757,7,80
870,86,1,871,3,4760,1,30
871,86,1,872,7,4767,3,70
872,86,1,873,6,4773,0,60
873,86,1,874,3,4776,3,30
874,86,1,875,3,4779,2,30
875,86,1,876,6,4785,3,60
876,86,1,877,7,4792,0,70
877,86,1,878,4,4796,3,40
878,86,1,879,9,4805,5,90
879,86,1,880,8,4813,7,80
880,86,1,881,6,4819,0,60
881,86,1,882,7,4826,0,70
882,86,1,883,4,4830,10,40
883,86,1,884,8,4838,0,80
884,86,1,885,8,4846,7,80
885,86,1,886,5,4851,0,50
886,86,1,887,9,4860,4,90
887,86,1,888,4,4864,0,40
888,86,1,889,4,4868,2,40
889,86,1,890,9,4877,3,90
890,86,1,891,8,4885,3,80
891,86,1,892,9,4894,4,90
892,86,1,893,6,4900,2,60
893,86,1,894,4,4904,4,40
894,86,1,895,2,4906,3,20
895,86,1,896,7,4913,4,70
896,86,1,897,5,4918,2,50
897,86,1,898,5,4923,1,50
898,86,1,899,6,4929,0,60
899,86,1,900,2,4931,7,20
900,86,1,901,4,4935,0,40
901,86,1,902,2,4937,4,20
902,86,1,903,8,4945,3,80
903,86,1,904,9,4954,5,90
904,86,1,905,4,4958,0,40
905,86,1,906,4,4962,5,40
906,86,1,907,5,4967,2,50
907,86,1,908,2,4969,2,20
908,86,1,909,7,4976,1,70
909,86,1,910,7,4983,4,70
910,86,1,911,5,4988,3,50
911,86,1,912,5,4993,0,50
912,86,1,913,5,4998,1,50
913,86,2,1,5,5,2,50
914,86,2,2,5,10,0,50
915,86,2,3,7,17,3,70
916,86,2,4,5,22,0,50
917,86,2,5,3,25,6,30
918,86,2,6,9,34,6,90
919,86,2,7,8,42,5,80
920,86,2,8,6,48,0,60
921,86,2,9,3,51,0,30
922,86,2,10,3,54,0,30
923,86,2,11,8,62,14,80
924,86,2,12,2,64,0,20
925,86,2,13,9,73,4,90
926,86,2,14,7,80,6,70
927,86,2,15,7,87,3,70
928,86,2,16,4,91,1,40
929,86,2,17,4,95,0,40
930,86,2,18,5,100,5,50
931,86,2,19,7,107,3,70
932,86,2,20,6,113,2,60
933,86,2,21,2,115,0,20
934,86,2,22,4,119,2,40
935,86,2,23,7,126,5,70
936,86,2,24,6,132,2,60
937,86,2,25,2,134,0,20
938,86,2,26,4,138,7,40
939,86,2,27,7,145,0,70
940,86,2,28,7,152,8,70
941,86,2,29,3,155,2,30
942,86,2,30,5,160,4,50
943,86,2,31,3,163,1,30
944,86,2,32,2,165,0,20
945,86,2,33,6,171,1,60
946,86,2,34,3,174,0,30
947,86,2,35,7,181,9,70
948,86,2,36,8,189,4,80
949,86,2,37,5,194,3,50
950,86,2,38,4,198,1,40
951,86,2,39,7,205,5,70
952,86,2,40,5,210,5,50
953,86,2,41,7,217,5,70
954,86,2,42,5,222,2,50
955,86,2,43,4,226,2,40
956,86,2,44,7,233,3,70
957,86,2,45,7,240,5,70
958,86,2,46,4,244,1,40
959,86,2,47,9,253,0,90
960,86,2,48,3,256,5,30
961,86,2,49,7,263,4,70
962,86,2,50,6,269,7,60
963,86,2,51,2,271,0,20
964,86,2,52,8,279,0,80
965,86,2,53,3,282,3,30
966,86,2,54,8,290,0,80
967,86,2,55,6,296,5,60
968,86,2,56,6,302,2,60
969,86,2,57,3,305,0,30
970,86,2,58,4,309,4,40
971,86,2,59,8,317,1,80
972,86,2,60,5,322,4,50
973,86,2,61,8,330,1,80
974,86,2,62,8,338,4,80
975,86,2,63,8,346,5,80
976,86,2,64,9,355,5,90
977,86,2,65,5,360,2,50
978,86,2,66,2,362,1,20
979,86,2,67,9,371,0,90
980,86,2,68,7,378,0,70
981,86,2,69,8,386,16,80
982,86,2,70,6,392,1,60
983,86,2,71,9,401,0,90
984,86,2,72,9,410,0,90
985,86,2,73,4,414,14,40
986,86,2,74,2,416,0,20
987,86,2,75,7,423,3,70
988,86,2,76,6,429,0,60
989,86,2,77,3,432,0,30
990,86,2,78,9,441,5,90
991,86,2,79,4,445,0,40
992,86,2,80,3,448,2,30
993,86,2,81,9,457,0,90
994,86,2,82,8,465,4,80
995,86,2,83,5,470,7,50
996,86,2,84,2,472,0,20
997,86,2,85,9,481,0,90
998,86,2,86,4,485,5,40
999,86,2,87,9,494,2,90
1000,86,2,88,3,497,1,30
1001,86,2,89,4,501,5,40
1002,86,2,90,9,510,8,90
1003,86,2,91,5,515,3,50
1004,86,2,92,7,522,0,70
1005,86,2,93,7,529,12,70
1006,86,2,94,4,533,2,40
1007,86,2,95,5,538,2,50
1008,86,2,96,5,543,0,50
1009,86,2,97,5,548,0,50
1010,86,2,98,6,554,4,60
1011,86,2,99,2,556,1,20
1012,86,2,100,8,564,0,80
1013,86,2,101,6,570,0,60
1014,86,2,102,4,574,14,40
1015,86,2,103,3,577,2,30
1016,86,2,104,7,584,6,70
1017,86,2,105,5,589,1,50
1018,86,2,106,4,593,6,40
1019,86,2,107,9,602,8,90
1020,86,2,108,6,608,0,60
1021,86,2,109,6,614,0,60
1022,86,2,110,3,617,7,30
1023,86,2,111,5,622,2,50
1024,86,2,112,2,624,0,20
1025,86,2,113,4,628,7,40
1026,86,2,114,7,635,6,70
1027,86,2,115,5,640,4,50
1028,86,2,116,7,647,0,70
1029,86,2,117,9,656,10,90
1030,86,2,118,2,658,0,20
1031,86,2,119,9,667,3,90
1032,86,2,120,2,669,0,20
1033,86,2,121,6,675,4,60
1034,86,2,122,6,681,2,60
1035,86,2,123,2,683,0,20
1036,86,2,124,9,692,0,90
1037,86,2,125,2,694,0,20
1038,86,2,126,4,698,5,40
1039,86,2,127,2,700,1,20
1040,86,2,128,3,703,1,30
1041,86,2,129,8,711,4,80
1042,86,2,130,6,717,1,60
1043,86,2,131,8,725,3,80
1044,86,2,132,3,728,0,30
1045,86,2,133,9,737,3,90
1046,86,2,134,4,741,1,40
1047,86,2,135,5,746,2,50
1048,86,2,136,5,751,4,50
1049,86,2,137,5,756,1,50
1050,86,2,138,5,761,1,50
1051,86,2,139,5,766,1,50
1052,86,2,140,2,768,0,20
1053,86,2,141,3,771,2,30
1054,86,2,142,5,776,1,50
1055,86,2,143,8,784,3,80
1056,86,2,144,2,786,0,20
1057,86,2,145,3,789,0,30
1058,86,2,146,6,795,5,60
1059,86,2,147,3,798,0,30
1060,86,2,148,8,806,0,80
1061,86,2,149,5,811,10,50
1062,86,2,150,6,817,4,60
1063,86,2,151,7,824,1,70
1064,86,2,152,8,832,1,80
1065,86,2,153,8,840,3,80
1066,86,2,154,9,849,6,90
1067,86,2,155,5,854,0,50
1068,86,2,156,7,861,2,70
1069,86,2,157,6,867,2,60
1070,86,2,158,5,872,3,50
1071,86,2,159,5,877,1,50
1072,86,2,160,9,886,3,90
1073,86,2,161,6,892,0,60
1074,86,2,162,5,897,11,50
1075,86,2,163,7,904,2,70
1076,86,2,164,4,908,3,40
1077,86,2,165,6,914,0,60
1078,86,2,166,3,917,4,30
1079,86,2,167,6,923,1,60
1080,86,2,168,5,928,0,50
1081,86,2,169,9,937,7,90
1082,86,2,170,4,941,2,40
1083,86,2,171,5,946,4,50
1084,86,2,172,9,955,0,90
1085,86,2,173,2,957,0,20
1086,86,2,174,6,963,6,60
1087,86,2,175,2,965,0,20
1088,86,2,176,8,973,4,80
1089,86,2,177,9,982,2,90
1090,86,2,178,5,987,0,50
1091,86,2,179,6,993,0,60
1092,86,2,180,3,996,0,30
1093,86,2,181,6,1002,7,60
1094,86,2,182,6,1008,0,60
1095,86,2,183,7,1015,0,70
1096,86,2,184,7,1022,0,70
1097,86,2,185,2,1024,0,20
1098,86,2,186,9,1033,19,90
1099,86,2,187,5,1038,0,50
1100,86,2,188,9,1047,8,90
1101,86,2,189,8,1055,7,80
1102,86,2,190,6,1061,1,60
1103,86,2,191,4,1065,2,40
1104,86,2,192,7,1072,0,70
1105,86,2,193,8,1080,5,80
1106,86,2,194,5,1085,1,50
1107,86,2,195,3,1088,0,30
1108,86,2,196,4,1092,1,40
1109,86,2,197,4,1096,0,40
1110,86,2,198,9,1105,3,90
1111,86,2,199,8,1113,0,80
1112,86,2,200,5,1118,7,50
1113,86,2,201,6,1124,0,60
1114,86,2,202,4,1128,4,40
1115,86,2,203,6,1134,4,60
1116,86,2,204,2,1136,0,20
1117,86,2,205,3,1139,0,30
1118,86,2,206,3,1142,2,30
1119,86,2,207,2,1144,0,20
1120,86,2,208,4,1148,3,40
1121,86,2,209,3,1151,2,30
1122,86,2,210,4,1155,0,40
1123,86,2,211,5,1160,0,50
1124,86,2,212,8,1168,5,80
1125,86,2,213,7,1175,5,70
1126,86,2,214,9,1184,0,90
1127,86,2,215,9,1193,5,90
1128,86,2,216,3,1196,2,30
1129,86,2,217,7,1203,0,70
1130,86,2,218,7,1210,0,70
1131,86,2,219,6,1216,10,60
1132,86,2,220,5,1221,0,50
1133,86,2,221,2,1223,6,20
1134,86,2,222,9,1232,8,90
1135,86,2,223,3,1235,0,30
1136,86,2,224,2,1237,0,20
1137,86,2,225,4,1241,3,40
1138,86,2,226,5,1246,6,50
1139,86,2,227,7,1253,0,70
1140,86,2,228,7,1260,0,70
1141,86,2,229,2,1262,0,20
1142,86,2,230,8,1270,10,80
1143,86,2,231,7,1277,2,70
1144,86,2,232,7,1284,0,70
1145,86,2,233,8,1292,0,80
1146,86,2,234,5,1297,13,50
1147,86,2,235,8,1305,3,80
1148,86,2,236,7,1312,3,70
1149,86,2,237,4,1316,4,40
1150,86,2,238,2,1318,0,20
1151,86,2,239,6,1324,4,60
1152,86,2,240,9,1333,5,90
1153,86,2,241,4,1337,2,40
1154,86,2,242,4,1341,2,40
1155,86,2,243,3,1344,0,30
1156,86,2,244,3,1347,0,30
1157,86,2,245,6,1353,4,60
1158,86,2,246,4,1357,3,40
1159,86,2,247,7,1364,5,70
1160,86,2,248,2,1366,1,20
1161,86,2,249,8,1374,0,80
1162,86,2,250,7,1381,12,70
1163,86,2,251,6,1387,0,60
1164,86,2,252,4,1391,12,40
1165,86,2,253,8,1399,0,80
1166,86,2,254,2,1401,7,20
1167,86,2,255,7,1408,9,70
1168,86,2,256,5,1413,3,50
1169,86,2,257,6,1419,0,60
1170,86,2,258,4,1423,0,40
1171,86,2,259,5,1428,4,50
1172,86,2,260,9,1437,4,90
1173,86,2,261,7,1444,1,70
1174,86,2,262,2,1446,0,20
1175,86,2,263,6,1452,3,60
1176,86,2,264,5,1457,1,50
1177,86,2,265,5,1462,0,50
1178,86,2,266,3,1465,4,30
1179,86,2,267,4,1469,2,40
1180,86,2,268,2,1471,1,20
1181,86,2,269,9,1480,3,90
1182,86,2,270,8,1488,5,80
1183,86,2,271,4,1492,1,40
1184,86,2,272,6,1498,1,60
1185,86,2,273,3,1501,3,30
1186,86,2,274,6,1507,1,60
1187,86,2,275,2,1509,0,20
1188,86,2,276,8,1517,8,80
1189,86,2,277,8,1525,0,80
1190,86,2,278,7,1532,10,70
1191,86,2,279,7,1539,3,70
1192,86,2,280,8,1547,4,80
1193,86,2,281,7,1554,5,70
1194,86,2,282,5,1559,2,50
1195,86,2,283,3,1562,1,30
1196,86,2,284,2,1564,0,20
1197,86,2,285,3,1567,3,30
1198,86,2,286,9,1576,4,90
1199,86,2,287,8,1584,8,80
1200,86,2,288,5,1589,2,50
1201,86,2,289,7,1596,2,70
1202,86,2,290,7,1603,3,70
1203,86,2,291,8,1611,3,80
1204,86,2,292,9,1620,4,90
1205,86,2,293,2,1622,0,20
1206,86,2,294,4,1626,8,40
1207,86,2,295,6,1632,3,60
1208,86,2,296,9,1641,4,90
1209,86,2,297,7,1648,3,70
1210,86,2,298,7,1655,3,70
1211,86,2,299,4,1659,0,40
1212,86,2,300,8,1667,2,80
1213,86,2,301,2,1669,1,20
1214,86,2,302,3,1672,1,30
1215,86,2,303,2,1674,2,20
1216,86,2,304,5,1679,6,50
1217,86,2,305,8,1687,0,80
1218,86,2,306,8,1695,7,80
1219,86,2,307,6,1701,0,60
1220,86,2,308,5,1706,1,50
1221,86,2,309,4,1710,0,40
1222,86,2,310,4,1714,4,40
1223,86,2,311,6,1720,4,60
1224,86,2,312,9,1729,8,90
1225,86,2,313,6,1735,6,60
1226,86,2,314,7,1742,3,70
1227,86,2,315,2,1744,1,20
1228,86,2,316,7,1751,5,70
1229,86,2,317,4,1755,1,40
1230,86,2,318,9,1764,0,90
1231,86,2,319,9,1773,7,90
1232,86,2,320,7,1780,0,70
1233,86,2,321,7,1787,2,70
1234,86,2,322,6,1793,4,60
1235,86,2,323,9,1802,2,90
1236,86,2,324,6,1808,0,60
1237,86,2,325,4,1812,0,40
1238,86,2,326,7,1819,9,70
1239,86,2,327,5,1824,1,50
1240,86,2,328,6,1830,2,60
1241,86,2,329,8,1838,5,80
1242,86,2,330,8,1846,2,80
1243,86,2,331,8,1854,5,80
1244,86,2,332,3,1857,1,30
1245,86,2,333,4,1861,0,40
1246,86,2,334,6,1867,0,60
1247,86,2,335,4,1871,6,40
1248,86,2,336,2,1873,0,20
1249,86,2,337,3,1876,0,30
1250,86,2,338,3,1879,1,30
1251,86,2,339,9,1888,5,90
1252,86,2,340,2,1890,0,20
1253,86,2,341,2,1892,0,20
1254,86,2,342,8,1900,0,80
1255,86,2,343,9,1909,9,90
1256,86,2,344,2,1911,0,20
1257,86,2,345,9,1920,3,90
1258,86,2,346,7,1927,4,70
1259,86,2,347,9,1936,5,90
1260,86,2,348,3,1939,0,30
1261,86,2,349,9,1948,7,90
1262,86,2,350,2,1950,0,20
1263,86,2,351,9,1959,0,90
1264,86,2,352,5,1964,0,50
1265,86,2,353,2,1966,7,20
1266,86,2,354,9,1975,4,90
1267,86,2,355,5,1980,0,50
1268,86,2,356,3,1983,3,30
1269,86,2,357,9,1992,3,90
1270,86,2,358,8,2000,3,80
1271,86,2,359,9,2009,0,90
1272,86,2,360,7,2016,4,70
1273,86,2,361,9,2025,6,90
1274,86,2,362,6,2031,1,60
1275,86,2,363,3,2034,3,30
1276,86,2,364,5,2039,1,50
1277,86,2,365,6,2045,0,60
1278,86,2,366,6,2051,10,60
1279,86,2,367,6,2057,0,60
1280,86,2,368,9,2066,5,90
1281,86,2,369,3,2069,2,30
1282,86,2,370,7,2076,0,70
1283,86,2,371,2,2078,3,20
1284,86,2,372,8,2086,3,80
1285,86,2,373,7,2093,3,70
1286,86,2,374,7,2100,4,70
1287,86,2,375,6,2106,4,60
1288,86,2,376,5,2111,3,50
1289,86,2,377,6,2117,0,60
1290,86,2,378,2,2119,4,20
1291,86,2,379,3,2122,1,30
1292,86,2,380,4,2126,2,40
1293,86,2,381,2,2128,0,20
1294,86,2,382,4,2132,4,40
1295,86,2,383,8,2140,0,80
1296,86,2,384,8,2148,0,80
1297,86,2,385,2,2150,9,20
1298,86,2,386,5,2155,3,50
1299,86,2,387,3,2158,2,30
1300,86,2,388,7,2165,2,70
1301,86,2,389,9,2174,4,90
1302,86,2,390,7,2181,4,70
1303,86,2,391,8,2189,3,80
1304,86,2,392,2,2191,3,20
1305,86,2,393,3,2194,2,30
1306,86,2,394,3,2197,0,30
1307,86,2,395,9,2206,8,90
1308,86,2,396,4,2210,3,40
1309,86,2,397,3,2213,3,30
1310,86,2,398,4,2217,4,40
1311,86,2,399,2,2219,0,20
1312,86,2,400,3,2222,0,30
1313,86,2,401,8,2230,5,80
1314,86,2,402,8,2238,5,80
1315,86,2,403,6,2244,7,60
1316,86,2,404,9,2253,1,90
1317,86,2,405,6,2259,2,60
1318,86,2,406,6,2265,0,60
1319,86,2,407,3,2268,3,30
1320,86,2,408,6,2274,4,60
1321,86,2,409,8,2282,0,80
1322,86,2,410,4,2286,7,40
1323,86,2,411,9,2295,3,90
1324,86,2,412,9,2304,0,90
1325,86,2,413,7,2311,0,70
1326,86,2,414,5,2316,9,50
1327,86,2,415,3,2319,1,30
1328,86,2,416,3,2322,1,30
1329,86,2,417,4,2326,3,40
1330,86,2,418,9,2335,5,90
1331,86,2,419,9,2344,5,90
1332,86,2,420,2,2346,0,20
1333,86,2,421,3,2349,3,30
1334,86,2,422,4,2353,2,40
1335,86,2,423,4,2357,1,40
1336,86,2,424,2,2359,1,20
1337,86,2,425,8,2367,0,80
1338,86,2,426,7,2374,4,70
1339,86,2,427,2,2376,1,20
1340,86,2,428,5,2381,0,50
1341,86,2,429,6,2387,0,60
1342,86,2,430,7,2394,7,70
1343,86,2,431,8,2402,0,80
1344,86,2,432,8,2410,4,80
1345,86,2,433,2,2412,0,20
1346,86,2,434,4,2416,0,40
1347,86,2,435,5,2421,7,50
1348,86,2,436,9,2430,8,90
1349,86,2,437,3,2433,0,30
1350,86,2,438,5,2438,3,50
1351,86,2,439,3,2441,2,30
1352,86,2,440,8,2449,2,80
1353,86,2,441,8,2457,0,80
1354,86,2,442,8,2465,10,80
1355,86,2,443,5,2470,1,50
1356,86,2,444,8,2478,6,80
1357,86,2,445,9,2487,0,90
1358,86,2,446,6,2493,10,60
1359,86,2,447,5,2498,4,50
1360,86,2,448,3,2501,2,30
1361,86,2,449,2,2503,0,20
1362,86,2,450,9,2512,7,90
1363,86,2,451,8,2520,0,80
1364,86,2,452,5,2525,11,50
1365,86,2,453,5,2530,8,50
1366,86,2,454,6,2536,1,60
1367,86,2,455,8,2544,0,80
1368,86,2,456,3,2547,6,30
1369,86,2,457,9,2556,3,90
1370,86,2,458,8,2564,0,80
1371,86,2,459,6,2570,6,60
1372,86,2,460,9,2579,3,90
1373,86,2,461,2,2581,0,20
1374,86,2,462,3,2584,0,30
1375,86,2,463,4,2588,4,40
1376,86,2,464,7,2595,4,70
1377,86,2,465,9,2604,6,90
1378,86,2,466,9,2613,2,90
1379,86,2,467,9,2622,0,90
1380,86,2,468,8,2630,13,80
1381,86,2,469,7,2637,4,70
1382,86,2,470,2,2639,3,20
1383,86,2,471,4,2643,1,40
1384,86,2,472,6,2649,3,60
1385,86,2,473,5,2654,0,50
1386,86,2,474,7,2661,6,70
1387,86,2,475,3,2664,0,30
1388,86,2,476,8,2672,4,80
1389,86,2,477,8,2680,4,80
1390,86,2,478,6,2686,4,60
1391,86,2,479,5,2691,3,50
1392,86,2,480,7,2698,2,70
1393,86,2,481,4,2702,2,40
1394,86,2,482,4,2706,0,40
1395,86,2,483,7,2713,0,70
1396,86,2,484,2,2715,0,20
1397,86,2,485,3,2718,1,30
1398,86,2,486,7,2725,5,70
1399,86,2,487,8,2733,0,80
1400,86,2,488,7,2740,7,70
1401,86,2,489,5,2745,0,50
1402,86,2,490,5,2750,5,50
1403,86,2,491,7,2757,0,70
1404,86,2,492,8,2765,10,80
1405,86,2,493,4,2769,0,40
1406,86,2,494,6,2775,0,60
1407,86,2,495,6,2781,2,60
1408,86,2,496,9,2790,0,90
1409,86,2,497,3,2793,0,30
1410,86,2,498,9,2802,17,90
1411,86,2,499,3,2805,0,30
1412,86,2,500,4,2809,0,40
1413,86,2,501,6,2815,0,60
1414,86,2,502,9,2824,0,90
1415,86,2,503,8,2832,14,80
1416,86,2,504,5,2837,0,50
1417,86,2,505,3,2840,7,30
1418,86,2,506,6,2846,0,60
1419,86,2,507,7,2853,0,70
1420,86,2,508,2,2855,13,20
1421,86,2,509,8,2863,6,80
1422,86,2,510,4,2867,2,40
1423,86,2,511,5,2872,2,50
1424,86,2,512,9,2881,0,90
1425,86,2,513,9,2890,3,90
1426,86,2,514,5,2895,2,50
1427,86,2,515,9,2904,7,90
1428,86,2,516,8,2912,8,80
1429,86,2,517,4,2916,0,40
1430,86,2,518,4,2920,0,40
1431,86,2,519,6,2926,5,60
1432,86,2,520,9,2935,2,90
1433,86,2,521,8,2943,6,80
1434,86,2,522,5,2948,1,50
1435,86,2,523,6,2954,2,60
1436,86,2,524,3,2957,0,30
1437,86,2,525,6,2963,0,60
1438,86,2,526,3,2966,1,30
1439,86,2,527,4,2970,0,40
1440,86,2,528,8,2978,4,80
1441,86,2,529,5,2983,2,50
1442,86,2,530,7,2990,7,70
1443,86,2,531,9,2999,11,90
1444,86,2,532,3,3002,2,30
1445,86,2,533,8,3010,4,80
1446,86,2,534,5,3015,0,50
1447,86,2,535,9,3024,0,90
1448,86,2,536,2,3026,5,20
1449,86,2,537,2,3028,1,20
1450,86,2,538,2,3030,0,20
1451,86,2,539,7,3037,4,70
1452,86,2,540,4,3041,2,40
1453,86,2,541,9,3050,0,90
1454,86,2,542,7,3057,6,70
1455,86,2,543,7,3064,0,70
1456,86,2,544,6,3070,0,60
1457,86,2,545,7,3077,8,70
1458,86,2,546,3,3080,0,30
1459,86,2,547,6,3086,0,60
1460,86,2,548,5,3091,2,50
1461,86,2,549,4,3095,2,40
1462,86,2,550,2,3097,0,20
1463,86,2,551,3,3100,5,30
1464,86,2,552,3,3103,0,30
1465,86,2,553,8,3111,3,80
1466,86,2,554,6,3117,0,60
1467,86,2,555,2,3119,5,20
1468,86,2,556,7,3126,3,70
1469,86,2,557,8,3134,0,80
1470,86,2,558,8,3142,9,80
1471,86,2,559,5,3147,1,50
1472,86,2,560,5,3152,0,50
1473,86,2,561,3,3155,1,30
1474,86,2,562,7,3162,5,70
1475,86,2,563,9,3171,4,90
1476,86,2,564,7,3178,2,70
1477,86,2,565,3,3181,1,30
1478,86,2,566,5,3186,0,50
1479,86,2,567,7,3193,4,70
1480,86,2,568,6,3199,4,60
1481,86,2,569,3,3202,1,30
1482,86,2,570,9,3211,5,90
1483,86,2,571,4,3215,3,40
1484,86,2,572,4,3219,0,40
1485,86,2,573,3,3222,0,30
1486,86,2,574,3,3225,8,30
1487,86,2,575,2,3227,4,20
1488,86,2,576,5,3232,0,50
1489,86,2,577,6,3238,3,60
1490,86,2,578,3,3241,0,30
1491,86,2,579,3,3244,0,30
1492,86,2,580,9,3253,0,90
1493,86,2,581,5,3258,12,50
1494,86,2,582,5,3263,2,50
1495,86,2,583,7,3270,0,70
1496,86,2,584,9,3279,9,90
1497,86,2,585,8,3287,0,80
1498,86,2,586,6,3293,7,60
1499,86,2,587,5,3298,0,50
1500,86,2,588,4,3302,6,40
1501,86,2,589,6,3308,0,60
1502,86,2,590,8,3316,2,80
1503,86,2,591,5,3321,4,50
1504,86,2,592,9,3330,4,90
1505,86,2,593,5,3335,0,50
1506,86,2,594,4,3339,5,40
1507,86,2,595,7,3346,4,70
1508,86,2,596,2,3348,3,20
1509,86,2,597,5,3353,0,50
1510,86,2,598,6,3359,3,60
1511,86,2,599,3,3362,0,30
1512,86,2,600,3,3365,0,30
1513,86,2,601,3,3368,2,30
1514,86,2,602,6,3374,0,60
1515,86,2,603,3,3377,0,30
1516,86,2,604,5,3382,7,50
1517,86,2,605,8,3390,6,80
1518,86,2,606,5,3395,6,50
1519,86,2,607,2,3397,1,20
1520,86,2,608,9,3406,5,90
1521,86,2,609,2,3408,1,20
1522,86,2,610,2,3410,0,20
1523,86,2,611,3,3413,3,30
1524,86,2,612,8,3421,5,80
1525,86,2,613,2,3423,0,20
1526,86,2,614,8,3431,3,80
1527,86,2,615,4,3435,0,40
1528,86,2,616,9,3444,5,90
1529,86,2,617,8,3452,3,80
1530,86,2,618,3,3455,0,30
1531,86,2,619,8,3463,0,80
1532,86,2,620,6,3469,9,60
1533,86,2,621,8,3477,0,80
1534,86,2,622,3,3480,1,30
1535,86,2,623,4,3484,3,40
1536,86,2,624,3,3487,0,30
1537,86,2,625,3,3490,0,30
1538,86,2,626,3,3493,4,30
1539,86,2,627,2,3495,1,20
1540,86,2,628,3,3498,4,30
1541,86,2,629,2,3500,0,20
1542,86,2,630,7,3507,4,70
1543,86,2,631,8,3515,2,80
1544,86,2,632,5,3520,0,50
1545,86,2,633,9,3529,7,90
1546,86,2,634,3,3532,0,30
1547,86,2,635,3,3535,0,30
1548,86,2,636,3,3538,1,30
1549,86,2,637,7,3545,6,70
1550,86,2,638,3,3548,1,30
1551,86,2,639,5,3553,0,50
1552,86,2,640,9,3562,7,90
1553,86,2,641,7,3569,0,70
1554,86,2,642,7,3576,6,70
1555,86,2,643,2,3578,2,20
1556,86,2,644,5,3583,3,50
1557,86,2,645,6,3589,3,60
1558,86,2,646,5,3594,0,50
1559,86,2,647,7,3601,4,70
1560,86,2,648,7,3608,2,70
1561,86,2,649,2,3610,0,20
1562,86,2,650,3,3613,3,30
1563,86,2,651,6,3619,0,60
1564,86,2,652,7,3626,0,70
1565,86,2,653,5,3631,8,50
1566,86,2,654,3,3634,0,30
1567,86,2,655,7,3641,1,70
1568,86,2,656,8,3649,0,80
1569,86,2,657,6,3655,5,60
1570,86,2,658,8,3663,0,80
1571,86,2,659,5,3668,9,50
1572,86,2,660,6,3674,5,60
1573,86,2,661,8,3682,7,80
1574,86,2,662,8,3690,0,80
1575,86,2,663,5,3695,0,50
1576,86,2,664,2,3697,0,20
1577,86,2,665,4,3701,15,40
1578,86,2,666,4,3705,0,40
1579,86,2,667,3,3708,4,30
1580,86,2,668,7,3715,0,70
1581,86,2,669,6,3721,8,60
1582,86,2,670,6,3727,2,60
1583,86,2,671,2,3729,1,20
1584,86,2,672,3,3732,0,30
1585,86,2,673,6,3738,3,60
1586,86,2,674,5,3743,2,50
1587,86,2,675,2,3745,1,20
1588,86,2,676,3,3748,0,30
1589,86,2,677,6,3754,2,60
1590,86,2,678,9,3763,0,90
1591,86,2,679,6,3769,0,60
1592,86,2,680,2,3771,13,20
1593,86,2,681,5,3776,2,50
1594,86,2,682,5,3781,0,50
1595,86,2,683,3,3784,4,30
1596,86,2,684,9,3793,0,90
1597,86,2,685,3,3796,8,30
1598,86,2,686,3,3799,0,30
1599,86,2,687,4,3803,2,40
1600,86,2,688,5,3808,2,50
1601,86,2,689,3,3811,5,30
1602,86,2,690,9,3820,1,90
1603,86,2,691,3,3823,2,30
1604,86,2,692,6,3829,5,60
1605,86,2,693,7,3836,5,70
1606,86,2,694,4,3840,2,40
1607,86,2,695,9,3849,2,90
1608,86,2,696,9,3858,2,90
1609,86,2,697,9,3867,2,90
1610,86,2,698,2,3869,0,20
1611,86,2,699,5,3874,3,50
1612,86,2,700,4,3878,0,40
1613,86,2,701,7,3885,6,70
1614,86,2,702,6,3891,6,60
1615,86,2,703,3,3894,3,30
1616,86,2,704,6,3900,2,60
1617,86,2,705,4,3904,4,40
1618,86,2,706,9,3913,0,90
1619,86,2,707,8,3921,7,80
1620,86,2,708,5,3926,1,50
1621,86,2,709,5,3931,3,50
1622,86,2,710,5,3936,0,50
1623,86,2,711,9,3945,10,90
1624,86,2,712,8,3953,0,80
1625,86,2,713,2,3955,0,20
1626,86,2,714,7,3962,6,70
1627,86,2,715,7,3969,2,70
1628,86,2,716,7,3976,2,70
1629,86,2,717,9,3985,8,90
1630,86,2,718,4,3989,3,40
1631,86,2,719,4,3993,2,40
1632,86,2,720,5,3998,3,50
1633,86,2,721,9,4007,5,90
1634,86,2,722,2,4009,1,20
1635,86,2,723,2,4011,0,20
1636,86,2,724,6,4017,6,60
1637,86,2,725,4,4021,0,40
1638,86,2,726,4,4025,3,40
1639,86,2,727,3,4028,0,30
1640,86,2,728,8,4036,9,80
1641,86,2,729,6,4042,3,60
1642,86,2,730,2,4044,1,20
1643,86,2,731,8,4052,5,80
1644,86,2,732,7,4059,5,70
1645,86,2,733,4,4063,0,40
1646,86,2,734,9,4072,7,90
1647,86,2,735,8,4080,0,80
1648,86,2,736,7,4087,6,70
1649,86,2,737,4,4091,0,40
1650,86,2,738,4,4095,0,40
1651,86,2,739,7,4102,4,70
1652,86,2,740,2,4104,0,20
1653,86,2,741,3,4107,4,30
1654,86,2,742,5,4112,0,50
1655,86,2,743,6,4118,5,60
1656,86,2,744,9,4127,0,90
1657,86,2,745,5,4132,6,50
1658,86,2,746,6,4138,2,60
1659,86,2,747,3,4141,0,30
1660,86,2,748,2,4143,0,20
1661,86,2,749,8,4151,2,80
1662,86,2,750,8,4159,4,80
1663,86,2,751,2,4161,0,20
1664,86,2,752,7,4168,0,70
1665,86,2,753,7,4175,5,70
1666,86,2,754,4,4179,0,40
1667,86,2,755,8,4187,11,80
1668,86,2,756,6,4193,2,60
1669,86,2,757,4,4197,4,40
1670,86,2,758,8,4205,3,80
1671,86,2,759,8,4213,4,80
1672,86,2,760,6,4219,4,60
1673,86,2,761,4,4223,4,40
1674,86,2,762,8,4231,7,80
1675,86,2,763,4,4235,0,40
1676,86,2,764,4,4239,3,40
1677,86,2,765,9,4248,7,90
1678,86,2,766,9,4257,0,90
1679,86,2,767,9,4266,11,90
1680,86,2,768,9,4275,6,90
1681,86,2,769,8,4283,0,80
1682,86,2,770,3,4286,5,30
1683,86,2,771,3,4289,0,30
1684,86,2,772,3,4292,5,30
1685,86,2,773,8,4300,7,80
1686,86,2,774,6,4306,4,60
1687,86,2,775,3,4309,1,30
1688,86,2,776,3,4312,0,30
1689,86,2,777,9,4321,4,90
1690,86,2,778,8,4329,4,80
1691,86,2,779,2,4331,1,20
1692,86,2,780,2,4333,4,20
1693,86,2,781,4,4337,0,40
1694,86,2,782,5,4342,0,50
1695,86,2,783,4,4346,2,40
1696,86,2,784,5,4351,0,50
1697,86,2,785,2,4353,0,20
1698,86,2,786,5,4358,4,50
1699,86,2,787,3,4361,1,30
1700,86,2,788,8,4369,0,80
1701,86,2,789,4,4373,7,40
1702,86,2,790,3,4376,0,30
1703,86,2,791,3,4379,1,30
1704,86,2,792,3,4382,0,30
1705,86,2,793,2,4384,0,20
1706,86,2,794,8,4392,5,80
1707,86,2,795,2,4394,0,20
1708,86,2,796,8,4402,3,80
1709,86,2,797,7,4409,3,70
1710,86,2,798,7,4416,0,70
1711,86,2,799,7,4423,6,70
1712,86,2,800,3,4426,0,30
1713,86,2,801,7,4433,0,70
1714,86,2,802,9,4442,7,90
1715,86,2,803,6,4448,5,60
1716,86,2,804,7,4455,2,70
1717,86,2,805,6,4461,1,60
1718,86,2,806,5,4466,2,50
1719,86,2,807,3,4469,1,30
1720,86,2,808,7,4476,6,70
1721,86,2,809,9,4485,0,90
1722,86,2,810,9,4494,8,90
1723,86,2,811,7,4501,0,70
1724,86,2,812,7,4508,10,70
1725,86,2,813,6,4514,0,60
1726,86,2,814,4,4518,1,40
1727,86,2,815,7,4525,3,70
1728,86,2,816,4,4529,1,40
1729,86,2,817,4,4533,1,40
1730,86,2,818,6,4539,0,60
1731,86,2,819,9,4548,5,90
1732,86,2,820,8,4556,3,80
1733,86,2,821,5,4561,4,50
1734,86,2,822,9,4570,0,90
1735,86,2,823,4,4574,10,40
1736,86,2,824,4,4578,2,40
1737,86,2,825,4,4582,2,40
1738,86,2,826,7,4589,6,70
1739,86,2,827,5,4594,0,50
1740,86,2,828,3,4597,2,30
1741,86,2,829,8,4605,3,80
1742,86,2,830,8,4613,2,80
1743,86,2,831,2,4615,0,20
1744,86,2,832,7,4622,5,70
1745,86,2,833,3,4625,4,30
1746,86,2,834,5,4630,3,50
1747,86,2,835,5,4635,0,50
1748,86,2,836,3,4638,4,30
1749,86,2,837,4,4642,2,40
1750,86,2,838,7,4649,4,70
1751,86,2,839,6,4655,3,60
1752,86,2,840,3,4658,0,30
1753,86,2,841,7,4665,6,70
1754,86,2,842,2,4667,1,20
1755,86,2,843,2,4669,1,20
1756,86,2,844,8,4677,2,80
1757,86,2,845,7,4684,4,70
1758,86,2,846,4,4688,0,40
1759,86,2,847,9,4697,5,90
1760,86,2,848,9,4706,4,90
1761,86,2,849,5,4711,0,50
1762,86,2,850,3,4714,4,30
1763,86,2,851,6,4720,1,60
1764,86,2,852,8,4728,4,80
1765,86,2,853,5,4733,7,50
1766,86,2,854,3,4736,1,30
1767,86,2,855,9,4745,6,90
1768,86,2,856,3,4748,1,30
1769,86,2,857,2,4750,1,20
1770,86,2,858,8,4758,4,80
1771,86,2,859,2,4760,0,20
1772,86,2,860,2,4762,0,20
1773,86,2,861,8,4770,6,80
1774,86,2,862,3,4773,0,30
1775,86,2,863,4,4777,0,40
1776,86,2,864,6,4783,7,60
1777,86,2,865,4,4787,1,40
1778,86,2,866,3,4790,0,30
1779,86,2,867,5,4795,3,50
1780,86,2,868,9,4804,6,90
1781,86,2,869,7,4811,4,70
1782,86,2,870,3,4814,0,30
1783,86,2,871,6,4820,0,60
1784,86,2,872,7,4827,3,70
1785,86,2,873,9,4836,8,90
1786,86,2,874,9,4845,4,90
1787,86,2,875,2,4847,1,20
1788,86,2,876,2,4849,2,20
1789,86,2,877,3,4852,2,30
1790,86,2,878,7,4859,5,70
1791,86,2,879,6,4865,0,60
1792,86,2,880,8,4873,0,80
1793,86,2,881,9,4882,10,90
1794,86,2,882,3,4885,0,30
1795,86,2,883,5,4890,2,50
1796,86,2,884,7,4897,6,70
1797,86,2,885,7,4904,1,70
1798,86,2,886,9,4913,2,90
1799,86,2,887,5,4918,0,50
1800,86,2,888,7,4925,4,70
1801,86,2,889,5,4930,3,50
1802,86,2,890,9,4939,8,90
1803,86,2,891,5,4944,2,50
1804,86,2,892,9,4953,0,90
1805,86,2,893,5,4958,6,50
1806,86,2,894,9,4967,2,90
1807,86,2,895,4,4971,5,40
1808,86,2,896,2,4973,1,20
1809,86,2,897,2,4975,0,20
1810,86,2,898,2,4977,0,20
1811,86,2,899,8,4985,3,80
1812,86,2,900,3,4988,2,30
1813,86,2,901,8,4996,2,80
1814,86,3,1,8,8,0,80
1815,86,3,2,6,14,0,60
1816,86,3,3,8,22,9,80
1817,86,3,4,7,29,0,70
1818,86,3,5,2,31,0,20
1819,86,3,6,2,33,0,20
1820,86,3,7,6,39,8,60
1821,86,3,8,5,44,2,50
1822,86,3,9,4,48,1,40
1823,86,3,10,9,57,2,90
1824,86,3,11,6,63,0,60
1825,86,3,12,4,67,3,40
1826,86,3,13,3,70,0,30
1827,86,3,14,5,75,6,50
1828,86,3,15,2,77,0,20
1829,86,3,16,9,86,0,90
1830,86,3,17,7,93,4,70
1831,86,3,18,7,100,6,70
1832,86,3,19,9,109,0,90
1833,86,3,20,8,117,8,80
1834,86,3,21,9,126,8,90
1835,86,3,22,2,128,0,20
1836,86,3,23,8,136,0,80
1837,86,3,24,7,143,0,70
1838,86,3,25,6,149,0,60
1839,86,3,26,3,152,0,30
1840,86,3,27,9,161,10,90
1841,86,3,28,8,169,0,80
1842,86,3,29,5,174,0,50
1843,86,3,30,8,182,6,80
1844,86,3,31,6,188,3,60
1845,86,3,32,5,193,1,50
1846,86,3,33,6,199,3,60
1847,86,3,34,8,207,0,80
1848,86,3,35,7,214,0,70
1849,86,3,36,3,217,0,30
1850,86,3,37,5,222,14,50
1851,86,3,38,9,231,5,90
1852,86,3,39,4,235,0,40
1853,86,3,40,6,241,0,60
1854,86,3,41,3,244,0,30
1855,86,3,42,4,248,10,40
1856,86,3,43,7,255,4,70
1857,86,3,44,4,259,3,40
1858,86,3,45,3,262,3,30
1859,86,3,46,7,269,0,70
1860,86,3,47,3,272,0,30
1861,86,3,48,2,274,5,20
1862,86,3,49,5,279,2,50
1863,86,3,50,5,284,3,50
1864,86,3,51,3,287,0,30
1865,86,3,52,3,290,1,30
1866,86,3,53,9,299,0,90
1867,86,3,54,6,305,9,60
1868,86,3,55,8,313,6,80
1869,86,3,56,9,322,5,90
1870,86,3,57,5,327,0,50
1871,86,3,58,4,331,5,40
1872,86,3,59,5,336,0,50
1873,86,3,60,4,340,0,40
1874,86,3,61,5,345,4,50
1875,86,3,62,3,348,0,30
1876,86,3,63,2,350,0,20
1877,86,3,64,3,353,4,30
1878,86,3,65,4,357,3,40
1879,86,3,66,3,360,0,30
1880,86,3,67,8,368,1,80
1881,86,3,68,2,370,2,20
1882,86,3,69,2,372,2,20
1883,86,3,70,8,380,0,80
1884,86,3,71,6,386,0,60
1885,86,3,72,2,388,4,20
1886,86,3,73,5,393,4,50
1887,86,3,74,6,399,2,60
1888,86,3,75,7,406,2,70
1889,86,3,76,5,411,3,50
1890,86,3,77,7,418,4,70
1891,86,3,78,2,420,1,20
1892,86,3,79,9,429,0,90
1893,86,3,80,7,436,8,70
1894,86,3,81,6,442,5,60
1895,86,3,82,2,444,1,20
1896,86,3,83,4,448,2,40
1897,86,3,84,7,455,3,70
1898,86,3,85,3,458,0,30
1899,86,3,86,7,465,4,70
1900,86,3,87,3,468,1,30
1901,86,3,88,8,476,5,80
1902,86,3,89,9,485,6,90
1903,86,3,90,3,488,3,30
1904,86,3,91,3,491,0,30
1905,86,3,92,5,496,0,50
1906,86,3,93,4,500,0,40
1907,86,3,94,9,509,0,90
1908,86,3,95,3,512,6,30
1909,86,3,96,3,515,2,30
1910,86,3,97,4,519,4,40
1911,86,3,98,8,527,1,80
1912,86,3,99,5,532,2,50
1913,86,3,100,3,535,0,30
1914,86,3,101,4,539,4,40
1915,86,3,102,2,541,1,20
1916,86,3,103,9,550,5,90
1917,86,3,104,3,553,1,30
1918,86,3,105,2,555,1,20
1919,86,3,106,3,558,1,30
1920,86,3,107,4,562,2,40
1921,86,3,108,4,566,2,40
1922,86,3,109,7,573,2,70
1923,86,3,110,5,578,7,50
1924,86,3,111,4,582,0,40
1925,86,3,112,4,586,2,40
1926,86,3,113,7,593,2,70
1927,86,3,114,4,597,4,40
1928,86,3,115,5,602,1,50
1929,86,3,116,3,605,1,30
1930,86,3,117,5,610,5,50
1931,86,3,118,6,616,1,60
1932,86,3,119,7,623,1,70
1933,86,3,120,6,629,5,60
1934,86,3,121,8,637,8,80
1935,86,3,122,8,645,4,80
1936,86,3,123,3,648,2,30
1937,86,3,124,6,654,1,60
1938,86,3,125,4,658,0,40
1939,86,3,126,7,665,5,70
1940,86,3,127,3,668,0,30
1941,86,3,128,6,674,4,60
1942,86,3,129,6,680,5,60
1943,86,3,130,6,686,1,60
1944,86,3,131,7,693,1,70
1945,86,3,132,6,699,2,60
1946,86,3,133,5,704,2,50
1947,86,3,134,2,706,0,20
1948,86,3,135,9,715,6,90
1949,86,3,136,9,724,4,90
1950,86,3,137,5,729,0,50
1951,86,3,138,9,738,5,90
1952,86,3,139,8,746,4,80
1953,86,3,140,5,751,2,50
1954,86,3,141,3,754,1,30
1955,86,3,142,6,760,4,60
1956,86,3,143,5,765,0,50
1957,86,3,144,8,773,8,80
1958,86,3,145,4,777,0,40
1959,86,3,146,2,779,2,20
1960,86,3,147,4,783,0,40
1961,86,3,148,6,789,0,60
1962,86,3,149,7,796,13,70
1963,86,3,150,8,804,4,80
1964,86,3,151,2,806,0,20
1965,86,3,152,9,815,10,90
1966,86,3,153,4,819,2,40
1967,86,3,154,8,827,3,80
1968,86,3,155,2,829,0,20
1969,86,3,156,5,834,2,50
1970,86,3,157,2,836,0,20
1971,86,3,158,4,840,6,40
1972,86,3,159,5,845,2,50
1973,86,3,160,8,853,4,80
1974,86,3,161,6,859,5,60
1975,86,3,162,4,863,2,40
1976,86,3,163,3,866,0,30
1977,86,3,164,6,872,3,60
1978,86,3,165,3,875,2,30
1979,86,3,166,3,878,1,30
1980,86,3,167,8,886,0,80
1981,86,3,168,5,891,0,50
1982,86,3,169,2,893,7,20
1983,86,3,170,4,897,1,40
1984,86,3,171,9,906,4,90
1985,86,3,172,3,909,2,30
1986,86,3,173,3,912,1,30
1987,86,3,174,4,916,1,40
1988,86,3,175,2,918,2,20
1989,86,3,176,4,922,0,40
1990,86,3,177,4,926,0,40
1991,86,3,178,7,933,14,70
1992,86,3,179,2,935,0,20
1993,86,3,180,7,942,2,70
1994,86,3,181,3,945,2,30
1995,86,3,182,8,953,6,80
1996,86,3,183,8,961,3,80
1997,86,3,184,7,968,0,70
1998,86,3,185,2,970,5,20
1999,86,3,186,7,977,3,70
2000,86,3,187,9,986,0,90
2001,86,3,188,2,988,5,20
2002,86,3,189,8,996,4,80
2003,86,3,190,7,1003,3,70
2004,86,3,191,8,1011,2,80
2005,86,3,192,2,1013,1,20
2006,86,3,193,2,1015,0,20
2007,86,3,194,9,1024,4,90
2008,86,3,195,8,1032,2,80
2009,86,3,196,6,1038,3,60
2010,86,3,197,9,1047,7,90
2011,86,3,198,6,1053,3,60
2012,86,3,199,2,1055,2,20
2013,86,3,200,7,1062,3,70
2014,86,3,201,6,1068,0,60
2015,86,3,202,6,1074,4,60
2016,86,3,203,9,1083,4,90
2017,86,3,204,9,1092,3,90
2018,86,3,205,3,1095,3,30
2019,86,3,206,7,1102,6,70
2020,86,3,207,2,1104,0,20
2021,86,3,208,4,1108,4,40
2022,86,3,209,4,1112,1,40
2023,86,3,210,5,1117,3,50
2024,86,3,211,9,1126,2,90
2025,86,3,212,9,1135,7,90
2026,86,3,213,3,1138,0,30
2027,86,3,214,2,1140,1,20
2028,86,3,215,8,1148,7,80
2029,86,3,216,7,1155,4,70
2030,86,3,217,4,1159,0,40
2031,86,3,218,2,1161,1,20
2032,86,3,219,8,1169,3,80
2033,86,3,220,8,1177,0,80
2034,86,3,221,5,1182,7,50
2035,86,3,222,5,1187,3,50
2036,86,3,223,9,1196,4,90
2037,86,3,224,3,1199,3,30
2038,86,3,225,2,1201,0,20
2039,86,3,226,9,1210,0,90
2040,86,3,227,3,1213,6,30
2041,86,3,228,8,1221,5,80
2042,86,3,229,6,1227,3,60
2043,86,3,230,6,1233,2,60
2044,86,3,231,2,1235,0,20
2045,86,3,232,7,1242,0,70
2046,86,3,233,7,1249,10,70
2047,86,3,234,5,1254,0,50
2048,86,3,235,9,1263,6,90
2049,86,3,236,5,1268,3,50
2050,86,3,237,3,1271,3,30
2051,86,3,238,3,1274,3,30
2052,86,3,239,8,1282,3,80
2053,86,3,240,5,1287,1,50
2054,86,3,241,7,1294,4,70
2055,86,3,242,3,1297,1,30
2056,86,3,243,8,1305,0,80
2057,86,3,244,3,1308,6,30
2058,86,3,245,3,1311,0,30
2059,86,3,246,7,1318,2,70
2060,86,3,247,8,1326,4,80
2061,86,3,248,2,1328,0,20
2062,86,3,249,4,1332,0,40
2063,86,3,250,9,1341,0,90
2064,86,3,251,4,1345,8,40
2065,86,3,252,7,1352,2,70
2066,86,3,253,6,1358,3,60
2067,86,3,254,7,1365,0,70
2068,86,3,255,2,1367,10,20
2069,86,3,256,4,1371,0,40
2070,86,3,257,6,1377,4,60
2071,86,3,258,8,1385,5,80
2072,86,3,259,9,1394,7,90
2073,86,3,260,2,1396,0,20
2074,86,3,261,5,1401,5,50
2075,86,3,262,7,1408,1,70
2076,86,3,263,7,1415,0,70
2077,86,3,264,3,1418,5,30
2078,86,3,265,2,1420,0,20
2079,86,3,266,9,1429,4,90
2080,86,3,267,3,1432,1,30
2081,86,3,268,7,1439,0,70
2082,86,3,269,2,1441,5,20
2083,86,3,270,2,1443,0,20
2084,86,3,271,7,1450,4,70
2085,86,3,272,3,1453,2,30
2086,86,3,273,7,1460,0,70
2087,86,3,274,5,1465,5,50
2088,86,3,275,7,1472,0,70
2089,86,3,276,8,1480,8,80
2090,86,3,277,6,1486,0,60
2091,86,3,278,9,1495,10,90
2092,86,3,279,2,1497,0,20
2093,86,3,280,5,1502,0,50
2094,86,3,281,6,1508,7,60
2095,86,3,282,9,1517,7,90
2096,86,3,283,2,1519,0,20
2097,86,3,284,2,1521,0,20
2098,86,3,285,5,1526,2,50
2099,86,3,286,4,1530,2,40
2100,86,3,287,5,1535,1,50
2101,86,3,288,3,1538,0,30
2102,86,3,289,3,1541,0,30
2103,86,3,290,2,1543,2,20
2104,86,3,291,8,1551,0,80
2105,86,3,292,9,1560,0,90
2106,86,3,293,9,1569,11,90
2107,86,3,294,9,1578,2,90
2108,86,3,295,2,1580,1,20
2109,86,3,296,7,1587,3,70
2110,86,3,297,7,1594,1,70
2111,86,3,298,2,1596,3,20
2112,86,3,299,3,1599,1,30
2113,86,3,300,9,1608,2,90
2114,86,3,301,7,1615,0,70
2115,86,3,302,7,1622,7,70
2116,86,3,303,3,1625,0,30
2117,86,3,304,3,1628,3,30
2118,86,3,305,3,1631,2,30
2119,86,3,306,2,1633,1,20
2120,86,3,307,5,1638,0,50
2121,86,3,308,2,1640,5,20
2122,86,3,309,8,1648,5,80
2123,86,3,310,9,1657,4,90
2124,86,3,311,5,1662,3,50
2125,86,3,312,7,1669,7,70
2126,86,3,313,6,1675,2,60
2127,86,3,314,4,1679,0,40
2128,86,3,315,6,1685,7,60
2129,86,3,316,9,1694,0,90
2130,86,3,317,6,1700,6,60
2131,86,3,318,6,1706,6,60
2132,86,3,319,5,1711,2,50
2133,86,3,320,8,1719,4,80
2134,86,3,321,2,1721,0,20
2135,86,3,322,5,1726,2,50
2136,86,3,323,7,1733,2,70
2137,86,3,324,7,1740,6,70
2138,86,3,325,8,1748,2,80
2139,86,3,326,7,1755,0,70
2140,86,3,327,9,1764,5,90
2141,86,3,328,3,1767,2,30
2142,86,3,329,5,1772,0,50
2143,86,3,330,2,1774,0,20
2144,86,3,331,2,1776,0,20
2145,86,3,332,7,1783,3,70
2146,86,3,333,4,1787,0,40
2147,86,3,334,6,1793,3,60
2148,86,3,335,9,1802,6,90
2149,86,3,336,7,1809,5,70
2150,86,3,337,5,1814,4,50
2151,86,3,338,9,1823,0,90
2152,86,3,339,6,1829,10,60
2153,86,3,340,6,1835,0,60
2154,86,3,341,7,1842,10,70
2155,86,3,342,4,1846,1,40
2156,86,3,343,8,1854,3,80
2157,86,3,344,9,1863,0,90
2158,86,3,345,5,1868,7,50
2159,86,3,346,8,1876,5,80
2160,86,3,347,4,1880,0,40
2161,86,3,348,3,1883,2,30
2162,86,3,349,9,1892,0,90
2163,86,3,350,9,1901,0,90
2164,86,3,351,9,1910,11,90
2165,86,3,352,5,1915,6,50
2166,86,3,353,2,1917,0,20
2167,86,3,354,5,1922,0,50
2168,86,3,355,8,1930,4,80
2169,86,3,356,3,1933,0,30
2170,86,3,357,4,1937,0,40
2171,86,3,358,4,1941,0,40
2172,86,3,359,6,1947,0,60
2173,86,3,360,9,1956,10,90
2174,86,3,361,8,1964,6,80
2175,86,3,362,6,1970,0,60
2176,86,3,363,3,1973,4,30
2177,86,3,364,7,1980,1,70
2178,86,3,365,5,1985,2,50
2179,86,3,366,7,1992,2,70
2180,86,3,367,8,2000,0,80
2181,86,3,368,8,2008,10,80
2182,86,3,369,5,2013,3,50
2183,86,3,370,3,2016,0,30
2184,86,3,371,7,2023,0,70
2185,86,3,372,9,2032,15,90
2186,86,3,373,6,2038,0,60
2187,86,3,374,7,2045,5,70
2188,86,3,375,5,2050,3,50
2189,86,3,376,5,2055,3,50
2190,86,3,377,5,2060,2,50
2191,86,3,378,4,2064,0,40
2192,86,3,379,3,2067,0,30
2193,86,3,380,4,2071,2,40
2194,86,3,381,7,2078,5,70
2195,86,3,382,7,2085,0,70
2196,86,3,383,7,2092,6,70
2197,86,3,384,7,2099,4,70
2198,86,3,385,2,2101,3,20
2199,86,3,386,3,2104,2,30
2200,86,3,387,4,2108,4,40
2201,86,3,388,7,2115,2,70
2202,86,3,389,5,2120,0,50
2203,86,3,390,8,2128,5,80
2204,86,3,391,3,2131,3,30
2205,86,3,392,6,2137,0,60
2206,86,3,393,6,2143,13,60
2207,86,3,394,4,2147,2,40
2208,86,3,395,4,2151,1,40
2209,86,3,396,2,2153,0,20
2210,86,3,397,6,2159,2,60
2211,86,3,398,8,2167,2,80
2212,86,3,399,4,2171,5,40
2213,86,3,400,7,2178,0,70
2214,86,3,401,5,2183,2,50
2215,86,3,402,7,2190,3,70
2216,86,3,403,6,2196,4,60
2217,86,3,404,2,2198,1,20
2218,86,3,405,2,2200,0,20
2219,86,3,406,8,2208,4,80
2220,86,3,407,2,2210,0,20
2221,86,3,408,5,2215,4,50
2222,86,3,409,7,2222,3,70
2223,86,3,410,6,2228,3,60
2224,86,3,411,9,2237,3,90
2225,86,3,412,8,2245,3,80
2226,86,3,413,5,2250,4,50
2227,86,3,414,3,2253,1,30
2228,86,3,415,9,2262,6,90
2229,86,3,416,4,2266,0,40
2230,86,3,417,6,2272,5,60
2231,86,3,418,4,2276,0,40
2232,86,3,419,5,2281,0,50
2233,86,3,420,6,2287,7,60
2234,86,3,421,3,2290,0,30
2235,86,3,422,3,2293,4,30
2236,86,3,423,8,2301,2,80
2237,86,3,424,8,2309,3,80
2238,86,3,425,2,2311,2,20
2239,86,3,426,5,2316,2,50
2240,86,3,427,8,2324,4,80
2241,86,3,428,9,2333,9,90
2242,86,3,429,3,2336,3,30
2243,86,3,430,8,2344,0,80
2244,86,3,431,2,2346,5,20
2245,86,3,432,3,2349,0,30
2246,86,3,433,5,2354,1,50
2247,86,3,434,3,2357,2,30
2248,86,3,435,9,2366,6,90
2249,86,3,436,6,2372,1,60
2250,86,3,437,3,2375,3,30
2251,86,3,438,8,2383,0,80
2252,86,3,439,2,2385,3,20
2253,86,3,440,5,2390,1,50
2254,86,3,441,2,2392,0,20
2255,86,3,442,8,2400,0,80
2256,86,3,443,3,2403,11,30
2257,86,3,444,5,2408,1,50
2258,86,3,445,3,2411,2,30
2259,86,3,446,6,2417,0,60
2260,86,3,447,3,2420,0,30
2261,86,3,448,8,2428,6,80
2262,86,3,449,4,2432,0,40
2263,86,3,450,4,2436,5,40
2264,86,3,451,6,2442,3,60
2265,86,3,452,4,2446,0,40
2266,86,3,453,6,2452,5,60
2267,86,3,454,3,2455,0,30
2268,86,3,455,2,2457,0,20
2269,86,3,456,6,2463,7,60
2270,86,3,457,8,2471,3,80
2271,86,3,458,9,2480,5,90
2272,86,3,459,9,2489,7,90
2273,86,3,460,6,2495,2,60
2274,86,3,461,6,2501,2,60
2275,86,3,462,8,2509,3,80
2276,86,3,463,4,2513,0,40
2277,86,3,464,8,2521,0,80
2278,86,3,465,2,2523,5,20
2279,86,3,466,9,2532,2,90
2280,86,3,467,7,2539,2,70
2281,86,3,468,7,2546,5,70
2282,86,3,469,4,2550,1,40
2283,86,3,470,5,2555,4,50
2284,86,3,471,9,2564,5,90
2285,86,3,472,7,2571,3,70
2286,86,3,473,8,2579,3,80
2287,86,3,474,8,2587,7,80
2288,86,3,475,8,2595,5,80
2289,86,3,476,7,2602,2,70
2290,86,3,477,7,2609,0,70
2291,86,3,478,7,2616,13,70
2292,86,3,479,8,2624,9,80
2293,86,3,480,9,2633,3,90
2294,86,3,481,9,2642,8,90
2295,86,3,482,5,2647,0,50
2296,86,3,483,4,2651,4,40
2297,86,3,484,5,2656,0,50
2298,86,3,485,9,2665,10,90
2299,86,3,486,3,2668,0,30
2300,86,3,487,5,2673,4,50
2301,86,3,488,8,2681,0,80
2302,86,3,489,8,2689,0,80
2303,86,3,490,9,2698,13,90
2304,86,3,491,8,2706,4,80
2305,86,3,492,3,2709,1,30
2306,86,3,493,2,2711,0,20
2307,86,3,494,8,2719,3,80
2308,86,3,495,9,2728,4,90
2309,86,3,496,7,2735,0,70
2310,86,3,497,7,2742,13,70
2311,86,3,498,3,2745,3,30
2312,86,3,499,8,2753,9,80
2313,86,3,500,9,2762,8,90
2314,86,3,501,4,2766,1,40
2315,86,3,502,3,2769,1,30
2316,86,3,503,3,2772,1,30
2317,86,3,504,7,2779,3,70
2318,86,3,505,3,2782,3,30
2319,86,3,506,2,2784,1,20
2320,86,3,507,6,2790,4,60
2321,86,3,508,5,2795,7,50
2322,86,3,509,3,2798,0,30
2323,86,3,510,5,2803,0,50
2324,86,3,511,5,2808,8,50
2325,86,3,512,5,2813,3,50
2326,86,3,513,6,2819,1,60
2327,86,3,514,5,2824,5,50
2328,86,3,515,2,2826,0,20
2329,86,3,516,7,2833,7,70
2330,86,3,517,5,2838,2,50
2331,86,3,518,5,2843,0,50
2332,86,3,519,5,2848,8,50
2333,86,3,520,8,2856,6,80
2334,86,3,521,2,2858,0,20
2335,86,3,522,7,2865,3,70
2336,86,3,523,6,2871,3,60
2337,86,3,524,2,2873,1,20
2338,86,3,525,5,2878,2,50
2339,86,3,526,8,2886,3,80
2340,86,3,527,3,2889,0,30
2341,86,3,528,2,2891,1,20
2342,86,3,529,6,2897,0,60
2343,86,3,530,7,2904,6,70
2344,86,3,531,7,2911,0,70
2345,86,3,532,4,2915,7,40
2346,86,3,533,9,2924,5,90
2347,86,3,534,3,2927,3,30
2348,86,3,535,7,2934,0,70
2349,86,3,536,5,2939,0,50
2350,86,3,537,5,2944,2,50
2351,86,3,538,2,2946,1,20
2352,86,3,539,4,2950,1,40
2353,86,3,540,5,2955,4,50
2354,86,3,541,2,2957,0,20
2355,86,3,542,5,2962,8,50
2356,86,3,543,7,2969,5,70
2357,86,3,544,5,2974,3,50
2358,86,3,545,6,2980,2,60
2359,86,3,546,3,2983,2,30
2360,86,3,547,9,2992,5,90
2361,86,3,548,7,2999,3,70
2362,86,3,549,8,3007,0,80
2363,86,3,550,5,3012,0,50
2364,86,3,551,2,3014,5,20
2365,86,3,552,7,3021,0,70
2366,86,3,553,9,3030,12,90
2367,86,3,554,4,3034,2,40
2368,86,3,555,5,3039,2,50
2369,86,3,556,3,3042,0,30
2370,86,3,557,9,3051,5,90
2371,86,3,558,4,3055,0,40
2372,86,3,559,2,3057,1,20
2373,86,3,560,7,3064,8,70
2374,86,3,561,2,3066,0,20
2375,86,3,562,4,3070,0,40
2376,86,3,563,4,3074,4,40
2377,86,3,564,8,3082,4,80
2378,86,3,565,3,3085,0,30
2379,86,3,566,4,3089,2,40
2380,86,3,567,9,3098,2,90
2381,86,3,568,5,3103,3,50
2382,86,3,569,2,3105,1,20
2383,86,3,570,7,3112,4,70
2384,86,3,571,5,3117,3,50
2385,86,3,572,6,3123,0,60
2386,86,3,573,4,3127,5,40
2387,86,3,574,4,3131,1,40
2388,86,3,575,4,3135,0,40
2389,86,3,576,6,3141,6,60
2390,86,3,577,5,3146,1,50
2391,86,3,578,5,3151,5,50
2392,86,3,579,8,3159,2,80
2393,86,3,580,3,3162,1,30
2394,86,3,581,2,3164,1,20
2395,86,3,582,9,3173,0,90
2396,86,3,583,7,3180,11,70
2397,86,3,584,3,3183,1,30
2398,86,3,585,6,3189,2,60
2399,86,3,586,7,3196,2,70
2400,86,3,587,6,3202,1,60
2401,86,3,588,3,3205,0,30
2402,86,3,589,8,3213,4,80
2403,86,3,590,2,3215,0,20
2404,86,3,591,5,3220,5,50
2405,86,3,592,8,3228,0,80
2406,86,3,593,7,3235,11,70
2407,86,3,594,4,3239,2,40
2408,86,3,595,9,3248,2,90
2409,86,3,596,8,3256,5,80
2410,86,3,597,3,3259,0,30
2411,86,3,598,6,3265,2,60
2412,86,3,599,3,3268,2,30
2413,86,3,600,6,3274,3,60
2414,86,3,601,9,3283,3,90
2415,86,3,602,4,3287,0,40
2416,86,3,603,4,3291,0,40
2417,86,3,604,7,3298,0,70
2418,86,3,605,9,3307,11,90
2419,86,3,606,3,3310,0,30
2420,86,3,607,2,3312,0,20
2421,86,3,608,6,3318,9,60
2422,86,3,609,2,3320,1,20
2423,86,3,610,5,3325,3,50
2424,86,3,611,6,3331,0,60
2425,86,3,612,4,3335,5,40
2426,86,3,613,9,3344,5,90
2427,86,3,614,8,3352,5,80
2428,86,3,615,6,3358,6,60
2429,86,3,616,9,3367,4,90
2430,86,3,617,7,3374,3,70
2431,86,3,618,8,3382,2,80
2432,86,3,619,2,3384,1,20
2433,86,3,620,3,3387,0,30
2434,86,3,621,5,3392,1,50
2435,86,3,622,8,3400,2,80
2436,86,3,623,7,3407,5,70
2437,86,3,624,3,3410,1,30
2438,86,3,625,9,3419,1,90
2439,86,3,626,4,3423,4,40
2440,86,3,627,8,3431,2,80
2441,86,3,628,8,3439,3,80
2442,86,3,629,5,3444,0,50
2443,86,3,630,6,3450,6,60
2444,86,3,631,3,3453,2,30
2445,86,3,632,7,3460,4,70
2446,86,3,633,6,3466,5,60
2447,86,3,634,5,3471,3,50
2448,86,3,635,8,3479,1,80
2449,86,3,636,5,3484,1,50
2450,86,3,637,2,3486,1,20
2451,86,3,638,6,3492,2,60
2452,86,3,639,5,3497,0,50
2453,86,3,640,4,3501,3,40
2454,86,3,641,9,3510,4,90
2455,86,3,642,2,3512,0,20
2456,86,3,643,5,3517,3,50
2457,86,3,644,3,3520,0,30
2458,86,3,645,8,3528,7,80
2459,86,3,646,2,3530,0,20
2460,86,3,647,3,3533,0,30
2461,86,3,648,2,3535,1,20
2462,86,3,649,6,3541,2,60
2463,86,3,650,3,3544,1,30
2464,86,3,651,3,3547,2,30
2465,86,3,652,6,3553,0,60
2466,86,3,653,3,3556,4,30
2467,86,3,654,2,3558,0,20
2468,86,3,655,8,3566,2,80
2469,86,3,656,2,3568,0,20
2470,86,3,657,9,3577,5,90
2471,86,3,658,3,3580,0,30
2472,86,3,659,8,3588,8,80
2473,86,3,660,7,3595,0,70
2474,86,3,661,9,3604,13,90
2475,86,3,662,7,3611,3,70
2476,86,3,663,2,3613,1,20
2477,86,3,664,3,3616,2,30
2478,86,3,665,8,3624,6,80
2479,86,3,666,4,3628,0,40
2480,86,3,667,8,3636,4,80
2481,86,3,668,5,3641,5,50
2482,86,3,669,8,3649,0,80
2483,86,3,670,5,3654,0,50
2484,86,3,671,2,3656,2,20
2485,86,3,672,9,3665,0,90
2486,86,3,673,6,3671,10,60
2487,86,3,674,4,3675,3,40
2488,86,3,675,6,3681,0,60
2489,86,3,676,4,3685,0,40
2490,86,3,677,6,3691,4,60
2491,86,3,678,2,3693,0,20
2492,86,3,679,7,3700,5,70
2493,86,3,680,6,3706,4,60
2494,86,3,681,5,3711,2,50
2495,86,3,682,4,3715,0,40
2496,86,3,683,2,3717,3,20
2497,86,3,684,8,3725,8,80
2498,86,3,685,4,3729,3,40
2499,86,3,686,3,3732,1,30
2500,86,3,687,4,3736,0,40
2501,86,3,688,9,3745,0,90
2502,86,3,689,7,3752,12,70
2503,86,3,690,6,3758,3,60
2504,86,3,691,3,3761,1,30
2505,86,3,692,3,3764,2,30
2506,86,3,693,3,3767,2,30
2507,86,3,694,9,3776,5,90
2508,86,3,695,8,3784,1,80
2509,86,3,696,3,3787,3,30
2510,86,3,697,6,3793,4,60
2511,86,3,698,4,3797,2,40
2512,86,3,699,8,3805,3,80
2513,86,3,700,4,3809,3,40
2514,86,3,701,2,3811,1,20
2515,86,3,702,4,3815,3,40
2516,86,3,703,5,3820,6,50
2517,86,3,704,6,3826,5,60
2518,86,3,705,2,3828,3,20
2519,86,3,706,7,3835,2,70
2520,86,3,707,3,3838,3,30
2521,86,3,708,4,3842,0,40
2522,86,3,709,2,3844,0,20
2523,86,3,710,4,3848,6,40
2524,86,3,711,4,3852,0,40
2525,86,3,712,9,3861,5,90
2526,86,3,713,4,3865,1,40
2527,86,3,714,8,3873,1,80
2528,86,3,715,7,3880,0,70
2529,86,3,716,9,3889,10,90
2530,86,3,717,7,3896,0,70
2531,86,3,718,2,3898,0,20
2532,86,3,719,2,3900,0,20
2533,86,3,720,5,3905,6,50
2534,86,3,721,7,3912,0,70
2535,86,3,722,8,3920,0,80
2536,86,3,723,3,3923,19,30
2537,86,3,724,9,3932,0,90
2538,86,3,725,6,3938,12,60
2539,86,3,726,4,3942,3,40
2540,86,3,727,7,3949,3,70
2541,86,3,728,4,3953,0,40
2542,86,3,729,3,3956,4,30
2543,86,3,730,3,3959,0,30
2544,86,3,731,2,3961,1,20
2545,86,3,732,2,3963,2,20
2546,86,3,733,9,3972,6,90
2547,86,3,734,3,3975,3,30
2548,86,3,735,3,3978,4,30
2549,86,3,736,4,3982,1,40
2550,86,3,737,2,3984,1,20
2551,86,3,738,8,3992,2,80
2552,86,3,739,4,3996,0,40
2553,86,3,740,8,4004,10,80
2554,86,3,741,8,4012,0,80
2555,86,3,742,9,4021,5,90
2556,86,3,743,3,4024,1,30
2557,86,3,744,9,4033,5,90
2558,86,3,745,6,4039,1,60
2559,86,3,746,9,4048,4,90
2560,86,3,747,8,4056,4,80
2561,86,3,748,5,4061,2,50
2562,86,3,749,8,4069,4,80
2563,86,3,750,7,4076,0,70
2564,86,3,751,4,4080,5,40
2565,86,3,752,8,4088,4,80
2566,86,3,753,6,4094,0,60
2567,86,3,754,9,4103,0,90
2568,86,3,755,9,4112,13,90
2569,86,3,756,6,4118,0,60
2570,86,3,757,4,4122,2,40
2571,86,3,758,9,4131,4,90
2572,86,3,759,3,4134,0,30
2573,86,3,760,9,4143,7,90
2574,86,3,761,3,4146,1,30
2575,86,3,762,9,4155,2,90
2576,86,3,763,3,4158,0,30
2577,86,3,764,9,4167,3,90
2578,86,3,765,5,4172,3,50
2579,86,3,766,4,4176,0,40
2580,86,3,767,3,4179,0,30
2581,86,3,768,5,4184,0,50
2582,86,3,769,9,4193,7,90
2583,86,3,770,4,4197,2,40
2584,86,3,771,8,4205,2,80
2585,86,3,772,9,4214,3,90
2586,86,3,773,8,4222,3,80
2587,86,3,774,8,4230,3,80
2588,86,3,775,7,4237,3,70
2589,86,3,776,7,4244,6,70
2590,86,3,777,9,4253,4,90
2591,86,3,778,9,4262,3,90
2592,86,3,779,5,4267,3,50
2593,86,3,780,5,4272,1,50
2594,86,3,781,6,4278,0,60
2595,86,3,782,7,4285,6,70
2596,86,3,783,2,4287,2,20
2597,86,3,784,6,4293,5,60
2598,86,3,785,2,4295,1,20
2599,86,3,786,2,4297,0,20
2600,86,3,787,5,4302,0,50
2601,86,3,788,7,4309,9,70
2602,86,3,789,3,4312,1,30
2603,86,3,790,5,4317,1,50
2604,86,3,791,7,4324,4,70
2605,86,3,792,2,4326,4,20
2606,86,3,793,7,4333,2,70
2607,86,3,794,3,4336,1,30
2608,86,3,795,6,4342,0,60
2609,86,3,796,7,4349,5,70
2610,86,3,797,7,4356,0,70
2611,86,3,798,8,4364,9,80
2612,86,3,799,2,4366,0,20
2613,86,3,800,9,4375,5,90
2614,86,3,801,3,4378,2,30
2615,86,3,802,6,4384,4,60
2616,86,3,803,6,4390,0,60
2617,86,3,804,8,4398,2,80
2618,86,3,805,4,4402,0,40
2619,86,3,806,3,4405,1,30
2620,86,3,807,9,4414,5,90
2621,86,3,808,2,4416,0,20
2622,86,3,809,7,4423,5,70
2623,86,3,810,7,4430,2,70
2624,86,3,811,5,4435,1,50
2625,86,3,812,2,4437,1,20
2626,86,3,813,4,4441,0,40
2627,86,3,814,5,4446,3,50
2628,86,3,815,2,4448,1,20
2629,86,3,816,6,4454,3,60
2630,86,3,817,3,4457,2,30
2631,86,3,818,7,4464,4,70
2632,86,3,819,7,4471,0,70
2633,86,3,820,5,4476,7,50
2634,86,3,821,6,4482,7,60
2635,86,3,822,6,4488,2,60
2636,86,3,823,3,4491,1,30
2637,86,3,824,2,4493,0,20
2638,86,3,825,9,4502,4,90
2639,86,3,826,8,4510,4,80
2640,86,3,827,8,4518,1,80
2641,86,3,828,7,4525,5,70
2642,86,3,829,9,4534,0,90
2643,86,3,830,9,4543,10,90
2644,86,3,831,9,4552,0,90
2645,86,3,832,6,4558,7,60
2646,86,3,833,5,4563,0,50
2647,86,3,834,6,4569,5,60
2648,86,3,835,4,4573,0,40
2649,86,3,836,7,4580,0,70
2650,86,3,837,8,4588,12,80
2651,86,3,838,6,4594,2,60
2652,86,3,839,3,4597,1,30
2653,86,3,840,3,4600,0,30
2654,86,3,841,5,4605,0,50
2655,86,3,842,3,4608,2,30
2656,86,3,843,9,4617,3,90
2657,86,3,844,8,4625,4,80
2658,86,3,845,9,4634,4,90
2659,86,3,846,6,4640,0,60
2660,86,3,847,6,4646,10,60
2661,86,3,848,8,4654,0,80
2662,86,3,849,5,4659,4,50
2663,86,3,850,6,4665,7,60
2664,86,3,851,8,4673,2,80
2665,86,3,852,5,4678,3,50
2666,86,3,853,7,4685,0,70
2667,86,3,854,2,4687,3,20
2668,86,3,855,6,4693,4,60
2669,86,3,856,8,4701,2,80
2670,86,3,857,4,4705,2,40
2671,86,3,858,2,4707,1,20
2672,86,3,859,5,4712,4,50
2673,86,3,860,8,4720,0,80
2674,86,3,861,7,4727,8,70
2675,86,3,862,8,4735,6,80
2676,86,3,863,9,4744,0,90
2677,86,3,864,2,4746,6,20
2678,86,3,865,3,4749,1,30
2679,86,3,866,9,4758,0,90
2680,86,3,867,9,4767,9,90
2681,86,3,868,6,4773,2,60
2682,86,3,869,6,4779,3,60
2683,86,3,870,7,4786,2,70
2684,86,3,871,2,4788,0,20
2685,86,3,872,8,4796,0,80
2686,86,3,873,3,4799,5,30
2687,86,3,874,9,4808,3,90
2688,86,3,875,5,4813,1,50
2689,86,3,876,3,4816,0,30
2690,86,3,877,4,4820,1,40
2691,86,3,878,7,4827,2,70
2692,86,3,879,2,4829,3,20
2693,86,3,880,7,4836,5,70
2694,86,3,881,5,4841,0,50
2695,86,3,882,7,4848,11,70
2696,86,3,883,9,4857,5,90
2697,86,3,884,3,4860,0,30
2698,86,3,885,2,4862,1,20
2699,86,3,886,6,4868,2,60
2700,86,3,887,2,4870,2,20
2701,86,3,888,5,4875,4,50
2702,86,3,889,6,4881,6,60
2703,86,3,890,6,4887,3,60
2704,86,3,891,3,4890,0,30
2705,86,3,892,7,4897,2,70
2706,86,3,893,2,4899,0,20
2707,86,3,894,5,4904,1,50
2708,86,3,895,7,4911,4,70
2709,86,3,896,2,4913,0,20
2710,86,3,897,9,4922,11,90
2711,86,3,898,7,4929,3,70
2712,86,3,899,2,4931,1,20
2713,86,3,900,2,4933,1,20
2714,86,3,901,4,4937,0,40
2715,86,3,902,7,4944,3,70
2716,86,3,903,2,4946,3,20
2717,86,3,904,8,4954,10,80
2718,86,3,905,4,4958,2,40
2719,86,3,906,2,4960,0,20
2720,86,3,907,2,4962,0,20
2721,86,3,908,2,4964,1,20
2722,86,3,909,2,4966,0,20
2723,86,3,910,8,4974,5,80
2724,86,3,911,6,4980,0,60
2725,86,3,912,2,4982,4,20
2726,86,3,913,9,4991,5,90
2727,86,3,914,6,4997,0,60
