,Scenario,Trial,Inspection,Interval,Time,Defects,Rate
0,175,1,1,7,7,0,70
1,175,1,2,2,9,0,20
2,175,1,3,3,12,0,30
3,175,1,4,6,18,0,60
4,175,1,5,5,23,16,50
5,175,1,6,7,30,5,70
6,175,1,7,7,37,0,70
7,175,1,8,8,45,0,80
8,175,1,9,9,54,0,90
9,175,1,10,2,56,0,20
10,175,1,11,7,63,0,70
11,175,1,12,4,67,0,40
12,175,1,13,3,70,0,30
13,175,1,14,8,78,0,80
14,175,1,15,5,83,38,50
15,175,1,16,9,92,7,90
16,175,1,17,2,94,0,20
17,175,1,18,2,96,0,20
18,175,1,19,9,105,2,90
19,175,1,20,7,112,3,70
20,175,1,21,7,119,4,70
21,175,1,22,3,122,0,30
22,175,1,23,4,126,0,40
23,175,1,24,4,130,0,40
24,175,1,25,6,136,0,60
25,175,1,26,4,140,0,40
26,175,1,27,5,145,0,50
27,175,1,28,2,147,2,20
28,175,1,29,9,156,4,90
29,175,1,30,7,163,4,70
30,175,1,31,7,170,2,70
31,175,1,32,7,177,0,70
32,175,1,33,6,183,9,60
33,175,1,34,6,189,5,60
34,175,1,35,4,193,0,40
35,175,1,36,5,198,10,50
36,175,1,37,9,207,0,90
37,175,1,38,9,216,6,90
38,175,1,39,8,224,4,80
39,175,1,40,7,231,6,70
40,175,1,41,4,235,4,40
41,175,1,42,3,238,0,30
42,175,1,43,2,240,6,20
43,175,1,44,2,242,3,20
44,175,1,45,5,247,2,50
45,175,1,46,9,256,0,90
46,175,1,47,7,263,7,70
47,175,1,48,6,269,4,60
48,175,1,49,9,278,0,90
49,175,1,50,7,285,6,70
50,175,1,51,5,290,0,50
51,175,1,52,3,293,4,30
52,175,1,53,7,300,0,70
53,175,1,54,9,309,13,90
54,175,1,55,4,313,0,40
55,175,1,56,2,315,2,20
56,175,1,57,8,323,0,80
57,175,1,58,7,330,0,70
58,175,1,59,9,339,11,90
59,175,1,60,7,346,0,70
60,175,1,61,5,351,5,50
61,175,1,62,5,356,0,50
62,175,1,63,6,362,0,60
63,175,1,64,8,370,0,80
64,175,1,65,6,376,0,60
65,175,1,66,5,381,12,50
66,175,1,67,2,383,2,20
67,175,1,68,5,388,3,50
68,175,1,69,4,392,0,40
69,175,1,70,6,398,0,60
70,175,1,71,8,406,0,80
71,175,1,72,4,410,0,40
72,175,1,73,7,417,21,70
73,175,1,74,7,424,0,70
74,175,1,75,5,429,0,50
75,175,1,76,9,438,12,90
76,175,1,77,4,442,0,40
77,175,1,78,7,449,0,70
78,175,1,79,2,451,7,20
79,175,1,80,4,455,3,40
80,175,1,81,7,462,0,70
81,175,1,82,3,465,0,30
82,175,1,83,9,474,0,90
83,175,1,84,2,476,0,20
84,175,1,85,9,485,15,90
85,175,1,86,8,493,2,80
86,175,1,87,7,500,0,70
87,175,1,88,6,506,4,60
88,175,1,89,2,508,0,20
89,175,1,90,7,515,0,70
90,175,1,91,8,523,8,80
91,175,1,92,8,531,5,80
92,175,1,93,7,538,0,70
93,175,1,94,2,540,6,20
94,175,1,95,8,548,7,80
95,175,1,96,9,557,8,90
96,175,1,97,7,564,2,70
97,175,1,98,2,566,0,20
98,175,1,99,8,574,0,80
99,175,1,100,8,582,9,80
100,175,1,101,7,589,5,70
101,175,1,102,9,598,0,90
102,175,1,103,7,605,0,70
103,175,1,104,5,610,9,50
104,175,1,105,8,618,0,80
105,175,1,106,7,625,0,70
106,175,1,107,5,630,8,50
107,175,1,108,3,633,0,30
108,175,1,109,8,641,0,80
109,175,1,110,2,643,0,20
110,175,1,111,7,650,0,70
111,175,1,112,3,653,0,30
112,175,1,113,7,660,11,70
113,175,1,114,3,663,0,30
114,175,1,115,5,668,3,50
115,175,1,116,6,674,3,60
116,175,1,117,2,676,0,20
117,175,1,118,4,680,6,40
118,175,1,119,3,683,3,30
119,175,1,120,8,691,0,80
120,175,1,121,4,695,4,40
121,175,1,122,5,700,2,50
122,175,1,123,2,702,0,20
123,175,1,124,4,706,0,40
124,175,1,125,5,711,0,50
125,175,1,126,7,718,9,70
126,175,1,127,4,722,1,40
127,175,1,128,8,730,5,80
128,175,1,129,6,736,4,60
129,175,1,130,9,745,0,90
130,175,1,131,8,753,8,80
131,175,1,132,7,760,0,70
132,175,1,133,8,768,0,80
133,175,1,134,8,776,10,80
134,175,1,135,6,782,5,60
135,175,1,136,9,791,3,90
136,175,1,137,9,800,0,90
137,175,1,138,3,803,0,30
138,175,1,139,4,807,0,40
139,175,1,140,2,809,12,20
140,175,1,141,9,818,0,90
141,175,1,142,2,820,1,20
142,175,1,143,2,822,0,20
143,175,1,144,2,824,6,20
144,175,1,145,6,830,0,60
145,175,1,146,5,835,0,50
146,175,1,147,6,841,12,60
147,175,1,148,8,849,0,80
148,175,1,149,3,852,0,30
149,175,1,150,5,857,7,50
150,175,1,151,2,859,0,20
151,175,1,152,5,864,0,50
152,175,1,153,5,869,0,50
153,175,1,154,7,876,0,70
154,175,1,155,7,883,10,70
155,175,1,156,8,891,0,80
156,175,1,157,4,895,5,40
157,175,1,158,3,898,2,30
158,175,1,159,4,902,1,40
159,175,1,160,7,909,0,70
160,175,1,161,4,913,0,40
161,175,1,162,2,915,3,20
162,175,1,163,8,923,0,80
163,175,1,164,9,932,0,90
164,175,1,165,9,941,12,90
165,175,1,166,9,950,0,90
166,175,1,167,4,954,0,40
167,175,1,168,9,963,0,90
168,175,1,169,3,966,0,30
169,175,1,170,8,974,0,80
170,175,1,171,4,978,0,40
171,175,1,172,6,984,29,60
172,175,1,173,3,987,0,30
173,175,1,174,3,990,0,30
174,175,1,175,5,995,0,50
175,175,1,176,9,1004,0,90
176,175,1,177,5,1009,14,50
177,175,1,178,9,1018,2,90
178,175,1,179,2,1020,3,20
179,175,1,180,6,1026,0,60
180,175,1,181,6,1032,0,60
181,175,1,182,9,1041,11,90
182,175,1,183,3,1044,6,30
183,175,1,184,6,1050,1,60
184,175,1,185,7,1057,0,70
185,175,1,186,3,1060,3,30
186,175,1,187,5,1065,5,50
187,175,1,188,8,1073,0,80
188,175,1,189,3,1076,1,30
189,175,1,190,2,1078,0,20
190,175,1,191,5,1083,0,50
191,175,1,192,8,1091,8,80
192,175,1,193,2,1093,2,20
193,175,1,194,8,1101,0,80
194,175,1,195,7,1108,0,70
195,175,1,196,2,1110,0,20
196,175,1,197,2,1112,9,20
197,175,1,198,7,1119,5,70
198,175,1,199,2,1121,0,20
199,175,1,200,2,1123,0,20
200,175,1,201,9,1132,9,90
201,175,1,202,9,1141,9,90
202,175,1,203,2,1143,0,20
203,175,1,204,2,1145,0,20
204,175,1,205,4,1149,3,40
205,175,1,206,8,1157,0,80
206,175,1,207,3,1160,0,30
207,175,1,208,2,1162,0,20
208,175,1,209,4,1166,0,40
209,175,1,210,9,1175,0,90
210,175,1,211,3,1178,13,30
211,175,1,212,3,1181,1,30
212,175,1,213,8,1189,6,80
213,175,1,214,3,1192,3,30
214,175,1,215,8,1200,3,80
215,175,1,216,6,1206,4,60
216,175,1,217,9,1215,0,90
217,175,1,218,7,1222,0,70
218,175,1,219,6,1228,0,60
219,175,1,220,3,1231,16,30
220,175,1,221,2,1233,0,20
221,175,1,222,2,1235,0,20
222,175,1,223,8,1243,0,80
223,175,1,224,9,1252,6,90
224,175,1,225,5,1257,3,50
225,175,1,226,3,1260,0,30
226,175,1,227,3,1263,2,30
227,175,1,228,3,1266,0,30
228,175,1,229,8,1274,0,80
229,175,1,230,7,1281,14,70
230,175,1,231,9,1290,3,90
231,175,1,232,7,1297,0,70
232,175,1,233,8,1305,0,80
233,175,1,234,7,1312,9,70
234,175,1,235,5,1317,4,50
235,175,1,236,7,1324,0,70
236,175,1,237,9,1333,0,90
237,175,1,238,3,1336,10,30
238,175,1,239,4,1340,2,40
239,175,1,240,4,1344,1,40
240,175,1,241,8,1352,0,80
241,175,1,242,6,1358,0,60
242,175,1,243,7,1365,0,70
243,175,1,244,6,1371,0,60
244,175,1,245,9,1380,11,90
245,175,1,246,5,1385,4,50
246,175,1,247,3,1388,0,30
247,175,1,248,7,1395,6,70
248,175,1,249,9,1404,3,90
249,175,1,250,5,1409,0,50
250,175,1,251,7,1416,6,70
251,175,1,252,9,1425,0,90
252,175,1,253,8,1433,0,80
253,175,1,254,5,1438,0,50
254,175,1,255,4,1442,0,40
255,175,1,256,4,1446,0,40
256,175,1,257,5,1451,0,50
257,175,1,258,7,1458,0,70
258,175,1,259,5,1463,23,50
259,175,1,260,9,1472,4,90
260,175,1,261,9,1481,0,90
261,175,1,262,9,1490,8,90
262,175,1,263,8,1498,5,80
263,175,1,264,3,1501,0,30
264,175,1,265,8,1509,0,80
265,175,1,266,9,1518,13,90
266,175,1,267,6,1524,0,60
267,175,1,268,9,1533,0,90
268,175,1,269,8,1541,11,80
269,175,1,270,9,1550,4,90
270,175,1,271,2,1552,0,20
271,175,1,272,2,1554,0,20
272,175,1,273,9,1563,0,90
273,175,1,274,6,1569,6,60
274,175,1,275,8,1577,0,80
275,175,1,276,8,1585,0,80
276,175,1,277,4,1589,5,40
277,175,1,278,6,1595,0,60
278,175,1,279,5,1600,6,50
279,175,1,280,6,1606,0,60
280,175,1,281,3,1609,0,30
281,175,1,282,2,1611,0,20
282,175,1,283,9,1620,9,90
283,175,1,284,6,1626,0,60
284,175,1,285,9,1635,7,90
285,175,1,286,4,1639,0,40
286,175,1,287,5,1644,4,50
287,175,1,288,6,1650,4,60
288,175,1,289,7,1657,6,70
289,175,1,290,6,1663,4,60
290,175,1,291,9,1672,3,90
291,175,1,292,4,1676,0,40
292,175,1,293,7,1683,2,70
293,175,1,294,7,1690,1,70
294,175,1,295,9,1699,6,90
295,175,1,296,5,1704,0,50
296,175,1,297,9,1713,5,90
297,175,1,298,9,1722,5,90
298,175,1,299,9,1731,0,90
299,175,1,300,6,1737,0,60
300,175,1,301,7,1744,0,70
301,175,1,302,9,1753,18,90
302,175,1,303,4,1757,1,40
303,175,1,304,9,1766,5,90
304,175,1,305,9,1775,3,90
305,175,1,306,7,1782,0,70
306,175,1,307,7,1789,0,70
307,175,1,308,5,1794,0,50
308,175,1,309,2,1796,0,20
309,175,1,310,7,1803,12,70
310,175,1,311,2,1805,1,20
311,175,1,312,4,1809,1,40
312,175,1,313,9,1818,0,90
313,175,1,314,8,1826,0,80
314,175,1,315,5,1831,14,50
315,175,1,316,7,1838,0,70
316,175,1,317,2,1840,0,20
317,175,1,318,7,1847,10,70
318,175,1,319,8,1855,3,80
319,175,1,320,6,1861,1,60
320,175,1,321,3,1864,2,30
321,175,1,322,9,1873,0,90
322,175,1,323,2,1875,0,20
323,175,1,324,3,1878,0,30
324,175,1,325,4,1882,10,40
325,175,1,326,5,1887,0,50
326,175,1,327,2,1889,1,20
327,175,1,328,6,1895,2,60
328,175,1,329,6,1901,3,60
329,175,1,330,3,1904,0,30
330,175,1,331,5,1909,2,50
331,175,1,332,3,1912,0,30
332,175,1,333,7,1919,0,70
333,175,1,334,7,1926,0,70
334,175,1,335,9,1935,0,90
335,175,1,336,7,1942,16,70
336,175,1,337,7,1949,3,70
337,175,1,338,8,1957,3,80
338,175,1,339,9,1966,6,90
339,175,1,340,6,1972,0,60
340,175,1,341,5,1977,4,50
341,175,1,342,2,1979,1,20
342,175,1,343,9,1988,6,90
343,175,1,344,9,1997,4,90
344,175,1,345,6,2003,0,60
345,175,1,346,3,2006,0,30
346,175,1,347,7,2013,0,70
347,175,1,348,2,2015,0,20
348,175,1,349,4,2019,0,40
349,175,1,350,7,2026,12,70
350,175,1,351,3,2029,1,30
351,175,1,352,4,2033,1,40
352,175,1,353,4,2037,0,40
353,175,1,354,3,2040,1,30
354,175,1,355,4,2044,0,40
355,175,1,356,2,2046,0,20
356,175,1,357,9,2055,0,90
357,175,1,358,7,2062,0,70
358,175,1,359,7,2069,15,70
359,175,1,360,4,2073,0,40
360,175,1,361,4,2077,2,40
361,175,1,362,4,2081,6,40
362,175,1,363,6,2087,0,60
363,175,1,364,8,2095,10,80
364,175,1,365,8,2103,6,80
365,175,1,366,8,2111,0,80
366,175,1,367,6,2117,0,60
367,175,1,368,8,2125,6,80
368,175,1,369,2,2127,0,20
369,175,1,370,2,2129,4,20
370,175,1,371,4,2133,2,40
371,175,1,372,9,2142,0,90
372,175,1,373,8,2150,5,80
373,175,1,374,3,2153,0,30
374,175,1,375,7,2160,2,70
375,175,1,376,6,2166,0,60
376,175,1,377,9,2175,8,90
377,175,1,378,6,2181,0,60
378,175,1,379,9,2190,13,90
379,175,1,380,7,2197,2,70
380,175,1,381,3,2200,0,30
381,175,1,382,9,2209,0,90
382,175,1,383,8,2217,0,80
383,175,1,384,7,2224,16,70
384,175,1,385,6,2230,0,60
385,175,1,386,6,2236,6,60
386,175,1,387,8,2244,0,80
387,175,1,388,6,2250,4,60
388,175,1,389,8,2258,0,80
389,175,1,390,2,2260,3,20
390,175,1,391,9,2269,2,90
391,175,1,392,3,2272,0,30
392,175,1,393,3,2275,0,30
393,175,1,394,3,2278,0,30
394,175,1,395,7,2285,0,70
395,175,1,396,9,2294,0,90
396,175,1,397,6,2300,18,60
397,175,1,398,9,2309,5,90
398,175,1,399,5,2314,0,50
399,175,1,400,4,2318,0,40
400,175,1,401,3,2321,7,30
401,175,1,402,2,2323,0,20
402,175,1,403,8,2331,6,80
403,175,1,404,6,2337,0,60
404,175,1,405,3,2340,5,30
405,175,1,406,3,2343,0,30
406,175,1,407,6,2349,9,60
407,175,1,408,7,2356,0,70
408,175,1,409,4,2360,0,40
409,175,1,410,6,2366,8,60
410,175,1,411,6,2372,0,60
411,175,1,412,2,2374,0,20
412,175,1,413,9,2383,5,90
413,175,1,414,9,2392,0,90
414,175,1,415,7,2399,7,70
415,175,1,416,6,2405,4,60
416,175,1,417,2,2407,0,20
417,175,1,418,2,2409,0,20
418,175,1,419,2,2411,0,20
419,175,1,420,2,2413,7,20
420,175,1,421,9,2422,8,90
421,175,1,422,3,2425,1,30
422,175,1,423,6,2431,0,60
423,175,1,424,2,2433,0,20
424,175,1,425,9,2442,0,90
425,175,1,426,9,2451,5,90
426,175,1,427,2,2453,0,20
427,175,1,428,9,2462,3,90
428,175,1,429,4,2466,0,40
429,175,1,430,4,2470,2,40
430,175,1,431,8,2478,0,80
431,175,1,432,5,2483,0,50
432,175,1,433,5,2488,0,50
433,175,1,434,7,2495,0,70
434,175,1,435,5,2500,11,50
435,175,1,436,9,2509,0,90
436,175,1,437,9,2518,0,90
437,175,1,438,6,2524,13,60
438,175,1,439,2,2526,0,20
439,175,1,440,5,2531,0,50
440,175,1,441,3,2534,0,30
441,175,1,442,5,2539,0,50
442,175,1,443,6,2545,0,60
443,175,1,444,9,2554,18,90
444,175,1,445,5,2559,0,50
445,175,1,446,9,2568,0,90
446,175,1,447,7,2575,8,70
447,175,1,448,9,2584,2,90
448,175,1,449,9,2593,0,90
449,175,1,450,6,2599,0,60
450,175,1,451,6,2605,0,60
451,175,1,452,2,2607,11,20
452,175,1,453,8,2615,0,80
453,175,1,454,4,2619,6,40
454,175,1,455,3,2622,1,30
455,175,1,456,4,2626,0,40
456,175,1,457,9,2635,6,90
457,175,1,458,7,2642,0,70
458,175,1,459,9,2651,9,90
459,175,1,460,9,2660,0,90
460,175,1,461,6,2666,9,60
461,175,1,462,6,2672,0,60
462,175,1,463,9,2681,0,90
463,175,1,464,6,2687,0,60
464,175,1,465,3,2690,12,30
465,175,1,466,6,2696,0,60
466,175,1,467,2,2698,2,20
467,175,1,468,6,2704,3,60
468,175,1,469,2,2706,0,20
469,175,1,470,9,2715,4,90
470,175,1,471,5,2720,2,50
471,175,1,472,7,2727,0,70
472,175,1,473,5,2732,0,50
473,175,1,474,5,2737,6,50
474,175,1,475,7,2744,0,70
475,175,1,476,7,2751,8,70
476,175,1,477,8,2759,0,80
477,175,1,478,9,2768,0,90
478,175,1,479,6,2774,5,60
479,175,1,480,6,2780,3,60
480,175,1,481,3,2783,0,30
481,175,1,482,5,2788,2,50
482,175,1,483,6,2794,8,60
483,175,1,484,9,2803,6,90
484,175,1,485,7,2810,3,70
485,175,1,486,4,2814,1,40
486,175,1,487,7,2821,0,70
487,175,1,488,8,2829,10,80
488,175,1,489,3,2832,1,30
489,175,1,490,2,2834,2,20
490,175,1,491,6,2840,0,60
491,175,1,492,3,2843,0,30
492,175,1,493,3,2846,4,30
493,175,1,494,2,2848,0,20
494,175,1,495,5,2853,3,50
495,175,1,496,4,2857,2,40
496,175,1,497,3,2860,0,30
497,175,1,498,4,2864,0,40
498,175,1,499,5,2869,15,50
499,175,1,500,2,2871,0,20
500,175,1,501,6,2877,0,60
501,175,1,502,7,2884,3,70
502,175,1,503,6,2890,0,60
503,175,1,504,6,2896,0,60
504,175,1,505,3,2899,7,30
505,175,1,506,9,2908,0,90
506,175,1,507,3,2911,11,30
507,175,1,508,7,2918,0,70
508,175,1,509,4,2922,0,40
509,175,1,510,9,2931,14,90
510,175,1,511,6,2937,0,60
511,175,1,512,3,2940,5,30
512,175,1,513,9,2949,0,90
513,175,1,514,7,2956,12,70
514,175,1,515,7,2963,2,70
515,175,1,516,5,2968,1,50
516,175,1,517,6,2974,2,60
517,175,1,518,4,2978,0,40
518,175,1,519,6,2984,5,60
519,175,1,520,5,2989,3,50
520,175,1,521,8,2997,4,80
521,175,1,522,7,3004,0,70
522,175,1,523,5,3009,0,50
523,175,1,524,3,3012,0,30
524,175,1,525,4,3016,10,40
525,175,1,526,8,3024,4,80
526,175,1,527,6,3030,0,60
527,175,1,528,2,3032,0,20
528,175,1,529,3,3035,0,30
529,175,1,530,9,3044,2,90
530,175,1,531,3,3047,4,30
531,175,1,532,7,3054,0,70
532,175,1,533,3,3057,6,30
533,175,1,534,5,3062,4,50
534,175,1,535,4,3066,1,40
535,175,1,536,6,3072,5,60
536,175,1,537,6,3078,2,60
537,175,1,538,9,3087,0,90
538,175,1,539,3,3090,0,30
539,175,1,540,4,3094,6,40
540,175,1,541,9,3103,4,90
541,175,1,542,8,3111,2,80
542,175,1,543,5,3116,0,50
543,175,1,544,8,3124,0,80
544,175,1,545,7,3131,12,70
545,175,1,546,8,3139,0,80
546,175,1,547,5,3144,4,50
547,175,1,548,2,3146,1,20
548,175,1,549,7,3153,2,70
549,175,1,550,6,3159,0,60
550,175,1,551,9,3168,10,90
551,175,1,552,7,3175,0,70
552,175,1,553,8,3183,7,80
553,175,1,554,5,3188,4,50
554,175,1,555,9,3197,10,90
555,175,1,556,3,3200,0,30
556,175,1,557,6,3206,0,60
557,175,1,558,8,3214,9,80
558,175,1,559,2,3216,0,20
559,175,1,560,9,3225,0,90
560,175,1,561,8,3233,0,80
561,175,1,562,9,3242,16,90
562,175,1,563,9,3251,0,90
563,175,1,564,4,3255,0,40
564,175,1,565,7,3262,11,70
565,175,1,566,6,3268,6,60
566,175,1,567,5,3273,6,50
567,175,1,568,2,3275,1,20
568,175,1,569,7,3282,0,70
569,175,1,570,9,3291,0,90
570,175,1,571,6,3297,0,60
571,175,1,572,7,3304,18,70
572,175,1,573,9,3313,3,90
573,175,1,574,4,3317,0,40
574,175,1,575,9,3326,8,90
575,175,1,576,5,3331,0,50
576,175,1,577,6,3337,9,60
577,175,1,578,6,3343,0,60
578,175,1,579,8,3351,0,80
579,175,1,580,5,3356,0,50
580,175,1,581,7,3363,0,70
581,175,1,582,9,3372,0,90
582,175,1,583,4,3376,0,40
583,175,1,584,2,3378,0,20
584,175,1,585,7,3385,22,70
585,175,1,586,3,3388,1,30
586,175,1,587,7,3395,3,70
587,175,1,588,9,3404,4,90
588,175,1,589,3,3407,0,30
589,175,1,590,3,3410,2,30
590,175,1,591,9,3419,0,90
591,175,1,592,9,3428,13,90
592,175,1,593,6,3434,0,60
593,175,1,594,3,3437,0,30
594,175,1,595,2,3439,0,20
595,175,1,596,9,3448,0,90
596,175,1,597,4,3452,0,40
597,175,1,598,7,3459,0,70
598,175,1,599,8,3467,18,80
599,175,1,600,5,3472,3,50
600,175,1,601,9,3481,4,90
601,175,1,602,6,3487,4,60
602,175,1,603,9,3496,0,90
603,175,1,604,2,3498,5,20
604,175,1,605,6,3504,7,60
605,175,1,606,5,3509,0,50
606,175,1,607,2,3511,5,20
607,175,1,608,9,3520,5,90
608,175,1,609,2,3522,0,20
609,175,1,610,5,3527,2,50
610,175,1,611,6,3533,1,60
611,175,1,612,9,3542,4,90
612,175,1,613,8,3550,5,80
613,175,1,614,5,3555,0,50
614,175,1,615,2,3557,0,20
615,175,1,616,5,3562,0,50
616,175,1,617,7,3569,0,70
617,175,1,618,5,3574,13,50
618,175,1,619,6,3580,2,60
619,175,1,620,5,3585,2,50
620,175,1,621,4,3589,0,40
621,175,1,622,3,3592,0,30
622,175,1,623,8,3600,9,80
623,175,1,624,4,3604,0,40
624,175,1,625,8,3612,3,80
625,175,1,626,6,3618,2,60
626,175,1,627,7,3625,3,70
627,175,1,628,3,3628,0,30
628,175,1,629,7,3635,2,70
629,175,1,630,7,3642,0,70
630,175,1,631,7,3649,0,70
631,175,1,632,9,3658,0,90
632,175,1,633,8,3666,16,80
633,175,1,634,6,3672,5,60
634,175,1,635,9,3681,1,90
635,175,1,636,4,3685,0,40
636,175,1,637,5,3690,3,50
637,175,1,638,2,3692,0,20
638,175,1,639,5,3697,0,50
639,175,1,640,9,3706,3,90
640,175,1,641,4,3710,0,40
641,175,1,642,2,3712,0,20
642,175,1,643,7,3719,9,70
643,175,1,644,2,3721,1,20
644,175,1,645,3,3724,0,30
645,175,1,646,3,3727,0,30
646,175,1,647,8,3735,8,80
647,175,1,648,9,3744,2,90
648,175,1,649,8,3752,5,80
649,175,1,650,9,3761,5,90
650,175,1,651,7,3768,4,70
651,175,1,652,7,3775,0,70
652,175,1,653,4,3779,6,40
653,175,1,654,5,3784,0,50
654,175,1,655,7,3791,0,70
655,175,1,656,5,3796,10,50
656,175,1,657,7,3803,0,70
657,175,1,658,6,3809,6,60
658,175,1,659,3,3812,0,30
659,175,1,660,2,3814,2,20
660,175,1,661,7,3821,5,70
661,175,1,662,4,3825,0,40
662,175,1,663,5,3830,3,50
663,175,1,664,4,3834,3,40
664,175,1,665,5,3839,0,50
665,175,1,666,4,3843,8,40
666,175,1,667,2,3845,0,20
667,175,1,668,7,3852,2,70
668,175,1,669,8,3860,8,80
669,175,1,670,3,3863,0,30
670,175,1,671,7,3870,0,70
671,175,1,672,7,3877,6,70
672,175,1,673,4,3881,0,40
673,175,1,674,8,3889,0,80
674,175,1,675,6,3895,0,60
675,175,1,676,8,3903,0,80
676,175,1,677,8,3911,20,80
677,175,1,678,7,3918,0,70
678,175,1,679,9,3927,5,90
679,175,1,680,8,3935,5,80
680,175,1,681,9,3944,0,90
681,175,1,682,6,3950,7,60
682,175,1,683,4,3954,0,40
683,175,1,684,8,3962,3,80
684,175,1,685,2,3964,0,20
685,175,1,686,2,3966,1,20
686,175,1,687,6,3972,6,60
687,175,1,688,3,3975,0,30
688,175,1,689,7,3982,0,70
689,175,1,690,6,3988,7,60
690,175,1,691,9,3997,3,90
691,175,1,692,6,4003,0,60
692,175,1,693,3,4006,0,30
693,175,1,694,4,4010,0,40
694,175,1,695,7,4017,12,70
695,175,1,696,4,4021,0,40
696,175,1,697,3,4024,5,30
697,175,1,698,7,4031,0,70
698,175,1,699,7,4038,3,70
699,175,1,700,6,4044,2,60
700,175,1,701,3,4047,0,30
701,175,1,702,9,4056,6,90
702,175,1,703,8,4064,3,80
703,175,1,704,7,4071,0,70
704,175,1,705,4,4075,0,40
705,175,1,706,2,4077,0,20
706,175,1,707,5,4082,0,50
707,175,1,708,2,4084,9,20
708,175,1,709,3,4087,0,30
709,175,1,710,3,4090,4,30
710,175,1,711,7,4097,3,70
711,175,1,712,2,4099,0,20
712,175,1,713,2,4101,0,20
713,175,1,714,4,4105,0,40
714,175,1,715,7,4112,0,70
715,175,1,716,2,4114,0,20
716,175,1,717,8,4122,0,80
717,175,1,718,5,4127,17,50
718,175,1,719,3,4130,2,30
719,175,1,720,6,4136,0,60
720,175,1,721,5,4141,2,50
721,175,1,722,6,4147,2,60
722,175,1,723,9,4156,0,90
723,175,1,724,5,4161,0,50
724,175,1,725,3,4164,0,30
725,175,1,726,8,4172,0,80
726,175,1,727,7,4179,17,70
727,175,1,728,4,4183,0,40
728,175,1,729,9,4192,8,90
729,175,1,730,2,4194,0,20
730,175,1,731,4,4198,0,40
731,175,1,732,5,4203,7,50
732,175,1,733,2,4205,1,20
733,175,1,734,7,4212,0,70
734,175,1,735,2,4214,0,20
735,175,1,736,8,4222,0,80
736,175,1,737,3,4225,13,30
737,175,1,738,2,4227,1,20
738,175,1,739,4,4231,0,40
739,175,1,740,3,4234,5,30
740,175,1,741,7,4241,0,70
741,175,1,742,3,4244,0,30
742,175,1,743,4,4248,9,40
743,175,1,744,5,4253,0,50
744,175,1,745,2,4255,2,20
745,175,1,746,9,4264,0,90
746,175,1,747,2,4266,0,20
747,175,1,748,3,4269,9,30
748,175,1,749,7,4276,4,70
749,175,1,750,2,4278,0,20
750,175,1,751,6,4284,2,60
751,175,1,752,9,4293,6,90
752,175,1,753,6,4299,0,60
753,175,1,754,6,4305,0,60
754,175,1,755,8,4313,13,80
755,175,1,756,7,4320,5,70
756,175,1,757,2,4322,0,20
757,175,1,758,9,4331,0,90
758,175,1,759,4,4335,7,40
759,175,1,760,7,4342,4,70
760,175,1,761,2,4344,3,20
761,175,1,762,2,4346,0,20
762,175,1,763,9,4355,0,90
763,175,1,764,7,4362,7,70
764,175,1,765,9,4371,4,90
765,175,1,766,6,4377,0,60
766,175,1,767,6,4383,0,60
767,175,1,768,7,4390,0,70
768,175,1,769,9,4399,0,90
769,175,1,770,9,4408,22,90
770,175,1,771,6,4414,1,60
771,175,1,772,7,4421,0,70
772,175,1,773,9,4430,0,90
773,175,1,774,6,4436,8,60
774,175,1,775,2,4438,1,20
775,175,1,776,2,4440,2,20
776,175,1,777,8,4448,0,80
777,175,1,778,9,4457,5,90
778,175,1,779,4,4461,0,40
779,175,1,780,4,4465,0,40
780,175,1,781,6,4471,6,60
781,175,1,782,3,4474,0,30
782,175,1,783,4,4478,0,40
783,175,1,784,2,4480,2,20
784,175,1,785,4,4484,0,40
785,175,1,786,7,4491,0,70
786,175,1,787,2,4493,0,20
787,175,1,788,4,4497,9,40
788,175,1,789,3,4500,2,30
789,175,1,790,7,4507,0,70
790,175,1,791,2,4509,0,20
791,175,1,792,4,4513,7,40
792,175,1,793,5,4518,0,50
793,175,1,794,7,4525,1,70
794,175,1,795,4,4529,0,40
795,175,1,796,4,4533,2,40
796,175,1,797,3,4536,0,30
797,175,1,798,9,4545,3,90
798,175,1,799,9,4554,3,90
799,175,1,800,2,4556,2,20
800,175,1,801,2,4558,0,20
801,175,1,802,9,4567,0,90
802,175,1,803,7,4574,0,70
803,175,1,804,2,4576,0,20
804,175,1,805,9,4585,0,90
805,175,1,806,6,4591,0,60
806,175,1,807,4,4595,26,40
807,175,1,808,2,4597,0,20
808,175,1,809,5,4602,0,50
809,175,1,810,4,4606,9,40
810,175,1,811,6,4612,0,60
811,175,1,812,8,4620,0,80
812,175,1,813,4,4624,6,40
813,175,1,814,5,4629,0,50
814,175,1,815,9,4638,10,90
815,175,1,816,5,4643,0,50
816,175,1,817,6,4649,7,60
817,175,1,818,3,4652,0,30
818,175,1,819,2,4654,5,20
819,175,1,820,5,4659,0,50
820,175,1,821,8,4667,7,80
821,175,1,822,4,4671,0,40
822,175,1,823,3,4674,0,30
823,175,1,824,7,4681,5,70
824,175,1,825,4,4685,1,40
825,175,1,826,4,4689,0,40
826,175,1,827,5,4694,1,50
827,175,1,828,2,4696,0,20
828,175,1,829,4,4700,0,40
829,175,1,830,5,4705,0,50
830,175,1,831,5,4710,0,50
831,175,1,832,9,4719,0,90
832,175,1,833,2,4721,0,20
833,175,1,834,6,4727,30,60
834,175,1,835,7,4734,0,70
835,175,1,836,7,4741,8,70
836,175,1,837,3,4744,0,30
837,175,1,838,7,4751,4,70
838,175,1,839,9,4760,5,90
839,175,1,840,7,4767,3,70
840,175,1,841,2,4769,0,20
841,175,1,842,7,4776,0,70
842,175,1,843,7,4783,10,70
843,175,1,844,7,4790,3,70
844,175,1,845,9,4799,6,90
845,175,1,846,2,4801,0,20
846,175,1,847,7,4808,0,70
847,175,1,848,7,4815,0,70
848,175,1,849,9,4824,10,90
849,175,1,850,8,4832,0,80
850,175,1,851,5,4837,0,50
851,175,1,852,8,4845,3,80
852,175,1,853,6,4851,2,60
853,175,1,854,5,4856,3,50
854,175,1,855,4,4860,0,40
855,175,1,856,5,4865,0,50
856,175,1,857,2,4867,0,20
857,175,1,858,5,4872,7,50
858,175,1,859,5,4877,1,50
859,175,1,860,4,4881,0,40
860,175,1,861,8,4889,0,80
861,175,1,862,8,4897,0,80
862,175,1,863,2,4899,0,20
863,175,1,864,6,4905,21,60
864,175,1,865,4,4909,0,40
865,175,1,866,4,4913,6,40
866,175,1,867,7,4920,0,70
867,175,1,868,7,4927,8,70
868,175,1,869,2,4929,0,20
869,175,1,870,3,4932,2,30
870,175,1,871,4,4936,0,40
871,175,1,872,7,4943,0,70
872,175,1,873,3,4946,3,30
873,175,1,874,9,4955,4,90
874,175,1,875,2,4957,0,20
875,175,1,876,3,4960,3,30
876,175,1,877,8,4968,4,80
877,175,1,878,7,4975,2,70
878,175,1,879,8,4983,8,80
879,175,1,880,8,4991,0,80
880,175,1,881,5,4996,0,50
881,175,1,882,3,4999,6,30
882,175,2,1,9,9,6,90
883,175,2,2,9,18,6,90
884,175,2,3,2,20,2,20
885,175,2,4,7,27,0,70
886,175,2,5,2,29,6,20
887,175,2,6,6,35,0,60
888,175,2,7,4,39,0,40
889,175,2,8,8,47,0,80
890,175,2,9,6,53,11,60
891,175,2,10,3,56,0,30
892,175,2,11,7,63,5,70
893,175,2,12,6,69,0,60
894,175,2,13,4,73,0,40
895,175,2,14,6,79,11,60
896,175,2,15,5,84,0,50
897,175,2,16,8,92,0,80
898,175,2,17,4,96,8,40
899,175,2,18,8,104,7,80
900,175,2,19,8,112,0,80
901,175,2,20,4,116,5,40
902,175,2,21,4,120,0,40
903,175,2,22,4,124,0,40
904,175,2,23,7,131,14,70
905,175,2,24,9,140,7,90
906,175,2,25,7,147,0,70
907,175,2,26,9,156,7,90
908,175,2,27,6,162,0,60
909,175,2,28,3,165,3,30
910,175,2,29,4,169,3,40
911,175,2,30,8,177,5,80
912,175,2,31,7,184,0,70
913,175,2,32,4,188,4,40
914,175,2,33,2,190,1,20
915,175,2,34,5,195,5,50
916,175,2,35,6,201,3,60
917,175,2,36,7,208,3,70
918,175,2,37,8,216,0,80
919,175,2,38,3,219,4,30
920,175,2,39,2,221,0,20
921,175,2,40,7,228,0,70
922,175,2,41,4,232,4,40
923,175,2,42,8,240,0,80
924,175,2,43,4,244,6,40
925,175,2,44,2,246,1,20
926,175,2,45,7,253,0,70
927,175,2,46,6,259,9,60
928,175,2,47,8,267,0,80
929,175,2,48,5,272,0,50
930,175,2,49,7,279,0,70
931,175,2,50,8,287,0,80
932,175,2,51,7,294,17,70
933,175,2,52,3,297,0,30
934,175,2,53,2,299,3,20
935,175,2,54,4,303,0,40
936,175,2,55,4,307,0,40
937,175,2,56,8,315,0,80
938,175,2,57,5,320,7,50
939,175,2,58,5,325,4,50
940,175,2,59,7,332,2,70
941,175,2,60,3,335,2,30
942,175,2,61,3,338,0,30
943,175,2,62,3,341,4,30
944,175,2,63,4,345,0,40
945,175,2,64,5,350,7,50
946,175,2,65,5,355,1,50
947,175,2,66,5,360,0,50
948,175,2,67,5,365,2,50
949,175,2,68,3,368,0,30
950,175,2,69,2,370,3,20
951,175,2,70,2,372,1,20
952,175,2,71,5,377,0,50
953,175,2,72,4,381,0,40
954,175,2,73,6,387,8,60
955,175,2,74,2,389,0,20
956,175,2,75,8,397,0,80
957,175,2,76,8,405,0,80
958,175,2,77,9,414,13,90
959,175,2,78,4,418,0,40
960,175,2,79,8,426,0,80
961,175,2,80,4,430,8,40
962,175,2,81,7,437,5,70
963,175,2,82,9,446,0,90
964,175,2,83,2,448,0,20
965,175,2,84,6,454,10,60
966,175,2,85,2,456,1,20
967,175,2,86,4,460,3,40
968,175,2,87,8,468,8,80
969,175,2,88,9,477,5,90
970,175,2,89,4,481,2,40
971,175,2,90,3,484,0,30
972,175,2,91,6,490,0,60
973,175,2,92,9,499,7,90
974,175,2,93,8,507,0,80
975,175,2,94,4,511,4,40
976,175,2,95,9,520,8,90
977,175,2,96,8,528,0,80
978,175,2,97,8,536,0,80
979,175,2,98,4,540,0,40
980,175,2,99,5,545,17,50
981,175,2,100,9,554,0,90
982,175,2,101,8,562,5,80
983,175,2,102,2,564,0,20
984,175,2,103,2,566,0,20
985,175,2,104,6,572,8,60
986,175,2,105,8,580,6,80
987,175,2,106,8,588,0,80
988,175,2,107,6,594,0,60
989,175,2,108,3,597,0,30
990,175,2,109,9,606,0,90
991,175,2,110,3,609,25,30
992,175,2,111,6,615,0,60
993,175,2,112,8,623,7,80
994,175,2,113,2,625,0,20
995,175,2,114,3,628,0,30
996,175,2,115,4,632,4,40
997,175,2,116,7,639,4,70
998,175,2,117,5,644,1,50
999,175,2,118,5,649,0,50
1000,175,2,119,3,652,6,30
1001,175,2,120,7,659,0,70
1002,175,2,121,5,664,0,50
1003,175,2,122,9,673,10,90
1004,175,2,123,8,681,0,80
1005,175,2,124,8,689,4,80
1006,175,2,125,6,695,1,60
1007,175,2,126,3,698,1,30
1008,175,2,127,4,702,0,40
1009,175,2,128,3,705,1,30
1010,175,2,129,8,713,0,80
1011,175,2,130,8,721,0,80
1012,175,2,131,2,723,0,20
1013,175,2,132,8,731,0,80
1014,175,2,133,2,733,0,20
1015,175,2,134,6,739,15,60
1016,175,2,135,9,748,0,90
1017,175,2,136,5,753,0,50
1018,175,2,137,6,759,0,60
1019,175,2,138,8,767,11,80
1020,175,2,139,2,769,0,20
1021,175,2,140,2,771,0,20
1022,175,2,141,5,776,0,50
1023,175,2,142,7,783,0,70
1024,175,2,143,9,792,16,90
1025,175,2,144,9,801,0,90
1026,175,2,145,5,806,3,50
1027,175,2,146,3,809,0,30
1028,175,2,147,2,811,2,20
1029,175,2,148,4,815,3,40
1030,175,2,149,2,817,2,20
1031,175,2,150,3,820,0,30
1032,175,2,151,3,823,2,30
1033,175,2,152,6,829,3,60
1034,175,2,153,6,835,0,60
1035,175,2,154,5,840,0,50
1036,175,2,155,3,843,7,30
1037,175,2,156,2,845,0,20
1038,175,2,157,8,853,0,80
1039,175,2,158,6,859,9,60
1040,175,2,159,7,866,0,70
1041,175,2,160,6,872,0,60
1042,175,2,161,6,878,6,60
1043,175,2,162,7,885,2,70
1044,175,2,163,6,891,8,60
1045,175,2,164,2,893,2,20
1046,175,2,165,4,897,0,40
1047,175,2,166,3,900,0,30
1048,175,2,167,3,903,2,30
1049,175,2,168,8,911,0,80
1050,175,2,169,2,913,0,20
1051,175,2,170,6,919,2,60
1052,175,2,171,6,925,1,60
1053,175,2,172,2,927,0,20
1054,175,2,173,9,936,6,90
1055,175,2,174,7,943,2,70
1056,175,2,175,8,951,0,80
1057,175,2,176,6,957,0,60
1058,175,2,177,9,966,17,90
1059,175,2,178,4,970,0,40
1060,175,2,179,3,973,1,30
1061,175,2,180,3,976,1,30
1062,175,2,181,8,984,5,80
1063,175,2,182,7,991,0,70
1064,175,2,183,9,1000,6,90
1065,175,2,184,2,1002,0,20
1066,175,2,185,8,1010,0,80
1067,175,2,186,8,1018,6,80
1068,175,2,187,7,1025,0,70
1069,175,2,188,6,1031,0,60
1070,175,2,189,9,1040,0,90
1071,175,2,190,4,1044,18,40
1072,175,2,191,9,1053,5,90
1073,175,2,192,2,1055,0,20
1074,175,2,193,3,1058,1,30
1075,175,2,194,3,1061,3,30
1076,175,2,195,6,1067,2,60
1077,175,2,196,5,1072,1,50
1078,175,2,197,9,1081,0,90
1079,175,2,198,7,1088,6,70
1080,175,2,199,2,1090,0,20
1081,175,2,200,8,1098,0,80
1082,175,2,201,2,1100,5,20
1083,175,2,202,3,1103,0,30
1084,175,2,203,5,1108,0,50
1085,175,2,204,3,1111,6,30
1086,175,2,205,7,1118,5,70
1087,175,2,206,7,1125,3,70
1088,175,2,207,8,1133,6,80
1089,175,2,208,6,1139,0,60
1090,175,2,209,9,1148,6,90
1091,175,2,210,8,1156,2,80
1092,175,2,211,9,1165,4,90
1093,175,2,212,2,1167,0,20
1094,175,2,213,2,1169,0,20
1095,175,2,214,9,1178,7,90
1096,175,2,215,8,1186,0,80
1097,175,2,216,6,1192,9,60
1098,175,2,217,2,1194,0,20
1099,175,2,218,3,1197,0,30
1100,175,2,219,9,1206,2,90
1101,175,2,220,4,1210,1,40
1102,175,2,221,9,1219,5,90
1103,175,2,222,4,1223,0,40
1104,175,2,223,4,1227,0,40
1105,175,2,224,2,1229,5,20
1106,175,2,225,6,1235,3,60
1107,175,2,226,7,1242,3,70
1108,175,2,227,7,1249,0,70
1109,175,2,228,8,1257,8,80
1110,175,2,229,4,1261,0,40
1111,175,2,230,9,1270,0,90
1112,175,2,231,3,1273,0,30
1113,175,2,232,8,1281,0,80
1114,175,2,233,7,1288,13,70
1115,175,2,234,2,1290,1,20
1116,175,2,235,8,1298,2,80
1117,175,2,236,4,1302,4,40
1118,175,2,237,9,1311,3,90
1119,175,2,238,8,1319,3,80
1120,175,2,239,6,1325,0,60
1121,175,2,240,8,1333,0,80
1122,175,2,241,6,1339,9,60
1123,175,2,242,3,1342,0,30
1124,175,2,243,2,1344,2,20
1125,175,2,244,7,1351,0,70
1126,175,2,245,2,1353,2,20
1127,175,2,246,8,1361,5,80
1128,175,2,247,7,1368,0,70
1129,175,2,248,4,1372,0,40
1130,175,2,249,5,1377,0,50
1131,175,2,250,4,1381,0,40
1132,175,2,251,3,1384,0,30
1133,175,2,252,3,1387,8,30
1134,175,2,253,8,1395,0,80
1135,175,2,254,7,1402,12,70
1136,175,2,255,9,1411,10,90
1137,175,2,256,9,1420,0,90
1138,175,2,257,9,1429,6,90
1139,175,2,258,8,1437,2,80
1140,175,2,259,7,1444,0,70
1141,175,2,260,4,1448,3,40
1142,175,2,261,9,1457,0,90
1143,175,2,262,7,1464,7,70
1144,175,2,263,9,1473,6,90
1145,175,2,264,3,1476,0,30
1146,175,2,265,3,1479,4,30
1147,175,2,266,3,1482,0,30
1148,175,2,267,7,1489,0,70
1149,175,2,268,3,1492,6,30
1150,175,2,269,6,1498,1,60
1151,175,2,270,8,1506,5,80
1152,175,2,271,7,1513,0,70
1153,175,2,272,4,1517,0,40
1154,175,2,273,4,1521,9,40
1155,175,2,274,4,1525,4,40
1156,175,2,275,4,1529,2,40
1157,175,2,276,2,1531,0,20
1158,175,2,277,5,1536,0,50
1159,175,2,278,8,1544,8,80
1160,175,2,279,5,1549,0,50
1161,175,2,280,3,1552,0,30
1162,175,2,281,2,1554,0,20
1163,175,2,282,8,1562,12,80
1164,175,2,283,5,1567,0,50
1165,175,2,284,8,1575,8,80
1166,175,2,285,8,1583,0,80
1167,175,2,286,8,1591,0,80
1168,175,2,287,8,1599,0,80
1169,175,2,288,6,1605,14,60
1170,175,2,289,6,1611,5,60
1171,175,2,290,6,1617,0,60
1172,175,2,291,8,1625,0,80
1173,175,2,292,7,1632,9,70
1174,175,2,293,6,1638,0,60
1175,175,2,294,6,1644,3,60
1176,175,2,295,7,1651,2,70
1177,175,2,296,3,1654,2,30
1178,175,2,297,2,1656,1,20
1179,175,2,298,6,1662,1,60
1180,175,2,299,7,1669,0,70
1181,175,2,300,9,1678,5,90
1182,175,2,301,8,1686,6,80
1183,175,2,302,6,1692,4,60
1184,175,2,303,6,1698,0,60
1185,175,2,304,5,1703,6,50
1186,175,2,305,8,1711,8,80
1187,175,2,306,2,1713,1,20
1188,175,2,307,6,1719,1,60
1189,175,2,308,2,1721,1,20
1190,175,2,309,5,1726,0,50
1191,175,2,310,9,1735,3,90
1192,175,2,311,8,1743,0,80
1193,175,2,312,2,1745,3,20
1194,175,2,313,6,1751,0,60
1195,175,2,314,3,1754,4,30
1196,175,2,315,9,1763,8,90
1197,175,2,316,5,1768,0,50
1198,175,2,317,5,1773,0,50
1199,175,2,318,5,1778,0,50
1200,175,2,319,6,1784,0,60
1201,175,2,320,6,1790,0,60
1202,175,2,321,8,1798,10,80
1203,175,2,322,5,1803,0,50
1204,175,2,323,2,1805,0,20
1205,175,2,324,9,1814,0,90
1206,175,2,325,6,1820,8,60
1207,175,2,326,8,1828,6,80
1208,175,2,327,8,1836,0,80
1209,175,2,328,8,1844,0,80
1210,175,2,329,2,1846,0,20
1211,175,2,330,4,1850,0,40
1212,175,2,331,5,1855,16,50
1213,175,2,332,4,1859,2,40
1214,175,2,333,7,1866,0,70
1215,175,2,334,8,1874,13,80
1216,175,2,335,7,1881,0,70
1217,175,2,336,5,1886,4,50
1218,175,2,337,5,1891,0,50
1219,175,2,338,9,1900,1,90
1220,175,2,339,3,1903,0,30
1221,175,2,340,2,1905,0,20
1222,175,2,341,5,1910,7,50
1223,175,2,342,4,1914,0,40
1224,175,2,343,5,1919,0,50
1225,175,2,344,7,1926,0,70
1226,175,2,345,6,1932,12,60
1227,175,2,346,4,1936,0,40
1228,175,2,347,2,1938,0,20
1229,175,2,348,9,1947,0,90
1230,175,2,349,3,1950,10,30
1231,175,2,350,4,1954,0,40
1232,175,2,351,5,1959,0,50
1233,175,2,352,9,1968,9,90
1234,175,2,353,4,1972,0,40
1235,175,2,354,8,1980,6,80
1236,175,2,355,4,1984,0,40
1237,175,2,356,7,1991,0,70
1238,175,2,357,8,1999,11,80
1239,175,2,358,3,2002,1,30
1240,175,2,359,8,2010,0,80
1241,175,2,360,3,2013,0,30
1242,175,2,361,6,2019,9,60
1243,175,2,362,8,2027,0,80
1244,175,2,363,4,2031,4,40
1245,175,2,364,9,2040,6,90
1246,175,2,365,8,2048,0,80
1247,175,2,366,2,2050,3,20
1248,175,2,367,9,2059,5,90
1249,175,2,368,6,2065,1,60
1250,175,2,369,2,2067,2,20
1251,175,2,370,5,2072,0,50
1252,175,2,371,5,2077,0,50
1253,175,2,372,8,2085,8,80
1254,175,2,373,6,2091,4,60
1255,175,2,374,6,2097,0,60
1256,175,2,375,8,2105,5,80
1257,175,2,376,3,2108,1,30
1258,175,2,377,3,2111,2,30
1259,175,2,378,2,2113,0,20
1260,175,2,379,4,2117,3,40
1261,175,2,380,6,2123,3,60
1262,175,2,381,6,2129,0,60
1263,175,2,382,8,2137,7,80
1264,175,2,383,7,2144,3,70
1265,175,2,384,7,2151,0,70
1266,175,2,385,3,2154,0,30
1267,175,2,386,5,2159,12,50
1268,175,2,387,9,2168,0,90
1269,175,2,388,4,2172,0,40
1270,175,2,389,5,2177,0,50
1271,175,2,390,3,2180,12,30
1272,175,2,391,6,2186,5,60
1273,175,2,392,4,2190,0,40
1274,175,2,393,4,2194,2,40
1275,175,2,394,8,2202,3,80
1276,175,2,395,4,2206,0,40
1277,175,2,396,6,2212,0,60
1278,175,2,397,9,2221,0,90
1279,175,2,398,2,2223,10,20
1280,175,2,399,6,2229,5,60
1281,175,2,400,5,2234,0,50
1282,175,2,401,2,2236,0,20
1283,175,2,402,5,2241,8,50
1284,175,2,403,9,2250,4,90
1285,175,2,404,8,2258,8,80
1286,175,2,405,8,2266,3,80
1287,175,2,406,6,2272,0,60
1288,175,2,407,8,2280,3,80
1289,175,2,408,5,2285,0,50
1290,175,2,409,2,2287,0,20
1291,175,2,410,9,2296,0,90
1292,175,2,411,4,2300,9,40
1293,175,2,412,6,2306,0,60
1294,175,2,413,2,2308,0,20
1295,175,2,414,6,2314,0,60
1296,175,2,415,7,2321,0,70
1297,175,2,416,2,2323,15,20
1298,175,2,417,7,2330,2,70
1299,175,2,418,5,2335,0,50
1300,175,2,419,9,2344,9,90
1301,175,2,420,7,2351,3,70
1302,175,2,421,6,2357,0,60
1303,175,2,422,7,2364,0,70
1304,175,2,423,8,2372,8,80
1305,175,2,424,3,2375,0,30
1306,175,2,425,9,2384,0,90
1307,175,2,426,2,2386,0,20
1308,175,2,427,8,2394,0,80
1309,175,2,428,8,2402,16,80
1310,175,2,429,5,2407,5,50
1311,175,2,430,4,2411,0,40
1312,175,2,431,2,2413,4,20
1313,175,2,432,7,2420,0,70
1314,175,2,433,8,2428,7,80
1315,175,2,434,5,2433,1,50
1316,175,2,435,8,2441,3,80
1317,175,2,436,9,2450,0,90
1318,175,2,437,8,2458,10,80
1319,175,2,438,4,2462,1,40
1320,175,2,439,3,2465,0,30
1321,175,2,440,4,2469,0,40
1322,175,2,441,6,2475,0,60
1323,175,2,442,3,2478,10,30
1324,175,2,443,7,2485,4,70
1325,175,2,444,4,2489,1,40
1326,175,2,445,3,2492,1,30
1327,175,2,446,4,2496,2,40
1328,175,2,447,2,2498,0,20
1329,175,2,448,5,2503,6,50
1330,175,2,449,3,2506,0,30
1331,175,2,450,4,2510,0,40
1332,175,2,451,2,2512,0,20
1333,175,2,452,6,2518,0,60
1334,175,2,453,4,2522,10,40
1335,175,2,454,8,2530,5,80
1336,175,2,455,6,2536,3,60
1337,175,2,456,2,2538,0,20
1338,175,2,457,3,2541,1,30
1339,175,2,458,9,2550,0,90
1340,175,2,459,9,2559,0,90
1341,175,2,460,4,2563,3,40
1342,175,2,461,9,2572,3,90
1343,175,2,462,4,2576,1,40
1344,175,2,463,5,2581,0,50
1345,175,2,464,7,2588,7,70
1346,175,2,465,6,2594,0,60
1347,175,2,466,7,2601,2,70
1348,175,2,467,4,2605,4,40
1349,175,2,468,4,2609,0,40
1350,175,2,469,4,2613,1,40
1351,175,2,470,2,2615,0,20
1352,175,2,471,4,2619,0,40
1353,175,2,472,2,2621,0,20
1354,175,2,473,4,2625,0,40
1355,175,2,474,3,2628,7,30
1356,175,2,475,8,2636,1,80
1357,175,2,476,2,2638,0,20
1358,175,2,477,4,2642,2,40
1359,175,2,478,7,2649,5,70
1360,175,2,479,5,2654,0,50
1361,175,2,480,4,2658,0,40
1362,175,2,481,2,2660,2,20
1363,175,2,482,3,2663,0,30
1364,175,2,483,9,2672,0,90
1365,175,2,484,3,2675,5,30
1366,175,2,485,2,2677,0,20
1367,175,2,486,8,2685,0,80
1368,175,2,487,2,2687,3,20
1369,175,2,488,2,2689,0,20
1370,175,2,489,2,2691,0,20
1371,175,2,490,6,2697,0,60
1372,175,2,491,6,2703,3,60
1373,175,2,492,2,2705,0,20
1374,175,2,493,3,2708,3,30
1375,175,2,494,5,2713,0,50
1376,175,2,495,7,2720,0,70
1377,175,2,496,5,2725,0,50
1378,175,2,497,5,2730,0,50
1379,175,2,498,3,2733,0,30
1380,175,2,499,6,2739,11,60
1381,175,2,500,9,2748,0,90
1382,175,2,501,5,2753,3,50
1383,175,2,502,6,2759,3,60
1384,175,2,503,4,2763,0,40
1385,175,2,504,5,2768,5,50
1386,175,2,505,4,2772,0,40
1387,175,2,506,6,2778,0,60
1388,175,2,507,5,2783,3,50
1389,175,2,508,2,2785,0,20
1390,175,2,509,8,2793,6,80
1391,175,2,510,4,2797,0,40
1392,175,2,511,9,2806,0,90
1393,175,2,512,7,2813,11,70
1394,175,2,513,2,2815,0,20
1395,175,2,514,8,2823,0,80
1396,175,2,515,6,2829,13,60
1397,175,2,516,2,2831,4,20
1398,175,2,517,3,2834,0,30
1399,175,2,518,8,2842,0,80
1400,175,2,519,2,2844,0,20
1401,175,2,520,7,2851,8,70
1402,175,2,521,8,2859,3,80
1403,175,2,522,3,2862,1,30
1404,175,2,523,4,2866,0,40
1405,175,2,524,7,2873,0,70
1406,175,2,525,2,2875,0,20
1407,175,2,526,8,2883,0,80
1408,175,2,527,4,2887,19,40
1409,175,2,528,6,2893,0,60
1410,175,2,529,7,2900,0,70
1411,175,2,530,6,2906,0,60
1412,175,2,531,9,2915,13,90
1413,175,2,532,5,2920,0,50
1414,175,2,533,8,2928,0,80
1415,175,2,534,4,2932,6,40
1416,175,2,535,9,2941,7,90
1417,175,2,536,3,2944,0,30
1418,175,2,537,9,2953,5,90
1419,175,2,538,7,2960,0,70
1420,175,2,539,9,2969,8,90
1421,175,2,540,3,2972,0,30
1422,175,2,541,7,2979,0,70
1423,175,2,542,5,2984,0,50
1424,175,2,543,9,2993,6,90
1425,175,2,544,9,3002,3,90
1426,175,2,545,6,3008,3,60
1427,175,2,546,6,3014,0,60
1428,175,2,547,5,3019,0,50
1429,175,2,548,7,3026,0,70
1430,175,2,549,3,3029,0,30
1431,175,2,550,5,3034,0,50
1432,175,2,551,3,3037,14,30
1433,175,2,552,7,3044,0,70
1434,175,2,553,5,3049,9,50
1435,175,2,554,2,3051,0,20
1436,175,2,555,7,3058,4,70
1437,175,2,556,9,3067,5,90
1438,175,2,557,2,3069,0,20
1439,175,2,558,4,3073,0,40
1440,175,2,559,9,3082,11,90
1441,175,2,560,8,3090,0,80
1442,175,2,561,7,3097,7,70
1443,175,2,562,9,3106,4,90
1444,175,2,563,7,3113,0,70
1445,175,2,564,5,3118,11,50
1446,175,2,565,5,3123,4,50
1447,175,2,566,4,3127,0,40
1448,175,2,567,2,3129,4,20
1449,175,2,568,6,3135,0,60
1450,175,2,569,8,3143,9,80
1451,175,2,570,4,3147,1,40
1452,175,2,571,5,3152,0,50
1453,175,2,572,8,3160,0,80
1454,175,2,573,8,3168,12,80
1455,175,2,574,2,3170,0,20
1456,175,2,575,2,3172,0,20
1457,175,2,576,4,3176,1,40
1458,175,2,577,9,3185,0,90
1459,175,2,578,9,3194,7,90
1460,175,2,579,7,3201,0,70
1461,175,2,580,6,3207,0,60
1462,175,2,581,3,3210,0,30
1463,175,2,582,6,3216,3,60
1464,175,2,583,5,3221,0,50
1465,175,2,584,9,3230,7,90
1466,175,2,585,9,3239,0,90
1467,175,2,586,9,3248,0,90
1468,175,2,587,4,3252,6,40
1469,175,2,588,9,3261,0,90
1470,175,2,589,8,3269,6,80
1471,175,2,590,5,3274,0,50
1472,175,2,591,7,3281,0,70
1473,175,2,592,5,3286,0,50
1474,175,2,593,5,3291,8,50
1475,175,2,594,4,3295,0,40
1476,175,2,595,6,3301,0,60
1477,175,2,596,8,3309,8,80
1478,175,2,597,3,3312,0,30
1479,175,2,598,9,3321,0,90
1480,175,2,599,7,3328,0,70
1481,175,2,600,4,3332,9,40
1482,175,2,601,7,3339,3,70
1483,175,2,602,4,3343,0,40
1484,175,2,603,7,3350,5,70
1485,175,2,604,6,3356,0,60
1486,175,2,605,6,3362,5,60
1487,175,2,606,3,3365,0,30
1488,175,2,607,9,3374,0,90
1489,175,2,608,2,3376,10,20
1490,175,2,609,4,3380,1,40
1491,175,2,610,9,3389,1,90
1492,175,2,611,3,3392,3,30
1493,175,2,612,4,3396,0,40
1494,175,2,613,6,3402,5,60
1495,175,2,614,3,3405,0,30
1496,175,2,615,2,3407,3,20
1497,175,2,616,7,3414,0,70
1498,175,2,617,6,3420,0,60
1499,175,2,618,5,3425,0,50
1500,175,2,619,3,3428,0,30
1501,175,2,620,2,3430,0,20
1502,175,2,621,3,3433,10,30
1503,175,2,622,5,3438,1,50
1504,175,2,623,5,3443,0,50
1505,175,2,624,8,3451,0,80
1506,175,2,625,4,3455,0,40
1507,175,2,626,2,3457,0,20
1508,175,2,627,3,3460,1,30
1509,175,2,628,4,3464,2,40
1510,175,2,629,5,3469,3,50
1511,175,2,630,9,3478,0,90
1512,175,2,631,6,3484,0,60
1513,175,2,632,9,3493,18,90
1514,175,2,633,3,3496,1,30
1515,175,2,634,3,3499,0,30
1516,175,2,635,9,3508,0,90
1517,175,2,636,3,3511,0,30
1518,175,2,637,4,3515,0,40
1519,175,2,638,3,3518,15,30
1520,175,2,639,4,3522,1,40
1521,175,2,640,8,3530,0,80
1522,175,2,641,6,3536,0,60
1523,175,2,642,4,3540,7,40
1524,175,2,643,7,3547,2,70
1525,175,2,644,2,3549,3,20
1526,175,2,645,4,3553,2,40
1527,175,2,646,8,3561,0,80
1528,175,2,647,5,3566,10,50
1529,175,2,648,5,3571,0,50
1530,175,2,649,5,3576,7,50
1531,175,2,650,8,3584,4,80
1532,175,2,651,5,3589,0,50
1533,175,2,652,2,3591,6,20
1534,175,2,653,5,3596,0,50
1535,175,2,654,9,3605,1,90
1536,175,2,655,3,3608,0,30
1537,175,2,656,8,3616,6,80
1538,175,2,657,4,3620,2,40
1539,175,2,658,2,3622,0,20
1540,175,2,659,3,3625,1,30
1541,175,2,660,3,3628,0,30
1542,175,2,661,9,3637,0,90
1543,175,2,662,2,3639,0,20
1544,175,2,663,2,3641,0,20
1545,175,2,664,6,3647,0,60
1546,175,2,665,7,3654,0,70
1547,175,2,666,3,3657,0,30
1548,175,2,667,4,3661,19,40
1549,175,2,668,4,3665,0,40
1550,175,2,669,8,3673,5,80
1551,175,2,670,6,3679,0,60
1552,175,2,671,9,3688,0,90
1553,175,2,672,7,3695,13,70
1554,175,2,673,6,3701,1,60
1555,175,2,674,3,3704,2,30
1556,175,2,675,8,3712,0,80
1557,175,2,676,8,3720,6,80
1558,175,2,677,4,3724,3,40
1559,175,2,678,7,3731,0,70
1560,175,2,679,3,3734,0,30
1561,175,2,680,4,3738,8,40
1562,175,2,681,6,3744,5,60
1563,175,2,682,9,3753,7,90
1564,175,2,683,2,3755,0,20
1565,175,2,684,8,3763,0,80
1566,175,2,685,7,3770,8,70
1567,175,2,686,4,3774,0,40
1568,175,2,687,2,3776,4,20
1569,175,2,688,5,3781,5,50
1570,175,2,689,6,3787,4,60
1571,175,2,690,5,3792,0,50
1572,175,2,691,4,3796,0,40
1573,175,2,692,8,3804,10,80
1574,175,2,693,6,3810,5,60
1575,175,2,694,2,3812,0,20
1576,175,2,695,9,3821,3,90
1577,175,2,696,4,3825,0,40
1578,175,2,697,7,3832,3,70
1579,175,2,698,8,3840,0,80
1580,175,2,699,2,3842,4,20
1581,175,2,700,5,3847,2,50
1582,175,2,701,5,3852,0,50
1583,175,2,702,3,3855,5,30
1584,175,2,703,8,3863,0,80
1585,175,2,704,6,3869,7,60
1586,175,2,705,6,3875,3,60
1587,175,2,706,5,3880,0,50
1588,175,2,707,7,3887,0,70
1589,175,2,708,3,3890,0,30
1590,175,2,709,2,3892,0,20
1591,175,2,710,3,3895,0,30
1592,175,2,711,3,3898,0,30
1593,175,2,712,3,3901,0,30
1594,175,2,713,6,3907,0,60
1595,175,2,714,7,3914,15,70
1596,175,2,715,7,3921,5,70
1597,175,2,716,6,3927,3,60
1598,175,2,717,5,3932,2,50
1599,175,2,718,7,3939,5,70
1600,175,2,719,5,3944,0,50
1601,175,2,720,4,3948,5,40
1602,175,2,721,3,3951,2,30
1603,175,2,722,4,3955,4,40
1604,175,2,723,7,3962,3,70
1605,175,2,724,6,3968,3,60
1606,175,2,725,7,3975,0,70
1607,175,2,726,8,3983,0,80
1608,175,2,727,3,3986,4,30
1609,175,2,728,5,3991,0,50
1610,175,2,729,2,3993,1,20
1611,175,2,730,5,3998,1,50
1612,175,2,731,4,4002,0,40
1613,175,2,732,2,4004,3,20
1614,175,2,733,4,4008,2,40
1615,175,2,734,3,4011,0,30
1616,175,2,735,7,4018,8,70
1617,175,2,736,2,4020,1,20
1618,175,2,737,9,4029,8,90
1619,175,2,738,7,4036,0,70
1620,175,2,739,4,4040,0,40
1621,175,2,740,4,4044,0,40
1622,175,2,741,9,4053,0,90
1623,175,2,742,3,4056,8,30
1624,175,2,743,7,4063,0,70
1625,175,2,744,7,4070,6,70
1626,175,2,745,2,4072,2,20
1627,175,2,746,4,4076,0,40
1628,175,2,747,4,4080,9,40
1629,175,2,748,3,4083,0,30
1630,175,2,749,3,4086,0,30
1631,175,2,750,7,4093,7,70
1632,175,2,751,7,4100,0,70
1633,175,2,752,2,4102,5,20
1634,175,2,753,2,4104,0,20
1635,175,2,754,6,4110,1,60
1636,175,2,755,3,4113,0,30
1637,175,2,756,4,4117,1,40
1638,175,2,757,2,4119,1,20
1639,175,2,758,3,4122,0,30
1640,175,2,759,5,4127,0,50
1641,175,2,760,4,4131,8,40
1642,175,2,761,6,4137,4,60
1643,175,2,762,8,4145,0,80
1644,175,2,763,5,4150,0,50
1645,175,2,764,7,4157,10,70
1646,175,2,765,8,4165,5,80
1647,175,2,766,5,4170,0,50
1648,175,2,767,9,4179,3,90
1649,175,2,768,6,4185,2,60
1650,175,2,769,7,4192,6,70
1651,175,2,770,7,4199,0,70
1652,175,2,771,6,4205,2,60
1653,175,2,772,5,4210,0,50
1654,175,2,773,5,4215,0,50
1655,175,2,774,6,4221,0,60
1656,175,2,775,3,4224,11,30
1657,175,2,776,2,4226,0,20
1658,175,2,777,7,4233,0,70
1659,175,2,778,6,4239,11,60
1660,175,2,779,7,4246,0,70
1661,175,2,780,7,4253,0,70
1662,175,2,781,3,4256,8,30
1663,175,2,782,2,4258,1,20
1664,175,2,783,8,4266,6,80
1665,175,2,784,5,4271,4,50
1666,175,2,785,8,4279,2,80
1667,175,2,786,7,4286,5,70
1668,175,2,787,4,4290,0,40
1669,175,2,788,2,4292,5,20
1670,175,2,789,2,4294,0,20
1671,175,2,790,5,4299,0,50
1672,175,2,791,3,4302,0,30
1673,175,2,792,5,4307,5,50
1674,175,2,793,6,4313,0,60
1675,175,2,794,3,4316,0,30
1676,175,2,795,5,4321,5,50
1677,175,2,796,6,4327,4,60
1678,175,2,797,2,4329,0,20
1679,175,2,798,8,4337,0,80
1680,175,2,799,8,4345,9,80
1681,175,2,800,5,4350,5,50
1682,175,2,801,6,4356,2,60
1683,175,2,802,4,4360,2,40
1684,175,2,803,4,4364,2,40
1685,175,2,804,5,4369,3,50
1686,175,2,805,9,4378,4,90
1687,175,2,806,5,4383,1,50
1688,175,2,807,2,4385,0,20
1689,175,2,808,3,4388,0,30
1690,175,2,809,5,4393,9,50
1691,175,2,810,5,4398,0,50
1692,175,2,811,3,4401,0,30
1693,175,2,812,8,4409,0,80
1694,175,2,813,7,4416,10,70
1695,175,2,814,6,4422,2,60
1696,175,2,815,3,4425,3,30
1697,175,2,816,8,4433,4,80
1698,175,2,817,2,4435,2,20
1699,175,2,818,4,4439,4,40
1700,175,2,819,3,4442,0,30
1701,175,2,820,4,4446,5,40
1702,175,2,821,9,4455,6,90
1703,175,2,822,4,4459,0,40
1704,175,2,823,2,4461,0,20
1705,175,2,824,9,4470,10,90
1706,175,2,825,7,4477,0,70
1707,175,2,826,3,4480,0,30
1708,175,2,827,6,4486,4,60
1709,175,2,828,5,4491,0,50
1710,175,2,829,3,4494,3,30
1711,175,2,830,2,4496,0,20
1712,175,2,831,8,4504,0,80
1713,175,2,832,4,4508,0,40
1714,175,2,833,9,4517,0,90
1715,175,2,834,9,4526,21,90
1716,175,2,835,5,4531,2,50
1717,175,2,836,5,4536,0,50
1718,175,2,837,7,4543,0,70
1719,175,2,838,2,4545,0,20
1720,175,2,839,9,4554,10,90
1721,175,2,840,9,4563,0,90
1722,175,2,841,9,4572,13,90
1723,175,2,842,7,4579,6,70
1724,175,2,843,6,4585,0,60
1725,175,2,844,7,4592,0,70
1726,175,2,845,7,4599,0,70
1727,175,2,846,9,4608,0,90
1728,175,2,847,6,4614,0,60
1729,175,2,848,3,4617,18,30
1730,175,2,849,2,4619,1,20
1731,175,2,850,6,4625,2,60
1732,175,2,851,7,4632,3,70
1733,175,2,852,8,4640,0,80
1734,175,2,853,4,4644,7,40
1735,175,2,854,2,4646,0,20
1736,175,2,855,3,4649,3,30
1737,175,2,856,9,4658,0,90
1738,175,2,857,6,4664,7,60
1739,175,2,858,3,4667,0,30
1740,175,2,859,7,4674,0,70
1741,175,2,860,2,4676,6,20
1742,175,2,861,9,4685,5,90
1743,175,2,862,8,4693,0,80
1744,175,2,863,4,4697,0,40
1745,175,2,864,6,4703,8,60
1746,175,2,865,7,4710,0,70
1747,175,2,866,9,4719,11,90
1748,175,2,867,5,4724,7,50
1749,175,2,868,9,4733,6,90
1750,175,2,869,3,4736,2,30
1751,175,2,870,7,4743,0,70
1752,175,2,871,9,4752,9,90
1753,175,2,872,6,4758,0,60
1754,175,2,873,9,4767,0,90
1755,175,2,874,3,4770,12,30
1756,175,2,875,5,4775,0,50
1757,175,2,876,9,4784,0,90
1758,175,2,877,4,4788,5,40
1759,175,2,878,2,4790,1,20
1760,175,2,879,4,4794,3,40
1761,175,2,880,9,4803,0,90
1762,175,2,881,6,4809,0,60
1763,175,2,882,7,4816,13,70
1764,175,2,883,5,4821,0,50
1765,175,2,884,4,4825,5,40
1766,175,2,885,9,4834,5,90
1767,175,2,886,3,4837,0,30
1768,175,2,887,7,4844,3,70
1769,175,2,888,7,4851,3,70
1770,175,2,889,8,4859,0,80
1771,175,2,890,8,4867,8,80
1772,175,2,891,3,4870,0,30
1773,175,2,892,8,4878,2,80
1774,175,2,893,5,4883,4,50
1775,175,2,894,3,4886,0,30
1776,175,2,895,8,4894,5,80
1777,175,2,896,6,4900,0,60
1778,175,2,897,3,4903,0,30
1779,175,2,898,4,4907,0,40
1780,175,2,899,9,4916,8,90
1781,175,2,900,2,4918,3,20
1782,175,2,901,5,4923,0,50
1783,175,2,902,6,4929,6,60
1784,175,2,903,3,4932,0,30
1785,175,2,904,4,4936,2,40
1786,175,2,905,3,4939,0,30
1787,175,2,906,2,4941,0,20
1788,175,2,907,9,4950,2,90
1789,175,2,908,4,4954,0,40
1790,175,2,909,7,4961,8,70
1791,175,2,910,3,4964,0,30
1792,175,2,911,6,4970,0,60
1793,175,2,912,6,4976,0,60
1794,175,2,913,8,4984,14,80
1795,175,2,914,2,4986,1,20
1796,175,2,915,8,4994,3,80
1797,175,2,916,4,4998,2,40
1798,175,3,1,8,8,0,80
1799,175,3,2,2,10,4,20
1800,175,3,3,5,15,0,50
1801,175,3,4,3,18,5,30
1802,175,3,5,6,24,0,60
1803,175,3,6,2,26,0,20
1804,175,3,7,2,28,0,20
1805,175,3,8,2,30,5,20
1806,175,3,9,2,32,0,20
1807,175,3,10,2,34,0,20
1808,175,3,11,5,39,7,50
1809,175,3,12,7,46,0,70
1810,175,3,13,2,48,2,20
1811,175,3,14,2,50,1,20
1812,175,3,15,4,54,1,40
1813,175,3,16,2,56,0,20
1814,175,3,17,8,64,0,80
1815,175,3,18,5,69,8,50
1816,175,3,19,5,74,4,50
1817,175,3,20,9,83,3,90
1818,175,3,21,9,92,0,90
1819,175,3,22,5,97,10,50
1820,175,3,23,3,100,2,30
1821,175,3,24,3,103,0,30
1822,175,3,25,4,107,3,40
1823,175,3,26,2,109,1,20
1824,175,3,27,9,118,8,90
1825,175,3,28,9,127,0,90
1826,175,3,29,9,136,13,90
1827,175,3,30,9,145,6,90
1828,175,3,31,3,148,0,30
1829,175,3,32,4,152,4,40
1830,175,3,33,7,159,0,70
1831,175,3,34,2,161,4,20
1832,175,3,35,8,169,0,80
1833,175,3,36,5,174,0,50
1834,175,3,37,9,183,0,90
1835,175,3,38,7,190,0,70
1836,175,3,39,8,198,14,80
1837,175,3,40,9,207,0,90
1838,175,3,41,8,215,0,80
1839,175,3,42,3,218,0,30
1840,175,3,43,9,227,0,90
1841,175,3,44,5,232,0,50
1842,175,3,45,4,236,0,40
1843,175,3,46,2,238,16,20
1844,175,3,47,4,242,1,40
1845,175,3,48,4,246,0,40
1846,175,3,49,5,251,0,50
1847,175,3,50,8,259,10,80
1848,175,3,51,8,267,2,80
1849,175,3,52,8,275,0,80
1850,175,3,53,6,281,8,60
1851,175,3,54,5,286,2,50
1852,175,3,55,6,292,3,60
1853,175,3,56,3,295,1,30
1854,175,3,57,7,302,0,70
1855,175,3,58,7,309,0,70
1856,175,3,59,7,316,0,70
1857,175,3,60,6,322,12,60
1858,175,3,61,8,330,6,80
1859,175,3,62,8,338,0,80
1860,175,3,63,4,342,0,40
1861,175,3,64,6,348,5,60
1862,175,3,65,8,356,0,80
1863,175,3,66,5,361,0,50
1864,175,3,67,4,365,0,40
1865,175,3,68,6,371,0,60
1866,175,3,69,9,380,21,90
1867,175,3,70,2,382,0,20
1868,175,3,71,3,385,0,30
1869,175,3,72,5,390,8,50
1870,175,3,73,8,398,2,80
1871,175,3,74,6,404,2,60
1872,175,3,75,7,411,6,70
1873,175,3,76,7,418,0,70
1874,175,3,77,9,427,4,90
1875,175,3,78,2,429,0,20
1876,175,3,79,2,431,1,20
1877,175,3,80,6,437,4,60
1878,175,3,81,4,441,3,40
1879,175,3,82,9,450,2,90
1880,175,3,83,9,459,4,90
1881,175,3,84,9,468,0,90
1882,175,3,85,6,474,8,60
1883,175,3,86,3,477,0,30
1884,175,3,87,8,485,0,80
1885,175,3,88,9,494,9,90
1886,175,3,89,9,503,5,90
1887,175,3,90,8,511,0,80
1888,175,3,91,3,514,0,30
1889,175,3,92,9,523,0,90
1890,175,3,93,6,529,0,60
1891,175,3,94,2,531,16,20
1892,175,3,95,5,536,0,50
1893,175,3,96,4,540,0,40
1894,175,3,97,4,544,1,40
1895,175,3,98,9,553,4,90
1896,175,3,99,3,556,3,30
1897,175,3,100,7,563,0,70
1898,175,3,101,7,570,0,70
1899,175,3,102,4,574,0,40
1900,175,3,103,5,579,17,50
1901,175,3,104,8,587,0,80
1902,175,3,105,2,589,0,20
1903,175,3,106,5,594,0,50
1904,175,3,107,4,598,11,40
1905,175,3,108,8,606,5,80
1906,175,3,109,8,614,7,80
1907,175,3,110,8,622,0,80
1908,175,3,111,9,631,10,90
1909,175,3,112,2,633,1,20
1910,175,3,113,2,635,1,20
1911,175,3,114,4,639,0,40
1912,175,3,115,8,647,6,80
1913,175,3,116,6,653,0,60
1914,175,3,117,8,661,0,80
1915,175,3,118,8,669,6,80
1916,175,3,119,4,673,3,40
1917,175,3,120,2,675,0,20
1918,175,3,121,8,683,0,80
1919,175,3,122,9,692,8,90
1920,175,3,123,6,698,5,60
1921,175,3,124,6,704,4,60
1922,175,3,125,2,706,0,20
1923,175,3,126,8,714,7,80
1924,175,3,127,3,717,0,30
1925,175,3,128,3,720,9,30
1926,175,3,129,4,724,0,40
1927,175,3,130,7,731,0,70
1928,175,3,131,6,737,0,60
1929,175,3,132,9,746,0,90
1930,175,3,133,5,751,0,50
1931,175,3,134,3,754,14,30
1932,175,3,135,7,761,0,70
1933,175,3,136,2,763,0,20
1934,175,3,137,3,766,0,30
1935,175,3,138,3,769,7,30
1936,175,3,139,4,773,3,40
1937,175,3,140,4,777,2,40
1938,175,3,141,9,786,3,90
1939,175,3,142,7,793,4,70
1940,175,3,143,7,800,5,70
1941,175,3,144,9,809,2,90
1942,175,3,145,3,812,2,30
1943,175,3,146,6,818,3,60
1944,175,3,147,5,823,4,50
1945,175,3,148,7,830,4,70
1946,175,3,149,3,833,4,30
1947,175,3,150,8,841,4,80
1948,175,3,151,9,850,3,90
1949,175,3,152,5,855,0,50
1950,175,3,153,6,861,0,60
1951,175,3,154,9,870,6,90
1952,175,3,155,5,875,3,50
1953,175,3,156,7,882,0,70
1954,175,3,157,9,891,0,90
1955,175,3,158,2,893,0,20
1956,175,3,159,3,896,10,30
1957,175,3,160,7,903,0,70
1958,175,3,161,8,911,0,80
1959,175,3,162,2,913,0,20
1960,175,3,163,2,915,0,20
1961,175,3,164,6,921,0,60
1962,175,3,165,6,927,16,60
1963,175,3,166,7,934,5,70
1964,175,3,167,5,939,0,50
1965,175,3,168,7,946,0,70
1966,175,3,169,3,949,0,30
1967,175,3,170,3,952,7,30
1968,175,3,171,5,957,1,50
1969,175,3,172,9,966,0,90
1970,175,3,173,8,974,7,80
1971,175,3,174,8,982,1,80
1972,175,3,175,9,991,0,90
1973,175,3,176,5,996,8,50
1974,175,3,177,8,1004,3,80
1975,175,3,178,4,1008,1,40
1976,175,3,179,8,1016,0,80
1977,175,3,180,7,1023,10,70
1978,175,3,181,7,1030,5,70
1979,175,3,182,5,1035,3,50
1980,175,3,183,6,1041,0,60
1981,175,3,184,3,1044,6,30
1982,175,3,185,5,1049,0,50
1983,175,3,186,9,1058,0,90
1984,175,3,187,3,1061,9,30
1985,175,3,188,3,1064,0,30
1986,175,3,189,5,1069,0,50
1987,175,3,190,5,1074,4,50
1988,175,3,191,6,1080,0,60
1989,175,3,192,2,1082,0,20
1990,175,3,193,3,1085,0,30
1991,175,3,194,2,1087,0,20
1992,175,3,195,6,1093,0,60
1993,175,3,196,8,1101,0,80
1994,175,3,197,9,1110,21,90
1995,175,3,198,7,1117,2,70
1996,175,3,199,8,1125,6,80
1997,175,3,200,8,1133,0,80
1998,175,3,201,5,1138,11,50
1999,175,3,202,2,1140,1,20
2000,175,3,203,3,1143,3,30
2001,175,3,204,8,1151,0,80
2002,175,3,205,3,1154,0,30
2003,175,3,206,9,1163,0,90
2004,175,3,207,2,1165,11,20
2005,175,3,208,4,1169,0,40
2006,175,3,209,6,1175,8,60
2007,175,3,210,6,1181,1,60
2008,175,3,211,4,1185,0,40
2009,175,3,212,3,1188,3,30
2010,175,3,213,8,1196,0,80
2011,175,3,214,7,1203,0,70
2012,175,3,215,6,1209,0,60
2013,175,3,216,7,1216,14,70
2014,175,3,217,5,1221,2,50
2015,175,3,218,2,1223,0,20
2016,175,3,219,8,1231,0,80
2017,175,3,220,3,1234,0,30
2018,175,3,221,3,1237,0,30
2019,175,3,222,6,1243,14,60
2020,175,3,223,3,1246,0,30
2021,175,3,224,8,1254,1,80
2022,175,3,225,9,1263,0,90
2023,175,3,226,8,1271,0,80
2024,175,3,227,4,1275,9,40
2025,175,3,228,9,1284,0,90
2026,175,3,229,3,1287,6,30
2027,175,3,230,3,1290,0,30
2028,175,3,231,3,1293,0,30
2029,175,3,232,8,1301,0,80
2030,175,3,233,3,1304,0,30
2031,175,3,234,2,1306,0,20
2032,175,3,235,4,1310,0,40
2033,175,3,236,9,1319,0,90
2034,175,3,237,4,1323,19,40
2035,175,3,238,9,1332,4,90
2036,175,3,239,8,1340,0,80
2037,175,3,240,8,1348,0,80
2038,175,3,241,3,1351,11,30
2039,175,3,242,8,1359,1,80
2040,175,3,243,3,1362,2,30
2041,175,3,244,6,1368,5,60
2042,175,3,245,4,1372,3,40
2043,175,3,246,2,1374,0,20
2044,175,3,247,6,1380,0,60
2045,175,3,248,5,1385,9,50
2046,175,3,249,6,1391,3,60
2047,175,3,250,3,1394,0,30
2048,175,3,251,2,1396,0,20
2049,175,3,252,7,1403,0,70
2050,175,3,253,3,1406,9,30
2051,175,3,254,6,1412,0,60
2052,175,3,255,8,1420,11,80
2053,175,3,256,3,1423,2,30
2054,175,3,257,2,1425,1,20
2055,175,3,258,4,1429,0,40
2056,175,3,259,5,1434,0,50
2057,175,3,260,5,1439,8,50
2058,175,3,261,8,1447,0,80
2059,175,3,262,4,1451,4,40
2060,175,3,263,4,1455,0,40
2061,175,3,264,6,1461,3,60
2062,175,3,265,6,1467,2,60
2063,175,3,266,3,1470,0,30
2064,175,3,267,8,1478,7,80
2065,175,3,268,2,1480,0,20
2066,175,3,269,7,1487,3,70
2067,175,3,270,2,1489,0,20
2068,175,3,271,8,1497,0,80
2069,175,3,272,2,1499,0,20
2070,175,3,273,6,1505,0,60
2071,175,3,274,3,1508,0,30
2072,175,3,275,2,1510,17,20
2073,175,3,276,5,1515,0,50
2074,175,3,277,3,1518,3,30
2075,175,3,278,7,1525,0,70
2076,175,3,279,7,1532,8,70
2077,175,3,280,7,1539,2,70
2078,175,3,281,8,1547,0,80
2079,175,3,282,7,1554,9,70
2080,175,3,283,5,1559,0,50
2081,175,3,284,5,1564,0,50
2082,175,3,285,4,1568,0,40
2083,175,3,286,2,1570,10,20
2084,175,3,287,6,1576,0,60
2085,175,3,288,9,1585,0,90
2086,175,3,289,8,1593,8,80
2087,175,3,290,9,1602,0,90
2088,175,3,291,3,1605,0,30
2089,175,3,292,7,1612,9,70
2090,175,3,293,7,1619,0,70
2091,175,3,294,6,1625,0,60
2092,175,3,295,2,1627,10,20
2093,175,3,296,7,1634,7,70
2094,175,3,297,7,1641,2,70
2095,175,3,298,4,1645,2,40
2096,175,3,299,3,1648,0,30
2097,175,3,300,7,1655,5,70
2098,175,3,301,9,1664,0,90
2099,175,3,302,7,1671,0,70
2100,175,3,303,9,1680,7,90
2101,175,3,304,9,1689,3,90
2102,175,3,305,5,1694,0,50
2103,175,3,306,3,1697,7,30
2104,175,3,307,2,1699,0,20
2105,175,3,308,3,1702,0,30
2106,175,3,309,7,1709,0,70
2107,175,3,310,2,1711,8,20
2108,175,3,311,7,1718,5,70
2109,175,3,312,4,1722,0,40
2110,175,3,313,3,1725,0,30
2111,175,3,314,3,1728,3,30
2112,175,3,315,6,1734,0,60
2113,175,3,316,7,1741,5,70
2114,175,3,317,6,1747,2,60
2115,175,3,318,9,1756,4,90
2116,175,3,319,8,1764,4,80
2117,175,3,320,3,1767,2,30
2118,175,3,321,4,1771,0,40
2119,175,3,322,8,1779,4,80
2120,175,3,323,8,1787,5,80
2121,175,3,324,2,1789,0,20
2122,175,3,325,8,1797,0,80
2123,175,3,326,4,1801,7,40
2124,175,3,327,3,1804,0,30
2125,175,3,328,5,1809,0,50
2126,175,3,329,5,1814,4,50
2127,175,3,330,5,1819,0,50
2128,175,3,331,2,1821,6,20
2129,175,3,332,6,1827,0,60
2130,175,3,333,7,1834,0,70
2131,175,3,334,5,1839,9,50
2132,175,3,335,9,1848,0,90
2133,175,3,336,7,1855,0,70
2134,175,3,337,3,1858,0,30
2135,175,3,338,7,1865,11,70
2136,175,3,339,5,1870,2,50
2137,175,3,340,3,1873,2,30
2138,175,3,341,4,1877,0,40
2139,175,3,342,4,1881,0,40
2140,175,3,343,4,1885,3,40
2141,175,3,344,4,1889,0,40
2142,175,3,345,3,1892,0,30
2143,175,3,346,6,1898,8,60
2144,175,3,347,2,1900,0,20
2145,175,3,348,2,1902,1,20
2146,175,3,349,5,1907,1,50
2147,175,3,350,7,1914,0,70
2148,175,3,351,5,1919,10,50
2149,175,3,352,7,1926,3,70
2150,175,3,353,4,1930,4,40
2151,175,3,354,5,1935,3,50
2152,175,3,355,3,1938,0,30
2153,175,3,356,5,1943,0,50
2154,175,3,357,8,1951,0,80
2155,175,3,358,5,1956,0,50
2156,175,3,359,5,1961,4,50
2157,175,3,360,4,1965,1,40
2158,175,3,361,9,1974,0,90
2159,175,3,362,7,1981,0,70
2160,175,3,363,3,1984,0,30
2161,175,3,364,7,1991,0,70
2162,175,3,365,8,1999,0,80
2163,175,3,366,2,2001,20,20
2164,175,3,367,2,2003,0,20
2165,175,3,368,5,2008,0,50
2166,175,3,369,2,2010,0,20
2167,175,3,370,4,2014,1,40
2168,175,3,371,3,2017,0,30
2169,175,3,372,8,2025,0,80
2170,175,3,373,7,2032,10,70
2171,175,3,374,9,2041,0,90
2172,175,3,375,7,2048,6,70
2173,175,3,376,8,2056,6,80
2174,175,3,377,9,2065,1,90
2175,175,3,378,9,2074,0,90
2176,175,3,379,9,2083,14,90
2177,175,3,380,7,2090,2,70
2178,175,3,381,3,2093,0,30
2179,175,3,382,6,2099,2,60
2180,175,3,383,2,2101,1,20
2181,175,3,384,5,2106,1,50
2182,175,3,385,6,2112,4,60
2183,175,3,386,9,2121,0,90
2184,175,3,387,3,2124,0,30
2185,175,3,388,7,2131,8,70
2186,175,3,389,4,2135,0,40
2187,175,3,390,4,2139,0,40
2188,175,3,391,5,2144,0,50
2189,175,3,392,4,2148,0,40
2190,175,3,393,4,2152,0,40
2191,175,3,394,2,2154,0,20
2192,175,3,395,9,2163,17,90
2193,175,3,396,2,2165,0,20
2194,175,3,397,6,2171,0,60
2195,175,3,398,8,2179,5,80
2196,175,3,399,7,2186,0,70
2197,175,3,400,6,2192,4,60
2198,175,3,401,2,2194,2,20
2199,175,3,402,4,2198,2,40
2200,175,3,403,8,2206,4,80
2201,175,3,404,2,2208,1,20
2202,175,3,405,7,2215,0,70
2203,175,3,406,4,2219,8,40
2204,175,3,407,4,2223,3,40
2205,175,3,408,5,2228,0,50
2206,175,3,409,9,2237,12,90
2207,175,3,410,9,2246,0,90
2208,175,3,411,7,2253,3,70
2209,175,3,412,5,2258,8,50
2210,175,3,413,2,2260,0,20
2211,175,3,414,3,2263,3,30
2212,175,3,415,4,2267,0,40
2213,175,3,416,3,2270,0,30
2214,175,3,417,7,2277,6,70
2215,175,3,418,9,2286,3,90
2216,175,3,419,4,2290,0,40
2217,175,3,420,4,2294,2,40
2218,175,3,421,7,2301,0,70
2219,175,3,422,7,2308,0,70
2220,175,3,423,6,2314,0,60
2221,175,3,424,6,2320,9,60
2222,175,3,425,6,2326,4,60
2223,175,3,426,2,2328,0,20
2224,175,3,427,8,2336,0,80
2225,175,3,428,8,2344,6,80
2226,175,3,429,3,2347,1,30
2227,175,3,430,7,2354,0,70
2228,175,3,431,3,2357,0,30
2229,175,3,432,4,2361,7,40
2230,175,3,433,9,2370,0,90
2231,175,3,434,4,2374,0,40
2232,175,3,435,3,2377,0,30
2233,175,3,436,7,2384,13,70
2234,175,3,437,6,2390,1,60
2235,175,3,438,6,2396,0,60
2236,175,3,439,4,2400,0,40
2237,175,3,440,2,2402,0,20
2238,175,3,441,2,2404,6,20
2239,175,3,442,4,2408,0,40
2240,175,3,443,7,2415,0,70
2241,175,3,444,8,2423,7,80
2242,175,3,445,8,2431,0,80
2243,175,3,446,3,2434,0,30
2244,175,3,447,5,2439,10,50
2245,175,3,448,4,2443,0,40
2246,175,3,449,3,2446,0,30
2247,175,3,450,2,2448,0,20
2248,175,3,451,5,2453,0,50
2249,175,3,452,3,2456,9,30
2250,175,3,453,6,2462,0,60
2251,175,3,454,2,2464,0,20
2252,175,3,455,2,2466,0,20
2253,175,3,456,3,2469,0,30
2254,175,3,457,2,2471,7,20
2255,175,3,458,6,2477,0,60
2256,175,3,459,2,2479,0,20
2257,175,3,460,5,2484,0,50
2258,175,3,461,5,2489,0,50
2259,175,3,462,8,2497,9,80
2260,175,3,463,7,2504,0,70
2261,175,3,464,9,2513,8,90
2262,175,3,465,4,2517,1,40
2263,175,3,466,7,2524,1,70
2264,175,3,467,5,2529,0,50
2265,175,3,468,4,2533,0,40
2266,175,3,469,4,2537,0,40
2267,175,3,470,8,2545,12,80
2268,175,3,471,8,2553,1,80
2269,175,3,472,4,2557,0,40
2270,175,3,473,5,2562,6,50
2271,175,3,474,6,2568,3,60
2272,175,3,475,4,2572,0,40
2273,175,3,476,5,2577,0,50
2274,175,3,477,4,2581,5,40
2275,175,3,478,4,2585,0,40
2276,175,3,479,4,2589,4,40
2277,175,3,480,2,2591,0,20
2278,175,3,481,7,2598,0,70
2279,175,3,482,9,2607,0,90
2280,175,3,483,5,2612,0,50
2281,175,3,484,7,2619,0,70
2282,175,3,485,5,2624,22,50
2283,175,3,486,8,2632,0,80
2284,175,3,487,7,2639,0,70
2285,175,3,488,2,2641,0,20
2286,175,3,489,9,2650,13,90
2287,175,3,490,4,2654,0,40
2288,175,3,491,2,2656,0,20
2289,175,3,492,3,2659,4,30
2290,175,3,493,3,2662,0,30
2291,175,3,494,9,2671,6,90
2292,175,3,495,9,2680,0,90
2293,175,3,496,8,2688,0,80
2294,175,3,497,6,2694,0,60
2295,175,3,498,4,2698,0,40
2296,175,3,499,7,2705,17,70
2297,175,3,500,6,2711,0,60
2298,175,3,501,5,2716,4,50
2299,175,3,502,2,2718,0,20
2300,175,3,503,9,2727,0,90
2301,175,3,504,5,2732,8,50
2302,175,3,505,9,2741,6,90
2303,175,3,506,4,2745,1,40
2304,175,3,507,3,2748,0,30
2305,175,3,508,5,2753,3,50
2306,175,3,509,7,2760,0,70
2307,175,3,510,8,2768,0,80
2308,175,3,511,5,2773,0,50
2309,175,3,512,3,2776,8,30
2310,175,3,513,6,2782,0,60
2311,175,3,514,2,2784,3,20
2312,175,3,515,7,2791,3,70
2313,175,3,516,2,2793,0,20
2314,175,3,517,8,2801,3,80
2315,175,3,518,5,2806,2,50
2316,175,3,519,4,2810,0,40
2317,175,3,520,5,2815,3,50
2318,175,3,521,2,2817,0,20
2319,175,3,522,8,2825,0,80
2320,175,3,523,3,2828,0,30
2321,175,3,524,9,2837,0,90
2322,175,3,525,9,2846,0,90
2323,175,3,526,4,2850,0,40
2324,175,3,527,7,2857,0,70
2325,175,3,528,5,2862,0,50
2326,175,3,529,2,2864,0,20
2327,175,3,530,4,2868,20,40
2328,175,3,531,2,2870,0,20
2329,175,3,532,4,2874,3,40
2330,175,3,533,7,2881,3,70
2331,175,3,534,2,2883,0,20
2332,175,3,535,2,2885,3,20
2333,175,3,536,7,2892,3,70
2334,175,3,537,6,2898,1,60
2335,175,3,538,8,2906,0,80
2336,175,3,539,5,2911,0,50
2337,175,3,540,5,2916,15,50
2338,175,3,541,3,2919,0,30
2339,175,3,542,9,2928,5,90
2340,175,3,543,8,2936,0,80
2341,175,3,544,9,2945,0,90
2342,175,3,545,8,2953,0,80
2343,175,3,546,4,2957,0,40
2344,175,3,547,4,2961,0,40
2345,175,3,548,3,2964,10,30
2346,175,3,549,6,2970,1,60
2347,175,3,550,3,2973,0,30
2348,175,3,551,9,2982,8,90
2349,175,3,552,8,2990,0,80
2350,175,3,553,9,2999,5,90
2351,175,3,554,8,3007,9,80
2352,175,3,555,3,3010,0,30
2353,175,3,556,6,3016,3,60
2354,175,3,557,2,3018,0,20
2355,175,3,558,9,3027,0,90
2356,175,3,559,8,3035,0,80
2357,175,3,560,3,3038,0,30
2358,175,3,561,9,3047,0,90
2359,175,3,562,2,3049,14,20
2360,175,3,563,7,3056,2,70
2361,175,3,564,3,3059,3,30
2362,175,3,565,5,3064,0,50
2363,175,3,566,3,3067,0,30
2364,175,3,567,2,3069,5,20
2365,175,3,568,3,3072,0,30
2366,175,3,569,5,3077,0,50
2367,175,3,570,9,3086,5,90
2368,175,3,571,3,3089,0,30
2369,175,3,572,3,3092,5,30
2370,175,3,573,5,3097,0,50
2371,175,3,574,9,3106,0,90
2372,175,3,575,4,3110,12,40
2373,175,3,576,6,3116,4,60
2374,175,3,577,2,3118,0,20
2375,175,3,578,3,3121,1,30
2376,175,3,579,6,3127,0,60
2377,175,3,580,6,3133,9,60
2378,175,3,581,7,3140,5,70
2379,175,3,582,5,3145,0,50
2380,175,3,583,8,3153,0,80
2381,175,3,584,8,3161,9,80
2382,175,3,585,8,3169,0,80
2383,175,3,586,7,3176,10,70
2384,175,3,587,8,3184,5,80
2385,175,3,588,9,3193,0,90
2386,175,3,589,3,3196,6,30
2387,175,3,590,4,3200,2,40
2388,175,3,591,5,3205,0,50
2389,175,3,592,2,3207,0,20
2390,175,3,593,8,3215,5,80
2391,175,3,594,5,3220,0,50
2392,175,3,595,6,3226,2,60
2393,175,3,596,5,3231,5,50
2394,175,3,597,5,3236,4,50
2395,175,3,598,8,3244,4,80
2396,175,3,599,7,3251,5,70
2397,175,3,600,4,3255,0,40
2398,175,3,601,7,3262,0,70
2399,175,3,602,3,3265,0,30
2400,175,3,603,4,3269,0,40
2401,175,3,604,9,3278,0,90
2402,175,3,605,5,3283,13,50
2403,175,3,606,9,3292,0,90
2404,175,3,607,5,3297,7,50
2405,175,3,608,8,3305,1,80
2406,175,3,609,6,3311,0,60
2407,175,3,610,5,3316,0,50
2408,175,3,611,3,3319,0,30
2409,175,3,612,3,3322,8,30
2410,175,3,613,6,3328,0,60
2411,175,3,614,4,3332,0,40
2412,175,3,615,8,3340,7,80
2413,175,3,616,6,3346,0,60
2414,175,3,617,6,3352,5,60
2415,175,3,618,7,3359,0,70
2416,175,3,619,4,3363,5,40
2417,175,3,620,6,3369,0,60
2418,175,3,621,3,3372,0,30
2419,175,3,622,3,3375,1,30
2420,175,3,623,5,3380,0,50
2421,175,3,624,2,3382,3,20
2422,175,3,625,2,3384,1,20
2423,175,3,626,7,3391,0,70
2424,175,3,627,7,3398,6,70
2425,175,3,628,7,3405,0,70
2426,175,3,629,9,3414,4,90
2427,175,3,630,7,3421,5,70
2428,175,3,631,4,3425,0,40
2429,175,3,632,7,3432,0,70
2430,175,3,633,3,3435,0,30
2431,175,3,634,6,3441,11,60
2432,175,3,635,3,3444,0,30
2433,175,3,636,2,3446,0,20
2434,175,3,637,3,3449,0,30
2435,175,3,638,5,3454,0,50
2436,175,3,639,8,3462,13,80
2437,175,3,640,4,3466,0,40
2438,175,3,641,4,3470,7,40
2439,175,3,642,7,3477,0,70
2440,175,3,643,5,3482,5,50
2441,175,3,644,3,3485,0,30
2442,175,3,645,9,3494,0,90
2443,175,3,646,2,3496,5,20
2444,175,3,647,5,3501,2,50
2445,175,3,648,5,3506,2,50
2446,175,3,649,4,3510,0,40
2447,175,3,650,4,3514,0,40
2448,175,3,651,2,3516,0,20
2449,175,3,652,6,3522,0,60
2450,175,3,653,6,3528,12,60
2451,175,3,654,6,3534,0,60
2452,175,3,655,9,3543,9,90
2453,175,3,656,9,3552,5,90
2454,175,3,657,5,3557,0,50
2455,175,3,658,5,3562,7,50
2456,175,3,659,6,3568,2,60
2457,175,3,660,9,3577,0,90
2458,175,3,661,4,3581,2,40
2459,175,3,662,5,3586,0,50
2460,175,3,663,7,3593,0,70
2461,175,3,664,6,3599,0,60
2462,175,3,665,2,3601,0,20
2463,175,3,666,8,3609,0,80
2464,175,3,667,8,3617,0,80
2465,175,3,668,5,3622,0,50
2466,175,3,669,7,3629,21,70
2467,175,3,670,3,3632,0,30
2468,175,3,671,3,3635,0,30
2469,175,3,672,8,3643,0,80
2470,175,3,673,8,3651,0,80
2471,175,3,674,4,3655,0,40
2472,175,3,675,7,3662,0,70
2473,175,3,676,4,3666,0,40
2474,175,3,677,9,3675,0,90
2475,175,3,678,2,3677,21,20
2476,175,3,679,3,3680,0,30
2477,175,3,680,5,3685,0,50
2478,175,3,681,4,3689,8,40
2479,175,3,682,5,3694,2,50
2480,175,3,683,2,3696,0,20
2481,175,3,684,4,3700,2,40
2482,175,3,685,7,3707,0,70
2483,175,3,686,3,3710,8,30
2484,175,3,687,8,3718,5,80
2485,175,3,688,8,3726,0,80
2486,175,3,689,5,3731,5,50
2487,175,3,690,9,3740,3,90
2488,175,3,691,6,3746,0,60
2489,175,3,692,6,3752,0,60
2490,175,3,693,5,3757,0,50
2491,175,3,694,4,3761,0,40
2492,175,3,695,4,3765,12,40
2493,175,3,696,7,3772,5,70
2494,175,3,697,9,3781,0,90
2495,175,3,698,2,3783,0,20
2496,175,3,699,9,3792,9,90
2497,175,3,700,8,3800,4,80
2498,175,3,701,8,3808,4,80
2499,175,3,702,4,3812,0,40
2500,175,3,703,5,3817,2,50
2501,175,3,704,3,3820,0,30
2502,175,3,705,2,3822,1,20
2503,175,3,706,7,3829,0,70
2504,175,3,707,5,3834,0,50
2505,175,3,708,5,3839,0,50
2506,175,3,709,7,3846,0,70
2507,175,3,710,3,3849,0,30
2508,175,3,711,4,3853,19,40
2509,175,3,712,4,3857,0,40
2510,175,3,713,9,3866,0,90
2511,175,3,714,6,3872,0,60
2512,175,3,715,3,3875,17,30
2513,175,3,716,6,3881,3,60
2514,175,3,717,5,3886,4,50
2515,175,3,718,3,3889,1,30
2516,175,3,719,8,3897,0,80
2517,175,3,720,3,3900,8,30
2518,175,3,721,7,3907,7,70
2519,175,3,722,6,3913,2,60
2520,175,3,723,5,3918,2,50
2521,175,3,724,4,3922,2,40
2522,175,3,725,7,3929,2,70
2523,175,3,726,9,3938,7,90
2524,175,3,727,7,3945,3,70
2525,175,3,728,6,3951,1,60
2526,175,3,729,4,3955,3,40
2527,175,3,730,6,3961,0,60
2528,175,3,731,3,3964,0,30
2529,175,3,732,2,3966,8,20
2530,175,3,733,3,3969,2,30
2531,175,3,734,5,3974,0,50
2532,175,3,735,6,3980,7,60
2533,175,3,736,5,3985,0,50
2534,175,3,737,3,3988,0,30
2535,175,3,738,4,3992,6,40
2536,175,3,739,9,4001,5,90
2537,175,3,740,9,4010,4,90
2538,175,3,741,6,4016,3,60
2539,175,3,742,2,4018,0,20
2540,175,3,743,2,4020,0,20
2541,175,3,744,7,4027,9,70
2542,175,3,745,4,4031,1,40
2543,175,3,746,6,4037,1,60
2544,175,3,747,6,4043,0,60
2545,175,3,748,7,4050,0,70
2546,175,3,749,4,4054,0,40
2547,175,3,750,6,4060,11,60
2548,175,3,751,3,4063,0,30
2549,175,3,752,2,4065,1,20
2550,175,3,753,9,4074,7,90
2551,175,3,754,8,4082,0,80
2552,175,3,755,9,4091,0,90
2553,175,3,756,3,4094,0,30
2554,175,3,757,5,4099,15,50
2555,175,3,758,3,4102,1,30
2556,175,3,759,5,4107,0,50
2557,175,3,760,3,4110,0,30
2558,175,3,761,9,4119,5,90
2559,175,3,762,6,4125,1,60
2560,175,3,763,8,4133,3,80
2561,175,3,764,5,4138,3,50
2562,175,3,765,9,4147,6,90
2563,175,3,766,8,4155,1,80
2564,175,3,767,2,4157,0,20
2565,175,3,768,6,4163,0,60
2566,175,3,769,6,4169,0,60
2567,175,3,770,8,4177,0,80
2568,175,3,771,5,4182,10,50
2569,175,3,772,2,4184,1,20
2570,175,3,773,8,4192,0,80
2571,175,3,774,5,4197,5,50
2572,175,3,775,8,4205,3,80
2573,175,3,776,2,4207,1,20
2574,175,3,777,2,4209,2,20
2575,175,3,778,5,4214,2,50
2576,175,3,779,5,4219,0,50
2577,175,3,780,4,4223,0,40
2578,175,3,781,2,4225,0,20
2579,175,3,782,8,4233,14,80
2580,175,3,783,2,4235,0,20
2581,175,3,784,8,4243,5,80
2582,175,3,785,4,4247,3,40
2583,175,3,786,9,4256,0,90
2584,175,3,787,5,4261,0,50
2585,175,3,788,3,4264,0,30
2586,175,3,789,5,4269,11,50
2587,175,3,790,3,4272,2,30
2588,175,3,791,3,4275,0,30
2589,175,3,792,4,4279,0,40
2590,175,3,793,3,4282,0,30
2591,175,3,794,5,4287,8,50
2592,175,3,795,5,4292,0,50
2593,175,3,796,4,4296,6,40
2594,175,3,797,5,4301,2,50
2595,175,3,798,4,4305,0,40
2596,175,3,799,6,4311,0,60
2597,175,3,800,4,4315,0,40
2598,175,3,801,2,4317,13,20
2599,175,3,802,8,4325,4,80
2600,175,3,803,3,4328,0,30
2601,175,3,804,6,4334,0,60
2602,175,3,805,2,4336,0,20
2603,175,3,806,5,4341,0,50
2604,175,3,807,2,4343,14,20
2605,175,3,808,5,4348,3,50
2606,175,3,809,6,4354,1,60
2607,175,3,810,2,4356,0,20
2608,175,3,811,2,4358,0,20
2609,175,3,812,5,4363,0,50
2610,175,3,813,8,4371,4,80
2611,175,3,814,9,4380,0,90
2612,175,3,815,3,4383,0,30
2613,175,3,816,9,4392,7,90
2614,175,3,817,8,4400,0,80
2615,175,3,818,7,4407,0,70
2616,175,3,819,4,4411,9,40
2617,175,3,820,8,4419,1,80
2618,175,3,821,2,4421,0,20
2619,175,3,822,5,4426,0,50
2620,175,3,823,8,4434,4,80
2621,175,3,824,9,4443,5,90
2622,175,3,825,7,4450,0,70
2623,175,3,826,6,4456,11,60
2624,175,3,827,2,4458,2,20
2625,175,3,828,5,4463,0,50
2626,175,3,829,4,4467,0,40
2627,175,3,830,8,4475,8,80
2628,175,3,831,2,4477,0,20
2629,175,3,832,6,4483,4,60
2630,175,3,833,6,4489,6,60
2631,175,3,834,6,4495,0,60
2632,175,3,835,8,4503,0,80
2633,175,3,836,8,4511,0,80
2634,175,3,837,5,4516,11,50
2635,175,3,838,7,4523,8,70
2636,175,3,839,4,4527,0,40
2637,175,3,840,9,4536,0,90
2638,175,3,841,5,4541,0,50
2639,175,3,842,7,4548,13,70
2640,175,3,843,5,4553,0,50
2641,175,3,844,9,4562,7,90
2642,175,3,845,3,4565,1,30
2643,175,3,846,2,4567,0,20
2644,175,3,847,7,4574,0,70
2645,175,3,848,6,4580,5,60
2646,175,3,849,3,4583,0,30
2647,175,3,850,8,4591,3,80
2648,175,3,851,5,4596,0,50
2649,175,3,852,5,4601,0,50
2650,175,3,853,7,4608,0,70
2651,175,3,854,7,4615,13,70
2652,175,3,855,2,4617,1,20
2653,175,3,856,5,4622,0,50
2654,175,3,857,9,4631,7,90
2655,175,3,858,9,4640,0,90
2656,175,3,859,5,4645,0,50
2657,175,3,860,9,4654,10,90
2658,175,3,861,2,4656,0,20
2659,175,3,862,7,4663,6,70
2660,175,3,863,6,4669,0,60
2661,175,3,864,6,4675,0,60
2662,175,3,865,4,4679,0,40
2663,175,3,866,2,4681,7,20
2664,175,3,867,8,4689,5,80
2665,175,3,868,9,4698,5,90
2666,175,3,869,2,4700,1,20
2667,175,3,870,4,4704,0,40
2668,175,3,871,2,4706,0,20
2669,175,3,872,4,4710,0,40
2670,175,3,873,5,4715,0,50
2671,175,3,874,6,4721,10,60
2672,175,3,875,3,4724,1,30
2673,175,3,876,5,4729,4,50
2674,175,3,877,8,4737,4,80
2675,175,3,878,5,4742,1,50
2676,175,3,879,6,4748,4,60
2677,175,3,880,7,4755,0,70
2678,175,3,881,7,4762,6,70
2679,175,3,882,4,4766,2,40
2680,175,3,883,7,4773,3,70
2681,175,3,884,3,4776,2,30
2682,175,3,885,7,4783,0,70
2683,175,3,886,2,4785,0,20
2684,175,3,887,2,4787,6,20
2685,175,3,888,9,4796,0,90
2686,175,3,889,8,4804,4,80
2687,175,3,890,8,4812,0,80
2688,175,3,891,7,4819,8,70
2689,175,3,892,8,4827,0,80
2690,175,3,893,7,4834,0,70
2691,175,3,894,3,4837,0,30
2692,175,3,895,7,4844,12,70
2693,175,3,896,3,4847,0,30
2694,175,3,897,6,4853,6,60
2695,175,3,898,9,4862,3,90
2696,175,3,899,9,4871,0,90
2697,175,3,900,5,4876,0,50
2698,175,3,901,9,4885,13,90
2699,175,3,902,6,4891,0,60
2700,175,3,903,8,4899,0,80
2701,175,3,904,4,4903,0,40
2702,175,3,905,2,4905,7,20
2703,175,3,906,3,4908,3,30
2704,175,3,907,8,4916,5,80
2705,175,3,908,3,4919,1,30
2706,175,3,909,9,4928,0,90
2707,175,3,910,7,4935,9,70
2708,175,3,911,2,4937,1,20
2709,175,3,912,5,4942,0,50
2710,175,3,913,8,4950,5,80
2711,175,3,914,4,4954,4,40
2712,175,3,915,9,4963,0,90
2713,175,3,916,7,4970,7,70
2714,175,3,917,5,4975,0,50
2715,175,3,918,2,4977,2,20
2716,175,3,919,9,4986,0,90
2717,175,3,920,4,4990,0,40
2718,175,3,921,7,4997,0,70
