,Scenario,Trial,Inspection,Interval,Time,Defects,Rate
0,16,1,1,3,3,2,30
1,16,1,2,5,8,3,50
2,16,1,3,4,12,2,40
3,16,1,4,8,20,4,80
4,16,1,5,4,24,3,40
5,16,1,6,9,33,7,90
6,16,1,7,8,41,4,80
7,16,1,8,7,48,2,70
8,16,1,9,7,55,0,70
9,16,1,10,2,57,7,20
10,16,1,11,7,64,1,70
11,16,1,12,5,69,2,50
12,16,1,13,3,72,0,30
13,16,1,14,4,76,2,40
14,16,1,15,9,85,7,90
15,16,1,16,9,94,5,90
16,16,1,17,7,101,3,70
17,16,1,18,4,105,0,40
18,16,1,19,4,109,3,40
19,16,1,20,3,112,0,30
20,16,1,21,6,118,4,60
21,16,1,22,3,121,1,30
22,16,1,23,2,123,2,20
23,16,1,24,6,129,2,60
24,16,1,25,9,138,4,90
25,16,1,26,7,145,4,70
26,16,1,27,2,147,1,20
27,16,1,28,2,149,2,20
28,16,1,29,2,151,1,20
29,16,1,30,3,154,2,30
30,16,1,31,8,162,6,80
31,16,1,32,8,170,4,80
32,16,1,33,6,176,1,60
33,16,1,34,6,182,8,60
34,16,1,35,4,186,1,40
35,16,1,36,7,193,0,70
36,16,1,37,3,196,4,30
37,16,1,38,7,203,7,70
38,16,1,39,8,211,3,80
39,16,1,40,7,218,4,70
40,16,1,41,4,222,0,40
41,16,1,42,2,224,5,20
42,16,1,43,4,228,2,40
43,16,1,44,2,230,1,20
44,16,1,45,7,237,3,70
45,16,1,46,4,241,3,40
46,16,1,47,8,249,0,80
47,16,1,48,5,254,8,50
48,16,1,49,8,262,1,80
49,16,1,50,5,267,1,50
50,16,1,51,9,276,7,90
51,16,1,52,3,279,0,30
52,16,1,53,8,287,6,80
53,16,1,54,9,296,7,90
54,16,1,55,8,304,6,80
55,16,1,56,4,308,0,40
56,16,1,57,9,317,0,90
57,16,1,58,4,321,6,40
58,16,1,59,5,326,2,50
59,16,1,60,2,328,1,20
60,16,1,61,2,330,0,20
61,16,1,62,5,335,2,50
62,16,1,63,4,339,4,40
63,16,1,64,5,344,6,50
64,16,1,65,7,351,0,70
65,16,1,66,3,354,2,30
66,16,1,67,7,361,3,70
67,16,1,68,6,367,3,60
68,16,1,69,4,371,1,40
69,16,1,70,4,375,2,40
70,16,1,71,5,380,0,50
71,16,1,72,7,387,4,70
72,16,1,73,7,394,5,70
73,16,1,74,2,396,2,20
74,16,1,75,8,404,9,80
75,16,1,76,5,409,2,50
76,16,1,77,2,411,0,20
77,16,1,78,9,420,4,90
78,16,1,79,9,429,0,90
79,16,1,80,7,436,7,70
80,16,1,81,4,440,0,40
81,16,1,82,4,444,2,40
82,16,1,83,7,451,5,70
83,16,1,84,5,456,0,50
84,16,1,85,9,465,5,90
85,16,1,86,9,474,4,90
86,16,1,87,8,482,4,80
87,16,1,88,7,489,3,70
88,16,1,89,9,498,6,90
89,16,1,90,4,502,0,40
90,16,1,91,5,507,0,50
91,16,1,92,7,514,3,70
92,16,1,93,6,520,3,60
93,16,1,94,6,526,0,60
94,16,1,95,9,535,11,90
95,16,1,96,7,542,5,70
96,16,1,97,7,549,5,70
97,16,1,98,6,555,3,60
98,16,1,99,5,560,4,50
99,16,1,100,2,562,1,20
100,16,1,101,7,569,7,70
101,16,1,102,2,571,0,20
102,16,1,103,2,573,0,20
103,16,1,104,3,576,1,30
104,16,1,105,8,584,3,80
105,16,1,106,7,591,0,70
106,16,1,107,2,593,4,20
107,16,1,108,7,600,2,70
108,16,1,109,3,603,0,30
109,16,1,110,2,605,0,20
110,16,1,111,2,607,2,20
111,16,1,112,8,615,5,80
112,16,1,113,3,618,3,30
113,16,1,114,7,625,1,70
114,16,1,115,2,627,1,20
115,16,1,116,7,634,2,70
116,16,1,117,4,638,1,40
117,16,1,118,3,641,3,30
118,16,1,119,6,647,2,60
119,16,1,120,4,651,3,40
120,16,1,121,8,659,5,80
121,16,1,122,4,663,3,40
122,16,1,123,7,670,4,70
123,16,1,124,3,673,5,30
124,16,1,125,2,675,2,20
125,16,1,126,8,683,2,80
126,16,1,127,7,690,1,70
127,16,1,128,6,696,3,60
128,16,1,129,4,700,3,40
129,16,1,130,3,703,2,30
130,16,1,131,8,711,3,80
131,16,1,132,4,715,3,40
132,16,1,133,2,717,2,20
133,16,1,134,2,719,3,20
134,16,1,135,5,724,1,50
135,16,1,136,4,728,0,40
136,16,1,137,9,737,9,90
137,16,1,138,8,745,7,80
138,16,1,139,9,754,2,90
139,16,1,140,4,758,4,40
140,16,1,141,7,765,0,70
141,16,1,142,8,773,11,80
142,16,1,143,6,779,3,60
143,16,1,144,9,788,8,90
144,16,1,145,9,797,5,90
145,16,1,146,2,799,0,20
146,16,1,147,4,803,2,40
147,16,1,148,4,807,4,40
148,16,1,149,4,811,1,40
149,16,1,150,9,820,3,90
150,16,1,151,7,827,3,70
151,16,1,152,5,832,4,50
152,16,1,153,6,838,5,60
153,16,1,154,6,844,1,60
154,16,1,155,7,851,2,70
155,16,1,156,6,857,3,60
156,16,1,157,3,860,0,30
157,16,1,158,3,863,2,30
158,16,1,159,8,871,8,80
159,16,1,160,3,874,0,30
160,16,1,161,7,881,0,70
161,16,1,162,5,886,8,50
162,16,1,163,5,891,3,50
163,16,1,164,9,900,3,90
164,16,1,165,4,904,3,40
165,16,1,166,4,908,2,40
166,16,1,167,2,910,3,20
167,16,1,168,7,917,1,70
168,16,1,169,7,924,3,70
169,16,1,170,5,929,0,50
170,16,1,171,7,936,4,70
171,16,1,172,2,938,1,20
172,16,1,173,4,942,0,40
173,16,1,174,6,948,4,60
174,16,1,175,8,956,5,80
175,16,1,176,9,965,6,90
176,16,1,177,7,972,2,70
177,16,1,178,6,978,3,60
178,16,1,179,2,980,0,20
179,16,1,180,8,988,5,80
180,16,1,181,5,993,2,50
181,16,1,182,4,997,1,40
182,16,1,183,6,1003,6,60
183,16,1,184,9,1012,3,90
184,16,1,185,5,1017,0,50
185,16,1,186,2,1019,1,20
186,16,1,187,2,1021,2,20
187,16,1,188,9,1030,6,90
188,16,1,189,2,1032,3,20
189,16,1,190,5,1037,3,50
190,16,1,191,5,1042,1,50
191,16,1,192,8,1050,6,80
192,16,1,193,2,1052,0,20
193,16,1,194,3,1055,2,30
194,16,1,195,6,1061,3,60
195,16,1,196,9,1070,3,90
196,16,1,197,9,1079,5,90
197,16,1,198,9,1088,5,90
198,16,1,199,7,1095,4,70
199,16,1,200,3,1098,0,30
200,16,1,201,8,1106,8,80
201,16,1,202,4,1110,1,40
202,16,1,203,8,1118,1,80
203,16,1,204,8,1126,4,80
204,16,1,205,8,1134,4,80
205,16,1,206,9,1143,4,90
206,16,1,207,6,1149,2,60
207,16,1,208,6,1155,4,60
208,16,1,209,9,1164,2,90
209,16,1,210,2,1166,1,20
210,16,1,211,4,1170,2,40
211,16,1,212,3,1173,2,30
212,16,1,213,3,1176,1,30
213,16,1,214,2,1178,2,20
214,16,1,215,2,1180,0,20
215,16,1,216,4,1184,0,40
216,16,1,217,2,1186,0,20
217,16,1,218,4,1190,6,40
218,16,1,219,6,1196,3,60
219,16,1,220,2,1198,2,20
220,16,1,221,8,1206,4,80
221,16,1,222,9,1215,4,90
222,16,1,223,6,1221,4,60
223,16,1,224,6,1227,3,60
224,16,1,225,7,1234,8,70
225,16,1,226,6,1240,2,60
226,16,1,227,6,1246,2,60
227,16,1,228,9,1255,3,90
228,16,1,229,8,1263,3,80
229,16,1,230,7,1270,4,70
230,16,1,231,9,1279,4,90
231,16,1,232,7,1286,4,70
232,16,1,233,9,1295,4,90
233,16,1,234,3,1298,1,30
234,16,1,235,3,1301,3,30
235,16,1,236,9,1310,3,90
236,16,1,237,7,1317,2,70
237,16,1,238,8,1325,3,80
238,16,1,239,4,1329,1,40
239,16,1,240,5,1334,2,50
240,16,1,241,7,1341,2,70
241,16,1,242,2,1343,0,20
242,16,1,243,4,1347,2,40
243,16,1,244,7,1354,2,70
244,16,1,245,2,1356,2,20
245,16,1,246,6,1362,4,60
246,16,1,247,2,1364,0,20
247,16,1,248,3,1367,3,30
248,16,1,249,5,1372,3,50
249,16,1,250,3,1375,1,30
250,16,1,251,9,1384,5,90
251,16,1,252,7,1391,2,70
252,16,1,253,4,1395,2,40
253,16,1,254,6,1401,2,60
254,16,1,255,9,1410,2,90
255,16,1,256,4,1414,1,40
256,16,1,257,7,1421,4,70
257,16,1,258,4,1425,2,40
258,16,1,259,2,1427,2,20
259,16,1,260,4,1431,1,40
260,16,1,261,5,1436,3,50
261,16,1,262,2,1438,1,20
262,16,1,263,6,1444,1,60
263,16,1,264,3,1447,2,30
264,16,1,265,9,1456,0,90
265,16,1,266,9,1465,11,90
266,16,1,267,6,1471,4,60
267,16,1,268,9,1480,3,90
268,16,1,269,6,1486,5,60
269,16,1,270,9,1495,4,90
270,16,1,271,2,1497,1,20
271,16,1,272,6,1503,1,60
272,16,1,273,9,1512,3,90
273,16,1,274,9,1521,3,90
274,16,1,275,6,1527,2,60
275,16,1,276,3,1530,1,30
276,16,1,277,7,1537,3,70
277,16,1,278,6,1543,3,60
278,16,1,279,8,1551,5,80
279,16,1,280,8,1559,2,80
280,16,1,281,9,1568,6,90
281,16,1,282,3,1571,1,30
282,16,1,283,3,1574,2,30
283,16,1,284,3,1577,3,30
284,16,1,285,3,1580,1,30
285,16,1,286,8,1588,2,80
286,16,1,287,7,1595,2,70
287,16,1,288,5,1600,6,50
288,16,1,289,8,1608,7,80
289,16,1,290,9,1617,4,90
290,16,1,291,6,1623,2,60
291,16,1,292,3,1626,1,30
292,16,1,293,3,1629,4,30
293,16,1,294,3,1632,3,30
294,16,1,295,3,1635,3,30
295,16,1,296,2,1637,1,20
296,16,1,297,4,1641,3,40
297,16,1,298,6,1647,0,60
298,16,1,299,3,1650,2,30
299,16,1,300,6,1656,0,60
300,16,1,301,4,1660,3,40
301,16,1,302,6,1666,3,60
302,16,1,303,5,1671,4,50
303,16,1,304,8,1679,2,80
304,16,1,305,6,1685,2,60
305,16,1,306,5,1690,2,50
306,16,1,307,4,1694,1,40
307,16,1,308,6,1700,3,60
308,16,1,309,3,1703,1,30
309,16,1,310,5,1708,4,50
310,16,1,311,8,1716,4,80
311,16,1,312,6,1722,4,60
312,16,1,313,6,1728,5,60
313,16,1,314,4,1732,1,40
314,16,1,315,3,1735,3,30
315,16,1,316,5,1740,1,50
316,16,1,317,6,1746,1,60
317,16,1,318,7,1753,8,70
318,16,1,319,8,1761,2,80
319,16,1,320,5,1766,2,50
320,16,1,321,6,1772,3,60
321,16,1,322,6,1778,5,60
322,16,1,323,3,1781,1,30
323,16,1,324,5,1786,6,50
324,16,1,325,3,1789,0,30
325,16,1,326,2,1791,1,20
326,16,1,327,7,1798,3,70
327,16,1,328,9,1807,0,90
328,16,1,329,3,1810,6,30
329,16,1,330,9,1819,5,90
330,16,1,331,2,1821,1,20
331,16,1,332,2,1823,0,20
332,16,1,333,9,1832,6,90
333,16,1,334,9,1841,6,90
334,16,1,335,8,1849,2,80
335,16,1,336,9,1858,4,90
336,16,1,337,7,1865,3,70
337,16,1,338,2,1867,0,20
338,16,1,339,2,1869,2,20
339,16,1,340,6,1875,1,60
340,16,1,341,6,1881,1,60
341,16,1,342,3,1884,2,30
342,16,1,343,8,1892,6,80
343,16,1,344,8,1900,2,80
344,16,1,345,9,1909,5,90
345,16,1,346,8,1917,5,80
346,16,1,347,8,1925,1,80
347,16,1,348,7,1932,0,70
348,16,1,349,4,1936,8,40
349,16,1,350,4,1940,3,40
350,16,1,351,3,1943,1,30
351,16,1,352,3,1946,0,30
352,16,1,353,6,1952,2,60
353,16,1,354,9,1961,8,90
354,16,1,355,3,1964,1,30
355,16,1,356,5,1969,6,50
356,16,1,357,2,1971,0,20
357,16,1,358,2,1973,2,20
358,16,1,359,5,1978,3,50
359,16,1,360,3,1981,1,30
360,16,1,361,6,1987,4,60
361,16,1,362,6,1993,0,60
362,16,1,363,2,1995,2,20
363,16,1,364,4,1999,1,40
364,16,1,365,2,2001,0,20
365,16,1,366,9,2010,6,90
366,16,1,367,3,2013,0,30
367,16,1,368,7,2020,4,70
368,16,1,369,7,2027,4,70
369,16,1,370,8,2035,4,80
370,16,1,371,3,2038,1,30
371,16,1,372,9,2047,2,90
372,16,1,373,2,2049,0,20
373,16,1,374,4,2053,4,40
374,16,1,375,3,2056,0,30
375,16,1,376,5,2061,3,50
376,16,1,377,2,2063,4,20
377,16,1,378,8,2071,5,80
378,16,1,379,3,2074,1,30
379,16,1,380,9,2083,4,90
380,16,1,381,4,2087,0,40
381,16,1,382,7,2094,5,70
382,16,1,383,9,2103,8,90
383,16,1,384,2,2105,1,20
384,16,1,385,4,2109,2,40
385,16,1,386,7,2116,4,70
386,16,1,387,3,2119,3,30
387,16,1,388,6,2125,4,60
388,16,1,389,9,2134,4,90
389,16,1,390,5,2139,3,50
390,16,1,391,2,2141,1,20
391,16,1,392,8,2149,2,80
392,16,1,393,6,2155,6,60
393,16,1,394,8,2163,1,80
394,16,1,395,6,2169,4,60
395,16,1,396,9,2178,8,90
396,16,1,397,9,2187,7,90
397,16,1,398,2,2189,0,20
398,16,1,399,8,2197,0,80
399,16,1,400,8,2205,2,80
400,16,1,401,4,2209,2,40
401,16,1,402,3,2212,3,30
402,16,1,403,5,2217,5,50
403,16,1,404,6,2223,2,60
404,16,1,405,3,2226,1,30
405,16,1,406,4,2230,1,40
406,16,1,407,7,2237,1,70
407,16,1,408,5,2242,3,50
408,16,1,409,5,2247,3,50
409,16,1,410,5,2252,2,50
410,16,1,411,5,2257,1,50
411,16,1,412,4,2261,2,40
412,16,1,413,6,2267,3,60
413,16,1,414,4,2271,0,40
414,16,1,415,2,2273,0,20
415,16,1,416,7,2280,1,70
416,16,1,417,9,2289,3,90
417,16,1,418,4,2293,3,40
418,16,1,419,5,2298,2,50
419,16,1,420,7,2305,3,70
420,16,1,421,8,2313,4,80
421,16,1,422,8,2321,3,80
422,16,1,423,8,2329,8,80
423,16,1,424,2,2331,0,20
424,16,1,425,6,2337,3,60
425,16,1,426,6,2343,1,60
426,16,1,427,9,2352,4,90
427,16,1,428,7,2359,2,70
428,16,1,429,9,2368,4,90
429,16,1,430,2,2370,0,20
430,16,1,431,7,2377,5,70
431,16,1,432,7,2384,5,70
432,16,1,433,9,2393,6,90
433,16,1,434,2,2395,1,20
434,16,1,435,3,2398,2,30
435,16,1,436,7,2405,6,70
436,16,1,437,6,2411,5,60
437,16,1,438,3,2414,2,30
438,16,1,439,2,2416,0,20
439,16,1,440,6,2422,3,60
440,16,1,441,4,2426,2,40
441,16,1,442,9,2435,5,90
442,16,1,443,7,2442,3,70
443,16,1,444,5,2447,2,50
444,16,1,445,9,2456,3,90
445,16,1,446,9,2465,4,90
446,16,1,447,3,2468,1,30
447,16,1,448,5,2473,0,50
448,16,1,449,3,2476,4,30
449,16,1,450,3,2479,1,30
450,16,1,451,9,2488,4,90
451,16,1,452,5,2493,3,50
452,16,1,453,7,2500,4,70
453,16,1,454,5,2505,5,50
454,16,1,455,2,2507,2,20
455,16,1,456,6,2513,2,60
456,16,1,457,6,2519,5,60
457,16,1,458,7,2526,3,70
458,16,1,459,4,2530,4,40
459,16,1,460,5,2535,3,50
460,16,1,461,2,2537,0,20
461,16,1,462,2,2539,1,20
462,16,1,463,2,2541,5,20
463,16,1,464,4,2545,1,40
464,16,1,465,5,2550,3,50
465,16,1,466,4,2554,0,40
466,16,1,467,4,2558,4,40
467,16,1,468,2,2560,0,20
468,16,1,469,5,2565,2,50
469,16,1,470,6,2571,2,60
470,16,1,471,5,2576,1,50
471,16,1,472,5,2581,1,50
472,16,1,473,8,2589,5,80
473,16,1,474,4,2593,0,40
474,16,1,475,8,2601,0,80
475,16,1,476,3,2604,6,30
476,16,1,477,7,2611,0,70
477,16,1,478,8,2619,8,80
478,16,1,479,7,2626,4,70
479,16,1,480,3,2629,1,30
480,16,1,481,2,2631,0,20
481,16,1,482,2,2633,3,20
482,16,1,483,9,2642,4,90
483,16,1,484,5,2647,1,50
484,16,1,485,6,2653,5,60
485,16,1,486,5,2658,3,50
486,16,1,487,3,2661,2,30
487,16,1,488,8,2669,2,80
488,16,1,489,7,2676,7,70
489,16,1,490,8,2684,5,80
490,16,1,491,3,2687,2,30
491,16,1,492,8,2695,3,80
492,16,1,493,6,2701,2,60
493,16,1,494,6,2707,5,60
494,16,1,495,6,2713,7,60
495,16,1,496,9,2722,6,90
496,16,1,497,7,2729,2,70
497,16,1,498,5,2734,4,50
498,16,1,499,7,2741,7,70
499,16,1,500,2,2743,2,20
500,16,1,501,4,2747,2,40
501,16,1,502,8,2755,6,80
502,16,1,503,3,2758,2,30
503,16,1,504,2,2760,1,20
504,16,1,505,8,2768,9,80
505,16,1,506,2,2770,0,20
506,16,1,507,5,2775,2,50
507,16,1,508,7,2782,2,70
508,16,1,509,3,2785,2,30
509,16,1,510,5,2790,1,50
510,16,1,511,5,2795,1,50
511,16,1,512,5,2800,0,50
512,16,1,513,7,2807,2,70
513,16,1,514,9,2816,2,90
514,16,1,515,2,2818,1,20
515,16,1,516,3,2821,2,30
516,16,1,517,9,2830,6,90
517,16,1,518,8,2838,3,80
518,16,1,519,9,2847,6,90
519,16,1,520,5,2852,1,50
520,16,1,521,6,2858,2,60
521,16,1,522,6,2864,2,60
522,16,1,523,4,2868,0,40
523,16,1,524,3,2871,1,30
524,16,1,525,2,2873,1,20
525,16,1,526,5,2878,3,50
526,16,1,527,6,2884,0,60
527,16,1,528,4,2888,6,40
528,16,1,529,4,2892,1,40
529,16,1,530,8,2900,5,80
530,16,1,531,6,2906,4,60
531,16,1,532,8,2914,2,80
532,16,1,533,6,2920,3,60
533,16,1,534,7,2927,3,70
534,16,1,535,2,2929,2,20
535,16,1,536,4,2933,0,40
536,16,1,537,4,2937,3,40
537,16,1,538,5,2942,3,50
538,16,1,539,9,2951,4,90
539,16,1,540,6,2957,4,60
540,16,1,541,7,2964,4,70
541,16,1,542,2,2966,0,20
542,16,1,543,3,2969,2,30
543,16,1,544,8,2977,2,80
544,16,1,545,8,2985,6,80
545,16,1,546,4,2989,1,40
546,16,1,547,5,2994,3,50
547,16,1,548,5,2999,4,50
548,16,1,549,5,3004,2,50
549,16,1,550,6,3010,4,60
550,16,1,551,5,3015,4,50
551,16,1,552,7,3022,3,70
552,16,1,553,3,3025,2,30
553,16,1,554,7,3032,3,70
554,16,1,555,5,3037,3,50
555,16,1,556,2,3039,1,20
556,16,1,557,2,3041,0,20
557,16,1,558,3,3044,0,30
558,16,1,559,8,3052,6,80
559,16,1,560,5,3057,2,50
560,16,1,561,8,3065,8,80
561,16,1,562,9,3074,4,90
562,16,1,563,7,3081,3,70
563,16,1,564,5,3086,3,50
564,16,1,565,4,3090,0,40
565,16,1,566,6,3096,7,60
566,16,1,567,8,3104,7,80
567,16,1,568,5,3109,0,50
568,16,1,569,5,3114,3,50
569,16,1,570,3,3117,1,30
570,16,1,571,2,3119,0,20
571,16,1,572,6,3125,0,60
572,16,1,573,3,3128,7,30
573,16,1,574,3,3131,1,30
574,16,1,575,4,3135,3,40
575,16,1,576,2,3137,1,20
576,16,1,577,2,3139,1,20
577,16,1,578,8,3147,4,80
578,16,1,579,3,3150,1,30
579,16,1,580,3,3153,3,30
580,16,1,581,3,3156,0,30
581,16,1,582,3,3159,3,30
582,16,1,583,8,3167,1,80
583,16,1,584,4,3171,0,40
584,16,1,585,2,3173,3,20
585,16,1,586,6,3179,2,60
586,16,1,587,4,3183,4,40
587,16,1,588,7,3190,2,70
588,16,1,589,5,3195,2,50
589,16,1,590,3,3198,2,30
590,16,1,591,6,3204,1,60
591,16,1,592,5,3209,1,50
592,16,1,593,5,3214,1,50
593,16,1,594,9,3223,6,90
594,16,1,595,2,3225,2,20
595,16,1,596,3,3228,3,30
596,16,1,597,5,3233,3,50
597,16,1,598,8,3241,8,80
598,16,1,599,7,3248,6,70
599,16,1,600,7,3255,5,70
600,16,1,601,8,3263,5,80
601,16,1,602,3,3266,0,30
602,16,1,603,3,3269,5,30
603,16,1,604,6,3275,5,60
604,16,1,605,5,3280,2,50
605,16,1,606,3,3283,1,30
606,16,1,607,6,3289,4,60
607,16,1,608,6,3295,1,60
608,16,1,609,3,3298,0,30
609,16,1,610,8,3306,11,80
610,16,1,611,8,3314,4,80
611,16,1,612,7,3321,3,70
612,16,1,613,8,3329,2,80
613,16,1,614,6,3335,4,60
614,16,1,615,7,3342,3,70
615,16,1,616,3,3345,2,30
616,16,1,617,6,3351,4,60
617,16,1,618,2,3353,0,20
618,16,1,619,9,3362,5,90
619,16,1,620,4,3366,2,40
620,16,1,621,9,3375,6,90
621,16,1,622,4,3379,0,40
622,16,1,623,5,3384,0,50
623,16,1,624,3,3387,0,30
624,16,1,625,9,3396,0,90
625,16,1,626,9,3405,9,90
626,16,1,627,8,3413,3,80
627,16,1,628,8,3421,6,80
628,16,1,629,6,3427,1,60
629,16,1,630,3,3430,1,30
630,16,1,631,8,3438,3,80
631,16,1,632,9,3447,8,90
632,16,1,633,4,3451,0,40
633,16,1,634,3,3454,0,30
634,16,1,635,4,3458,4,40
635,16,1,636,9,3467,3,90
636,16,1,637,7,3474,4,70
637,16,1,638,5,3479,7,50
638,16,1,639,4,3483,1,40
639,16,1,640,2,3485,0,20
640,16,1,641,8,3493,7,80
641,16,1,642,7,3500,4,70
642,16,1,643,5,3505,1,50
643,16,1,644,8,3513,5,80
644,16,1,645,9,3522,5,90
645,16,1,646,3,3525,1,30
646,16,1,647,8,3533,3,80
647,16,1,648,3,3536,4,30
648,16,1,649,8,3544,3,80
649,16,1,650,9,3553,2,90
650,16,1,651,8,3561,2,80
651,16,1,652,8,3569,4,80
652,16,1,653,3,3572,1,30
653,16,1,654,8,3580,5,80
654,16,1,655,5,3585,5,50
655,16,1,656,7,3592,5,70
656,16,1,657,9,3601,3,90
657,16,1,658,2,3603,3,20
658,16,1,659,3,3606,2,30
659,16,1,660,3,3609,2,30
660,16,1,661,6,3615,2,60
661,16,1,662,4,3619,2,40
662,16,1,663,8,3627,4,80
663,16,1,664,5,3632,3,50
664,16,1,665,4,3636,3,40
665,16,1,666,2,3638,0,20
666,16,1,667,5,3643,0,50
667,16,1,668,5,3648,1,50
668,16,1,669,7,3655,3,70
669,16,1,670,7,3662,2,70
670,16,1,671,8,3670,2,80
671,16,1,672,6,3676,2,60
672,16,1,673,5,3681,1,50
673,16,1,674,9,3690,3,90
674,16,1,675,3,3693,1,30
675,16,1,676,4,3697,3,40
676,16,1,677,2,3699,2,20
677,16,1,678,6,3705,1,60
678,16,1,679,6,3711,2,60
679,16,1,680,5,3716,0,50
680,16,1,681,8,3724,2,80
681,16,1,682,8,3732,2,80
682,16,1,683,8,3740,3,80
683,16,1,684,3,3743,0,30
684,16,1,685,8,3751,6,80
685,16,1,686,2,3753,2,20
686,16,1,687,6,3759,3,60
687,16,1,688,2,3761,1,20
688,16,1,689,6,3767,4,60
689,16,1,690,4,3771,1,40
690,16,1,691,4,3775,5,40
691,16,1,692,3,3778,1,30
692,16,1,693,4,3782,3,40
693,16,1,694,3,3785,0,30
694,16,1,695,6,3791,1,60
695,16,1,696,8,3799,2,80
696,16,1,697,3,3802,0,30
697,16,1,698,8,3810,8,80
698,16,1,699,3,3813,1,30
699,16,1,700,9,3822,4,90
700,16,1,701,8,3830,4,80
701,16,1,702,7,3837,3,70
702,16,1,703,3,3840,0,30
703,16,1,704,6,3846,6,60
704,16,1,705,5,3851,3,50
705,16,1,706,9,3860,6,90
706,16,1,707,8,3868,5,80
707,16,1,708,9,3877,4,90
708,16,1,709,6,3883,6,60
709,16,1,710,4,3887,1,40
710,16,1,711,3,3890,5,30
711,16,1,712,8,3898,4,80
712,16,1,713,8,3906,4,80
713,16,1,714,9,3915,2,90
714,16,1,715,3,3918,1,30
715,16,1,716,7,3925,4,70
716,16,1,717,9,3934,5,90
717,16,1,718,3,3937,0,30
718,16,1,719,6,3943,0,60
719,16,1,720,8,3951,1,80
720,16,1,721,6,3957,2,60
721,16,1,722,4,3961,2,40
722,16,1,723,4,3965,0,40
723,16,1,724,6,3971,1,60
724,16,1,725,7,3978,0,70
725,16,1,726,8,3986,10,80
726,16,1,727,5,3991,5,50
727,16,1,728,6,3997,0,60
728,16,1,729,6,4003,3,60
729,16,1,730,6,4009,1,60
730,16,1,731,3,4012,1,30
731,16,1,732,3,4015,3,30
732,16,1,733,7,4022,2,70
733,16,1,734,7,4029,3,70
734,16,1,735,3,4032,0,30
735,16,1,736,6,4038,3,60
736,16,1,737,4,4042,1,40
737,16,1,738,3,4045,1,30
738,16,1,739,4,4049,4,40
739,16,1,740,8,4057,3,80
740,16,1,741,3,4060,0,30
741,16,1,742,4,4064,2,40
742,16,1,743,9,4073,4,90
743,16,1,744,7,4080,3,70
744,16,1,745,2,4082,0,20
745,16,1,746,5,4087,2,50
746,16,1,747,7,4094,3,70
747,16,1,748,3,4097,1,30
748,16,1,749,6,4103,0,60
749,16,1,750,8,4111,3,80
750,16,1,751,9,4120,0,90
751,16,1,752,9,4129,7,90
752,16,1,753,9,4138,10,90
753,16,1,754,8,4146,2,80
754,16,1,755,6,4152,4,60
755,16,1,756,9,4161,4,90
756,16,1,757,3,4164,0,30
757,16,1,758,9,4173,4,90
758,16,1,759,6,4179,2,60
759,16,1,760,6,4185,0,60
760,16,1,761,8,4193,4,80
761,16,1,762,7,4200,2,70
762,16,1,763,2,4202,2,20
763,16,1,764,6,4208,3,60
764,16,1,765,5,4213,1,50
765,16,1,766,8,4221,8,80
766,16,1,767,8,4229,5,80
767,16,1,768,4,4233,1,40
768,16,1,769,4,4237,0,40
769,16,1,770,7,4244,3,70
770,16,1,771,7,4251,4,70
771,16,1,772,7,4258,5,70
772,16,1,773,9,4267,3,90
773,16,1,774,5,4272,2,50
774,16,1,775,3,4275,4,30
775,16,1,776,5,4280,3,50
776,16,1,777,3,4283,0,30
777,16,1,778,4,4287,1,40
778,16,1,779,3,4290,3,30
779,16,1,780,9,4299,12,90
780,16,1,781,3,4302,3,30
781,16,1,782,8,4310,2,80
782,16,1,783,2,4312,3,20
783,16,1,784,6,4318,2,60
784,16,1,785,6,4324,1,60
785,16,1,786,9,4333,4,90
786,16,1,787,9,4342,4,90
787,16,1,788,7,4349,0,70
788,16,1,789,7,4356,11,70
789,16,1,790,5,4361,2,50
790,16,1,791,6,4367,3,60
791,16,1,792,3,4370,2,30
792,16,1,793,3,4373,1,30
793,16,1,794,6,4379,1,60
794,16,1,795,6,4385,1,60
795,16,1,796,8,4393,3,80
796,16,1,797,3,4396,0,30
797,16,1,798,2,4398,0,20
798,16,1,799,7,4405,5,70
799,16,1,800,6,4411,1,60
800,16,1,801,5,4416,2,50
801,16,1,802,3,4419,1,30
802,16,1,803,2,4421,1,20
803,16,1,804,4,4425,2,40
804,16,1,805,4,4429,1,40
805,16,1,806,6,4435,0,60
806,16,1,807,2,4437,4,20
807,16,1,808,4,4441,1,40
808,16,1,809,3,4444,0,30
809,16,1,810,5,4449,4,50
810,16,1,811,2,4451,1,20
811,16,1,812,3,4454,0,30
812,16,1,813,5,4459,3,50
813,16,1,814,6,4465,5,60
814,16,1,815,5,4470,2,50
815,16,1,816,2,4472,0,20
816,16,1,817,5,4477,3,50
817,16,1,818,2,4479,3,20
818,16,1,819,9,4488,5,90
819,16,1,820,4,4492,1,40
820,16,1,821,3,4495,2,30
821,16,1,822,8,4503,6,80
822,16,1,823,8,4511,2,80
823,16,1,824,3,4514,2,30
824,16,1,825,8,4522,5,80
825,16,1,826,4,4526,2,40
826,16,1,827,3,4529,0,30
827,16,1,828,8,4537,2,80
828,16,1,829,9,4546,2,90
829,16,1,830,9,4555,5,90
830,16,1,831,3,4558,1,30
831,16,1,832,8,4566,4,80
832,16,1,833,4,4570,4,40
833,16,1,834,4,4574,2,40
834,16,1,835,5,4579,3,50
835,16,1,836,5,4584,4,50
836,16,1,837,4,4588,4,40
837,16,1,838,9,4597,2,90
838,16,1,839,4,4601,4,40
839,16,1,840,2,4603,1,20
840,16,1,841,7,4610,5,70
841,16,1,842,8,4618,2,80
842,16,1,843,2,4620,0,20
843,16,1,844,5,4625,5,50
844,16,1,845,6,4631,3,60
845,16,1,846,8,4639,4,80
846,16,1,847,4,4643,2,40
847,16,1,848,9,4652,3,90
848,16,1,849,3,4655,0,30
849,16,1,850,8,4663,3,80
850,16,1,851,8,4671,3,80
851,16,1,852,3,4674,2,30
852,16,1,853,4,4678,1,40
853,16,1,854,5,4683,4,50
854,16,1,855,7,4690,5,70
855,16,1,856,3,4693,0,30
856,16,1,857,4,4697,3,40
857,16,1,858,8,4705,5,80
858,16,1,859,4,4709,3,40
859,16,1,860,2,4711,1,20
860,16,1,861,6,4717,1,60
861,16,1,862,4,4721,0,40
862,16,1,863,5,4726,1,50
863,16,1,864,3,4729,0,30
864,16,1,865,6,4735,5,60
865,16,1,866,5,4740,3,50
866,16,1,867,2,4742,0,20
867,16,1,868,9,4751,5,90
868,16,1,869,2,4753,0,20
869,16,1,870,2,4755,2,20
870,16,1,871,5,4760,7,50
871,16,1,872,6,4766,5,60
872,16,1,873,8,4774,4,80
873,16,1,874,9,4783,2,90
874,16,1,875,3,4786,0,30
875,16,1,876,3,4789,6,30
876,16,1,877,3,4792,0,30
877,16,1,878,6,4798,4,60
878,16,1,879,2,4800,0,20
879,16,1,880,5,4805,4,50
880,16,1,881,2,4807,0,20
881,16,1,882,9,4816,8,90
882,16,1,883,7,4823,4,70
883,16,1,884,2,4825,0,20
884,16,1,885,6,4831,2,60
885,16,1,886,9,4840,11,90
886,16,1,887,6,4846,2,60
887,16,1,888,7,4853,1,70
888,16,1,889,5,4858,3,50
889,16,1,890,8,4866,4,80
890,16,1,891,7,4873,5,70
891,16,1,892,3,4876,1,30
892,16,1,893,9,4885,5,90
893,16,1,894,2,4887,0,20
894,16,1,895,3,4890,1,30
895,16,1,896,5,4895,3,50
896,16,1,897,5,4900,3,50
897,16,1,898,5,4905,3,50
898,16,1,899,9,4914,6,90
899,16,1,900,7,4921,3,70
900,16,1,901,2,4923,1,20
901,16,1,902,7,4930,3,70
902,16,1,903,5,4935,2,50
903,16,1,904,4,4939,1,40
904,16,1,905,8,4947,5,80
905,16,1,906,5,4952,2,50
906,16,1,907,4,4956,0,40
907,16,1,908,5,4961,3,50
908,16,1,909,7,4968,5,70
909,16,1,910,7,4975,2,70
910,16,1,911,2,4977,0,20
911,16,1,912,7,4984,4,70
912,16,1,913,9,4993,2,90
913,16,1,914,2,4995,1,20
914,16,2,1,2,2,0,20
915,16,2,2,9,11,2,90
916,16,2,3,6,17,3,60
917,16,2,4,8,25,5,80
918,16,2,5,3,28,4,30
919,16,2,6,7,35,3,70
920,16,2,7,3,38,3,30
921,16,2,8,8,46,5,80
922,16,2,9,4,50,0,40
923,16,2,10,9,59,6,90
924,16,2,11,4,63,3,40
925,16,2,12,3,66,3,30
926,16,2,13,5,71,3,50
927,16,2,14,9,80,0,90
928,16,2,15,6,86,0,60
929,16,2,16,3,89,4,30
930,16,2,17,2,91,1,20
931,16,2,18,4,95,0,40
932,16,2,19,9,104,11,90
933,16,2,20,7,111,5,70
934,16,2,21,7,118,3,70
935,16,2,22,5,123,2,50
936,16,2,23,7,130,8,70
937,16,2,24,3,133,1,30
938,16,2,25,4,137,2,40
939,16,2,26,5,142,1,50
940,16,2,27,4,146,1,40
941,16,2,28,6,152,4,60
942,16,2,29,3,155,2,30
943,16,2,30,5,160,0,50
944,16,2,31,9,169,4,90
945,16,2,32,6,175,2,60
946,16,2,33,7,182,6,70
947,16,2,34,4,186,1,40
948,16,2,35,3,189,0,30
949,16,2,36,7,196,1,70
950,16,2,37,8,204,0,80
951,16,2,38,2,206,5,20
952,16,2,39,2,208,0,20
953,16,2,40,5,213,2,50
954,16,2,41,5,218,0,50
955,16,2,42,3,221,2,30
956,16,2,43,8,229,4,80
957,16,2,44,5,234,2,50
958,16,2,45,3,237,1,30
959,16,2,46,3,240,2,30
960,16,2,47,3,243,1,30
961,16,2,48,6,249,5,60
962,16,2,49,4,253,0,40
963,16,2,50,9,262,8,90
964,16,2,51,3,265,5,30
965,16,2,52,4,269,0,40
966,16,2,53,5,274,5,50
967,16,2,54,7,281,7,70
968,16,2,55,4,285,2,40
969,16,2,56,2,287,0,20
970,16,2,57,5,292,1,50
971,16,2,58,7,299,3,70
972,16,2,59,6,305,5,60
973,16,2,60,8,313,4,80
974,16,2,61,7,320,6,70
975,16,2,62,3,323,0,30
976,16,2,63,8,331,7,80
977,16,2,64,6,337,3,60
978,16,2,65,9,346,5,90
979,16,2,66,6,352,7,60
980,16,2,67,5,357,2,50
981,16,2,68,7,364,4,70
982,16,2,69,8,372,2,80
983,16,2,70,7,379,6,70
984,16,2,71,5,384,1,50
985,16,2,72,3,387,2,30
986,16,2,73,9,396,3,90
987,16,2,74,8,404,4,80
988,16,2,75,8,412,7,80
989,16,2,76,8,420,5,80
990,16,2,77,8,428,5,80
991,16,2,78,8,436,4,80
992,16,2,79,6,442,2,60
993,16,2,80,7,449,4,70
994,16,2,81,2,451,0,20
995,16,2,82,9,460,4,90
996,16,2,83,2,462,1,20
997,16,2,84,8,470,5,80
998,16,2,85,4,474,3,40
999,16,2,86,8,482,0,80
1000,16,2,87,7,489,11,70
1001,16,2,88,4,493,1,40
1002,16,2,89,4,497,4,40
1003,16,2,90,5,502,3,50
1004,16,2,91,3,505,2,30
1005,16,2,92,4,509,2,40
1006,16,2,93,9,518,8,90
1007,16,2,94,2,520,1,20
1008,16,2,95,2,522,0,20
1009,16,2,96,2,524,0,20
1010,16,2,97,6,530,2,60
1011,16,2,98,6,536,4,60
1012,16,2,99,5,541,4,50
1013,16,2,100,7,548,5,70
1014,16,2,101,7,555,10,70
1015,16,2,102,2,557,2,20
1016,16,2,103,2,559,0,20
1017,16,2,104,7,566,4,70
1018,16,2,105,6,572,0,60
1019,16,2,106,5,577,0,50
1020,16,2,107,7,584,5,70
1021,16,2,108,6,590,4,60
1022,16,2,109,3,593,6,30
1023,16,2,110,4,597,3,40
1024,16,2,111,2,599,0,20
1025,16,2,112,4,603,2,40
1026,16,2,113,4,607,2,40
1027,16,2,114,3,610,1,30
1028,16,2,115,7,617,3,70
1029,16,2,116,5,622,2,50
1030,16,2,117,6,628,4,60
1031,16,2,118,2,630,0,20
1032,16,2,119,9,639,2,90
1033,16,2,120,7,646,4,70
1034,16,2,121,4,650,2,40
1035,16,2,122,8,658,1,80
1036,16,2,123,2,660,3,20
1037,16,2,124,8,668,2,80
1038,16,2,125,6,674,4,60
1039,16,2,126,8,682,4,80
1040,16,2,127,4,686,0,40
1041,16,2,128,8,694,3,80
1042,16,2,129,8,702,7,80
1043,16,2,130,6,708,3,60
1044,16,2,131,2,710,0,20
1045,16,2,132,2,712,0,20
1046,16,2,133,9,721,6,90
1047,16,2,134,7,728,2,70
1048,16,2,135,9,737,6,90
1049,16,2,136,2,739,1,20
1050,16,2,137,7,746,0,70
1051,16,2,138,9,755,2,90
1052,16,2,139,4,759,0,40
1053,16,2,140,5,764,5,50
1054,16,2,141,8,772,5,80
1055,16,2,142,8,780,4,80
1056,16,2,143,3,783,0,30
1057,16,2,144,5,788,1,50
1058,16,2,145,3,791,0,30
1059,16,2,146,6,797,5,60
1060,16,2,147,7,804,4,70
1061,16,2,148,2,806,1,20
1062,16,2,149,6,812,3,60
1063,16,2,150,7,819,5,70
1064,16,2,151,3,822,1,30
1065,16,2,152,7,829,3,70
1066,16,2,153,9,838,10,90
1067,16,2,154,9,847,2,90
1068,16,2,155,2,849,0,20
1069,16,2,156,6,855,2,60
1070,16,2,157,7,862,1,70
1071,16,2,158,4,866,5,40
1072,16,2,159,4,870,5,40
1073,16,2,160,3,873,1,30
1074,16,2,161,2,875,0,20
1075,16,2,162,5,880,0,50
1076,16,2,163,3,883,1,30
1077,16,2,164,7,890,5,70
1078,16,2,165,9,899,7,90
1079,16,2,166,6,905,3,60
1080,16,2,167,9,914,5,90
1081,16,2,168,6,920,2,60
1082,16,2,169,5,925,3,50
1083,16,2,170,6,931,3,60
1084,16,2,171,6,937,4,60
1085,16,2,172,8,945,1,80
1086,16,2,173,2,947,0,20
1087,16,2,174,2,949,3,20
1088,16,2,175,6,955,1,60
1089,16,2,176,9,964,1,90
1090,16,2,177,2,966,1,20
1091,16,2,178,5,971,1,50
1092,16,2,179,2,973,0,20
1093,16,2,180,3,976,0,30
1094,16,2,181,2,978,1,20
1095,16,2,182,8,986,2,80
1096,16,2,183,5,991,3,50
1097,16,2,184,5,996,3,50
1098,16,2,185,6,1002,4,60
1099,16,2,186,8,1010,2,80
1100,16,2,187,3,1013,0,30
1101,16,2,188,4,1017,0,40
1102,16,2,189,9,1026,5,90
1103,16,2,190,2,1028,1,20
1104,16,2,191,5,1033,1,50
1105,16,2,192,3,1036,1,30
1106,16,2,193,2,1038,2,20
1107,16,2,194,4,1042,0,40
1108,16,2,195,9,1051,3,90
1109,16,2,196,5,1056,1,50
1110,16,2,197,6,1062,5,60
1111,16,2,198,2,1064,0,20
1112,16,2,199,6,1070,2,60
1113,16,2,200,7,1077,5,70
1114,16,2,201,8,1085,14,80
1115,16,2,202,7,1092,5,70
1116,16,2,203,8,1100,3,80
1117,16,2,204,2,1102,1,20
1118,16,2,205,3,1105,1,30
1119,16,2,206,8,1113,5,80
1120,16,2,207,4,1117,1,40
1121,16,2,208,2,1119,0,20
1122,16,2,209,4,1123,3,40
1123,16,2,210,3,1126,2,30
1124,16,2,211,4,1130,1,40
1125,16,2,212,7,1137,8,70
1126,16,2,213,6,1143,2,60
1127,16,2,214,3,1146,4,30
1128,16,2,215,7,1153,2,70
1129,16,2,216,7,1160,3,70
1130,16,2,217,9,1169,0,90
1131,16,2,218,5,1174,4,50
1132,16,2,219,6,1180,2,60
1133,16,2,220,2,1182,2,20
1134,16,2,221,6,1188,3,60
1135,16,2,222,7,1195,4,70
1136,16,2,223,6,1201,3,60
1137,16,2,224,2,1203,2,20
1138,16,2,225,6,1209,1,60
1139,16,2,226,2,1211,2,20
1140,16,2,227,7,1218,4,70
1141,16,2,228,5,1223,1,50
1142,16,2,229,7,1230,1,70
1143,16,2,230,5,1235,0,50
1144,16,2,231,3,1238,1,30
1145,16,2,232,6,1244,0,60
1146,16,2,233,7,1251,1,70
1147,16,2,234,6,1257,2,60
1148,16,2,235,6,1263,5,60
1149,16,2,236,6,1269,2,60
1150,16,2,237,4,1273,5,40
1151,16,2,238,2,1275,1,20
1152,16,2,239,2,1277,1,20
1153,16,2,240,4,1281,1,40
1154,16,2,241,9,1290,3,90
1155,16,2,242,9,1299,3,90
1156,16,2,243,3,1302,2,30
1157,16,2,244,5,1307,0,50
1158,16,2,245,5,1312,5,50
1159,16,2,246,4,1316,0,40
1160,16,2,247,5,1321,4,50
1161,16,2,248,8,1329,4,80
1162,16,2,249,6,1335,3,60
1163,16,2,250,3,1338,2,30
1164,16,2,251,9,1347,4,90
1165,16,2,252,3,1350,2,30
1166,16,2,253,8,1358,4,80
1167,16,2,254,6,1364,4,60
1168,16,2,255,2,1366,0,20
1169,16,2,256,7,1373,7,70
1170,16,2,257,3,1376,3,30
1171,16,2,258,2,1378,2,20
1172,16,2,259,7,1385,4,70
1173,16,2,260,3,1388,2,30
1174,16,2,261,9,1397,8,90
1175,16,2,262,9,1406,5,90
1176,16,2,263,4,1410,1,40
1177,16,2,264,2,1412,2,20
1178,16,2,265,3,1415,2,30
1179,16,2,266,5,1420,4,50
1180,16,2,267,7,1427,4,70
1181,16,2,268,9,1436,6,90
1182,16,2,269,2,1438,0,20
1183,16,2,270,3,1441,4,30
1184,16,2,271,7,1448,3,70
1185,16,2,272,4,1452,1,40
1186,16,2,273,2,1454,0,20
1187,16,2,274,9,1463,5,90
1188,16,2,275,4,1467,2,40
1189,16,2,276,7,1474,2,70
1190,16,2,277,4,1478,1,40
1191,16,2,278,6,1484,5,60
1192,16,2,279,4,1488,0,40
1193,16,2,280,4,1492,3,40
1194,16,2,281,4,1496,2,40
1195,16,2,282,3,1499,0,30
1196,16,2,283,4,1503,2,40
1197,16,2,284,9,1512,3,90
1198,16,2,285,6,1518,3,60
1199,16,2,286,8,1526,3,80
1200,16,2,287,5,1531,5,50
1201,16,2,288,5,1536,1,50
1202,16,2,289,2,1538,1,20
1203,16,2,290,7,1545,1,70
1204,16,2,291,3,1548,2,30
1205,16,2,292,7,1555,3,70
1206,16,2,293,2,1557,0,20
1207,16,2,294,8,1565,4,80
1208,16,2,295,2,1567,3,20
1209,16,2,296,2,1569,1,20
1210,16,2,297,9,1578,3,90
1211,16,2,298,4,1582,3,40
1212,16,2,299,4,1586,3,40
1213,16,2,300,2,1588,0,20
1214,16,2,301,4,1592,1,40
1215,16,2,302,3,1595,0,30
1216,16,2,303,8,1603,7,80
1217,16,2,304,6,1609,3,60
1218,16,2,305,6,1615,4,60
1219,16,2,306,6,1621,3,60
1220,16,2,307,4,1625,1,40
1221,16,2,308,3,1628,0,30
1222,16,2,309,8,1636,4,80
1223,16,2,310,3,1639,0,30
1224,16,2,311,3,1642,0,30
1225,16,2,312,3,1645,0,30
1226,16,2,313,7,1652,0,70
1227,16,2,314,3,1655,7,30
1228,16,2,315,7,1662,3,70
1229,16,2,316,6,1668,1,60
1230,16,2,317,7,1675,5,70
1231,16,2,318,8,1683,5,80
1232,16,2,319,8,1691,2,80
1233,16,2,320,3,1694,1,30
1234,16,2,321,5,1699,1,50
1235,16,2,322,9,1708,3,90
1236,16,2,323,6,1714,0,60
1237,16,2,324,6,1720,8,60
1238,16,2,325,9,1729,3,90
1239,16,2,326,9,1738,8,90
1240,16,2,327,3,1741,3,30
1241,16,2,328,6,1747,5,60
1242,16,2,329,2,1749,2,20
1243,16,2,330,3,1752,2,30
1244,16,2,331,2,1754,2,20
1245,16,2,332,6,1760,0,60
1246,16,2,333,2,1762,6,20
1247,16,2,334,2,1764,0,20
1248,16,2,335,8,1772,3,80
1249,16,2,336,4,1776,0,40
1250,16,2,337,3,1779,4,30
1251,16,2,338,7,1786,3,70
1252,16,2,339,9,1795,3,90
1253,16,2,340,8,1803,5,80
1254,16,2,341,2,1805,1,20
1255,16,2,342,4,1809,2,40
1256,16,2,343,5,1814,2,50
1257,16,2,344,2,1816,1,20
1258,16,2,345,2,1818,0,20
1259,16,2,346,3,1821,1,30
1260,16,2,347,2,1823,0,20
1261,16,2,348,7,1830,4,70
1262,16,2,349,5,1835,3,50
1263,16,2,350,2,1837,1,20
1264,16,2,351,2,1839,0,20
1265,16,2,352,2,1841,1,20
1266,16,2,353,8,1849,6,80
1267,16,2,354,9,1858,5,90
1268,16,2,355,5,1863,0,50
1269,16,2,356,9,1872,7,90
1270,16,2,357,2,1874,0,20
1271,16,2,358,3,1877,2,30
1272,16,2,359,7,1884,2,70
1273,16,2,360,9,1893,5,90
1274,16,2,361,2,1895,1,20
1275,16,2,362,9,1904,7,90
1276,16,2,363,5,1909,2,50
1277,16,2,364,6,1915,1,60
1278,16,2,365,9,1924,4,90
1279,16,2,366,3,1927,1,30
1280,16,2,367,7,1934,6,70
1281,16,2,368,4,1938,0,40
1282,16,2,369,4,1942,0,40
1283,16,2,370,2,1944,0,20
1284,16,2,371,9,1953,3,90
1285,16,2,372,8,1961,4,80
1286,16,2,373,9,1970,4,90
1287,16,2,374,3,1973,1,30
1288,16,2,375,6,1979,0,60
1289,16,2,376,3,1982,4,30
1290,16,2,377,3,1985,2,30
1291,16,2,378,7,1992,3,70
1292,16,2,379,7,1999,3,70
1293,16,2,380,2,2001,1,20
1294,16,2,381,9,2010,5,90
1295,16,2,382,8,2018,4,80
1296,16,2,383,2,2020,2,20
1297,16,2,384,8,2028,5,80
1298,16,2,385,8,2036,0,80
1299,16,2,386,3,2039,1,30
1300,16,2,387,5,2044,0,50
1301,16,2,388,9,2053,4,90
1302,16,2,389,5,2058,3,50
1303,16,2,390,8,2066,4,80
1304,16,2,391,3,2069,0,30
1305,16,2,392,8,2077,3,80
1306,16,2,393,6,2083,2,60
1307,16,2,394,8,2091,3,80
1308,16,2,395,6,2097,4,60
1309,16,2,396,7,2104,5,70
1310,16,2,397,9,2113,8,90
1311,16,2,398,7,2120,1,70
1312,16,2,399,4,2124,1,40
1313,16,2,400,4,2128,0,40
1314,16,2,401,6,2134,1,60
1315,16,2,402,8,2142,8,80
1316,16,2,403,9,2151,4,90
1317,16,2,404,8,2159,4,80
1318,16,2,405,7,2166,2,70
1319,16,2,406,2,2168,1,20
1320,16,2,407,5,2173,0,50
1321,16,2,408,2,2175,6,20
1322,16,2,409,7,2182,5,70
1323,16,2,410,5,2187,4,50
1324,16,2,411,5,2192,3,50
1325,16,2,412,4,2196,0,40
1326,16,2,413,4,2200,0,40
1327,16,2,414,7,2207,4,70
1328,16,2,415,8,2215,6,80
1329,16,2,416,4,2219,1,40
1330,16,2,417,5,2224,4,50
1331,16,2,418,4,2228,2,40
1332,16,2,419,5,2233,2,50
1333,16,2,420,8,2241,1,80
1334,16,2,421,2,2243,0,20
1335,16,2,422,9,2252,8,90
1336,16,2,423,8,2260,3,80
1337,16,2,424,6,2266,1,60
1338,16,2,425,8,2274,4,80
1339,16,2,426,8,2282,4,80
1340,16,2,427,5,2287,1,50
1341,16,2,428,9,2296,4,90
1342,16,2,429,3,2299,2,30
1343,16,2,430,2,2301,1,20
1344,16,2,431,7,2308,2,70
1345,16,2,432,3,2311,1,30
1346,16,2,433,7,2318,0,70
1347,16,2,434,8,2326,8,80
1348,16,2,435,9,2335,5,90
1349,16,2,436,8,2343,4,80
1350,16,2,437,9,2352,9,90
1351,16,2,438,7,2359,2,70
1352,16,2,439,4,2363,0,40
1353,16,2,440,5,2368,2,50
1354,16,2,441,7,2375,2,70
1355,16,2,442,8,2383,5,80
1356,16,2,443,2,2385,2,20
1357,16,2,444,9,2394,5,90
1358,16,2,445,7,2401,1,70
1359,16,2,446,8,2409,4,80
1360,16,2,447,4,2413,1,40
1361,16,2,448,2,2415,0,20
1362,16,2,449,2,2417,2,20
1363,16,2,450,9,2426,6,90
1364,16,2,451,8,2434,0,80
1365,16,2,452,5,2439,0,50
1366,16,2,453,7,2446,7,70
1367,16,2,454,9,2455,4,90
1368,16,2,455,3,2458,1,30
1369,16,2,456,5,2463,1,50
1370,16,2,457,5,2468,5,50
1371,16,2,458,4,2472,1,40
1372,16,2,459,5,2477,1,50
1373,16,2,460,8,2485,8,80
1374,16,2,461,2,2487,0,20
1375,16,2,462,5,2492,3,50
1376,16,2,463,5,2497,1,50
1377,16,2,464,5,2502,4,50
1378,16,2,465,5,2507,1,50
1379,16,2,466,2,2509,3,20
1380,16,2,467,9,2518,5,90
1381,16,2,468,6,2524,1,60
1382,16,2,469,6,2530,3,60
1383,16,2,470,2,2532,2,20
1384,16,2,471,4,2536,0,40
1385,16,2,472,6,2542,3,60
1386,16,2,473,6,2548,2,60
1387,16,2,474,3,2551,3,30
1388,16,2,475,6,2557,1,60
1389,16,2,476,9,2566,4,90
1390,16,2,477,5,2571,2,50
1391,16,2,478,8,2579,9,80
1392,16,2,479,5,2584,1,50
1393,16,2,480,6,2590,1,60
1394,16,2,481,2,2592,0,20
1395,16,2,482,5,2597,2,50
1396,16,2,483,4,2601,3,40
1397,16,2,484,6,2607,5,60
1398,16,2,485,9,2616,9,90
1399,16,2,486,7,2623,1,70
1400,16,2,487,8,2631,3,80
1401,16,2,488,5,2636,2,50
1402,16,2,489,8,2644,5,80
1403,16,2,490,9,2653,5,90
1404,16,2,491,5,2658,2,50
1405,16,2,492,6,2664,3,60
1406,16,2,493,9,2673,0,90
1407,16,2,494,9,2682,9,90
1408,16,2,495,5,2687,3,50
1409,16,2,496,5,2692,5,50
1410,16,2,497,3,2695,6,30
1411,16,2,498,7,2702,3,70
1412,16,2,499,8,2710,2,80
1413,16,2,500,7,2717,3,70
1414,16,2,501,4,2721,0,40
1415,16,2,502,7,2728,3,70
1416,16,2,503,8,2736,4,80
1417,16,2,504,4,2740,1,40
1418,16,2,505,9,2749,3,90
1419,16,2,506,4,2753,0,40
1420,16,2,507,5,2758,1,50
1421,16,2,508,5,2763,2,50
1422,16,2,509,7,2770,3,70
1423,16,2,510,6,2776,3,60
1424,16,2,511,4,2780,0,40
1425,16,2,512,8,2788,7,80
1426,16,2,513,8,2796,1,80
1427,16,2,514,8,2804,4,80
1428,16,2,515,2,2806,3,20
1429,16,2,516,9,2815,6,90
1430,16,2,517,6,2821,5,60
1431,16,2,518,4,2825,1,40
1432,16,2,519,7,2832,1,70
1433,16,2,520,8,2840,4,80
1434,16,2,521,9,2849,5,90
1435,16,2,522,6,2855,3,60
1436,16,2,523,8,2863,6,80
1437,16,2,524,8,2871,6,80
1438,16,2,525,9,2880,6,90
1439,16,2,526,9,2889,4,90
1440,16,2,527,3,2892,1,30
1441,16,2,528,9,2901,5,90
1442,16,2,529,4,2905,0,40
1443,16,2,530,8,2913,7,80
1444,16,2,531,5,2918,3,50
1445,16,2,532,4,2922,3,40
1446,16,2,533,6,2928,0,60
1447,16,2,534,4,2932,2,40
1448,16,2,535,8,2940,4,80
1449,16,2,536,4,2944,4,40
1450,16,2,537,9,2953,3,90
1451,16,2,538,3,2956,1,30
1452,16,2,539,4,2960,0,40
1453,16,2,540,5,2965,5,50
1454,16,2,541,7,2972,3,70
1455,16,2,542,8,2980,0,80
1456,16,2,543,5,2985,4,50
1457,16,2,544,5,2990,1,50
1458,16,2,545,5,2995,0,50
1459,16,2,546,8,3003,7,80
1460,16,2,547,7,3010,3,70
1461,16,2,548,2,3012,2,20
1462,16,2,549,6,3018,6,60
1463,16,2,550,3,3021,2,30
1464,16,2,551,2,3023,2,20
1465,16,2,552,2,3025,0,20
1466,16,2,553,9,3034,5,90
1467,16,2,554,8,3042,1,80
1468,16,2,555,6,3048,2,60
1469,16,2,556,2,3050,2,20
1470,16,2,557,3,3053,0,30
1471,16,2,558,8,3061,6,80
1472,16,2,559,6,3067,1,60
1473,16,2,560,9,3076,7,90
1474,16,2,561,7,3083,6,70
1475,16,2,562,8,3091,8,80
1476,16,2,563,8,3099,4,80
1477,16,2,564,8,3107,3,80
1478,16,2,565,4,3111,1,40
1479,16,2,566,8,3119,7,80
1480,16,2,567,7,3126,3,70
1481,16,2,568,4,3130,3,40
1482,16,2,569,6,3136,1,60
1483,16,2,570,7,3143,3,70
1484,16,2,571,2,3145,2,20
1485,16,2,572,6,3151,1,60
1486,16,2,573,3,3154,0,30
1487,16,2,574,3,3157,0,30
1488,16,2,575,9,3166,5,90
1489,16,2,576,2,3168,1,20
1490,16,2,577,3,3171,2,30
1491,16,2,578,3,3174,2,30
1492,16,2,579,8,3182,0,80
1493,16,2,580,8,3190,9,80
1494,16,2,581,9,3199,7,90
1495,16,2,582,4,3203,1,40
1496,16,2,583,5,3208,2,50
1497,16,2,584,6,3214,6,60
1498,16,2,585,8,3222,2,80
1499,16,2,586,4,3226,3,40
1500,16,2,587,6,3232,9,60
1501,16,2,588,6,3238,5,60
1502,16,2,589,8,3246,3,80
1503,16,2,590,3,3249,0,30
1504,16,2,591,5,3254,2,50
1505,16,2,592,5,3259,3,50
1506,16,2,593,2,3261,2,20
1507,16,2,594,9,3270,2,90
1508,16,2,595,3,3273,3,30
1509,16,2,596,6,3279,1,60
1510,16,2,597,4,3283,0,40
1511,16,2,598,7,3290,5,70
1512,16,2,599,6,3296,4,60
1513,16,2,600,6,3302,4,60
1514,16,2,601,3,3305,0,30
1515,16,2,602,8,3313,5,80
1516,16,2,603,4,3317,3,40
1517,16,2,604,5,3322,0,50
1518,16,2,605,2,3324,1,20
1519,16,2,606,9,3333,1,90
1520,16,2,607,6,3339,6,60
1521,16,2,608,4,3343,1,40
1522,16,2,609,3,3346,1,30
1523,16,2,610,5,3351,2,50
1524,16,2,611,9,3360,4,90
1525,16,2,612,3,3363,2,30
1526,16,2,613,4,3367,3,40
1527,16,2,614,2,3369,1,20
1528,16,2,615,3,3372,2,30
1529,16,2,616,9,3381,6,90
1530,16,2,617,2,3383,2,20
1531,16,2,618,7,3390,6,70
1532,16,2,619,2,3392,1,20
1533,16,2,620,7,3399,2,70
1534,16,2,621,7,3406,2,70
1535,16,2,622,5,3411,5,50
1536,16,2,623,8,3419,4,80
1537,16,2,624,2,3421,1,20
1538,16,2,625,7,3428,4,70
1539,16,2,626,7,3435,4,70
1540,16,2,627,4,3439,0,40
1541,16,2,628,8,3447,7,80
1542,16,2,629,4,3451,3,40
1543,16,2,630,7,3458,1,70
1544,16,2,631,7,3465,4,70
1545,16,2,632,7,3472,5,70
1546,16,2,633,8,3480,0,80
1547,16,2,634,4,3484,4,40
1548,16,2,635,6,3490,3,60
1549,16,2,636,2,3492,0,20
1550,16,2,637,7,3499,2,70
1551,16,2,638,6,3505,5,60
1552,16,2,639,6,3511,6,60
1553,16,2,640,3,3514,0,30
1554,16,2,641,7,3521,4,70
1555,16,2,642,5,3526,2,50
1556,16,2,643,7,3533,4,70
1557,16,2,644,8,3541,0,80
1558,16,2,645,8,3549,3,80
1559,16,2,646,2,3551,2,20
1560,16,2,647,3,3554,2,30
1561,16,2,648,5,3559,2,50
1562,16,2,649,2,3561,0,20
1563,16,2,650,4,3565,0,40
1564,16,2,651,8,3573,5,80
1565,16,2,652,6,3579,1,60
1566,16,2,653,3,3582,1,30
1567,16,2,654,2,3584,2,20
1568,16,2,655,3,3587,0,30
1569,16,2,656,3,3590,1,30
1570,16,2,657,4,3594,0,40
1571,16,2,658,7,3601,2,70
1572,16,2,659,8,3609,4,80
1573,16,2,660,6,3615,0,60
1574,16,2,661,6,3621,2,60
1575,16,2,662,2,3623,0,20
1576,16,2,663,4,3627,1,40
1577,16,2,664,3,3630,2,30
1578,16,2,665,3,3633,2,30
1579,16,2,666,2,3635,1,20
1580,16,2,667,9,3644,8,90
1581,16,2,668,9,3653,3,90
1582,16,2,669,4,3657,4,40
1583,16,2,670,2,3659,2,20
1584,16,2,671,7,3666,5,70
1585,16,2,672,8,3674,4,80
1586,16,2,673,7,3681,5,70
1587,16,2,674,7,3688,0,70
1588,16,2,675,4,3692,4,40
1589,16,2,676,8,3700,1,80
1590,16,2,677,5,3705,6,50
1591,16,2,678,5,3710,2,50
1592,16,2,679,6,3716,6,60
1593,16,2,680,8,3724,4,80
1594,16,2,681,9,3733,3,90
1595,16,2,682,6,3739,7,60
1596,16,2,683,9,3748,4,90
1597,16,2,684,3,3751,0,30
1598,16,2,685,7,3758,4,70
1599,16,2,686,2,3760,0,20
1600,16,2,687,6,3766,3,60
1601,16,2,688,4,3770,2,40
1602,16,2,689,6,3776,3,60
1603,16,2,690,2,3778,1,20
1604,16,2,691,4,3782,3,40
1605,16,2,692,6,3788,1,60
1606,16,2,693,2,3790,0,20
1607,16,2,694,8,3798,7,80
1608,16,2,695,9,3807,4,90
1609,16,2,696,5,3812,2,50
1610,16,2,697,3,3815,1,30
1611,16,2,698,4,3819,0,40
1612,16,2,699,8,3827,5,80
1613,16,2,700,4,3831,4,40
1614,16,2,701,8,3839,3,80
1615,16,2,702,7,3846,2,70
1616,16,2,703,3,3849,0,30
1617,16,2,704,5,3854,2,50
1618,16,2,705,7,3861,1,70
1619,16,2,706,3,3864,5,30
1620,16,2,707,3,3867,1,30
1621,16,2,708,3,3870,1,30
1622,16,2,709,5,3875,2,50
1623,16,2,710,7,3882,4,70
1624,16,2,711,3,3885,1,30
1625,16,2,712,4,3889,0,40
1626,16,2,713,7,3896,1,70
1627,16,2,714,9,3905,2,90
1628,16,2,715,6,3911,3,60
1629,16,2,716,9,3920,0,90
1630,16,2,717,8,3928,5,80
1631,16,2,718,8,3936,2,80
1632,16,2,719,9,3945,2,90
1633,16,2,720,6,3951,1,60
1634,16,2,721,5,3956,4,50
1635,16,2,722,2,3958,0,20
1636,16,2,723,8,3966,3,80
1637,16,2,724,4,3970,1,40
1638,16,2,725,5,3975,2,50
1639,16,2,726,8,3983,3,80
1640,16,2,727,9,3992,3,90
1641,16,2,728,4,3996,3,40
1642,16,2,729,7,4003,5,70
1643,16,2,730,7,4010,6,70
1644,16,2,731,8,4018,4,80
1645,16,2,732,8,4026,3,80
1646,16,2,733,7,4033,5,70
1647,16,2,734,5,4038,1,50
1648,16,2,735,4,4042,1,40
1649,16,2,736,2,4044,2,20
1650,16,2,737,9,4053,2,90
1651,16,2,738,4,4057,1,40
1652,16,2,739,8,4065,4,80
1653,16,2,740,3,4068,0,30
1654,16,2,741,2,4070,0,20
1655,16,2,742,7,4077,3,70
1656,16,2,743,9,4086,8,90
1657,16,2,744,3,4089,0,30
1658,16,2,745,8,4097,4,80
1659,16,2,746,8,4105,8,80
1660,16,2,747,4,4109,0,40
1661,16,2,748,6,4115,9,60
1662,16,2,749,3,4118,1,30
1663,16,2,750,8,4126,2,80
1664,16,2,751,9,4135,5,90
1665,16,2,752,3,4138,0,30
1666,16,2,753,7,4145,2,70
1667,16,2,754,7,4152,5,70
1668,16,2,755,5,4157,0,50
1669,16,2,756,7,4164,5,70
1670,16,2,757,2,4166,2,20
1671,16,2,758,9,4175,6,90
1672,16,2,759,5,4180,2,50
1673,16,2,760,9,4189,7,90
1674,16,2,761,9,4198,3,90
1675,16,2,762,8,4206,0,80
1676,16,2,763,7,4213,3,70
1677,16,2,764,2,4215,0,20
1678,16,2,765,5,4220,1,50
1679,16,2,766,7,4227,1,70
1680,16,2,767,9,4236,5,90
1681,16,2,768,4,4240,1,40
1682,16,2,769,5,4245,5,50
1683,16,2,770,6,4251,6,60
1684,16,2,771,8,4259,3,80
1685,16,2,772,2,4261,1,20
1686,16,2,773,7,4268,5,70
1687,16,2,774,9,4277,2,90
1688,16,2,775,9,4286,8,90
1689,16,2,776,6,4292,0,60
1690,16,2,777,6,4298,5,60
1691,16,2,778,4,4302,3,40
1692,16,2,779,6,4308,0,60
1693,16,2,780,4,4312,1,40
1694,16,2,781,6,4318,3,60
1695,16,2,782,6,4324,2,60
1696,16,2,783,6,4330,2,60
1697,16,2,784,8,4338,3,80
1698,16,2,785,8,4346,5,80
1699,16,2,786,6,4352,4,60
1700,16,2,787,4,4356,1,40
1701,16,2,788,9,4365,7,90
1702,16,2,789,4,4369,0,40
1703,16,2,790,2,4371,0,20
1704,16,2,791,3,4374,1,30
1705,16,2,792,3,4377,4,30
1706,16,2,793,7,4384,3,70
1707,16,2,794,9,4393,4,90
1708,16,2,795,8,4401,7,80
1709,16,2,796,6,4407,5,60
1710,16,2,797,6,4413,3,60
1711,16,2,798,2,4415,3,20
1712,16,2,799,8,4423,4,80
1713,16,2,800,4,4427,3,40
1714,16,2,801,4,4431,3,40
1715,16,2,802,7,4438,3,70
1716,16,2,803,6,4444,1,60
1717,16,2,804,3,4447,2,30
1718,16,2,805,9,4456,3,90
1719,16,2,806,3,4459,2,30
1720,16,2,807,4,4463,0,40
1721,16,2,808,5,4468,2,50
1722,16,2,809,2,4470,0,20
1723,16,2,810,5,4475,2,50
1724,16,2,811,8,4483,4,80
1725,16,2,812,6,4489,1,60
1726,16,2,813,9,4498,6,90
1727,16,2,814,7,4505,4,70
1728,16,2,815,5,4510,1,50
1729,16,2,816,4,4514,2,40
1730,16,2,817,3,4517,0,30
1731,16,2,818,5,4522,1,50
1732,16,2,819,6,4528,4,60
1733,16,2,820,9,4537,7,90
1734,16,2,821,6,4543,1,60
1735,16,2,822,7,4550,3,70
1736,16,2,823,7,4557,4,70
1737,16,2,824,3,4560,3,30
1738,16,2,825,5,4565,1,50
1739,16,2,826,9,4574,2,90
1740,16,2,827,7,4581,1,70
1741,16,2,828,7,4588,4,70
1742,16,2,829,2,4590,4,20
1743,16,2,830,2,4592,0,20
1744,16,2,831,4,4596,3,40
1745,16,2,832,6,4602,3,60
1746,16,2,833,6,4608,2,60
1747,16,2,834,7,4615,4,70
1748,16,2,835,9,4624,5,90
1749,16,2,836,2,4626,0,20
1750,16,2,837,3,4629,0,30
1751,16,2,838,8,4637,7,80
1752,16,2,839,7,4644,4,70
1753,16,2,840,9,4653,2,90
1754,16,2,841,5,4658,3,50
1755,16,2,842,2,4660,2,20
1756,16,2,843,7,4667,3,70
1757,16,2,844,5,4672,2,50
1758,16,2,845,2,4674,1,20
1759,16,2,846,9,4683,1,90
1760,16,2,847,4,4687,4,40
1761,16,2,848,3,4690,2,30
1762,16,2,849,6,4696,6,60
1763,16,2,850,2,4698,2,20
1764,16,2,851,7,4705,3,70
1765,16,2,852,3,4708,5,30
1766,16,2,853,7,4715,3,70
1767,16,2,854,6,4721,6,60
1768,16,2,855,5,4726,3,50
1769,16,2,856,3,4729,0,30
1770,16,2,857,9,4738,4,90
1771,16,2,858,3,4741,0,30
1772,16,2,859,5,4746,2,50
1773,16,2,860,2,4748,0,20
1774,16,2,861,6,4754,2,60
1775,16,2,862,5,4759,2,50
1776,16,2,863,5,4764,1,50
1777,16,2,864,2,4766,0,20
1778,16,2,865,5,4771,3,50
1779,16,2,866,9,4780,4,90
1780,16,2,867,8,4788,2,80
1781,16,2,868,7,4795,2,70
1782,16,2,869,4,4799,3,40
1783,16,2,870,8,4807,3,80
1784,16,2,871,6,4813,7,60
1785,16,2,872,7,4820,5,70
1786,16,2,873,5,4825,4,50
1787,16,2,874,3,4828,4,30
1788,16,2,875,7,4835,2,70
1789,16,2,876,3,4838,0,30
1790,16,2,877,4,4842,4,40
1791,16,2,878,9,4851,11,90
1792,16,2,879,8,4859,9,80
1793,16,2,880,6,4865,4,60
1794,16,2,881,5,4870,1,50
1795,16,2,882,3,4873,2,30
1796,16,2,883,8,4881,3,80
1797,16,2,884,2,4883,1,20
1798,16,2,885,4,4887,3,40
1799,16,2,886,8,4895,4,80
1800,16,2,887,7,4902,4,70
1801,16,2,888,6,4908,1,60
1802,16,2,889,3,4911,1,30
1803,16,2,890,3,4914,0,30
1804,16,2,891,9,4923,6,90
1805,16,2,892,2,4925,2,20
1806,16,2,893,5,4930,2,50
1807,16,2,894,5,4935,2,50
1808,16,2,895,2,4937,1,20
1809,16,2,896,7,4944,5,70
1810,16,2,897,3,4947,1,30
1811,16,2,898,6,4953,3,60
1812,16,2,899,9,4962,5,90
1813,16,2,900,8,4970,2,80
1814,16,2,901,5,4975,6,50
1815,16,2,902,8,4983,3,80
1816,16,2,903,2,4985,2,20
1817,16,2,904,8,4993,5,80
1818,16,3,1,9,9,7,90
1819,16,3,2,4,13,0,40
1820,16,3,3,9,22,3,90
1821,16,3,4,6,28,4,60
1822,16,3,5,4,32,2,40
1823,16,3,6,7,39,3,70
1824,16,3,7,6,45,1,60
1825,16,3,8,4,49,2,40
1826,16,3,9,3,52,0,30
1827,16,3,10,7,59,4,70
1828,16,3,11,2,61,2,20
1829,16,3,12,8,69,4,80
1830,16,3,13,3,72,0,30
1831,16,3,14,7,79,4,70
1832,16,3,15,9,88,8,90
1833,16,3,16,8,96,2,80
1834,16,3,17,8,104,6,80
1835,16,3,18,2,106,1,20
1836,16,3,19,9,115,5,90
1837,16,3,20,3,118,0,30
1838,16,3,21,3,121,6,30
1839,16,3,22,5,126,2,50
1840,16,3,23,9,135,2,90
1841,16,3,24,8,143,3,80
1842,16,3,25,8,151,3,80
1843,16,3,26,3,154,1,30
1844,16,3,27,7,161,1,70
1845,16,3,28,8,169,6,80
1846,16,3,29,5,174,2,50
1847,16,3,30,3,177,3,30
1848,16,3,31,6,183,5,60
1849,16,3,32,8,191,6,80
1850,16,3,33,2,193,1,20
1851,16,3,34,4,197,3,40
1852,16,3,35,7,204,2,70
1853,16,3,36,7,211,5,70
1854,16,3,37,7,218,2,70
1855,16,3,38,8,226,7,80
1856,16,3,39,3,229,2,30
1857,16,3,40,3,232,1,30
1858,16,3,41,6,238,2,60
1859,16,3,42,2,240,1,20
1860,16,3,43,7,247,4,70
1861,16,3,44,3,250,0,30
1862,16,3,45,9,259,2,90
1863,16,3,46,8,267,4,80
1864,16,3,47,4,271,2,40
1865,16,3,48,2,273,0,20
1866,16,3,49,9,282,3,90
1867,16,3,50,5,287,6,50
1868,16,3,51,2,289,4,20
1869,16,3,52,7,296,2,70
1870,16,3,53,6,302,3,60
1871,16,3,54,9,311,1,90
1872,16,3,55,7,318,4,70
1873,16,3,56,3,321,2,30
1874,16,3,57,7,328,5,70
1875,16,3,58,9,337,4,90
1876,16,3,59,2,339,0,20
1877,16,3,60,4,343,3,40
1878,16,3,61,8,351,0,80
1879,16,3,62,9,360,10,90
1880,16,3,63,5,365,2,50
1881,16,3,64,3,368,0,30
1882,16,3,65,8,376,3,80
1883,16,3,66,9,385,4,90
1884,16,3,67,7,392,6,70
1885,16,3,68,6,398,1,60
1886,16,3,69,5,403,2,50
1887,16,3,70,4,407,2,40
1888,16,3,71,7,414,1,70
1889,16,3,72,5,419,3,50
1890,16,3,73,8,427,3,80
1891,16,3,74,5,432,2,50
1892,16,3,75,4,436,3,40
1893,16,3,76,2,438,0,20
1894,16,3,77,6,444,5,60
1895,16,3,78,9,453,3,90
1896,16,3,79,8,461,3,80
1897,16,3,80,5,466,3,50
1898,16,3,81,3,469,2,30
1899,16,3,82,5,474,3,50
1900,16,3,83,5,479,5,50
1901,16,3,84,4,483,3,40
1902,16,3,85,7,490,6,70
1903,16,3,86,6,496,1,60
1904,16,3,87,7,503,2,70
1905,16,3,88,4,507,1,40
1906,16,3,89,3,510,1,30
1907,16,3,90,6,516,3,60
1908,16,3,91,7,523,4,70
1909,16,3,92,4,527,1,40
1910,16,3,93,9,536,6,90
1911,16,3,94,8,544,6,80
1912,16,3,95,6,550,2,60
1913,16,3,96,3,553,3,30
1914,16,3,97,5,558,3,50
1915,16,3,98,5,563,1,50
1916,16,3,99,3,566,1,30
1917,16,3,100,8,574,8,80
1918,16,3,101,5,579,1,50
1919,16,3,102,7,586,8,70
1920,16,3,103,7,593,5,70
1921,16,3,104,8,601,7,80
1922,16,3,105,9,610,3,90
1923,16,3,106,8,618,7,80
1924,16,3,107,8,626,6,80
1925,16,3,108,5,631,4,50
1926,16,3,109,9,640,6,90
1927,16,3,110,8,648,3,80
1928,16,3,111,4,652,5,40
1929,16,3,112,6,658,5,60
1930,16,3,113,7,665,6,70
1931,16,3,114,4,669,0,40
1932,16,3,115,5,674,5,50
1933,16,3,116,7,681,2,70
1934,16,3,117,2,683,2,20
1935,16,3,118,5,688,0,50
1936,16,3,119,8,696,5,80
1937,16,3,120,6,702,3,60
1938,16,3,121,8,710,2,80
1939,16,3,122,4,714,3,40
1940,16,3,123,2,716,1,20
1941,16,3,124,6,722,2,60
1942,16,3,125,9,731,5,90
1943,16,3,126,6,737,2,60
1944,16,3,127,5,742,9,50
1945,16,3,128,8,750,3,80
1946,16,3,129,2,752,0,20
1947,16,3,130,3,755,2,30
1948,16,3,131,3,758,0,30
1949,16,3,132,8,766,4,80
1950,16,3,133,3,769,0,30
1951,16,3,134,6,775,0,60
1952,16,3,135,9,784,9,90
1953,16,3,136,5,789,1,50
1954,16,3,137,4,793,1,40
1955,16,3,138,4,797,2,40
1956,16,3,139,5,802,1,50
1957,16,3,140,3,805,1,30
1958,16,3,141,8,813,1,80
1959,16,3,142,7,820,3,70
1960,16,3,143,4,824,3,40
1961,16,3,144,6,830,4,60
1962,16,3,145,5,835,2,50
1963,16,3,146,2,837,0,20
1964,16,3,147,4,841,1,40
1965,16,3,148,4,845,2,40
1966,16,3,149,8,853,5,80
1967,16,3,150,7,860,5,70
1968,16,3,151,6,866,1,60
1969,16,3,152,6,872,2,60
1970,16,3,153,9,881,5,90
1971,16,3,154,2,883,1,20
1972,16,3,155,7,890,4,70
1973,16,3,156,9,899,1,90
1974,16,3,157,8,907,1,80
1975,16,3,158,9,916,4,90
1976,16,3,159,3,919,2,30
1977,16,3,160,4,923,0,40
1978,16,3,161,5,928,5,50
1979,16,3,162,6,934,5,60
1980,16,3,163,8,942,2,80
1981,16,3,164,8,950,6,80
1982,16,3,165,4,954,4,40
1983,16,3,166,4,958,1,40
1984,16,3,167,4,962,1,40
1985,16,3,168,9,971,3,90
1986,16,3,169,7,978,2,70
1987,16,3,170,8,986,5,80
1988,16,3,171,2,988,1,20
1989,16,3,172,7,995,2,70
1990,16,3,173,3,998,1,30
1991,16,3,174,7,1005,2,70
1992,16,3,175,3,1008,2,30
1993,16,3,176,8,1016,4,80
1994,16,3,177,8,1024,1,80
1995,16,3,178,3,1027,3,30
1996,16,3,179,6,1033,0,60
1997,16,3,180,7,1040,5,70
1998,16,3,181,8,1048,4,80
1999,16,3,182,3,1051,2,30
2000,16,3,183,9,1060,5,90
2001,16,3,184,6,1066,3,60
2002,16,3,185,9,1075,4,90
2003,16,3,186,3,1078,0,30
2004,16,3,187,9,1087,3,90
2005,16,3,188,7,1094,4,70
2006,16,3,189,9,1103,4,90
2007,16,3,190,9,1112,4,90
2008,16,3,191,5,1117,2,50
2009,16,3,192,2,1119,2,20
2010,16,3,193,6,1125,0,60
2011,16,3,194,5,1130,0,50
2012,16,3,195,4,1134,7,40
2013,16,3,196,7,1141,1,70
2014,16,3,197,5,1146,3,50
2015,16,3,198,9,1155,8,90
2016,16,3,199,9,1164,4,90
2017,16,3,200,7,1171,3,70
2018,16,3,201,6,1177,3,60
2019,16,3,202,5,1182,4,50
2020,16,3,203,2,1184,2,20
2021,16,3,204,8,1192,2,80
2022,16,3,205,6,1198,0,60
2023,16,3,206,8,1206,3,80
2024,16,3,207,3,1209,1,30
2025,16,3,208,9,1218,4,90
2026,16,3,209,6,1224,2,60
2027,16,3,210,4,1228,2,40
2028,16,3,211,6,1234,3,60
2029,16,3,212,4,1238,2,40
2030,16,3,213,9,1247,6,90
2031,16,3,214,3,1250,1,30
2032,16,3,215,4,1254,4,40
2033,16,3,216,8,1262,4,80
2034,16,3,217,7,1269,3,70
2035,16,3,218,3,1272,1,30
2036,16,3,219,6,1278,4,60
2037,16,3,220,5,1283,2,50
2038,16,3,221,9,1292,3,90
2039,16,3,222,7,1299,7,70
2040,16,3,223,7,1306,5,70
2041,16,3,224,5,1311,0,50
2042,16,3,225,8,1319,6,80
2043,16,3,226,2,1321,3,20
2044,16,3,227,6,1327,4,60
2045,16,3,228,2,1329,1,20
2046,16,3,229,3,1332,0,30
2047,16,3,230,6,1338,7,60
2048,16,3,231,3,1341,3,30
2049,16,3,232,9,1350,6,90
2050,16,3,233,3,1353,0,30
2051,16,3,234,3,1356,3,30
2052,16,3,235,6,1362,1,60
2053,16,3,236,4,1366,1,40
2054,16,3,237,8,1374,4,80
2055,16,3,238,3,1377,0,30
2056,16,3,239,7,1384,3,70
2057,16,3,240,9,1393,7,90
2058,16,3,241,2,1395,2,20
2059,16,3,242,7,1402,4,70
2060,16,3,243,6,1408,2,60
2061,16,3,244,4,1412,2,40
2062,16,3,245,6,1418,2,60
2063,16,3,246,4,1422,1,40
2064,16,3,247,2,1424,0,20
2065,16,3,248,2,1426,0,20
2066,16,3,249,7,1433,2,70
2067,16,3,250,6,1439,3,60
2068,16,3,251,3,1442,3,30
2069,16,3,252,4,1446,2,40
2070,16,3,253,2,1448,0,20
2071,16,3,254,3,1451,4,30
2072,16,3,255,7,1458,4,70
2073,16,3,256,8,1466,3,80
2074,16,3,257,6,1472,2,60
2075,16,3,258,2,1474,0,20
2076,16,3,259,6,1480,2,60
2077,16,3,260,3,1483,3,30
2078,16,3,261,3,1486,3,30
2079,16,3,262,9,1495,6,90
2080,16,3,263,8,1503,6,80
2081,16,3,264,3,1506,1,30
2082,16,3,265,3,1509,1,30
2083,16,3,266,3,1512,1,30
2084,16,3,267,2,1514,0,20
2085,16,3,268,7,1521,3,70
2086,16,3,269,9,1530,0,90
2087,16,3,270,7,1537,12,70
2088,16,3,271,8,1545,0,80
2089,16,3,272,2,1547,1,20
2090,16,3,273,3,1550,2,30
2091,16,3,274,6,1556,6,60
2092,16,3,275,6,1562,3,60
2093,16,3,276,5,1567,2,50
2094,16,3,277,8,1575,3,80
2095,16,3,278,2,1577,2,20
2096,16,3,279,6,1583,4,60
2097,16,3,280,6,1589,4,60
2098,16,3,281,7,1596,7,70
2099,16,3,282,3,1599,0,30
2100,16,3,283,4,1603,2,40
2101,16,3,284,9,1612,10,90
2102,16,3,285,2,1614,0,20
2103,16,3,286,9,1623,4,90
2104,16,3,287,6,1629,3,60
2105,16,3,288,3,1632,2,30
2106,16,3,289,2,1634,1,20
2107,16,3,290,3,1637,2,30
2108,16,3,291,5,1642,3,50
2109,16,3,292,3,1645,1,30
2110,16,3,293,8,1653,3,80
2111,16,3,294,4,1657,2,40
2112,16,3,295,6,1663,0,60
2113,16,3,296,7,1670,2,70
2114,16,3,297,8,1678,1,80
2115,16,3,298,2,1680,1,20
2116,16,3,299,4,1684,3,40
2117,16,3,300,8,1692,4,80
2118,16,3,301,8,1700,1,80
2119,16,3,302,4,1704,0,40
2120,16,3,303,7,1711,2,70
2121,16,3,304,4,1715,1,40
2122,16,3,305,5,1720,2,50
2123,16,3,306,8,1728,3,80
2124,16,3,307,6,1734,3,60
2125,16,3,308,4,1738,1,40
2126,16,3,309,3,1741,1,30
2127,16,3,310,2,1743,2,20
2128,16,3,311,3,1746,1,30
2129,16,3,312,7,1753,3,70
2130,16,3,313,6,1759,4,60
2131,16,3,314,4,1763,2,40
2132,16,3,315,3,1766,1,30
2133,16,3,316,6,1772,1,60
2134,16,3,317,4,1776,2,40
2135,16,3,318,4,1780,3,40
2136,16,3,319,7,1787,1,70
2137,16,3,320,7,1794,4,70
2138,16,3,321,2,1796,1,20
2139,16,3,322,2,1798,1,20
2140,16,3,323,3,1801,3,30
2141,16,3,324,6,1807,5,60
2142,16,3,325,2,1809,0,20
2143,16,3,326,3,1812,1,30
2144,16,3,327,5,1817,5,50
2145,16,3,328,7,1824,4,70
2146,16,3,329,6,1830,0,60
2147,16,3,330,2,1832,5,20
2148,16,3,331,7,1839,0,70
2149,16,3,332,2,1841,1,20
2150,16,3,333,5,1846,2,50
2151,16,3,334,9,1855,3,90
2152,16,3,335,4,1859,2,40
2153,16,3,336,3,1862,1,30
2154,16,3,337,2,1864,0,20
2155,16,3,338,8,1872,6,80
2156,16,3,339,9,1881,5,90
2157,16,3,340,2,1883,1,20
2158,16,3,341,8,1891,5,80
2159,16,3,342,8,1899,5,80
2160,16,3,343,6,1905,5,60
2161,16,3,344,6,1911,3,60
2162,16,3,345,7,1918,4,70
2163,16,3,346,2,1920,0,20
2164,16,3,347,8,1928,0,80
2165,16,3,348,3,1931,14,30
2166,16,3,349,4,1935,1,40
2167,16,3,350,9,1944,0,90
2168,16,3,351,2,1946,2,20
2169,16,3,352,2,1948,0,20
2170,16,3,353,6,1954,2,60
2171,16,3,354,2,1956,1,20
2172,16,3,355,2,1958,0,20
2173,16,3,356,8,1966,6,80
2174,16,3,357,5,1971,2,50
2175,16,3,358,6,1977,2,60
2176,16,3,359,7,1984,8,70
2177,16,3,360,9,1993,2,90
2178,16,3,361,3,1996,0,30
2179,16,3,362,5,2001,3,50
2180,16,3,363,3,2004,0,30
2181,16,3,364,3,2007,2,30
2182,16,3,365,2,2009,0,20
2183,16,3,366,8,2017,2,80
2184,16,3,367,7,2024,2,70
2185,16,3,368,5,2029,2,50
2186,16,3,369,2,2031,0,20
2187,16,3,370,7,2038,3,70
2188,16,3,371,5,2043,5,50
2189,16,3,372,7,2050,3,70
2190,16,3,373,4,2054,3,40
2191,16,3,374,9,2063,6,90
2192,16,3,375,9,2072,6,90
2193,16,3,376,4,2076,2,40
2194,16,3,377,9,2085,10,90
2195,16,3,378,9,2094,8,90
2196,16,3,379,6,2100,3,60
2197,16,3,380,4,2104,0,40
2198,16,3,381,3,2107,3,30
2199,16,3,382,2,2109,0,20
2200,16,3,383,9,2118,2,90
2201,16,3,384,6,2124,4,60
2202,16,3,385,7,2131,3,70
2203,16,3,386,4,2135,1,40
2204,16,3,387,5,2140,3,50
2205,16,3,388,9,2149,4,90
2206,16,3,389,5,2154,3,50
2207,16,3,390,9,2163,1,90
2208,16,3,391,9,2172,4,90
2209,16,3,392,5,2177,4,50
2210,16,3,393,5,2182,5,50
2211,16,3,394,3,2185,3,30
2212,16,3,395,8,2193,1,80
2213,16,3,396,8,2201,4,80
2214,16,3,397,2,2203,2,20
2215,16,3,398,2,2205,1,20
2216,16,3,399,4,2209,0,40
2217,16,3,400,3,2212,2,30
2218,16,3,401,9,2221,7,90
2219,16,3,402,3,2224,0,30
2220,16,3,403,9,2233,5,90
2221,16,3,404,7,2240,0,70
2222,16,3,405,7,2247,3,70
2223,16,3,406,8,2255,0,80
2224,16,3,407,6,2261,6,60
2225,16,3,408,9,2270,4,90
2226,16,3,409,3,2273,1,30
2227,16,3,410,3,2276,3,30
2228,16,3,411,9,2285,3,90
2229,16,3,412,5,2290,3,50
2230,16,3,413,3,2293,3,30
2231,16,3,414,8,2301,0,80
2232,16,3,415,4,2305,0,40
2233,16,3,416,3,2308,0,30
2234,16,3,417,6,2314,2,60
2235,16,3,418,5,2319,2,50
2236,16,3,419,8,2327,5,80
2237,16,3,420,5,2332,3,50
2238,16,3,421,2,2334,0,20
2239,16,3,422,5,2339,2,50
2240,16,3,423,2,2341,2,20
2241,16,3,424,9,2350,3,90
2242,16,3,425,7,2357,4,70
2243,16,3,426,4,2361,1,40
2244,16,3,427,2,2363,2,20
2245,16,3,428,8,2371,4,80
2246,16,3,429,4,2375,3,40
2247,16,3,430,8,2383,7,80
2248,16,3,431,9,2392,2,90
2249,16,3,432,6,2398,4,60
2250,16,3,433,7,2405,3,70
2251,16,3,434,7,2412,7,70
2252,16,3,435,7,2419,4,70
2253,16,3,436,4,2423,4,40
2254,16,3,437,7,2430,4,70
2255,16,3,438,5,2435,3,50
2256,16,3,439,5,2440,2,50
2257,16,3,440,6,2446,2,60
2258,16,3,441,3,2449,1,30
2259,16,3,442,4,2453,4,40
2260,16,3,443,6,2459,5,60
2261,16,3,444,7,2466,3,70
2262,16,3,445,5,2471,1,50
2263,16,3,446,7,2478,2,70
2264,16,3,447,6,2484,2,60
2265,16,3,448,3,2487,0,30
2266,16,3,449,3,2490,4,30
2267,16,3,450,5,2495,2,50
2268,16,3,451,9,2504,4,90
2269,16,3,452,5,2509,1,50
2270,16,3,453,3,2512,2,30
2271,16,3,454,3,2515,0,30
2272,16,3,455,8,2523,3,80
2273,16,3,456,8,2531,6,80
2274,16,3,457,8,2539,3,80
2275,16,3,458,3,2542,0,30
2276,16,3,459,5,2547,0,50
2277,16,3,460,6,2553,7,60
2278,16,3,461,9,2562,5,90
2279,16,3,462,2,2564,4,20
2280,16,3,463,9,2573,7,90
2281,16,3,464,2,2575,1,20
2282,16,3,465,9,2584,5,90
2283,16,3,466,9,2593,1,90
2284,16,3,467,5,2598,3,50
2285,16,3,468,8,2606,5,80
2286,16,3,469,7,2613,1,70
2287,16,3,470,2,2615,2,20
2288,16,3,471,8,2623,4,80
2289,16,3,472,4,2627,2,40
2290,16,3,473,8,2635,5,80
2291,16,3,474,7,2642,2,70
2292,16,3,475,6,2648,1,60
2293,16,3,476,5,2653,5,50
2294,16,3,477,3,2656,2,30
2295,16,3,478,6,2662,3,60
2296,16,3,479,9,2671,2,90
2297,16,3,480,6,2677,4,60
2298,16,3,481,3,2680,2,30
2299,16,3,482,5,2685,0,50
2300,16,3,483,9,2694,8,90
2301,16,3,484,4,2698,0,40
2302,16,3,485,5,2703,7,50
2303,16,3,486,7,2710,4,70
2304,16,3,487,6,2716,2,60
2305,16,3,488,7,2723,6,70
2306,16,3,489,6,2729,1,60
2307,16,3,490,7,2736,6,70
2308,16,3,491,8,2744,3,80
2309,16,3,492,4,2748,2,40
2310,16,3,493,3,2751,0,30
2311,16,3,494,3,2754,1,30
2312,16,3,495,6,2760,6,60
2313,16,3,496,2,2762,1,20
2314,16,3,497,5,2767,2,50
2315,16,3,498,8,2775,2,80
2316,16,3,499,7,2782,4,70
2317,16,3,500,7,2789,4,70
2318,16,3,501,2,2791,1,20
2319,16,3,502,8,2799,4,80
2320,16,3,503,7,2806,1,70
2321,16,3,504,7,2813,1,70
2322,16,3,505,9,2822,5,90
2323,16,3,506,8,2830,3,80
2324,16,3,507,9,2839,4,90
2325,16,3,508,9,2848,3,90
2326,16,3,509,3,2851,0,30
2327,16,3,510,9,2860,2,90
2328,16,3,511,7,2867,3,70
2329,16,3,512,4,2871,4,40
2330,16,3,513,8,2879,5,80
2331,16,3,514,8,2887,2,80
2332,16,3,515,6,2893,8,60
2333,16,3,516,4,2897,1,40
2334,16,3,517,4,2901,1,40
2335,16,3,518,7,2908,2,70
2336,16,3,519,8,2916,5,80
2337,16,3,520,6,2922,3,60
2338,16,3,521,7,2929,9,70
2339,16,3,522,3,2932,1,30
2340,16,3,523,9,2941,2,90
2341,16,3,524,8,2949,4,80
2342,16,3,525,6,2955,5,60
2343,16,3,526,4,2959,3,40
2344,16,3,527,5,2964,1,50
2345,16,3,528,2,2966,3,20
2346,16,3,529,2,2968,0,20
2347,16,3,530,5,2973,0,50
2348,16,3,531,5,2978,3,50
2349,16,3,532,6,2984,5,60
2350,16,3,533,5,2989,1,50
2351,16,3,534,4,2993,0,40
2352,16,3,535,2,2995,2,20
2353,16,3,536,9,3004,1,90
2354,16,3,537,2,3006,1,20
2355,16,3,538,8,3014,0,80
2356,16,3,539,8,3022,10,80
2357,16,3,540,4,3026,0,40
2358,16,3,541,9,3035,10,90
2359,16,3,542,5,3040,7,50
2360,16,3,543,9,3049,6,90
2361,16,3,544,7,3056,5,70
2362,16,3,545,9,3065,6,90
2363,16,3,546,7,3072,5,70
2364,16,3,547,2,3074,1,20
2365,16,3,548,4,3078,1,40
2366,16,3,549,4,3082,3,40
2367,16,3,550,8,3090,3,80
2368,16,3,551,3,3093,0,30
2369,16,3,552,9,3102,4,90
2370,16,3,553,2,3104,0,20
2371,16,3,554,3,3107,1,30
2372,16,3,555,2,3109,0,20
2373,16,3,556,3,3112,4,30
2374,16,3,557,5,3117,2,50
2375,16,3,558,8,3125,2,80
2376,16,3,559,9,3134,8,90
2377,16,3,560,5,3139,0,50
2378,16,3,561,3,3142,0,30
2379,16,3,562,9,3151,6,90
2380,16,3,563,6,3157,6,60
2381,16,3,564,7,3164,5,70
2382,16,3,565,8,3172,1,80
2383,16,3,566,8,3180,0,80
2384,16,3,567,2,3182,4,20
2385,16,3,568,7,3189,5,70
2386,16,3,569,9,3198,3,90
2387,16,3,570,9,3207,2,90
2388,16,3,571,8,3215,0,80
2389,16,3,572,9,3224,8,90
2390,16,3,573,7,3231,4,70
2391,16,3,574,6,3237,7,60
2392,16,3,575,2,3239,2,20
2393,16,3,576,3,3242,0,30
2394,16,3,577,6,3248,1,60
2395,16,3,578,5,3253,3,50
2396,16,3,579,2,3255,2,20
2397,16,3,580,8,3263,3,80
2398,16,3,581,6,3269,3,60
2399,16,3,582,3,3272,0,30
2400,16,3,583,5,3277,1,50
2401,16,3,584,6,3283,1,60
2402,16,3,585,5,3288,5,50
2403,16,3,586,7,3295,6,70
2404,16,3,587,3,3298,2,30
2405,16,3,588,9,3307,5,90
2406,16,3,589,8,3315,4,80
2407,16,3,590,6,3321,1,60
2408,16,3,591,4,3325,1,40
2409,16,3,592,9,3334,10,90
2410,16,3,593,3,3337,0,30
2411,16,3,594,8,3345,5,80
2412,16,3,595,7,3352,3,70
2413,16,3,596,5,3357,0,50
2414,16,3,597,2,3359,6,20
2415,16,3,598,6,3365,2,60
2416,16,3,599,7,3372,3,70
2417,16,3,600,5,3377,2,50
2418,16,3,601,7,3384,3,70
2419,16,3,602,3,3387,2,30
2420,16,3,603,3,3390,0,30
2421,16,3,604,7,3397,3,70
2422,16,3,605,7,3404,0,70
2423,16,3,606,3,3407,1,30
2424,16,3,607,9,3416,3,90
2425,16,3,608,3,3419,0,30
2426,16,3,609,7,3426,2,70
2427,16,3,610,5,3431,3,50
2428,16,3,611,4,3435,2,40
2429,16,3,612,7,3442,6,70
2430,16,3,613,6,3448,2,60
2431,16,3,614,9,3457,1,90
2432,16,3,615,3,3460,0,30
2433,16,3,616,2,3462,2,20
2434,16,3,617,9,3471,5,90
2435,16,3,618,6,3477,4,60
2436,16,3,619,7,3484,0,70
2437,16,3,620,5,3489,0,50
2438,16,3,621,2,3491,10,20
2439,16,3,622,3,3494,2,30
2440,16,3,623,7,3501,3,70
2441,16,3,624,2,3503,0,20
2442,16,3,625,8,3511,7,80
2443,16,3,626,6,3517,5,60
2444,16,3,627,5,3522,1,50
2445,16,3,628,5,3527,0,50
2446,16,3,629,6,3533,4,60
2447,16,3,630,8,3541,3,80
2448,16,3,631,2,3543,0,20
2449,16,3,632,5,3548,2,50
2450,16,3,633,2,3550,3,20
2451,16,3,634,5,3555,1,50
2452,16,3,635,7,3562,2,70
2453,16,3,636,8,3570,3,80
2454,16,3,637,6,3576,6,60
2455,16,3,638,9,3585,5,90
2456,16,3,639,5,3590,2,50
2457,16,3,640,5,3595,0,50
2458,16,3,641,9,3604,10,90
2459,16,3,642,7,3611,5,70
2460,16,3,643,2,3613,1,20
2461,16,3,644,5,3618,3,50
2462,16,3,645,5,3623,3,50
2463,16,3,646,2,3625,0,20
2464,16,3,647,6,3631,0,60
2465,16,3,648,7,3638,3,70
2466,16,3,649,7,3645,6,70
2467,16,3,650,5,3650,3,50
2468,16,3,651,2,3652,0,20
2469,16,3,652,4,3656,4,40
2470,16,3,653,3,3659,1,30
2471,16,3,654,6,3665,0,60
2472,16,3,655,7,3672,6,70
2473,16,3,656,6,3678,0,60
2474,16,3,657,3,3681,2,30
2475,16,3,658,8,3689,3,80
2476,16,3,659,8,3697,6,80
2477,16,3,660,3,3700,1,30
2478,16,3,661,3,3703,2,30
2479,16,3,662,4,3707,3,40
2480,16,3,663,5,3712,3,50
2481,16,3,664,3,3715,3,30
2482,16,3,665,4,3719,0,40
2483,16,3,666,4,3723,2,40
2484,16,3,667,7,3730,3,70
2485,16,3,668,2,3732,3,20
2486,16,3,669,6,3738,3,60
2487,16,3,670,7,3745,2,70
2488,16,3,671,9,3754,3,90
2489,16,3,672,8,3762,0,80
2490,16,3,673,3,3765,0,30
2491,16,3,674,8,3773,13,80
2492,16,3,675,6,3779,4,60
2493,16,3,676,8,3787,6,80
2494,16,3,677,4,3791,1,40
2495,16,3,678,4,3795,1,40
2496,16,3,679,8,3803,1,80
2497,16,3,680,4,3807,2,40
2498,16,3,681,2,3809,0,20
2499,16,3,682,5,3814,1,50
2500,16,3,683,8,3822,2,80
2501,16,3,684,2,3824,0,20
2502,16,3,685,6,3830,3,60
2503,16,3,686,3,3833,0,30
2504,16,3,687,8,3841,6,80
2505,16,3,688,8,3849,7,80
2506,16,3,689,7,3856,6,70
2507,16,3,690,5,3861,1,50
2508,16,3,691,6,3867,2,60
2509,16,3,692,4,3871,2,40
2510,16,3,693,6,3877,3,60
2511,16,3,694,2,3879,3,20
2512,16,3,695,4,3883,0,40
2513,16,3,696,6,3889,0,60
2514,16,3,697,5,3894,3,50
2515,16,3,698,3,3897,1,30
2516,16,3,699,6,3903,6,60
2517,16,3,700,6,3909,0,60
2518,16,3,701,5,3914,3,50
2519,16,3,702,2,3916,0,20
2520,16,3,703,3,3919,1,30
2521,16,3,704,4,3923,2,40
2522,16,3,705,9,3932,2,90
2523,16,3,706,6,3938,3,60
2524,16,3,707,4,3942,1,40
2525,16,3,708,6,3948,3,60
2526,16,3,709,9,3957,4,90
2527,16,3,710,7,3964,6,70
2528,16,3,711,9,3973,7,90
2529,16,3,712,4,3977,2,40
2530,16,3,713,6,3983,1,60
2531,16,3,714,2,3985,0,20
2532,16,3,715,4,3989,2,40
2533,16,3,716,4,3993,1,40
2534,16,3,717,8,4001,5,80
2535,16,3,718,5,4006,0,50
2536,16,3,719,6,4012,3,60
2537,16,3,720,2,4014,1,20
2538,16,3,721,2,4016,2,20
2539,16,3,722,3,4019,0,30
2540,16,3,723,3,4022,3,30
2541,16,3,724,7,4029,3,70
2542,16,3,725,3,4032,1,30
2543,16,3,726,7,4039,3,70
2544,16,3,727,3,4042,2,30
2545,16,3,728,6,4048,0,60
2546,16,3,729,7,4055,4,70
2547,16,3,730,5,4060,1,50
2548,16,3,731,9,4069,2,90
2549,16,3,732,3,4072,0,30
2550,16,3,733,7,4079,4,70
2551,16,3,734,5,4084,4,50
2552,16,3,735,4,4088,2,40
2553,16,3,736,3,4091,3,30
2554,16,3,737,4,4095,3,40
2555,16,3,738,3,4098,0,30
2556,16,3,739,4,4102,1,40
2557,16,3,740,7,4109,4,70
2558,16,3,741,7,4116,4,70
2559,16,3,742,6,4122,0,60
2560,16,3,743,3,4125,4,30
2561,16,3,744,3,4128,0,30
2562,16,3,745,4,4132,4,40
2563,16,3,746,5,4137,1,50
2564,16,3,747,5,4142,3,50
2565,16,3,748,7,4149,3,70
2566,16,3,749,6,4155,6,60
2567,16,3,750,9,4164,4,90
2568,16,3,751,9,4173,2,90
2569,16,3,752,8,4181,0,80
2570,16,3,753,7,4188,6,70
2571,16,3,754,8,4196,3,80
2572,16,3,755,4,4200,1,40
2573,16,3,756,4,4204,4,40
2574,16,3,757,6,4210,4,60
2575,16,3,758,2,4212,0,20
2576,16,3,759,9,4221,4,90
2577,16,3,760,7,4228,0,70
2578,16,3,761,6,4234,1,60
2579,16,3,762,9,4243,4,90
2580,16,3,763,6,4249,3,60
2581,16,3,764,4,4253,3,40
2582,16,3,765,4,4257,1,40
2583,16,3,766,8,4265,6,80
2584,16,3,767,7,4272,3,70
2585,16,3,768,8,4280,3,80
2586,16,3,769,2,4282,1,20
2587,16,3,770,4,4286,3,40
2588,16,3,771,2,4288,0,20
2589,16,3,772,5,4293,0,50
2590,16,3,773,7,4300,9,70
2591,16,3,774,6,4306,4,60
2592,16,3,775,4,4310,1,40
2593,16,3,776,9,4319,4,90
2594,16,3,777,8,4327,0,80
2595,16,3,778,4,4331,7,40
2596,16,3,779,2,4333,1,20
2597,16,3,780,2,4335,1,20
2598,16,3,781,2,4337,1,20
2599,16,3,782,9,4346,5,90
2600,16,3,783,2,4348,3,20
2601,16,3,784,7,4355,3,70
2602,16,3,785,8,4363,6,80
2603,16,3,786,5,4368,2,50
2604,16,3,787,5,4373,3,50
2605,16,3,788,8,4381,1,80
2606,16,3,789,4,4385,3,40
2607,16,3,790,4,4389,2,40
2608,16,3,791,9,4398,7,90
2609,16,3,792,3,4401,1,30
2610,16,3,793,3,4404,0,30
2611,16,3,794,7,4411,1,70
2612,16,3,795,6,4417,1,60
2613,16,3,796,8,4425,8,80
2614,16,3,797,6,4431,5,60
2615,16,3,798,9,4440,3,90
2616,16,3,799,4,4444,3,40
2617,16,3,800,7,4451,5,70
2618,16,3,801,2,4453,2,20
2619,16,3,802,3,4456,2,30
2620,16,3,803,5,4461,4,50
2621,16,3,804,3,4464,4,30
2622,16,3,805,3,4467,0,30
2623,16,3,806,8,4475,2,80
2624,16,3,807,6,4481,1,60
2625,16,3,808,3,4484,2,30
2626,16,3,809,7,4491,4,70
2627,16,3,810,6,4497,4,60
2628,16,3,811,4,4501,2,40
2629,16,3,812,6,4507,1,60
2630,16,3,813,7,4514,3,70
2631,16,3,814,3,4517,4,30
2632,16,3,815,5,4522,2,50
2633,16,3,816,4,4526,0,40
2634,16,3,817,9,4535,1,90
2635,16,3,818,8,4543,4,80
2636,16,3,819,4,4547,1,40
2637,16,3,820,2,4549,0,20
2638,16,3,821,5,4554,2,50
2639,16,3,822,8,4562,2,80
2640,16,3,823,2,4564,0,20
2641,16,3,824,2,4566,1,20
2642,16,3,825,9,4575,6,90
2643,16,3,826,2,4577,0,20
2644,16,3,827,4,4581,1,40
2645,16,3,828,3,4584,0,30
2646,16,3,829,4,4588,1,40
2647,16,3,830,5,4593,2,50
2648,16,3,831,8,4601,8,80
2649,16,3,832,9,4610,2,90
2650,16,3,833,5,4615,2,50
2651,16,3,834,8,4623,5,80
2652,16,3,835,9,4632,6,90
2653,16,3,836,8,4640,5,80
2654,16,3,837,2,4642,1,20
2655,16,3,838,7,4649,3,70
2656,16,3,839,3,4652,1,30
2657,16,3,840,5,4657,3,50
2658,16,3,841,2,4659,1,20
2659,16,3,842,2,4661,0,20
2660,16,3,843,4,4665,2,40
2661,16,3,844,4,4669,1,40
2662,16,3,845,5,4674,2,50
2663,16,3,846,6,4680,5,60
2664,16,3,847,9,4689,9,90
2665,16,3,848,8,4697,4,80
2666,16,3,849,3,4700,2,30
2667,16,3,850,4,4704,2,40
2668,16,3,851,9,4713,4,90
2669,16,3,852,8,4721,0,80
2670,16,3,853,5,4726,10,50
2671,16,3,854,8,4734,1,80
2672,16,3,855,3,4737,1,30
2673,16,3,856,8,4745,3,80
2674,16,3,857,9,4754,2,90
2675,16,3,858,8,4762,0,80
2676,16,3,859,5,4767,6,50
2677,16,3,860,6,4773,3,60
2678,16,3,861,8,4781,5,80
2679,16,3,862,3,4784,4,30
2680,16,3,863,7,4791,4,70
2681,16,3,864,9,4800,5,90
2682,16,3,865,9,4809,8,90
2683,16,3,866,2,4811,2,20
2684,16,3,867,7,4818,4,70
2685,16,3,868,7,4825,1,70
2686,16,3,869,8,4833,3,80
2687,16,3,870,2,4835,2,20
2688,16,3,871,3,4838,2,30
2689,16,3,872,2,4840,0,20
2690,16,3,873,4,4844,1,40
2691,16,3,874,4,4848,1,40
2692,16,3,875,5,4853,2,50
2693,16,3,876,6,4859,3,60
2694,16,3,877,7,4866,4,70
2695,16,3,878,9,4875,0,90
2696,16,3,879,5,4880,8,50
2697,16,3,880,5,4885,1,50
2698,16,3,881,8,4893,2,80
2699,16,3,882,6,4899,3,60
2700,16,3,883,4,4903,2,40
2701,16,3,884,9,4912,5,90
2702,16,3,885,3,4915,1,30
2703,16,3,886,9,4924,3,90
2704,16,3,887,4,4928,2,40
2705,16,3,888,2,4930,1,20
2706,16,3,889,9,4939,5,90
2707,16,3,890,9,4948,7,90
2708,16,3,891,6,4954,2,60
2709,16,3,892,8,4962,4,80
2710,16,3,893,4,4966,0,40
2711,16,3,894,3,4969,3,30
2712,16,3,895,6,4975,4,60
2713,16,3,896,7,4982,0,70
2714,16,3,897,5,4987,3,50
2715,16,3,898,5,4992,1,50
2716,16,3,899,4,4996,4,40
