,Scenario,Trial,Inspection,Interval,Time,Defects,Rate
0,116,1,1,6,6,0,60
1,116,1,2,3,9,5,30
2,116,1,3,2,11,0,20
3,116,1,4,6,17,5,60
4,116,1,5,9,26,6,90
5,116,1,6,6,32,0,60
6,116,1,7,7,39,0,70
7,116,1,8,9,48,8,90
8,116,1,9,7,55,0,70
9,116,1,10,9,64,11,90
10,116,1,11,5,69,2,50
11,116,1,12,9,78,6,90
12,116,1,13,9,87,3,90
13,116,1,14,8,95,1,80
14,116,1,15,2,97,0,20
15,116,1,16,6,103,5,60
16,116,1,17,5,108,2,50
17,116,1,18,5,113,0,50
18,116,1,19,6,119,3,60
19,116,1,20,5,124,3,50
20,116,1,21,2,126,0,20
21,116,1,22,6,132,4,60
22,116,1,23,3,135,1,30
23,116,1,24,3,138,0,30
24,116,1,25,5,143,0,50
25,116,1,26,6,149,8,60
26,116,1,27,6,155,0,60
27,116,1,28,6,161,3,60
28,116,1,29,6,167,0,60
29,116,1,30,2,169,0,20
30,116,1,31,6,175,4,60
31,116,1,32,5,180,4,50
32,116,1,33,6,186,1,60
33,116,1,34,2,188,0,20
34,116,1,35,8,196,0,80
35,116,1,36,3,199,3,30
36,116,1,37,7,206,4,70
37,116,1,38,4,210,0,40
38,116,1,39,2,212,0,20
39,116,1,40,8,220,13,80
40,116,1,41,8,228,5,80
41,116,1,42,3,231,2,30
42,116,1,43,7,238,0,70
43,116,1,44,7,245,8,70
44,116,1,45,6,251,6,60
45,116,1,46,8,259,0,80
46,116,1,47,8,267,6,80
47,116,1,48,8,275,0,80
48,116,1,49,5,280,0,50
49,116,1,50,5,285,9,50
50,116,1,51,5,290,2,50
51,116,1,52,8,298,4,80
52,116,1,53,6,304,2,60
53,116,1,54,6,310,0,60
54,116,1,55,3,313,4,30
55,116,1,56,2,315,0,20
56,116,1,57,4,319,3,40
57,116,1,58,3,322,0,30
58,116,1,59,2,324,4,20
59,116,1,60,9,333,2,90
60,116,1,61,8,341,5,80
61,116,1,62,3,344,3,30
62,116,1,63,7,351,0,70
63,116,1,64,6,357,0,60
64,116,1,65,2,359,0,20
65,116,1,66,6,365,2,60
66,116,1,67,5,370,2,50
67,116,1,68,3,373,1,30
68,116,1,69,5,378,1,50
69,116,1,70,8,386,3,80
70,116,1,71,5,391,3,50
71,116,1,72,7,398,7,70
72,116,1,73,8,406,2,80
73,116,1,74,7,413,6,70
74,116,1,75,9,422,0,90
75,116,1,76,7,429,8,70
76,116,1,77,3,432,0,30
77,116,1,78,2,434,3,20
78,116,1,79,7,441,0,70
79,116,1,80,7,448,0,70
80,116,1,81,2,450,7,20
81,116,1,82,2,452,0,20
82,116,1,83,3,455,0,30
83,116,1,84,6,461,0,60
84,116,1,85,6,467,0,60
85,116,1,86,4,471,0,40
86,116,1,87,2,473,16,20
87,116,1,88,6,479,3,60
88,116,1,89,8,487,4,80
89,116,1,90,4,491,2,40
90,116,1,91,3,494,0,30
91,116,1,92,7,501,8,70
92,116,1,93,4,505,0,40
93,116,1,94,9,514,4,90
94,116,1,95,4,518,0,40
95,116,1,96,8,526,7,80
96,116,1,97,2,528,2,20
97,116,1,98,6,534,4,60
98,116,1,99,9,543,0,90
99,116,1,100,9,552,0,90
100,116,1,101,3,555,10,30
101,116,1,102,8,563,0,80
102,116,1,103,6,569,0,60
103,116,1,104,7,576,0,70
104,116,1,105,8,584,0,80
105,116,1,106,3,587,7,30
106,116,1,107,2,589,0,20
107,116,1,108,7,596,4,70
108,116,1,109,8,604,1,80
109,116,1,110,4,608,3,40
110,116,1,111,7,615,0,70
111,116,1,112,9,624,8,90
112,116,1,113,6,630,0,60
113,116,1,114,3,633,4,30
114,116,1,115,9,642,4,90
115,116,1,116,3,645,0,30
116,116,1,117,7,652,5,70
117,116,1,118,5,657,3,50
118,116,1,119,9,666,2,90
119,116,1,120,5,671,0,50
120,116,1,121,5,676,7,50
121,116,1,122,9,685,8,90
122,116,1,123,5,690,0,50
123,116,1,124,6,696,5,60
124,116,1,125,3,699,1,30
125,116,1,126,6,705,6,60
126,116,1,127,9,714,0,90
127,116,1,128,5,719,2,50
128,116,1,129,3,722,0,30
129,116,1,130,7,729,3,70
130,116,1,131,8,737,0,80
131,116,1,132,6,743,7,60
132,116,1,133,8,751,7,80
133,116,1,134,9,760,0,90
134,116,1,135,8,768,0,80
135,116,1,136,8,776,0,80
136,116,1,137,4,780,0,40
137,116,1,138,3,783,21,30
138,116,1,139,4,787,0,40
139,116,1,140,7,794,5,70
140,116,1,141,2,796,2,20
141,116,1,142,3,799,2,30
142,116,1,143,7,806,2,70
143,116,1,144,6,812,4,60
144,116,1,145,9,821,0,90
145,116,1,146,8,829,6,80
146,116,1,147,4,833,2,40
147,116,1,148,6,839,0,60
148,116,1,149,5,844,1,50
149,116,1,150,6,850,0,60
150,116,1,151,2,852,4,20
151,116,1,152,5,857,2,50
152,116,1,153,4,861,1,40
153,116,1,154,2,863,0,20
154,116,1,155,2,865,1,20
155,116,1,156,2,867,3,20
156,116,1,157,7,874,0,70
157,116,1,158,5,879,0,50
158,116,1,159,2,881,0,20
159,116,1,160,4,885,8,40
160,116,1,161,7,892,0,70
161,116,1,162,7,899,0,70
162,116,1,163,5,904,0,50
163,116,1,164,2,906,10,20
164,116,1,165,7,913,0,70
165,116,1,166,9,922,5,90
166,116,1,167,8,930,2,80
167,116,1,168,3,933,0,30
168,116,1,169,3,936,0,30
169,116,1,170,4,940,0,40
170,116,1,171,8,948,0,80
171,116,1,172,9,957,13,90
172,116,1,173,8,965,2,80
173,116,1,174,2,967,0,20
174,116,1,175,6,973,0,60
175,116,1,176,4,977,2,40
176,116,1,177,3,980,2,30
177,116,1,178,5,985,2,50
178,116,1,179,4,989,1,40
179,116,1,180,8,997,6,80
180,116,1,181,2,999,0,20
181,116,1,182,6,1005,6,60
182,116,1,183,4,1009,1,40
183,116,1,184,2,1011,2,20
184,116,1,185,4,1015,1,40
185,116,1,186,2,1017,0,20
186,116,1,187,7,1024,5,70
187,116,1,188,4,1028,1,40
188,116,1,189,2,1030,2,20
189,116,1,190,6,1036,0,60
190,116,1,191,7,1043,0,70
191,116,1,192,5,1048,4,50
192,116,1,193,2,1050,1,20
193,116,1,194,3,1053,1,30
194,116,1,195,6,1059,0,60
195,116,1,196,7,1066,12,70
196,116,1,197,2,1068,0,20
197,116,1,198,4,1072,0,40
198,116,1,199,5,1077,5,50
199,116,1,200,3,1080,1,30
200,116,1,201,5,1085,0,50
201,116,1,202,7,1092,0,70
202,116,1,203,4,1096,5,40
203,116,1,204,7,1103,0,70
204,116,1,205,9,1112,5,90
205,116,1,206,5,1117,0,50
206,116,1,207,2,1119,0,20
207,116,1,208,6,1125,0,60
208,116,1,209,8,1133,8,80
209,116,1,210,3,1136,3,30
210,116,1,211,8,1144,6,80
211,116,1,212,9,1153,5,90
212,116,1,213,4,1157,0,40
213,116,1,214,9,1166,3,90
214,116,1,215,5,1171,0,50
215,116,1,216,7,1178,0,70
216,116,1,217,7,1185,0,70
217,116,1,218,7,1192,0,70
218,116,1,219,7,1199,18,70
219,116,1,220,4,1203,0,40
220,116,1,221,2,1205,0,20
221,116,1,222,8,1213,4,80
222,116,1,223,4,1217,2,40
223,116,1,224,6,1223,0,60
224,116,1,225,2,1225,0,20
225,116,1,226,4,1229,0,40
226,116,1,227,8,1237,0,80
227,116,1,228,7,1244,11,70
228,116,1,229,7,1251,5,70
229,116,1,230,3,1254,1,30
230,116,1,231,8,1262,0,80
231,116,1,232,3,1265,10,30
232,116,1,233,5,1270,4,50
233,116,1,234,9,1279,4,90
234,116,1,235,6,1285,0,60
235,116,1,236,9,1294,0,90
236,116,1,237,7,1301,9,70
237,116,1,238,4,1305,0,40
238,116,1,239,8,1313,0,80
239,116,1,240,7,1320,7,70
240,116,1,241,7,1327,3,70
241,116,1,242,5,1332,0,50
242,116,1,243,2,1334,3,20
243,116,1,244,8,1342,0,80
244,116,1,245,4,1346,0,40
245,116,1,246,3,1349,10,30
246,116,1,247,8,1357,0,80
247,116,1,248,4,1361,0,40
248,116,1,249,9,1370,0,90
249,116,1,250,2,1372,11,20
250,116,1,251,6,1378,0,60
251,116,1,252,3,1381,7,30
252,116,1,253,7,1388,5,70
253,116,1,254,2,1390,0,20
254,116,1,255,7,1397,0,70
255,116,1,256,7,1404,7,70
256,116,1,257,4,1408,3,40
257,116,1,258,8,1416,3,80
258,116,1,259,4,1420,3,40
259,116,1,260,4,1424,2,40
260,116,1,261,3,1427,2,30
261,116,1,262,7,1434,0,70
262,116,1,263,6,1440,4,60
263,116,1,264,8,1448,3,80
264,116,1,265,6,1454,2,60
265,116,1,266,8,1462,0,80
266,116,1,267,3,1465,5,30
267,116,1,268,7,1472,0,70
268,116,1,269,6,1478,0,60
269,116,1,270,6,1484,0,60
270,116,1,271,8,1492,13,80
271,116,1,272,4,1496,0,40
272,116,1,273,5,1501,4,50
273,116,1,274,2,1503,1,20
274,116,1,275,2,1505,0,20
275,116,1,276,2,1507,0,20
276,116,1,277,2,1509,0,20
277,116,1,278,2,1511,5,20
278,116,1,279,3,1514,1,30
279,116,1,280,9,1523,0,90
280,116,1,281,6,1529,3,60
281,116,1,282,9,1538,3,90
282,116,1,283,4,1542,0,40
283,116,1,284,6,1548,7,60
284,116,1,285,2,1550,0,20
285,116,1,286,2,1552,1,20
286,116,1,287,9,1561,4,90
287,116,1,288,6,1567,6,60
288,116,1,289,9,1576,0,90
289,116,1,290,3,1579,0,30
290,116,1,291,4,1583,7,40
291,116,1,292,3,1586,5,30
292,116,1,293,3,1589,0,30
293,116,1,294,4,1593,2,40
294,116,1,295,4,1597,0,40
295,116,1,296,4,1601,0,40
296,116,1,297,7,1608,0,70
297,116,1,298,9,1617,13,90
298,116,1,299,4,1621,3,40
299,116,1,300,8,1629,0,80
300,116,1,301,6,1635,0,60
301,116,1,302,5,1640,0,50
302,116,1,303,7,1647,15,70
303,116,1,304,2,1649,0,20
304,116,1,305,9,1658,4,90
305,116,1,306,8,1666,3,80
306,116,1,307,4,1670,2,40
307,116,1,308,4,1674,2,40
308,116,1,309,8,1682,4,80
309,116,1,310,8,1690,0,80
310,116,1,311,7,1697,7,70
311,116,1,312,2,1699,0,20
312,116,1,313,6,1705,2,60
313,116,1,314,8,1713,0,80
314,116,1,315,8,1721,10,80
315,116,1,316,6,1727,5,60
316,116,1,317,7,1734,0,70
317,116,1,318,2,1736,5,20
318,116,1,319,4,1740,5,40
319,116,1,320,8,1748,0,80
320,116,1,321,2,1750,4,20
321,116,1,322,7,1757,4,70
322,116,1,323,7,1764,2,70
323,116,1,324,9,1773,8,90
324,116,1,325,9,1782,3,90
325,116,1,326,9,1791,4,90
326,116,1,327,8,1799,6,80
327,116,1,328,5,1804,0,50
328,116,1,329,5,1809,3,50
329,116,1,330,2,1811,0,20
330,116,1,331,9,1820,6,90
331,116,1,332,5,1825,2,50
332,116,1,333,7,1832,0,70
333,116,1,334,2,1834,0,20
334,116,1,335,3,1837,4,30
335,116,1,336,4,1841,0,40
336,116,1,337,9,1850,0,90
337,116,1,338,9,1859,7,90
338,116,1,339,3,1862,2,30
339,116,1,340,4,1866,0,40
340,116,1,341,9,1875,0,90
341,116,1,342,5,1880,0,50
342,116,1,343,9,1889,11,90
343,116,1,344,6,1895,6,60
344,116,1,345,2,1897,0,20
345,116,1,346,8,1905,2,80
346,116,1,347,9,1914,3,90
347,116,1,348,6,1920,2,60
348,116,1,349,8,1928,7,80
349,116,1,350,4,1932,0,40
350,116,1,351,3,1935,0,30
351,116,1,352,7,1942,5,70
352,116,1,353,2,1944,1,20
353,116,1,354,9,1953,0,90
354,116,1,355,3,1956,0,30
355,116,1,356,2,1958,5,20
356,116,1,357,8,1966,0,80
357,116,1,358,3,1969,0,30
358,116,1,359,8,1977,10,80
359,116,1,360,5,1982,1,50
360,116,1,361,2,1984,1,20
361,116,1,362,7,1991,3,70
362,116,1,363,4,1995,4,40
363,116,1,364,4,1999,1,40
364,116,1,365,6,2005,3,60
365,116,1,366,3,2008,3,30
366,116,1,367,2,2010,0,20
367,116,1,368,7,2017,0,70
368,116,1,369,5,2022,0,50
369,116,1,370,6,2028,11,60
370,116,1,371,8,2036,4,80
371,116,1,372,7,2043,3,70
372,116,1,373,4,2047,3,40
373,116,1,374,3,2050,3,30
374,116,1,375,2,2052,0,20
375,116,1,376,2,2054,1,20
376,116,1,377,7,2061,0,70
377,116,1,378,2,2063,0,20
378,116,1,379,4,2067,4,40
379,116,1,380,3,2070,4,30
380,116,1,381,7,2077,2,70
381,116,1,382,9,2086,5,90
382,116,1,383,5,2091,0,50
383,116,1,384,4,2095,2,40
384,116,1,385,4,2099,0,40
385,116,1,386,8,2107,0,80
386,116,1,387,2,2109,3,20
387,116,1,388,7,2116,0,70
388,116,1,389,9,2125,0,90
389,116,1,390,7,2132,10,70
390,116,1,391,7,2139,3,70
391,116,1,392,6,2145,3,60
392,116,1,393,3,2148,0,30
393,116,1,394,6,2154,5,60
394,116,1,395,9,2163,0,90
395,116,1,396,2,2165,5,20
396,116,1,397,2,2167,0,20
397,116,1,398,4,2171,0,40
398,116,1,399,6,2177,3,60
399,116,1,400,6,2183,4,60
400,116,1,401,5,2188,1,50
401,116,1,402,5,2193,0,50
402,116,1,403,3,2196,2,30
403,116,1,404,7,2203,5,70
404,116,1,405,3,2206,0,30
405,116,1,406,5,2211,1,50
406,116,1,407,3,2214,0,30
407,116,1,408,4,2218,0,40
408,116,1,409,9,2227,0,90
409,116,1,410,9,2236,0,90
410,116,1,411,2,2238,13,20
411,116,1,412,7,2245,3,70
412,116,1,413,9,2254,3,90
413,116,1,414,5,2259,1,50
414,116,1,415,4,2263,2,40
415,116,1,416,9,2272,4,90
416,116,1,417,3,2275,1,30
417,116,1,418,6,2281,0,60
418,116,1,419,2,2283,8,20
419,116,1,420,9,2292,6,90
420,116,1,421,8,2300,3,80
421,116,1,422,5,2305,2,50
422,116,1,423,3,2308,0,30
423,116,1,424,5,2313,0,50
424,116,1,425,3,2316,6,30
425,116,1,426,9,2325,4,90
426,116,1,427,9,2334,4,90
427,116,1,428,8,2342,6,80
428,116,1,429,9,2351,0,90
429,116,1,430,5,2356,0,50
430,116,1,431,5,2361,9,50
431,116,1,432,3,2364,0,30
432,116,1,433,6,2370,6,60
433,116,1,434,7,2377,0,70
434,116,1,435,2,2379,0,20
435,116,1,436,9,2388,0,90
436,116,1,437,7,2395,13,70
437,116,1,438,4,2399,0,40
438,116,1,439,2,2401,3,20
439,116,1,440,8,2409,4,80
440,116,1,441,2,2411,0,20
441,116,1,442,2,2413,0,20
442,116,1,443,6,2419,0,60
443,116,1,444,7,2426,3,70
444,116,1,445,5,2431,4,50
445,116,1,446,7,2438,1,70
446,116,1,447,2,2440,3,20
447,116,1,448,6,2446,4,60
448,116,1,449,4,2450,0,40
449,116,1,450,3,2453,4,30
450,116,1,451,3,2456,1,30
451,116,1,452,2,2458,0,20
452,116,1,453,2,2460,0,20
453,116,1,454,2,2462,4,20
454,116,1,455,9,2471,1,90
455,116,1,456,9,2480,3,90
456,116,1,457,3,2483,0,30
457,116,1,458,5,2488,5,50
458,116,1,459,9,2497,7,90
459,116,1,460,5,2502,0,50
460,116,1,461,6,2508,4,60
461,116,1,462,8,2516,4,80
462,116,1,463,2,2518,2,20
463,116,1,464,9,2527,3,90
464,116,1,465,3,2530,0,30
465,116,1,466,6,2536,4,60
466,116,1,467,7,2543,1,70
467,116,1,468,9,2552,3,90
468,116,1,469,8,2560,3,80
469,116,1,470,3,2563,1,30
470,116,1,471,8,2571,2,80
471,116,1,472,7,2578,0,70
472,116,1,473,2,2580,0,20
473,116,1,474,9,2589,12,90
474,116,1,475,4,2593,1,40
475,116,1,476,5,2598,1,50
476,116,1,477,9,2607,4,90
477,116,1,478,4,2611,2,40
478,116,1,479,2,2613,0,20
479,116,1,480,9,2622,4,90
480,116,1,481,4,2626,5,40
481,116,1,482,6,2632,2,60
482,116,1,483,3,2635,0,30
483,116,1,484,2,2637,0,20
484,116,1,485,5,2642,5,50
485,116,1,486,6,2648,3,60
486,116,1,487,3,2651,0,30
487,116,1,488,8,2659,3,80
488,116,1,489,2,2661,0,20
489,116,1,490,8,2669,4,80
490,116,1,491,7,2676,0,70
491,116,1,492,4,2680,0,40
492,116,1,493,5,2685,8,50
493,116,1,494,4,2689,1,40
494,116,1,495,2,2691,2,20
495,116,1,496,6,2697,0,60
496,116,1,497,9,2706,0,90
497,116,1,498,3,2709,6,30
498,116,1,499,6,2715,3,60
499,116,1,500,8,2723,6,80
500,116,1,501,7,2730,2,70
501,116,1,502,4,2734,0,40
502,116,1,503,3,2737,0,30
503,116,1,504,6,2743,12,60
504,116,1,505,8,2751,3,80
505,116,1,506,4,2755,2,40
506,116,1,507,5,2760,0,50
507,116,1,508,4,2764,0,40
508,116,1,509,9,2773,0,90
509,116,1,510,3,2776,12,30
510,116,1,511,9,2785,2,90
511,116,1,512,2,2787,0,20
512,116,1,513,3,2790,0,30
513,116,1,514,5,2795,3,50
514,116,1,515,2,2797,1,20
515,116,1,516,4,2801,0,40
516,116,1,517,2,2803,3,20
517,116,1,518,4,2807,3,40
518,116,1,519,5,2812,0,50
519,116,1,520,2,2814,4,20
520,116,1,521,4,2818,2,40
521,116,1,522,5,2823,3,50
522,116,1,523,6,2829,2,60
523,116,1,524,2,2831,1,20
524,116,1,525,2,2833,1,20
525,116,1,526,3,2836,0,30
526,116,1,527,2,2838,0,20
527,116,1,528,3,2841,4,30
528,116,1,529,2,2843,0,20
529,116,1,530,5,2848,3,50
530,116,1,531,2,2850,0,20
531,116,1,532,8,2858,0,80
532,116,1,533,6,2864,6,60
533,116,1,534,6,2870,0,60
534,116,1,535,8,2878,6,80
535,116,1,536,6,2884,1,60
536,116,1,537,3,2887,1,30
537,116,1,538,5,2892,2,50
538,116,1,539,3,2895,1,30
539,116,1,540,5,2900,0,50
540,116,1,541,7,2907,7,70
541,116,1,542,8,2915,5,80
542,116,1,543,5,2920,0,50
543,116,1,544,5,2925,4,50
544,116,1,545,7,2932,0,70
545,116,1,546,3,2935,5,30
546,116,1,547,4,2939,0,40
547,116,1,548,8,2947,5,80
548,116,1,549,9,2956,1,90
549,116,1,550,8,2964,4,80
550,116,1,551,3,2967,2,30
551,116,1,552,4,2971,0,40
552,116,1,553,2,2973,0,20
553,116,1,554,7,2980,0,70
554,116,1,555,4,2984,0,40
555,116,1,556,2,2986,0,20
556,116,1,557,6,2992,10,60
557,116,1,558,4,2996,0,40
558,116,1,559,8,3004,6,80
559,116,1,560,5,3009,1,50
560,116,1,561,4,3013,0,40
561,116,1,562,2,3015,4,20
562,116,1,563,4,3019,0,40
563,116,1,564,4,3023,3,40
564,116,1,565,4,3027,3,40
565,116,1,566,3,3030,0,30
566,116,1,567,2,3032,0,20
567,116,1,568,4,3036,4,40
568,116,1,569,4,3040,1,40
569,116,1,570,9,3049,6,90
570,116,1,571,9,3058,2,90
571,116,1,572,6,3064,0,60
572,116,1,573,3,3067,0,30
573,116,1,574,9,3076,0,90
574,116,1,575,2,3078,0,20
575,116,1,576,9,3087,0,90
576,116,1,577,2,3089,0,20
577,116,1,578,2,3091,10,20
578,116,1,579,2,3093,2,20
579,116,1,580,4,3097,0,40
580,116,1,581,5,3102,0,50
581,116,1,582,2,3104,4,20
582,116,1,583,2,3106,2,20
583,116,1,584,9,3115,4,90
584,116,1,585,6,3121,0,60
585,116,1,586,5,3126,0,50
586,116,1,587,3,3129,0,30
587,116,1,588,9,3138,7,90
588,116,1,589,2,3140,2,20
589,116,1,590,8,3148,4,80
590,116,1,591,4,3152,3,40
591,116,1,592,4,3156,0,40
592,116,1,593,8,3164,7,80
593,116,1,594,4,3168,0,40
594,116,1,595,4,3172,2,40
595,116,1,596,9,3181,5,90
596,116,1,597,7,3188,2,70
597,116,1,598,3,3191,1,30
598,116,1,599,3,3194,0,30
599,116,1,600,2,3196,1,20
600,116,1,601,7,3203,0,70
601,116,1,602,9,3212,5,90
602,116,1,603,3,3215,0,30
603,116,1,604,3,3218,1,30
604,116,1,605,6,3224,3,60
605,116,1,606,8,3232,0,80
606,116,1,607,8,3240,0,80
607,116,1,608,3,3243,6,30
608,116,1,609,8,3251,3,80
609,116,1,610,3,3254,0,30
610,116,1,611,3,3257,0,30
611,116,1,612,7,3264,0,70
612,116,1,613,9,3273,8,90
613,116,1,614,6,3279,0,60
614,116,1,615,5,3284,7,50
615,116,1,616,3,3287,0,30
616,116,1,617,5,3292,0,50
617,116,1,618,4,3296,2,40
618,116,1,619,8,3304,2,80
619,116,1,620,5,3309,2,50
620,116,1,621,6,3315,0,60
621,116,1,622,9,3324,0,90
622,116,1,623,3,3327,0,30
623,116,1,624,7,3334,0,70
624,116,1,625,3,3337,16,30
625,116,1,626,7,3344,0,70
626,116,1,627,9,3353,9,90
627,116,1,628,8,3361,1,80
628,116,1,629,8,3369,0,80
629,116,1,630,7,3376,8,70
630,116,1,631,9,3385,7,90
631,116,1,632,5,3390,2,50
632,116,1,633,4,3394,0,40
633,116,1,634,7,3401,3,70
634,116,1,635,7,3408,4,70
635,116,1,636,3,3411,1,30
636,116,1,637,3,3414,2,30
637,116,1,638,8,3422,0,80
638,116,1,639,2,3424,0,20
639,116,1,640,6,3430,5,60
640,116,1,641,6,3436,0,60
641,116,1,642,9,3445,0,90
642,116,1,643,2,3447,0,20
643,116,1,644,4,3451,8,40
644,116,1,645,6,3457,4,60
645,116,1,646,8,3465,0,80
646,116,1,647,6,3471,0,60
647,116,1,648,6,3477,16,60
648,116,1,649,3,3480,2,30
649,116,1,650,4,3484,3,40
650,116,1,651,3,3487,1,30
651,116,1,652,3,3490,0,30
652,116,1,653,9,3499,0,90
653,116,1,654,3,3502,8,30
654,116,1,655,6,3508,0,60
655,116,1,656,7,3515,3,70
656,116,1,657,2,3517,2,20
657,116,1,658,4,3521,5,40
658,116,1,659,4,3525,0,40
659,116,1,660,4,3529,0,40
660,116,1,661,4,3533,4,40
661,116,1,662,7,3540,2,70
662,116,1,663,9,3549,3,90
663,116,1,664,4,3553,2,40
664,116,1,665,3,3556,2,30
665,116,1,666,6,3562,0,60
666,116,1,667,2,3564,8,20
667,116,1,668,9,3573,5,90
668,116,1,669,2,3575,0,20
669,116,1,670,7,3582,4,70
670,116,1,671,2,3584,2,20
671,116,1,672,3,3587,1,30
672,116,1,673,5,3592,0,50
673,116,1,674,3,3595,0,30
674,116,1,675,5,3600,3,50
675,116,1,676,2,3602,1,20
676,116,1,677,2,3604,2,20
677,116,1,678,6,3610,0,60
678,116,1,679,5,3615,2,50
679,116,1,680,2,3617,0,20
680,116,1,681,4,3621,1,40
681,116,1,682,9,3630,9,90
682,116,1,683,3,3633,0,30
683,116,1,684,7,3640,3,70
684,116,1,685,6,3646,3,60
685,116,1,686,8,3654,0,80
686,116,1,687,5,3659,6,50
687,116,1,688,2,3661,0,20
688,116,1,689,3,3664,0,30
689,116,1,690,8,3672,10,80
690,116,1,691,3,3675,0,30
691,116,1,692,3,3678,0,30
692,116,1,693,8,3686,6,80
693,116,1,694,9,3695,5,90
694,116,1,695,4,3699,0,40
695,116,1,696,4,3703,2,40
696,116,1,697,8,3711,0,80
697,116,1,698,8,3719,6,80
698,116,1,699,2,3721,1,20
699,116,1,700,7,3728,0,70
700,116,1,701,9,3737,8,90
701,116,1,702,5,3742,6,50
702,116,1,703,2,3744,1,20
703,116,1,704,2,3746,0,20
704,116,1,705,2,3748,0,20
705,116,1,706,4,3752,2,40
706,116,1,707,6,3758,0,60
707,116,1,708,9,3767,0,90
708,116,1,709,4,3771,13,40
709,116,1,710,2,3773,0,20
710,116,1,711,8,3781,2,80
711,116,1,712,6,3787,5,60
712,116,1,713,8,3795,1,80
713,116,1,714,5,3800,0,50
714,116,1,715,2,3802,0,20
715,116,1,716,8,3810,6,80
716,116,1,717,6,3816,0,60
717,116,1,718,4,3820,0,40
718,116,1,719,7,3827,0,70
719,116,1,720,7,3834,0,70
720,116,1,721,5,3839,13,50
721,116,1,722,4,3843,0,40
722,116,1,723,3,3846,4,30
723,116,1,724,2,3848,0,20
724,116,1,725,9,3857,6,90
725,116,1,726,9,3866,0,90
726,116,1,727,9,3875,11,90
727,116,1,728,9,3884,0,90
728,116,1,729,4,3888,0,40
729,116,1,730,8,3896,13,80
730,116,1,731,8,3904,6,80
731,116,1,732,8,3912,9,80
732,116,1,733,2,3914,1,20
733,116,1,734,6,3920,0,60
734,116,1,735,7,3927,4,70
735,116,1,736,5,3932,0,50
736,116,1,737,2,3934,0,20
737,116,1,738,4,3938,0,40
738,116,1,739,8,3946,5,80
739,116,1,740,5,3951,0,50
740,116,1,741,6,3957,5,60
741,116,1,742,9,3966,2,90
742,116,1,743,8,3974,0,80
743,116,1,744,5,3979,3,50
744,116,1,745,4,3983,0,40
745,116,1,746,9,3992,0,90
746,116,1,747,7,3999,3,70
747,116,1,748,8,4007,3,80
748,116,1,749,8,4015,3,80
749,116,1,750,8,4023,7,80
750,116,1,751,2,4025,0,20
751,116,1,752,7,4032,0,70
752,116,1,753,3,4035,4,30
753,116,1,754,5,4040,4,50
754,116,1,755,9,4049,0,90
755,116,1,756,6,4055,4,60
756,116,1,757,4,4059,0,40
757,116,1,758,5,4064,3,50
758,116,1,759,6,4070,0,60
759,116,1,760,3,4073,2,30
760,116,1,761,4,4077,2,40
761,116,1,762,9,4086,4,90
762,116,1,763,3,4089,2,30
763,116,1,764,8,4097,3,80
764,116,1,765,8,4105,0,80
765,116,1,766,9,4114,0,90
766,116,1,767,7,4121,0,70
767,116,1,768,6,4127,0,60
768,116,1,769,2,4129,27,20
769,116,1,770,7,4136,5,70
770,116,1,771,9,4145,3,90
771,116,1,772,7,4152,1,70
772,116,1,773,2,4154,0,20
773,116,1,774,2,4156,2,20
774,116,1,775,9,4165,0,90
775,116,1,776,2,4167,0,20
776,116,1,777,2,4169,8,20
777,116,1,778,7,4176,0,70
778,116,1,779,7,4183,0,70
779,116,1,780,5,4188,0,50
780,116,1,781,9,4197,13,90
781,116,1,782,7,4204,1,70
782,116,1,783,7,4211,1,70
783,116,1,784,3,4214,2,30
784,116,1,785,2,4216,0,20
785,116,1,786,6,4222,2,60
786,116,1,787,7,4229,5,70
787,116,1,788,9,4238,0,90
788,116,1,789,7,4245,9,70
789,116,1,790,9,4254,10,90
790,116,1,791,2,4256,0,20
791,116,1,792,7,4263,0,70
792,116,1,793,8,4271,14,80
793,116,1,794,3,4274,1,30
794,116,1,795,6,4280,6,60
795,116,1,796,3,4283,0,30
796,116,1,797,3,4286,2,30
797,116,1,798,8,4294,2,80
798,116,1,799,4,4298,0,40
799,116,1,800,8,4306,5,80
800,116,1,801,6,4312,1,60
801,116,1,802,3,4315,0,30
802,116,1,803,8,4323,0,80
803,116,1,804,5,4328,0,50
804,116,1,805,8,4336,10,80
805,116,1,806,9,4345,3,90
806,116,1,807,9,4354,5,90
807,116,1,808,6,4360,0,60
808,116,1,809,7,4367,6,70
809,116,1,810,6,4373,6,60
810,116,1,811,6,4379,0,60
811,116,1,812,9,4388,8,90
812,116,1,813,3,4391,0,30
813,116,1,814,3,4394,1,30
814,116,1,815,3,4397,0,30
815,116,1,816,7,4404,3,70
816,116,1,817,7,4411,0,70
817,116,1,818,5,4416,6,50
818,116,1,819,8,4424,0,80
819,116,1,820,9,4433,9,90
820,116,1,821,6,4439,0,60
821,116,1,822,8,4447,0,80
822,116,1,823,8,4455,12,80
823,116,1,824,7,4462,1,70
824,116,1,825,8,4470,0,80
825,116,1,826,5,4475,0,50
826,116,1,827,2,4477,9,20
827,116,1,828,3,4480,0,30
828,116,1,829,3,4483,4,30
829,116,1,830,8,4491,0,80
830,116,1,831,9,4500,0,90
831,116,1,832,7,4507,10,70
832,116,1,833,8,4515,5,80
833,116,1,834,3,4518,0,30
834,116,1,835,4,4522,0,40
835,116,1,836,5,4527,6,50
836,116,1,837,2,4529,1,20
837,116,1,838,9,4538,5,90
838,116,1,839,4,4542,1,40
839,116,1,840,8,4550,0,80
840,116,1,841,2,4552,10,20
841,116,1,842,6,4558,1,60
842,116,1,843,8,4566,0,80
843,116,1,844,5,4571,6,50
844,116,1,845,8,4579,5,80
845,116,1,846,5,4584,0,50
846,116,1,847,5,4589,0,50
847,116,1,848,3,4592,6,30
848,116,1,849,5,4597,1,50
849,116,1,850,2,4599,1,20
850,116,1,851,4,4603,0,40
851,116,1,852,9,4612,8,90
852,116,1,853,6,4618,3,60
853,116,1,854,6,4624,4,60
854,116,1,855,5,4629,5,50
855,116,1,856,3,4632,0,30
856,116,1,857,9,4641,0,90
857,116,1,858,5,4646,11,50
858,116,1,859,9,4655,6,90
859,116,1,860,9,4664,0,90
860,116,1,861,5,4669,0,50
861,116,1,862,9,4678,8,90
862,116,1,863,5,4683,3,50
863,116,1,864,7,4690,0,70
864,116,1,865,4,4694,0,40
865,116,1,866,7,4701,0,70
866,116,1,867,7,4708,0,70
867,116,1,868,4,4712,16,40
868,116,1,869,2,4714,0,20
869,116,1,870,7,4721,4,70
870,116,1,871,7,4728,3,70
871,116,1,872,8,4736,5,80
872,116,1,873,4,4740,1,40
873,116,1,874,6,4746,2,60
874,116,1,875,6,4752,2,60
875,116,1,876,2,4754,0,20
876,116,1,877,7,4761,3,70
877,116,1,878,7,4768,0,70
878,116,1,879,8,4776,12,80
879,116,1,880,3,4779,2,30
880,116,1,881,8,4787,2,80
881,116,1,882,3,4790,2,30
882,116,1,883,8,4798,3,80
883,116,1,884,7,4805,0,70
884,116,1,885,6,4811,5,60
885,116,1,886,3,4814,2,30
886,116,1,887,8,4822,4,80
887,116,1,888,6,4828,0,60
888,116,1,889,9,4837,8,90
889,116,1,890,7,4844,0,70
890,116,1,891,6,4850,0,60
891,116,1,892,7,4857,12,70
892,116,1,893,4,4861,4,40
893,116,1,894,4,4865,0,40
894,116,1,895,7,4872,4,70
895,116,1,896,8,4880,4,80
896,116,1,897,6,4886,0,60
897,116,1,898,9,4895,0,90
898,116,1,899,7,4902,13,70
899,116,1,900,5,4907,3,50
900,116,1,901,9,4916,0,90
901,116,1,902,9,4925,5,90
902,116,1,903,9,4934,0,90
903,116,1,904,9,4943,7,90
904,116,1,905,4,4947,0,40
905,116,1,906,4,4951,2,40
906,116,1,907,3,4954,0,30
907,116,1,908,4,4958,0,40
908,116,1,909,4,4962,2,40
909,116,1,910,8,4970,2,80
910,116,1,911,9,4979,2,90
911,116,1,912,6,4985,3,60
912,116,1,913,8,4993,0,80
913,116,1,914,2,4995,0,20
914,116,1,915,4,4999,6,40
915,116,2,1,9,9,0,90
916,116,2,2,6,15,7,60
917,116,2,3,9,24,4,90
918,116,2,4,7,31,6,70
919,116,2,5,8,39,0,80
920,116,2,6,9,48,0,90
921,116,2,7,5,53,0,50
922,116,2,8,3,56,14,30
923,116,2,9,3,59,2,30
924,116,2,10,7,66,0,70
925,116,2,11,2,68,0,20
926,116,2,12,3,71,4,30
927,116,2,13,8,79,2,80
928,116,2,14,8,87,4,80
929,116,2,15,9,96,7,90
930,116,2,16,2,98,1,20
931,116,2,17,6,104,2,60
932,116,2,18,8,112,7,80
933,116,2,19,3,115,0,30
934,116,2,20,8,123,6,80
935,116,2,21,9,132,0,90
936,116,2,22,7,139,0,70
937,116,2,23,8,147,0,80
938,116,2,24,2,149,7,20
939,116,2,25,6,155,3,60
940,116,2,26,6,161,3,60
941,116,2,27,6,167,0,60
942,116,2,28,5,172,4,50
943,116,2,29,6,178,2,60
944,116,2,30,9,187,4,90
945,116,2,31,2,189,2,20
946,116,2,32,7,196,3,70
947,116,2,33,3,199,1,30
948,116,2,34,4,203,0,40
949,116,2,35,8,211,8,80
950,116,2,36,5,216,2,50
951,116,2,37,8,224,0,80
952,116,2,38,2,226,0,20
953,116,2,39,8,234,9,80
954,116,2,40,9,243,4,90
955,116,2,41,5,248,0,50
956,116,2,42,8,256,5,80
957,116,2,43,6,262,0,60
958,116,2,44,5,267,5,50
959,116,2,45,2,269,0,20
960,116,2,46,9,278,4,90
961,116,2,47,8,286,0,80
962,116,2,48,6,292,7,60
963,116,2,49,6,298,1,60
964,116,2,50,7,305,2,70
965,116,2,51,9,314,0,90
966,116,2,52,6,320,12,60
967,116,2,53,2,322,0,20
968,116,2,54,2,324,2,20
969,116,2,55,2,326,1,20
970,116,2,56,7,333,3,70
971,116,2,57,9,342,0,90
972,116,2,58,7,349,7,70
973,116,2,59,3,352,3,30
974,116,2,60,9,361,5,90
975,116,2,61,3,364,0,30
976,116,2,62,8,372,10,80
977,116,2,63,3,375,2,30
978,116,2,64,8,383,6,80
979,116,2,65,6,389,6,60
980,116,2,66,4,393,1,40
981,116,2,67,8,401,0,80
982,116,2,68,9,410,7,90
983,116,2,69,9,419,3,90
984,116,2,70,8,427,2,80
985,116,2,71,3,430,2,30
986,116,2,72,7,437,0,70
987,116,2,73,4,441,0,40
988,116,2,74,8,449,10,80
989,116,2,75,7,456,1,70
990,116,2,76,9,465,5,90
991,116,2,77,4,469,0,40
992,116,2,78,3,472,0,30
993,116,2,79,2,474,0,20
994,116,2,80,7,481,8,70
995,116,2,81,3,484,2,30
996,116,2,82,6,490,0,60
997,116,2,83,5,495,4,50
998,116,2,84,6,501,0,60
999,116,2,85,5,506,11,50
1000,116,2,86,4,510,0,40
1001,116,2,87,6,516,0,60
1002,116,2,88,8,524,7,80
1003,116,2,89,5,529,0,50
1004,116,2,90,5,534,0,50
1005,116,2,91,7,541,8,70
1006,116,2,92,7,548,0,70
1007,116,2,93,7,555,7,70
1008,116,2,94,7,562,0,70
1009,116,2,95,3,565,4,30
1010,116,2,96,9,574,3,90
1011,116,2,97,7,581,4,70
1012,116,2,98,5,586,0,50
1013,116,2,99,9,595,7,90
1014,116,2,100,5,600,0,50
1015,116,2,101,4,604,0,40
1016,116,2,102,3,607,6,30
1017,116,2,103,3,610,0,30
1018,116,2,104,3,613,0,30
1019,116,2,105,7,620,4,70
1020,116,2,106,4,624,1,40
1021,116,2,107,5,629,1,50
1022,116,2,108,7,636,7,70
1023,116,2,109,3,639,0,30
1024,116,2,110,6,645,0,60
1025,116,2,111,6,651,7,60
1026,116,2,112,3,654,1,30
1027,116,2,113,4,658,2,40
1028,116,2,114,5,663,5,50
1029,116,2,115,3,666,0,30
1030,116,2,116,7,673,8,70
1031,116,2,117,4,677,3,40
1032,116,2,118,6,683,4,60
1033,116,2,119,3,686,0,30
1034,116,2,120,8,694,0,80
1035,116,2,121,5,699,0,50
1036,116,2,122,4,703,11,40
1037,116,2,123,4,707,0,40
1038,116,2,124,8,715,3,80
1039,116,2,125,7,722,0,70
1040,116,2,126,7,729,0,70
1041,116,2,127,7,736,15,70
1042,116,2,128,3,739,3,30
1043,116,2,129,2,741,0,20
1044,116,2,130,2,743,0,20
1045,116,2,131,9,752,11,90
1046,116,2,132,2,754,0,20
1047,116,2,133,3,757,3,30
1048,116,2,134,3,760,1,30
1049,116,2,135,3,763,0,30
1050,116,2,136,7,770,0,70
1051,116,2,137,9,779,0,90
1052,116,2,138,7,786,10,70
1053,116,2,139,7,793,7,70
1054,116,2,140,3,796,3,30
1055,116,2,141,7,803,0,70
1056,116,2,142,8,811,7,80
1057,116,2,143,5,816,0,50
1058,116,2,144,4,820,6,40
1059,116,2,145,5,825,2,50
1060,116,2,146,5,830,0,50
1061,116,2,147,5,835,6,50
1062,116,2,148,5,840,2,50
1063,116,2,149,6,846,1,60
1064,116,2,150,7,853,0,70
1065,116,2,151,9,862,9,90
1066,116,2,152,8,870,5,80
1067,116,2,153,6,876,0,60
1068,116,2,154,2,878,2,20
1069,116,2,155,7,885,0,70
1070,116,2,156,8,893,10,80
1071,116,2,157,2,895,1,20
1072,116,2,158,4,899,1,40
1073,116,2,159,7,906,5,70
1074,116,2,160,9,915,0,90
1075,116,2,161,5,920,4,50
1076,116,2,162,9,929,0,90
1077,116,2,163,6,935,0,60
1078,116,2,164,5,940,10,50
1079,116,2,165,9,949,1,90
1080,116,2,166,8,957,0,80
1081,116,2,167,2,959,10,20
1082,116,2,168,5,964,1,50
1083,116,2,169,4,968,0,40
1084,116,2,170,6,974,6,60
1085,116,2,171,4,978,3,40
1086,116,2,172,7,985,0,70
1087,116,2,173,8,993,0,80
1088,116,2,174,8,1001,0,80
1089,116,2,175,7,1008,11,70
1090,116,2,176,2,1010,1,20
1091,116,2,177,7,1017,0,70
1092,116,2,178,2,1019,9,20
1093,116,2,179,5,1024,2,50
1094,116,2,180,9,1033,0,90
1095,116,2,181,7,1040,9,70
1096,116,2,182,5,1045,0,50
1097,116,2,183,4,1049,2,40
1098,116,2,184,2,1051,3,20
1099,116,2,185,7,1058,0,70
1100,116,2,186,3,1061,3,30
1101,116,2,187,2,1063,0,20
1102,116,2,188,4,1067,0,40
1103,116,2,189,4,1071,5,40
1104,116,2,190,7,1078,0,70
1105,116,2,191,2,1080,0,20
1106,116,2,192,6,1086,13,60
1107,116,2,193,3,1089,0,30
1108,116,2,194,2,1091,0,20
1109,116,2,195,8,1099,6,80
1110,116,2,196,3,1102,0,30
1111,116,2,197,5,1107,0,50
1112,116,2,198,8,1115,2,80
1113,116,2,199,7,1122,2,70
1114,116,2,200,9,1131,0,90
1115,116,2,201,8,1139,0,80
1116,116,2,202,5,1144,0,50
1117,116,2,203,3,1147,0,30
1118,116,2,204,9,1156,23,90
1119,116,2,205,8,1164,4,80
1120,116,2,206,7,1171,2,70
1121,116,2,207,2,1173,2,20
1122,116,2,208,6,1179,0,60
1123,116,2,209,4,1183,3,40
1124,116,2,210,3,1186,0,30
1125,116,2,211,8,1194,4,80
1126,116,2,212,4,1198,3,40
1127,116,2,213,4,1202,0,40
1128,116,2,214,6,1208,0,60
1129,116,2,215,7,1215,7,70
1130,116,2,216,2,1217,0,20
1131,116,2,217,2,1219,2,20
1132,116,2,218,4,1223,0,40
1133,116,2,219,5,1228,0,50
1134,116,2,220,8,1236,0,80
1135,116,2,221,4,1240,5,40
1136,116,2,222,6,1246,2,60
1137,116,2,223,3,1249,3,30
1138,116,2,224,7,1256,2,70
1139,116,2,225,2,1258,1,20
1140,116,2,226,6,1264,6,60
1141,116,2,227,9,1273,3,90
1142,116,2,228,3,1276,3,30
1143,116,2,229,5,1281,3,50
1144,116,2,230,7,1288,7,70
1145,116,2,231,6,1294,0,60
1146,116,2,232,2,1296,2,20
1147,116,2,233,3,1299,1,30
1148,116,2,234,3,1302,2,30
1149,116,2,235,3,1305,3,30
1150,116,2,236,9,1314,2,90
1151,116,2,237,8,1322,0,80
1152,116,2,238,7,1329,8,70
1153,116,2,239,5,1334,0,50
1154,116,2,240,4,1338,0,40
1155,116,2,241,4,1342,0,40
1156,116,2,242,5,1347,0,50
1157,116,2,243,3,1350,6,30
1158,116,2,244,3,1353,1,30
1159,116,2,245,2,1355,3,20
1160,116,2,246,6,1361,2,60
1161,116,2,247,3,1364,0,30
1162,116,2,248,3,1367,0,30
1163,116,2,249,9,1376,12,90
1164,116,2,250,3,1379,0,30
1165,116,2,251,5,1384,2,50
1166,116,2,252,9,1393,8,90
1167,116,2,253,3,1396,2,30
1168,116,2,254,9,1405,4,90
1169,116,2,255,8,1413,2,80
1170,116,2,256,5,1418,2,50
1171,116,2,257,8,1426,4,80
1172,116,2,258,2,1428,2,20
1173,116,2,259,4,1432,2,40
1174,116,2,260,7,1439,1,70
1175,116,2,261,5,1444,5,50
1176,116,2,262,2,1446,0,20
1177,116,2,263,5,1451,1,50
1178,116,2,264,6,1457,0,60
1179,116,2,265,6,1463,5,60
1180,116,2,266,3,1466,1,30
1181,116,2,267,4,1470,4,40
1182,116,2,268,8,1478,5,80
1183,116,2,269,8,1486,0,80
1184,116,2,270,4,1490,6,40
1185,116,2,271,4,1494,0,40
1186,116,2,272,4,1498,0,40
1187,116,2,273,2,1500,4,20
1188,116,2,274,8,1508,7,80
1189,116,2,275,9,1517,0,90
1190,116,2,276,4,1521,7,40
1191,116,2,277,7,1528,0,70
1192,116,2,278,7,1535,5,70
1193,116,2,279,2,1537,0,20
1194,116,2,280,9,1546,0,90
1195,116,2,281,6,1552,14,60
1196,116,2,282,9,1561,5,90
1197,116,2,283,8,1569,3,80
1198,116,2,284,6,1575,0,60
1199,116,2,285,5,1580,0,50
1200,116,2,286,8,1588,0,80
1201,116,2,287,7,1595,0,70
1202,116,2,288,7,1602,0,70
1203,116,2,289,7,1609,0,70
1204,116,2,290,7,1616,21,70
1205,116,2,291,9,1625,0,90
1206,116,2,292,8,1633,6,80
1207,116,2,293,9,1642,0,90
1208,116,2,294,3,1645,6,30
1209,116,2,295,4,1649,0,40
1210,116,2,296,6,1655,0,60
1211,116,2,297,9,1664,0,90
1212,116,2,298,6,1670,0,60
1213,116,2,299,2,1672,12,20
1214,116,2,300,7,1679,0,70
1215,116,2,301,3,1682,5,30
1216,116,2,302,8,1690,0,80
1217,116,2,303,9,1699,7,90
1218,116,2,304,7,1706,3,70
1219,116,2,305,7,1713,0,70
1220,116,2,306,2,1715,0,20
1221,116,2,307,6,1721,7,60
1222,116,2,308,9,1730,5,90
1223,116,2,309,8,1738,8,80
1224,116,2,310,9,1747,0,90
1225,116,2,311,4,1751,5,40
1226,116,2,312,3,1754,0,30
1227,116,2,313,7,1761,0,70
1228,116,2,314,3,1764,4,30
1229,116,2,315,8,1772,0,80
1230,116,2,316,4,1776,7,40
1231,116,2,317,8,1784,3,80
1232,116,2,318,4,1788,0,40
1233,116,2,319,2,1790,0,20
1234,116,2,320,8,1798,7,80
1235,116,2,321,9,1807,0,90
1236,116,2,322,8,1815,0,80
1237,116,2,323,7,1822,15,70
1238,116,2,324,3,1825,0,30
1239,116,2,325,9,1834,0,90
1240,116,2,326,7,1841,8,70
1241,116,2,327,3,1844,0,30
1242,116,2,328,5,1849,5,50
1243,116,2,329,3,1852,1,30
1244,116,2,330,7,1859,4,70
1245,116,2,331,4,1863,1,40
1246,116,2,332,5,1868,5,50
1247,116,2,333,3,1871,0,30
1248,116,2,334,6,1877,5,60
1249,116,2,335,2,1879,0,20
1250,116,2,336,5,1884,3,50
1251,116,2,337,3,1887,3,30
1252,116,2,338,5,1892,4,50
1253,116,2,339,5,1897,0,50
1254,116,2,340,9,1906,0,90
1255,116,2,341,5,1911,0,50
1256,116,2,342,4,1915,0,40
1257,116,2,343,5,1920,0,50
1258,116,2,344,7,1927,0,70
1259,116,2,345,7,1934,26,70
1260,116,2,346,4,1938,1,40
1261,116,2,347,4,1942,1,40
1262,116,2,348,6,1948,0,60
1263,116,2,349,6,1954,7,60
1264,116,2,350,2,1956,0,20
1265,116,2,351,8,1964,5,80
1266,116,2,352,6,1970,0,60
1267,116,2,353,5,1975,6,50
1268,116,2,354,7,1982,4,70
1269,116,2,355,9,1991,0,90
1270,116,2,356,2,1993,3,20
1271,116,2,357,3,1996,0,30
1272,116,2,358,5,2001,0,50
1273,116,2,359,4,2005,2,40
1274,116,2,360,5,2010,4,50
1275,116,2,361,2,2012,0,20
1276,116,2,362,2,2014,0,20
1277,116,2,363,9,2023,0,90
1278,116,2,364,7,2030,0,70
1279,116,2,365,6,2036,0,60
1280,116,2,366,9,2045,10,90
1281,116,2,367,8,2053,6,80
1282,116,2,368,6,2059,0,60
1283,116,2,369,3,2062,0,30
1284,116,2,370,7,2069,0,70
1285,116,2,371,9,2078,7,90
1286,116,2,372,7,2085,3,70
1287,116,2,373,5,2090,0,50
1288,116,2,374,7,2097,3,70
1289,116,2,375,4,2101,0,40
1290,116,2,376,6,2107,3,60
1291,116,2,377,3,2110,0,30
1292,116,2,378,2,2112,0,20
1293,116,2,379,2,2114,0,20
1294,116,2,380,4,2118,9,40
1295,116,2,381,2,2120,3,20
1296,116,2,382,3,2123,0,30
1297,116,2,383,4,2127,0,40
1298,116,2,384,2,2129,3,20
1299,116,2,385,9,2138,2,90
1300,116,2,386,3,2141,1,30
1301,116,2,387,4,2145,2,40
1302,116,2,388,8,2153,0,80
1303,116,2,389,7,2160,9,70
1304,116,2,390,9,2169,0,90
1305,116,2,391,4,2173,9,40
1306,116,2,392,3,2176,0,30
1307,116,2,393,7,2183,11,70
1308,116,2,394,3,2186,1,30
1309,116,2,395,4,2190,0,40
1310,116,2,396,2,2192,3,20
1311,116,2,397,7,2199,4,70
1312,116,2,398,7,2206,2,70
1313,116,2,399,2,2208,0,20
1314,116,2,400,7,2215,3,70
1315,116,2,401,6,2221,0,60
1316,116,2,402,9,2230,0,90
1317,116,2,403,2,2232,0,20
1318,116,2,404,3,2235,9,30
1319,116,2,405,6,2241,5,60
1320,116,2,406,8,2249,1,80
1321,116,2,407,3,2252,0,30
1322,116,2,408,3,2255,0,30
1323,116,2,409,7,2262,0,70
1324,116,2,410,6,2268,12,60
1325,116,2,411,8,2276,3,80
1326,116,2,412,5,2281,1,50
1327,116,2,413,6,2287,0,60
1328,116,2,414,2,2289,0,20
1329,116,2,415,4,2293,0,40
1330,116,2,416,4,2297,0,40
1331,116,2,417,2,2299,9,20
1332,116,2,418,7,2306,3,70
1333,116,2,419,2,2308,2,20
1334,116,2,420,8,2316,4,80
1335,116,2,421,6,2322,7,60
1336,116,2,422,6,2328,2,60
1337,116,2,423,5,2333,4,50
1338,116,2,424,6,2339,1,60
1339,116,2,425,4,2343,2,40
1340,116,2,426,8,2351,0,80
1341,116,2,427,3,2354,4,30
1342,116,2,428,7,2361,0,70
1343,116,2,429,4,2365,5,40
1344,116,2,430,4,2369,1,40
1345,116,2,431,5,2374,2,50
1346,116,2,432,3,2377,0,30
1347,116,2,433,5,2382,4,50
1348,116,2,434,5,2387,0,50
1349,116,2,435,6,2393,2,60
1350,116,2,436,7,2400,3,70
1351,116,2,437,2,2402,0,20
1352,116,2,438,9,2411,8,90
1353,116,2,439,9,2420,0,90
1354,116,2,440,2,2422,0,20
1355,116,2,441,4,2426,0,40
1356,116,2,442,3,2429,16,30
1357,116,2,443,2,2431,0,20
1358,116,2,444,2,2433,0,20
1359,116,2,445,2,2435,0,20
1360,116,2,446,3,2438,3,30
1361,116,2,447,8,2446,6,80
1362,116,2,448,2,2448,0,20
1363,116,2,449,7,2455,7,70
1364,116,2,450,9,2464,5,90
1365,116,2,451,9,2473,4,90
1366,116,2,452,4,2477,1,40
1367,116,2,453,2,2479,0,20
1368,116,2,454,6,2485,3,60
1369,116,2,455,8,2493,0,80
1370,116,2,456,6,2499,6,60
1371,116,2,457,6,2505,2,60
1372,116,2,458,9,2514,6,90
1373,116,2,459,3,2517,1,30
1374,116,2,460,3,2520,8,30
1375,116,2,461,8,2528,5,80
1376,116,2,462,9,2537,1,90
1377,116,2,463,8,2545,2,80
1378,116,2,464,6,2551,1,60
1379,116,2,465,2,2553,0,20
1380,116,2,466,3,2556,0,30
1381,116,2,467,5,2561,7,50
1382,116,2,468,9,2570,12,90
1383,116,2,469,7,2577,4,70
1384,116,2,470,7,2584,5,70
1385,116,2,471,4,2588,0,40
1386,116,2,472,8,2596,0,80
1387,116,2,473,4,2600,0,40
1388,116,2,474,7,2607,0,70
1389,116,2,475,4,2611,15,40
1390,116,2,476,3,2614,4,30
1391,116,2,477,5,2619,5,50
1392,116,2,478,5,2624,1,50
1393,116,2,479,3,2627,2,30
1394,116,2,480,2,2629,1,20
1395,116,2,481,2,2631,0,20
1396,116,2,482,5,2636,3,50
1397,116,2,483,9,2645,3,90
1398,116,2,484,4,2649,0,40
1399,116,2,485,2,2651,0,20
1400,116,2,486,4,2655,4,40
1401,116,2,487,8,2663,0,80
1402,116,2,488,6,2669,0,60
1403,116,2,489,7,2676,10,70
1404,116,2,490,7,2683,3,70
1405,116,2,491,3,2686,4,30
1406,116,2,492,9,2695,4,90
1407,116,2,493,5,2700,5,50
1408,116,2,494,9,2709,5,90
1409,116,2,495,8,2717,4,80
1410,116,2,496,7,2724,0,70
1411,116,2,497,8,2732,5,80
1412,116,2,498,3,2735,0,30
1413,116,2,499,7,2742,7,70
1414,116,2,500,4,2746,5,40
1415,116,2,501,9,2755,0,90
1416,116,2,502,9,2764,0,90
1417,116,2,503,6,2770,18,60
1418,116,2,504,4,2774,2,40
1419,116,2,505,4,2778,4,40
1420,116,2,506,5,2783,2,50
1421,116,2,507,4,2787,0,40
1422,116,2,508,6,2793,0,60
1423,116,2,509,8,2801,0,80
1424,116,2,510,2,2803,0,20
1425,116,2,511,4,2807,12,40
1426,116,2,512,9,2816,0,90
1427,116,2,513,3,2819,11,30
1428,116,2,514,4,2823,0,40
1429,116,2,515,7,2830,8,70
1430,116,2,516,7,2837,0,70
1431,116,2,517,9,2846,0,90
1432,116,2,518,5,2851,0,50
1433,116,2,519,9,2860,0,90
1434,116,2,520,7,2867,0,70
1435,116,2,521,8,2875,12,80
1436,116,2,522,3,2878,2,30
1437,116,2,523,6,2884,1,60
1438,116,2,524,5,2889,2,50
1439,116,2,525,5,2894,0,50
1440,116,2,526,5,2899,0,50
1441,116,2,527,8,2907,8,80
1442,116,2,528,8,2915,0,80
1443,116,2,529,5,2920,0,50
1444,116,2,530,2,2922,10,20
1445,116,2,531,7,2929,5,70
1446,116,2,532,7,2936,0,70
1447,116,2,533,4,2940,9,40
1448,116,2,534,6,2946,0,60
1449,116,2,535,9,2955,10,90
1450,116,2,536,8,2963,0,80
1451,116,2,537,8,2971,10,80
1452,116,2,538,5,2976,0,50
1453,116,2,539,8,2984,0,80
1454,116,2,540,9,2993,0,90
1455,116,2,541,6,2999,17,60
1456,116,2,542,8,3007,5,80
1457,116,2,543,7,3014,0,70
1458,116,2,544,8,3022,11,80
1459,116,2,545,7,3029,3,70
1460,116,2,546,4,3033,2,40
1461,116,2,547,6,3039,2,60
1462,116,2,548,9,3048,3,90
1463,116,2,549,9,3057,3,90
1464,116,2,550,5,3062,2,50
1465,116,2,551,3,3065,0,30
1466,116,2,552,7,3072,0,70
1467,116,2,553,5,3077,2,50
1468,116,2,554,7,3084,5,70
1469,116,2,555,7,3091,7,70
1470,116,2,556,9,3100,5,90
1471,116,2,557,7,3107,4,70
1472,116,2,558,2,3109,0,20
1473,116,2,559,3,3112,5,30
1474,116,2,560,9,3121,4,90
1475,116,2,561,8,3129,8,80
1476,116,2,562,3,3132,2,30
1477,116,2,563,4,3136,2,40
1478,116,2,564,2,3138,3,20
1479,116,2,565,7,3145,6,70
1480,116,2,566,7,3152,4,70
1481,116,2,567,8,3160,6,80
1482,116,2,568,8,3168,3,80
1483,116,2,569,9,3177,4,90
1484,116,2,570,7,3184,2,70
1485,116,2,571,5,3189,0,50
1486,116,2,572,6,3195,0,60
1487,116,2,573,3,3198,2,30
1488,116,2,574,2,3200,1,20
1489,116,2,575,2,3202,0,20
1490,116,2,576,6,3208,0,60
1491,116,2,577,3,3211,4,30
1492,116,2,578,9,3220,4,90
1493,116,2,579,2,3222,1,20
1494,116,2,580,3,3225,2,30
1495,116,2,581,7,3232,0,70
1496,116,2,582,7,3239,0,70
1497,116,2,583,9,3248,12,90
1498,116,2,584,8,3256,1,80
1499,116,2,585,6,3262,4,60
1500,116,2,586,3,3265,0,30
1501,116,2,587,6,3271,5,60
1502,116,2,588,9,3280,4,90
1503,116,2,589,6,3286,4,60
1504,116,2,590,6,3292,0,60
1505,116,2,591,7,3299,0,70
1506,116,2,592,4,3303,0,40
1507,116,2,593,7,3310,12,70
1508,116,2,594,6,3316,5,60
1509,116,2,595,7,3323,0,70
1510,116,2,596,6,3329,2,60
1511,116,2,597,2,3331,0,20
1512,116,2,598,3,3334,4,30
1513,116,2,599,9,3343,4,90
1514,116,2,600,2,3345,3,20
1515,116,2,601,9,3354,0,90
1516,116,2,602,7,3361,6,70
1517,116,2,603,3,3364,0,30
1518,116,2,604,9,3373,0,90
1519,116,2,605,3,3376,12,30
1520,116,2,606,3,3379,2,30
1521,116,2,607,9,3388,0,90
1522,116,2,608,6,3394,14,60
1523,116,2,609,9,3403,0,90
1524,116,2,610,7,3410,4,70
1525,116,2,611,6,3416,2,60
1526,116,2,612,8,3424,7,80
1527,116,2,613,8,3432,3,80
1528,116,2,614,3,3435,1,30
1529,116,2,615,2,3437,0,20
1530,116,2,616,9,3446,8,90
1531,116,2,617,8,3454,4,80
1532,116,2,618,8,3462,0,80
1533,116,2,619,4,3466,7,40
1534,116,2,620,9,3475,0,90
1535,116,2,621,7,3482,12,70
1536,116,2,622,4,3486,3,40
1537,116,2,623,9,3495,0,90
1538,116,2,624,7,3502,0,70
1539,116,2,625,3,3505,6,30
1540,116,2,626,8,3513,0,80
1541,116,2,627,8,3521,8,80
1542,116,2,628,7,3528,0,70
1543,116,2,629,9,3537,0,90
1544,116,2,630,3,3540,18,30
1545,116,2,631,3,3543,1,30
1546,116,2,632,4,3547,2,40
1547,116,2,633,8,3555,0,80
1548,116,2,634,5,3560,7,50
1549,116,2,635,4,3564,0,40
1550,116,2,636,6,3570,0,60
1551,116,2,637,4,3574,7,40
1552,116,2,638,2,3576,0,20
1553,116,2,639,5,3581,0,50
1554,116,2,640,7,3588,0,70
1555,116,2,641,7,3595,8,70
1556,116,2,642,8,3603,0,80
1557,116,2,643,8,3611,9,80
1558,116,2,644,5,3616,0,50
1559,116,2,645,2,3618,0,20
1560,116,2,646,9,3627,8,90
1561,116,2,647,4,3631,0,40
1562,116,2,648,2,3633,2,20
1563,116,2,649,6,3639,0,60
1564,116,2,650,2,3641,6,20
1565,116,2,651,2,3643,0,20
1566,116,2,652,7,3650,2,70
1567,116,2,653,8,3658,4,80
1568,116,2,654,9,3667,0,90
1569,116,2,655,3,3670,0,30
1570,116,2,656,4,3674,0,40
1571,116,2,657,3,3677,0,30
1572,116,2,658,6,3683,10,60
1573,116,2,659,9,3692,3,90
1574,116,2,660,2,3694,0,20
1575,116,2,661,5,3699,6,50
1576,116,2,662,3,3702,0,30
1577,116,2,663,3,3705,3,30
1578,116,2,664,5,3710,0,50
1579,116,2,665,4,3714,5,40
1580,116,2,666,8,3722,1,80
1581,116,2,667,7,3729,5,70
1582,116,2,668,2,3731,1,20
1583,116,2,669,6,3737,5,60
1584,116,2,670,5,3742,1,50
1585,116,2,671,5,3747,3,50
1586,116,2,672,3,3750,0,30
1587,116,2,673,2,3752,1,20
1588,116,2,674,4,3756,1,40
1589,116,2,675,6,3762,0,60
1590,116,2,676,9,3771,5,90
1591,116,2,677,8,3779,5,80
1592,116,2,678,9,3788,7,90
1593,116,2,679,4,3792,0,40
1594,116,2,680,3,3795,4,30
1595,116,2,681,6,3801,0,60
1596,116,2,682,9,3810,0,90
1597,116,2,683,5,3815,0,50
1598,116,2,684,6,3821,7,60
1599,116,2,685,7,3828,3,70
1600,116,2,686,7,3835,0,70
1601,116,2,687,4,3839,1,40
1602,116,2,688,6,3845,2,60
1603,116,2,689,2,3847,0,20
1604,116,2,690,4,3851,0,40
1605,116,2,691,7,3858,0,70
1606,116,2,692,9,3867,17,90
1607,116,2,693,6,3873,0,60
1608,116,2,694,2,3875,5,20
1609,116,2,695,4,3879,0,40
1610,116,2,696,9,3888,0,90
1611,116,2,697,2,3890,0,20
1612,116,2,698,2,3892,0,20
1613,116,2,699,3,3895,9,30
1614,116,2,700,2,3897,1,20
1615,116,2,701,9,3906,3,90
1616,116,2,702,4,3910,2,40
1617,116,2,703,9,3919,0,90
1618,116,2,704,7,3926,7,70
1619,116,2,705,4,3930,1,40
1620,116,2,706,3,3933,2,30
1621,116,2,707,3,3936,0,30
1622,116,2,708,2,3938,0,20
1623,116,2,709,4,3942,4,40
1624,116,2,710,8,3950,5,80
1625,116,2,711,4,3954,2,40
1626,116,2,712,6,3960,3,60
1627,116,2,713,3,3963,3,30
1628,116,2,714,2,3965,0,20
1629,116,2,715,7,3972,5,70
1630,116,2,716,6,3978,2,60
1631,116,2,717,3,3981,0,30
1632,116,2,718,6,3987,5,60
1633,116,2,719,6,3993,2,60
1634,116,2,720,9,4002,0,90
1635,116,2,721,4,4006,5,40
1636,116,2,722,3,4009,0,30
1637,116,2,723,9,4018,9,90
1638,116,2,724,3,4021,3,30
1639,116,2,725,9,4030,10,90
1640,116,2,726,2,4032,0,20
1641,116,2,727,3,4035,0,30
1642,116,2,728,4,4039,1,40
1643,116,2,729,7,4046,2,70
1644,116,2,730,8,4054,3,80
1645,116,2,731,5,4059,0,50
1646,116,2,732,4,4063,5,40
1647,116,2,733,6,4069,7,60
1648,116,2,734,3,4072,0,30
1649,116,2,735,8,4080,2,80
1650,116,2,736,3,4083,4,30
1651,116,2,737,7,4090,0,70
1652,116,2,738,2,4092,0,20
1653,116,2,739,7,4099,0,70
1654,116,2,740,8,4107,14,80
1655,116,2,741,7,4114,3,70
1656,116,2,742,4,4118,0,40
1657,116,2,743,6,4124,0,60
1658,116,2,744,4,4128,8,40
1659,116,2,745,5,4133,0,50
1660,116,2,746,5,4138,2,50
1661,116,2,747,2,4140,0,20
1662,116,2,748,9,4149,7,90
1663,116,2,749,8,4157,4,80
1664,116,2,750,4,4161,1,40
1665,116,2,751,7,4168,5,70
1666,116,2,752,2,4170,0,20
1667,116,2,753,5,4175,3,50
1668,116,2,754,2,4177,1,20
1669,116,2,755,9,4186,3,90
1670,116,2,756,4,4190,2,40
1671,116,2,757,3,4193,3,30
1672,116,2,758,9,4202,3,90
1673,116,2,759,2,4204,3,20
1674,116,2,760,2,4206,1,20
1675,116,2,761,6,4212,0,60
1676,116,2,762,3,4215,4,30
1677,116,2,763,2,4217,0,20
1678,116,2,764,3,4220,1,30
1679,116,2,765,3,4223,0,30
1680,116,2,766,4,4227,0,40
1681,116,2,767,7,4234,0,70
1682,116,2,768,9,4243,0,90
1683,116,2,769,8,4251,6,80
1684,116,2,770,4,4255,0,40
1685,116,2,771,4,4259,4,40
1686,116,2,772,6,4265,4,60
1687,116,2,773,8,4273,8,80
1688,116,2,774,8,4281,0,80
1689,116,2,775,3,4284,6,30
1690,116,2,776,3,4287,2,30
1691,116,2,777,8,4295,1,80
1692,116,2,778,4,4299,6,40
1693,116,2,779,7,4306,5,70
1694,116,2,780,4,4310,2,40
1695,116,2,781,5,4315,5,50
1696,116,2,782,3,4318,0,30
1697,116,2,783,8,4326,0,80
1698,116,2,784,5,4331,3,50
1699,116,2,785,6,4337,0,60
1700,116,2,786,7,4344,10,70
1701,116,2,787,2,4346,0,20
1702,116,2,788,4,4350,6,40
1703,116,2,789,9,4359,5,90
1704,116,2,790,5,4364,1,50
1705,116,2,791,8,4372,3,80
1706,116,2,792,8,4380,3,80
1707,116,2,793,4,4384,2,40
1708,116,2,794,3,4387,0,30
1709,116,2,795,7,4394,4,70
1710,116,2,796,5,4399,4,50
1711,116,2,797,8,4407,0,80
1712,116,2,798,6,4413,0,60
1713,116,2,799,7,4420,0,70
1714,116,2,800,6,4426,0,60
1715,116,2,801,7,4433,0,70
1716,116,2,802,8,4441,0,80
1717,116,2,803,3,4444,16,30
1718,116,2,804,9,4453,0,90
1719,116,2,805,8,4461,15,80
1720,116,2,806,4,4465,1,40
1721,116,2,807,2,4467,0,20
1722,116,2,808,3,4470,0,30
1723,116,2,809,9,4479,0,90
1724,116,2,810,6,4485,0,60
1725,116,2,811,5,4490,0,50
1726,116,2,812,9,4499,0,90
1727,116,2,813,7,4506,21,70
1728,116,2,814,9,4515,1,90
1729,116,2,815,9,4524,7,90
1730,116,2,816,8,4532,0,80
1731,116,2,817,8,4540,0,80
1732,116,2,818,2,4542,0,20
1733,116,2,819,6,4548,9,60
1734,116,2,820,8,4556,1,80
1735,116,2,821,6,4562,3,60
1736,116,2,822,9,4571,2,90
1737,116,2,823,4,4575,1,40
1738,116,2,824,5,4580,1,50
1739,116,2,825,2,4582,0,20
1740,116,2,826,2,4584,0,20
1741,116,2,827,5,4589,5,50
1742,116,2,828,7,4596,0,70
1743,116,2,829,9,4605,5,90
1744,116,2,830,3,4608,0,30
1745,116,2,831,3,4611,1,30
1746,116,2,832,5,4616,0,50
1747,116,2,833,5,4621,12,50
1748,116,2,834,6,4627,3,60
1749,116,2,835,2,4629,0,20
1750,116,2,836,2,4631,2,20
1751,116,2,837,8,4639,0,80
1752,116,2,838,6,4645,6,60
1753,116,2,839,3,4648,0,30
1754,116,2,840,3,4651,2,30
1755,116,2,841,8,4659,0,80
1756,116,2,842,6,4665,0,60
1757,116,2,843,9,4674,6,90
1758,116,2,844,7,4681,5,70
1759,116,2,845,4,4685,0,40
1760,116,2,846,5,4690,0,50
1761,116,2,847,5,4695,0,50
1762,116,2,848,9,4704,0,90
1763,116,2,849,7,4711,0,70
1764,116,2,850,6,4717,16,60
1765,116,2,851,3,4720,0,30
1766,116,2,852,9,4729,5,90
1767,116,2,853,4,4733,0,40
1768,116,2,854,8,4741,2,80
1769,116,2,855,2,4743,0,20
1770,116,2,856,2,4745,1,20
1771,116,2,857,4,4749,3,40
1772,116,2,858,4,4753,0,40
1773,116,2,859,7,4760,7,70
1774,116,2,860,5,4765,3,50
1775,116,2,861,7,4772,3,70
1776,116,2,862,3,4775,0,30
1777,116,2,863,6,4781,3,60
1778,116,2,864,5,4786,3,50
1779,116,2,865,7,4793,0,70
1780,116,2,866,6,4799,10,60
1781,116,2,867,4,4803,3,40
1782,116,2,868,2,4805,0,20
1783,116,2,869,5,4810,0,50
1784,116,2,870,5,4815,0,50
1785,116,2,871,7,4822,15,70
1786,116,2,872,6,4828,2,60
1787,116,2,873,5,4833,1,50
1788,116,2,874,3,4836,1,30
1789,116,2,875,4,4840,1,40
1790,116,2,876,5,4845,3,50
1791,116,2,877,7,4852,0,70
1792,116,2,878,2,4854,7,20
1793,116,2,879,9,4863,6,90
1794,116,2,880,3,4866,1,30
1795,116,2,881,5,4871,2,50
1796,116,2,882,4,4875,1,40
1797,116,2,883,8,4883,3,80
1798,116,2,884,5,4888,2,50
1799,116,2,885,5,4893,1,50
1800,116,2,886,4,4897,2,40
1801,116,2,887,2,4899,0,20
1802,116,2,888,3,4902,5,30
1803,116,2,889,5,4907,4,50
1804,116,2,890,4,4911,4,40
1805,116,2,891,7,4918,4,70
1806,116,2,892,6,4924,1,60
1807,116,2,893,6,4930,0,60
1808,116,2,894,7,4937,10,70
1809,116,2,895,5,4942,4,50
1810,116,2,896,2,4944,1,20
1811,116,2,897,3,4947,3,30
1812,116,2,898,3,4950,0,30
1813,116,2,899,2,4952,0,20
1814,116,2,900,9,4961,12,90
1815,116,2,901,8,4969,7,80
1816,116,2,902,6,4975,1,60
1817,116,2,903,7,4982,6,70
1818,116,2,904,3,4985,1,30
1819,116,2,905,8,4993,2,80
1820,116,2,906,5,4998,0,50
1821,116,3,1,9,9,8,90
1822,116,3,2,7,16,7,70
1823,116,3,3,7,23,0,70
1824,116,3,4,2,25,5,20
1825,116,3,5,7,32,0,70
1826,116,3,6,9,41,5,90
1827,116,3,7,2,43,2,20
1828,116,3,8,9,52,0,90
1829,116,3,9,4,56,0,40
1830,116,3,10,8,64,11,80
1831,116,3,11,7,71,0,70
1832,116,3,12,3,74,0,30
1833,116,3,13,2,76,2,20
1834,116,3,14,6,82,1,60
1835,116,3,15,6,88,0,60
1836,116,3,16,8,96,6,80
1837,116,3,17,2,98,1,20
1838,116,3,18,9,107,3,90
1839,116,3,19,8,115,0,80
1840,116,3,20,4,119,3,40
1841,116,3,21,9,128,0,90
1842,116,3,22,6,134,0,60
1843,116,3,23,5,139,9,50
1844,116,3,24,4,143,0,40
1845,116,3,25,5,148,6,50
1846,116,3,26,7,155,1,70
1847,116,3,27,2,157,0,20
1848,116,3,28,2,159,0,20
1849,116,3,29,3,162,1,30
1850,116,3,30,8,170,6,80
1851,116,3,31,7,177,0,70
1852,116,3,32,9,186,8,90
1853,116,3,33,2,188,0,20
1854,116,3,34,2,190,1,20
1855,116,3,35,7,197,4,70
1856,116,3,36,4,201,0,40
1857,116,3,37,7,208,2,70
1858,116,3,38,9,217,8,90
1859,116,3,39,2,219,0,20
1860,116,3,40,4,223,7,40
1861,116,3,41,6,229,0,60
1862,116,3,42,3,232,3,30
1863,116,3,43,2,234,0,20
1864,116,3,44,7,241,4,70
1865,116,3,45,5,246,4,50
1866,116,3,46,5,251,4,50
1867,116,3,47,8,259,0,80
1868,116,3,48,7,266,8,70
1869,116,3,49,6,272,1,60
1870,116,3,50,2,274,1,20
1871,116,3,51,5,279,1,50
1872,116,3,52,2,281,1,20
1873,116,3,53,5,286,1,50
1874,116,3,54,7,293,6,70
1875,116,3,55,6,299,1,60
1876,116,3,56,4,303,3,40
1877,116,3,57,8,311,1,80
1878,116,3,58,9,320,0,90
1879,116,3,59,3,323,9,30
1880,116,3,60,9,332,5,90
1881,116,3,61,5,337,2,50
1882,116,3,62,9,346,0,90
1883,116,3,63,5,351,0,50
1884,116,3,64,2,353,0,20
1885,116,3,65,2,355,10,20
1886,116,3,66,3,358,0,30
1887,116,3,67,8,366,0,80
1888,116,3,68,6,372,0,60
1889,116,3,69,5,377,0,50
1890,116,3,70,7,384,0,70
1891,116,3,71,2,386,22,20
1892,116,3,72,3,389,3,30
1893,116,3,73,6,395,4,60
1894,116,3,74,3,398,2,30
1895,116,3,75,7,405,0,70
1896,116,3,76,5,410,0,50
1897,116,3,77,5,415,0,50
1898,116,3,78,5,420,13,50
1899,116,3,79,4,424,0,40
1900,116,3,80,5,429,3,50
1901,116,3,81,6,435,3,60
1902,116,3,82,9,444,4,90
1903,116,3,83,5,449,3,50
1904,116,3,84,3,452,0,30
1905,116,3,85,3,455,0,30
1906,116,3,86,2,457,1,20
1907,116,3,87,3,460,1,30
1908,116,3,88,5,465,0,50
1909,116,3,89,9,474,6,90
1910,116,3,90,6,480,0,60
1911,116,3,91,9,489,0,90
1912,116,3,92,3,492,5,30
1913,116,3,93,4,496,2,40
1914,116,3,94,8,504,7,80
1915,116,3,95,9,513,0,90
1916,116,3,96,6,519,0,60
1917,116,3,97,7,526,13,70
1918,116,3,98,9,535,3,90
1919,116,3,99,2,537,0,20
1920,116,3,100,6,543,4,60
1921,116,3,101,5,548,1,50
1922,116,3,102,4,552,2,40
1923,116,3,103,8,560,3,80
1924,116,3,104,3,563,0,30
1925,116,3,105,5,568,7,50
1926,116,3,106,4,572,0,40
1927,116,3,107,5,577,0,50
1928,116,3,108,3,580,0,30
1929,116,3,109,2,582,8,20
1930,116,3,110,5,587,3,50
1931,116,3,111,8,595,3,80
1932,116,3,112,3,598,1,30
1933,116,3,113,7,605,3,70
1934,116,3,114,4,609,1,40
1935,116,3,115,5,614,0,50
1936,116,3,116,8,622,6,80
1937,116,3,117,5,627,2,50
1938,116,3,118,2,629,0,20
1939,116,3,119,8,637,3,80
1940,116,3,120,3,640,0,30
1941,116,3,121,6,646,0,60
1942,116,3,122,7,653,12,70
1943,116,3,123,7,660,3,70
1944,116,3,124,3,663,1,30
1945,116,3,125,3,666,0,30
1946,116,3,126,9,675,5,90
1947,116,3,127,8,683,3,80
1948,116,3,128,2,685,0,20
1949,116,3,129,8,693,0,80
1950,116,3,130,4,697,7,40
1951,116,3,131,5,702,3,50
1952,116,3,132,6,708,4,60
1953,116,3,133,5,713,0,50
1954,116,3,134,8,721,0,80
1955,116,3,135,3,724,0,30
1956,116,3,136,5,729,11,50
1957,116,3,137,3,732,0,30
1958,116,3,138,8,740,4,80
1959,116,3,139,2,742,0,20
1960,116,3,140,3,745,4,30
1961,116,3,141,4,749,3,40
1962,116,3,142,7,756,0,70
1963,116,3,143,7,763,6,70
1964,116,3,144,8,771,3,80
1965,116,3,145,9,780,7,90
1966,116,3,146,9,789,10,90
1967,116,3,147,5,794,0,50
1968,116,3,148,9,803,4,90
1969,116,3,149,8,811,3,80
1970,116,3,150,6,817,3,60
1971,116,3,151,7,824,9,70
1972,116,3,152,8,832,2,80
1973,116,3,153,5,837,0,50
1974,116,3,154,8,845,7,80
1975,116,3,155,5,850,3,50
1976,116,3,156,3,853,2,30
1977,116,3,157,5,858,4,50
1978,116,3,158,4,862,2,40
1979,116,3,159,8,870,0,80
1980,116,3,160,9,879,15,90
1981,116,3,161,8,887,3,80
1982,116,3,162,2,889,0,20
1983,116,3,163,4,893,2,40
1984,116,3,164,2,895,0,20
1985,116,3,165,3,898,0,30
1986,116,3,166,2,900,0,20
1987,116,3,167,2,902,2,20
1988,116,3,168,5,907,1,50
1989,116,3,169,9,916,0,90
1990,116,3,170,4,920,6,40
1991,116,3,171,7,927,2,70
1992,116,3,172,5,932,0,50
1993,116,3,173,6,938,0,60
1994,116,3,174,9,947,14,90
1995,116,3,175,4,951,0,40
1996,116,3,176,3,954,1,30
1997,116,3,177,3,957,0,30
1998,116,3,178,6,963,0,60
1999,116,3,179,9,972,6,90
2000,116,3,180,9,981,0,90
2001,116,3,181,2,983,2,20
2002,116,3,182,5,988,0,50
2003,116,3,183,4,992,0,40
2004,116,3,184,7,999,9,70
2005,116,3,185,9,1008,7,90
2006,116,3,186,4,1012,4,40
2007,116,3,187,4,1016,2,40
2008,116,3,188,4,1020,0,40
2009,116,3,189,6,1026,4,60
2010,116,3,190,7,1033,4,70
2011,116,3,191,7,1040,5,70
2012,116,3,192,7,1047,5,70
2013,116,3,193,3,1050,1,30
2014,116,3,194,6,1056,4,60
2015,116,3,195,2,1058,2,20
2016,116,3,196,6,1064,0,60
2017,116,3,197,6,1070,0,60
2018,116,3,198,9,1079,0,90
2019,116,3,199,4,1083,7,40
2020,116,3,200,5,1088,4,50
2021,116,3,201,3,1091,0,30
2022,116,3,202,3,1094,5,30
2023,116,3,203,9,1103,3,90
2024,116,3,204,6,1109,1,60
2025,116,3,205,2,1111,0,20
2026,116,3,206,9,1120,3,90
2027,116,3,207,4,1124,0,40
2028,116,3,208,6,1130,4,60
2029,116,3,209,5,1135,2,50
2030,116,3,210,8,1143,7,80
2031,116,3,211,2,1145,3,20
2032,116,3,212,3,1148,6,30
2033,116,3,213,5,1153,0,50
2034,116,3,214,4,1157,0,40
2035,116,3,215,5,1162,9,50
2036,116,3,216,2,1164,1,20
2037,116,3,217,4,1168,0,40
2038,116,3,218,9,1177,0,90
2039,116,3,219,9,1186,0,90
2040,116,3,220,5,1191,16,50
2041,116,3,221,9,1200,4,90
2042,116,3,222,2,1202,0,20
2043,116,3,223,3,1205,0,30
2044,116,3,224,9,1214,11,90
2045,116,3,225,8,1222,6,80
2046,116,3,226,9,1231,0,90
2047,116,3,227,3,1234,0,30
2048,116,3,228,5,1239,7,50
2049,116,3,229,2,1241,0,20
2050,116,3,230,4,1245,1,40
2051,116,3,231,8,1253,0,80
2052,116,3,232,6,1259,6,60
2053,116,3,233,9,1268,0,90
2054,116,3,234,7,1275,0,70
2055,116,3,235,3,1278,10,30
2056,116,3,236,8,1286,0,80
2057,116,3,237,2,1288,0,20
2058,116,3,238,3,1291,10,30
2059,116,3,239,6,1297,0,60
2060,116,3,240,5,1302,8,50
2061,116,3,241,5,1307,3,50
2062,116,3,242,3,1310,4,30
2063,116,3,243,4,1314,6,40
2064,116,3,244,9,1323,6,90
2065,116,3,245,2,1325,1,20
2066,116,3,246,4,1329,0,40
2067,116,3,247,7,1336,3,70
2068,116,3,248,4,1340,2,40
2069,116,3,249,8,1348,0,80
2070,116,3,250,3,1351,4,30
2071,116,3,251,3,1354,0,30
2072,116,3,252,3,1357,2,30
2073,116,3,253,6,1363,0,60
2074,116,3,254,8,1371,0,80
2075,116,3,255,3,1374,12,30
2076,116,3,256,8,1382,1,80
2077,116,3,257,2,1384,0,20
2078,116,3,258,4,1388,0,40
2079,116,3,259,5,1393,0,50
2080,116,3,260,9,1402,10,90
2081,116,3,261,4,1406,2,40
2082,116,3,262,5,1411,4,50
2083,116,3,263,6,1417,0,60
2084,116,3,264,6,1423,6,60
2085,116,3,265,7,1430,2,70
2086,116,3,266,3,1433,2,30
2087,116,3,267,9,1442,0,90
2088,116,3,268,2,1444,0,20
2089,116,3,269,8,1452,4,80
2090,116,3,270,8,1460,0,80
2091,116,3,271,5,1465,7,50
2092,116,3,272,3,1468,0,30
2093,116,3,273,3,1471,2,30
2094,116,3,274,9,1480,0,90
2095,116,3,275,2,1482,3,20
2096,116,3,276,5,1487,0,50
2097,116,3,277,8,1495,0,80
2098,116,3,278,6,1501,0,60
2099,116,3,279,3,1504,6,30
2100,116,3,280,9,1513,3,90
2101,116,3,281,7,1520,0,70
2102,116,3,282,4,1524,0,40
2103,116,3,283,8,1532,9,80
2104,116,3,284,4,1536,1,40
2105,116,3,285,3,1539,4,30
2106,116,3,286,6,1545,2,60
2107,116,3,287,9,1554,0,90
2108,116,3,288,9,1563,0,90
2109,116,3,289,3,1566,13,30
2110,116,3,290,2,1568,0,20
2111,116,3,291,7,1575,3,70
2112,116,3,292,4,1579,1,40
2113,116,3,293,5,1584,0,50
2114,116,3,294,7,1591,5,70
2115,116,3,295,6,1597,3,60
2116,116,3,296,8,1605,3,80
2117,116,3,297,3,1608,2,30
2118,116,3,298,3,1611,0,30
2119,116,3,299,8,1619,4,80
2120,116,3,300,7,1626,3,70
2121,116,3,301,9,1635,4,90
2122,116,3,302,6,1641,5,60
2123,116,3,303,7,1648,2,70
2124,116,3,304,3,1651,1,30
2125,116,3,305,4,1655,0,40
2126,116,3,306,3,1658,3,30
2127,116,3,307,7,1665,4,70
2128,116,3,308,5,1670,1,50
2129,116,3,309,4,1674,1,40
2130,116,3,310,9,1683,6,90
2131,116,3,311,4,1687,0,40
2132,116,3,312,4,1691,0,40
2133,116,3,313,3,1694,7,30
2134,116,3,314,6,1700,2,60
2135,116,3,315,7,1707,5,70
2136,116,3,316,8,1715,0,80
2137,116,3,317,9,1724,0,90
2138,116,3,318,5,1729,8,50
2139,116,3,319,4,1733,2,40
2140,116,3,320,9,1742,0,90
2141,116,3,321,3,1745,3,30
2142,116,3,322,4,1749,0,40
2143,116,3,323,6,1755,0,60
2144,116,3,324,9,1764,0,90
2145,116,3,325,4,1768,21,40
2146,116,3,326,3,1771,0,30
2147,116,3,327,2,1773,0,20
2148,116,3,328,8,1781,0,80
2149,116,3,329,5,1786,7,50
2150,116,3,330,4,1790,0,40
2151,116,3,331,2,1792,0,20
2152,116,3,332,6,1798,3,60
2153,116,3,333,5,1803,1,50
2154,116,3,334,4,1807,0,40
2155,116,3,335,5,1812,0,50
2156,116,3,336,2,1814,10,20
2157,116,3,337,6,1820,2,60
2158,116,3,338,8,1828,6,80
2159,116,3,339,3,1831,0,30
2160,116,3,340,2,1833,1,20
2161,116,3,341,4,1837,3,40
2162,116,3,342,9,1846,0,90
2163,116,3,343,9,1855,7,90
2164,116,3,344,5,1860,1,50
2165,116,3,345,5,1865,0,50
2166,116,3,346,2,1867,0,20
2167,116,3,347,8,1875,0,80
2168,116,3,348,2,1877,0,20
2169,116,3,349,4,1881,0,40
2170,116,3,350,7,1888,17,70
2171,116,3,351,4,1892,0,40
2172,116,3,352,9,1901,0,90
2173,116,3,353,3,1904,9,30
2174,116,3,354,7,1911,3,70
2175,116,3,355,2,1913,1,20
2176,116,3,356,9,1922,4,90
2177,116,3,357,7,1929,0,70
2178,116,3,358,9,1938,12,90
2179,116,3,359,5,1943,4,50
2180,116,3,360,5,1948,0,50
2181,116,3,361,4,1952,0,40
2182,116,3,362,9,1961,11,90
2183,116,3,363,3,1964,1,30
2184,116,3,364,6,1970,0,60
2185,116,3,365,5,1975,0,50
2186,116,3,366,6,1981,10,60
2187,116,3,367,7,1988,0,70
2188,116,3,368,8,1996,0,80
2189,116,3,369,2,1998,11,20
2190,116,3,370,8,2006,6,80
2191,116,3,371,3,2009,0,30
2192,116,3,372,4,2013,4,40
2193,116,3,373,8,2021,0,80
2194,116,3,374,8,2029,7,80
2195,116,3,375,9,2038,6,90
2196,116,3,376,7,2045,3,70
2197,116,3,377,8,2053,0,80
2198,116,3,378,9,2062,0,90
2199,116,3,379,3,2065,8,30
2200,116,3,380,5,2070,2,50
2201,116,3,381,4,2074,2,40
2202,116,3,382,2,2076,0,20
2203,116,3,383,8,2084,0,80
2204,116,3,384,9,2093,6,90
2205,116,3,385,9,2102,0,90
2206,116,3,386,3,2105,4,30
2207,116,3,387,7,2112,1,70
2208,116,3,388,9,2121,2,90
2209,116,3,389,8,2129,1,80
2210,116,3,390,2,2131,0,20
2211,116,3,391,7,2138,0,70
2212,116,3,392,7,2145,7,70
2213,116,3,393,8,2153,3,80
2214,116,3,394,8,2161,0,80
2215,116,3,395,7,2168,8,70
2216,116,3,396,7,2175,0,70
2217,116,3,397,4,2179,6,40
2218,116,3,398,3,2182,2,30
2219,116,3,399,2,2184,1,20
2220,116,3,400,9,2193,7,90
2221,116,3,401,4,2197,0,40
2222,116,3,402,4,2201,6,40
2223,116,3,403,2,2203,0,20
2224,116,3,404,6,2209,3,60
2225,116,3,405,3,2212,1,30
2226,116,3,406,7,2219,5,70
2227,116,3,407,5,2224,0,50
2228,116,3,408,4,2228,2,40
2229,116,3,409,3,2231,3,30
2230,116,3,410,2,2233,0,20
2231,116,3,411,6,2239,5,60
2232,116,3,412,7,2246,3,70
2233,116,3,413,5,2251,5,50
2234,116,3,414,8,2259,0,80
2235,116,3,415,3,2262,0,30
2236,116,3,416,2,2264,12,20
2237,116,3,417,6,2270,1,60
2238,116,3,418,4,2274,0,40
2239,116,3,419,8,2282,4,80
2240,116,3,420,6,2288,2,60
2241,116,3,421,3,2291,3,30
2242,116,3,422,3,2294,2,30
2243,116,3,423,4,2298,0,40
2244,116,3,424,4,2302,0,40
2245,116,3,425,9,2311,0,90
2246,116,3,426,6,2317,6,60
2247,116,3,427,3,2320,1,30
2248,116,3,428,9,2329,0,90
2249,116,3,429,2,2331,7,20
2250,116,3,430,9,2340,2,90
2251,116,3,431,2,2342,1,20
2252,116,3,432,7,2349,0,70
2253,116,3,433,7,2356,8,70
2254,116,3,434,9,2365,0,90
2255,116,3,435,7,2372,0,70
2256,116,3,436,9,2381,15,90
2257,116,3,437,3,2384,2,30
2258,116,3,438,3,2387,0,30
2259,116,3,439,8,2395,3,80
2260,116,3,440,8,2403,1,80
2261,116,3,441,8,2411,1,80
2262,116,3,442,5,2416,5,50
2263,116,3,443,9,2425,0,90
2264,116,3,444,8,2433,0,80
2265,116,3,445,2,2435,0,20
2266,116,3,446,3,2438,9,30
2267,116,3,447,5,2443,3,50
2268,116,3,448,9,2452,6,90
2269,116,3,449,3,2455,0,30
2270,116,3,450,5,2460,1,50
2271,116,3,451,4,2464,0,40
2272,116,3,452,6,2470,0,60
2273,116,3,453,4,2474,8,40
2274,116,3,454,4,2478,2,40
2275,116,3,455,7,2485,2,70
2276,116,3,456,7,2492,0,70
2277,116,3,457,7,2499,6,70
2278,116,3,458,6,2505,2,60
2279,116,3,459,4,2509,0,40
2280,116,3,460,2,2511,0,20
2281,116,3,461,7,2518,0,70
2282,116,3,462,6,2524,7,60
2283,116,3,463,7,2531,2,70
2284,116,3,464,4,2535,7,40
2285,116,3,465,8,2543,4,80
2286,116,3,466,7,2550,0,70
2287,116,3,467,2,2552,2,20
2288,116,3,468,5,2557,0,50
2289,116,3,469,2,2559,2,20
2290,116,3,470,7,2566,2,70
2291,116,3,471,5,2571,6,50
2292,116,3,472,2,2573,0,20
2293,116,3,473,4,2577,3,40
2294,116,3,474,9,2586,3,90
2295,116,3,475,2,2588,0,20
2296,116,3,476,5,2593,0,50
2297,116,3,477,2,2595,6,20
2298,116,3,478,8,2603,1,80
2299,116,3,479,3,2606,0,30
2300,116,3,480,7,2613,0,70
2301,116,3,481,5,2618,10,50
2302,116,3,482,7,2625,4,70
2303,116,3,483,5,2630,2,50
2304,116,3,484,6,2636,0,60
2305,116,3,485,5,2641,0,50
2306,116,3,486,3,2644,0,30
2307,116,3,487,5,2649,0,50
2308,116,3,488,9,2658,13,90
2309,116,3,489,5,2663,2,50
2310,116,3,490,8,2671,0,80
2311,116,3,491,9,2680,0,90
2312,116,3,492,4,2684,15,40
2313,116,3,493,7,2691,7,70
2314,116,3,494,8,2699,0,80
2315,116,3,495,8,2707,0,80
2316,116,3,496,5,2712,7,50
2317,116,3,497,7,2719,3,70
2318,116,3,498,4,2723,0,40
2319,116,3,499,3,2726,0,30
2320,116,3,500,6,2732,7,60
2321,116,3,501,7,2739,0,70
2322,116,3,502,8,2747,0,80
2323,116,3,503,3,2750,6,30
2324,116,3,504,2,2752,0,20
2325,116,3,505,4,2756,3,40
2326,116,3,506,3,2759,1,30
2327,116,3,507,6,2765,8,60
2328,116,3,508,2,2767,2,20
2329,116,3,509,6,2773,0,60
2330,116,3,510,8,2781,0,80
2331,116,3,511,8,2789,14,80
2332,116,3,512,4,2793,1,40
2333,116,3,513,9,2802,9,90
2334,116,3,514,2,2804,1,20
2335,116,3,515,2,2806,0,20
2336,116,3,516,3,2809,0,30
2337,116,3,517,3,2812,4,30
2338,116,3,518,9,2821,6,90
2339,116,3,519,9,2830,7,90
2340,116,3,520,6,2836,0,60
2341,116,3,521,2,2838,2,20
2342,116,3,522,2,2840,2,20
2343,116,3,523,6,2846,0,60
2344,116,3,524,2,2848,0,20
2345,116,3,525,5,2853,3,50
2346,116,3,526,9,2862,7,90
2347,116,3,527,5,2867,4,50
2348,116,3,528,9,2876,0,90
2349,116,3,529,3,2879,10,30
2350,116,3,530,5,2884,8,50
2351,116,3,531,5,2889,8,50
2352,116,3,532,4,2893,0,40
2353,116,3,533,8,2901,0,80
2354,116,3,534,4,2905,6,40
2355,116,3,535,7,2912,4,70
2356,116,3,536,5,2917,0,50
2357,116,3,537,5,2922,1,50
2358,116,3,538,5,2927,4,50
2359,116,3,539,8,2935,3,80
2360,116,3,540,2,2937,0,20
2361,116,3,541,8,2945,2,80
2362,116,3,542,5,2950,0,50
2363,116,3,543,4,2954,1,40
2364,116,3,544,4,2958,4,40
2365,116,3,545,6,2964,3,60
2366,116,3,546,8,2972,4,80
2367,116,3,547,9,2981,2,90
2368,116,3,548,4,2985,1,40
2369,116,3,549,6,2991,2,60
2370,116,3,550,6,2997,0,60
2371,116,3,551,3,3000,0,30
2372,116,3,552,8,3008,0,80
2373,116,3,553,8,3016,0,80
2374,116,3,554,8,3024,21,80
2375,116,3,555,9,3033,4,90
2376,116,3,556,7,3040,0,70
2377,116,3,557,8,3048,6,80
2378,116,3,558,5,3053,0,50
2379,116,3,559,9,3062,0,90
2380,116,3,560,8,3070,14,80
2381,116,3,561,6,3076,4,60
2382,116,3,562,7,3083,0,70
2383,116,3,563,8,3091,12,80
2384,116,3,564,8,3099,0,80
2385,116,3,565,2,3101,1,20
2386,116,3,566,9,3110,4,90
2387,116,3,567,5,3115,2,50
2388,116,3,568,6,3121,3,60
2389,116,3,569,6,3127,5,60
2390,116,3,570,8,3135,3,80
2391,116,3,571,2,3137,1,20
2392,116,3,572,2,3139,0,20
2393,116,3,573,2,3141,0,20
2394,116,3,574,6,3147,3,60
2395,116,3,575,7,3154,0,70
2396,116,3,576,8,3162,8,80
2397,116,3,577,3,3165,4,30
2398,116,3,578,6,3171,0,60
2399,116,3,579,2,3173,0,20
2400,116,3,580,6,3179,2,60
2401,116,3,581,6,3185,0,60
2402,116,3,582,9,3194,4,90
2403,116,3,583,5,3199,0,50
2404,116,3,584,9,3208,7,90
2405,116,3,585,8,3216,4,80
2406,116,3,586,5,3221,0,50
2407,116,3,587,7,3228,8,70
2408,116,3,588,4,3232,0,40
2409,116,3,589,2,3234,0,20
2410,116,3,590,2,3236,3,20
2411,116,3,591,6,3242,0,60
2412,116,3,592,7,3249,0,70
2413,116,3,593,8,3257,0,80
2414,116,3,594,4,3261,9,40
2415,116,3,595,8,3269,0,80
2416,116,3,596,7,3276,4,70
2417,116,3,597,6,3282,0,60
2418,116,3,598,2,3284,0,20
2419,116,3,599,6,3290,6,60
2420,116,3,600,6,3296,7,60
2421,116,3,601,3,3299,0,30
2422,116,3,602,8,3307,12,80
2423,116,3,603,4,3311,0,40
2424,116,3,604,7,3318,6,70
2425,116,3,605,5,3323,5,50
2426,116,3,606,6,3329,0,60
2427,116,3,607,2,3331,6,20
2428,116,3,608,3,3334,0,30
2429,116,3,609,4,3338,0,40
2430,116,3,610,7,3345,3,70
2431,116,3,611,3,3348,0,30
2432,116,3,612,6,3354,0,60
2433,116,3,613,9,3363,5,90
2434,116,3,614,2,3365,0,20
2435,116,3,615,9,3374,5,90
2436,116,3,616,5,3379,2,50
2437,116,3,617,9,3388,0,90
2438,116,3,618,6,3394,0,60
2439,116,3,619,5,3399,6,50
2440,116,3,620,6,3405,0,60
2441,116,3,621,3,3408,0,30
2442,116,3,622,2,3410,4,20
2443,116,3,623,3,3413,2,30
2444,116,3,624,5,3418,1,50
2445,116,3,625,7,3425,4,70
2446,116,3,626,6,3431,0,60
2447,116,3,627,9,3440,6,90
2448,116,3,628,6,3446,0,60
2449,116,3,629,4,3450,4,40
2450,116,3,630,4,3454,0,40
2451,116,3,631,8,3462,0,80
2452,116,3,632,5,3467,0,50
2453,116,3,633,8,3475,10,80
2454,116,3,634,5,3480,0,50
2455,116,3,635,3,3483,0,30
2456,116,3,636,8,3491,0,80
2457,116,3,637,7,3498,11,70
2458,116,3,638,5,3503,0,50
2459,116,3,639,9,3512,0,90
2460,116,3,640,9,3521,15,90
2461,116,3,641,3,3524,4,30
2462,116,3,642,7,3531,0,70
2463,116,3,643,4,3535,8,40
2464,116,3,644,6,3541,3,60
2465,116,3,645,5,3546,2,50
2466,116,3,646,7,3553,3,70
2467,116,3,647,7,3560,5,70
2468,116,3,648,7,3567,3,70
2469,116,3,649,3,3570,2,30
2470,116,3,650,8,3578,0,80
2471,116,3,651,3,3581,1,30
2472,116,3,652,8,3589,0,80
2473,116,3,653,7,3596,7,70
2474,116,3,654,4,3600,2,40
2475,116,3,655,5,3605,3,50
2476,116,3,656,8,3613,1,80
2477,116,3,657,7,3620,0,70
2478,116,3,658,4,3624,0,40
2479,116,3,659,4,3628,4,40
2480,116,3,660,2,3630,0,20
2481,116,3,661,2,3632,0,20
2482,116,3,662,7,3639,0,70
2483,116,3,663,6,3645,7,60
2484,116,3,664,9,3654,0,90
2485,116,3,665,3,3657,2,30
2486,116,3,666,2,3659,2,20
2487,116,3,667,7,3666,3,70
2488,116,3,668,9,3675,5,90
2489,116,3,669,3,3678,3,30
2490,116,3,670,3,3681,0,30
2491,116,3,671,9,3690,0,90
2492,116,3,672,6,3696,2,60
2493,116,3,673,9,3705,3,90
2494,116,3,674,6,3711,6,60
2495,116,3,675,7,3718,5,70
2496,116,3,676,2,3720,0,20
2497,116,3,677,5,3725,0,50
2498,116,3,678,7,3732,7,70
2499,116,3,679,2,3734,0,20
2500,116,3,680,8,3742,0,80
2501,116,3,681,2,3744,5,20
2502,116,3,682,3,3747,0,30
2503,116,3,683,3,3750,1,30
2504,116,3,684,4,3754,4,40
2505,116,3,685,5,3759,0,50
2506,116,3,686,5,3764,0,50
2507,116,3,687,4,3768,12,40
2508,116,3,688,8,3776,0,80
2509,116,3,689,7,3783,0,70
2510,116,3,690,8,3791,0,80
2511,116,3,691,4,3795,0,40
2512,116,3,692,2,3797,15,20
2513,116,3,693,4,3801,1,40
2514,116,3,694,8,3809,4,80
2515,116,3,695,5,3814,3,50
2516,116,3,696,7,3821,2,70
2517,116,3,697,9,3830,0,90
2518,116,3,698,8,3838,6,80
2519,116,3,699,4,3842,1,40
2520,116,3,700,4,3846,0,40
2521,116,3,701,8,3854,0,80
2522,116,3,702,5,3859,12,50
2523,116,3,703,9,3868,0,90
2524,116,3,704,3,3871,9,30
2525,116,3,705,6,3877,4,60
2526,116,3,706,5,3882,0,50
2527,116,3,707,6,3888,2,60
2528,116,3,708,9,3897,2,90
2529,116,3,709,3,3900,0,30
2530,116,3,710,9,3909,0,90
2531,116,3,711,9,3918,0,90
2532,116,3,712,9,3927,0,90
2533,116,3,713,9,3936,22,90
2534,116,3,714,9,3945,6,90
2535,116,3,715,3,3948,0,30
2536,116,3,716,5,3953,1,50
2537,116,3,717,8,3961,4,80
2538,116,3,718,3,3964,0,30
2539,116,3,719,7,3971,5,70
2540,116,3,720,8,3979,4,80
2541,116,3,721,5,3984,5,50
2542,116,3,722,3,3987,2,30
2543,116,3,723,6,3993,2,60
2544,116,3,724,4,3997,2,40
2545,116,3,725,2,3999,2,20
2546,116,3,726,7,4006,2,70
2547,116,3,727,9,4015,1,90
2548,116,3,728,6,4021,1,60
2549,116,3,729,7,4028,5,70
2550,116,3,730,2,4030,0,20
2551,116,3,731,4,4034,1,40
2552,116,3,732,8,4042,0,80
2553,116,3,733,2,4044,7,20
2554,116,3,734,3,4047,1,30
2555,116,3,735,5,4052,3,50
2556,116,3,736,2,4054,3,20
2557,116,3,737,6,4060,0,60
2558,116,3,738,9,4069,5,90
2559,116,3,739,5,4074,3,50
2560,116,3,740,7,4081,0,70
2561,116,3,741,3,4084,6,30
2562,116,3,742,2,4086,1,20
2563,116,3,743,2,4088,2,20
2564,116,3,744,8,4096,5,80
2565,116,3,745,4,4100,0,40
2566,116,3,746,6,4106,2,60
2567,116,3,747,6,4112,0,60
2568,116,3,748,2,4114,0,20
2569,116,3,749,5,4119,0,50
2570,116,3,750,8,4127,4,80
2571,116,3,751,4,4131,2,40
2572,116,3,752,9,4140,1,90
2573,116,3,753,6,4146,0,60
2574,116,3,754,5,4151,5,50
2575,116,3,755,4,4155,0,40
2576,116,3,756,6,4161,7,60
2577,116,3,757,2,4163,1,20
2578,116,3,758,9,4172,0,90
2579,116,3,759,2,4174,3,20
2580,116,3,760,7,4181,1,70
2581,116,3,761,9,4190,2,90
2582,116,3,762,8,4198,4,80
2583,116,3,763,6,4204,6,60
2584,116,3,764,7,4211,0,70
2585,116,3,765,3,4214,5,30
2586,116,3,766,9,4223,0,90
2587,116,3,767,8,4231,0,80
2588,116,3,768,5,4236,0,50
2589,116,3,769,2,4238,20,20
2590,116,3,770,6,4244,0,60
2591,116,3,771,2,4246,0,20
2592,116,3,772,5,4251,0,50
2593,116,3,773,3,4254,5,30
2594,116,3,774,3,4257,3,30
2595,116,3,775,7,4264,3,70
2596,116,3,776,4,4268,0,40
2597,116,3,777,4,4272,0,40
2598,116,3,778,7,4279,0,70
2599,116,3,779,8,4287,16,80
2600,116,3,780,2,4289,1,20
2601,116,3,781,8,4297,0,80
2602,116,3,782,4,4301,7,40
2603,116,3,783,7,4308,3,70
2604,116,3,784,6,4314,0,60
2605,116,3,785,5,4319,0,50
2606,116,3,786,2,4321,8,20
2607,116,3,787,2,4323,0,20
2608,116,3,788,2,4325,2,20
2609,116,3,789,2,4327,1,20
2610,116,3,790,8,4335,0,80
2611,116,3,791,3,4338,0,30
2612,116,3,792,3,4341,5,30
2613,116,3,793,7,4348,7,70
2614,116,3,794,9,4357,5,90
2615,116,3,795,7,4364,4,70
2616,116,3,796,3,4367,2,30
2617,116,3,797,9,4376,4,90
2618,116,3,798,5,4381,0,50
2619,116,3,799,8,4389,8,80
2620,116,3,800,4,4393,0,40
2621,116,3,801,8,4401,0,80
2622,116,3,802,7,4408,11,70
2623,116,3,803,6,4414,2,60
2624,116,3,804,9,4423,0,90
2625,116,3,805,4,4427,0,40
2626,116,3,806,8,4435,0,80
2627,116,3,807,6,4441,15,60
2628,116,3,808,9,4450,5,90
2629,116,3,809,6,4456,1,60
2630,116,3,810,9,4465,1,90
2631,116,3,811,6,4471,0,60
2632,116,3,812,7,4478,3,70
2633,116,3,813,9,4487,3,90
2634,116,3,814,3,4490,1,30
2635,116,3,815,8,4498,0,80
2636,116,3,816,7,4505,0,70
2637,116,3,817,6,4511,0,60
2638,116,3,818,6,4517,0,60
2639,116,3,819,9,4526,19,90
2640,116,3,820,4,4530,2,40
2641,116,3,821,6,4536,0,60
2642,116,3,822,8,4544,6,80
2643,116,3,823,3,4547,0,30
2644,116,3,824,6,4553,5,60
2645,116,3,825,6,4559,0,60
2646,116,3,826,4,4563,5,40
2647,116,3,827,3,4566,3,30
2648,116,3,828,3,4569,0,30
2649,116,3,829,5,4574,2,50
2650,116,3,830,2,4576,0,20
2651,116,3,831,5,4581,2,50
2652,116,3,832,8,4589,2,80
2653,116,3,833,3,4592,0,30
2654,116,3,834,8,4600,10,80
2655,116,3,835,5,4605,1,50
2656,116,3,836,8,4613,6,80
2657,116,3,837,6,4619,5,60
2658,116,3,838,5,4624,3,50
2659,116,3,839,3,4627,1,30
2660,116,3,840,3,4630,1,30
2661,116,3,841,9,4639,0,90
2662,116,3,842,5,4644,6,50
2663,116,3,843,4,4648,1,40
2664,116,3,844,2,4650,0,20
2665,116,3,845,7,4657,1,70
2666,116,3,846,4,4661,1,40
2667,116,3,847,5,4666,6,50
2668,116,3,848,3,4669,2,30
2669,116,3,849,7,4676,0,70
2670,116,3,850,6,4682,4,60
2671,116,3,851,3,4685,0,30
2672,116,3,852,4,4689,7,40
2673,116,3,853,2,4691,0,20
2674,116,3,854,4,4695,3,40
2675,116,3,855,5,4700,1,50
2676,116,3,856,5,4705,3,50
2677,116,3,857,3,4708,4,30
2678,116,3,858,4,4712,0,40
2679,116,3,859,2,4714,2,20
2680,116,3,860,8,4722,0,80
2681,116,3,861,5,4727,4,50
2682,116,3,862,6,4733,0,60
2683,116,3,863,3,4736,0,30
2684,116,3,864,3,4739,2,30
2685,116,3,865,2,4741,1,20
2686,116,3,866,4,4745,3,40
2687,116,3,867,3,4748,0,30
2688,116,3,868,2,4750,6,20
2689,116,3,869,8,4758,4,80
2690,116,3,870,9,4767,4,90
2691,116,3,871,7,4774,2,70
2692,116,3,872,4,4778,0,40
2693,116,3,873,7,4785,0,70
2694,116,3,874,5,4790,0,50
2695,116,3,875,7,4797,12,70
2696,116,3,876,2,4799,1,20
2697,116,3,877,7,4806,0,70
2698,116,3,878,8,4814,0,80
2699,116,3,879,7,4821,9,70
2700,116,3,880,4,4825,3,40
2701,116,3,881,4,4829,3,40
2702,116,3,882,2,4831,2,20
2703,116,3,883,8,4839,5,80
2704,116,3,884,2,4841,0,20
2705,116,3,885,9,4850,0,90
2706,116,3,886,5,4855,6,50
2707,116,3,887,3,4858,0,30
2708,116,3,888,7,4865,6,70
2709,116,3,889,7,4872,5,70
2710,116,3,890,3,4875,0,30
2711,116,3,891,3,4878,0,30
2712,116,3,892,4,4882,7,40
2713,116,3,893,9,4891,4,90
2714,116,3,894,9,4900,3,90
2715,116,3,895,3,4903,0,30
2716,116,3,896,7,4910,0,70
2717,116,3,897,5,4915,0,50
2718,116,3,898,2,4917,11,20
2719,116,3,899,6,4923,2,60
2720,116,3,900,4,4927,0,40
2721,116,3,901,9,4936,10,90
2722,116,3,902,3,4939,0,30
2723,116,3,903,5,4944,0,50
2724,116,3,904,6,4950,8,60
2725,116,3,905,6,4956,0,60
2726,116,3,906,2,4958,2,20
2727,116,3,907,8,4966,2,80
2728,116,3,908,3,4969,2,30
2729,116,3,909,3,4972,1,30
2730,116,3,910,5,4977,3,50
2731,116,3,911,3,4980,0,30
2732,116,3,912,7,4987,1,70
2733,116,3,913,4,4991,3,40
2734,116,3,914,2,4993,2,20
