,Scenario,Trial,Inspection,Interval,Time,Defects,Rate
0,281,1,1,4,4,0,40
1,281,1,2,9,13,0,90
2,281,1,3,2,15,0,20
3,281,1,4,4,19,0,40
4,281,1,5,9,28,0,90
5,281,1,6,3,31,0,30
6,281,1,7,3,34,0,30
7,281,1,8,2,36,0,20
8,281,1,9,6,42,0,60
9,281,1,10,4,46,0,40
10,281,1,11,8,54,0,80
11,281,1,12,3,57,0,30
12,281,1,13,2,59,0,20
13,281,1,14,9,68,37,90
14,281,1,15,2,70,0,20
15,281,1,16,5,75,0,50
16,281,1,17,5,80,0,50
17,281,1,18,4,84,0,40
18,281,1,19,6,90,6,60
19,281,1,20,3,93,0,30
20,281,1,21,9,102,0,90
21,281,1,22,5,107,0,50
22,281,1,23,4,111,0,40
23,281,1,24,4,115,0,40
24,281,1,25,9,124,18,90
25,281,1,26,7,131,0,70
26,281,1,27,3,134,7,30
27,281,1,28,5,139,0,50
28,281,1,29,8,147,0,80
29,281,1,30,2,149,0,20
30,281,1,31,9,158,0,90
31,281,1,32,3,161,16,30
32,281,1,33,7,168,0,70
33,281,1,34,7,175,3,70
34,281,1,35,3,178,0,30
35,281,1,36,2,180,0,20
36,281,1,37,5,185,0,50
37,281,1,38,3,188,0,30
38,281,1,39,8,196,0,80
39,281,1,40,2,198,0,20
40,281,1,41,4,202,0,40
41,281,1,42,4,206,16,40
42,281,1,43,3,209,0,30
43,281,1,44,3,212,0,30
44,281,1,45,9,221,5,90
45,281,1,46,5,226,0,50
46,281,1,47,4,230,0,40
47,281,1,48,3,233,0,30
48,281,1,49,4,237,0,40
49,281,1,50,6,243,0,60
50,281,1,51,6,249,9,60
51,281,1,52,9,258,0,90
52,281,1,53,8,266,7,80
53,281,1,54,3,269,1,30
54,281,1,55,8,277,0,80
55,281,1,56,4,281,0,40
56,281,1,57,3,284,0,30
57,281,1,58,9,293,0,90
58,281,1,59,7,300,0,70
59,281,1,60,4,304,0,40
60,281,1,61,4,308,0,40
61,281,1,62,9,317,0,90
62,281,1,63,5,322,0,50
63,281,1,64,3,325,0,30
64,281,1,65,7,332,35,70
65,281,1,66,2,334,0,20
66,281,1,67,5,339,5,50
67,281,1,68,6,345,0,60
68,281,1,69,8,353,0,80
69,281,1,70,2,355,11,20
70,281,1,71,3,358,0,30
71,281,1,72,5,363,0,50
72,281,1,73,8,371,6,80
73,281,1,74,9,380,0,90
74,281,1,75,3,383,0,30
75,281,1,76,9,392,13,90
76,281,1,77,8,400,0,80
77,281,1,78,4,404,0,40
78,281,1,79,3,407,0,30
79,281,1,80,8,415,0,80
80,281,1,81,7,422,0,70
81,281,1,82,7,429,23,70
82,281,1,83,7,436,0,70
83,281,1,84,6,442,0,60
84,281,1,85,9,451,13,90
85,281,1,86,2,453,0,20
86,281,1,87,4,457,1,40
87,281,1,88,4,461,0,40
88,281,1,89,3,464,0,30
89,281,1,90,3,467,0,30
90,281,1,91,6,473,0,60
91,281,1,92,4,477,15,40
92,281,1,93,3,480,1,30
93,281,1,94,9,489,0,90
94,281,1,95,7,496,0,70
95,281,1,96,3,499,0,30
96,281,1,97,5,504,0,50
97,281,1,98,6,510,0,60
98,281,1,99,3,513,10,30
99,281,1,100,7,520,0,70
100,281,1,101,2,522,0,20
101,281,1,102,8,530,0,80
102,281,1,103,6,536,0,60
103,281,1,104,4,540,0,40
104,281,1,105,6,546,0,60
105,281,1,106,3,549,0,30
106,281,1,107,2,551,14,20
107,281,1,108,7,558,0,70
108,281,1,109,6,564,0,60
109,281,1,110,7,571,0,70
110,281,1,111,6,577,0,60
111,281,1,112,6,583,0,60
112,281,1,113,2,585,0,20
113,281,1,114,9,594,0,90
114,281,1,115,5,599,0,50
115,281,1,116,7,606,0,70
116,281,1,117,7,613,0,70
117,281,1,118,6,619,0,60
118,281,1,119,3,622,0,30
119,281,1,120,6,628,42,60
120,281,1,121,5,633,1,50
121,281,1,122,6,639,0,60
122,281,1,123,8,647,7,80
123,281,1,124,9,656,0,90
124,281,1,125,2,658,0,20
125,281,1,126,6,664,0,60
126,281,1,127,7,671,0,70
127,281,1,128,2,673,0,20
128,281,1,129,7,680,23,70
129,281,1,130,4,684,0,40
130,281,1,131,2,686,0,20
131,281,1,132,5,691,0,50
132,281,1,133,6,697,0,60
133,281,1,134,4,701,0,40
134,281,1,135,6,707,0,60
135,281,1,136,9,716,0,90
136,281,1,137,2,718,0,20
137,281,1,138,5,723,0,50
138,281,1,139,9,732,20,90
139,281,1,140,3,735,0,30
140,281,1,141,4,739,0,40
141,281,1,142,3,742,6,30
142,281,1,143,5,747,0,50
143,281,1,144,5,752,0,50
144,281,1,145,9,761,9,90
145,281,1,146,3,764,3,30
146,281,1,147,6,770,0,60
147,281,1,148,9,779,0,90
148,281,1,149,4,783,0,40
149,281,1,150,6,789,0,60
150,281,1,151,6,795,0,60
151,281,1,152,5,800,17,50
152,281,1,153,6,806,0,60
153,281,1,154,6,812,9,60
154,281,1,155,3,815,0,30
155,281,1,156,2,817,0,20
156,281,1,157,8,825,0,80
157,281,1,158,5,830,0,50
158,281,1,159,7,837,0,70
159,281,1,160,6,843,0,60
160,281,1,161,4,847,19,40
161,281,1,162,6,853,0,60
162,281,1,163,4,857,0,40
163,281,1,164,7,864,0,70
164,281,1,165,7,871,15,70
165,281,1,166,3,874,0,30
166,281,1,167,2,876,2,20
167,281,1,168,3,879,0,30
168,281,1,169,2,881,3,20
169,281,1,170,5,886,0,50
170,281,1,171,2,888,0,20
171,281,1,172,6,894,6,60
172,281,1,173,9,903,5,90
173,281,1,174,9,912,0,90
174,281,1,175,6,918,0,60
175,281,1,176,6,924,0,60
176,281,1,177,5,929,0,50
177,281,1,178,6,935,0,60
178,281,1,179,7,942,0,70
179,281,1,180,9,951,27,90
180,281,1,181,5,956,0,50
181,281,1,182,6,962,0,60
182,281,1,183,4,966,0,40
183,281,1,184,8,974,11,80
184,281,1,185,7,981,0,70
185,281,1,186,3,984,0,30
186,281,1,187,9,993,0,90
187,281,1,188,2,995,10,20
188,281,1,189,6,1001,0,60
189,281,1,190,6,1007,8,60
190,281,1,191,3,1010,0,30
191,281,1,192,6,1016,0,60
192,281,1,193,4,1020,0,40
193,281,1,194,2,1022,6,20
194,281,1,195,2,1024,0,20
195,281,1,196,9,1033,4,90
196,281,1,197,8,1041,0,80
197,281,1,198,3,1044,0,30
198,281,1,199,7,1051,0,70
199,281,1,200,9,1060,0,90
200,281,1,201,8,1068,0,80
201,281,1,202,7,1075,0,70
202,281,1,203,4,1079,0,40
203,281,1,204,3,1082,0,30
204,281,1,205,8,1090,0,80
205,281,1,206,4,1094,0,40
206,281,1,207,3,1097,0,30
207,281,1,208,9,1106,0,90
208,281,1,209,2,1108,0,20
209,281,1,210,8,1116,0,80
210,281,1,211,5,1121,0,50
211,281,1,212,9,1130,0,90
212,281,1,213,5,1135,0,50
213,281,1,214,8,1143,45,80
214,281,1,215,3,1146,3,30
215,281,1,216,2,1148,3,20
216,281,1,217,3,1151,0,30
217,281,1,218,8,1159,5,80
218,281,1,219,7,1166,2,70
219,281,1,220,9,1175,3,90
220,281,1,221,7,1182,4,70
221,281,1,222,9,1191,6,90
222,281,1,223,6,1197,0,60
223,281,1,224,6,1203,5,60
224,281,1,225,5,1208,0,50
225,281,1,226,5,1213,0,50
226,281,1,227,2,1215,0,20
227,281,1,228,9,1224,0,90
228,281,1,229,6,1230,12,60
229,281,1,230,3,1233,0,30
230,281,1,231,6,1239,0,60
231,281,1,232,9,1248,0,90
232,281,1,233,4,1252,5,40
233,281,1,234,7,1259,0,70
234,281,1,235,2,1261,0,20
235,281,1,236,7,1268,0,70
236,281,1,237,9,1277,0,90
237,281,1,238,3,1280,0,30
238,281,1,239,7,1287,0,70
239,281,1,240,6,1293,0,60
240,281,1,241,2,1295,0,20
241,281,1,242,7,1302,0,70
242,281,1,243,2,1304,0,20
243,281,1,244,6,1310,36,60
244,281,1,245,5,1315,0,50
245,281,1,246,8,1323,0,80
246,281,1,247,7,1330,0,70
247,281,1,248,2,1332,10,20
248,281,1,249,3,1335,0,30
249,281,1,250,3,1338,0,30
250,281,1,251,3,1341,2,30
251,281,1,252,2,1343,0,20
252,281,1,253,9,1352,1,90
253,281,1,254,7,1359,0,70
254,281,1,255,8,1367,0,80
255,281,1,256,3,1370,0,30
256,281,1,257,3,1373,0,30
257,281,1,258,3,1376,0,30
258,281,1,259,3,1379,0,30
259,281,1,260,3,1382,9,30
260,281,1,261,5,1387,0,50
261,281,1,262,3,1390,0,30
262,281,1,263,2,1392,8,20
263,281,1,264,4,1396,2,40
264,281,1,265,4,1400,0,40
265,281,1,266,7,1407,8,70
266,281,1,267,4,1411,0,40
267,281,1,268,8,1419,0,80
268,281,1,269,8,1427,10,80
269,281,1,270,6,1433,1,60
270,281,1,271,8,1441,0,80
271,281,1,272,7,1448,0,70
272,281,1,273,2,1450,0,20
273,281,1,274,7,1457,0,70
274,281,1,275,2,1459,0,20
275,281,1,276,9,1468,20,90
276,281,1,277,9,1477,0,90
277,281,1,278,4,1481,0,40
278,281,1,279,9,1490,12,90
279,281,1,280,4,1494,0,40
280,281,1,281,3,1497,1,30
281,281,1,282,6,1503,0,60
282,281,1,283,4,1507,0,40
283,281,1,284,2,1509,9,20
284,281,1,285,8,1517,0,80
285,281,1,286,7,1524,0,70
286,281,1,287,3,1527,0,30
287,281,1,288,6,1533,0,60
288,281,1,289,7,1540,0,70
289,281,1,290,5,1545,0,50
290,281,1,291,2,1547,13,20
291,281,1,292,7,1554,5,70
292,281,1,293,4,1558,0,40
293,281,1,294,3,1561,0,30
294,281,1,295,5,1566,4,50
295,281,1,296,8,1574,0,80
296,281,1,297,5,1579,0,50
297,281,1,298,8,1587,0,80
298,281,1,299,3,1590,0,30
299,281,1,300,8,1598,0,80
300,281,1,301,4,1602,15,40
301,281,1,302,8,1610,0,80
302,281,1,303,6,1616,11,60
303,281,1,304,3,1619,0,30
304,281,1,305,8,1627,0,80
305,281,1,306,2,1629,0,20
306,281,1,307,5,1634,0,50
307,281,1,308,7,1641,11,70
308,281,1,309,7,1648,0,70
309,281,1,310,3,1651,0,30
310,281,1,311,5,1656,0,50
311,281,1,312,5,1661,0,50
312,281,1,313,5,1666,0,50
313,281,1,314,2,1668,0,20
314,281,1,315,2,1670,15,20
315,281,1,316,5,1675,0,50
316,281,1,317,7,1682,0,70
317,281,1,318,5,1687,0,50
318,281,1,319,5,1692,0,50
319,281,1,320,8,1700,0,80
320,281,1,321,4,1704,0,40
321,281,1,322,3,1707,0,30
322,281,1,323,3,1710,0,30
323,281,1,324,9,1719,0,90
324,281,1,325,9,1728,35,90
325,281,1,326,5,1733,0,50
326,281,1,327,8,1741,0,80
327,281,1,328,6,1747,0,60
328,281,1,329,9,1756,0,90
329,281,1,330,4,1760,0,40
330,281,1,331,8,1768,0,80
331,281,1,332,2,1770,0,20
332,281,1,333,9,1779,0,90
333,281,1,334,9,1788,0,90
334,281,1,335,5,1793,0,50
335,281,1,336,9,1802,0,90
336,281,1,337,2,1804,0,20
337,281,1,338,7,1811,0,70
338,281,1,339,8,1819,0,80
339,281,1,340,4,1823,52,40
340,281,1,341,9,1832,3,90
341,281,1,342,8,1840,0,80
342,281,1,343,9,1849,0,90
343,281,1,344,6,1855,0,60
344,281,1,345,3,1858,0,30
345,281,1,346,3,1861,0,30
346,281,1,347,9,1870,0,90
347,281,1,348,9,1879,0,90
348,281,1,349,2,1881,0,20
349,281,1,350,2,1883,0,20
350,281,1,351,8,1891,39,80
351,281,1,352,6,1897,0,60
352,281,1,353,4,1901,0,40
353,281,1,354,2,1903,6,20
354,281,1,355,6,1909,0,60
355,281,1,356,2,1911,0,20
356,281,1,357,4,1915,8,40
357,281,1,358,8,1923,0,80
358,281,1,359,8,1931,6,80
359,281,1,360,9,1940,0,90
360,281,1,361,6,1946,0,60
361,281,1,362,3,1949,0,30
362,281,1,363,9,1958,14,90
363,281,1,364,8,1966,0,80
364,281,1,365,3,1969,0,30
365,281,1,366,8,1977,0,80
366,281,1,367,6,1983,0,60
367,281,1,368,7,1990,0,70
368,281,1,369,7,1997,0,70
369,281,1,370,9,2006,0,90
370,281,1,371,2,2008,45,20
371,281,1,372,7,2015,0,70
372,281,1,373,4,2019,0,40
373,281,1,374,4,2023,8,40
374,281,1,375,7,2030,0,70
375,281,1,376,8,2038,0,80
376,281,1,377,2,2040,0,20
377,281,1,378,5,2045,0,50
378,281,1,379,6,2051,11,60
379,281,1,380,4,2055,0,40
380,281,1,381,4,2059,0,40
381,281,1,382,7,2066,0,70
382,281,1,383,2,2068,12,20
383,281,1,384,9,2077,0,90
384,281,1,385,5,2082,6,50
385,281,1,386,9,2091,0,90
386,281,1,387,4,2095,10,40
387,281,1,388,5,2100,0,50
388,281,1,389,8,2108,0,80
389,281,1,390,3,2111,9,30
390,281,1,391,9,2120,5,90
391,281,1,392,2,2122,0,20
392,281,1,393,9,2131,0,90
393,281,1,394,4,2135,0,40
394,281,1,395,2,2137,9,20
395,281,1,396,6,2143,4,60
396,281,1,397,5,2148,3,50
397,281,1,398,8,2156,0,80
398,281,1,399,8,2164,10,80
399,281,1,400,2,2166,0,20
400,281,1,401,8,2174,0,80
401,281,1,402,4,2178,8,40
402,281,1,403,8,2186,4,80
403,281,1,404,2,2188,0,20
404,281,1,405,2,2190,0,20
405,281,1,406,4,2194,1,40
406,281,1,407,3,2197,0,30
407,281,1,408,5,2202,0,50
408,281,1,409,2,2204,0,20
409,281,1,410,6,2210,0,60
410,281,1,411,3,2213,0,30
411,281,1,412,8,2221,0,80
412,281,1,413,4,2225,0,40
413,281,1,414,9,2234,0,90
414,281,1,415,4,2238,20,40
415,281,1,416,9,2247,5,90
416,281,1,417,6,2253,0,60
417,281,1,418,4,2257,0,40
418,281,1,419,6,2263,0,60
419,281,1,420,6,2269,0,60
420,281,1,421,7,2276,0,70
421,281,1,422,2,2278,0,20
422,281,1,423,6,2284,0,60
423,281,1,424,3,2287,0,30
424,281,1,425,9,2296,0,90
425,281,1,426,5,2301,0,50
426,281,1,427,2,2303,0,20
427,281,1,428,6,2309,37,60
428,281,1,429,6,2315,0,60
429,281,1,430,4,2319,6,40
430,281,1,431,8,2327,0,80
431,281,1,432,3,2330,0,30
432,281,1,433,7,2337,0,70
433,281,1,434,4,2341,10,40
434,281,1,435,3,2344,1,30
435,281,1,436,3,2347,0,30
436,281,1,437,9,2356,0,90
437,281,1,438,9,2365,0,90
438,281,1,439,2,2367,0,20
439,281,1,440,3,2370,10,30
440,281,1,441,3,2373,2,30
441,281,1,442,5,2378,0,50
442,281,1,443,3,2381,0,30
443,281,1,444,6,2387,0,60
444,281,1,445,7,2394,0,70
445,281,1,446,9,2403,0,90
446,281,1,447,8,2411,0,80
447,281,1,448,8,2419,0,80
448,281,1,449,2,2421,0,20
449,281,1,450,2,2423,0,20
450,281,1,451,4,2427,0,40
451,281,1,452,4,2431,29,40
452,281,1,453,6,2437,0,60
453,281,1,454,8,2445,0,80
454,281,1,455,4,2449,0,40
455,281,1,456,4,2453,0,40
456,281,1,457,8,2461,13,80
457,281,1,458,2,2463,0,20
458,281,1,459,9,2472,0,90
459,281,1,460,3,2475,0,30
460,281,1,461,2,2477,0,20
461,281,1,462,9,2486,0,90
462,281,1,463,4,2490,0,40
463,281,1,464,7,2497,0,70
464,281,1,465,6,2503,0,60
465,281,1,466,9,2512,25,90
466,281,1,467,5,2517,0,50
467,281,1,468,6,2523,0,60
468,281,1,469,2,2525,0,20
469,281,1,470,3,2528,10,30
470,281,1,471,5,2533,0,50
471,281,1,472,7,2540,0,70
472,281,1,473,2,2542,0,20
473,281,1,474,9,2551,0,90
474,281,1,475,8,2559,0,80
475,281,1,476,2,2561,0,20
476,281,1,477,8,2569,0,80
477,281,1,478,8,2577,0,80
478,281,1,479,4,2581,0,40
479,281,1,480,2,2583,0,20
480,281,1,481,9,2592,0,90
481,281,1,482,6,2598,0,60
482,281,1,483,5,2603,0,50
483,281,1,484,9,2612,0,90
484,281,1,485,5,2617,0,50
485,281,1,486,3,2620,0,30
486,281,1,487,8,2628,0,80
487,281,1,488,5,2633,48,50
488,281,1,489,2,2635,0,20
489,281,1,490,4,2639,0,40
490,281,1,491,5,2644,6,50
491,281,1,492,7,2651,5,70
492,281,1,493,5,2656,1,50
493,281,1,494,8,2664,0,80
494,281,1,495,2,2666,6,20
495,281,1,496,4,2670,0,40
496,281,1,497,9,2679,0,90
497,281,1,498,9,2688,0,90
498,281,1,499,2,2690,0,20
499,281,1,500,7,2697,17,70
500,281,1,501,8,2705,5,80
501,281,1,502,2,2707,0,20
502,281,1,503,5,2712,0,50
503,281,1,504,5,2717,0,50
504,281,1,505,6,2723,7,60
505,281,1,506,7,2730,0,70
506,281,1,507,4,2734,0,40
507,281,1,508,8,2742,0,80
508,281,1,509,8,2750,0,80
509,281,1,510,2,2752,0,20
510,281,1,511,8,2760,0,80
511,281,1,512,7,2767,0,70
512,281,1,513,4,2771,18,40
513,281,1,514,8,2779,0,80
514,281,1,515,3,2782,0,30
515,281,1,516,7,2789,12,70
516,281,1,517,2,2791,0,20
517,281,1,518,4,2795,0,40
518,281,1,519,7,2802,9,70
519,281,1,520,2,2804,0,20
520,281,1,521,2,2806,0,20
521,281,1,522,7,2813,0,70
522,281,1,523,7,2820,0,70
523,281,1,524,3,2823,8,30
524,281,1,525,4,2827,0,40
525,281,1,526,8,2835,0,80
526,281,1,527,5,2840,0,50
527,281,1,528,3,2843,0,30
528,281,1,529,9,2852,0,90
529,281,1,530,8,2860,0,80
530,281,1,531,2,2862,0,20
531,281,1,532,3,2865,27,30
532,281,1,533,2,2867,0,20
533,281,1,534,2,2869,0,20
534,281,1,535,4,2873,0,40
535,281,1,536,3,2876,0,30
536,281,1,537,8,2884,15,80
537,281,1,538,7,2891,0,70
538,281,1,539,4,2895,4,40
539,281,1,540,4,2899,0,40
540,281,1,541,5,2904,0,50
541,281,1,542,2,2906,9,20
542,281,1,543,4,2910,0,40
543,281,1,544,3,2913,0,30
544,281,1,545,3,2916,0,30
545,281,1,546,5,2921,0,50
546,281,1,547,8,2929,0,80
547,281,1,548,2,2931,0,20
548,281,1,549,6,2937,15,60
549,281,1,550,7,2944,0,70
550,281,1,551,6,2950,0,60
551,281,1,552,8,2958,10,80
552,281,1,553,3,2961,0,30
553,281,1,554,9,2970,2,90
554,281,1,555,5,2975,0,50
555,281,1,556,7,2982,0,70
556,281,1,557,7,2989,0,70
557,281,1,558,3,2992,0,30
558,281,1,559,7,2999,0,70
559,281,1,560,3,3002,0,30
560,281,1,561,5,3007,17,50
561,281,1,562,9,3016,0,90
562,281,1,563,2,3018,0,20
563,281,1,564,8,3026,0,80
564,281,1,565,9,3035,8,90
565,281,1,566,3,3038,1,30
566,281,1,567,6,3044,0,60
567,281,1,568,5,3049,4,50
568,281,1,569,2,3051,0,20
569,281,1,570,3,3054,0,30
570,281,1,571,2,3056,0,20
571,281,1,572,8,3064,5,80
572,281,1,573,6,3070,0,60
573,281,1,574,2,3072,0,20
574,281,1,575,6,3078,8,60
575,281,1,576,2,3080,0,20
576,281,1,577,6,3086,4,60
577,281,1,578,4,3090,4,40
578,281,1,579,4,3094,0,40
579,281,1,580,3,3097,0,30
580,281,1,581,5,3102,0,50
581,281,1,582,9,3111,0,90
582,281,1,583,9,3120,0,90
583,281,1,584,6,3126,0,60
584,281,1,585,7,3133,0,70
585,281,1,586,2,3135,22,20
586,281,1,587,3,3138,1,30
587,281,1,588,2,3140,0,20
588,281,1,589,4,3144,4,40
589,281,1,590,7,3151,0,70
590,281,1,591,2,3153,3,20
591,281,1,592,8,3161,0,80
592,281,1,593,6,3167,0,60
593,281,1,594,6,3173,8,60
594,281,1,595,8,3181,1,80
595,281,1,596,2,3183,0,20
596,281,1,597,8,3191,3,80
597,281,1,598,6,3197,0,60
598,281,1,599,8,3205,0,80
599,281,1,600,9,3214,11,90
600,281,1,601,8,3222,2,80
601,281,1,602,7,3229,4,70
602,281,1,603,7,3236,0,70
603,281,1,604,3,3239,0,30
604,281,1,605,2,3241,4,20
605,281,1,606,9,3250,2,90
606,281,1,607,5,3255,2,50
607,281,1,608,6,3261,3,60
608,281,1,609,9,3270,0,90
609,281,1,610,5,3275,8,50
610,281,1,611,9,3284,0,90
611,281,1,612,6,3290,10,60
612,281,1,613,7,3297,0,70
613,281,1,614,5,3302,9,50
614,281,1,615,4,3306,4,40
615,281,1,616,8,3314,7,80
616,281,1,617,9,3323,0,90
617,281,1,618,9,3332,0,90
618,281,1,619,5,3337,13,50
619,281,1,620,6,3343,0,60
620,281,1,621,5,3348,0,50
621,281,1,622,8,3356,9,80
622,281,1,623,6,3362,0,60
623,281,1,624,4,3366,0,40
624,281,1,625,4,3370,0,40
625,281,1,626,7,3377,0,70
626,281,1,627,6,3383,0,60
627,281,1,628,5,3388,18,50
628,281,1,629,7,3395,0,70
629,281,1,630,6,3401,8,60
630,281,1,631,9,3410,0,90
631,281,1,632,3,3413,0,30
632,281,1,633,3,3416,4,30
633,281,1,634,6,3422,0,60
634,281,1,635,3,3425,0,30
635,281,1,636,9,3434,0,90
636,281,1,637,2,3436,9,20
637,281,1,638,3,3439,0,30
638,281,1,639,4,3443,3,40
639,281,1,640,3,3446,0,30
640,281,1,641,5,3451,0,50
641,281,1,642,2,3453,0,20
642,281,1,643,6,3459,0,60
643,281,1,644,3,3462,0,30
644,281,1,645,6,3468,10,60
645,281,1,646,9,3477,6,90
646,281,1,647,4,3481,0,40
647,281,1,648,2,3483,0,20
648,281,1,649,4,3487,0,40
649,281,1,650,2,3489,0,20
650,281,1,651,9,3498,0,90
651,281,1,652,2,3500,0,20
652,281,1,653,7,3507,0,70
653,281,1,654,7,3514,0,70
654,281,1,655,5,3519,16,50
655,281,1,656,4,3523,0,40
656,281,1,657,5,3528,0,50
657,281,1,658,8,3536,2,80
658,281,1,659,3,3539,3,30
659,281,1,660,9,3548,4,90
660,281,1,661,6,3554,0,60
661,281,1,662,8,3562,0,80
662,281,1,663,6,3568,0,60
663,281,1,664,9,3577,0,90
664,281,1,665,7,3584,12,70
665,281,1,666,8,3592,0,80
666,281,1,667,6,3598,12,60
667,281,1,668,2,3600,1,20
668,281,1,669,5,3605,0,50
669,281,1,670,8,3613,0,80
670,281,1,671,2,3615,0,20
671,281,1,672,7,3622,13,70
672,281,1,673,7,3629,0,70
673,281,1,674,7,3636,10,70
674,281,1,675,9,3645,0,90
675,281,1,676,2,3647,0,20
676,281,1,677,7,3654,8,70
677,281,1,678,4,3658,0,40
678,281,1,679,9,3667,8,90
679,281,1,680,6,3673,0,60
680,281,1,681,8,3681,8,80
681,281,1,682,5,3686,0,50
682,281,1,683,3,3689,0,30
683,281,1,684,8,3697,0,80
684,281,1,685,4,3701,0,40
685,281,1,686,8,3709,0,80
686,281,1,687,3,3712,23,30
687,281,1,688,5,3717,0,50
688,281,1,689,5,3722,0,50
689,281,1,690,9,3731,0,90
690,281,1,691,3,3734,6,30
691,281,1,692,8,3742,0,80
692,281,1,693,7,3749,6,70
693,281,1,694,4,3753,0,40
694,281,1,695,8,3761,0,80
695,281,1,696,2,3763,0,20
696,281,1,697,3,3766,11,30
697,281,1,698,2,3768,0,20
698,281,1,699,4,3772,0,40
699,281,1,700,7,3779,0,70
700,281,1,701,4,3783,0,40
701,281,1,702,5,3788,0,50
702,281,1,703,9,3797,0,90
703,281,1,704,6,3803,0,60
704,281,1,705,9,3812,31,90
705,281,1,706,9,3821,8,90
706,281,1,707,7,3828,0,70
707,281,1,708,3,3831,4,30
708,281,1,709,4,3835,0,40
709,281,1,710,2,3837,0,20
710,281,1,711,7,3844,0,70
711,281,1,712,3,3847,0,30
712,281,1,713,2,3849,9,20
713,281,1,714,7,3856,0,70
714,281,1,715,6,3862,0,60
715,281,1,716,5,3867,8,50
716,281,1,717,2,3869,0,20
717,281,1,718,2,3871,0,20
718,281,1,719,7,3878,0,70
719,281,1,720,8,3886,13,80
720,281,1,721,6,3892,0,60
721,281,1,722,3,3895,0,30
722,281,1,723,6,3901,0,60
723,281,1,724,8,3909,0,80
724,281,1,725,4,3913,0,40
725,281,1,726,9,3922,0,90
726,281,1,727,7,3929,0,70
727,281,1,728,2,3931,32,20
728,281,1,729,2,3933,0,20
729,281,1,730,3,3936,0,30
730,281,1,731,7,3943,2,70
731,281,1,732,9,3952,9,90
732,281,1,733,4,3956,3,40
733,281,1,734,9,3965,0,90
734,281,1,735,5,3970,0,50
735,281,1,736,4,3974,0,40
736,281,1,737,8,3982,0,80
737,281,1,738,3,3985,0,30
738,281,1,739,3,3988,0,30
739,281,1,740,2,3990,0,20
740,281,1,741,2,3992,0,20
741,281,1,742,6,3998,0,60
742,281,1,743,9,4007,0,90
743,281,1,744,3,4010,0,30
744,281,1,745,8,4018,29,80
745,281,1,746,7,4025,0,70
746,281,1,747,5,4030,0,50
747,281,1,748,6,4036,0,60
748,281,1,749,9,4045,0,90
749,281,1,750,4,4049,18,40
750,281,1,751,9,4058,0,90
751,281,1,752,6,4064,6,60
752,281,1,753,9,4073,0,90
753,281,1,754,7,4080,0,70
754,281,1,755,4,4084,8,40
755,281,1,756,7,4091,6,70
756,281,1,757,7,4098,0,70
757,281,1,758,2,4100,1,20
758,281,1,759,2,4102,0,20
759,281,1,760,2,4104,0,20
760,281,1,761,6,4110,1,60
761,281,1,762,8,4118,0,80
762,281,1,763,8,4126,0,80
763,281,1,764,4,4130,0,40
764,281,1,765,9,4139,0,90
765,281,1,766,6,4145,0,60
766,281,1,767,9,4154,0,90
767,281,1,768,9,4163,25,90
768,281,1,769,2,4165,0,20
769,281,1,770,2,4167,0,20
770,281,1,771,9,4176,0,90
771,281,1,772,6,4182,0,60
772,281,1,773,4,4186,0,40
773,281,1,774,9,4195,0,90
774,281,1,775,7,4202,27,70
775,281,1,776,5,4207,0,50
776,281,1,777,3,4210,0,30
777,281,1,778,2,4212,0,20
778,281,1,779,5,4217,14,50
779,281,1,780,2,4219,0,20
780,281,1,781,2,4221,1,20
781,281,1,782,9,4230,0,90
782,281,1,783,6,4236,11,60
783,281,1,784,2,4238,0,20
784,281,1,785,3,4241,2,30
785,281,1,786,2,4243,0,20
786,281,1,787,7,4250,0,70
787,281,1,788,4,4254,0,40
788,281,1,789,3,4257,5,30
789,281,1,790,4,4261,0,40
790,281,1,791,2,4263,0,20
791,281,1,792,9,4272,6,90
792,281,1,793,9,4281,0,90
793,281,1,794,4,4285,0,40
794,281,1,795,5,4290,10,50
795,281,1,796,2,4292,0,20
796,281,1,797,2,4294,0,20
797,281,1,798,2,4296,0,20
798,281,1,799,3,4299,0,30
799,281,1,800,4,4303,0,40
800,281,1,801,4,4307,7,40
801,281,1,802,7,4314,0,70
802,281,1,803,8,4322,0,80
803,281,1,804,8,4330,0,80
804,281,1,805,7,4337,15,70
805,281,1,806,4,4341,0,40
806,281,1,807,8,4349,0,80
807,281,1,808,4,4353,9,40
808,281,1,809,3,4356,0,30
809,281,1,810,7,4363,5,70
810,281,1,811,3,4366,0,30
811,281,1,812,2,4368,3,20
812,281,1,813,4,4372,0,40
813,281,1,814,3,4375,0,30
814,281,1,815,4,4379,0,40
815,281,1,816,9,4388,0,90
816,281,1,817,5,4393,10,50
817,281,1,818,2,4395,0,20
818,281,1,819,4,4399,4,40
819,281,1,820,4,4403,0,40
820,281,1,821,3,4406,0,30
821,281,1,822,3,4409,0,30
822,281,1,823,6,4415,0,60
823,281,1,824,2,4417,0,20
824,281,1,825,2,4419,0,20
825,281,1,826,9,4428,21,90
826,281,1,827,3,4431,0,30
827,281,1,828,7,4438,0,70
828,281,1,829,9,4447,0,90
829,281,1,830,2,4449,0,20
830,281,1,831,3,4452,0,30
831,281,1,832,6,4458,0,60
832,281,1,833,7,4465,22,70
833,281,1,834,7,4472,0,70
834,281,1,835,2,4474,0,20
835,281,1,836,4,4478,0,40
836,281,1,837,2,4480,0,20
837,281,1,838,4,4484,0,40
838,281,1,839,9,4493,11,90
839,281,1,840,3,4496,0,30
840,281,1,841,7,4503,0,70
841,281,1,842,9,4512,0,90
842,281,1,843,9,4521,0,90
843,281,1,844,6,4527,0,60
844,281,1,845,6,4533,0,60
845,281,1,846,4,4537,0,40
846,281,1,847,4,4541,0,40
847,281,1,848,3,4544,0,30
848,281,1,849,3,4547,0,30
849,281,1,850,6,4553,0,60
850,281,1,851,4,4557,0,40
851,281,1,852,2,4559,0,20
852,281,1,853,2,4561,0,20
853,281,1,854,9,4570,0,90
854,281,1,855,7,4577,44,70
855,281,1,856,7,4584,0,70
856,281,1,857,6,4590,6,60
857,281,1,858,6,4596,0,60
858,281,1,859,9,4605,7,90
859,281,1,860,4,4609,0,40
860,281,1,861,5,4614,0,50
861,281,1,862,5,4619,0,50
862,281,1,863,7,4626,0,70
863,281,1,864,9,4635,0,90
864,281,1,865,8,4643,22,80
865,281,1,866,6,4649,2,60
866,281,1,867,4,4653,0,40
867,281,1,868,9,4662,0,90
868,281,1,869,3,4665,0,30
869,281,1,870,3,4668,0,30
870,281,1,871,6,4674,13,60
871,281,1,872,8,4682,4,80
872,281,1,873,7,4689,0,70
873,281,1,874,9,4698,0,90
874,281,1,875,4,4702,0,40
875,281,1,876,6,4708,0,60
876,281,1,877,2,4710,0,20
877,281,1,878,3,4713,16,30
878,281,1,879,3,4716,0,30
879,281,1,880,3,4719,0,30
880,281,1,881,2,4721,0,20
881,281,1,882,7,4728,5,70
882,281,1,883,5,4733,0,50
883,281,1,884,7,4740,4,70
884,281,1,885,3,4743,0,30
885,281,1,886,4,4747,0,40
886,281,1,887,6,4753,0,60
887,281,1,888,6,4759,0,60
888,281,1,889,9,4768,0,90
889,281,1,890,6,4774,0,60
890,281,1,891,6,4780,21,60
891,281,1,892,2,4782,0,20
892,281,1,893,5,4787,0,50
893,281,1,894,2,4789,0,20
894,281,1,895,5,4794,0,50
895,281,1,896,2,4796,0,20
896,281,1,897,2,4798,0,20
897,281,1,898,4,4802,0,40
898,281,1,899,8,4810,0,80
899,281,1,900,7,4817,0,70
900,281,1,901,9,4826,0,90
901,281,1,902,2,4828,0,20
902,281,1,903,3,4831,0,30
903,281,1,904,2,4833,0,20
904,281,1,905,8,4841,38,80
905,281,1,906,2,4843,0,20
906,281,1,907,2,4845,0,20
907,281,1,908,6,4851,4,60
908,281,1,909,6,4857,0,60
909,281,1,910,5,4862,7,50
910,281,1,911,9,4871,0,90
911,281,1,912,3,4874,0,30
912,281,1,913,5,4879,0,50
913,281,1,914,4,4883,0,40
914,281,1,915,7,4890,0,70
915,281,1,916,9,4899,21,90
916,281,1,917,8,4907,5,80
917,281,1,918,5,4912,0,50
918,281,1,919,6,4918,0,60
919,281,1,920,5,4923,10,50
920,281,1,921,5,4928,0,50
921,281,1,922,6,4934,0,60
922,281,1,923,4,4938,7,40
923,281,1,924,4,4942,0,40
924,281,1,925,2,4944,0,20
925,281,1,926,2,4946,0,20
926,281,1,927,5,4951,8,50
927,281,1,928,8,4959,2,80
928,281,1,929,4,4963,0,40
929,281,1,930,4,4967,3,40
930,281,1,931,8,4975,6,80
931,281,1,932,2,4977,0,20
932,281,1,933,5,4982,2,50
933,281,1,934,4,4986,2,40
934,281,1,935,4,4990,0,40
935,281,1,936,9,4999,0,90
936,281,2,1,3,3,3,30
937,281,2,2,3,6,2,30
938,281,2,3,3,9,0,30
939,281,2,4,7,16,0,70
940,281,2,5,7,23,0,70
941,281,2,6,8,31,0,80
942,281,2,7,8,39,0,80
943,281,2,8,3,42,0,30
944,281,2,9,3,45,0,30
945,281,2,10,6,51,18,60
946,281,2,11,7,58,0,70
947,281,2,12,9,67,0,90
948,281,2,13,5,72,0,50
949,281,2,14,5,77,0,50
950,281,2,15,5,82,21,50
951,281,2,16,3,85,0,30
952,281,2,17,9,94,0,90
953,281,2,18,2,96,0,20
954,281,2,19,4,100,0,40
955,281,2,20,5,105,0,50
956,281,2,21,7,112,0,70
957,281,2,22,8,120,0,80
958,281,2,23,8,128,26,80
959,281,2,24,7,135,0,70
960,281,2,25,4,139,3,40
961,281,2,26,8,147,0,80
962,281,2,27,6,153,6,60
963,281,2,28,4,157,0,40
964,281,2,29,2,159,0,20
965,281,2,30,3,162,3,30
966,281,2,31,7,169,0,70
967,281,2,32,9,178,0,90
968,281,2,33,2,180,0,20
969,281,2,34,8,188,10,80
970,281,2,35,2,190,0,20
971,281,2,36,7,197,0,70
972,281,2,37,2,199,4,20
973,281,2,38,7,206,5,70
974,281,2,39,9,215,0,90
975,281,2,40,8,223,0,80
976,281,2,41,3,226,0,30
977,281,2,42,5,231,9,50
978,281,2,43,9,240,4,90
979,281,2,44,7,247,0,70
980,281,2,45,6,253,0,60
981,281,2,46,9,262,0,90
982,281,2,47,6,268,0,60
983,281,2,48,6,274,0,60
984,281,2,49,6,280,23,60
985,281,2,50,5,285,0,50
986,281,2,51,7,292,0,70
987,281,2,52,3,295,11,30
988,281,2,53,2,297,0,20
989,281,2,54,2,299,0,20
990,281,2,55,2,301,0,20
991,281,2,56,9,310,0,90
992,281,2,57,8,318,0,80
993,281,2,58,6,324,0,60
994,281,2,59,8,332,0,80
995,281,2,60,6,338,31,60
996,281,2,61,5,343,0,50
997,281,2,62,6,349,0,60
998,281,2,63,6,355,0,60
999,281,2,64,8,363,0,80
1000,281,2,65,2,365,0,20
1001,281,2,66,7,372,0,70
1002,281,2,67,2,374,9,20
1003,281,2,68,3,377,0,30
1004,281,2,69,4,381,0,40
1005,281,2,70,5,386,0,50
1006,281,2,71,8,394,0,80
1007,281,2,72,2,396,0,20
1008,281,2,73,3,399,14,30
1009,281,2,74,7,406,0,70
1010,281,2,75,8,414,0,80
1011,281,2,76,7,421,0,70
1012,281,2,77,8,429,0,80
1013,281,2,78,3,432,0,30
1014,281,2,79,9,441,0,90
1015,281,2,80,4,445,0,40
1016,281,2,81,3,448,0,30
1017,281,2,82,3,451,0,30
1018,281,2,83,4,455,0,40
1019,281,2,84,4,459,0,40
1020,281,2,85,5,464,0,50
1021,281,2,86,7,471,0,70
1022,281,2,87,7,478,37,70
1023,281,2,88,3,481,1,30
1024,281,2,89,4,485,0,40
1025,281,2,90,2,487,2,20
1026,281,2,91,7,494,0,70
1027,281,2,92,4,498,0,40
1028,281,2,93,2,500,0,20
1029,281,2,94,4,504,3,40
1030,281,2,95,9,513,0,90
1031,281,2,96,5,518,0,50
1032,281,2,97,8,526,0,80
1033,281,2,98,3,529,0,30
1034,281,2,99,2,531,0,20
1035,281,2,100,3,534,0,30
1036,281,2,101,3,537,0,30
1037,281,2,102,9,546,19,90
1038,281,2,103,8,554,4,80
1039,281,2,104,5,559,1,50
1040,281,2,105,8,567,6,80
1041,281,2,106,2,569,1,20
1042,281,2,107,5,574,0,50
1043,281,2,108,6,580,0,60
1044,281,2,109,9,589,0,90
1045,281,2,110,8,597,0,80
1046,281,2,111,8,605,0,80
1047,281,2,112,4,609,0,40
1048,281,2,113,5,614,0,50
1049,281,2,114,9,623,31,90
1050,281,2,115,2,625,0,20
1051,281,2,116,7,632,5,70
1052,281,2,117,4,636,0,40
1053,281,2,118,2,638,4,20
1054,281,2,119,7,645,7,70
1055,281,2,120,2,647,3,20
1056,281,2,121,3,650,0,30
1057,281,2,122,5,655,0,50
1058,281,2,123,6,661,0,60
1059,281,2,124,5,666,0,50
1060,281,2,125,5,671,0,50
1061,281,2,126,4,675,0,40
1062,281,2,127,2,677,0,20
1063,281,2,128,5,682,21,50
1064,281,2,129,4,686,0,40
1065,281,2,130,3,689,4,30
1066,281,2,131,6,695,0,60
1067,281,2,132,8,703,0,80
1068,281,2,133,9,712,0,90
1069,281,2,134,3,715,0,30
1070,281,2,135,7,722,21,70
1071,281,2,136,9,731,4,90
1072,281,2,137,7,738,0,70
1073,281,2,138,2,740,0,20
1074,281,2,139,8,748,0,80
1075,281,2,140,3,751,0,30
1076,281,2,141,2,753,0,20
1077,281,2,142,4,757,0,40
1078,281,2,143,7,764,18,70
1079,281,2,144,5,769,0,50
1080,281,2,145,7,776,0,70
1081,281,2,146,5,781,8,50
1082,281,2,147,2,783,0,20
1083,281,2,148,2,785,0,20
1084,281,2,149,4,789,0,40
1085,281,2,150,5,794,0,50
1086,281,2,151,8,802,0,80
1087,281,2,152,5,807,0,50
1088,281,2,153,3,810,0,30
1089,281,2,154,9,819,0,90
1090,281,2,155,7,826,0,70
1091,281,2,156,2,828,0,20
1092,281,2,157,7,835,29,70
1093,281,2,158,2,837,0,20
1094,281,2,159,6,843,0,60
1095,281,2,160,5,848,5,50
1096,281,2,161,9,857,0,90
1097,281,2,162,6,863,9,60
1098,281,2,163,6,869,1,60
1099,281,2,164,4,873,2,40
1100,281,2,165,7,880,0,70
1101,281,2,166,2,882,0,20
1102,281,2,167,5,887,0,50
1103,281,2,168,5,892,0,50
1104,281,2,169,2,894,0,20
1105,281,2,170,3,897,11,30
1106,281,2,171,8,905,0,80
1107,281,2,172,2,907,0,20
1108,281,2,173,5,912,0,50
1109,281,2,174,3,915,0,30
1110,281,2,175,7,922,0,70
1111,281,2,176,4,926,0,40
1112,281,2,177,5,931,24,50
1113,281,2,178,2,933,0,20
1114,281,2,179,8,941,0,80
1115,281,2,180,9,950,0,90
1116,281,2,181,6,956,0,60
1117,281,2,182,4,960,0,40
1118,281,2,183,9,969,0,90
1119,281,2,184,9,978,0,90
1120,281,2,185,7,985,0,70
1121,281,2,186,8,993,0,80
1122,281,2,187,2,995,27,20
1123,281,2,188,2,997,0,20
1124,281,2,189,5,1002,0,50
1125,281,2,190,2,1004,0,20
1126,281,2,191,5,1009,0,50
1127,281,2,192,2,1011,0,20
1128,281,2,193,2,1013,0,20
1129,281,2,194,6,1019,0,60
1130,281,2,195,4,1023,0,40
1131,281,2,196,4,1027,0,40
1132,281,2,197,8,1035,0,80
1133,281,2,198,7,1042,0,70
1134,281,2,199,5,1047,33,50
1135,281,2,200,8,1055,5,80
1136,281,2,201,4,1059,0,40
1137,281,2,202,6,1065,0,60
1138,281,2,203,2,1067,0,20
1139,281,2,204,7,1074,6,70
1140,281,2,205,6,1080,4,60
1141,281,2,206,9,1089,0,90
1142,281,2,207,6,1095,0,60
1143,281,2,208,5,1100,9,50
1144,281,2,209,5,1105,0,50
1145,281,2,210,7,1112,7,70
1146,281,2,211,2,1114,0,20
1147,281,2,212,7,1121,5,70
1148,281,2,213,8,1129,5,80
1149,281,2,214,9,1138,0,90
1150,281,2,215,8,1146,0,80
1151,281,2,216,2,1148,0,20
1152,281,2,217,5,1153,0,50
1153,281,2,218,9,1162,0,90
1154,281,2,219,7,1169,0,70
1155,281,2,220,8,1177,28,80
1156,281,2,221,8,1185,0,80
1157,281,2,222,9,1194,0,90
1158,281,2,223,7,1201,0,70
1159,281,2,224,3,1204,0,30
1160,281,2,225,2,1206,0,20
1161,281,2,226,9,1215,0,90
1162,281,2,227,5,1220,0,50
1163,281,2,228,8,1228,28,80
1164,281,2,229,7,1235,0,70
1165,281,2,230,4,1239,0,40
1166,281,2,231,6,1245,0,60
1167,281,2,232,4,1249,0,40
1168,281,2,233,5,1254,0,50
1169,281,2,234,2,1256,0,20
1170,281,2,235,9,1265,0,90
1171,281,2,236,7,1272,23,70
1172,281,2,237,6,1278,3,60
1173,281,2,238,9,1287,0,90
1174,281,2,239,5,1292,14,50
1175,281,2,240,9,1301,2,90
1176,281,2,241,3,1304,0,30
1177,281,2,242,7,1311,0,70
1178,281,2,243,5,1316,0,50
1179,281,2,244,7,1323,0,70
1180,281,2,245,9,1332,18,90
1181,281,2,246,4,1336,0,40
1182,281,2,247,4,1340,0,40
1183,281,2,248,6,1346,0,60
1184,281,2,249,9,1355,16,90
1185,281,2,250,4,1359,0,40
1186,281,2,251,2,1361,0,20
1187,281,2,252,2,1363,0,20
1188,281,2,253,8,1371,8,80
1189,281,2,254,2,1373,0,20
1190,281,2,255,4,1377,2,40
1191,281,2,256,4,1381,0,40
1192,281,2,257,5,1386,0,50
1193,281,2,258,6,1392,7,60
1194,281,2,259,2,1394,3,20
1195,281,2,260,6,1400,0,60
1196,281,2,261,6,1406,4,60
1197,281,2,262,2,1408,0,20
1198,281,2,263,6,1414,0,60
1199,281,2,264,6,1420,4,60
1200,281,2,265,7,1427,0,70
1201,281,2,266,8,1435,5,80
1202,281,2,267,5,1440,0,50
1203,281,2,268,5,1445,0,50
1204,281,2,269,4,1449,0,40
1205,281,2,270,8,1457,0,80
1206,281,2,271,2,1459,0,20
1207,281,2,272,3,1462,12,30
1208,281,2,273,3,1465,0,30
1209,281,2,274,9,1474,0,90
1210,281,2,275,9,1483,7,90
1211,281,2,276,3,1486,1,30
1212,281,2,277,8,1494,0,80
1213,281,2,278,2,1496,5,20
1214,281,2,279,2,1498,0,20
1215,281,2,280,6,1504,0,60
1216,281,2,281,3,1507,0,30
1217,281,2,282,6,1513,0,60
1218,281,2,283,4,1517,14,40
1219,281,2,284,8,1525,0,80
1220,281,2,285,2,1527,0,20
1221,281,2,286,9,1536,0,90
1222,281,2,287,5,1541,15,50
1223,281,2,288,4,1545,0,40
1224,281,2,289,3,1548,0,30
1225,281,2,290,2,1550,0,20
1226,281,2,291,4,1554,0,40
1227,281,2,292,5,1559,0,50
1228,281,2,293,5,1564,0,50
1229,281,2,294,5,1569,0,50
1230,281,2,295,3,1572,0,30
1231,281,2,296,8,1580,0,80
1232,281,2,297,3,1583,0,30
1233,281,2,298,2,1585,0,20
1234,281,2,299,6,1591,24,60
1235,281,2,300,9,1600,0,90
1236,281,2,301,2,1602,4,20
1237,281,2,302,6,1608,3,60
1238,281,2,303,7,1615,0,70
1239,281,2,304,5,1620,0,50
1240,281,2,305,3,1623,0,30
1241,281,2,306,5,1628,12,50
1242,281,2,307,5,1633,0,50
1243,281,2,308,8,1641,0,80
1244,281,2,309,4,1645,0,40
1245,281,2,310,7,1652,0,70
1246,281,2,311,3,1655,0,30
1247,281,2,312,2,1657,0,20
1248,281,2,313,8,1665,0,80
1249,281,2,314,8,1673,22,80
1250,281,2,315,9,1682,0,90
1251,281,2,316,4,1686,0,40
1252,281,2,317,6,1692,0,60
1253,281,2,318,3,1695,0,30
1254,281,2,319,4,1699,0,40
1255,281,2,320,8,1707,0,80
1256,281,2,321,7,1714,0,70
1257,281,2,322,8,1722,0,80
1258,281,2,323,4,1726,30,40
1259,281,2,324,8,1734,1,80
1260,281,2,325,6,1740,3,60
1261,281,2,326,3,1743,0,30
1262,281,2,327,7,1750,0,70
1263,281,2,328,5,1755,0,50
1264,281,2,329,4,1759,5,40
1265,281,2,330,6,1765,0,60
1266,281,2,331,2,1767,0,20
1267,281,2,332,7,1774,0,70
1268,281,2,333,4,1778,0,40
1269,281,2,334,9,1787,0,90
1270,281,2,335,6,1793,0,60
1271,281,2,336,8,1801,0,80
1272,281,2,337,3,1804,0,30
1273,281,2,338,4,1808,0,40
1274,281,2,339,4,1812,0,40
1275,281,2,340,9,1821,0,90
1276,281,2,341,3,1824,0,30
1277,281,2,342,6,1830,0,60
1278,281,2,343,7,1837,0,70
1279,281,2,344,3,1840,41,30
1280,281,2,345,7,1847,0,70
1281,281,2,346,5,1852,0,50
1282,281,2,347,2,1854,6,20
1283,281,2,348,2,1856,0,20
1284,281,2,349,6,1862,0,60
1285,281,2,350,4,1866,7,40
1286,281,2,351,7,1873,4,70
1287,281,2,352,4,1877,0,40
1288,281,2,353,5,1882,0,50
1289,281,2,354,4,1886,9,40
1290,281,2,355,5,1891,0,50
1291,281,2,356,6,1897,0,60
1292,281,2,357,4,1901,0,40
1293,281,2,358,2,1903,10,20
1294,281,2,359,3,1906,0,30
1295,281,2,360,5,1911,0,50
1296,281,2,361,5,1916,3,50
1297,281,2,362,9,1925,4,90
1298,281,2,363,6,1931,0,60
1299,281,2,364,8,1939,8,80
1300,281,2,365,8,1947,2,80
1301,281,2,366,8,1955,0,80
1302,281,2,367,4,1959,0,40
1303,281,2,368,2,1961,0,20
1304,281,2,369,4,1965,0,40
1305,281,2,370,4,1969,0,40
1306,281,2,371,9,1978,0,90
1307,281,2,372,6,1984,0,60
1308,281,2,373,2,1986,0,20
1309,281,2,374,8,1994,0,80
1310,281,2,375,8,2002,0,80
1311,281,2,376,9,2011,36,90
1312,281,2,377,4,2015,1,40
1313,281,2,378,7,2022,1,70
1314,281,2,379,2,2024,0,20
1315,281,2,380,6,2030,4,60
1316,281,2,381,8,2038,0,80
1317,281,2,382,4,2042,7,40
1318,281,2,383,2,2044,0,20
1319,281,2,384,9,2053,0,90
1320,281,2,385,2,2055,0,20
1321,281,2,386,7,2062,7,70
1322,281,2,387,2,2064,0,20
1323,281,2,388,6,2070,0,60
1324,281,2,389,5,2075,5,50
1325,281,2,390,9,2084,5,90
1326,281,2,391,8,2092,5,80
1327,281,2,392,9,2101,0,90
1328,281,2,393,9,2110,0,90
1329,281,2,394,2,2112,0,20
1330,281,2,395,2,2114,7,20
1331,281,2,396,9,2123,0,90
1332,281,2,397,7,2130,0,70
1333,281,2,398,9,2139,10,90
1334,281,2,399,7,2146,0,70
1335,281,2,400,6,2152,0,60
1336,281,2,401,5,2157,0,50
1337,281,2,402,5,2162,6,50
1338,281,2,403,2,2164,0,20
1339,281,2,404,9,2173,0,90
1340,281,2,405,4,2177,0,40
1341,281,2,406,4,2181,0,40
1342,281,2,407,3,2184,0,30
1343,281,2,408,7,2191,0,70
1344,281,2,409,4,2195,0,40
1345,281,2,410,9,2204,0,90
1346,281,2,411,2,2206,0,20
1347,281,2,412,9,2215,0,90
1348,281,2,413,6,2221,0,60
1349,281,2,414,7,2228,0,70
1350,281,2,415,5,2233,0,50
1351,281,2,416,2,2235,0,20
1352,281,2,417,7,2242,0,70
1353,281,2,418,3,2245,0,30
1354,281,2,419,6,2251,44,60
1355,281,2,420,8,2259,0,80
1356,281,2,421,8,2267,15,80
1357,281,2,422,7,2274,2,70
1358,281,2,423,4,2278,0,40
1359,281,2,424,5,2283,0,50
1360,281,2,425,9,2292,0,90
1361,281,2,426,6,2298,0,60
1362,281,2,427,6,2304,11,60
1363,281,2,428,6,2310,0,60
1364,281,2,429,7,2317,0,70
1365,281,2,430,9,2326,0,90
1366,281,2,431,8,2334,0,80
1367,281,2,432,8,2342,0,80
1368,281,2,433,5,2347,0,50
1369,281,2,434,7,2354,0,70
1370,281,2,435,9,2363,0,90
1371,281,2,436,5,2368,0,50
1372,281,2,437,9,2377,42,90
1373,281,2,438,8,2385,0,80
1374,281,2,439,2,2387,0,20
1375,281,2,440,3,2390,0,30
1376,281,2,441,4,2394,5,40
1377,281,2,442,3,2397,0,30
1378,281,2,443,3,2400,0,30
1379,281,2,444,2,2402,4,20
1380,281,2,445,5,2407,0,50
1381,281,2,446,3,2410,0,30
1382,281,2,447,7,2417,4,70
1383,281,2,448,5,2422,0,50
1384,281,2,449,9,2431,0,90
1385,281,2,450,8,2439,0,80
1386,281,2,451,2,2441,0,20
1387,281,2,452,4,2445,0,40
1388,281,2,453,7,2452,0,70
1389,281,2,454,4,2456,0,40
1390,281,2,455,5,2461,19,50
1391,281,2,456,9,2470,0,90
1392,281,2,457,2,2472,0,20
1393,281,2,458,7,2479,14,70
1394,281,2,459,9,2488,0,90
1395,281,2,460,6,2494,0,60
1396,281,2,461,4,2498,0,40
1397,281,2,462,9,2507,20,90
1398,281,2,463,7,2514,0,70
1399,281,2,464,6,2520,0,60
1400,281,2,465,4,2524,0,40
1401,281,2,466,7,2531,9,70
1402,281,2,467,6,2537,5,60
1403,281,2,468,9,2546,8,90
1404,281,2,469,2,2548,0,20
1405,281,2,470,8,2556,0,80
1406,281,2,471,8,2564,0,80
1407,281,2,472,8,2572,0,80
1408,281,2,473,7,2579,0,70
1409,281,2,474,7,2586,0,70
1410,281,2,475,7,2593,0,70
1411,281,2,476,8,2601,0,80
1412,281,2,477,6,2607,30,60
1413,281,2,478,5,2612,0,50
1414,281,2,479,2,2614,0,20
1415,281,2,480,9,2623,12,90
1416,281,2,481,3,2626,0,30
1417,281,2,482,8,2634,0,80
1418,281,2,483,5,2639,0,50
1419,281,2,484,7,2646,0,70
1420,281,2,485,5,2651,0,50
1421,281,2,486,7,2658,0,70
1422,281,2,487,2,2660,0,20
1423,281,2,488,6,2666,0,60
1424,281,2,489,7,2673,31,70
1425,281,2,490,5,2678,5,50
1426,281,2,491,5,2683,1,50
1427,281,2,492,4,2687,0,40
1428,281,2,493,6,2693,6,60
1429,281,2,494,4,2697,0,40
1430,281,2,495,3,2700,0,30
1431,281,2,496,4,2704,2,40
1432,281,2,497,3,2707,2,30
1433,281,2,498,3,2710,0,30
1434,281,2,499,5,2715,0,50
1435,281,2,500,2,2717,0,20
1436,281,2,501,5,2722,0,50
1437,281,2,502,5,2727,0,50
1438,281,2,503,3,2730,10,30
1439,281,2,504,7,2737,0,70
1440,281,2,505,7,2744,0,70
1441,281,2,506,5,2749,0,50
1442,281,2,507,6,2755,0,60
1443,281,2,508,7,2762,0,70
1444,281,2,509,4,2766,0,40
1445,281,2,510,8,2774,26,80
1446,281,2,511,8,2782,0,80
1447,281,2,512,9,2791,6,90
1448,281,2,513,8,2799,0,80
1449,281,2,514,2,2801,0,20
1450,281,2,515,9,2810,0,90
1451,281,2,516,5,2815,12,50
1452,281,2,517,5,2820,0,50
1453,281,2,518,2,2822,1,20
1454,281,2,519,9,2831,1,90
1455,281,2,520,2,2833,0,20
1456,281,2,521,9,2842,0,90
1457,281,2,522,3,2845,8,30
1458,281,2,523,9,2854,0,90
1459,281,2,524,7,2861,0,70
1460,281,2,525,7,2868,0,70
1461,281,2,526,6,2874,0,60
1462,281,2,527,2,2876,13,20
1463,281,2,528,6,2882,5,60
1464,281,2,529,9,2891,0,90
1465,281,2,530,2,2893,0,20
1466,281,2,531,2,2895,0,20
1467,281,2,532,4,2899,0,40
1468,281,2,533,6,2905,0,60
1469,281,2,534,8,2913,0,80
1470,281,2,535,3,2916,0,30
1471,281,2,536,4,2920,15,40
1472,281,2,537,7,2927,0,70
1473,281,2,538,9,2936,0,90
1474,281,2,539,8,2944,0,80
1475,281,2,540,3,2947,0,30
1476,281,2,541,2,2949,0,20
1477,281,2,542,9,2958,0,90
1478,281,2,543,6,2964,0,60
1479,281,2,544,9,2973,0,90
1480,281,2,545,8,2981,0,80
1481,281,2,546,2,2983,0,20
1482,281,2,547,4,2987,31,40
1483,281,2,548,3,2990,1,30
1484,281,2,549,3,2993,0,30
1485,281,2,550,4,2997,0,40
1486,281,2,551,6,3003,11,60
1487,281,2,552,2,3005,0,20
1488,281,2,553,5,3010,0,50
1489,281,2,554,6,3016,10,60
1490,281,2,555,6,3022,2,60
1491,281,2,556,2,3024,0,20
1492,281,2,557,4,3028,5,40
1493,281,2,558,8,3036,0,80
1494,281,2,559,7,3043,8,70
1495,281,2,560,5,3048,2,50
1496,281,2,561,3,3051,0,30
1497,281,2,562,5,3056,0,50
1498,281,2,563,7,3063,0,70
1499,281,2,564,9,3072,0,90
1500,281,2,565,6,3078,0,60
1501,281,2,566,8,3086,17,80
1502,281,2,567,2,3088,0,20
1503,281,2,568,6,3094,0,60
1504,281,2,569,8,3102,0,80
1505,281,2,570,4,3106,0,40
1506,281,2,571,9,3115,0,90
1507,281,2,572,2,3117,0,20
1508,281,2,573,9,3126,0,90
1509,281,2,574,3,3129,0,30
1510,281,2,575,5,3134,24,50
1511,281,2,576,2,3136,0,20
1512,281,2,577,7,3143,0,70
1513,281,2,578,7,3150,0,70
1514,281,2,579,4,3154,7,40
1515,281,2,580,9,3163,0,90
1516,281,2,581,4,3167,10,40
1517,281,2,582,9,3176,0,90
1518,281,2,583,4,3180,0,40
1519,281,2,584,9,3189,0,90
1520,281,2,585,2,3191,0,20
1521,281,2,586,7,3198,0,70
1522,281,2,587,7,3205,0,70
1523,281,2,588,9,3214,0,90
1524,281,2,589,3,3217,0,30
1525,281,2,590,5,3222,0,50
1526,281,2,591,5,3227,0,50
1527,281,2,592,4,3231,0,40
1528,281,2,593,4,3235,37,40
1529,281,2,594,8,3243,0,80
1530,281,2,595,9,3252,0,90
1531,281,2,596,5,3257,0,50
1532,281,2,597,3,3260,0,30
1533,281,2,598,9,3269,0,90
1534,281,2,599,6,3275,0,60
1535,281,2,600,4,3279,0,40
1536,281,2,601,2,3281,0,20
1537,281,2,602,3,3284,26,30
1538,281,2,603,5,3289,0,50
1539,281,2,604,3,3292,0,30
1540,281,2,605,9,3301,0,90
1541,281,2,606,4,3305,0,40
1542,281,2,607,8,3313,0,80
1543,281,2,608,4,3317,0,40
1544,281,2,609,7,3324,22,70
1545,281,2,610,7,3331,2,70
1546,281,2,611,6,3337,0,60
1547,281,2,612,9,3346,0,90
1548,281,2,613,6,3352,0,60
1549,281,2,614,8,3360,0,80
1550,281,2,615,8,3368,0,80
1551,281,2,616,5,3373,23,50
1552,281,2,617,6,3379,0,60
1553,281,2,618,6,3385,0,60
1554,281,2,619,5,3390,0,50
1555,281,2,620,7,3397,0,70
1556,281,2,621,4,3401,0,40
1557,281,2,622,9,3410,0,90
1558,281,2,623,3,3413,12,30
1559,281,2,624,8,3421,0,80
1560,281,2,625,8,3429,0,80
1561,281,2,626,7,3436,9,70
1562,281,2,627,8,3444,9,80
1563,281,2,628,3,3447,3,30
1564,281,2,629,5,3452,0,50
1565,281,2,630,3,3455,0,30
1566,281,2,631,7,3462,0,70
1567,281,2,632,5,3467,9,50
1568,281,2,633,8,3475,0,80
1569,281,2,634,7,3482,0,70
1570,281,2,635,9,3491,10,90
1571,281,2,636,5,3496,0,50
1572,281,2,637,8,3504,0,80
1573,281,2,638,2,3506,2,20
1574,281,2,639,9,3515,4,90
1575,281,2,640,8,3523,0,80
1576,281,2,641,9,3532,0,90
1577,281,2,642,6,3538,0,60
1578,281,2,643,2,3540,0,20
1579,281,2,644,9,3549,0,90
1580,281,2,645,2,3551,0,20
1581,281,2,646,8,3559,22,80
1582,281,2,647,8,3567,0,80
1583,281,2,648,5,3572,5,50
1584,281,2,649,6,3578,0,60
1585,281,2,650,6,3584,4,60
1586,281,2,651,5,3589,0,50
1587,281,2,652,5,3594,0,50
1588,281,2,653,6,3600,0,60
1589,281,2,654,3,3603,0,30
1590,281,2,655,8,3611,0,80
1591,281,2,656,8,3619,15,80
1592,281,2,657,9,3628,0,90
1593,281,2,658,4,3632,0,40
1594,281,2,659,4,3636,0,40
1595,281,2,660,5,3641,0,50
1596,281,2,661,5,3646,0,50
1597,281,2,662,5,3651,13,50
1598,281,2,663,2,3653,0,20
1599,281,2,664,9,3662,0,90
1600,281,2,665,9,3671,0,90
1601,281,2,666,5,3676,8,50
1602,281,2,667,2,3678,0,20
1603,281,2,668,5,3683,4,50
1604,281,2,669,2,3685,0,20
1605,281,2,670,6,3691,0,60
1606,281,2,671,4,3695,0,40
1607,281,2,672,3,3698,6,30
1608,281,2,673,3,3701,0,30
1609,281,2,674,6,3707,3,60
1610,281,2,675,7,3714,0,70
1611,281,2,676,8,3722,6,80
1612,281,2,677,5,3727,0,50
1613,281,2,678,6,3733,10,60
1614,281,2,679,6,3739,0,60
1615,281,2,680,8,3747,3,80
1616,281,2,681,4,3751,0,40
1617,281,2,682,3,3754,6,30
1618,281,2,683,8,3762,0,80
1619,281,2,684,5,3767,11,50
1620,281,2,685,6,3773,0,60
1621,281,2,686,5,3778,0,50
1622,281,2,687,5,3783,0,50
1623,281,2,688,7,3790,0,70
1624,281,2,689,8,3798,9,80
1625,281,2,690,6,3804,0,60
1626,281,2,691,7,3811,0,70
1627,281,2,692,8,3819,0,80
1628,281,2,693,6,3825,14,60
1629,281,2,694,2,3827,0,20
1630,281,2,695,7,3834,0,70
1631,281,2,696,5,3839,0,50
1632,281,2,697,3,3842,0,30
1633,281,2,698,9,3851,0,90
1634,281,2,699,9,3860,0,90
1635,281,2,700,2,3862,0,20
1636,281,2,701,5,3867,0,50
1637,281,2,702,4,3871,20,40
1638,281,2,703,6,3877,1,60
1639,281,2,704,7,3884,0,70
1640,281,2,705,5,3889,0,50
1641,281,2,706,8,3897,9,80
1642,281,2,707,8,3905,1,80
1643,281,2,708,5,3910,0,50
1644,281,2,709,8,3918,0,80
1645,281,2,710,8,3926,0,80
1646,281,2,711,8,3934,0,80
1647,281,2,712,4,3938,0,40
1648,281,2,713,7,3945,0,70
1649,281,2,714,7,3952,0,70
1650,281,2,715,6,3958,0,60
1651,281,2,716,8,3966,27,80
1652,281,2,717,6,3972,0,60
1653,281,2,718,9,3981,0,90
1654,281,2,719,4,3985,0,40
1655,281,2,720,3,3988,0,30
1656,281,2,721,4,3992,0,40
1657,281,2,722,7,3999,22,70
1658,281,2,723,2,4001,0,20
1659,281,2,724,4,4005,0,40
1660,281,2,725,6,4011,0,60
1661,281,2,726,9,4020,11,90
1662,281,2,727,9,4029,6,90
1663,281,2,728,9,4038,0,90
1664,281,2,729,8,4046,0,80
1665,281,2,730,2,4048,4,20
1666,281,2,731,3,4051,2,30
1667,281,2,732,8,4059,0,80
1668,281,2,733,2,4061,0,20
1669,281,2,734,9,4070,0,90
1670,281,2,735,9,4079,0,90
1671,281,2,736,7,4086,0,70
1672,281,2,737,3,4089,0,30
1673,281,2,738,5,4094,0,50
1674,281,2,739,6,4100,25,60
1675,281,2,740,5,4105,0,50
1676,281,2,741,5,4110,5,50
1677,281,2,742,6,4116,0,60
1678,281,2,743,7,4123,0,70
1679,281,2,744,2,4125,0,20
1680,281,2,745,5,4130,0,50
1681,281,2,746,2,4132,0,20
1682,281,2,747,3,4135,9,30
1683,281,2,748,8,4143,0,80
1684,281,2,749,8,4151,10,80
1685,281,2,750,3,4154,1,30
1686,281,2,751,4,4158,1,40
1687,281,2,752,3,4161,0,30
1688,281,2,753,2,4163,1,20
1689,281,2,754,2,4165,0,20
1690,281,2,755,6,4171,0,60
1691,281,2,756,7,4178,0,70
1692,281,2,757,2,4180,0,20
1693,281,2,758,2,4182,0,20
1694,281,2,759,8,4190,0,80
1695,281,2,760,9,4199,0,90
1696,281,2,761,7,4206,0,70
1697,281,2,762,5,4211,0,50
1698,281,2,763,2,4213,0,20
1699,281,2,764,8,4221,0,80
1700,281,2,765,8,4229,0,80
1701,281,2,766,7,4236,0,70
1702,281,2,767,3,4239,38,30
1703,281,2,768,7,4246,0,70
1704,281,2,769,5,4251,0,50
1705,281,2,770,8,4259,0,80
1706,281,2,771,7,4266,0,70
1707,281,2,772,4,4270,0,40
1708,281,2,773,2,4272,0,20
1709,281,2,774,6,4278,0,60
1710,281,2,775,3,4281,0,30
1711,281,2,776,8,4289,0,80
1712,281,2,777,2,4291,0,20
1713,281,2,778,5,4296,0,50
1714,281,2,779,3,4299,0,30
1715,281,2,780,9,4308,0,90
1716,281,2,781,5,4313,0,50
1717,281,2,782,7,4320,34,70
1718,281,2,783,3,4323,2,30
1719,281,2,784,8,4331,0,80
1720,281,2,785,7,4338,0,70
1721,281,2,786,4,4342,0,40
1722,281,2,787,9,4351,0,90
1723,281,2,788,6,4357,0,60
1724,281,2,789,7,4364,0,70
1725,281,2,790,6,4370,0,60
1726,281,2,791,5,4375,30,50
1727,281,2,792,8,4383,0,80
1728,281,2,793,6,4389,0,60
1729,281,2,794,2,4391,0,20
1730,281,2,795,7,4398,0,70
1731,281,2,796,3,4401,0,30
1732,281,2,797,4,4405,19,40
1733,281,2,798,7,4412,0,70
1734,281,2,799,5,4417,5,50
1735,281,2,800,7,4424,0,70
1736,281,2,801,2,4426,0,20
1737,281,2,802,4,4430,0,40
1738,281,2,803,5,4435,0,50
1739,281,2,804,8,4443,0,80
1740,281,2,805,6,4449,9,60
1741,281,2,806,6,4455,0,60
1742,281,2,807,2,4457,0,20
1743,281,2,808,6,4463,0,60
1744,281,2,809,3,4466,11,30
1745,281,2,810,8,4474,0,80
1746,281,2,811,9,4483,0,90
1747,281,2,812,6,4489,0,60
1748,281,2,813,4,4493,0,40
1749,281,2,814,9,4502,0,90
1750,281,2,815,8,4510,0,80
1751,281,2,816,6,4516,0,60
1752,281,2,817,2,4518,26,20
1753,281,2,818,3,4521,0,30
1754,281,2,819,2,4523,0,20
1755,281,2,820,7,4530,0,70
1756,281,2,821,2,4532,0,20
1757,281,2,822,2,4534,0,20
1758,281,2,823,6,4540,0,60
1759,281,2,824,7,4547,0,70
1760,281,2,825,6,4553,0,60
1761,281,2,826,5,4558,0,50
1762,281,2,827,4,4562,0,40
1763,281,2,828,8,4570,22,80
1764,281,2,829,2,4572,2,20
1765,281,2,830,5,4577,0,50
1766,281,2,831,2,4579,0,20
1767,281,2,832,4,4583,0,40
1768,281,2,833,3,4586,9,30
1769,281,2,834,9,4595,0,90
1770,281,2,835,6,4601,0,60
1771,281,2,836,7,4608,0,70
1772,281,2,837,9,4617,0,90
1773,281,2,838,5,4622,18,50
1774,281,2,839,8,4630,0,80
1775,281,2,840,7,4637,9,70
1776,281,2,841,9,4646,2,90
1777,281,2,842,8,4654,0,80
1778,281,2,843,4,4658,0,40
1779,281,2,844,9,4667,0,90
1780,281,2,845,5,4672,0,50
1781,281,2,846,4,4676,19,40
1782,281,2,847,2,4678,0,20
1783,281,2,848,3,4681,0,30
1784,281,2,849,8,4689,0,80
1785,281,2,850,9,4698,0,90
1786,281,2,851,7,4705,0,70
1787,281,2,852,5,4710,0,50
1788,281,2,853,9,4719,0,90
1789,281,2,854,4,4723,16,40
1790,281,2,855,9,4732,0,90
1791,281,2,856,5,4737,0,50
1792,281,2,857,7,4744,7,70
1793,281,2,858,3,4747,0,30
1794,281,2,859,8,4755,0,80
1795,281,2,860,7,4762,4,70
1796,281,2,861,5,4767,1,50
1797,281,2,862,9,4776,0,90
1798,281,2,863,7,4783,0,70
1799,281,2,864,4,4787,11,40
1800,281,2,865,7,4794,0,70
1801,281,2,866,5,4799,0,50
1802,281,2,867,6,4805,0,60
1803,281,2,868,4,4809,0,40
1804,281,2,869,7,4816,10,70
1805,281,2,870,2,4818,0,20
1806,281,2,871,9,4827,0,90
1807,281,2,872,6,4833,0,60
1808,281,2,873,4,4837,0,40
1809,281,2,874,4,4841,0,40
1810,281,2,875,8,4849,21,80
1811,281,2,876,8,4857,0,80
1812,281,2,877,7,4864,6,70
1813,281,2,878,5,4869,0,50
1814,281,2,879,3,4872,0,30
1815,281,2,880,4,4876,3,40
1816,281,2,881,4,4880,0,40
1817,281,2,882,9,4889,0,90
1818,281,2,883,4,4893,0,40
1819,281,2,884,9,4902,0,90
1820,281,2,885,3,4905,0,30
1821,281,2,886,6,4911,0,60
1822,281,2,887,4,4915,0,40
1823,281,2,888,3,4918,17,30
1824,281,2,889,7,4925,0,70
1825,281,2,890,8,4933,0,80
1826,281,2,891,3,4936,8,30
1827,281,2,892,3,4939,6,30
1828,281,2,893,5,4944,0,50
1829,281,2,894,8,4952,0,80
1830,281,2,895,9,4961,14,90
1831,281,2,896,2,4963,0,20
1832,281,2,897,8,4971,2,80
1833,281,2,898,4,4975,0,40
1834,281,2,899,6,4981,0,60
1835,281,2,900,8,4989,0,80
1836,281,2,901,6,4995,0,60
1837,281,3,1,2,2,2,20
1838,281,3,2,2,4,0,20
1839,281,3,3,4,8,0,40
1840,281,3,4,8,16,0,80
1841,281,3,5,9,25,0,90
1842,281,3,6,7,32,0,70
1843,281,3,7,8,40,0,80
1844,281,3,8,3,43,18,30
1845,281,3,9,6,49,0,60
1846,281,3,10,5,54,0,50
1847,281,3,11,9,63,14,90
1848,281,3,12,4,67,0,40
1849,281,3,13,4,71,0,40
1850,281,3,14,5,76,0,50
1851,281,3,15,3,79,0,30
1852,281,3,16,8,87,0,80
1853,281,3,17,8,95,0,80
1854,281,3,18,9,104,20,90
1855,281,3,19,5,109,4,50
1856,281,3,20,2,111,0,20
1857,281,3,21,2,113,0,20
1858,281,3,22,4,117,0,40
1859,281,3,23,9,126,9,90
1860,281,3,24,2,128,0,20
1861,281,3,25,8,136,0,80
1862,281,3,26,3,139,0,30
1863,281,3,27,3,142,0,30
1864,281,3,28,3,145,0,30
1865,281,3,29,4,149,0,40
1866,281,3,30,9,158,0,90
1867,281,3,31,6,164,0,60
1868,281,3,32,9,173,24,90
1869,281,3,33,2,175,1,20
1870,281,3,34,6,181,0,60
1871,281,3,35,9,190,0,90
1872,281,3,36,4,194,0,40
1873,281,3,37,5,199,0,50
1874,281,3,38,5,204,0,50
1875,281,3,39,5,209,0,50
1876,281,3,40,4,213,0,40
1877,281,3,41,5,218,0,50
1878,281,3,42,4,222,0,40
1879,281,3,43,9,231,0,90
1880,281,3,44,5,236,0,50
1881,281,3,45,5,241,0,50
1882,281,3,46,3,244,0,30
1883,281,3,47,7,251,0,70
1884,281,3,48,8,259,45,80
1885,281,3,49,8,267,0,80
1886,281,3,50,2,269,5,20
1887,281,3,51,2,271,0,20
1888,281,3,52,8,279,0,80
1889,281,3,53,8,287,0,80
1890,281,3,54,3,290,0,30
1891,281,3,55,8,298,0,80
1892,281,3,56,4,302,0,40
1893,281,3,57,2,304,0,20
1894,281,3,58,7,311,22,70
1895,281,3,59,2,313,0,20
1896,281,3,60,4,317,2,40
1897,281,3,61,8,325,0,80
1898,281,3,62,3,328,6,30
1899,281,3,63,2,330,0,20
1900,281,3,64,6,336,2,60
1901,281,3,65,5,341,3,50
1902,281,3,66,5,346,0,50
1903,281,3,67,8,354,0,80
1904,281,3,68,5,359,8,50
1905,281,3,69,9,368,0,90
1906,281,3,70,3,371,7,30
1907,281,3,71,5,376,6,50
1908,281,3,72,8,384,0,80
1909,281,3,73,6,390,0,60
1910,281,3,74,5,395,0,50
1911,281,3,75,8,403,0,80
1912,281,3,76,7,410,0,70
1913,281,3,77,8,418,19,80
1914,281,3,78,3,421,0,30
1915,281,3,79,4,425,0,40
1916,281,3,80,8,433,0,80
1917,281,3,81,3,436,0,30
1918,281,3,82,4,440,11,40
1919,281,3,83,7,447,0,70
1920,281,3,84,6,453,0,60
1921,281,3,85,5,458,0,50
1922,281,3,86,6,464,0,60
1923,281,3,87,4,468,17,40
1924,281,3,88,7,475,0,70
1925,281,3,89,7,482,8,70
1926,281,3,90,2,484,0,20
1927,281,3,91,7,491,0,70
1928,281,3,92,9,500,0,90
1929,281,3,93,3,503,0,30
1930,281,3,94,6,509,0,60
1931,281,3,95,6,515,0,60
1932,281,3,96,7,522,0,70
1933,281,3,97,8,530,21,80
1934,281,3,98,7,537,0,70
1935,281,3,99,6,543,0,60
1936,281,3,100,3,546,0,30
1937,281,3,101,4,550,0,40
1938,281,3,102,6,556,0,60
1939,281,3,103,9,565,0,90
1940,281,3,104,4,569,0,40
1941,281,3,105,3,572,0,30
1942,281,3,106,3,575,15,30
1943,281,3,107,9,584,0,90
1944,281,3,108,9,593,0,90
1945,281,3,109,3,596,10,30
1946,281,3,110,5,601,0,50
1947,281,3,111,5,606,0,50
1948,281,3,112,6,612,0,60
1949,281,3,113,3,615,10,30
1950,281,3,114,6,621,0,60
1951,281,3,115,6,627,0,60
1952,281,3,116,2,629,0,20
1953,281,3,117,4,633,13,40
1954,281,3,118,8,641,0,80
1955,281,3,119,3,644,0,30
1956,281,3,120,8,652,0,80
1957,281,3,121,5,657,11,50
1958,281,3,122,5,662,0,50
1959,281,3,123,9,671,0,90
1960,281,3,124,6,677,0,60
1961,281,3,125,8,685,0,80
1962,281,3,126,3,688,0,30
1963,281,3,127,8,696,0,80
1964,281,3,128,4,700,0,40
1965,281,3,129,5,705,0,50
1966,281,3,130,8,713,0,80
1967,281,3,131,3,716,31,30
1968,281,3,132,9,725,1,90
1969,281,3,133,9,734,0,90
1970,281,3,134,2,736,0,20
1971,281,3,135,7,743,0,70
1972,281,3,136,2,745,0,20
1973,281,3,137,5,750,0,50
1974,281,3,138,7,757,22,70
1975,281,3,139,3,760,0,30
1976,281,3,140,9,769,0,90
1977,281,3,141,8,777,11,80
1978,281,3,142,3,780,0,30
1979,281,3,143,8,788,0,80
1980,281,3,144,6,794,0,60
1981,281,3,145,3,797,0,30
1982,281,3,146,2,799,0,20
1983,281,3,147,3,802,0,30
1984,281,3,148,8,810,0,80
1985,281,3,149,8,818,0,80
1986,281,3,150,7,825,0,70
1987,281,3,151,2,827,0,20
1988,281,3,152,6,833,29,60
1989,281,3,153,8,841,5,80
1990,281,3,154,5,846,0,50
1991,281,3,155,7,853,8,70
1992,281,3,156,4,857,0,40
1993,281,3,157,3,860,0,30
1994,281,3,158,9,869,8,90
1995,281,3,159,4,873,1,40
1996,281,3,160,7,880,5,70
1997,281,3,161,6,886,0,60
1998,281,3,162,4,890,0,40
1999,281,3,163,9,899,0,90
2000,281,3,164,5,904,0,50
2001,281,3,165,2,906,0,20
2002,281,3,166,4,910,18,40
2003,281,3,167,6,916,0,60
2004,281,3,168,8,924,0,80
2005,281,3,169,2,926,0,20
2006,281,3,170,7,933,0,70
2007,281,3,171,9,942,0,90
2008,281,3,172,5,947,0,50
2009,281,3,173,5,952,0,50
2010,281,3,174,9,961,0,90
2011,281,3,175,3,964,0,30
2012,281,3,176,5,969,33,50
2013,281,3,177,8,977,8,80
2014,281,3,178,7,984,0,70
2015,281,3,179,5,989,0,50
2016,281,3,180,8,997,0,80
2017,281,3,181,4,1001,0,40
2018,281,3,182,3,1004,15,30
2019,281,3,183,5,1009,0,50
2020,281,3,184,4,1013,2,40
2021,281,3,185,8,1021,8,80
2022,281,3,186,3,1024,0,30
2023,281,3,187,7,1031,0,70
2024,281,3,188,3,1034,3,30
2025,281,3,189,9,1043,0,90
2026,281,3,190,3,1046,5,30
2027,281,3,191,4,1050,0,40
2028,281,3,192,9,1059,7,90
2029,281,3,193,6,1065,0,60
2030,281,3,194,5,1070,0,50
2031,281,3,195,3,1073,0,30
2032,281,3,196,6,1079,6,60
2033,281,3,197,2,1081,0,20
2034,281,3,198,7,1088,0,70
2035,281,3,199,5,1093,0,50
2036,281,3,200,2,1095,0,20
2037,281,3,201,4,1099,10,40
2038,281,3,202,8,1107,0,80
2039,281,3,203,2,1109,8,20
2040,281,3,204,5,1114,0,50
2041,281,3,205,8,1122,0,80
2042,281,3,206,2,1124,0,20
2043,281,3,207,5,1129,0,50
2044,281,3,208,7,1136,13,70
2045,281,3,209,7,1143,0,70
2046,281,3,210,8,1151,0,80
2047,281,3,211,2,1153,0,20
2048,281,3,212,9,1162,0,90
2049,281,3,213,3,1165,0,30
2050,281,3,214,8,1173,0,80
2051,281,3,215,6,1179,0,60
2052,281,3,216,3,1182,0,30
2053,281,3,217,7,1189,23,70
2054,281,3,218,2,1191,0,20
2055,281,3,219,6,1197,4,60
2056,281,3,220,2,1199,0,20
2057,281,3,221,7,1206,0,70
2058,281,3,222,2,1208,0,20
2059,281,3,223,6,1214,0,60
2060,281,3,224,4,1218,0,40
2061,281,3,225,7,1225,0,70
2062,281,3,226,5,1230,0,50
2063,281,3,227,7,1237,0,70
2064,281,3,228,4,1241,0,40
2065,281,3,229,3,1244,0,30
2066,281,3,230,3,1247,0,30
2067,281,3,231,6,1253,0,60
2068,281,3,232,7,1260,0,70
2069,281,3,233,2,1262,0,20
2070,281,3,234,8,1270,0,80
2071,281,3,235,9,1279,0,90
2072,281,3,236,9,1288,52,90
2073,281,3,237,9,1297,0,90
2074,281,3,238,8,1305,0,80
2075,281,3,239,3,1308,7,30
2076,281,3,240,6,1314,0,60
2077,281,3,241,2,1316,0,20
2078,281,3,242,6,1322,0,60
2079,281,3,243,4,1326,0,40
2080,281,3,244,3,1329,0,30
2081,281,3,245,3,1332,0,30
2082,281,3,246,8,1340,0,80
2083,281,3,247,5,1345,0,50
2084,281,3,248,2,1347,21,20
2085,281,3,249,2,1349,0,20
2086,281,3,250,6,1355,0,60
2087,281,3,251,5,1360,0,50
2088,281,3,252,7,1367,11,70
2089,281,3,253,3,1370,0,30
2090,281,3,254,9,1379,0,90
2091,281,3,255,2,1381,0,20
2092,281,3,256,6,1387,0,60
2093,281,3,257,8,1395,0,80
2094,281,3,258,7,1402,0,70
2095,281,3,259,9,1411,0,90
2096,281,3,260,6,1417,0,60
2097,281,3,261,6,1423,23,60
2098,281,3,262,8,1431,0,80
2099,281,3,263,7,1438,0,70
2100,281,3,264,2,1440,0,20
2101,281,3,265,3,1443,0,30
2102,281,3,266,4,1447,0,40
2103,281,3,267,5,1452,20,50
2104,281,3,268,9,1461,0,90
2105,281,3,269,7,1468,0,70
2106,281,3,270,7,1475,11,70
2107,281,3,271,9,1484,0,90
2108,281,3,272,6,1490,18,60
2109,281,3,273,8,1498,0,80
2110,281,3,274,7,1505,0,70
2111,281,3,275,2,1507,0,20
2112,281,3,276,7,1514,6,70
2113,281,3,277,7,1521,0,70
2114,281,3,278,4,1525,5,40
2115,281,3,279,6,1531,2,60
2116,281,3,280,3,1534,4,30
2117,281,3,281,2,1536,0,20
2118,281,3,282,6,1542,0,60
2119,281,3,283,3,1545,2,30
2120,281,3,284,5,1550,0,50
2121,281,3,285,8,1558,0,80
2122,281,3,286,6,1564,0,60
2123,281,3,287,7,1571,0,70
2124,281,3,288,2,1573,0,20
2125,281,3,289,6,1579,0,60
2126,281,3,290,4,1583,0,40
2127,281,3,291,4,1587,0,40
2128,281,3,292,5,1592,0,50
2129,281,3,293,6,1598,0,60
2130,281,3,294,5,1603,33,50
2131,281,3,295,7,1610,0,70
2132,281,3,296,6,1616,0,60
2133,281,3,297,2,1618,0,20
2134,281,3,298,9,1627,12,90
2135,281,3,299,5,1632,0,50
2136,281,3,300,6,1638,0,60
2137,281,3,301,6,1644,0,60
2138,281,3,302,3,1647,0,30
2139,281,3,303,2,1649,0,20
2140,281,3,304,6,1655,0,60
2141,281,3,305,8,1663,0,80
2142,281,3,306,8,1671,0,80
2143,281,3,307,2,1673,0,20
2144,281,3,308,5,1678,0,50
2145,281,3,309,9,1687,0,90
2146,281,3,310,2,1689,34,20
2147,281,3,311,4,1693,2,40
2148,281,3,312,3,1696,5,30
2149,281,3,313,5,1701,0,50
2150,281,3,314,9,1710,10,90
2151,281,3,315,8,1718,0,80
2152,281,3,316,3,1721,0,30
2153,281,3,317,8,1729,0,80
2154,281,3,318,2,1731,0,20
2155,281,3,319,5,1736,0,50
2156,281,3,320,7,1743,0,70
2157,281,3,321,6,1749,0,60
2158,281,3,322,4,1753,0,40
2159,281,3,323,3,1756,0,30
2160,281,3,324,5,1761,33,50
2161,281,3,325,3,1764,0,30
2162,281,3,326,3,1767,0,30
2163,281,3,327,8,1775,8,80
2164,281,3,328,8,1783,0,80
2165,281,3,329,3,1786,0,30
2166,281,3,330,5,1791,0,50
2167,281,3,331,5,1796,14,50
2168,281,3,332,7,1803,0,70
2169,281,3,333,3,1806,0,30
2170,281,3,334,7,1813,9,70
2171,281,3,335,3,1816,0,30
2172,281,3,336,2,1818,1,20
2173,281,3,337,2,1820,1,20
2174,281,3,338,8,1828,0,80
2175,281,3,339,7,1835,0,70
2176,281,3,340,3,1838,0,30
2177,281,3,341,7,1845,10,70
2178,281,3,342,7,1852,0,70
2179,281,3,343,8,1860,0,80
2180,281,3,344,3,1863,13,30
2181,281,3,345,7,1870,0,70
2182,281,3,346,4,1874,0,40
2183,281,3,347,6,1880,0,60
2184,281,3,348,6,1886,0,60
2185,281,3,349,9,1895,0,90
2186,281,3,350,8,1903,0,80
2187,281,3,351,3,1906,21,30
2188,281,3,352,6,1912,0,60
2189,281,3,353,6,1918,0,60
2190,281,3,354,3,1921,0,30
2191,281,3,355,6,1927,0,60
2192,281,3,356,9,1936,0,90
2193,281,3,357,4,1940,15,40
2194,281,3,358,6,1946,4,60
2195,281,3,359,8,1954,0,80
2196,281,3,360,7,1961,0,70
2197,281,3,361,6,1967,12,60
2198,281,3,362,5,1972,0,50
2199,281,3,363,6,1978,0,60
2200,281,3,364,9,1987,0,90
2201,281,3,365,4,1991,0,40
2202,281,3,366,9,2000,0,90
2203,281,3,367,5,2005,22,50
2204,281,3,368,7,2012,2,70
2205,281,3,369,3,2015,0,30
2206,281,3,370,5,2020,0,50
2207,281,3,371,3,2023,2,30
2208,281,3,372,3,2026,2,30
2209,281,3,373,6,2032,0,60
2210,281,3,374,2,2034,0,20
2211,281,3,375,5,2039,0,50
2212,281,3,376,9,2048,0,90
2213,281,3,377,9,2057,0,90
2214,281,3,378,9,2066,0,90
2215,281,3,379,6,2072,21,60
2216,281,3,380,4,2076,2,40
2217,281,3,381,2,2078,0,20
2218,281,3,382,9,2087,0,90
2219,281,3,383,6,2093,0,60
2220,281,3,384,2,2095,0,20
2221,281,3,385,3,2098,8,30
2222,281,3,386,9,2107,0,90
2223,281,3,387,3,2110,0,30
2224,281,3,388,7,2117,0,70
2225,281,3,389,3,2120,0,30
2226,281,3,390,2,2122,11,20
2227,281,3,391,3,2125,0,30
2228,281,3,392,6,2131,0,60
2229,281,3,393,5,2136,4,50
2230,281,3,394,6,2142,0,60
2231,281,3,395,7,2149,0,70
2232,281,3,396,2,2151,0,20
2233,281,3,397,3,2154,0,30
2234,281,3,398,2,2156,0,20
2235,281,3,399,6,2162,0,60
2236,281,3,400,4,2166,0,40
2237,281,3,401,9,2175,0,90
2238,281,3,402,8,2183,25,80
2239,281,3,403,3,2186,0,30
2240,281,3,404,8,2194,7,80
2241,281,3,405,4,2198,2,40
2242,281,3,406,5,2203,0,50
2243,281,3,407,2,2205,0,20
2244,281,3,408,9,2214,13,90
2245,281,3,409,8,2222,0,80
2246,281,3,410,5,2227,11,50
2247,281,3,411,4,2231,0,40
2248,281,3,412,5,2236,0,50
2249,281,3,413,2,2238,4,20
2250,281,3,414,3,2241,0,30
2251,281,3,415,4,2245,0,40
2252,281,3,416,8,2253,8,80
2253,281,3,417,6,2259,0,60
2254,281,3,418,8,2267,6,80
2255,281,3,419,4,2271,0,40
2256,281,3,420,9,2280,0,90
2257,281,3,421,6,2286,0,60
2258,281,3,422,5,2291,0,50
2259,281,3,423,9,2300,0,90
2260,281,3,424,8,2308,0,80
2261,281,3,425,9,2317,0,90
2262,281,3,426,3,2320,0,30
2263,281,3,427,3,2323,0,30
2264,281,3,428,2,2325,0,20
2265,281,3,429,9,2334,0,90
2266,281,3,430,7,2341,0,70
2267,281,3,431,6,2347,0,60
2268,281,3,432,2,2349,0,20
2269,281,3,433,9,2358,0,90
2270,281,3,434,3,2361,0,30
2271,281,3,435,3,2364,0,30
2272,281,3,436,9,2373,41,90
2273,281,3,437,3,2376,1,30
2274,281,3,438,6,2382,4,60
2275,281,3,439,5,2387,0,50
2276,281,3,440,8,2395,0,80
2277,281,3,441,8,2403,0,80
2278,281,3,442,4,2407,11,40
2279,281,3,443,5,2412,0,50
2280,281,3,444,6,2418,0,60
2281,281,3,445,8,2426,0,80
2282,281,3,446,6,2432,0,60
2283,281,3,447,8,2440,0,80
2284,281,3,448,3,2443,0,30
2285,281,3,449,6,2449,0,60
2286,281,3,450,5,2454,0,50
2287,281,3,451,5,2459,0,50
2288,281,3,452,9,2468,0,90
2289,281,3,453,4,2472,39,40
2290,281,3,454,6,2478,0,60
2291,281,3,455,4,2482,2,40
2292,281,3,456,5,2487,1,50
2293,281,3,457,2,2489,0,20
2294,281,3,458,8,2497,0,80
2295,281,3,459,9,2506,0,90
2296,281,3,460,2,2508,0,20
2297,281,3,461,5,2513,19,50
2298,281,3,462,9,2522,3,90
2299,281,3,463,4,2526,2,40
2300,281,3,464,8,2534,0,80
2301,281,3,465,5,2539,0,50
2302,281,3,466,2,2541,0,20
2303,281,3,467,8,2549,0,80
2304,281,3,468,8,2557,22,80
2305,281,3,469,8,2565,2,80
2306,281,3,470,5,2570,0,50
2307,281,3,471,8,2578,0,80
2308,281,3,472,5,2583,0,50
2309,281,3,473,2,2585,0,20
2310,281,3,474,2,2587,0,20
2311,281,3,475,3,2590,14,30
2312,281,3,476,8,2598,0,80
2313,281,3,477,7,2605,0,70
2314,281,3,478,8,2613,0,80
2315,281,3,479,2,2615,0,20
2316,281,3,480,5,2620,17,50
2317,281,3,481,9,2629,0,90
2318,281,3,482,4,2633,0,40
2319,281,3,483,2,2635,0,20
2320,281,3,484,7,2642,0,70
2321,281,3,485,3,2645,0,30
2322,281,3,486,3,2648,0,30
2323,281,3,487,2,2650,0,20
2324,281,3,488,8,2658,0,80
2325,281,3,489,5,2663,0,50
2326,281,3,490,5,2668,0,50
2327,281,3,491,8,2676,0,80
2328,281,3,492,8,2684,0,80
2329,281,3,493,5,2689,0,50
2330,281,3,494,9,2698,43,90
2331,281,3,495,4,2702,3,40
2332,281,3,496,8,2710,0,80
2333,281,3,497,2,2712,4,20
2334,281,3,498,4,2716,3,40
2335,281,3,499,8,2724,0,80
2336,281,3,500,3,2727,0,30
2337,281,3,501,3,2730,0,30
2338,281,3,502,4,2734,0,40
2339,281,3,503,4,2738,0,40
2340,281,3,504,5,2743,0,50
2341,281,3,505,5,2748,17,50
2342,281,3,506,4,2752,0,40
2343,281,3,507,4,2756,7,40
2344,281,3,508,3,2759,0,30
2345,281,3,509,7,2766,0,70
2346,281,3,510,2,2768,7,20
2347,281,3,511,9,2777,0,90
2348,281,3,512,7,2784,0,70
2349,281,3,513,5,2789,0,50
2350,281,3,514,9,2798,0,90
2351,281,3,515,9,2807,0,90
2352,281,3,516,7,2814,0,70
2353,281,3,517,6,2820,0,60
2354,281,3,518,6,2826,0,60
2355,281,3,519,3,2829,0,30
2356,281,3,520,6,2835,26,60
2357,281,3,521,9,2844,6,90
2358,281,3,522,7,2851,0,70
2359,281,3,523,5,2856,1,50
2360,281,3,524,8,2864,0,80
2361,281,3,525,3,2867,0,30
2362,281,3,526,7,2874,14,70
2363,281,3,527,4,2878,4,40
2364,281,3,528,3,2881,1,30
2365,281,3,529,3,2884,0,30
2366,281,3,530,5,2889,5,50
2367,281,3,531,8,2897,0,80
2368,281,3,532,3,2900,0,30
2369,281,3,533,8,2908,0,80
2370,281,3,534,4,2912,0,40
2371,281,3,535,5,2917,0,50
2372,281,3,536,4,2921,0,40
2373,281,3,537,4,2925,0,40
2374,281,3,538,2,2927,22,20
2375,281,3,539,5,2932,0,50
2376,281,3,540,9,2941,2,90
2377,281,3,541,8,2949,0,80
2378,281,3,542,6,2955,0,60
2379,281,3,543,2,2957,0,20
2380,281,3,544,5,2962,0,50
2381,281,3,545,4,2966,0,40
2382,281,3,546,4,2970,0,40
2383,281,3,547,4,2974,0,40
2384,281,3,548,8,2982,0,80
2385,281,3,549,4,2986,0,40
2386,281,3,550,3,2989,0,30
2387,281,3,551,7,2996,30,70
2388,281,3,552,3,2999,0,30
2389,281,3,553,4,3003,0,40
2390,281,3,554,9,3012,0,90
2391,281,3,555,3,3015,0,30
2392,281,3,556,5,3020,0,50
2393,281,3,557,2,3022,0,20
2394,281,3,558,4,3026,0,40
2395,281,3,559,7,3033,0,70
2396,281,3,560,8,3041,0,80
2397,281,3,561,9,3050,0,90
2398,281,3,562,2,3052,26,20
2399,281,3,563,3,3055,0,30
2400,281,3,564,2,3057,0,20
2401,281,3,565,8,3065,7,80
2402,281,3,566,5,3070,0,50
2403,281,3,567,6,3076,0,60
2404,281,3,568,2,3078,7,20
2405,281,3,569,8,3086,3,80
2406,281,3,570,6,3092,0,60
2407,281,3,571,6,3098,0,60
2408,281,3,572,3,3101,0,30
2409,281,3,573,8,3109,0,80
2410,281,3,574,6,3115,0,60
2411,281,3,575,7,3122,0,70
2412,281,3,576,5,3127,22,50
2413,281,3,577,2,3129,1,20
2414,281,3,578,4,3133,0,40
2415,281,3,579,7,3140,0,70
2416,281,3,580,7,3147,0,70
2417,281,3,581,4,3151,16,40
2418,281,3,582,8,3159,6,80
2419,281,3,583,5,3164,0,50
2420,281,3,584,8,3172,0,80
2421,281,3,585,3,3175,7,30
2422,281,3,586,7,3182,0,70
2423,281,3,587,6,3188,0,60
2424,281,3,588,2,3190,6,20
2425,281,3,589,7,3197,0,70
2426,281,3,590,9,3206,0,90
2427,281,3,591,9,3215,0,90
2428,281,3,592,9,3224,19,90
2429,281,3,593,7,3231,0,70
2430,281,3,594,7,3238,0,70
2431,281,3,595,8,3246,0,80
2432,281,3,596,4,3250,0,40
2433,281,3,597,7,3257,0,70
2434,281,3,598,3,3260,16,30
2435,281,3,599,5,3265,0,50
2436,281,3,600,4,3269,6,40
2437,281,3,601,2,3271,0,20
2438,281,3,602,4,3275,0,40
2439,281,3,603,7,3282,0,70
2440,281,3,604,9,3291,0,90
2441,281,3,605,4,3295,0,40
2442,281,3,606,9,3304,15,90
2443,281,3,607,7,3311,0,70
2444,281,3,608,9,3320,0,90
2445,281,3,609,5,3325,0,50
2446,281,3,610,3,3328,0,30
2447,281,3,611,4,3332,0,40
2448,281,3,612,3,3335,0,30
2449,281,3,613,5,3340,0,50
2450,281,3,614,3,3343,19,30
2451,281,3,615,2,3345,0,20
2452,281,3,616,8,3353,0,80
2453,281,3,617,4,3357,6,40
2454,281,3,618,5,3362,0,50
2455,281,3,619,5,3367,0,50
2456,281,3,620,6,3373,0,60
2457,281,3,621,8,3381,13,80
2458,281,3,622,4,3385,0,40
2459,281,3,623,8,3393,0,80
2460,281,3,624,3,3396,0,30
2461,281,3,625,8,3404,0,80
2462,281,3,626,7,3411,0,70
2463,281,3,627,8,3419,0,80
2464,281,3,628,7,3426,0,70
2465,281,3,629,8,3434,0,80
2466,281,3,630,9,3443,30,90
2467,281,3,631,9,3452,0,90
2468,281,3,632,9,3461,4,90
2469,281,3,633,9,3470,0,90
2470,281,3,634,6,3476,5,60
2471,281,3,635,7,3483,0,70
2472,281,3,636,2,3485,0,20
2473,281,3,637,6,3491,0,60
2474,281,3,638,9,3500,0,90
2475,281,3,639,5,3505,0,50
2476,281,3,640,8,3513,0,80
2477,281,3,641,7,3520,20,70
2478,281,3,642,5,3525,0,50
2479,281,3,643,5,3530,0,50
2480,281,3,644,3,3533,2,30
2481,281,3,645,3,3536,0,30
2482,281,3,646,9,3545,10,90
2483,281,3,647,4,3549,0,40
2484,281,3,648,4,3553,0,40
2485,281,3,649,3,3556,0,30
2486,281,3,650,7,3563,0,70
2487,281,3,651,5,3568,0,50
2488,281,3,652,6,3574,19,60
2489,281,3,653,7,3581,0,70
2490,281,3,654,7,3588,0,70
2491,281,3,655,7,3595,0,70
2492,281,3,656,9,3604,0,90
2493,281,3,657,4,3608,0,40
2494,281,3,658,4,3612,0,40
2495,281,3,659,4,3616,0,40
2496,281,3,660,5,3621,0,50
2497,281,3,661,2,3623,0,20
2498,281,3,662,4,3627,0,40
2499,281,3,663,8,3635,0,80
2500,281,3,664,7,3642,0,70
2501,281,3,665,4,3646,0,40
2502,281,3,666,2,3648,0,20
2503,281,3,667,2,3650,48,20
2504,281,3,668,3,3653,0,30
2505,281,3,669,5,3658,2,50
2506,281,3,670,8,3666,0,80
2507,281,3,671,8,3674,0,80
2508,281,3,672,4,3678,0,40
2509,281,3,673,8,3686,0,80
2510,281,3,674,3,3689,0,30
2511,281,3,675,7,3696,0,70
2512,281,3,676,8,3704,0,80
2513,281,3,677,8,3712,31,80
2514,281,3,678,2,3714,0,20
2515,281,3,679,2,3716,3,20
2516,281,3,680,2,3718,1,20
2517,281,3,681,7,3725,0,70
2518,281,3,682,7,3732,7,70
2519,281,3,683,9,3741,0,90
2520,281,3,684,5,3746,0,50
2521,281,3,685,5,3751,15,50
2522,281,3,686,3,3754,2,30
2523,281,3,687,7,3761,0,70
2524,281,3,688,4,3765,0,40
2525,281,3,689,9,3774,0,90
2526,281,3,690,3,3777,14,30
2527,281,3,691,6,3783,3,60
2528,281,3,692,8,3791,0,80
2529,281,3,693,8,3799,0,80
2530,281,3,694,9,3808,0,90
2531,281,3,695,3,3811,0,30
2532,281,3,696,4,3815,0,40
2533,281,3,697,5,3820,0,50
2534,281,3,698,6,3826,0,60
2535,281,3,699,6,3832,0,60
2536,281,3,700,7,3839,24,70
2537,281,3,701,6,3845,0,60
2538,281,3,702,5,3850,0,50
2539,281,3,703,3,3853,0,30
2540,281,3,704,2,3855,0,20
2541,281,3,705,7,3862,0,70
2542,281,3,706,6,3868,0,60
2543,281,3,707,7,3875,0,70
2544,281,3,708,6,3881,0,60
2545,281,3,709,8,3889,0,80
2546,281,3,710,8,3897,0,80
2547,281,3,711,7,3904,34,70
2548,281,3,712,6,3910,0,60
2549,281,3,713,2,3912,0,20
2550,281,3,714,3,3915,0,30
2551,281,3,715,7,3922,11,70
2552,281,3,716,8,3930,0,80
2553,281,3,717,5,3935,8,50
2554,281,3,718,8,3943,0,80
2555,281,3,719,5,3948,8,50
2556,281,3,720,2,3950,1,20
2557,281,3,721,6,3956,0,60
2558,281,3,722,9,3965,10,90
2559,281,3,723,6,3971,0,60
2560,281,3,724,4,3975,0,40
2561,281,3,725,3,3978,0,30
2562,281,3,726,5,3983,11,50
2563,281,3,727,6,3989,6,60
2564,281,3,728,3,3992,0,30
2565,281,3,729,9,4001,0,90
2566,281,3,730,9,4010,5,90
2567,281,3,731,7,4017,0,70
2568,281,3,732,4,4021,0,40
2569,281,3,733,8,4029,0,80
2570,281,3,734,3,4032,0,30
2571,281,3,735,2,4034,0,20
2572,281,3,736,6,4040,12,60
2573,281,3,737,4,4044,1,40
2574,281,3,738,9,4053,3,90
2575,281,3,739,6,4059,0,60
2576,281,3,740,6,4065,0,60
2577,281,3,741,5,4070,12,50
2578,281,3,742,3,4073,4,30
2579,281,3,743,8,4081,4,80
2580,281,3,744,4,4085,1,40
2581,281,3,745,5,4090,0,50
2582,281,3,746,2,4092,2,20
2583,281,3,747,2,4094,0,20
2584,281,3,748,8,4102,0,80
2585,281,3,749,2,4104,5,20
2586,281,3,750,5,4109,0,50
2587,281,3,751,9,4118,0,90
2588,281,3,752,7,4125,0,70
2589,281,3,753,3,4128,0,30
2590,281,3,754,8,4136,0,80
2591,281,3,755,7,4143,0,70
2592,281,3,756,3,4146,0,30
2593,281,3,757,9,4155,25,90
2594,281,3,758,8,4163,0,80
2595,281,3,759,9,4172,0,90
2596,281,3,760,2,4174,9,20
2597,281,3,761,2,4176,0,20
2598,281,3,762,2,4178,0,20
2599,281,3,763,2,4180,0,20
2600,281,3,764,9,4189,0,90
2601,281,3,765,6,4195,0,60
2602,281,3,766,3,4198,0,30
2603,281,3,767,9,4207,0,90
2604,281,3,768,5,4212,17,50
2605,281,3,769,5,4217,5,50
2606,281,3,770,4,4221,3,40
2607,281,3,771,6,4227,0,60
2608,281,3,772,4,4231,0,40
2609,281,3,773,7,4238,11,70
2610,281,3,774,3,4241,0,30
2611,281,3,775,6,4247,0,60
2612,281,3,776,8,4255,0,80
2613,281,3,777,5,4260,0,50
2614,281,3,778,7,4267,0,70
2615,281,3,779,9,4276,0,90
2616,281,3,780,2,4278,0,20
2617,281,3,781,7,4285,0,70
2618,281,3,782,8,4293,0,80
2619,281,3,783,7,4300,29,70
2620,281,3,784,2,4302,0,20
2621,281,3,785,6,4308,0,60
2622,281,3,786,7,4315,0,70
2623,281,3,787,4,4319,0,40
2624,281,3,788,3,4322,13,30
2625,281,3,789,5,4327,3,50
2626,281,3,790,2,4329,0,20
2627,281,3,791,5,4334,0,50
2628,281,3,792,5,4339,0,50
2629,281,3,793,9,4348,9,90
2630,281,3,794,6,4354,2,60
2631,281,3,795,4,4358,0,40
2632,281,3,796,4,4362,2,40
2633,281,3,797,6,4368,3,60
2634,281,3,798,5,4373,0,50
2635,281,3,799,7,4380,0,70
2636,281,3,800,3,4383,0,30
2637,281,3,801,9,4392,0,90
2638,281,3,802,4,4396,0,40
2639,281,3,803,9,4405,22,90
2640,281,3,804,2,4407,0,20
2641,281,3,805,4,4411,0,40
2642,281,3,806,2,4413,0,20
2643,281,3,807,4,4417,3,40
2644,281,3,808,9,4426,0,90
2645,281,3,809,7,4433,0,70
2646,281,3,810,3,4436,0,30
2647,281,3,811,2,4438,0,20
2648,281,3,812,7,4445,0,70
2649,281,3,813,8,4453,0,80
2650,281,3,814,9,4462,21,90
2651,281,3,815,9,4471,0,90
2652,281,3,816,2,4473,8,20
2653,281,3,817,6,4479,0,60
2654,281,3,818,9,4488,0,90
2655,281,3,819,2,4490,0,20
2656,281,3,820,3,4493,12,30
2657,281,3,821,9,4502,0,90
2658,281,3,822,2,4504,0,20
2659,281,3,823,8,4512,0,80
2660,281,3,824,7,4519,0,70
2661,281,3,825,3,4522,0,30
2662,281,3,826,4,4526,0,40
2663,281,3,827,2,4528,0,20
2664,281,3,828,6,4534,0,60
2665,281,3,829,8,4542,0,80
2666,281,3,830,3,4545,0,30
2667,281,3,831,9,4554,0,90
2668,281,3,832,6,4560,0,60
2669,281,3,833,2,4562,0,20
2670,281,3,834,9,4571,0,90
2671,281,3,835,4,4575,0,40
2672,281,3,836,2,4577,37,20
2673,281,3,837,9,4586,0,90
2674,281,3,838,6,4592,9,60
2675,281,3,839,4,4596,0,40
2676,281,3,840,8,4604,0,80
2677,281,3,841,4,4608,0,40
2678,281,3,842,4,4612,0,40
2679,281,3,843,7,4619,0,70
2680,281,3,844,5,4624,15,50
2681,281,3,845,5,4629,3,50
2682,281,3,846,8,4637,0,80
2683,281,3,847,9,4646,13,90
2684,281,3,848,6,4652,9,60
2685,281,3,849,8,4660,7,80
2686,281,3,850,9,4669,0,90
2687,281,3,851,7,4676,13,70
2688,281,3,852,3,4679,0,30
2689,281,3,853,9,4688,7,90
2690,281,3,854,3,4691,0,30
2691,281,3,855,6,4697,0,60
2692,281,3,856,9,4706,3,90
2693,281,3,857,5,4711,0,50
2694,281,3,858,5,4716,0,50
2695,281,3,859,8,4724,0,80
2696,281,3,860,3,4727,0,30
2697,281,3,861,6,4733,0,60
2698,281,3,862,8,4741,0,80
2699,281,3,863,3,4744,0,30
2700,281,3,864,5,4749,0,50
2701,281,3,865,3,4752,0,30
2702,281,3,866,7,4759,0,70
2703,281,3,867,2,4761,0,20
2704,281,3,868,2,4763,0,20
2705,281,3,869,7,4770,0,70
2706,281,3,870,6,4776,0,60
2707,281,3,871,4,4780,0,40
2708,281,3,872,5,4785,0,50
2709,281,3,873,9,4794,39,90
2710,281,3,874,5,4799,3,50
2711,281,3,875,9,4808,8,90
2712,281,3,876,6,4814,0,60
2713,281,3,877,2,4816,0,20
2714,281,3,878,2,4818,0,20
2715,281,3,879,2,4820,7,20
2716,281,3,880,8,4828,0,80
2717,281,3,881,3,4831,0,30
2718,281,3,882,6,4837,0,60
2719,281,3,883,8,4845,0,80
2720,281,3,884,9,4854,0,90
2721,281,3,885,7,4861,0,70
2722,281,3,886,8,4869,0,80
2723,281,3,887,2,4871,0,20
2724,281,3,888,9,4880,0,90
2725,281,3,889,5,4885,32,50
2726,281,3,890,4,4889,0,40
2727,281,3,891,2,4891,0,20
2728,281,3,892,4,4895,7,40
2729,281,3,893,7,4902,1,70
2730,281,3,894,5,4907,2,50
2731,281,3,895,5,4912,0,50
2732,281,3,896,9,4921,0,90
2733,281,3,897,9,4930,0,90
2734,281,3,898,9,4939,0,90
2735,281,3,899,2,4941,0,20
2736,281,3,900,2,4943,0,20
2737,281,3,901,5,4948,31,50
2738,281,3,902,9,4957,0,90
2739,281,3,903,2,4959,3,20
2740,281,3,904,7,4966,0,70
2741,281,3,905,9,4975,0,90
2742,281,3,906,9,4984,0,90
2743,281,3,907,9,4993,0,90
2744,281,3,908,3,4996,0,30
