,Scenario,Trial,Inspection,Interval,Time,Defects,Rate
0,282,1,1,2,2,0,20
1,282,1,2,2,4,2,20
2,282,1,3,4,8,0,40
3,282,1,4,4,12,0,40
4,282,1,5,2,14,0,20
5,282,1,6,4,18,0,40
6,282,1,7,7,25,0,70
7,282,1,8,4,29,10,40
8,282,1,9,8,37,3,80
9,282,1,10,6,43,0,60
10,282,1,11,2,45,2,20
11,282,1,12,5,50,0,50
12,282,1,13,2,52,0,20
13,282,1,14,8,60,0,80
14,282,1,15,9,69,13,90
15,282,1,16,9,78,0,90
16,282,1,17,2,80,0,20
17,282,1,18,8,88,0,80
18,282,1,19,5,93,0,50
19,282,1,20,4,97,0,40
20,282,1,21,7,104,0,70
21,282,1,22,4,108,0,40
22,282,1,23,8,116,0,80
23,282,1,24,4,120,0,40
24,282,1,25,3,123,0,30
25,282,1,26,3,126,0,30
26,282,1,27,5,131,0,50
27,282,1,28,6,137,0,60
28,282,1,29,8,145,0,80
29,282,1,30,9,154,0,90
30,282,1,31,8,162,0,80
31,282,1,32,2,164,0,20
32,282,1,33,8,172,36,80
33,282,1,34,6,178,0,60
34,282,1,35,8,186,0,80
35,282,1,36,6,192,0,60
36,282,1,37,8,200,17,80
37,282,1,38,3,203,0,30
38,282,1,39,7,210,0,70
39,282,1,40,9,219,6,90
40,282,1,41,8,227,0,80
41,282,1,42,6,233,0,60
42,282,1,43,3,236,0,30
43,282,1,44,9,245,19,90
44,282,1,45,4,249,0,40
45,282,1,46,8,257,0,80
46,282,1,47,2,259,11,20
47,282,1,48,2,261,2,20
48,282,1,49,6,267,2,60
49,282,1,50,4,271,0,40
50,282,1,51,3,274,0,30
51,282,1,52,5,279,0,50
52,282,1,53,6,285,0,60
53,282,1,54,6,291,0,60
54,282,1,55,2,293,10,20
55,282,1,56,5,298,0,50
56,282,1,57,6,304,0,60
57,282,1,58,6,310,5,60
58,282,1,59,7,317,0,70
59,282,1,60,6,323,0,60
60,282,1,61,4,327,0,40
61,282,1,62,4,331,0,40
62,282,1,63,9,340,0,90
63,282,1,64,3,343,0,30
64,282,1,65,9,352,17,90
65,282,1,66,5,357,0,50
66,282,1,67,3,360,4,30
67,282,1,68,4,364,0,40
68,282,1,69,5,369,0,50
69,282,1,70,6,375,0,60
70,282,1,71,5,380,19,50
71,282,1,72,2,382,0,20
72,282,1,73,2,384,0,20
73,282,1,74,3,387,4,30
74,282,1,75,8,395,0,80
75,282,1,76,5,400,7,50
76,282,1,77,6,406,0,60
77,282,1,78,4,410,0,40
78,282,1,79,2,412,0,20
79,282,1,80,5,417,0,50
80,282,1,81,8,425,0,80
81,282,1,82,6,431,0,60
82,282,1,83,2,433,0,20
83,282,1,84,8,441,0,80
84,282,1,85,5,446,0,50
85,282,1,86,5,451,0,50
86,282,1,87,5,456,0,50
87,282,1,88,4,460,41,40
88,282,1,89,4,464,3,40
89,282,1,90,4,468,0,40
90,282,1,91,3,471,0,30
91,282,1,92,4,475,9,40
92,282,1,93,4,479,2,40
93,282,1,94,7,486,0,70
94,282,1,95,7,493,7,70
95,282,1,96,2,495,1,20
96,282,1,97,8,503,0,80
97,282,1,98,8,511,0,80
98,282,1,99,9,520,0,90
99,282,1,100,8,528,0,80
100,282,1,101,4,532,0,40
101,282,1,102,2,534,0,20
102,282,1,103,7,541,30,70
103,282,1,104,5,546,0,50
104,282,1,105,5,551,4,50
105,282,1,106,7,558,0,70
106,282,1,107,4,562,0,40
107,282,1,108,6,568,7,60
108,282,1,109,3,571,0,30
109,282,1,110,8,579,0,80
110,282,1,111,2,581,12,20
111,282,1,112,4,585,0,40
112,282,1,113,7,592,4,70
113,282,1,114,6,598,0,60
114,282,1,115,8,606,0,80
115,282,1,116,6,612,0,60
116,282,1,117,3,615,0,30
117,282,1,118,2,617,0,20
118,282,1,119,4,621,0,40
119,282,1,120,8,629,0,80
120,282,1,121,2,631,0,20
121,282,1,122,8,639,0,80
122,282,1,123,2,641,0,20
123,282,1,124,4,645,0,40
124,282,1,125,7,652,0,70
125,282,1,126,5,657,0,50
126,282,1,127,2,659,0,20
127,282,1,128,4,663,0,40
128,282,1,129,9,672,38,90
129,282,1,130,5,677,4,50
130,282,1,131,5,682,0,50
131,282,1,132,8,690,8,80
132,282,1,133,5,695,0,50
133,282,1,134,6,701,0,60
134,282,1,135,3,704,8,30
135,282,1,136,3,707,0,30
136,282,1,137,7,714,0,70
137,282,1,138,2,716,0,20
138,282,1,139,5,721,0,50
139,282,1,140,2,723,0,20
140,282,1,141,6,729,0,60
141,282,1,142,4,733,20,40
142,282,1,143,7,740,0,70
143,282,1,144,7,747,8,70
144,282,1,145,7,754,0,70
145,282,1,146,7,761,7,70
146,282,1,147,6,767,3,60
147,282,1,148,7,774,0,70
148,282,1,149,3,777,0,30
149,282,1,150,4,781,0,40
150,282,1,151,7,788,0,70
151,282,1,152,2,790,0,20
152,282,1,153,8,798,0,80
153,282,1,154,7,805,0,70
154,282,1,155,4,809,0,40
155,282,1,156,9,818,0,90
156,282,1,157,8,826,0,80
157,282,1,158,2,828,0,20
158,282,1,159,2,830,0,20
159,282,1,160,9,839,0,90
160,282,1,161,3,842,0,30
161,282,1,162,9,851,0,90
162,282,1,163,7,858,53,70
163,282,1,164,9,867,6,90
164,282,1,165,5,872,0,50
165,282,1,166,7,879,0,70
166,282,1,167,5,884,0,50
167,282,1,168,2,886,0,20
168,282,1,169,7,893,0,70
169,282,1,170,2,895,0,20
170,282,1,171,2,897,0,20
171,282,1,172,9,906,22,90
172,282,1,173,4,910,0,40
173,282,1,174,3,913,0,30
174,282,1,175,5,918,0,50
175,282,1,176,9,927,0,90
176,282,1,177,4,931,0,40
177,282,1,178,2,933,0,20
178,282,1,179,6,939,0,60
179,282,1,180,5,944,0,50
180,282,1,181,5,949,0,50
181,282,1,182,8,957,0,80
182,282,1,183,9,966,0,90
183,282,1,184,4,970,0,40
184,282,1,185,3,973,0,30
185,282,1,186,5,978,0,50
186,282,1,187,4,982,0,40
187,282,1,188,6,988,0,60
188,282,1,189,4,992,0,40
189,282,1,190,9,1001,43,90
190,282,1,191,5,1006,0,50
191,282,1,192,5,1011,0,50
192,282,1,193,6,1017,0,60
193,282,1,194,9,1026,0,90
194,282,1,195,9,1035,15,90
195,282,1,196,5,1040,4,50
196,282,1,197,9,1049,0,90
197,282,1,198,9,1058,0,90
198,282,1,199,3,1061,13,30
199,282,1,200,7,1068,4,70
200,282,1,201,3,1071,0,30
201,282,1,202,6,1077,0,60
202,282,1,203,2,1079,0,20
203,282,1,204,4,1083,8,40
204,282,1,205,2,1085,0,20
205,282,1,206,7,1092,5,70
206,282,1,207,8,1100,0,80
207,282,1,208,4,1104,8,40
208,282,1,209,7,1111,3,70
209,282,1,210,6,1117,1,60
210,282,1,211,3,1120,0,30
211,282,1,212,7,1127,0,70
212,282,1,213,6,1133,0,60
213,282,1,214,7,1140,0,70
214,282,1,215,2,1142,10,20
215,282,1,216,8,1150,2,80
216,282,1,217,7,1157,1,70
217,282,1,218,2,1159,0,20
218,282,1,219,9,1168,0,90
219,282,1,220,4,1172,0,40
220,282,1,221,2,1174,0,20
221,282,1,222,3,1177,0,30
222,282,1,223,8,1185,0,80
223,282,1,224,5,1190,0,50
224,282,1,225,3,1193,0,30
225,282,1,226,5,1198,0,50
226,282,1,227,9,1207,0,90
227,282,1,228,6,1213,0,60
228,282,1,229,8,1221,0,80
229,282,1,230,8,1229,0,80
230,282,1,231,3,1232,0,30
231,282,1,232,9,1241,0,90
232,282,1,233,9,1250,0,90
233,282,1,234,6,1256,0,60
234,282,1,235,9,1265,0,90
235,282,1,236,9,1274,0,90
236,282,1,237,8,1282,0,80
237,282,1,238,7,1289,0,70
238,282,1,239,5,1294,0,50
239,282,1,240,8,1302,66,80
240,282,1,241,2,1304,0,20
241,282,1,242,3,1307,0,30
242,282,1,243,7,1314,0,70
243,282,1,244,9,1323,0,90
244,282,1,245,2,1325,8,20
245,282,1,246,4,1329,0,40
246,282,1,247,6,1335,5,60
247,282,1,248,4,1339,2,40
248,282,1,249,3,1342,0,30
249,282,1,250,6,1348,5,60
250,282,1,251,7,1355,0,70
251,282,1,252,8,1363,0,80
252,282,1,253,3,1366,9,30
253,282,1,254,7,1373,4,70
254,282,1,255,7,1380,7,70
255,282,1,256,6,1386,3,60
256,282,1,257,6,1392,3,60
257,282,1,258,2,1394,0,20
258,282,1,259,5,1399,0,50
259,282,1,260,8,1407,0,80
260,282,1,261,8,1415,0,80
261,282,1,262,2,1417,0,20
262,282,1,263,5,1422,0,50
263,282,1,264,8,1430,0,80
264,282,1,265,2,1432,0,20
265,282,1,266,8,1440,31,80
266,282,1,267,5,1445,1,50
267,282,1,268,7,1452,3,70
268,282,1,269,2,1454,0,20
269,282,1,270,7,1461,0,70
270,282,1,271,3,1464,0,30
271,282,1,272,6,1470,0,60
272,282,1,273,7,1477,0,70
273,282,1,274,6,1483,0,60
274,282,1,275,9,1492,21,90
275,282,1,276,9,1501,8,90
276,282,1,277,8,1509,3,80
277,282,1,278,2,1511,0,20
278,282,1,279,6,1517,0,60
279,282,1,280,8,1525,0,80
280,282,1,281,6,1531,0,60
281,282,1,282,6,1537,7,60
282,282,1,283,5,1542,0,50
283,282,1,284,4,1546,0,40
284,282,1,285,6,1552,0,60
285,282,1,286,8,1560,14,80
286,282,1,287,6,1566,0,60
287,282,1,288,2,1568,3,20
288,282,1,289,2,1570,0,20
289,282,1,290,6,1576,0,60
290,282,1,291,8,1584,0,80
291,282,1,292,2,1586,0,20
292,282,1,293,4,1590,0,40
293,282,1,294,6,1596,0,60
294,282,1,295,6,1602,0,60
295,282,1,296,4,1606,0,40
296,282,1,297,6,1612,16,60
297,282,1,298,3,1615,0,30
298,282,1,299,5,1620,0,50
299,282,1,300,2,1622,0,20
300,282,1,301,2,1624,0,20
301,282,1,302,3,1627,8,30
302,282,1,303,9,1636,0,90
303,282,1,304,2,1638,5,20
304,282,1,305,9,1647,0,90
305,282,1,306,4,1651,0,40
306,282,1,307,5,1656,0,50
307,282,1,308,3,1659,0,30
308,282,1,309,5,1664,12,50
309,282,1,310,9,1673,0,90
310,282,1,311,7,1680,0,70
311,282,1,312,5,1685,0,50
312,282,1,313,9,1694,17,90
313,282,1,314,3,1697,0,30
314,282,1,315,4,1701,2,40
315,282,1,316,3,1704,2,30
316,282,1,317,7,1711,0,70
317,282,1,318,8,1719,0,80
318,282,1,319,8,1727,0,80
319,282,1,320,9,1736,13,90
320,282,1,321,3,1739,2,30
321,282,1,322,3,1742,0,30
322,282,1,323,5,1747,0,50
323,282,1,324,3,1750,0,30
324,282,1,325,8,1758,0,80
325,282,1,326,8,1766,0,80
326,282,1,327,7,1773,15,70
327,282,1,328,5,1778,4,50
328,282,1,329,3,1781,0,30
329,282,1,330,4,1785,0,40
330,282,1,331,7,1792,9,70
331,282,1,332,3,1795,0,30
332,282,1,333,6,1801,5,60
333,282,1,334,8,1809,0,80
334,282,1,335,8,1817,0,80
335,282,1,336,2,1819,0,20
336,282,1,337,7,1826,0,70
337,282,1,338,6,1832,0,60
338,282,1,339,9,1841,0,90
339,282,1,340,7,1848,0,70
340,282,1,341,2,1850,0,20
341,282,1,342,8,1858,0,80
342,282,1,343,6,1864,0,60
343,282,1,344,8,1872,0,80
344,282,1,345,6,1878,0,60
345,282,1,346,9,1887,0,90
346,282,1,347,8,1895,49,80
347,282,1,348,7,1902,5,70
348,282,1,349,7,1909,0,70
349,282,1,350,4,1913,9,40
350,282,1,351,6,1919,0,60
351,282,1,352,4,1923,0,40
352,282,1,353,9,1932,0,90
353,282,1,354,5,1937,0,50
354,282,1,355,2,1939,0,20
355,282,1,356,4,1943,0,40
356,282,1,357,2,1945,17,20
357,282,1,358,8,1953,0,80
358,282,1,359,3,1956,0,30
359,282,1,360,9,1965,13,90
360,282,1,361,9,1974,0,90
361,282,1,362,2,1976,0,20
362,282,1,363,4,1980,0,40
363,282,1,364,2,1982,0,20
364,282,1,365,7,1989,0,70
365,282,1,366,2,1991,0,20
366,282,1,367,3,1994,0,30
367,282,1,368,5,1999,0,50
368,282,1,369,9,2008,0,90
369,282,1,370,6,2014,31,60
370,282,1,371,6,2020,0,60
371,282,1,372,2,2022,0,20
372,282,1,373,7,2029,2,70
373,282,1,374,4,2033,3,40
374,282,1,375,6,2039,0,60
375,282,1,376,6,2045,6,60
376,282,1,377,7,2052,0,70
377,282,1,378,3,2055,0,30
378,282,1,379,3,2058,6,30
379,282,1,380,4,2062,0,40
380,282,1,381,4,2066,0,40
381,282,1,382,2,2068,0,20
382,282,1,383,4,2072,0,40
383,282,1,384,5,2077,0,50
384,282,1,385,5,2082,13,50
385,282,1,386,3,2085,1,30
386,282,1,387,4,2089,0,40
387,282,1,388,5,2094,5,50
388,282,1,389,6,2100,0,60
389,282,1,390,5,2105,0,50
390,282,1,391,6,2111,0,60
391,282,1,392,5,2116,10,50
392,282,1,393,7,2123,0,70
393,282,1,394,3,2126,0,30
394,282,1,395,2,2128,6,20
395,282,1,396,9,2137,0,90
396,282,1,397,2,2139,0,20
397,282,1,398,4,2143,0,40
398,282,1,399,6,2149,0,60
399,282,1,400,5,2154,13,50
400,282,1,401,5,2159,3,50
401,282,1,402,5,2164,0,50
402,282,1,403,2,2166,0,20
403,282,1,404,9,2175,0,90
404,282,1,405,7,2182,6,70
405,282,1,406,9,2191,3,90
406,282,1,407,7,2198,1,70
407,282,1,408,2,2200,0,20
408,282,1,409,7,2207,0,70
409,282,1,410,2,2209,5,20
410,282,1,411,3,2212,0,30
411,282,1,412,5,2217,0,50
412,282,1,413,3,2220,0,30
413,282,1,414,6,2226,15,60
414,282,1,415,6,2232,0,60
415,282,1,416,8,2240,0,80
416,282,1,417,2,2242,0,20
417,282,1,418,3,2245,0,30
418,282,1,419,5,2250,8,50
419,282,1,420,6,2256,0,60
420,282,1,421,2,2258,0,20
421,282,1,422,2,2260,0,20
422,282,1,423,5,2265,0,50
423,282,1,424,7,2272,0,70
424,282,1,425,4,2276,0,40
425,282,1,426,4,2280,0,40
426,282,1,427,5,2285,0,50
427,282,1,428,7,2292,0,70
428,282,1,429,4,2296,0,40
429,282,1,430,2,2298,0,20
430,282,1,431,5,2303,0,50
431,282,1,432,4,2307,0,40
432,282,1,433,6,2313,32,60
433,282,1,434,3,2316,0,30
434,282,1,435,3,2319,3,30
435,282,1,436,8,2327,0,80
436,282,1,437,6,2333,9,60
437,282,1,438,6,2339,0,60
438,282,1,439,7,2346,0,70
439,282,1,440,2,2348,0,20
440,282,1,441,9,2357,0,90
441,282,1,442,2,2359,0,20
442,282,1,443,5,2364,0,50
443,282,1,444,9,2373,0,90
444,282,1,445,6,2379,19,60
445,282,1,446,4,2383,0,40
446,282,1,447,6,2389,7,60
447,282,1,448,3,2392,1,30
448,282,1,449,6,2398,0,60
449,282,1,450,4,2402,0,40
450,282,1,451,6,2408,0,60
451,282,1,452,7,2415,0,70
452,282,1,453,7,2422,0,70
453,282,1,454,8,2430,0,80
454,282,1,455,9,2439,23,90
455,282,1,456,9,2448,1,90
456,282,1,457,9,2457,2,90
457,282,1,458,8,2465,0,80
458,282,1,459,8,2473,10,80
459,282,1,460,6,2479,3,60
460,282,1,461,4,2483,0,40
461,282,1,462,2,2485,0,20
462,282,1,463,3,2488,4,30
463,282,1,464,2,2490,0,20
464,282,1,465,4,2494,0,40
465,282,1,466,7,2501,0,70
466,282,1,467,7,2508,0,70
467,282,1,468,9,2517,0,90
468,282,1,469,5,2522,0,50
469,282,1,470,4,2526,0,40
470,282,1,471,2,2528,0,20
471,282,1,472,5,2533,0,50
472,282,1,473,7,2540,16,70
473,282,1,474,7,2547,0,70
474,282,1,475,6,2553,0,60
475,282,1,476,8,2561,0,80
476,282,1,477,8,2569,0,80
477,282,1,478,5,2574,0,50
478,282,1,479,9,2583,26,90
479,282,1,480,9,2592,0,90
480,282,1,481,2,2594,8,20
481,282,1,482,9,2603,0,90
482,282,1,483,8,2611,0,80
483,282,1,484,6,2617,0,60
484,282,1,485,4,2621,0,40
485,282,1,486,9,2630,0,90
486,282,1,487,5,2635,0,50
487,282,1,488,5,2640,0,50
488,282,1,489,2,2642,0,20
489,282,1,490,7,2649,0,70
490,282,1,491,3,2652,33,30
491,282,1,492,3,2655,0,30
492,282,1,493,2,2657,0,20
493,282,1,494,6,2663,0,60
494,282,1,495,4,2667,0,40
495,282,1,496,7,2674,0,70
496,282,1,497,3,2677,0,30
497,282,1,498,4,2681,0,40
498,282,1,499,3,2684,15,30
499,282,1,500,2,2686,0,20
500,282,1,501,2,2688,0,20
501,282,1,502,8,2696,0,80
502,282,1,503,7,2703,0,70
503,282,1,504,3,2706,0,30
504,282,1,505,5,2711,0,50
505,282,1,506,2,2713,0,20
506,282,1,507,2,2715,0,20
507,282,1,508,2,2717,0,20
508,282,1,509,4,2721,0,40
509,282,1,510,2,2723,0,20
510,282,1,511,2,2725,0,20
511,282,1,512,9,2734,0,90
512,282,1,513,3,2737,0,30
513,282,1,514,9,2746,0,90
514,282,1,515,8,2754,0,80
515,282,1,516,6,2760,0,60
516,282,1,517,7,2767,41,70
517,282,1,518,5,2772,1,50
518,282,1,519,4,2776,0,40
519,282,1,520,2,2778,0,20
520,282,1,521,9,2787,0,90
521,282,1,522,8,2795,0,80
522,282,1,523,2,2797,0,20
523,282,1,524,4,2801,0,40
524,282,1,525,8,2809,17,80
525,282,1,526,2,2811,0,20
526,282,1,527,8,2819,0,80
527,282,1,528,7,2826,0,70
528,282,1,529,9,2835,0,90
529,282,1,530,5,2840,26,50
530,282,1,531,8,2848,0,80
531,282,1,532,4,2852,6,40
532,282,1,533,9,2861,0,90
533,282,1,534,7,2868,0,70
534,282,1,535,6,2874,0,60
535,282,1,536,7,2881,0,70
536,282,1,537,9,2890,0,90
537,282,1,538,4,2894,0,40
538,282,1,539,2,2896,22,20
539,282,1,540,8,2904,0,80
540,282,1,541,9,2913,0,90
541,282,1,542,3,2916,0,30
542,282,1,543,3,2919,8,30
543,282,1,544,3,2922,0,30
544,282,1,545,2,2924,6,20
545,282,1,546,5,2929,0,50
546,282,1,547,6,2935,0,60
547,282,1,548,7,2942,0,70
548,282,1,549,7,2949,0,70
549,282,1,550,2,2951,0,20
550,282,1,551,3,2954,0,30
551,282,1,552,7,2961,0,70
552,282,1,553,8,2969,0,80
553,282,1,554,9,2978,0,90
554,282,1,555,5,2983,26,50
555,282,1,556,5,2988,0,50
556,282,1,557,9,2997,8,90
557,282,1,558,6,3003,0,60
558,282,1,559,8,3011,4,80
559,282,1,560,6,3017,4,60
560,282,1,561,6,3023,2,60
561,282,1,562,7,3030,3,70
562,282,1,563,3,3033,0,30
563,282,1,564,9,3042,0,90
564,282,1,565,9,3051,0,90
565,282,1,566,3,3054,0,30
566,282,1,567,6,3060,14,60
567,282,1,568,6,3066,7,60
568,282,1,569,9,3075,0,90
569,282,1,570,2,3077,0,20
570,282,1,571,3,3080,0,30
571,282,1,572,3,3083,15,30
572,282,1,573,6,3089,5,60
573,282,1,574,9,3098,6,90
574,282,1,575,4,3102,0,40
575,282,1,576,5,3107,0,50
576,282,1,577,7,3114,0,70
577,282,1,578,8,3122,0,80
578,282,1,579,6,3128,0,60
579,282,1,580,2,3130,0,20
580,282,1,581,6,3136,0,60
581,282,1,582,8,3144,0,80
582,282,1,583,5,3149,0,50
583,282,1,584,8,3157,27,80
584,282,1,585,9,3166,0,90
585,282,1,586,9,3175,0,90
586,282,1,587,5,3180,0,50
587,282,1,588,4,3184,8,40
588,282,1,589,7,3191,0,70
589,282,1,590,3,3194,2,30
590,282,1,591,2,3196,0,20
591,282,1,592,4,3200,0,40
592,282,1,593,7,3207,0,70
593,282,1,594,3,3210,12,30
594,282,1,595,2,3212,0,20
595,282,1,596,4,3216,0,40
596,282,1,597,8,3224,5,80
597,282,1,598,2,3226,0,20
598,282,1,599,9,3235,0,90
599,282,1,600,6,3241,0,60
600,282,1,601,9,3250,0,90
601,282,1,602,3,3253,0,30
602,282,1,603,4,3257,15,40
603,282,1,604,4,3261,0,40
604,282,1,605,8,3269,11,80
605,282,1,606,4,3273,0,40
606,282,1,607,9,3282,9,90
607,282,1,608,7,3289,0,70
608,282,1,609,2,3291,4,20
609,282,1,610,7,3298,0,70
610,282,1,611,3,3301,0,30
611,282,1,612,3,3304,0,30
612,282,1,613,7,3311,0,70
613,282,1,614,9,3320,0,90
614,282,1,615,5,3325,18,50
615,282,1,616,9,3334,0,90
616,282,1,617,9,3343,0,90
617,282,1,618,9,3352,17,90
618,282,1,619,5,3357,1,50
619,282,1,620,2,3359,0,20
620,282,1,621,6,3365,0,60
621,282,1,622,9,3374,12,90
622,282,1,623,2,3376,0,20
623,282,1,624,3,3379,0,30
624,282,1,625,6,3385,0,60
625,282,1,626,8,3393,0,80
626,282,1,627,6,3399,0,60
627,282,1,628,6,3405,0,60
628,282,1,629,7,3412,24,70
629,282,1,630,4,3416,2,40
630,282,1,631,8,3424,0,80
631,282,1,632,2,3426,0,20
632,282,1,633,5,3431,0,50
633,282,1,634,5,3436,12,50
634,282,1,635,5,3441,0,50
635,282,1,636,7,3448,0,70
636,282,1,637,4,3452,4,40
637,282,1,638,4,3456,0,40
638,282,1,639,5,3461,0,50
639,282,1,640,4,3465,0,40
640,282,1,641,9,3474,0,90
641,282,1,642,9,3483,0,90
642,282,1,643,2,3485,24,20
643,282,1,644,2,3487,0,20
644,282,1,645,7,3494,0,70
645,282,1,646,3,3497,0,30
646,282,1,647,5,3502,0,50
647,282,1,648,8,3510,12,80
648,282,1,649,7,3517,5,70
649,282,1,650,4,3521,0,40
650,282,1,651,5,3526,0,50
651,282,1,652,8,3534,0,80
652,282,1,653,7,3541,8,70
653,282,1,654,4,3545,0,40
654,282,1,655,5,3550,0,50
655,282,1,656,6,3556,0,60
656,282,1,657,4,3560,10,40
657,282,1,658,3,3563,2,30
658,282,1,659,7,3570,0,70
659,282,1,660,9,3579,9,90
660,282,1,661,7,3586,0,70
661,282,1,662,7,3593,8,70
662,282,1,663,5,3598,0,50
663,282,1,664,7,3605,5,70
664,282,1,665,8,3613,0,80
665,282,1,666,8,3621,0,80
666,282,1,667,2,3623,0,20
667,282,1,668,6,3629,0,60
668,282,1,669,6,3635,0,60
669,282,1,670,9,3644,0,90
670,282,1,671,3,3647,0,30
671,282,1,672,9,3656,0,90
672,282,1,673,9,3665,0,90
673,282,1,674,9,3674,0,90
674,282,1,675,4,3678,0,40
675,282,1,676,3,3681,0,30
676,282,1,677,3,3684,0,30
677,282,1,678,9,3693,0,90
678,282,1,679,6,3699,0,60
679,282,1,680,7,3706,0,70
680,282,1,681,9,3715,0,90
681,282,1,682,2,3717,37,20
682,282,1,683,5,3722,0,50
683,282,1,684,8,3730,0,80
684,282,1,685,2,3732,0,20
685,282,1,686,9,3741,0,90
686,282,1,687,2,3743,0,20
687,282,1,688,9,3752,14,90
688,282,1,689,5,3757,0,50
689,282,1,690,9,3766,0,90
690,282,1,691,9,3775,0,90
691,282,1,692,7,3782,13,70
692,282,1,693,4,3786,0,40
693,282,1,694,7,3793,0,70
694,282,1,695,5,3798,0,50
695,282,1,696,3,3801,17,30
696,282,1,697,4,3805,2,40
697,282,1,698,5,3810,0,50
698,282,1,699,5,3815,0,50
699,282,1,700,5,3820,6,50
700,282,1,701,5,3825,0,50
701,282,1,702,2,3827,0,20
702,282,1,703,4,3831,0,40
703,282,1,704,8,3839,0,80
704,282,1,705,8,3847,0,80
705,282,1,706,3,3850,0,30
706,282,1,707,4,3854,0,40
707,282,1,708,3,3857,23,30
708,282,1,709,2,3859,0,20
709,282,1,710,2,3861,0,20
710,282,1,711,3,3864,0,30
711,282,1,712,9,3873,0,90
712,282,1,713,5,3878,14,50
713,282,1,714,4,3882,0,40
714,282,1,715,3,3885,0,30
715,282,1,716,4,3889,0,40
716,282,1,717,2,3891,0,20
717,282,1,718,3,3894,0,30
718,282,1,719,4,3898,0,40
719,282,1,720,4,3902,0,40
720,282,1,721,3,3905,0,30
721,282,1,722,3,3908,12,30
722,282,1,723,4,3912,0,40
723,282,1,724,4,3916,0,40
724,282,1,725,4,3920,0,40
725,282,1,726,4,3924,0,40
726,282,1,727,8,3932,0,80
727,282,1,728,3,3935,13,30
728,282,1,729,4,3939,1,40
729,282,1,730,3,3942,0,30
730,282,1,731,7,3949,3,70
731,282,1,732,9,3958,0,90
732,282,1,733,9,3967,0,90
733,282,1,734,3,3970,0,30
734,282,1,735,6,3976,0,60
735,282,1,736,5,3981,14,50
736,282,1,737,4,3985,0,40
737,282,1,738,8,3993,0,80
738,282,1,739,4,3997,0,40
739,282,1,740,9,4006,12,90
740,282,1,741,9,4015,0,90
741,282,1,742,8,4023,0,80
742,282,1,743,8,4031,0,80
743,282,1,744,6,4037,0,60
744,282,1,745,4,4041,23,40
745,282,1,746,9,4050,6,90
746,282,1,747,3,4053,0,30
747,282,1,748,9,4062,0,90
748,282,1,749,5,4067,0,50
749,282,1,750,8,4075,0,80
750,282,1,751,9,4084,0,90
751,282,1,752,5,4089,24,50
752,282,1,753,9,4098,0,90
753,282,1,754,7,4105,0,70
754,282,1,755,5,4110,0,50
755,282,1,756,9,4119,0,90
756,282,1,757,4,4123,0,40
757,282,1,758,4,4127,0,40
758,282,1,759,5,4132,0,50
759,282,1,760,9,4141,17,90
760,282,1,761,5,4146,0,50
761,282,1,762,4,4150,0,40
762,282,1,763,7,4157,0,70
763,282,1,764,6,4163,9,60
764,282,1,765,7,4170,1,70
765,282,1,766,5,4175,4,50
766,282,1,767,7,4182,3,70
767,282,1,768,6,4188,8,60
768,282,1,769,6,4194,0,60
769,282,1,770,2,4196,5,20
770,282,1,771,8,4204,2,80
771,282,1,772,4,4208,0,40
772,282,1,773,4,4212,3,40
773,282,1,774,5,4217,5,50
774,282,1,775,9,4226,5,90
775,282,1,776,6,4232,0,60
776,282,1,777,7,4239,0,70
777,282,1,778,3,4242,0,30
778,282,1,779,6,4248,17,60
779,282,1,780,3,4251,0,30
780,282,1,781,3,4254,0,30
781,282,1,782,4,4258,0,40
782,282,1,783,3,4261,0,30
783,282,1,784,8,4269,9,80
784,282,1,785,4,4273,0,40
785,282,1,786,5,4278,3,50
786,282,1,787,2,4280,0,20
787,282,1,788,9,4289,0,90
788,282,1,789,5,4294,0,50
789,282,1,790,3,4297,10,30
790,282,1,791,7,4304,5,70
791,282,1,792,7,4311,3,70
792,282,1,793,7,4318,3,70
793,282,1,794,2,4320,0,20
794,282,1,795,5,4325,0,50
795,282,1,796,8,4333,0,80
796,282,1,797,5,4338,0,50
797,282,1,798,8,4346,0,80
798,282,1,799,2,4348,0,20
799,282,1,800,5,4353,0,50
800,282,1,801,3,4356,22,30
801,282,1,802,5,4361,0,50
802,282,1,803,9,4370,8,90
803,282,1,804,4,4374,0,40
804,282,1,805,6,4380,0,60
805,282,1,806,6,4386,0,60
806,282,1,807,5,4391,0,50
807,282,1,808,9,4400,0,90
808,282,1,809,3,4403,0,30
809,282,1,810,3,4406,18,30
810,282,1,811,7,4413,4,70
811,282,1,812,3,4416,0,30
812,282,1,813,3,4419,0,30
813,282,1,814,7,4426,0,70
814,282,1,815,7,4433,0,70
815,282,1,816,3,4436,12,30
816,282,1,817,6,4442,2,60
817,282,1,818,3,4445,4,30
818,282,1,819,2,4447,0,20
819,282,1,820,7,4454,5,70
820,282,1,821,4,4458,0,40
821,282,1,822,7,4465,4,70
822,282,1,823,6,4471,5,60
823,282,1,824,2,4473,0,20
824,282,1,825,8,4481,0,80
825,282,1,826,9,4490,0,90
826,282,1,827,5,4495,0,50
827,282,1,828,3,4498,0,30
828,282,1,829,6,4504,0,60
829,282,1,830,9,4513,0,90
830,282,1,831,2,4515,0,20
831,282,1,832,6,4521,0,60
832,282,1,833,9,4530,0,90
833,282,1,834,2,4532,32,20
834,282,1,835,3,4535,0,30
835,282,1,836,7,4542,0,70
836,282,1,837,4,4546,0,40
837,282,1,838,6,4552,0,60
838,282,1,839,2,4554,0,20
839,282,1,840,5,4559,10,50
840,282,1,841,7,4566,0,70
841,282,1,842,4,4570,0,40
842,282,1,843,4,4574,12,40
843,282,1,844,6,4580,0,60
844,282,1,845,7,4587,6,70
845,282,1,846,7,4594,0,70
846,282,1,847,7,4601,0,70
847,282,1,848,8,4609,0,80
848,282,1,849,2,4611,12,20
849,282,1,850,7,4618,0,70
850,282,1,851,2,4620,0,20
851,282,1,852,7,4627,9,70
852,282,1,853,5,4632,4,50
853,282,1,854,5,4637,0,50
854,282,1,855,3,4640,0,30
855,282,1,856,5,4645,0,50
856,282,1,857,6,4651,0,60
857,282,1,858,6,4657,0,60
858,282,1,859,3,4660,0,30
859,282,1,860,7,4667,17,70
860,282,1,861,4,4671,0,40
861,282,1,862,5,4676,0,50
862,282,1,863,3,4679,0,30
863,282,1,864,8,4687,0,80
864,282,1,865,2,4689,0,20
865,282,1,866,2,4691,0,20
866,282,1,867,7,4698,0,70
867,282,1,868,2,4700,0,20
868,282,1,869,5,4705,0,50
869,282,1,870,9,4714,0,90
870,282,1,871,9,4723,30,90
871,282,1,872,3,4726,3,30
872,282,1,873,4,4730,0,40
873,282,1,874,6,4736,0,60
874,282,1,875,4,4740,11,40
875,282,1,876,3,4743,0,30
876,282,1,877,6,4749,0,60
877,282,1,878,6,4755,12,60
878,282,1,879,3,4758,0,30
879,282,1,880,3,4761,0,30
880,282,1,881,5,4766,10,50
881,282,1,882,2,4768,0,20
882,282,1,883,8,4776,0,80
883,282,1,884,7,4783,0,70
884,282,1,885,2,4785,0,20
885,282,1,886,5,4790,0,50
886,282,1,887,5,4795,0,50
887,282,1,888,8,4803,0,80
888,282,1,889,7,4810,26,70
889,282,1,890,7,4817,0,70
890,282,1,891,5,4822,0,50
891,282,1,892,2,4824,0,20
892,282,1,893,7,4831,0,70
893,282,1,894,5,4836,15,50
894,282,1,895,6,4842,0,60
895,282,1,896,2,4844,0,20
896,282,1,897,5,4849,0,50
897,282,1,898,5,4854,0,50
898,282,1,899,6,4860,6,60
899,282,1,900,9,4869,0,90
900,282,1,901,2,4871,0,20
901,282,1,902,5,4876,0,50
902,282,1,903,3,4879,0,30
903,282,1,904,8,4887,0,80
904,282,1,905,8,4895,10,80
905,282,1,906,6,4901,5,60
906,282,1,907,2,4903,0,20
907,282,1,908,3,4906,0,30
908,282,1,909,6,4912,0,60
909,282,1,910,5,4917,0,50
910,282,1,911,9,4926,0,90
911,282,1,912,6,4932,0,60
912,282,1,913,7,4939,0,70
913,282,1,914,6,4945,20,60
914,282,1,915,2,4947,1,20
915,282,1,916,6,4953,0,60
916,282,1,917,7,4960,3,70
917,282,1,918,3,4963,0,30
918,282,1,919,7,4970,0,70
919,282,1,920,7,4977,3,70
920,282,1,921,8,4985,4,80
921,282,1,922,6,4991,2,60
922,282,1,923,5,4996,0,50
923,282,1,924,3,4999,0,30
924,282,2,1,9,9,0,90
925,282,2,2,8,17,0,80
926,282,2,3,9,26,0,90
927,282,2,4,4,30,0,40
928,282,2,5,5,35,0,50
929,282,2,6,6,41,19,60
930,282,2,7,4,45,0,40
931,282,2,8,3,48,1,30
932,282,2,9,3,51,0,30
933,282,2,10,4,55,0,40
934,282,2,11,2,57,0,20
935,282,2,12,4,61,0,40
936,282,2,13,3,64,0,30
937,282,2,14,3,67,0,30
938,282,2,15,7,74,4,70
939,282,2,16,5,79,6,50
940,282,2,17,3,82,0,30
941,282,2,18,3,85,1,30
942,282,2,19,8,93,3,80
943,282,2,20,7,100,4,70
944,282,2,21,5,105,0,50
945,282,2,22,4,109,0,40
946,282,2,23,9,118,7,90
947,282,2,24,6,124,0,60
948,282,2,25,8,132,7,80
949,282,2,26,9,141,0,90
950,282,2,27,8,149,0,80
951,282,2,28,3,152,0,30
952,282,2,29,5,157,0,50
953,282,2,30,7,164,0,70
954,282,2,31,3,167,0,30
955,282,2,32,2,169,0,20
956,282,2,33,4,173,18,40
957,282,2,34,5,178,0,50
958,282,2,35,3,181,0,30
959,282,2,36,6,187,0,60
960,282,2,37,6,193,9,60
961,282,2,38,5,198,2,50
962,282,2,39,7,205,0,70
963,282,2,40,5,210,0,50
964,282,2,41,3,213,0,30
965,282,2,42,4,217,0,40
966,282,2,43,6,223,0,60
967,282,2,44,3,226,0,30
968,282,2,45,9,235,0,90
969,282,2,46,4,239,0,40
970,282,2,47,6,245,0,60
971,282,2,48,8,253,0,80
972,282,2,49,6,259,0,60
973,282,2,50,8,267,29,80
974,282,2,51,7,274,0,70
975,282,2,52,4,278,0,40
976,282,2,53,2,280,0,20
977,282,2,54,2,282,0,20
978,282,2,55,4,286,0,40
979,282,2,56,2,288,13,20
980,282,2,57,5,293,0,50
981,282,2,58,9,302,0,90
982,282,2,59,8,310,0,80
983,282,2,60,9,319,0,90
984,282,2,61,8,327,0,80
985,282,2,62,8,335,0,80
986,282,2,63,7,342,0,70
987,282,2,64,5,347,0,50
988,282,2,65,4,351,0,40
989,282,2,66,7,358,0,70
990,282,2,67,6,364,0,60
991,282,2,68,9,373,0,90
992,282,2,69,9,382,0,90
993,282,2,70,4,386,44,40
994,282,2,71,7,393,3,70
995,282,2,72,2,395,0,20
996,282,2,73,9,404,0,90
997,282,2,74,6,410,0,60
998,282,2,75,5,415,0,50
999,282,2,76,6,421,0,60
1000,282,2,77,3,424,0,30
1001,282,2,78,2,426,0,20
1002,282,2,79,2,428,13,20
1003,282,2,80,5,433,0,50
1004,282,2,81,7,440,0,70
1005,282,2,82,2,442,0,20
1006,282,2,83,9,451,0,90
1007,282,2,84,8,459,0,80
1008,282,2,85,7,466,13,70
1009,282,2,86,4,470,0,40
1010,282,2,87,3,473,0,30
1011,282,2,88,5,478,0,50
1012,282,2,89,7,485,0,70
1013,282,2,90,9,494,0,90
1014,282,2,91,9,503,0,90
1015,282,2,92,8,511,0,80
1016,282,2,93,7,518,0,70
1017,282,2,94,3,521,0,30
1018,282,2,95,7,528,30,70
1019,282,2,96,8,536,0,80
1020,282,2,97,5,541,0,50
1021,282,2,98,8,549,0,80
1022,282,2,99,4,553,0,40
1023,282,2,100,5,558,14,50
1024,282,2,101,3,561,1,30
1025,282,2,102,3,564,0,30
1026,282,2,103,5,569,0,50
1027,282,2,104,6,575,0,60
1028,282,2,105,8,583,0,80
1029,282,2,106,4,587,6,40
1030,282,2,107,7,594,0,70
1031,282,2,108,5,599,0,50
1032,282,2,109,8,607,0,80
1033,282,2,110,6,613,0,60
1034,282,2,111,5,618,0,50
1035,282,2,112,7,625,0,70
1036,282,2,113,7,632,0,70
1037,282,2,114,4,636,0,40
1038,282,2,115,7,643,0,70
1039,282,2,116,5,648,0,50
1040,282,2,117,8,656,35,80
1041,282,2,118,8,664,8,80
1042,282,2,119,6,670,6,60
1043,282,2,120,5,675,0,50
1044,282,2,121,3,678,5,30
1045,282,2,122,7,685,2,70
1046,282,2,123,2,687,0,20
1047,282,2,124,2,689,0,20
1048,282,2,125,3,692,5,30
1049,282,2,126,7,699,0,70
1050,282,2,127,4,703,0,40
1051,282,2,128,9,712,0,90
1052,282,2,129,5,717,0,50
1053,282,2,130,6,723,15,60
1054,282,2,131,2,725,0,20
1055,282,2,132,8,733,0,80
1056,282,2,133,8,741,5,80
1057,282,2,134,9,750,0,90
1058,282,2,135,5,755,0,50
1059,282,2,136,7,762,11,70
1060,282,2,137,9,771,0,90
1061,282,2,138,6,777,0,60
1062,282,2,139,7,784,11,70
1063,282,2,140,5,789,0,50
1064,282,2,141,4,793,5,40
1065,282,2,142,5,798,3,50
1066,282,2,143,9,807,7,90
1067,282,2,144,5,812,0,50
1068,282,2,145,4,816,0,40
1069,282,2,146,2,818,0,20
1070,282,2,147,3,821,0,30
1071,282,2,148,5,826,0,50
1072,282,2,149,7,833,0,70
1073,282,2,150,3,836,0,30
1074,282,2,151,3,839,15,30
1075,282,2,152,3,842,0,30
1076,282,2,153,7,849,0,70
1077,282,2,154,5,854,0,50
1078,282,2,155,8,862,0,80
1079,282,2,156,6,868,0,60
1080,282,2,157,7,875,0,70
1081,282,2,158,6,881,0,60
1082,282,2,159,7,888,30,70
1083,282,2,160,8,896,0,80
1084,282,2,161,2,898,0,20
1085,282,2,162,9,907,0,90
1086,282,2,163,4,911,0,40
1087,282,2,164,2,913,16,20
1088,282,2,165,7,920,0,70
1089,282,2,166,5,925,4,50
1090,282,2,167,8,933,0,80
1091,282,2,168,6,939,0,60
1092,282,2,169,3,942,0,30
1093,282,2,170,9,951,0,90
1094,282,2,171,8,959,0,80
1095,282,2,172,9,968,0,90
1096,282,2,173,6,974,0,60
1097,282,2,174,8,982,24,80
1098,282,2,175,5,987,1,50
1099,282,2,176,5,992,0,50
1100,282,2,177,3,995,5,30
1101,282,2,178,7,1002,6,70
1102,282,2,179,9,1011,5,90
1103,282,2,180,3,1014,0,30
1104,282,2,181,5,1019,0,50
1105,282,2,182,3,1022,5,30
1106,282,2,183,4,1026,0,40
1107,282,2,184,2,1028,3,20
1108,282,2,185,4,1032,0,40
1109,282,2,186,7,1039,5,70
1110,282,2,187,7,1046,2,70
1111,282,2,188,8,1054,0,80
1112,282,2,189,4,1058,0,40
1113,282,2,190,7,1065,0,70
1114,282,2,191,2,1067,0,20
1115,282,2,192,9,1076,9,90
1116,282,2,193,2,1078,0,20
1117,282,2,194,8,1086,0,80
1118,282,2,195,2,1088,0,20
1119,282,2,196,8,1096,5,80
1120,282,2,197,4,1100,0,40
1121,282,2,198,2,1102,0,20
1122,282,2,199,8,1110,0,80
1123,282,2,200,9,1119,0,90
1124,282,2,201,3,1122,0,30
1125,282,2,202,4,1126,7,40
1126,282,2,203,2,1128,2,20
1127,282,2,204,9,1137,0,90
1128,282,2,205,9,1146,0,90
1129,282,2,206,6,1152,0,60
1130,282,2,207,9,1161,17,90
1131,282,2,208,6,1167,4,60
1132,282,2,209,9,1176,0,90
1133,282,2,210,9,1185,0,90
1134,282,2,211,8,1193,0,80
1135,282,2,212,9,1202,0,90
1136,282,2,213,7,1209,20,70
1137,282,2,214,2,1211,0,20
1138,282,2,215,7,1218,0,70
1139,282,2,216,5,1223,5,50
1140,282,2,217,5,1228,0,50
1141,282,2,218,6,1234,0,60
1142,282,2,219,7,1241,8,70
1143,282,2,220,2,1243,1,20
1144,282,2,221,2,1245,0,20
1145,282,2,222,5,1250,0,50
1146,282,2,223,7,1257,0,70
1147,282,2,224,8,1265,0,80
1148,282,2,225,7,1272,0,70
1149,282,2,226,4,1276,14,40
1150,282,2,227,6,1282,0,60
1151,282,2,228,5,1287,0,50
1152,282,2,229,9,1296,11,90
1153,282,2,230,6,1302,0,60
1154,282,2,231,6,1308,0,60
1155,282,2,232,9,1317,0,90
1156,282,2,233,9,1326,0,90
1157,282,2,234,2,1328,0,20
1158,282,2,235,6,1334,0,60
1159,282,2,236,2,1336,0,20
1160,282,2,237,5,1341,0,50
1161,282,2,238,6,1347,0,60
1162,282,2,239,5,1352,0,50
1163,282,2,240,5,1357,30,50
1164,282,2,241,8,1365,0,80
1165,282,2,242,8,1373,0,80
1166,282,2,243,9,1382,0,90
1167,282,2,244,9,1391,15,90
1168,282,2,245,3,1394,1,30
1169,282,2,246,3,1397,0,30
1170,282,2,247,2,1399,0,20
1171,282,2,248,5,1404,9,50
1172,282,2,249,2,1406,0,20
1173,282,2,250,7,1413,0,70
1174,282,2,251,2,1415,0,20
1175,282,2,252,5,1420,5,50
1176,282,2,253,9,1429,0,90
1177,282,2,254,9,1438,0,90
1178,282,2,255,3,1441,0,30
1179,282,2,256,9,1450,0,90
1180,282,2,257,2,1452,0,20
1181,282,2,258,7,1459,0,70
1182,282,2,259,4,1463,0,40
1183,282,2,260,3,1466,0,30
1184,282,2,261,2,1468,0,20
1185,282,2,262,8,1476,30,80
1186,282,2,263,5,1481,3,50
1187,282,2,264,7,1488,0,70
1188,282,2,265,6,1494,9,60
1189,282,2,266,2,1496,2,20
1190,282,2,267,3,1499,0,30
1191,282,2,268,3,1502,0,30
1192,282,2,269,6,1508,3,60
1193,282,2,270,8,1516,0,80
1194,282,2,271,3,1519,8,30
1195,282,2,272,2,1521,1,20
1196,282,2,273,4,1525,0,40
1197,282,2,274,2,1527,4,20
1198,282,2,275,5,1532,0,50
1199,282,2,276,4,1536,0,40
1200,282,2,277,4,1540,0,40
1201,282,2,278,5,1545,0,50
1202,282,2,279,7,1552,11,70
1203,282,2,280,6,1558,3,60
1204,282,2,281,6,1564,0,60
1205,282,2,282,4,1568,0,40
1206,282,2,283,9,1577,12,90
1207,282,2,284,3,1580,0,30
1208,282,2,285,4,1584,0,40
1209,282,2,286,3,1587,0,30
1210,282,2,287,5,1592,0,50
1211,282,2,288,6,1598,0,60
1212,282,2,289,9,1607,0,90
1213,282,2,290,8,1615,0,80
1214,282,2,291,8,1623,0,80
1215,282,2,292,2,1625,0,20
1216,282,2,293,3,1628,0,30
1217,282,2,294,6,1634,0,60
1218,282,2,295,7,1641,0,70
1219,282,2,296,2,1643,0,20
1220,282,2,297,2,1645,28,20
1221,282,2,298,6,1651,0,60
1222,282,2,299,6,1657,0,60
1223,282,2,300,5,1662,0,50
1224,282,2,301,9,1671,14,90
1225,282,2,302,2,1673,0,20
1226,282,2,303,4,1677,0,40
1227,282,2,304,2,1679,0,20
1228,282,2,305,5,1684,4,50
1229,282,2,306,7,1691,4,70
1230,282,2,307,9,1700,0,90
1231,282,2,308,4,1704,0,40
1232,282,2,309,2,1706,0,20
1233,282,2,310,5,1711,0,50
1234,282,2,311,4,1715,0,40
1235,282,2,312,2,1717,0,20
1236,282,2,313,3,1720,0,30
1237,282,2,314,6,1726,0,60
1238,282,2,315,9,1735,0,90
1239,282,2,316,3,1738,0,30
1240,282,2,317,8,1746,0,80
1241,282,2,318,8,1754,0,80
1242,282,2,319,4,1758,27,40
1243,282,2,320,6,1764,5,60
1244,282,2,321,7,1771,0,70
1245,282,2,322,9,1780,11,90
1246,282,2,323,8,1788,0,80
1247,282,2,324,9,1797,6,90
1248,282,2,325,7,1804,0,70
1249,282,2,326,9,1813,0,90
1250,282,2,327,4,1817,0,40
1251,282,2,328,2,1819,0,20
1252,282,2,329,8,1827,0,80
1253,282,2,330,5,1832,0,50
1254,282,2,331,9,1841,0,90
1255,282,2,332,5,1846,0,50
1256,282,2,333,4,1850,0,40
1257,282,2,334,6,1856,24,60
1258,282,2,335,6,1862,0,60
1259,282,2,336,4,1866,0,40
1260,282,2,337,4,1870,0,40
1261,282,2,338,3,1873,0,30
1262,282,2,339,4,1877,14,40
1263,282,2,340,8,1885,0,80
1264,282,2,341,5,1890,0,50
1265,282,2,342,6,1896,5,60
1266,282,2,343,6,1902,1,60
1267,282,2,344,3,1905,1,30
1268,282,2,345,4,1909,0,40
1269,282,2,346,5,1914,0,50
1270,282,2,347,5,1919,0,50
1271,282,2,348,3,1922,7,30
1272,282,2,349,4,1926,0,40
1273,282,2,350,6,1932,0,60
1274,282,2,351,9,1941,0,90
1275,282,2,352,3,1944,0,30
1276,282,2,353,3,1947,0,30
1277,282,2,354,4,1951,0,40
1278,282,2,355,9,1960,24,90
1279,282,2,356,2,1962,0,20
1280,282,2,357,9,1971,8,90
1281,282,2,358,3,1974,0,30
1282,282,2,359,9,1983,0,90
1283,282,2,360,6,1989,9,60
1284,282,2,361,7,1996,0,70
1285,282,2,362,7,2003,0,70
1286,282,2,363,3,2006,0,30
1287,282,2,364,7,2013,11,70
1288,282,2,365,8,2021,0,80
1289,282,2,366,6,2027,0,60
1290,282,2,367,8,2035,0,80
1291,282,2,368,6,2041,0,60
1292,282,2,369,8,2049,0,80
1293,282,2,370,5,2054,0,50
1294,282,2,371,3,2057,21,30
1295,282,2,372,5,2062,0,50
1296,282,2,373,7,2069,0,70
1297,282,2,374,3,2072,8,30
1298,282,2,375,3,2075,0,30
1299,282,2,376,8,2083,4,80
1300,282,2,377,4,2087,0,40
1301,282,2,378,2,2089,0,20
1302,282,2,379,4,2093,0,40
1303,282,2,380,6,2099,9,60
1304,282,2,381,4,2103,0,40
1305,282,2,382,3,2106,0,30
1306,282,2,383,8,2114,0,80
1307,282,2,384,9,2123,13,90
1308,282,2,385,7,2130,4,70
1309,282,2,386,4,2134,1,40
1310,282,2,387,4,2138,0,40
1311,282,2,388,4,2142,0,40
1312,282,2,389,8,2150,0,80
1313,282,2,390,3,2153,0,30
1314,282,2,391,9,2162,0,90
1315,282,2,392,9,2171,18,90
1316,282,2,393,8,2179,0,80
1317,282,2,394,4,2183,0,40
1318,282,2,395,3,2186,9,30
1319,282,2,396,7,2193,0,70
1320,282,2,397,3,2196,0,30
1321,282,2,398,7,2203,0,70
1322,282,2,399,9,2212,0,90
1323,282,2,400,2,2214,0,20
1324,282,2,401,4,2218,0,40
1325,282,2,402,9,2227,26,90
1326,282,2,403,6,2233,0,60
1327,282,2,404,9,2242,0,90
1328,282,2,405,4,2246,0,40
1329,282,2,406,9,2255,14,90
1330,282,2,407,4,2259,0,40
1331,282,2,408,7,2266,0,70
1332,282,2,409,4,2270,0,40
1333,282,2,410,4,2274,0,40
1334,282,2,411,9,2283,0,90
1335,282,2,412,2,2285,0,20
1336,282,2,413,9,2294,0,90
1337,282,2,414,7,2301,0,70
1338,282,2,415,4,2305,28,40
1339,282,2,416,5,2310,0,50
1340,282,2,417,3,2313,4,30
1341,282,2,418,5,2318,7,50
1342,282,2,419,5,2323,0,50
1343,282,2,420,7,2330,0,70
1344,282,2,421,2,2332,0,20
1345,282,2,422,9,2341,0,90
1346,282,2,423,3,2344,0,30
1347,282,2,424,4,2348,0,40
1348,282,2,425,9,2357,0,90
1349,282,2,426,2,2359,0,20
1350,282,2,427,9,2368,0,90
1351,282,2,428,2,2370,0,20
1352,282,2,429,5,2375,31,50
1353,282,2,430,6,2381,0,60
1354,282,2,431,2,2383,7,20
1355,282,2,432,5,2388,0,50
1356,282,2,433,5,2393,5,50
1357,282,2,434,7,2400,0,70
1358,282,2,435,2,2402,7,20
1359,282,2,436,3,2405,0,30
1360,282,2,437,8,2413,3,80
1361,282,2,438,8,2421,0,80
1362,282,2,439,9,2430,7,90
1363,282,2,440,5,2435,4,50
1364,282,2,441,2,2437,0,20
1365,282,2,442,8,2445,5,80
1366,282,2,443,7,2452,5,70
1367,282,2,444,6,2458,0,60
1368,282,2,445,5,2463,0,50
1369,282,2,446,7,2470,7,70
1370,282,2,447,8,2478,0,80
1371,282,2,448,3,2481,0,30
1372,282,2,449,2,2483,0,20
1373,282,2,450,5,2488,12,50
1374,282,2,451,6,2494,2,60
1375,282,2,452,8,2502,0,80
1376,282,2,453,5,2507,0,50
1377,282,2,454,5,2512,0,50
1378,282,2,455,5,2517,12,50
1379,282,2,456,9,2526,0,90
1380,282,2,457,6,2532,2,60
1381,282,2,458,9,2541,4,90
1382,282,2,459,7,2548,0,70
1383,282,2,460,9,2557,0,90
1384,282,2,461,2,2559,0,20
1385,282,2,462,9,2568,0,90
1386,282,2,463,8,2576,17,80
1387,282,2,464,7,2583,5,70
1388,282,2,465,5,2588,2,50
1389,282,2,466,6,2594,0,60
1390,282,2,467,9,2603,5,90
1391,282,2,468,3,2606,0,30
1392,282,2,469,3,2609,0,30
1393,282,2,470,2,2611,0,20
1394,282,2,471,2,2613,2,20
1395,282,2,472,8,2621,0,80
1396,282,2,473,5,2626,0,50
1397,282,2,474,6,2632,0,60
1398,282,2,475,9,2641,0,90
1399,282,2,476,6,2647,0,60
1400,282,2,477,5,2652,0,50
1401,282,2,478,8,2660,0,80
1402,282,2,479,6,2666,23,60
1403,282,2,480,3,2669,0,30
1404,282,2,481,8,2677,11,80
1405,282,2,482,8,2685,0,80
1406,282,2,483,2,2687,0,20
1407,282,2,484,9,2696,0,90
1408,282,2,485,8,2704,0,80
1409,282,2,486,4,2708,0,40
1410,282,2,487,9,2717,0,90
1411,282,2,488,8,2725,0,80
1412,282,2,489,3,2728,0,30
1413,282,2,490,7,2735,0,70
1414,282,2,491,5,2740,0,50
1415,282,2,492,7,2747,0,70
1416,282,2,493,7,2754,0,70
1417,282,2,494,9,2763,0,90
1418,282,2,495,7,2770,0,70
1419,282,2,496,9,2779,0,90
1420,282,2,497,8,2787,0,80
1421,282,2,498,7,2794,49,70
1422,282,2,499,5,2799,0,50
1423,282,2,500,6,2805,0,60
1424,282,2,501,3,2808,0,30
1425,282,2,502,6,2814,0,60
1426,282,2,503,6,2820,9,60
1427,282,2,504,3,2823,5,30
1428,282,2,505,8,2831,3,80
1429,282,2,506,9,2840,0,90
1430,282,2,507,2,2842,3,20
1431,282,2,508,8,2850,0,80
1432,282,2,509,7,2857,0,70
1433,282,2,510,7,2864,0,70
1434,282,2,511,8,2872,0,80
1435,282,2,512,8,2880,0,80
1436,282,2,513,8,2888,0,80
1437,282,2,514,3,2891,0,30
1438,282,2,515,4,2895,0,40
1439,282,2,516,6,2901,0,60
1440,282,2,517,3,2904,0,30
1441,282,2,518,6,2910,0,60
1442,282,2,519,4,2914,43,40
1443,282,2,520,4,2918,0,40
1444,282,2,521,2,2920,0,20
1445,282,2,522,5,2925,0,50
1446,282,2,523,5,2930,0,50
1447,282,2,524,3,2933,9,30
1448,282,2,525,6,2939,0,60
1449,282,2,526,8,2947,0,80
1450,282,2,527,2,2949,0,20
1451,282,2,528,6,2955,0,60
1452,282,2,529,2,2957,0,20
1453,282,2,530,4,2961,0,40
1454,282,2,531,2,2963,0,20
1455,282,2,532,6,2969,14,60
1456,282,2,533,9,2978,0,90
1457,282,2,534,4,2982,0,40
1458,282,2,535,2,2984,0,20
1459,282,2,536,6,2990,0,60
1460,282,2,537,3,2993,9,30
1461,282,2,538,8,3001,0,80
1462,282,2,539,2,3003,0,20
1463,282,2,540,7,3010,8,70
1464,282,2,541,2,3012,0,20
1465,282,2,542,4,3016,0,40
1466,282,2,543,4,3020,0,40
1467,282,2,544,8,3028,0,80
1468,282,2,545,2,3030,0,20
1469,282,2,546,4,3034,0,40
1470,282,2,547,8,3042,0,80
1471,282,2,548,5,3047,0,50
1472,282,2,549,4,3051,0,40
1473,282,2,550,3,3054,25,30
1474,282,2,551,9,3063,0,90
1475,282,2,552,2,3065,7,20
1476,282,2,553,6,3071,0,60
1477,282,2,554,8,3079,0,80
1478,282,2,555,2,3081,6,20
1479,282,2,556,7,3088,0,70
1480,282,2,557,4,3092,0,40
1481,282,2,558,2,3094,0,20
1482,282,2,559,5,3099,10,50
1483,282,2,560,5,3104,0,50
1484,282,2,561,9,3113,0,90
1485,282,2,562,3,3116,0,30
1486,282,2,563,6,3122,0,60
1487,282,2,564,8,3130,28,80
1488,282,2,565,8,3138,0,80
1489,282,2,566,8,3146,0,80
1490,282,2,567,7,3153,0,70
1491,282,2,568,2,3155,16,20
1492,282,2,569,3,3158,0,30
1493,282,2,570,5,3163,5,50
1494,282,2,571,6,3169,0,60
1495,282,2,572,6,3175,0,60
1496,282,2,573,2,3177,12,20
1497,282,2,574,5,3182,0,50
1498,282,2,575,9,3191,0,90
1499,282,2,576,5,3196,6,50
1500,282,2,577,9,3205,0,90
1501,282,2,578,6,3211,3,60
1502,282,2,579,2,3213,0,20
1503,282,2,580,2,3215,0,20
1504,282,2,581,6,3221,0,60
1505,282,2,582,2,3223,0,20
1506,282,2,583,9,3232,0,90
1507,282,2,584,3,3235,18,30
1508,282,2,585,2,3237,3,20
1509,282,2,586,9,3246,3,90
1510,282,2,587,6,3252,4,60
1511,282,2,588,5,3257,0,50
1512,282,2,589,8,3265,0,80
1513,282,2,590,3,3268,0,30
1514,282,2,591,7,3275,0,70
1515,282,2,592,2,3277,10,20
1516,282,2,593,4,3281,3,40
1517,282,2,594,5,3286,0,50
1518,282,2,595,7,3293,0,70
1519,282,2,596,3,3296,0,30
1520,282,2,597,2,3298,0,20
1521,282,2,598,2,3300,0,20
1522,282,2,599,3,3303,0,30
1523,282,2,600,3,3306,14,30
1524,282,2,601,5,3311,0,50
1525,282,2,602,9,3320,0,90
1526,282,2,603,9,3329,0,90
1527,282,2,604,8,3337,0,80
1528,282,2,605,7,3344,34,70
1529,282,2,606,8,3352,0,80
1530,282,2,607,6,3358,0,60
1531,282,2,608,5,3363,0,50
1532,282,2,609,2,3365,0,20
1533,282,2,610,4,3369,0,40
1534,282,2,611,3,3372,0,30
1535,282,2,612,9,3381,0,90
1536,282,2,613,5,3386,19,50
1537,282,2,614,3,3389,0,30
1538,282,2,615,5,3394,0,50
1539,282,2,616,4,3398,7,40
1540,282,2,617,6,3404,0,60
1541,282,2,618,9,3413,6,90
1542,282,2,619,5,3418,0,50
1543,282,2,620,4,3422,0,40
1544,282,2,621,3,3425,0,30
1545,282,2,622,3,3428,0,30
1546,282,2,623,3,3431,0,30
1547,282,2,624,6,3437,12,60
1548,282,2,625,4,3441,0,40
1549,282,2,626,5,3446,7,50
1550,282,2,627,5,3451,0,50
1551,282,2,628,2,3453,0,20
1552,282,2,629,8,3461,0,80
1553,282,2,630,9,3470,0,90
1554,282,2,631,3,3473,11,30
1555,282,2,632,2,3475,1,20
1556,282,2,633,7,3482,0,70
1557,282,2,634,5,3487,0,50
1558,282,2,635,5,3492,7,50
1559,282,2,636,3,3495,0,30
1560,282,2,637,7,3502,0,70
1561,282,2,638,6,3508,0,60
1562,282,2,639,7,3515,3,70
1563,282,2,640,8,3523,0,80
1564,282,2,641,9,3532,0,90
1565,282,2,642,9,3541,0,90
1566,282,2,643,9,3550,0,90
1567,282,2,644,8,3558,0,80
1568,282,2,645,9,3567,28,90
1569,282,2,646,8,3575,0,80
1570,282,2,647,7,3582,6,70
1571,282,2,648,7,3589,0,70
1572,282,2,649,2,3591,0,20
1573,282,2,650,7,3598,0,70
1574,282,2,651,7,3605,0,70
1575,282,2,652,8,3613,0,80
1576,282,2,653,8,3621,0,80
1577,282,2,654,7,3628,0,70
1578,282,2,655,5,3633,0,50
1579,282,2,656,2,3635,0,20
1580,282,2,657,2,3637,26,20
1581,282,2,658,8,3645,0,80
1582,282,2,659,4,3649,0,40
1583,282,2,660,6,3655,0,60
1584,282,2,661,9,3664,0,90
1585,282,2,662,3,3667,13,30
1586,282,2,663,4,3671,0,40
1587,282,2,664,2,3673,8,20
1588,282,2,665,6,3679,0,60
1589,282,2,666,9,3688,0,90
1590,282,2,667,2,3690,0,20
1591,282,2,668,4,3694,0,40
1592,282,2,669,9,3703,0,90
1593,282,2,670,6,3709,0,60
1594,282,2,671,3,3712,0,30
1595,282,2,672,5,3717,0,50
1596,282,2,673,9,3726,20,90
1597,282,2,674,3,3729,0,30
1598,282,2,675,2,3731,0,20
1599,282,2,676,5,3736,4,50
1600,282,2,677,3,3739,0,30
1601,282,2,678,4,3743,0,40
1602,282,2,679,8,3751,4,80
1603,282,2,680,7,3758,0,70
1604,282,2,681,9,3767,0,90
1605,282,2,682,8,3775,0,80
1606,282,2,683,9,3784,0,90
1607,282,2,684,9,3793,0,90
1608,282,2,685,2,3795,0,20
1609,282,2,686,5,3800,22,50
1610,282,2,687,5,3805,4,50
1611,282,2,688,4,3809,1,40
1612,282,2,689,6,3815,0,60
1613,282,2,690,5,3820,0,50
1614,282,2,691,9,3829,0,90
1615,282,2,692,4,3833,11,40
1616,282,2,693,6,3839,0,60
1617,282,2,694,2,3841,0,20
1618,282,2,695,7,3848,0,70
1619,282,2,696,5,3853,0,50
1620,282,2,697,8,3861,0,80
1621,282,2,698,9,3870,0,90
1622,282,2,699,9,3879,27,90
1623,282,2,700,2,3881,0,20
1624,282,2,701,8,3889,0,80
1625,282,2,702,7,3896,0,70
1626,282,2,703,3,3899,0,30
1627,282,2,704,2,3901,0,20
1628,282,2,705,5,3906,11,50
1629,282,2,706,9,3915,0,90
1630,282,2,707,2,3917,7,20
1631,282,2,708,6,3923,2,60
1632,282,2,709,2,3925,0,20
1633,282,2,710,8,3933,0,80
1634,282,2,711,6,3939,0,60
1635,282,2,712,8,3947,0,80
1636,282,2,713,3,3950,0,30
1637,282,2,714,3,3953,0,30
1638,282,2,715,9,3962,0,90
1639,282,2,716,4,3966,0,40
1640,282,2,717,2,3968,22,20
1641,282,2,718,5,3973,0,50
1642,282,2,719,8,3981,10,80
1643,282,2,720,6,3987,6,60
1644,282,2,721,7,3994,0,70
1645,282,2,722,2,3996,6,20
1646,282,2,723,5,4001,0,50
1647,282,2,724,5,4006,0,50
1648,282,2,725,3,4009,0,30
1649,282,2,726,4,4013,12,40
1650,282,2,727,2,4015,2,20
1651,282,2,728,7,4022,0,70
1652,282,2,729,4,4026,0,40
1653,282,2,730,4,4030,8,40
1654,282,2,731,2,4032,1,20
1655,282,2,732,9,4041,0,90
1656,282,2,733,6,4047,0,60
1657,282,2,734,2,4049,0,20
1658,282,2,735,7,4056,0,70
1659,282,2,736,7,4063,22,70
1660,282,2,737,4,4067,0,40
1661,282,2,738,5,4072,0,50
1662,282,2,739,4,4076,5,40
1663,282,2,740,4,4080,0,40
1664,282,2,741,6,4086,0,60
1665,282,2,742,6,4092,10,60
1666,282,2,743,7,4099,4,70
1667,282,2,744,9,4108,0,90
1668,282,2,745,2,4110,0,20
1669,282,2,746,3,4113,0,30
1670,282,2,747,2,4115,0,20
1671,282,2,748,2,4117,0,20
1672,282,2,749,4,4121,0,40
1673,282,2,750,5,4126,0,50
1674,282,2,751,5,4131,0,50
1675,282,2,752,7,4138,0,70
1676,282,2,753,2,4140,0,20
1677,282,2,754,2,4142,0,20
1678,282,2,755,9,4151,32,90
1679,282,2,756,6,4157,0,60
1680,282,2,757,4,4161,3,40
1681,282,2,758,9,4170,0,90
1682,282,2,759,3,4173,0,30
1683,282,2,760,3,4176,0,30
1684,282,2,761,8,4184,12,80
1685,282,2,762,9,4193,0,90
1686,282,2,763,5,4198,0,50
1687,282,2,764,8,4206,0,80
1688,282,2,765,7,4213,0,70
1689,282,2,766,8,4221,0,80
1690,282,2,767,6,4227,26,60
1691,282,2,768,2,4229,0,20
1692,282,2,769,8,4237,4,80
1693,282,2,770,7,4244,0,70
1694,282,2,771,6,4250,0,60
1695,282,2,772,3,4253,0,30
1696,282,2,773,7,4260,0,70
1697,282,2,774,4,4264,11,40
1698,282,2,775,3,4267,0,30
1699,282,2,776,5,4272,0,50
1700,282,2,777,6,4278,9,60
1701,282,2,778,5,4283,2,50
1702,282,2,779,5,4288,2,50
1703,282,2,780,2,4290,0,20
1704,282,2,781,6,4296,0,60
1705,282,2,782,5,4301,0,50
1706,282,2,783,9,4310,10,90
1707,282,2,784,6,4316,2,60
1708,282,2,785,9,4325,0,90
1709,282,2,786,5,4330,0,50
1710,282,2,787,8,4338,0,80
1711,282,2,788,2,4340,0,20
1712,282,2,789,6,4346,0,60
1713,282,2,790,9,4355,0,90
1714,282,2,791,2,4357,0,20
1715,282,2,792,8,4365,0,80
1716,282,2,793,2,4367,0,20
1717,282,2,794,5,4372,0,50
1718,282,2,795,8,4380,0,80
1719,282,2,796,6,4386,0,60
1720,282,2,797,9,4395,0,90
1721,282,2,798,4,4399,36,40
1722,282,2,799,6,4405,0,60
1723,282,2,800,4,4409,0,40
1724,282,2,801,2,4411,0,20
1725,282,2,802,2,4413,0,20
1726,282,2,803,4,4417,0,40
1727,282,2,804,7,4424,0,70
1728,282,2,805,4,4428,0,40
1729,282,2,806,6,4434,0,60
1730,282,2,807,7,4441,0,70
1731,282,2,808,9,4450,0,90
1732,282,2,809,2,4452,0,20
1733,282,2,810,6,4458,0,60
1734,282,2,811,8,4466,32,80
1735,282,2,812,9,4475,0,90
1736,282,2,813,6,4481,7,60
1737,282,2,814,6,4487,0,60
1738,282,2,815,7,4494,0,70
1739,282,2,816,8,4502,12,80
1740,282,2,817,8,4510,0,80
1741,282,2,818,4,4514,0,40
1742,282,2,819,8,4522,10,80
1743,282,2,820,6,4528,1,60
1744,282,2,821,6,4534,2,60
1745,282,2,822,7,4541,0,70
1746,282,2,823,2,4543,0,20
1747,282,2,824,7,4550,0,70
1748,282,2,825,7,4557,0,70
1749,282,2,826,8,4565,0,80
1750,282,2,827,7,4572,0,70
1751,282,2,828,2,4574,0,20
1752,282,2,829,9,4583,0,90
1753,282,2,830,4,4587,0,40
1754,282,2,831,4,4591,0,40
1755,282,2,832,5,4596,28,50
1756,282,2,833,9,4605,0,90
1757,282,2,834,5,4610,9,50
1758,282,2,835,3,4613,0,30
1759,282,2,836,2,4615,5,20
1760,282,2,837,7,4622,0,70
1761,282,2,838,4,4626,0,40
1762,282,2,839,7,4633,0,70
1763,282,2,840,2,4635,0,20
1764,282,2,841,6,4641,0,60
1765,282,2,842,6,4647,0,60
1766,282,2,843,4,4651,0,40
1767,282,2,844,8,4659,0,80
1768,282,2,845,3,4662,0,30
1769,282,2,846,7,4669,0,70
1770,282,2,847,9,4678,0,90
1771,282,2,848,9,4687,0,90
1772,282,2,849,8,4695,0,80
1773,282,2,850,7,4702,0,70
1774,282,2,851,8,4710,0,80
1775,282,2,852,2,4712,0,20
1776,282,2,853,3,4715,0,30
1777,282,2,854,8,4723,0,80
1778,282,2,855,5,4728,0,50
1779,282,2,856,8,4736,70,80
1780,282,2,857,9,4745,0,90
1781,282,2,858,5,4750,0,50
1782,282,2,859,8,4758,18,80
1783,282,2,860,4,4762,3,40
1784,282,2,861,9,4771,0,90
1785,282,2,862,9,4780,0,90
1786,282,2,863,5,4785,0,50
1787,282,2,864,8,4793,0,80
1788,282,2,865,7,4800,0,70
1789,282,2,866,2,4802,0,20
1790,282,2,867,5,4807,0,50
1791,282,2,868,5,4812,0,50
1792,282,2,869,3,4815,0,30
1793,282,2,870,2,4817,0,20
1794,282,2,871,5,4822,0,50
1795,282,2,872,5,4827,0,50
1796,282,2,873,6,4833,0,60
1797,282,2,874,7,4840,0,70
1798,282,2,875,9,4849,0,90
1799,282,2,876,2,4851,0,20
1800,282,2,877,6,4857,59,60
1801,282,2,878,4,4861,0,40
1802,282,2,879,2,4863,0,20
1803,282,2,880,3,4866,3,30
1804,282,2,881,9,4875,7,90
1805,282,2,882,5,4880,0,50
1806,282,2,883,6,4886,0,60
1807,282,2,884,5,4891,0,50
1808,282,2,885,4,4895,0,40
1809,282,2,886,4,4899,0,40
1810,282,2,887,8,4907,0,80
1811,282,2,888,4,4911,0,40
1812,282,2,889,3,4914,20,30
1813,282,2,890,2,4916,0,20
1814,282,2,891,7,4923,0,70
1815,282,2,892,7,4930,0,70
1816,282,2,893,4,4934,0,40
1817,282,2,894,9,4943,0,90
1818,282,2,895,8,4951,0,80
1819,282,2,896,4,4955,0,40
1820,282,2,897,5,4960,0,50
1821,282,2,898,5,4965,0,50
1822,282,2,899,6,4971,0,60
1823,282,2,900,4,4975,0,40
1824,282,2,901,5,4980,31,50
1825,282,2,902,6,4986,0,60
1826,282,2,903,7,4993,0,70
1827,282,3,1,3,3,0,30
1828,282,3,2,2,5,3,20
1829,282,3,3,7,12,0,70
1830,282,3,4,2,14,0,20
1831,282,3,5,7,21,0,70
1832,282,3,6,5,26,13,50
1833,282,3,7,7,33,0,70
1834,282,3,8,4,37,0,40
1835,282,3,9,5,42,6,50
1836,282,3,10,4,46,0,40
1837,282,3,11,4,50,0,40
1838,282,3,12,3,53,0,30
1839,282,3,13,6,59,0,60
1840,282,3,14,3,62,0,30
1841,282,3,15,5,67,0,50
1842,282,3,16,9,76,0,90
1843,282,3,17,3,79,0,30
1844,282,3,18,5,84,0,50
1845,282,3,19,5,89,0,50
1846,282,3,20,9,98,0,90
1847,282,3,21,8,106,0,80
1848,282,3,22,2,108,0,20
1849,282,3,23,6,114,0,60
1850,282,3,24,4,118,46,40
1851,282,3,25,4,122,0,40
1852,282,3,26,9,131,2,90
1853,282,3,27,6,137,0,60
1854,282,3,28,4,141,0,40
1855,282,3,29,2,143,0,20
1856,282,3,30,6,149,0,60
1857,282,3,31,7,156,0,70
1858,282,3,32,5,161,0,50
1859,282,3,33,9,170,0,90
1860,282,3,34,6,176,0,60
1861,282,3,35,3,179,0,30
1862,282,3,36,9,188,0,90
1863,282,3,37,6,194,0,60
1864,282,3,38,6,200,39,60
1865,282,3,39,6,206,0,60
1866,282,3,40,6,212,0,60
1867,282,3,41,7,219,0,70
1868,282,3,42,2,221,0,20
1869,282,3,43,5,226,0,50
1870,282,3,44,7,233,18,70
1871,282,3,45,4,237,0,40
1872,282,3,46,6,243,0,60
1873,282,3,47,5,248,0,50
1874,282,3,48,6,254,8,60
1875,282,3,49,7,261,3,70
1876,282,3,50,2,263,0,20
1877,282,3,51,6,269,0,60
1878,282,3,52,5,274,0,50
1879,282,3,53,2,276,6,20
1880,282,3,54,5,281,4,50
1881,282,3,55,8,289,3,80
1882,282,3,56,5,294,4,50
1883,282,3,57,9,303,0,90
1884,282,3,58,9,312,0,90
1885,282,3,59,6,318,10,60
1886,282,3,60,7,325,0,70
1887,282,3,61,2,327,0,20
1888,282,3,62,6,333,0,60
1889,282,3,63,6,339,0,60
1890,282,3,64,2,341,0,20
1891,282,3,65,8,349,0,80
1892,282,3,66,4,353,0,40
1893,282,3,67,4,357,17,40
1894,282,3,68,3,360,0,30
1895,282,3,69,8,368,0,80
1896,282,3,70,9,377,0,90
1897,282,3,71,3,380,0,30
1898,282,3,72,8,388,0,80
1899,282,3,73,7,395,0,70
1900,282,3,74,9,404,0,90
1901,282,3,75,9,413,0,90
1902,282,3,76,8,421,0,80
1903,282,3,77,6,427,0,60
1904,282,3,78,5,432,0,50
1905,282,3,79,6,438,0,60
1906,282,3,80,6,444,54,60
1907,282,3,81,4,448,1,40
1908,282,3,82,5,453,3,50
1909,282,3,83,7,460,0,70
1910,282,3,84,3,463,0,30
1911,282,3,85,4,467,0,40
1912,282,3,86,3,470,0,30
1913,282,3,87,6,476,0,60
1914,282,3,88,5,481,0,50
1915,282,3,89,9,490,0,90
1916,282,3,90,3,493,0,30
1917,282,3,91,4,497,28,40
1918,282,3,92,8,505,0,80
1919,282,3,93,3,508,0,30
1920,282,3,94,8,516,14,80
1921,282,3,95,9,525,0,90
1922,282,3,96,6,531,0,60
1923,282,3,97,2,533,0,20
1924,282,3,98,3,536,0,30
1925,282,3,99,5,541,0,50
1926,282,3,100,9,550,8,90
1927,282,3,101,5,555,3,50
1928,282,3,102,3,558,0,30
1929,282,3,103,7,565,3,70
1930,282,3,104,3,568,0,30
1931,282,3,105,2,570,0,20
1932,282,3,106,3,573,0,30
1933,282,3,107,5,578,0,50
1934,282,3,108,4,582,0,40
1935,282,3,109,5,587,0,50
1936,282,3,110,9,596,0,90
1937,282,3,111,8,604,0,80
1938,282,3,112,3,607,20,30
1939,282,3,113,2,609,0,20
1940,282,3,114,2,611,0,20
1941,282,3,115,6,617,0,60
1942,282,3,116,8,625,0,80
1943,282,3,117,8,633,0,80
1944,282,3,118,8,641,0,80
1945,282,3,119,4,645,0,40
1946,282,3,120,6,651,0,60
1947,282,3,121,5,656,0,50
1948,282,3,122,2,658,0,20
1949,282,3,123,3,661,33,30
1950,282,3,124,7,668,3,70
1951,282,3,125,3,671,0,30
1952,282,3,126,4,675,2,40
1953,282,3,127,9,684,10,90
1954,282,3,128,6,690,0,60
1955,282,3,129,2,692,3,20
1956,282,3,130,2,694,0,20
1957,282,3,131,4,698,3,40
1958,282,3,132,5,703,0,50
1959,282,3,133,3,706,0,30
1960,282,3,134,8,714,2,80
1961,282,3,135,2,716,1,20
1962,282,3,136,7,723,0,70
1963,282,3,137,9,732,0,90
1964,282,3,138,3,735,0,30
1965,282,3,139,8,743,0,80
1966,282,3,140,4,747,19,40
1967,282,3,141,9,756,0,90
1968,282,3,142,2,758,0,20
1969,282,3,143,3,761,0,30
1970,282,3,144,3,764,0,30
1971,282,3,145,7,771,4,70
1972,282,3,146,6,777,0,60
1973,282,3,147,8,785,0,80
1974,282,3,148,3,788,0,30
1975,282,3,149,9,797,0,90
1976,282,3,150,2,799,0,20
1977,282,3,151,7,806,0,70
1978,282,3,152,3,809,0,30
1979,282,3,153,7,816,0,70
1980,282,3,154,4,820,0,40
1981,282,3,155,3,823,0,30
1982,282,3,156,8,831,0,80
1983,282,3,157,9,840,25,90
1984,282,3,158,9,849,0,90
1985,282,3,159,2,851,0,20
1986,282,3,160,5,856,0,50
1987,282,3,161,6,862,0,60
1988,282,3,162,6,868,16,60
1989,282,3,163,8,876,0,80
1990,282,3,164,9,885,0,90
1991,282,3,165,8,893,0,80
1992,282,3,166,3,896,11,30
1993,282,3,167,2,898,0,20
1994,282,3,168,2,900,0,20
1995,282,3,169,8,908,0,80
1996,282,3,170,5,913,13,50
1997,282,3,171,4,917,0,40
1998,282,3,172,5,922,0,50
1999,282,3,173,7,929,8,70
2000,282,3,174,2,931,0,20
2001,282,3,175,6,937,0,60
2002,282,3,176,9,946,0,90
2003,282,3,177,8,954,10,80
2004,282,3,178,8,962,0,80
2005,282,3,179,7,969,1,70
2006,282,3,180,6,975,4,60
2007,282,3,181,6,981,0,60
2008,282,3,182,8,989,6,80
2009,282,3,183,5,994,0,50
2010,282,3,184,8,1002,0,80
2011,282,3,185,4,1006,0,40
2012,282,3,186,5,1011,12,50
2013,282,3,187,2,1013,0,20
2014,282,3,188,2,1015,3,20
2015,282,3,189,7,1022,0,70
2016,282,3,190,2,1024,0,20
2017,282,3,191,9,1033,0,90
2018,282,3,192,3,1036,8,30
2019,282,3,193,7,1043,0,70
2020,282,3,194,9,1052,0,90
2021,282,3,195,8,1060,16,80
2022,282,3,196,7,1067,0,70
2023,282,3,197,7,1074,0,70
2024,282,3,198,3,1077,0,30
2025,282,3,199,8,1085,0,80
2026,282,3,200,9,1094,0,90
2027,282,3,201,5,1099,0,50
2028,282,3,202,5,1104,0,50
2029,282,3,203,6,1110,0,60
2030,282,3,204,3,1113,25,30
2031,282,3,205,8,1121,1,80
2032,282,3,206,9,1130,9,90
2033,282,3,207,8,1138,0,80
2034,282,3,208,2,1140,0,20
2035,282,3,209,8,1148,0,80
2036,282,3,210,4,1152,0,40
2037,282,3,211,5,1157,9,50
2038,282,3,212,4,1161,0,40
2039,282,3,213,9,1170,0,90
2040,282,3,214,3,1173,0,30
2041,282,3,215,9,1182,0,90
2042,282,3,216,8,1190,0,80
2043,282,3,217,6,1196,20,60
2044,282,3,218,5,1201,0,50
2045,282,3,219,7,1208,0,70
2046,282,3,220,9,1217,8,90
2047,282,3,221,3,1220,0,30
2048,282,3,222,4,1224,0,40
2049,282,3,223,8,1232,0,80
2050,282,3,224,2,1234,0,20
2051,282,3,225,4,1238,0,40
2052,282,3,226,4,1242,0,40
2053,282,3,227,8,1250,16,80
2054,282,3,228,2,1252,0,20
2055,282,3,229,5,1257,0,50
2056,282,3,230,6,1263,0,60
2057,282,3,231,2,1265,0,20
2058,282,3,232,3,1268,0,30
2059,282,3,233,9,1277,14,90
2060,282,3,234,8,1285,0,80
2061,282,3,235,2,1287,0,20
2062,282,3,236,8,1295,0,80
2063,282,3,237,5,1300,0,50
2064,282,3,238,7,1307,0,70
2065,282,3,239,2,1309,0,20
2066,282,3,240,5,1314,0,50
2067,282,3,241,7,1321,0,70
2068,282,3,242,9,1330,0,90
2069,282,3,243,3,1333,28,30
2070,282,3,244,2,1335,0,20
2071,282,3,245,5,1340,0,50
2072,282,3,246,4,1344,0,40
2073,282,3,247,9,1353,0,90
2074,282,3,248,4,1357,0,40
2075,282,3,249,7,1364,11,70
2076,282,3,250,6,1370,0,60
2077,282,3,251,7,1377,7,70
2078,282,3,252,5,1382,1,50
2079,282,3,253,5,1387,0,50
2080,282,3,254,9,1396,0,90
2081,282,3,255,2,1398,0,20
2082,282,3,256,9,1407,13,90
2083,282,3,257,6,1413,0,60
2084,282,3,258,5,1418,10,50
2085,282,3,259,3,1421,0,30
2086,282,3,260,7,1428,0,70
2087,282,3,261,2,1430,0,20
2088,282,3,262,5,1435,0,50
2089,282,3,263,8,1443,0,80
2090,282,3,264,2,1445,0,20
2091,282,3,265,5,1450,0,50
2092,282,3,266,8,1458,0,80
2093,282,3,267,2,1460,25,20
2094,282,3,268,4,1464,0,40
2095,282,3,269,2,1466,2,20
2096,282,3,270,5,1471,0,50
2097,282,3,271,4,1475,3,40
2098,282,3,272,3,1478,0,30
2099,282,3,273,4,1482,0,40
2100,282,3,274,4,1486,0,40
2101,282,3,275,5,1491,5,50
2102,282,3,276,3,1494,0,30
2103,282,3,277,4,1498,4,40
2104,282,3,278,9,1507,0,90
2105,282,3,279,2,1509,6,20
2106,282,3,280,7,1516,0,70
2107,282,3,281,6,1522,6,60
2108,282,3,282,8,1530,0,80
2109,282,3,283,3,1533,0,30
2110,282,3,284,2,1535,8,20
2111,282,3,285,8,1543,0,80
2112,282,3,286,9,1552,0,90
2113,282,3,287,6,1558,0,60
2114,282,3,288,8,1566,0,80
2115,282,3,289,9,1575,0,90
2116,282,3,290,5,1580,0,50
2117,282,3,291,4,1584,0,40
2118,282,3,292,2,1586,22,20
2119,282,3,293,8,1594,0,80
2120,282,3,294,9,1603,0,90
2121,282,3,295,3,1606,13,30
2122,282,3,296,8,1614,0,80
2123,282,3,297,4,1618,0,40
2124,282,3,298,3,1621,0,30
2125,282,3,299,5,1626,0,50
2126,282,3,300,6,1632,0,60
2127,282,3,301,7,1639,0,70
2128,282,3,302,4,1643,0,40
2129,282,3,303,7,1650,22,70
2130,282,3,304,6,1656,5,60
2131,282,3,305,2,1658,0,20
2132,282,3,306,3,1661,0,30
2133,282,3,307,2,1663,0,20
2134,282,3,308,6,1669,0,60
2135,282,3,309,8,1677,0,80
2136,282,3,310,9,1686,0,90
2137,282,3,311,5,1691,0,50
2138,282,3,312,6,1697,0,60
2139,282,3,313,9,1706,33,90
2140,282,3,314,6,1712,0,60
2141,282,3,315,4,1716,5,40
2142,282,3,316,9,1725,0,90
2143,282,3,317,2,1727,5,20
2144,282,3,318,9,1736,0,90
2145,282,3,319,8,1744,0,80
2146,282,3,320,4,1748,0,40
2147,282,3,321,2,1750,0,20
2148,282,3,322,9,1759,0,90
2149,282,3,323,9,1768,0,90
2150,282,3,324,8,1776,0,80
2151,282,3,325,6,1782,0,60
2152,282,3,326,4,1786,26,40
2153,282,3,327,6,1792,0,60
2154,282,3,328,4,1796,0,40
2155,282,3,329,3,1799,0,30
2156,282,3,330,9,1808,0,90
2157,282,3,331,5,1813,0,50
2158,282,3,332,9,1822,20,90
2159,282,3,333,9,1831,0,90
2160,282,3,334,8,1839,0,80
2161,282,3,335,7,1846,0,70
2162,282,3,336,9,1855,9,90
2163,282,3,337,3,1858,0,30
2164,282,3,338,5,1863,0,50
2165,282,3,339,7,1870,0,70
2166,282,3,340,9,1879,14,90
2167,282,3,341,2,1881,0,20
2168,282,3,342,8,1889,0,80
2169,282,3,343,2,1891,0,20
2170,282,3,344,9,1900,0,90
2171,282,3,345,8,1908,0,80
2172,282,3,346,8,1916,0,80
2173,282,3,347,8,1924,16,80
2174,282,3,348,8,1932,0,80
2175,282,3,349,6,1938,0,60
2176,282,3,350,4,1942,0,40
2177,282,3,351,2,1944,12,20
2178,282,3,352,2,1946,0,20
2179,282,3,353,4,1950,1,40
2180,282,3,354,5,1955,0,50
2181,282,3,355,2,1957,0,20
2182,282,3,356,8,1965,5,80
2183,282,3,357,3,1968,0,30
2184,282,3,358,9,1977,0,90
2185,282,3,359,2,1979,0,20
2186,282,3,360,8,1987,0,80
2187,282,3,361,3,1990,0,30
2188,282,3,362,6,1996,0,60
2189,282,3,363,7,2003,0,70
2190,282,3,364,7,2010,0,70
2191,282,3,365,6,2016,0,60
2192,282,3,366,4,2020,0,40
2193,282,3,367,4,2024,0,40
2194,282,3,368,8,2032,0,80
2195,282,3,369,9,2041,0,90
2196,282,3,370,7,2048,0,70
2197,282,3,371,2,2050,0,20
2198,282,3,372,5,2055,0,50
2199,282,3,373,7,2062,0,70
2200,282,3,374,7,2069,0,70
2201,282,3,375,6,2075,0,60
2202,282,3,376,5,2080,0,50
2203,282,3,377,9,2089,0,90
2204,282,3,378,7,2096,0,70
2205,282,3,379,9,2105,0,90
2206,282,3,380,9,2114,0,90
2207,282,3,381,2,2116,0,20
2208,282,3,382,9,2125,0,90
2209,282,3,383,2,2127,0,20
2210,282,3,384,8,2135,72,80
2211,282,3,385,2,2137,0,20
2212,282,3,386,6,2143,0,60
2213,282,3,387,8,2151,0,80
2214,282,3,388,7,2158,0,70
2215,282,3,389,8,2166,0,80
2216,282,3,390,6,2172,0,60
2217,282,3,391,6,2178,14,60
2218,282,3,392,8,2186,1,80
2219,282,3,393,7,2193,0,70
2220,282,3,394,3,2196,0,30
2221,282,3,395,9,2205,0,90
2222,282,3,396,5,2210,0,50
2223,282,3,397,3,2213,0,30
2224,282,3,398,4,2217,0,40
2225,282,3,399,3,2220,20,30
2226,282,3,400,9,2229,0,90
2227,282,3,401,9,2238,0,90
2228,282,3,402,4,2242,13,40
2229,282,3,403,6,2248,6,60
2230,282,3,404,3,2251,0,30
2231,282,3,405,2,2253,0,20
2232,282,3,406,7,2260,8,70
2233,282,3,407,8,2268,0,80
2234,282,3,408,9,2277,0,90
2235,282,3,409,2,2279,0,20
2236,282,3,410,2,2281,0,20
2237,282,3,411,7,2288,0,70
2238,282,3,412,4,2292,6,40
2239,282,3,413,3,2295,2,30
2240,282,3,414,7,2302,6,70
2241,282,3,415,3,2305,0,30
2242,282,3,416,9,2314,0,90
2243,282,3,417,2,2316,0,20
2244,282,3,418,9,2325,11,90
2245,282,3,419,4,2329,0,40
2246,282,3,420,4,2333,0,40
2247,282,3,421,7,2340,0,70
2248,282,3,422,6,2346,0,60
2249,282,3,423,5,2351,0,50
2250,282,3,424,8,2359,0,80
2251,282,3,425,5,2364,0,50
2252,282,3,426,2,2366,0,20
2253,282,3,427,6,2372,20,60
2254,282,3,428,6,2378,0,60
2255,282,3,429,4,2382,0,40
2256,282,3,430,3,2385,0,30
2257,282,3,431,3,2388,8,30
2258,282,3,432,7,2395,5,70
2259,282,3,433,9,2404,4,90
2260,282,3,434,3,2407,1,30
2261,282,3,435,8,2415,0,80
2262,282,3,436,8,2423,0,80
2263,282,3,437,2,2425,9,20
2264,282,3,438,3,2428,0,30
2265,282,3,439,7,2435,0,70
2266,282,3,440,3,2438,0,30
2267,282,3,441,4,2442,0,40
2268,282,3,442,7,2449,0,70
2269,282,3,443,6,2455,0,60
2270,282,3,444,5,2460,9,50
2271,282,3,445,6,2466,3,60
2272,282,3,446,5,2471,3,50
2273,282,3,447,4,2475,0,40
2274,282,3,448,3,2478,2,30
2275,282,3,449,8,2486,0,80
2276,282,3,450,6,2492,0,60
2277,282,3,451,3,2495,0,30
2278,282,3,452,7,2502,9,70
2279,282,3,453,4,2506,0,40
2280,282,3,454,6,2512,0,60
2281,282,3,455,7,2519,0,70
2282,282,3,456,9,2528,0,90
2283,282,3,457,6,2534,0,60
2284,282,3,458,8,2542,0,80
2285,282,3,459,7,2549,0,70
2286,282,3,460,2,2551,21,20
2287,282,3,461,2,2553,0,20
2288,282,3,462,5,2558,0,50
2289,282,3,463,8,2566,0,80
2290,282,3,464,2,2568,10,20
2291,282,3,465,5,2573,0,50
2292,282,3,466,9,2582,0,90
2293,282,3,467,2,2584,8,20
2294,282,3,468,2,2586,0,20
2295,282,3,469,4,2590,0,40
2296,282,3,470,7,2597,0,70
2297,282,3,471,3,2600,10,30
2298,282,3,472,3,2603,0,30
2299,282,3,473,9,2612,0,90
2300,282,3,474,2,2614,0,20
2301,282,3,475,2,2616,7,20
2302,282,3,476,5,2621,0,50
2303,282,3,477,7,2628,0,70
2304,282,3,478,4,2632,0,40
2305,282,3,479,9,2641,0,90
2306,282,3,480,6,2647,0,60
2307,282,3,481,9,2656,0,90
2308,282,3,482,9,2665,26,90
2309,282,3,483,3,2668,0,30
2310,282,3,484,8,2676,4,80
2311,282,3,485,8,2684,2,80
2312,282,3,486,2,2686,0,20
2313,282,3,487,5,2691,0,50
2314,282,3,488,5,2696,0,50
2315,282,3,489,3,2699,5,30
2316,282,3,490,6,2705,0,60
2317,282,3,491,5,2710,0,50
2318,282,3,492,8,2718,0,80
2319,282,3,493,8,2726,0,80
2320,282,3,494,2,2728,13,20
2321,282,3,495,9,2737,0,90
2322,282,3,496,6,2743,0,60
2323,282,3,497,9,2752,13,90
2324,282,3,498,7,2759,3,70
2325,282,3,499,7,2766,0,70
2326,282,3,500,7,2773,0,70
2327,282,3,501,7,2780,0,70
2328,282,3,502,4,2784,0,40
2329,282,3,503,6,2790,16,60
2330,282,3,504,9,2799,0,90
2331,282,3,505,2,2801,0,20
2332,282,3,506,6,2807,0,60
2333,282,3,507,9,2816,0,90
2334,282,3,508,5,2821,14,50
2335,282,3,509,5,2826,0,50
2336,282,3,510,6,2832,4,60
2337,282,3,511,3,2835,0,30
2338,282,3,512,5,2840,3,50
2339,282,3,513,5,2845,0,50
2340,282,3,514,5,2850,0,50
2341,282,3,515,6,2856,0,60
2342,282,3,516,5,2861,0,50
2343,282,3,517,7,2868,0,70
2344,282,3,518,3,2871,0,30
2345,282,3,519,3,2874,0,30
2346,282,3,520,9,2883,18,90
2347,282,3,521,5,2888,0,50
2348,282,3,522,2,2890,0,20
2349,282,3,523,4,2894,9,40
2350,282,3,524,7,2901,0,70
2351,282,3,525,2,2903,0,20
2352,282,3,526,9,2912,0,90
2353,282,3,527,4,2916,0,40
2354,282,3,528,5,2921,0,50
2355,282,3,529,3,2924,0,30
2356,282,3,530,3,2927,0,30
2357,282,3,531,8,2935,0,80
2358,282,3,532,2,2937,0,20
2359,282,3,533,4,2941,35,40
2360,282,3,534,2,2943,0,20
2361,282,3,535,2,2945,0,20
2362,282,3,536,5,2950,0,50
2363,282,3,537,7,2957,5,70
2364,282,3,538,9,2966,2,90
2365,282,3,539,2,2968,0,20
2366,282,3,540,8,2976,0,80
2367,282,3,541,9,2985,0,90
2368,282,3,542,2,2987,0,20
2369,282,3,543,8,2995,20,80
2370,282,3,544,8,3003,0,80
2371,282,3,545,4,3007,0,40
2372,282,3,546,3,3010,0,30
2373,282,3,547,8,3018,0,80
2374,282,3,548,7,3025,0,70
2375,282,3,549,5,3030,0,50
2376,282,3,550,6,3036,0,60
2377,282,3,551,9,3045,0,90
2378,282,3,552,9,3054,0,90
2379,282,3,553,4,3058,26,40
2380,282,3,554,8,3066,0,80
2381,282,3,555,5,3071,0,50
2382,282,3,556,5,3076,0,50
2383,282,3,557,8,3084,11,80
2384,282,3,558,9,3093,0,90
2385,282,3,559,5,3098,0,50
2386,282,3,560,5,3103,0,50
2387,282,3,561,6,3109,0,60
2388,282,3,562,5,3114,0,50
2389,282,3,563,2,3116,19,20
2390,282,3,564,7,3123,5,70
2391,282,3,565,4,3127,2,40
2392,282,3,566,4,3131,0,40
2393,282,3,567,3,3134,0,30
2394,282,3,568,9,3143,4,90
2395,282,3,569,5,3148,0,50
2396,282,3,570,2,3150,0,20
2397,282,3,571,3,3153,9,30
2398,282,3,572,6,3159,0,60
2399,282,3,573,9,3168,0,90
2400,282,3,574,5,3173,0,50
2401,282,3,575,9,3182,16,90
2402,282,3,576,5,3187,0,50
2403,282,3,577,2,3189,0,20
2404,282,3,578,2,3191,0,20
2405,282,3,579,6,3197,0,60
2406,282,3,580,2,3199,0,20
2407,282,3,581,4,3203,0,40
2408,282,3,582,8,3211,0,80
2409,282,3,583,6,3217,0,60
2410,282,3,584,8,3225,27,80
2411,282,3,585,5,3230,0,50
2412,282,3,586,8,3238,0,80
2413,282,3,587,2,3240,0,20
2414,282,3,588,2,3242,0,20
2415,282,3,589,5,3247,0,50
2416,282,3,590,3,3250,0,30
2417,282,3,591,3,3253,0,30
2418,282,3,592,2,3255,9,20
2419,282,3,593,8,3263,0,80
2420,282,3,594,2,3265,0,20
2421,282,3,595,3,3268,5,30
2422,282,3,596,3,3271,0,30
2423,282,3,597,4,3275,0,40
2424,282,3,598,9,3284,10,90
2425,282,3,599,8,3292,0,80
2426,282,3,600,3,3295,0,30
2427,282,3,601,3,3298,0,30
2428,282,3,602,7,3305,10,70
2429,282,3,603,5,3310,0,50
2430,282,3,604,5,3315,4,50
2431,282,3,605,7,3322,2,70
2432,282,3,606,2,3324,0,20
2433,282,3,607,3,3327,0,30
2434,282,3,608,8,3335,0,80
2435,282,3,609,9,3344,0,90
2436,282,3,610,7,3351,0,70
2437,282,3,611,3,3354,0,30
2438,282,3,612,5,3359,15,50
2439,282,3,613,8,3367,8,80
2440,282,3,614,7,3374,0,70
2441,282,3,615,6,3380,0,60
2442,282,3,616,4,3384,8,40
2443,282,3,617,2,3386,0,20
2444,282,3,618,9,3395,4,90
2445,282,3,619,3,3398,0,30
2446,282,3,620,9,3407,0,90
2447,282,3,621,6,3413,0,60
2448,282,3,622,2,3415,0,20
2449,282,3,623,7,3422,0,70
2450,282,3,624,6,3428,0,60
2451,282,3,625,4,3432,0,40
2452,282,3,626,6,3438,0,60
2453,282,3,627,9,3447,0,90
2454,282,3,628,3,3450,0,30
2455,282,3,629,6,3456,0,60
2456,282,3,630,8,3464,0,80
2457,282,3,631,2,3466,0,20
2458,282,3,632,8,3474,0,80
2459,282,3,633,2,3476,0,20
2460,282,3,634,8,3484,0,80
2461,282,3,635,2,3486,0,20
2462,282,3,636,7,3493,0,70
2463,282,3,637,3,3496,0,30
2464,282,3,638,2,3498,0,20
2465,282,3,639,8,3506,0,80
2466,282,3,640,8,3514,54,80
2467,282,3,641,5,3519,0,50
2468,282,3,642,6,3525,0,60
2469,282,3,643,8,3533,0,80
2470,282,3,644,3,3536,10,30
2471,282,3,645,6,3542,0,60
2472,282,3,646,7,3549,8,70
2473,282,3,647,2,3551,0,20
2474,282,3,648,7,3558,7,70
2475,282,3,649,8,3566,0,80
2476,282,3,650,6,3572,4,60
2477,282,3,651,8,3580,1,80
2478,282,3,652,6,3586,0,60
2479,282,3,653,8,3594,0,80
2480,282,3,654,4,3598,0,40
2481,282,3,655,4,3602,0,40
2482,282,3,656,2,3604,0,20
2483,282,3,657,8,3612,0,80
2484,282,3,658,5,3617,0,50
2485,282,3,659,6,3623,0,60
2486,282,3,660,8,3631,0,80
2487,282,3,661,9,3640,43,90
2488,282,3,662,7,3647,0,70
2489,282,3,663,4,3651,0,40
2490,282,3,664,5,3656,0,50
2491,282,3,665,8,3664,0,80
2492,282,3,666,7,3671,12,70
2493,282,3,667,6,3677,0,60
2494,282,3,668,9,3686,0,90
2495,282,3,669,7,3693,0,70
2496,282,3,670,6,3699,0,60
2497,282,3,671,2,3701,16,20
2498,282,3,672,7,3708,7,70
2499,282,3,673,8,3716,0,80
2500,282,3,674,5,3721,0,50
2501,282,3,675,8,3729,0,80
2502,282,3,676,9,3738,0,90
2503,282,3,677,3,3741,0,30
2504,282,3,678,8,3749,0,80
2505,282,3,679,6,3755,0,60
2506,282,3,680,5,3760,0,50
2507,282,3,681,6,3766,20,60
2508,282,3,682,8,3774,0,80
2509,282,3,683,9,3783,0,90
2510,282,3,684,6,3789,0,60
2511,282,3,685,3,3792,0,30
2512,282,3,686,9,3801,0,90
2513,282,3,687,2,3803,0,20
2514,282,3,688,8,3811,0,80
2515,282,3,689,6,3817,33,60
2516,282,3,690,3,3820,0,30
2517,282,3,691,2,3822,0,20
2518,282,3,692,4,3826,0,40
2519,282,3,693,8,3834,0,80
2520,282,3,694,4,3838,0,40
2521,282,3,695,3,3841,11,30
2522,282,3,696,8,3849,7,80
2523,282,3,697,3,3852,0,30
2524,282,3,698,8,3860,0,80
2525,282,3,699,8,3868,7,80
2526,282,3,700,9,3877,0,90
2527,282,3,701,3,3880,0,30
2528,282,3,702,8,3888,0,80
2529,282,3,703,7,3895,15,70
2530,282,3,704,8,3903,0,80
2531,282,3,705,8,3911,0,80
2532,282,3,706,3,3914,6,30
2533,282,3,707,8,3922,0,80
2534,282,3,708,6,3928,0,60
2535,282,3,709,3,3931,0,30
2536,282,3,710,2,3933,0,20
2537,282,3,711,8,3941,0,80
2538,282,3,712,3,3944,21,30
2539,282,3,713,5,3949,0,50
2540,282,3,714,3,3952,0,30
2541,282,3,715,6,3958,7,60
2542,282,3,716,2,3960,0,20
2543,282,3,717,6,3966,0,60
2544,282,3,718,8,3974,0,80
2545,282,3,719,9,3983,0,90
2546,282,3,720,2,3985,0,20
2547,282,3,721,7,3992,0,70
2548,282,3,722,4,3996,29,40
2549,282,3,723,7,4003,0,70
2550,282,3,724,7,4010,11,70
2551,282,3,725,4,4014,4,40
2552,282,3,726,3,4017,0,30
2553,282,3,727,3,4020,0,30
2554,282,3,728,6,4026,0,60
2555,282,3,729,4,4030,0,40
2556,282,3,730,2,4032,0,20
2557,282,3,731,9,4041,0,90
2558,282,3,732,3,4044,0,30
2559,282,3,733,3,4047,0,30
2560,282,3,734,4,4051,15,40
2561,282,3,735,7,4058,0,70
2562,282,3,736,4,4062,7,40
2563,282,3,737,5,4067,0,50
2564,282,3,738,7,4074,0,70
2565,282,3,739,7,4081,0,70
2566,282,3,740,8,4089,0,80
2567,282,3,741,2,4091,0,20
2568,282,3,742,9,4100,0,90
2569,282,3,743,2,4102,0,20
2570,282,3,744,4,4106,26,40
2571,282,3,745,5,4111,2,50
2572,282,3,746,5,4116,0,50
2573,282,3,747,6,4122,0,60
2574,282,3,748,6,4128,13,60
2575,282,3,749,9,4137,0,90
2576,282,3,750,8,4145,0,80
2577,282,3,751,8,4153,0,80
2578,282,3,752,4,4157,0,40
2579,282,3,753,8,4165,0,80
2580,282,3,754,8,4173,0,80
2581,282,3,755,5,4178,0,50
2582,282,3,756,8,4186,0,80
2583,282,3,757,9,4195,0,90
2584,282,3,758,6,4201,40,60
2585,282,3,759,4,4205,0,40
2586,282,3,760,9,4214,0,90
2587,282,3,761,8,4222,0,80
2588,282,3,762,5,4227,0,50
2589,282,3,763,2,4229,0,20
2590,282,3,764,8,4237,0,80
2591,282,3,765,2,4239,0,20
2592,282,3,766,2,4241,22,20
2593,282,3,767,4,4245,0,40
2594,282,3,768,5,4250,0,50
2595,282,3,769,3,4253,5,30
2596,282,3,770,6,4259,0,60
2597,282,3,771,4,4263,0,40
2598,282,3,772,5,4268,0,50
2599,282,3,773,6,4274,10,60
2600,282,3,774,7,4281,0,70
2601,282,3,775,8,4289,0,80
2602,282,3,776,6,4295,0,60
2603,282,3,777,4,4299,0,40
2604,282,3,778,6,4305,0,60
2605,282,3,779,6,4311,0,60
2606,282,3,780,2,4313,0,20
2607,282,3,781,8,4321,0,80
2608,282,3,782,4,4325,0,40
2609,282,3,783,2,4327,0,20
2610,282,3,784,2,4329,0,20
2611,282,3,785,9,4338,0,90
2612,282,3,786,7,4345,0,70
2613,282,3,787,7,4352,0,70
2614,282,3,788,2,4354,0,20
2615,282,3,789,2,4356,0,20
2616,282,3,790,3,4359,0,30
2617,282,3,791,3,4362,0,30
2618,282,3,792,2,4364,0,20
2619,282,3,793,6,4370,48,60
2620,282,3,794,9,4379,5,90
2621,282,3,795,7,4386,0,70
2622,282,3,796,6,4392,0,60
2623,282,3,797,5,4397,9,50
2624,282,3,798,3,4400,0,30
2625,282,3,799,4,4404,0,40
2626,282,3,800,3,4407,0,30
2627,282,3,801,2,4409,0,20
2628,282,3,802,7,4416,9,70
2629,282,3,803,2,4418,0,20
2630,282,3,804,7,4425,0,70
2631,282,3,805,7,4432,0,70
2632,282,3,806,6,4438,0,60
2633,282,3,807,9,4447,0,90
2634,282,3,808,4,4451,0,40
2635,282,3,809,6,4457,0,60
2636,282,3,810,8,4465,24,80
2637,282,3,811,4,4469,0,40
2638,282,3,812,6,4475,0,60
2639,282,3,813,6,4481,0,60
2640,282,3,814,8,4489,0,80
2641,282,3,815,2,4491,0,20
2642,282,3,816,2,4493,15,20
2643,282,3,817,4,4497,0,40
2644,282,3,818,9,4506,0,90
2645,282,3,819,8,4514,0,80
2646,282,3,820,9,4523,12,90
2647,282,3,821,5,4528,0,50
2648,282,3,822,7,4535,4,70
2649,282,3,823,7,4542,0,70
2650,282,3,824,5,4547,0,50
2651,282,3,825,9,4556,0,90
2652,282,3,826,3,4559,20,30
2653,282,3,827,2,4561,0,20
2654,282,3,828,4,4565,3,40
2655,282,3,829,7,4572,2,70
2656,282,3,830,3,4575,2,30
2657,282,3,831,3,4578,0,30
2658,282,3,832,6,4584,0,60
2659,282,3,833,7,4591,0,70
2660,282,3,834,2,4593,0,20
2661,282,3,835,7,4600,0,70
2662,282,3,836,9,4609,17,90
2663,282,3,837,9,4618,0,90
2664,282,3,838,4,4622,0,40
2665,282,3,839,7,4629,13,70
2666,282,3,840,2,4631,0,20
2667,282,3,841,7,4638,0,70
2668,282,3,842,4,4642,0,40
2669,282,3,843,2,4644,3,20
2670,282,3,844,8,4652,0,80
2671,282,3,845,5,4657,8,50
2672,282,3,846,9,4666,0,90
2673,282,3,847,3,4669,10,30
2674,282,3,848,2,4671,0,20
2675,282,3,849,9,4680,0,90
2676,282,3,850,7,4687,0,70
2677,282,3,851,5,4692,0,50
2678,282,3,852,6,4698,0,60
2679,282,3,853,5,4703,23,50
2680,282,3,854,8,4711,9,80
2681,282,3,855,3,4714,0,30
2682,282,3,856,9,4723,0,90
2683,282,3,857,7,4730,0,70
2684,282,3,858,6,4736,0,60
2685,282,3,859,8,4744,13,80
2686,282,3,860,8,4752,3,80
2687,282,3,861,7,4759,0,70
2688,282,3,862,2,4761,0,20
2689,282,3,863,9,4770,0,90
2690,282,3,864,2,4772,0,20
2691,282,3,865,6,4778,13,60
2692,282,3,866,9,4787,3,90
2693,282,3,867,4,4791,0,40
2694,282,3,868,7,4798,0,70
2695,282,3,869,2,4800,0,20
2696,282,3,870,3,4803,4,30
2697,282,3,871,7,4810,0,70
2698,282,3,872,9,4819,0,90
2699,282,3,873,3,4822,0,30
2700,282,3,874,8,4830,16,80
2701,282,3,875,8,4838,0,80
2702,282,3,876,8,4846,0,80
2703,282,3,877,7,4853,0,70
2704,282,3,878,3,4856,0,30
2705,282,3,879,4,4860,0,40
2706,282,3,880,2,4862,0,20
2707,282,3,881,5,4867,0,50
2708,282,3,882,8,4875,0,80
2709,282,3,883,4,4879,0,40
2710,282,3,884,2,4881,0,20
2711,282,3,885,4,4885,0,40
2712,282,3,886,6,4891,0,60
2713,282,3,887,2,4893,0,20
2714,282,3,888,7,4900,0,70
2715,282,3,889,7,4907,0,70
2716,282,3,890,5,4912,0,50
2717,282,3,891,3,4915,0,30
2718,282,3,892,4,4919,0,40
2719,282,3,893,2,4921,42,20
2720,282,3,894,4,4925,0,40
2721,282,3,895,4,4929,0,40
2722,282,3,896,3,4932,0,30
2723,282,3,897,9,4941,0,90
2724,282,3,898,4,4945,0,40
2725,282,3,899,9,4954,0,90
2726,282,3,900,4,4958,10,40
2727,282,3,901,5,4963,0,50
2728,282,3,902,8,4971,0,80
2729,282,3,903,4,4975,0,40
2730,282,3,904,8,4983,16,80
2731,282,3,905,6,4989,0,60
2732,282,3,906,4,4993,0,40
2733,282,3,907,6,4999,9,60
