,Scenario,Trial,Inspection,Interval,Time,Accumulation,Defects,Rate
0,282,1,1,9,9,2,1,90
1,282,1,2,9,18,2,2,90
2,282,1,3,7,25,7,7,70
3,282,1,4,8,33,1,1,80
4,282,1,5,9,42,4,4,90
5,282,1,6,8,50,2,1,80
6,282,1,7,4,54,1,1,40
7,282,1,8,3,57,0,0,30
8,282,1,9,9,66,2,2,90
9,282,1,10,6,72,4,4,60
10,282,1,11,4,76,0,0,40
11,282,1,12,4,80,1,1,40
12,282,1,13,9,89,7,7,90
13,282,1,14,7,96,2,0,70
14,282,1,15,3,99,3,2,30
15,282,1,16,5,104,4,3,50
16,282,1,17,8,112,4,1,80
17,282,1,18,5,117,7,7,50
18,282,1,19,6,123,1,1,60
19,282,1,20,9,132,5,5,90
20,282,1,21,8,140,6,6,80
21,282,1,22,4,144,4,4,40
22,282,1,23,4,148,3,3,40
23,282,1,24,2,150,1,1,20
24,282,1,25,7,157,4,3,70
25,282,1,26,4,161,3,3,40
26,282,1,27,5,166,2,2,50
27,282,1,28,9,175,4,3,90
28,282,1,29,4,179,3,3,40
29,282,1,30,8,187,3,2,80
30,282,1,31,8,195,4,3,80
31,282,1,32,6,201,5,5,60
32,282,1,33,5,206,1,0,50
33,282,1,34,5,211,5,5,50
34,282,1,35,3,214,0,0,30
35,282,1,36,8,222,6,2,80
36,282,1,37,2,224,4,4,20
37,282,1,38,9,233,6,6,90
38,282,1,39,4,237,1,1,40
39,282,1,40,6,243,5,5,60
40,282,1,41,4,247,2,1,40
41,282,1,42,7,254,4,4,70
42,282,1,43,7,261,3,3,70
43,282,1,44,5,266,1,1,50
44,282,1,45,5,271,3,3,50
45,282,1,46,5,276,3,3,50
46,282,1,47,2,278,1,1,20
47,282,1,48,7,285,5,5,70
48,282,1,49,4,289,1,1,40
49,282,1,50,2,291,2,2,20
50,282,1,51,2,293,1,0,20
51,282,1,52,3,296,2,2,30
52,282,1,53,7,303,2,1,70
53,282,1,54,7,310,4,4,70
54,282,1,55,2,312,0,0,20
55,282,1,56,4,316,3,3,40
56,282,1,57,2,318,1,0,20
57,282,1,58,6,324,4,2,60
58,282,1,59,9,333,8,8,90
59,282,1,60,9,342,3,3,90
60,282,1,61,9,351,4,4,90
61,282,1,62,3,354,0,0,30
62,282,1,63,2,356,3,3,20
63,282,1,64,2,358,0,0,20
64,282,1,65,8,366,5,5,80
65,282,1,66,8,374,10,10,80
66,282,1,67,8,382,5,5,80
67,282,1,68,6,388,2,2,60
68,282,1,69,8,396,6,6,80
69,282,1,70,3,399,1,1,30
70,282,1,71,3,402,1,1,30
71,282,1,72,5,407,0,0,50
72,282,1,73,6,413,4,2,60
73,282,1,74,7,420,7,6,70
74,282,1,75,2,422,2,2,20
75,282,1,76,7,429,4,4,70
76,282,1,77,6,435,1,0,60
77,282,1,78,7,442,3,3,70
78,282,1,79,5,447,1,1,50
79,282,1,80,9,456,5,2,90
80,282,1,81,2,458,3,2,20
81,282,1,82,7,465,5,5,70
82,282,1,83,3,468,4,3,30
83,282,1,84,7,475,5,5,70
84,282,1,85,3,478,2,1,30
85,282,1,86,9,487,7,7,90
86,282,1,87,7,494,5,5,70
87,282,1,88,8,502,2,2,80
88,282,1,89,7,509,5,5,70
89,282,1,90,6,515,4,3,60
90,282,1,91,6,521,4,2,60
91,282,1,92,5,526,5,5,50
92,282,1,93,6,532,3,3,60
93,282,1,94,2,534,2,2,20
94,282,1,95,4,538,3,3,40
95,282,1,96,4,542,2,2,40
96,282,1,97,2,544,1,1,20
97,282,1,98,6,550,1,1,60
98,282,1,99,4,554,1,1,40
99,282,1,100,8,562,3,2,80
100,282,1,101,2,564,2,2,20
101,282,1,102,6,570,3,3,60
102,282,1,103,5,575,4,4,50
103,282,1,104,3,578,0,0,30
104,282,1,105,6,584,8,8,60
105,282,1,106,6,590,3,3,60
106,282,1,107,4,594,1,0,40
107,282,1,108,5,599,4,4,50
108,282,1,109,3,602,5,5,30
109,282,1,110,2,604,0,0,20
110,282,1,111,5,609,5,5,50
111,282,1,112,4,613,5,5,40
112,282,1,113,7,620,5,2,70
113,282,1,114,5,625,7,3,50
114,282,1,115,8,633,6,6,80
115,282,1,116,4,637,2,1,40
116,282,1,117,5,642,6,6,50
117,282,1,118,7,649,2,2,70
118,282,1,119,5,654,3,2,50
119,282,1,120,2,656,1,1,20
120,282,1,121,9,665,4,4,90
121,282,1,122,5,670,2,2,50
122,282,1,123,8,678,4,4,80
123,282,1,124,6,684,6,3,60
124,282,1,125,7,691,5,5,70
125,282,1,126,3,694,1,1,30
126,282,1,127,3,697,0,0,30
127,282,1,128,5,702,3,3,50
128,282,1,129,4,706,0,0,40
129,282,1,130,5,711,2,2,50
130,282,1,131,6,717,4,4,60
131,282,1,132,2,719,4,4,20
132,282,1,133,6,725,6,6,60
133,282,1,134,2,727,1,1,20
134,282,1,135,3,730,1,1,30
135,282,1,136,7,737,1,1,70
136,282,1,137,3,740,3,3,30
137,282,1,138,9,749,3,3,90
138,282,1,139,4,753,0,0,40
139,282,1,140,6,759,2,2,60
140,282,1,141,5,764,10,10,50
141,282,1,142,4,768,1,0,40
142,282,1,143,9,777,3,3,90
143,282,1,144,5,782,4,4,50
144,282,1,145,5,787,0,0,50
145,282,1,146,8,795,1,1,80
146,282,1,147,7,802,3,1,70
147,282,1,148,8,810,7,7,80
148,282,1,149,6,816,5,5,60
149,282,1,150,3,819,3,3,30
150,282,1,151,5,824,2,2,50
151,282,1,152,7,831,6,6,70
152,282,1,153,7,838,4,4,70
153,282,1,154,5,843,3,3,50
154,282,1,155,4,847,0,0,40
155,282,1,156,7,854,5,5,70
156,282,1,157,9,863,3,3,90
157,282,1,158,6,869,2,2,60
158,282,1,159,7,876,2,1,70
159,282,1,160,5,881,4,4,50
160,282,1,161,6,887,3,2,60
161,282,1,162,4,891,4,4,40
162,282,1,163,5,896,3,3,50
163,282,1,164,5,901,2,2,50
164,282,1,165,6,907,5,5,60
165,282,1,166,2,909,1,1,20
166,282,1,167,2,911,1,1,20
167,282,1,168,5,916,2,2,50
168,282,1,169,2,918,1,1,20
169,282,1,170,6,924,1,1,60
170,282,1,171,5,929,3,3,50
171,282,1,172,3,932,0,0,30
172,282,1,173,3,935,0,0,30
173,282,1,174,8,943,2,2,80
174,282,1,175,5,948,2,2,50
175,282,1,176,9,957,6,3,90
176,282,1,177,5,962,4,4,50
177,282,1,178,9,971,5,5,90
178,282,1,179,3,974,0,0,30
179,282,1,180,8,982,2,2,80
180,282,1,181,5,987,1,1,50
181,282,1,182,5,992,4,3,50
182,282,1,183,8,1000,5,3,80
183,282,1,184,2,1002,3,3,20
184,282,1,185,2,1004,0,0,20
185,282,1,186,7,1011,4,4,70
186,282,1,187,4,1015,1,1,40
187,282,1,188,2,1017,2,2,20
188,282,1,189,3,1020,1,1,30
189,282,1,190,6,1026,4,4,60
190,282,1,191,2,1028,0,0,20
191,282,1,192,2,1030,1,1,20
192,282,1,193,2,1032,0,0,20
193,282,1,194,7,1039,3,3,70
194,282,1,195,7,1046,4,4,70
195,282,1,196,4,1050,4,4,40
196,282,1,197,3,1053,2,2,30
197,282,1,198,8,1061,3,1,80
198,282,1,199,5,1066,6,6,50
199,282,1,200,5,1071,5,3,50
200,282,1,201,5,1076,2,2,50
201,282,1,202,9,1085,5,5,90
202,282,1,203,8,1093,6,4,80
203,282,1,204,3,1096,3,3,30
204,282,1,205,8,1104,2,2,80
205,282,1,206,3,1107,1,1,30
206,282,1,207,6,1113,7,5,60
207,282,1,208,2,1115,2,1,20
208,282,1,209,6,1121,5,5,60
209,282,1,210,5,1126,3,3,50
210,282,1,211,4,1130,1,1,40
211,282,1,212,2,1132,2,2,20
212,282,1,213,9,1141,9,9,90
213,282,1,214,3,1144,1,1,30
214,282,1,215,6,1150,1,1,60
215,282,1,216,6,1156,3,3,60
216,282,1,217,5,1161,4,4,50
217,282,1,218,2,1163,1,0,20
218,282,1,219,4,1167,4,4,40
219,282,1,220,9,1176,6,6,90
220,282,1,221,8,1184,3,3,80
221,282,1,222,3,1187,4,4,30
222,282,1,223,5,1192,3,2,50
223,282,1,224,8,1200,6,6,80
224,282,1,225,2,1202,1,1,20
225,282,1,226,3,1205,0,0,30
226,282,1,227,9,1214,7,6,90
227,282,1,228,4,1218,4,2,40
228,282,1,229,5,1223,7,7,50
229,282,1,230,4,1227,2,2,40
230,282,1,231,3,1230,0,0,30
231,282,1,232,7,1237,2,1,70
232,282,1,233,7,1244,3,3,70
233,282,1,234,5,1249,1,0,50
234,282,1,235,4,1253,5,5,40
235,282,1,236,2,1255,3,3,20
236,282,1,237,5,1260,0,0,50
237,282,1,238,6,1266,1,1,60
238,282,1,239,8,1274,0,0,80
239,282,1,240,7,1281,5,4,70
240,282,1,241,4,1285,2,2,40
241,282,1,242,6,1291,3,3,60
242,282,1,243,4,1295,2,2,40
243,282,1,244,7,1302,5,5,70
244,282,1,245,6,1308,3,3,60
245,282,1,246,9,1317,4,3,90
246,282,1,247,4,1321,5,4,40
247,282,1,248,6,1327,4,4,60
248,282,1,249,4,1331,2,2,40
249,282,1,250,9,1340,5,5,90
250,282,1,251,5,1345,1,1,50
251,282,1,252,8,1353,6,6,80
252,282,1,253,6,1359,4,4,60
253,282,1,254,8,1367,8,8,80
254,282,1,255,5,1372,3,3,50
255,282,1,256,8,1380,5,5,80
256,282,1,257,9,1389,3,3,90
257,282,1,258,4,1393,1,0,40
258,282,1,259,5,1398,3,3,50
259,282,1,260,7,1405,3,3,70
260,282,1,261,7,1412,0,0,70
261,282,1,262,7,1419,3,3,70
262,282,1,263,4,1423,2,1,40
263,282,1,264,4,1427,2,2,40
264,282,1,265,2,1429,2,2,20
265,282,1,266,3,1432,0,0,30
266,282,1,267,4,1436,2,2,40
267,282,1,268,9,1445,9,9,90
268,282,1,269,4,1449,4,4,40
269,282,1,270,5,1454,2,2,50
270,282,1,271,5,1459,0,0,50
271,282,1,272,9,1468,0,0,90
272,282,1,273,3,1471,0,0,30
273,282,1,274,5,1476,1,0,50
274,282,1,275,3,1479,2,2,30
275,282,1,276,2,1481,1,1,20
276,282,1,277,6,1487,1,0,60
277,282,1,278,8,1495,7,7,80
278,282,1,279,6,1501,1,1,60
279,282,1,280,3,1504,1,1,30
280,282,1,281,3,1507,0,0,30
281,282,1,282,8,1515,8,8,80
282,282,1,283,6,1521,4,4,60
283,282,1,284,6,1527,1,1,60
284,282,1,285,6,1533,5,5,60
285,282,1,286,9,1542,6,6,90
286,282,1,287,7,1549,1,1,70
287,282,1,288,5,1554,3,3,50
288,282,1,289,9,1563,6,6,90
289,282,1,290,2,1565,0,0,20
290,282,1,291,7,1572,1,1,70
291,282,1,292,4,1576,2,2,40
292,282,1,293,6,1582,2,2,60
293,282,1,294,6,1588,4,3,60
294,282,1,295,9,1597,4,4,90
295,282,1,296,4,1601,5,5,40
296,282,1,297,6,1607,4,4,60
297,282,1,298,2,1609,1,1,20
298,282,1,299,3,1612,2,2,30
299,282,1,300,2,1614,1,1,20
300,282,1,301,2,1616,1,1,20
301,282,1,302,7,1623,6,4,70
302,282,1,303,7,1630,4,4,70
303,282,1,304,7,1637,1,0,70
304,282,1,305,6,1643,9,9,60
305,282,1,306,8,1651,3,3,80
306,282,1,307,6,1657,7,5,60
307,282,1,308,2,1659,4,2,20
308,282,1,309,4,1663,2,2,40
309,282,1,310,7,1670,4,3,70
310,282,1,311,7,1677,4,4,70
311,282,1,312,9,1686,2,2,90
312,282,1,313,6,1692,2,2,60
313,282,1,314,7,1699,5,5,70
314,282,1,315,3,1702,3,3,30
315,282,1,316,3,1705,1,0,30
316,282,1,317,7,1712,4,3,70
317,282,1,318,6,1718,2,1,60
318,282,1,319,4,1722,3,1,40
319,282,1,320,2,1724,3,3,20
320,282,1,321,5,1729,3,3,50
321,282,1,322,6,1735,4,4,60
322,282,1,323,3,1738,3,1,30
323,282,1,324,5,1743,6,6,50
324,282,1,325,5,1748,1,1,50
325,282,1,326,2,1750,0,0,20
326,282,1,327,5,1755,5,5,50
327,282,1,328,2,1757,2,0,20
328,282,1,329,2,1759,3,2,20
329,282,1,330,5,1764,4,2,50
330,282,1,331,6,1770,5,5,60
331,282,1,332,4,1774,4,4,40
332,282,1,333,4,1778,2,2,40
333,282,1,334,9,1787,6,5,90
334,282,1,335,8,1795,6,6,80
335,282,1,336,8,1803,6,6,80
336,282,1,337,3,1806,2,2,30
337,282,1,338,7,1813,7,5,70
338,282,1,339,2,1815,3,2,20
339,282,1,340,9,1824,4,4,90
340,282,1,341,8,1832,5,5,80
341,282,1,342,8,1840,4,2,80
342,282,1,343,2,1842,4,4,20
343,282,1,344,7,1849,4,4,70
344,282,1,345,8,1857,3,3,80
345,282,1,346,2,1859,3,2,20
346,282,1,347,9,1868,6,6,90
347,282,1,348,9,1877,2,2,90
348,282,1,349,7,1884,3,3,70
349,282,1,350,4,1888,4,4,40
350,282,1,351,7,1895,1,0,70
351,282,1,352,2,1897,2,0,20
352,282,1,353,2,1899,3,3,20
353,282,1,354,4,1903,4,4,40
354,282,1,355,8,1911,1,0,80
355,282,1,356,9,1920,5,5,90
356,282,1,357,9,1929,5,3,90
357,282,1,358,5,1934,2,2,50
358,282,1,359,4,1938,2,1,40
359,282,1,360,5,1943,4,4,50
360,282,1,361,8,1951,4,3,80
361,282,1,362,4,1955,1,1,40
362,282,1,363,3,1958,1,1,30
363,282,1,364,8,1966,4,2,80
364,282,1,365,8,1974,5,5,80
365,282,1,366,7,1981,6,6,70
366,282,1,367,9,1990,6,3,90
367,282,1,368,6,1996,4,1,60
368,282,1,369,7,2003,5,5,70
369,282,1,370,3,2006,1,1,30
370,282,1,371,4,2010,5,5,40
371,282,1,372,5,2015,4,4,50
372,282,1,373,3,2018,0,0,30
373,282,1,374,9,2027,7,7,90
374,282,1,375,2,2029,2,2,20
375,282,1,376,5,2034,3,2,50
376,282,1,377,5,2039,7,7,50
377,282,1,378,5,2044,1,1,50
378,282,1,379,7,2051,4,4,70
379,282,1,380,8,2059,6,4,80
380,282,1,381,8,2067,7,4,80
381,282,1,382,8,2075,5,5,80
382,282,1,383,2,2077,1,1,20
383,282,1,384,7,2084,9,9,70
384,282,1,385,8,2092,5,5,80
385,282,1,386,3,2095,1,1,30
386,282,1,387,4,2099,0,0,40
387,282,1,388,2,2101,2,1,20
388,282,1,389,2,2103,1,1,20
389,282,1,390,3,2106,3,1,30
390,282,1,391,5,2111,4,3,50
391,282,1,392,8,2119,5,4,80
392,282,1,393,7,2126,6,6,70
393,282,1,394,3,2129,3,3,30
394,282,1,395,5,2134,3,3,50
395,282,1,396,5,2139,3,3,50
396,282,1,397,9,2148,5,5,90
397,282,1,398,2,2150,1,0,20
398,282,1,399,3,2153,1,1,30
399,282,1,400,5,2158,2,1,50
400,282,1,401,9,2167,9,9,90
401,282,1,402,7,2174,4,4,70
402,282,1,403,6,2180,1,0,60
403,282,1,404,3,2183,1,0,30
404,282,1,405,8,2191,5,5,80
405,282,1,406,2,2193,1,1,20
406,282,1,407,3,2196,2,1,30
407,282,1,408,4,2200,1,1,40
408,282,1,409,9,2209,2,2,90
409,282,1,410,6,2215,2,2,60
410,282,1,411,4,2219,3,3,40
411,282,1,412,7,2226,3,2,70
412,282,1,413,6,2232,4,4,60
413,282,1,414,9,2241,5,5,90
414,282,1,415,5,2246,1,1,50
415,282,1,416,8,2254,2,2,80
416,282,1,417,4,2258,0,0,40
417,282,1,418,4,2262,2,2,40
418,282,1,419,7,2269,3,2,70
419,282,1,420,5,2274,1,1,50
420,282,1,421,9,2283,2,2,90
421,282,1,422,7,2290,1,1,70
422,282,1,423,9,2299,2,1,90
423,282,1,424,3,2302,5,5,30
424,282,1,425,9,2311,10,10,90
425,282,1,426,9,2320,2,2,90
426,282,1,427,6,2326,1,0,60
427,282,1,428,2,2328,1,0,20
428,282,1,429,8,2336,5,5,80
429,282,1,430,8,2344,4,4,80
430,282,1,431,8,2352,5,4,80
431,282,1,432,6,2358,3,3,60
432,282,1,433,3,2361,1,1,30
433,282,1,434,4,2365,2,1,40
434,282,1,435,5,2370,3,2,50
435,282,1,436,3,2373,5,5,30
436,282,1,437,7,2380,7,7,70
437,282,1,438,8,2388,5,5,80
438,282,1,439,4,2392,0,0,40
439,282,1,440,9,2401,12,12,90
440,282,1,441,7,2408,3,1,70
441,282,1,442,3,2411,3,3,30
442,282,1,443,4,2415,3,2,40
443,282,1,444,5,2420,3,3,50
444,282,1,445,4,2424,4,4,40
445,282,1,446,4,2428,5,5,40
446,282,1,447,5,2433,2,2,50
447,282,1,448,4,2437,1,1,40
448,282,1,449,9,2446,3,2,90
449,282,1,450,3,2449,1,0,30
450,282,1,451,2,2451,2,2,20
451,282,1,452,4,2455,0,0,40
452,282,1,453,8,2463,7,7,80
453,282,1,454,3,2466,3,3,30
454,282,1,455,3,2469,1,1,30
455,282,1,456,3,2472,0,0,30
456,282,1,457,8,2480,5,5,80
457,282,1,458,5,2485,5,5,50
458,282,1,459,5,2490,4,4,50
459,282,1,460,9,2499,3,3,90
460,282,1,461,5,2504,2,1,50
461,282,1,462,8,2512,5,2,80
462,282,1,463,9,2521,13,13,90
463,282,1,464,2,2523,1,1,20
464,282,1,465,6,2529,1,1,60
465,282,1,466,6,2535,2,2,60
466,282,1,467,5,2540,2,2,50
467,282,1,468,5,2545,1,0,50
468,282,1,469,3,2548,2,0,30
469,282,1,470,2,2550,3,3,20
470,282,1,471,9,2559,3,3,90
471,282,1,472,3,2562,0,0,30
472,282,1,473,6,2568,2,2,60
473,282,1,474,5,2573,3,3,50
474,282,1,475,2,2575,1,1,20
475,282,1,476,2,2577,0,0,20
476,282,1,477,5,2582,6,6,50
477,282,1,478,3,2585,0,0,30
478,282,1,479,2,2587,1,1,20
479,282,1,480,7,2594,2,1,70
480,282,1,481,2,2596,2,0,20
481,282,1,482,6,2602,4,4,60
482,282,1,483,5,2607,0,0,50
483,282,1,484,8,2615,2,2,80
484,282,1,485,6,2621,2,2,60
485,282,1,486,6,2627,4,2,60
486,282,1,487,6,2633,3,3,60
487,282,1,488,4,2637,1,1,40
488,282,1,489,3,2640,2,1,30
489,282,1,490,5,2645,3,3,50
490,282,1,491,7,2652,2,2,70
491,282,1,492,9,2661,7,6,90
492,282,1,493,4,2665,3,3,40
493,282,1,494,9,2674,6,5,90
494,282,1,495,2,2676,1,1,20
495,282,1,496,9,2685,5,5,90
496,282,1,497,6,2691,4,4,60
497,282,1,498,2,2693,0,0,20
498,282,1,499,4,2697,0,0,40
499,282,1,500,7,2704,5,3,70
500,282,1,501,6,2710,5,4,60
501,282,1,502,5,2715,4,4,50
502,282,1,503,3,2718,0,0,30
503,282,1,504,9,2727,3,3,90
504,282,1,505,2,2729,1,1,20
505,282,1,506,4,2733,0,0,40
506,282,1,507,7,2740,4,4,70
507,282,1,508,6,2746,3,3,60
508,282,1,509,2,2748,1,1,20
509,282,1,510,2,2750,1,0,20
510,282,1,511,4,2754,3,3,40
511,282,1,512,2,2756,1,1,20
512,282,1,513,8,2764,5,5,80
513,282,1,514,2,2766,0,0,20
514,282,1,515,7,2773,7,7,70
515,282,1,516,9,2782,4,2,90
516,282,1,517,7,2789,6,6,70
517,282,1,518,6,2795,4,4,60
518,282,1,519,7,2802,7,7,70
519,282,1,520,6,2808,4,4,60
520,282,1,521,3,2811,2,2,30
521,282,1,522,9,2820,6,5,90
522,282,1,523,5,2825,7,7,50
523,282,1,524,8,2833,5,5,80
524,282,1,525,4,2837,2,2,40
525,282,1,526,8,2845,4,4,80
526,282,1,527,7,2852,5,5,70
527,282,1,528,7,2859,2,2,70
528,282,1,529,7,2866,1,1,70
529,282,1,530,3,2869,0,0,30
530,282,1,531,4,2873,2,2,40
531,282,1,532,8,2881,4,4,80
532,282,1,533,7,2888,3,3,70
533,282,1,534,5,2893,3,2,50
534,282,1,535,3,2896,3,3,30
535,282,1,536,2,2898,0,0,20
536,282,1,537,2,2900,2,2,20
537,282,1,538,2,2902,1,1,20
538,282,1,539,9,2911,3,3,90
539,282,1,540,8,2919,0,0,80
540,282,1,541,6,2925,3,2,60
541,282,1,542,3,2928,2,2,30
542,282,1,543,2,2930,0,0,20
543,282,1,544,7,2937,5,3,70
544,282,1,545,5,2942,6,3,50
545,282,1,546,4,2946,4,1,40
546,282,1,547,9,2955,6,4,90
547,282,1,548,7,2962,5,5,70
548,282,1,549,3,2965,3,1,30
549,282,1,550,8,2973,7,7,80
550,282,1,551,6,2979,2,2,60
551,282,1,552,7,2986,3,3,70
552,282,1,553,6,2992,3,3,60
553,282,1,554,2,2994,2,1,20
554,282,1,555,5,2999,3,3,50
555,282,1,556,7,3006,4,1,70
556,282,1,557,2,3008,5,5,20
557,282,1,558,2,3010,1,1,20
558,282,1,559,8,3018,5,5,80
559,282,1,560,8,3026,5,4,80
560,282,1,561,7,3033,4,4,70
561,282,1,562,3,3036,0,0,30
562,282,1,563,2,3038,1,0,20
563,282,1,564,6,3044,2,2,60
564,282,1,565,6,3050,1,1,60
565,282,1,566,2,3052,0,0,20
566,282,1,567,2,3054,0,0,20
567,282,1,568,6,3060,4,4,60
568,282,1,569,7,3067,4,4,70
569,282,1,570,4,3071,2,1,40
570,282,1,571,6,3077,1,1,60
571,282,1,572,4,3081,2,2,40
572,282,1,573,6,3087,2,2,60
573,282,1,574,5,3092,1,1,50
574,282,1,575,2,3094,0,0,20
575,282,1,576,9,3103,3,2,90
576,282,1,577,5,3108,3,3,50
577,282,1,578,4,3112,3,3,40
578,282,1,579,6,3118,2,2,60
579,282,1,580,7,3125,1,1,70
580,282,1,581,9,3134,5,5,90
581,282,1,582,3,3137,1,1,30
582,282,1,583,3,3140,2,2,30
583,282,1,584,8,3148,2,1,80
584,282,1,585,9,3157,6,6,90
585,282,1,586,5,3162,1,0,50
586,282,1,587,5,3167,2,1,50
587,282,1,588,9,3176,5,5,90
588,282,1,589,4,3180,2,0,40
589,282,1,590,4,3184,5,5,40
590,282,1,591,2,3186,1,1,20
591,282,1,592,8,3194,1,0,80
592,282,1,593,2,3196,1,1,20
593,282,1,594,8,3204,2,0,80
594,282,1,595,6,3210,5,5,60
595,282,1,596,7,3217,3,3,70
596,282,1,597,8,3225,6,6,80
597,282,1,598,6,3231,1,1,60
598,282,1,599,4,3235,2,2,40
599,282,1,600,7,3242,5,3,70
600,282,1,601,6,3248,2,2,60
601,282,1,602,5,3253,2,0,50
602,282,1,603,6,3259,6,6,60
603,282,1,604,9,3268,4,3,90
604,282,1,605,4,3272,1,1,40
605,282,1,606,7,3279,1,1,70
606,282,1,607,6,3285,3,3,60
607,282,1,608,4,3289,2,2,40
608,282,1,609,3,3292,2,2,30
609,282,1,610,9,3301,3,3,90
610,282,1,611,2,3303,0,0,20
611,282,1,612,6,3309,1,1,60
612,282,1,613,7,3316,5,2,70
613,282,1,614,2,3318,3,2,20
614,282,1,615,6,3324,4,4,60
615,282,1,616,7,3331,4,4,70
616,282,1,617,6,3337,2,2,60
617,282,1,618,4,3341,1,1,40
618,282,1,619,4,3345,1,1,40
619,282,1,620,5,3350,0,0,50
620,282,1,621,9,3359,4,2,90
621,282,1,622,2,3361,3,0,20
622,282,1,623,9,3370,8,4,90
623,282,1,624,5,3375,7,7,50
624,282,1,625,9,3384,6,6,90
625,282,1,626,5,3389,4,4,50
626,282,1,627,3,3392,2,1,30
627,282,1,628,2,3394,2,2,20
628,282,1,629,5,3399,3,2,50
629,282,1,630,9,3408,4,4,90
630,282,1,631,6,3414,2,2,60
631,282,1,632,5,3419,3,3,50
632,282,1,633,4,3423,3,1,40
633,282,1,634,5,3428,5,5,50
634,282,1,635,5,3433,1,1,50
635,282,1,636,4,3437,2,1,40
636,282,1,637,9,3446,5,3,90
637,282,1,638,4,3450,6,6,40
638,282,1,639,6,3456,1,1,60
639,282,1,640,6,3462,1,1,60
640,282,1,641,4,3466,1,0,40
641,282,1,642,9,3475,6,6,90
642,282,1,643,3,3478,0,0,30
643,282,1,644,5,3483,2,1,50
644,282,1,645,9,3492,5,5,90
645,282,1,646,4,3496,1,1,40
646,282,1,647,2,3498,4,4,20
647,282,1,648,4,3502,2,2,40
648,282,1,649,4,3506,1,1,40
649,282,1,650,2,3508,0,0,20
650,282,1,651,7,3515,2,1,70
651,282,1,652,2,3517,4,4,20
652,282,1,653,4,3521,2,2,40
653,282,1,654,2,3523,1,1,20
654,282,1,655,4,3527,1,0,40
655,282,1,656,7,3534,4,4,70
656,282,1,657,3,3537,2,2,30
657,282,1,658,6,3543,1,1,60
658,282,1,659,6,3549,4,4,60
659,282,1,660,2,3551,1,1,20
660,282,1,661,5,3556,2,1,50
661,282,1,662,6,3562,4,3,60
662,282,1,663,8,3570,5,3,80
663,282,1,664,3,3573,2,2,30
664,282,1,665,2,3575,2,1,20
665,282,1,666,2,3577,2,2,20
666,282,1,667,5,3582,0,0,50
667,282,1,668,5,3587,6,6,50
668,282,1,669,6,3593,1,1,60
669,282,1,670,2,3595,2,1,20
670,282,1,671,5,3600,4,4,50
671,282,1,672,7,3607,3,2,70
672,282,1,673,5,3612,6,6,50
673,282,1,674,3,3615,2,2,30
674,282,1,675,4,3619,2,2,40
675,282,1,676,4,3623,4,4,40
676,282,1,677,7,3630,5,5,70
677,282,1,678,6,3636,3,3,60
678,282,1,679,6,3642,2,2,60
679,282,1,680,3,3645,5,5,30
680,282,1,681,6,3651,2,1,60
681,282,1,682,8,3659,5,5,80
682,282,1,683,6,3665,3,3,60
683,282,1,684,2,3667,2,2,20
684,282,1,685,6,3673,3,2,60
685,282,1,686,5,3678,5,5,50
686,282,1,687,7,3685,3,3,70
687,282,1,688,3,3688,1,1,30
688,282,1,689,4,3692,5,4,40
689,282,1,690,5,3697,6,6,50
690,282,1,691,3,3700,2,2,30
691,282,1,692,9,3709,2,2,90
692,282,1,693,9,3718,4,4,90
693,282,1,694,6,3724,3,1,60
694,282,1,695,8,3732,4,2,80
695,282,1,696,9,3741,7,7,90
696,282,1,697,5,3746,1,0,50
697,282,1,698,9,3755,5,5,90
698,282,1,699,5,3760,4,2,50
699,282,1,700,8,3768,6,6,80
700,282,1,701,8,3776,9,9,80
701,282,1,702,4,3780,1,1,40
702,282,1,703,5,3785,5,5,50
703,282,1,704,7,3792,3,2,70
704,282,1,705,8,3800,4,4,80
705,282,1,706,6,3806,1,1,60
706,282,1,707,3,3809,0,0,30
707,282,1,708,5,3814,1,0,50
708,282,1,709,2,3816,2,2,20
709,282,1,710,4,3820,5,4,40
710,282,1,711,8,3828,3,3,80
711,282,1,712,5,3833,4,4,50
712,282,1,713,3,3836,5,5,30
713,282,1,714,8,3844,6,5,80
714,282,1,715,7,3851,2,2,70
715,282,1,716,6,3857,3,3,60
716,282,1,717,9,3866,3,3,90
717,282,1,718,2,3868,0,0,20
718,282,1,719,5,3873,3,3,50
719,282,1,720,4,3877,3,3,40
720,282,1,721,8,3885,2,2,80
721,282,1,722,2,3887,1,1,20
722,282,1,723,5,3892,5,5,50
723,282,1,724,3,3895,2,2,30
724,282,1,725,3,3898,3,2,30
725,282,1,726,6,3904,3,3,60
726,282,1,727,6,3910,4,4,60
727,282,1,728,8,3918,7,3,80
728,282,1,729,8,3926,4,4,80
729,282,1,730,5,3931,3,3,50
730,282,1,731,5,3936,4,3,50
731,282,1,732,5,3941,3,3,50
732,282,1,733,2,3943,1,1,20
733,282,1,734,2,3945,1,1,20
734,282,1,735,4,3949,2,2,40
735,282,1,736,8,3957,2,2,80
736,282,1,737,7,3964,7,7,70
737,282,1,738,5,3969,4,4,50
738,282,1,739,2,3971,0,0,20
739,282,1,740,6,3977,2,1,60
740,282,1,741,2,3979,5,5,20
741,282,1,742,7,3986,2,1,70
742,282,1,743,5,3991,1,1,50
743,282,1,744,5,3996,3,3,50
744,282,1,745,2,3998,2,2,20
745,282,1,746,8,4006,4,3,80
746,282,1,747,8,4014,1,0,80
747,282,1,748,5,4019,3,3,50
748,282,1,749,8,4027,5,4,80
749,282,1,750,2,4029,2,2,20
750,282,1,751,5,4034,4,3,50
751,282,1,752,4,4038,1,1,40
752,282,1,753,4,4042,0,0,40
753,282,1,754,4,4046,5,5,40
754,282,1,755,4,4050,0,0,40
755,282,1,756,7,4057,7,7,70
756,282,1,757,9,4066,3,3,90
757,282,1,758,2,4068,3,3,20
758,282,1,759,7,4075,2,2,70
759,282,1,760,9,4084,11,11,90
760,282,1,761,9,4093,5,5,90
761,282,1,762,3,4096,1,0,30
762,282,1,763,2,4098,2,1,20
763,282,1,764,2,4100,3,3,20
764,282,1,765,9,4109,3,3,90
765,282,1,766,6,4115,3,3,60
766,282,1,767,5,4120,1,0,50
767,282,1,768,5,4125,6,6,50
768,282,1,769,9,4134,4,2,90
769,282,1,770,8,4142,9,9,80
770,282,1,771,9,4151,5,5,90
771,282,1,772,6,4157,6,4,60
772,282,1,773,4,4161,4,4,40
773,282,1,774,4,4165,1,0,40
774,282,1,775,3,4168,2,1,30
775,282,1,776,9,4177,6,6,90
776,282,1,777,8,4185,2,2,80
777,282,1,778,6,4191,2,2,60
778,282,1,779,8,4199,1,1,80
779,282,1,780,8,4207,6,6,80
780,282,1,781,9,4216,5,5,90
781,282,1,782,8,4224,1,1,80
782,282,1,783,8,4232,5,5,80
783,282,1,784,3,4235,0,0,30
784,282,1,785,9,4244,2,1,90
785,282,1,786,2,4246,2,1,20
786,282,1,787,6,4252,5,5,60
787,282,1,788,9,4261,7,5,90
788,282,1,789,7,4268,7,7,70
789,282,1,790,7,4275,3,3,70
790,282,1,791,6,4281,5,5,60
791,282,1,792,8,4289,4,3,80
792,282,1,793,2,4291,2,1,20
793,282,1,794,8,4299,4,4,80
794,282,1,795,5,4304,1,1,50
795,282,1,796,6,4310,3,3,60
796,282,1,797,5,4315,4,3,50
797,282,1,798,8,4323,2,2,80
798,282,1,799,6,4329,3,3,60
799,282,1,800,3,4332,1,1,30
800,282,1,801,3,4335,2,2,30
801,282,1,802,3,4338,3,3,30
802,282,1,803,7,4345,4,3,70
803,282,1,804,8,4353,5,5,80
804,282,1,805,4,4357,3,3,40
805,282,1,806,8,4365,7,4,80
806,282,1,807,5,4370,4,4,50
807,282,1,808,7,4377,5,5,70
808,282,1,809,5,4382,1,0,50
809,282,1,810,3,4385,4,4,30
810,282,1,811,3,4388,3,3,30
811,282,1,812,7,4395,6,6,70
812,282,1,813,9,4404,5,5,90
813,282,1,814,8,4412,5,5,80
814,282,1,815,2,4414,2,2,20
815,282,1,816,9,4423,3,1,90
816,282,1,817,9,4432,4,4,90
817,282,1,818,4,4436,3,3,40
818,282,1,819,8,4444,4,4,80
819,282,1,820,2,4446,0,0,20
820,282,1,821,7,4453,5,4,70
821,282,1,822,4,4457,2,1,40
822,282,1,823,5,4462,3,2,50
823,282,1,824,9,4471,7,7,90
824,282,1,825,8,4479,5,5,80
825,282,1,826,2,4481,3,3,20
826,282,1,827,5,4486,3,3,50
827,282,1,828,8,4494,5,5,80
828,282,1,829,5,4499,3,1,50
829,282,1,830,9,4508,8,5,90
830,282,1,831,4,4512,6,6,40
831,282,1,832,9,4521,2,2,90
832,282,1,833,7,4528,2,2,70
833,282,1,834,6,4534,2,2,60
834,282,1,835,5,4539,3,3,50
835,282,1,836,6,4545,3,2,60
836,282,1,837,9,4554,2,2,90
837,282,1,838,9,4563,2,2,90
838,282,1,839,9,4572,5,5,90
839,282,1,840,9,4581,4,4,90
840,282,1,841,8,4589,4,2,80
841,282,1,842,2,4591,3,3,20
842,282,1,843,8,4599,12,10,80
843,282,1,844,3,4602,2,2,30
844,282,1,845,7,4609,3,3,70
845,282,1,846,4,4613,1,0,40
846,282,1,847,5,4618,3,3,50
847,282,1,848,6,4624,0,0,60
848,282,1,849,6,4630,4,4,60
849,282,1,850,2,4632,1,1,20
850,282,1,851,9,4641,4,4,90
851,282,1,852,5,4646,2,2,50
852,282,1,853,7,4653,2,2,70
853,282,1,854,9,4662,6,6,90
854,282,1,855,5,4667,2,1,50
855,282,1,856,8,4675,4,4,80
856,282,1,857,5,4680,4,4,50
857,282,1,858,5,4685,2,2,50
858,282,1,859,5,4690,1,1,50
859,282,1,860,5,4695,2,2,50
860,282,1,861,4,4699,4,4,40
861,282,1,862,7,4706,5,2,70
862,282,1,863,5,4711,5,3,50
863,282,1,864,8,4719,6,6,80
864,282,1,865,6,4725,5,4,60
865,282,1,866,7,4732,4,1,70
866,282,1,867,3,4735,5,5,30
867,282,1,868,7,4742,3,3,70
868,282,1,869,7,4749,2,2,70
869,282,1,870,6,4755,5,4,60
870,282,1,871,2,4757,2,2,20
871,282,1,872,9,4766,8,8,90
872,282,1,873,4,4770,2,2,40
873,282,1,874,7,4777,5,4,70
874,282,1,875,5,4782,4,4,50
875,282,1,876,5,4787,1,1,50
876,282,1,877,4,4791,3,1,40
877,282,1,878,5,4796,4,4,50
878,282,1,879,2,4798,1,1,20
879,282,1,880,6,4804,3,3,60
880,282,1,881,5,4809,1,0,50
881,282,1,882,7,4816,2,0,70
882,282,1,883,2,4818,4,4,20
883,282,1,884,6,4824,2,2,60
884,282,1,885,9,4833,3,3,90
885,282,1,886,6,4839,1,0,60
886,282,1,887,5,4844,4,2,50
887,282,1,888,6,4850,5,5,60
888,282,1,889,5,4855,0,0,50
889,282,1,890,5,4860,3,3,50
890,282,1,891,6,4866,2,2,60
891,282,1,892,2,4868,1,1,20
892,282,1,893,3,4871,0,0,30
893,282,1,894,4,4875,2,1,40
894,282,1,895,7,4882,2,2,70
895,282,1,896,4,4886,1,1,40
896,282,1,897,6,4892,4,3,60
897,282,1,898,2,4894,3,3,20
898,282,1,899,4,4898,4,3,40
899,282,1,900,3,4901,2,2,30
900,282,1,901,4,4905,2,2,40
901,282,1,902,7,4912,4,3,70
902,282,1,903,4,4916,3,3,40
903,282,1,904,6,4922,2,2,60
904,282,1,905,3,4925,3,3,30
905,282,1,906,2,4927,1,1,20
906,282,1,907,7,4934,3,2,70
907,282,1,908,3,4937,3,3,30
908,282,1,909,7,4944,1,1,70
909,282,1,910,5,4949,1,1,50
910,282,1,911,4,4953,2,2,40
911,282,1,912,7,4960,3,3,70
912,282,1,913,5,4965,8,8,50
913,282,1,914,4,4969,0,0,40
914,282,1,915,5,4974,6,6,50
915,282,1,916,2,4976,2,2,20
916,282,1,917,9,4985,6,6,90
917,282,1,918,2,4987,1,1,20
918,282,1,919,4,4991,2,2,40
919,282,2,1,8,8,1,0,80
920,282,2,2,3,11,1,1,30
921,282,2,3,7,18,4,4,70
922,282,2,4,5,23,2,2,50
923,282,2,5,9,32,4,2,90
924,282,2,6,6,38,5,5,60
925,282,2,7,6,44,1,1,60
926,282,2,8,6,50,7,7,60
927,282,2,9,6,56,3,3,60
928,282,2,10,4,60,0,0,40
929,282,2,11,8,68,1,0,80
930,282,2,12,6,74,5,5,60
931,282,2,13,9,83,2,1,90
932,282,2,14,7,90,8,8,70
933,282,2,15,6,96,4,4,60
934,282,2,16,5,101,1,1,50
935,282,2,17,5,106,3,3,50
936,282,2,18,5,111,2,1,50
937,282,2,19,5,116,7,7,50
938,282,2,20,2,118,3,3,20
939,282,2,21,9,127,3,3,90
940,282,2,22,4,131,1,1,40
941,282,2,23,5,136,0,0,50
942,282,2,24,6,142,5,5,60
943,282,2,25,5,147,4,4,50
944,282,2,26,5,152,4,4,50
945,282,2,27,6,158,3,2,60
946,282,2,28,8,166,6,6,80
947,282,2,29,4,170,1,0,40
948,282,2,30,9,179,7,7,90
949,282,2,31,9,188,3,3,90
950,282,2,32,9,197,6,4,90
951,282,2,33,3,200,3,3,30
952,282,2,34,4,204,3,3,40
953,282,2,35,4,208,2,2,40
954,282,2,36,4,212,2,2,40
955,282,2,37,6,218,4,4,60
956,282,2,38,6,224,0,0,60
957,282,2,39,9,233,7,7,90
958,282,2,40,6,239,2,1,60
959,282,2,41,6,245,2,2,60
960,282,2,42,7,252,6,6,70
961,282,2,43,9,261,2,1,90
962,282,2,44,4,265,3,1,40
963,282,2,45,9,274,5,5,90
964,282,2,46,6,280,3,2,60
965,282,2,47,2,282,1,1,20
966,282,2,48,9,291,7,4,90
967,282,2,49,4,295,5,5,40
968,282,2,50,2,297,0,0,20
969,282,2,51,9,306,2,2,90
970,282,2,52,5,311,1,1,50
971,282,2,53,8,319,5,5,80
972,282,2,54,4,323,1,1,40
973,282,2,55,4,327,3,2,40
974,282,2,56,9,336,3,3,90
975,282,2,57,7,343,5,5,70
976,282,2,58,9,352,6,6,90
977,282,2,59,5,357,4,4,50
978,282,2,60,7,364,3,2,70
979,282,2,61,2,366,3,3,20
980,282,2,62,5,371,3,2,50
981,282,2,63,5,376,3,3,50
982,282,2,64,6,382,5,5,60
983,282,2,65,7,389,6,6,70
984,282,2,66,6,395,4,3,60
985,282,2,67,2,397,1,1,20
986,282,2,68,3,400,1,1,30
987,282,2,69,4,404,2,2,40
988,282,2,70,2,406,1,1,20
989,282,2,71,3,409,0,0,30
990,282,2,72,7,416,6,5,70
991,282,2,73,7,423,2,2,70
992,282,2,74,5,428,7,4,50
993,282,2,75,6,434,4,4,60
994,282,2,76,3,437,4,4,30
995,282,2,77,7,444,1,1,70
996,282,2,78,5,449,4,4,50
997,282,2,79,5,454,1,1,50
998,282,2,80,9,463,9,9,90
999,282,2,81,2,465,1,0,20
1000,282,2,82,2,467,7,7,20
1001,282,2,83,6,473,2,2,60
1002,282,2,84,8,481,3,3,80
1003,282,2,85,4,485,1,0,40
1004,282,2,86,9,494,6,6,90
1005,282,2,87,4,498,1,1,40
1006,282,2,88,4,502,6,6,40
1007,282,2,89,9,511,4,4,90
1008,282,2,90,5,516,2,2,50
1009,282,2,91,3,519,2,2,30
1010,282,2,92,4,523,2,2,40
1011,282,2,93,2,525,4,4,20
1012,282,2,94,9,534,2,2,90
1013,282,2,95,5,539,6,6,50
1014,282,2,96,6,545,4,4,60
1015,282,2,97,8,553,7,7,80
1016,282,2,98,3,556,3,3,30
1017,282,2,99,6,562,3,3,60
1018,282,2,100,5,567,3,3,50
1019,282,2,101,9,576,4,3,90
1020,282,2,102,3,579,5,5,30
1021,282,2,103,5,584,4,4,50
1022,282,2,104,3,587,1,1,30
1023,282,2,105,9,596,6,6,90
1024,282,2,106,8,604,2,2,80
1025,282,2,107,3,607,5,5,30
1026,282,2,108,7,614,3,3,70
1027,282,2,109,8,622,1,1,80
1028,282,2,110,6,628,4,4,60
1029,282,2,111,9,637,5,3,90
1030,282,2,112,2,639,3,3,20
1031,282,2,113,4,643,2,2,40
1032,282,2,114,6,649,4,3,60
1033,282,2,115,8,657,5,3,80
1034,282,2,116,2,659,3,3,20
1035,282,2,117,7,666,6,2,70
1036,282,2,118,2,668,5,5,20
1037,282,2,119,8,676,6,5,80
1038,282,2,120,9,685,5,5,90
1039,282,2,121,6,691,3,2,60
1040,282,2,122,6,697,6,6,60
1041,282,2,123,6,703,1,0,60
1042,282,2,124,5,708,3,3,50
1043,282,2,125,9,717,5,5,90
1044,282,2,126,9,726,6,6,90
1045,282,2,127,5,731,2,2,50
1046,282,2,128,7,738,3,3,70
1047,282,2,129,7,745,4,4,70
1048,282,2,130,8,753,7,7,80
1049,282,2,131,3,756,1,1,30
1050,282,2,132,9,765,2,1,90
1051,282,2,133,5,770,2,2,50
1052,282,2,134,8,778,7,7,80
1053,282,2,135,8,786,2,2,80
1054,282,2,136,6,792,6,6,60
1055,282,2,137,3,795,0,0,30
1056,282,2,138,9,804,4,4,90
1057,282,2,139,5,809,3,2,50
1058,282,2,140,3,812,4,4,30
1059,282,2,141,9,821,6,6,90
1060,282,2,142,2,823,0,0,20
1061,282,2,143,2,825,0,0,20
1062,282,2,144,2,827,3,3,20
1063,282,2,145,2,829,0,0,20
1064,282,2,146,9,838,3,3,90
1065,282,2,147,3,841,2,2,30
1066,282,2,148,4,845,1,1,40
1067,282,2,149,8,853,3,3,80
1068,282,2,150,9,862,5,5,90
1069,282,2,151,9,871,6,6,90
1070,282,2,152,3,874,0,0,30
1071,282,2,153,9,883,6,3,90
1072,282,2,154,6,889,7,7,60
1073,282,2,155,4,893,1,1,40
1074,282,2,156,4,897,2,2,40
1075,282,2,157,8,905,4,4,80
1076,282,2,158,9,914,3,2,90
1077,282,2,159,9,923,4,4,90
1078,282,2,160,5,928,2,2,50
1079,282,2,161,3,931,1,1,30
1080,282,2,162,4,935,0,0,40
1081,282,2,163,4,939,2,2,40
1082,282,2,164,6,945,6,6,60
1083,282,2,165,5,950,2,2,50
1084,282,2,166,7,957,3,3,70
1085,282,2,167,5,962,4,4,50
1086,282,2,168,3,965,4,4,30
1087,282,2,169,9,974,1,1,90
1088,282,2,170,3,977,0,0,30
1089,282,2,171,6,983,2,2,60
1090,282,2,172,5,988,4,4,50
1091,282,2,173,3,991,2,1,30
1092,282,2,174,3,994,2,2,30
1093,282,2,175,5,999,7,7,50
1094,282,2,176,4,1003,4,4,40
1095,282,2,177,4,1007,1,1,40
1096,282,2,178,9,1016,5,5,90
1097,282,2,179,2,1018,2,2,20
1098,282,2,180,6,1024,3,3,60
1099,282,2,181,7,1031,3,3,70
1100,282,2,182,8,1039,8,8,80
1101,282,2,183,8,1047,3,3,80
1102,282,2,184,3,1050,0,0,30
1103,282,2,185,5,1055,2,1,50
1104,282,2,186,2,1057,5,5,20
1105,282,2,187,2,1059,0,0,20
1106,282,2,188,6,1065,3,1,60
1107,282,2,189,5,1070,3,2,50
1108,282,2,190,7,1077,7,7,70
1109,282,2,191,9,1086,7,7,90
1110,282,2,192,5,1091,7,4,50
1111,282,2,193,7,1098,6,6,70
1112,282,2,194,8,1106,4,4,80
1113,282,2,195,6,1112,1,1,60
1114,282,2,196,2,1114,2,2,20
1115,282,2,197,2,1116,0,0,20
1116,282,2,198,3,1119,1,1,30
1117,282,2,199,2,1121,2,2,20
1118,282,2,200,8,1129,4,4,80
1119,282,2,201,2,1131,2,2,20
1120,282,2,202,2,1133,0,0,20
1121,282,2,203,6,1139,3,3,60
1122,282,2,204,3,1142,0,0,30
1123,282,2,205,6,1148,2,2,60
1124,282,2,206,9,1157,3,3,90
1125,282,2,207,5,1162,2,1,50
1126,282,2,208,9,1171,5,5,90
1127,282,2,209,8,1179,5,4,80
1128,282,2,210,9,1188,6,6,90
1129,282,2,211,3,1191,2,2,30
1130,282,2,212,6,1197,3,2,60
1131,282,2,213,6,1203,6,6,60
1132,282,2,214,4,1207,2,2,40
1133,282,2,215,5,1212,1,1,50
1134,282,2,216,3,1215,0,0,30
1135,282,2,217,9,1224,7,7,90
1136,282,2,218,2,1226,0,0,20
1137,282,2,219,6,1232,0,0,60
1138,282,2,220,2,1234,2,2,20
1139,282,2,221,7,1241,2,1,70
1140,282,2,222,5,1246,3,3,50
1141,282,2,223,5,1251,1,1,50
1142,282,2,224,3,1254,1,1,30
1143,282,2,225,7,1261,6,2,70
1144,282,2,226,2,1263,5,5,20
1145,282,2,227,8,1271,7,7,80
1146,282,2,228,9,1280,2,2,90
1147,282,2,229,3,1283,0,0,30
1148,282,2,230,5,1288,6,6,50
1149,282,2,231,5,1293,5,3,50
1150,282,2,232,7,1300,4,4,70
1151,282,2,233,8,1308,1,1,80
1152,282,2,234,9,1317,4,2,90
1153,282,2,235,4,1321,3,2,40
1154,282,2,236,2,1323,2,2,20
1155,282,2,237,5,1328,1,1,50
1156,282,2,238,9,1337,5,5,90
1157,282,2,239,7,1344,4,4,70
1158,282,2,240,9,1353,6,6,90
1159,282,2,241,4,1357,1,1,40
1160,282,2,242,2,1359,0,0,20
1161,282,2,243,5,1364,1,1,50
1162,282,2,244,6,1370,4,4,60
1163,282,2,245,3,1373,2,2,30
1164,282,2,246,4,1377,2,0,40
1165,282,2,247,2,1379,2,1,20
1166,282,2,248,3,1382,2,2,30
1167,282,2,249,3,1385,1,1,30
1168,282,2,250,6,1391,0,0,60
1169,282,2,251,6,1397,4,3,60
1170,282,2,252,8,1405,5,5,80
1171,282,2,253,6,1411,4,4,60
1172,282,2,254,4,1415,0,0,40
1173,282,2,255,5,1420,1,1,50
1174,282,2,256,8,1428,2,1,80
1175,282,2,257,8,1436,3,3,80
1176,282,2,258,5,1441,3,3,50
1177,282,2,259,8,1449,5,5,80
1178,282,2,260,9,1458,5,5,90
1179,282,2,261,2,1460,1,1,20
1180,282,2,262,8,1468,1,1,80
1181,282,2,263,4,1472,1,1,40
1182,282,2,264,7,1479,6,6,70
1183,282,2,265,9,1488,3,3,90
1184,282,2,266,2,1490,0,0,20
1185,282,2,267,4,1494,2,2,40
1186,282,2,268,4,1498,2,1,40
1187,282,2,269,6,1504,5,5,60
1188,282,2,270,5,1509,4,4,50
1189,282,2,271,3,1512,1,1,30
1190,282,2,272,8,1520,0,0,80
1191,282,2,273,6,1526,2,2,60
1192,282,2,274,8,1534,8,8,80
1193,282,2,275,4,1538,1,0,40
1194,282,2,276,9,1547,3,3,90
1195,282,2,277,4,1551,3,3,40
1196,282,2,278,6,1557,1,0,60
1197,282,2,279,6,1563,6,6,60
1198,282,2,280,5,1568,2,2,50
1199,282,2,281,8,1576,4,4,80
1200,282,2,282,7,1583,4,4,70
1201,282,2,283,7,1590,2,2,70
1202,282,2,284,4,1594,3,3,40
1203,282,2,285,4,1598,4,3,40
1204,282,2,286,6,1604,4,4,60
1205,282,2,287,3,1607,0,0,30
1206,282,2,288,2,1609,1,1,20
1207,282,2,289,9,1618,6,4,90
1208,282,2,290,5,1623,4,4,50
1209,282,2,291,2,1625,1,1,20
1210,282,2,292,2,1627,0,0,20
1211,282,2,293,7,1634,2,2,70
1212,282,2,294,3,1637,0,0,30
1213,282,2,295,6,1643,5,5,60
1214,282,2,296,9,1652,1,1,90
1215,282,2,297,4,1656,2,0,40
1216,282,2,298,8,1664,6,6,80
1217,282,2,299,8,1672,5,3,80
1218,282,2,300,5,1677,2,2,50
1219,282,2,301,4,1681,0,0,40
1220,282,2,302,8,1689,4,4,80
1221,282,2,303,4,1693,1,1,40
1222,282,2,304,6,1699,3,3,60
1223,282,2,305,7,1706,2,2,70
1224,282,2,306,7,1713,6,6,70
1225,282,2,307,4,1717,1,1,40
1226,282,2,308,4,1721,2,1,40
1227,282,2,309,7,1728,4,4,70
1228,282,2,310,9,1737,6,6,90
1229,282,2,311,8,1745,4,4,80
1230,282,2,312,5,1750,4,4,50
1231,282,2,313,8,1758,1,1,80
1232,282,2,314,6,1764,1,1,60
1233,282,2,315,9,1773,7,7,90
1234,282,2,316,5,1778,1,0,50
1235,282,2,317,2,1780,1,1,20
1236,282,2,318,2,1782,0,0,20
1237,282,2,319,9,1791,4,4,90
1238,282,2,320,2,1793,0,0,20
1239,282,2,321,4,1797,2,2,40
1240,282,2,322,6,1803,3,1,60
1241,282,2,323,4,1807,4,4,40
1242,282,2,324,7,1814,1,1,70
1243,282,2,325,2,1816,0,0,20
1244,282,2,326,7,1823,5,5,70
1245,282,2,327,5,1828,0,0,50
1246,282,2,328,7,1835,3,3,70
1247,282,2,329,8,1843,3,3,80
1248,282,2,330,3,1846,2,1,30
1249,282,2,331,9,1855,3,3,90
1250,282,2,332,2,1857,1,1,20
1251,282,2,333,4,1861,1,1,40
1252,282,2,334,7,1868,4,4,70
1253,282,2,335,4,1872,1,1,40
1254,282,2,336,6,1878,1,1,60
1255,282,2,337,6,1884,3,3,60
1256,282,2,338,4,1888,1,1,40
1257,282,2,339,9,1897,4,2,90
1258,282,2,340,2,1899,3,3,20
1259,282,2,341,3,1902,1,0,30
1260,282,2,342,9,1911,3,3,90
1261,282,2,343,4,1915,2,1,40
1262,282,2,344,3,1918,3,3,30
1263,282,2,345,8,1926,5,5,80
1264,282,2,346,8,1934,6,6,80
1265,282,2,347,5,1939,3,3,50
1266,282,2,348,6,1945,2,2,60
1267,282,2,349,5,1950,3,3,50
1268,282,2,350,6,1956,4,4,60
1269,282,2,351,7,1963,1,1,70
1270,282,2,352,5,1968,5,5,50
1271,282,2,353,3,1971,1,1,30
1272,282,2,354,3,1974,1,1,30
1273,282,2,355,9,1983,8,8,90
1274,282,2,356,4,1987,1,1,40
1275,282,2,357,5,1992,3,3,50
1276,282,2,358,6,1998,0,0,60
1277,282,2,359,7,2005,3,2,70
1278,282,2,360,7,2012,6,6,70
1279,282,2,361,4,2016,2,2,40
1280,282,2,362,4,2020,3,3,40
1281,282,2,363,4,2024,1,1,40
1282,282,2,364,2,2026,1,1,20
1283,282,2,365,7,2033,7,7,70
1284,282,2,366,4,2037,1,1,40
1285,282,2,367,2,2039,0,0,20
1286,282,2,368,4,2043,1,1,40
1287,282,2,369,5,2048,1,0,50
1288,282,2,370,2,2050,1,0,20
1289,282,2,371,3,2053,1,1,30
1290,282,2,372,3,2056,3,2,30
1291,282,2,373,8,2064,4,4,80
1292,282,2,374,2,2066,1,1,20
1293,282,2,375,3,2069,0,0,30
1294,282,2,376,8,2077,4,4,80
1295,282,2,377,2,2079,2,2,20
1296,282,2,378,4,2083,1,1,40
1297,282,2,379,2,2085,1,0,20
1298,282,2,380,3,2088,2,2,30
1299,282,2,381,3,2091,2,2,30
1300,282,2,382,6,2097,3,3,60
1301,282,2,383,3,2100,3,3,30
1302,282,2,384,5,2105,3,3,50
1303,282,2,385,8,2113,6,4,80
1304,282,2,386,6,2119,4,4,60
1305,282,2,387,6,2125,2,2,60
1306,282,2,388,5,2130,2,2,50
1307,282,2,389,8,2138,2,2,80
1308,282,2,390,2,2140,0,0,20
1309,282,2,391,8,2148,4,4,80
1310,282,2,392,8,2156,7,7,80
1311,282,2,393,2,2158,1,0,20
1312,282,2,394,9,2167,6,6,90
1313,282,2,395,9,2176,7,7,90
1314,282,2,396,8,2184,4,4,80
1315,282,2,397,6,2190,2,1,60
1316,282,2,398,4,2194,2,2,40
1317,282,2,399,6,2200,2,0,60
1318,282,2,400,8,2208,4,4,80
1319,282,2,401,7,2215,2,2,70
1320,282,2,402,2,2217,0,0,20
1321,282,2,403,9,2226,3,3,90
1322,282,2,404,2,2228,1,1,20
1323,282,2,405,7,2235,4,2,70
1324,282,2,406,3,2238,5,5,30
1325,282,2,407,6,2244,2,2,60
1326,282,2,408,4,2248,3,2,40
1327,282,2,409,9,2257,5,5,90
1328,282,2,410,4,2261,1,0,40
1329,282,2,411,4,2265,2,2,40
1330,282,2,412,9,2274,6,4,90
1331,282,2,413,7,2281,7,7,70
1332,282,2,414,3,2284,2,2,30
1333,282,2,415,7,2291,2,2,70
1334,282,2,416,6,2297,2,2,60
1335,282,2,417,6,2303,4,4,60
1336,282,2,418,7,2310,4,4,70
1337,282,2,419,2,2312,1,1,20
1338,282,2,420,2,2314,1,0,20
1339,282,2,421,9,2323,5,5,90
1340,282,2,422,5,2328,1,1,50
1341,282,2,423,4,2332,3,2,40
1342,282,2,424,7,2339,2,2,70
1343,282,2,425,7,2346,6,6,70
1344,282,2,426,2,2348,1,1,20
1345,282,2,427,3,2351,3,3,30
1346,282,2,428,2,2353,1,1,20
1347,282,2,429,5,2358,2,2,50
1348,282,2,430,3,2361,1,1,30
1349,282,2,431,8,2369,3,3,80
1350,282,2,432,7,2376,3,2,70
1351,282,2,433,5,2381,1,1,50
1352,282,2,434,9,2390,7,7,90
1353,282,2,435,8,2398,4,3,80
1354,282,2,436,8,2406,9,9,80
1355,282,2,437,2,2408,0,0,20
1356,282,2,438,3,2411,0,0,30
1357,282,2,439,5,2416,1,1,50
1358,282,2,440,7,2423,1,1,70
1359,282,2,441,8,2431,4,2,80
1360,282,2,442,8,2439,6,6,80
1361,282,2,443,5,2444,4,4,50
1362,282,2,444,4,2448,4,4,40
1363,282,2,445,9,2457,9,7,90
1364,282,2,446,2,2459,4,4,20
1365,282,2,447,4,2463,1,1,40
1366,282,2,448,7,2470,3,3,70
1367,282,2,449,7,2477,3,3,70
1368,282,2,450,2,2479,0,0,20
1369,282,2,451,7,2486,3,3,70
1370,282,2,452,5,2491,2,2,50
1371,282,2,453,8,2499,1,1,80
1372,282,2,454,2,2501,0,0,20
1373,282,2,455,9,2510,8,8,90
1374,282,2,456,9,2519,9,9,90
1375,282,2,457,4,2523,4,4,40
1376,282,2,458,9,2532,9,5,90
1377,282,2,459,7,2539,10,8,70
1378,282,2,460,2,2541,5,5,20
1379,282,2,461,6,2547,4,2,60
1380,282,2,462,2,2549,2,2,20
1381,282,2,463,3,2552,2,2,30
1382,282,2,464,2,2554,2,2,20
1383,282,2,465,7,2561,6,6,70
1384,282,2,466,3,2564,0,0,30
1385,282,2,467,9,2573,3,3,90
1386,282,2,468,5,2578,3,2,50
1387,282,2,469,3,2581,3,3,30
1388,282,2,470,6,2587,7,7,60
1389,282,2,471,8,2595,3,3,80
1390,282,2,472,6,2601,1,1,60
1391,282,2,473,6,2607,1,1,60
1392,282,2,474,4,2611,0,0,40
1393,282,2,475,3,2614,2,2,30
1394,282,2,476,6,2620,4,4,60
1395,282,2,477,3,2623,3,3,30
1396,282,2,478,4,2627,3,3,40
1397,282,2,479,5,2632,1,1,50
1398,282,2,480,7,2639,4,4,70
1399,282,2,481,2,2641,0,0,20
1400,282,2,482,7,2648,6,6,70
1401,282,2,483,5,2653,1,1,50
1402,282,2,484,5,2658,1,0,50
1403,282,2,485,3,2661,3,3,30
1404,282,2,486,6,2667,5,5,60
1405,282,2,487,3,2670,0,0,30
1406,282,2,488,3,2673,2,2,30
1407,282,2,489,4,2677,1,1,40
1408,282,2,490,2,2679,2,1,20
1409,282,2,491,4,2683,6,6,40
1410,282,2,492,5,2688,4,4,50
1411,282,2,493,6,2694,1,1,60
1412,282,2,494,2,2696,2,2,20
1413,282,2,495,6,2702,1,1,60
1414,282,2,496,5,2707,2,1,50
1415,282,2,497,2,2709,1,1,20
1416,282,2,498,9,2718,2,2,90
1417,282,2,499,6,2724,3,3,60
1418,282,2,500,4,2728,2,2,40
1419,282,2,501,9,2737,0,0,90
1420,282,2,502,5,2742,6,6,50
1421,282,2,503,6,2748,4,4,60
1422,282,2,504,4,2752,0,0,40
1423,282,2,505,9,2761,2,2,90
1424,282,2,506,7,2768,5,4,70
1425,282,2,507,4,2772,4,4,40
1426,282,2,508,4,2776,3,3,40
1427,282,2,509,2,2778,2,2,20
1428,282,2,510,9,2787,2,2,90
1429,282,2,511,9,2796,2,2,90
1430,282,2,512,6,2802,0,0,60
1431,282,2,513,8,2810,4,4,80
1432,282,2,514,6,2816,3,3,60
1433,282,2,515,6,2822,2,2,60
1434,282,2,516,2,2824,2,2,20
1435,282,2,517,6,2830,5,4,60
1436,282,2,518,4,2834,5,5,40
1437,282,2,519,8,2842,9,4,80
1438,282,2,520,6,2848,9,8,60
1439,282,2,521,3,2851,3,3,30
1440,282,2,522,4,2855,1,1,40
1441,282,2,523,3,2858,0,0,30
1442,282,2,524,4,2862,3,3,40
1443,282,2,525,8,2870,4,4,80
1444,282,2,526,8,2878,5,5,80
1445,282,2,527,2,2880,0,0,20
1446,282,2,528,5,2885,4,3,50
1447,282,2,529,8,2893,5,3,80
1448,282,2,530,9,2902,5,5,90
1449,282,2,531,2,2904,1,1,20
1450,282,2,532,7,2911,3,2,70
1451,282,2,533,3,2914,4,4,30
1452,282,2,534,5,2919,2,2,50
1453,282,2,535,4,2923,3,3,40
1454,282,2,536,2,2925,1,1,20
1455,282,2,537,7,2932,3,3,70
1456,282,2,538,5,2937,1,1,50
1457,282,2,539,6,2943,5,5,60
1458,282,2,540,2,2945,1,1,20
1459,282,2,541,9,2954,8,8,90
1460,282,2,542,9,2963,1,0,90
1461,282,2,543,5,2968,3,3,50
1462,282,2,544,4,2972,1,1,40
1463,282,2,545,8,2980,5,3,80
1464,282,2,546,8,2988,5,5,80
1465,282,2,547,9,2997,1,1,90
1466,282,2,548,4,3001,6,6,40
1467,282,2,549,2,3003,0,0,20
1468,282,2,550,3,3006,2,1,30
1469,282,2,551,8,3014,9,6,80
1470,282,2,552,4,3018,6,5,40
1471,282,2,553,7,3025,2,2,70
1472,282,2,554,5,3030,1,0,50
1473,282,2,555,8,3038,3,3,80
1474,282,2,556,8,3046,8,8,80
1475,282,2,557,4,3050,1,1,40
1476,282,2,558,7,3057,5,5,70
1477,282,2,559,6,3063,3,3,60
1478,282,2,560,6,3069,6,6,60
1479,282,2,561,9,3078,3,2,90
1480,282,2,562,8,3086,5,4,80
1481,282,2,563,8,3094,7,7,80
1482,282,2,564,9,3103,4,4,90
1483,282,2,565,8,3111,6,6,80
1484,282,2,566,9,3120,4,3,90
1485,282,2,567,9,3129,9,9,90
1486,282,2,568,7,3136,4,4,70
1487,282,2,569,6,3142,5,5,60
1488,282,2,570,9,3151,1,1,90
1489,282,2,571,6,3157,1,1,60
1490,282,2,572,7,3164,3,2,70
1491,282,2,573,5,3169,5,5,50
1492,282,2,574,5,3174,2,2,50
1493,282,2,575,8,3182,2,2,80
1494,282,2,576,3,3185,2,2,30
1495,282,2,577,4,3189,2,0,40
1496,282,2,578,7,3196,6,6,70
1497,282,2,579,8,3204,7,6,80
1498,282,2,580,2,3206,1,1,20
1499,282,2,581,4,3210,1,1,40
1500,282,2,582,7,3217,5,3,70
1501,282,2,583,4,3221,7,7,40
1502,282,2,584,5,3226,2,2,50
1503,282,2,585,8,3234,4,1,80
1504,282,2,586,4,3238,7,7,40
1505,282,2,587,7,3245,3,1,70
1506,282,2,588,2,3247,3,3,20
1507,282,2,589,5,3252,0,0,50
1508,282,2,590,3,3255,2,2,30
1509,282,2,591,5,3260,2,1,50
1510,282,2,592,8,3268,4,4,80
1511,282,2,593,2,3270,1,1,20
1512,282,2,594,9,3279,5,5,90
1513,282,2,595,3,3282,1,1,30
1514,282,2,596,8,3290,2,2,80
1515,282,2,597,3,3293,2,2,30
1516,282,2,598,5,3298,3,3,50
1517,282,2,599,8,3306,4,4,80
1518,282,2,600,8,3314,2,0,80
1519,282,2,601,2,3316,2,1,20
1520,282,2,602,4,3320,2,2,40
1521,282,2,603,4,3324,2,2,40
1522,282,2,604,9,3333,3,3,90
1523,282,2,605,7,3340,1,1,70
1524,282,2,606,9,3349,2,2,90
1525,282,2,607,4,3353,2,1,40
1526,282,2,608,6,3359,6,6,60
1527,282,2,609,4,3363,2,2,40
1528,282,2,610,6,3369,1,1,60
1529,282,2,611,6,3375,1,1,60
1530,282,2,612,9,3384,4,2,90
1531,282,2,613,3,3387,4,4,30
1532,282,2,614,8,3395,6,6,80
1533,282,2,615,3,3398,2,2,30
1534,282,2,616,6,3404,7,7,60
1535,282,2,617,9,3413,4,4,90
1536,282,2,618,5,3418,0,0,50
1537,282,2,619,4,3422,3,3,40
1538,282,2,620,8,3430,3,3,80
1539,282,2,621,6,3436,0,0,60
1540,282,2,622,9,3445,1,0,90
1541,282,2,623,8,3453,6,6,80
1542,282,2,624,4,3457,4,4,40
1543,282,2,625,7,3464,1,1,70
1544,282,2,626,3,3467,2,2,30
1545,282,2,627,4,3471,3,3,40
1546,282,2,628,7,3478,2,2,70
1547,282,2,629,9,3487,4,3,90
1548,282,2,630,9,3496,3,2,90
1549,282,2,631,4,3500,4,3,40
1550,282,2,632,7,3507,3,3,70
1551,282,2,633,7,3514,3,2,70
1552,282,2,634,4,3518,3,3,40
1553,282,2,635,4,3522,0,0,40
1554,282,2,636,8,3530,1,1,80
1555,282,2,637,2,3532,1,1,20
1556,282,2,638,5,3537,2,2,50
1557,282,2,639,5,3542,6,6,50
1558,282,2,640,7,3549,1,1,70
1559,282,2,641,7,3556,2,1,70
1560,282,2,642,2,3558,2,2,20
1561,282,2,643,8,3566,8,8,80
1562,282,2,644,7,3573,4,4,70
1563,282,2,645,7,3580,8,4,70
1564,282,2,646,9,3589,6,4,90
1565,282,2,647,2,3591,2,2,20
1566,282,2,648,4,3595,4,3,40
1567,282,2,649,5,3600,5,3,50
1568,282,2,650,4,3604,3,3,40
1569,282,2,651,7,3611,5,5,70
1570,282,2,652,7,3618,7,7,70
1571,282,2,653,7,3625,2,2,70
1572,282,2,654,6,3631,2,2,60
1573,282,2,655,8,3639,6,6,80
1574,282,2,656,4,3643,2,2,40
1575,282,2,657,3,3646,1,0,30
1576,282,2,658,7,3653,2,1,70
1577,282,2,659,7,3660,2,1,70
1578,282,2,660,5,3665,2,2,50
1579,282,2,661,7,3672,3,2,70
1580,282,2,662,4,3676,5,5,40
1581,282,2,663,3,3679,2,1,30
1582,282,2,664,5,3684,2,1,50
1583,282,2,665,7,3691,6,6,70
1584,282,2,666,7,3698,4,4,70
1585,282,2,667,7,3705,4,4,70
1586,282,2,668,4,3709,1,1,40
1587,282,2,669,2,3711,0,0,20
1588,282,2,670,9,3720,7,7,90
1589,282,2,671,2,3722,2,2,20
1590,282,2,672,3,3725,4,4,30
1591,282,2,673,5,3730,2,2,50
1592,282,2,674,7,3737,2,2,70
1593,282,2,675,3,3740,0,0,30
1594,282,2,676,4,3744,1,1,40
1595,282,2,677,2,3746,0,0,20
1596,282,2,678,7,3753,2,2,70
1597,282,2,679,2,3755,3,3,20
1598,282,2,680,9,3764,2,2,90
1599,282,2,681,7,3771,2,2,70
1600,282,2,682,5,3776,3,3,50
1601,282,2,683,5,3781,8,5,50
1602,282,2,684,5,3786,3,3,50
1603,282,2,685,2,3788,1,1,20
1604,282,2,686,6,3794,2,2,60
1605,282,2,687,8,3802,4,4,80
1606,282,2,688,2,3804,3,3,20
1607,282,2,689,8,3812,2,2,80
1608,282,2,690,6,3818,4,4,60
1609,282,2,691,3,3821,1,1,30
1610,282,2,692,4,3825,2,2,40
1611,282,2,693,3,3828,3,3,30
1612,282,2,694,8,3836,1,0,80
1613,282,2,695,5,3841,5,5,50
1614,282,2,696,3,3844,1,1,30
1615,282,2,697,5,3849,5,5,50
1616,282,2,698,9,3858,5,5,90
1617,282,2,699,9,3867,1,0,90
1618,282,2,700,6,3873,3,3,60
1619,282,2,701,2,3875,3,3,20
1620,282,2,702,7,3882,4,4,70
1621,282,2,703,3,3885,1,1,30
1622,282,2,704,7,3892,0,0,70
1623,282,2,705,4,3896,2,2,40
1624,282,2,706,2,3898,1,1,20
1625,282,2,707,4,3902,0,0,40
1626,282,2,708,8,3910,4,3,80
1627,282,2,709,3,3913,3,3,30
1628,282,2,710,2,3915,3,3,20
1629,282,2,711,6,3921,4,4,60
1630,282,2,712,3,3924,0,0,30
1631,282,2,713,8,3932,3,3,80
1632,282,2,714,6,3938,4,3,60
1633,282,2,715,9,3947,9,9,90
1634,282,2,716,6,3953,2,2,60
1635,282,2,717,7,3960,4,4,70
1636,282,2,718,5,3965,1,1,50
1637,282,2,719,6,3971,7,7,60
1638,282,2,720,7,3978,6,6,70
1639,282,2,721,5,3983,1,0,50
1640,282,2,722,7,3990,7,7,70
1641,282,2,723,9,3999,6,6,90
1642,282,2,724,9,4008,5,5,90
1643,282,2,725,4,4012,3,3,40
1644,282,2,726,2,4014,0,0,20
1645,282,2,727,7,4021,3,3,70
1646,282,2,728,2,4023,2,2,20
1647,282,2,729,5,4028,2,2,50
1648,282,2,730,9,4037,5,5,90
1649,282,2,731,8,4045,3,2,80
1650,282,2,732,5,4050,3,2,50
1651,282,2,733,6,4056,2,2,60
1652,282,2,734,7,4063,2,2,70
1653,282,2,735,9,4072,2,2,90
1654,282,2,736,4,4076,2,2,40
1655,282,2,737,3,4079,1,0,30
1656,282,2,738,7,4086,8,7,70
1657,282,2,739,2,4088,2,2,20
1658,282,2,740,9,4097,3,3,90
1659,282,2,741,9,4106,4,4,90
1660,282,2,742,2,4108,1,0,20
1661,282,2,743,2,4110,1,0,20
1662,282,2,744,5,4115,2,2,50
1663,282,2,745,8,4123,6,6,80
1664,282,2,746,3,4126,2,1,30
1665,282,2,747,5,4131,1,0,50
1666,282,2,748,4,4135,2,2,40
1667,282,2,749,4,4139,2,1,40
1668,282,2,750,7,4146,2,2,70
1669,282,2,751,6,4152,2,2,60
1670,282,2,752,9,4161,4,4,90
1671,282,2,753,9,4170,3,3,90
1672,282,2,754,6,4176,4,4,60
1673,282,2,755,3,4179,2,2,30
1674,282,2,756,8,4187,3,3,80
1675,282,2,757,3,4190,0,0,30
1676,282,2,758,6,4196,4,4,60
1677,282,2,759,6,4202,2,2,60
1678,282,2,760,3,4205,0,0,30
1679,282,2,761,2,4207,1,0,20
1680,282,2,762,2,4209,2,2,20
1681,282,2,763,2,4211,0,0,20
1682,282,2,764,6,4217,3,3,60
1683,282,2,765,4,4221,2,1,40
1684,282,2,766,6,4227,3,3,60
1685,282,2,767,5,4232,1,1,50
1686,282,2,768,8,4240,1,0,80
1687,282,2,769,2,4242,3,3,20
1688,282,2,770,8,4250,4,4,80
1689,282,2,771,8,4258,4,4,80
1690,282,2,772,5,4263,2,2,50
1691,282,2,773,5,4268,3,3,50
1692,282,2,774,8,4276,1,1,80
1693,282,2,775,2,4278,0,0,20
1694,282,2,776,9,4287,8,8,90
1695,282,2,777,4,4291,3,3,40
1696,282,2,778,5,4296,1,1,50
1697,282,2,779,9,4305,6,5,90
1698,282,2,780,8,4313,4,4,80
1699,282,2,781,8,4321,8,8,80
1700,282,2,782,9,4330,3,2,90
1701,282,2,783,2,4332,2,2,20
1702,282,2,784,4,4336,1,1,40
1703,282,2,785,8,4344,10,10,80
1704,282,2,786,5,4349,3,3,50
1705,282,2,787,7,4356,7,7,70
1706,282,2,788,2,4358,2,2,20
1707,282,2,789,5,4363,2,2,50
1708,282,2,790,7,4370,3,1,70
1709,282,2,791,2,4372,3,3,20
1710,282,2,792,4,4376,3,0,40
1711,282,2,793,9,4385,8,8,90
1712,282,2,794,5,4390,2,2,50
1713,282,2,795,4,4394,0,0,40
1714,282,2,796,7,4401,2,2,70
1715,282,2,797,7,4408,5,5,70
1716,282,2,798,2,4410,1,1,20
1717,282,2,799,5,4415,1,1,50
1718,282,2,800,3,4418,1,1,30
1719,282,2,801,7,4425,1,1,70
1720,282,2,802,7,4432,3,3,70
1721,282,2,803,3,4435,0,0,30
1722,282,2,804,7,4442,3,3,70
1723,282,2,805,8,4450,3,3,80
1724,282,2,806,9,4459,2,2,90
1725,282,2,807,9,4468,3,2,90
1726,282,2,808,2,4470,3,3,20
1727,282,2,809,7,4477,3,2,70
1728,282,2,810,3,4480,2,2,30
1729,282,2,811,5,4485,6,6,50
1730,282,2,812,2,4487,1,1,20
1731,282,2,813,3,4490,2,2,30
1732,282,2,814,9,4499,6,6,90
1733,282,2,815,5,4504,4,4,50
1734,282,2,816,8,4512,8,8,80
1735,282,2,817,7,4519,5,5,70
1736,282,2,818,7,4526,1,0,70
1737,282,2,819,2,4528,3,3,20
1738,282,2,820,6,4534,0,0,60
1739,282,2,821,5,4539,4,4,50
1740,282,2,822,8,4547,8,8,80
1741,282,2,823,8,4555,4,4,80
1742,282,2,824,3,4558,1,1,30
1743,282,2,825,4,4562,4,3,40
1744,282,2,826,2,4564,1,0,20
1745,282,2,827,6,4570,6,6,60
1746,282,2,828,5,4575,5,5,50
1747,282,2,829,6,4581,5,5,60
1748,282,2,830,8,4589,3,3,80
1749,282,2,831,4,4593,2,1,40
1750,282,2,832,9,4602,8,8,90
1751,282,2,833,2,4604,1,1,20
1752,282,2,834,6,4610,1,1,60
1753,282,2,835,2,4612,0,0,20
1754,282,2,836,6,4618,3,2,60
1755,282,2,837,4,4622,3,3,40
1756,282,2,838,9,4631,4,4,90
1757,282,2,839,9,4640,5,5,90
1758,282,2,840,5,4645,4,3,50
1759,282,2,841,4,4649,2,2,40
1760,282,2,842,8,4657,3,2,80
1761,282,2,843,8,4665,7,7,80
1762,282,2,844,4,4669,2,2,40
1763,282,2,845,3,4672,0,0,30
1764,282,2,846,3,4675,3,3,30
1765,282,2,847,8,4683,2,1,80
1766,282,2,848,9,4692,4,4,90
1767,282,2,849,3,4695,2,2,30
1768,282,2,850,5,4700,3,3,50
1769,282,2,851,6,4706,1,1,60
1770,282,2,852,6,4712,1,1,60
1771,282,2,853,5,4717,5,3,50
1772,282,2,854,6,4723,3,3,60
1773,282,2,855,2,4725,0,0,20
1774,282,2,856,7,4732,4,4,70
1775,282,2,857,3,4735,1,0,30
1776,282,2,858,9,4744,5,5,90
1777,282,2,859,4,4748,2,2,40
1778,282,2,860,7,4755,3,3,70
1779,282,2,861,4,4759,2,2,40
1780,282,2,862,6,4765,2,2,60
1781,282,2,863,6,4771,2,2,60
1782,282,2,864,6,4777,3,3,60
1783,282,2,865,3,4780,0,0,30
1784,282,2,866,7,4787,7,7,70
1785,282,2,867,8,4795,5,5,80
1786,282,2,868,5,4800,3,3,50
1787,282,2,869,3,4803,4,3,30
1788,282,2,870,9,4812,4,4,90
1789,282,2,871,2,4814,0,0,20
1790,282,2,872,4,4818,1,0,40
1791,282,2,873,7,4825,1,0,70
1792,282,2,874,6,4831,2,1,60
1793,282,2,875,2,4833,2,2,20
1794,282,2,876,7,4840,2,2,70
1795,282,2,877,4,4844,1,1,40
1796,282,2,878,5,4849,1,0,50
1797,282,2,879,3,4852,4,4,30
1798,282,2,880,2,4854,1,1,20
1799,282,2,881,3,4857,2,2,30
1800,282,2,882,6,4863,3,3,60
1801,282,2,883,9,4872,3,3,90
1802,282,2,884,2,4874,2,2,20
1803,282,2,885,4,4878,1,1,40
1804,282,2,886,5,4883,2,2,50
1805,282,2,887,3,4886,3,3,30
1806,282,2,888,7,4893,6,6,70
1807,282,2,889,2,4895,1,0,20
1808,282,2,890,4,4899,3,2,40
1809,282,2,891,3,4902,1,1,30
1810,282,2,892,6,4908,2,2,60
1811,282,2,893,8,4916,0,0,80
1812,282,2,894,2,4918,2,2,20
1813,282,2,895,8,4926,3,3,80
1814,282,2,896,5,4931,0,0,50
1815,282,2,897,7,4938,4,4,70
1816,282,2,898,2,4940,0,0,20
1817,282,2,899,6,4946,3,3,60
1818,282,2,900,2,4948,0,0,20
1819,282,2,901,4,4952,0,0,40
1820,282,2,902,7,4959,8,8,70
1821,282,2,903,8,4967,2,2,80
1822,282,2,904,5,4972,1,1,50
1823,282,2,905,6,4978,2,2,60
1824,282,2,906,7,4985,6,6,70
1825,282,2,907,6,4991,2,2,60
1826,282,2,908,8,4999,10,10,80
1827,282,3,1,8,8,2,2,80
1828,282,3,2,3,11,0,0,30
1829,282,3,3,8,19,4,4,80
1830,282,3,4,6,25,6,6,60
1831,282,3,5,8,33,3,3,80
1832,282,3,6,4,37,4,2,40
1833,282,3,7,5,42,2,2,50
1834,282,3,8,9,51,6,6,90
1835,282,3,9,9,60,10,10,90
1836,282,3,10,5,65,2,2,50
1837,282,3,11,7,72,2,2,70
1838,282,3,12,2,74,2,2,20
1839,282,3,13,8,82,3,1,80
1840,282,3,14,2,84,3,3,20
1841,282,3,15,6,90,3,3,60
1842,282,3,16,5,95,4,4,50
1843,282,3,17,3,98,1,1,30
1844,282,3,18,5,103,3,2,50
1845,282,3,19,2,105,3,3,20
1846,282,3,20,6,111,2,0,60
1847,282,3,21,6,117,5,5,60
1848,282,3,22,4,121,0,0,40
1849,282,3,23,9,130,4,3,90
1850,282,3,24,9,139,4,4,90
1851,282,3,25,8,147,5,5,80
1852,282,3,26,2,149,0,0,20
1853,282,3,27,9,158,4,4,90
1854,282,3,28,3,161,0,0,30
1855,282,3,29,5,166,0,0,50
1856,282,3,30,8,174,2,2,80
1857,282,3,31,5,179,2,2,50
1858,282,3,32,6,185,3,3,60
1859,282,3,33,9,194,4,4,90
1860,282,3,34,8,202,3,3,80
1861,282,3,35,9,211,3,3,90
1862,282,3,36,2,213,0,0,20
1863,282,3,37,6,219,1,1,60
1864,282,3,38,3,222,0,0,30
1865,282,3,39,9,231,9,9,90
1866,282,3,40,7,238,5,5,70
1867,282,3,41,7,245,5,5,70
1868,282,3,42,5,250,2,1,50
1869,282,3,43,7,257,6,6,70
1870,282,3,44,9,266,6,4,90
1871,282,3,45,9,275,4,4,90
1872,282,3,46,9,284,5,0,90
1873,282,3,47,5,289,8,8,50
1874,282,3,48,4,293,1,1,40
1875,282,3,49,9,302,2,1,90
1876,282,3,50,6,308,4,4,60
1877,282,3,51,8,316,2,2,80
1878,282,3,52,6,322,4,4,60
1879,282,3,53,2,324,0,0,20
1880,282,3,54,4,328,2,2,40
1881,282,3,55,2,330,0,0,20
1882,282,3,56,3,333,3,3,30
1883,282,3,57,9,342,6,6,90
1884,282,3,58,8,350,4,3,80
1885,282,3,59,8,358,4,2,80
1886,282,3,60,6,364,8,8,60
1887,282,3,61,4,368,0,0,40
1888,282,3,62,6,374,4,4,60
1889,282,3,63,2,376,1,1,20
1890,282,3,64,3,379,1,1,30
1891,282,3,65,5,384,2,2,50
1892,282,3,66,4,388,1,1,40
1893,282,3,67,7,395,4,4,70
1894,282,3,68,8,403,3,3,80
1895,282,3,69,4,407,1,1,40
1896,282,3,70,3,410,2,2,30
1897,282,3,71,4,414,2,0,40
1898,282,3,72,3,417,3,2,30
1899,282,3,73,5,422,3,3,50
1900,282,3,74,8,430,6,6,80
1901,282,3,75,8,438,6,6,80
1902,282,3,76,7,445,3,1,70
1903,282,3,77,7,452,6,6,70
1904,282,3,78,2,454,0,0,20
1905,282,3,79,8,462,7,5,80
1906,282,3,80,2,464,3,3,20
1907,282,3,81,3,467,1,0,30
1908,282,3,82,4,471,2,2,40
1909,282,3,83,2,473,3,1,20
1910,282,3,84,2,475,2,2,20
1911,282,3,85,3,478,1,0,30
1912,282,3,86,7,485,5,4,70
1913,282,3,87,6,491,2,2,60
1914,282,3,88,6,497,2,1,60
1915,282,3,89,3,500,3,3,30
1916,282,3,90,8,508,2,0,80
1917,282,3,91,7,515,7,5,70
1918,282,3,92,3,518,7,7,30
1919,282,3,93,2,520,1,1,20
1920,282,3,94,5,525,4,2,50
1921,282,3,95,2,527,2,1,20
1922,282,3,96,4,531,2,2,40
1923,282,3,97,5,536,1,0,50
1924,282,3,98,6,542,6,6,60
1925,282,3,99,9,551,5,5,90
1926,282,3,100,9,560,2,1,90
1927,282,3,101,4,564,3,2,40
1928,282,3,102,9,573,2,2,90
1929,282,3,103,7,580,2,2,70
1930,282,3,104,2,582,0,0,20
1931,282,3,105,9,591,6,6,90
1932,282,3,106,9,600,6,6,90
1933,282,3,107,3,603,2,1,30
1934,282,3,108,6,609,3,3,60
1935,282,3,109,8,617,0,0,80
1936,282,3,110,2,619,0,0,20
1937,282,3,111,8,627,6,4,80
1938,282,3,112,2,629,2,2,20
1939,282,3,113,3,632,3,1,30
1940,282,3,114,8,640,10,10,80
1941,282,3,115,6,646,4,4,60
1942,282,3,116,8,654,3,3,80
1943,282,3,117,5,659,0,0,50
1944,282,3,118,4,663,0,0,40
1945,282,3,119,7,670,2,2,70
1946,282,3,120,4,674,3,3,40
1947,282,3,121,2,676,1,1,20
1948,282,3,122,5,681,6,4,50
1949,282,3,123,6,687,3,3,60
1950,282,3,124,3,690,1,1,30
1951,282,3,125,7,697,4,2,70
1952,282,3,126,3,700,3,3,30
1953,282,3,127,6,706,1,1,60
1954,282,3,128,7,713,4,4,70
1955,282,3,129,5,718,4,4,50
1956,282,3,130,5,723,1,1,50
1957,282,3,131,4,727,1,1,40
1958,282,3,132,3,730,3,2,30
1959,282,3,133,6,736,3,2,60
1960,282,3,134,7,743,5,4,70
1961,282,3,135,9,752,2,2,90
1962,282,3,136,3,755,4,2,30
1963,282,3,137,5,760,3,3,50
1964,282,3,138,2,762,0,0,20
1965,282,3,139,9,771,10,10,90
1966,282,3,140,3,774,2,1,30
1967,282,3,141,7,781,1,1,70
1968,282,3,142,4,785,0,0,40
1969,282,3,143,8,793,10,10,80
1970,282,3,144,5,798,4,3,50
1971,282,3,145,3,801,1,0,30
1972,282,3,146,6,807,3,3,60
1973,282,3,147,3,810,1,1,30
1974,282,3,148,3,813,3,3,30
1975,282,3,149,6,819,3,2,60
1976,282,3,150,3,822,1,1,30
1977,282,3,151,8,830,3,3,80
1978,282,3,152,7,837,0,0,70
1979,282,3,153,6,843,2,2,60
1980,282,3,154,6,849,1,1,60
1981,282,3,155,7,856,2,2,70
1982,282,3,156,8,864,6,4,80
1983,282,3,157,7,871,6,6,70
1984,282,3,158,4,875,1,1,40
1985,282,3,159,9,884,2,2,90
1986,282,3,160,9,893,4,3,90
1987,282,3,161,4,897,1,1,40
1988,282,3,162,7,904,5,5,70
1989,282,3,163,9,913,5,5,90
1990,282,3,164,9,922,5,4,90
1991,282,3,165,5,927,4,4,50
1992,282,3,166,4,931,3,3,40
1993,282,3,167,4,935,0,0,40
1994,282,3,168,7,942,3,1,70
1995,282,3,169,9,951,5,5,90
1996,282,3,170,3,954,5,5,30
1997,282,3,171,7,961,4,4,70
1998,282,3,172,4,965,2,1,40
1999,282,3,173,3,968,1,1,30
2000,282,3,174,2,970,1,1,20
2001,282,3,175,5,975,5,5,50
2002,282,3,176,9,984,2,2,90
2003,282,3,177,9,993,3,2,90
2004,282,3,178,8,1001,3,3,80
2005,282,3,179,7,1008,2,2,70
2006,282,3,180,6,1014,2,2,60
2007,282,3,181,7,1021,1,1,70
2008,282,3,182,4,1025,2,2,40
2009,282,3,183,2,1027,0,0,20
2010,282,3,184,9,1036,3,2,90
2011,282,3,185,7,1043,5,5,70
2012,282,3,186,7,1050,8,8,70
2013,282,3,187,2,1052,2,2,20
2014,282,3,188,2,1054,1,1,20
2015,282,3,189,2,1056,1,1,20
2016,282,3,190,7,1063,4,2,70
2017,282,3,191,4,1067,2,2,40
2018,282,3,192,3,1070,3,3,30
2019,282,3,193,6,1076,2,2,60
2020,282,3,194,5,1081,1,1,50
2021,282,3,195,9,1090,5,5,90
2022,282,3,196,4,1094,2,2,40
2023,282,3,197,8,1102,7,5,80
2024,282,3,198,2,1104,4,4,20
2025,282,3,199,9,1113,9,9,90
2026,282,3,200,2,1115,1,1,20
2027,282,3,201,8,1123,8,7,80
2028,282,3,202,5,1128,5,3,50
2029,282,3,203,3,1131,5,5,30
2030,282,3,204,7,1138,5,5,70
2031,282,3,205,3,1141,0,0,30
2032,282,3,206,7,1148,4,4,70
2033,282,3,207,6,1154,4,4,60
2034,282,3,208,2,1156,0,0,20
2035,282,3,209,4,1160,1,1,40
2036,282,3,210,6,1166,2,1,60
2037,282,3,211,9,1175,4,4,90
2038,282,3,212,4,1179,2,2,40
2039,282,3,213,9,1188,5,3,90
2040,282,3,214,4,1192,3,3,40
2041,282,3,215,8,1200,3,3,80
2042,282,3,216,5,1205,1,0,50
2043,282,3,217,6,1211,9,9,60
2044,282,3,218,2,1213,1,0,20
2045,282,3,219,8,1221,3,3,80
2046,282,3,220,4,1225,2,2,40
2047,282,3,221,5,1230,4,4,50
2048,282,3,222,2,1232,2,0,20
2049,282,3,223,8,1240,5,2,80
2050,282,3,224,4,1244,7,7,40
2051,282,3,225,9,1253,5,3,90
2052,282,3,226,7,1260,8,8,70
2053,282,3,227,2,1262,0,0,20
2054,282,3,228,4,1266,1,1,40
2055,282,3,229,3,1269,0,0,30
2056,282,3,230,4,1273,2,2,40
2057,282,3,231,8,1281,9,9,80
2058,282,3,232,7,1288,6,6,70
2059,282,3,233,2,1290,5,5,20
2060,282,3,234,5,1295,6,6,50
2061,282,3,235,3,1298,4,4,30
2062,282,3,236,3,1301,3,2,30
2063,282,3,237,6,1307,2,2,60
2064,282,3,238,8,1315,3,3,80
2065,282,3,239,8,1323,5,5,80
2066,282,3,240,6,1329,0,0,60
2067,282,3,241,5,1334,3,2,50
2068,282,3,242,7,1341,4,4,70
2069,282,3,243,5,1346,2,2,50
2070,282,3,244,8,1354,2,2,80
2071,282,3,245,8,1362,1,1,80
2072,282,3,246,4,1366,0,0,40
2073,282,3,247,5,1371,1,0,50
2074,282,3,248,4,1375,3,3,40
2075,282,3,249,4,1379,3,3,40
2076,282,3,250,8,1387,9,5,80
2077,282,3,251,5,1392,5,5,50
2078,282,3,252,3,1395,1,1,30
2079,282,3,253,3,1398,0,0,30
2080,282,3,254,7,1405,4,4,70
2081,282,3,255,7,1412,6,6,70
2082,282,3,256,5,1417,2,1,50
2083,282,3,257,6,1423,5,5,60
2084,282,3,258,2,1425,1,0,20
2085,282,3,259,3,1428,1,0,30
2086,282,3,260,4,1432,6,6,40
2087,282,3,261,2,1434,1,0,20
2088,282,3,262,2,1436,2,2,20
2089,282,3,263,3,1439,1,1,30
2090,282,3,264,4,1443,3,3,40
2091,282,3,265,2,1445,1,1,20
2092,282,3,266,3,1448,1,0,30
2093,282,3,267,6,1454,4,4,60
2094,282,3,268,6,1460,6,6,60
2095,282,3,269,2,1462,0,0,20
2096,282,3,270,6,1468,2,1,60
2097,282,3,271,6,1474,1,1,60
2098,282,3,272,5,1479,2,2,50
2099,282,3,273,2,1481,1,1,20
2100,282,3,274,4,1485,0,0,40
2101,282,3,275,7,1492,0,0,70
2102,282,3,276,3,1495,1,1,30
2103,282,3,277,4,1499,0,0,40
2104,282,3,278,9,1508,4,4,90
2105,282,3,279,5,1513,4,4,50
2106,282,3,280,5,1518,4,4,50
2107,282,3,281,4,1522,1,0,40
2108,282,3,282,3,1525,1,1,30
2109,282,3,283,6,1531,4,4,60
2110,282,3,284,3,1534,2,2,30
2111,282,3,285,4,1538,1,1,40
2112,282,3,286,6,1544,2,2,60
2113,282,3,287,6,1550,3,3,60
2114,282,3,288,7,1557,6,5,70
2115,282,3,289,8,1565,6,5,80
2116,282,3,290,6,1571,3,3,60
2117,282,3,291,6,1577,2,2,60
2118,282,3,292,2,1579,0,0,20
2119,282,3,293,9,1588,2,2,90
2120,282,3,294,3,1591,1,1,30
2121,282,3,295,6,1597,3,3,60
2122,282,3,296,6,1603,2,1,60
2123,282,3,297,2,1605,4,4,20
2124,282,3,298,2,1607,1,1,20
2125,282,3,299,6,1613,1,1,60
2126,282,3,300,6,1619,5,4,60
2127,282,3,301,6,1625,4,4,60
2128,282,3,302,2,1627,1,1,20
2129,282,3,303,2,1629,1,1,20
2130,282,3,304,9,1638,6,6,90
2131,282,3,305,7,1645,4,1,70
2132,282,3,306,6,1651,4,4,60
2133,282,3,307,2,1653,1,1,20
2134,282,3,308,8,1661,2,2,80
2135,282,3,309,2,1663,1,1,20
2136,282,3,310,2,1665,1,1,20
2137,282,3,311,2,1667,0,0,20
2138,282,3,312,8,1675,5,3,80
2139,282,3,313,3,1678,4,4,30
2140,282,3,314,4,1682,2,1,40
2141,282,3,315,3,1685,1,1,30
2142,282,3,316,8,1693,4,1,80
2143,282,3,317,4,1697,5,5,40
2144,282,3,318,7,1704,6,6,70
2145,282,3,319,9,1713,2,2,90
2146,282,3,320,8,1721,4,4,80
2147,282,3,321,3,1724,0,0,30
2148,282,3,322,4,1728,1,1,40
2149,282,3,323,9,1737,3,3,90
2150,282,3,324,4,1741,2,2,40
2151,282,3,325,4,1745,3,2,40
2152,282,3,326,9,1754,2,2,90
2153,282,3,327,3,1757,2,0,30
2154,282,3,328,4,1761,7,4,40
2155,282,3,329,7,1768,5,3,70
2156,282,3,330,4,1772,7,7,40
2157,282,3,331,2,1774,2,1,20
2158,282,3,332,9,1783,5,5,90
2159,282,3,333,6,1789,4,4,60
2160,282,3,334,2,1791,1,1,20
2161,282,3,335,8,1799,5,5,80
2162,282,3,336,6,1805,2,1,60
2163,282,3,337,5,1810,4,4,50
2164,282,3,338,5,1815,3,3,50
2165,282,3,339,6,1821,3,3,60
2166,282,3,340,4,1825,4,4,40
2167,282,3,341,8,1833,4,3,80
2168,282,3,342,7,1840,2,0,70
2169,282,3,343,2,1842,4,4,20
2170,282,3,344,6,1848,4,4,60
2171,282,3,345,9,1857,8,8,90
2172,282,3,346,3,1860,2,1,30
2173,282,3,347,8,1868,7,7,80
2174,282,3,348,7,1875,4,4,70
2175,282,3,349,5,1880,3,3,50
2176,282,3,350,5,1885,3,3,50
2177,282,3,351,4,1889,2,2,40
2178,282,3,352,3,1892,3,3,30
2179,282,3,353,4,1896,2,2,40
2180,282,3,354,9,1905,2,2,90
2181,282,3,355,7,1912,3,3,70
2182,282,3,356,4,1916,3,2,40
2183,282,3,357,5,1921,4,3,50
2184,282,3,358,5,1926,2,2,50
2185,282,3,359,4,1930,2,1,40
2186,282,3,360,5,1935,2,2,50
2187,282,3,361,7,1942,1,1,70
2188,282,3,362,2,1944,2,1,20
2189,282,3,363,9,1953,7,7,90
2190,282,3,364,7,1960,2,1,70
2191,282,3,365,6,1966,5,3,60
2192,282,3,366,7,1973,7,7,70
2193,282,3,367,5,1978,2,2,50
2194,282,3,368,7,1985,4,4,70
2195,282,3,369,7,1992,0,0,70
2196,282,3,370,2,1994,3,3,20
2197,282,3,371,4,1998,3,2,40
2198,282,3,372,7,2005,6,6,70
2199,282,3,373,9,2014,4,3,90
2200,282,3,374,8,2022,8,8,80
2201,282,3,375,3,2025,1,1,30
2202,282,3,376,6,2031,5,5,60
2203,282,3,377,3,2034,2,2,30
2204,282,3,378,4,2038,1,1,40
2205,282,3,379,7,2045,6,2,70
2206,282,3,380,6,2051,9,9,60
2207,282,3,381,5,2056,5,5,50
2208,282,3,382,3,2059,1,1,30
2209,282,3,383,8,2067,7,6,80
2210,282,3,384,3,2070,4,4,30
2211,282,3,385,7,2077,1,0,70
2212,282,3,386,7,2084,3,3,70
2213,282,3,387,7,2091,6,6,70
2214,282,3,388,2,2093,0,0,20
2215,282,3,389,9,2102,3,3,90
2216,282,3,390,2,2104,2,2,20
2217,282,3,391,5,2109,2,2,50
2218,282,3,392,3,2112,0,0,30
2219,282,3,393,4,2116,0,0,40
2220,282,3,394,7,2123,3,3,70
2221,282,3,395,3,2126,1,1,30
2222,282,3,396,9,2135,8,8,90
2223,282,3,397,3,2138,4,4,30
2224,282,3,398,3,2141,1,1,30
2225,282,3,399,7,2148,3,2,70
2226,282,3,400,4,2152,2,0,40
2227,282,3,401,2,2154,3,2,20
2228,282,3,402,3,2157,3,3,30
2229,282,3,403,8,2165,4,4,80
2230,282,3,404,8,2173,3,3,80
2231,282,3,405,7,2180,5,3,70
2232,282,3,406,8,2188,7,7,80
2233,282,3,407,6,2194,5,5,60
2234,282,3,408,3,2197,0,0,30
2235,282,3,409,9,2206,7,7,90
2236,282,3,410,3,2209,3,3,30
2237,282,3,411,4,2213,2,1,40
2238,282,3,412,6,2219,4,4,60
2239,282,3,413,6,2225,2,1,60
2240,282,3,414,4,2229,2,2,40
2241,282,3,415,2,2231,1,1,20
2242,282,3,416,9,2240,4,4,90
2243,282,3,417,6,2246,2,2,60
2244,282,3,418,8,2254,3,3,80
2245,282,3,419,5,2259,0,0,50
2246,282,3,420,9,2268,6,6,90
2247,282,3,421,2,2270,0,0,20
2248,282,3,422,8,2278,3,3,80
2249,282,3,423,6,2284,2,2,60
2250,282,3,424,9,2293,4,4,90
2251,282,3,425,6,2299,0,0,60
2252,282,3,426,2,2301,0,0,20
2253,282,3,427,6,2307,3,3,60
2254,282,3,428,4,2311,1,1,40
2255,282,3,429,6,2317,5,5,60
2256,282,3,430,6,2323,2,2,60
2257,282,3,431,3,2326,0,0,30
2258,282,3,432,9,2335,5,4,90
2259,282,3,433,7,2342,1,1,70
2260,282,3,434,8,2350,10,10,80
2261,282,3,435,3,2353,4,4,30
2262,282,3,436,2,2355,1,1,20
2263,282,3,437,9,2364,8,7,90
2264,282,3,438,4,2368,2,2,40
2265,282,3,439,6,2374,5,5,60
2266,282,3,440,4,2378,2,1,40
2267,282,3,441,2,2380,3,3,20
2268,282,3,442,5,2385,3,3,50
2269,282,3,443,7,2392,1,1,70
2270,282,3,444,5,2397,3,1,50
2271,282,3,445,3,2400,3,2,30
2272,282,3,446,8,2408,8,8,80
2273,282,3,447,5,2413,3,2,50
2274,282,3,448,4,2417,3,3,40
2275,282,3,449,4,2421,2,2,40
2276,282,3,450,4,2425,3,3,40
2277,282,3,451,6,2431,4,4,60
2278,282,3,452,7,2438,0,0,70
2279,282,3,453,3,2441,2,2,30
2280,282,3,454,6,2447,0,0,60
2281,282,3,455,9,2456,8,8,90
2282,282,3,456,5,2461,2,1,50
2283,282,3,457,8,2469,6,5,80
2284,282,3,458,2,2471,2,2,20
2285,282,3,459,8,2479,6,6,80
2286,282,3,460,4,2483,2,2,40
2287,282,3,461,9,2492,4,4,90
2288,282,3,462,8,2500,4,4,80
2289,282,3,463,3,2503,2,2,30
2290,282,3,464,8,2511,5,5,80
2291,282,3,465,2,2513,0,0,20
2292,282,3,466,8,2521,1,1,80
2293,282,3,467,3,2524,3,3,30
2294,282,3,468,6,2530,2,2,60
2295,282,3,469,9,2539,3,2,90
2296,282,3,470,8,2547,5,3,80
2297,282,3,471,8,2555,3,2,80
2298,282,3,472,6,2561,3,3,60
2299,282,3,473,4,2565,4,2,40
2300,282,3,474,2,2567,2,2,20
2301,282,3,475,7,2574,2,2,70
2302,282,3,476,8,2582,4,4,80
2303,282,3,477,6,2588,1,1,60
2304,282,3,478,8,2596,4,4,80
2305,282,3,479,8,2604,1,1,80
2306,282,3,480,9,2613,3,1,90
2307,282,3,481,4,2617,4,2,40
2308,282,3,482,8,2625,8,6,80
2309,282,3,483,7,2632,8,8,70
2310,282,3,484,7,2639,6,6,70
2311,282,3,485,9,2648,7,7,90
2312,282,3,486,4,2652,0,0,40
2313,282,3,487,2,2654,0,0,20
2314,282,3,488,3,2657,1,0,30
2315,282,3,489,2,2659,4,4,20
2316,282,3,490,6,2665,2,2,60
2317,282,3,491,5,2670,4,4,50
2318,282,3,492,2,2672,1,1,20
2319,282,3,493,7,2679,2,2,70
2320,282,3,494,6,2685,6,6,60
2321,282,3,495,5,2690,1,1,50
2322,282,3,496,9,2699,3,2,90
2323,282,3,497,2,2701,2,2,20
2324,282,3,498,4,2705,2,2,40
2325,282,3,499,8,2713,5,5,80
2326,282,3,500,6,2719,2,2,60
2327,282,3,501,2,2721,1,1,20
2328,282,3,502,6,2727,8,8,60
2329,282,3,503,4,2731,2,2,40
2330,282,3,504,8,2739,5,5,80
2331,282,3,505,2,2741,1,1,20
2332,282,3,506,8,2749,5,3,80
2333,282,3,507,7,2756,6,6,70
2334,282,3,508,9,2765,6,6,90
2335,282,3,509,2,2767,0,0,20
2336,282,3,510,4,2771,2,0,40
2337,282,3,511,7,2778,5,5,70
2338,282,3,512,4,2782,2,2,40
2339,282,3,513,9,2791,2,2,90
2340,282,3,514,3,2794,2,2,30
2341,282,3,515,4,2798,1,1,40
2342,282,3,516,9,2807,2,0,90
2343,282,3,517,3,2810,5,5,30
2344,282,3,518,6,2816,3,3,60
2345,282,3,519,5,2821,2,1,50
2346,282,3,520,8,2829,3,3,80
2347,282,3,521,6,2835,6,6,60
2348,282,3,522,7,2842,2,2,70
2349,282,3,523,8,2850,4,3,80
2350,282,3,524,7,2857,3,3,70
2351,282,3,525,8,2865,6,6,80
2352,282,3,526,4,2869,0,0,40
2353,282,3,527,4,2873,1,0,40
2354,282,3,528,2,2875,2,2,20
2355,282,3,529,8,2883,5,4,80
2356,282,3,530,6,2889,2,2,60
2357,282,3,531,2,2891,1,1,20
2358,282,3,532,5,2896,0,0,50
2359,282,3,533,9,2905,2,2,90
2360,282,3,534,8,2913,3,3,80
2361,282,3,535,6,2919,3,2,60
2362,282,3,536,9,2928,6,4,90
2363,282,3,537,9,2937,10,10,90
2364,282,3,538,5,2942,3,3,50
2365,282,3,539,8,2950,5,4,80
2366,282,3,540,5,2955,3,2,50
2367,282,3,541,4,2959,4,4,40
2368,282,3,542,8,2967,3,3,80
2369,282,3,543,8,2975,6,5,80
2370,282,3,544,8,2983,7,7,80
2371,282,3,545,4,2987,1,1,40
2372,282,3,546,8,2995,4,1,80
2373,282,3,547,6,3001,10,10,60
2374,282,3,548,6,3007,7,7,60
2375,282,3,549,4,3011,1,1,40
2376,282,3,550,7,3018,2,2,70
2377,282,3,551,7,3025,3,3,70
2378,282,3,552,6,3031,2,2,60
2379,282,3,553,8,3039,5,5,80
2380,282,3,554,3,3042,0,0,30
2381,282,3,555,8,3050,5,5,80
2382,282,3,556,9,3059,5,5,90
2383,282,3,557,2,3061,1,1,20
2384,282,3,558,9,3070,4,4,90
2385,282,3,559,2,3072,0,0,20
2386,282,3,560,6,3078,5,3,60
2387,282,3,561,9,3087,10,10,90
2388,282,3,562,4,3091,5,5,40
2389,282,3,563,4,3095,4,4,40
2390,282,3,564,9,3104,3,3,90
2391,282,3,565,8,3112,8,8,80
2392,282,3,566,5,3117,4,4,50
2393,282,3,567,4,3121,1,0,40
2394,282,3,568,7,3128,5,5,70
2395,282,3,569,2,3130,1,1,20
2396,282,3,570,4,3134,1,1,40
2397,282,3,571,2,3136,3,3,20
2398,282,3,572,9,3145,2,2,90
2399,282,3,573,2,3147,0,0,20
2400,282,3,574,9,3156,4,4,90
2401,282,3,575,4,3160,3,2,40
2402,282,3,576,7,3167,2,2,70
2403,282,3,577,2,3169,0,0,20
2404,282,3,578,3,3172,2,1,30
2405,282,3,579,4,3176,2,2,40
2406,282,3,580,9,3185,5,5,90
2407,282,3,581,2,3187,2,2,20
2408,282,3,582,2,3189,2,2,20
2409,282,3,583,3,3192,1,1,30
2410,282,3,584,9,3201,2,2,90
2411,282,3,585,5,3206,0,0,50
2412,282,3,586,3,3209,1,1,30
2413,282,3,587,8,3217,2,2,80
2414,282,3,588,5,3222,3,3,50
2415,282,3,589,5,3227,1,1,50
2416,282,3,590,9,3236,2,2,90
2417,282,3,591,4,3240,3,3,40
2418,282,3,592,2,3242,3,3,20
2419,282,3,593,7,3249,5,5,70
2420,282,3,594,9,3258,4,4,90
2421,282,3,595,6,3264,4,4,60
2422,282,3,596,5,3269,2,2,50
2423,282,3,597,9,3278,6,6,90
2424,282,3,598,2,3280,1,1,20
2425,282,3,599,9,3289,4,4,90
2426,282,3,600,5,3294,2,2,50
2427,282,3,601,9,3303,8,8,90
2428,282,3,602,7,3310,3,3,70
2429,282,3,603,4,3314,2,1,40
2430,282,3,604,7,3321,6,6,70
2431,282,3,605,7,3328,4,4,70
2432,282,3,606,9,3337,4,4,90
2433,282,3,607,3,3340,0,0,30
2434,282,3,608,3,3343,1,1,30
2435,282,3,609,4,3347,4,4,40
2436,282,3,610,8,3355,5,5,80
2437,282,3,611,3,3358,0,0,30
2438,282,3,612,8,3366,1,1,80
2439,282,3,613,9,3375,5,5,90
2440,282,3,614,9,3384,4,4,90
2441,282,3,615,4,3388,3,2,40
2442,282,3,616,7,3395,1,1,70
2443,282,3,617,3,3398,2,2,30
2444,282,3,618,4,3402,3,1,40
2445,282,3,619,2,3404,2,1,20
2446,282,3,620,6,3410,2,1,60
2447,282,3,621,9,3419,2,2,90
2448,282,3,622,5,3424,0,0,50
2449,282,3,623,7,3431,2,2,70
2450,282,3,624,6,3437,2,2,60
2451,282,3,625,4,3441,4,4,40
2452,282,3,626,4,3445,2,0,40
2453,282,3,627,2,3447,3,3,20
2454,282,3,628,6,3453,3,2,60
2455,282,3,629,5,3458,4,4,50
2456,282,3,630,9,3467,7,7,90
2457,282,3,631,3,3470,1,1,30
2458,282,3,632,2,3472,2,1,20
2459,282,3,633,4,3476,2,2,40
2460,282,3,634,7,3483,0,0,70
2461,282,3,635,4,3487,4,4,40
2462,282,3,636,8,3495,6,6,80
2463,282,3,637,2,3497,0,0,20
2464,282,3,638,8,3505,6,4,80
2465,282,3,639,3,3508,4,4,30
2466,282,3,640,8,3516,7,7,80
2467,282,3,641,6,3522,4,4,60
2468,282,3,642,7,3529,5,5,70
2469,282,3,643,9,3538,4,4,90
2470,282,3,644,2,3540,2,2,20
2471,282,3,645,7,3547,2,2,70
2472,282,3,646,9,3556,2,2,90
2473,282,3,647,6,3562,3,3,60
2474,282,3,648,7,3569,3,1,70
2475,282,3,649,4,3573,4,4,40
2476,282,3,650,9,3582,5,3,90
2477,282,3,651,3,3585,4,4,30
2478,282,3,652,3,3588,2,1,30
2479,282,3,653,9,3597,5,3,90
2480,282,3,654,3,3600,5,5,30
2481,282,3,655,9,3609,5,5,90
2482,282,3,656,5,3614,1,1,50
2483,282,3,657,8,3622,3,3,80
2484,282,3,658,3,3625,1,0,30
2485,282,3,659,9,3634,9,7,90
2486,282,3,660,8,3642,3,2,80
2487,282,3,661,2,3644,3,3,20
2488,282,3,662,9,3653,3,3,90
2489,282,3,663,3,3656,0,0,30
2490,282,3,664,9,3665,4,4,90
2491,282,3,665,2,3667,2,2,20
2492,282,3,666,5,3672,2,2,50
2493,282,3,667,5,3677,0,0,50
2494,282,3,668,3,3680,2,1,30
2495,282,3,669,7,3687,5,5,70
2496,282,3,670,2,3689,2,2,20
2497,282,3,671,6,3695,5,5,60
2498,282,3,672,6,3701,0,0,60
2499,282,3,673,4,3705,1,1,40
2500,282,3,674,2,3707,3,3,20
2501,282,3,675,3,3710,2,2,30
2502,282,3,676,3,3713,0,0,30
2503,282,3,677,8,3721,3,3,80
2504,282,3,678,2,3723,1,0,20
2505,282,3,679,6,3729,5,5,60
2506,282,3,680,3,3732,1,0,30
2507,282,3,681,5,3737,2,2,50
2508,282,3,682,3,3740,3,3,30
2509,282,3,683,8,3748,2,2,80
2510,282,3,684,4,3752,4,4,40
2511,282,3,685,6,3758,3,3,60
2512,282,3,686,7,3765,4,4,70
2513,282,3,687,6,3771,6,6,60
2514,282,3,688,2,3773,1,1,20
2515,282,3,689,5,3778,2,2,50
2516,282,3,690,8,3786,3,3,80
2517,282,3,691,4,3790,2,2,40
2518,282,3,692,9,3799,5,5,90
2519,282,3,693,7,3806,5,3,70
2520,282,3,694,7,3813,4,4,70
2521,282,3,695,8,3821,5,5,80
2522,282,3,696,6,3827,2,2,60
2523,282,3,697,6,3833,2,2,60
2524,282,3,698,4,3837,2,2,40
2525,282,3,699,3,3840,1,1,30
2526,282,3,700,2,3842,1,1,20
2527,282,3,701,7,3849,6,6,70
2528,282,3,702,5,3854,2,2,50
2529,282,3,703,2,3856,1,1,20
2530,282,3,704,6,3862,4,4,60
2531,282,3,705,3,3865,1,1,30
2532,282,3,706,3,3868,4,4,30
2533,282,3,707,6,3874,3,3,60
2534,282,3,708,8,3882,5,3,80
2535,282,3,709,4,3886,6,4,40
2536,282,3,710,5,3891,3,2,50
2537,282,3,711,7,3898,5,5,70
2538,282,3,712,2,3900,0,0,20
2539,282,3,713,2,3902,0,0,20
2540,282,3,714,3,3905,0,0,30
2541,282,3,715,6,3911,4,3,60
2542,282,3,716,3,3914,2,2,30
2543,282,3,717,3,3917,0,0,30
2544,282,3,718,5,3922,2,2,50
2545,282,3,719,3,3925,0,0,30
2546,282,3,720,9,3934,3,3,90
2547,282,3,721,4,3938,1,1,40
2548,282,3,722,7,3945,4,3,70
2549,282,3,723,5,3950,8,8,50
2550,282,3,724,8,3958,5,5,80
2551,282,3,725,5,3963,4,3,50
2552,282,3,726,7,3970,5,5,70
2553,282,3,727,2,3972,1,1,20
2554,282,3,728,8,3980,7,7,80
2555,282,3,729,3,3983,0,0,30
2556,282,3,730,7,3990,6,6,70
2557,282,3,731,8,3998,4,4,80
2558,282,3,732,2,4000,2,1,20
2559,282,3,733,4,4004,5,5,40
2560,282,3,734,2,4006,0,0,20
2561,282,3,735,4,4010,4,3,40
2562,282,3,736,7,4017,6,6,70
2563,282,3,737,2,4019,1,0,20
2564,282,3,738,5,4024,4,4,50
2565,282,3,739,9,4033,5,5,90
2566,282,3,740,4,4037,4,4,40
2567,282,3,741,6,4043,1,0,60
2568,282,3,742,5,4048,5,5,50
2569,282,3,743,2,4050,2,2,20
2570,282,3,744,4,4054,2,2,40
2571,282,3,745,8,4062,3,3,80
2572,282,3,746,5,4067,5,5,50
2573,282,3,747,9,4076,8,6,90
2574,282,3,748,9,4085,9,9,90
2575,282,3,749,5,4090,1,1,50
2576,282,3,750,3,4093,2,2,30
2577,282,3,751,5,4098,3,3,50
2578,282,3,752,7,4105,1,1,70
2579,282,3,753,5,4110,4,4,50
2580,282,3,754,4,4114,2,2,40
2581,282,3,755,9,4123,4,4,90
2582,282,3,756,7,4130,4,3,70
2583,282,3,757,9,4139,8,8,90
2584,282,3,758,6,4145,3,1,60
2585,282,3,759,4,4149,5,5,40
2586,282,3,760,7,4156,4,4,70
2587,282,3,761,7,4163,7,7,70
2588,282,3,762,7,4170,5,2,70
2589,282,3,763,5,4175,5,5,50
2590,282,3,764,6,4181,6,6,60
2591,282,3,765,2,4183,2,2,20
2592,282,3,766,5,4188,3,3,50
2593,282,3,767,5,4193,3,3,50
2594,282,3,768,4,4197,2,2,40
2595,282,3,769,8,4205,4,4,80
2596,282,3,770,5,4210,2,2,50
2597,282,3,771,9,4219,6,6,90
2598,282,3,772,3,4222,1,1,30
2599,282,3,773,2,4224,1,1,20
2600,282,3,774,3,4227,1,1,30
2601,282,3,775,6,4233,2,1,60
2602,282,3,776,9,4242,7,5,90
2603,282,3,777,9,4251,7,7,90
2604,282,3,778,2,4253,2,2,20
2605,282,3,779,9,4262,4,4,90
2606,282,3,780,3,4265,4,4,30
2607,282,3,781,4,4269,1,1,40
2608,282,3,782,2,4271,1,1,20
2609,282,3,783,5,4276,2,2,50
2610,282,3,784,5,4281,3,1,50
2611,282,3,785,2,4283,3,2,20
2612,282,3,786,3,4286,2,1,30
2613,282,3,787,9,4295,2,2,90
2614,282,3,788,5,4300,1,1,50
2615,282,3,789,7,4307,5,5,70
2616,282,3,790,5,4312,2,2,50
2617,282,3,791,2,4314,2,1,20
2618,282,3,792,4,4318,5,5,40
2619,282,3,793,9,4327,6,3,90
2620,282,3,794,7,4334,7,7,70
2621,282,3,795,6,4340,1,1,60
2622,282,3,796,2,4342,0,0,20
2623,282,3,797,9,4351,5,5,90
2624,282,3,798,7,4358,7,6,70
2625,282,3,799,3,4361,3,3,30
2626,282,3,800,2,4363,1,1,20
2627,282,3,801,5,4368,2,2,50
2628,282,3,802,8,4376,3,2,80
2629,282,3,803,4,4380,3,3,40
2630,282,3,804,5,4385,4,4,50
2631,282,3,805,5,4390,4,3,50
2632,282,3,806,5,4395,3,3,50
2633,282,3,807,6,4401,3,3,60
2634,282,3,808,9,4410,5,3,90
2635,282,3,809,5,4415,2,2,50
2636,282,3,810,5,4420,4,4,50
2637,282,3,811,6,4426,3,2,60
2638,282,3,812,3,4429,3,3,30
2639,282,3,813,5,4434,1,0,50
2640,282,3,814,5,4439,2,2,50
2641,282,3,815,8,4447,4,2,80
2642,282,3,816,9,4456,6,6,90
2643,282,3,817,2,4458,2,2,20
2644,282,3,818,2,4460,1,1,20
2645,282,3,819,4,4464,4,2,40
2646,282,3,820,5,4469,4,4,50
2647,282,3,821,7,4476,4,4,70
2648,282,3,822,6,4482,2,1,60
2649,282,3,823,5,4487,1,1,50
2650,282,3,824,7,4494,5,5,70
2651,282,3,825,8,4502,6,3,80
2652,282,3,826,2,4504,5,5,20
2653,282,3,827,4,4508,0,0,40
2654,282,3,828,8,4516,1,1,80
2655,282,3,829,5,4521,2,2,50
2656,282,3,830,7,4528,5,3,70
2657,282,3,831,2,4530,3,3,20
2658,282,3,832,7,4537,6,6,70
2659,282,3,833,9,4546,5,5,90
2660,282,3,834,7,4553,5,5,70
2661,282,3,835,9,4562,3,2,90
2662,282,3,836,6,4568,6,6,60
2663,282,3,837,9,4577,6,6,90
2664,282,3,838,2,4579,3,3,20
2665,282,3,839,2,4581,0,0,20
2666,282,3,840,2,4583,0,0,20
2667,282,3,841,4,4587,3,2,40
2668,282,3,842,8,4595,6,6,80
2669,282,3,843,5,4600,1,1,50
2670,282,3,844,2,4602,0,0,20
2671,282,3,845,2,4604,0,0,20
2672,282,3,846,6,4610,5,5,60
2673,282,3,847,4,4614,3,2,40
2674,282,3,848,4,4618,5,5,40
2675,282,3,849,9,4627,3,3,90
2676,282,3,850,5,4632,1,1,50
2677,282,3,851,3,4635,1,1,30
2678,282,3,852,3,4638,2,2,30
2679,282,3,853,5,4643,3,3,50
2680,282,3,854,9,4652,6,3,90
2681,282,3,855,3,4655,4,4,30
2682,282,3,856,3,4658,3,2,30
2683,282,3,857,2,4660,1,1,20
2684,282,3,858,7,4667,3,3,70
2685,282,3,859,7,4674,1,0,70
2686,282,3,860,5,4679,5,5,50
2687,282,3,861,4,4683,2,2,40
2688,282,3,862,8,4691,4,4,80
2689,282,3,863,4,4695,5,5,40
2690,282,3,864,8,4703,9,9,80
2691,282,3,865,3,4706,2,2,30
2692,282,3,866,8,4714,3,3,80
2693,282,3,867,7,4721,5,5,70
2694,282,3,868,6,4727,3,3,60
2695,282,3,869,8,4735,7,7,80
2696,282,3,870,7,4742,3,3,70
2697,282,3,871,7,4749,5,5,70
2698,282,3,872,5,4754,4,4,50
2699,282,3,873,5,4759,4,3,50
2700,282,3,874,4,4763,4,4,40
2701,282,3,875,2,4765,0,0,20
2702,282,3,876,3,4768,2,2,30
2703,282,3,877,8,4776,6,6,80
2704,282,3,878,9,4785,4,3,90
2705,282,3,879,2,4787,3,1,20
2706,282,3,880,7,4794,7,7,70
2707,282,3,881,6,4800,4,4,60
2708,282,3,882,4,4804,1,1,40
2709,282,3,883,3,4807,3,0,30
2710,282,3,884,9,4816,7,7,90
2711,282,3,885,3,4819,1,1,30
2712,282,3,886,8,4827,2,2,80
2713,282,3,887,4,4831,0,0,40
2714,282,3,888,5,4836,1,1,50
2715,282,3,889,3,4839,1,1,30
2716,282,3,890,5,4844,3,3,50
2717,282,3,891,6,4850,2,2,60
2718,282,3,892,7,4857,5,4,70
2719,282,3,893,3,4860,2,2,30
2720,282,3,894,8,4868,3,2,80
2721,282,3,895,2,4870,2,2,20
2722,282,3,896,3,4873,0,0,30
2723,282,3,897,8,4881,4,2,80
2724,282,3,898,4,4885,5,5,40
2725,282,3,899,7,4892,5,5,70
2726,282,3,900,2,4894,1,1,20
2727,282,3,901,2,4896,0,0,20
2728,282,3,902,7,4903,4,4,70
2729,282,3,903,8,4911,3,3,80
2730,282,3,904,3,4914,1,1,30
2731,282,3,905,7,4921,5,5,70
2732,282,3,906,3,4924,2,2,30
2733,282,3,907,4,4928,2,2,40
2734,282,3,908,2,4930,1,1,20
2735,282,3,909,9,4939,6,6,90
2736,282,3,910,6,4945,5,2,60
2737,282,3,911,7,4952,5,5,70
2738,282,3,912,8,4960,4,3,80
2739,282,3,913,4,4964,2,2,40
2740,282,3,914,7,4971,5,5,70
2741,282,3,915,6,4977,1,0,60
2742,282,3,916,9,4986,8,8,90
2743,282,3,917,4,4990,0,0,40
2744,282,3,918,7,4997,3,3,70
