,Scenario,Trial,Inspection,Interval,Time,Accumulation,Defects,Rate
0,22,1,1,7,7,5,5,70
1,22,1,2,7,14,4,0,70
2,22,1,3,5,19,6,0,50
3,22,1,4,6,25,12,2,60
4,22,1,5,9,34,11,2,90
5,22,1,6,8,42,14,0,80
6,22,1,7,5,47,17,4,50
7,22,1,8,9,56,22,4,90
8,22,1,9,7,63,19,2,70
9,22,1,10,2,65,17,1,20
10,22,1,11,6,71,21,2,60
11,22,1,12,4,75,19,4,40
12,22,1,13,6,81,15,1,60
13,22,1,14,6,87,15,2,60
14,22,1,15,2,89,14,1,20
15,22,1,16,9,98,17,4,90
16,22,1,17,4,102,15,1,40
17,22,1,18,5,107,18,18,50
18,22,1,19,8,115,3,0,80
19,22,1,20,8,123,6,0,80
20,22,1,21,7,130,12,3,70
21,22,1,22,6,136,12,1,60
22,22,1,23,2,138,11,0,20
23,22,1,24,2,140,12,1,20
24,22,1,25,8,148,13,1,80
25,22,1,26,4,152,16,4,40
26,22,1,27,7,159,14,1,70
27,22,1,28,5,164,16,0,50
28,22,1,29,8,172,20,20,80
29,22,1,30,9,181,4,4,90
30,22,1,31,6,187,6,0,60
31,22,1,32,9,196,10,10,90
32,22,1,33,7,203,0,0,70
33,22,1,34,8,211,2,1,80
34,22,1,35,3,214,2,2,30
35,22,1,36,9,223,1,0,90
36,22,1,37,4,227,5,1,40
37,22,1,38,4,231,5,0,40
38,22,1,39,6,237,6,1,60
39,22,1,40,2,239,7,0,20
40,22,1,41,9,248,14,2,90
41,22,1,42,6,254,13,2,60
42,22,1,43,8,262,14,6,80
43,22,1,44,7,269,13,13,70
44,22,1,45,4,273,2,0,40
45,22,1,46,6,279,5,0,60
46,22,1,47,4,283,5,0,40
47,22,1,48,8,291,12,1,80
48,22,1,49,2,293,12,2,20
49,22,1,50,3,296,11,1,30
50,22,1,51,8,304,17,2,80
51,22,1,52,3,307,17,5,30
52,22,1,53,6,313,16,2,60
53,22,1,54,4,317,18,2,40
54,22,1,55,5,322,17,3,50
55,22,1,56,2,324,15,3,20
56,22,1,57,2,326,15,0,20
57,22,1,58,4,330,17,17,40
58,22,1,59,3,333,1,1,30
59,22,1,60,6,339,3,3,60
60,22,1,61,3,342,0,0,30
61,22,1,62,8,350,6,1,80
62,22,1,63,2,352,6,3,20
63,22,1,64,8,360,6,1,80
64,22,1,65,9,369,9,1,90
65,22,1,66,2,371,11,1,20
66,22,1,67,6,377,11,0,60
67,22,1,68,3,380,14,1,30
68,22,1,69,7,387,18,1,70
69,22,1,70,2,389,17,17,20
70,22,1,71,2,391,0,0,20
71,22,1,72,5,396,3,0,50
72,22,1,73,2,398,6,0,20
73,22,1,74,6,404,8,0,60
74,22,1,75,2,406,9,1,20
75,22,1,76,5,411,13,3,50
76,22,1,77,4,415,13,2,40
77,22,1,78,7,422,12,4,70
78,22,1,79,7,429,17,2,70
79,22,1,80,4,433,18,0,40
80,22,1,81,4,437,20,1,40
81,22,1,82,2,439,19,2,20
82,22,1,83,9,448,20,0,90
83,22,1,84,8,456,27,5,80
84,22,1,85,4,460,24,5,40
85,22,1,86,8,468,20,2,80
86,22,1,87,8,476,21,1,80
87,22,1,88,2,478,20,3,20
88,22,1,89,9,487,22,4,90
89,22,1,90,4,491,19,3,40
90,22,1,91,7,498,19,4,70
91,22,1,92,2,500,16,5,20
92,22,1,93,6,506,13,13,60
93,22,1,94,7,513,3,3,70
94,22,1,95,5,518,3,0,50
95,22,1,96,9,527,7,7,90
96,22,1,97,5,532,3,1,50
97,22,1,98,9,541,10,1,90
98,22,1,99,8,549,14,4,80
99,22,1,100,8,557,17,3,80
100,22,1,101,3,560,15,3,30
101,22,1,102,3,563,15,2,30
102,22,1,103,5,568,15,5,50
103,22,1,104,5,573,11,3,50
104,22,1,105,7,580,10,1,70
105,22,1,106,7,587,14,0,70
106,22,1,107,9,596,17,17,90
107,22,1,108,4,600,1,0,40
108,22,1,109,7,607,4,0,70
109,22,1,110,3,610,7,3,30
110,22,1,111,6,616,8,1,60
111,22,1,112,9,625,13,3,90
112,22,1,113,2,627,10,0,20
113,22,1,114,2,629,10,4,20
114,22,1,115,8,637,9,9,80
115,22,1,116,8,645,6,6,80
116,22,1,117,3,648,4,4,30
117,22,1,118,6,654,2,0,60
118,22,1,119,9,663,6,1,90
119,22,1,120,5,668,10,0,50
120,22,1,121,5,673,13,1,50
121,22,1,122,7,680,17,2,70
122,22,1,123,4,684,18,5,40
123,22,1,124,5,689,14,3,50
124,22,1,125,5,694,15,3,50
125,22,1,126,5,699,14,2,50
126,22,1,127,9,708,18,2,90
127,22,1,128,4,712,18,1,40
128,22,1,129,8,720,22,4,80
129,22,1,130,8,728,21,4,80
130,22,1,131,7,735,18,2,70
131,22,1,132,3,738,17,1,30
132,22,1,133,9,747,20,1,90
133,22,1,134,8,755,25,1,80
134,22,1,135,3,758,26,6,30
135,22,1,136,6,764,23,3,60
136,22,1,137,8,772,25,25,80
137,22,1,138,5,777,2,0,50
138,22,1,139,9,786,7,0,90
139,22,1,140,6,792,8,0,60
140,22,1,141,8,800,12,3,80
141,22,1,142,8,808,12,1,80
142,22,1,143,8,816,17,2,80
143,22,1,144,4,820,16,1,40
144,22,1,145,7,827,16,2,70
145,22,1,146,3,830,14,5,30
146,22,1,147,9,839,12,2,90
147,22,1,148,6,845,14,2,60
148,22,1,149,2,847,12,2,20
149,22,1,150,5,852,11,3,50
150,22,1,151,4,856,9,9,40
151,22,1,152,7,863,2,0,70
152,22,1,153,4,867,3,0,40
153,22,1,154,9,876,9,0,90
154,22,1,155,5,881,13,3,50
155,22,1,156,3,884,11,2,30
156,22,1,157,4,888,11,1,40
157,22,1,158,8,896,11,0,80
158,22,1,159,6,902,13,3,60
159,22,1,160,6,908,14,3,60
160,22,1,161,9,917,15,15,90
161,22,1,162,6,923,6,1,60
162,22,1,163,4,927,5,2,40
163,22,1,164,3,930,4,0,30
164,22,1,165,7,937,5,1,70
165,22,1,166,4,941,6,6,40
166,22,1,167,9,950,5,1,90
167,22,1,168,6,956,5,0,60
168,22,1,169,4,960,6,0,40
169,22,1,170,8,968,11,0,80
170,22,1,171,8,976,14,0,80
171,22,1,172,6,982,20,3,60
172,22,1,173,5,987,17,3,50
173,22,1,174,6,993,16,0,60
174,22,1,175,7,1000,22,4,70
175,22,1,176,4,1004,22,4,40
176,22,1,177,9,1013,18,0,90
177,22,1,178,2,1015,18,2,20
178,22,1,179,3,1018,18,3,30
179,22,1,180,5,1023,17,2,50
180,22,1,181,8,1031,19,1,80
181,22,1,182,8,1039,26,2,80
182,22,1,183,6,1045,25,2,60
183,22,1,184,5,1050,27,2,50
184,22,1,185,6,1056,28,3,60
185,22,1,186,7,1063,29,2,70
186,22,1,187,3,1066,28,5,30
187,22,1,188,8,1074,30,6,80
188,22,1,189,6,1080,25,3,60
189,22,1,190,7,1087,25,3,70
190,22,1,191,8,1095,27,4,80
191,22,1,192,5,1100,26,1,50
192,22,1,193,7,1107,28,1,70
193,22,1,194,6,1113,29,1,60
194,22,1,195,6,1119,30,2,60
195,22,1,196,9,1128,32,6,90
196,22,1,197,3,1131,28,28,30
197,22,1,198,9,1140,5,1,90
198,22,1,199,3,1143,7,2,30
199,22,1,200,9,1152,9,1,90
200,22,1,201,8,1160,12,2,80
201,22,1,202,8,1168,14,1,80
202,22,1,203,3,1171,15,4,30
203,22,1,204,4,1175,12,1,40
204,22,1,205,3,1178,13,4,30
205,22,1,206,4,1182,11,0,40
206,22,1,207,6,1188,14,0,60
207,22,1,208,9,1197,18,4,90
208,22,1,209,5,1202,17,3,50
209,22,1,210,6,1208,18,5,60
210,22,1,211,3,1211,13,0,30
211,22,1,212,3,1214,16,2,30
212,22,1,213,7,1221,17,5,70
213,22,1,214,8,1229,15,2,80
214,22,1,215,2,1231,14,3,20
215,22,1,216,9,1240,18,5,90
216,22,1,217,4,1244,16,1,40
217,22,1,218,7,1251,19,3,70
218,22,1,219,6,1257,19,2,60
219,22,1,220,7,1264,24,2,70
220,22,1,221,5,1269,28,0,50
221,22,1,222,2,1271,29,5,20
222,22,1,223,2,1273,24,4,20
223,22,1,224,5,1278,24,24,50
224,22,1,225,9,1287,7,0,90
225,22,1,226,6,1293,8,2,60
226,22,1,227,9,1302,11,1,90
227,22,1,228,9,1311,16,2,90
228,22,1,229,8,1319,15,3,80
229,22,1,230,6,1325,15,15,60
230,22,1,231,5,1330,1,0,50
231,22,1,232,5,1335,2,0,50
232,22,1,233,2,1337,3,0,20
233,22,1,234,8,1345,6,0,80
234,22,1,235,5,1350,9,1,50
235,22,1,236,3,1353,10,1,30
236,22,1,237,6,1359,12,2,60
237,22,1,238,2,1361,10,0,20
238,22,1,239,3,1364,13,1,30
239,22,1,240,4,1368,14,5,40
240,22,1,241,3,1371,10,3,30
241,22,1,242,7,1378,11,1,70
242,22,1,243,2,1380,12,3,20
243,22,1,244,9,1389,13,2,90
244,22,1,245,2,1391,11,11,20
245,22,1,246,8,1399,2,0,80
246,22,1,247,8,1407,5,2,80
247,22,1,248,5,1412,5,0,50
248,22,1,249,7,1419,9,3,70
249,22,1,250,8,1427,10,1,80
250,22,1,251,3,1430,9,0,30
251,22,1,252,9,1439,11,2,90
252,22,1,253,2,1441,10,1,20
253,22,1,254,5,1446,11,3,50
254,22,1,255,5,1451,10,2,50
255,22,1,256,9,1460,10,3,90
256,22,1,257,4,1464,9,3,40
257,22,1,258,9,1473,8,1,90
258,22,1,259,7,1480,10,1,70
259,22,1,260,4,1484,12,3,40
260,22,1,261,2,1486,11,11,20
261,22,1,262,2,1488,0,0,20
262,22,1,263,7,1495,2,2,70
263,22,1,264,2,1497,0,0,20
264,22,1,265,4,1501,1,0,40
265,22,1,266,5,1506,1,0,50
266,22,1,267,8,1514,5,5,80
267,22,1,268,4,1518,5,1,40
268,22,1,269,8,1526,11,3,80
269,22,1,270,4,1530,10,3,40
270,22,1,271,9,1539,9,1,90
271,22,1,272,5,1544,13,1,50
272,22,1,273,7,1551,18,3,70
273,22,1,274,8,1559,22,6,80
274,22,1,275,8,1567,22,5,80
275,22,1,276,3,1570,18,2,30
276,22,1,277,7,1577,19,2,70
277,22,1,278,6,1583,21,3,60
278,22,1,279,7,1590,22,5,70
279,22,1,280,7,1597,18,5,70
280,22,1,281,6,1603,17,2,60
281,22,1,282,5,1608,15,1,50
282,22,1,283,2,1610,16,0,20
283,22,1,284,2,1612,16,2,20
284,22,1,285,8,1620,17,4,80
285,22,1,286,4,1624,14,14,40
286,22,1,287,9,1633,8,1,90
287,22,1,288,4,1637,8,1,40
288,22,1,289,6,1643,8,0,60
289,22,1,290,5,1648,11,11,50
290,22,1,291,3,1651,3,0,30
291,22,1,292,2,1653,4,2,20
292,22,1,293,9,1662,9,3,90
293,22,1,294,4,1666,10,2,40
294,22,1,295,5,1671,12,4,50
295,22,1,296,2,1673,9,9,20
296,22,1,297,3,1676,1,1,30
297,22,1,298,3,1679,1,0,30
298,22,1,299,5,1684,4,0,50
299,22,1,300,2,1686,5,0,20
300,22,1,301,9,1695,10,0,90
301,22,1,302,5,1700,13,13,50
302,22,1,303,8,1708,8,0,80
303,22,1,304,5,1713,11,1,50
304,22,1,305,5,1718,15,1,50
305,22,1,306,8,1726,16,3,80
306,22,1,307,2,1728,17,2,20
307,22,1,308,8,1736,18,2,80
308,22,1,309,6,1742,18,5,60
309,22,1,310,7,1749,14,3,70
310,22,1,311,7,1756,12,3,70
311,22,1,312,4,1760,11,1,40
312,22,1,313,7,1767,13,1,70
313,22,1,314,9,1776,20,1,90
314,22,1,315,8,1784,23,3,80
315,22,1,316,5,1789,21,2,50
316,22,1,317,6,1795,25,4,60
317,22,1,318,9,1804,30,3,90
318,22,1,319,3,1807,28,4,30
319,22,1,320,3,1810,25,1,30
320,22,1,321,2,1812,24,0,20
321,22,1,322,7,1819,26,3,70
322,22,1,323,3,1822,23,5,30
323,22,1,324,2,1824,20,3,20
324,22,1,325,7,1831,19,4,70
325,22,1,326,2,1833,17,3,20
326,22,1,327,8,1841,18,18,80
327,22,1,328,6,1847,4,2,60
328,22,1,329,2,1849,4,0,20
329,22,1,330,8,1857,7,0,80
330,22,1,331,2,1859,7,0,20
331,22,1,332,2,1861,9,2,20
332,22,1,333,2,1863,10,4,20
333,22,1,334,2,1865,6,0,20
334,22,1,335,8,1873,10,2,80
335,22,1,336,7,1880,13,13,70
336,22,1,337,5,1885,3,3,50
337,22,1,338,7,1892,3,0,70
338,22,1,339,2,1894,6,6,20
339,22,1,340,8,1902,4,2,80
340,22,1,341,8,1910,8,1,80
341,22,1,342,8,1918,9,9,80
342,22,1,343,2,1920,0,0,20
343,22,1,344,6,1926,5,0,60
344,22,1,345,9,1935,9,0,90
345,22,1,346,6,1941,11,3,60
346,22,1,347,2,1943,10,0,20
347,22,1,348,8,1951,14,1,80
348,22,1,349,3,1954,15,3,30
349,22,1,350,8,1962,21,5,80
350,22,1,351,2,1964,17,3,20
351,22,1,352,5,1969,15,2,50
352,22,1,353,3,1972,17,3,30
353,22,1,354,4,1976,16,4,40
354,22,1,355,9,1985,14,4,90
355,22,1,356,2,1987,11,2,20
356,22,1,357,3,1990,11,3,30
357,22,1,358,9,1999,13,4,90
358,22,1,359,8,2007,14,3,80
359,22,1,360,8,2015,13,13,80
360,22,1,361,4,2019,1,0,40
361,22,1,362,2,2021,3,0,20
362,22,1,363,2,2023,5,2,20
363,22,1,364,2,2025,4,0,20
364,22,1,365,9,2034,6,0,90
365,22,1,366,4,2038,9,0,40
366,22,1,367,7,2045,11,4,70
367,22,1,368,2,2047,7,1,20
368,22,1,369,9,2056,9,1,90
369,22,1,370,2,2058,8,1,20
370,22,1,371,2,2060,8,1,20
371,22,1,372,9,2069,10,1,90
372,22,1,373,5,2074,12,3,50
373,22,1,374,3,2077,11,0,30
374,22,1,375,5,2082,11,4,50
375,22,1,376,8,2090,12,12,80
376,22,1,377,7,2097,3,3,70
377,22,1,378,6,2103,5,1,60
378,22,1,379,2,2105,4,0,20
379,22,1,380,9,2114,12,3,90
380,22,1,381,7,2121,12,12,70
381,22,1,382,9,2130,6,1,90
382,22,1,383,3,2133,8,1,30
383,22,1,384,7,2140,10,3,70
384,22,1,385,4,2144,13,0,40
385,22,1,386,9,2153,19,2,90
386,22,1,387,2,2155,17,3,20
387,22,1,388,5,2160,17,5,50
388,22,1,389,7,2167,15,2,70
389,22,1,390,2,2169,13,2,20
390,22,1,391,8,2177,16,16,80
391,22,1,392,7,2184,6,0,70
392,22,1,393,9,2193,10,2,90
393,22,1,394,7,2200,10,1,70
394,22,1,395,6,2206,11,2,60
395,22,1,396,9,2215,10,0,90
396,22,1,397,7,2222,11,4,70
397,22,1,398,2,2224,8,1,20
398,22,1,399,8,2232,12,2,80
399,22,1,400,3,2235,11,0,30
400,22,1,401,5,2240,14,14,50
401,22,1,402,3,2243,4,0,30
402,22,1,403,8,2251,10,2,80
403,22,1,404,3,2254,13,1,30
404,22,1,405,4,2258,13,1,40
405,22,1,406,5,2263,13,2,50
406,22,1,407,2,2265,13,2,20
407,22,1,408,6,2271,15,3,60
408,22,1,409,3,2274,13,4,30
409,22,1,410,5,2279,12,3,50
410,22,1,411,9,2288,18,4,90
411,22,1,412,5,2293,17,17,50
412,22,1,413,7,2300,5,2,70
413,22,1,414,3,2303,6,0,30
414,22,1,415,7,2310,13,13,70
415,22,1,416,5,2315,3,0,50
416,22,1,417,3,2318,4,1,30
417,22,1,418,9,2327,7,0,90
418,22,1,419,3,2330,9,0,30
419,22,1,420,9,2339,17,17,90
420,22,1,421,9,2348,7,0,90
421,22,1,422,3,2351,7,0,30
422,22,1,423,6,2357,11,1,60
423,22,1,424,5,2362,12,4,50
424,22,1,425,3,2365,11,1,30
425,22,1,426,3,2368,11,11,30
426,22,1,427,3,2371,1,0,30
427,22,1,428,4,2375,2,2,40
428,22,1,429,9,2384,5,1,90
429,22,1,430,8,2392,14,4,80
430,22,1,431,6,2398,11,4,60
431,22,1,432,3,2401,10,3,30
432,22,1,433,3,2404,9,0,30
433,22,1,434,5,2409,12,3,50
434,22,1,435,3,2412,10,0,30
435,22,1,436,6,2418,11,2,60
436,22,1,437,9,2427,12,12,90
437,22,1,438,6,2433,4,1,60
438,22,1,439,6,2439,4,2,60
439,22,1,440,7,2446,4,0,70
440,22,1,441,7,2453,5,1,70
441,22,1,442,4,2457,4,0,40
442,22,1,443,6,2463,9,2,60
443,22,1,444,9,2472,16,2,90
444,22,1,445,2,2474,15,2,20
445,22,1,446,9,2483,15,0,90
446,22,1,447,5,2488,16,2,50
447,22,1,448,5,2493,15,2,50
448,22,1,449,8,2501,16,1,80
449,22,1,450,5,2506,16,0,50
450,22,1,451,5,2511,19,3,50
451,22,1,452,2,2513,18,2,20
452,22,1,453,3,2516,16,5,30
453,22,1,454,2,2518,11,11,20
454,22,1,455,4,2522,1,0,40
455,22,1,456,2,2524,2,1,20
456,22,1,457,3,2527,2,1,30
457,22,1,458,7,2534,5,5,70
458,22,1,459,3,2537,2,0,30
459,22,1,460,2,2539,3,1,20
460,22,1,461,7,2546,4,0,70
461,22,1,462,2,2548,5,1,20
462,22,1,463,8,2556,8,1,80
463,22,1,464,6,2562,10,0,60
464,22,1,465,2,2564,13,2,20
465,22,1,466,6,2570,15,3,60
466,22,1,467,7,2577,14,1,70
467,22,1,468,7,2584,14,1,70
468,22,1,469,2,2586,13,1,20
469,22,1,470,6,2592,15,3,60
470,22,1,471,4,2596,15,3,40
471,22,1,472,3,2599,12,4,30
472,22,1,473,8,2607,9,0,80
473,22,1,474,9,2616,10,1,90
474,22,1,475,3,2619,11,0,30
475,22,1,476,8,2627,14,2,80
476,22,1,477,8,2635,16,4,80
477,22,1,478,7,2642,18,1,70
478,22,1,479,9,2651,25,4,90
479,22,1,480,2,2653,23,4,20
480,22,1,481,3,2656,22,3,30
481,22,1,482,2,2658,20,3,20
482,22,1,483,6,2664,20,20,60
483,22,1,484,9,2673,9,1,90
484,22,1,485,8,2681,13,1,80
485,22,1,486,2,2683,12,2,20
486,22,1,487,6,2689,14,2,60
487,22,1,488,9,2698,19,1,90
488,22,1,489,4,2702,22,2,40
489,22,1,490,6,2708,23,23,60
490,22,1,491,4,2712,0,0,40
491,22,1,492,8,2720,1,0,80
492,22,1,493,4,2724,2,0,40
493,22,1,494,9,2733,6,1,90
494,22,1,495,3,2736,5,0,30
495,22,1,496,4,2740,9,0,40
496,22,1,497,3,2743,9,1,30
497,22,1,498,6,2749,8,1,60
498,22,1,499,5,2754,9,1,50
499,22,1,500,5,2759,17,17,50
500,22,1,501,8,2767,2,1,80
501,22,1,502,7,2774,4,0,70
502,22,1,503,7,2781,10,3,70
503,22,1,504,7,2788,12,4,70
504,22,1,505,8,2796,12,2,80
505,22,1,506,2,2798,12,1,20
506,22,1,507,4,2802,15,3,40
507,22,1,508,6,2808,17,2,60
508,22,1,509,5,2813,16,0,50
509,22,1,510,3,2816,19,1,30
510,22,1,511,6,2822,20,20,60
511,22,1,512,3,2825,0,0,30
512,22,1,513,3,2828,0,0,30
513,22,1,514,5,2833,2,0,50
514,22,1,515,8,2841,6,1,80
515,22,1,516,6,2847,5,0,60
516,22,1,517,3,2850,7,2,30
517,22,1,518,7,2857,9,1,70
518,22,1,519,3,2860,9,9,30
519,22,1,520,6,2866,0,0,60
520,22,1,521,7,2873,3,3,70
521,22,1,522,7,2880,4,1,70
522,22,1,523,2,2882,4,0,20
523,22,1,524,5,2887,7,1,50
524,22,1,525,6,2893,8,2,60
525,22,1,526,3,2896,8,0,30
526,22,1,527,5,2901,11,1,50
527,22,1,528,2,2903,10,2,20
528,22,1,529,7,2910,9,1,70
529,22,1,530,4,2914,12,2,40
530,22,1,531,9,2923,13,2,90
531,22,1,532,2,2925,12,1,20
532,22,1,533,2,2927,12,2,20
533,22,1,534,2,2929,10,2,20
534,22,1,535,9,2938,13,3,90
535,22,1,536,4,2942,13,1,40
536,22,1,537,7,2949,16,2,70
537,22,1,538,9,2958,22,2,90
538,22,1,539,9,2967,27,6,90
539,22,1,540,8,2975,24,3,80
540,22,1,541,6,2981,21,5,60
541,22,1,542,8,2989,19,5,80
542,22,1,543,9,2998,15,2,90
543,22,1,544,4,3002,16,16,40
544,22,1,545,6,3008,4,0,60
545,22,1,546,9,3017,10,1,90
546,22,1,547,3,3020,10,2,30
547,22,1,548,7,3027,14,0,70
548,22,1,549,5,3032,18,0,50
549,22,1,550,2,3034,18,2,20
550,22,1,551,9,3043,22,1,90
551,22,1,552,4,3047,24,2,40
552,22,1,553,2,3049,22,4,20
553,22,1,554,3,3052,21,0,30
554,22,1,555,6,3058,22,7,60
555,22,1,556,2,3060,15,1,20
556,22,1,557,3,3063,14,0,30
557,22,1,558,2,3065,16,0,20
558,22,1,559,7,3072,22,2,70
559,22,1,560,2,3074,21,3,20
560,22,1,561,7,3081,21,5,70
561,22,1,562,9,3090,19,4,90
562,22,1,563,7,3097,19,3,70
563,22,1,564,5,3102,19,19,50
564,22,1,565,4,3106,1,0,40
565,22,1,566,6,3112,8,0,60
566,22,1,567,5,3117,8,1,50
567,22,1,568,7,3124,10,1,70
568,22,1,569,4,3128,10,0,40
569,22,1,570,4,3132,10,10,40
570,22,1,571,9,3141,3,2,90
571,22,1,572,8,3149,2,0,80
572,22,1,573,7,3156,6,0,70
573,22,1,574,3,3159,7,1,30
574,22,1,575,6,3165,14,2,60
575,22,1,576,5,3170,18,2,50
576,22,1,577,6,3176,20,1,60
577,22,1,578,5,3181,22,3,50
578,22,1,579,7,3188,22,8,70
579,22,1,580,3,3191,14,2,30
580,22,1,581,3,3194,12,12,30
581,22,1,582,4,3198,2,0,40
582,22,1,583,6,3204,3,0,60
583,22,1,584,8,3212,10,10,80
584,22,1,585,7,3219,3,1,70
585,22,1,586,3,3222,6,0,30
586,22,1,587,2,3224,7,0,20
587,22,1,588,5,3229,8,1,50
588,22,1,589,8,3237,12,1,80
589,22,1,590,6,3243,17,4,60
590,22,1,591,3,3246,13,2,30
591,22,1,592,7,3253,15,2,70
592,22,1,593,7,3260,19,3,70
593,22,1,594,3,3263,18,1,30
594,22,1,595,8,3271,19,4,80
595,22,1,596,2,3273,15,4,20
596,22,1,597,8,3281,15,1,80
597,22,1,598,4,3285,16,2,40
598,22,1,599,4,3289,15,2,40
599,22,1,600,6,3295,20,1,60
600,22,1,601,2,3297,19,19,20
601,22,1,602,2,3299,0,0,20
602,22,1,603,3,3302,5,0,30
603,22,1,604,3,3305,6,0,30
604,22,1,605,3,3308,9,9,30
605,22,1,606,7,3315,3,0,70
606,22,1,607,2,3317,3,0,20
607,22,1,608,9,3326,6,0,90
608,22,1,609,9,3335,12,1,90
609,22,1,610,8,3343,12,3,80
610,22,1,611,5,3348,12,0,50
611,22,1,612,3,3351,14,0,30
612,22,1,613,3,3354,16,3,30
613,22,1,614,7,3361,15,4,70
614,22,1,615,9,3370,16,2,90
615,22,1,616,8,3378,18,5,80
616,22,1,617,8,3386,22,3,80
617,22,1,618,8,3394,25,3,80
618,22,1,619,9,3403,27,4,90
619,22,1,620,6,3409,27,4,60
620,22,1,621,9,3418,27,3,90
621,22,1,622,3,3421,26,1,30
622,22,1,623,8,3429,29,0,80
623,22,1,624,4,3433,30,3,40
624,22,1,625,4,3437,28,6,40
625,22,1,626,2,3439,22,6,20
626,22,1,627,2,3441,16,5,20
627,22,1,628,3,3444,14,1,30
628,22,1,629,8,3452,17,1,80
629,22,1,630,7,3459,19,2,70
630,22,1,631,2,3461,17,4,20
631,22,1,632,4,3465,13,0,40
632,22,1,633,9,3474,16,6,90
633,22,1,634,4,3478,10,1,40
634,22,1,635,9,3487,12,1,90
635,22,1,636,2,3489,11,2,20
636,22,1,637,5,3494,10,2,50
637,22,1,638,4,3498,9,9,40
638,22,1,639,2,3500,1,0,20
639,22,1,640,8,3508,7,0,80
640,22,1,641,2,3510,8,1,20
641,22,1,642,3,3513,9,2,30
642,22,1,643,9,3522,9,2,90
643,22,1,644,5,3527,12,2,50
644,22,1,645,6,3533,14,1,60
645,22,1,646,9,3542,18,3,90
646,22,1,647,5,3547,16,2,50
647,22,1,648,5,3552,16,2,50
648,22,1,649,9,3561,21,5,90
649,22,1,650,3,3564,17,3,30
650,22,1,651,5,3569,18,3,50
651,22,1,652,2,3571,17,4,20
652,22,1,653,8,3579,15,2,80
653,22,1,654,6,3585,13,3,60
654,22,1,655,5,3590,13,2,50
655,22,1,656,4,3594,11,1,40
656,22,1,657,2,3596,10,1,20
657,22,1,658,7,3603,13,2,70
658,22,1,659,8,3611,15,5,80
659,22,1,660,9,3620,13,3,90
660,22,1,661,8,3628,14,1,80
661,22,1,662,6,3634,14,4,60
662,22,1,663,3,3637,10,0,30
663,22,1,664,2,3639,12,4,20
664,22,1,665,6,3645,9,1,60
665,22,1,666,7,3652,9,2,70
666,22,1,667,7,3659,10,2,70
667,22,1,668,7,3666,11,0,70
668,22,1,669,3,3669,15,2,30
669,22,1,670,3,3672,13,1,30
670,22,1,671,8,3680,17,2,80
671,22,1,672,5,3685,17,2,50
672,22,1,673,6,3691,16,3,60
673,22,1,674,4,3695,14,0,40
674,22,1,675,7,3702,18,2,70
675,22,1,676,6,3708,20,3,60
676,22,1,677,3,3711,18,2,30
677,22,1,678,9,3720,20,2,90
678,22,1,679,3,3723,18,0,30
679,22,1,680,7,3730,24,5,70
680,22,1,681,2,3732,21,1,20
681,22,1,682,9,3741,27,27,90
682,22,1,683,7,3748,3,0,70
683,22,1,684,6,3754,7,7,60
684,22,1,685,2,3756,0,0,20
685,22,1,686,2,3758,1,1,20
686,22,1,687,7,3765,3,3,70
687,22,1,688,4,3769,2,0,40
688,22,1,689,6,3775,2,0,60
689,22,1,690,3,3778,5,0,30
690,22,1,691,9,3787,10,2,90
691,22,1,692,4,3791,10,0,40
692,22,1,693,4,3795,11,0,40
693,22,1,694,2,3797,11,0,20
694,22,1,695,7,3804,14,1,70
695,22,1,696,8,3812,17,1,80
696,22,1,697,9,3821,24,2,90
697,22,1,698,7,3828,26,6,70
698,22,1,699,4,3832,20,5,40
699,22,1,700,7,3839,17,1,70
700,22,1,701,7,3846,18,2,70
701,22,1,702,8,3854,21,7,80
702,22,1,703,4,3858,14,1,40
703,22,1,704,2,3860,14,3,20
704,22,1,705,3,3863,11,2,30
705,22,1,706,3,3866,9,1,30
706,22,1,707,3,3869,9,0,30
707,22,1,708,4,3873,10,0,40
708,22,1,709,4,3877,12,3,40
709,22,1,710,8,3885,12,1,80
710,22,1,711,5,3890,12,1,50
711,22,1,712,3,3893,11,0,30
712,22,1,713,3,3896,13,2,30
713,22,1,714,3,3899,13,3,30
714,22,1,715,7,3906,14,1,70
715,22,1,716,4,3910,13,3,40
716,22,1,717,5,3915,11,1,50
717,22,1,718,7,3922,11,0,70
718,22,1,719,3,3925,13,1,30
719,22,1,720,5,3930,12,1,50
720,22,1,721,7,3937,14,1,70
721,22,1,722,8,3945,22,22,80
722,22,1,723,2,3947,0,0,20
723,22,1,724,2,3949,2,0,20
724,22,1,725,8,3957,8,1,80
725,22,1,726,8,3965,12,1,80
726,22,1,727,2,3967,15,1,20
727,22,1,728,2,3969,15,5,20
728,22,1,729,6,3975,10,0,60
729,22,1,730,8,3983,12,2,80
730,22,1,731,2,3985,10,0,20
731,22,1,732,3,3988,11,0,30
732,22,1,733,7,3995,16,1,70
733,22,1,734,5,4000,19,19,50
734,22,1,735,6,4006,3,0,60
735,22,1,736,3,4009,4,0,30
736,22,1,737,6,4015,10,2,60
737,22,1,738,2,4017,8,1,20
738,22,1,739,8,4025,10,1,80
739,22,1,740,4,4029,9,0,40
740,22,1,741,5,4034,12,1,50
741,22,1,742,5,4039,11,1,50
742,22,1,743,9,4048,10,0,90
743,22,1,744,5,4053,13,3,50
744,22,1,745,4,4057,12,3,40
745,22,1,746,5,4062,13,2,50
746,22,1,747,9,4071,12,0,90
747,22,1,748,2,4073,13,1,20
748,22,1,749,6,4079,12,12,60
749,22,1,750,6,4085,4,0,60
750,22,1,751,2,4087,5,1,20
751,22,1,752,2,4089,6,1,20
752,22,1,753,8,4097,8,8,80
753,22,1,754,4,4101,2,0,40
754,22,1,755,8,4109,7,1,80
755,22,1,756,6,4115,10,2,60
756,22,1,757,7,4122,11,2,70
757,22,1,758,7,4129,10,1,70
758,22,1,759,5,4134,13,1,50
759,22,1,760,6,4140,13,13,60
760,22,1,761,8,4148,1,0,80
761,22,1,762,7,4155,2,0,70
762,22,1,763,5,4160,4,4,50
763,22,1,764,6,4166,4,0,60
764,22,1,765,4,4170,5,1,40
765,22,1,766,4,4174,5,0,40
766,22,1,767,9,4183,12,2,90
767,22,1,768,3,4186,10,2,30
768,22,1,769,3,4189,9,0,30
769,22,1,770,4,4193,11,1,40
770,22,1,771,2,4195,10,1,20
771,22,1,772,2,4197,10,1,20
772,22,1,773,9,4206,17,17,90
773,22,1,774,5,4211,0,0,50
774,22,1,775,3,4214,2,0,30
775,22,1,776,8,4222,6,1,80
776,22,1,777,9,4231,8,2,90
777,22,1,778,4,4235,9,1,40
778,22,1,779,5,4240,10,2,50
779,22,1,780,5,4245,10,1,50
780,22,1,781,9,4254,14,1,90
781,22,1,782,7,4261,19,2,70
782,22,1,783,3,4264,23,1,30
783,22,1,784,2,4266,23,3,20
784,22,1,785,2,4268,21,2,20
785,22,1,786,6,4274,21,4,60
786,22,1,787,3,4277,17,2,30
787,22,1,788,4,4281,16,3,40
788,22,1,789,2,4283,15,3,20
789,22,1,790,8,4291,16,2,80
790,22,1,791,6,4297,18,1,60
791,22,1,792,8,4305,21,4,80
792,22,1,793,4,4309,22,5,40
793,22,1,794,7,4316,24,2,70
794,22,1,795,4,4320,25,3,40
795,22,1,796,9,4329,25,2,90
796,22,1,797,2,4331,23,23,20
797,22,1,798,4,4335,0,0,40
798,22,1,799,6,4341,2,0,60
799,22,1,800,2,4343,4,1,20
800,22,1,801,5,4348,5,0,50
801,22,1,802,2,4350,7,1,20
802,22,1,803,3,4353,8,2,30
803,22,1,804,2,4355,6,1,20
804,22,1,805,3,4358,7,0,30
805,22,1,806,9,4367,12,3,90
806,22,1,807,3,4370,9,0,30
807,22,1,808,3,4373,12,2,30
808,22,1,809,7,4380,12,0,70
809,22,1,810,5,4385,13,2,50
810,22,1,811,3,4388,12,3,30
811,22,1,812,8,4396,14,6,80
812,22,1,813,7,4403,15,1,70
813,22,1,814,5,4408,17,3,50
814,22,1,815,4,4412,14,4,40
815,22,1,816,5,4417,13,13,50
816,22,1,817,9,4426,6,6,90
817,22,1,818,4,4430,3,3,40
818,22,1,819,8,4438,2,0,80
819,22,1,820,7,4445,6,0,70
820,22,1,821,3,4448,7,0,30
821,22,1,822,2,4450,8,2,20
822,22,1,823,6,4456,10,1,60
823,22,1,824,4,4460,10,1,40
824,22,1,825,9,4469,15,1,90
825,22,1,826,8,4477,18,2,80
826,22,1,827,2,4479,17,1,20
827,22,1,828,2,4481,16,2,20
828,22,1,829,9,4490,20,6,90
829,22,1,830,3,4493,16,16,30
830,22,1,831,5,4498,2,0,50
831,22,1,832,6,4504,3,0,60
832,22,1,833,3,4507,6,0,30
833,22,1,834,7,4514,9,0,70
834,22,1,835,5,4519,11,1,50
835,22,1,836,9,4528,13,0,90
836,22,1,837,6,4534,20,0,60
837,22,1,838,3,4537,26,26,30
838,22,1,839,8,4545,3,0,80
839,22,1,840,9,4554,3,0,90
840,22,1,841,2,4556,4,0,20
841,22,1,842,6,4562,6,2,60
842,22,1,843,5,4567,6,1,50
843,22,1,844,8,4575,8,0,80
844,22,1,845,2,4577,8,1,20
845,22,1,846,8,4585,9,0,80
846,22,1,847,5,4590,9,1,50
847,22,1,848,3,4593,9,1,30
848,22,1,849,2,4595,9,4,20
849,22,1,850,9,4604,7,0,90
850,22,1,851,3,4607,10,2,30
851,22,1,852,4,4611,10,0,40
852,22,1,853,2,4613,11,2,20
853,22,1,854,4,4617,9,0,40
854,22,1,855,9,4626,13,13,90
855,22,1,856,2,4628,1,0,20
856,22,1,857,4,4632,2,0,40
857,22,1,858,3,4635,4,0,30
858,22,1,859,8,4643,10,2,80
859,22,1,860,3,4646,8,0,30
860,22,1,861,3,4649,8,2,30
861,22,1,862,5,4654,7,1,50
862,22,1,863,5,4659,13,1,50
863,22,1,864,3,4662,14,3,30
864,22,1,865,3,4665,14,4,30
865,22,1,866,4,4669,11,0,40
866,22,1,867,4,4673,13,3,40
867,22,1,868,6,4679,13,2,60
868,22,1,869,4,4683,13,3,40
869,22,1,870,2,4685,11,3,20
870,22,1,871,5,4690,10,3,50
871,22,1,872,3,4693,9,1,30
872,22,1,873,8,4701,13,2,80
873,22,1,874,2,4703,11,1,20
874,22,1,875,8,4711,11,0,80
875,22,1,876,4,4715,14,1,40
876,22,1,877,4,4719,13,2,40
877,22,1,878,7,4726,14,0,70
878,22,1,879,2,4728,15,3,20
879,22,1,880,6,4734,16,3,60
880,22,1,881,7,4741,17,0,70
881,22,1,882,8,4749,21,21,80
882,22,1,883,4,4753,1,0,40
883,22,1,884,3,4756,2,2,30
884,22,1,885,2,4758,0,0,20
885,22,1,886,9,4767,6,0,90
886,22,1,887,2,4769,7,1,20
887,22,1,888,3,4772,9,0,30
888,22,1,889,3,4775,11,1,30
889,22,1,890,6,4781,12,5,60
890,22,1,891,8,4789,19,4,80
891,22,1,892,2,4791,15,2,20
892,22,1,893,3,4794,15,4,30
893,22,1,894,2,4796,12,3,20
894,22,1,895,9,4805,19,1,90
895,22,1,896,9,4814,18,1,90
896,22,1,897,9,4823,23,4,90
897,22,1,898,6,4829,24,1,60
898,22,1,899,4,4833,28,6,40
899,22,1,900,6,4839,28,2,60
900,22,1,901,6,4845,31,4,60
901,22,1,902,4,4849,31,4,40
902,22,1,903,4,4853,27,27,40
903,22,1,904,3,4856,1,1,30
904,22,1,905,2,4858,1,1,20
905,22,1,906,5,4863,6,1,50
906,22,1,907,6,4869,8,0,60
907,22,1,908,7,4876,11,1,70
908,22,1,909,9,4885,12,1,90
909,22,1,910,5,4890,15,1,50
910,22,1,911,9,4899,17,3,90
911,22,1,912,4,4903,15,1,40
912,22,1,913,2,4905,15,1,20
913,22,1,914,2,4907,16,4,20
914,22,1,915,2,4909,13,13,20
915,22,1,916,2,4911,0,0,20
916,22,1,917,6,4917,2,0,60
917,22,1,918,7,4924,6,0,70
918,22,1,919,7,4931,9,2,70
919,22,1,920,5,4936,10,1,50
920,22,1,921,5,4941,9,0,50
921,22,1,922,8,4949,12,3,80
922,22,1,923,8,4957,11,0,80
923,22,1,924,7,4964,15,15,70
924,22,1,925,5,4969,2,0,50
925,22,1,926,2,4971,4,0,20
926,22,1,927,9,4980,11,0,90
927,22,1,928,9,4989,19,2,90
928,22,1,929,2,4991,17,4,20
929,22,1,930,5,4996,14,4,50
930,22,2,1,7,7,5,1,70
931,22,2,2,2,9,5,2,20
932,22,2,3,8,17,6,0,80
933,22,2,4,4,21,7,1,40
934,22,2,5,7,28,12,2,70
935,22,2,6,3,31,11,2,30
936,22,2,7,5,36,9,2,50
937,22,2,8,3,39,8,2,30
938,22,2,9,6,45,10,0,60
939,22,2,10,3,48,11,0,30
940,22,2,11,8,56,16,2,80
941,22,2,12,7,63,20,1,70
942,22,2,13,8,71,26,6,80
943,22,2,14,6,77,23,4,60
944,22,2,15,7,84,20,3,70
945,22,2,16,4,88,20,0,40
946,22,2,17,2,90,21,4,20
947,22,2,18,6,96,20,1,60
948,22,2,19,4,100,24,1,40
949,22,2,20,7,107,24,1,70
950,22,2,21,8,115,27,4,80
951,22,2,22,4,119,23,3,40
952,22,2,23,3,122,22,4,30
953,22,2,24,7,129,25,5,70
954,22,2,25,2,131,21,1,20
955,22,2,26,5,136,22,6,50
956,22,2,27,8,144,21,4,80
957,22,2,28,3,147,17,1,30
958,22,2,29,4,151,17,4,40
959,22,2,30,7,158,19,4,70
960,22,2,31,6,164,20,0,60
961,22,2,32,2,166,21,4,20
962,22,2,33,8,174,20,20,80
963,22,2,34,4,178,2,0,40
964,22,2,35,7,185,8,0,70
965,22,2,36,6,191,13,13,60
966,22,2,37,9,200,3,3,90
967,22,2,38,2,202,1,0,20
968,22,2,39,5,207,2,0,50
969,22,2,40,4,211,6,1,40
970,22,2,41,9,220,10,0,90
971,22,2,42,7,227,12,2,70
972,22,2,43,9,236,13,2,90
973,22,2,44,5,241,14,1,50
974,22,2,45,8,249,19,1,80
975,22,2,46,8,257,24,1,80
976,22,2,47,7,264,29,4,70
977,22,2,48,3,267,27,2,30
978,22,2,49,9,276,31,6,90
979,22,2,50,7,283,27,6,70
980,22,2,51,3,286,21,5,30
981,22,2,52,8,294,20,1,80
982,22,2,53,6,300,21,4,60
983,22,2,54,5,305,21,4,50
984,22,2,55,5,310,20,5,50
985,22,2,56,9,319,23,4,90
986,22,2,57,2,321,21,5,20
987,22,2,58,2,323,17,3,20
988,22,2,59,6,329,15,1,60
989,22,2,60,4,333,17,4,40
990,22,2,61,8,341,17,3,80
991,22,2,62,3,344,14,1,30
992,22,2,63,6,350,18,2,60
993,22,2,64,5,355,18,6,50
994,22,2,65,3,358,14,3,30
995,22,2,66,4,362,12,4,40
996,22,2,67,9,371,11,0,90
997,22,2,68,6,377,15,15,60
998,22,2,69,8,385,9,1,80
999,22,2,70,5,390,15,0,50
1000,22,2,71,5,395,19,3,50
1001,22,2,72,2,397,16,2,20
1002,22,2,73,4,401,14,2,40
1003,22,2,74,5,406,13,0,50
1004,22,2,75,3,409,17,0,30
1005,22,2,76,8,417,19,4,80
1006,22,2,77,9,426,22,3,90
1007,22,2,78,2,428,19,3,20
1008,22,2,79,5,433,17,3,50
1009,22,2,80,4,437,16,16,40
1010,22,2,81,4,441,0,0,40
1011,22,2,82,4,445,3,0,40
1012,22,2,83,4,449,4,0,40
1013,22,2,84,2,451,5,0,20
1014,22,2,85,5,456,6,0,50
1015,22,2,86,3,459,7,0,30
1016,22,2,87,8,467,13,1,80
1017,22,2,88,8,475,16,16,80
1018,22,2,89,4,479,4,0,40
1019,22,2,90,5,484,8,0,50
1020,22,2,91,5,489,9,0,50
1021,22,2,92,5,494,12,2,50
1022,22,2,93,6,500,12,5,60
1023,22,2,94,5,505,10,1,50
1024,22,2,95,4,509,12,2,40
1025,22,2,96,8,517,11,4,80
1026,22,2,97,6,523,9,2,60
1027,22,2,98,9,532,13,2,90
1028,22,2,99,8,540,12,12,80
1029,22,2,100,5,545,1,0,50
1030,22,2,101,5,550,6,1,50
1031,22,2,102,5,555,10,1,50
1032,22,2,103,9,564,16,0,90
1033,22,2,104,6,570,18,0,60
1034,22,2,105,9,579,22,4,90
1035,22,2,106,4,583,19,6,40
1036,22,2,107,8,591,16,3,80
1037,22,2,108,2,593,14,2,20
1038,22,2,109,6,599,12,1,60
1039,22,2,110,6,605,17,3,60
1040,22,2,111,5,610,15,15,50
1041,22,2,112,8,618,2,0,80
1042,22,2,113,4,622,6,1,40
1043,22,2,114,8,630,6,1,80
1044,22,2,115,2,632,5,0,20
1045,22,2,116,3,635,8,1,30
1046,22,2,117,5,640,9,2,50
1047,22,2,118,7,647,10,3,70
1048,22,2,119,9,656,10,1,90
1049,22,2,120,7,663,12,1,70
1050,22,2,121,7,670,15,0,70
1051,22,2,122,9,679,19,1,90
1052,22,2,123,6,685,20,2,60
1053,22,2,124,9,694,22,5,90
1054,22,2,125,4,698,20,2,40
1055,22,2,126,9,707,20,3,90
1056,22,2,127,6,713,20,2,60
1057,22,2,128,3,716,18,2,30
1058,22,2,129,8,724,19,0,80
1059,22,2,130,2,726,19,3,20
1060,22,2,131,6,732,19,2,60
1061,22,2,132,8,740,21,3,80
1062,22,2,133,9,749,20,2,90
1063,22,2,134,8,757,24,24,80
1064,22,2,135,3,760,1,0,30
1065,22,2,136,7,767,1,0,70
1066,22,2,137,7,774,6,0,70
1067,22,2,138,5,779,11,3,50
1068,22,2,139,8,787,9,1,80
1069,22,2,140,6,793,13,1,60
1070,22,2,141,8,801,19,5,80
1071,22,2,142,8,809,17,2,80
1072,22,2,143,6,815,18,3,60
1073,22,2,144,6,821,16,6,60
1074,22,2,145,6,827,11,1,60
1075,22,2,146,4,831,10,2,40
1076,22,2,147,5,836,9,1,50
1077,22,2,148,8,844,9,0,80
1078,22,2,149,7,851,11,2,70
1079,22,2,150,2,853,9,1,20
1080,22,2,151,3,856,11,2,30
1081,22,2,152,8,864,13,5,80
1082,22,2,153,6,870,11,1,60
1083,22,2,154,2,872,10,2,20
1084,22,2,155,8,880,12,1,80
1085,22,2,156,7,887,14,2,70
1086,22,2,157,4,891,13,3,40
1087,22,2,158,7,898,14,3,70
1088,22,2,159,7,905,11,1,70
1089,22,2,160,4,909,12,3,40
1090,22,2,161,8,917,13,2,80
1091,22,2,162,7,924,17,1,70
1092,22,2,163,2,926,17,1,20
1093,22,2,164,7,933,19,4,70
1094,22,2,165,6,939,17,2,60
1095,22,2,166,4,943,17,1,40
1096,22,2,167,7,950,17,2,70
1097,22,2,168,6,956,16,2,60
1098,22,2,169,4,960,18,2,40
1099,22,2,170,5,965,20,20,50
1100,22,2,171,6,971,2,0,60
1101,22,2,172,5,976,5,0,50
1102,22,2,173,8,984,7,2,80
1103,22,2,174,9,993,10,10,90
1104,22,2,175,7,1000,0,0,70
1105,22,2,176,8,1008,2,0,80
1106,22,2,177,8,1016,6,0,80
1107,22,2,178,8,1024,8,1,80
1108,22,2,179,9,1033,9,2,90
1109,22,2,180,2,1035,7,1,20
1110,22,2,181,7,1042,10,10,70
1111,22,2,182,2,1044,1,0,20
1112,22,2,183,9,1053,4,1,90
1113,22,2,184,5,1058,4,0,50
1114,22,2,185,3,1061,6,6,30
1115,22,2,186,5,1066,2,0,50
1116,22,2,187,4,1070,4,1,40
1117,22,2,188,2,1072,3,0,20
1118,22,2,189,6,1078,11,3,60
1119,22,2,190,6,1084,10,3,60
1120,22,2,191,4,1088,10,2,40
1121,22,2,192,3,1091,8,0,30
1122,22,2,193,7,1098,9,2,70
1123,22,2,194,6,1104,9,9,60
1124,22,2,195,2,1106,0,0,20
1125,22,2,196,5,1111,3,3,50
1126,22,2,197,7,1118,2,0,70
1127,22,2,198,8,1126,6,0,80
1128,22,2,199,2,1128,7,1,20
1129,22,2,200,3,1131,6,0,30
1130,22,2,201,6,1137,12,3,60
1131,22,2,202,6,1143,12,2,60
1132,22,2,203,8,1151,18,18,80
1133,22,2,204,7,1158,1,0,70
1134,22,2,205,4,1162,5,0,40
1135,22,2,206,3,1165,8,2,30
1136,22,2,207,8,1173,11,1,80
1137,22,2,208,7,1180,15,1,70
1138,22,2,209,8,1188,19,2,80
1139,22,2,210,6,1194,20,2,60
1140,22,2,211,2,1196,18,3,20
1141,22,2,212,4,1200,15,5,40
1142,22,2,213,3,1203,13,3,30
1143,22,2,214,9,1212,14,0,90
1144,22,2,215,7,1219,21,6,70
1145,22,2,216,6,1225,18,3,60
1146,22,2,217,3,1228,17,3,30
1147,22,2,218,8,1236,16,16,80
1148,22,2,219,8,1244,2,0,80
1149,22,2,220,4,1248,2,0,40
1150,22,2,221,9,1257,5,0,90
1151,22,2,222,9,1266,6,0,90
1152,22,2,223,7,1273,6,0,70
1153,22,2,224,7,1280,12,1,70
1154,22,2,225,2,1282,11,3,20
1155,22,2,226,8,1290,12,0,80
1156,22,2,227,9,1299,14,2,90
1157,22,2,228,7,1306,15,15,70
1158,22,2,229,6,1312,3,0,60
1159,22,2,230,6,1318,6,1,60
1160,22,2,231,7,1325,6,2,70
1161,22,2,232,4,1329,5,2,40
1162,22,2,233,9,1338,10,10,90
1163,22,2,234,8,1346,3,0,80
1164,22,2,235,2,1348,6,1,20
1165,22,2,236,6,1354,8,1,60
1166,22,2,237,2,1356,9,3,20
1167,22,2,238,3,1359,7,0,30
1168,22,2,239,8,1367,8,0,80
1169,22,2,240,5,1372,9,3,50
1170,22,2,241,3,1375,9,1,30
1171,22,2,242,6,1381,12,0,60
1172,22,2,243,6,1387,15,2,60
1173,22,2,244,3,1390,13,2,30
1174,22,2,245,8,1398,18,7,80
1175,22,2,246,3,1401,14,1,30
1176,22,2,247,6,1407,16,2,60
1177,22,2,248,6,1413,15,4,60
1178,22,2,249,9,1422,14,2,90
1179,22,2,250,6,1428,17,3,60
1180,22,2,251,5,1433,19,2,50
1181,22,2,252,3,1436,17,4,30
1182,22,2,253,7,1443,17,2,70
1183,22,2,254,5,1448,17,2,50
1184,22,2,255,6,1454,17,3,60
1185,22,2,256,6,1460,17,3,60
1186,22,2,257,3,1463,16,1,30
1187,22,2,258,7,1470,20,2,70
1188,22,2,259,2,1472,19,2,20
1189,22,2,260,3,1475,18,18,30
1190,22,2,261,5,1480,2,0,50
1191,22,2,262,9,1489,4,1,90
1192,22,2,263,3,1492,4,0,30
1193,22,2,264,4,1496,5,5,40
1194,22,2,265,2,1498,1,0,20
1195,22,2,266,7,1505,6,0,70
1196,22,2,267,4,1509,10,2,40
1197,22,2,268,6,1515,10,5,60
1198,22,2,269,9,1524,13,1,90
1199,22,2,270,4,1528,14,14,40
1200,22,2,271,6,1534,2,1,60
1201,22,2,272,9,1543,5,0,90
1202,22,2,273,8,1551,11,1,80
1203,22,2,274,8,1559,14,14,80
1204,22,2,275,9,1568,7,0,90
1205,22,2,276,4,1572,11,2,40
1206,22,2,277,4,1576,15,1,40
1207,22,2,278,4,1580,14,14,40
1208,22,2,279,5,1585,1,1,50
1209,22,2,280,9,1594,5,1,90
1210,22,2,281,9,1603,10,1,90
1211,22,2,282,6,1609,11,0,60
1212,22,2,283,7,1616,15,1,70
1213,22,2,284,9,1625,20,3,90
1214,22,2,285,6,1631,19,5,60
1215,22,2,286,3,1634,14,2,30
1216,22,2,287,6,1640,16,3,60
1217,22,2,288,7,1647,16,3,70
1218,22,2,289,8,1655,18,5,80
1219,22,2,290,9,1664,24,4,90
1220,22,2,291,9,1673,27,3,90
1221,22,2,292,8,1681,28,6,80
1222,22,2,293,8,1689,25,5,80
1223,22,2,294,2,1691,22,3,20
1224,22,2,295,6,1697,25,4,60
1225,22,2,296,6,1703,24,2,60
1226,22,2,297,2,1705,22,6,20
1227,22,2,298,4,1709,19,5,40
1228,22,2,299,2,1711,15,4,20
1229,22,2,300,9,1720,14,1,90
1230,22,2,301,5,1725,17,2,50
1231,22,2,302,8,1733,24,24,80
1232,22,2,303,9,1742,4,0,90
1233,22,2,304,7,1749,12,1,70
1234,22,2,305,3,1752,11,11,30
1235,22,2,306,6,1758,3,0,60
1236,22,2,307,5,1763,4,1,50
1237,22,2,308,7,1770,7,3,70
1238,22,2,309,6,1776,8,1,60
1239,22,2,310,5,1781,9,1,50
1240,22,2,311,7,1788,14,1,70
1241,22,2,312,4,1792,15,15,40
1242,22,2,313,7,1799,2,0,70
1243,22,2,314,2,1801,2,0,20
1244,22,2,315,4,1805,6,0,40
1245,22,2,316,6,1811,9,0,60
1246,22,2,317,9,1820,15,2,90
1247,22,2,318,7,1827,16,2,70
1248,22,2,319,9,1836,16,3,90
1249,22,2,320,6,1842,15,3,60
1250,22,2,321,8,1850,16,1,80
1251,22,2,322,5,1855,18,4,50
1252,22,2,323,2,1857,15,3,20
1253,22,2,324,7,1864,17,17,70
1254,22,2,325,7,1871,4,0,70
1255,22,2,326,4,1875,7,0,40
1256,22,2,327,6,1881,10,1,60
1257,22,2,328,6,1887,9,2,60
1258,22,2,329,2,1889,8,1,20
1259,22,2,330,4,1893,9,2,40
1260,22,2,331,4,1897,7,7,40
1261,22,2,332,3,1900,2,2,30
1262,22,2,333,9,1909,4,1,90
1263,22,2,334,7,1916,5,0,70
1264,22,2,335,5,1921,8,2,50
1265,22,2,336,4,1925,7,1,40
1266,22,2,337,4,1929,9,9,40
1267,22,2,338,8,1937,3,0,80
1268,22,2,339,8,1945,7,1,80
1269,22,2,340,7,1952,8,1,70
1270,22,2,341,3,1955,9,0,30
1271,22,2,342,7,1962,12,2,70
1272,22,2,343,6,1968,15,4,60
1273,22,2,344,4,1972,16,3,40
1274,22,2,345,6,1978,21,3,60
1275,22,2,346,4,1982,18,2,40
1276,22,2,347,5,1987,20,6,50
1277,22,2,348,6,1993,16,4,60
1278,22,2,349,4,1997,12,1,40
1279,22,2,350,4,2001,13,1,40
1280,22,2,351,5,2006,13,3,50
1281,22,2,352,5,2011,13,13,50
1282,22,2,353,6,2017,1,0,60
1283,22,2,354,3,2020,1,0,30
1284,22,2,355,6,2026,2,0,60
1285,22,2,356,2,2028,2,0,20
1286,22,2,357,5,2033,3,0,50
1287,22,2,358,4,2037,6,0,40
1288,22,2,359,6,2043,10,10,60
1289,22,2,360,2,2045,0,0,20
1290,22,2,361,4,2049,1,0,40
1291,22,2,362,7,2056,7,0,70
1292,22,2,363,3,2059,9,9,30
1293,22,2,364,8,2067,5,0,80
1294,22,2,365,5,2072,8,0,50
1295,22,2,366,9,2081,13,13,90
1296,22,2,367,3,2084,2,0,30
1297,22,2,368,8,2092,10,1,80
1298,22,2,369,7,2099,10,3,70
1299,22,2,370,9,2108,13,13,90
1300,22,2,371,7,2115,2,1,70
1301,22,2,372,7,2122,6,0,70
1302,22,2,373,6,2128,9,0,60
1303,22,2,374,5,2133,9,9,50
1304,22,2,375,3,2136,0,0,30
1305,22,2,376,4,2140,1,0,40
1306,22,2,377,8,2148,6,0,80
1307,22,2,378,3,2151,8,1,30
1308,22,2,379,4,2155,8,2,40
1309,22,2,380,8,2163,14,1,80
1310,22,2,381,5,2168,15,3,50
1311,22,2,382,3,2171,13,13,30
1312,22,2,383,2,2173,1,0,20
1313,22,2,384,4,2177,3,3,40
1314,22,2,385,7,2184,4,1,70
1315,22,2,386,4,2188,11,1,40
1316,22,2,387,8,2196,13,13,80
1317,22,2,388,6,2202,2,1,60
1318,22,2,389,9,2211,9,3,90
1319,22,2,390,6,2217,10,1,60
1320,22,2,391,5,2222,13,1,50
1321,22,2,392,9,2231,15,2,90
1322,22,2,393,8,2239,21,6,80
1323,22,2,394,5,2244,18,3,50
1324,22,2,395,8,2252,19,1,80
1325,22,2,396,2,2254,18,0,20
1326,22,2,397,6,2260,21,3,60
1327,22,2,398,4,2264,21,3,40
1328,22,2,399,8,2272,20,3,80
1329,22,2,400,6,2278,18,5,60
1330,22,2,401,2,2280,14,5,20
1331,22,2,402,6,2286,9,1,60
1332,22,2,403,7,2293,11,2,70
1333,22,2,404,5,2298,14,1,50
1334,22,2,405,3,2301,15,2,30
1335,22,2,406,5,2306,13,2,50
1336,22,2,407,5,2311,11,3,50
1337,22,2,408,3,2314,11,2,30
1338,22,2,409,6,2320,9,1,60
1339,22,2,410,8,2328,11,0,80
1340,22,2,411,3,2331,13,0,30
1341,22,2,412,4,2335,15,3,40
1342,22,2,413,5,2340,14,2,50
1343,22,2,414,9,2349,17,3,90
1344,22,2,415,7,2356,16,4,70
1345,22,2,416,6,2362,15,5,60
1346,22,2,417,3,2365,12,2,30
1347,22,2,418,2,2367,11,1,20
1348,22,2,419,2,2369,11,0,20
1349,22,2,420,5,2374,15,2,50
1350,22,2,421,4,2378,14,3,40
1351,22,2,422,6,2384,13,1,60
1352,22,2,423,9,2393,16,16,90
1353,22,2,424,2,2395,1,1,20
1354,22,2,425,4,2399,2,0,40
1355,22,2,426,6,2405,6,1,60
1356,22,2,427,6,2411,6,0,60
1357,22,2,428,6,2417,11,1,60
1358,22,2,429,2,2419,13,0,20
1359,22,2,430,4,2423,15,2,40
1360,22,2,431,4,2427,14,0,40
1361,22,2,432,9,2436,15,1,90
1362,22,2,433,4,2440,16,1,40
1363,22,2,434,2,2442,17,3,20
1364,22,2,435,6,2448,14,2,60
1365,22,2,436,5,2453,13,1,50
1366,22,2,437,3,2456,12,3,30
1367,22,2,438,7,2463,12,1,70
1368,22,2,439,2,2465,13,13,20
1369,22,2,440,3,2468,2,1,30
1370,22,2,441,4,2472,5,1,40
1371,22,2,442,9,2481,8,1,90
1372,22,2,443,9,2490,10,2,90
1373,22,2,444,8,2498,9,3,80
1374,22,2,445,4,2502,9,3,40
1375,22,2,446,9,2511,9,9,90
1376,22,2,447,3,2514,1,0,30
1377,22,2,448,4,2518,4,0,40
1378,22,2,449,3,2521,5,1,30
1379,22,2,450,4,2525,7,1,40
1380,22,2,451,3,2528,8,2,30
1381,22,2,452,4,2532,10,2,40
1382,22,2,453,8,2540,10,1,80
1383,22,2,454,3,2543,9,2,30
1384,22,2,455,6,2549,10,2,60
1385,22,2,456,8,2557,10,0,80
1386,22,2,457,7,2564,14,0,70
1387,22,2,458,5,2569,17,17,50
1388,22,2,459,6,2575,0,0,60
1389,22,2,460,9,2584,5,0,90
1390,22,2,461,3,2587,8,2,30
1391,22,2,462,8,2595,6,0,80
1392,22,2,463,4,2599,8,2,40
1393,22,2,464,9,2608,11,2,90
1394,22,2,465,7,2615,14,14,70
1395,22,2,466,8,2623,5,0,80
1396,22,2,467,6,2629,6,6,60
1397,22,2,468,9,2638,9,1,90
1398,22,2,469,3,2641,8,1,30
1399,22,2,470,6,2647,10,10,60
1400,22,2,471,7,2654,3,0,70
1401,22,2,472,5,2659,4,0,50
1402,22,2,473,7,2666,7,7,70
1403,22,2,474,7,2673,4,0,70
1404,22,2,475,2,2675,5,0,20
1405,22,2,476,9,2684,12,2,90
1406,22,2,477,6,2690,16,3,60
1407,22,2,478,9,2699,17,1,90
1408,22,2,479,8,2707,22,2,80
1409,22,2,480,5,2712,22,3,50
1410,22,2,481,4,2716,22,4,40
1411,22,2,482,4,2720,18,3,40
1412,22,2,483,9,2729,22,22,90
1413,22,2,484,2,2731,0,0,20
1414,22,2,485,4,2735,1,0,40
1415,22,2,486,9,2744,4,0,90
1416,22,2,487,7,2751,8,1,70
1417,22,2,488,2,2753,7,0,20
1418,22,2,489,5,2758,8,1,50
1419,22,2,490,9,2767,8,0,90
1420,22,2,491,9,2776,12,2,90
1421,22,2,492,6,2782,14,1,60
1422,22,2,493,6,2788,15,2,60
1423,22,2,494,2,2790,15,3,20
1424,22,2,495,7,2797,18,2,70
1425,22,2,496,3,2800,17,1,30
1426,22,2,497,8,2808,18,3,80
1427,22,2,498,7,2815,22,2,70
1428,22,2,499,6,2821,23,5,60
1429,22,2,500,7,2828,20,6,70
1430,22,2,501,7,2835,19,4,70
1431,22,2,502,2,2837,16,1,20
1432,22,2,503,3,2840,17,1,30
1433,22,2,504,9,2849,21,3,90
1434,22,2,505,6,2855,23,8,60
1435,22,2,506,2,2857,16,3,20
1436,22,2,507,8,2865,18,1,80
1437,22,2,508,6,2871,22,6,60
1438,22,2,509,6,2877,18,5,60
1439,22,2,510,6,2883,15,0,60
1440,22,2,511,8,2891,18,3,80
1441,22,2,512,8,2899,22,3,80
1442,22,2,513,4,2903,20,20,40
1443,22,2,514,4,2907,2,0,40
1444,22,2,515,2,2909,4,0,20
1445,22,2,516,5,2914,6,0,50
1446,22,2,517,5,2919,9,1,50
1447,22,2,518,7,2926,14,2,70
1448,22,2,519,3,2929,15,2,30
1449,22,2,520,2,2931,15,2,20
1450,22,2,521,6,2937,16,2,60
1451,22,2,522,7,2944,18,0,70
1452,22,2,523,6,2950,21,2,60
1453,22,2,524,8,2958,26,2,80
1454,22,2,525,6,2964,26,3,60
1455,22,2,526,9,2973,28,7,90
1456,22,2,527,2,2975,21,3,20
1457,22,2,528,2,2977,19,2,20
1458,22,2,529,9,2986,21,1,90
1459,22,2,530,5,2991,24,3,50
1460,22,2,531,5,2996,24,3,50
1461,22,2,532,6,3002,25,3,60
1462,22,2,533,4,3006,23,0,40
1463,22,2,534,6,3012,29,2,60
1464,22,2,535,2,3014,28,28,20
1465,22,2,536,5,3019,1,0,50
1466,22,2,537,4,3023,1,0,40
1467,22,2,538,5,3028,1,0,50
1468,22,2,539,6,3034,3,0,60
1469,22,2,540,6,3040,5,2,60
1470,22,2,541,9,3049,10,10,90
1471,22,2,542,7,3056,7,0,70
1472,22,2,543,4,3060,8,1,40
1473,22,2,544,7,3067,11,2,70
1474,22,2,545,7,3074,13,1,70
1475,22,2,546,4,3078,13,3,40
1476,22,2,547,6,3084,15,4,60
1477,22,2,548,2,3086,12,1,20
1478,22,2,549,2,3088,12,1,20
1479,22,2,550,3,3091,11,2,30
1480,22,2,551,5,3096,10,10,50
1481,22,2,552,2,3098,1,0,20
1482,22,2,553,2,3100,1,0,20
1483,22,2,554,3,3103,4,4,30
1484,22,2,555,9,3112,8,0,90
1485,22,2,556,6,3118,12,0,60
1486,22,2,557,8,3126,21,2,80
1487,22,2,558,2,3128,19,4,20
1488,22,2,559,9,3137,20,4,90
1489,22,2,560,2,3139,17,5,20
1490,22,2,561,4,3143,15,1,40
1491,22,2,562,7,3150,18,4,70
1492,22,2,563,2,3152,15,1,20
1493,22,2,564,8,3160,16,5,80
1494,22,2,565,8,3168,13,3,80
1495,22,2,566,8,3176,14,4,80
1496,22,2,567,9,3185,12,3,90
1497,22,2,568,8,3193,11,0,80
1498,22,2,569,6,3199,12,12,60
1499,22,2,570,5,3204,9,1,50
1500,22,2,571,6,3210,8,8,60
1501,22,2,572,5,3215,5,5,50
1502,22,2,573,6,3221,6,1,60
1503,22,2,574,6,3227,8,0,60
1504,22,2,575,9,3236,12,1,90
1505,22,2,576,5,3241,15,1,50
1506,22,2,577,3,3244,14,14,30
1507,22,2,578,9,3253,3,0,90
1508,22,2,579,8,3261,6,1,80
1509,22,2,580,4,3265,5,1,40
1510,22,2,581,8,3273,9,1,80
1511,22,2,582,8,3281,13,0,80
1512,22,2,583,6,3287,13,4,60
1513,22,2,584,6,3293,11,3,60
1514,22,2,585,7,3300,12,1,70
1515,22,2,586,5,3305,13,2,50
1516,22,2,587,3,3308,16,0,30
1517,22,2,588,4,3312,18,2,40
1518,22,2,589,4,3316,17,5,40
1519,22,2,590,7,3323,14,1,70
1520,22,2,591,5,3328,16,1,50
1521,22,2,592,6,3334,17,17,60
1522,22,2,593,9,3343,6,0,90
1523,22,2,594,9,3352,8,8,90
1524,22,2,595,7,3359,2,0,70
1525,22,2,596,8,3367,3,0,80
1526,22,2,597,2,3369,6,0,20
1527,22,2,598,3,3372,7,0,30
1528,22,2,599,2,3374,8,1,20
1529,22,2,600,3,3377,9,2,30
1530,22,2,601,3,3380,9,1,30
1531,22,2,602,7,3387,12,3,70
1532,22,2,603,3,3390,11,1,30
1533,22,2,604,8,3398,13,2,80
1534,22,2,605,9,3407,12,0,90
1535,22,2,606,6,3413,14,2,60
1536,22,2,607,8,3421,12,0,80
1537,22,2,608,5,3426,16,3,50
1538,22,2,609,3,3429,16,3,30
1539,22,2,610,2,3431,13,4,20
1540,22,2,611,8,3439,10,1,80
1541,22,2,612,6,3445,11,1,60
1542,22,2,613,8,3453,15,2,80
1543,22,2,614,5,3458,16,1,50
1544,22,2,615,4,3462,16,2,40
1545,22,2,616,7,3469,19,4,70
1546,22,2,617,4,3473,18,5,40
1547,22,2,618,2,3475,13,4,20
1548,22,2,619,3,3478,11,3,30
1549,22,2,620,3,3481,10,4,30
1550,22,2,621,4,3485,9,9,40
1551,22,2,622,3,3488,0,0,30
1552,22,2,623,9,3497,6,1,90
1553,22,2,624,5,3502,8,3,50
1554,22,2,625,5,3507,10,1,50
1555,22,2,626,7,3514,11,2,70
1556,22,2,627,9,3523,14,3,90
1557,22,2,628,2,3525,12,12,20
1558,22,2,629,4,3529,1,0,40
1559,22,2,630,6,3535,3,0,60
1560,22,2,631,9,3544,10,1,90
1561,22,2,632,2,3546,11,0,20
1562,22,2,633,9,3555,16,1,90
1563,22,2,634,9,3564,21,2,90
1564,22,2,635,7,3571,22,22,70
1565,22,2,636,4,3575,2,0,40
1566,22,2,637,3,3578,3,0,30
1567,22,2,638,8,3586,4,0,80
1568,22,2,639,4,3590,7,1,40
1569,22,2,640,3,3593,8,0,30
1570,22,2,641,5,3598,12,3,50
1571,22,2,642,4,3602,10,10,40
1572,22,2,643,9,3611,3,0,90
1573,22,2,644,8,3619,8,8,80
1574,22,2,645,6,3625,5,1,60
1575,22,2,646,9,3634,8,0,90
1576,22,2,647,2,3636,8,1,20
1577,22,2,648,8,3644,9,1,80
1578,22,2,649,3,3647,9,1,30
1579,22,2,650,8,3655,15,2,80
1580,22,2,651,6,3661,14,3,60
1581,22,2,652,9,3670,18,2,90
1582,22,2,653,4,3674,16,4,40
1583,22,2,654,9,3683,17,5,90
1584,22,2,655,7,3690,15,3,70
1585,22,2,656,4,3694,13,0,40
1586,22,2,657,3,3697,14,2,30
1587,22,2,658,9,3706,20,3,90
1588,22,2,659,2,3708,17,6,20
1589,22,2,660,3,3711,13,1,30
1590,22,2,661,6,3717,13,2,60
1591,22,2,662,6,3723,12,1,60
1592,22,2,663,8,3731,17,2,80
1593,22,2,664,7,3738,20,20,70
1594,22,2,665,8,3746,6,2,80
1595,22,2,666,2,3748,4,0,20
1596,22,2,667,3,3751,5,0,30
1597,22,2,668,7,3758,7,0,70
1598,22,2,669,6,3764,9,9,60
1599,22,2,670,9,3773,0,0,90
1600,22,2,671,7,3780,4,1,70
1601,22,2,672,7,3787,4,2,70
1602,22,2,673,7,3794,4,1,70
1603,22,2,674,9,3803,8,1,90
1604,22,2,675,8,3811,13,3,80
1605,22,2,676,7,3818,13,2,70
1606,22,2,677,9,3827,13,1,90
1607,22,2,678,7,3834,16,16,70
1608,22,2,679,8,3842,3,0,80
1609,22,2,680,8,3850,7,1,80
1610,22,2,681,2,3852,7,0,20
1611,22,2,682,2,3854,8,0,20
1612,22,2,683,7,3861,11,11,70
1613,22,2,684,4,3865,1,0,40
1614,22,2,685,5,3870,4,1,50
1615,22,2,686,2,3872,5,0,20
1616,22,2,687,6,3878,8,0,60
1617,22,2,688,4,3882,11,1,40
1618,22,2,689,6,3888,11,1,60
1619,22,2,690,2,3890,11,1,20
1620,22,2,691,6,3896,14,2,60
1621,22,2,692,6,3902,16,5,60
1622,22,2,693,8,3910,12,2,80
1623,22,2,694,9,3919,16,1,90
1624,22,2,695,6,3925,16,3,60
1625,22,2,696,3,3928,16,3,30
1626,22,2,697,4,3932,15,1,40
1627,22,2,698,7,3939,21,2,70
1628,22,2,699,3,3942,22,22,30
1629,22,2,700,5,3947,5,1,50
1630,22,2,701,5,3952,10,1,50
1631,22,2,702,9,3961,15,0,90
1632,22,2,703,8,3969,19,2,80
1633,22,2,704,6,3975,18,18,60
1634,22,2,705,9,3984,0,0,90
1635,22,2,706,6,3990,5,5,60
1636,22,2,707,3,3993,1,0,30
1637,22,2,708,9,4002,4,1,90
1638,22,2,709,5,4007,6,1,50
1639,22,2,710,6,4013,7,0,60
1640,22,2,711,5,4018,8,8,50
1641,22,2,712,3,4021,3,1,30
1642,22,2,713,7,4028,7,0,70
1643,22,2,714,8,4036,16,2,80
1644,22,2,715,2,4038,16,3,20
1645,22,2,716,4,4042,16,3,40
1646,22,2,717,6,4048,15,2,60
1647,22,2,718,3,4051,15,3,30
1648,22,2,719,3,4054,14,14,30
1649,22,2,720,6,4060,7,1,60
1650,22,2,721,8,4068,8,0,80
1651,22,2,722,2,4070,9,9,20
1652,22,2,723,9,4079,5,0,90
1653,22,2,724,5,4084,7,0,50
1654,22,2,725,4,4088,8,1,40
1655,22,2,726,7,4095,12,12,70
1656,22,2,727,2,4097,0,0,20
1657,22,2,728,8,4105,6,6,80
1658,22,2,729,3,4108,0,0,30
1659,22,2,730,4,4112,2,0,40
1660,22,2,731,6,4118,2,0,60
1661,22,2,732,3,4121,3,0,30
1662,22,2,733,7,4128,5,0,70
1663,22,2,734,6,4134,8,2,60
1664,22,2,735,9,4143,12,3,90
1665,22,2,736,2,4145,11,2,20
1666,22,2,737,6,4151,13,2,60
1667,22,2,738,9,4160,19,0,90
1668,22,2,739,6,4166,20,2,60
1669,22,2,740,9,4175,25,3,90
1670,22,2,741,5,4180,26,2,50
1671,22,2,742,6,4186,27,5,60
1672,22,2,743,2,4188,25,4,20
1673,22,2,744,4,4192,23,1,40
1674,22,2,745,3,4195,23,3,30
1675,22,2,746,5,4200,21,4,50
1676,22,2,747,6,4206,20,5,60
1677,22,2,748,6,4212,19,19,60
1678,22,2,749,3,4215,2,1,30
1679,22,2,750,7,4222,3,0,70
1680,22,2,751,3,4225,4,1,30
1681,22,2,752,4,4229,5,2,40
1682,22,2,753,3,4232,5,1,30
1683,22,2,754,2,4234,6,1,20
1684,22,2,755,5,4239,11,11,50
1685,22,2,756,5,4244,3,0,50
1686,22,2,757,8,4252,5,5,80
1687,22,2,758,8,4260,4,0,80
1688,22,2,759,6,4266,6,1,60
1689,22,2,760,6,4272,7,1,60
1690,22,2,761,6,4278,9,3,60
1691,22,2,762,8,4286,12,3,80
1692,22,2,763,2,4288,10,0,20
1693,22,2,764,4,4292,15,3,40
1694,22,2,765,2,4294,13,2,20
1695,22,2,766,8,4302,12,0,80
1696,22,2,767,2,4304,12,1,20
1697,22,2,768,5,4309,15,3,50
1698,22,2,769,7,4316,16,3,70
1699,22,2,770,3,4319,14,1,30
1700,22,2,771,5,4324,15,4,50
1701,22,2,772,4,4328,13,0,40
1702,22,2,773,5,4333,15,15,50
1703,22,2,774,3,4336,4,1,30
1704,22,2,775,5,4341,3,1,50
1705,22,2,776,9,4350,4,1,90
1706,22,2,777,8,4358,4,1,80
1707,22,2,778,2,4360,4,2,20
1708,22,2,779,2,4362,5,1,20
1709,22,2,780,2,4364,4,0,20
1710,22,2,781,4,4368,4,0,40
1711,22,2,782,2,4370,5,0,20
1712,22,2,783,3,4373,8,0,30
1713,22,2,784,2,4375,10,1,20
1714,22,2,785,4,4379,9,0,40
1715,22,2,786,8,4387,13,0,80
1716,22,2,787,7,4394,16,2,70
1717,22,2,788,5,4399,16,0,50
1718,22,2,789,5,4404,17,2,50
1719,22,2,790,9,4413,18,4,90
1720,22,2,791,3,4416,17,4,30
1721,22,2,792,8,4424,14,2,80
1722,22,2,793,7,4431,14,14,70
1723,22,2,794,6,4437,3,0,60
1724,22,2,795,7,4444,11,1,70
1725,22,2,796,7,4451,13,2,70
1726,22,2,797,5,4456,12,1,50
1727,22,2,798,5,4461,15,3,50
1728,22,2,799,8,4469,17,3,80
1729,22,2,800,7,4476,17,1,70
1730,22,2,801,5,4481,17,1,50
1731,22,2,802,5,4486,20,2,50
1732,22,2,803,5,4491,20,0,50
1733,22,2,804,3,4494,23,4,30
1734,22,2,805,7,4501,21,21,70
1735,22,2,806,4,4505,3,3,40
1736,22,2,807,5,4510,1,1,50
1737,22,2,808,5,4515,2,0,50
1738,22,2,809,4,4519,5,1,40
1739,22,2,810,3,4522,6,2,30
1740,22,2,811,3,4525,6,1,30
1741,22,2,812,2,4527,6,1,20
1742,22,2,813,3,4530,7,2,30
1743,22,2,814,9,4539,8,1,90
1744,22,2,815,5,4544,8,0,50
1745,22,2,816,4,4548,10,2,40
1746,22,2,817,8,4556,13,0,80
1747,22,2,818,6,4562,18,2,60
1748,22,2,819,6,4568,18,4,60
1749,22,2,820,7,4575,15,2,70
1750,22,2,821,8,4583,14,2,80
1751,22,2,822,2,4585,13,5,20
1752,22,2,823,9,4594,10,2,90
1753,22,2,824,8,4602,12,2,80
1754,22,2,825,2,4604,12,2,20
1755,22,2,826,8,4612,12,12,80
1756,22,2,827,4,4616,3,0,40
1757,22,2,828,7,4623,4,0,70
1758,22,2,829,3,4626,4,0,30
1759,22,2,830,5,4631,7,1,50
1760,22,2,831,8,4639,11,2,80
1761,22,2,832,4,4643,13,0,40
1762,22,2,833,6,4649,19,5,60
1763,22,2,834,9,4658,18,18,90
1764,22,2,835,3,4661,1,0,30
1765,22,2,836,4,4665,4,2,40
1766,22,2,837,5,4670,4,0,50
1767,22,2,838,4,4674,5,0,40
1768,22,2,839,6,4680,12,1,60
1769,22,2,840,6,4686,14,2,60
1770,22,2,841,9,4695,13,2,90
1771,22,2,842,2,4697,11,3,20
1772,22,2,843,2,4699,8,2,20
1773,22,2,844,7,4706,13,0,70
1774,22,2,845,2,4708,14,1,20
1775,22,2,846,3,4711,13,2,30
1776,22,2,847,5,4716,16,5,50
1777,22,2,848,7,4723,14,2,70
1778,22,2,849,9,4732,17,3,90
1779,22,2,850,8,4740,18,3,80
1780,22,2,851,5,4745,20,2,50
1781,22,2,852,6,4751,22,4,60
1782,22,2,853,5,4756,22,4,50
1783,22,2,854,9,4765,28,6,90
1784,22,2,855,8,4773,29,4,80
1785,22,2,856,5,4778,29,5,50
1786,22,2,857,2,4780,28,3,20
1787,22,2,858,8,4788,30,1,80
1788,22,2,859,3,4791,30,8,30
1789,22,2,860,9,4800,26,1,90
1790,22,2,861,3,4803,26,3,30
1791,22,2,862,3,4806,23,3,30
1792,22,2,863,4,4810,23,4,40
1793,22,2,864,4,4814,24,3,40
1794,22,2,865,3,4817,22,3,30
1795,22,2,866,7,4824,24,0,70
1796,22,2,867,7,4831,25,8,70
1797,22,2,868,7,4838,20,1,70
1798,22,2,869,3,4841,19,3,30
1799,22,2,870,9,4850,20,20,90
1800,22,2,871,6,4856,3,0,60
1801,22,2,872,8,4864,9,1,80
1802,22,2,873,8,4872,11,2,80
1803,22,2,874,7,4879,11,1,70
1804,22,2,875,4,4883,11,2,40
1805,22,2,876,3,4886,11,0,30
1806,22,2,877,8,4894,15,1,80
1807,22,2,878,5,4899,16,1,50
1808,22,2,879,7,4906,20,5,70
1809,22,2,880,4,4910,20,2,40
1810,22,2,881,7,4917,23,3,70
1811,22,2,882,2,4919,21,2,20
1812,22,2,883,4,4923,21,2,40
1813,22,2,884,7,4930,20,20,70
1814,22,2,885,2,4932,1,0,20
1815,22,2,886,3,4935,2,0,30
1816,22,2,887,4,4939,3,3,40
1817,22,2,888,5,4944,2,0,50
1818,22,2,889,3,4947,2,0,30
1819,22,2,890,2,4949,2,0,20
1820,22,2,891,2,4951,4,0,20
1821,22,2,892,3,4954,6,0,30
1822,22,2,893,9,4963,15,15,90
1823,22,2,894,9,4972,2,1,90
1824,22,2,895,2,4974,1,0,20
1825,22,2,896,8,4982,4,1,80
1826,22,2,897,8,4990,8,2,80
1827,22,2,898,3,4993,6,1,30
1828,22,2,899,5,4998,8,2,50
1829,22,3,1,4,4,3,0,40
1830,22,3,2,2,6,4,1,20
1831,22,3,3,4,10,10,10,40
1832,22,3,4,4,14,3,1,40
1833,22,3,5,5,19,5,1,50
1834,22,3,6,5,24,6,0,50
1835,22,3,7,2,26,6,2,20
1836,22,3,8,8,34,6,0,80
1837,22,3,9,9,43,9,3,90
1838,22,3,10,7,50,8,1,70
1839,22,3,11,7,57,13,3,70
1840,22,3,12,6,63,13,0,60
1841,22,3,13,9,72,20,4,90
1842,22,3,14,7,79,19,3,70
1843,22,3,15,5,84,18,1,50
1844,22,3,16,6,90,19,3,60
1845,22,3,17,4,94,17,17,40
1846,22,3,18,9,103,2,0,90
1847,22,3,19,2,105,4,0,20
1848,22,3,20,2,107,4,0,20
1849,22,3,21,6,113,5,2,60
1850,22,3,22,8,121,4,0,80
1851,22,3,23,8,129,8,8,80
1852,22,3,24,5,134,4,0,50
1853,22,3,25,8,142,6,0,80
1854,22,3,26,2,144,7,7,20
1855,22,3,27,5,149,3,0,50
1856,22,3,28,2,151,5,0,20
1857,22,3,29,6,157,10,2,60
1858,22,3,30,8,165,10,1,80
1859,22,3,31,9,174,13,4,90
1860,22,3,32,2,176,9,1,20
1861,22,3,33,6,182,10,1,60
1862,22,3,34,8,190,14,1,80
1863,22,3,35,4,194,14,2,40
1864,22,3,36,3,197,13,2,30
1865,22,3,37,8,205,16,0,80
1866,22,3,38,6,211,19,1,60
1867,22,3,39,7,218,19,0,70
1868,22,3,40,2,220,19,6,20
1869,22,3,41,9,229,21,2,90
1870,22,3,42,3,232,20,2,30
1871,22,3,43,9,241,23,3,90
1872,22,3,44,3,244,20,5,30
1873,22,3,45,6,250,20,1,60
1874,22,3,46,7,257,20,2,70
1875,22,3,47,6,263,18,18,60
1876,22,3,48,5,268,3,1,50
1877,22,3,49,2,270,4,0,20
1878,22,3,50,7,277,5,0,70
1879,22,3,51,4,281,8,1,40
1880,22,3,52,3,284,7,0,30
1881,22,3,53,3,287,9,0,30
1882,22,3,54,7,294,13,2,70
1883,22,3,55,9,303,13,2,90
1884,22,3,56,4,307,12,0,40
1885,22,3,57,2,309,14,2,20
1886,22,3,58,4,313,17,3,40
1887,22,3,59,5,318,16,1,50
1888,22,3,60,2,320,16,1,20
1889,22,3,61,5,325,17,2,50
1890,22,3,62,2,327,15,15,20
1891,22,3,63,9,336,6,1,90
1892,22,3,64,6,342,12,1,60
1893,22,3,65,6,348,13,2,60
1894,22,3,66,6,354,15,2,60
1895,22,3,67,5,359,15,1,50
1896,22,3,68,5,364,18,5,50
1897,22,3,69,9,373,16,3,90
1898,22,3,70,2,375,14,5,20
1899,22,3,71,4,379,10,3,40
1900,22,3,72,7,386,11,2,70
1901,22,3,73,9,395,13,0,90
1902,22,3,74,3,398,13,3,30
1903,22,3,75,7,405,13,2,70
1904,22,3,76,3,408,12,1,30
1905,22,3,77,9,417,16,2,90
1906,22,3,78,8,425,20,4,80
1907,22,3,79,8,433,20,4,80
1908,22,3,80,7,440,18,2,70
1909,22,3,81,4,444,17,1,40
1910,22,3,82,2,446,19,1,20
1911,22,3,83,6,452,19,4,60
1912,22,3,84,2,454,16,1,20
1913,22,3,85,3,457,17,4,30
1914,22,3,86,6,463,16,1,60
1915,22,3,87,2,465,17,3,20
1916,22,3,88,7,472,16,5,70
1917,22,3,89,8,480,16,5,80
1918,22,3,90,6,486,15,2,60
1919,22,3,91,2,488,14,3,20
1920,22,3,92,6,494,15,5,60
1921,22,3,93,2,496,10,1,20
1922,22,3,94,9,505,12,2,90
1923,22,3,95,3,508,13,2,30
1924,22,3,96,7,515,12,3,70
1925,22,3,97,8,523,16,1,80
1926,22,3,98,2,525,17,2,20
1927,22,3,99,9,534,22,22,90
1928,22,3,100,7,541,4,0,70
1929,22,3,101,4,545,5,5,40
1930,22,3,102,3,548,4,1,30
1931,22,3,103,3,551,5,0,30
1932,22,3,104,4,555,8,0,40
1933,22,3,105,2,557,11,1,20
1934,22,3,106,4,561,12,12,40
1935,22,3,107,3,564,1,0,30
1936,22,3,108,3,567,3,2,30
1937,22,3,109,7,574,1,0,70
1938,22,3,110,8,582,8,2,80
1939,22,3,111,6,588,6,1,60
1940,22,3,112,4,592,5,1,40
1941,22,3,113,3,595,4,0,30
1942,22,3,114,7,602,6,0,70
1943,22,3,115,6,608,11,3,60
1944,22,3,116,6,614,13,2,60
1945,22,3,117,9,623,17,2,90
1946,22,3,118,4,627,19,0,40
1947,22,3,119,2,629,19,6,20
1948,22,3,120,3,632,14,2,30
1949,22,3,121,9,641,14,2,90
1950,22,3,122,5,646,15,1,50
1951,22,3,123,8,654,14,0,80
1952,22,3,124,2,656,14,14,20
1953,22,3,125,6,662,6,0,60
1954,22,3,126,2,664,8,0,20
1955,22,3,127,3,667,10,0,30
1956,22,3,128,2,669,12,1,20
1957,22,3,129,5,674,15,2,50
1958,22,3,130,8,682,17,0,80
1959,22,3,131,2,684,17,3,20
1960,22,3,132,2,686,14,1,20
1961,22,3,133,2,688,14,14,20
1962,22,3,134,5,693,1,0,50
1963,22,3,135,2,695,1,0,20
1964,22,3,136,4,699,5,1,40
1965,22,3,137,5,704,9,1,50
1966,22,3,138,4,708,8,0,40
1967,22,3,139,6,714,13,2,60
1968,22,3,140,5,719,13,13,50
1969,22,3,141,2,721,0,0,20
1970,22,3,142,4,725,3,3,40
1971,22,3,143,7,732,4,0,70
1972,22,3,144,7,739,8,2,70
1973,22,3,145,4,743,7,0,40
1974,22,3,146,9,752,9,9,90
1975,22,3,147,9,761,4,4,90
1976,22,3,148,7,768,3,0,70
1977,22,3,149,3,771,6,0,30
1978,22,3,150,5,776,11,2,50
1979,22,3,151,7,783,11,3,70
1980,22,3,152,5,788,8,2,50
1981,22,3,153,4,792,6,1,40
1982,22,3,154,9,801,10,0,90
1983,22,3,155,8,809,12,12,80
1984,22,3,156,7,816,7,1,70
1985,22,3,157,9,825,9,1,90
1986,22,3,158,6,831,10,1,60
1987,22,3,159,8,839,14,1,80
1988,22,3,160,5,844,18,1,50
1989,22,3,161,3,847,19,1,30
1990,22,3,162,8,855,20,1,80
1991,22,3,163,6,861,22,3,60
1992,22,3,164,6,867,20,2,60
1993,22,3,165,4,871,20,2,40
1994,22,3,166,3,874,20,5,30
1995,22,3,167,3,877,16,16,30
1996,22,3,168,8,885,4,0,80
1997,22,3,169,6,891,6,1,60
1998,22,3,170,8,899,7,0,80
1999,22,3,171,8,907,11,2,80
2000,22,3,172,8,915,13,3,80
2001,22,3,173,7,922,12,12,70
2002,22,3,174,4,926,4,0,40
2003,22,3,175,8,934,8,0,80
2004,22,3,176,3,937,11,3,30
2005,22,3,177,3,940,10,0,30
2006,22,3,178,3,943,15,3,30
2007,22,3,179,2,945,12,12,20
2008,22,3,180,6,951,4,0,60
2009,22,3,181,8,959,7,0,80
2010,22,3,182,6,965,11,0,60
2011,22,3,183,7,972,15,4,70
2012,22,3,184,7,979,14,1,70
2013,22,3,185,8,987,18,2,80
2014,22,3,186,9,996,23,3,90
2015,22,3,187,2,998,21,4,20
2016,22,3,188,3,1001,21,3,30
2017,22,3,189,4,1005,22,4,40
2018,22,3,190,5,1010,18,2,50
2019,22,3,191,6,1016,18,2,60
2020,22,3,192,4,1020,16,2,40
2021,22,3,193,9,1029,20,3,90
2022,22,3,194,2,1031,17,3,20
2023,22,3,195,2,1033,14,0,20
2024,22,3,196,5,1038,17,4,50
2025,22,3,197,5,1043,14,0,50
2026,22,3,198,5,1048,17,17,50
2027,22,3,199,8,1056,3,1,80
2028,22,3,200,4,1060,3,0,40
2029,22,3,201,9,1069,4,0,90
2030,22,3,202,3,1072,5,5,30
2031,22,3,203,9,1081,3,0,90
2032,22,3,204,5,1086,8,0,50
2033,22,3,205,5,1091,8,0,50
2034,22,3,206,3,1094,9,0,30
2035,22,3,207,9,1103,14,1,90
2036,22,3,208,5,1108,14,0,50
2037,22,3,209,5,1113,16,3,50
2038,22,3,210,2,1115,14,2,20
2039,22,3,211,7,1122,14,3,70
2040,22,3,212,6,1128,12,4,60
2041,22,3,213,7,1135,10,1,70
2042,22,3,214,2,1137,10,1,20
2043,22,3,215,3,1140,12,1,30
2044,22,3,216,2,1142,11,1,20
2045,22,3,217,7,1149,15,15,70
2046,22,3,218,3,1152,0,0,30
2047,22,3,219,4,1156,2,1,40
2048,22,3,220,6,1162,1,0,60
2049,22,3,221,6,1168,4,0,60
2050,22,3,222,5,1173,7,0,50
2051,22,3,223,5,1178,9,2,50
2052,22,3,224,7,1185,11,3,70
2053,22,3,225,9,1194,13,2,90
2054,22,3,226,8,1202,13,1,80
2055,22,3,227,8,1210,13,1,80
2056,22,3,228,8,1218,17,3,80
2057,22,3,229,3,1221,15,2,30
2058,22,3,230,7,1228,15,2,70
2059,22,3,231,6,1234,18,5,60
2060,22,3,232,3,1237,15,3,30
2061,22,3,233,9,1246,13,13,90
2062,22,3,234,7,1253,4,0,70
2063,22,3,235,6,1259,9,0,60
2064,22,3,236,3,1262,9,2,30
2065,22,3,237,9,1271,12,0,90
2066,22,3,238,2,1273,13,0,20
2067,22,3,239,7,1280,15,1,70
2068,22,3,240,6,1286,21,2,60
2069,22,3,241,4,1290,22,3,40
2070,22,3,242,5,1295,26,4,50
2071,22,3,243,5,1300,24,2,50
2072,22,3,244,6,1306,23,4,60
2073,22,3,245,2,1308,19,4,20
2074,22,3,246,6,1314,19,4,60
2075,22,3,247,5,1319,20,4,50
2076,22,3,248,8,1327,20,4,80
2077,22,3,249,4,1331,22,1,40
2078,22,3,250,5,1336,23,3,50
2079,22,3,251,6,1342,22,2,60
2080,22,3,252,3,1345,20,3,30
2081,22,3,253,9,1354,20,3,90
2082,22,3,254,7,1361,19,2,70
2083,22,3,255,3,1364,19,1,30
2084,22,3,256,8,1372,19,3,80
2085,22,3,257,2,1374,16,2,20
2086,22,3,258,5,1379,18,6,50
2087,22,3,259,2,1381,12,1,20
2088,22,3,260,3,1384,12,1,30
2089,22,3,261,8,1392,12,1,80
2090,22,3,262,7,1399,16,1,70
2091,22,3,263,4,1403,15,2,40
2092,22,3,264,3,1406,14,4,30
2093,22,3,265,6,1412,11,3,60
2094,22,3,266,4,1416,9,0,40
2095,22,3,267,4,1420,10,0,40
2096,22,3,268,5,1425,11,11,50
2097,22,3,269,4,1429,0,0,40
2098,22,3,270,3,1432,0,0,30
2099,22,3,271,8,1440,3,1,80
2100,22,3,272,6,1446,3,0,60
2101,22,3,273,4,1450,8,8,40
2102,22,3,274,5,1455,1,0,50
2103,22,3,275,9,1464,6,0,90
2104,22,3,276,6,1470,7,0,60
2105,22,3,277,7,1477,8,3,70
2106,22,3,278,8,1485,11,0,80
2107,22,3,279,8,1493,15,4,80
2108,22,3,280,6,1499,14,1,60
2109,22,3,281,6,1505,16,4,60
2110,22,3,282,5,1510,15,1,50
2111,22,3,283,3,1513,17,4,30
2112,22,3,284,4,1517,13,3,40
2113,22,3,285,8,1525,15,2,80
2114,22,3,286,6,1531,15,15,60
2115,22,3,287,8,1539,6,0,80
2116,22,3,288,3,1542,7,3,30
2117,22,3,289,8,1550,8,2,80
2118,22,3,290,8,1558,6,0,80
2119,22,3,291,6,1564,8,1,60
2120,22,3,292,9,1573,11,4,90
2121,22,3,293,9,1582,10,1,90
2122,22,3,294,5,1587,11,1,50
2123,22,3,295,2,1589,11,1,20
2124,22,3,296,3,1592,12,2,30
2125,22,3,297,9,1601,15,15,90
2126,22,3,298,2,1603,0,0,20
2127,22,3,299,9,1612,5,0,90
2128,22,3,300,7,1619,9,3,70
2129,22,3,301,2,1621,8,1,20
2130,22,3,302,4,1625,13,3,40
2131,22,3,303,9,1634,15,2,90
2132,22,3,304,7,1641,16,2,70
2133,22,3,305,3,1644,17,4,30
2134,22,3,306,6,1650,20,20,60
2135,22,3,307,6,1656,2,0,60
2136,22,3,308,8,1664,7,0,80
2137,22,3,309,6,1670,13,1,60
2138,22,3,310,3,1673,13,1,30
2139,22,3,311,6,1679,16,1,60
2140,22,3,312,2,1681,15,5,20
2141,22,3,313,2,1683,12,3,20
2142,22,3,314,7,1690,16,1,70
2143,22,3,315,5,1695,19,2,50
2144,22,3,316,9,1704,20,1,90
2145,22,3,317,9,1713,23,3,90
2146,22,3,318,3,1716,22,2,30
2147,22,3,319,3,1719,20,20,30
2148,22,3,320,3,1722,4,1,30
2149,22,3,321,9,1731,5,1,90
2150,22,3,322,5,1736,8,1,50
2151,22,3,323,4,1740,9,0,40
2152,22,3,324,8,1748,12,12,80
2153,22,3,325,6,1754,2,0,60
2154,22,3,326,4,1758,6,0,40
2155,22,3,327,8,1766,6,0,80
2156,22,3,328,8,1774,13,3,80
2157,22,3,329,6,1780,13,13,60
2158,22,3,330,6,1786,4,1,60
2159,22,3,331,7,1793,7,0,70
2160,22,3,332,6,1799,7,1,60
2161,22,3,333,6,1805,9,0,60
2162,22,3,334,4,1809,13,3,40
2163,22,3,335,5,1814,13,2,50
2164,22,3,336,8,1822,15,15,80
2165,22,3,337,2,1824,1,0,20
2166,22,3,338,9,1833,9,9,90
2167,22,3,339,2,1835,0,0,20
2168,22,3,340,9,1844,9,0,90
2169,22,3,341,7,1851,11,1,70
2170,22,3,342,6,1857,14,1,60
2171,22,3,343,2,1859,14,0,20
2172,22,3,344,6,1865,14,4,60
2173,22,3,345,9,1874,14,3,90
2174,22,3,346,5,1879,16,5,50
2175,22,3,347,7,1886,17,3,70
2176,22,3,348,9,1895,16,16,90
2177,22,3,349,7,1902,6,0,70
2178,22,3,350,5,1907,9,2,50
2179,22,3,351,8,1915,12,4,80
2180,22,3,352,7,1922,12,1,70
2181,22,3,353,4,1926,12,4,40
2182,22,3,354,8,1934,10,4,80
2183,22,3,355,7,1941,8,2,70
2184,22,3,356,8,1949,12,1,80
2185,22,3,357,3,1952,12,0,30
2186,22,3,358,6,1958,13,3,60
2187,22,3,359,5,1963,13,6,50
2188,22,3,360,2,1965,9,1,20
2189,22,3,361,3,1968,9,0,30
2190,22,3,362,2,1970,11,3,20
2191,22,3,363,3,1973,10,3,30
2192,22,3,364,7,1980,8,1,70
2193,22,3,365,7,1987,11,1,70
2194,22,3,366,7,1994,13,2,70
2195,22,3,367,7,2001,17,3,70
2196,22,3,368,8,2009,19,4,80
2197,22,3,369,7,2016,19,19,70
2198,22,3,370,7,2023,3,0,70
2199,22,3,371,6,2029,4,2,60
2200,22,3,372,6,2035,5,0,60
2201,22,3,373,7,2042,8,3,70
2202,22,3,374,5,2047,7,3,50
2203,22,3,375,4,2051,8,8,40
2204,22,3,376,8,2059,3,0,80
2205,22,3,377,9,2068,9,0,90
2206,22,3,378,9,2077,17,3,90
2207,22,3,379,6,2083,17,4,60
2208,22,3,380,7,2090,17,3,70
2209,22,3,381,6,2096,18,3,60
2210,22,3,382,2,2098,15,1,20
2211,22,3,383,7,2105,20,7,70
2212,22,3,384,9,2114,17,0,90
2213,22,3,385,7,2121,20,3,70
2214,22,3,386,6,2127,20,3,60
2215,22,3,387,9,2136,20,4,90
2216,22,3,388,5,2141,19,4,50
2217,22,3,389,6,2147,19,19,60
2218,22,3,390,5,2152,0,0,50
2219,22,3,391,4,2156,1,0,40
2220,22,3,392,3,2159,2,0,30
2221,22,3,393,7,2166,5,0,70
2222,22,3,394,4,2170,9,0,40
2223,22,3,395,8,2178,13,2,80
2224,22,3,396,5,2183,15,2,50
2225,22,3,397,3,2186,16,1,30
2226,22,3,398,3,2189,16,1,30
2227,22,3,399,6,2195,20,5,60
2228,22,3,400,7,2202,16,3,70
2229,22,3,401,6,2208,16,1,60
2230,22,3,402,6,2214,16,2,60
2231,22,3,403,7,2221,18,18,70
2232,22,3,404,5,2226,4,2,50
2233,22,3,405,8,2234,3,0,80
2234,22,3,406,5,2239,5,0,50
2235,22,3,407,6,2245,9,2,60
2236,22,3,408,8,2253,8,2,80
2237,22,3,409,8,2261,8,2,80
2238,22,3,410,7,2268,12,12,70
2239,22,3,411,8,2276,3,1,80
2240,22,3,412,5,2281,3,0,50
2241,22,3,413,2,2283,4,0,20
2242,22,3,414,4,2287,5,1,40
2243,22,3,415,8,2295,5,0,80
2244,22,3,416,5,2300,8,1,50
2245,22,3,417,7,2307,10,2,70
2246,22,3,418,8,2315,11,4,80
2247,22,3,419,6,2321,13,2,60
2248,22,3,420,4,2325,11,2,40
2249,22,3,421,4,2329,11,11,40
2250,22,3,422,9,2338,1,0,90
2251,22,3,423,3,2341,4,0,30
2252,22,3,424,8,2349,9,9,80
2253,22,3,425,2,2351,1,0,20
2254,22,3,426,9,2360,7,0,90
2255,22,3,427,4,2364,10,0,40
2256,22,3,428,9,2373,11,0,90
2257,22,3,429,3,2376,12,1,30
2258,22,3,430,6,2382,12,2,60
2259,22,3,431,2,2384,11,2,20
2260,22,3,432,9,2393,12,3,90
2261,22,3,433,2,2395,11,1,20
2262,22,3,434,5,2400,12,2,50
2263,22,3,435,9,2409,11,2,90
2264,22,3,436,5,2414,13,2,50
2265,22,3,437,9,2423,19,4,90
2266,22,3,438,8,2431,19,5,80
2267,22,3,439,6,2437,15,4,60
2268,22,3,440,8,2445,14,1,80
2269,22,3,441,2,2447,13,3,20
2270,22,3,442,7,2454,16,3,70
2271,22,3,443,9,2463,17,2,90
2272,22,3,444,2,2465,15,2,20
2273,22,3,445,3,2468,14,4,30
2274,22,3,446,6,2474,13,3,60
2275,22,3,447,7,2481,11,1,70
2276,22,3,448,9,2490,13,2,90
2277,22,3,449,7,2497,15,4,70
2278,22,3,450,3,2500,12,1,30
2279,22,3,451,2,2502,12,3,20
2280,22,3,452,7,2509,16,1,70
2281,22,3,453,8,2517,16,2,80
2282,22,3,454,6,2523,18,1,60
2283,22,3,455,5,2528,21,3,50
2284,22,3,456,3,2531,20,20,30
2285,22,3,457,2,2533,1,0,20
2286,22,3,458,2,2535,1,0,20
2287,22,3,459,3,2538,4,1,30
2288,22,3,460,2,2540,5,2,20
2289,22,3,461,5,2545,5,0,50
2290,22,3,462,6,2551,7,0,60
2291,22,3,463,5,2556,10,1,50
2292,22,3,464,6,2562,13,1,60
2293,22,3,465,8,2570,16,4,80
2294,22,3,466,9,2579,22,4,90
2295,22,3,467,2,2581,18,18,20
2296,22,3,468,3,2584,2,0,30
2297,22,3,469,8,2592,6,0,80
2298,22,3,470,8,2600,11,1,80
2299,22,3,471,9,2609,11,3,90
2300,22,3,472,2,2611,8,1,20
2301,22,3,473,4,2615,9,0,40
2302,22,3,474,2,2617,11,1,20
2303,22,3,475,2,2619,10,0,20
2304,22,3,476,2,2621,11,0,20
2305,22,3,477,9,2630,13,13,90
2306,22,3,478,2,2632,1,1,20
2307,22,3,479,7,2639,4,1,70
2308,22,3,480,2,2641,4,1,20
2309,22,3,481,8,2649,5,1,80
2310,22,3,482,8,2657,10,10,80
2311,22,3,483,6,2663,2,0,60
2312,22,3,484,2,2665,5,0,20
2313,22,3,485,3,2668,6,2,30
2314,22,3,486,7,2675,7,7,70
2315,22,3,487,9,2684,6,1,90
2316,22,3,488,2,2686,5,1,20
2317,22,3,489,7,2693,8,1,70
2318,22,3,490,8,2701,9,0,80
2319,22,3,491,3,2704,12,5,30
2320,22,3,492,4,2708,10,1,40
2321,22,3,493,9,2717,14,2,90
2322,22,3,494,9,2726,15,2,90
2323,22,3,495,2,2728,13,1,20
2324,22,3,496,7,2735,18,0,70
2325,22,3,497,5,2740,21,3,50
2326,22,3,498,8,2748,22,22,80
2327,22,3,499,4,2752,1,0,40
2328,22,3,500,6,2758,2,0,60
2329,22,3,501,2,2760,4,0,20
2330,22,3,502,9,2769,9,0,90
2331,22,3,503,8,2777,13,1,80
2332,22,3,504,3,2780,13,3,30
2333,22,3,505,5,2785,16,0,50
2334,22,3,506,6,2791,20,20,60
2335,22,3,507,8,2799,5,0,80
2336,22,3,508,2,2801,7,0,20
2337,22,3,509,7,2808,11,11,70
2338,22,3,510,2,2810,1,0,20
2339,22,3,511,8,2818,3,1,80
2340,22,3,512,4,2822,6,1,40
2341,22,3,513,4,2826,6,0,40
2342,22,3,514,7,2833,10,2,70
2343,22,3,515,5,2838,10,0,50
2344,22,3,516,2,2840,10,10,20
2345,22,3,517,4,2844,4,0,40
2346,22,3,518,7,2851,6,2,70
2347,22,3,519,7,2858,6,0,70
2348,22,3,520,3,2861,8,1,30
2349,22,3,521,9,2870,8,0,90
2350,22,3,522,5,2875,11,0,50
2351,22,3,523,6,2881,13,1,60
2352,22,3,524,7,2888,14,1,70
2353,22,3,525,9,2897,18,1,90
2354,22,3,526,9,2906,27,27,90
2355,22,3,527,9,2915,6,0,90
2356,22,3,528,4,2919,9,1,40
2357,22,3,529,9,2928,14,2,90
2358,22,3,530,5,2933,17,2,50
2359,22,3,531,5,2938,16,3,50
2360,22,3,532,5,2943,18,5,50
2361,22,3,533,7,2950,18,3,70
2362,22,3,534,7,2957,20,20,70
2363,22,3,535,4,2961,2,0,40
2364,22,3,536,3,2964,4,0,30
2365,22,3,537,4,2968,5,0,40
2366,22,3,538,2,2970,5,1,20
2367,22,3,539,8,2978,10,2,80
2368,22,3,540,9,2987,13,3,90
2369,22,3,541,8,2995,16,4,80
2370,22,3,542,9,3004,14,1,90
2371,22,3,543,2,3006,15,1,20
2372,22,3,544,6,3012,15,3,60
2373,22,3,545,4,3016,14,2,40
2374,22,3,546,8,3024,18,4,80
2375,22,3,547,4,3028,15,0,40
2376,22,3,548,2,3030,15,2,20
2377,22,3,549,6,3036,17,4,60
2378,22,3,550,9,3045,13,1,90
2379,22,3,551,3,3048,13,0,30
2380,22,3,552,9,3057,17,2,90
2381,22,3,553,4,3061,17,2,40
2382,22,3,554,3,3064,16,2,30
2383,22,3,555,4,3068,17,3,40
2384,22,3,556,8,3076,18,18,80
2385,22,3,557,9,3085,7,1,90
2386,22,3,558,2,3087,6,0,20
2387,22,3,559,9,3096,8,2,90
2388,22,3,560,3,3099,9,1,30
2389,22,3,561,9,3108,12,2,90
2390,22,3,562,5,3113,11,0,50
2391,22,3,563,4,3117,14,2,40
2392,22,3,564,8,3125,13,1,80
2393,22,3,565,9,3134,13,0,90
2394,22,3,566,2,3136,15,2,20
2395,22,3,567,4,3140,13,1,40
2396,22,3,568,6,3146,13,13,60
2397,22,3,569,9,3155,7,7,90
2398,22,3,570,7,3162,5,0,70
2399,22,3,571,7,3169,8,0,70
2400,22,3,572,3,3172,10,1,30
2401,22,3,573,7,3179,11,2,70
2402,22,3,574,7,3186,13,1,70
2403,22,3,575,6,3192,15,1,60
2404,22,3,576,9,3201,17,3,90
2405,22,3,577,7,3208,15,3,70
2406,22,3,578,8,3216,19,6,80
2407,22,3,579,9,3225,17,2,90
2408,22,3,580,7,3232,19,2,70
2409,22,3,581,8,3240,25,1,80
2410,22,3,582,3,3243,24,3,30
2411,22,3,583,9,3252,24,4,90
2412,22,3,584,3,3255,21,3,30
2413,22,3,585,9,3264,25,8,90
2414,22,3,586,2,3266,20,20,20
2415,22,3,587,6,3272,2,1,60
2416,22,3,588,5,3277,1,0,50
2417,22,3,589,9,3286,10,0,90
2418,22,3,590,6,3292,12,2,60
2419,22,3,591,2,3294,10,10,20
2420,22,3,592,2,3296,1,0,20
2421,22,3,593,2,3298,1,0,20
2422,22,3,594,8,3306,4,0,80
2423,22,3,595,9,3315,9,9,90
2424,22,3,596,6,3321,6,1,60
2425,22,3,597,9,3330,8,0,90
2426,22,3,598,9,3339,11,2,90
2427,22,3,599,5,3344,15,3,50
2428,22,3,600,3,3347,15,1,30
2429,22,3,601,9,3356,17,5,90
2430,22,3,602,6,3362,16,5,60
2431,22,3,603,9,3371,15,4,90
2432,22,3,604,6,3377,17,4,60
2433,22,3,605,5,3382,15,1,50
2434,22,3,606,8,3390,15,2,80
2435,22,3,607,3,3393,13,3,30
2436,22,3,608,4,3397,11,1,40
2437,22,3,609,2,3399,11,2,20
2438,22,3,610,6,3405,13,0,60
2439,22,3,611,2,3407,14,1,20
2440,22,3,612,6,3413,18,5,60
2441,22,3,613,5,3418,14,1,50
2442,22,3,614,4,3422,13,3,40
2443,22,3,615,6,3428,10,1,60
2444,22,3,616,2,3430,10,0,20
2445,22,3,617,5,3435,14,3,50
2446,22,3,618,8,3443,17,2,80
2447,22,3,619,4,3447,17,4,40
2448,22,3,620,5,3452,14,1,50
2449,22,3,621,2,3454,14,2,20
2450,22,3,622,7,3461,16,3,70
2451,22,3,623,5,3466,13,4,50
2452,22,3,624,5,3471,14,14,50
2453,22,3,625,5,3476,3,0,50
2454,22,3,626,9,3485,4,0,90
2455,22,3,627,4,3489,4,4,40
2456,22,3,628,6,3495,5,1,60
2457,22,3,629,5,3500,5,0,50
2458,22,3,630,5,3505,5,1,50
2459,22,3,631,9,3514,9,1,90
2460,22,3,632,4,3518,10,1,40
2461,22,3,633,4,3522,14,3,40
2462,22,3,634,7,3529,15,1,70
2463,22,3,635,8,3537,21,3,80
2464,22,3,636,8,3545,20,9,80
2465,22,3,637,9,3554,12,2,90
2466,22,3,638,2,3556,13,1,20
2467,22,3,639,7,3563,15,3,70
2468,22,3,640,6,3569,13,1,60
2469,22,3,641,6,3575,18,2,60
2470,22,3,642,2,3577,16,16,20
2471,22,3,643,4,3581,1,0,40
2472,22,3,644,2,3583,5,0,20
2473,22,3,645,3,3586,7,1,30
2474,22,3,646,5,3591,8,0,50
2475,22,3,647,7,3598,14,2,70
2476,22,3,648,8,3606,14,3,80
2477,22,3,649,3,3609,12,12,30
2478,22,3,650,3,3612,1,0,30
2479,22,3,651,3,3615,4,0,30
2480,22,3,652,3,3618,7,0,30
2481,22,3,653,2,3620,8,0,20
2482,22,3,654,8,3628,13,13,80
2483,22,3,655,8,3636,2,0,80
2484,22,3,656,8,3644,7,7,80
2485,22,3,657,3,3647,3,0,30
2486,22,3,658,3,3650,7,0,30
2487,22,3,659,3,3653,10,4,30
2488,22,3,660,2,3655,6,0,20
2489,22,3,661,2,3657,7,0,20
2490,22,3,662,7,3664,11,1,70
2491,22,3,663,7,3671,12,1,70
2492,22,3,664,3,3674,14,2,30
2493,22,3,665,9,3683,17,4,90
2494,22,3,666,7,3690,16,3,70
2495,22,3,667,7,3697,16,0,70
2496,22,3,668,4,3701,17,4,40
2497,22,3,669,3,3704,13,13,30
2498,22,3,670,8,3712,5,1,80
2499,22,3,671,8,3720,10,0,80
2500,22,3,672,3,3723,10,0,30
2501,22,3,673,6,3729,10,10,60
2502,22,3,674,6,3735,4,0,60
2503,22,3,675,7,3742,6,0,70
2504,22,3,676,5,3747,12,3,50
2505,22,3,677,6,3753,14,1,60
2506,22,3,678,3,3756,16,16,30
2507,22,3,679,5,3761,1,0,50
2508,22,3,680,3,3764,1,0,30
2509,22,3,681,3,3767,1,0,30
2510,22,3,682,6,3773,3,0,60
2511,22,3,683,4,3777,4,0,40
2512,22,3,684,8,3785,6,0,80
2513,22,3,685,2,3787,7,0,20
2514,22,3,686,6,3793,7,2,60
2515,22,3,687,4,3797,8,1,40
2516,22,3,688,6,3803,11,2,60
2517,22,3,689,3,3806,14,3,30
2518,22,3,690,2,3808,12,12,20
2519,22,3,691,6,3814,1,1,60
2520,22,3,692,7,3821,4,0,70
2521,22,3,693,7,3828,7,1,70
2522,22,3,694,9,3837,10,5,90
2523,22,3,695,3,3840,6,1,30
2524,22,3,696,8,3848,8,1,80
2525,22,3,697,9,3857,9,1,90
2526,22,3,698,5,3862,9,4,50
2527,22,3,699,3,3865,8,2,30
2528,22,3,700,3,3868,6,0,30
2529,22,3,701,8,3876,9,1,80
2530,22,3,702,2,3878,9,1,20
2531,22,3,703,2,3880,10,10,20
2532,22,3,704,7,3887,7,0,70
2533,22,3,705,9,3896,8,0,90
2534,22,3,706,9,3905,10,1,90
2535,22,3,707,2,3907,9,1,20
2536,22,3,708,7,3914,12,2,70
2537,22,3,709,2,3916,12,3,20
2538,22,3,710,5,3921,10,1,50
2539,22,3,711,6,3927,13,2,60
2540,22,3,712,7,3934,13,1,70
2541,22,3,713,4,3938,15,3,40
2542,22,3,714,5,3943,15,15,50
2543,22,3,715,8,3951,4,4,80
2544,22,3,716,4,3955,2,0,40
2545,22,3,717,3,3958,3,0,30
2546,22,3,718,7,3965,5,0,70
2547,22,3,719,4,3969,9,2,40
2548,22,3,720,7,3976,8,0,70
2549,22,3,721,5,3981,13,0,50
2550,22,3,722,8,3989,18,2,80
2551,22,3,723,3,3992,17,3,30
2552,22,3,724,4,3996,16,4,40
2553,22,3,725,8,4004,16,2,80
2554,22,3,726,4,4008,16,5,40
2555,22,3,727,4,4012,12,1,40
2556,22,3,728,9,4021,21,2,90
2557,22,3,729,2,4023,21,1,20
2558,22,3,730,7,4030,23,2,70
2559,22,3,731,8,4038,22,5,80
2560,22,3,732,6,4044,18,1,60
2561,22,3,733,9,4053,23,7,90
2562,22,3,734,6,4059,17,2,60
2563,22,3,735,4,4063,17,0,40
2564,22,3,736,6,4069,18,18,60
2565,22,3,737,6,4075,3,1,60
2566,22,3,738,4,4079,4,4,40
2567,22,3,739,5,4084,3,0,50
2568,22,3,740,9,4093,7,7,90
2569,22,3,741,8,4101,6,0,80
2570,22,3,742,6,4107,7,0,60
2571,22,3,743,5,4112,7,7,50
2572,22,3,744,9,4121,4,1,90
2573,22,3,745,9,4130,8,8,90
2574,22,3,746,6,4136,4,1,60
2575,22,3,747,4,4140,7,1,40
2576,22,3,748,8,4148,7,0,80
2577,22,3,749,6,4154,12,12,60
2578,22,3,750,4,4158,3,2,40
2579,22,3,751,2,4160,1,0,20
2580,22,3,752,6,4166,4,1,60
2581,22,3,753,6,4172,4,1,60
2582,22,3,754,9,4181,7,0,90
2583,22,3,755,5,4186,8,1,50
2584,22,3,756,7,4193,9,0,70
2585,22,3,757,4,4197,10,1,40
2586,22,3,758,4,4201,11,1,40
2587,22,3,759,7,4208,13,1,70
2588,22,3,760,8,4216,14,2,80
2589,22,3,761,4,4220,16,0,40
2590,22,3,762,4,4224,17,3,40
2591,22,3,763,8,4232,17,2,80
2592,22,3,764,7,4239,22,22,70
2593,22,3,765,4,4243,0,0,40
2594,22,3,766,4,4247,1,0,40
2595,22,3,767,4,4251,6,3,40
2596,22,3,768,8,4259,4,4,80
2597,22,3,769,4,4263,1,0,40
2598,22,3,770,5,4268,4,1,50
2599,22,3,771,8,4276,6,2,80
2600,22,3,772,5,4281,7,1,50
2601,22,3,773,9,4290,10,0,90
2602,22,3,774,2,4292,12,2,20
2603,22,3,775,3,4295,12,2,30
2604,22,3,776,6,4301,13,5,60
2605,22,3,777,9,4310,15,1,90
2606,22,3,778,7,4317,18,3,70
2607,22,3,779,5,4322,17,2,50
2608,22,3,780,3,4325,15,3,30
2609,22,3,781,3,4328,12,1,30
2610,22,3,782,4,4332,13,1,40
2611,22,3,783,4,4336,15,2,40
2612,22,3,784,9,4345,17,1,90
2613,22,3,785,8,4353,17,2,80
2614,22,3,786,7,4360,20,20,70
2615,22,3,787,9,4369,5,0,90
2616,22,3,788,4,4373,6,0,40
2617,22,3,789,5,4378,7,0,50
2618,22,3,790,5,4383,11,2,50
2619,22,3,791,7,4390,11,3,70
2620,22,3,792,4,4394,11,2,40
2621,22,3,793,6,4400,10,4,60
2622,22,3,794,8,4408,9,0,80
2623,22,3,795,8,4416,17,17,80
2624,22,3,796,3,4419,1,0,30
2625,22,3,797,2,4421,1,0,20
2626,22,3,798,9,4430,4,1,90
2627,22,3,799,3,4433,4,0,30
2628,22,3,800,7,4440,11,3,70
2629,22,3,801,7,4447,13,2,70
2630,22,3,802,9,4456,17,17,90
2631,22,3,803,5,4461,0,0,50
2632,22,3,804,4,4465,3,0,40
2633,22,3,805,4,4469,4,0,40
2634,22,3,806,5,4474,6,2,50
2635,22,3,807,3,4477,5,0,30
2636,22,3,808,9,4486,8,2,90
2637,22,3,809,9,4495,11,2,90
2638,22,3,810,5,4500,9,2,50
2639,22,3,811,9,4509,12,1,90
2640,22,3,812,9,4518,16,1,90
2641,22,3,813,6,4524,18,1,60
2642,22,3,814,2,4526,17,2,20
2643,22,3,815,7,4533,17,3,70
2644,22,3,816,9,4542,17,17,90
2645,22,3,817,3,4545,3,0,30
2646,22,3,818,7,4552,5,0,70
2647,22,3,819,5,4557,7,1,50
2648,22,3,820,7,4564,11,1,70
2649,22,3,821,4,4568,14,2,40
2650,22,3,822,7,4575,15,2,70
2651,22,3,823,3,4578,14,2,30
2652,22,3,824,6,4584,15,15,60
2653,22,3,825,6,4590,4,0,60
2654,22,3,826,8,4598,10,2,80
2655,22,3,827,6,4604,10,1,60
2656,22,3,828,5,4609,12,3,50
2657,22,3,829,4,4613,10,1,40
2658,22,3,830,3,4616,10,1,30
2659,22,3,831,5,4621,14,3,50
2660,22,3,832,2,4623,11,11,20
2661,22,3,833,3,4626,2,0,30
2662,22,3,834,7,4633,8,2,70
2663,22,3,835,9,4642,8,0,90
2664,22,3,836,3,4645,9,0,30
2665,22,3,837,7,4652,11,1,70
2666,22,3,838,8,4660,16,16,80
2667,22,3,839,5,4665,2,0,50
2668,22,3,840,9,4674,4,0,90
2669,22,3,841,4,4678,10,10,40
2670,22,3,842,9,4687,4,1,90
2671,22,3,843,4,4691,4,0,40
2672,22,3,844,6,4697,6,1,60
2673,22,3,845,8,4705,10,1,80
2674,22,3,846,6,4711,14,1,60
2675,22,3,847,2,4713,14,2,20
2676,22,3,848,5,4718,14,3,50
2677,22,3,849,5,4723,11,1,50
2678,22,3,850,7,4730,12,2,70
2679,22,3,851,7,4737,12,1,70
2680,22,3,852,6,4743,11,1,60
2681,22,3,853,2,4745,10,1,20
2682,22,3,854,7,4752,11,2,70
2683,22,3,855,4,4756,13,1,40
2684,22,3,856,9,4765,16,2,90
2685,22,3,857,8,4773,17,1,80
2686,22,3,858,5,4778,17,1,50
2687,22,3,859,2,4780,18,3,20
2688,22,3,860,2,4782,16,3,20
2689,22,3,861,3,4785,13,3,30
2690,22,3,862,4,4789,10,0,40
2691,22,3,863,3,4792,11,2,30
2692,22,3,864,7,4799,11,0,70
2693,22,3,865,8,4807,11,1,80
2694,22,3,866,9,4816,14,3,90
2695,22,3,867,9,4825,14,0,90
2696,22,3,868,5,4830,18,3,50
2697,22,3,869,7,4837,19,1,70
2698,22,3,870,6,4843,22,3,60
2699,22,3,871,4,4847,21,3,40
2700,22,3,872,7,4854,20,1,70
2701,22,3,873,2,4856,20,2,20
2702,22,3,874,7,4863,21,6,70
2703,22,3,875,6,4869,18,3,60
2704,22,3,876,6,4875,17,2,60
2705,22,3,877,2,4877,16,2,20
2706,22,3,878,4,4881,14,0,40
2707,22,3,879,3,4884,15,1,30
2708,22,3,880,6,4890,16,2,60
2709,22,3,881,3,4893,19,1,30
2710,22,3,882,8,4901,18,4,80
2711,22,3,883,2,4903,16,16,20
2712,22,3,884,4,4907,2,0,40
2713,22,3,885,7,4914,6,1,70
2714,22,3,886,2,4916,8,0,20
2715,22,3,887,6,4922,9,1,60
2716,22,3,888,2,4924,11,2,20
2717,22,3,889,6,4930,11,1,60
2718,22,3,890,2,4932,11,11,20
2719,22,3,891,6,4938,3,0,60
2720,22,3,892,4,4942,5,1,40
2721,22,3,893,3,4945,4,0,30
2722,22,3,894,6,4951,6,6,60
2723,22,3,895,9,4960,10,1,90
2724,22,3,896,3,4963,10,2,30
2725,22,3,897,7,4970,10,1,70
2726,22,3,898,4,4974,11,2,40
2727,22,3,899,7,4981,12,12,70
2728,22,3,900,9,4990,4,0,90
2729,22,3,901,8,4998,7,1,80
