,Scenario,Trial,Inspection,Interval,Time,Accumulation,Defects,Rate
0,224,1,1,9,9,4,4,90
1,224,1,2,6,15,4,4,60
2,224,1,3,5,20,3,3,50
3,224,1,4,8,28,4,4,80
4,224,1,5,5,33,0,0,50
5,224,1,6,9,42,10,10,90
6,224,1,7,8,50,3,3,80
7,224,1,8,7,57,1,1,70
8,224,1,9,2,59,2,1,20
9,224,1,10,5,64,4,4,50
10,224,1,11,9,73,3,2,90
11,224,1,12,4,77,3,2,40
12,224,1,13,5,82,4,4,50
13,224,1,14,9,91,6,4,90
14,224,1,15,6,97,4,3,60
15,224,1,16,3,100,1,0,30
16,224,1,17,9,109,4,4,90
17,224,1,18,3,112,1,0,30
18,224,1,19,9,121,5,5,90
19,224,1,20,5,126,1,1,50
20,224,1,21,5,131,6,4,50
21,224,1,22,6,137,3,3,60
22,224,1,23,6,143,1,0,60
23,224,1,24,5,148,3,1,50
24,224,1,25,7,155,9,6,70
25,224,1,26,3,158,4,4,30
26,224,1,27,5,163,0,0,50
27,224,1,28,4,167,1,0,40
28,224,1,29,4,171,1,1,40
29,224,1,30,7,178,1,1,70
30,224,1,31,5,183,5,5,50
31,224,1,32,7,190,2,2,70
32,224,1,33,3,193,1,0,30
33,224,1,34,9,202,2,2,90
34,224,1,35,8,210,2,1,80
35,224,1,36,6,216,2,1,60
36,224,1,37,5,221,1,0,50
37,224,1,38,4,225,1,1,40
38,224,1,39,9,234,2,1,90
39,224,1,40,2,236,1,1,20
40,224,1,41,6,242,2,0,60
41,224,1,42,9,251,4,4,90
42,224,1,43,6,257,5,2,60
43,224,1,44,3,260,4,4,30
44,224,1,45,2,262,1,1,20
45,224,1,46,8,270,5,5,80
46,224,1,47,9,279,1,1,90
47,224,1,48,3,282,0,0,30
48,224,1,49,2,284,1,1,20
49,224,1,50,8,292,2,1,80
50,224,1,51,6,298,2,2,60
51,224,1,52,5,303,3,3,50
52,224,1,53,7,310,4,4,70
53,224,1,54,8,318,3,0,80
54,224,1,55,5,323,5,5,50
55,224,1,56,9,332,7,7,90
56,224,1,57,9,341,6,6,90
57,224,1,58,5,346,2,2,50
58,224,1,59,5,351,0,0,50
59,224,1,60,8,359,3,2,80
60,224,1,61,2,361,1,1,20
61,224,1,62,4,365,3,2,40
62,224,1,63,2,367,1,1,20
63,224,1,64,9,376,1,1,90
64,224,1,65,6,382,1,1,60
65,224,1,66,7,389,2,2,70
66,224,1,67,9,398,6,3,90
67,224,1,68,7,405,7,4,70
68,224,1,69,2,407,4,4,20
69,224,1,70,9,416,4,4,90
70,224,1,71,2,418,0,0,20
71,224,1,72,6,424,6,3,60
72,224,1,73,5,429,4,4,50
73,224,1,74,5,434,2,1,50
74,224,1,75,9,443,2,2,90
75,224,1,76,4,447,1,1,40
76,224,1,77,7,454,3,1,70
77,224,1,78,5,459,3,3,50
78,224,1,79,3,462,1,1,30
79,224,1,80,6,468,5,3,60
80,224,1,81,7,475,3,3,70
81,224,1,82,2,477,1,0,20
82,224,1,83,6,483,7,6,60
83,224,1,84,6,489,6,3,60
84,224,1,85,9,498,5,5,90
85,224,1,86,6,504,4,1,60
86,224,1,87,6,510,4,4,60
87,224,1,88,4,514,1,1,40
88,224,1,89,6,520,4,4,60
89,224,1,90,6,526,2,2,60
90,224,1,91,8,534,6,4,80
91,224,1,92,9,543,4,4,90
92,224,1,93,5,548,3,3,50
93,224,1,94,2,550,1,0,20
94,224,1,95,7,557,4,2,70
95,224,1,96,3,560,4,4,30
96,224,1,97,8,568,4,3,80
97,224,1,98,5,573,3,3,50
98,224,1,99,2,575,0,0,20
99,224,1,100,6,581,4,4,60
100,224,1,101,8,589,4,4,80
101,224,1,102,4,593,1,1,40
102,224,1,103,6,599,4,4,60
103,224,1,104,4,603,2,2,40
104,224,1,105,7,610,3,0,70
105,224,1,106,4,614,5,5,40
106,224,1,107,9,623,8,6,90
107,224,1,108,2,625,2,2,20
108,224,1,109,9,634,2,2,90
109,224,1,110,9,643,5,2,90
110,224,1,111,7,650,8,8,70
111,224,1,112,5,655,2,1,50
112,224,1,113,9,664,5,2,90
113,224,1,114,5,669,5,5,50
114,224,1,115,9,678,4,4,90
115,224,1,116,2,680,1,1,20
116,224,1,117,2,682,1,0,20
117,224,1,118,9,691,9,6,90
118,224,1,119,4,695,4,2,40
119,224,1,120,6,701,6,3,60
120,224,1,121,7,708,6,6,70
121,224,1,122,6,714,4,2,60
122,224,1,123,3,717,5,5,30
123,224,1,124,8,725,4,4,80
124,224,1,125,5,730,2,1,50
125,224,1,126,8,738,9,9,80
126,224,1,127,9,747,3,2,90
127,224,1,128,6,753,7,5,60
128,224,1,129,4,757,3,3,40
129,224,1,130,3,760,1,1,30
130,224,1,131,7,767,3,3,70
131,224,1,132,4,771,0,0,40
132,224,1,133,4,775,2,1,40
133,224,1,134,9,784,4,4,90
134,224,1,135,7,791,7,5,70
135,224,1,136,7,798,6,3,70
136,224,1,137,2,800,4,4,20
137,224,1,138,2,802,0,0,20
138,224,1,139,8,810,6,5,80
139,224,1,140,4,814,2,1,40
140,224,1,141,5,819,1,1,50
141,224,1,142,2,821,3,3,20
142,224,1,143,5,826,1,1,50
143,224,1,144,2,828,0,0,20
144,224,1,145,4,832,3,2,40
145,224,1,146,5,837,3,3,50
146,224,1,147,5,842,4,4,50
147,224,1,148,7,849,0,0,70
148,224,1,149,7,856,5,3,70
149,224,1,150,5,861,5,5,50
150,224,1,151,9,870,6,3,90
151,224,1,152,7,877,10,6,70
152,224,1,153,5,882,5,3,50
153,224,1,154,7,889,7,6,70
154,224,1,155,4,893,3,3,40
155,224,1,156,6,899,0,0,60
156,224,1,157,6,905,3,2,60
157,224,1,158,4,909,2,2,40
158,224,1,159,2,911,3,2,20
159,224,1,160,6,917,5,3,60
160,224,1,161,2,919,2,2,20
161,224,1,162,4,923,2,2,40
162,224,1,163,9,932,3,3,90
163,224,1,164,8,940,5,3,80
164,224,1,165,2,942,2,2,20
165,224,1,166,2,944,0,0,20
166,224,1,167,7,951,3,3,70
167,224,1,168,4,955,1,0,40
168,224,1,169,2,957,4,3,20
169,224,1,170,8,965,5,3,80
170,224,1,171,7,972,5,5,70
171,224,1,172,7,979,4,4,70
172,224,1,173,6,985,5,4,60
173,224,1,174,8,993,4,3,80
174,224,1,175,7,1000,5,5,70
175,224,1,176,4,1004,3,3,40
176,224,1,177,2,1006,0,0,20
177,224,1,178,2,1008,1,1,20
178,224,1,179,7,1015,2,1,70
179,224,1,180,4,1019,4,2,40
180,224,1,181,5,1024,3,3,50
181,224,1,182,7,1031,2,2,70
182,224,1,183,4,1035,1,0,40
183,224,1,184,9,1044,3,3,90
184,224,1,185,4,1048,0,0,40
185,224,1,186,5,1053,2,2,50
186,224,1,187,5,1058,4,3,50
187,224,1,188,3,1061,1,0,30
188,224,1,189,7,1068,5,5,70
189,224,1,190,2,1070,1,0,20
190,224,1,191,9,1079,2,1,90
191,224,1,192,8,1087,6,2,80
192,224,1,193,2,1089,5,3,20
193,224,1,194,6,1095,4,4,60
194,224,1,195,4,1099,3,3,40
195,224,1,196,7,1106,5,4,70
196,224,1,197,3,1109,2,2,30
197,224,1,198,2,1111,0,0,20
198,224,1,199,9,1120,6,3,90
199,224,1,200,2,1122,3,3,20
200,224,1,201,8,1130,3,1,80
201,224,1,202,6,1136,6,6,60
202,224,1,203,3,1139,0,0,30
203,224,1,204,2,1141,1,1,20
204,224,1,205,8,1149,4,4,80
205,224,1,206,2,1151,0,0,20
206,224,1,207,9,1160,0,0,90
207,224,1,208,6,1166,5,3,60
208,224,1,209,7,1173,7,7,70
209,224,1,210,5,1178,0,0,50
210,224,1,211,9,1187,5,2,90
211,224,1,212,4,1191,5,5,40
212,224,1,213,7,1198,4,3,70
213,224,1,214,2,1200,1,0,20
214,224,1,215,5,1205,2,1,50
215,224,1,216,2,1207,1,1,20
216,224,1,217,2,1209,0,0,20
217,224,1,218,6,1215,1,1,60
218,224,1,219,7,1222,4,4,70
219,224,1,220,9,1231,3,1,90
220,224,1,221,5,1236,7,4,50
221,224,1,222,9,1245,7,7,90
222,224,1,223,3,1248,2,2,30
223,224,1,224,4,1252,5,5,40
224,224,1,225,8,1260,3,3,80
225,224,1,226,4,1264,0,0,40
226,224,1,227,2,1266,0,0,20
227,224,1,228,9,1275,5,1,90
228,224,1,229,9,1284,11,9,90
229,224,1,230,4,1288,3,3,40
230,224,1,231,3,1291,2,2,30
231,224,1,232,8,1299,2,2,80
232,224,1,233,5,1304,5,5,50
233,224,1,234,6,1310,3,2,60
234,224,1,235,4,1314,2,0,40
235,224,1,236,6,1320,6,6,60
236,224,1,237,9,1329,4,4,90
237,224,1,238,9,1338,6,5,90
238,224,1,239,3,1341,1,0,30
239,224,1,240,7,1348,4,3,70
240,224,1,241,6,1354,1,1,60
241,224,1,242,7,1361,0,0,70
242,224,1,243,6,1367,2,1,60
243,224,1,244,2,1369,2,2,20
244,224,1,245,3,1372,3,3,30
245,224,1,246,7,1379,4,4,70
246,224,1,247,8,1387,3,3,80
247,224,1,248,5,1392,0,0,50
248,224,1,249,5,1397,1,0,50
249,224,1,250,5,1402,4,4,50
250,224,1,251,9,1411,4,4,90
251,224,1,252,3,1414,0,0,30
252,224,1,253,7,1421,3,3,70
253,224,1,254,3,1424,1,1,30
254,224,1,255,9,1433,0,0,90
255,224,1,256,8,1441,5,2,80
256,224,1,257,8,1449,8,8,80
257,224,1,258,4,1453,4,4,40
258,224,1,259,7,1460,5,5,70
259,224,1,260,8,1468,5,5,80
260,224,1,261,5,1473,3,1,50
261,224,1,262,8,1481,5,3,80
262,224,1,263,8,1489,6,4,80
263,224,1,264,7,1496,6,6,70
264,224,1,265,4,1500,2,2,40
265,224,1,266,7,1507,2,2,70
266,224,1,267,2,1509,0,0,20
267,224,1,268,2,1511,0,0,20
268,224,1,269,9,1520,4,4,90
269,224,1,270,8,1528,3,2,80
270,224,1,271,6,1534,2,2,60
271,224,1,272,9,1543,3,3,90
272,224,1,273,3,1546,4,3,30
273,224,1,274,2,1548,1,1,20
274,224,1,275,9,1557,4,4,90
275,224,1,276,9,1566,3,1,90
276,224,1,277,9,1575,5,4,90
277,224,1,278,2,1577,1,0,20
278,224,1,279,9,1586,5,5,90
279,224,1,280,3,1589,0,0,30
280,224,1,281,8,1597,2,1,80
281,224,1,282,2,1599,3,3,20
282,224,1,283,4,1603,4,4,40
283,224,1,284,9,1612,5,2,90
284,224,1,285,8,1620,7,6,80
285,224,1,286,8,1628,5,5,80
286,224,1,287,3,1631,0,0,30
287,224,1,288,6,1637,4,4,60
288,224,1,289,9,1646,7,7,90
289,224,1,290,4,1650,2,2,40
290,224,1,291,3,1653,1,0,30
291,224,1,292,9,1662,6,6,90
292,224,1,293,6,1668,1,1,60
293,224,1,294,6,1674,2,1,60
294,224,1,295,4,1678,4,4,40
295,224,1,296,6,1684,3,2,60
296,224,1,297,9,1693,4,4,90
297,224,1,298,5,1698,3,3,50
298,224,1,299,3,1701,5,3,30
299,224,1,300,2,1703,2,2,20
300,224,1,301,2,1705,1,0,20
301,224,1,302,9,1714,3,2,90
302,224,1,303,9,1723,7,7,90
303,224,1,304,4,1727,3,3,40
304,224,1,305,8,1735,6,6,80
305,224,1,306,4,1739,4,2,40
306,224,1,307,8,1747,7,5,80
307,224,1,308,7,1754,4,4,70
308,224,1,309,2,1756,0,0,20
309,224,1,310,9,1765,8,8,90
310,224,1,311,4,1769,2,1,40
311,224,1,312,2,1771,2,1,20
312,224,1,313,6,1777,3,3,60
313,224,1,314,6,1783,3,3,60
314,224,1,315,2,1785,2,1,20
315,224,1,316,5,1790,4,4,50
316,224,1,317,6,1796,6,6,60
317,224,1,318,6,1802,2,2,60
318,224,1,319,2,1804,2,1,20
319,224,1,320,8,1812,4,3,80
320,224,1,321,4,1816,1,0,40
321,224,1,322,7,1823,7,7,70
322,224,1,323,4,1827,2,0,40
323,224,1,324,4,1831,6,5,40
324,224,1,325,5,1836,8,6,50
325,224,1,326,3,1839,4,4,30
326,224,1,327,9,1848,5,5,90
327,224,1,328,3,1851,0,0,30
328,224,1,329,3,1854,1,1,30
329,224,1,330,4,1858,1,0,40
330,224,1,331,7,1865,10,8,70
331,224,1,332,5,1870,4,3,50
332,224,1,333,4,1874,2,0,40
333,224,1,334,3,1877,3,3,30
334,224,1,335,6,1883,3,3,60
335,224,1,336,4,1887,2,0,40
336,224,1,337,5,1892,8,8,50
337,224,1,338,8,1900,11,11,80
338,224,1,339,2,1902,1,1,20
339,224,1,340,3,1905,3,3,30
340,224,1,341,6,1911,1,1,60
341,224,1,342,8,1919,4,4,80
342,224,1,343,4,1923,2,2,40
343,224,1,344,2,1925,1,1,20
344,224,1,345,8,1933,1,1,80
345,224,1,346,4,1937,2,1,40
346,224,1,347,8,1945,4,1,80
347,224,1,348,4,1949,5,5,40
348,224,1,349,4,1953,2,2,40
349,224,1,350,5,1958,3,1,50
350,224,1,351,7,1965,3,3,70
351,224,1,352,4,1969,3,3,40
352,224,1,353,2,1971,1,1,20
353,224,1,354,8,1979,1,1,80
354,224,1,355,6,1985,3,3,60
355,224,1,356,9,1994,4,4,90
356,224,1,357,9,2003,1,0,90
357,224,1,358,6,2009,6,6,60
358,224,1,359,9,2018,4,2,90
359,224,1,360,6,2024,4,4,60
360,224,1,361,5,2029,4,3,50
361,224,1,362,4,2033,6,6,40
362,224,1,363,6,2039,2,2,60
363,224,1,364,4,2043,6,4,40
364,224,1,365,8,2051,5,2,80
365,224,1,366,2,2053,4,2,20
366,224,1,367,9,2062,8,8,90
367,224,1,368,8,2070,6,6,80
368,224,1,369,3,2073,2,2,30
369,224,1,370,5,2078,3,3,50
370,224,1,371,5,2083,1,1,50
371,224,1,372,3,2086,2,1,30
372,224,1,373,8,2094,4,4,80
373,224,1,374,2,2096,2,1,20
374,224,1,375,7,2103,7,7,70
375,224,1,376,2,2105,1,1,20
376,224,1,377,5,2110,2,2,50
377,224,1,378,5,2115,2,2,50
378,224,1,379,4,2119,1,1,40
379,224,1,380,9,2128,5,5,90
380,224,1,381,6,2134,4,3,60
381,224,1,382,3,2137,3,3,30
382,224,1,383,2,2139,1,0,20
383,224,1,384,6,2145,6,6,60
384,224,1,385,7,2152,3,3,70
385,224,1,386,7,2159,3,2,70
386,224,1,387,5,2164,3,1,50
387,224,1,388,6,2170,4,4,60
388,224,1,389,9,2179,1,1,90
389,224,1,390,5,2184,2,2,50
390,224,1,391,8,2192,6,4,80
391,224,1,392,3,2195,4,3,30
392,224,1,393,8,2203,6,5,80
393,224,1,394,2,2205,1,1,20
394,224,1,395,5,2210,4,2,50
395,224,1,396,4,2214,5,2,40
396,224,1,397,8,2222,7,6,80
397,224,1,398,8,2230,3,3,80
398,224,1,399,5,2235,6,6,50
399,224,1,400,4,2239,1,0,40
400,224,1,401,8,2247,5,3,80
401,224,1,402,7,2254,4,4,70
402,224,1,403,8,2262,5,4,80
403,224,1,404,6,2268,4,4,60
404,224,1,405,4,2272,4,4,40
405,224,1,406,7,2279,2,2,70
406,224,1,407,5,2284,2,2,50
407,224,1,408,4,2288,2,1,40
408,224,1,409,3,2291,2,2,30
409,224,1,410,8,2299,14,10,80
410,224,1,411,2,2301,5,5,20
411,224,1,412,6,2307,0,0,60
412,224,1,413,9,2316,2,1,90
413,224,1,414,6,2322,2,1,60
414,224,1,415,2,2324,2,2,20
415,224,1,416,8,2332,5,5,80
416,224,1,417,6,2338,5,5,60
417,224,1,418,5,2343,3,3,50
418,224,1,419,5,2348,4,1,50
419,224,1,420,4,2352,7,7,40
420,224,1,421,2,2354,2,2,20
421,224,1,422,6,2360,2,1,60
422,224,1,423,6,2366,2,2,60
423,224,1,424,5,2371,1,1,50
424,224,1,425,3,2374,3,3,30
425,224,1,426,6,2380,3,3,60
426,224,1,427,4,2384,2,2,40
427,224,1,428,7,2391,3,3,70
428,224,1,429,8,2399,6,4,80
429,224,1,430,7,2406,7,7,70
430,224,1,431,6,2412,6,6,60
431,224,1,432,9,2421,6,6,90
432,224,1,433,2,2423,1,1,20
433,224,1,434,8,2431,2,1,80
434,224,1,435,4,2435,4,4,40
435,224,1,436,2,2437,1,1,20
436,224,1,437,2,2439,2,0,20
437,224,1,438,6,2445,4,4,60
438,224,1,439,2,2447,0,0,20
439,224,1,440,5,2452,2,2,50
440,224,1,441,7,2459,4,4,70
441,224,1,442,5,2464,1,1,50
442,224,1,443,6,2470,4,4,60
443,224,1,444,2,2472,1,1,20
444,224,1,445,4,2476,3,3,40
445,224,1,446,5,2481,2,1,50
446,224,1,447,7,2488,8,8,70
447,224,1,448,2,2490,1,0,20
448,224,1,449,5,2495,4,4,50
449,224,1,450,9,2504,3,2,90
450,224,1,451,6,2510,5,5,60
451,224,1,452,5,2515,2,1,50
452,224,1,453,2,2517,3,3,20
453,224,1,454,6,2523,2,2,60
454,224,1,455,9,2532,5,4,90
455,224,1,456,9,2541,4,4,90
456,224,1,457,8,2549,2,2,80
457,224,1,458,5,2554,5,5,50
458,224,1,459,3,2557,1,1,30
459,224,1,460,2,2559,1,0,20
460,224,1,461,6,2565,4,4,60
461,224,1,462,5,2570,2,0,50
462,224,1,463,7,2577,6,6,70
463,224,1,464,7,2584,5,2,70
464,224,1,465,4,2588,6,4,40
465,224,1,466,8,2596,5,5,80
466,224,1,467,3,2599,0,0,30
467,224,1,468,6,2605,2,1,60
468,224,1,469,9,2614,7,7,90
469,224,1,470,8,2622,3,1,80
470,224,1,471,6,2628,6,4,60
471,224,1,472,3,2631,3,3,30
472,224,1,473,7,2638,2,2,70
473,224,1,474,4,2642,2,1,40
474,224,1,475,7,2649,8,5,70
475,224,1,476,9,2658,5,5,90
476,224,1,477,8,2666,3,1,80
477,224,1,478,7,2673,7,7,70
478,224,1,479,2,2675,0,0,20
479,224,1,480,8,2683,6,4,80
480,224,1,481,4,2687,5,5,40
481,224,1,482,5,2692,0,0,50
482,224,1,483,5,2697,4,4,50
483,224,1,484,3,2700,2,2,30
484,224,1,485,4,2704,1,0,40
485,224,1,486,4,2708,2,0,40
486,224,1,487,5,2713,6,4,50
487,224,1,488,8,2721,6,3,80
488,224,1,489,2,2723,4,4,20
489,224,1,490,4,2727,1,0,40
490,224,1,491,8,2735,8,4,80
491,224,1,492,9,2744,11,11,90
492,224,1,493,4,2748,1,0,40
493,224,1,494,7,2755,3,1,70
494,224,1,495,6,2761,6,6,60
495,224,1,496,8,2769,6,3,80
496,224,1,497,4,2773,5,2,40
497,224,1,498,3,2776,7,4,30
498,224,1,499,2,2778,4,4,20
499,224,1,500,7,2785,2,1,70
500,224,1,501,7,2792,2,2,70
501,224,1,502,9,2801,7,5,90
502,224,1,503,3,2804,7,7,30
503,224,1,504,4,2808,3,3,40
504,224,1,505,9,2817,3,3,90
505,224,1,506,4,2821,3,3,40
506,224,1,507,3,2824,2,2,30
507,224,1,508,8,2832,7,5,80
508,224,1,509,2,2834,4,2,20
509,224,1,510,2,2836,2,2,20
510,224,1,511,2,2838,0,0,20
511,224,1,512,9,2847,4,2,90
512,224,1,513,5,2852,3,3,50
513,224,1,514,7,2859,1,0,70
514,224,1,515,8,2867,6,6,80
515,224,1,516,6,2873,4,4,60
516,224,1,517,6,2879,3,3,60
517,224,1,518,6,2885,1,1,60
518,224,1,519,7,2892,2,1,70
519,224,1,520,6,2898,2,2,60
520,224,1,521,6,2904,4,3,60
521,224,1,522,2,2906,1,1,20
522,224,1,523,5,2911,2,2,50
523,224,1,524,9,2920,4,4,90
524,224,1,525,2,2922,2,2,20
525,224,1,526,8,2930,3,1,80
526,224,1,527,8,2938,5,5,80
527,224,1,528,3,2941,1,1,30
528,224,1,529,3,2944,1,0,30
529,224,1,530,5,2949,5,5,50
530,224,1,531,3,2952,2,2,30
531,224,1,532,9,2961,3,3,90
532,224,1,533,8,2969,3,3,80
533,224,1,534,4,2973,3,3,40
534,224,1,535,7,2980,4,1,70
535,224,1,536,8,2988,8,8,80
536,224,1,537,9,2997,7,3,90
537,224,1,538,7,3004,6,4,70
538,224,1,539,8,3012,5,5,80
539,224,1,540,3,3015,2,2,30
540,224,1,541,3,3018,1,0,30
541,224,1,542,5,3023,3,3,50
542,224,1,543,4,3027,0,0,40
543,224,1,544,6,3033,1,1,60
544,224,1,545,8,3041,3,3,80
545,224,1,546,7,3048,4,3,70
546,224,1,547,9,3057,3,3,90
547,224,1,548,5,3062,2,0,50
548,224,1,549,4,3066,2,2,40
549,224,1,550,4,3070,6,6,40
550,224,1,551,9,3079,9,5,90
551,224,1,552,5,3084,6,6,50
552,224,1,553,5,3089,2,2,50
553,224,1,554,7,3096,4,3,70
554,224,1,555,2,3098,1,0,20
555,224,1,556,8,3106,6,6,80
556,224,1,557,6,3112,4,4,60
557,224,1,558,9,3121,0,0,90
558,224,1,559,9,3130,5,3,90
559,224,1,560,6,3136,5,5,60
560,224,1,561,6,3142,1,1,60
561,224,1,562,6,3148,3,3,60
562,224,1,563,4,3152,1,0,40
563,224,1,564,6,3158,3,3,60
564,224,1,565,6,3164,1,1,60
565,224,1,566,8,3172,0,0,80
566,224,1,567,9,3181,2,2,90
567,224,1,568,7,3188,3,3,70
568,224,1,569,6,3194,3,2,60
569,224,1,570,9,3203,8,8,90
570,224,1,571,6,3209,1,1,60
571,224,1,572,6,3215,3,3,60
572,224,1,573,4,3219,0,0,40
573,224,1,574,3,3222,1,1,30
574,224,1,575,9,3231,3,3,90
575,224,1,576,5,3236,1,1,50
576,224,1,577,6,3242,1,0,60
577,224,1,578,8,3250,9,9,80
578,224,1,579,3,3253,2,1,30
579,224,1,580,6,3259,7,7,60
580,224,1,581,3,3262,3,1,30
581,224,1,582,9,3271,4,4,90
582,224,1,583,7,3278,3,1,70
583,224,1,584,8,3286,8,8,80
584,224,1,585,3,3289,0,0,30
585,224,1,586,5,3294,5,5,50
586,224,1,587,2,3296,1,0,20
587,224,1,588,6,3302,7,7,60
588,224,1,589,4,3306,4,3,40
589,224,1,590,7,3313,1,1,70
590,224,1,591,9,3322,5,4,90
591,224,1,592,7,3329,3,1,70
592,224,1,593,2,3331,3,2,20
593,224,1,594,3,3334,4,4,30
594,224,1,595,7,3341,6,6,70
595,224,1,596,2,3343,0,0,20
596,224,1,597,2,3345,1,0,20
597,224,1,598,9,3354,4,1,90
598,224,1,599,3,3357,3,3,30
599,224,1,600,6,3363,2,1,60
600,224,1,601,3,3366,2,2,30
601,224,1,602,7,3373,5,3,70
602,224,1,603,8,3381,9,6,80
603,224,1,604,6,3387,5,2,60
604,224,1,605,5,3392,3,3,50
605,224,1,606,2,3394,4,4,20
606,224,1,607,7,3401,5,5,70
607,224,1,608,8,3409,2,2,80
608,224,1,609,7,3416,2,1,70
609,224,1,610,6,3422,3,3,60
610,224,1,611,4,3426,1,0,40
611,224,1,612,9,3435,3,1,90
612,224,1,613,5,3440,3,2,50
613,224,1,614,6,3446,3,1,60
614,224,1,615,5,3451,7,7,50
615,224,1,616,9,3460,4,1,90
616,224,1,617,9,3469,6,4,90
617,224,1,618,4,3473,3,3,40
618,224,1,619,4,3477,1,0,40
619,224,1,620,7,3484,5,5,70
620,224,1,621,9,3493,8,8,90
621,224,1,622,9,3502,1,1,90
622,224,1,623,5,3507,1,0,50
623,224,1,624,4,3511,5,5,40
624,224,1,625,7,3518,3,2,70
625,224,1,626,8,3526,6,4,80
626,224,1,627,9,3535,5,5,90
627,224,1,628,3,3538,0,0,30
628,224,1,629,9,3547,5,4,90
629,224,1,630,7,3554,4,4,70
630,224,1,631,4,3558,3,3,40
631,224,1,632,2,3560,0,0,20
632,224,1,633,2,3562,0,0,20
633,224,1,634,8,3570,3,3,80
634,224,1,635,2,3572,1,0,20
635,224,1,636,3,3575,1,1,30
636,224,1,637,4,3579,1,1,40
637,224,1,638,4,3583,4,2,40
638,224,1,639,7,3590,5,3,70
639,224,1,640,7,3597,8,8,70
640,224,1,641,2,3599,1,0,20
641,224,1,642,2,3601,4,4,20
642,224,1,643,3,3604,2,1,30
643,224,1,644,5,3609,2,2,50
644,224,1,645,2,3611,5,4,20
645,224,1,646,7,3618,5,2,70
646,224,1,647,8,3626,3,1,80
647,224,1,648,4,3630,6,6,40
648,224,1,649,6,3636,2,1,60
649,224,1,650,5,3641,1,1,50
650,224,1,651,9,3650,9,5,90
651,224,1,652,8,3658,10,10,80
652,224,1,653,7,3665,5,4,70
653,224,1,654,9,3674,2,2,90
654,224,1,655,3,3677,1,1,30
655,224,1,656,9,3686,9,8,90
656,224,1,657,5,3691,4,4,50
657,224,1,658,9,3700,6,5,90
658,224,1,659,2,3702,2,1,20
659,224,1,660,3,3705,2,0,30
660,224,1,661,7,3712,5,5,70
661,224,1,662,4,3716,3,3,40
662,224,1,663,9,3725,6,6,90
663,224,1,664,4,3729,2,2,40
664,224,1,665,5,3734,4,4,50
665,224,1,666,6,3740,4,4,60
666,224,1,667,6,3746,2,0,60
667,224,1,668,7,3753,4,4,70
668,224,1,669,7,3760,1,1,70
669,224,1,670,2,3762,0,0,20
670,224,1,671,9,3771,7,2,90
671,224,1,672,9,3780,10,10,90
672,224,1,673,4,3784,3,2,40
673,224,1,674,7,3791,7,7,70
674,224,1,675,2,3793,1,1,20
675,224,1,676,4,3797,4,4,40
676,224,1,677,3,3800,2,2,30
677,224,1,678,4,3804,2,2,40
678,224,1,679,8,3812,5,4,80
679,224,1,680,3,3815,2,2,30
680,224,1,681,7,3822,5,4,70
681,224,1,682,9,3831,8,8,90
682,224,1,683,8,3839,2,2,80
683,224,1,684,2,3841,1,0,20
684,224,1,685,8,3849,7,7,80
685,224,1,686,7,3856,2,2,70
686,224,1,687,6,3862,1,1,60
687,224,1,688,3,3865,1,1,30
688,224,1,689,9,3874,1,1,90
689,224,1,690,8,3882,5,5,80
690,224,1,691,9,3891,5,5,90
691,224,1,692,2,3893,1,0,20
692,224,1,693,3,3896,2,1,30
693,224,1,694,3,3899,4,2,30
694,224,1,695,7,3906,8,7,70
695,224,1,696,7,3913,6,6,70
696,224,1,697,8,3921,3,1,80
697,224,1,698,7,3928,4,3,70
698,224,1,699,6,3934,3,2,60
699,224,1,700,8,3942,7,7,80
700,224,1,701,9,3951,5,5,90
701,224,1,702,2,3953,1,1,20
702,224,1,703,9,3962,1,1,90
703,224,1,704,3,3965,1,1,30
704,224,1,705,4,3969,1,1,40
705,224,1,706,2,3971,3,3,20
706,224,1,707,3,3974,3,3,30
707,224,1,708,8,3982,6,3,80
708,224,1,709,6,3988,4,4,60
709,224,1,710,9,3997,7,4,90
710,224,1,711,8,4005,9,9,80
711,224,1,712,8,4013,2,2,80
712,224,1,713,8,4021,6,6,80
713,224,1,714,4,4025,0,0,40
714,224,1,715,5,4030,0,0,50
715,224,1,716,5,4035,0,0,50
716,224,1,717,5,4040,3,3,50
717,224,1,718,4,4044,3,1,40
718,224,1,719,7,4051,5,4,70
719,224,1,720,4,4055,2,2,40
720,224,1,721,2,4057,0,0,20
721,224,1,722,7,4064,6,6,70
722,224,1,723,9,4073,8,4,90
723,224,1,724,5,4078,9,7,50
724,224,1,725,5,4083,11,11,50
725,224,1,726,9,4092,6,6,90
726,224,1,727,7,4099,1,0,70
727,224,1,728,2,4101,3,1,20
728,224,1,729,4,4105,6,4,40
729,224,1,730,8,4113,8,8,80
730,224,1,731,3,4116,2,2,30
731,224,1,732,8,4124,3,3,80
732,224,1,733,8,4132,5,5,80
733,224,1,734,9,4141,9,9,90
734,224,1,735,5,4146,1,1,50
735,224,1,736,9,4155,7,7,90
736,224,1,737,6,4161,3,2,60
737,224,1,738,3,4164,3,3,30
738,224,1,739,7,4171,2,1,70
739,224,1,740,4,4175,4,1,40
740,224,1,741,4,4179,5,5,40
741,224,1,742,6,4185,6,6,60
742,224,1,743,9,4194,4,3,90
743,224,1,744,9,4203,4,3,90
744,224,1,745,5,4208,4,2,50
745,224,1,746,6,4214,4,2,60
746,224,1,747,4,4218,2,2,40
747,224,1,748,4,4222,2,0,40
748,224,1,749,7,4229,5,5,70
749,224,1,750,3,4232,2,1,30
750,224,1,751,5,4237,5,5,50
751,224,1,752,9,4246,2,2,90
752,224,1,753,9,4255,4,4,90
753,224,1,754,3,4258,2,0,30
754,224,1,755,7,4265,3,3,70
755,224,1,756,2,4267,0,0,20
756,224,1,757,2,4269,1,1,20
757,224,1,758,2,4271,1,0,20
758,224,1,759,5,4276,4,4,50
759,224,1,760,9,4285,4,4,90
760,224,1,761,4,4289,1,0,40
761,224,1,762,4,4293,2,2,40
762,224,1,763,7,4300,3,3,70
763,224,1,764,5,4305,1,0,50
764,224,1,765,7,4312,5,5,70
765,224,1,766,7,4319,5,4,70
766,224,1,767,4,4323,3,3,40
767,224,1,768,9,4332,3,2,90
768,224,1,769,7,4339,5,5,70
769,224,1,770,2,4341,3,3,20
770,224,1,771,6,4347,3,3,60
771,224,1,772,9,4356,6,4,90
772,224,1,773,5,4361,3,3,50
773,224,1,774,3,4364,2,2,30
774,224,1,775,2,4366,1,1,20
775,224,1,776,8,4374,2,0,80
776,224,1,777,4,4378,3,2,40
777,224,1,778,7,4385,5,1,70
778,224,1,779,6,4391,8,8,60
779,224,1,780,4,4395,1,1,40
780,224,1,781,3,4398,2,2,30
781,224,1,782,4,4402,2,2,40
782,224,1,783,6,4408,2,1,60
783,224,1,784,5,4413,1,0,50
784,224,1,785,7,4420,4,3,70
785,224,1,786,2,4422,2,2,20
786,224,1,787,3,4425,0,0,30
787,224,1,788,9,4434,0,0,90
788,224,1,789,9,4443,10,10,90
789,224,1,790,4,4447,4,4,40
790,224,1,791,6,4453,1,1,60
791,224,1,792,9,4462,5,1,90
792,224,1,793,5,4467,7,3,50
793,224,1,794,8,4475,9,9,80
794,224,1,795,9,4484,3,3,90
795,224,1,796,7,4491,8,6,70
796,224,1,797,7,4498,6,6,70
797,224,1,798,5,4503,1,0,50
798,224,1,799,5,4508,3,3,50
799,224,1,800,6,4514,3,0,60
800,224,1,801,5,4519,6,6,50
801,224,1,802,6,4525,5,5,60
802,224,1,803,8,4533,3,3,80
803,224,1,804,5,4538,3,3,50
804,224,1,805,5,4543,3,3,50
805,224,1,806,5,4548,1,1,50
806,224,1,807,9,4557,2,0,90
807,224,1,808,2,4559,4,3,20
808,224,1,809,2,4561,1,1,20
809,224,1,810,6,4567,6,4,60
810,224,1,811,9,4576,10,10,90
811,224,1,812,6,4582,4,4,60
812,224,1,813,6,4588,1,1,60
813,224,1,814,2,4590,1,1,20
814,224,1,815,3,4593,0,0,30
815,224,1,816,9,4602,4,4,90
816,224,1,817,2,4604,2,1,20
817,224,1,818,4,4608,3,3,40
818,224,1,819,3,4611,2,2,30
819,224,1,820,9,4620,6,6,90
820,224,1,821,2,4622,2,1,20
821,224,1,822,2,4624,2,2,20
822,224,1,823,5,4629,3,1,50
823,224,1,824,8,4637,8,8,80
824,224,1,825,6,4643,1,1,60
825,224,1,826,6,4649,1,0,60
826,224,1,827,2,4651,1,1,20
827,224,1,828,8,4659,3,2,80
828,224,1,829,7,4666,1,0,70
829,224,1,830,5,4671,4,4,50
830,224,1,831,6,4677,5,5,60
831,224,1,832,8,4685,4,4,80
832,224,1,833,9,4694,5,2,90
833,224,1,834,2,4696,4,3,20
834,224,1,835,7,4703,4,4,70
835,224,1,836,2,4705,1,1,20
836,224,1,837,9,4714,2,2,90
837,224,1,838,6,4720,2,2,60
838,224,1,839,4,4724,3,3,40
839,224,1,840,5,4729,1,1,50
840,224,1,841,9,4738,2,0,90
841,224,1,842,3,4741,3,3,30
842,224,1,843,5,4746,1,0,50
843,224,1,844,8,4754,3,3,80
844,224,1,845,8,4762,2,1,80
845,224,1,846,5,4767,2,2,50
846,224,1,847,2,4769,1,0,20
847,224,1,848,4,4773,5,5,40
848,224,1,849,8,4781,2,2,80
849,224,1,850,2,4783,1,1,20
850,224,1,851,8,4791,2,1,80
851,224,1,852,6,4797,2,2,60
852,224,1,853,4,4801,4,4,40
853,224,1,854,2,4803,1,1,20
854,224,1,855,3,4806,2,1,30
855,224,1,856,3,4809,2,1,30
856,224,1,857,2,4811,2,2,20
857,224,1,858,5,4816,2,2,50
858,224,1,859,9,4825,1,1,90
859,224,1,860,2,4827,1,0,20
860,224,1,861,5,4832,4,4,50
861,224,1,862,5,4837,3,2,50
862,224,1,863,4,4841,3,1,40
863,224,1,864,6,4847,3,3,60
864,224,1,865,9,4856,1,1,90
865,224,1,866,3,4859,2,0,30
866,224,1,867,8,4867,4,4,80
867,224,1,868,3,4870,2,0,30
868,224,1,869,2,4872,2,2,20
869,224,1,870,6,4878,2,1,60
870,224,1,871,3,4881,3,3,30
871,224,1,872,2,4883,2,2,20
872,224,1,873,3,4886,0,0,30
873,224,1,874,7,4893,5,5,70
874,224,1,875,9,4902,0,0,90
875,224,1,876,8,4910,4,4,80
876,224,1,877,7,4917,2,2,70
877,224,1,878,7,4924,1,0,70
878,224,1,879,5,4929,4,4,50
879,224,1,880,9,4938,3,3,90
880,224,1,881,8,4946,5,3,80
881,224,1,882,4,4950,4,4,40
882,224,1,883,2,4952,0,0,20
883,224,1,884,2,4954,0,0,20
884,224,1,885,5,4959,5,2,50
885,224,1,886,4,4963,4,3,40
886,224,1,887,6,4969,3,3,60
887,224,1,888,8,4977,7,7,80
888,224,1,889,7,4984,4,3,70
889,224,1,890,3,4987,1,1,30
890,224,1,891,6,4993,2,2,60
891,224,1,892,4,4997,1,1,40
892,224,2,1,6,6,3,2,60
893,224,2,2,4,10,4,4,40
894,224,2,3,4,14,3,3,40
895,224,2,4,7,21,6,5,70
896,224,2,5,6,27,4,3,60
897,224,2,6,5,32,3,3,50
898,224,2,7,5,37,1,0,50
899,224,2,8,7,44,2,2,70
900,224,2,9,8,52,6,4,80
901,224,2,10,8,60,5,2,80
902,224,2,11,3,63,4,2,30
903,224,2,12,3,66,2,2,30
904,224,2,13,7,73,2,2,70
905,224,2,14,9,82,7,7,90
906,224,2,15,3,85,7,7,30
907,224,2,16,8,93,5,4,80
908,224,2,17,3,96,1,1,30
909,224,2,18,3,99,5,2,30
910,224,2,19,7,106,7,7,70
911,224,2,20,7,113,1,0,70
912,224,2,21,2,115,3,3,20
913,224,2,22,9,124,9,9,90
914,224,2,23,3,127,1,1,30
915,224,2,24,2,129,1,1,20
916,224,2,25,3,132,3,3,30
917,224,2,26,5,137,6,5,50
918,224,2,27,8,145,9,7,80
919,224,2,28,7,152,3,1,70
920,224,2,29,7,159,6,6,70
921,224,2,30,5,164,3,3,50
922,224,2,31,6,170,2,1,60
923,224,2,32,2,172,1,0,20
924,224,2,33,6,178,6,6,60
925,224,2,34,9,187,2,2,90
926,224,2,35,9,196,4,4,90
927,224,2,36,7,203,3,3,70
928,224,2,37,5,208,4,4,50
929,224,2,38,9,217,9,9,90
930,224,2,39,5,222,2,2,50
931,224,2,40,9,231,4,4,90
932,224,2,41,9,240,5,3,90
933,224,2,42,7,247,5,5,70
934,224,2,43,8,255,2,2,80
935,224,2,44,8,263,6,3,80
936,224,2,45,8,271,6,6,80
937,224,2,46,3,274,0,0,30
938,224,2,47,2,276,0,0,20
939,224,2,48,2,278,0,0,20
940,224,2,49,7,285,3,3,70
941,224,2,50,7,292,4,4,70
942,224,2,51,3,295,1,0,30
943,224,2,52,5,300,2,2,50
944,224,2,53,4,304,2,1,40
945,224,2,54,8,312,4,4,80
946,224,2,55,2,314,0,0,20
947,224,2,56,6,320,4,4,60
948,224,2,57,3,323,3,1,30
949,224,2,58,5,328,4,1,50
950,224,2,59,6,334,7,6,60
951,224,2,60,9,343,9,9,90
952,224,2,61,4,347,4,4,40
953,224,2,62,2,349,0,0,20
954,224,2,63,7,356,4,2,70
955,224,2,64,3,359,5,5,30
956,224,2,65,4,363,1,1,40
957,224,2,66,2,365,0,0,20
958,224,2,67,5,370,3,3,50
959,224,2,68,6,376,5,4,60
960,224,2,69,6,382,5,4,60
961,224,2,70,7,389,4,3,70
962,224,2,71,5,394,4,1,50
963,224,2,72,7,401,5,4,70
964,224,2,73,2,403,3,3,20
965,224,2,74,2,405,3,3,20
966,224,2,75,2,407,0,0,20
967,224,2,76,7,414,3,3,70
968,224,2,77,3,417,3,2,30
969,224,2,78,8,425,8,8,80
970,224,2,79,9,434,6,6,90
971,224,2,80,2,436,0,0,20
972,224,2,81,4,440,3,1,40
973,224,2,82,4,444,7,7,40
974,224,2,83,6,450,4,4,60
975,224,2,84,7,457,6,2,70
976,224,2,85,5,462,6,3,50
977,224,2,86,2,464,4,4,20
978,224,2,87,7,471,7,6,70
979,224,2,88,3,474,3,3,30
980,224,2,89,2,476,0,0,20
981,224,2,90,8,484,5,5,80
982,224,2,91,5,489,3,3,50
983,224,2,92,8,497,2,2,80
984,224,2,93,4,501,1,1,40
985,224,2,94,5,506,2,2,50
986,224,2,95,2,508,0,0,20
987,224,2,96,5,513,0,0,50
988,224,2,97,9,522,5,5,90
989,224,2,98,4,526,6,5,40
990,224,2,99,3,529,3,2,30
991,224,2,100,8,537,7,5,80
992,224,2,101,5,542,4,4,50
993,224,2,102,7,549,3,3,70
994,224,2,103,8,557,9,9,80
995,224,2,104,8,565,3,2,80
996,224,2,105,5,570,3,3,50
997,224,2,106,7,577,4,4,70
998,224,2,107,5,582,0,0,50
999,224,2,108,3,585,2,2,30
1000,224,2,109,8,593,1,1,80
1001,224,2,110,6,599,7,7,60
1002,224,2,111,3,602,0,0,30
1003,224,2,112,6,608,1,0,60
1004,224,2,113,8,616,5,2,80
1005,224,2,114,9,625,10,6,90
1006,224,2,115,6,631,6,6,60
1007,224,2,116,4,635,2,1,40
1008,224,2,117,6,641,4,3,60
1009,224,2,118,8,649,4,4,80
1010,224,2,119,9,658,10,10,90
1011,224,2,120,9,667,8,8,90
1012,224,2,121,4,671,3,3,40
1013,224,2,122,2,673,3,2,20
1014,224,2,123,7,680,10,10,70
1015,224,2,124,3,683,1,1,30
1016,224,2,125,8,691,2,2,80
1017,224,2,126,4,695,1,0,40
1018,224,2,127,2,697,3,3,20
1019,224,2,128,7,704,5,5,70
1020,224,2,129,2,706,1,1,20
1021,224,2,130,8,714,6,6,80
1022,224,2,131,7,721,5,3,70
1023,224,2,132,2,723,6,4,20
1024,224,2,133,8,731,3,3,80
1025,224,2,134,9,740,5,5,90
1026,224,2,135,5,745,4,4,50
1027,224,2,136,7,752,7,7,70
1028,224,2,137,9,761,8,8,90
1029,224,2,138,8,769,3,3,80
1030,224,2,139,3,772,1,1,30
1031,224,2,140,8,780,6,4,80
1032,224,2,141,3,783,4,4,30
1033,224,2,142,4,787,2,2,40
1034,224,2,143,3,790,2,2,30
1035,224,2,144,9,799,11,10,90
1036,224,2,145,9,808,4,4,90
1037,224,2,146,8,816,4,4,80
1038,224,2,147,4,820,2,1,40
1039,224,2,148,4,824,2,2,40
1040,224,2,149,3,827,3,3,30
1041,224,2,150,2,829,1,0,20
1042,224,2,151,3,832,2,2,30
1043,224,2,152,9,841,3,2,90
1044,224,2,153,4,845,7,5,40
1045,224,2,154,7,852,7,7,70
1046,224,2,155,6,858,1,1,60
1047,224,2,156,6,864,2,2,60
1048,224,2,157,9,873,3,3,90
1049,224,2,158,9,882,4,4,90
1050,224,2,159,4,886,3,3,40
1051,224,2,160,2,888,3,3,20
1052,224,2,161,9,897,6,6,90
1053,224,2,162,6,903,4,4,60
1054,224,2,163,4,907,4,4,40
1055,224,2,164,3,910,1,1,30
1056,224,2,165,6,916,3,3,60
1057,224,2,166,5,921,3,2,50
1058,224,2,167,9,930,3,3,90
1059,224,2,168,5,935,3,2,50
1060,224,2,169,4,939,1,1,40
1061,224,2,170,7,946,2,2,70
1062,224,2,171,7,953,3,3,70
1063,224,2,172,2,955,0,0,20
1064,224,2,173,9,964,9,5,90
1065,224,2,174,2,966,4,4,20
1066,224,2,175,3,969,0,0,30
1067,224,2,176,2,971,0,0,20
1068,224,2,177,6,977,4,4,60
1069,224,2,178,2,979,1,1,20
1070,224,2,179,5,984,2,0,50
1071,224,2,180,9,993,6,6,90
1072,224,2,181,4,997,3,1,40
1073,224,2,182,3,1000,2,2,30
1074,224,2,183,9,1009,4,4,90
1075,224,2,184,7,1016,5,3,70
1076,224,2,185,9,1025,6,6,90
1077,224,2,186,3,1028,2,1,30
1078,224,2,187,2,1030,2,2,20
1079,224,2,188,6,1036,1,0,60
1080,224,2,189,5,1041,4,0,50
1081,224,2,190,4,1045,4,4,40
1082,224,2,191,8,1053,4,2,80
1083,224,2,192,3,1056,5,5,30
1084,224,2,193,7,1063,3,3,70
1085,224,2,194,7,1070,4,4,70
1086,224,2,195,4,1074,0,0,40
1087,224,2,196,8,1082,1,0,80
1088,224,2,197,6,1088,7,4,60
1089,224,2,198,6,1094,5,5,60
1090,224,2,199,6,1100,2,2,60
1091,224,2,200,3,1103,2,2,30
1092,224,2,201,6,1109,6,6,60
1093,224,2,202,5,1114,1,1,50
1094,224,2,203,5,1119,4,4,50
1095,224,2,204,5,1124,2,2,50
1096,224,2,205,3,1127,2,2,30
1097,224,2,206,2,1129,1,0,20
1098,224,2,207,7,1136,7,6,70
1099,224,2,208,7,1143,10,8,70
1100,224,2,209,8,1151,7,5,80
1101,224,2,210,6,1157,4,4,60
1102,224,2,211,8,1165,4,4,80
1103,224,2,212,7,1172,4,4,70
1104,224,2,213,4,1176,2,0,40
1105,224,2,214,7,1183,4,4,70
1106,224,2,215,7,1190,2,2,70
1107,224,2,216,7,1197,3,2,70
1108,224,2,217,4,1201,3,2,40
1109,224,2,218,6,1207,5,5,60
1110,224,2,219,8,1215,3,0,80
1111,224,2,220,9,1224,7,7,90
1112,224,2,221,3,1227,1,0,30
1113,224,2,222,4,1231,2,2,40
1114,224,2,223,6,1237,2,1,60
1115,224,2,224,4,1241,5,4,40
1116,224,2,225,6,1247,1,1,60
1117,224,2,226,8,1255,3,3,80
1118,224,2,227,2,1257,0,0,20
1119,224,2,228,8,1265,5,5,80
1120,224,2,229,5,1270,0,0,50
1121,224,2,230,6,1276,5,5,60
1122,224,2,231,6,1282,0,0,60
1123,224,2,232,8,1290,5,5,80
1124,224,2,233,7,1297,3,3,70
1125,224,2,234,7,1304,4,3,70
1126,224,2,235,4,1308,4,2,40
1127,224,2,236,2,1310,2,2,20
1128,224,2,237,9,1319,7,7,90
1129,224,2,238,3,1322,2,1,30
1130,224,2,239,8,1330,4,3,80
1131,224,2,240,9,1339,6,6,90
1132,224,2,241,3,1342,6,6,30
1133,224,2,242,3,1345,2,1,30
1134,224,2,243,8,1353,10,5,80
1135,224,2,244,2,1355,6,4,20
1136,224,2,245,7,1362,4,3,70
1137,224,2,246,2,1364,1,1,20
1138,224,2,247,4,1368,0,0,40
1139,224,2,248,8,1376,2,1,80
1140,224,2,249,6,1382,8,6,60
1141,224,2,250,3,1385,3,3,30
1142,224,2,251,5,1390,2,0,50
1143,224,2,252,6,1396,2,0,60
1144,224,2,253,3,1399,2,1,30
1145,224,2,254,5,1404,3,3,50
1146,224,2,255,3,1407,2,2,30
1147,224,2,256,3,1410,1,1,30
1148,224,2,257,3,1413,1,1,30
1149,224,2,258,3,1416,1,0,30
1150,224,2,259,5,1421,2,0,50
1151,224,2,260,9,1430,5,5,90
1152,224,2,261,6,1436,0,0,60
1153,224,2,262,7,1443,5,5,70
1154,224,2,263,6,1449,1,1,60
1155,224,2,264,9,1458,2,2,90
1156,224,2,265,8,1466,3,3,80
1157,224,2,266,6,1472,1,1,60
1158,224,2,267,2,1474,1,0,20
1159,224,2,268,3,1477,3,2,30
1160,224,2,269,2,1479,2,2,20
1161,224,2,270,3,1482,2,2,30
1162,224,2,271,9,1491,2,2,90
1163,224,2,272,3,1494,1,1,30
1164,224,2,273,4,1498,3,1,40
1165,224,2,274,7,1505,6,6,70
1166,224,2,275,6,1511,2,2,60
1167,224,2,276,9,1520,5,2,90
1168,224,2,277,4,1524,5,2,40
1169,224,2,278,7,1531,5,3,70
1170,224,2,279,8,1539,5,5,80
1171,224,2,280,4,1543,2,2,40
1172,224,2,281,8,1551,6,6,80
1173,224,2,282,8,1559,5,3,80
1174,224,2,283,6,1565,3,3,60
1175,224,2,284,4,1569,1,0,40
1176,224,2,285,7,1576,5,5,70
1177,224,2,286,6,1582,4,4,60
1178,224,2,287,8,1590,6,5,80
1179,224,2,288,4,1594,2,2,40
1180,224,2,289,6,1600,5,3,60
1181,224,2,290,7,1607,4,4,70
1182,224,2,291,2,1609,0,0,20
1183,224,2,292,2,1611,0,0,20
1184,224,2,293,9,1620,2,2,90
1185,224,2,294,6,1626,3,2,60
1186,224,2,295,6,1632,3,3,60
1187,224,2,296,4,1636,0,0,40
1188,224,2,297,8,1644,3,1,80
1189,224,2,298,9,1653,11,11,90
1190,224,2,299,4,1657,3,1,40
1191,224,2,300,6,1663,5,5,60
1192,224,2,301,4,1667,2,2,40
1193,224,2,302,5,1672,2,2,50
1194,224,2,303,2,1674,0,0,20
1195,224,2,304,9,1683,5,5,90
1196,224,2,305,7,1690,3,2,70
1197,224,2,306,3,1693,1,1,30
1198,224,2,307,3,1696,4,1,30
1199,224,2,308,7,1703,5,5,70
1200,224,2,309,4,1707,2,2,40
1201,224,2,310,7,1714,3,3,70
1202,224,2,311,5,1719,2,0,50
1203,224,2,312,9,1728,9,9,90
1204,224,2,313,2,1730,0,0,20
1205,224,2,314,8,1738,3,3,80
1206,224,2,315,8,1746,3,3,80
1207,224,2,316,3,1749,3,3,30
1208,224,2,317,3,1752,1,0,30
1209,224,2,318,7,1759,5,5,70
1210,224,2,319,3,1762,2,2,30
1211,224,2,320,3,1765,0,0,30
1212,224,2,321,4,1769,2,2,40
1213,224,2,322,7,1776,2,1,70
1214,224,2,323,4,1780,3,3,40
1215,224,2,324,5,1785,3,3,50
1216,224,2,325,9,1794,2,2,90
1217,224,2,326,3,1797,1,1,30
1218,224,2,327,5,1802,2,2,50
1219,224,2,328,9,1811,6,3,90
1220,224,2,329,6,1817,9,7,60
1221,224,2,330,2,1819,3,1,20
1222,224,2,331,5,1824,3,3,50
1223,224,2,332,3,1827,2,1,30
1224,224,2,333,9,1836,6,3,90
1225,224,2,334,6,1842,6,6,60
1226,224,2,335,6,1848,3,3,60
1227,224,2,336,7,1855,3,3,70
1228,224,2,337,5,1860,1,1,50
1229,224,2,338,9,1869,7,7,90
1230,224,2,339,2,1871,1,0,20
1231,224,2,340,4,1875,4,4,40
1232,224,2,341,4,1879,5,5,40
1233,224,2,342,3,1882,3,3,30
1234,224,2,343,3,1885,2,2,30
1235,224,2,344,6,1891,5,3,60
1236,224,2,345,6,1897,5,5,60
1237,224,2,346,9,1906,2,2,90
1238,224,2,347,4,1910,2,2,40
1239,224,2,348,2,1912,0,0,20
1240,224,2,349,4,1916,2,2,40
1241,224,2,350,4,1920,0,0,40
1242,224,2,351,3,1923,1,0,30
1243,224,2,352,9,1932,5,5,90
1244,224,2,353,8,1940,1,1,80
1245,224,2,354,4,1944,1,1,40
1246,224,2,355,4,1948,2,1,40
1247,224,2,356,3,1951,1,0,30
1248,224,2,357,2,1953,1,1,20
1249,224,2,358,9,1962,2,1,90
1250,224,2,359,3,1965,2,1,30
1251,224,2,360,6,1971,1,1,60
1252,224,2,361,5,1976,2,2,50
1253,224,2,362,7,1983,2,1,70
1254,224,2,363,3,1986,1,1,30
1255,224,2,364,5,1991,2,2,50
1256,224,2,365,6,1997,4,4,60
1257,224,2,366,3,2000,1,0,30
1258,224,2,367,2,2002,3,3,20
1259,224,2,368,4,2006,1,1,40
1260,224,2,369,3,2009,1,0,30
1261,224,2,370,6,2015,3,3,60
1262,224,2,371,3,2018,4,4,30
1263,224,2,372,8,2026,4,4,80
1264,224,2,373,2,2028,3,2,20
1265,224,2,374,6,2034,5,5,60
1266,224,2,375,5,2039,0,0,50
1267,224,2,376,3,2042,0,0,30
1268,224,2,377,4,2046,1,0,40
1269,224,2,378,9,2055,6,6,90
1270,224,2,379,7,2062,4,4,70
1271,224,2,380,8,2070,3,3,80
1272,224,2,381,2,2072,1,0,20
1273,224,2,382,5,2077,2,2,50
1274,224,2,383,7,2084,2,2,70
1275,224,2,384,7,2091,5,5,70
1276,224,2,385,5,2096,4,1,50
1277,224,2,386,4,2100,6,4,40
1278,224,2,387,9,2109,7,7,90
1279,224,2,388,3,2112,2,2,30
1280,224,2,389,6,2118,4,3,60
1281,224,2,390,7,2125,4,1,70
1282,224,2,391,9,2134,7,4,90
1283,224,2,392,6,2140,6,6,60
1284,224,2,393,9,2149,3,2,90
1285,224,2,394,2,2151,3,1,20
1286,224,2,395,2,2153,2,2,20
1287,224,2,396,5,2158,5,3,50
1288,224,2,397,8,2166,5,3,80
1289,224,2,398,4,2170,4,3,40
1290,224,2,399,2,2172,2,2,20
1291,224,2,400,5,2177,1,0,50
1292,224,2,401,4,2181,4,0,40
1293,224,2,402,6,2187,4,4,60
1294,224,2,403,5,2192,4,3,50
1295,224,2,404,4,2196,6,6,40
1296,224,2,405,3,2199,2,2,30
1297,224,2,406,6,2205,1,1,60
1298,224,2,407,9,2214,3,1,90
1299,224,2,408,2,2216,3,3,20
1300,224,2,409,8,2224,2,2,80
1301,224,2,410,8,2232,10,10,80
1302,224,2,411,6,2238,2,2,60
1303,224,2,412,2,2240,5,5,20
1304,224,2,413,2,2242,2,2,20
1305,224,2,414,4,2246,4,4,40
1306,224,2,415,3,2249,0,0,30
1307,224,2,416,2,2251,0,0,20
1308,224,2,417,4,2255,2,2,40
1309,224,2,418,5,2260,2,1,50
1310,224,2,419,4,2264,4,4,40
1311,224,2,420,9,2273,4,4,90
1312,224,2,421,7,2280,3,3,70
1313,224,2,422,7,2287,2,1,70
1314,224,2,423,4,2291,1,0,40
1315,224,2,424,3,2294,4,4,30
1316,224,2,425,7,2301,5,5,70
1317,224,2,426,4,2305,1,1,40
1318,224,2,427,5,2310,0,0,50
1319,224,2,428,5,2315,2,1,50
1320,224,2,429,2,2317,2,2,20
1321,224,2,430,7,2324,7,4,70
1322,224,2,431,7,2331,9,9,70
1323,224,2,432,7,2338,0,0,70
1324,224,2,433,2,2340,2,1,20
1325,224,2,434,7,2347,6,6,70
1326,224,2,435,6,2353,4,4,60
1327,224,2,436,6,2359,1,1,60
1328,224,2,437,9,2368,6,6,90
1329,224,2,438,9,2377,6,6,90
1330,224,2,439,3,2380,0,0,30
1331,224,2,440,6,2386,4,4,60
1332,224,2,441,9,2395,5,5,90
1333,224,2,442,5,2400,0,0,50
1334,224,2,443,4,2404,2,1,40
1335,224,2,444,9,2413,7,7,90
1336,224,2,445,5,2418,4,4,50
1337,224,2,446,2,2420,1,1,20
1338,224,2,447,8,2428,2,1,80
1339,224,2,448,8,2436,8,8,80
1340,224,2,449,2,2438,0,0,20
1341,224,2,450,3,2441,2,1,30
1342,224,2,451,9,2450,8,4,90
1343,224,2,452,2,2452,5,2,20
1344,224,2,453,9,2461,8,8,90
1345,224,2,454,3,2464,2,2,30
1346,224,2,455,3,2467,6,6,30
1347,224,2,456,6,2473,2,2,60
1348,224,2,457,6,2479,2,2,60
1349,224,2,458,6,2485,2,2,60
1350,224,2,459,2,2487,0,0,20
1351,224,2,460,4,2491,3,3,40
1352,224,2,461,9,2500,3,3,90
1353,224,2,462,5,2505,1,0,50
1354,224,2,463,2,2507,2,2,20
1355,224,2,464,8,2515,6,6,80
1356,224,2,465,7,2522,1,0,70
1357,224,2,466,3,2525,5,3,30
1358,224,2,467,5,2530,3,3,50
1359,224,2,468,3,2533,2,2,30
1360,224,2,469,5,2538,4,3,50
1361,224,2,470,2,2540,1,0,20
1362,224,2,471,3,2543,4,3,30
1363,224,2,472,3,2546,2,2,30
1364,224,2,473,6,2552,1,1,60
1365,224,2,474,5,2557,3,1,50
1366,224,2,475,8,2565,7,5,80
1367,224,2,476,3,2568,3,1,30
1368,224,2,477,7,2575,5,5,70
1369,224,2,478,3,2578,3,3,30
1370,224,2,479,3,2581,1,1,30
1371,224,2,480,3,2584,1,1,30
1372,224,2,481,5,2589,5,5,50
1373,224,2,482,8,2597,3,2,80
1374,224,2,483,9,2606,4,4,90
1375,224,2,484,2,2608,1,0,20
1376,224,2,485,2,2610,3,3,20
1377,224,2,486,9,2619,5,5,90
1378,224,2,487,7,2626,5,5,70
1379,224,2,488,6,2632,4,2,60
1380,224,2,489,7,2639,7,7,70
1381,224,2,490,6,2645,2,2,60
1382,224,2,491,3,2648,0,0,30
1383,224,2,492,5,2653,6,4,50
1384,224,2,493,8,2661,6,4,80
1385,224,2,494,5,2666,7,7,50
1386,224,2,495,5,2671,3,3,50
1387,224,2,496,3,2674,1,1,30
1388,224,2,497,7,2681,1,0,70
1389,224,2,498,9,2690,9,9,90
1390,224,2,499,2,2692,2,1,20
1391,224,2,500,7,2699,8,4,70
1392,224,2,501,7,2706,4,4,70
1393,224,2,502,3,2709,0,0,30
1394,224,2,503,7,2716,5,4,70
1395,224,2,504,6,2722,3,3,60
1396,224,2,505,8,2730,1,1,80
1397,224,2,506,7,2737,8,8,70
1398,224,2,507,5,2742,0,0,50
1399,224,2,508,2,2744,0,0,20
1400,224,2,509,7,2751,6,4,70
1401,224,2,510,6,2757,5,5,60
1402,224,2,511,3,2760,1,0,30
1403,224,2,512,8,2768,5,5,80
1404,224,2,513,5,2773,2,2,50
1405,224,2,514,6,2779,3,1,60
1406,224,2,515,6,2785,4,4,60
1407,224,2,516,3,2788,1,1,30
1408,224,2,517,5,2793,4,4,50
1409,224,2,518,4,2797,1,0,40
1410,224,2,519,8,2805,3,1,80
1411,224,2,520,9,2814,5,2,90
1412,224,2,521,6,2820,5,5,60
1413,224,2,522,6,2826,1,1,60
1414,224,2,523,5,2831,2,0,50
1415,224,2,524,6,2837,6,6,60
1416,224,2,525,5,2842,4,2,50
1417,224,2,526,8,2850,8,8,80
1418,224,2,527,7,2857,7,7,70
1419,224,2,528,3,2860,2,1,30
1420,224,2,529,8,2868,3,2,80
1421,224,2,530,3,2871,2,2,30
1422,224,2,531,6,2877,5,5,60
1423,224,2,532,6,2883,2,2,60
1424,224,2,533,4,2887,0,0,40
1425,224,2,534,6,2893,2,2,60
1426,224,2,535,5,2898,4,3,50
1427,224,2,536,4,2902,1,0,40
1428,224,2,537,7,2909,4,4,70
1429,224,2,538,2,2911,0,0,20
1430,224,2,539,6,2917,1,0,60
1431,224,2,540,7,2924,3,2,70
1432,224,2,541,7,2931,2,2,70
1433,224,2,542,4,2935,2,1,40
1434,224,2,543,5,2940,7,7,50
1435,224,2,544,7,2947,2,2,70
1436,224,2,545,5,2952,3,3,50
1437,224,2,546,2,2954,0,0,20
1438,224,2,547,9,2963,4,4,90
1439,224,2,548,5,2968,4,3,50
1440,224,2,549,8,2976,3,3,80
1441,224,2,550,3,2979,4,4,30
1442,224,2,551,2,2981,0,0,20
1443,224,2,552,4,2985,2,2,40
1444,224,2,553,9,2994,3,0,90
1445,224,2,554,3,2997,4,4,30
1446,224,2,555,3,3000,0,0,30
1447,224,2,556,7,3007,1,1,70
1448,224,2,557,9,3016,5,5,90
1449,224,2,558,2,3018,2,0,20
1450,224,2,559,9,3027,5,5,90
1451,224,2,560,2,3029,2,1,20
1452,224,2,561,4,3033,1,0,40
1453,224,2,562,8,3041,4,2,80
1454,224,2,563,9,3050,7,7,90
1455,224,2,564,6,3056,6,6,60
1456,224,2,565,3,3059,0,0,30
1457,224,2,566,5,3064,4,4,50
1458,224,2,567,6,3070,2,1,60
1459,224,2,568,4,3074,3,3,40
1460,224,2,569,9,3083,4,2,90
1461,224,2,570,5,3088,2,2,50
1462,224,2,571,5,3093,2,0,50
1463,224,2,572,8,3101,4,1,80
1464,224,2,573,9,3110,8,8,90
1465,224,2,574,3,3113,0,0,30
1466,224,2,575,4,3117,2,2,40
1467,224,2,576,6,3123,2,2,60
1468,224,2,577,2,3125,2,2,20
1469,224,2,578,7,3132,4,2,70
1470,224,2,579,4,3136,3,3,40
1471,224,2,580,9,3145,6,4,90
1472,224,2,581,4,3149,3,3,40
1473,224,2,582,7,3156,3,3,70
1474,224,2,583,7,3163,5,5,70
1475,224,2,584,8,3171,3,2,80
1476,224,2,585,8,3179,7,7,80
1477,224,2,586,2,3181,2,1,20
1478,224,2,587,9,3190,6,4,90
1479,224,2,588,4,3194,3,2,40
1480,224,2,589,4,3198,4,2,40
1481,224,2,590,7,3205,5,5,70
1482,224,2,591,7,3212,5,5,70
1483,224,2,592,6,3218,0,0,60
1484,224,2,593,9,3227,4,4,90
1485,224,2,594,8,3235,5,5,80
1486,224,2,595,7,3242,3,0,70
1487,224,2,596,3,3245,4,4,30
1488,224,2,597,2,3247,0,0,20
1489,224,2,598,6,3253,5,5,60
1490,224,2,599,3,3256,2,2,30
1491,224,2,600,9,3265,5,5,90
1492,224,2,601,6,3271,5,5,60
1493,224,2,602,5,3276,1,1,50
1494,224,2,603,9,3285,6,6,90
1495,224,2,604,2,3287,1,0,20
1496,224,2,605,6,3293,5,3,60
1497,224,2,606,9,3302,11,7,90
1498,224,2,607,4,3306,4,4,40
1499,224,2,608,4,3310,1,1,40
1500,224,2,609,3,3313,0,0,30
1501,224,2,610,5,3318,3,3,50
1502,224,2,611,3,3321,3,0,30
1503,224,2,612,5,3326,4,4,50
1504,224,2,613,9,3335,3,3,90
1505,224,2,614,2,3337,1,0,20
1506,224,2,615,5,3342,5,2,50
1507,224,2,616,2,3344,3,3,20
1508,224,2,617,7,3351,4,4,70
1509,224,2,618,3,3354,0,0,30
1510,224,2,619,2,3356,1,1,20
1511,224,2,620,4,3360,2,2,40
1512,224,2,621,8,3368,4,2,80
1513,224,2,622,9,3377,8,8,90
1514,224,2,623,2,3379,2,2,20
1515,224,2,624,3,3382,1,1,30
1516,224,2,625,6,3388,3,3,60
1517,224,2,626,3,3391,4,2,30
1518,224,2,627,4,3395,3,2,40
1519,224,2,628,4,3399,2,2,40
1520,224,2,629,8,3407,3,3,80
1521,224,2,630,3,3410,2,2,30
1522,224,2,631,3,3413,1,1,30
1523,224,2,632,6,3419,5,5,60
1524,224,2,633,5,3424,2,0,50
1525,224,2,634,9,3433,4,2,90
1526,224,2,635,2,3435,5,5,20
1527,224,2,636,5,3440,1,0,50
1528,224,2,637,9,3449,8,6,90
1529,224,2,638,4,3453,4,4,40
1530,224,2,639,6,3459,3,3,60
1531,224,2,640,8,3467,6,6,80
1532,224,2,641,8,3475,5,3,80
1533,224,2,642,2,3477,4,2,20
1534,224,2,643,5,3482,6,6,50
1535,224,2,644,2,3484,0,0,20
1536,224,2,645,3,3487,1,1,30
1537,224,2,646,8,3495,6,6,80
1538,224,2,647,6,3501,1,1,60
1539,224,2,648,5,3506,2,1,50
1540,224,2,649,6,3512,4,4,60
1541,224,2,650,9,3521,7,7,90
1542,224,2,651,6,3527,2,1,60
1543,224,2,652,4,3531,1,0,40
1544,224,2,653,9,3540,7,4,90
1545,224,2,654,9,3549,7,4,90
1546,224,2,655,5,3554,5,5,50
1547,224,2,656,8,3562,3,3,80
1548,224,2,657,7,3569,3,3,70
1549,224,2,658,4,3573,2,2,40
1550,224,2,659,3,3576,4,1,30
1551,224,2,660,9,3585,13,13,90
1552,224,2,661,8,3593,4,2,80
1553,224,2,662,2,3595,2,1,20
1554,224,2,663,3,3598,1,0,30
1555,224,2,664,8,3606,6,5,80
1556,224,2,665,2,3608,5,2,20
1557,224,2,666,9,3617,7,7,90
1558,224,2,667,2,3619,0,0,20
1559,224,2,668,8,3627,4,3,80
1560,224,2,669,8,3635,4,1,80
1561,224,2,670,6,3641,8,8,60
1562,224,2,671,6,3647,4,2,60
1563,224,2,672,5,3652,7,7,50
1564,224,2,673,8,3660,7,7,80
1565,224,2,674,7,3667,3,3,70
1566,224,2,675,6,3673,2,2,60
1567,224,2,676,5,3678,0,0,50
1568,224,2,677,8,3686,4,4,80
1569,224,2,678,2,3688,1,1,20
1570,224,2,679,3,3691,0,0,30
1571,224,2,680,6,3697,2,1,60
1572,224,2,681,5,3702,5,5,50
1573,224,2,682,9,3711,5,5,90
1574,224,2,683,2,3713,1,0,20
1575,224,2,684,9,3722,7,7,90
1576,224,2,685,6,3728,0,0,60
1577,224,2,686,8,3736,0,0,80
1578,224,2,687,2,3738,1,1,20
1579,224,2,688,7,3745,4,2,70
1580,224,2,689,7,3752,6,6,70
1581,224,2,690,8,3760,8,5,80
1582,224,2,691,3,3763,3,3,30
1583,224,2,692,7,3770,3,2,70
1584,224,2,693,3,3773,3,3,30
1585,224,2,694,6,3779,1,1,60
1586,224,2,695,6,3785,3,1,60
1587,224,2,696,7,3792,4,3,70
1588,224,2,697,8,3800,2,2,80
1589,224,2,698,6,3806,5,3,60
1590,224,2,699,8,3814,8,8,80
1591,224,2,700,2,3816,2,2,20
1592,224,2,701,5,3821,4,2,50
1593,224,2,702,9,3830,6,6,90
1594,224,2,703,7,3837,5,3,70
1595,224,2,704,9,3846,5,2,90
1596,224,2,705,4,3850,4,4,40
1597,224,2,706,8,3858,4,3,80
1598,224,2,707,7,3865,5,3,70
1599,224,2,708,3,3868,4,3,30
1600,224,2,709,4,3872,2,1,40
1601,224,2,710,3,3875,2,2,30
1602,224,2,711,8,3883,2,2,80
1603,224,2,712,7,3890,4,3,70
1604,224,2,713,6,3896,1,0,60
1605,224,2,714,7,3903,4,4,70
1606,224,2,715,5,3908,6,6,50
1607,224,2,716,8,3916,4,4,80
1608,224,2,717,9,3925,2,1,90
1609,224,2,718,3,3928,3,3,30
1610,224,2,719,5,3933,5,5,50
1611,224,2,720,6,3939,3,3,60
1612,224,2,721,4,3943,1,1,40
1613,224,2,722,9,3952,1,0,90
1614,224,2,723,8,3960,4,2,80
1615,224,2,724,6,3966,7,3,60
1616,224,2,725,6,3972,7,7,60
1617,224,2,726,5,3977,1,1,50
1618,224,2,727,9,3986,4,4,90
1619,224,2,728,7,3993,5,5,70
1620,224,2,729,7,4000,2,2,70
1621,224,2,730,4,4004,3,3,40
1622,224,2,731,2,4006,1,0,20
1623,224,2,732,3,4009,3,2,30
1624,224,2,733,8,4017,4,4,80
1625,224,2,734,8,4025,2,2,80
1626,224,2,735,3,4028,0,0,30
1627,224,2,736,3,4031,1,1,30
1628,224,2,737,9,4040,5,3,90
1629,224,2,738,3,4043,2,1,30
1630,224,2,739,5,4048,4,1,50
1631,224,2,740,9,4057,8,7,90
1632,224,2,741,9,4066,4,4,90
1633,224,2,742,2,4068,0,0,20
1634,224,2,743,8,4076,4,2,80
1635,224,2,744,9,4085,10,10,90
1636,224,2,745,5,4090,4,4,50
1637,224,2,746,4,4094,5,3,40
1638,224,2,747,3,4097,4,3,30
1639,224,2,748,3,4100,3,3,30
1640,224,2,749,9,4109,5,5,90
1641,224,2,750,4,4113,2,2,40
1642,224,2,751,5,4118,2,2,50
1643,224,2,752,3,4121,3,3,30
1644,224,2,753,5,4126,4,4,50
1645,224,2,754,4,4130,5,3,40
1646,224,2,755,2,4132,3,1,20
1647,224,2,756,7,4139,5,5,70
1648,224,2,757,7,4146,3,1,70
1649,224,2,758,9,4155,9,9,90
1650,224,2,759,6,4161,2,2,60
1651,224,2,760,2,4163,2,2,20
1652,224,2,761,2,4165,0,0,20
1653,224,2,762,9,4174,3,3,90
1654,224,2,763,2,4176,0,0,20
1655,224,2,764,5,4181,1,1,50
1656,224,2,765,9,4190,5,5,90
1657,224,2,766,8,4198,4,4,80
1658,224,2,767,2,4200,1,1,20
1659,224,2,768,7,4207,7,7,70
1660,224,2,769,7,4214,6,5,70
1661,224,2,770,8,4222,6,3,80
1662,224,2,771,7,4229,8,5,70
1663,224,2,772,3,4232,4,3,30
1664,224,2,773,7,4239,4,1,70
1665,224,2,774,2,4241,4,3,20
1666,224,2,775,7,4248,3,1,70
1667,224,2,776,3,4251,6,3,30
1668,224,2,777,4,4255,3,3,40
1669,224,2,778,8,4263,3,2,80
1670,224,2,779,4,4267,4,4,40
1671,224,2,780,5,4272,1,0,50
1672,224,2,781,5,4277,5,5,50
1673,224,2,782,5,4282,0,0,50
1674,224,2,783,9,4291,4,2,90
1675,224,2,784,7,4298,4,1,70
1676,224,2,785,2,4300,3,2,20
1677,224,2,786,9,4309,9,5,90
1678,224,2,787,3,4312,6,2,30
1679,224,2,788,8,4320,5,3,80
1680,224,2,789,4,4324,3,3,40
1681,224,2,790,9,4333,8,8,90
1682,224,2,791,7,4340,2,1,70
1683,224,2,792,4,4344,6,6,40
1684,224,2,793,2,4346,1,1,20
1685,224,2,794,6,4352,1,0,60
1686,224,2,795,3,4355,1,1,30
1687,224,2,796,6,4361,1,1,60
1688,224,2,797,6,4367,2,1,60
1689,224,2,798,4,4371,2,2,40
1690,224,2,799,8,4379,3,3,80
1691,224,2,800,9,4388,4,2,90
1692,224,2,801,3,4391,5,5,30
1693,224,2,802,3,4394,3,3,30
1694,224,2,803,9,4403,4,4,90
1695,224,2,804,7,4410,9,4,70
1696,224,2,805,6,4416,8,8,60
1697,224,2,806,4,4420,1,0,40
1698,224,2,807,6,4426,4,4,60
1699,224,2,808,6,4432,0,0,60
1700,224,2,809,9,4441,5,4,90
1701,224,2,810,4,4445,2,1,40
1702,224,2,811,9,4454,7,7,90
1703,224,2,812,8,4462,3,3,80
1704,224,2,813,3,4465,4,2,30
1705,224,2,814,5,4470,5,4,50
1706,224,2,815,4,4474,3,2,40
1707,224,2,816,7,4481,5,5,70
1708,224,2,817,8,4489,4,4,80
1709,224,2,818,7,4496,0,0,70
1710,224,2,819,5,4501,6,6,50
1711,224,2,820,3,4504,2,2,30
1712,224,2,821,3,4507,1,1,30
1713,224,2,822,9,4516,6,4,90
1714,224,2,823,7,4523,10,7,70
1715,224,2,824,5,4528,3,2,50
1716,224,2,825,3,4531,2,1,30
1717,224,2,826,4,4535,3,3,40
1718,224,2,827,2,4537,1,0,20
1719,224,2,828,2,4539,2,0,20
1720,224,2,829,4,4543,3,3,40
1721,224,2,830,2,4545,0,0,20
1722,224,2,831,8,4553,1,1,80
1723,224,2,832,8,4561,5,2,80
1724,224,2,833,2,4563,3,3,20
1725,224,2,834,7,4570,3,3,70
1726,224,2,835,5,4575,2,1,50
1727,224,2,836,8,4583,8,8,80
1728,224,2,837,5,4588,0,0,50
1729,224,2,838,7,4595,3,2,70
1730,224,2,839,3,4598,2,1,30
1731,224,2,840,8,4606,4,4,80
1732,224,2,841,5,4611,2,2,50
1733,224,2,842,2,4613,0,0,20
1734,224,2,843,7,4620,3,2,70
1735,224,2,844,4,4624,2,1,40
1736,224,2,845,6,4630,2,0,60
1737,224,2,846,9,4639,5,5,90
1738,224,2,847,2,4641,0,0,20
1739,224,2,848,3,4644,0,0,30
1740,224,2,849,7,4651,5,4,70
1741,224,2,850,7,4658,5,5,70
1742,224,2,851,9,4667,5,5,90
1743,224,2,852,3,4670,1,1,30
1744,224,2,853,6,4676,3,3,60
1745,224,2,854,7,4683,4,2,70
1746,224,2,855,9,4692,6,6,90
1747,224,2,856,2,4694,2,1,20
1748,224,2,857,8,4702,5,1,80
1749,224,2,858,5,4707,7,7,50
1750,224,2,859,6,4713,3,3,60
1751,224,2,860,4,4717,3,2,40
1752,224,2,861,9,4726,4,4,90
1753,224,2,862,7,4733,5,4,70
1754,224,2,863,4,4737,2,2,40
1755,224,2,864,3,4740,1,0,30
1756,224,2,865,3,4743,1,0,30
1757,224,2,866,5,4748,2,2,50
1758,224,2,867,9,4757,4,3,90
1759,224,2,868,8,4765,1,0,80
1760,224,2,869,5,4770,4,4,50
1761,224,2,870,4,4774,1,1,40
1762,224,2,871,9,4783,4,4,90
1763,224,2,872,2,4785,2,2,20
1764,224,2,873,2,4787,1,0,20
1765,224,2,874,6,4793,4,2,60
1766,224,2,875,7,4800,6,5,70
1767,224,2,876,8,4808,5,5,80
1768,224,2,877,2,4810,0,0,20
1769,224,2,878,3,4813,1,0,30
1770,224,2,879,5,4818,3,2,50
1771,224,2,880,6,4824,6,6,60
1772,224,2,881,7,4831,4,4,70
1773,224,2,882,5,4836,3,3,50
1774,224,2,883,9,4845,5,5,90
1775,224,2,884,6,4851,3,3,60
1776,224,2,885,9,4860,5,5,90
1777,224,2,886,7,4867,4,4,70
1778,224,2,887,7,4874,1,1,70
1779,224,2,888,5,4879,2,2,50
1780,224,2,889,3,4882,2,2,30
1781,224,2,890,5,4887,2,2,50
1782,224,2,891,9,4896,2,2,90
1783,224,2,892,8,4904,3,3,80
1784,224,2,893,7,4911,4,1,70
1785,224,2,894,7,4918,8,8,70
1786,224,2,895,6,4924,2,2,60
1787,224,2,896,2,4926,0,0,20
1788,224,2,897,4,4930,4,4,40
1789,224,2,898,7,4937,5,3,70
1790,224,2,899,4,4941,3,3,40
1791,224,2,900,4,4945,4,0,40
1792,224,2,901,6,4951,9,6,60
1793,224,2,902,9,4960,11,11,90
1794,224,2,903,2,4962,2,2,20
1795,224,2,904,3,4965,2,2,30
1796,224,2,905,7,4972,4,4,70
1797,224,2,906,9,4981,6,2,90
1798,224,2,907,2,4983,4,3,20
1799,224,2,908,6,4989,3,2,60
1800,224,2,909,9,4998,4,4,90
1801,224,3,1,7,7,4,4,70
1802,224,3,2,9,16,5,4,90
1803,224,3,3,6,22,3,2,60
1804,224,3,4,5,27,2,1,50
1805,224,3,5,4,31,2,2,40
1806,224,3,6,7,38,2,1,70
1807,224,3,7,5,43,4,4,50
1808,224,3,8,3,46,0,0,30
1809,224,3,9,5,51,4,3,50
1810,224,3,10,2,53,1,1,20
1811,224,3,11,3,56,3,3,30
1812,224,3,12,4,60,1,1,40
1813,224,3,13,8,68,3,3,80
1814,224,3,14,3,71,4,4,30
1815,224,3,15,2,73,1,0,20
1816,224,3,16,3,76,5,2,30
1817,224,3,17,4,80,6,6,40
1818,224,3,18,5,85,3,3,50
1819,224,3,19,2,87,2,0,20
1820,224,3,20,9,96,5,5,90
1821,224,3,21,8,104,4,1,80
1822,224,3,22,3,107,6,6,30
1823,224,3,23,6,113,2,2,60
1824,224,3,24,2,115,0,0,20
1825,224,3,25,8,123,5,5,80
1826,224,3,26,8,131,3,3,80
1827,224,3,27,3,134,1,0,30
1828,224,3,28,3,137,3,1,30
1829,224,3,29,9,146,10,10,90
1830,224,3,30,3,149,1,1,30
1831,224,3,31,9,158,10,10,90
1832,224,3,32,8,166,7,7,80
1833,224,3,33,9,175,4,1,90
1834,224,3,34,6,181,7,5,60
1835,224,3,35,9,190,5,4,90
1836,224,3,36,5,195,4,4,50
1837,224,3,37,4,199,1,1,40
1838,224,3,38,8,207,4,4,80
1839,224,3,39,7,214,2,1,70
1840,224,3,40,6,220,6,6,60
1841,224,3,41,2,222,0,0,20
1842,224,3,42,4,226,0,0,40
1843,224,3,43,4,230,1,1,40
1844,224,3,44,4,234,0,0,40
1845,224,3,45,2,236,1,1,20
1846,224,3,46,2,238,0,0,20
1847,224,3,47,8,246,6,6,80
1848,224,3,48,9,255,4,3,90
1849,224,3,49,2,257,5,4,20
1850,224,3,50,6,263,2,0,60
1851,224,3,51,5,268,5,4,50
1852,224,3,52,4,272,1,1,40
1853,224,3,53,2,274,1,1,20
1854,224,3,54,5,279,3,3,50
1855,224,3,55,9,288,5,3,90
1856,224,3,56,8,296,6,6,80
1857,224,3,57,3,299,1,1,30
1858,224,3,58,9,308,7,3,90
1859,224,3,59,3,311,7,7,30
1860,224,3,60,3,314,4,4,30
1861,224,3,61,8,322,2,1,80
1862,224,3,62,5,327,2,2,50
1863,224,3,63,2,329,0,0,20
1864,224,3,64,9,338,3,3,90
1865,224,3,65,9,347,6,6,90
1866,224,3,66,6,353,4,3,60
1867,224,3,67,5,358,2,1,50
1868,224,3,68,5,363,4,4,50
1869,224,3,69,2,365,3,1,20
1870,224,3,70,8,373,7,7,80
1871,224,3,71,9,382,8,8,90
1872,224,3,72,7,389,1,1,70
1873,224,3,73,9,398,2,1,90
1874,224,3,74,4,402,4,4,40
1875,224,3,75,4,406,1,1,40
1876,224,3,76,8,414,8,8,80
1877,224,3,77,8,422,1,1,80
1878,224,3,78,5,427,3,3,50
1879,224,3,79,9,436,5,1,90
1880,224,3,80,2,438,4,4,20
1881,224,3,81,9,447,4,3,90
1882,224,3,82,6,453,5,5,60
1883,224,3,83,9,462,3,3,90
1884,224,3,84,9,471,4,4,90
1885,224,3,85,2,473,1,1,20
1886,224,3,86,2,475,1,0,20
1887,224,3,87,7,482,2,2,70
1888,224,3,88,8,490,5,5,80
1889,224,3,89,7,497,5,5,70
1890,224,3,90,3,500,0,0,30
1891,224,3,91,6,506,5,4,60
1892,224,3,92,2,508,2,1,20
1893,224,3,93,4,512,3,3,40
1894,224,3,94,3,515,3,2,30
1895,224,3,95,3,518,1,0,30
1896,224,3,96,9,527,8,8,90
1897,224,3,97,2,529,3,3,20
1898,224,3,98,7,536,2,0,70
1899,224,3,99,8,544,8,7,80
1900,224,3,100,3,547,2,2,30
1901,224,3,101,7,554,2,1,70
1902,224,3,102,4,558,4,1,40
1903,224,3,103,2,560,3,3,20
1904,224,3,104,9,569,5,5,90
1905,224,3,105,3,572,3,3,30
1906,224,3,106,5,577,4,2,50
1907,224,3,107,4,581,5,5,40
1908,224,3,108,4,585,1,0,40
1909,224,3,109,7,592,4,4,70
1910,224,3,110,2,594,1,0,20
1911,224,3,111,6,600,3,3,60
1912,224,3,112,8,608,6,6,80
1913,224,3,113,5,613,0,0,50
1914,224,3,114,8,621,5,5,80
1915,224,3,115,2,623,2,1,20
1916,224,3,116,7,630,6,4,70
1917,224,3,117,8,638,4,4,80
1918,224,3,118,9,647,4,3,90
1919,224,3,119,3,650,2,0,30
1920,224,3,120,5,655,4,4,50
1921,224,3,121,3,658,0,0,30
1922,224,3,122,5,663,4,3,50
1923,224,3,123,8,671,4,4,80
1924,224,3,124,2,673,0,0,20
1925,224,3,125,4,677,3,3,40
1926,224,3,126,5,682,4,2,50
1927,224,3,127,5,687,6,3,50
1928,224,3,128,3,690,5,5,30
1929,224,3,129,6,696,1,0,60
1930,224,3,130,5,701,6,6,50
1931,224,3,131,5,706,5,5,50
1932,224,3,132,4,710,2,2,40
1933,224,3,133,5,715,0,0,50
1934,224,3,134,5,720,1,1,50
1935,224,3,135,2,722,0,0,20
1936,224,3,136,7,729,4,3,70
1937,224,3,137,6,735,4,2,60
1938,224,3,138,6,741,3,3,60
1939,224,3,139,2,743,3,2,20
1940,224,3,140,4,747,2,2,40
1941,224,3,141,4,751,1,0,40
1942,224,3,142,2,753,2,1,20
1943,224,3,143,6,759,7,7,60
1944,224,3,144,2,761,1,0,20
1945,224,3,145,9,770,2,1,90
1946,224,3,146,5,775,5,5,50
1947,224,3,147,3,778,0,0,30
1948,224,3,148,9,787,6,6,90
1949,224,3,149,9,796,4,4,90
1950,224,3,150,7,803,4,4,70
1951,224,3,151,5,808,2,2,50
1952,224,3,152,3,811,1,0,30
1953,224,3,153,4,815,2,0,40
1954,224,3,154,3,818,2,2,30
1955,224,3,155,9,827,6,3,90
1956,224,3,156,9,836,6,2,90
1957,224,3,157,9,845,7,7,90
1958,224,3,158,7,852,1,0,70
1959,224,3,159,9,861,4,4,90
1960,224,3,160,9,870,2,2,90
1961,224,3,161,9,879,3,1,90
1962,224,3,162,7,886,7,7,70
1963,224,3,163,8,894,3,3,80
1964,224,3,164,3,897,1,0,30
1965,224,3,165,8,905,6,6,80
1966,224,3,166,9,914,5,5,90
1967,224,3,167,4,918,3,3,40
1968,224,3,168,8,926,3,3,80
1969,224,3,169,2,928,0,0,20
1970,224,3,170,8,936,5,5,80
1971,224,3,171,9,945,6,4,90
1972,224,3,172,8,953,5,5,80
1973,224,3,173,4,957,1,1,40
1974,224,3,174,6,963,3,3,60
1975,224,3,175,3,966,0,0,30
1976,224,3,176,5,971,5,5,50
1977,224,3,177,2,973,0,0,20
1978,224,3,178,6,979,2,1,60
1979,224,3,179,3,982,4,4,30
1980,224,3,180,6,988,4,4,60
1981,224,3,181,5,993,2,2,50
1982,224,3,182,6,999,2,2,60
1983,224,3,183,8,1007,6,6,80
1984,224,3,184,4,1011,2,1,40
1985,224,3,185,3,1014,2,2,30
1986,224,3,186,2,1016,1,1,20
1987,224,3,187,9,1025,5,5,90
1988,224,3,188,4,1029,2,2,40
1989,224,3,189,3,1032,0,0,30
1990,224,3,190,2,1034,3,3,20
1991,224,3,191,4,1038,2,2,40
1992,224,3,192,5,1043,1,1,50
1993,224,3,193,9,1052,3,2,90
1994,224,3,194,9,1061,4,2,90
1995,224,3,195,8,1069,8,5,80
1996,224,3,196,2,1071,4,4,20
1997,224,3,197,3,1074,2,2,30
1998,224,3,198,2,1076,0,0,20
1999,224,3,199,3,1079,2,2,30
2000,224,3,200,6,1085,3,1,60
2001,224,3,201,9,1094,9,9,90
2002,224,3,202,7,1101,1,1,70
2003,224,3,203,3,1104,2,1,30
2004,224,3,204,7,1111,4,2,70
2005,224,3,205,9,1120,8,5,90
2006,224,3,206,6,1126,7,7,60
2007,224,3,207,4,1130,0,0,40
2008,224,3,208,5,1135,4,3,50
2009,224,3,209,6,1141,2,2,60
2010,224,3,210,6,1147,7,7,60
2011,224,3,211,8,1155,6,3,80
2012,224,3,212,9,1164,9,9,90
2013,224,3,213,6,1170,4,2,60
2014,224,3,214,9,1179,8,8,90
2015,224,3,215,2,1181,1,1,20
2016,224,3,216,3,1184,1,0,30
2017,224,3,217,5,1189,5,5,50
2018,224,3,218,7,1196,3,2,70
2019,224,3,219,9,1205,2,0,90
2020,224,3,220,8,1213,6,4,80
2021,224,3,221,3,1216,4,4,30
2022,224,3,222,3,1219,3,2,30
2023,224,3,223,8,1227,3,3,80
2024,224,3,224,2,1229,0,0,20
2025,224,3,225,4,1233,1,0,40
2026,224,3,226,5,1238,3,2,50
2027,224,3,227,7,1245,6,4,70
2028,224,3,228,6,1251,4,4,60
2029,224,3,229,4,1255,1,1,40
2030,224,3,230,5,1260,2,1,50
2031,224,3,231,9,1269,1,0,90
2032,224,3,232,3,1272,2,1,30
2033,224,3,233,5,1277,2,2,50
2034,224,3,234,4,1281,6,6,40
2035,224,3,235,6,1287,3,3,60
2036,224,3,236,8,1295,4,4,80
2037,224,3,237,8,1303,8,8,80
2038,224,3,238,8,1311,0,0,80
2039,224,3,239,3,1314,1,1,30
2040,224,3,240,5,1319,1,0,50
2041,224,3,241,7,1326,3,3,70
2042,224,3,242,2,1328,0,0,20
2043,224,3,243,6,1334,5,4,60
2044,224,3,244,5,1339,5,4,50
2045,224,3,245,3,1342,2,1,30
2046,224,3,246,5,1347,2,2,50
2047,224,3,247,2,1349,1,0,20
2048,224,3,248,9,1358,13,13,90
2049,224,3,249,9,1367,4,4,90
2050,224,3,250,2,1369,2,1,20
2051,224,3,251,8,1377,6,5,80
2052,224,3,252,6,1383,4,4,60
2053,224,3,253,5,1388,2,1,50
2054,224,3,254,8,1396,7,7,80
2055,224,3,255,2,1398,0,0,20
2056,224,3,256,9,1407,2,1,90
2057,224,3,257,2,1409,3,3,20
2058,224,3,258,6,1415,1,0,60
2059,224,3,259,7,1422,5,5,70
2060,224,3,260,5,1427,1,1,50
2061,224,3,261,5,1432,3,3,50
2062,224,3,262,3,1435,1,1,30
2063,224,3,263,8,1443,6,6,80
2064,224,3,264,7,1450,2,0,70
2065,224,3,265,2,1452,3,3,20
2066,224,3,266,2,1454,1,1,20
2067,224,3,267,5,1459,3,3,50
2068,224,3,268,8,1467,3,2,80
2069,224,3,269,8,1475,9,9,80
2070,224,3,270,4,1479,4,4,40
2071,224,3,271,6,1485,1,0,60
2072,224,3,272,6,1491,1,0,60
2073,224,3,273,9,1500,6,6,90
2074,224,3,274,3,1503,1,1,30
2075,224,3,275,3,1506,5,3,30
2076,224,3,276,7,1513,6,6,70
2077,224,3,277,4,1517,1,0,40
2078,224,3,278,2,1519,4,4,20
2079,224,3,279,6,1525,4,4,60
2080,224,3,280,6,1531,2,1,60
2081,224,3,281,5,1536,4,4,50
2082,224,3,282,8,1544,4,4,80
2083,224,3,283,7,1551,4,1,70
2084,224,3,284,2,1553,6,6,20
2085,224,3,285,9,1562,3,2,90
2086,224,3,286,3,1565,3,2,30
2087,224,3,287,7,1572,8,8,70
2088,224,3,288,9,1581,5,5,90
2089,224,3,289,8,1589,2,0,80
2090,224,3,290,5,1594,5,3,50
2091,224,3,291,4,1598,4,4,40
2092,224,3,292,4,1602,1,1,40
2093,224,3,293,6,1608,0,0,60
2094,224,3,294,6,1614,4,4,60
2095,224,3,295,8,1622,6,6,80
2096,224,3,296,5,1627,2,1,50
2097,224,3,297,5,1632,4,2,50
2098,224,3,298,4,1636,5,2,40
2099,224,3,299,6,1642,5,2,60
2100,224,3,300,3,1645,4,3,30
2101,224,3,301,9,1654,5,2,90
2102,224,3,302,2,1656,4,3,20
2103,224,3,303,7,1663,3,3,70
2104,224,3,304,7,1670,3,2,70
2105,224,3,305,9,1679,7,6,90
2106,224,3,306,2,1681,3,3,20
2107,224,3,307,2,1683,1,1,20
2108,224,3,308,7,1690,1,0,70
2109,224,3,309,3,1693,1,1,30
2110,224,3,310,4,1697,2,1,40
2111,224,3,311,8,1705,5,5,80
2112,224,3,312,4,1709,0,0,40
2113,224,3,313,5,1714,3,2,50
2114,224,3,314,9,1723,5,4,90
2115,224,3,315,4,1727,3,1,40
2116,224,3,316,3,1730,3,3,30
2117,224,3,317,2,1732,0,0,20
2118,224,3,318,6,1738,5,5,60
2119,224,3,319,5,1743,2,1,50
2120,224,3,320,9,1752,5,5,90
2121,224,3,321,8,1760,4,4,80
2122,224,3,322,4,1764,1,0,40
2123,224,3,323,4,1768,3,2,40
2124,224,3,324,9,1777,4,4,90
2125,224,3,325,2,1779,0,0,20
2126,224,3,326,3,1782,1,0,30
2127,224,3,327,5,1787,3,2,50
2128,224,3,328,8,1795,5,5,80
2129,224,3,329,7,1802,2,2,70
2130,224,3,330,3,1805,2,2,30
2131,224,3,331,6,1811,2,1,60
2132,224,3,332,8,1819,4,4,80
2133,224,3,333,4,1823,0,0,40
2134,224,3,334,5,1828,2,1,50
2135,224,3,335,9,1837,8,8,90
2136,224,3,336,5,1842,3,3,50
2137,224,3,337,2,1844,1,1,20
2138,224,3,338,8,1852,2,2,80
2139,224,3,339,6,1858,2,0,60
2140,224,3,340,3,1861,5,5,30
2141,224,3,341,8,1869,1,1,80
2142,224,3,342,8,1877,0,0,80
2143,224,3,343,7,1884,2,2,70
2144,224,3,344,9,1893,6,5,90
2145,224,3,345,5,1898,4,4,50
2146,224,3,346,8,1906,2,2,80
2147,224,3,347,5,1911,3,2,50
2148,224,3,348,5,1916,2,1,50
2149,224,3,349,2,1918,3,3,20
2150,224,3,350,9,1927,7,7,90
2151,224,3,351,7,1934,7,3,70
2152,224,3,352,5,1939,8,8,50
2153,224,3,353,8,1947,5,4,80
2154,224,3,354,8,1955,4,3,80
2155,224,3,355,9,1964,6,4,90
2156,224,3,356,7,1971,5,3,70
2157,224,3,357,5,1976,4,3,50
2158,224,3,358,5,1981,4,4,50
2159,224,3,359,8,1989,4,3,80
2160,224,3,360,9,1998,3,3,90
2161,224,3,361,8,2006,4,3,80
2162,224,3,362,3,2009,1,0,30
2163,224,3,363,5,2014,7,4,50
2164,224,3,364,2,2016,4,4,20
2165,224,3,365,4,2020,1,0,40
2166,224,3,366,4,2024,6,4,40
2167,224,3,367,5,2029,5,5,50
2168,224,3,368,7,2036,2,2,70
2169,224,3,369,5,2041,1,0,50
2170,224,3,370,8,2049,2,2,80
2171,224,3,371,8,2057,3,3,80
2172,224,3,372,9,2066,2,2,90
2173,224,3,373,3,2069,4,4,30
2174,224,3,374,3,2072,0,0,30
2175,224,3,375,7,2079,3,2,70
2176,224,3,376,9,2088,6,2,90
2177,224,3,377,8,2096,8,8,80
2178,224,3,378,4,2100,1,1,40
2179,224,3,379,5,2105,0,0,50
2180,224,3,380,6,2111,2,2,60
2181,224,3,381,8,2119,3,3,80
2182,224,3,382,7,2126,5,4,70
2183,224,3,383,9,2135,2,0,90
2184,224,3,384,3,2138,2,1,30
2185,224,3,385,9,2147,8,6,90
2186,224,3,386,8,2155,8,6,80
2187,224,3,387,2,2157,2,1,20
2188,224,3,388,3,2160,4,1,30
2189,224,3,389,9,2169,11,11,90
2190,224,3,390,8,2177,3,3,80
2191,224,3,391,5,2182,5,5,50
2192,224,3,392,3,2185,3,2,30
2193,224,3,393,5,2190,2,0,50
2194,224,3,394,4,2194,3,3,40
2195,224,3,395,6,2200,4,4,60
2196,224,3,396,6,2206,2,1,60
2197,224,3,397,9,2215,7,3,90
2198,224,3,398,7,2222,9,6,70
2199,224,3,399,5,2227,5,5,50
2200,224,3,400,6,2233,1,1,60
2201,224,3,401,5,2238,4,4,50
2202,224,3,402,2,2240,0,0,20
2203,224,3,403,9,2249,5,5,90
2204,224,3,404,5,2254,1,1,50
2205,224,3,405,4,2258,2,2,40
2206,224,3,406,5,2263,1,0,50
2207,224,3,407,8,2271,6,6,80
2208,224,3,408,5,2276,2,2,50
2209,224,3,409,8,2284,6,4,80
2210,224,3,410,8,2292,5,5,80
2211,224,3,411,8,2300,6,6,80
2212,224,3,412,3,2303,4,3,30
2213,224,3,413,6,2309,3,3,60
2214,224,3,414,9,2318,7,7,90
2215,224,3,415,6,2324,1,1,60
2216,224,3,416,5,2329,3,3,50
2217,224,3,417,3,2332,0,0,30
2218,224,3,418,8,2340,4,2,80
2219,224,3,419,3,2343,4,4,30
2220,224,3,420,6,2349,1,0,60
2221,224,3,421,5,2354,5,5,50
2222,224,3,422,2,2356,3,3,20
2223,224,3,423,2,2358,3,3,20
2224,224,3,424,5,2363,3,1,50
2225,224,3,425,6,2369,9,6,60
2226,224,3,426,8,2377,6,3,80
2227,224,3,427,7,2384,6,6,70
2228,224,3,428,4,2388,0,0,40
2229,224,3,429,9,2397,2,2,90
2230,224,3,430,3,2400,1,1,30
2231,224,3,431,3,2403,2,2,30
2232,224,3,432,2,2405,1,0,20
2233,224,3,433,4,2409,3,2,40
2234,224,3,434,8,2417,6,6,80
2235,224,3,435,2,2419,1,1,20
2236,224,3,436,6,2425,7,5,60
2237,224,3,437,4,2429,3,2,40
2238,224,3,438,8,2437,3,3,80
2239,224,3,439,3,2440,3,3,30
2240,224,3,440,7,2447,0,0,70
2241,224,3,441,7,2454,6,5,70
2242,224,3,442,3,2457,3,3,30
2243,224,3,443,7,2464,3,2,70
2244,224,3,444,3,2467,2,2,30
2245,224,3,445,8,2475,6,6,80
2246,224,3,446,7,2482,6,6,70
2247,224,3,447,9,2491,4,3,90
2248,224,3,448,6,2497,6,6,60
2249,224,3,449,8,2505,3,3,80
2250,224,3,450,9,2514,4,3,90
2251,224,3,451,2,2516,2,2,20
2252,224,3,452,7,2523,3,3,70
2253,224,3,453,5,2528,3,3,50
2254,224,3,454,9,2537,4,4,90
2255,224,3,455,6,2543,2,2,60
2256,224,3,456,9,2552,3,3,90
2257,224,3,457,8,2560,5,2,80
2258,224,3,458,2,2562,5,5,20
2259,224,3,459,5,2567,6,6,50
2260,224,3,460,4,2571,2,2,40
2261,224,3,461,4,2575,1,0,40
2262,224,3,462,9,2584,6,6,90
2263,224,3,463,6,2590,3,2,60
2264,224,3,464,4,2594,3,2,40
2265,224,3,465,3,2597,2,2,30
2266,224,3,466,8,2605,1,0,80
2267,224,3,467,2,2607,1,1,20
2268,224,3,468,8,2615,2,1,80
2269,224,3,469,2,2617,3,2,20
2270,224,3,470,2,2619,1,0,20
2271,224,3,471,5,2624,4,4,50
2272,224,3,472,7,2631,5,5,70
2273,224,3,473,4,2635,3,3,40
2274,224,3,474,7,2642,2,2,70
2275,224,3,475,5,2647,0,0,50
2276,224,3,476,3,2650,2,2,30
2277,224,3,477,4,2654,2,1,40
2278,224,3,478,2,2656,3,3,20
2279,224,3,479,5,2661,0,0,50
2280,224,3,480,8,2669,3,2,80
2281,224,3,481,7,2676,4,4,70
2282,224,3,482,7,2683,2,2,70
2283,224,3,483,8,2691,3,2,80
2284,224,3,484,8,2699,9,8,80
2285,224,3,485,3,2702,2,2,30
2286,224,3,486,8,2710,4,1,80
2287,224,3,487,4,2714,8,8,40
2288,224,3,488,8,2722,5,5,80
2289,224,3,489,8,2730,2,1,80
2290,224,3,490,7,2737,4,1,70
2291,224,3,491,7,2744,10,10,70
2292,224,3,492,5,2749,0,0,50
2293,224,3,493,3,2752,0,0,30
2294,224,3,494,9,2761,2,2,90
2295,224,3,495,2,2763,0,0,20
2296,224,3,496,5,2768,5,3,50
2297,224,3,497,8,2776,5,4,80
2298,224,3,498,5,2781,6,6,50
2299,224,3,499,3,2784,4,4,30
2300,224,3,500,3,2787,1,1,30
2301,224,3,501,6,2793,4,4,60
2302,224,3,502,7,2800,2,1,70
2303,224,3,503,8,2808,4,4,80
2304,224,3,504,9,2817,3,2,90
2305,224,3,505,6,2823,6,6,60
2306,224,3,506,3,2826,1,0,30
2307,224,3,507,5,2831,2,2,50
2308,224,3,508,9,2840,3,2,90
2309,224,3,509,9,2849,5,2,90
2310,224,3,510,5,2854,4,4,50
2311,224,3,511,9,2863,4,4,90
2312,224,3,512,5,2868,5,5,50
2313,224,3,513,8,2876,5,5,80
2314,224,3,514,7,2883,3,0,70
2315,224,3,515,8,2891,8,8,80
2316,224,3,516,5,2896,3,3,50
2317,224,3,517,7,2903,2,1,70
2318,224,3,518,6,2909,5,5,60
2319,224,3,519,7,2916,5,5,70
2320,224,3,520,3,2919,0,0,30
2321,224,3,521,7,2926,1,1,70
2322,224,3,522,5,2931,5,5,50
2323,224,3,523,6,2937,2,2,60
2324,224,3,524,5,2942,2,0,50
2325,224,3,525,9,2951,6,6,90
2326,224,3,526,6,2957,3,3,60
2327,224,3,527,6,2963,3,1,60
2328,224,3,528,5,2968,3,1,50
2329,224,3,529,8,2976,8,8,80
2330,224,3,530,5,2981,1,0,50
2331,224,3,531,4,2985,3,1,40
2332,224,3,532,3,2988,2,2,30
2333,224,3,533,8,2996,7,7,80
2334,224,3,534,7,3003,4,4,70
2335,224,3,535,3,3006,1,0,30
2336,224,3,536,5,3011,1,1,50
2337,224,3,537,6,3017,5,5,60
2338,224,3,538,3,3020,3,3,30
2339,224,3,539,3,3023,1,0,30
2340,224,3,540,9,3032,7,7,90
2341,224,3,541,9,3041,3,3,90
2342,224,3,542,2,3043,0,0,20
2343,224,3,543,8,3051,9,9,80
2344,224,3,544,7,3058,3,3,70
2345,224,3,545,2,3060,3,3,20
2346,224,3,546,9,3069,1,1,90
2347,224,3,547,9,3078,7,7,90
2348,224,3,548,8,3086,3,3,80
2349,224,3,549,8,3094,2,1,80
2350,224,3,550,3,3097,2,1,30
2351,224,3,551,2,3099,3,3,20
2352,224,3,552,9,3108,5,5,90
2353,224,3,553,5,3113,5,1,50
2354,224,3,554,6,3119,7,5,60
2355,224,3,555,3,3122,2,1,30
2356,224,3,556,5,3127,6,5,50
2357,224,3,557,7,3134,7,7,70
2358,224,3,558,3,3137,1,1,30
2359,224,3,559,3,3140,1,0,30
2360,224,3,560,2,3142,4,3,20
2361,224,3,561,8,3150,7,4,80
2362,224,3,562,3,3153,3,1,30
2363,224,3,563,6,3159,4,3,60
2364,224,3,564,9,3168,7,7,90
2365,224,3,565,4,3172,2,2,40
2366,224,3,566,9,3181,3,3,90
2367,224,3,567,2,3183,3,3,20
2368,224,3,568,2,3185,3,3,20
2369,224,3,569,9,3194,2,0,90
2370,224,3,570,8,3202,4,4,80
2371,224,3,571,4,3206,2,1,40
2372,224,3,572,8,3214,8,6,80
2373,224,3,573,3,3217,2,1,30
2374,224,3,574,3,3220,3,1,30
2375,224,3,575,3,3223,3,3,30
2376,224,3,576,4,3227,3,3,40
2377,224,3,577,8,3235,6,4,80
2378,224,3,578,2,3237,3,3,20
2379,224,3,579,9,3246,5,4,90
2380,224,3,580,9,3255,3,3,90
2381,224,3,581,8,3263,2,0,80
2382,224,3,582,4,3267,5,4,40
2383,224,3,583,7,3274,4,4,70
2384,224,3,584,3,3277,2,2,30
2385,224,3,585,3,3280,0,0,30
2386,224,3,586,3,3283,4,1,30
2387,224,3,587,9,3292,11,8,90
2388,224,3,588,6,3298,5,3,60
2389,224,3,589,7,3305,10,8,70
2390,224,3,590,5,3310,4,4,50
2391,224,3,591,6,3316,2,1,60
2392,224,3,592,5,3321,4,4,50
2393,224,3,593,5,3326,4,4,50
2394,224,3,594,4,3330,4,4,40
2395,224,3,595,3,3333,0,0,30
2396,224,3,596,4,3337,1,0,40
2397,224,3,597,5,3342,4,4,50
2398,224,3,598,8,3350,1,0,80
2399,224,3,599,7,3357,5,5,70
2400,224,3,600,4,3361,1,1,40
2401,224,3,601,5,3366,4,4,50
2402,224,3,602,7,3373,3,3,70
2403,224,3,603,6,3379,4,4,60
2404,224,3,604,5,3384,6,6,50
2405,224,3,605,7,3391,4,2,70
2406,224,3,606,5,3396,6,6,50
2407,224,3,607,5,3401,1,1,50
2408,224,3,608,6,3407,2,0,60
2409,224,3,609,8,3415,7,7,80
2410,224,3,610,4,3419,2,0,40
2411,224,3,611,3,3422,2,1,30
2412,224,3,612,8,3430,1,1,80
2413,224,3,613,7,3437,4,4,70
2414,224,3,614,6,3443,4,2,60
2415,224,3,615,7,3450,6,6,70
2416,224,3,616,2,3452,1,1,20
2417,224,3,617,2,3454,0,0,20
2418,224,3,618,3,3457,0,0,30
2419,224,3,619,4,3461,1,1,40
2420,224,3,620,7,3468,4,4,70
2421,224,3,621,5,3473,4,4,50
2422,224,3,622,7,3480,2,1,70
2423,224,3,623,2,3482,2,0,20
2424,224,3,624,3,3485,4,4,30
2425,224,3,625,9,3494,9,9,90
2426,224,3,626,2,3496,0,0,20
2427,224,3,627,7,3503,3,3,70
2428,224,3,628,4,3507,0,0,40
2429,224,3,629,2,3509,2,1,20
2430,224,3,630,5,3514,2,2,50
2431,224,3,631,2,3516,2,1,20
2432,224,3,632,2,3518,2,2,20
2433,224,3,633,8,3526,4,4,80
2434,224,3,634,2,3528,1,0,20
2435,224,3,635,8,3536,7,7,80
2436,224,3,636,4,3540,1,1,40
2437,224,3,637,8,3548,5,5,80
2438,224,3,638,2,3550,1,1,20
2439,224,3,639,4,3554,2,0,40
2440,224,3,640,3,3557,4,4,30
2441,224,3,641,2,3559,1,0,20
2442,224,3,642,2,3561,5,5,20
2443,224,3,643,8,3569,5,4,80
2444,224,3,644,5,3574,4,4,50
2445,224,3,645,5,3579,3,2,50
2446,224,3,646,3,3582,4,3,30
2447,224,3,647,9,3591,4,3,90
2448,224,3,648,3,3594,4,4,30
2449,224,3,649,4,3598,2,2,40
2450,224,3,650,4,3602,1,0,40
2451,224,3,651,4,3606,4,4,40
2452,224,3,652,6,3612,2,1,60
2453,224,3,653,8,3620,4,3,80
2454,224,3,654,5,3625,3,3,50
2455,224,3,655,9,3634,1,1,90
2456,224,3,656,3,3637,1,0,30
2457,224,3,657,2,3639,1,1,20
2458,224,3,658,6,3645,2,2,60
2459,224,3,659,8,3653,6,6,80
2460,224,3,660,5,3658,3,3,50
2461,224,3,661,9,3667,6,6,90
2462,224,3,662,6,3673,6,6,60
2463,224,3,663,3,3676,2,2,30
2464,224,3,664,5,3681,3,3,50
2465,224,3,665,7,3688,4,4,70
2466,224,3,666,9,3697,2,1,90
2467,224,3,667,5,3702,3,3,50
2468,224,3,668,2,3704,0,0,20
2469,224,3,669,6,3710,1,0,60
2470,224,3,670,6,3716,4,2,60
2471,224,3,671,5,3721,3,3,50
2472,224,3,672,5,3726,6,6,50
2473,224,3,673,3,3729,2,1,30
2474,224,3,674,3,3732,1,0,30
2475,224,3,675,3,3735,2,2,30
2476,224,3,676,7,3742,4,3,70
2477,224,3,677,5,3747,1,1,50
2478,224,3,678,3,3750,3,2,30
2479,224,3,679,3,3753,2,2,30
2480,224,3,680,9,3762,3,1,90
2481,224,3,681,3,3765,3,3,30
2482,224,3,682,3,3768,1,0,30
2483,224,3,683,5,3773,3,2,50
2484,224,3,684,9,3782,3,3,90
2485,224,3,685,4,3786,4,4,40
2486,224,3,686,9,3795,4,4,90
2487,224,3,687,5,3800,0,0,50
2488,224,3,688,4,3804,1,1,40
2489,224,3,689,8,3812,5,5,80
2490,224,3,690,9,3821,4,4,90
2491,224,3,691,7,3828,4,1,70
2492,224,3,692,9,3837,10,8,90
2493,224,3,693,3,3840,4,3,30
2494,224,3,694,9,3849,4,4,90
2495,224,3,695,7,3856,0,0,70
2496,224,3,696,4,3860,2,2,40
2497,224,3,697,7,3867,3,3,70
2498,224,3,698,7,3874,2,0,70
2499,224,3,699,8,3882,6,6,80
2500,224,3,700,8,3890,8,8,80
2501,224,3,701,5,3895,1,0,50
2502,224,3,702,6,3901,4,1,60
2503,224,3,703,4,3905,3,3,40
2504,224,3,704,4,3909,1,1,40
2505,224,3,705,5,3914,1,0,50
2506,224,3,706,8,3922,5,5,80
2507,224,3,707,7,3929,5,3,70
2508,224,3,708,3,3932,4,2,30
2509,224,3,709,9,3941,8,8,90
2510,224,3,710,4,3945,1,1,40
2511,224,3,711,9,3954,3,2,90
2512,224,3,712,6,3960,5,5,60
2513,224,3,713,2,3962,2,2,20
2514,224,3,714,3,3965,1,1,30
2515,224,3,715,3,3968,1,0,30
2516,224,3,716,8,3976,2,1,80
2517,224,3,717,9,3985,6,4,90
2518,224,3,718,2,3987,5,5,20
2519,224,3,719,5,3992,3,3,50
2520,224,3,720,5,3997,3,1,50
2521,224,3,721,4,4001,2,1,40
2522,224,3,722,7,4008,4,4,70
2523,224,3,723,2,4010,1,0,20
2524,224,3,724,7,4017,6,4,70
2525,224,3,725,4,4021,5,4,40
2526,224,3,726,3,4024,1,0,30
2527,224,3,727,6,4030,7,4,60
2528,224,3,728,4,4034,5,5,40
2529,224,3,729,2,4036,1,0,20
2530,224,3,730,4,4040,3,3,40
2531,224,3,731,9,4049,3,3,90
2532,224,3,732,9,4058,7,4,90
2533,224,3,733,4,4062,4,4,40
2534,224,3,734,6,4068,5,3,60
2535,224,3,735,3,4071,3,3,30
2536,224,3,736,8,4079,3,3,80
2537,224,3,737,9,4088,7,7,90
2538,224,3,738,6,4094,2,2,60
2539,224,3,739,3,4097,3,3,30
2540,224,3,740,5,4102,2,2,50
2541,224,3,741,2,4104,3,3,20
2542,224,3,742,3,4107,3,3,30
2543,224,3,743,5,4112,6,6,50
2544,224,3,744,7,4119,5,3,70
2545,224,3,745,8,4127,5,5,80
2546,224,3,746,6,4133,7,6,60
2547,224,3,747,8,4141,8,8,80
2548,224,3,748,2,4143,1,1,20
2549,224,3,749,2,4145,1,1,20
2550,224,3,750,5,4150,1,0,50
2551,224,3,751,3,4153,2,2,30
2552,224,3,752,7,4160,4,4,70
2553,224,3,753,9,4169,2,0,90
2554,224,3,754,5,4174,3,3,50
2555,224,3,755,9,4183,6,5,90
2556,224,3,756,2,4185,2,2,20
2557,224,3,757,9,4194,6,5,90
2558,224,3,758,9,4203,7,5,90
2559,224,3,759,4,4207,4,4,40
2560,224,3,760,6,4213,3,3,60
2561,224,3,761,3,4216,1,0,30
2562,224,3,762,6,4222,3,3,60
2563,224,3,763,3,4225,0,0,30
2564,224,3,764,2,4227,1,0,20
2565,224,3,765,2,4229,1,1,20
2566,224,3,766,7,4236,3,3,70
2567,224,3,767,2,4238,1,0,20
2568,224,3,768,5,4243,3,3,50
2569,224,3,769,9,4252,4,4,90
2570,224,3,770,3,4255,2,2,30
2571,224,3,771,8,4263,4,4,80
2572,224,3,772,6,4269,2,0,60
2573,224,3,773,6,4275,5,3,60
2574,224,3,774,5,4280,4,4,50
2575,224,3,775,4,4284,2,0,40
2576,224,3,776,8,4292,10,5,80
2577,224,3,777,2,4294,7,7,20
2578,224,3,778,7,4301,5,4,70
2579,224,3,779,4,4305,2,2,40
2580,224,3,780,8,4313,2,2,80
2581,224,3,781,3,4316,2,2,30
2582,224,3,782,8,4324,4,4,80
2583,224,3,783,4,4328,3,2,40
2584,224,3,784,9,4337,3,2,90
2585,224,3,785,4,4341,3,1,40
2586,224,3,786,6,4347,6,6,60
2587,224,3,787,3,4350,1,1,30
2588,224,3,788,9,4359,5,3,90
2589,224,3,789,5,4364,5,5,50
2590,224,3,790,4,4368,1,1,40
2591,224,3,791,5,4373,1,1,50
2592,224,3,792,6,4379,2,1,60
2593,224,3,793,5,4384,3,3,50
2594,224,3,794,3,4387,2,2,30
2595,224,3,795,9,4396,2,2,90
2596,224,3,796,7,4403,4,4,70
2597,224,3,797,8,4411,2,2,80
2598,224,3,798,6,4417,4,4,60
2599,224,3,799,2,4419,0,0,20
2600,224,3,800,8,4427,1,1,80
2601,224,3,801,8,4435,5,2,80
2602,224,3,802,2,4437,5,5,20
2603,224,3,803,2,4439,0,0,20
2604,224,3,804,3,4442,3,3,30
2605,224,3,805,2,4444,3,1,20
2606,224,3,806,7,4451,4,1,70
2607,224,3,807,8,4459,8,8,80
2608,224,3,808,6,4465,6,6,60
2609,224,3,809,8,4473,1,0,80
2610,224,3,810,2,4475,4,3,20
2611,224,3,811,7,4482,3,3,70
2612,224,3,812,3,4485,0,0,30
2613,224,3,813,5,4490,4,4,50
2614,224,3,814,9,4499,4,4,90
2615,224,3,815,7,4506,4,4,70
2616,224,3,816,8,4514,4,3,80
2617,224,3,817,8,4522,7,4,80
2618,224,3,818,7,4529,5,5,70
2619,224,3,819,2,4531,4,3,20
2620,224,3,820,9,4540,4,4,90
2621,224,3,821,2,4542,0,0,20
2622,224,3,822,4,4546,3,3,40
2623,224,3,823,7,4553,3,3,70
2624,224,3,824,7,4560,2,2,70
2625,224,3,825,5,4565,5,4,50
2626,224,3,826,2,4567,1,1,20
2627,224,3,827,9,4576,2,1,90
2628,224,3,828,7,4583,6,6,70
2629,224,3,829,5,4588,2,2,50
2630,224,3,830,7,4595,4,4,70
2631,224,3,831,6,4601,5,4,60
2632,224,3,832,9,4610,9,9,90
2633,224,3,833,5,4615,1,0,50
2634,224,3,834,3,4618,5,5,30
2635,224,3,835,2,4620,0,0,20
2636,224,3,836,4,4624,2,2,40
2637,224,3,837,3,4627,1,1,30
2638,224,3,838,9,4636,4,3,90
2639,224,3,839,4,4640,3,3,40
2640,224,3,840,9,4649,6,6,90
2641,224,3,841,6,4655,4,0,60
2642,224,3,842,3,4658,6,6,30
2643,224,3,843,2,4660,3,2,20
2644,224,3,844,6,4666,1,0,60
2645,224,3,845,6,4672,8,8,60
2646,224,3,846,7,4679,3,1,70
2647,224,3,847,8,4687,5,4,80
2648,224,3,848,4,4691,4,2,40
2649,224,3,849,8,4699,10,10,80
2650,224,3,850,5,4704,3,1,50
2651,224,3,851,5,4709,5,5,50
2652,224,3,852,8,4717,2,2,80
2653,224,3,853,8,4725,8,8,80
2654,224,3,854,5,4730,4,4,50
2655,224,3,855,5,4735,3,3,50
2656,224,3,856,3,4738,2,2,30
2657,224,3,857,4,4742,3,2,40
2658,224,3,858,8,4750,5,5,80
2659,224,3,859,6,4756,3,3,60
2660,224,3,860,3,4759,0,0,30
2661,224,3,861,3,4762,2,2,30
2662,224,3,862,4,4766,3,3,40
2663,224,3,863,4,4770,3,3,40
2664,224,3,864,8,4778,6,6,80
2665,224,3,865,4,4782,3,3,40
2666,224,3,866,3,4785,3,1,30
2667,224,3,867,2,4787,3,2,20
2668,224,3,868,8,4795,2,1,80
2669,224,3,869,5,4800,3,3,50
2670,224,3,870,8,4808,5,5,80
2671,224,3,871,9,4817,4,4,90
2672,224,3,872,5,4822,2,2,50
2673,224,3,873,4,4826,3,0,40
2674,224,3,874,6,4832,7,7,60
2675,224,3,875,4,4836,3,2,40
2676,224,3,876,2,4838,1,1,20
2677,224,3,877,2,4840,1,1,20
2678,224,3,878,6,4846,3,3,60
2679,224,3,879,9,4855,4,4,90
2680,224,3,880,8,4863,4,2,80
2681,224,3,881,2,4865,3,2,20
2682,224,3,882,2,4867,2,2,20
2683,224,3,883,6,4873,2,2,60
2684,224,3,884,5,4878,1,1,50
2685,224,3,885,4,4882,3,3,40
2686,224,3,886,9,4891,5,5,90
2687,224,3,887,9,4900,5,4,90
2688,224,3,888,2,4902,2,2,20
2689,224,3,889,7,4909,0,0,70
2690,224,3,890,6,4915,3,3,60
2691,224,3,891,5,4920,1,1,50
2692,224,3,892,5,4925,2,1,50
2693,224,3,893,3,4928,3,3,30
2694,224,3,894,5,4933,1,1,50
2695,224,3,895,2,4935,0,0,20
2696,224,3,896,7,4942,5,2,70
2697,224,3,897,3,4945,5,5,30
2698,224,3,898,2,4947,0,0,20
2699,224,3,899,7,4954,9,8,70
2700,224,3,900,5,4959,3,2,50
2701,224,3,901,6,4965,2,2,60
2702,224,3,902,3,4968,0,0,30
2703,224,3,903,6,4974,0,0,60
2704,224,3,904,3,4977,0,0,30
2705,224,3,905,4,4981,3,3,40
2706,224,3,906,8,4989,2,2,80
2707,224,3,907,2,4991,2,2,20
2708,224,3,908,6,4997,2,1,60
