,Scenario,Trial,Inspection,Interval,Time,Accumulation,Defects,Rate
0,257,1,1,2,2,1,1,20
1,257,1,2,6,8,4,4,60
2,257,1,3,5,13,5,5,50
3,257,1,4,3,16,1,0,30
4,257,1,5,2,18,1,1,20
5,257,1,6,7,25,1,0,70
6,257,1,7,2,27,1,1,20
7,257,1,8,5,32,5,1,50
8,257,1,9,4,36,6,5,40
9,257,1,10,4,40,1,0,40
10,257,1,11,5,45,3,3,50
11,257,1,12,9,54,5,5,90
12,257,1,13,4,58,2,2,40
13,257,1,14,5,63,3,3,50
14,257,1,15,3,66,1,1,30
15,257,1,16,8,74,4,4,80
16,257,1,17,8,82,3,3,80
17,257,1,18,4,86,2,2,40
18,257,1,19,4,90,1,1,40
19,257,1,20,6,96,4,4,60
20,257,1,21,5,101,1,1,50
21,257,1,22,9,110,6,6,90
22,257,1,23,8,118,5,5,80
23,257,1,24,6,124,3,2,60
24,257,1,25,5,129,5,5,50
25,257,1,26,5,134,3,3,50
26,257,1,27,9,143,2,2,90
27,257,1,28,4,147,5,5,40
28,257,1,29,2,149,1,1,20
29,257,1,30,3,152,2,0,30
30,257,1,31,9,161,7,7,90
31,257,1,32,6,167,4,1,60
32,257,1,33,2,169,3,1,20
33,257,1,34,2,171,3,1,20
34,257,1,35,5,176,5,3,50
35,257,1,36,9,185,4,1,90
36,257,1,37,6,191,7,3,60
37,257,1,38,5,196,7,7,50
38,257,1,39,9,205,1,1,90
39,257,1,40,8,213,8,8,80
40,257,1,41,2,215,0,0,20
41,257,1,42,6,221,6,6,60
42,257,1,43,4,225,3,3,40
43,257,1,44,7,232,5,0,70
44,257,1,45,4,236,6,6,40
45,257,1,46,3,239,2,0,30
46,257,1,47,6,245,3,3,60
47,257,1,48,6,251,1,1,60
48,257,1,49,4,255,3,3,40
49,257,1,50,7,262,8,8,70
50,257,1,51,7,269,4,4,70
51,257,1,52,8,277,2,2,80
52,257,1,53,8,285,6,6,80
53,257,1,54,2,287,1,1,20
54,257,1,55,7,294,6,6,70
55,257,1,56,6,300,3,1,60
56,257,1,57,9,309,8,8,90
57,257,1,58,3,312,1,1,30
58,257,1,59,8,320,4,2,80
59,257,1,60,8,328,4,4,80
60,257,1,61,4,332,3,3,40
61,257,1,62,3,335,4,4,30
62,257,1,63,2,337,1,1,20
63,257,1,64,7,344,3,3,70
64,257,1,65,6,350,2,2,60
65,257,1,66,3,353,0,0,30
66,257,1,67,9,362,3,3,90
67,257,1,68,5,367,2,0,50
68,257,1,69,5,372,5,3,50
69,257,1,70,2,374,4,0,20
70,257,1,71,6,380,6,1,60
71,257,1,72,4,384,7,7,40
72,257,1,73,8,392,5,5,80
73,257,1,74,9,401,2,2,90
74,257,1,75,8,409,4,1,80
75,257,1,76,2,411,5,5,20
76,257,1,77,4,415,2,2,40
77,257,1,78,6,421,2,2,60
78,257,1,79,4,425,1,1,40
79,257,1,80,6,431,3,3,60
80,257,1,81,8,439,7,7,80
81,257,1,82,7,446,0,0,70
82,257,1,83,6,452,4,4,60
83,257,1,84,5,457,4,4,50
84,257,1,85,6,463,6,6,60
85,257,1,86,6,469,2,2,60
86,257,1,87,6,475,3,1,60
87,257,1,88,3,478,3,0,30
88,257,1,89,9,487,7,7,90
89,257,1,90,4,491,2,2,40
90,257,1,91,5,496,2,1,50
91,257,1,92,6,502,6,2,60
92,257,1,93,9,511,8,2,90
93,257,1,94,4,515,7,3,40
94,257,1,95,7,522,9,9,70
95,257,1,96,3,525,0,0,30
96,257,1,97,8,533,4,0,80
97,257,1,98,5,538,8,8,50
98,257,1,99,2,540,0,0,20
99,257,1,100,8,548,4,1,80
100,257,1,101,3,551,4,4,30
101,257,1,102,9,560,2,2,90
102,257,1,103,5,565,1,0,50
103,257,1,104,3,568,3,3,30
104,257,1,105,6,574,6,3,60
105,257,1,106,4,578,3,2,40
106,257,1,107,4,582,4,4,40
107,257,1,108,2,584,1,0,20
108,257,1,109,2,586,2,1,20
109,257,1,110,5,591,5,4,50
110,257,1,111,4,595,4,4,40
111,257,1,112,2,597,1,0,20
112,257,1,113,2,599,4,4,20
113,257,1,114,2,601,0,0,20
114,257,1,115,6,607,2,2,60
115,257,1,116,5,612,3,3,50
116,257,1,117,2,614,3,3,20
117,257,1,118,5,619,2,2,50
118,257,1,119,6,625,4,4,60
119,257,1,120,6,631,2,2,60
120,257,1,121,2,633,0,0,20
121,257,1,122,7,640,3,3,70
122,257,1,123,5,645,2,0,50
123,257,1,124,2,647,4,4,20
124,257,1,125,9,656,2,2,90
125,257,1,126,3,659,1,1,30
126,257,1,127,8,667,4,4,80
127,257,1,128,2,669,0,0,20
128,257,1,129,7,676,4,4,70
129,257,1,130,3,679,1,0,30
130,257,1,131,6,685,3,0,60
131,257,1,132,8,693,5,3,80
132,257,1,133,7,700,3,3,70
133,257,1,134,8,708,4,4,80
134,257,1,135,2,710,0,0,20
135,257,1,136,6,716,6,6,60
136,257,1,137,6,722,1,1,60
137,257,1,138,3,725,4,4,30
138,257,1,139,3,728,1,1,30
139,257,1,140,7,735,3,2,70
140,257,1,141,7,742,5,5,70
141,257,1,142,4,746,2,1,40
142,257,1,143,5,751,2,2,50
143,257,1,144,5,756,3,3,50
144,257,1,145,8,764,1,1,80
145,257,1,146,6,770,1,1,60
146,257,1,147,2,772,1,1,20
147,257,1,148,2,774,3,3,20
148,257,1,149,7,781,5,5,70
149,257,1,150,8,789,6,6,80
150,257,1,151,3,792,4,2,30
151,257,1,152,4,796,3,3,40
152,257,1,153,8,804,5,5,80
153,257,1,154,5,809,0,0,50
154,257,1,155,9,818,3,3,90
155,257,1,156,2,820,3,3,20
156,257,1,157,6,826,5,2,60
157,257,1,158,3,829,6,6,30
158,257,1,159,4,833,1,1,40
159,257,1,160,6,839,2,2,60
160,257,1,161,2,841,0,0,20
161,257,1,162,9,850,5,5,90
162,257,1,163,3,853,1,1,30
163,257,1,164,3,856,1,1,30
164,257,1,165,4,860,2,0,40
165,257,1,166,7,867,5,5,70
166,257,1,167,9,876,3,3,90
167,257,1,168,9,885,3,3,90
168,257,1,169,7,892,6,6,70
169,257,1,170,4,896,2,2,40
170,257,1,171,2,898,0,0,20
171,257,1,172,8,906,4,2,80
172,257,1,173,7,913,9,9,70
173,257,1,174,8,921,2,2,80
174,257,1,175,6,927,1,1,60
175,257,1,176,5,932,4,4,50
176,257,1,177,3,935,1,0,30
177,257,1,178,9,944,4,4,90
178,257,1,179,3,947,1,1,30
179,257,1,180,8,955,0,0,80
180,257,1,181,2,957,0,0,20
181,257,1,182,2,959,0,0,20
182,257,1,183,2,961,1,0,20
183,257,1,184,7,968,3,3,70
184,257,1,185,6,974,2,2,60
185,257,1,186,4,978,2,2,40
186,257,1,187,2,980,1,0,20
187,257,1,188,3,983,2,2,30
188,257,1,189,9,992,4,4,90
189,257,1,190,7,999,3,1,70
190,257,1,191,3,1002,4,1,30
191,257,1,192,9,1011,10,3,90
192,257,1,193,3,1014,10,10,30
193,257,1,194,3,1017,0,0,30
194,257,1,195,9,1026,6,0,90
195,257,1,196,7,1033,10,3,70
196,257,1,197,4,1037,9,9,40
197,257,1,198,9,1046,4,4,90
198,257,1,199,6,1052,3,3,60
199,257,1,200,8,1060,4,4,80
200,257,1,201,2,1062,1,0,20
201,257,1,202,3,1065,3,1,30
202,257,1,203,5,1070,4,4,50
203,257,1,204,7,1077,4,0,70
204,257,1,205,5,1082,7,7,50
205,257,1,206,5,1087,2,2,50
206,257,1,207,7,1094,3,1,70
207,257,1,208,4,1098,5,5,40
208,257,1,209,2,1100,1,0,20
209,257,1,210,3,1103,3,2,30
210,257,1,211,5,1108,3,3,50
211,257,1,212,2,1110,4,3,20
212,257,1,213,3,1113,2,2,30
213,257,1,214,3,1116,1,1,30
214,257,1,215,7,1123,5,5,70
215,257,1,216,3,1126,4,4,30
216,257,1,217,5,1131,1,1,50
217,257,1,218,6,1137,5,5,60
218,257,1,219,3,1140,5,5,30
219,257,1,220,9,1149,9,6,90
220,257,1,221,6,1155,7,7,60
221,257,1,222,8,1163,1,1,80
222,257,1,223,8,1171,3,3,80
223,257,1,224,9,1180,6,3,90
224,257,1,225,6,1186,7,7,60
225,257,1,226,9,1195,4,4,90
226,257,1,227,7,1202,3,3,70
227,257,1,228,5,1207,1,1,50
228,257,1,229,4,1211,2,2,40
229,257,1,230,7,1218,4,4,70
230,257,1,231,5,1223,0,0,50
231,257,1,232,7,1230,3,3,70
232,257,1,233,3,1233,1,1,30
233,257,1,234,6,1239,3,3,60
234,257,1,235,6,1245,2,2,60
235,257,1,236,5,1250,3,3,50
236,257,1,237,6,1256,3,3,60
237,257,1,238,4,1260,7,7,40
238,257,1,239,5,1265,2,2,50
239,257,1,240,6,1271,2,2,60
240,257,1,241,8,1279,7,7,80
241,257,1,242,9,1288,1,1,90
242,257,1,243,3,1291,0,0,30
243,257,1,244,6,1297,4,1,60
244,257,1,245,6,1303,6,6,60
245,257,1,246,4,1307,2,1,40
246,257,1,247,4,1311,3,3,40
247,257,1,248,5,1316,5,5,50
248,257,1,249,6,1322,1,1,60
249,257,1,250,4,1326,0,0,40
250,257,1,251,2,1328,0,0,20
251,257,1,252,9,1337,4,4,90
252,257,1,253,3,1340,2,2,30
253,257,1,254,5,1345,1,1,50
254,257,1,255,3,1348,0,0,30
255,257,1,256,2,1350,2,2,20
256,257,1,257,3,1353,0,0,30
257,257,1,258,5,1358,2,2,50
258,257,1,259,2,1360,1,0,20
259,257,1,260,2,1362,1,1,20
260,257,1,261,5,1367,3,3,50
261,257,1,262,7,1374,1,0,70
262,257,1,263,5,1379,4,4,50
263,257,1,264,3,1382,3,3,30
264,257,1,265,8,1390,1,0,80
265,257,1,266,6,1396,4,4,60
266,257,1,267,8,1404,4,4,80
267,257,1,268,2,1406,0,0,20
268,257,1,269,2,1408,0,0,20
269,257,1,270,5,1413,1,0,50
270,257,1,271,4,1417,4,4,40
271,257,1,272,2,1419,0,0,20
272,257,1,273,7,1426,0,0,70
273,257,1,274,3,1429,2,2,30
274,257,1,275,7,1436,1,1,70
275,257,1,276,9,1445,5,5,90
276,257,1,277,5,1450,0,0,50
277,257,1,278,4,1454,1,0,40
278,257,1,279,4,1458,5,5,40
279,257,1,280,3,1461,0,0,30
280,257,1,281,2,1463,2,1,20
281,257,1,282,6,1469,3,1,60
282,257,1,283,7,1476,11,2,70
283,257,1,284,8,1484,15,6,80
284,257,1,285,7,1491,14,7,70
285,257,1,286,3,1494,9,9,30
286,257,1,287,7,1501,4,4,70
287,257,1,288,4,1505,1,0,40
288,257,1,289,4,1509,5,2,40
289,257,1,290,2,1511,4,4,20
290,257,1,291,4,1515,0,0,40
291,257,1,292,5,1520,1,0,50
292,257,1,293,7,1527,5,5,70
293,257,1,294,5,1532,4,4,50
294,257,1,295,4,1536,5,5,40
295,257,1,296,6,1542,3,2,60
296,257,1,297,8,1550,8,2,80
297,257,1,298,4,1554,8,8,40
298,257,1,299,6,1560,5,5,60
299,257,1,300,9,1569,4,4,90
300,257,1,301,7,1576,3,3,70
301,257,1,302,8,1584,3,1,80
302,257,1,303,4,1588,3,3,40
303,257,1,304,5,1593,0,0,50
304,257,1,305,2,1595,0,0,20
305,257,1,306,9,1604,8,8,90
306,257,1,307,5,1609,2,2,50
307,257,1,308,2,1611,0,0,20
308,257,1,309,4,1615,0,0,40
309,257,1,310,2,1617,0,0,20
310,257,1,311,9,1626,4,4,90
311,257,1,312,7,1633,6,6,70
312,257,1,313,5,1638,3,3,50
313,257,1,314,4,1642,3,3,40
314,257,1,315,9,1651,3,3,90
315,257,1,316,3,1654,1,1,30
316,257,1,317,6,1660,2,1,60
317,257,1,318,5,1665,6,2,50
318,257,1,319,5,1670,5,5,50
319,257,1,320,7,1677,2,2,70
320,257,1,321,4,1681,0,0,40
321,257,1,322,9,1690,3,0,90
322,257,1,323,3,1693,4,4,30
323,257,1,324,2,1695,1,1,20
324,257,1,325,3,1698,1,1,30
325,257,1,326,5,1703,2,0,50
326,257,1,327,3,1706,4,4,30
327,257,1,328,4,1710,2,2,40
328,257,1,329,5,1715,0,0,50
329,257,1,330,4,1719,4,4,40
330,257,1,331,3,1722,3,1,30
331,257,1,332,5,1727,6,6,50
332,257,1,333,8,1735,1,0,80
333,257,1,334,3,1738,2,1,30
334,257,1,335,4,1742,1,1,40
335,257,1,336,7,1749,2,2,70
336,257,1,337,4,1753,5,2,40
337,257,1,338,9,1762,5,1,90
338,257,1,339,3,1765,8,2,30
339,257,1,340,7,1772,9,5,70
340,257,1,341,5,1777,5,1,50
341,257,1,342,3,1780,6,2,30
342,257,1,343,6,1786,6,6,60
343,257,1,344,3,1789,1,1,30
344,257,1,345,2,1791,0,0,20
345,257,1,346,9,1800,5,1,90
346,257,1,347,9,1809,11,6,90
347,257,1,348,6,1815,9,9,60
348,257,1,349,3,1818,0,0,30
349,257,1,350,4,1822,1,1,40
350,257,1,351,8,1830,2,2,80
351,257,1,352,6,1836,0,0,60
352,257,1,353,7,1843,2,2,70
353,257,1,354,4,1847,1,1,40
354,257,1,355,9,1856,6,6,90
355,257,1,356,9,1865,6,6,90
356,257,1,357,3,1868,2,2,30
357,257,1,358,8,1876,1,0,80
358,257,1,359,6,1882,2,2,60
359,257,1,360,3,1885,1,1,30
360,257,1,361,8,1893,4,4,80
361,257,1,362,5,1898,2,2,50
362,257,1,363,5,1903,4,4,50
363,257,1,364,7,1910,3,1,70
364,257,1,365,2,1912,2,2,20
365,257,1,366,4,1916,1,1,40
366,257,1,367,6,1922,6,5,60
367,257,1,368,6,1928,2,0,60
368,257,1,369,4,1932,5,3,40
369,257,1,370,5,1937,3,3,50
370,257,1,371,6,1943,5,5,60
371,257,1,372,2,1945,0,0,20
372,257,1,373,4,1949,2,2,40
373,257,1,374,5,1954,2,2,50
374,257,1,375,8,1962,3,3,80
375,257,1,376,3,1965,3,3,30
376,257,1,377,3,1968,0,0,30
377,257,1,378,4,1972,2,2,40
378,257,1,379,9,1981,4,2,90
379,257,1,380,6,1987,5,5,60
380,257,1,381,2,1989,2,2,20
381,257,1,382,9,1998,4,4,90
382,257,1,383,7,2005,5,5,70
383,257,1,384,6,2011,7,4,60
384,257,1,385,8,2019,6,6,80
385,257,1,386,5,2024,5,5,50
386,257,1,387,9,2033,3,3,90
387,257,1,388,3,2036,1,1,30
388,257,1,389,3,2039,0,0,30
389,257,1,390,8,2047,8,8,80
390,257,1,391,5,2052,5,5,50
391,257,1,392,7,2059,7,7,70
392,257,1,393,3,2062,1,1,30
393,257,1,394,2,2064,3,3,20
394,257,1,395,3,2067,1,0,30
395,257,1,396,5,2072,3,3,50
396,257,1,397,4,2076,0,0,40
397,257,1,398,7,2083,4,4,70
398,257,1,399,6,2089,7,7,60
399,257,1,400,7,2096,1,0,70
400,257,1,401,2,2098,2,2,20
401,257,1,402,4,2102,3,1,40
402,257,1,403,9,2111,5,5,90
403,257,1,404,9,2120,6,3,90
404,257,1,405,2,2122,5,1,20
405,257,1,406,4,2126,6,3,40
406,257,1,407,4,2130,5,5,40
407,257,1,408,7,2137,4,1,70
408,257,1,409,5,2142,8,8,50
409,257,1,410,3,2145,0,0,30
410,257,1,411,9,2154,6,6,90
411,257,1,412,2,2156,2,2,20
412,257,1,413,6,2162,4,4,60
413,257,1,414,6,2168,4,4,60
414,257,1,415,4,2172,3,3,40
415,257,1,416,6,2178,1,1,60
416,257,1,417,2,2180,0,0,20
417,257,1,418,5,2185,5,5,50
418,257,1,419,8,2193,4,4,80
419,257,1,420,8,2201,6,6,80
420,257,1,421,5,2206,2,2,50
421,257,1,422,8,2214,5,1,80
422,257,1,423,8,2222,6,6,80
423,257,1,424,3,2225,3,2,30
424,257,1,425,3,2228,2,0,30
425,257,1,426,9,2237,7,7,90
426,257,1,427,7,2244,3,3,70
427,257,1,428,3,2247,0,0,30
428,257,1,429,3,2250,5,5,30
429,257,1,430,8,2258,2,2,80
430,257,1,431,6,2264,2,0,60
431,257,1,432,9,2273,4,4,90
432,257,1,433,9,2282,3,3,90
433,257,1,434,3,2285,1,1,30
434,257,1,435,8,2293,5,5,80
435,257,1,436,3,2296,1,1,30
436,257,1,437,3,2299,1,1,30
437,257,1,438,4,2303,0,0,40
438,257,1,439,8,2311,5,5,80
439,257,1,440,9,2320,7,7,90
440,257,1,441,3,2323,2,2,30
441,257,1,442,5,2328,4,1,50
442,257,1,443,7,2335,5,5,70
443,257,1,444,6,2341,8,8,60
444,257,1,445,4,2345,0,0,40
445,257,1,446,4,2349,2,2,40
446,257,1,447,6,2355,5,1,60
447,257,1,448,2,2357,4,4,20
448,257,1,449,8,2365,2,0,80
449,257,1,450,6,2371,2,2,60
450,257,1,451,9,2380,6,6,90
451,257,1,452,4,2384,1,0,40
452,257,1,453,6,2390,1,1,60
453,257,1,454,6,2396,2,0,60
454,257,1,455,4,2400,4,1,40
455,257,1,456,6,2406,6,6,60
456,257,1,457,9,2415,3,3,90
457,257,1,458,8,2423,2,2,80
458,257,1,459,6,2429,2,1,60
459,257,1,460,5,2434,2,2,50
460,257,1,461,5,2439,3,3,50
461,257,1,462,9,2448,5,5,90
462,257,1,463,9,2457,3,3,90
463,257,1,464,4,2461,2,0,40
464,257,1,465,7,2468,3,3,70
465,257,1,466,7,2475,3,3,70
466,257,1,467,8,2483,4,4,80
467,257,1,468,6,2489,4,1,60
468,257,1,469,4,2493,6,2,40
469,257,1,470,8,2501,8,4,80
470,257,1,471,4,2505,5,5,40
471,257,1,472,9,2514,3,1,90
472,257,1,473,2,2516,2,0,20
473,257,1,474,7,2523,4,4,70
474,257,1,475,3,2526,4,4,30
475,257,1,476,6,2532,3,3,60
476,257,1,477,5,2537,4,1,50
477,257,1,478,2,2539,4,2,20
478,257,1,479,2,2541,4,4,20
479,257,1,480,8,2549,0,0,80
480,257,1,481,5,2554,1,0,50
481,257,1,482,6,2560,4,4,60
482,257,1,483,2,2562,0,0,20
483,257,1,484,9,2571,4,4,90
484,257,1,485,9,2580,2,2,90
485,257,1,486,5,2585,1,1,50
486,257,1,487,9,2594,4,2,90
487,257,1,488,9,2603,3,3,90
488,257,1,489,8,2611,5,3,80
489,257,1,490,9,2620,5,2,90
490,257,1,491,8,2628,10,10,80
491,257,1,492,2,2630,1,1,20
492,257,1,493,7,2637,3,3,70
493,257,1,494,7,2644,1,1,70
494,257,1,495,4,2648,1,1,40
495,257,1,496,2,2650,2,2,20
496,257,1,497,4,2654,3,3,40
497,257,1,498,4,2658,4,4,40
498,257,1,499,6,2664,2,2,60
499,257,1,500,6,2670,1,0,60
500,257,1,501,8,2678,6,6,80
501,257,1,502,7,2685,9,9,70
502,257,1,503,7,2692,5,5,70
503,257,1,504,2,2694,2,2,20
504,257,1,505,9,2703,7,7,90
505,257,1,506,2,2705,3,3,20
506,257,1,507,8,2713,2,2,80
507,257,1,508,9,2722,5,5,90
508,257,1,509,9,2731,8,8,90
509,257,1,510,4,2735,0,0,40
510,257,1,511,7,2742,7,7,70
511,257,1,512,4,2746,0,0,40
512,257,1,513,6,2752,2,2,60
513,257,1,514,2,2754,0,0,20
514,257,1,515,4,2758,4,4,40
515,257,1,516,9,2767,6,3,90
516,257,1,517,9,2776,8,8,90
517,257,1,518,3,2779,4,4,30
518,257,1,519,3,2782,0,0,30
519,257,1,520,9,2791,6,6,90
520,257,1,521,6,2797,3,1,60
521,257,1,522,4,2801,4,4,40
522,257,1,523,9,2810,8,8,90
523,257,1,524,4,2814,2,2,40
524,257,1,525,7,2821,7,7,70
525,257,1,526,4,2825,1,1,40
526,257,1,527,9,2834,3,3,90
527,257,1,528,2,2836,1,0,20
528,257,1,529,3,2839,3,3,30
529,257,1,530,7,2846,3,3,70
530,257,1,531,6,2852,3,3,60
531,257,1,532,7,2859,4,4,70
532,257,1,533,4,2863,2,2,40
533,257,1,534,5,2868,0,0,50
534,257,1,535,2,2870,1,0,20
535,257,1,536,5,2875,3,0,50
536,257,1,537,7,2882,6,2,70
537,257,1,538,5,2887,6,6,50
538,257,1,539,7,2894,5,2,70
539,257,1,540,9,2903,12,12,90
540,257,1,541,7,2910,3,3,70
541,257,1,542,4,2914,2,2,40
542,257,1,543,6,2920,1,1,60
543,257,1,544,2,2922,0,0,20
544,257,1,545,8,2930,4,4,80
545,257,1,546,3,2933,4,4,30
546,257,1,547,9,2942,7,2,90
547,257,1,548,5,2947,11,11,50
548,257,1,549,7,2954,5,5,70
549,257,1,550,9,2963,7,7,90
550,257,1,551,2,2965,1,1,20
551,257,1,552,2,2967,1,1,20
552,257,1,553,4,2971,3,3,40
553,257,1,554,5,2976,9,9,50
554,257,1,555,4,2980,1,1,40
555,257,1,556,8,2988,5,5,80
556,257,1,557,4,2992,0,0,40
557,257,1,558,8,3000,3,3,80
558,257,1,559,4,3004,2,1,40
559,257,1,560,7,3011,2,0,70
560,257,1,561,3,3014,7,5,30
561,257,1,562,9,3023,6,6,90
562,257,1,563,7,3030,5,2,70
563,257,1,564,8,3038,8,5,80
564,257,1,565,7,3045,7,7,70
565,257,1,566,4,3049,3,3,40
566,257,1,567,9,3058,6,3,90
567,257,1,568,2,3060,4,4,20
568,257,1,569,8,3068,3,3,80
569,257,1,570,7,3075,2,2,70
570,257,1,571,5,3080,3,3,50
571,257,1,572,7,3087,3,3,70
572,257,1,573,3,3090,1,1,30
573,257,1,574,4,3094,4,2,40
574,257,1,575,5,3099,5,5,50
575,257,1,576,2,3101,1,1,20
576,257,1,577,2,3103,0,0,20
577,257,1,578,6,3109,3,3,60
578,257,1,579,2,3111,0,0,20
579,257,1,580,5,3116,2,2,50
580,257,1,581,2,3118,3,3,20
581,257,1,582,5,3123,3,3,50
582,257,1,583,6,3129,3,1,60
583,257,1,584,8,3137,7,2,80
584,257,1,585,5,3142,8,4,50
585,257,1,586,7,3149,8,8,70
586,257,1,587,2,3151,2,2,20
587,257,1,588,7,3158,3,3,70
588,257,1,589,8,3166,3,3,80
589,257,1,590,7,3173,3,1,70
590,257,1,591,5,3178,3,3,50
591,257,1,592,3,3181,0,0,30
592,257,1,593,9,3190,3,3,90
593,257,1,594,4,3194,2,2,40
594,257,1,595,3,3197,1,0,30
595,257,1,596,9,3206,5,2,90
596,257,1,597,3,3209,4,4,30
597,257,1,598,9,3218,9,9,90
598,257,1,599,8,3226,0,0,80
599,257,1,600,3,3229,3,3,30
600,257,1,601,4,3233,5,5,40
601,257,1,602,6,3239,2,1,60
602,257,1,603,7,3246,3,3,70
603,257,1,604,6,3252,5,5,60
604,257,1,605,9,3261,2,2,90
605,257,1,606,2,3263,1,1,20
606,257,1,607,2,3265,2,0,20
607,257,1,608,7,3272,5,5,70
608,257,1,609,2,3274,2,2,20
609,257,1,610,4,3278,1,0,40
610,257,1,611,2,3280,2,1,20
611,257,1,612,8,3288,2,2,80
612,257,1,613,2,3290,2,2,20
613,257,1,614,6,3296,2,2,60
614,257,1,615,4,3300,4,4,40
615,257,1,616,9,3309,3,2,90
616,257,1,617,4,3313,3,3,40
617,257,1,618,8,3321,7,7,80
618,257,1,619,3,3324,0,0,30
619,257,1,620,9,3333,3,3,90
620,257,1,621,2,3335,1,1,20
621,257,1,622,7,3342,2,2,70
622,257,1,623,5,3347,2,1,50
623,257,1,624,3,3350,4,4,30
624,257,1,625,7,3357,4,4,70
625,257,1,626,8,3365,7,7,80
626,257,1,627,6,3371,4,4,60
627,257,1,628,7,3378,8,3,70
628,257,1,629,4,3382,6,6,40
629,257,1,630,2,3384,0,0,20
630,257,1,631,4,3388,0,0,40
631,257,1,632,2,3390,2,2,20
632,257,1,633,8,3398,4,1,80
633,257,1,634,3,3401,6,6,30
634,257,1,635,9,3410,4,4,90
635,257,1,636,4,3414,0,0,40
636,257,1,637,5,3419,7,7,50
637,257,1,638,4,3423,2,2,40
638,257,1,639,7,3430,1,1,70
639,257,1,640,7,3437,3,3,70
640,257,1,641,2,3439,2,2,20
641,257,1,642,5,3444,0,0,50
642,257,1,643,6,3450,7,3,60
643,257,1,644,8,3458,7,4,80
644,257,1,645,7,3465,11,7,70
645,257,1,646,6,3471,5,2,60
646,257,1,647,5,3476,5,5,50
647,257,1,648,4,3480,0,0,40
648,257,1,649,9,3489,3,2,90
649,257,1,650,3,3492,4,4,30
650,257,1,651,8,3500,3,3,80
651,257,1,652,8,3508,2,2,80
652,257,1,653,2,3510,0,0,20
653,257,1,654,8,3518,2,0,80
654,257,1,655,9,3527,8,6,90
655,257,1,656,8,3535,6,2,80
656,257,1,657,3,3538,6,3,30
657,257,1,658,5,3543,5,5,50
658,257,1,659,6,3549,6,6,60
659,257,1,660,6,3555,1,1,60
660,257,1,661,4,3559,4,4,40
661,257,1,662,9,3568,5,5,90
662,257,1,663,9,3577,6,1,90
663,257,1,664,4,3581,8,8,40
664,257,1,665,9,3590,4,4,90
665,257,1,666,6,3596,4,2,60
666,257,1,667,5,3601,5,2,50
667,257,1,668,5,3606,6,2,50
668,257,1,669,9,3615,9,3,90
669,257,1,670,2,3617,8,8,20
670,257,1,671,9,3626,5,4,90
671,257,1,672,7,3633,5,5,70
672,257,1,673,5,3638,1,0,50
673,257,1,674,3,3641,3,3,30
674,257,1,675,4,3645,2,2,40
675,257,1,676,8,3653,6,0,80
676,257,1,677,3,3656,6,2,30
677,257,1,678,9,3665,4,4,90
678,257,1,679,5,3670,2,0,50
679,257,1,680,2,3672,3,3,20
680,257,1,681,8,3680,6,3,80
681,257,1,682,8,3688,6,6,80
682,257,1,683,3,3691,3,1,30
683,257,1,684,5,3696,4,4,50
684,257,1,685,8,3704,3,0,80
685,257,1,686,9,3713,12,12,90
686,257,1,687,9,3722,6,4,90
687,257,1,688,6,3728,4,2,60
688,257,1,689,9,3737,5,4,90
689,257,1,690,7,3744,2,2,70
690,257,1,691,6,3750,6,6,60
691,257,1,692,6,3756,6,6,60
692,257,1,693,5,3761,5,5,50
693,257,1,694,2,3763,1,0,20
694,257,1,695,7,3770,4,0,70
695,257,1,696,3,3773,6,6,30
696,257,1,697,9,3782,5,5,90
697,257,1,698,9,3791,3,3,90
698,257,1,699,5,3796,5,2,50
699,257,1,700,8,3804,6,6,80
700,257,1,701,4,3808,0,0,40
701,257,1,702,6,3814,2,2,60
702,257,1,703,3,3817,0,0,30
703,257,1,704,5,3822,5,5,50
704,257,1,705,9,3831,3,1,90
705,257,1,706,9,3840,3,0,90
706,257,1,707,5,3845,6,2,50
707,257,1,708,3,3848,6,1,30
708,257,1,709,5,3853,7,7,50
709,257,1,710,2,3855,2,0,20
710,257,1,711,6,3861,4,1,60
711,257,1,712,6,3867,4,4,60
712,257,1,713,6,3873,2,2,60
713,257,1,714,4,3877,2,2,40
714,257,1,715,9,3886,1,0,90
715,257,1,716,7,3893,6,6,70
716,257,1,717,2,3895,1,1,20
717,257,1,718,5,3900,1,1,50
718,257,1,719,4,3904,1,1,40
719,257,1,720,6,3910,1,1,60
720,257,1,721,2,3912,2,2,20
721,257,1,722,9,3921,3,3,90
722,257,1,723,5,3926,3,1,50
723,257,1,724,2,3928,2,0,20
724,257,1,725,4,3932,5,5,40
725,257,1,726,9,3941,4,4,90
726,257,1,727,2,3943,4,4,20
727,257,1,728,5,3948,3,1,50
728,257,1,729,3,3951,3,3,30
729,257,1,730,8,3959,2,2,80
730,257,1,731,3,3962,0,0,30
731,257,1,732,4,3966,1,1,40
732,257,1,733,4,3970,3,3,40
733,257,1,734,2,3972,2,2,20
734,257,1,735,8,3980,3,3,80
735,257,1,736,2,3982,0,0,20
736,257,1,737,9,3991,7,7,90
737,257,1,738,5,3996,4,4,50
738,257,1,739,2,3998,4,4,20
739,257,1,740,4,4002,1,1,40
740,257,1,741,8,4010,4,2,80
741,257,1,742,4,4014,5,3,40
742,257,1,743,4,4018,4,4,40
743,257,1,744,4,4022,2,1,40
744,257,1,745,3,4025,3,0,30
745,257,1,746,9,4034,9,6,90
746,257,1,747,7,4041,4,4,70
747,257,1,748,3,4044,3,3,30
748,257,1,749,5,4049,1,1,50
749,257,1,750,6,4055,4,4,60
750,257,1,751,8,4063,6,2,80
751,257,1,752,8,4071,6,6,80
752,257,1,753,3,4074,0,0,30
753,257,1,754,3,4077,2,0,30
754,257,1,755,6,4083,3,0,60
755,257,1,756,5,4088,7,7,50
756,257,1,757,3,4091,0,0,30
757,257,1,758,4,4095,2,0,40
758,257,1,759,2,4097,2,0,20
759,257,1,760,2,4099,2,2,20
760,257,1,761,8,4107,1,1,80
761,257,1,762,7,4114,1,1,70
762,257,1,763,9,4123,2,0,90
763,257,1,764,2,4125,4,4,20
764,257,1,765,9,4134,5,5,90
765,257,1,766,7,4141,2,1,70
766,257,1,767,6,4147,3,0,60
767,257,1,768,8,4155,5,1,80
768,257,1,769,9,4164,11,11,90
769,257,1,770,4,4168,0,0,40
770,257,1,771,6,4174,1,1,60
771,257,1,772,4,4178,2,2,40
772,257,1,773,2,4180,3,3,20
773,257,1,774,2,4182,1,1,20
774,257,1,775,3,4185,1,1,30
775,257,1,776,3,4188,0,0,30
776,257,1,777,2,4190,4,4,20
777,257,1,778,7,4197,6,6,70
778,257,1,779,4,4201,4,4,40
779,257,1,780,2,4203,1,1,20
780,257,1,781,6,4209,3,3,60
781,257,1,782,8,4217,5,5,80
782,257,1,783,4,4221,1,1,40
783,257,1,784,9,4230,5,5,90
784,257,1,785,9,4239,6,6,90
785,257,1,786,6,4245,1,1,60
786,257,1,787,8,4253,4,4,80
787,257,1,788,2,4255,1,1,20
788,257,1,789,2,4257,1,1,20
789,257,1,790,5,4262,1,1,50
790,257,1,791,3,4265,0,0,30
791,257,1,792,2,4267,1,0,20
792,257,1,793,8,4275,6,4,80
793,257,1,794,2,4277,4,3,20
794,257,1,795,6,4283,4,4,60
795,257,1,796,3,4286,1,1,30
796,257,1,797,4,4290,2,2,40
797,257,1,798,3,4293,2,2,30
798,257,1,799,2,4295,0,0,20
799,257,1,800,3,4298,0,0,30
800,257,1,801,4,4302,5,5,40
801,257,1,802,6,4308,3,3,60
802,257,1,803,8,4316,7,7,80
803,257,1,804,7,4323,4,4,70
804,257,1,805,4,4327,4,4,40
805,257,1,806,7,4334,6,3,70
806,257,1,807,7,4341,8,8,70
807,257,1,808,2,4343,2,2,20
808,257,1,809,2,4345,3,3,20
809,257,1,810,5,4350,1,1,50
810,257,1,811,3,4353,3,3,30
811,257,1,812,5,4358,1,0,50
812,257,1,813,6,4364,5,5,60
813,257,1,814,8,4372,2,2,80
814,257,1,815,9,4381,6,6,90
815,257,1,816,7,4388,1,0,70
816,257,1,817,6,4394,2,2,60
817,257,1,818,8,4402,4,2,80
818,257,1,819,9,4411,4,4,90
819,257,1,820,5,4416,0,0,50
820,257,1,821,6,4422,5,5,60
821,257,1,822,8,4430,7,7,80
822,257,1,823,5,4435,2,2,50
823,257,1,824,5,4440,8,8,50
824,257,1,825,4,4444,1,1,40
825,257,1,826,9,4453,8,8,90
826,257,1,827,8,4461,5,5,80
827,257,1,828,9,4470,7,3,90
828,257,1,829,4,4474,6,6,40
829,257,1,830,9,4483,6,6,90
830,257,1,831,7,4490,6,6,70
831,257,1,832,9,4499,7,7,90
832,257,1,833,5,4504,1,0,50
833,257,1,834,2,4506,2,2,20
834,257,1,835,8,4514,2,1,80
835,257,1,836,4,4518,2,2,40
836,257,1,837,6,4524,2,2,60
837,257,1,838,8,4532,4,4,80
838,257,1,839,5,4537,2,2,50
839,257,1,840,6,4543,1,0,60
840,257,1,841,6,4549,3,1,60
841,257,1,842,3,4552,6,0,30
842,257,1,843,8,4560,8,6,80
843,257,1,844,9,4569,4,4,90
844,257,1,845,6,4575,2,2,60
845,257,1,846,5,4580,1,1,50
846,257,1,847,2,4582,0,0,20
847,257,1,848,7,4589,5,5,70
848,257,1,849,4,4593,2,2,40
849,257,1,850,2,4595,2,2,20
850,257,1,851,6,4601,5,5,60
851,257,1,852,8,4609,3,2,80
852,257,1,853,3,4612,3,3,30
853,257,1,854,8,4620,2,2,80
854,257,1,855,3,4623,3,3,30
855,257,1,856,3,4626,2,2,30
856,257,1,857,6,4632,1,0,60
857,257,1,858,2,4634,4,3,20
858,257,1,859,9,4643,5,5,90
859,257,1,860,5,4648,0,0,50
860,257,1,861,2,4650,0,0,20
861,257,1,862,8,4658,9,9,80
862,257,1,863,3,4661,1,1,30
863,257,1,864,6,4667,1,1,60
864,257,1,865,2,4669,2,2,20
865,257,1,866,9,4678,5,5,90
866,257,1,867,6,4684,3,1,60
867,257,1,868,8,4692,4,1,80
868,257,1,869,2,4694,4,4,20
869,257,1,870,8,4702,7,7,80
870,257,1,871,9,4711,5,5,90
871,257,1,872,4,4715,2,2,40
872,257,1,873,6,4721,4,4,60
873,257,1,874,4,4725,6,6,40
874,257,1,875,3,4728,0,0,30
875,257,1,876,8,4736,10,10,80
876,257,1,877,3,4739,2,2,30
877,257,1,878,8,4747,5,5,80
878,257,1,879,9,4756,7,7,90
879,257,1,880,2,4758,3,3,20
880,257,1,881,4,4762,3,3,40
881,257,1,882,4,4766,0,0,40
882,257,1,883,6,4772,2,2,60
883,257,1,884,7,4779,4,4,70
884,257,1,885,2,4781,1,1,20
885,257,1,886,9,4790,2,2,90
886,257,1,887,6,4796,0,0,60
887,257,1,888,7,4803,1,1,70
888,257,1,889,4,4807,3,3,40
889,257,1,890,7,4814,3,3,70
890,257,1,891,8,4822,4,0,80
891,257,1,892,8,4830,8,8,80
892,257,1,893,9,4839,2,1,90
893,257,1,894,6,4845,7,7,60
894,257,1,895,8,4853,2,0,80
895,257,1,896,4,4857,4,4,40
896,257,1,897,6,4863,3,3,60
897,257,1,898,3,4866,2,2,30
898,257,1,899,8,4874,3,3,80
899,257,1,900,9,4883,7,3,90
900,257,1,901,9,4892,7,7,90
901,257,1,902,6,4898,1,1,60
902,257,1,903,6,4904,3,3,60
903,257,1,904,9,4913,6,3,90
904,257,1,905,8,4921,9,4,80
905,257,1,906,7,4928,8,8,70
906,257,1,907,7,4935,1,0,70
907,257,1,908,4,4939,2,0,40
908,257,1,909,4,4943,4,4,40
909,257,1,910,7,4950,1,1,70
910,257,1,911,7,4957,6,2,70
911,257,1,912,4,4961,6,6,40
912,257,1,913,2,4963,0,0,20
913,257,1,914,4,4967,8,8,40
914,257,1,915,7,4974,5,5,70
915,257,1,916,3,4977,3,3,30
916,257,1,917,2,4979,0,0,20
917,257,1,918,4,4983,3,3,40
918,257,1,919,4,4987,1,1,40
919,257,1,920,5,4992,2,2,50
920,257,2,1,9,9,3,3,90
921,257,2,2,7,16,2,1,70
922,257,2,3,8,24,6,6,80
923,257,2,4,3,27,1,1,30
924,257,2,5,4,31,1,1,40
925,257,2,6,4,35,2,2,40
926,257,2,7,7,42,5,5,70
927,257,2,8,7,49,3,3,70
928,257,2,9,9,58,4,4,90
929,257,2,10,2,60,0,0,20
930,257,2,11,2,62,0,0,20
931,257,2,12,6,68,7,7,60
932,257,2,13,9,77,3,1,90
933,257,2,14,6,83,4,3,60
934,257,2,15,3,86,3,3,30
935,257,2,16,3,89,2,2,30
936,257,2,17,4,93,0,0,40
937,257,2,18,7,100,6,3,70
938,257,2,19,3,103,6,6,30
939,257,2,20,7,110,3,3,70
940,257,2,21,4,114,2,2,40
941,257,2,22,3,117,1,1,30
942,257,2,23,5,122,2,2,50
943,257,2,24,9,131,3,3,90
944,257,2,25,6,137,3,3,60
945,257,2,26,6,143,4,4,60
946,257,2,27,8,151,4,4,80
947,257,2,28,8,159,1,0,80
948,257,2,29,6,165,2,1,60
949,257,2,30,5,170,2,2,50
950,257,2,31,9,179,3,1,90
951,257,2,32,6,185,5,5,60
952,257,2,33,6,191,1,1,60
953,257,2,34,6,197,1,1,60
954,257,2,35,7,204,6,6,70
955,257,2,36,8,212,4,4,80
956,257,2,37,3,215,4,1,30
957,257,2,38,8,223,6,6,80
958,257,2,39,8,231,5,5,80
959,257,2,40,9,240,4,2,90
960,257,2,41,9,249,8,8,90
961,257,2,42,4,253,2,2,40
962,257,2,43,2,255,1,1,20
963,257,2,44,5,260,3,3,50
964,257,2,45,8,268,5,5,80
965,257,2,46,2,270,0,0,20
966,257,2,47,5,275,2,1,50
967,257,2,48,2,277,1,1,20
968,257,2,49,3,280,2,0,30
969,257,2,50,3,283,4,4,30
970,257,2,51,8,291,1,0,80
971,257,2,52,8,299,4,4,80
972,257,2,53,4,303,0,0,40
973,257,2,54,8,311,5,5,80
974,257,2,55,8,319,6,1,80
975,257,2,56,6,325,10,3,60
976,257,2,57,5,330,10,10,50
977,257,2,58,7,337,5,1,70
978,257,2,59,7,344,11,5,70
979,257,2,60,7,351,9,9,70
980,257,2,61,2,353,1,0,20
981,257,2,62,2,355,1,1,20
982,257,2,63,9,364,4,4,90
983,257,2,64,3,367,2,2,30
984,257,2,65,2,369,1,0,20
985,257,2,66,2,371,1,0,20
986,257,2,67,2,373,3,3,20
987,257,2,68,6,379,7,2,60
988,257,2,69,7,386,6,6,70
989,257,2,70,7,393,4,0,70
990,257,2,71,5,398,5,2,50
991,257,2,72,4,402,6,6,40
992,257,2,73,9,411,3,1,90
993,257,2,74,9,420,5,5,90
994,257,2,75,4,424,3,3,40
995,257,2,76,7,431,1,1,70
996,257,2,77,6,437,3,3,60
997,257,2,78,6,443,1,1,60
998,257,2,79,3,446,1,1,30
999,257,2,80,5,451,3,3,50
1000,257,2,81,2,453,1,1,20
1001,257,2,82,6,459,3,3,60
1002,257,2,83,6,465,2,2,60
1003,257,2,84,4,469,3,3,40
1004,257,2,85,9,478,7,7,90
1005,257,2,86,4,482,3,3,40
1006,257,2,87,2,484,1,0,20
1007,257,2,88,7,491,3,3,70
1008,257,2,89,5,496,3,3,50
1009,257,2,90,6,502,3,3,60
1010,257,2,91,2,504,1,1,20
1011,257,2,92,3,507,0,0,30
1012,257,2,93,5,512,4,4,50
1013,257,2,94,2,514,4,4,20
1014,257,2,95,6,520,2,2,60
1015,257,2,96,4,524,1,1,40
1016,257,2,97,3,527,0,0,30
1017,257,2,98,3,530,2,2,30
1018,257,2,99,9,539,2,2,90
1019,257,2,100,4,543,3,3,40
1020,257,2,101,2,545,1,1,20
1021,257,2,102,3,548,1,1,30
1022,257,2,103,2,550,0,0,20
1023,257,2,104,4,554,4,4,40
1024,257,2,105,6,560,1,1,60
1025,257,2,106,6,566,5,5,60
1026,257,2,107,5,571,3,3,50
1027,257,2,108,7,578,9,9,70
1028,257,2,109,3,581,4,4,30
1029,257,2,110,7,588,8,8,70
1030,257,2,111,3,591,3,0,30
1031,257,2,112,2,593,4,4,20
1032,257,2,113,2,595,1,1,20
1033,257,2,114,8,603,6,2,80
1034,257,2,115,6,609,12,7,60
1035,257,2,116,3,612,6,4,30
1036,257,2,117,8,620,6,6,80
1037,257,2,118,7,627,4,4,70
1038,257,2,119,9,636,7,7,90
1039,257,2,120,8,644,4,1,80
1040,257,2,121,9,653,9,9,90
1041,257,2,122,2,655,2,2,20
1042,257,2,123,4,659,3,3,40
1043,257,2,124,7,666,5,5,70
1044,257,2,125,6,672,3,3,60
1045,257,2,126,2,674,3,0,20
1046,257,2,127,2,676,3,3,20
1047,257,2,128,3,679,1,1,30
1048,257,2,129,8,687,7,7,80
1049,257,2,130,2,689,4,4,20
1050,257,2,131,6,695,3,3,60
1051,257,2,132,5,700,4,1,50
1052,257,2,133,3,703,6,6,30
1053,257,2,134,7,710,6,6,70
1054,257,2,135,4,714,2,1,40
1055,257,2,136,5,719,3,2,50
1056,257,2,137,5,724,4,4,50
1057,257,2,138,9,733,7,7,90
1058,257,2,139,8,741,6,4,80
1059,257,2,140,2,743,2,0,20
1060,257,2,141,9,752,5,3,90
1061,257,2,142,4,756,3,1,40
1062,257,2,143,2,758,2,0,20
1063,257,2,144,4,762,2,1,40
1064,257,2,145,6,768,4,4,60
1065,257,2,146,3,771,2,2,30
1066,257,2,147,3,774,1,1,30
1067,257,2,148,4,778,2,2,40
1068,257,2,149,6,784,1,1,60
1069,257,2,150,5,789,2,2,50
1070,257,2,151,4,793,2,2,40
1071,257,2,152,3,796,2,0,30
1072,257,2,153,6,802,4,0,60
1073,257,2,154,7,809,6,1,70
1074,257,2,155,6,815,6,0,60
1075,257,2,156,2,817,7,5,20
1076,257,2,157,9,826,7,7,90
1077,257,2,158,9,835,3,3,90
1078,257,2,159,3,838,1,1,30
1079,257,2,160,5,843,3,2,50
1080,257,2,161,2,845,2,2,20
1081,257,2,162,5,850,3,3,50
1082,257,2,163,7,857,3,3,70
1083,257,2,164,9,866,6,6,90
1084,257,2,165,2,868,2,2,20
1085,257,2,166,8,876,1,1,80
1086,257,2,167,7,883,2,1,70
1087,257,2,168,3,886,5,5,30
1088,257,2,169,8,894,5,5,80
1089,257,2,170,9,903,3,3,90
1090,257,2,171,4,907,0,0,40
1091,257,2,172,7,914,0,0,70
1092,257,2,173,6,920,4,4,60
1093,257,2,174,2,922,1,1,20
1094,257,2,175,6,928,5,5,60
1095,257,2,176,6,934,1,1,60
1096,257,2,177,8,942,6,6,80
1097,257,2,178,2,944,1,0,20
1098,257,2,179,2,946,2,2,20
1099,257,2,180,5,951,2,2,50
1100,257,2,181,2,953,1,0,20
1101,257,2,182,4,957,1,0,40
1102,257,2,183,3,960,2,2,30
1103,257,2,184,9,969,6,6,90
1104,257,2,185,8,977,3,3,80
1105,257,2,186,6,983,6,3,60
1106,257,2,187,6,989,5,5,60
1107,257,2,188,9,998,4,4,90
1108,257,2,189,4,1002,3,3,40
1109,257,2,190,2,1004,2,1,20
1110,257,2,191,2,1006,3,3,20
1111,257,2,192,5,1011,4,4,50
1112,257,2,193,9,1020,3,1,90
1113,257,2,194,3,1023,4,1,30
1114,257,2,195,5,1028,6,6,50
1115,257,2,196,5,1033,1,0,50
1116,257,2,197,5,1038,3,3,50
1117,257,2,198,9,1047,4,4,90
1118,257,2,199,9,1056,3,3,90
1119,257,2,200,4,1060,2,1,40
1120,257,2,201,3,1063,4,4,30
1121,257,2,202,6,1069,1,1,60
1122,257,2,203,9,1078,2,2,90
1123,257,2,204,5,1083,2,1,50
1124,257,2,205,6,1089,4,4,60
1125,257,2,206,9,1098,8,8,90
1126,257,2,207,5,1103,3,3,50
1127,257,2,208,7,1110,2,0,70
1128,257,2,209,9,1119,9,9,90
1129,257,2,210,5,1124,1,1,50
1130,257,2,211,5,1129,2,0,50
1131,257,2,212,4,1133,3,3,40
1132,257,2,213,5,1138,4,4,50
1133,257,2,214,5,1143,4,4,50
1134,257,2,215,9,1152,0,0,90
1135,257,2,216,6,1158,1,0,60
1136,257,2,217,8,1166,8,2,80
1137,257,2,218,3,1169,7,7,30
1138,257,2,219,5,1174,4,4,50
1139,257,2,220,3,1177,1,0,30
1140,257,2,221,3,1180,1,1,30
1141,257,2,222,7,1187,3,1,70
1142,257,2,223,4,1191,6,6,40
1143,257,2,224,4,1195,1,1,40
1144,257,2,225,5,1200,4,2,50
1145,257,2,226,7,1207,4,2,70
1146,257,2,227,2,1209,3,3,20
1147,257,2,228,3,1212,2,1,30
1148,257,2,229,6,1218,5,3,60
1149,257,2,230,6,1224,6,6,60
1150,257,2,231,3,1227,1,0,30
1151,257,2,232,2,1229,2,2,20
1152,257,2,233,2,1231,1,0,20
1153,257,2,234,8,1239,4,4,80
1154,257,2,235,3,1242,0,0,30
1155,257,2,236,3,1245,4,4,30
1156,257,2,237,9,1254,2,2,90
1157,257,2,238,8,1262,4,4,80
1158,257,2,239,3,1265,0,0,30
1159,257,2,240,9,1274,7,7,90
1160,257,2,241,5,1279,3,0,50
1161,257,2,242,9,1288,7,0,90
1162,257,2,243,2,1290,8,4,20
1163,257,2,244,7,1297,8,3,70
1164,257,2,245,3,1300,6,2,30
1165,257,2,246,6,1306,6,2,60
1166,257,2,247,9,1315,9,9,90
1167,257,2,248,8,1323,6,6,80
1168,257,2,249,5,1328,2,2,50
1169,257,2,250,5,1333,5,2,50
1170,257,2,251,6,1339,6,3,60
1171,257,2,252,7,1346,7,7,70
1172,257,2,253,4,1350,1,0,40
1173,257,2,254,8,1358,7,7,80
1174,257,2,255,4,1362,3,3,40
1175,257,2,256,2,1364,2,2,20
1176,257,2,257,2,1366,3,1,20
1177,257,2,258,2,1368,4,4,20
1178,257,2,259,4,1372,1,1,40
1179,257,2,260,4,1376,1,0,40
1180,257,2,261,8,1384,8,4,80
1181,257,2,262,4,1388,5,5,40
1182,257,2,263,4,1392,2,2,40
1183,257,2,264,4,1396,1,1,40
1184,257,2,265,6,1402,2,2,60
1185,257,2,266,8,1410,1,1,80
1186,257,2,267,7,1417,5,1,70
1187,257,2,268,8,1425,7,7,80
1188,257,2,269,4,1429,1,1,40
1189,257,2,270,7,1436,5,5,70
1190,257,2,271,3,1439,1,1,30
1191,257,2,272,3,1442,1,1,30
1192,257,2,273,9,1451,4,4,90
1193,257,2,274,2,1453,0,0,20
1194,257,2,275,8,1461,6,1,80
1195,257,2,276,7,1468,9,4,70
1196,257,2,277,6,1474,8,3,60
1197,257,2,278,2,1476,6,6,20
1198,257,2,279,4,1480,4,2,40
1199,257,2,280,8,1488,8,8,80
1200,257,2,281,5,1493,3,3,50
1201,257,2,282,3,1496,2,1,30
1202,257,2,283,9,1505,5,1,90
1203,257,2,284,8,1513,8,8,80
1204,257,2,285,2,1515,1,1,20
1205,257,2,286,8,1523,6,6,80
1206,257,2,287,5,1528,2,2,50
1207,257,2,288,6,1534,4,4,60
1208,257,2,289,9,1543,1,1,90
1209,257,2,290,6,1549,4,4,60
1210,257,2,291,7,1556,1,0,70
1211,257,2,292,9,1565,6,6,90
1212,257,2,293,8,1573,3,3,80
1213,257,2,294,4,1577,1,1,40
1214,257,2,295,3,1580,2,2,30
1215,257,2,296,4,1584,2,1,40
1216,257,2,297,5,1589,3,3,50
1217,257,2,298,7,1596,2,0,70
1218,257,2,299,6,1602,3,3,60
1219,257,2,300,2,1604,1,1,20
1220,257,2,301,6,1610,4,4,60
1221,257,2,302,6,1616,1,0,60
1222,257,2,303,2,1618,2,2,20
1223,257,2,304,2,1620,0,0,20
1224,257,2,305,4,1624,2,0,40
1225,257,2,306,4,1628,6,6,40
1226,257,2,307,7,1635,4,4,70
1227,257,2,308,5,1640,6,6,50
1228,257,2,309,3,1643,0,0,30
1229,257,2,310,6,1649,3,3,60
1230,257,2,311,3,1652,1,1,30
1231,257,2,312,7,1659,5,5,70
1232,257,2,313,9,1668,5,2,90
1233,257,2,314,8,1676,7,7,80
1234,257,2,315,9,1685,7,7,90
1235,257,2,316,6,1691,4,3,60
1236,257,2,317,4,1695,2,2,40
1237,257,2,318,6,1701,1,1,60
1238,257,2,319,3,1704,1,1,30
1239,257,2,320,2,1706,0,0,20
1240,257,2,321,9,1715,5,5,90
1241,257,2,322,7,1722,0,0,70
1242,257,2,323,2,1724,3,3,20
1243,257,2,324,3,1727,2,2,30
1244,257,2,325,6,1733,3,3,60
1245,257,2,326,2,1735,0,0,20
1246,257,2,327,4,1739,1,0,40
1247,257,2,328,3,1742,2,0,30
1248,257,2,329,5,1747,4,4,50
1249,257,2,330,8,1755,5,5,80
1250,257,2,331,9,1764,1,0,90
1251,257,2,332,8,1772,3,2,80
1252,257,2,333,6,1778,3,2,60
1253,257,2,334,6,1784,4,4,60
1254,257,2,335,9,1793,3,3,90
1255,257,2,336,4,1797,2,2,40
1256,257,2,337,8,1805,1,1,80
1257,257,2,338,3,1808,2,0,30
1258,257,2,339,7,1815,4,3,70
1259,257,2,340,2,1817,3,1,20
1260,257,2,341,3,1820,2,0,30
1261,257,2,342,4,1824,4,2,40
1262,257,2,343,3,1827,3,2,30
1263,257,2,344,5,1832,2,2,50
1264,257,2,345,6,1838,2,2,60
1265,257,2,346,9,1847,2,2,90
1266,257,2,347,8,1855,8,8,80
1267,257,2,348,4,1859,0,0,40
1268,257,2,349,5,1864,5,2,50
1269,257,2,350,6,1870,5,5,60
1270,257,2,351,7,1877,5,5,70
1271,257,2,352,5,1882,3,0,50
1272,257,2,353,4,1886,5,5,40
1273,257,2,354,5,1891,5,5,50
1274,257,2,355,4,1895,2,2,40
1275,257,2,356,8,1903,3,3,80
1276,257,2,357,5,1908,1,1,50
1277,257,2,358,2,1910,0,0,20
1278,257,2,359,6,1916,1,1,60
1279,257,2,360,5,1921,3,3,50
1280,257,2,361,2,1923,3,3,20
1281,257,2,362,2,1925,0,0,20
1282,257,2,363,5,1930,2,1,50
1283,257,2,364,4,1934,2,2,40
1284,257,2,365,9,1943,6,6,90
1285,257,2,366,9,1952,4,4,90
1286,257,2,367,9,1961,4,2,90
1287,257,2,368,9,1970,5,5,90
1288,257,2,369,6,1976,2,2,60
1289,257,2,370,2,1978,1,1,20
1290,257,2,371,3,1981,3,3,30
1291,257,2,372,2,1983,1,1,20
1292,257,2,373,9,1992,3,3,90
1293,257,2,374,3,1995,2,2,30
1294,257,2,375,9,2004,9,9,90
1295,257,2,376,5,2009,6,6,50
1296,257,2,377,7,2016,3,3,70
1297,257,2,378,5,2021,0,0,50
1298,257,2,379,6,2027,3,1,60
1299,257,2,380,6,2033,5,3,60
1300,257,2,381,7,2040,4,4,70
1301,257,2,382,6,2046,1,0,60
1302,257,2,383,2,2048,2,2,20
1303,257,2,384,4,2052,0,0,40
1304,257,2,385,2,2054,0,0,20
1305,257,2,386,7,2061,7,7,70
1306,257,2,387,6,2067,3,3,60
1307,257,2,388,4,2071,3,3,40
1308,257,2,389,8,2079,4,4,80
1309,257,2,390,6,2085,4,4,60
1310,257,2,391,4,2089,0,0,40
1311,257,2,392,5,2094,4,4,50
1312,257,2,393,6,2100,5,5,60
1313,257,2,394,2,2102,0,0,20
1314,257,2,395,4,2106,3,0,40
1315,257,2,396,4,2110,5,5,40
1316,257,2,397,6,2116,3,0,60
1317,257,2,398,7,2123,6,6,70
1318,257,2,399,7,2130,6,6,70
1319,257,2,400,4,2134,4,4,40
1320,257,2,401,6,2140,3,3,60
1321,257,2,402,3,2143,2,0,30
1322,257,2,403,8,2151,8,8,80
1323,257,2,404,2,2153,1,1,20
1324,257,2,405,9,2162,2,2,90
1325,257,2,406,5,2167,2,2,50
1326,257,2,407,7,2174,5,5,70
1327,257,2,408,6,2180,4,4,60
1328,257,2,409,9,2189,6,3,90
1329,257,2,410,4,2193,4,4,40
1330,257,2,411,8,2201,2,2,80
1331,257,2,412,5,2206,1,1,50
1332,257,2,413,8,2214,5,5,80
1333,257,2,414,3,2217,3,0,30
1334,257,2,415,3,2220,4,3,30
1335,257,2,416,8,2228,7,7,80
1336,257,2,417,5,2233,1,0,50
1337,257,2,418,7,2240,4,4,70
1338,257,2,419,8,2248,2,2,80
1339,257,2,420,3,2251,1,0,30
1340,257,2,421,6,2257,1,1,60
1341,257,2,422,7,2264,2,2,70
1342,257,2,423,2,2266,1,1,20
1343,257,2,424,2,2268,2,2,20
1344,257,2,425,3,2271,4,4,30
1345,257,2,426,8,2279,3,3,80
1346,257,2,427,4,2283,1,0,40
1347,257,2,428,7,2290,2,2,70
1348,257,2,429,7,2297,1,0,70
1349,257,2,430,6,2303,5,5,60
1350,257,2,431,6,2309,4,1,60
1351,257,2,432,5,2314,4,3,50
1352,257,2,433,2,2316,1,1,20
1353,257,2,434,5,2321,2,2,50
1354,257,2,435,2,2323,0,0,20
1355,257,2,436,4,2327,2,2,40
1356,257,2,437,8,2335,5,2,80
1357,257,2,438,8,2343,5,2,80
1358,257,2,439,4,2347,3,3,40
1359,257,2,440,4,2351,1,1,40
1360,257,2,441,3,2354,2,2,30
1361,257,2,442,7,2361,1,1,70
1362,257,2,443,6,2367,1,1,60
1363,257,2,444,6,2373,1,1,60
1364,257,2,445,6,2379,2,2,60
1365,257,2,446,6,2385,0,0,60
1366,257,2,447,4,2389,0,0,40
1367,257,2,448,8,2397,1,1,80
1368,257,2,449,8,2405,10,6,80
1369,257,2,450,3,2408,4,4,30
1370,257,2,451,5,2413,2,1,50
1371,257,2,452,8,2421,9,9,80
1372,257,2,453,6,2427,2,2,60
1373,257,2,454,6,2433,2,0,60
1374,257,2,455,5,2438,3,3,50
1375,257,2,456,8,2446,4,4,80
1376,257,2,457,2,2448,1,1,20
1377,257,2,458,9,2457,6,2,90
1378,257,2,459,7,2464,6,3,70
1379,257,2,460,6,2470,5,5,60
1380,257,2,461,5,2475,3,3,50
1381,257,2,462,2,2477,1,1,20
1382,257,2,463,4,2481,2,0,40
1383,257,2,464,6,2487,4,4,60
1384,257,2,465,8,2495,4,4,80
1385,257,2,466,8,2503,3,1,80
1386,257,2,467,8,2511,10,10,80
1387,257,2,468,9,2520,5,5,90
1388,257,2,469,7,2527,4,4,70
1389,257,2,470,5,2532,1,1,50
1390,257,2,471,6,2538,4,4,60
1391,257,2,472,9,2547,6,3,90
1392,257,2,473,2,2549,4,4,20
1393,257,2,474,4,2553,5,5,40
1394,257,2,475,6,2559,4,4,60
1395,257,2,476,5,2564,2,2,50
1396,257,2,477,5,2569,5,5,50
1397,257,2,478,9,2578,5,5,90
1398,257,2,479,7,2585,3,3,70
1399,257,2,480,3,2588,2,2,30
1400,257,2,481,5,2593,3,3,50
1401,257,2,482,2,2595,1,1,20
1402,257,2,483,9,2604,6,6,90
1403,257,2,484,6,2610,3,0,60
1404,257,2,485,7,2617,6,6,70
1405,257,2,486,8,2625,3,3,80
1406,257,2,487,4,2629,2,0,40
1407,257,2,488,9,2638,5,5,90
1408,257,2,489,6,2644,2,2,60
1409,257,2,490,4,2648,2,2,40
1410,257,2,491,6,2654,2,0,60
1411,257,2,492,5,2659,5,2,50
1412,257,2,493,7,2666,7,1,70
1413,257,2,494,9,2675,10,3,90
1414,257,2,495,3,2678,9,9,30
1415,257,2,496,2,2680,1,1,20
1416,257,2,497,2,2682,0,0,20
1417,257,2,498,9,2691,3,3,90
1418,257,2,499,6,2697,4,3,60
1419,257,2,500,9,2706,5,5,90
1420,257,2,501,2,2708,1,1,20
1421,257,2,502,6,2714,3,3,60
1422,257,2,503,9,2723,7,4,90
1423,257,2,504,2,2725,3,3,20
1424,257,2,505,5,2730,5,5,50
1425,257,2,506,8,2738,1,1,80
1426,257,2,507,9,2747,8,5,90
1427,257,2,508,2,2749,4,4,20
1428,257,2,509,2,2751,0,0,20
1429,257,2,510,8,2759,6,6,80
1430,257,2,511,4,2763,3,3,40
1431,257,2,512,9,2772,3,3,90
1432,257,2,513,3,2775,4,4,30
1433,257,2,514,5,2780,1,1,50
1434,257,2,515,2,2782,2,2,20
1435,257,2,516,5,2787,4,4,50
1436,257,2,517,2,2789,2,2,20
1437,257,2,518,4,2793,4,4,40
1438,257,2,519,8,2801,4,4,80
1439,257,2,520,2,2803,2,1,20
1440,257,2,521,5,2808,3,3,50
1441,257,2,522,2,2810,3,2,20
1442,257,2,523,8,2818,7,7,80
1443,257,2,524,9,2827,9,9,90
1444,257,2,525,4,2831,1,1,40
1445,257,2,526,3,2834,2,0,30
1446,257,2,527,3,2837,2,1,30
1447,257,2,528,7,2844,3,1,70
1448,257,2,529,3,2847,3,1,30
1449,257,2,530,2,2849,4,4,20
1450,257,2,531,6,2855,4,3,60
1451,257,2,532,5,2860,5,5,50
1452,257,2,533,8,2868,1,1,80
1453,257,2,534,4,2872,3,2,40
1454,257,2,535,7,2879,5,5,70
1455,257,2,536,8,2887,4,4,80
1456,257,2,537,2,2889,2,2,20
1457,257,2,538,4,2893,4,4,40
1458,257,2,539,4,2897,3,0,40
1459,257,2,540,9,2906,9,9,90
1460,257,2,541,7,2913,4,4,70
1461,257,2,542,6,2919,3,3,60
1462,257,2,543,7,2926,5,5,70
1463,257,2,544,5,2931,2,2,50
1464,257,2,545,4,2935,1,0,40
1465,257,2,546,5,2940,3,3,50
1466,257,2,547,6,2946,3,2,60
1467,257,2,548,8,2954,6,6,80
1468,257,2,549,9,2963,6,6,90
1469,257,2,550,6,2969,5,5,60
1470,257,2,551,6,2975,2,2,60
1471,257,2,552,3,2978,3,3,30
1472,257,2,553,5,2983,5,1,50
1473,257,2,554,4,2987,7,7,40
1474,257,2,555,5,2992,3,3,50
1475,257,2,556,9,3001,4,2,90
1476,257,2,557,7,3008,4,4,70
1477,257,2,558,5,3013,1,1,50
1478,257,2,559,2,3015,2,2,20
1479,257,2,560,6,3021,2,0,60
1480,257,2,561,9,3030,8,3,90
1481,257,2,562,9,3039,9,9,90
1482,257,2,563,5,3044,5,5,50
1483,257,2,564,7,3051,2,2,70
1484,257,2,565,2,3053,1,1,20
1485,257,2,566,2,3055,0,0,20
1486,257,2,567,8,3063,3,3,80
1487,257,2,568,4,3067,0,0,40
1488,257,2,569,2,3069,1,1,20
1489,257,2,570,2,3071,1,1,20
1490,257,2,571,3,3074,2,1,30
1491,257,2,572,9,3083,5,5,90
1492,257,2,573,9,3092,5,5,90
1493,257,2,574,5,3097,4,4,50
1494,257,2,575,8,3105,0,0,80
1495,257,2,576,4,3109,2,2,40
1496,257,2,577,4,3113,2,0,40
1497,257,2,578,2,3115,3,3,20
1498,257,2,579,6,3121,4,1,60
1499,257,2,580,8,3129,9,9,80
1500,257,2,581,5,3134,3,3,50
1501,257,2,582,5,3139,5,5,50
1502,257,2,583,8,3147,5,5,80
1503,257,2,584,6,3153,4,4,60
1504,257,2,585,2,3155,2,2,20
1505,257,2,586,6,3161,5,5,60
1506,257,2,587,9,3170,3,3,90
1507,257,2,588,2,3172,1,0,20
1508,257,2,589,6,3178,4,4,60
1509,257,2,590,9,3187,5,5,90
1510,257,2,591,9,3196,2,1,90
1511,257,2,592,9,3205,6,6,90
1512,257,2,593,7,3212,10,10,70
1513,257,2,594,8,3220,4,1,80
1514,257,2,595,5,3225,5,5,50
1515,257,2,596,4,3229,1,0,40
1516,257,2,597,6,3235,4,1,60
1517,257,2,598,2,3237,4,4,20
1518,257,2,599,7,3244,4,4,70
1519,257,2,600,8,3252,5,5,80
1520,257,2,601,3,3255,1,1,30
1521,257,2,602,4,3259,0,0,40
1522,257,2,603,8,3267,5,5,80
1523,257,2,604,4,3271,3,3,40
1524,257,2,605,5,3276,2,2,50
1525,257,2,606,9,3285,5,2,90
1526,257,2,607,5,3290,5,5,50
1527,257,2,608,3,3293,3,3,30
1528,257,2,609,4,3297,4,4,40
1529,257,2,610,2,3299,1,0,20
1530,257,2,611,9,3308,9,2,90
1531,257,2,612,8,3316,9,9,80
1532,257,2,613,2,3318,0,0,20
1533,257,2,614,3,3321,2,2,30
1534,257,2,615,6,3327,3,3,60
1535,257,2,616,5,3332,0,0,50
1536,257,2,617,5,3337,0,0,50
1537,257,2,618,2,3339,1,1,20
1538,257,2,619,7,3346,3,3,70
1539,257,2,620,4,3350,1,1,40
1540,257,2,621,2,3352,1,1,20
1541,257,2,622,9,3361,5,5,90
1542,257,2,623,3,3364,0,0,30
1543,257,2,624,2,3366,0,0,20
1544,257,2,625,7,3373,5,1,70
1545,257,2,626,9,3382,11,11,90
1546,257,2,627,8,3390,7,7,80
1547,257,2,628,6,3396,4,4,60
1548,257,2,629,7,3403,3,3,70
1549,257,2,630,5,3408,4,1,50
1550,257,2,631,8,3416,7,7,80
1551,257,2,632,3,3419,2,0,30
1552,257,2,633,4,3423,5,3,40
1553,257,2,634,5,3428,2,1,50
1554,257,2,635,8,3436,6,6,80
1555,257,2,636,8,3444,1,1,80
1556,257,2,637,6,3450,5,3,60
1557,257,2,638,3,3453,5,2,30
1558,257,2,639,7,3460,10,10,70
1559,257,2,640,3,3463,0,0,30
1560,257,2,641,9,3472,5,5,90
1561,257,2,642,6,3478,0,0,60
1562,257,2,643,6,3484,4,4,60
1563,257,2,644,2,3486,1,1,20
1564,257,2,645,3,3489,2,0,30
1565,257,2,646,9,3498,9,9,90
1566,257,2,647,2,3500,1,0,20
1567,257,2,648,9,3509,5,5,90
1568,257,2,649,7,3516,3,3,70
1569,257,2,650,9,3525,7,7,90
1570,257,2,651,7,3532,2,2,70
1571,257,2,652,2,3534,2,2,20
1572,257,2,653,4,3538,2,2,40
1573,257,2,654,3,3541,5,2,30
1574,257,2,655,6,3547,5,5,60
1575,257,2,656,7,3554,2,2,70
1576,257,2,657,9,3563,4,4,90
1577,257,2,658,3,3566,1,1,30
1578,257,2,659,3,3569,2,2,30
1579,257,2,660,2,3571,1,0,20
1580,257,2,661,4,3575,3,3,40
1581,257,2,662,6,3581,0,0,60
1582,257,2,663,5,3586,0,0,50
1583,257,2,664,3,3589,2,2,30
1584,257,2,665,8,3597,3,3,80
1585,257,2,666,8,3605,4,4,80
1586,257,2,667,7,3612,3,3,70
1587,257,2,668,9,3621,1,0,90
1588,257,2,669,7,3628,7,7,70
1589,257,2,670,7,3635,4,4,70
1590,257,2,671,8,3643,6,6,80
1591,257,2,672,7,3650,9,9,70
1592,257,2,673,4,3654,1,1,40
1593,257,2,674,5,3659,1,1,50
1594,257,2,675,4,3663,3,3,40
1595,257,2,676,8,3671,4,4,80
1596,257,2,677,8,3679,1,0,80
1597,257,2,678,4,3683,4,4,40
1598,257,2,679,7,3690,1,1,70
1599,257,2,680,8,3698,2,1,80
1600,257,2,681,4,3702,2,2,40
1601,257,2,682,7,3709,3,3,70
1602,257,2,683,4,3713,1,0,40
1603,257,2,684,6,3719,4,2,60
1604,257,2,685,5,3724,3,3,50
1605,257,2,686,4,3728,1,1,40
1606,257,2,687,2,3730,0,0,20
1607,257,2,688,5,3735,3,3,50
1608,257,2,689,9,3744,10,4,90
1609,257,2,690,5,3749,7,5,50
1610,257,2,691,4,3753,4,4,40
1611,257,2,692,7,3760,2,2,70
1612,257,2,693,6,3766,3,2,60
1613,257,2,694,5,3771,4,2,50
1614,257,2,695,8,3779,4,4,80
1615,257,2,696,5,3784,3,2,50
1616,257,2,697,4,3788,4,4,40
1617,257,2,698,2,3790,4,1,20
1618,257,2,699,4,3794,4,4,40
1619,257,2,700,3,3797,3,2,30
1620,257,2,701,9,3806,4,4,90
1621,257,2,702,9,3815,4,1,90
1622,257,2,703,9,3824,6,6,90
1623,257,2,704,5,3829,4,4,50
1624,257,2,705,7,3836,2,1,70
1625,257,2,706,9,3845,5,5,90
1626,257,2,707,8,3853,4,3,80
1627,257,2,708,4,3857,3,1,40
1628,257,2,709,7,3864,6,2,70
1629,257,2,710,8,3872,6,6,80
1630,257,2,711,9,3881,5,3,90
1631,257,2,712,2,3883,3,3,20
1632,257,2,713,3,3886,1,1,30
1633,257,2,714,9,3895,6,6,90
1634,257,2,715,4,3899,1,1,40
1635,257,2,716,6,3905,7,7,60
1636,257,2,717,3,3908,1,1,30
1637,257,2,718,8,3916,5,1,80
1638,257,2,719,2,3918,6,6,20
1639,257,2,720,2,3920,0,0,20
1640,257,2,721,9,3929,5,5,90
1641,257,2,722,9,3938,7,7,90
1642,257,2,723,6,3944,4,2,60
1643,257,2,724,5,3949,4,2,50
1644,257,2,725,5,3954,4,4,50
1645,257,2,726,5,3959,3,3,50
1646,257,2,727,5,3964,4,2,50
1647,257,2,728,5,3969,4,4,50
1648,257,2,729,2,3971,1,1,20
1649,257,2,730,9,3980,6,6,90
1650,257,2,731,9,3989,4,0,90
1651,257,2,732,6,3995,8,8,60
1652,257,2,733,6,4001,1,1,60
1653,257,2,734,7,4008,4,4,70
1654,257,2,735,7,4015,3,3,70
1655,257,2,736,6,4021,4,4,60
1656,257,2,737,5,4026,6,6,50
1657,257,2,738,8,4034,4,4,80
1658,257,2,739,7,4041,1,0,70
1659,257,2,740,7,4048,4,4,70
1660,257,2,741,6,4054,5,5,60
1661,257,2,742,3,4057,1,1,30
1662,257,2,743,9,4066,6,4,90
1663,257,2,744,7,4073,3,0,70
1664,257,2,745,4,4077,5,5,40
1665,257,2,746,7,4084,3,3,70
1666,257,2,747,5,4089,0,0,50
1667,257,2,748,5,4094,2,2,50
1668,257,2,749,6,4100,3,3,60
1669,257,2,750,7,4107,6,6,70
1670,257,2,751,2,4109,2,2,20
1671,257,2,752,6,4115,2,2,60
1672,257,2,753,5,4120,4,4,50
1673,257,2,754,8,4128,1,1,80
1674,257,2,755,2,4130,1,1,20
1675,257,2,756,5,4135,1,1,50
1676,257,2,757,9,4144,1,1,90
1677,257,2,758,9,4153,3,2,90
1678,257,2,759,7,4160,6,1,70
1679,257,2,760,4,4164,5,5,40
1680,257,2,761,8,4172,5,5,80
1681,257,2,762,5,4177,4,4,50
1682,257,2,763,9,4186,4,2,90
1683,257,2,764,5,4191,3,3,50
1684,257,2,765,2,4193,1,1,20
1685,257,2,766,7,4200,6,6,70
1686,257,2,767,6,4206,3,3,60
1687,257,2,768,5,4211,4,4,50
1688,257,2,769,7,4218,2,2,70
1689,257,2,770,3,4221,1,1,30
1690,257,2,771,2,4223,1,1,20
1691,257,2,772,4,4227,2,2,40
1692,257,2,773,6,4233,4,1,60
1693,257,2,774,7,4240,6,6,70
1694,257,2,775,9,4249,4,4,90
1695,257,2,776,9,4258,2,1,90
1696,257,2,777,5,4263,4,4,50
1697,257,2,778,8,4271,5,5,80
1698,257,2,779,3,4274,2,0,30
1699,257,2,780,7,4281,7,7,70
1700,257,2,781,6,4287,6,6,60
1701,257,2,782,9,4296,6,3,90
1702,257,2,783,3,4299,3,3,30
1703,257,2,784,7,4306,6,2,70
1704,257,2,785,4,4310,7,4,40
1705,257,2,786,5,4315,5,2,50
1706,257,2,787,3,4318,5,5,30
1707,257,2,788,4,4322,3,3,40
1708,257,2,789,7,4329,2,2,70
1709,257,2,790,4,4333,2,1,40
1710,257,2,791,4,4337,2,2,40
1711,257,2,792,2,4339,0,0,20
1712,257,2,793,7,4346,7,3,70
1713,257,2,794,8,4354,7,7,80
1714,257,2,795,8,4362,3,3,80
1715,257,2,796,7,4369,3,3,70
1716,257,2,797,6,4375,0,0,60
1717,257,2,798,4,4379,1,1,40
1718,257,2,799,8,4387,1,1,80
1719,257,2,800,8,4395,10,4,80
1720,257,2,801,8,4403,9,9,80
1721,257,2,802,9,4412,6,2,90
1722,257,2,803,8,4420,10,2,80
1723,257,2,804,5,4425,10,6,50
1724,257,2,805,2,4427,5,5,20
1725,257,2,806,4,4431,0,0,40
1726,257,2,807,5,4436,6,6,50
1727,257,2,808,6,4442,8,5,60
1728,257,2,809,4,4446,5,5,40
1729,257,2,810,4,4450,1,0,40
1730,257,2,811,3,4453,5,5,30
1731,257,2,812,5,4458,4,4,50
1732,257,2,813,9,4467,5,1,90
1733,257,2,814,3,4470,5,5,30
1734,257,2,815,7,4477,6,6,70
1735,257,2,816,8,4485,4,1,80
1736,257,2,817,4,4489,3,1,40
1737,257,2,818,7,4496,7,7,70
1738,257,2,819,9,4505,7,7,90
1739,257,2,820,4,4509,1,0,40
1740,257,2,821,7,4516,6,6,70
1741,257,2,822,4,4520,2,2,40
1742,257,2,823,8,4528,5,5,80
1743,257,2,824,4,4532,1,1,40
1744,257,2,825,2,4534,2,2,20
1745,257,2,826,9,4543,4,4,90
1746,257,2,827,4,4547,3,3,40
1747,257,2,828,4,4551,0,0,40
1748,257,2,829,8,4559,4,3,80
1749,257,2,830,2,4561,1,0,20
1750,257,2,831,7,4568,2,1,70
1751,257,2,832,8,4576,6,6,80
1752,257,2,833,8,4584,2,2,80
1753,257,2,834,3,4587,1,1,30
1754,257,2,835,9,4596,1,1,90
1755,257,2,836,2,4598,2,2,20
1756,257,2,837,8,4606,1,1,80
1757,257,2,838,8,4614,4,4,80
1758,257,2,839,9,4623,0,0,90
1759,257,2,840,3,4626,0,0,30
1760,257,2,841,4,4630,0,0,40
1761,257,2,842,4,4634,6,6,40
1762,257,2,843,3,4637,5,5,30
1763,257,2,844,7,4644,3,3,70
1764,257,2,845,9,4653,3,3,90
1765,257,2,846,3,4656,0,0,30
1766,257,2,847,7,4663,6,6,70
1767,257,2,848,3,4666,4,4,30
1768,257,2,849,2,4668,1,1,20
1769,257,2,850,3,4671,1,1,30
1770,257,2,851,2,4673,1,1,20
1771,257,2,852,2,4675,1,1,20
1772,257,2,853,9,4684,3,3,90
1773,257,2,854,8,4692,1,1,80
1774,257,2,855,5,4697,1,1,50
1775,257,2,856,3,4700,1,1,30
1776,257,2,857,3,4703,0,0,30
1777,257,2,858,8,4711,4,4,80
1778,257,2,859,2,4713,0,0,20
1779,257,2,860,4,4717,3,2,40
1780,257,2,861,5,4722,1,1,50
1781,257,2,862,2,4724,1,1,20
1782,257,2,863,6,4730,4,4,60
1783,257,2,864,2,4732,0,0,20
1784,257,2,865,3,4735,0,0,30
1785,257,2,866,2,4737,2,2,20
1786,257,2,867,9,4746,4,4,90
1787,257,2,868,9,4755,2,2,90
1788,257,2,869,6,4761,7,7,60
1789,257,2,870,4,4765,2,2,40
1790,257,2,871,9,4774,5,5,90
1791,257,2,872,2,4776,0,0,20
1792,257,2,873,8,4784,1,1,80
1793,257,2,874,5,4789,5,5,50
1794,257,2,875,8,4797,5,5,80
1795,257,2,876,5,4802,1,1,50
1796,257,2,877,6,4808,1,0,60
1797,257,2,878,4,4812,2,2,40
1798,257,2,879,6,4818,3,0,60
1799,257,2,880,5,4823,5,2,50
1800,257,2,881,2,4825,4,4,20
1801,257,2,882,2,4827,0,0,20
1802,257,2,883,8,4835,5,3,80
1803,257,2,884,2,4837,4,4,20
1804,257,2,885,2,4839,0,0,20
1805,257,2,886,9,4848,6,4,90
1806,257,2,887,6,4854,4,4,60
1807,257,2,888,9,4863,5,5,90
1808,257,2,889,4,4867,5,5,40
1809,257,2,890,9,4876,4,4,90
1810,257,2,891,5,4881,4,4,50
1811,257,2,892,8,4889,2,2,80
1812,257,2,893,5,4894,5,5,50
1813,257,2,894,2,4896,2,2,20
1814,257,2,895,6,4902,2,2,60
1815,257,2,896,7,4909,0,0,70
1816,257,2,897,5,4914,4,4,50
1817,257,2,898,4,4918,4,2,40
1818,257,2,899,2,4920,2,2,20
1819,257,2,900,9,4929,4,4,90
1820,257,2,901,4,4933,0,0,40
1821,257,2,902,2,4935,0,0,20
1822,257,2,903,4,4939,3,1,40
1823,257,2,904,3,4942,3,3,30
1824,257,2,905,7,4949,3,3,70
1825,257,2,906,9,4958,1,1,90
1826,257,2,907,3,4961,0,0,30
1827,257,2,908,3,4964,0,0,30
1828,257,2,909,2,4966,0,0,20
1829,257,2,910,6,4972,3,3,60
1830,257,2,911,8,4980,0,0,80
1831,257,2,912,3,4983,2,2,30
1832,257,2,913,3,4986,2,0,30
1833,257,2,914,2,4988,3,3,20
1834,257,2,915,3,4991,1,0,30
1835,257,2,916,4,4995,2,2,40
1836,257,3,1,7,7,4,4,70
1837,257,3,2,6,13,2,2,60
1838,257,3,3,4,17,2,0,40
1839,257,3,4,6,23,4,4,60
1840,257,3,5,4,27,3,3,40
1841,257,3,6,3,30,0,0,30
1842,257,3,7,3,33,0,0,30
1843,257,3,8,4,37,1,1,40
1844,257,3,9,3,40,2,2,30
1845,257,3,10,3,43,0,0,30
1846,257,3,11,5,48,5,5,50
1847,257,3,12,5,53,2,1,50
1848,257,3,13,4,57,2,2,40
1849,257,3,14,3,60,1,0,30
1850,257,3,15,8,68,8,8,80
1851,257,3,16,7,75,4,4,70
1852,257,3,17,2,77,0,0,20
1853,257,3,18,7,84,2,2,70
1854,257,3,19,8,92,4,1,80
1855,257,3,20,6,98,7,2,60
1856,257,3,21,7,105,7,7,70
1857,257,3,22,2,107,0,0,20
1858,257,3,23,6,113,2,1,60
1859,257,3,24,6,119,4,4,60
1860,257,3,25,9,128,7,7,90
1861,257,3,26,3,131,0,0,30
1862,257,3,27,2,133,1,0,20
1863,257,3,28,3,136,1,0,30
1864,257,3,29,2,138,1,1,20
1865,257,3,30,8,146,2,2,80
1866,257,3,31,8,154,4,4,80
1867,257,3,32,6,160,1,1,60
1868,257,3,33,6,166,2,2,60
1869,257,3,34,9,175,5,5,90
1870,257,3,35,5,180,2,2,50
1871,257,3,36,3,183,2,2,30
1872,257,3,37,5,188,3,2,50
1873,257,3,38,5,193,2,2,50
1874,257,3,39,4,197,1,1,40
1875,257,3,40,9,206,2,0,90
1876,257,3,41,6,212,5,5,60
1877,257,3,42,3,215,0,0,30
1878,257,3,43,3,218,1,1,30
1879,257,3,44,8,226,2,2,80
1880,257,3,45,6,232,4,4,60
1881,257,3,46,7,239,4,4,70
1882,257,3,47,3,242,2,2,30
1883,257,3,48,6,248,10,10,60
1884,257,3,49,6,254,0,0,60
1885,257,3,50,3,257,0,0,30
1886,257,3,51,7,264,4,4,70
1887,257,3,52,9,273,2,2,90
1888,257,3,53,2,275,2,2,20
1889,257,3,54,6,281,3,1,60
1890,257,3,55,4,285,5,5,40
1891,257,3,56,5,290,0,0,50
1892,257,3,57,2,292,0,0,20
1893,257,3,58,3,295,2,0,30
1894,257,3,59,4,299,2,0,40
1895,257,3,60,3,302,2,2,30
1896,257,3,61,5,307,6,6,50
1897,257,3,62,3,310,1,1,30
1898,257,3,63,5,315,0,0,50
1899,257,3,64,7,322,2,2,70
1900,257,3,65,6,328,3,2,60
1901,257,3,66,7,335,7,4,70
1902,257,3,67,2,337,5,5,20
1903,257,3,68,4,341,2,2,40
1904,257,3,69,3,344,2,2,30
1905,257,3,70,5,349,3,3,50
1906,257,3,71,6,355,5,1,60
1907,257,3,72,6,361,6,6,60
1908,257,3,73,5,366,2,2,50
1909,257,3,74,5,371,7,7,50
1910,257,3,75,9,380,3,1,90
1911,257,3,76,5,385,6,6,50
1912,257,3,77,4,389,2,1,40
1913,257,3,78,2,391,1,0,20
1914,257,3,79,7,398,8,8,70
1915,257,3,80,5,403,2,2,50
1916,257,3,81,9,412,5,5,90
1917,257,3,82,9,421,4,4,90
1918,257,3,83,2,423,1,1,20
1919,257,3,84,2,425,0,0,20
1920,257,3,85,8,433,4,4,80
1921,257,3,86,8,441,2,2,80
1922,257,3,87,8,449,2,2,80
1923,257,3,88,8,457,5,2,80
1924,257,3,89,8,465,12,12,80
1925,257,3,90,6,471,3,1,60
1926,257,3,91,7,478,3,2,70
1927,257,3,92,5,483,1,1,50
1928,257,3,93,9,492,3,1,90
1929,257,3,94,2,494,2,2,20
1930,257,3,95,2,496,0,0,20
1931,257,3,96,3,499,3,3,30
1932,257,3,97,9,508,3,3,90
1933,257,3,98,4,512,2,2,40
1934,257,3,99,9,521,2,2,90
1935,257,3,100,4,525,4,4,40
1936,257,3,101,5,530,5,5,50
1937,257,3,102,4,534,0,0,40
1938,257,3,103,7,541,2,0,70
1939,257,3,104,2,543,3,0,20
1940,257,3,105,9,552,9,9,90
1941,257,3,106,9,561,4,4,90
1942,257,3,107,6,567,3,3,60
1943,257,3,108,4,571,3,1,40
1944,257,3,109,5,576,2,2,50
1945,257,3,110,8,584,5,5,80
1946,257,3,111,4,588,1,1,40
1947,257,3,112,3,591,1,1,30
1948,257,3,113,4,595,1,1,40
1949,257,3,114,2,597,0,0,20
1950,257,3,115,8,605,2,2,80
1951,257,3,116,9,614,4,4,90
1952,257,3,117,9,623,10,10,90
1953,257,3,118,3,626,1,0,30
1954,257,3,119,5,631,4,4,50
1955,257,3,120,8,639,3,3,80
1956,257,3,121,9,648,10,10,90
1957,257,3,122,9,657,4,4,90
1958,257,3,123,7,664,4,4,70
1959,257,3,124,5,669,1,1,50
1960,257,3,125,9,678,7,7,90
1961,257,3,126,8,686,6,6,80
1962,257,3,127,8,694,5,5,80
1963,257,3,128,5,699,4,4,50
1964,257,3,129,9,708,7,7,90
1965,257,3,130,4,712,0,0,40
1966,257,3,131,6,718,3,3,60
1967,257,3,132,4,722,2,2,40
1968,257,3,133,3,725,2,2,30
1969,257,3,134,2,727,0,0,20
1970,257,3,135,9,736,6,6,90
1971,257,3,136,2,738,0,0,20
1972,257,3,137,4,742,1,1,40
1973,257,3,138,6,748,5,4,60
1974,257,3,139,7,755,7,7,70
1975,257,3,140,7,762,6,6,70
1976,257,3,141,7,769,4,4,70
1977,257,3,142,6,775,2,2,60
1978,257,3,143,3,778,2,0,30
1979,257,3,144,5,783,2,2,50
1980,257,3,145,3,786,1,0,30
1981,257,3,146,9,795,6,6,90
1982,257,3,147,4,799,2,0,40
1983,257,3,148,4,803,2,2,40
1984,257,3,149,9,812,5,1,90
1985,257,3,150,4,816,5,5,40
1986,257,3,151,9,825,6,6,90
1987,257,3,152,9,834,3,3,90
1988,257,3,153,4,838,2,2,40
1989,257,3,154,2,840,0,0,20
1990,257,3,155,3,843,3,3,30
1991,257,3,156,2,845,0,0,20
1992,257,3,157,4,849,1,1,40
1993,257,3,158,2,851,1,1,20
1994,257,3,159,8,859,3,1,80
1995,257,3,160,6,865,4,0,60
1996,257,3,161,2,867,6,6,20
1997,257,3,162,7,874,3,3,70
1998,257,3,163,5,879,5,2,50
1999,257,3,164,2,881,3,0,20
2000,257,3,165,8,889,5,3,80
2001,257,3,166,8,897,5,5,80
2002,257,3,167,5,902,2,1,50
2003,257,3,168,3,905,2,2,30
2004,257,3,169,2,907,0,0,20
2005,257,3,170,8,915,3,3,80
2006,257,3,171,9,924,5,2,90
2007,257,3,172,5,929,6,3,50
2008,257,3,173,3,932,5,5,30
2009,257,3,174,5,937,3,3,50
2010,257,3,175,4,941,2,1,40
2011,257,3,176,6,947,2,0,60
2012,257,3,177,2,949,3,2,20
2013,257,3,178,7,956,1,1,70
2014,257,3,179,5,961,2,2,50
2015,257,3,180,9,970,3,3,90
2016,257,3,181,4,974,0,0,40
2017,257,3,182,5,979,2,2,50
2018,257,3,183,3,982,1,1,30
2019,257,3,184,3,985,3,3,30
2020,257,3,185,8,993,4,4,80
2021,257,3,186,4,997,0,0,40
2022,257,3,187,4,1001,3,1,40
2023,257,3,188,6,1007,3,2,60
2024,257,3,189,4,1011,3,3,40
2025,257,3,190,4,1015,1,1,40
2026,257,3,191,2,1017,1,1,20
2027,257,3,192,8,1025,1,0,80
2028,257,3,193,4,1029,4,4,40
2029,257,3,194,7,1036,2,1,70
2030,257,3,195,3,1039,3,0,30
2031,257,3,196,8,1047,6,6,80
2032,257,3,197,9,1056,5,5,90
2033,257,3,198,4,1060,3,3,40
2034,257,3,199,4,1064,3,3,40
2035,257,3,200,8,1072,2,0,80
2036,257,3,201,2,1074,2,2,20
2037,257,3,202,5,1079,3,3,50
2038,257,3,203,5,1084,3,0,50
2039,257,3,204,2,1086,5,5,20
2040,257,3,205,6,1092,3,3,60
2041,257,3,206,4,1096,4,4,40
2042,257,3,207,3,1099,3,3,30
2043,257,3,208,4,1103,1,0,40
2044,257,3,209,9,1112,5,5,90
2045,257,3,210,5,1117,2,2,50
2046,257,3,211,5,1122,3,1,50
2047,257,3,212,7,1129,7,7,70
2048,257,3,213,7,1136,0,0,70
2049,257,3,214,6,1142,5,5,60
2050,257,3,215,9,1151,4,4,90
2051,257,3,216,6,1157,2,2,60
2052,257,3,217,3,1160,1,1,30
2053,257,3,218,8,1168,4,3,80
2054,257,3,219,7,1175,4,4,70
2055,257,3,220,8,1183,9,9,80
2056,257,3,221,8,1191,9,9,80
2057,257,3,222,4,1195,5,5,40
2058,257,3,223,7,1202,3,3,70
2059,257,3,224,8,1210,7,7,80
2060,257,3,225,9,1219,5,3,90
2061,257,3,226,2,1221,2,2,20
2062,257,3,227,3,1224,2,0,30
2063,257,3,228,4,1228,6,1,40
2064,257,3,229,9,1237,8,8,90
2065,257,3,230,9,1246,3,3,90
2066,257,3,231,5,1251,5,5,50
2067,257,3,232,7,1258,4,4,70
2068,257,3,233,5,1263,1,1,50
2069,257,3,234,7,1270,5,1,70
2070,257,3,235,2,1272,5,5,20
2071,257,3,236,7,1279,4,4,70
2072,257,3,237,5,1284,1,1,50
2073,257,3,238,3,1287,2,2,30
2074,257,3,239,7,1294,3,2,70
2075,257,3,240,7,1301,4,4,70
2076,257,3,241,7,1308,4,4,70
2077,257,3,242,6,1314,4,4,60
2078,257,3,243,4,1318,2,2,40
2079,257,3,244,3,1321,1,0,30
2080,257,3,245,7,1328,5,5,70
2081,257,3,246,7,1335,3,3,70
2082,257,3,247,2,1337,1,1,20
2083,257,3,248,7,1344,4,4,70
2084,257,3,249,4,1348,3,1,40
2085,257,3,250,6,1354,4,4,60
2086,257,3,251,4,1358,2,2,40
2087,257,3,252,9,1367,5,5,90
2088,257,3,253,4,1371,2,2,40
2089,257,3,254,6,1377,3,3,60
2090,257,3,255,4,1381,1,1,40
2091,257,3,256,7,1388,3,1,70
2092,257,3,257,8,1396,7,7,80
2093,257,3,258,4,1400,1,1,40
2094,257,3,259,4,1404,2,2,40
2095,257,3,260,5,1409,4,4,50
2096,257,3,261,9,1418,4,1,90
2097,257,3,262,9,1427,6,6,90
2098,257,3,263,2,1429,0,0,20
2099,257,3,264,4,1433,1,0,40
2100,257,3,265,2,1435,1,0,20
2101,257,3,266,9,1444,6,6,90
2102,257,3,267,2,1446,0,0,20
2103,257,3,268,8,1454,4,4,80
2104,257,3,269,8,1462,6,6,80
2105,257,3,270,9,1471,6,6,90
2106,257,3,271,7,1478,2,2,70
2107,257,3,272,7,1485,4,3,70
2108,257,3,273,3,1488,3,3,30
2109,257,3,274,6,1494,5,2,60
2110,257,3,275,5,1499,3,3,50
2111,257,3,276,6,1505,5,5,60
2112,257,3,277,8,1513,7,7,80
2113,257,3,278,5,1518,4,4,50
2114,257,3,279,3,1521,4,4,30
2115,257,3,280,5,1526,2,2,50
2116,257,3,281,7,1533,0,0,70
2117,257,3,282,2,1535,1,1,20
2118,257,3,283,8,1543,5,5,80
2119,257,3,284,6,1549,4,1,60
2120,257,3,285,9,1558,7,1,90
2121,257,3,286,3,1561,7,1,30
2122,257,3,287,4,1565,7,7,40
2123,257,3,288,5,1570,4,4,50
2124,257,3,289,2,1572,0,0,20
2125,257,3,290,9,1581,4,4,90
2126,257,3,291,2,1583,0,0,20
2127,257,3,292,6,1589,2,0,60
2128,257,3,293,5,1594,2,1,50
2129,257,3,294,2,1596,1,1,20
2130,257,3,295,3,1599,2,2,30
2131,257,3,296,4,1603,2,2,40
2132,257,3,297,4,1607,3,3,40
2133,257,3,298,8,1615,1,1,80
2134,257,3,299,8,1623,2,1,80
2135,257,3,300,5,1628,3,1,50
2136,257,3,301,4,1632,4,4,40
2137,257,3,302,6,1638,3,3,60
2138,257,3,303,6,1644,3,1,60
2139,257,3,304,2,1646,2,2,20
2140,257,3,305,5,1651,1,0,50
2141,257,3,306,9,1660,1,1,90
2142,257,3,307,3,1663,2,2,30
2143,257,3,308,5,1668,3,0,50
2144,257,3,309,2,1670,4,4,20
2145,257,3,310,7,1677,1,1,70
2146,257,3,311,3,1680,1,0,30
2147,257,3,312,8,1688,6,6,80
2148,257,3,313,2,1690,1,1,20
2149,257,3,314,3,1693,2,1,30
2150,257,3,315,4,1697,1,0,40
2151,257,3,316,8,1705,6,6,80
2152,257,3,317,4,1709,3,3,40
2153,257,3,318,4,1713,3,0,40
2154,257,3,319,7,1720,10,10,70
2155,257,3,320,4,1724,4,4,40
2156,257,3,321,9,1733,4,4,90
2157,257,3,322,3,1736,2,2,30
2158,257,3,323,7,1743,3,3,70
2159,257,3,324,2,1745,0,0,20
2160,257,3,325,5,1750,2,0,50
2161,257,3,326,7,1757,9,2,70
2162,257,3,327,7,1764,12,12,70
2163,257,3,328,4,1768,4,4,40
2164,257,3,329,2,1770,1,0,20
2165,257,3,330,9,1779,3,3,90
2166,257,3,331,6,1785,5,5,60
2167,257,3,332,8,1793,6,6,80
2168,257,3,333,5,1798,1,0,50
2169,257,3,334,4,1802,4,4,40
2170,257,3,335,5,1807,2,2,50
2171,257,3,336,6,1813,1,1,60
2172,257,3,337,9,1822,5,5,90
2173,257,3,338,7,1829,2,2,70
2174,257,3,339,9,1838,2,1,90
2175,257,3,340,4,1842,1,1,40
2176,257,3,341,6,1848,3,3,60
2177,257,3,342,7,1855,8,8,70
2178,257,3,343,3,1858,3,0,30
2179,257,3,344,5,1863,4,4,50
2180,257,3,345,7,1870,5,5,70
2181,257,3,346,9,1879,5,2,90
2182,257,3,347,4,1883,3,3,40
2183,257,3,348,3,1886,1,1,30
2184,257,3,349,6,1892,2,2,60
2185,257,3,350,7,1899,6,6,70
2186,257,3,351,2,1901,0,0,20
2187,257,3,352,5,1906,2,2,50
2188,257,3,353,5,1911,1,1,50
2189,257,3,354,3,1914,0,0,30
2190,257,3,355,8,1922,1,1,80
2191,257,3,356,7,1929,4,4,70
2192,257,3,357,6,1935,2,2,60
2193,257,3,358,2,1937,3,3,20
2194,257,3,359,6,1943,0,0,60
2195,257,3,360,9,1952,4,4,90
2196,257,3,361,2,1954,1,0,20
2197,257,3,362,2,1956,2,2,20
2198,257,3,363,9,1965,4,4,90
2199,257,3,364,7,1972,2,2,70
2200,257,3,365,4,1976,0,0,40
2201,257,3,366,8,1984,4,3,80
2202,257,3,367,9,1993,7,7,90
2203,257,3,368,7,2000,3,1,70
2204,257,3,369,8,2008,7,3,80
2205,257,3,370,6,2014,6,6,60
2206,257,3,371,2,2016,1,1,20
2207,257,3,372,6,2022,3,3,60
2208,257,3,373,4,2026,3,3,40
2209,257,3,374,8,2034,8,5,80
2210,257,3,375,6,2040,10,10,60
2211,257,3,376,8,2048,7,7,80
2212,257,3,377,7,2055,3,3,70
2213,257,3,378,4,2059,1,0,40
2214,257,3,379,9,2068,3,3,90
2215,257,3,380,5,2073,3,1,50
2216,257,3,381,7,2080,3,3,70
2217,257,3,382,2,2082,1,1,20
2218,257,3,383,9,2091,7,7,90
2219,257,3,384,9,2100,6,4,90
2220,257,3,385,6,2106,3,3,60
2221,257,3,386,2,2108,0,0,20
2222,257,3,387,8,2116,5,5,80
2223,257,3,388,6,2122,1,0,60
2224,257,3,389,6,2128,5,5,60
2225,257,3,390,2,2130,2,0,20
2226,257,3,391,7,2137,4,4,70
2227,257,3,392,4,2141,2,2,40
2228,257,3,393,5,2146,5,3,50
2229,257,3,394,3,2149,2,0,30
2230,257,3,395,5,2154,5,2,50
2231,257,3,396,6,2160,4,4,60
2232,257,3,397,5,2165,4,4,50
2233,257,3,398,2,2167,2,2,20
2234,257,3,399,8,2175,3,3,80
2235,257,3,400,7,2182,4,3,70
2236,257,3,401,5,2187,5,5,50
2237,257,3,402,7,2194,3,3,70
2238,257,3,403,6,2200,2,0,60
2239,257,3,404,9,2209,5,2,90
2240,257,3,405,7,2216,8,4,70
2241,257,3,406,6,2222,5,5,60
2242,257,3,407,8,2230,4,4,80
2243,257,3,408,8,2238,4,2,80
2244,257,3,409,5,2243,7,7,50
2245,257,3,410,3,2246,3,3,30
2246,257,3,411,6,2252,1,0,60
2247,257,3,412,7,2259,6,6,70
2248,257,3,413,8,2267,6,5,80
2249,257,3,414,8,2275,9,3,80
2250,257,3,415,3,2278,11,6,30
2251,257,3,416,4,2282,6,1,40
2252,257,3,417,4,2286,8,8,40
2253,257,3,418,2,2288,2,0,20
2254,257,3,419,6,2294,5,5,60
2255,257,3,420,2,2296,1,1,20
2256,257,3,421,6,2302,2,2,60
2257,257,3,422,6,2308,4,1,60
2258,257,3,423,5,2313,7,7,50
2259,257,3,424,7,2320,2,2,70
2260,257,3,425,3,2323,3,3,30
2261,257,3,426,7,2330,5,2,70
2262,257,3,427,6,2336,7,7,60
2263,257,3,428,7,2343,7,7,70
2264,257,3,429,2,2345,1,1,20
2265,257,3,430,7,2352,3,3,70
2266,257,3,431,3,2355,1,0,30
2267,257,3,432,2,2357,2,2,20
2268,257,3,433,2,2359,4,4,20
2269,257,3,434,8,2367,4,2,80
2270,257,3,435,8,2375,3,2,80
2271,257,3,436,7,2382,4,1,70
2272,257,3,437,6,2388,6,6,60
2273,257,3,438,2,2390,2,0,20
2274,257,3,439,3,2393,2,2,30
2275,257,3,440,6,2399,6,6,60
2276,257,3,441,6,2405,5,5,60
2277,257,3,442,3,2408,0,0,30
2278,257,3,443,7,2415,3,3,70
2279,257,3,444,8,2423,4,0,80
2280,257,3,445,7,2430,11,8,70
2281,257,3,446,3,2433,4,4,30
2282,257,3,447,2,2435,1,1,20
2283,257,3,448,5,2440,3,3,50
2284,257,3,449,9,2449,5,5,90
2285,257,3,450,5,2454,3,3,50
2286,257,3,451,7,2461,1,1,70
2287,257,3,452,6,2467,3,3,60
2288,257,3,453,9,2476,3,2,90
2289,257,3,454,9,2485,6,6,90
2290,257,3,455,4,2489,3,3,40
2291,257,3,456,2,2491,1,1,20
2292,257,3,457,3,2494,2,2,30
2293,257,3,458,8,2502,5,5,80
2294,257,3,459,9,2511,4,2,90
2295,257,3,460,2,2513,3,3,20
2296,257,3,461,9,2522,8,8,90
2297,257,3,462,6,2528,2,0,60
2298,257,3,463,5,2533,7,7,50
2299,257,3,464,7,2540,2,2,70
2300,257,3,465,8,2548,4,2,80
2301,257,3,466,4,2552,2,1,40
2302,257,3,467,6,2558,7,2,60
2303,257,3,468,3,2561,6,2,30
2304,257,3,469,5,2566,6,6,50
2305,257,3,470,5,2571,2,2,50
2306,257,3,471,8,2579,5,5,80
2307,257,3,472,4,2583,4,4,40
2308,257,3,473,2,2585,1,1,20
2309,257,3,474,3,2588,2,2,30
2310,257,3,475,6,2594,4,2,60
2311,257,3,476,3,2597,2,1,30
2312,257,3,477,7,2604,4,1,70
2313,257,3,478,9,2613,7,7,90
2314,257,3,479,2,2615,1,1,20
2315,257,3,480,8,2623,2,2,80
2316,257,3,481,7,2630,4,4,70
2317,257,3,482,8,2638,3,3,80
2318,257,3,483,9,2647,0,0,90
2319,257,3,484,7,2654,2,2,70
2320,257,3,485,2,2656,3,3,20
2321,257,3,486,3,2659,0,0,30
2322,257,3,487,7,2666,4,4,70
2323,257,3,488,2,2668,1,0,20
2324,257,3,489,8,2676,5,5,80
2325,257,3,490,6,2682,7,7,60
2326,257,3,491,5,2687,5,2,50
2327,257,3,492,9,2696,7,7,90
2328,257,3,493,2,2698,0,0,20
2329,257,3,494,4,2702,0,0,40
2330,257,3,495,9,2711,2,1,90
2331,257,3,496,8,2719,1,0,80
2332,257,3,497,2,2721,3,0,20
2333,257,3,498,6,2727,5,5,60
2334,257,3,499,6,2733,4,4,60
2335,257,3,500,9,2742,6,1,90
2336,257,3,501,9,2751,10,3,90
2337,257,3,502,3,2754,10,10,30
2338,257,3,503,6,2760,1,1,60
2339,257,3,504,2,2762,2,1,20
2340,257,3,505,9,2771,9,9,90
2341,257,3,506,5,2776,2,2,50
2342,257,3,507,7,2783,2,0,70
2343,257,3,508,3,2786,3,3,30
2344,257,3,509,6,2792,0,0,60
2345,257,3,510,7,2799,2,0,70
2346,257,3,511,3,2802,5,5,30
2347,257,3,512,3,2805,3,3,30
2348,257,3,513,8,2813,2,2,80
2349,257,3,514,8,2821,2,2,80
2350,257,3,515,7,2828,4,1,70
2351,257,3,516,2,2830,3,1,20
2352,257,3,517,2,2832,3,3,20
2353,257,3,518,6,2838,2,2,60
2354,257,3,519,5,2843,1,1,50
2355,257,3,520,3,2846,1,1,30
2356,257,3,521,2,2848,0,0,20
2357,257,3,522,6,2854,6,6,60
2358,257,3,523,2,2856,1,1,20
2359,257,3,524,4,2860,1,1,40
2360,257,3,525,4,2864,0,0,40
2361,257,3,526,3,2867,0,0,30
2362,257,3,527,9,2876,3,0,90
2363,257,3,528,2,2878,4,1,20
2364,257,3,529,7,2885,9,4,70
2365,257,3,530,9,2894,11,11,90
2366,257,3,531,8,2902,5,5,80
2367,257,3,532,6,2908,4,1,60
2368,257,3,533,7,2915,6,6,70
2369,257,3,534,6,2921,5,5,60
2370,257,3,535,7,2928,7,7,70
2371,257,3,536,5,2933,0,0,50
2372,257,3,537,2,2935,1,1,20
2373,257,3,538,2,2937,0,0,20
2374,257,3,539,6,2943,2,2,60
2375,257,3,540,5,2948,2,0,50
2376,257,3,541,6,2954,5,5,60
2377,257,3,542,4,2958,1,1,40
2378,257,3,543,6,2964,5,5,60
2379,257,3,544,6,2970,4,2,60
2380,257,3,545,8,2978,3,3,80
2381,257,3,546,4,2982,3,3,40
2382,257,3,547,4,2986,3,3,40
2383,257,3,548,4,2990,2,2,40
2384,257,3,549,8,2998,4,1,80
2385,257,3,550,7,3005,4,4,70
2386,257,3,551,5,3010,6,6,50
2387,257,3,552,7,3017,4,1,70
2388,257,3,553,8,3025,4,1,80
2389,257,3,554,5,3030,5,5,50
2390,257,3,555,3,3033,1,1,30
2391,257,3,556,2,3035,2,0,20
2392,257,3,557,8,3043,4,4,80
2393,257,3,558,7,3050,5,5,70
2394,257,3,559,3,3053,3,3,30
2395,257,3,560,3,3056,2,0,30
2396,257,3,561,4,3060,3,3,40
2397,257,3,562,5,3065,3,3,50
2398,257,3,563,5,3070,1,1,50
2399,257,3,564,9,3079,7,2,90
2400,257,3,565,6,3085,6,6,60
2401,257,3,566,7,3092,6,6,70
2402,257,3,567,8,3100,5,5,80
2403,257,3,568,5,3105,1,1,50
2404,257,3,569,5,3110,1,1,50
2405,257,3,570,5,3115,1,0,50
2406,257,3,571,6,3121,4,4,60
2407,257,3,572,7,3128,0,0,70
2408,257,3,573,9,3137,7,7,90
2409,257,3,574,4,3141,1,1,40
2410,257,3,575,5,3146,3,3,50
2411,257,3,576,8,3154,5,5,80
2412,257,3,577,8,3162,5,4,80
2413,257,3,578,2,3164,2,2,20
2414,257,3,579,4,3168,1,1,40
2415,257,3,580,4,3172,2,2,40
2416,257,3,581,4,3176,0,0,40
2417,257,3,582,3,3179,2,0,30
2418,257,3,583,6,3185,8,4,60
2419,257,3,584,7,3192,4,4,70
2420,257,3,585,3,3195,1,1,30
2421,257,3,586,4,3199,3,3,40
2422,257,3,587,6,3205,4,1,60
2423,257,3,588,5,3210,3,3,50
2424,257,3,589,8,3218,5,5,80
2425,257,3,590,5,3223,3,2,50
2426,257,3,591,5,3228,8,3,50
2427,257,3,592,3,3231,5,4,30
2428,257,3,593,8,3239,7,7,80
2429,257,3,594,3,3242,2,0,30
2430,257,3,595,4,3246,6,6,40
2431,257,3,596,3,3249,1,1,30
2432,257,3,597,5,3254,3,3,50
2433,257,3,598,2,3256,1,0,20
2434,257,3,599,6,3262,7,7,60
2435,257,3,600,2,3264,2,2,20
2436,257,3,601,4,3268,2,2,40
2437,257,3,602,2,3270,1,1,20
2438,257,3,603,6,3276,1,0,60
2439,257,3,604,9,3285,6,6,90
2440,257,3,605,4,3289,6,2,40
2441,257,3,606,9,3298,7,3,90
2442,257,3,607,5,3303,9,9,50
2443,257,3,608,7,3310,1,1,70
2444,257,3,609,3,3313,1,1,30
2445,257,3,610,6,3319,4,4,60
2446,257,3,611,8,3327,5,2,80
2447,257,3,612,5,3332,6,6,50
2448,257,3,613,4,3336,2,1,40
2449,257,3,614,5,3341,3,3,50
2450,257,3,615,3,3344,3,1,30
2451,257,3,616,3,3347,4,3,30
2452,257,3,617,8,3355,5,5,80
2453,257,3,618,5,3360,2,2,50
2454,257,3,619,6,3366,4,2,60
2455,257,3,620,9,3375,9,9,90
2456,257,3,621,3,3378,0,0,30
2457,257,3,622,9,3387,5,5,90
2458,257,3,623,9,3396,4,4,90
2459,257,3,624,6,3402,2,2,60
2460,257,3,625,5,3407,3,3,50
2461,257,3,626,4,3411,4,4,40
2462,257,3,627,3,3414,2,0,30
2463,257,3,628,5,3419,4,4,50
2464,257,3,629,9,3428,3,3,90
2465,257,3,630,7,3435,2,1,70
2466,257,3,631,8,3443,6,6,80
2467,257,3,632,9,3452,2,0,90
2468,257,3,633,2,3454,3,2,20
2469,257,3,634,5,3459,4,2,50
2470,257,3,635,4,3463,5,2,40
2471,257,3,636,4,3467,6,1,40
2472,257,3,637,8,3475,7,7,80
2473,257,3,638,3,3478,2,1,30
2474,257,3,639,9,3487,6,6,90
2475,257,3,640,9,3496,1,1,90
2476,257,3,641,7,3503,4,4,70
2477,257,3,642,8,3511,5,5,80
2478,257,3,643,6,3517,3,3,60
2479,257,3,644,2,3519,1,1,20
2480,257,3,645,2,3521,2,2,20
2481,257,3,646,5,3526,2,2,50
2482,257,3,647,3,3529,1,0,30
2483,257,3,648,8,3537,8,2,80
2484,257,3,649,4,3541,9,9,40
2485,257,3,650,8,3549,3,3,80
2486,257,3,651,3,3552,1,1,30
2487,257,3,652,9,3561,5,5,90
2488,257,3,653,3,3564,2,1,30
2489,257,3,654,4,3568,2,2,40
2490,257,3,655,2,3570,0,0,20
2491,257,3,656,5,3575,3,3,50
2492,257,3,657,5,3580,2,2,50
2493,257,3,658,3,3583,1,1,30
2494,257,3,659,8,3591,3,3,80
2495,257,3,660,7,3598,5,1,70
2496,257,3,661,7,3605,10,10,70
2497,257,3,662,4,3609,2,2,40
2498,257,3,663,4,3613,2,2,40
2499,257,3,664,4,3617,1,1,40
2500,257,3,665,4,3621,2,2,40
2501,257,3,666,3,3624,2,0,30
2502,257,3,667,5,3629,3,3,50
2503,257,3,668,6,3635,3,3,60
2504,257,3,669,7,3642,3,3,70
2505,257,3,670,5,3647,4,4,50
2506,257,3,671,7,3654,4,1,70
2507,257,3,672,6,3660,5,3,60
2508,257,3,673,5,3665,3,2,50
2509,257,3,674,8,3673,7,7,80
2510,257,3,675,8,3681,3,1,80
2511,257,3,676,6,3687,5,5,60
2512,257,3,677,6,3693,6,3,60
2513,257,3,678,2,3695,4,4,20
2514,257,3,679,8,3703,7,7,80
2515,257,3,680,3,3706,1,1,30
2516,257,3,681,3,3709,0,0,30
2517,257,3,682,4,3713,3,3,40
2518,257,3,683,3,3716,1,1,30
2519,257,3,684,2,3718,0,0,20
2520,257,3,685,8,3726,6,6,80
2521,257,3,686,9,3735,5,5,90
2522,257,3,687,8,3743,5,5,80
2523,257,3,688,4,3747,2,2,40
2524,257,3,689,8,3755,3,3,80
2525,257,3,690,4,3759,0,0,40
2526,257,3,691,4,3763,2,2,40
2527,257,3,692,9,3772,7,7,90
2528,257,3,693,9,3781,4,4,90
2529,257,3,694,6,3787,3,3,60
2530,257,3,695,2,3789,2,2,20
2531,257,3,696,3,3792,1,0,30
2532,257,3,697,9,3801,6,1,90
2533,257,3,698,5,3806,6,6,50
2534,257,3,699,7,3813,2,2,70
2535,257,3,700,3,3816,3,1,30
2536,257,3,701,8,3824,5,3,80
2537,257,3,702,5,3829,7,7,50
2538,257,3,703,9,3838,4,2,90
2539,257,3,704,7,3845,4,4,70
2540,257,3,705,9,3854,7,2,90
2541,257,3,706,2,3856,5,5,20
2542,257,3,707,4,3860,2,0,40
2543,257,3,708,2,3862,5,3,20
2544,257,3,709,5,3867,3,3,50
2545,257,3,710,8,3875,4,4,80
2546,257,3,711,8,3883,4,4,80
2547,257,3,712,3,3886,1,1,30
2548,257,3,713,3,3889,0,0,30
2549,257,3,714,3,3892,2,2,30
2550,257,3,715,3,3895,0,0,30
2551,257,3,716,4,3899,4,4,40
2552,257,3,717,6,3905,3,3,60
2553,257,3,718,2,3907,0,0,20
2554,257,3,719,4,3911,5,5,40
2555,257,3,720,2,3913,0,0,20
2556,257,3,721,4,3917,0,0,40
2557,257,3,722,2,3919,1,0,20
2558,257,3,723,9,3928,9,9,90
2559,257,3,724,5,3933,3,3,50
2560,257,3,725,3,3936,0,0,30
2561,257,3,726,8,3944,4,4,80
2562,257,3,727,5,3949,2,0,50
2563,257,3,728,2,3951,2,2,20
2564,257,3,729,2,3953,0,0,20
2565,257,3,730,8,3961,6,6,80
2566,257,3,731,4,3965,2,0,40
2567,257,3,732,2,3967,4,4,20
2568,257,3,733,9,3976,7,2,90
2569,257,3,734,3,3979,6,6,30
2570,257,3,735,3,3982,0,0,30
2571,257,3,736,9,3991,3,3,90
2572,257,3,737,2,3993,0,0,20
2573,257,3,738,5,3998,0,0,50
2574,257,3,739,9,4007,2,2,90
2575,257,3,740,3,4010,3,3,30
2576,257,3,741,9,4019,4,3,90
2577,257,3,742,9,4028,4,4,90
2578,257,3,743,5,4033,1,1,50
2579,257,3,744,9,4042,7,7,90
2580,257,3,745,2,4044,0,0,20
2581,257,3,746,6,4050,6,6,60
2582,257,3,747,2,4052,2,2,20
2583,257,3,748,6,4058,6,6,60
2584,257,3,749,2,4060,1,1,20
2585,257,3,750,4,4064,1,0,40
2586,257,3,751,5,4069,5,5,50
2587,257,3,752,4,4073,3,3,40
2588,257,3,753,3,4076,0,0,30
2589,257,3,754,3,4079,0,0,30
2590,257,3,755,2,4081,1,1,20
2591,257,3,756,2,4083,1,1,20
2592,257,3,757,7,4090,4,4,70
2593,257,3,758,7,4097,0,0,70
2594,257,3,759,6,4103,1,1,60
2595,257,3,760,4,4107,2,2,40
2596,257,3,761,2,4109,0,0,20
2597,257,3,762,3,4112,6,3,30
2598,257,3,763,6,4118,6,4,60
2599,257,3,764,5,4123,3,3,50
2600,257,3,765,7,4130,1,0,70
2601,257,3,766,9,4139,7,7,90
2602,257,3,767,9,4148,5,5,90
2603,257,3,768,9,4157,5,2,90
2604,257,3,769,7,4164,10,10,70
2605,257,3,770,2,4166,0,0,20
2606,257,3,771,4,4170,1,1,40
2607,257,3,772,3,4173,2,0,30
2608,257,3,773,8,4181,8,1,80
2609,257,3,774,3,4184,13,13,30
2610,257,3,775,8,4192,2,1,80
2611,257,3,776,3,4195,4,4,30
2612,257,3,777,8,4203,6,6,80
2613,257,3,778,6,4209,3,3,60
2614,257,3,779,9,4218,7,7,90
2615,257,3,780,5,4223,3,1,50
2616,257,3,781,5,4228,4,4,50
2617,257,3,782,3,4231,1,1,30
2618,257,3,783,3,4234,2,2,30
2619,257,3,784,3,4237,3,1,30
2620,257,3,785,3,4240,4,2,30
2621,257,3,786,2,4242,2,2,20
2622,257,3,787,5,4247,3,3,50
2623,257,3,788,4,4251,1,1,40
2624,257,3,789,6,4257,3,3,60
2625,257,3,790,6,4263,7,5,60
2626,257,3,791,9,4272,9,6,90
2627,257,3,792,9,4281,4,4,90
2628,257,3,793,6,4287,3,3,60
2629,257,3,794,6,4293,3,1,60
2630,257,3,795,9,4302,12,3,90
2631,257,3,796,8,4310,11,8,80
2632,257,3,797,9,4319,8,3,90
2633,257,3,798,6,4325,8,8,60
2634,257,3,799,5,4330,2,2,50
2635,257,3,800,7,4337,8,8,70
2636,257,3,801,3,4340,2,2,30
2637,257,3,802,2,4342,2,2,20
2638,257,3,803,5,4347,0,0,50
2639,257,3,804,2,4349,1,1,20
2640,257,3,805,9,4358,4,4,90
2641,257,3,806,9,4367,3,2,90
2642,257,3,807,9,4376,8,8,90
2643,257,3,808,6,4382,2,2,60
2644,257,3,809,8,4390,2,0,80
2645,257,3,810,8,4398,4,4,80
2646,257,3,811,3,4401,0,0,30
2647,257,3,812,7,4408,3,3,70
2648,257,3,813,3,4411,1,1,30
2649,257,3,814,7,4418,3,3,70
2650,257,3,815,4,4422,2,1,40
2651,257,3,816,6,4428,6,6,60
2652,257,3,817,3,4431,3,3,30
2653,257,3,818,4,4435,2,2,40
2654,257,3,819,7,4442,1,0,70
2655,257,3,820,5,4447,1,1,50
2656,257,3,821,2,4449,0,0,20
2657,257,3,822,8,4457,4,4,80
2658,257,3,823,8,4465,5,1,80
2659,257,3,824,8,4473,8,8,80
2660,257,3,825,8,4481,3,3,80
2661,257,3,826,4,4485,1,1,40
2662,257,3,827,8,4493,3,3,80
2663,257,3,828,5,4498,3,3,50
2664,257,3,829,5,4503,4,2,50
2665,257,3,830,7,4510,8,4,70
2666,257,3,831,6,4516,10,10,60
2667,257,3,832,3,4519,0,0,30
2668,257,3,833,2,4521,2,2,20
2669,257,3,834,2,4523,1,0,20
2670,257,3,835,6,4529,2,2,60
2671,257,3,836,5,4534,5,2,50
2672,257,3,837,3,4537,5,5,30
2673,257,3,838,6,4543,2,2,60
2674,257,3,839,2,4545,0,0,20
2675,257,3,840,7,4552,3,3,70
2676,257,3,841,2,4554,1,1,20
2677,257,3,842,4,4558,3,3,40
2678,257,3,843,4,4562,4,4,40
2679,257,3,844,8,4570,3,3,80
2680,257,3,845,5,4575,6,6,50
2681,257,3,846,4,4579,1,1,40
2682,257,3,847,2,4581,0,0,20
2683,257,3,848,5,4586,3,1,50
2684,257,3,849,5,4591,3,3,50
2685,257,3,850,8,4599,5,5,80
2686,257,3,851,8,4607,5,5,80
2687,257,3,852,3,4610,1,1,30
2688,257,3,853,5,4615,2,0,50
2689,257,3,854,3,4618,3,1,30
2690,257,3,855,3,4621,4,4,30
2691,257,3,856,2,4623,4,4,20
2692,257,3,857,3,4626,1,0,30
2693,257,3,858,6,4632,2,2,60
2694,257,3,859,6,4638,3,3,60
2695,257,3,860,2,4640,0,0,20
2696,257,3,861,4,4644,4,4,40
2697,257,3,862,7,4651,3,1,70
2698,257,3,863,8,4659,7,3,80
2699,257,3,864,5,4664,6,6,50
2700,257,3,865,6,4670,8,4,60
2701,257,3,866,4,4674,6,4,40
2702,257,3,867,8,4682,4,4,80
2703,257,3,868,4,4686,1,1,40
2704,257,3,869,7,4693,1,1,70
2705,257,3,870,2,4695,1,1,20
2706,257,3,871,7,4702,2,2,70
2707,257,3,872,9,4711,9,9,90
2708,257,3,873,9,4720,5,5,90
2709,257,3,874,9,4729,3,3,90
2710,257,3,875,3,4732,0,0,30
2711,257,3,876,7,4739,5,5,70
2712,257,3,877,3,4742,1,1,30
2713,257,3,878,2,4744,2,2,20
2714,257,3,879,5,4749,2,2,50
2715,257,3,880,2,4751,0,0,20
2716,257,3,881,7,4758,1,0,70
2717,257,3,882,6,4764,2,0,60
2718,257,3,883,2,4766,4,4,20
2719,257,3,884,6,4772,5,3,60
2720,257,3,885,9,4781,3,3,90
2721,257,3,886,7,4788,4,2,70
2722,257,3,887,6,4794,3,3,60
2723,257,3,888,5,4799,0,0,50
2724,257,3,889,8,4807,5,5,80
2725,257,3,890,7,4814,2,2,70
2726,257,3,891,8,4822,2,2,80
2727,257,3,892,6,4828,1,0,60
2728,257,3,893,7,4835,4,4,70
2729,257,3,894,4,4839,1,1,40
2730,257,3,895,4,4843,3,3,40
2731,257,3,896,5,4848,2,2,50
2732,257,3,897,4,4852,4,2,40
2733,257,3,898,8,4860,5,5,80
2734,257,3,899,6,4866,4,4,60
2735,257,3,900,3,4869,2,2,30
2736,257,3,901,6,4875,2,2,60
2737,257,3,902,2,4877,2,2,20
2738,257,3,903,5,4882,2,2,50
2739,257,3,904,7,4889,5,2,70
2740,257,3,905,6,4895,7,7,60
2741,257,3,906,5,4900,0,0,50
2742,257,3,907,6,4906,9,9,60
2743,257,3,908,9,4915,6,6,90
2744,257,3,909,2,4917,0,0,20
2745,257,3,910,8,4925,6,2,80
2746,257,3,911,5,4930,5,5,50
2747,257,3,912,9,4939,7,4,90
2748,257,3,913,3,4942,4,4,30
2749,257,3,914,5,4947,2,2,50
2750,257,3,915,2,4949,0,0,20
2751,257,3,916,9,4958,8,8,90
2752,257,3,917,8,4966,6,2,80
2753,257,3,918,4,4970,7,7,40
2754,257,3,919,4,4974,1,1,40
2755,257,3,920,9,4983,10,10,90
2756,257,3,921,5,4988,4,4,50
2757,257,3,922,6,4994,2,1,60
