,Scenario,Trial,Inspection,Interval,Time,Accumulation,Defects,Rate
0,174,1,1,3,3,1,1,30
1,174,1,2,8,11,2,2,80
2,174,1,3,2,13,2,2,20
3,174,1,4,2,15,1,1,20
4,174,1,5,6,21,2,2,60
5,174,1,6,9,30,5,1,90
6,174,1,7,7,37,12,12,70
7,174,1,8,3,40,4,4,30
8,174,1,9,6,46,2,2,60
9,174,1,10,9,55,5,5,90
10,174,1,11,6,61,3,0,60
11,174,1,12,6,67,4,0,60
12,174,1,13,3,70,5,1,30
13,174,1,14,6,76,5,5,60
14,174,1,15,6,82,3,0,60
15,174,1,16,8,90,7,7,80
16,174,1,17,5,95,4,4,50
17,174,1,18,9,104,6,0,90
18,174,1,19,7,111,9,0,70
19,174,1,20,2,113,12,0,20
20,174,1,21,5,118,16,1,50
21,174,1,22,4,122,15,15,40
22,174,1,23,7,129,1,1,70
23,174,1,24,5,134,0,0,50
24,174,1,25,5,139,3,0,50
25,174,1,26,3,142,7,7,30
26,174,1,27,3,145,2,0,30
27,174,1,28,5,150,6,6,50
28,174,1,29,6,156,8,1,60
29,174,1,30,4,160,8,8,40
30,174,1,31,2,162,1,0,20
31,174,1,32,7,169,4,0,70
32,174,1,33,9,178,6,6,90
33,174,1,34,2,180,0,0,20
34,174,1,35,7,187,2,1,70
35,174,1,36,7,194,4,4,70
36,174,1,37,3,197,2,0,30
37,174,1,38,7,204,4,4,70
38,174,1,39,8,212,4,0,80
39,174,1,40,3,215,5,5,30
40,174,1,41,5,220,0,0,50
41,174,1,42,6,226,2,0,60
42,174,1,43,2,228,2,0,20
43,174,1,44,6,234,3,0,60
44,174,1,45,4,238,5,5,40
45,174,1,46,5,243,5,5,50
46,174,1,47,4,247,1,0,40
47,174,1,48,4,251,3,3,40
48,174,1,49,8,259,2,2,80
49,174,1,50,6,265,4,4,60
50,174,1,51,8,273,7,7,80
51,174,1,52,2,275,1,1,20
52,174,1,53,5,280,2,2,50
53,174,1,54,3,283,0,0,30
54,174,1,55,2,285,1,1,20
55,174,1,56,9,294,0,0,90
56,174,1,57,2,296,3,3,20
57,174,1,58,3,299,2,2,30
58,174,1,59,8,307,5,5,80
59,174,1,60,3,310,3,3,30
60,174,1,61,8,318,6,6,80
61,174,1,62,9,327,8,2,90
62,174,1,63,6,333,6,2,60
63,174,1,64,5,338,5,0,50
64,174,1,65,5,343,6,6,50
65,174,1,66,5,348,4,0,50
66,174,1,67,3,351,8,8,30
67,174,1,68,7,358,5,5,70
68,174,1,69,5,363,1,0,50
69,174,1,70,7,370,4,4,70
70,174,1,71,4,374,2,0,40
71,174,1,72,5,379,6,0,50
72,174,1,73,2,381,7,0,20
73,174,1,74,9,390,12,12,90
74,174,1,75,4,394,3,3,40
75,174,1,76,7,401,4,0,70
76,174,1,77,3,404,5,2,30
77,174,1,78,8,412,6,6,80
78,174,1,79,9,421,5,5,90
79,174,1,80,5,426,2,2,50
80,174,1,81,6,432,3,0,60
81,174,1,82,9,441,9,9,90
82,174,1,83,8,449,3,3,80
83,174,1,84,6,455,3,1,60
84,174,1,85,8,463,5,5,80
85,174,1,86,5,468,0,0,50
86,174,1,87,3,471,2,2,30
87,174,1,88,2,473,1,0,20
88,174,1,89,9,482,5,5,90
89,174,1,90,4,486,2,0,40
90,174,1,91,7,493,6,1,70
91,174,1,92,5,498,6,6,50
92,174,1,93,8,506,4,4,80
93,174,1,94,4,510,1,1,40
94,174,1,95,7,517,2,2,70
95,174,1,96,3,520,2,2,30
96,174,1,97,5,525,0,0,50
97,174,1,98,7,532,3,3,70
98,174,1,99,8,540,2,2,80
99,174,1,100,9,549,9,9,90
100,174,1,101,6,555,4,0,60
101,174,1,102,3,558,7,7,30
102,174,1,103,3,561,1,0,30
103,174,1,104,4,565,3,0,40
104,174,1,105,9,574,5,0,90
105,174,1,106,2,576,5,5,20
106,174,1,107,6,582,1,1,60
107,174,1,108,5,587,4,4,50
108,174,1,109,9,596,2,2,90
109,174,1,110,8,604,4,0,80
110,174,1,111,2,606,4,0,20
111,174,1,112,2,608,6,6,20
112,174,1,113,2,610,1,1,20
113,174,1,114,9,619,4,0,90
114,174,1,115,2,621,6,6,20
115,174,1,116,8,629,4,1,80
116,174,1,117,5,634,8,8,50
117,174,1,118,4,638,3,3,40
118,174,1,119,8,646,5,5,80
119,174,1,120,3,649,0,0,30
120,174,1,121,6,655,3,0,60
121,174,1,122,7,662,9,3,70
122,174,1,123,6,668,7,7,60
123,174,1,124,6,674,5,5,60
124,174,1,125,2,676,0,0,20
125,174,1,126,5,681,2,1,50
126,174,1,127,6,687,3,3,60
127,174,1,128,9,696,4,1,90
128,174,1,129,2,698,3,0,20
129,174,1,130,9,707,7,0,90
130,174,1,131,8,715,7,7,80
131,174,1,132,6,721,3,3,60
132,174,1,133,9,730,1,1,90
133,174,1,134,3,733,0,0,30
134,174,1,135,8,741,8,2,80
135,174,1,136,9,750,14,14,90
136,174,1,137,2,752,0,0,20
137,174,1,138,8,760,2,2,80
138,174,1,139,4,764,3,3,40
139,174,1,140,2,766,2,2,20
140,174,1,141,4,770,4,0,40
141,174,1,142,6,776,5,5,60
142,174,1,143,4,780,2,0,40
143,174,1,144,6,786,6,6,60
144,174,1,145,9,795,2,2,90
145,174,1,146,5,800,3,3,50
146,174,1,147,5,805,4,1,50
147,174,1,148,4,809,4,1,40
148,174,1,149,2,811,3,3,20
149,174,1,150,5,816,3,3,50
150,174,1,151,6,822,4,0,60
151,174,1,152,6,828,8,8,60
152,174,1,153,7,835,2,2,70
153,174,1,154,5,840,3,0,50
154,174,1,155,6,846,7,7,60
155,174,1,156,6,852,0,0,60
156,174,1,157,8,860,8,0,80
157,174,1,158,2,862,8,2,20
158,174,1,159,8,870,8,8,80
159,174,1,160,8,878,3,1,80
160,174,1,161,7,885,7,7,70
161,174,1,162,8,893,6,1,80
162,174,1,163,2,895,6,6,20
163,174,1,164,5,900,2,2,50
164,174,1,165,3,903,4,1,30
165,174,1,166,5,908,3,0,50
166,174,1,167,5,913,3,0,50
167,174,1,168,3,916,3,0,30
168,174,1,169,9,925,8,1,90
169,174,1,170,8,933,11,2,80
170,174,1,171,6,939,13,13,60
171,174,1,172,5,944,4,0,50
172,174,1,173,3,947,4,1,30
173,174,1,174,8,955,4,4,80
174,174,1,175,3,958,3,3,30
175,174,1,176,4,962,0,0,40
176,174,1,177,9,971,7,7,90
177,174,1,178,3,974,1,1,30
178,174,1,179,5,979,1,0,50
179,174,1,180,7,986,7,1,70
180,174,1,181,5,991,11,0,50
181,174,1,182,6,997,16,16,60
182,174,1,183,7,1004,2,0,70
183,174,1,184,7,1011,6,6,70
184,174,1,185,5,1016,1,1,50
185,174,1,186,2,1018,1,0,20
186,174,1,187,5,1023,3,3,50
187,174,1,188,9,1032,0,0,90
188,174,1,189,2,1034,1,0,20
189,174,1,190,5,1039,3,0,50
190,174,1,191,2,1041,4,4,20
191,174,1,192,5,1046,2,0,50
192,174,1,193,6,1052,5,5,60
193,174,1,194,8,1060,5,5,80
194,174,1,195,5,1065,3,0,50
195,174,1,196,2,1067,4,4,20
196,174,1,197,5,1072,2,0,50
197,174,1,198,4,1076,4,4,40
198,174,1,199,7,1083,1,0,70
199,174,1,200,6,1089,4,1,60
200,174,1,201,6,1095,8,8,60
201,174,1,202,4,1099,1,0,40
202,174,1,203,5,1104,6,6,50
203,174,1,204,7,1111,6,0,70
204,174,1,205,4,1115,9,9,40
205,174,1,206,9,1124,5,5,90
206,174,1,207,7,1131,7,7,70
207,174,1,208,6,1137,3,0,60
208,174,1,209,2,1139,3,0,20
209,174,1,210,3,1142,6,6,30
210,174,1,211,2,1144,2,0,20
211,174,1,212,9,1153,8,8,90
212,174,1,213,2,1155,3,0,20
213,174,1,214,7,1162,5,5,70
214,174,1,215,3,1165,0,0,30
215,174,1,216,8,1173,4,0,80
216,174,1,217,4,1177,5,5,40
217,174,1,218,6,1183,1,0,60
218,174,1,219,3,1186,2,0,30
219,174,1,220,3,1189,3,1,30
220,174,1,221,7,1196,3,0,70
221,174,1,222,7,1203,5,2,70
222,174,1,223,8,1211,11,1,80
223,174,1,224,3,1214,13,13,30
224,174,1,225,7,1221,2,1,70
225,174,1,226,5,1226,5,2,50
226,174,1,227,3,1229,3,0,30
227,174,1,228,4,1233,5,5,40
228,174,1,229,5,1238,2,2,50
229,174,1,230,7,1245,4,4,70
230,174,1,231,9,1254,5,0,90
231,174,1,232,3,1257,5,5,30
232,174,1,233,7,1264,2,0,70
233,174,1,234,4,1268,4,2,40
234,174,1,235,6,1274,5,5,60
235,174,1,236,8,1282,2,2,80
236,174,1,237,6,1288,4,4,60
237,174,1,238,4,1292,2,0,40
238,174,1,239,9,1301,4,4,90
239,174,1,240,3,1304,2,0,30
240,174,1,241,9,1313,4,1,90
241,174,1,242,6,1319,7,0,60
242,174,1,243,5,1324,13,13,50
243,174,1,244,6,1330,0,0,60
244,174,1,245,5,1335,2,2,50
245,174,1,246,8,1343,2,0,80
246,174,1,247,7,1350,7,7,70
247,174,1,248,4,1354,4,4,40
248,174,1,249,8,1362,6,1,80
249,174,1,250,7,1369,6,0,70
250,174,1,251,3,1372,6,6,30
251,174,1,252,4,1376,2,2,40
252,174,1,253,8,1384,5,5,80
253,174,1,254,3,1387,2,2,30
254,174,1,255,5,1392,3,0,50
255,174,1,256,6,1398,5,5,60
256,174,1,257,9,1407,7,1,90
257,174,1,258,5,1412,8,1,50
258,174,1,259,4,1416,8,1,40
259,174,1,260,4,1420,9,2,40
260,174,1,261,3,1423,7,0,30
261,174,1,262,9,1432,12,1,90
262,174,1,263,5,1437,17,17,50
263,174,1,264,2,1439,3,3,20
264,174,1,265,4,1443,2,0,40
265,174,1,266,2,1445,2,0,20
266,174,1,267,6,1451,5,5,60
267,174,1,268,7,1458,4,4,70
268,174,1,269,4,1462,6,0,40
269,174,1,270,8,1470,10,1,80
270,174,1,271,9,1479,17,5,90
271,174,1,272,4,1483,12,12,40
272,174,1,273,5,1488,5,1,50
273,174,1,274,9,1497,6,3,90
274,174,1,275,4,1501,3,3,40
275,174,1,276,4,1505,2,0,40
276,174,1,277,5,1510,2,2,50
277,174,1,278,9,1519,5,0,90
278,174,1,279,2,1521,5,5,20
279,174,1,280,9,1530,6,6,90
280,174,1,281,4,1534,3,0,40
281,174,1,282,8,1542,6,0,80
282,174,1,283,4,1546,7,7,40
283,174,1,284,3,1549,2,2,30
284,174,1,285,3,1552,0,0,30
285,174,1,286,3,1555,1,0,30
286,174,1,287,3,1558,3,3,30
287,174,1,288,9,1567,4,4,90
288,174,1,289,8,1575,2,0,80
289,174,1,290,2,1577,2,2,20
290,174,1,291,8,1585,2,2,80
291,174,1,292,6,1591,4,4,60
292,174,1,293,4,1595,1,0,40
293,174,1,294,4,1599,4,4,40
294,174,1,295,6,1605,8,1,60
295,174,1,296,4,1609,7,2,40
296,174,1,297,7,1616,9,9,70
297,174,1,298,9,1625,6,6,90
298,174,1,299,2,1627,1,0,20
299,174,1,300,4,1631,2,0,40
300,174,1,301,3,1634,4,4,30
301,174,1,302,3,1637,0,0,30
302,174,1,303,8,1645,6,0,80
303,174,1,304,6,1651,10,0,60
304,174,1,305,9,1660,14,1,90
305,174,1,306,2,1662,14,3,20
306,174,1,307,8,1670,15,15,80
307,174,1,308,7,1677,4,4,70
308,174,1,309,4,1681,1,0,40
309,174,1,310,9,1690,5,5,90
310,174,1,311,9,1699,5,1,90
311,174,1,312,8,1707,9,9,80
312,174,1,313,2,1709,0,0,20
313,174,1,314,2,1711,0,0,20
314,174,1,315,6,1717,5,5,60
315,174,1,316,5,1722,3,3,50
316,174,1,317,3,1725,3,0,30
317,174,1,318,9,1734,8,2,90
318,174,1,319,5,1739,11,3,50
319,174,1,320,3,1742,13,2,30
320,174,1,321,5,1747,13,13,50
321,174,1,322,5,1752,4,0,50
322,174,1,323,8,1760,8,8,80
323,174,1,324,8,1768,5,0,80
324,174,1,325,3,1771,6,3,30
325,174,1,326,7,1778,6,6,70
326,174,1,327,6,1784,3,3,60
327,174,1,328,3,1787,4,1,30
328,174,1,329,8,1795,10,0,80
329,174,1,330,4,1799,13,13,40
330,174,1,331,3,1802,1,1,30
331,174,1,332,5,1807,1,1,50
332,174,1,333,7,1814,8,8,70
333,174,1,334,8,1822,5,0,80
334,174,1,335,7,1829,8,8,70
335,174,1,336,5,1834,3,3,50
336,174,1,337,5,1839,4,1,50
337,174,1,338,7,1846,8,8,70
338,174,1,339,6,1852,2,2,60
339,174,1,340,7,1859,2,0,70
340,174,1,341,2,1861,4,0,20
341,174,1,342,6,1867,6,1,60
342,174,1,343,8,1875,9,9,80
343,174,1,344,6,1881,6,1,60
344,174,1,345,3,1884,6,6,30
345,174,1,346,2,1886,0,0,20
346,174,1,347,5,1891,3,3,50
347,174,1,348,5,1896,3,0,50
348,174,1,349,7,1903,10,0,70
349,174,1,350,7,1910,13,13,70
350,174,1,351,8,1918,2,2,80
351,174,1,352,4,1922,1,0,40
352,174,1,353,6,1928,4,4,60
353,174,1,354,6,1934,2,0,60
354,174,1,355,4,1938,5,0,40
355,174,1,356,5,1943,6,6,50
356,174,1,357,6,1949,1,0,60
357,174,1,358,7,1956,6,0,70
358,174,1,359,6,1962,9,0,60
359,174,1,360,6,1968,10,10,60
360,174,1,361,4,1972,1,0,40
361,174,1,362,8,1980,2,2,80
362,174,1,363,2,1982,0,0,20
363,174,1,364,2,1984,0,0,20
364,174,1,365,6,1990,6,1,60
365,174,1,366,4,1994,6,3,40
366,174,1,367,8,2002,15,2,80
367,174,1,368,5,2007,17,1,50
368,174,1,369,4,2011,18,2,40
369,174,1,370,5,2016,16,7,50
370,174,1,371,9,2025,11,0,90
371,174,1,372,9,2034,20,20,90
372,174,1,373,6,2040,4,0,60
373,174,1,374,2,2042,4,4,20
374,174,1,375,6,2048,5,0,60
375,174,1,376,8,2056,10,10,80
376,174,1,377,8,2064,6,6,80
377,174,1,378,4,2068,3,0,40
378,174,1,379,3,2071,5,1,30
379,174,1,380,3,2074,6,1,30
380,174,1,381,3,2077,7,7,30
381,174,1,382,2,2079,0,0,20
382,174,1,383,9,2088,7,0,90
383,174,1,384,2,2090,8,3,20
384,174,1,385,4,2094,7,7,40
385,174,1,386,3,2097,2,2,30
386,174,1,387,9,2106,0,0,90
387,174,1,388,6,2112,2,1,60
388,174,1,389,8,2120,7,0,80
389,174,1,390,9,2129,14,14,90
390,174,1,391,3,2132,1,1,30
391,174,1,392,9,2141,4,4,90
392,174,1,393,5,2146,2,0,50
393,174,1,394,7,2153,5,5,70
394,174,1,395,3,2156,2,2,30
395,174,1,396,8,2164,2,1,80
396,174,1,397,7,2171,5,0,70
397,174,1,398,5,2176,6,6,50
398,174,1,399,8,2184,0,0,80
399,174,1,400,6,2190,1,1,60
400,174,1,401,5,2195,7,2,50
401,174,1,402,4,2199,5,5,40
402,174,1,403,6,2205,0,0,60
403,174,1,404,8,2213,7,7,80
404,174,1,405,4,2217,2,1,40
405,174,1,406,3,2220,2,2,30
406,174,1,407,5,2225,2,0,50
407,174,1,408,4,2229,4,4,40
408,174,1,409,2,2231,1,1,20
409,174,1,410,4,2235,2,2,40
410,174,1,411,3,2238,3,3,30
411,174,1,412,3,2241,0,0,30
412,174,1,413,6,2247,4,4,60
413,174,1,414,5,2252,0,0,50
414,174,1,415,7,2259,2,0,70
415,174,1,416,5,2264,4,4,50
416,174,1,417,8,2272,3,0,80
417,174,1,418,5,2277,5,5,50
418,174,1,419,7,2284,2,2,70
419,174,1,420,3,2287,0,0,30
420,174,1,421,7,2294,4,4,70
421,174,1,422,9,2303,5,5,90
422,174,1,423,9,2312,4,4,90
423,174,1,424,6,2318,1,0,60
424,174,1,425,2,2320,3,3,20
425,174,1,426,4,2324,2,2,40
426,174,1,427,5,2329,1,0,50
427,174,1,428,7,2336,7,7,70
428,174,1,429,8,2344,3,3,80
429,174,1,430,4,2348,3,0,40
430,174,1,431,9,2357,8,1,90
431,174,1,432,8,2365,11,3,80
432,174,1,433,4,2369,9,1,40
433,174,1,434,5,2374,11,3,50
434,174,1,435,3,2377,9,0,30
435,174,1,436,4,2381,11,11,40
436,174,1,437,5,2386,2,2,50
437,174,1,438,6,2392,1,0,60
438,174,1,439,7,2399,7,0,70
439,174,1,440,8,2407,12,12,80
440,174,1,441,2,2409,1,0,20
441,174,1,442,9,2418,9,9,90
442,174,1,443,3,2421,2,0,30
443,174,1,444,4,2425,4,4,40
444,174,1,445,7,2432,4,4,70
445,174,1,446,6,2438,3,3,60
446,174,1,447,6,2444,3,1,60
447,174,1,448,5,2449,5,0,50
448,174,1,449,6,2455,8,1,60
449,174,1,450,5,2460,8,2,50
450,174,1,451,8,2468,9,9,80
451,174,1,452,9,2477,2,2,90
452,174,1,453,8,2485,5,1,80
453,174,1,454,5,2490,5,5,50
454,174,1,455,5,2495,4,2,50
455,174,1,456,5,2500,5,5,50
456,174,1,457,4,2504,3,3,40
457,174,1,458,8,2512,4,0,80
458,174,1,459,3,2515,5,5,30
459,174,1,460,9,2524,4,4,90
460,174,1,461,5,2529,2,0,50
461,174,1,462,8,2537,5,1,80
462,174,1,463,4,2541,4,4,40
463,174,1,464,9,2550,6,6,90
464,174,1,465,4,2554,1,0,40
465,174,1,466,2,2556,2,0,20
466,174,1,467,9,2565,4,0,90
467,174,1,468,4,2569,7,0,40
468,174,1,469,3,2572,7,0,30
469,174,1,470,5,2577,9,2,50
470,174,1,471,2,2579,8,1,20
471,174,1,472,6,2585,11,11,60
472,174,1,473,4,2589,1,1,40
473,174,1,474,7,2596,7,0,70
474,174,1,475,9,2605,12,1,90
475,174,1,476,4,2609,13,13,40
476,174,1,477,4,2613,2,2,40
477,174,1,478,7,2620,4,4,70
478,174,1,479,9,2629,9,2,90
479,174,1,480,7,2636,8,0,70
480,174,1,481,5,2641,11,11,50
481,174,1,482,9,2650,3,0,90
482,174,1,483,3,2653,5,5,30
483,174,1,484,8,2661,4,4,80
484,174,1,485,3,2664,3,3,30
485,174,1,486,5,2669,3,0,50
486,174,1,487,3,2672,3,3,30
487,174,1,488,2,2674,0,0,20
488,174,1,489,3,2677,2,2,30
489,174,1,490,7,2684,5,5,70
490,174,1,491,6,2690,6,1,60
491,174,1,492,5,2695,6,1,50
492,174,1,493,4,2699,6,6,40
493,174,1,494,3,2702,4,0,30
494,174,1,495,9,2711,5,1,90
495,174,1,496,6,2717,7,7,60
496,174,1,497,5,2722,1,0,50
497,174,1,498,3,2725,2,0,30
498,174,1,499,9,2734,7,0,90
499,174,1,500,6,2740,9,1,60
500,174,1,501,3,2743,10,2,30
501,174,1,502,2,2745,9,1,20
502,174,1,503,4,2749,10,10,40
503,174,1,504,7,2756,3,3,70
504,174,1,505,3,2759,5,0,30
505,174,1,506,8,2767,13,0,80
506,174,1,507,7,2774,13,3,70
507,174,1,508,9,2783,16,16,90
508,174,1,509,9,2792,5,1,90
509,174,1,510,4,2796,6,6,40
510,174,1,511,4,2800,3,0,40
511,174,1,512,3,2803,3,0,30
512,174,1,513,2,2805,4,0,20
513,174,1,514,5,2810,4,0,50
514,174,1,515,3,2813,4,0,30
515,174,1,516,4,2817,4,4,40
516,174,1,517,5,2822,7,7,50
517,174,1,518,3,2825,1,0,30
518,174,1,519,5,2830,3,3,50
519,174,1,520,7,2837,4,4,70
520,174,1,521,7,2844,5,5,70
521,174,1,522,2,2846,1,0,20
522,174,1,523,3,2849,4,4,30
523,174,1,524,9,2858,3,0,90
524,174,1,525,2,2860,3,0,20
525,174,1,526,7,2867,7,0,70
526,174,1,527,5,2872,10,10,50
527,174,1,528,8,2880,4,4,80
528,174,1,529,4,2884,2,2,40
529,174,1,530,9,2893,11,11,90
530,174,1,531,2,2895,0,0,20
531,174,1,532,6,2901,3,3,60
532,174,1,533,5,2906,3,0,50
533,174,1,534,2,2908,5,5,20
534,174,1,535,3,2911,0,0,30
535,174,1,536,7,2918,5,5,70
536,174,1,537,6,2924,3,0,60
537,174,1,538,6,2930,6,0,60
538,174,1,539,8,2938,8,8,80
539,174,1,540,4,2942,1,0,40
540,174,1,541,3,2945,2,0,30
541,174,1,542,3,2948,4,0,30
542,174,1,543,2,2950,6,1,20
543,174,1,544,3,2953,6,6,30
544,174,1,545,4,2957,3,3,40
545,174,1,546,5,2962,3,1,50
546,174,1,547,9,2971,6,1,90
547,174,1,548,3,2974,8,0,30
548,174,1,549,5,2979,9,9,50
549,174,1,550,2,2981,0,0,20
550,174,1,551,2,2983,1,0,20
551,174,1,552,5,2988,4,0,50
552,174,1,553,6,2994,9,9,60
553,174,1,554,7,3001,2,2,70
554,174,1,555,2,3003,2,2,20
555,174,1,556,9,3012,8,2,90
556,174,1,557,7,3019,8,8,70
557,174,1,558,9,3028,3,3,90
558,174,1,559,4,3032,4,0,40
559,174,1,560,4,3036,6,1,40
560,174,1,561,8,3044,7,0,80
561,174,1,562,8,3052,11,3,80
562,174,1,563,3,3055,9,9,30
563,174,1,564,8,3063,8,0,80
564,174,1,565,9,3072,12,12,90
565,174,1,566,6,3078,3,3,60
566,174,1,567,9,3087,6,1,90
567,174,1,568,9,3096,10,10,90
568,174,1,569,9,3105,6,0,90
569,174,1,570,3,3108,7,1,30
570,174,1,571,9,3117,7,0,90
571,174,1,572,5,3122,9,2,50
572,174,1,573,8,3130,13,13,80
573,174,1,574,4,3134,1,1,40
574,174,1,575,2,3136,1,0,20
575,174,1,576,9,3145,10,10,90
576,174,1,577,6,3151,1,1,60
577,174,1,578,9,3160,6,0,90
578,174,1,579,2,3162,7,1,20
579,174,1,580,9,3171,13,13,90
580,174,1,581,8,3179,2,0,80
581,174,1,582,6,3185,3,0,60
582,174,1,583,8,3193,10,10,80
583,174,1,584,5,3198,3,3,50
584,174,1,585,3,3201,2,0,30
585,174,1,586,8,3209,8,0,80
586,174,1,587,9,3218,12,2,90
587,174,1,588,5,3223,11,11,50
588,174,1,589,8,3231,3,3,80
589,174,1,590,4,3235,2,0,40
590,174,1,591,3,3238,2,0,30
591,174,1,592,2,3240,2,2,20
592,174,1,593,7,3247,0,0,70
593,174,1,594,5,3252,2,2,50
594,174,1,595,4,3256,1,0,40
595,174,1,596,4,3260,9,9,40
596,174,1,597,7,3267,3,3,70
597,174,1,598,7,3274,2,2,70
598,174,1,599,4,3278,7,1,40
599,174,1,600,3,3281,7,7,30
600,174,1,601,6,3287,3,3,60
601,174,1,602,2,3289,4,0,20
602,174,1,603,7,3296,9,1,70
603,174,1,604,2,3298,9,9,20
604,174,1,605,4,3302,1,0,40
605,174,1,606,5,3307,5,2,50
606,174,1,607,3,3310,5,1,30
607,174,1,608,8,3318,5,5,80
608,174,1,609,7,3325,7,7,70
609,174,1,610,9,3334,9,2,90
610,174,1,611,9,3343,11,11,90
611,174,1,612,5,3348,3,0,50
612,174,1,613,4,3352,7,3,40
613,174,1,614,6,3358,9,9,60
614,174,1,615,8,3366,3,1,80
615,174,1,616,6,3372,5,0,60
616,174,1,617,7,3379,10,10,70
617,174,1,618,5,3384,1,0,50
618,174,1,619,2,3386,3,0,20
619,174,1,620,6,3392,5,5,60
620,174,1,621,5,3397,2,0,50
621,174,1,622,4,3401,7,7,40
622,174,1,623,6,3407,3,3,60
623,174,1,624,4,3411,2,2,40
624,174,1,625,6,3417,1,1,60
625,174,1,626,4,3421,5,0,40
626,174,1,627,6,3427,9,9,60
627,174,1,628,5,3432,1,1,50
628,174,1,629,5,3437,1,0,50
629,174,1,630,3,3440,5,0,30
630,174,1,631,2,3442,6,6,20
631,174,1,632,5,3447,3,1,50
632,174,1,633,2,3449,2,2,20
633,174,1,634,3,3452,1,1,30
634,174,1,635,7,3459,5,5,70
635,174,1,636,4,3463,3,3,40
636,174,1,637,4,3467,0,0,40
637,174,1,638,5,3472,4,0,50
638,174,1,639,7,3479,6,6,70
639,174,1,640,7,3486,7,1,70
640,174,1,641,5,3491,12,1,50
641,174,1,642,5,3496,14,14,50
642,174,1,643,6,3502,1,0,60
643,174,1,644,2,3504,5,5,20
644,174,1,645,2,3506,0,0,20
645,174,1,646,6,3512,5,2,60
646,174,1,647,9,3521,8,1,90
647,174,1,648,6,3527,9,9,60
648,174,1,649,9,3536,6,6,90
649,174,1,650,2,3538,1,1,20
650,174,1,651,3,3541,0,0,30
651,174,1,652,4,3545,4,1,40
652,174,1,653,6,3551,7,0,60
653,174,1,654,2,3553,9,9,20
654,174,1,655,3,3556,1,1,30
655,174,1,656,4,3560,2,2,40
656,174,1,657,2,3562,1,1,20
657,174,1,658,9,3571,5,5,90
658,174,1,659,7,3578,2,2,70
659,174,1,660,3,3581,3,0,30
660,174,1,661,7,3588,9,9,70
661,174,1,662,8,3596,1,1,80
662,174,1,663,2,3598,3,3,20
663,174,1,664,8,3606,4,0,80
664,174,1,665,4,3610,9,3,40
665,174,1,666,9,3619,8,1,90
666,174,1,667,6,3625,8,8,60
667,174,1,668,2,3627,0,0,20
668,174,1,669,7,3634,3,0,70
669,174,1,670,6,3640,5,5,60
670,174,1,671,5,3645,1,0,50
671,174,1,672,2,3647,1,0,20
672,174,1,673,4,3651,2,0,40
673,174,1,674,5,3656,2,2,50
674,174,1,675,8,3664,2,0,80
675,174,1,676,3,3667,5,2,30
676,174,1,677,6,3673,3,0,60
677,174,1,678,6,3679,8,8,60
678,174,1,679,9,3688,3,0,90
679,174,1,680,4,3692,3,0,40
680,174,1,681,7,3699,8,8,70
681,174,1,682,5,3704,1,0,50
682,174,1,683,7,3711,4,4,70
683,174,1,684,9,3720,7,7,90
684,174,1,685,7,3727,1,1,70
685,174,1,686,8,3735,2,0,80
686,174,1,687,3,3738,3,3,30
687,174,1,688,7,3745,3,0,70
688,174,1,689,7,3752,6,6,70
689,174,1,690,2,3754,0,0,20
690,174,1,691,2,3756,0,0,20
691,174,1,692,6,3762,2,2,60
692,174,1,693,7,3769,4,4,70
693,174,1,694,7,3776,4,4,70
694,174,1,695,3,3779,0,0,30
695,174,1,696,6,3785,4,0,60
696,174,1,697,9,3794,6,6,90
697,174,1,698,6,3800,3,3,60
698,174,1,699,9,3809,1,0,90
699,174,1,700,4,3813,3,3,40
700,174,1,701,5,3818,1,0,50
701,174,1,702,4,3822,2,2,40
702,174,1,703,7,3829,4,0,70
703,174,1,704,2,3831,4,1,20
704,174,1,705,5,3836,4,2,50
705,174,1,706,8,3844,5,5,80
706,174,1,707,7,3851,1,0,70
707,174,1,708,6,3857,6,1,60
708,174,1,709,3,3860,6,6,30
709,174,1,710,9,3869,2,0,90
710,174,1,711,8,3877,4,0,80
711,174,1,712,9,3886,12,12,90
712,174,1,713,8,3894,10,4,80
713,174,1,714,3,3897,6,6,30
714,174,1,715,4,3901,2,2,40
715,174,1,716,7,3908,7,1,70
716,174,1,717,2,3910,6,1,20
717,174,1,718,5,3915,6,2,50
718,174,1,719,7,3922,9,9,70
719,174,1,720,2,3924,0,0,20
720,174,1,721,2,3926,1,0,20
721,174,1,722,6,3932,1,0,60
722,174,1,723,4,3936,3,3,40
723,174,1,724,2,3938,1,1,20
724,174,1,725,7,3945,4,4,70
725,174,1,726,5,3950,0,0,50
726,174,1,727,8,3958,5,1,80
727,174,1,728,4,3962,8,3,40
728,174,1,729,3,3965,8,8,30
729,174,1,730,3,3968,1,1,30
730,174,1,731,6,3974,3,3,60
731,174,1,732,5,3979,3,1,50
732,174,1,733,3,3982,3,3,30
733,174,1,734,9,3991,13,13,90
734,174,1,735,6,3997,4,4,60
735,174,1,736,5,4002,5,0,50
736,174,1,737,7,4009,14,14,70
737,174,1,738,5,4014,1,1,50
738,174,1,739,9,4023,5,0,90
739,174,1,740,9,4032,12,12,90
740,174,1,741,4,4036,2,2,40
741,174,1,742,6,4042,1,0,60
742,174,1,743,2,4044,1,1,20
743,174,1,744,4,4048,2,2,40
744,174,1,745,4,4052,2,0,40
745,174,1,746,7,4059,10,0,70
746,174,1,747,7,4066,15,15,70
747,174,1,748,3,4069,2,0,30
748,174,1,749,9,4078,11,11,90
749,174,1,750,6,4084,0,0,60
750,174,1,751,8,4092,2,2,80
751,174,1,752,9,4101,3,3,90
752,174,1,753,3,4104,2,0,30
753,174,1,754,3,4107,3,0,30
754,174,1,755,5,4112,5,5,50
755,174,1,756,5,4117,3,1,50
756,174,1,757,5,4122,4,0,50
757,174,1,758,5,4127,6,1,50
758,174,1,759,3,4130,5,5,30
759,174,1,760,3,4133,2,0,30
760,174,1,761,5,4138,6,0,50
761,174,1,762,7,4145,10,10,70
762,174,1,763,2,4147,1,0,20
763,174,1,764,6,4153,3,1,60
764,174,1,765,6,4159,4,4,60
765,174,1,766,7,4166,5,0,70
766,174,1,767,6,4172,9,1,60
767,174,1,768,2,4174,9,9,20
768,174,1,769,3,4177,2,2,30
769,174,1,770,5,4182,1,0,50
770,174,1,771,3,4185,3,3,30
771,174,1,772,8,4193,5,5,80
772,174,1,773,8,4201,0,0,80
773,174,1,774,3,4204,0,0,30
774,174,1,775,2,4206,0,0,20
775,174,1,776,5,4211,3,3,50
776,174,1,777,4,4215,2,0,40
777,174,1,778,2,4217,3,0,20
778,174,1,779,5,4222,5,5,50
779,174,1,780,7,4229,0,0,70
780,174,1,781,6,4235,3,1,60
781,174,1,782,4,4239,3,3,40
782,174,1,783,9,4248,3,3,90
783,174,1,784,7,4255,6,6,70
784,174,1,785,2,4257,0,0,20
785,174,1,786,3,4260,3,0,30
786,174,1,787,2,4262,4,0,20
787,174,1,788,7,4269,7,0,70
788,174,1,789,8,4277,9,9,80
789,174,1,790,7,4284,6,6,70
790,174,1,791,2,4286,0,0,20
791,174,1,792,8,4294,7,7,80
792,174,1,793,5,4299,0,0,50
793,174,1,794,6,4305,2,2,60
794,174,1,795,4,4309,1,0,40
795,174,1,796,2,4311,3,0,20
796,174,1,797,7,4318,6,2,70
797,174,1,798,4,4322,6,6,40
798,174,1,799,9,4331,5,1,90
799,174,1,800,8,4339,5,5,80
800,174,1,801,4,4343,3,0,40
801,174,1,802,8,4351,8,8,80
802,174,1,803,4,4355,2,2,40
803,174,1,804,5,4360,4,4,50
804,174,1,805,8,4368,5,0,80
805,174,1,806,7,4375,11,11,70
806,174,1,807,4,4379,3,1,40
807,174,1,808,5,4384,8,0,50
808,174,1,809,8,4392,15,15,80
809,174,1,810,5,4397,2,0,50
810,174,1,811,4,4401,5,5,40
811,174,1,812,5,4406,2,1,50
812,174,1,813,9,4415,5,5,90
813,174,1,814,8,4423,2,2,80
814,174,1,815,8,4431,8,8,80
815,174,1,816,7,4438,3,1,70
816,174,1,817,2,4440,2,2,20
817,174,1,818,6,4446,3,3,60
818,174,1,819,7,4453,4,4,70
819,174,1,820,5,4458,3,3,50
820,174,1,821,8,4466,4,4,80
821,174,1,822,9,4475,1,0,90
822,174,1,823,2,4477,2,0,20
823,174,1,824,7,4484,6,0,70
824,174,1,825,7,4491,8,8,70
825,174,1,826,9,4500,6,2,90
826,174,1,827,9,4509,11,0,90
827,174,1,828,4,4513,13,13,40
828,174,1,829,3,4516,2,1,30
829,174,1,830,2,4518,4,4,20
830,174,1,831,9,4527,2,2,90
831,174,1,832,4,4531,2,0,40
832,174,1,833,4,4535,3,1,40
833,174,1,834,4,4539,2,2,40
834,174,1,835,6,4545,6,0,60
835,174,1,836,7,4552,7,7,70
836,174,1,837,3,4555,1,0,30
837,174,1,838,8,4563,7,2,80
838,174,1,839,9,4572,9,0,90
839,174,1,840,6,4578,13,13,60
840,174,1,841,2,4580,2,2,20
841,174,1,842,8,4588,3,1,80
842,174,1,843,9,4597,6,6,90
843,174,1,844,8,4605,4,0,80
844,174,1,845,6,4611,6,0,60
845,174,1,846,6,4617,12,1,60
846,174,1,847,6,4623,15,15,60
847,174,1,848,8,4631,5,1,80
848,174,1,849,9,4640,9,9,90
849,174,1,850,4,4644,2,0,40
850,174,1,851,8,4652,5,5,80
851,174,1,852,7,4659,2,0,70
852,174,1,853,7,4666,6,0,70
853,174,1,854,7,4673,9,1,70
854,174,1,855,2,4675,11,11,20
855,174,1,856,5,4680,2,0,50
856,174,1,857,3,4683,5,5,30
857,174,1,858,5,4688,3,0,50
858,174,1,859,9,4697,4,4,90
859,174,1,860,5,4702,1,1,50
860,174,1,861,7,4709,5,0,70
861,174,1,862,8,4717,9,9,80
862,174,1,863,4,4721,4,0,40
863,174,1,864,5,4726,6,1,50
864,174,1,865,7,4733,7,1,70
865,174,1,866,2,4735,7,7,20
866,174,1,867,4,4739,3,1,40
867,174,1,868,8,4747,8,2,80
868,174,1,869,7,4754,12,12,70
869,174,1,870,5,4759,3,3,50
870,174,1,871,7,4766,3,3,70
871,174,1,872,7,4773,3,3,70
872,174,1,873,7,4780,6,0,70
873,174,1,874,6,4786,8,8,60
874,174,1,875,3,4789,1,1,30
875,174,1,876,2,4791,1,1,20
876,174,1,877,8,4799,4,4,80
877,174,1,878,8,4807,7,7,80
878,174,1,879,9,4816,3,3,90
879,174,1,880,3,4819,0,0,30
880,174,1,881,2,4821,2,2,20
881,174,1,882,3,4824,0,0,30
882,174,1,883,3,4827,2,0,30
883,174,1,884,6,4833,5,5,60
884,174,1,885,9,4842,4,4,90
885,174,1,886,3,4845,1,1,30
886,174,1,887,8,4853,4,0,80
887,174,1,888,2,4855,5,5,20
888,174,1,889,5,4860,3,0,50
889,174,1,890,2,4862,6,1,20
890,174,1,891,9,4871,7,7,90
891,174,1,892,9,4880,3,0,90
892,174,1,893,8,4888,9,3,80
893,174,1,894,3,4891,6,6,30
894,174,1,895,9,4900,2,2,90
895,174,1,896,4,4904,3,3,40
896,174,1,897,8,4912,3,0,80
897,174,1,898,6,4918,6,6,60
898,174,1,899,7,4925,8,8,70
899,174,1,900,5,4930,5,1,50
900,174,1,901,8,4938,8,0,80
901,174,1,902,9,4947,15,15,90
902,174,1,903,4,4951,3,0,40
903,174,1,904,2,4953,4,4,20
904,174,1,905,4,4957,3,3,40
905,174,1,906,7,4964,2,1,70
906,174,1,907,3,4967,3,0,30
907,174,1,908,4,4971,6,0,40
908,174,1,909,7,4978,8,2,70
909,174,1,910,4,4982,6,1,40
910,174,1,911,9,4991,11,11,90
911,174,1,912,4,4995,1,1,40
912,174,2,1,4,4,5,5,40
913,174,2,2,4,8,1,1,40
914,174,2,3,2,10,1,1,20
915,174,2,4,3,13,2,2,30
916,174,2,5,5,18,6,6,50
917,174,2,6,3,21,3,3,30
918,174,2,7,3,24,0,0,30
919,174,2,8,8,32,2,2,80
920,174,2,9,3,35,0,0,30
921,174,2,10,6,41,2,2,60
922,174,2,11,8,49,3,3,80
923,174,2,12,6,55,3,0,60
924,174,2,13,9,64,6,6,90
925,174,2,14,4,68,1,1,40
926,174,2,15,3,71,3,3,30
927,174,2,16,9,80,5,5,90
928,174,2,17,7,87,3,3,70
929,174,2,18,8,95,4,1,80
930,174,2,19,6,101,11,0,60
931,174,2,20,5,106,11,1,50
932,174,2,21,8,114,16,16,80
933,174,2,22,7,121,3,3,70
934,174,2,23,5,126,3,3,50
935,174,2,24,7,133,2,0,70
936,174,2,25,9,142,6,0,90
937,174,2,26,4,146,7,2,40
938,174,2,27,5,151,6,6,50
939,174,2,28,9,160,3,0,90
940,174,2,29,7,167,8,2,70
941,174,2,30,9,176,13,1,90
942,174,2,31,6,182,22,22,60
943,174,2,32,9,191,2,0,90
944,174,2,33,3,194,3,1,30
945,174,2,34,2,196,4,0,20
946,174,2,35,3,199,4,0,30
947,174,2,36,5,204,6,0,50
948,174,2,37,8,212,11,4,80
949,174,2,38,6,218,9,9,60
950,174,2,39,6,224,4,4,60
951,174,2,40,2,226,2,2,20
952,174,2,41,7,233,3,0,70
953,174,2,42,9,242,8,1,90
954,174,2,43,4,246,12,0,40
955,174,2,44,2,248,12,1,20
956,174,2,45,8,256,17,4,80
957,174,2,46,3,259,14,2,30
958,174,2,47,8,267,17,17,80
959,174,2,48,7,274,2,0,70
960,174,2,49,2,276,2,0,20
961,174,2,50,9,285,6,0,90
962,174,2,51,9,294,11,2,90
963,174,2,52,2,296,9,1,20
964,174,2,53,2,298,9,9,20
965,174,2,54,3,301,0,0,30
966,174,2,55,7,308,4,4,70
967,174,2,56,9,317,2,1,90
968,174,2,57,6,323,4,4,60
969,174,2,58,2,325,3,0,20
970,174,2,59,6,331,5,5,60
971,174,2,60,6,337,1,0,60
972,174,2,61,4,341,3,3,40
973,174,2,62,2,343,0,0,20
974,174,2,63,9,352,5,5,90
975,174,2,64,6,358,4,4,60
976,174,2,65,8,366,4,4,80
977,174,2,66,9,375,5,0,90
978,174,2,67,2,377,6,1,20
979,174,2,68,2,379,6,6,20
980,174,2,69,7,386,0,0,70
981,174,2,70,8,394,3,3,80
982,174,2,71,3,397,1,0,30
983,174,2,72,3,400,2,2,30
984,174,2,73,3,403,0,0,30
985,174,2,74,7,410,3,0,70
986,174,2,75,8,418,8,2,80
987,174,2,76,3,421,7,7,30
988,174,2,77,5,426,3,1,50
989,174,2,78,4,430,4,0,40
990,174,2,79,8,438,10,1,80
991,174,2,80,9,447,11,2,90
992,174,2,81,2,449,10,10,20
993,174,2,82,2,451,4,0,20
994,174,2,83,9,460,9,9,90
995,174,2,84,7,467,1,0,70
996,174,2,85,3,470,3,3,30
997,174,2,86,8,478,3,2,80
998,174,2,87,8,486,5,3,80
999,174,2,88,6,492,4,0,60
1000,174,2,89,4,496,5,1,40
1001,174,2,90,8,504,9,9,80
1002,174,2,91,4,508,2,2,40
1003,174,2,92,2,510,3,0,20
1004,174,2,93,8,518,6,6,80
1005,174,2,94,4,522,2,2,40
1006,174,2,95,7,529,2,0,70
1007,174,2,96,7,536,3,0,70
1008,174,2,97,4,540,3,3,40
1009,174,2,98,3,543,3,0,30
1010,174,2,99,8,551,7,1,80
1011,174,2,100,3,554,7,7,30
1012,174,2,101,2,556,3,3,20
1013,174,2,102,2,558,3,3,20
1014,174,2,103,9,567,9,9,90
1015,174,2,104,7,574,6,1,70
1016,174,2,105,2,576,5,5,20
1017,174,2,106,2,578,0,0,20
1018,174,2,107,7,585,2,0,70
1019,174,2,108,8,593,8,8,80
1020,174,2,109,9,602,4,0,90
1021,174,2,110,7,609,8,1,70
1022,174,2,111,9,618,12,12,90
1023,174,2,112,9,627,6,1,90
1024,174,2,113,8,635,12,12,80
1025,174,2,114,2,637,0,0,20
1026,174,2,115,2,639,1,0,20
1027,174,2,116,5,644,3,0,50
1028,174,2,117,5,649,9,9,50
1029,174,2,118,6,655,0,0,60
1030,174,2,119,5,660,2,0,50
1031,174,2,120,9,669,7,0,90
1032,174,2,121,8,677,9,9,80
1033,174,2,122,7,684,5,5,70
1034,174,2,123,6,690,2,2,60
1035,174,2,124,9,699,3,0,90
1036,174,2,125,9,708,7,7,90
1037,174,2,126,4,712,2,0,40
1038,174,2,127,8,720,8,2,80
1039,174,2,128,8,728,9,3,80
1040,174,2,129,4,732,8,1,40
1041,174,2,130,7,739,15,15,70
1042,174,2,131,8,747,9,0,80
1043,174,2,132,8,755,12,12,80
1044,174,2,133,8,763,3,3,80
1045,174,2,134,7,770,4,0,70
1046,174,2,135,8,778,6,6,80
1047,174,2,136,9,787,4,0,90
1048,174,2,137,8,795,8,8,80
1049,174,2,138,4,799,3,0,40
1050,174,2,139,2,801,3,1,20
1051,174,2,140,5,806,3,0,50
1052,174,2,141,3,809,5,1,30
1053,174,2,142,6,815,7,7,60
1054,174,2,143,8,823,4,4,80
1055,174,2,144,6,829,0,0,60
1056,174,2,145,8,837,3,0,80
1057,174,2,146,8,845,5,0,80
1058,174,2,147,6,851,7,7,60
1059,174,2,148,7,858,2,1,70
1060,174,2,149,7,865,6,1,70
1061,174,2,150,2,867,5,0,20
1062,174,2,151,3,870,6,6,30
1063,174,2,152,4,874,4,4,40
1064,174,2,153,9,883,4,1,90
1065,174,2,154,2,885,3,0,20
1066,174,2,155,7,892,6,0,70
1067,174,2,156,6,898,8,1,60
1068,174,2,157,2,900,7,3,20
1069,174,2,158,6,906,5,1,60
1070,174,2,159,3,909,7,7,30
1071,174,2,160,8,917,1,1,80
1072,174,2,161,7,924,3,1,70
1073,174,2,162,9,933,11,11,90
1074,174,2,163,5,938,4,0,50
1075,174,2,164,9,947,8,8,90
1076,174,2,165,8,955,4,1,80
1077,174,2,166,4,959,4,4,40
1078,174,2,167,9,968,5,5,90
1079,174,2,168,3,971,3,3,30
1080,174,2,169,5,976,1,1,50
1081,174,2,170,6,982,1,0,60
1082,174,2,171,4,986,1,1,40
1083,174,2,172,3,989,1,1,30
1084,174,2,173,2,991,2,2,20
1085,174,2,174,5,996,2,2,50
1086,174,2,175,3,999,1,1,30
1087,174,2,176,3,1002,1,1,30
1088,174,2,177,7,1009,5,0,70
1089,174,2,178,3,1012,7,7,30
1090,174,2,179,9,1021,4,1,90
1091,174,2,180,4,1025,5,1,40
1092,174,2,181,6,1031,7,7,60
1093,174,2,182,3,1034,2,2,30
1094,174,2,183,4,1038,3,3,40
1095,174,2,184,7,1045,5,0,70
1096,174,2,185,7,1052,8,8,70
1097,174,2,186,9,1061,6,6,90
1098,174,2,187,4,1065,3,1,40
1099,174,2,188,4,1069,4,1,40
1100,174,2,189,6,1075,5,5,60
1101,174,2,190,6,1081,4,4,60
1102,174,2,191,9,1090,9,2,90
1103,174,2,192,6,1096,12,1,60
1104,174,2,193,4,1100,14,14,40
1105,174,2,194,3,1103,1,1,30
1106,174,2,195,7,1110,3,0,70
1107,174,2,196,4,1114,7,7,40
1108,174,2,197,5,1119,2,0,50
1109,174,2,198,5,1124,4,1,50
1110,174,2,199,2,1126,6,0,20
1111,174,2,200,9,1135,10,3,90
1112,174,2,201,6,1141,11,11,60
1113,174,2,202,5,1146,2,0,50
1114,174,2,203,9,1155,8,8,90
1115,174,2,204,7,1162,3,0,70
1116,174,2,205,2,1164,3,0,20
1117,174,2,206,3,1167,6,0,30
1118,174,2,207,9,1176,8,8,90
1119,174,2,208,9,1185,7,0,90
1120,174,2,209,2,1187,7,1,20
1121,174,2,210,3,1190,8,8,30
1122,174,2,211,9,1199,8,8,90
1123,174,2,212,4,1203,2,2,40
1124,174,2,213,4,1207,1,1,40
1125,174,2,214,8,1215,1,0,80
1126,174,2,215,3,1218,1,0,30
1127,174,2,216,3,1221,3,0,30
1128,174,2,217,4,1225,4,4,40
1129,174,2,218,4,1229,1,1,40
1130,174,2,219,9,1238,3,0,90
1131,174,2,220,6,1244,8,1,60
1132,174,2,221,2,1246,10,0,20
1133,174,2,222,7,1253,15,15,70
1134,174,2,223,8,1261,5,5,80
1135,174,2,224,9,1270,3,0,90
1136,174,2,225,6,1276,10,3,60
1137,174,2,226,5,1281,10,1,50
1138,174,2,227,3,1284,10,0,30
1139,174,2,228,3,1287,11,0,30
1140,174,2,229,6,1293,13,13,60
1141,174,2,230,6,1299,5,5,60
1142,174,2,231,2,1301,0,0,20
1143,174,2,232,2,1303,1,1,20
1144,174,2,233,3,1306,1,0,30
1145,174,2,234,2,1308,2,2,20
1146,174,2,235,4,1312,3,0,40
1147,174,2,236,4,1316,6,2,40
1148,174,2,237,6,1322,6,0,60
1149,174,2,238,4,1326,6,1,40
1150,174,2,239,8,1334,9,0,80
1151,174,2,240,8,1342,15,2,80
1152,174,2,241,2,1344,15,15,20
1153,174,2,242,3,1347,2,2,30
1154,174,2,243,8,1355,3,3,80
1155,174,2,244,4,1359,2,1,40
1156,174,2,245,5,1364,2,0,50
1157,174,2,246,5,1369,2,2,50
1158,174,2,247,5,1374,2,2,50
1159,174,2,248,4,1378,1,1,40
1160,174,2,249,2,1380,3,3,20
1161,174,2,250,6,1386,7,7,60
1162,174,2,251,7,1393,6,2,70
1163,174,2,252,2,1395,5,0,20
1164,174,2,253,2,1397,6,0,20
1165,174,2,254,5,1402,8,8,50
1166,174,2,255,9,1411,2,2,90
1167,174,2,256,6,1417,7,2,60
1168,174,2,257,9,1426,8,0,90
1169,174,2,258,5,1431,9,2,50
1170,174,2,259,3,1434,8,8,30
1171,174,2,260,6,1440,4,4,60
1172,174,2,261,9,1449,3,3,90
1173,174,2,262,7,1456,4,0,70
1174,174,2,263,6,1462,8,0,60
1175,174,2,264,6,1468,10,10,60
1176,174,2,265,5,1473,1,0,50
1177,174,2,266,8,1481,3,0,80
1178,174,2,267,7,1488,7,7,70
1179,174,2,268,8,1496,1,0,80
1180,174,2,269,9,1505,4,4,90
1181,174,2,270,5,1510,4,4,50
1182,174,2,271,3,1513,0,0,30
1183,174,2,272,2,1515,0,0,20
1184,174,2,273,7,1522,4,0,70
1185,174,2,274,6,1528,7,1,60
1186,174,2,275,9,1537,6,2,90
1187,174,2,276,2,1539,5,0,20
1188,174,2,277,5,1544,10,10,50
1189,174,2,278,2,1546,2,0,20
1190,174,2,279,6,1552,6,0,60
1191,174,2,280,4,1556,9,9,40
1192,174,2,281,3,1559,0,0,30
1193,174,2,282,9,1568,9,1,90
1194,174,2,283,7,1575,14,0,70
1195,174,2,284,5,1580,20,2,50
1196,174,2,285,2,1582,19,19,20
1197,174,2,286,8,1590,2,2,80
1198,174,2,287,6,1596,3,3,60
1199,174,2,288,7,1603,3,0,70
1200,174,2,289,8,1611,6,6,80
1201,174,2,290,4,1615,3,3,40
1202,174,2,291,5,1620,1,0,50
1203,174,2,292,5,1625,4,4,50
1204,174,2,293,6,1631,2,2,60
1205,174,2,294,2,1633,2,0,20
1206,174,2,295,7,1640,2,0,70
1207,174,2,296,7,1647,6,0,70
1208,174,2,297,3,1650,9,3,30
1209,174,2,298,3,1653,8,1,30
1210,174,2,299,9,1662,13,13,90
1211,174,2,300,8,1670,5,1,80
1212,174,2,301,8,1678,9,9,80
1213,174,2,302,9,1687,3,3,90
1214,174,2,303,2,1689,0,0,20
1215,174,2,304,6,1695,5,0,60
1216,174,2,305,2,1697,6,6,20
1217,174,2,306,2,1699,1,1,20
1218,174,2,307,8,1707,7,1,80
1219,174,2,308,2,1709,6,6,20
1220,174,2,309,5,1714,3,0,50
1221,174,2,310,5,1719,4,4,50
1222,174,2,311,7,1726,3,0,70
1223,174,2,312,2,1728,3,3,20
1224,174,2,313,8,1736,4,4,80
1225,174,2,314,9,1745,4,4,90
1226,174,2,315,9,1754,2,0,90
1227,174,2,316,4,1758,3,0,40
1228,174,2,317,4,1762,4,1,40
1229,174,2,318,8,1770,6,6,80
1230,174,2,319,4,1774,0,0,40
1231,174,2,320,8,1782,3,1,80
1232,174,2,321,4,1786,5,5,40
1233,174,2,322,4,1790,2,0,40
1234,174,2,323,6,1796,7,7,60
1235,174,2,324,7,1803,0,0,70
1236,174,2,325,4,1807,0,0,40
1237,174,2,326,2,1809,0,0,20
1238,174,2,327,6,1815,6,1,60
1239,174,2,328,8,1823,10,2,80
1240,174,2,329,8,1831,12,2,80
1241,174,2,330,9,1840,13,13,90
1242,174,2,331,6,1846,3,3,60
1243,174,2,332,8,1854,3,3,80
1244,174,2,333,3,1857,3,0,30
1245,174,2,334,7,1864,6,2,70
1246,174,2,335,9,1873,11,1,90
1247,174,2,336,6,1879,12,1,60
1248,174,2,337,5,1884,12,12,50
1249,174,2,338,9,1893,5,0,90
1250,174,2,339,4,1897,6,6,40
1251,174,2,340,6,1903,6,1,60
1252,174,2,341,4,1907,11,1,40
1253,174,2,342,6,1913,13,13,60
1254,174,2,343,4,1917,0,0,40
1255,174,2,344,2,1919,5,5,20
1256,174,2,345,7,1926,3,2,70
1257,174,2,346,2,1928,2,0,20
1258,174,2,347,6,1934,2,0,60
1259,174,2,348,8,1942,2,0,80
1260,174,2,349,2,1944,2,2,20
1261,174,2,350,6,1950,4,4,60
1262,174,2,351,2,1952,1,1,20
1263,174,2,352,3,1955,1,1,30
1264,174,2,353,5,1960,2,2,50
1265,174,2,354,4,1964,0,0,40
1266,174,2,355,5,1969,1,1,50
1267,174,2,356,4,1973,0,0,40
1268,174,2,357,2,1975,1,0,20
1269,174,2,358,2,1977,2,0,20
1270,174,2,359,8,1985,4,4,80
1271,174,2,360,2,1987,0,0,20
1272,174,2,361,2,1989,0,0,20
1273,174,2,362,4,1993,3,0,40
1274,174,2,363,5,1998,5,5,50
1275,174,2,364,9,2007,7,7,90
1276,174,2,365,6,2013,3,0,60
1277,174,2,366,8,2021,6,6,80
1278,174,2,367,7,2028,3,0,70
1279,174,2,368,9,2037,13,13,90
1280,174,2,369,8,2045,2,2,80
1281,174,2,370,3,2048,1,0,30
1282,174,2,371,6,2054,4,4,60
1283,174,2,372,7,2061,3,1,70
1284,174,2,373,2,2063,3,0,20
1285,174,2,374,3,2066,5,1,30
1286,174,2,375,7,2073,6,1,70
1287,174,2,376,6,2079,8,1,60
1288,174,2,377,9,2088,13,13,90
1289,174,2,378,7,2095,2,2,70
1290,174,2,379,4,2099,0,0,40
1291,174,2,380,3,2102,1,0,30
1292,174,2,381,9,2111,5,5,90
1293,174,2,382,6,2117,2,2,60
1294,174,2,383,3,2120,0,0,30
1295,174,2,384,5,2125,3,3,50
1296,174,2,385,2,2127,1,1,20
1297,174,2,386,3,2130,0,0,30
1298,174,2,387,3,2133,2,2,30
1299,174,2,388,3,2136,3,3,30
1300,174,2,389,6,2142,3,3,60
1301,174,2,390,4,2146,1,1,40
1302,174,2,391,5,2151,3,3,50
1303,174,2,392,4,2155,1,0,40
1304,174,2,393,7,2162,6,0,70
1305,174,2,394,7,2169,7,1,70
1306,174,2,395,7,2176,9,3,70
1307,174,2,396,8,2184,10,10,80
1308,174,2,397,6,2190,4,0,60
1309,174,2,398,3,2193,5,5,30
1310,174,2,399,8,2201,2,0,80
1311,174,2,400,9,2210,6,6,90
1312,174,2,401,2,2212,1,1,20
1313,174,2,402,3,2215,2,2,30
1314,174,2,403,5,2220,4,4,50
1315,174,2,404,6,2226,5,5,60
1316,174,2,405,2,2228,0,0,20
1317,174,2,406,8,2236,1,1,80
1318,174,2,407,5,2241,2,2,50
1319,174,2,408,2,2243,2,0,20
1320,174,2,409,5,2248,4,0,50
1321,174,2,410,3,2251,5,5,30
1322,174,2,411,2,2253,0,0,20
1323,174,2,412,7,2260,3,3,70
1324,174,2,413,5,2265,0,0,50
1325,174,2,414,9,2274,5,0,90
1326,174,2,415,7,2281,8,0,70
1327,174,2,416,3,2284,10,10,30
1328,174,2,417,6,2290,4,4,60
1329,174,2,418,7,2297,5,5,70
1330,174,2,419,8,2305,3,1,80
1331,174,2,420,2,2307,2,1,20
1332,174,2,421,2,2309,1,1,20
1333,174,2,422,7,2316,5,0,70
1334,174,2,423,8,2324,7,7,80
1335,174,2,424,5,2329,3,3,50
1336,174,2,425,6,2335,3,0,60
1337,174,2,426,2,2337,4,1,20
1338,174,2,427,4,2341,4,4,40
1339,174,2,428,9,2350,2,2,90
1340,174,2,429,3,2353,3,0,30
1341,174,2,430,3,2356,5,5,30
1342,174,2,431,3,2359,3,0,30
1343,174,2,432,3,2362,5,0,30
1344,174,2,433,5,2367,8,8,50
1345,174,2,434,9,2376,6,6,90
1346,174,2,435,7,2383,6,1,70
1347,174,2,436,3,2386,7,1,30
1348,174,2,437,3,2389,6,6,30
1349,174,2,438,5,2394,2,2,50
1350,174,2,439,7,2401,4,0,70
1351,174,2,440,6,2407,6,6,60
1352,174,2,441,4,2411,2,0,40
1353,174,2,442,3,2414,4,4,30
1354,174,2,443,3,2417,1,1,30
1355,174,2,444,7,2424,2,2,70
1356,174,2,445,3,2427,3,1,30
1357,174,2,446,4,2431,3,1,40
1358,174,2,447,5,2436,3,2,50
1359,174,2,448,9,2445,7,7,90
1360,174,2,449,5,2450,3,0,50
1361,174,2,450,4,2454,4,4,40
1362,174,2,451,6,2460,3,3,60
1363,174,2,452,6,2466,3,3,60
1364,174,2,453,2,2468,2,2,20
1365,174,2,454,8,2476,2,2,80
1366,174,2,455,8,2484,1,0,80
1367,174,2,456,3,2487,1,1,30
1368,174,2,457,2,2489,1,1,20
1369,174,2,458,2,2491,1,0,20
1370,174,2,459,4,2495,3,0,40
1371,174,2,460,9,2504,6,0,90
1372,174,2,461,4,2508,7,0,40
1373,174,2,462,2,2510,7,7,20
1374,174,2,463,7,2517,3,1,70
1375,174,2,464,3,2520,2,2,30
1376,174,2,465,7,2527,3,3,70
1377,174,2,466,2,2529,3,1,20
1378,174,2,467,3,2532,2,2,30
1379,174,2,468,6,2538,5,5,60
1380,174,2,469,8,2546,4,0,80
1381,174,2,470,5,2551,8,1,50
1382,174,2,471,6,2557,7,1,60
1383,174,2,472,7,2564,10,10,70
1384,174,2,473,9,2573,3,3,90
1385,174,2,474,8,2581,7,1,80
1386,174,2,475,4,2585,10,10,40
1387,174,2,476,5,2590,1,1,50
1388,174,2,477,3,2593,3,3,30
1389,174,2,478,6,2599,2,1,60
1390,174,2,479,7,2606,2,2,70
1391,174,2,480,3,2609,1,1,30
1392,174,2,481,9,2618,5,0,90
1393,174,2,482,3,2621,6,6,30
1394,174,2,483,7,2628,3,1,70
1395,174,2,484,2,2630,2,1,20
1396,174,2,485,2,2632,2,2,20
1397,174,2,486,2,2634,1,1,20
1398,174,2,487,6,2640,2,2,60
1399,174,2,488,2,2642,1,1,20
1400,174,2,489,3,2645,1,1,30
1401,174,2,490,2,2647,1,1,20
1402,174,2,491,9,2656,7,7,90
1403,174,2,492,6,2662,3,0,60
1404,174,2,493,2,2664,4,1,20
1405,174,2,494,4,2668,5,0,40
1406,174,2,495,9,2677,9,9,90
1407,174,2,496,2,2679,0,0,20
1408,174,2,497,5,2684,0,0,50
1409,174,2,498,9,2693,2,2,90
1410,174,2,499,3,2696,1,1,30
1411,174,2,500,4,2700,1,0,40
1412,174,2,501,9,2709,6,6,90
1413,174,2,502,5,2714,3,1,50
1414,174,2,503,5,2719,3,0,50
1415,174,2,504,7,2726,4,4,70
1416,174,2,505,8,2734,5,5,80
1417,174,2,506,7,2741,1,1,70
1418,174,2,507,3,2744,1,0,30
1419,174,2,508,6,2750,3,1,60
1420,174,2,509,7,2757,6,6,70
1421,174,2,510,7,2764,7,7,70
1422,174,2,511,7,2771,2,2,70
1423,174,2,512,3,2774,0,0,30
1424,174,2,513,4,2778,4,4,40
1425,174,2,514,2,2780,1,0,20
1426,174,2,515,8,2788,5,0,80
1427,174,2,516,4,2792,8,8,40
1428,174,2,517,6,2798,2,2,60
1429,174,2,518,6,2804,4,1,60
1430,174,2,519,5,2809,6,2,50
1431,174,2,520,7,2816,5,1,70
1432,174,2,521,9,2825,7,0,90
1433,174,2,522,3,2828,7,1,30
1434,174,2,523,6,2834,8,8,60
1435,174,2,524,4,2838,1,1,40
1436,174,2,525,3,2841,1,1,30
1437,174,2,526,9,2850,1,1,90
1438,174,2,527,2,2852,2,2,20
1439,174,2,528,7,2859,4,0,70
1440,174,2,529,9,2868,7,1,90
1441,174,2,530,3,2871,7,7,30
1442,174,2,531,6,2877,1,1,60
1443,174,2,532,6,2883,2,2,60
1444,174,2,533,2,2885,0,0,20
1445,174,2,534,2,2887,0,0,20
1446,174,2,535,3,2890,2,0,30
1447,174,2,536,8,2898,6,0,80
1448,174,2,537,6,2904,8,2,60
1449,174,2,538,9,2913,10,10,90
1450,174,2,539,2,2915,0,0,20
1451,174,2,540,2,2917,2,2,20
1452,174,2,541,6,2923,7,0,60
1453,174,2,542,4,2927,10,2,40
1454,174,2,543,6,2933,13,13,60
1455,174,2,544,3,2936,1,1,30
1456,174,2,545,6,2942,6,6,60
1457,174,2,546,4,2946,2,0,40
1458,174,2,547,6,2952,5,5,60
1459,174,2,548,5,2957,1,1,50
1460,174,2,549,7,2964,1,1,70
1461,174,2,550,3,2967,1,0,30
1462,174,2,551,6,2973,7,0,60
1463,174,2,552,8,2981,8,8,80
1464,174,2,553,7,2988,4,2,70
1465,174,2,554,7,2995,8,8,70
1466,174,2,555,4,2999,1,1,40
1467,174,2,556,3,3002,2,0,30
1468,174,2,557,5,3007,3,3,50
1469,174,2,558,6,3013,5,0,60
1470,174,2,559,6,3019,9,1,60
1471,174,2,560,3,3022,10,1,30
1472,174,2,561,5,3027,10,10,50
1473,174,2,562,3,3030,0,0,30
1474,174,2,563,6,3036,2,2,60
1475,174,2,564,3,3039,1,0,30
1476,174,2,565,5,3044,5,0,50
1477,174,2,566,5,3049,7,7,50
1478,174,2,567,2,3051,0,0,20
1479,174,2,568,9,3060,6,0,90
1480,174,2,569,7,3067,9,9,70
1481,174,2,570,5,3072,1,0,50
1482,174,2,571,3,3075,1,1,30
1483,174,2,572,6,3081,4,4,60
1484,174,2,573,7,3088,6,1,70
1485,174,2,574,4,3092,7,1,40
1486,174,2,575,9,3101,9,1,90
1487,174,2,576,5,3106,13,13,50
1488,174,2,577,6,3112,2,0,60
1489,174,2,578,7,3119,5,1,70
1490,174,2,579,5,3124,4,0,50
1491,174,2,580,5,3129,6,0,50
1492,174,2,581,8,3137,11,1,80
1493,174,2,582,8,3145,13,13,80
1494,174,2,583,6,3151,6,0,60
1495,174,2,584,9,3160,9,0,90
1496,174,2,585,9,3169,13,1,90
1497,174,2,586,9,3178,14,2,90
1498,174,2,587,7,3185,14,4,70
1499,174,2,588,2,3187,11,11,20
1500,174,2,589,6,3193,5,5,60
1501,174,2,590,5,3198,3,1,50
1502,174,2,591,6,3204,7,1,60
1503,174,2,592,6,3210,10,10,60
1504,174,2,593,7,3217,4,1,70
1505,174,2,594,7,3224,4,1,70
1506,174,2,595,8,3232,8,3,80
1507,174,2,596,9,3241,13,13,90
1508,174,2,597,6,3247,1,1,60
1509,174,2,598,5,3252,2,0,50
1510,174,2,599,9,3261,7,7,90
1511,174,2,600,2,3263,2,2,20
1512,174,2,601,5,3268,3,3,50
1513,174,2,602,7,3275,5,5,70
1514,174,2,603,5,3280,7,7,50
1515,174,2,604,6,3286,3,0,60
1516,174,2,605,9,3295,7,7,90
1517,174,2,606,3,3298,1,0,30
1518,174,2,607,6,3304,1,0,60
1519,174,2,608,9,3313,3,3,90
1520,174,2,609,4,3317,2,0,40
1521,174,2,610,9,3326,10,10,90
1522,174,2,611,2,3328,2,2,20
1523,174,2,612,9,3337,5,1,90
1524,174,2,613,2,3339,4,4,20
1525,174,2,614,3,3342,0,0,30
1526,174,2,615,3,3345,0,0,30
1527,174,2,616,2,3347,0,0,20
1528,174,2,617,2,3349,3,0,20
1529,174,2,618,3,3352,3,0,30
1530,174,2,619,5,3357,4,4,50
1531,174,2,620,4,3361,3,0,40
1532,174,2,621,8,3369,6,6,80
1533,174,2,622,6,3375,4,4,60
1534,174,2,623,2,3377,2,2,20
1535,174,2,624,2,3379,1,1,20
1536,174,2,625,7,3386,1,0,70
1537,174,2,626,6,3392,6,6,60
1538,174,2,627,5,3397,2,2,50
1539,174,2,628,4,3401,1,1,40
1540,174,2,629,6,3407,3,3,60
1541,174,2,630,2,3409,1,0,20
1542,174,2,631,7,3416,2,0,70
1543,174,2,632,5,3421,4,0,50
1544,174,2,633,3,3424,6,0,30
1545,174,2,634,3,3427,7,7,30
1546,174,2,635,2,3429,1,0,20
1547,174,2,636,6,3435,5,1,60
1548,174,2,637,6,3441,9,9,60
1549,174,2,638,6,3447,7,7,60
1550,174,2,639,5,3452,5,5,50
1551,174,2,640,8,3460,2,0,80
1552,174,2,641,2,3462,3,0,20
1553,174,2,642,7,3469,8,2,70
1554,174,2,643,8,3477,6,2,80
1555,174,2,644,2,3479,6,0,20
1556,174,2,645,6,3485,9,9,60
1557,174,2,646,8,3493,5,1,80
1558,174,2,647,3,3496,5,5,30
1559,174,2,648,8,3504,3,0,80
1560,174,2,649,6,3510,4,4,60
1561,174,2,650,3,3513,1,0,30
1562,174,2,651,5,3518,3,0,50
1563,174,2,652,3,3521,6,1,30
1564,174,2,653,8,3529,7,0,80
1565,174,2,654,7,3536,10,10,70
1566,174,2,655,4,3540,1,0,40
1567,174,2,656,9,3549,5,1,90
1568,174,2,657,2,3551,4,1,20
1569,174,2,658,7,3558,8,4,70
1570,174,2,659,9,3567,10,10,90
1571,174,2,660,8,3575,6,6,80
1572,174,2,661,5,3580,3,0,50
1573,174,2,662,2,3582,5,1,20
1574,174,2,663,9,3591,10,0,90
1575,174,2,664,9,3600,12,3,90
1576,174,2,665,8,3608,17,17,80
1577,174,2,666,7,3615,3,0,70
1578,174,2,667,3,3618,3,0,30
1579,174,2,668,5,3623,9,2,50
1580,174,2,669,5,3628,11,1,50
1581,174,2,670,2,3630,10,10,20
1582,174,2,671,5,3635,4,4,50
1583,174,2,672,6,3641,2,2,60
1584,174,2,673,9,3650,6,6,90
1585,174,2,674,9,3659,6,0,90
1586,174,2,675,7,3666,10,10,70
1587,174,2,676,4,3670,8,1,40
1588,174,2,677,3,3673,7,0,30
1589,174,2,678,6,3679,7,7,60
1590,174,2,679,5,3684,1,0,50
1591,174,2,680,6,3690,7,7,60
1592,174,2,681,5,3695,4,0,50
1593,174,2,682,5,3700,6,6,50
1594,174,2,683,3,3703,1,0,30
1595,174,2,684,3,3706,1,0,30
1596,174,2,685,9,3715,8,0,90
1597,174,2,686,2,3717,9,1,20
1598,174,2,687,5,3722,14,14,50
1599,174,2,688,7,3729,2,0,70
1600,174,2,689,9,3738,5,5,90
1601,174,2,690,7,3745,1,0,70
1602,174,2,691,2,3747,1,1,20
1603,174,2,692,6,3753,3,0,60
1604,174,2,693,8,3761,4,4,80
1605,174,2,694,5,3766,5,5,50
1606,174,2,695,9,3775,3,3,90
1607,174,2,696,5,3780,6,6,50
1608,174,2,697,3,3783,3,0,30
1609,174,2,698,2,3785,5,0,20
1610,174,2,699,9,3794,7,7,90
1611,174,2,700,6,3800,4,4,60
1612,174,2,701,8,3808,7,1,80
1613,174,2,702,4,3812,6,6,40
1614,174,2,703,5,3817,5,1,50
1615,174,2,704,4,3821,5,5,40
1616,174,2,705,2,3823,1,0,20
1617,174,2,706,5,3828,3,3,50
1618,174,2,707,8,3836,2,2,80
1619,174,2,708,2,3838,3,1,20
1620,174,2,709,8,3846,6,6,80
1621,174,2,710,7,3853,3,3,70
1622,174,2,711,4,3857,5,0,40
1623,174,2,712,3,3860,5,1,30
1624,174,2,713,6,3866,7,2,60
1625,174,2,714,2,3868,6,2,20
1626,174,2,715,6,3874,7,7,60
1627,174,2,716,9,3883,3,3,90
1628,174,2,717,3,3886,1,0,30
1629,174,2,718,6,3892,3,3,60
1630,174,2,719,2,3894,1,1,20
1631,174,2,720,7,3901,3,0,70
1632,174,2,721,8,3909,7,7,80
1633,174,2,722,5,3914,3,3,50
1634,174,2,723,6,3920,3,3,60
1635,174,2,724,4,3924,3,3,40
1636,174,2,725,3,3927,1,1,30
1637,174,2,726,8,3935,5,5,80
1638,174,2,727,7,3942,5,5,70
1639,174,2,728,6,3948,4,4,60
1640,174,2,729,9,3957,1,0,90
1641,174,2,730,2,3959,1,1,20
1642,174,2,731,9,3968,4,4,90
1643,174,2,732,2,3970,2,0,20
1644,174,2,733,2,3972,2,2,20
1645,174,2,734,2,3974,0,0,20
1646,174,2,735,4,3978,1,0,40
1647,174,2,736,3,3981,3,3,30
1648,174,2,737,8,3989,3,3,80
1649,174,2,738,2,3991,0,0,20
1650,174,2,739,9,4000,3,3,90
1651,174,2,740,4,4004,2,0,40
1652,174,2,741,6,4010,4,1,60
1653,174,2,742,6,4016,6,6,60
1654,174,2,743,8,4024,3,3,80
1655,174,2,744,9,4033,5,2,90
1656,174,2,745,9,4042,7,2,90
1657,174,2,746,8,4050,8,8,80
1658,174,2,747,9,4059,4,4,90
1659,174,2,748,8,4067,4,4,80
1660,174,2,749,5,4072,3,1,50
1661,174,2,750,3,4075,3,3,30
1662,174,2,751,5,4080,4,4,50
1663,174,2,752,4,4084,2,0,40
1664,174,2,753,3,4087,4,4,30
1665,174,2,754,9,4096,6,0,90
1666,174,2,755,8,4104,13,13,80
1667,174,2,756,6,4110,3,3,60
1668,174,2,757,8,4118,3,0,80
1669,174,2,758,7,4125,9,9,70
1670,174,2,759,8,4133,4,4,80
1671,174,2,760,9,4142,2,2,90
1672,174,2,761,4,4146,2,2,40
1673,174,2,762,2,4148,4,4,20
1674,174,2,763,4,4152,6,6,40
1675,174,2,764,9,4161,8,2,90
1676,174,2,765,2,4163,7,0,20
1677,174,2,766,4,4167,8,1,40
1678,174,2,767,8,4175,9,9,80
1679,174,2,768,5,4180,1,1,50
1680,174,2,769,7,4187,2,0,70
1681,174,2,770,5,4192,2,0,50
1682,174,2,771,7,4199,5,5,70
1683,174,2,772,2,4201,1,0,20
1684,174,2,773,7,4208,7,2,70
1685,174,2,774,7,4215,9,9,70
1686,174,2,775,4,4219,1,0,40
1687,174,2,776,5,4224,2,2,50
1688,174,2,777,6,4230,3,1,60
1689,174,2,778,7,4237,6,1,70
1690,174,2,779,9,4246,7,7,90
1691,174,2,780,8,4254,3,3,80
1692,174,2,781,8,4262,3,0,80
1693,174,2,782,8,4270,11,2,80
1694,174,2,783,3,4273,11,11,30
1695,174,2,784,6,4279,4,4,60
1696,174,2,785,5,4284,3,3,50
1697,174,2,786,4,4288,3,3,40
1698,174,2,787,7,4295,1,0,70
1699,174,2,788,3,4298,3,0,30
1700,174,2,789,8,4306,11,11,80
1701,174,2,790,3,4309,2,0,30
1702,174,2,791,3,4312,2,1,30
1703,174,2,792,2,4314,1,0,20
1704,174,2,793,8,4322,7,0,80
1705,174,2,794,3,4325,7,1,30
1706,174,2,795,9,4334,13,13,90
1707,174,2,796,2,4336,0,0,20
1708,174,2,797,6,4342,2,2,60
1709,174,2,798,2,4344,1,0,20
1710,174,2,799,6,4350,4,4,60
1711,174,2,800,9,4359,4,4,90
1712,174,2,801,2,4361,2,2,20
1713,174,2,802,6,4367,4,0,60
1714,174,2,803,9,4376,9,9,90
1715,174,2,804,6,4382,1,0,60
1716,174,2,805,5,4387,1,1,50
1717,174,2,806,6,4393,2,0,60
1718,174,2,807,2,4395,3,3,20
1719,174,2,808,9,4404,5,5,90
1720,174,2,809,4,4408,2,2,40
1721,174,2,810,8,4416,4,0,80
1722,174,2,811,3,4419,6,6,30
1723,174,2,812,4,4423,4,0,40
1724,174,2,813,5,4428,7,7,50
1725,174,2,814,8,4436,2,2,80
1726,174,2,815,7,4443,0,0,70
1727,174,2,816,8,4451,6,6,80
1728,174,2,817,2,4453,2,2,20
1729,174,2,818,4,4457,4,4,40
1730,174,2,819,3,4460,3,0,30
1731,174,2,820,5,4465,5,5,50
1732,174,2,821,4,4469,3,3,40
1733,174,2,822,2,4471,3,1,20
1734,174,2,823,7,4478,4,4,70
1735,174,2,824,4,4482,5,2,40
1736,174,2,825,4,4486,6,6,40
1737,174,2,826,8,4494,2,0,80
1738,174,2,827,5,4499,4,0,50
1739,174,2,828,5,4504,5,0,50
1740,174,2,829,3,4507,7,7,30
1741,174,2,830,5,4512,1,1,50
1742,174,2,831,4,4516,2,0,40
1743,174,2,832,2,4518,3,0,20
1744,174,2,833,6,4524,6,6,60
1745,174,2,834,9,4533,6,1,90
1746,174,2,835,3,4536,5,5,30
1747,174,2,836,3,4539,4,4,30
1748,174,2,837,5,4544,3,3,50
1749,174,2,838,8,4552,2,2,80
1750,174,2,839,6,4558,4,4,60
1751,174,2,840,3,4561,1,1,30
1752,174,2,841,3,4564,1,1,30
1753,174,2,842,2,4566,2,2,20
1754,174,2,843,3,4569,1,0,30
1755,174,2,844,3,4572,2,2,30
1756,174,2,845,7,4579,4,1,70
1757,174,2,846,5,4584,5,5,50
1758,174,2,847,8,4592,6,1,80
1759,174,2,848,4,4596,7,1,40
1760,174,2,849,9,4605,13,13,90
1761,174,2,850,8,4613,3,0,80
1762,174,2,851,7,4620,5,1,70
1763,174,2,852,9,4629,11,4,90
1764,174,2,853,9,4638,15,0,90
1765,174,2,854,4,4642,16,16,40
1766,174,2,855,3,4645,3,0,30
1767,174,2,856,5,4650,5,0,50
1768,174,2,857,2,4652,7,7,20
1769,174,2,858,6,4658,3,1,60
1770,174,2,859,7,4665,9,9,70
1771,174,2,860,9,4674,7,1,90
1772,174,2,861,3,4677,6,1,30
1773,174,2,862,3,4680,6,6,30
1774,174,2,863,4,4684,2,0,40
1775,174,2,864,2,4686,4,1,20
1776,174,2,865,3,4689,4,0,30
1777,174,2,866,8,4697,11,0,80
1778,174,2,867,7,4704,15,15,70
1779,174,2,868,5,4709,1,0,50
1780,174,2,869,7,4716,5,5,70
1781,174,2,870,9,4725,2,0,90
1782,174,2,871,9,4734,8,3,90
1783,174,2,872,3,4737,9,9,30
1784,174,2,873,6,4743,4,4,60
1785,174,2,874,8,4751,4,0,80
1786,174,2,875,9,4760,5,5,90
1787,174,2,876,2,4762,0,0,20
1788,174,2,877,2,4764,2,0,20
1789,174,2,878,7,4771,6,1,70
1790,174,2,879,8,4779,9,0,80
1791,174,2,880,4,4783,9,2,40
1792,174,2,881,2,4785,8,3,20
1793,174,2,882,2,4787,6,6,20
1794,174,2,883,8,4795,4,1,80
1795,174,2,884,2,4797,3,0,20
1796,174,2,885,5,4802,4,4,50
1797,174,2,886,5,4807,1,1,50
1798,174,2,887,6,4813,5,0,60
1799,174,2,888,2,4815,6,1,20
1800,174,2,889,8,4823,7,7,80
1801,174,2,890,2,4825,1,1,20
1802,174,2,891,2,4827,0,0,20
1803,174,2,892,8,4835,3,3,80
1804,174,2,893,8,4843,4,4,80
1805,174,2,894,8,4851,5,5,80
1806,174,2,895,4,4855,4,0,40
1807,174,2,896,2,4857,6,6,20
1808,174,2,897,8,4865,6,0,80
1809,174,2,898,4,4869,8,2,40
1810,174,2,899,6,4875,7,1,60
1811,174,2,900,6,4881,9,9,60
1812,174,2,901,6,4887,2,0,60
1813,174,2,902,9,4896,7,0,90
1814,174,2,903,7,4903,11,0,70
1815,174,2,904,7,4910,14,3,70
1816,174,2,905,6,4916,15,2,60
1817,174,2,906,5,4921,13,13,50
1818,174,2,907,4,4925,2,0,40
1819,174,2,908,4,4929,3,0,40
1820,174,2,909,5,4934,9,0,50
1821,174,2,910,8,4942,14,14,80
1822,174,2,911,5,4947,4,0,50
1823,174,2,912,7,4954,9,1,70
1824,174,2,913,2,4956,10,0,20
1825,174,2,914,2,4958,12,2,20
1826,174,2,915,2,4960,13,1,20
1827,174,2,916,3,4963,13,13,30
1828,174,2,917,7,4970,5,5,70
1829,174,2,918,4,4974,2,2,40
1830,174,2,919,6,4980,3,0,60
1831,174,2,920,4,4984,5,5,40
1832,174,2,921,2,4986,1,1,20
1833,174,2,922,9,4995,5,0,90
1834,174,2,923,2,4997,7,7,20
1835,174,3,1,3,3,1,0,30
1836,174,3,2,8,11,3,0,80
1837,174,3,3,8,19,5,0,80
1838,174,3,4,6,25,6,0,60
1839,174,3,5,6,31,14,2,60
1840,174,3,6,3,34,12,0,30
1841,174,3,7,9,43,15,5,90
1842,174,3,8,4,47,11,2,40
1843,174,3,9,4,51,11,11,40
1844,174,3,10,5,56,1,1,50
1845,174,3,11,7,63,5,1,70
1846,174,3,12,8,71,14,2,80
1847,174,3,13,9,80,16,0,90
1848,174,3,14,5,85,18,18,50
1849,174,3,15,6,91,3,1,60
1850,174,3,16,9,100,8,8,90
1851,174,3,17,8,108,4,1,80
1852,174,3,18,7,115,5,1,70
1853,174,3,19,6,121,8,0,60
1854,174,3,20,4,125,9,9,40
1855,174,3,21,5,130,4,1,50
1856,174,3,22,6,136,6,0,60
1857,174,3,23,2,138,6,1,20
1858,174,3,24,9,147,13,13,90
1859,174,3,25,2,149,2,2,20
1860,174,3,26,7,156,5,5,70
1861,174,3,27,7,163,3,0,70
1862,174,3,28,5,168,5,1,50
1863,174,3,29,4,172,6,0,40
1864,174,3,30,3,175,8,1,30
1865,174,3,31,3,178,10,2,30
1866,174,3,32,7,185,13,13,70
1867,174,3,33,3,188,3,0,30
1868,174,3,34,5,193,9,9,50
1869,174,3,35,9,202,4,4,90
1870,174,3,36,6,208,4,4,60
1871,174,3,37,3,211,1,1,30
1872,174,3,38,4,215,1,0,40
1873,174,3,39,3,218,1,1,30
1874,174,3,40,2,220,1,1,20
1875,174,3,41,6,226,4,1,60
1876,174,3,42,9,235,9,9,90
1877,174,3,43,2,237,2,2,20
1878,174,3,44,5,242,2,1,50
1879,174,3,45,8,250,4,4,80
1880,174,3,46,8,258,7,7,80
1881,174,3,47,8,266,2,2,80
1882,174,3,48,9,275,3,3,90
1883,174,3,49,9,284,10,1,90
1884,174,3,50,6,290,12,0,60
1885,174,3,51,7,297,14,1,70
1886,174,3,52,9,306,18,18,90
1887,174,3,53,6,312,3,3,60
1888,174,3,54,7,319,4,0,70
1889,174,3,55,4,323,7,7,40
1890,174,3,56,9,332,2,0,90
1891,174,3,57,8,340,6,6,80
1892,174,3,58,3,343,3,3,30
1893,174,3,59,7,350,6,6,70
1894,174,3,60,9,359,3,0,90
1895,174,3,61,2,361,4,4,20
1896,174,3,62,9,370,3,1,90
1897,174,3,63,6,376,2,2,60
1898,174,3,64,2,378,0,0,20
1899,174,3,65,7,385,4,4,70
1900,174,3,66,4,389,3,3,40
1901,174,3,67,5,394,4,4,50
1902,174,3,68,3,397,5,0,30
1903,174,3,69,9,406,13,1,90
1904,174,3,70,5,411,13,13,50
1905,174,3,71,2,413,0,0,20
1906,174,3,72,7,420,4,4,70
1907,174,3,73,3,423,2,2,30
1908,174,3,74,2,425,1,1,20
1909,174,3,75,7,432,4,4,70
1910,174,3,76,8,440,6,2,80
1911,174,3,77,2,442,5,0,20
1912,174,3,78,4,446,6,1,40
1913,174,3,79,7,453,11,1,70
1914,174,3,80,4,457,12,2,40
1915,174,3,81,3,460,13,13,30
1916,174,3,82,4,464,2,2,40
1917,174,3,83,8,472,1,0,80
1918,174,3,84,9,481,7,7,90
1919,174,3,85,6,487,2,2,60
1920,174,3,86,2,489,3,0,20
1921,174,3,87,2,491,3,1,20
1922,174,3,88,7,498,4,0,70
1923,174,3,89,4,502,5,5,40
1924,174,3,90,6,508,5,5,60
1925,174,3,91,7,515,5,0,70
1926,174,3,92,4,519,8,8,40
1927,174,3,93,7,526,6,0,70
1928,174,3,94,4,530,8,8,40
1929,174,3,95,6,536,4,4,60
1930,174,3,96,8,544,4,0,80
1931,174,3,97,7,551,7,1,70
1932,174,3,98,4,555,7,7,40
1933,174,3,99,8,563,3,1,80
1934,174,3,100,2,565,3,2,20
1935,174,3,101,8,573,6,6,80
1936,174,3,102,6,579,4,0,60
1937,174,3,103,8,587,6,1,80
1938,174,3,104,9,596,6,1,90
1939,174,3,105,5,601,8,8,50
1940,174,3,106,2,603,1,1,20
1941,174,3,107,2,605,1,0,20
1942,174,3,108,8,613,4,4,80
1943,174,3,109,4,617,1,0,40
1944,174,3,110,2,619,2,0,20
1945,174,3,111,5,624,5,1,50
1946,174,3,112,2,626,6,6,20
1947,174,3,113,3,629,3,0,30
1948,174,3,114,4,633,4,0,40
1949,174,3,115,6,639,7,7,60
1950,174,3,116,9,648,7,1,90
1951,174,3,117,2,650,7,7,20
1952,174,3,118,5,655,3,3,50
1953,174,3,119,6,661,2,1,60
1954,174,3,120,8,669,10,10,80
1955,174,3,121,7,676,3,1,70
1956,174,3,122,3,679,6,6,30
1957,174,3,123,9,688,8,8,90
1958,174,3,124,6,694,0,0,60
1959,174,3,125,7,701,0,0,70
1960,174,3,126,5,706,3,0,50
1961,174,3,127,4,710,7,1,40
1962,174,3,128,2,712,8,2,20
1963,174,3,129,2,714,8,8,20
1964,174,3,130,2,716,3,3,20
1965,174,3,131,6,722,4,1,60
1966,174,3,132,7,729,8,2,70
1967,174,3,133,4,733,7,3,40
1968,174,3,134,8,741,7,7,80
1969,174,3,135,2,743,2,0,20
1970,174,3,136,7,750,4,4,70
1971,174,3,137,6,756,2,2,60
1972,174,3,138,2,758,0,0,20
1973,174,3,139,2,760,0,0,20
1974,174,3,140,8,768,5,5,80
1975,174,3,141,7,775,2,0,70
1976,174,3,142,5,780,8,8,50
1977,174,3,143,8,788,3,1,80
1978,174,3,144,8,796,7,7,80
1979,174,3,145,2,798,3,0,20
1980,174,3,146,5,803,5,1,50
1981,174,3,147,7,810,8,1,70
1982,174,3,148,8,818,11,11,80
1983,174,3,149,5,823,4,4,50
1984,174,3,150,3,826,0,0,30
1985,174,3,151,3,829,0,0,30
1986,174,3,152,5,834,1,1,50
1987,174,3,153,3,837,1,0,30
1988,174,3,154,3,840,2,0,30
1989,174,3,155,9,849,5,1,90
1990,174,3,156,3,852,8,8,30
1991,174,3,157,7,859,4,0,70
1992,174,3,158,8,867,9,2,80
1993,174,3,159,2,869,8,1,20
1994,174,3,160,9,878,9,9,90
1995,174,3,161,2,880,1,1,20
1996,174,3,162,9,889,3,1,90
1997,174,3,163,5,894,5,1,50
1998,174,3,164,7,901,12,12,70
1999,174,3,165,6,907,0,0,60
2000,174,3,166,5,912,5,2,50
2001,174,3,167,8,920,6,0,80
2002,174,3,168,4,924,7,7,40
2003,174,3,169,9,933,4,4,90
2004,174,3,170,9,942,7,7,90
2005,174,3,171,6,948,6,1,60
2006,174,3,172,7,955,8,0,70
2007,174,3,173,5,960,10,10,50
2008,174,3,174,7,967,5,5,70
2009,174,3,175,9,976,2,2,90
2010,174,3,176,7,983,5,0,70
2011,174,3,177,9,992,9,9,90
2012,174,3,178,2,994,0,0,20
2013,174,3,179,4,998,3,0,40
2014,174,3,180,7,1005,8,8,70
2015,174,3,181,5,1010,2,0,50
2016,174,3,182,6,1016,5,5,60
2017,174,3,183,2,1018,0,0,20
2018,174,3,184,6,1024,4,0,60
2019,174,3,185,2,1026,4,0,20
2020,174,3,186,3,1029,5,5,30
2021,174,3,187,4,1033,1,1,40
2022,174,3,188,4,1037,4,0,40
2023,174,3,189,8,1045,9,0,80
2024,174,3,190,9,1054,15,15,90
2025,174,3,191,5,1059,0,0,50
2026,174,3,192,9,1068,2,0,90
2027,174,3,193,5,1073,2,0,50
2028,174,3,194,4,1077,4,4,40
2029,174,3,195,3,1080,3,0,30
2030,174,3,196,7,1087,6,0,70
2031,174,3,197,8,1095,8,2,80
2032,174,3,198,7,1102,7,7,70
2033,174,3,199,8,1110,10,2,80
2034,174,3,200,5,1115,9,2,50
2035,174,3,201,8,1123,13,13,80
2036,174,3,202,8,1131,3,3,80
2037,174,3,203,3,1134,0,0,30
2038,174,3,204,5,1139,4,0,50
2039,174,3,205,2,1141,4,1,20
2040,174,3,206,9,1150,5,2,90
2041,174,3,207,8,1158,8,2,80
2042,174,3,208,7,1165,6,0,70
2043,174,3,209,4,1169,8,0,40
2044,174,3,210,5,1174,10,1,50
2045,174,3,211,9,1183,14,14,90
2046,174,3,212,4,1187,3,1,40
2047,174,3,213,6,1193,6,1,60
2048,174,3,214,6,1199,10,10,60
2049,174,3,215,2,1201,2,2,20
2050,174,3,216,6,1207,4,0,60
2051,174,3,217,6,1213,5,0,60
2052,174,3,218,8,1221,10,10,80
2053,174,3,219,9,1230,3,3,90
2054,174,3,220,8,1238,3,0,80
2055,174,3,221,7,1245,9,2,70
2056,174,3,222,7,1252,12,12,70
2057,174,3,223,4,1256,4,0,40
2058,174,3,224,5,1261,7,0,50
2059,174,3,225,3,1264,9,9,30
2060,174,3,226,6,1270,2,2,60
2061,174,3,227,7,1277,1,0,70
2062,174,3,228,6,1283,4,4,60
2063,174,3,229,5,1288,1,1,50
2064,174,3,230,7,1295,3,1,70
2065,174,3,231,2,1297,3,0,20
2066,174,3,232,2,1299,3,3,20
2067,174,3,233,6,1305,2,2,60
2068,174,3,234,6,1311,3,0,60
2069,174,3,235,9,1320,5,0,90
2070,174,3,236,5,1325,7,0,50
2071,174,3,237,2,1327,8,8,20
2072,174,3,238,7,1334,4,4,70
2073,174,3,239,9,1343,4,0,90
2074,174,3,240,5,1348,6,1,50
2075,174,3,241,6,1354,7,0,60
2076,174,3,242,6,1360,13,13,60
2077,174,3,243,2,1362,0,0,20
2078,174,3,244,6,1368,4,1,60
2079,174,3,245,5,1373,3,1,50
2080,174,3,246,3,1376,2,0,30
2081,174,3,247,8,1384,3,3,80
2082,174,3,248,5,1389,4,4,50
2083,174,3,249,7,1396,0,0,70
2084,174,3,250,5,1401,4,4,50
2085,174,3,251,5,1406,2,2,50
2086,174,3,252,8,1414,3,0,80
2087,174,3,253,7,1421,5,0,70
2088,174,3,254,3,1424,7,7,30
2089,174,3,255,3,1427,2,2,30
2090,174,3,256,5,1432,2,0,50
2091,174,3,257,2,1434,2,2,20
2092,174,3,258,6,1440,3,0,60
2093,174,3,259,4,1444,5,0,40
2094,174,3,260,6,1450,9,1,60
2095,174,3,261,3,1453,12,12,30
2096,174,3,262,7,1460,2,2,70
2097,174,3,263,3,1463,1,0,30
2098,174,3,264,8,1471,6,6,80
2099,174,3,265,5,1476,3,1,50
2100,174,3,266,6,1482,6,1,60
2101,174,3,267,2,1484,5,5,20
2102,174,3,268,5,1489,2,2,50
2103,174,3,269,2,1491,1,1,20
2104,174,3,270,2,1493,0,0,20
2105,174,3,271,6,1499,0,0,60
2106,174,3,272,8,1507,6,6,80
2107,174,3,273,9,1516,5,5,90
2108,174,3,274,5,1521,2,0,50
2109,174,3,275,5,1526,3,0,50
2110,174,3,276,8,1534,11,11,80
2111,174,3,277,6,1540,4,0,60
2112,174,3,278,7,1547,5,5,70
2113,174,3,279,9,1556,3,3,90
2114,174,3,280,2,1558,0,0,20
2115,174,3,281,3,1561,1,1,30
2116,174,3,282,2,1563,1,0,20
2117,174,3,283,8,1571,5,5,80
2118,174,3,284,2,1573,0,0,20
2119,174,3,285,3,1576,0,0,30
2120,174,3,286,6,1582,2,2,60
2121,174,3,287,4,1586,4,3,40
2122,174,3,288,8,1594,5,1,80
2123,174,3,289,4,1598,10,10,40
2124,174,3,290,7,1605,1,0,70
2125,174,3,291,4,1609,2,0,40
2126,174,3,292,8,1617,4,4,80
2127,174,3,293,6,1623,3,0,60
2128,174,3,294,8,1631,5,0,80
2129,174,3,295,6,1637,7,1,60
2130,174,3,296,4,1641,6,1,40
2131,174,3,297,7,1648,8,1,70
2132,174,3,298,7,1655,8,1,70
2133,174,3,299,2,1657,7,1,20
2134,174,3,300,4,1661,7,2,40
2135,174,3,301,4,1665,6,6,40
2136,174,3,302,9,1674,4,1,90
2137,174,3,303,3,1677,3,0,30
2138,174,3,304,6,1683,5,5,60
2139,174,3,305,7,1690,1,1,70
2140,174,3,306,3,1693,4,1,30
2141,174,3,307,2,1695,5,1,20
2142,174,3,308,2,1697,4,4,20
2143,174,3,309,6,1703,4,1,60
2144,174,3,310,9,1712,6,1,90
2145,174,3,311,9,1721,9,9,90
2146,174,3,312,5,1726,1,1,50
2147,174,3,313,8,1734,8,2,80
2148,174,3,314,3,1737,8,1,30
2149,174,3,315,3,1740,8,8,30
2150,174,3,316,8,1748,3,0,80
2151,174,3,317,7,1755,6,1,70
2152,174,3,318,8,1763,5,5,80
2153,174,3,319,2,1765,3,3,20
2154,174,3,320,2,1767,3,3,20
2155,174,3,321,2,1769,1,1,20
2156,174,3,322,9,1778,0,0,90
2157,174,3,323,3,1781,1,0,30
2158,174,3,324,7,1788,3,1,70
2159,174,3,325,3,1791,5,0,30
2160,174,3,326,7,1798,7,7,70
2161,174,3,327,3,1801,1,0,30
2162,174,3,328,4,1805,2,0,40
2163,174,3,329,3,1808,2,2,30
2164,174,3,330,9,1817,3,0,90
2165,174,3,331,9,1826,10,1,90
2166,174,3,332,6,1832,13,13,60
2167,174,3,333,8,1840,5,0,80
2168,174,3,334,3,1843,5,0,30
2169,174,3,335,8,1851,11,11,80
2170,174,3,336,7,1858,3,3,70
2171,174,3,337,3,1861,2,0,30
2172,174,3,338,4,1865,6,6,40
2173,174,3,339,6,1871,5,5,60
2174,174,3,340,4,1875,0,0,40
2175,174,3,341,2,1877,0,0,20
2176,174,3,342,8,1885,4,4,80
2177,174,3,343,3,1888,1,0,30
2178,174,3,344,6,1894,6,0,60
2179,174,3,345,8,1902,12,12,80
2180,174,3,346,9,1911,7,1,90
2181,174,3,347,8,1919,8,0,80
2182,174,3,348,5,1924,12,12,50
2183,174,3,349,9,1933,7,1,90
2184,174,3,350,8,1941,10,1,80
2185,174,3,351,9,1950,15,4,90
2186,174,3,352,4,1954,13,2,40
2187,174,3,353,4,1958,13,13,40
2188,174,3,354,9,1967,2,2,90
2189,174,3,355,3,1970,4,4,30
2190,174,3,356,3,1973,1,0,30
2191,174,3,357,9,1982,5,0,90
2192,174,3,358,6,1988,9,1,60
2193,174,3,359,6,1994,15,15,60
2194,174,3,360,8,2002,4,4,80
2195,174,3,361,3,2005,2,2,30
2196,174,3,362,9,2014,6,6,90
2197,174,3,363,6,2020,2,0,60
2198,174,3,364,5,2025,8,8,50
2199,174,3,365,9,2034,4,4,90
2200,174,3,366,4,2038,4,1,40
2201,174,3,367,2,2040,3,0,20
2202,174,3,368,2,2042,5,5,20
2203,174,3,369,8,2050,6,2,80
2204,174,3,370,9,2059,7,2,90
2205,174,3,371,4,2063,5,0,40
2206,174,3,372,5,2068,8,0,50
2207,174,3,373,2,2070,10,10,20
2208,174,3,374,7,2077,3,3,70
2209,174,3,375,8,2085,6,6,80
2210,174,3,376,7,2092,1,0,70
2211,174,3,377,5,2097,4,4,50
2212,174,3,378,4,2101,2,2,40
2213,174,3,379,8,2109,1,1,80
2214,174,3,380,4,2113,0,0,40
2215,174,3,381,8,2121,3,3,80
2216,174,3,382,3,2124,1,1,30
2217,174,3,383,2,2126,0,0,20
2218,174,3,384,2,2128,2,2,20
2219,174,3,385,3,2131,2,2,30
2220,174,3,386,4,2135,1,0,40
2221,174,3,387,7,2142,2,2,70
2222,174,3,388,8,2150,2,0,80
2223,174,3,389,5,2155,4,4,50
2224,174,3,390,9,2164,5,5,90
2225,174,3,391,8,2172,3,1,80
2226,174,3,392,3,2175,2,2,30
2227,174,3,393,5,2180,1,1,50
2228,174,3,394,2,2182,0,0,20
2229,174,3,395,2,2184,3,3,20
2230,174,3,396,8,2192,4,4,80
2231,174,3,397,9,2201,9,3,90
2232,174,3,398,2,2203,7,7,20
2233,174,3,399,9,2212,7,7,90
2234,174,3,400,5,2217,5,5,50
2235,174,3,401,4,2221,4,4,40
2236,174,3,402,8,2229,3,2,80
2237,174,3,403,2,2231,2,0,20
2238,174,3,404,3,2234,4,0,30
2239,174,3,405,6,2240,5,5,60
2240,174,3,406,2,2242,1,0,20
2241,174,3,407,6,2248,1,0,60
2242,174,3,408,4,2252,4,1,40
2243,174,3,409,4,2256,5,1,40
2244,174,3,410,3,2259,4,0,30
2245,174,3,411,6,2265,4,4,60
2246,174,3,412,2,2267,2,0,20
2247,174,3,413,3,2270,5,5,30
2248,174,3,414,9,2279,5,5,90
2249,174,3,415,3,2282,1,1,30
2250,174,3,416,4,2286,1,1,40
2251,174,3,417,8,2294,3,1,80
2252,174,3,418,5,2299,4,0,50
2253,174,3,419,6,2305,6,2,60
2254,174,3,420,9,2314,13,2,90
2255,174,3,421,8,2322,15,2,80
2256,174,3,422,8,2330,18,4,80
2257,174,3,423,4,2334,15,2,40
2258,174,3,424,7,2341,15,15,70
2259,174,3,425,9,2350,6,6,90
2260,174,3,426,7,2357,4,4,70
2261,174,3,427,6,2363,4,0,60
2262,174,3,428,9,2372,10,10,90
2263,174,3,429,5,2377,1,1,50
2264,174,3,430,8,2385,4,4,80
2265,174,3,431,5,2390,1,1,50
2266,174,3,432,6,2396,3,3,60
2267,174,3,433,5,2401,0,0,50
2268,174,3,434,7,2408,3,1,70
2269,174,3,435,5,2413,6,6,50
2270,174,3,436,4,2417,1,0,40
2271,174,3,437,2,2419,3,3,20
2272,174,3,438,2,2421,0,0,20
2273,174,3,439,9,2430,1,1,90
2274,174,3,440,9,2439,5,5,90
2275,174,3,441,8,2447,0,0,80
2276,174,3,442,7,2454,2,0,70
2277,174,3,443,8,2462,3,3,80
2278,174,3,444,5,2467,1,1,50
2279,174,3,445,6,2473,1,0,60
2280,174,3,446,3,2476,1,1,30
2281,174,3,447,7,2483,3,0,70
2282,174,3,448,7,2490,5,1,70
2283,174,3,449,3,2493,5,1,30
2284,174,3,450,3,2496,7,1,30
2285,174,3,451,4,2500,11,11,40
2286,174,3,452,5,2505,3,3,50
2287,174,3,453,2,2507,1,1,20
2288,174,3,454,3,2510,2,1,30
2289,174,3,455,5,2515,3,3,50
2290,174,3,456,6,2521,4,4,60
2291,174,3,457,2,2523,2,0,20
2292,174,3,458,9,2532,5,0,90
2293,174,3,459,9,2541,8,8,90
2294,174,3,460,5,2546,6,1,50
2295,174,3,461,9,2555,15,15,90
2296,174,3,462,3,2558,2,2,30
2297,174,3,463,8,2566,4,0,80
2298,174,3,464,3,2569,5,5,30
2299,174,3,465,9,2578,7,4,90
2300,174,3,466,6,2584,6,6,60
2301,174,3,467,4,2588,1,0,40
2302,174,3,468,5,2593,4,4,50
2303,174,3,469,9,2602,2,2,90
2304,174,3,470,5,2607,2,2,50
2305,174,3,471,5,2612,1,0,50
2306,174,3,472,2,2614,1,0,20
2307,174,3,473,2,2616,2,2,20
2308,174,3,474,9,2625,1,0,90
2309,174,3,475,3,2628,3,3,30
2310,174,3,476,7,2635,2,2,70
2311,174,3,477,5,2640,2,2,50
2312,174,3,478,2,2642,1,1,20
2313,174,3,479,4,2646,4,1,40
2314,174,3,480,5,2651,6,6,50
2315,174,3,481,2,2653,1,1,20
2316,174,3,482,9,2662,4,0,90
2317,174,3,483,6,2668,8,8,60
2318,174,3,484,4,2672,1,0,40
2319,174,3,485,3,2675,2,0,30
2320,174,3,486,3,2678,2,2,30
2321,174,3,487,9,2687,4,4,90
2322,174,3,488,5,2692,4,0,50
2323,174,3,489,5,2697,5,2,50
2324,174,3,490,6,2703,7,0,60
2325,174,3,491,8,2711,11,2,80
2326,174,3,492,8,2719,13,13,80
2327,174,3,493,8,2727,4,0,80
2328,174,3,494,6,2733,8,8,60
2329,174,3,495,8,2741,1,0,80
2330,174,3,496,8,2749,5,0,80
2331,174,3,497,5,2754,10,4,50
2332,174,3,498,9,2763,11,11,90
2333,174,3,499,2,2765,2,1,20
2334,174,3,500,8,2773,8,8,80
2335,174,3,501,7,2780,5,0,70
2336,174,3,502,5,2785,5,5,50
2337,174,3,503,8,2793,5,0,80
2338,174,3,504,7,2800,6,1,70
2339,174,3,505,8,2808,9,1,80
2340,174,3,506,7,2815,10,10,70
2341,174,3,507,3,2818,1,0,30
2342,174,3,508,7,2825,3,1,70
2343,174,3,509,6,2831,5,0,60
2344,174,3,510,7,2838,7,1,70
2345,174,3,511,4,2842,9,9,40
2346,174,3,512,7,2849,4,4,70
2347,174,3,513,7,2856,4,0,70
2348,174,3,514,2,2858,5,5,20
2349,174,3,515,8,2866,5,2,80
2350,174,3,516,6,2872,3,1,60
2351,174,3,517,7,2879,9,1,70
2352,174,3,518,5,2884,12,12,50
2353,174,3,519,4,2888,1,1,40
2354,174,3,520,5,2893,1,1,50
2355,174,3,521,4,2897,1,0,40
2356,174,3,522,3,2900,4,0,30
2357,174,3,523,8,2908,8,8,80
2358,174,3,524,5,2913,3,3,50
2359,174,3,525,3,2916,2,2,30
2360,174,3,526,7,2923,2,2,70
2361,174,3,527,2,2925,0,0,20
2362,174,3,528,4,2929,2,0,40
2363,174,3,529,7,2936,11,2,70
2364,174,3,530,4,2940,11,11,40
2365,174,3,531,3,2943,0,0,30
2366,174,3,532,7,2950,4,4,70
2367,174,3,533,4,2954,4,0,40
2368,174,3,534,7,2961,5,5,70
2369,174,3,535,4,2965,1,1,40
2370,174,3,536,5,2970,3,0,50
2371,174,3,537,5,2975,4,0,50
2372,174,3,538,3,2978,4,4,30
2373,174,3,539,7,2985,0,0,70
2374,174,3,540,2,2987,1,1,20
2375,174,3,541,3,2990,0,0,30
2376,174,3,542,7,2997,7,7,70
2377,174,3,543,4,3001,1,0,40
2378,174,3,544,6,3007,5,1,60
2379,174,3,545,8,3015,7,7,80
2380,174,3,546,3,3018,3,0,30
2381,174,3,547,9,3027,10,1,90
2382,174,3,548,7,3034,14,14,70
2383,174,3,549,3,3037,0,0,30
2384,174,3,550,7,3044,6,6,70
2385,174,3,551,3,3047,0,0,30
2386,174,3,552,5,3052,3,0,50
2387,174,3,553,8,3060,6,6,80
2388,174,3,554,4,3064,2,0,40
2389,174,3,555,4,3068,3,3,40
2390,174,3,556,8,3076,3,3,80
2391,174,3,557,7,3083,2,2,70
2392,174,3,558,4,3087,1,1,40
2393,174,3,559,8,3095,4,0,80
2394,174,3,560,5,3100,7,7,50
2395,174,3,561,9,3109,1,1,90
2396,174,3,562,7,3116,4,4,70
2397,174,3,563,9,3125,9,9,90
2398,174,3,564,6,3131,2,2,60
2399,174,3,565,8,3139,5,0,80
2400,174,3,566,5,3144,10,10,50
2401,174,3,567,9,3153,4,0,90
2402,174,3,568,3,3156,5,0,30
2403,174,3,569,6,3162,8,2,60
2404,174,3,570,4,3166,9,0,40
2405,174,3,571,7,3173,10,2,70
2406,174,3,572,9,3182,14,4,90
2407,174,3,573,6,3188,11,11,60
2408,174,3,574,9,3197,6,6,90
2409,174,3,575,8,3205,8,8,80
2410,174,3,576,2,3207,1,0,20
2411,174,3,577,5,3212,2,2,50
2412,174,3,578,3,3215,1,0,30
2413,174,3,579,6,3221,5,5,60
2414,174,3,580,2,3223,0,0,20
2415,174,3,581,2,3225,1,0,20
2416,174,3,582,8,3233,6,3,80
2417,174,3,583,2,3235,4,0,20
2418,174,3,584,8,3243,7,7,80
2419,174,3,585,6,3249,3,3,60
2420,174,3,586,2,3251,0,0,20
2421,174,3,587,9,3260,4,4,90
2422,174,3,588,9,3269,6,6,90
2423,174,3,589,7,3276,5,5,70
2424,174,3,590,7,3283,5,0,70
2425,174,3,591,2,3285,5,1,20
2426,174,3,592,5,3290,5,1,50
2427,174,3,593,3,3293,7,7,30
2428,174,3,594,2,3295,1,0,20
2429,174,3,595,6,3301,6,6,60
2430,174,3,596,5,3306,3,3,50
2431,174,3,597,8,3314,8,1,80
2432,174,3,598,7,3321,11,4,70
2433,174,3,599,8,3329,11,11,80
2434,174,3,600,4,3333,4,0,40
2435,174,3,601,2,3335,8,0,20
2436,174,3,602,4,3339,11,11,40
2437,174,3,603,4,3343,1,1,40
2438,174,3,604,6,3349,6,1,60
2439,174,3,605,9,3358,13,4,90
2440,174,3,606,6,3364,13,13,60
2441,174,3,607,9,3373,4,4,90
2442,174,3,608,5,3378,0,0,50
2443,174,3,609,4,3382,2,0,40
2444,174,3,610,4,3386,6,6,40
2445,174,3,611,6,3392,1,1,60
2446,174,3,612,5,3397,1,0,50
2447,174,3,613,6,3403,3,3,60
2448,174,3,614,9,3412,3,1,90
2449,174,3,615,2,3414,5,1,20
2450,174,3,616,3,3417,7,7,30
2451,174,3,617,4,3421,0,0,40
2452,174,3,618,5,3426,1,0,50
2453,174,3,619,4,3430,2,0,40
2454,174,3,620,2,3432,2,1,20
2455,174,3,621,7,3439,8,1,70
2456,174,3,622,7,3446,13,13,70
2457,174,3,623,9,3455,10,2,90
2458,174,3,624,5,3460,9,9,50
2459,174,3,625,4,3464,4,4,40
2460,174,3,626,9,3473,2,1,90
2461,174,3,627,8,3481,6,6,80
2462,174,3,628,4,3485,1,0,40
2463,174,3,629,6,3491,3,3,60
2464,174,3,630,6,3497,0,0,60
2465,174,3,631,3,3500,4,0,30
2466,174,3,632,7,3507,8,1,70
2467,174,3,633,4,3511,8,8,40
2468,174,3,634,5,3516,3,0,50
2469,174,3,635,3,3519,3,3,30
2470,174,3,636,3,3522,1,1,30
2471,174,3,637,3,3525,5,1,30
2472,174,3,638,5,3530,4,4,50
2473,174,3,639,9,3539,9,9,90
2474,174,3,640,5,3544,0,0,50
2475,174,3,641,9,3553,2,0,90
2476,174,3,642,8,3561,5,5,80
2477,174,3,643,2,3563,1,1,20
2478,174,3,644,5,3568,6,6,50
2479,174,3,645,2,3570,0,0,20
2480,174,3,646,2,3572,2,2,20
2481,174,3,647,7,3579,3,0,70
2482,174,3,648,2,3581,3,3,20
2483,174,3,649,4,3585,1,1,40
2484,174,3,650,2,3587,2,2,20
2485,174,3,651,9,3596,5,2,90
2486,174,3,652,4,3600,4,0,40
2487,174,3,653,6,3606,6,6,60
2488,174,3,654,8,3614,4,4,80
2489,174,3,655,9,3623,2,2,90
2490,174,3,656,3,3626,1,0,30
2491,174,3,657,3,3629,3,0,30
2492,174,3,658,8,3637,5,5,80
2493,174,3,659,9,3646,6,1,90
2494,174,3,660,2,3648,5,1,20
2495,174,3,661,4,3652,5,0,40
2496,174,3,662,5,3657,10,1,50
2497,174,3,663,4,3661,16,1,40
2498,174,3,664,6,3667,20,3,60
2499,174,3,665,9,3676,18,18,90
2500,174,3,666,3,3679,3,3,30
2501,174,3,667,8,3687,3,3,80
2502,174,3,668,7,3694,5,0,70
2503,174,3,669,6,3700,10,2,60
2504,174,3,670,7,3707,14,14,70
2505,174,3,671,8,3715,2,2,80
2506,174,3,672,9,3724,5,5,90
2507,174,3,673,2,3726,0,0,20
2508,174,3,674,4,3730,2,0,40
2509,174,3,675,7,3737,5,0,70
2510,174,3,676,4,3741,7,0,40
2511,174,3,677,2,3743,8,0,20
2512,174,3,678,2,3745,8,0,20
2513,174,3,679,9,3754,11,11,90
2514,174,3,680,6,3760,7,1,60
2515,174,3,681,4,3764,7,0,40
2516,174,3,682,8,3772,11,11,80
2517,174,3,683,9,3781,9,0,90
2518,174,3,684,3,3784,9,9,30
2519,174,3,685,5,3789,3,0,50
2520,174,3,686,2,3791,4,4,20
2521,174,3,687,7,3798,2,2,70
2522,174,3,688,5,3803,2,2,50
2523,174,3,689,2,3805,2,0,20
2524,174,3,690,7,3812,4,1,70
2525,174,3,691,4,3816,7,7,40
2526,174,3,692,7,3823,6,6,70
2527,174,3,693,5,3828,3,3,50
2528,174,3,694,9,3837,7,1,90
2529,174,3,695,3,3840,6,2,30
2530,174,3,696,6,3846,7,7,60
2531,174,3,697,9,3855,5,0,90
2532,174,3,698,9,3864,8,1,90
2533,174,3,699,2,3866,8,8,20
2534,174,3,700,9,3875,6,6,90
2535,174,3,701,3,3878,1,0,30
2536,174,3,702,2,3880,2,2,20
2537,174,3,703,6,3886,1,1,60
2538,174,3,704,9,3895,6,6,90
2539,174,3,705,2,3897,1,1,20
2540,174,3,706,4,3901,3,2,40
2541,174,3,707,4,3905,1,0,40
2542,174,3,708,7,3912,11,3,70
2543,174,3,709,3,3915,13,13,30
2544,174,3,710,5,3920,2,0,50
2545,174,3,711,3,3923,2,2,30
2546,174,3,712,8,3931,6,6,80
2547,174,3,713,4,3935,1,0,40
2548,174,3,714,5,3940,4,4,50
2549,174,3,715,5,3945,3,3,50
2550,174,3,716,7,3952,1,1,70
2551,174,3,717,4,3956,1,1,40
2552,174,3,718,8,3964,8,0,80
2553,174,3,719,8,3972,8,8,80
2554,174,3,720,6,3978,1,1,60
2555,174,3,721,2,3980,2,2,20
2556,174,3,722,2,3982,0,0,20
2557,174,3,723,4,3986,2,0,40
2558,174,3,724,2,3988,2,2,20
2559,174,3,725,6,3994,8,8,60
2560,174,3,726,8,4002,2,1,80
2561,174,3,727,6,4008,4,0,60
2562,174,3,728,6,4014,7,0,60
2563,174,3,729,9,4023,13,13,90
2564,174,3,730,8,4031,5,0,80
2565,174,3,731,9,4040,6,6,90
2566,174,3,732,7,4047,5,0,70
2567,174,3,733,7,4054,11,1,70
2568,174,3,734,6,4060,15,15,60
2569,174,3,735,9,4069,5,5,90
2570,174,3,736,7,4076,1,1,70
2571,174,3,737,5,4081,0,0,50
2572,174,3,738,9,4090,5,0,90
2573,174,3,739,4,4094,9,2,40
2574,174,3,740,7,4101,9,0,70
2575,174,3,741,2,4103,11,11,20
2576,174,3,742,3,4106,0,0,30
2577,174,3,743,7,4113,3,3,70
2578,174,3,744,4,4117,1,0,40
2579,174,3,745,2,4119,2,2,20
2580,174,3,746,3,4122,0,0,30
2581,174,3,747,8,4130,5,5,80
2582,174,3,748,2,4132,0,0,20
2583,174,3,749,5,4137,2,0,50
2584,174,3,750,9,4146,12,2,90
2585,174,3,751,8,4154,19,4,80
2586,174,3,752,2,4156,16,2,20
2587,174,3,753,3,4159,14,3,30
2588,174,3,754,6,4165,16,1,60
2589,174,3,755,8,4173,16,3,80
2590,174,3,756,4,4177,14,14,40
2591,174,3,757,6,4183,3,3,60
2592,174,3,758,3,4186,2,0,30
2593,174,3,759,8,4194,4,0,80
2594,174,3,760,5,4199,7,1,50
2595,174,3,761,9,4208,8,8,90
2596,174,3,762,6,4214,3,3,60
2597,174,3,763,9,4223,6,6,90
2598,174,3,764,5,4228,2,1,50
2599,174,3,765,4,4232,4,4,40
2600,174,3,766,8,4240,3,0,80
2601,174,3,767,8,4248,7,2,80
2602,174,3,768,5,4253,5,5,50
2603,174,3,769,4,4257,3,3,40
2604,174,3,770,2,4259,0,0,20
2605,174,3,771,4,4263,1,1,40
2606,174,3,772,6,4269,5,1,60
2607,174,3,773,5,4274,5,2,50
2608,174,3,774,2,4276,4,0,20
2609,174,3,775,2,4278,5,1,20
2610,174,3,776,5,4283,8,8,50
2611,174,3,777,8,4291,2,2,80
2612,174,3,778,9,4300,12,4,90
2613,174,3,779,4,4304,10,4,40
2614,174,3,780,2,4306,9,0,20
2615,174,3,781,9,4315,11,1,90
2616,174,3,782,3,4318,11,11,30
2617,174,3,783,8,4326,3,3,80
2618,174,3,784,3,4329,1,0,30
2619,174,3,785,3,4332,3,3,30
2620,174,3,786,8,4340,3,3,80
2621,174,3,787,8,4348,7,2,80
2622,174,3,788,3,4351,6,0,30
2623,174,3,789,5,4356,7,1,50
2624,174,3,790,7,4363,10,10,70
2625,174,3,791,3,4366,1,1,30
2626,174,3,792,5,4371,3,0,50
2627,174,3,793,4,4375,5,5,40
2628,174,3,794,5,4380,3,0,50
2629,174,3,795,5,4385,6,6,50
2630,174,3,796,6,4391,2,2,60
2631,174,3,797,4,4395,3,3,40
2632,174,3,798,4,4399,3,0,40
2633,174,3,799,7,4406,6,6,70
2634,174,3,800,8,4414,4,4,80
2635,174,3,801,4,4418,6,1,40
2636,174,3,802,7,4425,7,3,70
2637,174,3,803,4,4429,7,1,40
2638,174,3,804,5,4434,9,9,50
2639,174,3,805,6,4440,5,5,60
2640,174,3,806,5,4445,2,2,50
2641,174,3,807,4,4449,0,0,40
2642,174,3,808,2,4451,1,1,20
2643,174,3,809,6,4457,3,0,60
2644,174,3,810,6,4463,7,7,60
2645,174,3,811,5,4468,5,5,50
2646,174,3,812,7,4475,3,1,70
2647,174,3,813,7,4482,5,5,70
2648,174,3,814,6,4488,3,0,60
2649,174,3,815,6,4494,4,1,60
2650,174,3,816,5,4499,3,1,50
2651,174,3,817,8,4507,7,1,80
2652,174,3,818,3,4510,7,2,30
2653,174,3,819,5,4515,7,7,50
2654,174,3,820,5,4520,5,0,50
2655,174,3,821,2,4522,6,2,20
2656,174,3,822,3,4525,5,5,30
2657,174,3,823,8,4533,5,1,80
2658,174,3,824,4,4537,6,6,40
2659,174,3,825,4,4541,3,0,40
2660,174,3,826,4,4545,4,4,40
2661,174,3,827,3,4548,0,0,30
2662,174,3,828,5,4553,4,1,50
2663,174,3,829,8,4561,4,0,80
2664,174,3,830,9,4570,6,6,90
2665,174,3,831,7,4577,6,6,70
2666,174,3,832,5,4582,1,1,50
2667,174,3,833,2,4584,0,0,20
2668,174,3,834,7,4591,3,3,70
2669,174,3,835,7,4598,3,3,70
2670,174,3,836,4,4602,1,1,40
2671,174,3,837,3,4605,3,3,30
2672,174,3,838,7,4612,4,2,70
2673,174,3,839,3,4615,3,0,30
2674,174,3,840,4,4619,5,1,40
2675,174,3,841,8,4627,9,1,80
2676,174,3,842,9,4636,12,1,90
2677,174,3,843,3,4639,12,12,30
2678,174,3,844,6,4645,6,2,60
2679,174,3,845,2,4647,10,2,20
2680,174,3,846,4,4651,8,8,40
2681,174,3,847,5,4656,1,1,50
2682,174,3,848,3,4659,1,1,30
2683,174,3,849,9,4668,4,4,90
2684,174,3,850,3,4671,3,0,30
2685,174,3,851,2,4673,5,0,20
2686,174,3,852,7,4680,9,9,70
2687,174,3,853,5,4685,5,2,50
2688,174,3,854,6,4691,4,4,60
2689,174,3,855,5,4696,2,0,50
2690,174,3,856,9,4705,5,5,90
2691,174,3,857,7,4712,5,0,70
2692,174,3,858,2,4714,7,0,20
2693,174,3,859,9,4723,10,10,90
2694,174,3,860,2,4725,2,1,20
2695,174,3,861,9,4734,5,5,90
2696,174,3,862,7,4741,3,0,70
2697,174,3,863,2,4743,4,0,20
2698,174,3,864,4,4747,5,0,40
2699,174,3,865,8,4755,6,1,80
2700,174,3,866,7,4762,6,6,70
2701,174,3,867,7,4769,2,0,70
2702,174,3,868,9,4778,5,0,90
2703,174,3,869,2,4780,5,2,20
2704,174,3,870,8,4788,7,0,80
2705,174,3,871,4,4792,9,9,40
2706,174,3,872,8,4800,3,3,80
2707,174,3,873,4,4804,3,3,40
2708,174,3,874,5,4809,2,2,50
2709,174,3,875,4,4813,4,1,40
2710,174,3,876,8,4821,5,5,80
2711,174,3,877,4,4825,0,0,40
2712,174,3,878,5,4830,3,0,50
2713,174,3,879,8,4838,4,4,80
2714,174,3,880,9,4847,3,1,90
2715,174,3,881,8,4855,6,0,80
2716,174,3,882,2,4857,8,1,20
2717,174,3,883,7,4864,10,10,70
2718,174,3,884,9,4873,3,3,90
2719,174,3,885,4,4877,0,0,40
2720,174,3,886,7,4884,2,2,70
2721,174,3,887,7,4891,0,0,70
2722,174,3,888,4,4895,1,1,40
2723,174,3,889,2,4897,3,3,20
2724,174,3,890,2,4899,1,1,20
2725,174,3,891,2,4901,1,0,20
2726,174,3,892,9,4910,4,4,90
2727,174,3,893,8,4918,4,1,80
2728,174,3,894,4,4922,3,3,40
2729,174,3,895,5,4927,1,1,50
2730,174,3,896,3,4930,0,0,30
2731,174,3,897,5,4935,2,0,50
2732,174,3,898,7,4942,4,0,70
2733,174,3,899,4,4946,6,0,40
2734,174,3,900,3,4949,6,1,30
2735,174,3,901,2,4951,5,5,20
2736,174,3,902,9,4960,6,6,90
2737,174,3,903,3,4963,1,1,30
2738,174,3,904,5,4968,2,2,50
2739,174,3,905,8,4976,1,1,80
2740,174,3,906,6,4982,2,2,60
2741,174,3,907,6,4988,4,4,60
2742,174,3,908,3,4991,1,0,30
2743,174,3,909,2,4993,1,1,20
