,Scenario,Trial,Inspection,Interval,Time,Accumulation,Defects,Rate
0,122,1,1,2,2,2,0,20
1,122,1,2,3,5,2,0,30
2,122,1,3,3,8,5,1,30
3,122,1,4,5,13,7,2,50
4,122,1,5,6,19,8,3,60
5,122,1,6,2,21,7,7,20
6,122,1,7,2,23,1,0,20
7,122,1,8,3,26,1,0,30
8,122,1,9,7,33,9,9,70
9,122,1,10,8,41,3,3,80
10,122,1,11,4,45,6,6,40
11,122,1,12,3,48,2,0,30
12,122,1,13,7,55,6,1,70
13,122,1,14,6,61,6,3,60
14,122,1,15,9,70,7,2,90
15,122,1,16,5,75,6,3,50
16,122,1,17,7,82,5,5,70
17,122,1,18,3,85,0,0,30
18,122,1,19,8,93,5,2,80
19,122,1,20,5,98,5,5,50
20,122,1,21,2,100,0,0,20
21,122,1,22,5,105,4,4,50
22,122,1,23,2,107,2,2,20
23,122,1,24,9,116,3,3,90
24,122,1,25,3,119,0,0,30
25,122,1,26,8,127,7,7,80
26,122,1,27,6,133,4,1,60
27,122,1,28,7,140,6,4,70
28,122,1,29,7,147,6,3,70
29,122,1,30,2,149,3,3,20
30,122,1,31,2,151,0,0,20
31,122,1,32,5,156,3,3,50
32,122,1,33,8,164,7,1,80
33,122,1,34,7,171,10,10,70
34,122,1,35,6,177,1,1,60
35,122,1,36,4,181,2,1,40
36,122,1,37,8,189,6,2,80
37,122,1,38,9,198,9,5,90
38,122,1,39,7,205,6,1,70
39,122,1,40,7,212,7,3,70
40,122,1,41,2,214,6,3,20
41,122,1,42,9,223,10,4,90
42,122,1,43,3,226,7,3,30
43,122,1,44,6,232,4,4,60
44,122,1,45,2,234,1,0,20
45,122,1,46,7,241,2,2,70
46,122,1,47,4,245,4,0,40
47,122,1,48,8,253,10,3,80
48,122,1,49,3,256,8,4,30
49,122,1,50,9,265,10,10,90
50,122,1,51,8,273,1,1,80
51,122,1,52,4,277,2,2,40
52,122,1,53,2,279,0,0,20
53,122,1,54,8,287,5,2,80
54,122,1,55,6,293,7,7,60
55,122,1,56,8,301,8,2,80
56,122,1,57,7,308,9,1,70
57,122,1,58,6,314,11,4,60
58,122,1,59,5,319,9,9,50
59,122,1,60,9,328,7,4,90
60,122,1,61,2,330,4,4,20
61,122,1,62,6,336,4,4,60
62,122,1,63,5,341,4,1,50
63,122,1,64,5,346,7,7,50
64,122,1,65,9,355,3,1,90
65,122,1,66,6,361,5,0,60
66,122,1,67,5,366,8,1,50
67,122,1,68,8,374,13,13,80
68,122,1,69,2,376,1,0,20
69,122,1,70,6,382,2,0,60
70,122,1,71,7,389,12,1,70
71,122,1,72,2,391,13,7,20
72,122,1,73,3,394,10,2,30
73,122,1,74,8,402,15,15,80
74,122,1,75,4,406,5,5,40
75,122,1,76,9,415,9,2,90
76,122,1,77,5,420,10,10,50
77,122,1,78,9,429,7,3,90
78,122,1,79,2,431,4,4,20
79,122,1,80,8,439,5,1,80
80,122,1,81,2,441,5,1,20
81,122,1,82,6,447,6,2,60
82,122,1,83,4,451,5,1,40
83,122,1,84,6,457,10,2,60
84,122,1,85,3,460,9,2,30
85,122,1,86,2,462,9,3,20
86,122,1,87,9,471,11,4,90
87,122,1,88,9,480,12,4,90
88,122,1,89,5,485,12,5,50
89,122,1,90,4,489,9,3,40
90,122,1,91,9,498,7,2,90
91,122,1,92,2,500,7,7,20
92,122,1,93,2,502,2,2,20
93,122,1,94,2,504,1,0,20
94,122,1,95,7,511,4,1,70
95,122,1,96,3,514,5,3,30
96,122,1,97,3,517,4,4,30
97,122,1,98,5,522,2,0,50
98,122,1,99,7,529,6,6,70
99,122,1,100,8,537,1,0,80
100,122,1,101,7,544,5,3,70
101,122,1,102,5,549,4,4,50
102,122,1,103,9,558,3,3,90
103,122,1,104,5,563,4,0,50
104,122,1,105,2,565,5,1,20
105,122,1,106,4,569,4,4,40
106,122,1,107,6,575,5,1,60
107,122,1,108,6,581,4,4,60
108,122,1,109,3,584,1,1,30
109,122,1,110,7,591,5,5,70
110,122,1,111,7,598,2,2,70
111,122,1,112,6,604,2,0,60
112,122,1,113,3,607,2,0,30
113,122,1,114,5,612,5,5,50
114,122,1,115,3,615,1,1,30
115,122,1,116,6,621,0,0,60
116,122,1,117,4,625,1,0,40
117,122,1,118,7,632,3,3,70
118,122,1,119,2,634,1,0,20
119,122,1,120,4,638,2,1,40
120,122,1,121,4,642,3,1,40
121,122,1,122,3,645,5,5,30
122,122,1,123,2,647,0,0,20
123,122,1,124,3,650,3,1,30
124,122,1,125,2,652,3,1,20
125,122,1,126,8,660,5,5,80
126,122,1,127,5,665,1,0,50
127,122,1,128,2,667,3,3,20
128,122,1,129,5,672,4,3,50
129,122,1,130,5,677,2,2,50
130,122,1,131,2,679,2,0,20
131,122,1,132,3,682,3,3,30
132,122,1,133,8,690,5,1,80
133,122,1,134,6,696,9,3,60
134,122,1,135,4,700,8,8,40
135,122,1,136,4,704,2,0,40
136,122,1,137,2,706,2,0,20
137,122,1,138,8,714,3,0,80
138,122,1,139,7,721,8,2,70
139,122,1,140,9,730,11,7,90
140,122,1,141,8,738,8,8,80
141,122,1,142,5,743,2,1,50
142,122,1,143,6,749,5,5,60
143,122,1,144,4,753,1,1,40
144,122,1,145,9,762,3,3,90
145,122,1,146,5,767,3,0,50
146,122,1,147,5,772,7,2,50
147,122,1,148,7,779,10,4,70
148,122,1,149,7,786,8,3,70
149,122,1,150,6,792,11,3,60
150,122,1,151,8,800,13,3,80
151,122,1,152,3,803,11,11,30
152,122,1,153,7,810,2,0,70
153,122,1,154,4,814,5,0,40
154,122,1,155,4,818,8,2,40
155,122,1,156,9,827,8,3,90
156,122,1,157,9,836,10,2,90
157,122,1,158,8,844,10,10,80
158,122,1,159,4,848,0,0,40
159,122,1,160,3,851,1,1,30
160,122,1,161,7,858,3,1,70
161,122,1,162,6,864,5,1,60
162,122,1,163,6,870,8,2,60
163,122,1,164,8,878,15,4,80
164,122,1,165,8,886,14,7,80
165,122,1,166,5,891,13,6,50
166,122,1,167,7,898,11,5,70
167,122,1,168,3,901,7,3,30
168,122,1,169,5,906,6,2,50
169,122,1,170,8,914,6,6,80
170,122,1,171,2,916,2,0,20
171,122,1,172,8,924,4,0,80
172,122,1,173,4,928,7,7,40
173,122,1,174,8,936,2,1,80
174,122,1,175,6,942,2,1,60
175,122,1,176,2,944,3,0,20
176,122,1,177,5,949,4,0,50
177,122,1,178,5,954,7,1,50
178,122,1,179,8,962,13,13,80
179,122,1,180,7,969,3,0,70
180,122,1,181,4,973,6,2,40
181,122,1,182,4,977,5,3,40
182,122,1,183,5,982,3,3,50
183,122,1,184,8,990,3,0,80
184,122,1,185,4,994,5,5,40
185,122,1,186,3,997,4,2,30
186,122,1,187,3,1000,3,0,30
187,122,1,188,7,1007,6,0,70
188,122,1,189,3,1010,9,2,30
189,122,1,190,8,1018,10,10,80
190,122,1,191,6,1024,4,1,60
191,122,1,192,4,1028,3,2,40
192,122,1,193,9,1037,3,2,90
193,122,1,194,8,1045,6,1,80
194,122,1,195,5,1050,6,6,50
195,122,1,196,4,1054,3,3,40
196,122,1,197,2,1056,1,0,20
197,122,1,198,5,1061,3,1,50
198,122,1,199,2,1063,4,3,20
199,122,1,200,6,1069,8,8,60
200,122,1,201,7,1076,2,1,70
201,122,1,202,3,1079,1,0,30
202,122,1,203,3,1082,2,2,30
203,122,1,204,7,1089,2,0,70
204,122,1,205,3,1092,4,1,30
205,122,1,206,3,1095,3,3,30
206,122,1,207,4,1099,5,5,40
207,122,1,208,5,1104,4,0,50
208,122,1,209,7,1111,8,8,70
209,122,1,210,9,1120,2,1,90
210,122,1,211,4,1124,2,2,40
211,122,1,212,3,1127,1,0,30
212,122,1,213,4,1131,5,1,40
213,122,1,214,2,1133,4,2,20
214,122,1,215,3,1136,2,1,30
215,122,1,216,2,1138,2,0,20
216,122,1,217,5,1143,3,1,50
217,122,1,218,5,1148,8,4,50
218,122,1,219,3,1151,5,5,30
219,122,1,220,3,1154,0,0,30
220,122,1,221,9,1163,2,2,90
221,122,1,222,4,1167,2,1,40
222,122,1,223,5,1172,5,2,50
223,122,1,224,5,1177,3,3,50
224,122,1,225,2,1179,2,0,20
225,122,1,226,4,1183,7,5,40
226,122,1,227,2,1185,2,0,20
227,122,1,228,2,1187,3,1,20
228,122,1,229,9,1196,7,7,90
229,122,1,230,6,1202,1,1,60
230,122,1,231,6,1208,2,2,60
231,122,1,232,6,1214,3,1,60
232,122,1,233,4,1218,4,0,40
233,122,1,234,2,1220,6,3,20
234,122,1,235,6,1226,6,6,60
235,122,1,236,6,1232,4,2,60
236,122,1,237,8,1240,5,1,80
237,122,1,238,9,1249,11,11,90
238,122,1,239,9,1258,5,5,90
239,122,1,240,6,1264,4,4,60
240,122,1,241,6,1270,3,0,60
241,122,1,242,4,1274,6,6,40
242,122,1,243,9,1283,3,2,90
243,122,1,244,3,1286,3,1,30
244,122,1,245,4,1290,5,5,40
245,122,1,246,3,1293,1,0,30
246,122,1,247,6,1299,6,3,60
247,122,1,248,6,1305,7,7,60
248,122,1,249,2,1307,1,1,20
249,122,1,250,3,1310,4,0,30
250,122,1,251,2,1312,6,6,20
251,122,1,252,4,1316,4,0,40
252,122,1,253,9,1325,12,12,90
253,122,1,254,6,1331,1,0,60
254,122,1,255,3,1334,1,1,30
255,122,1,256,9,1343,4,2,90
256,122,1,257,8,1351,4,4,80
257,122,1,258,3,1354,2,2,30
258,122,1,259,9,1363,2,0,90
259,122,1,260,4,1367,5,1,40
260,122,1,261,4,1371,5,3,40
261,122,1,262,7,1378,6,4,70
262,122,1,263,5,1383,5,1,50
263,122,1,264,7,1390,5,2,70
264,122,1,265,4,1394,5,5,40
265,122,1,266,8,1402,0,0,80
266,122,1,267,7,1409,0,0,70
267,122,1,268,4,1413,1,0,40
268,122,1,269,5,1418,2,0,50
269,122,1,270,8,1426,7,3,80
270,122,1,271,2,1428,6,6,20
271,122,1,272,2,1430,0,0,20
272,122,1,273,8,1438,2,1,80
273,122,1,274,7,1445,3,2,70
274,122,1,275,5,1450,4,1,50
275,122,1,276,4,1454,6,3,40
276,122,1,277,4,1458,4,2,40
277,122,1,278,6,1464,4,0,60
278,122,1,279,4,1468,6,4,40
279,122,1,280,8,1476,5,1,80
280,122,1,281,9,1485,6,2,90
281,122,1,282,8,1493,9,4,80
282,122,1,283,3,1496,6,1,30
283,122,1,284,9,1505,9,9,90
284,122,1,285,3,1508,0,0,30
285,122,1,286,4,1512,2,0,40
286,122,1,287,5,1517,4,1,50
287,122,1,288,7,1524,5,3,70
288,122,1,289,5,1529,3,3,50
289,122,1,290,8,1537,5,5,80
290,122,1,291,4,1541,0,0,40
291,122,1,292,9,1550,1,0,90
292,122,1,293,5,1555,1,0,50
293,122,1,294,9,1564,8,3,90
294,122,1,295,2,1566,5,5,20
295,122,1,296,4,1570,0,0,40
296,122,1,297,5,1575,5,5,50
297,122,1,298,7,1582,4,4,70
298,122,1,299,3,1585,1,1,30
299,122,1,300,8,1593,4,4,80
300,122,1,301,7,1600,0,0,70
301,122,1,302,7,1607,3,1,70
302,122,1,303,4,1611,5,1,40
303,122,1,304,9,1620,8,8,90
304,122,1,305,4,1624,4,0,40
305,122,1,306,4,1628,8,2,40
306,122,1,307,8,1636,13,4,80
307,122,1,308,9,1645,15,15,90
308,122,1,309,8,1653,4,2,80
309,122,1,310,2,1655,3,0,20
310,122,1,311,2,1657,4,4,20
311,122,1,312,2,1659,0,0,20
312,122,1,313,2,1661,1,0,20
313,122,1,314,7,1668,4,4,70
314,122,1,315,4,1672,2,0,40
315,122,1,316,2,1674,2,2,20
316,122,1,317,3,1677,1,0,30
317,122,1,318,2,1679,2,2,20
318,122,1,319,6,1685,2,1,60
319,122,1,320,3,1688,2,1,30
320,122,1,321,2,1690,2,1,20
321,122,1,322,8,1698,4,1,80
322,122,1,323,6,1704,8,8,60
323,122,1,324,8,1712,2,2,80
324,122,1,325,5,1717,1,1,50
325,122,1,326,6,1723,5,5,60
326,122,1,327,2,1725,1,0,20
327,122,1,328,7,1732,5,2,70
328,122,1,329,8,1740,6,6,80
329,122,1,330,9,1749,5,1,90
330,122,1,331,9,1758,12,12,90
331,122,1,332,8,1766,7,4,80
332,122,1,333,5,1771,3,1,50
333,122,1,334,4,1775,3,3,40
334,122,1,335,6,1781,4,4,60
335,122,1,336,3,1784,1,1,30
336,122,1,337,2,1786,2,1,20
337,122,1,338,4,1790,1,1,40
338,122,1,339,3,1793,3,3,30
339,122,1,340,8,1801,2,0,80
340,122,1,341,3,1804,3,2,30
341,122,1,342,6,1810,4,4,60
342,122,1,343,8,1818,4,1,80
343,122,1,344,4,1822,7,2,40
344,122,1,345,4,1826,6,6,40
345,122,1,346,9,1835,5,5,90
346,122,1,347,2,1837,0,0,20
347,122,1,348,4,1841,3,0,40
348,122,1,349,8,1849,7,7,80
349,122,1,350,3,1852,1,0,30
350,122,1,351,4,1856,2,2,40
351,122,1,352,4,1860,1,0,40
352,122,1,353,8,1868,6,3,80
353,122,1,354,5,1873,5,2,50
354,122,1,355,8,1881,9,0,80
355,122,1,356,3,1884,12,6,30
356,122,1,357,9,1893,12,12,90
357,122,1,358,9,1902,4,1,90
358,122,1,359,4,1906,7,3,40
359,122,1,360,3,1909,6,1,30
360,122,1,361,6,1915,8,2,60
361,122,1,362,2,1917,7,2,20
362,122,1,363,9,1926,7,0,90
363,122,1,364,8,1934,12,4,80
364,122,1,365,9,1943,12,7,90
365,122,1,366,9,1952,9,9,90
366,122,1,367,7,1959,3,3,70
367,122,1,368,8,1967,2,2,80
368,122,1,369,5,1972,1,1,50
369,122,1,370,4,1976,2,2,40
370,122,1,371,5,1981,3,0,50
371,122,1,372,2,1983,3,1,20
372,122,1,373,4,1987,3,3,40
373,122,1,374,3,1990,2,1,30
374,122,1,375,2,1992,1,1,20
375,122,1,376,7,1999,6,0,70
376,122,1,377,7,2006,10,3,70
377,122,1,378,3,2009,8,4,30
378,122,1,379,6,2015,6,3,60
379,122,1,380,3,2018,5,3,30
380,122,1,381,6,2024,4,1,60
381,122,1,382,3,2027,6,0,30
382,122,1,383,9,2036,15,15,90
383,122,1,384,8,2044,1,1,80
384,122,1,385,7,2051,0,0,70
385,122,1,386,6,2057,2,2,60
386,122,1,387,4,2061,1,0,40
387,122,1,388,3,2064,1,1,30
388,122,1,389,5,2069,2,0,50
389,122,1,390,4,2073,8,2,40
390,122,1,391,6,2079,10,4,60
391,122,1,392,3,2082,6,6,30
392,122,1,393,5,2087,0,0,50
393,122,1,394,3,2090,1,1,30
394,122,1,395,2,2092,0,0,20
395,122,1,396,7,2099,4,4,70
396,122,1,397,8,2107,4,1,80
397,122,1,398,5,2112,5,1,50
398,122,1,399,3,2115,5,2,30
399,122,1,400,9,2124,7,7,90
400,122,1,401,9,2133,2,2,90
401,122,1,402,8,2141,6,4,80
402,122,1,403,2,2143,3,0,20
403,122,1,404,7,2150,5,5,70
404,122,1,405,4,2154,3,0,40
405,122,1,406,4,2158,4,1,40
406,122,1,407,6,2164,12,12,60
407,122,1,408,7,2171,4,1,70
408,122,1,409,4,2175,6,4,40
409,122,1,410,4,2179,3,0,40
410,122,1,411,2,2181,4,1,20
411,122,1,412,6,2187,5,2,60
412,122,1,413,6,2193,8,3,60
413,122,1,414,2,2195,5,5,20
414,122,1,415,8,2203,4,1,80
415,122,1,416,5,2208,6,1,50
416,122,1,417,3,2211,5,5,30
417,122,1,418,4,2215,1,0,40
418,122,1,419,9,2224,7,2,90
419,122,1,420,8,2232,10,6,80
420,122,1,421,2,2234,6,6,20
421,122,1,422,7,2241,4,1,70
422,122,1,423,9,2250,8,8,90
423,122,1,424,6,2256,4,0,60
424,122,1,425,8,2264,10,3,80
425,122,1,426,7,2271,11,7,70
426,122,1,427,7,2278,6,2,70
427,122,1,428,6,2284,6,1,60
428,122,1,429,8,2292,7,2,80
429,122,1,430,5,2297,7,1,50
430,122,1,431,9,2306,9,9,90
431,122,1,432,2,2308,1,0,20
432,122,1,433,2,2310,1,0,20
433,122,1,434,8,2318,5,3,80
434,122,1,435,6,2324,4,2,60
435,122,1,436,5,2329,3,1,50
436,122,1,437,4,2333,4,4,40
437,122,1,438,4,2337,1,1,40
438,122,1,439,2,2339,0,0,20
439,122,1,440,6,2345,3,1,60
440,122,1,441,6,2351,8,8,60
441,122,1,442,6,2357,5,2,60
442,122,1,443,3,2360,5,5,30
443,122,1,444,2,2362,3,3,20
444,122,1,445,2,2364,1,1,20
445,122,1,446,9,2373,7,7,90
446,122,1,447,5,2378,2,0,50
447,122,1,448,5,2383,4,1,50
448,122,1,449,7,2390,11,3,70
449,122,1,450,3,2393,8,3,30
450,122,1,451,9,2402,8,4,90
451,122,1,452,8,2410,5,1,80
452,122,1,453,5,2415,8,8,50
453,122,1,454,5,2420,1,0,50
454,122,1,455,8,2428,8,1,80
455,122,1,456,9,2437,10,4,90
456,122,1,457,2,2439,7,7,20
457,122,1,458,6,2445,2,2,60
458,122,1,459,6,2451,2,2,60
459,122,1,460,8,2459,2,1,80
460,122,1,461,5,2464,2,0,50
461,122,1,462,8,2472,5,5,80
462,122,1,463,4,2476,2,0,40
463,122,1,464,7,2483,4,2,70
464,122,1,465,5,2488,6,1,50
465,122,1,466,3,2491,8,4,30
466,122,1,467,3,2494,4,4,30
467,122,1,468,5,2499,4,4,50
468,122,1,469,4,2503,1,1,40
469,122,1,470,4,2507,1,0,40
470,122,1,471,8,2515,7,7,80
471,122,1,472,8,2523,5,3,80
472,122,1,473,5,2528,5,5,50
473,122,1,474,5,2533,1,1,50
474,122,1,475,5,2538,0,0,50
475,122,1,476,6,2544,2,2,60
476,122,1,477,2,2546,2,0,20
477,122,1,478,6,2552,3,0,60
478,122,1,479,3,2555,3,3,30
479,122,1,480,5,2560,4,0,50
480,122,1,481,3,2563,6,3,30
481,122,1,482,4,2567,3,3,40
482,122,1,483,6,2573,3,2,60
483,122,1,484,2,2575,1,1,20
484,122,1,485,4,2579,3,3,40
485,122,1,486,4,2583,3,3,40
486,122,1,487,9,2592,3,1,90
487,122,1,488,9,2601,11,11,90
488,122,1,489,6,2607,2,0,60
489,122,1,490,6,2613,6,6,60
490,122,1,491,8,2621,1,1,80
491,122,1,492,3,2624,1,1,30
492,122,1,493,7,2631,2,1,70
493,122,1,494,4,2635,4,2,40
494,122,1,495,4,2639,4,4,40
495,122,1,496,5,2644,0,0,50
496,122,1,497,2,2646,1,0,20
497,122,1,498,8,2654,8,8,80
498,122,1,499,3,2657,1,0,30
499,122,1,500,3,2660,2,0,30
500,122,1,501,7,2667,8,2,70
501,122,1,502,8,2675,8,0,80
502,122,1,503,7,2682,13,5,70
503,122,1,504,6,2688,13,13,60
504,122,1,505,5,2693,1,1,50
505,122,1,506,7,2700,4,4,70
506,122,1,507,7,2707,6,2,70
507,122,1,508,4,2711,4,3,40
508,122,1,509,3,2714,3,3,30
509,122,1,510,7,2721,0,0,70
510,122,1,511,9,2730,5,5,90
511,122,1,512,3,2733,4,0,30
512,122,1,513,4,2737,4,2,40
513,122,1,514,3,2740,2,2,30
514,122,1,515,3,2743,1,0,30
515,122,1,516,8,2751,2,0,80
516,122,1,517,5,2756,7,1,50
517,122,1,518,5,2761,9,9,50
518,122,1,519,5,2766,1,1,50
519,122,1,520,6,2772,1,0,60
520,122,1,521,3,2775,2,0,30
521,122,1,522,7,2782,6,4,70
522,122,1,523,3,2785,3,1,30
523,122,1,524,3,2788,2,2,30
524,122,1,525,6,2794,1,0,60
525,122,1,526,3,2797,3,1,30
526,122,1,527,8,2805,5,1,80
527,122,1,528,5,2810,7,0,50
528,122,1,529,6,2816,13,13,60
529,122,1,530,8,2824,4,0,80
530,122,1,531,8,2832,8,8,80
531,122,1,532,8,2840,6,1,80
532,122,1,533,2,2842,8,8,20
533,122,1,534,8,2850,4,1,80
534,122,1,535,3,2853,4,4,30
535,122,1,536,8,2861,5,5,80
536,122,1,537,3,2864,2,2,30
537,122,1,538,5,2869,4,1,50
538,122,1,539,6,2875,4,3,60
539,122,1,540,6,2881,3,3,60
540,122,1,541,4,2885,3,3,40
541,122,1,542,6,2891,2,1,60
542,122,1,543,9,2900,4,1,90
543,122,1,544,2,2902,3,1,20
544,122,1,545,7,2909,4,0,70
545,122,1,546,6,2915,8,8,60
546,122,1,547,4,2919,2,2,40
547,122,1,548,8,2927,3,0,80
548,122,1,549,8,2935,13,5,80
549,122,1,550,5,2940,10,2,50
550,122,1,551,5,2945,8,3,50
551,122,1,552,3,2948,9,3,30
552,122,1,553,8,2956,9,4,80
553,122,1,554,4,2960,8,4,40
554,122,1,555,3,2963,5,5,30
555,122,1,556,8,2971,7,2,80
556,122,1,557,4,2975,7,7,40
557,122,1,558,5,2980,4,1,50
558,122,1,559,2,2982,3,2,20
559,122,1,560,8,2990,8,8,80
560,122,1,561,2,2992,0,0,20
561,122,1,562,8,3000,2,2,80
562,122,1,563,3,3003,1,1,30
563,122,1,564,2,3005,1,1,20
564,122,1,565,4,3009,1,1,40
565,122,1,566,5,3014,2,2,50
566,122,1,567,6,3020,3,3,60
567,122,1,568,4,3024,0,0,40
568,122,1,569,7,3031,6,3,70
569,122,1,570,4,3035,4,1,40
570,122,1,571,8,3043,8,8,80
571,122,1,572,3,3046,0,0,30
572,122,1,573,6,3052,2,2,60
573,122,1,574,3,3055,0,0,30
574,122,1,575,8,3063,4,1,80
575,122,1,576,7,3070,5,5,70
576,122,1,577,2,3072,1,1,20
577,122,1,578,7,3079,2,2,70
578,122,1,579,3,3082,0,0,30
579,122,1,580,7,3089,5,5,70
580,122,1,581,5,3094,2,0,50
581,122,1,582,7,3101,3,2,70
582,122,1,583,7,3108,2,1,70
583,122,1,584,5,3113,4,3,50
584,122,1,585,5,3118,5,5,50
585,122,1,586,7,3125,5,5,70
586,122,1,587,2,3127,0,0,20
587,122,1,588,9,3136,6,1,90
588,122,1,589,3,3139,7,3,30
589,122,1,590,7,3146,6,0,70
590,122,1,591,3,3149,9,4,30
591,122,1,592,6,3155,11,3,60
592,122,1,593,4,3159,10,3,40
593,122,1,594,5,3164,9,9,50
594,122,1,595,7,3171,4,0,70
595,122,1,596,5,3176,6,3,50
596,122,1,597,4,3180,8,8,40
597,122,1,598,8,3188,3,0,80
598,122,1,599,9,3197,7,7,90
599,122,1,600,7,3204,5,1,70
600,122,1,601,2,3206,4,1,20
601,122,1,602,8,3214,10,10,80
602,122,1,603,8,3222,1,0,80
603,122,1,604,4,3226,2,0,40
604,122,1,605,3,3229,3,1,30
605,122,1,606,8,3237,3,0,80
606,122,1,607,5,3242,5,1,50
607,122,1,608,3,3245,4,4,30
608,122,1,609,9,3254,2,2,90
609,122,1,610,8,3262,7,7,80
610,122,1,611,2,3264,0,0,20
611,122,1,612,5,3269,4,2,50
612,122,1,613,6,3275,5,3,60
613,122,1,614,5,3280,6,2,50
614,122,1,615,3,3283,6,3,30
615,122,1,616,4,3287,5,0,40
616,122,1,617,4,3291,5,5,40
617,122,1,618,9,3300,5,5,90
618,122,1,619,8,3308,9,2,80
619,122,1,620,3,3311,8,1,30
620,122,1,621,7,3318,13,13,70
621,122,1,622,3,3321,3,1,30
622,122,1,623,8,3329,3,1,80
623,122,1,624,3,3332,3,3,30
624,122,1,625,3,3335,1,1,30
625,122,1,626,4,3339,1,1,40
626,122,1,627,6,3345,1,0,60
627,122,1,628,9,3354,10,10,90
628,122,1,629,3,3357,3,3,30
629,122,1,630,2,3359,1,0,20
630,122,1,631,9,3368,4,2,90
631,122,1,632,5,3373,3,2,50
632,122,1,633,4,3377,2,1,40
633,122,1,634,7,3384,4,4,70
634,122,1,635,5,3389,3,1,50
635,122,1,636,4,3393,3,3,40
636,122,1,637,7,3400,4,1,70
637,122,1,638,8,3408,8,2,80
638,122,1,639,4,3412,7,1,40
639,122,1,640,4,3416,8,8,40
640,122,1,641,7,3423,5,5,70
641,122,1,642,4,3427,2,0,40
642,122,1,643,7,3434,6,6,70
643,122,1,644,4,3438,2,2,40
644,122,1,645,6,3444,2,2,60
645,122,1,646,5,3449,1,1,50
646,122,1,647,7,3456,3,1,70
647,122,1,648,6,3462,4,2,60
648,122,1,649,4,3466,3,3,40
649,122,1,650,8,3474,1,0,80
650,122,1,651,2,3476,2,1,20
651,122,1,652,3,3479,1,0,30
652,122,1,653,3,3482,2,1,30
653,122,1,654,6,3488,6,6,60
654,122,1,655,7,3495,2,1,70
655,122,1,656,3,3498,4,1,30
656,122,1,657,6,3504,8,8,60
657,122,1,658,6,3510,3,0,60
658,122,1,659,9,3519,7,2,90
659,122,1,660,5,3524,5,1,50
660,122,1,661,4,3528,5,1,40
661,122,1,662,8,3536,9,0,80
662,122,1,663,6,3542,12,12,60
663,122,1,664,6,3548,4,2,60
664,122,1,665,8,3556,8,3,80
665,122,1,666,7,3563,7,3,70
666,122,1,667,3,3566,6,3,30
667,122,1,668,8,3574,7,7,80
668,122,1,669,9,3583,6,1,90
669,122,1,670,7,3590,8,2,70
670,122,1,671,3,3593,9,5,30
671,122,1,672,8,3601,10,10,80
672,122,1,673,8,3609,2,2,80
673,122,1,674,9,3618,5,2,90
674,122,1,675,2,3620,3,3,20
675,122,1,676,2,3622,1,0,20
676,122,1,677,2,3624,2,0,20
677,122,1,678,6,3630,3,3,60
678,122,1,679,8,3638,4,4,80
679,122,1,680,8,3646,4,4,80
680,122,1,681,8,3654,7,7,80
681,122,1,682,5,3659,2,1,50
682,122,1,683,7,3666,7,3,70
683,122,1,684,4,3670,5,1,40
684,122,1,685,3,3673,5,0,30
685,122,1,686,4,3677,9,3,40
686,122,1,687,6,3683,10,10,60
687,122,1,688,3,3686,1,1,30
688,122,1,689,6,3692,2,0,60
689,122,1,690,3,3695,5,5,30
690,122,1,691,2,3697,0,0,20
691,122,1,692,4,3701,0,0,40
692,122,1,693,2,3703,0,0,20
693,122,1,694,5,3708,3,3,50
694,122,1,695,9,3717,4,1,90
695,122,1,696,4,3721,7,7,40
696,122,1,697,2,3723,3,3,20
697,122,1,698,9,3732,6,2,90
698,122,1,699,6,3738,6,3,60
699,122,1,700,5,3743,5,1,50
700,122,1,701,4,3747,5,3,40
701,122,1,702,8,3755,7,1,80
702,122,1,703,4,3759,9,3,40
703,122,1,704,8,3767,10,10,80
704,122,1,705,2,3769,0,0,20
705,122,1,706,8,3777,5,3,80
706,122,1,707,9,3786,7,7,90
707,122,1,708,2,3788,0,0,20
708,122,1,709,5,3793,2,0,50
709,122,1,710,2,3795,3,1,20
710,122,1,711,4,3799,5,5,40
711,122,1,712,8,3807,3,1,80
712,122,1,713,2,3809,5,2,20
713,122,1,714,3,3812,6,6,30
714,122,1,715,3,3815,3,0,30
715,122,1,716,4,3819,4,1,40
716,122,1,717,2,3821,3,2,20
717,122,1,718,9,3830,8,3,90
718,122,1,719,6,3836,7,7,60
719,122,1,720,9,3845,4,4,90
720,122,1,721,8,3853,1,1,80
721,122,1,722,6,3859,3,1,60
722,122,1,723,2,3861,2,1,20
723,122,1,724,5,3866,3,1,50
724,122,1,725,9,3875,10,3,90
725,122,1,726,4,3879,8,8,40
726,122,1,727,6,3885,4,4,60
727,122,1,728,7,3892,5,3,70
728,122,1,729,4,3896,6,3,40
729,122,1,730,8,3904,8,4,80
730,122,1,731,8,3912,7,7,80
731,122,1,732,8,3920,4,0,80
732,122,1,733,7,3927,7,4,70
733,122,1,734,5,3932,5,3,50
734,122,1,735,2,3934,2,2,20
735,122,1,736,6,3940,4,2,60
736,122,1,737,2,3942,4,4,20
737,122,1,738,4,3946,1,0,40
738,122,1,739,2,3948,3,0,20
739,122,1,740,6,3954,6,6,60
740,122,1,741,9,3963,5,5,90
741,122,1,742,8,3971,6,6,80
742,122,1,743,7,3978,1,0,70
743,122,1,744,7,3985,5,5,70
744,122,1,745,2,3987,0,0,20
745,122,1,746,9,3996,3,1,90
746,122,1,747,9,4005,3,0,90
747,122,1,748,7,4012,4,4,70
748,122,1,749,8,4020,5,2,80
749,122,1,750,7,4027,5,5,70
750,122,1,751,3,4030,2,2,30
751,122,1,752,6,4036,4,1,60
752,122,1,753,2,4038,4,2,20
753,122,1,754,6,4044,7,2,60
754,122,1,755,4,4048,6,2,40
755,122,1,756,3,4051,4,4,30
756,122,1,757,7,4058,4,1,70
757,122,1,758,6,4064,4,2,60
758,122,1,759,4,4068,5,2,40
759,122,1,760,9,4077,10,4,90
760,122,1,761,5,4082,8,8,50
761,122,1,762,7,4089,3,1,70
762,122,1,763,7,4096,8,2,70
763,122,1,764,2,4098,8,8,20
764,122,1,765,7,4105,0,0,70
765,122,1,766,7,4112,4,2,70
766,122,1,767,4,4116,2,1,40
767,122,1,768,9,4125,6,6,90
768,122,1,769,7,4132,3,0,70
769,122,1,770,9,4141,9,3,90
770,122,1,771,6,4147,8,8,60
771,122,1,772,9,4156,4,4,90
772,122,1,773,4,4160,2,1,40
773,122,1,774,2,4162,2,2,20
774,122,1,775,6,4168,3,1,60
775,122,1,776,2,4170,3,0,20
776,122,1,777,3,4173,4,4,30
777,122,1,778,7,4180,1,1,70
778,122,1,779,5,4185,1,0,50
779,122,1,780,9,4194,5,5,90
780,122,1,781,5,4199,1,1,50
781,122,1,782,3,4202,1,0,30
782,122,1,783,2,4204,2,1,20
783,122,1,784,8,4212,3,1,80
784,122,1,785,8,4220,7,7,80
785,122,1,786,2,4222,2,0,20
786,122,1,787,2,4224,3,0,20
787,122,1,788,7,4231,6,6,70
788,122,1,789,5,4236,5,5,50
789,122,1,790,9,4245,8,3,90
790,122,1,791,5,4250,11,11,50
791,122,1,792,4,4254,3,3,40
792,122,1,793,4,4258,0,0,40
793,122,1,794,5,4263,3,1,50
794,122,1,795,2,4265,4,1,20
795,122,1,796,4,4269,5,1,40
796,122,1,797,7,4276,4,1,70
797,122,1,798,3,4279,5,5,30
798,122,1,799,9,4288,3,1,90
799,122,1,800,8,4296,6,6,80
800,122,1,801,4,4300,1,0,40
801,122,1,802,2,4302,1,0,20
802,122,1,803,9,4311,5,5,90
803,122,1,804,9,4320,9,9,90
804,122,1,805,2,4322,2,0,20
805,122,1,806,6,4328,9,9,60
806,122,1,807,5,4333,4,4,50
807,122,1,808,9,4342,2,2,90
808,122,1,809,8,4350,6,6,80
809,122,1,810,4,4354,4,2,40
810,122,1,811,4,4358,3,0,40
811,122,1,812,2,4360,3,0,20
812,122,1,813,5,4365,5,2,50
813,122,1,814,9,4374,6,2,90
814,122,1,815,7,4381,7,1,70
815,122,1,816,6,4387,12,5,60
816,122,1,817,2,4389,8,2,20
817,122,1,818,5,4394,7,3,50
818,122,1,819,5,4399,9,1,50
819,122,1,820,7,4406,11,6,70
820,122,1,821,9,4415,8,8,90
821,122,1,822,4,4419,2,0,40
822,122,1,823,6,4425,5,1,60
823,122,1,824,4,4429,5,1,40
824,122,1,825,3,4432,8,1,30
825,122,1,826,2,4434,8,3,20
826,122,1,827,3,4437,9,9,30
827,122,1,828,9,4446,5,5,90
828,122,1,829,8,4454,5,4,80
829,122,1,830,8,4462,2,1,80
830,122,1,831,2,4464,1,0,20
831,122,1,832,2,4466,1,0,20
832,122,1,833,5,4471,2,1,50
833,122,1,834,3,4474,1,1,30
834,122,1,835,5,4479,4,1,50
835,122,1,836,6,4485,6,6,60
836,122,1,837,7,4492,3,0,70
837,122,1,838,3,4495,6,2,30
838,122,1,839,4,4499,5,2,40
839,122,1,840,6,4505,5,5,60
840,122,1,841,9,4514,2,1,90
841,122,1,842,2,4516,3,3,20
842,122,1,843,2,4518,1,0,20
843,122,1,844,9,4527,6,6,90
844,122,1,845,4,4531,0,0,40
845,122,1,846,8,4539,5,5,80
846,122,1,847,5,4544,5,5,50
847,122,1,848,4,4548,0,0,40
848,122,1,849,5,4553,1,0,50
849,122,1,850,4,4557,2,2,40
850,122,1,851,2,4559,1,0,20
851,122,1,852,5,4564,2,1,50
852,122,1,853,3,4567,2,2,30
853,122,1,854,4,4571,1,0,40
854,122,1,855,9,4580,13,13,90
855,122,1,856,7,4587,2,2,70
856,122,1,857,5,4592,1,0,50
857,122,1,858,4,4596,4,1,40
858,122,1,859,3,4599,6,3,30
859,122,1,860,4,4603,5,3,40
860,122,1,861,3,4606,5,1,30
861,122,1,862,5,4611,6,5,50
862,122,1,863,6,4617,3,2,60
863,122,1,864,8,4625,6,6,80
864,122,1,865,4,4629,2,0,40
865,122,1,866,4,4633,4,4,40
866,122,1,867,5,4638,4,4,50
867,122,1,868,6,4644,2,0,60
868,122,1,869,3,4647,3,1,30
869,122,1,870,8,4655,12,4,80
870,122,1,871,3,4658,9,0,30
871,122,1,872,6,4664,12,6,60
872,122,1,873,7,4671,10,10,70
873,122,1,874,4,4675,1,1,40
874,122,1,875,5,4680,4,1,50
875,122,1,876,5,4685,6,3,50
876,122,1,877,6,4691,9,4,60
877,122,1,878,9,4700,6,2,90
878,122,1,879,6,4706,8,8,60
879,122,1,880,5,4711,3,0,50
880,122,1,881,7,4718,7,2,70
881,122,1,882,7,4725,8,2,70
882,122,1,883,9,4734,13,13,90
883,122,1,884,6,4740,0,0,60
884,122,1,885,5,4745,3,0,50
885,122,1,886,9,4754,10,10,90
886,122,1,887,9,4763,1,0,90
887,122,1,888,4,4767,2,2,40
888,122,1,889,9,4776,7,7,90
889,122,1,890,6,4782,5,5,60
890,122,1,891,6,4788,4,4,60
891,122,1,892,6,4794,2,0,60
892,122,1,893,7,4801,4,4,70
893,122,1,894,2,4803,0,0,20
894,122,1,895,3,4806,1,0,30
895,122,1,896,9,4815,4,4,90
896,122,1,897,9,4824,1,0,90
897,122,1,898,4,4828,5,5,40
898,122,1,899,5,4833,1,1,50
899,122,1,900,8,4841,3,0,80
900,122,1,901,4,4845,5,2,40
901,122,1,902,3,4848,3,0,30
902,122,1,903,7,4855,5,1,70
903,122,1,904,2,4857,5,0,20
904,122,1,905,5,4862,9,3,50
905,122,1,906,3,4865,7,4,30
906,122,1,907,3,4868,4,4,30
907,122,1,908,2,4870,0,0,20
908,122,1,909,3,4873,1,0,30
909,122,1,910,6,4879,7,7,60
910,122,1,911,9,4888,4,4,90
911,122,1,912,7,4895,6,6,70
912,122,1,913,9,4904,11,3,90
913,122,1,914,7,4911,12,12,70
914,122,1,915,4,4915,2,2,40
915,122,1,916,3,4918,2,1,30
916,122,1,917,2,4920,4,0,20
917,122,1,918,2,4922,5,1,20
918,122,1,919,8,4930,5,5,80
919,122,1,920,2,4932,0,0,20
920,122,1,921,8,4940,6,2,80
921,122,1,922,9,4949,8,1,90
922,122,1,923,6,4955,9,1,60
923,122,1,924,4,4959,11,11,40
924,122,1,925,6,4965,2,1,60
925,122,1,926,6,4971,3,3,60
926,122,1,927,3,4974,0,0,30
927,122,1,928,8,4982,2,0,80
928,122,1,929,4,4986,3,0,40
929,122,1,930,7,4993,7,1,70
930,122,2,1,9,9,3,0,90
931,122,2,2,2,11,5,3,20
932,122,2,3,2,13,2,2,20
933,122,2,4,5,18,1,0,50
934,122,2,5,5,23,4,0,50
935,122,2,6,8,31,6,6,80
936,122,2,7,6,37,1,1,60
937,122,2,8,4,41,4,2,40
938,122,2,9,3,44,2,1,30
939,122,2,10,4,48,2,2,40
940,122,2,11,4,52,0,0,40
941,122,2,12,9,61,2,0,90
942,122,2,13,3,64,3,0,30
943,122,2,14,3,67,3,1,30
944,122,2,15,5,72,4,2,50
945,122,2,16,8,80,7,5,80
946,122,2,17,4,84,2,2,40
947,122,2,18,2,86,1,0,20
948,122,2,19,7,93,6,3,70
949,122,2,20,3,96,5,3,30
950,122,2,21,3,99,7,7,30
951,122,2,22,6,105,1,0,60
952,122,2,23,8,113,4,2,80
953,122,2,24,9,122,9,2,90
954,122,2,25,3,125,7,3,30
955,122,2,26,7,132,8,3,70
956,122,2,27,3,135,6,0,30
957,122,2,28,4,139,8,2,40
958,122,2,29,6,145,9,2,60
959,122,2,30,2,147,7,7,20
960,122,2,31,7,154,7,1,70
961,122,2,32,8,162,9,4,80
962,122,2,33,5,167,8,3,50
963,122,2,34,7,174,10,3,70
964,122,2,35,4,178,8,3,40
965,122,2,36,4,182,7,4,40
966,122,2,37,4,186,4,4,40
967,122,2,38,6,192,2,0,60
968,122,2,39,8,200,7,1,80
969,122,2,40,8,208,10,4,80
970,122,2,41,2,210,7,7,20
971,122,2,42,7,217,5,2,70
972,122,2,43,3,220,3,1,30
973,122,2,44,7,227,6,2,70
974,122,2,45,5,232,5,5,50
975,122,2,46,9,241,2,0,90
976,122,2,47,9,250,5,5,90
977,122,2,48,7,257,3,1,70
978,122,2,49,6,263,5,5,60
979,122,2,50,5,268,2,0,50
980,122,2,51,6,274,5,5,60
981,122,2,52,5,279,3,2,50
982,122,2,53,9,288,7,4,90
983,122,2,54,4,292,4,2,40
984,122,2,55,2,294,2,2,20
985,122,2,56,8,302,2,2,80
986,122,2,57,9,311,5,5,90
987,122,2,58,5,316,2,2,50
988,122,2,59,7,323,0,0,70
989,122,2,60,7,330,3,1,70
990,122,2,61,7,337,5,2,70
991,122,2,62,2,339,3,3,20
992,122,2,63,2,341,1,1,20
993,122,2,64,4,345,6,6,40
994,122,2,65,2,347,2,0,20
995,122,2,66,7,354,4,1,70
996,122,2,67,5,359,8,3,50
997,122,2,68,3,362,5,2,30
998,122,2,69,8,370,4,0,80
999,122,2,70,6,376,9,9,60
1000,122,2,71,9,385,2,2,90
1001,122,2,72,9,394,6,3,90
1002,122,2,73,6,400,7,7,60
1003,122,2,74,5,405,2,0,50
1004,122,2,75,3,408,4,4,30
1005,122,2,76,9,417,4,0,90
1006,122,2,77,8,425,4,1,80
1007,122,2,78,4,429,3,1,40
1008,122,2,79,4,433,3,0,40
1009,122,2,80,5,438,7,1,50
1010,122,2,81,3,441,6,6,30
1011,122,2,82,7,448,3,1,70
1012,122,2,83,2,450,5,5,20
1013,122,2,84,4,454,5,5,40
1014,122,2,85,7,461,4,0,70
1015,122,2,86,6,467,8,8,60
1016,122,2,87,4,471,0,0,40
1017,122,2,88,3,474,3,1,30
1018,122,2,89,6,480,5,2,60
1019,122,2,90,2,482,4,4,20
1020,122,2,91,2,484,1,0,20
1021,122,2,92,9,493,5,0,90
1022,122,2,93,8,501,6,3,80
1023,122,2,94,4,505,7,7,40
1024,122,2,95,5,510,3,1,50
1025,122,2,96,7,517,2,1,70
1026,122,2,97,5,522,2,2,50
1027,122,2,98,2,524,0,0,20
1028,122,2,99,5,529,3,1,50
1029,122,2,100,2,531,3,3,20
1030,122,2,101,2,533,0,0,20
1031,122,2,102,2,535,1,0,20
1032,122,2,103,4,539,3,3,40
1033,122,2,104,9,548,2,0,90
1034,122,2,105,5,553,8,3,50
1035,122,2,106,3,556,5,2,30
1036,122,2,107,2,558,4,2,20
1037,122,2,108,7,565,6,2,70
1038,122,2,109,9,574,10,4,90
1039,122,2,110,6,580,7,7,60
1040,122,2,111,8,588,4,0,80
1041,122,2,112,9,597,7,3,90
1042,122,2,113,2,599,4,1,20
1043,122,2,114,5,604,6,6,50
1044,122,2,115,2,606,2,0,20
1045,122,2,116,5,611,4,4,50
1046,122,2,117,6,617,1,1,60
1047,122,2,118,4,621,2,0,40
1048,122,2,119,8,629,5,3,80
1049,122,2,120,3,632,3,1,30
1050,122,2,121,3,635,3,1,30
1051,122,2,122,5,640,3,0,50
1052,122,2,123,7,647,4,4,70
1053,122,2,124,4,651,1,1,40
1054,122,2,125,9,660,8,3,90
1055,122,2,126,5,665,6,1,50
1056,122,2,127,4,669,6,6,40
1057,122,2,128,5,674,3,1,50
1058,122,2,129,6,680,5,1,60
1059,122,2,130,3,683,5,2,30
1060,122,2,131,4,687,5,2,40
1061,122,2,132,3,690,3,0,30
1062,122,2,133,4,694,3,0,40
1063,122,2,134,3,697,7,7,30
1064,122,2,135,5,702,3,0,50
1065,122,2,136,2,704,4,0,20
1066,122,2,137,5,709,5,2,50
1067,122,2,138,8,717,11,7,80
1068,122,2,139,8,725,7,2,80
1069,122,2,140,2,727,6,1,20
1070,122,2,141,4,731,5,5,40
1071,122,2,142,6,737,2,2,60
1072,122,2,143,3,740,2,0,30
1073,122,2,144,4,744,3,0,40
1074,122,2,145,2,746,3,2,20
1075,122,2,146,6,752,4,4,60
1076,122,2,147,4,756,2,1,40
1077,122,2,148,2,758,2,1,20
1078,122,2,149,2,760,1,0,20
1079,122,2,150,3,763,2,0,30
1080,122,2,151,3,766,2,0,30
1081,122,2,152,8,774,5,1,80
1082,122,2,153,4,778,6,3,40
1083,122,2,154,5,783,7,3,50
1084,122,2,155,9,792,6,2,90
1085,122,2,156,4,796,5,5,40
1086,122,2,157,9,805,2,0,90
1087,122,2,158,2,807,2,1,20
1088,122,2,159,6,813,3,3,60
1089,122,2,160,3,816,0,0,30
1090,122,2,161,4,820,2,1,40
1091,122,2,162,5,825,4,4,50
1092,122,2,163,7,832,2,2,70
1093,122,2,164,4,836,0,0,40
1094,122,2,165,8,844,3,3,80
1095,122,2,166,5,849,3,3,50
1096,122,2,167,6,855,7,7,60
1097,122,2,168,5,860,5,1,50
1098,122,2,169,8,868,7,2,80
1099,122,2,170,4,872,8,8,40
1100,122,2,171,4,876,2,1,40
1101,122,2,172,4,880,4,1,40
1102,122,2,173,2,882,3,0,20
1103,122,2,174,5,887,5,5,50
1104,122,2,175,4,891,2,1,40
1105,122,2,176,2,893,3,0,20
1106,122,2,177,7,900,6,6,70
1107,122,2,178,9,909,4,0,90
1108,122,2,179,4,913,4,0,40
1109,122,2,180,8,921,10,10,80
1110,122,2,181,7,928,4,4,70
1111,122,2,182,2,930,2,2,20
1112,122,2,183,2,932,3,3,20
1113,122,2,184,7,939,1,0,70
1114,122,2,185,6,945,4,1,60
1115,122,2,186,6,951,6,6,60
1116,122,2,187,9,960,6,0,90
1117,122,2,188,7,967,11,4,70
1118,122,2,189,8,975,16,3,80
1119,122,2,190,4,979,14,4,40
1120,122,2,191,9,988,16,16,90
1121,122,2,192,7,995,3,2,70
1122,122,2,193,3,998,5,0,30
1123,122,2,194,8,1006,6,6,80
1124,122,2,195,8,1014,2,1,80
1125,122,2,196,2,1016,2,1,20
1126,122,2,197,5,1021,4,1,50
1127,122,2,198,4,1025,4,0,40
1128,122,2,199,3,1028,4,2,30
1129,122,2,200,5,1033,3,1,50
1130,122,2,201,4,1037,6,1,40
1131,122,2,202,5,1042,7,1,50
1132,122,2,203,8,1050,10,5,80
1133,122,2,204,9,1059,13,13,90
1134,122,2,205,7,1066,3,0,70
1135,122,2,206,2,1068,3,3,20
1136,122,2,207,8,1076,2,0,80
1137,122,2,208,6,1082,4,2,60
1138,122,2,209,8,1090,9,6,80
1139,122,2,210,6,1096,4,4,60
1140,122,2,211,4,1100,2,2,40
1141,122,2,212,8,1108,2,0,80
1142,122,2,213,2,1110,4,2,20
1143,122,2,214,6,1116,4,1,60
1144,122,2,215,6,1122,4,1,60
1145,122,2,216,8,1130,5,1,80
1146,122,2,217,8,1138,6,3,80
1147,122,2,218,4,1142,3,0,40
1148,122,2,219,2,1144,4,0,20
1149,122,2,220,6,1150,7,2,60
1150,122,2,221,4,1154,9,9,40
1151,122,2,222,5,1159,3,1,50
1152,122,2,223,5,1164,7,7,50
1153,122,2,224,5,1169,2,2,50
1154,122,2,225,6,1175,3,1,60
1155,122,2,226,8,1183,8,6,80
1156,122,2,227,5,1188,2,2,50
1157,122,2,228,3,1191,1,1,30
1158,122,2,229,4,1195,0,0,40
1159,122,2,230,6,1201,3,2,60
1160,122,2,231,7,1208,4,4,70
1161,122,2,232,4,1212,2,2,40
1162,122,2,233,5,1217,1,0,50
1163,122,2,234,7,1224,5,1,70
1164,122,2,235,7,1231,6,6,70
1165,122,2,236,4,1235,0,0,40
1166,122,2,237,6,1241,1,0,60
1167,122,2,238,8,1249,5,2,80
1168,122,2,239,3,1252,3,2,30
1169,122,2,240,7,1259,3,3,70
1170,122,2,241,8,1267,3,0,80
1171,122,2,242,4,1271,4,4,40
1172,122,2,243,5,1276,3,0,50
1173,122,2,244,6,1282,7,4,60
1174,122,2,245,8,1290,11,4,80
1175,122,2,246,9,1299,13,13,90
1176,122,2,247,6,1305,2,0,60
1177,122,2,248,3,1308,2,1,30
1178,122,2,249,6,1314,5,1,60
1179,122,2,250,5,1319,7,2,50
1180,122,2,251,3,1322,9,3,30
1181,122,2,252,2,1324,8,3,20
1182,122,2,253,3,1327,6,6,30
1183,122,2,254,7,1334,5,1,70
1184,122,2,255,8,1342,5,5,80
1185,122,2,256,4,1346,1,0,40
1186,122,2,257,8,1354,6,2,80
1187,122,2,258,2,1356,4,0,20
1188,122,2,259,5,1361,5,5,50
1189,122,2,260,4,1365,1,0,40
1190,122,2,261,7,1372,4,2,70
1191,122,2,262,6,1378,4,1,60
1192,122,2,263,4,1382,5,1,40
1193,122,2,264,8,1390,8,8,80
1194,122,2,265,8,1398,2,0,80
1195,122,2,266,7,1405,8,6,70
1196,122,2,267,9,1414,8,8,90
1197,122,2,268,5,1419,3,3,50
1198,122,2,269,8,1427,3,1,80
1199,122,2,270,9,1436,8,3,90
1200,122,2,271,3,1439,8,2,30
1201,122,2,272,9,1448,13,6,90
1202,122,2,273,2,1450,7,2,20
1203,122,2,274,6,1456,9,5,60
1204,122,2,275,9,1465,9,3,90
1205,122,2,276,3,1468,8,0,30
1206,122,2,277,4,1472,9,9,40
1207,122,2,278,9,1481,7,7,90
1208,122,2,279,2,1483,0,0,20
1209,122,2,280,7,1490,2,1,70
1210,122,2,281,3,1493,3,3,30
1211,122,2,282,3,1496,4,4,30
1212,122,2,283,3,1499,4,1,30
1213,122,2,284,4,1503,6,6,40
1214,122,2,285,9,1512,7,2,90
1215,122,2,286,9,1521,6,3,90
1216,122,2,287,4,1525,3,0,40
1217,122,2,288,4,1529,3,3,40
1218,122,2,289,2,1531,0,0,20
1219,122,2,290,6,1537,3,3,60
1220,122,2,291,5,1542,1,1,50
1221,122,2,292,9,1551,2,0,90
1222,122,2,293,6,1557,3,0,60
1223,122,2,294,2,1559,6,2,20
1224,122,2,295,5,1564,9,4,50
1225,122,2,296,6,1570,8,8,60
1226,122,2,297,7,1577,2,2,70
1227,122,2,298,5,1582,2,0,50
1228,122,2,299,5,1587,5,5,50
1229,122,2,300,4,1591,1,0,40
1230,122,2,301,9,1600,5,5,90
1231,122,2,302,2,1602,1,0,20
1232,122,2,303,5,1607,5,1,50
1233,122,2,304,9,1616,10,3,90
1234,122,2,305,9,1625,11,11,90
1235,122,2,306,6,1631,1,0,60
1236,122,2,307,4,1635,1,0,40
1237,122,2,308,6,1641,4,4,60
1238,122,2,309,8,1649,2,2,80
1239,122,2,310,2,1651,2,1,20
1240,122,2,311,2,1653,1,1,20
1241,122,2,312,5,1658,1,0,50
1242,122,2,313,4,1662,4,1,40
1243,122,2,314,9,1671,4,2,90
1244,122,2,315,3,1674,6,4,30
1245,122,2,316,9,1683,5,0,90
1246,122,2,317,3,1686,7,4,30
1247,122,2,318,7,1693,7,1,70
1248,122,2,319,3,1696,10,4,30
1249,122,2,320,3,1699,7,3,30
1250,122,2,321,8,1707,9,1,80
1251,122,2,322,2,1709,8,8,20
1252,122,2,323,9,1718,3,3,90
1253,122,2,324,6,1724,6,6,60
1254,122,2,325,6,1730,6,3,60
1255,122,2,326,2,1732,3,0,20
1256,122,2,327,5,1737,4,3,50
1257,122,2,328,7,1744,6,1,70
1258,122,2,329,7,1751,10,5,70
1259,122,2,330,8,1759,8,3,80
1260,122,2,331,6,1765,7,3,60
1261,122,2,332,8,1773,6,3,80
1262,122,2,333,7,1780,8,3,70
1263,122,2,334,5,1785,9,3,50
1264,122,2,335,3,1788,7,2,30
1265,122,2,336,5,1793,9,2,50
1266,122,2,337,6,1799,9,3,60
1267,122,2,338,3,1802,7,4,30
1268,122,2,339,3,1805,4,0,30
1269,122,2,340,9,1814,6,6,90
1270,122,2,341,3,1817,0,0,30
1271,122,2,342,9,1826,4,3,90
1272,122,2,343,6,1832,5,2,60
1273,122,2,344,2,1834,3,0,20
1274,122,2,345,5,1839,4,4,50
1275,122,2,346,4,1843,0,0,40
1276,122,2,347,2,1845,0,0,20
1277,122,2,348,5,1850,1,0,50
1278,122,2,349,8,1858,9,3,80
1279,122,2,350,7,1865,8,4,70
1280,122,2,351,3,1868,6,6,30
1281,122,2,352,6,1874,3,1,60
1282,122,2,353,2,1876,4,3,20
1283,122,2,354,6,1882,6,1,60
1284,122,2,355,5,1887,8,8,50
1285,122,2,356,9,1896,4,2,90
1286,122,2,357,8,1904,7,3,80
1287,122,2,358,6,1910,8,4,60
1288,122,2,359,7,1917,9,9,70
1289,122,2,360,7,1924,4,2,70
1290,122,2,361,6,1930,6,6,60
1291,122,2,362,4,1934,2,1,40
1292,122,2,363,3,1937,1,0,30
1293,122,2,364,6,1943,2,0,60
1294,122,2,365,2,1945,4,1,20
1295,122,2,366,8,1953,10,4,80
1296,122,2,367,2,1955,7,3,20
1297,122,2,368,8,1963,11,6,80
1298,122,2,369,7,1970,11,11,70
1299,122,2,370,7,1977,1,0,70
1300,122,2,371,6,1983,2,0,60
1301,122,2,372,8,1991,8,3,80
1302,122,2,373,2,1993,6,1,20
1303,122,2,374,4,1997,7,1,40
1304,122,2,375,4,2001,6,0,40
1305,122,2,376,7,2008,8,3,70
1306,122,2,377,3,2011,8,8,30
1307,122,2,378,2,2013,2,0,20
1308,122,2,379,9,2022,4,1,90
1309,122,2,380,2,2024,3,0,20
1310,122,2,381,6,2030,9,9,60
1311,122,2,382,3,2033,1,0,30
1312,122,2,383,8,2041,6,2,80
1313,122,2,384,7,2048,7,1,70
1314,122,2,385,3,2051,6,6,30
1315,122,2,386,4,2055,2,2,40
1316,122,2,387,9,2064,3,1,90
1317,122,2,388,5,2069,3,0,50
1318,122,2,389,5,2074,7,2,50
1319,122,2,390,2,2076,7,4,20
1320,122,2,391,8,2084,5,5,80
1321,122,2,392,8,2092,4,1,80
1322,122,2,393,6,2098,4,1,60
1323,122,2,394,4,2102,3,0,40
1324,122,2,395,8,2110,5,1,80
1325,122,2,396,9,2119,10,2,90
1326,122,2,397,6,2125,9,9,60
1327,122,2,398,8,2133,8,3,80
1328,122,2,399,8,2141,9,9,80
1329,122,2,400,2,2143,0,0,20
1330,122,2,401,9,2152,3,0,90
1331,122,2,402,5,2157,6,4,50
1332,122,2,403,2,2159,3,3,20
1333,122,2,404,4,2163,0,0,40
1334,122,2,405,7,2170,2,2,70
1335,122,2,406,7,2177,3,0,70
1336,122,2,407,3,2180,4,1,30
1337,122,2,408,2,2182,3,1,20
1338,122,2,409,5,2187,6,4,50
1339,122,2,410,9,2196,6,0,90
1340,122,2,411,8,2204,12,12,80
1341,122,2,412,5,2209,4,1,50
1342,122,2,413,3,2212,5,0,30
1343,122,2,414,8,2220,11,11,80
1344,122,2,415,6,2226,3,0,60
1345,122,2,416,4,2230,4,2,40
1346,122,2,417,4,2234,3,3,40
1347,122,2,418,3,2237,1,1,30
1348,122,2,419,9,2246,3,0,90
1349,122,2,420,8,2254,6,1,80
1350,122,2,421,9,2263,13,6,90
1351,122,2,422,9,2272,10,10,90
1352,122,2,423,9,2281,3,0,90
1353,122,2,424,6,2287,5,5,60
1354,122,2,425,3,2290,3,3,30
1355,122,2,426,2,2292,0,0,20
1356,122,2,427,7,2299,2,2,70
1357,122,2,428,6,2305,2,0,60
1358,122,2,429,5,2310,5,2,50
1359,122,2,430,4,2314,8,4,40
1360,122,2,431,8,2322,7,4,80
1361,122,2,432,5,2327,6,3,50
1362,122,2,433,7,2334,7,7,70
1363,122,2,434,7,2341,2,2,70
1364,122,2,435,7,2348,8,8,70
1365,122,2,436,7,2355,2,0,70
1366,122,2,437,9,2364,5,5,90
1367,122,2,438,8,2372,4,3,80
1368,122,2,439,6,2378,6,2,60
1369,122,2,440,5,2383,8,3,50
1370,122,2,441,5,2388,6,3,50
1371,122,2,442,4,2392,5,2,40
1372,122,2,443,5,2397,4,1,50
1373,122,2,444,5,2402,5,3,50
1374,122,2,445,3,2405,6,2,30
1375,122,2,446,7,2412,9,3,70
1376,122,2,447,7,2419,9,4,70
1377,122,2,448,7,2426,6,6,70
1378,122,2,449,8,2434,0,0,80
1379,122,2,450,2,2436,1,1,20
1380,122,2,451,3,2439,2,1,30
1381,122,2,452,3,2442,1,0,30
1382,122,2,453,2,2444,1,0,20
1383,122,2,454,9,2453,8,3,90
1384,122,2,455,3,2456,5,1,30
1385,122,2,456,5,2461,9,3,50
1386,122,2,457,8,2469,15,15,80
1387,122,2,458,4,2473,3,0,40
1388,122,2,459,8,2481,9,2,80
1389,122,2,460,8,2489,11,4,80
1390,122,2,461,9,2498,8,1,90
1391,122,2,462,7,2505,10,4,70
1392,122,2,463,4,2509,6,6,40
1393,122,2,464,3,2512,1,1,30
1394,122,2,465,8,2520,3,0,80
1395,122,2,466,5,2525,4,4,50
1396,122,2,467,6,2531,2,2,60
1397,122,2,468,3,2534,5,2,30
1398,122,2,469,4,2538,4,2,40
1399,122,2,470,7,2545,3,3,70
1400,122,2,471,3,2548,0,0,30
1401,122,2,472,9,2557,4,1,90
1402,122,2,473,9,2566,10,6,90
1403,122,2,474,5,2571,7,7,50
1404,122,2,475,4,2575,2,0,40
1405,122,2,476,6,2581,7,1,60
1406,122,2,477,6,2587,8,4,60
1407,122,2,478,9,2596,6,6,90
1408,122,2,479,5,2601,7,4,50
1409,122,2,480,7,2608,6,6,70
1410,122,2,481,8,2616,3,3,80
1411,122,2,482,4,2620,3,3,40
1412,122,2,483,2,2622,2,0,20
1413,122,2,484,7,2629,7,1,70
1414,122,2,485,4,2633,8,4,40
1415,122,2,486,9,2642,10,10,90
1416,122,2,487,9,2651,5,1,90
1417,122,2,488,6,2657,6,6,60
1418,122,2,489,5,2662,3,3,50
1419,122,2,490,2,2664,0,0,20
1420,122,2,491,3,2667,4,2,30
1421,122,2,492,7,2674,9,4,70
1422,122,2,493,5,2679,9,1,50
1423,122,2,494,2,2681,9,9,20
1424,122,2,495,2,2683,1,0,20
1425,122,2,496,8,2691,6,2,80
1426,122,2,497,9,2700,10,4,90
1427,122,2,498,6,2706,7,1,60
1428,122,2,499,8,2714,9,9,80
1429,122,2,500,5,2719,2,2,50
1430,122,2,501,9,2728,5,1,90
1431,122,2,502,6,2734,8,2,60
1432,122,2,503,2,2736,6,1,20
1433,122,2,504,8,2744,9,9,80
1434,122,2,505,7,2751,1,1,70
1435,122,2,506,5,2756,2,2,50
1436,122,2,507,2,2758,1,1,20
1437,122,2,508,2,2760,2,1,20
1438,122,2,509,3,2763,1,1,30
1439,122,2,510,4,2767,2,2,40
1440,122,2,511,3,2770,0,0,30
1441,122,2,512,3,2773,3,3,30
1442,122,2,513,8,2781,3,3,80
1443,122,2,514,4,2785,2,2,40
1444,122,2,515,3,2788,1,0,30
1445,122,2,516,3,2791,3,3,30
1446,122,2,517,8,2799,4,0,80
1447,122,2,518,5,2804,6,6,50
1448,122,2,519,5,2809,3,0,50
1449,122,2,520,4,2813,5,5,40
1450,122,2,521,2,2815,1,0,20
1451,122,2,522,4,2819,2,2,40
1452,122,2,523,5,2824,1,1,50
1453,122,2,524,6,2830,6,6,60
1454,122,2,525,3,2833,0,0,30
1455,122,2,526,5,2838,2,0,50
1456,122,2,527,8,2846,10,2,80
1457,122,2,528,5,2851,11,11,50
1458,122,2,529,6,2857,2,1,60
1459,122,2,530,2,2859,3,0,20
1460,122,2,531,9,2868,9,1,90
1461,122,2,532,6,2874,12,7,60
1462,122,2,533,2,2876,5,5,20
1463,122,2,534,7,2883,6,4,70
1464,122,2,535,4,2887,3,2,40
1465,122,2,536,2,2889,1,1,20
1466,122,2,537,5,2894,2,2,50
1467,122,2,538,5,2899,1,0,50
1468,122,2,539,7,2906,6,0,70
1469,122,2,540,5,2911,8,2,50
1470,122,2,541,4,2915,6,4,40
1471,122,2,542,6,2921,5,2,60
1472,122,2,543,3,2924,4,2,30
1473,122,2,544,5,2929,4,4,50
1474,122,2,545,2,2931,0,0,20
1475,122,2,546,4,2935,4,1,40
1476,122,2,547,6,2941,3,0,60
1477,122,2,548,4,2945,4,2,40
1478,122,2,549,2,2947,4,0,20
1479,122,2,550,4,2951,4,2,40
1480,122,2,551,9,2960,5,5,90
1481,122,2,552,4,2964,1,0,40
1482,122,2,553,9,2973,4,1,90
1483,122,2,554,6,2979,8,8,60
1484,122,2,555,7,2986,4,4,70
1485,122,2,556,5,2991,4,4,50
1486,122,2,557,3,2994,1,0,30
1487,122,2,558,2,2996,4,1,20
1488,122,2,559,9,3005,7,4,90
1489,122,2,560,5,3010,5,5,50
1490,122,2,561,8,3018,4,4,80
1491,122,2,562,3,3021,3,1,30
1492,122,2,563,5,3026,5,5,50
1493,122,2,564,7,3033,4,1,70
1494,122,2,565,5,3038,5,1,50
1495,122,2,566,3,3041,7,7,30
1496,122,2,567,8,3049,1,0,80
1497,122,2,568,8,3057,4,1,80
1498,122,2,569,3,3060,4,1,30
1499,122,2,570,9,3069,7,7,90
1500,122,2,571,5,3074,4,1,50
1501,122,2,572,6,3080,9,9,60
1502,122,2,573,3,3083,1,0,30
1503,122,2,574,3,3086,4,1,30
1504,122,2,575,3,3089,4,4,30
1505,122,2,576,2,3091,2,0,20
1506,122,2,577,9,3100,6,6,90
1507,122,2,578,5,3105,4,4,50
1508,122,2,579,5,3110,5,2,50
1509,122,2,580,5,3115,4,0,50
1510,122,2,581,9,3124,6,2,90
1511,122,2,582,5,3129,7,1,50
1512,122,2,583,3,3132,8,4,30
1513,122,2,584,5,3137,7,2,50
1514,122,2,585,6,3143,10,10,60
1515,122,2,586,6,3149,10,10,60
1516,122,2,587,6,3155,2,0,60
1517,122,2,588,2,3157,3,3,20
1518,122,2,589,7,3164,4,4,70
1519,122,2,590,2,3166,1,1,20
1520,122,2,591,7,3173,0,0,70
1521,122,2,592,6,3179,1,1,60
1522,122,2,593,6,3185,4,0,60
1523,122,2,594,3,3188,4,4,30
1524,122,2,595,5,3193,4,1,50
1525,122,2,596,4,3197,4,0,40
1526,122,2,597,6,3203,5,1,60
1527,122,2,598,5,3208,5,5,50
1528,122,2,599,4,3212,2,2,40
1529,122,2,600,6,3218,4,0,60
1530,122,2,601,2,3220,4,4,20
1531,122,2,602,6,3226,3,3,60
1532,122,2,603,6,3232,7,2,60
1533,122,2,604,3,3235,5,0,30
1534,122,2,605,6,3241,10,10,60
1535,122,2,606,3,3244,0,0,30
1536,122,2,607,5,3249,3,1,50
1537,122,2,608,6,3255,3,3,60
1538,122,2,609,7,3262,2,2,70
1539,122,2,610,4,3266,1,1,40
1540,122,2,611,2,3268,2,1,20
1541,122,2,612,4,3272,2,0,40
1542,122,2,613,2,3274,3,3,20
1543,122,2,614,7,3281,3,0,70
1544,122,2,615,5,3286,6,6,50
1545,122,2,616,5,3291,3,1,50
1546,122,2,617,9,3300,8,8,90
1547,122,2,618,5,3305,4,2,50
1548,122,2,619,8,3313,3,1,80
1549,122,2,620,3,3316,2,0,30
1550,122,2,621,5,3321,4,2,50
1551,122,2,622,9,3330,6,6,90
1552,122,2,623,7,3337,3,1,70
1553,122,2,624,8,3345,10,1,80
1554,122,2,625,2,3347,10,10,20
1555,122,2,626,6,3353,1,0,60
1556,122,2,627,6,3359,4,3,60
1557,122,2,628,9,3368,6,6,90
1558,122,2,629,3,3371,4,2,30
1559,122,2,630,3,3374,2,1,30
1560,122,2,631,9,3383,7,7,90
1561,122,2,632,2,3385,2,1,20
1562,122,2,633,2,3387,5,3,20
1563,122,2,634,9,3396,8,3,90
1564,122,2,635,6,3402,8,5,60
1565,122,2,636,7,3409,7,1,70
1566,122,2,637,3,3412,7,1,30
1567,122,2,638,7,3419,8,4,70
1568,122,2,639,5,3424,6,6,50
1569,122,2,640,2,3426,1,1,20
1570,122,2,641,3,3429,3,2,30
1571,122,2,642,2,3431,2,1,20
1572,122,2,643,7,3438,3,1,70
1573,122,2,644,7,3445,6,2,70
1574,122,2,645,6,3451,4,4,60
1575,122,2,646,2,3453,0,0,20
1576,122,2,647,2,3455,1,0,20
1577,122,2,648,6,3461,6,1,60
1578,122,2,649,3,3464,8,1,30
1579,122,2,650,8,3472,11,11,80
1580,122,2,651,9,3481,2,0,90
1581,122,2,652,4,3485,3,0,40
1582,122,2,653,7,3492,8,2,70
1583,122,2,654,2,3494,8,3,20
1584,122,2,655,7,3501,7,7,70
1585,122,2,656,3,3504,2,1,30
1586,122,2,657,5,3509,2,0,50
1587,122,2,658,5,3514,6,1,50
1588,122,2,659,5,3519,10,10,50
1589,122,2,660,2,3521,1,1,20
1590,122,2,661,2,3523,0,0,20
1591,122,2,662,2,3525,1,0,20
1592,122,2,663,6,3531,6,0,60
1593,122,2,664,7,3538,12,5,70
1594,122,2,665,8,3546,10,10,80
1595,122,2,666,8,3554,5,2,80
1596,122,2,667,6,3560,5,4,60
1597,122,2,668,6,3566,3,1,60
1598,122,2,669,7,3573,5,1,70
1599,122,2,670,4,3577,7,3,40
1600,122,2,671,2,3579,4,4,20
1601,122,2,672,3,3582,1,1,30
1602,122,2,673,9,3591,6,2,90
1603,122,2,674,9,3600,9,9,90
1604,122,2,675,3,3603,2,1,30
1605,122,2,676,3,3606,1,0,30
1606,122,2,677,9,3615,7,2,90
1607,122,2,678,7,3622,10,7,70
1608,122,2,679,7,3629,11,11,70
1609,122,2,680,2,3631,1,0,20
1610,122,2,681,3,3634,2,1,30
1611,122,2,682,8,3642,4,4,80
1612,122,2,683,4,3646,0,0,40
1613,122,2,684,8,3654,4,4,80
1614,122,2,685,2,3656,1,0,20
1615,122,2,686,5,3661,7,7,50
1616,122,2,687,3,3664,3,3,30
1617,122,2,688,6,3670,4,4,60
1618,122,2,689,2,3672,1,0,20
1619,122,2,690,8,3680,5,1,80
1620,122,2,691,3,3683,4,4,30
1621,122,2,692,6,3689,2,2,60
1622,122,2,693,9,3698,4,2,90
1623,122,2,694,8,3706,5,2,80
1624,122,2,695,2,3708,3,3,20
1625,122,2,696,7,3715,5,2,70
1626,122,2,697,6,3721,7,1,60
1627,122,2,698,5,3726,9,1,50
1628,122,2,699,7,3733,14,14,70
1629,122,2,700,4,3737,1,0,40
1630,122,2,701,4,3741,6,4,40
1631,122,2,702,2,3743,3,2,20
1632,122,2,703,4,3747,2,2,40
1633,122,2,704,8,3755,4,1,80
1634,122,2,705,7,3762,8,8,70
1635,122,2,706,7,3769,3,1,70
1636,122,2,707,9,3778,4,4,90
1637,122,2,708,7,3785,0,0,70
1638,122,2,709,6,3791,2,0,60
1639,122,2,710,4,3795,3,2,40
1640,122,2,711,6,3801,3,1,60
1641,122,2,712,3,3804,5,3,30
1642,122,2,713,6,3810,6,6,60
1643,122,2,714,9,3819,3,3,90
1644,122,2,715,4,3823,4,0,40
1645,122,2,716,7,3830,9,4,70
1646,122,2,717,8,3838,9,4,80
1647,122,2,718,3,3841,6,6,30
1648,122,2,719,9,3850,5,5,90
1649,122,2,720,2,3852,0,0,20
1650,122,2,721,5,3857,3,1,50
1651,122,2,722,4,3861,4,0,40
1652,122,2,723,6,3867,7,3,60
1653,122,2,724,4,3871,7,1,40
1654,122,2,725,2,3873,8,8,20
1655,122,2,726,6,3879,2,2,60
1656,122,2,727,2,3881,1,1,20
1657,122,2,728,6,3887,5,2,60
1658,122,2,729,3,3890,5,2,30
1659,122,2,730,3,3893,6,6,30
1660,122,2,731,6,3899,3,0,60
1661,122,2,732,7,3906,7,3,70
1662,122,2,733,4,3910,5,2,40
1663,122,2,734,7,3917,6,6,70
1664,122,2,735,8,3925,5,1,80
1665,122,2,736,8,3933,8,8,80
1666,122,2,737,4,3937,4,1,40
1667,122,2,738,8,3945,6,3,80
1668,122,2,739,8,3953,8,5,80
1669,122,2,740,3,3956,4,1,30
1670,122,2,741,5,3961,6,6,50
1671,122,2,742,7,3968,3,2,70
1672,122,2,743,3,3971,4,2,30
1673,122,2,744,3,3974,2,1,30
1674,122,2,745,9,3983,7,2,90
1675,122,2,746,8,3991,10,1,80
1676,122,2,747,2,3993,10,10,20
1677,122,2,748,6,3999,2,0,60
1678,122,2,749,7,4006,3,3,70
1679,122,2,750,6,4012,4,1,60
1680,122,2,751,3,4015,4,4,30
1681,122,2,752,9,4024,4,1,90
1682,122,2,753,8,4032,7,1,80
1683,122,2,754,2,4034,6,0,20
1684,122,2,755,5,4039,12,12,50
1685,122,2,756,9,4048,4,2,90
1686,122,2,757,3,4051,2,2,30
1687,122,2,758,4,4055,0,0,40
1688,122,2,759,3,4058,1,0,30
1689,122,2,760,4,4062,3,0,40
1690,122,2,761,7,4069,8,8,70
1691,122,2,762,7,4076,4,2,70
1692,122,2,763,3,4079,3,0,30
1693,122,2,764,3,4082,4,4,30
1694,122,2,765,3,4085,3,3,30
1695,122,2,766,3,4088,2,0,30
1696,122,2,767,5,4093,4,0,50
1697,122,2,768,9,4102,10,3,90
1698,122,2,769,4,4106,8,8,40
1699,122,2,770,5,4111,6,1,50
1700,122,2,771,6,4117,7,7,60
1701,122,2,772,6,4123,2,0,60
1702,122,2,773,7,4130,7,7,70
1703,122,2,774,3,4133,2,2,30
1704,122,2,775,7,4140,2,2,70
1705,122,2,776,2,4142,0,0,20
1706,122,2,777,7,4149,5,4,70
1707,122,2,778,6,4155,5,5,60
1708,122,2,779,4,4159,1,0,40
1709,122,2,780,2,4161,3,3,20
1710,122,2,781,9,4170,3,1,90
1711,122,2,782,4,4174,5,1,40
1712,122,2,783,5,4179,4,1,50
1713,122,2,784,4,4183,5,5,40
1714,122,2,785,4,4187,1,0,40
1715,122,2,786,3,4190,1,1,30
1716,122,2,787,4,4194,0,0,40
1717,122,2,788,4,4198,3,1,40
1718,122,2,789,6,4204,4,4,60
1719,122,2,790,4,4208,2,2,40
1720,122,2,791,3,4211,1,0,30
1721,122,2,792,2,4213,4,4,20
1722,122,2,793,9,4222,2,1,90
1723,122,2,794,9,4231,7,7,90
1724,122,2,795,4,4235,0,0,40
1725,122,2,796,4,4239,2,1,40
1726,122,2,797,9,4248,5,0,90
1727,122,2,798,9,4257,10,1,90
1728,122,2,799,3,4260,9,9,30
1729,122,2,800,6,4266,6,1,60
1730,122,2,801,4,4270,5,5,40
1731,122,2,802,9,4279,3,1,90
1732,122,2,803,4,4283,2,2,40
1733,122,2,804,5,4288,1,0,50
1734,122,2,805,7,4295,2,1,70
1735,122,2,806,2,4297,2,1,20
1736,122,2,807,7,4304,7,7,70
1737,122,2,808,2,4306,1,0,20
1738,122,2,809,4,4310,2,2,40
1739,122,2,810,9,4319,3,1,90
1740,122,2,811,4,4323,3,0,40
1741,122,2,812,8,4331,6,6,80
1742,122,2,813,4,4335,3,3,40
1743,122,2,814,8,4343,4,1,80
1744,122,2,815,8,4351,8,3,80
1745,122,2,816,5,4356,7,7,50
1746,122,2,817,9,4365,6,2,90
1747,122,2,818,7,4372,5,0,70
1748,122,2,819,5,4377,6,3,50
1749,122,2,820,5,4382,5,0,50
1750,122,2,821,4,4386,6,6,40
1751,122,2,822,5,4391,3,0,50
1752,122,2,823,7,4398,9,9,70
1753,122,2,824,7,4405,3,0,70
1754,122,2,825,4,4409,4,4,40
1755,122,2,826,3,4412,2,2,30
1756,122,2,827,5,4417,3,1,50
1757,122,2,828,9,4426,8,3,90
1758,122,2,829,4,4430,5,5,40
1759,122,2,830,9,4439,4,0,90
1760,122,2,831,9,4448,7,2,90
1761,122,2,832,6,4454,7,3,60
1762,122,2,833,4,4458,5,1,40
1763,122,2,834,6,4464,6,2,60
1764,122,2,835,9,4473,10,3,90
1765,122,2,836,2,4475,7,2,20
1766,122,2,837,3,4478,8,8,30
1767,122,2,838,2,4480,0,0,20
1768,122,2,839,9,4489,8,8,90
1769,122,2,840,3,4492,3,3,30
1770,122,2,841,5,4497,6,2,50
1771,122,2,842,3,4500,6,3,30
1772,122,2,843,8,4508,6,2,80
1773,122,2,844,5,4513,5,2,50
1774,122,2,845,8,4521,8,8,80
1775,122,2,846,8,4529,1,1,80
1776,122,2,847,3,4532,0,0,30
1777,122,2,848,2,4534,1,1,20
1778,122,2,849,4,4538,3,3,40
1779,122,2,850,7,4545,5,1,70
1780,122,2,851,8,4553,7,0,80
1781,122,2,852,8,4561,11,11,80
1782,122,2,853,8,4569,4,1,80
1783,122,2,854,2,4571,4,2,20
1784,122,2,855,5,4576,5,3,50
1785,122,2,856,6,4582,4,3,60
1786,122,2,857,2,4584,3,3,20
1787,122,2,858,3,4587,1,0,30
1788,122,2,859,2,4589,1,0,20
1789,122,2,860,7,4596,5,2,70
1790,122,2,861,4,4600,7,1,40
1791,122,2,862,6,4606,9,3,60
1792,122,2,863,4,4610,10,10,40
1793,122,2,864,5,4615,1,0,50
1794,122,2,865,5,4620,5,2,50
1795,122,2,866,4,4624,5,0,40
1796,122,2,867,5,4629,7,3,50
1797,122,2,868,3,4632,4,2,30
1798,122,2,869,6,4638,3,0,60
1799,122,2,870,8,4646,7,7,80
1800,122,2,871,5,4651,3,1,50
1801,122,2,872,8,4659,4,1,80
1802,122,2,873,6,4665,5,1,60
1803,122,2,874,5,4670,10,4,50
1804,122,2,875,4,4674,7,7,40
1805,122,2,876,2,4676,1,0,20
1806,122,2,877,2,4678,3,1,20
1807,122,2,878,9,4687,6,6,90
1808,122,2,879,3,4690,2,0,30
1809,122,2,880,3,4693,3,3,30
1810,122,2,881,6,4699,2,2,60
1811,122,2,882,3,4702,2,2,30
1812,122,2,883,6,4708,4,2,60
1813,122,2,884,8,4716,6,3,80
1814,122,2,885,7,4723,6,2,70
1815,122,2,886,7,4730,8,3,70
1816,122,2,887,7,4737,12,12,70
1817,122,2,888,9,4746,3,1,90
1818,122,2,889,8,4754,10,3,80
1819,122,2,890,3,4757,9,3,30
1820,122,2,891,4,4761,11,1,40
1821,122,2,892,4,4765,10,10,40
1822,122,2,893,4,4769,4,0,40
1823,122,2,894,4,4773,4,4,40
1824,122,2,895,2,4775,0,0,20
1825,122,2,896,5,4780,2,2,50
1826,122,2,897,2,4782,0,0,20
1827,122,2,898,2,4784,2,1,20
1828,122,2,899,5,4789,4,3,50
1829,122,2,900,7,4796,7,7,70
1830,122,2,901,3,4799,1,1,30
1831,122,2,902,8,4807,1,1,80
1832,122,2,903,9,4816,6,6,90
1833,122,2,904,6,4822,3,2,60
1834,122,2,905,6,4828,1,1,60
1835,122,2,906,3,4831,3,0,30
1836,122,2,907,3,4834,3,2,30
1837,122,2,908,9,4843,8,8,90
1838,122,2,909,9,4852,4,1,90
1839,122,2,910,9,4861,8,2,90
1840,122,2,911,3,4864,8,4,30
1841,122,2,912,2,4866,7,7,20
1842,122,2,913,8,4874,2,0,80
1843,122,2,914,8,4882,7,4,80
1844,122,2,915,2,4884,5,5,20
1845,122,2,916,6,4890,0,0,60
1846,122,2,917,3,4893,2,1,30
1847,122,2,918,6,4899,3,1,60
1848,122,2,919,6,4905,6,3,60
1849,122,2,920,9,4914,4,1,90
1850,122,2,921,2,4916,3,3,20
1851,122,2,922,8,4924,2,1,80
1852,122,2,923,8,4932,3,1,80
1853,122,2,924,7,4939,2,0,70
1854,122,2,925,8,4947,7,7,80
1855,122,2,926,8,4955,2,0,80
1856,122,2,927,9,4964,7,7,90
1857,122,2,928,2,4966,0,0,20
1858,122,2,929,3,4969,1,0,30
1859,122,2,930,2,4971,1,0,20
1860,122,2,931,2,4973,4,0,20
1861,122,2,932,9,4982,10,10,90
1862,122,2,933,4,4986,0,0,40
1863,122,2,934,7,4993,3,3,70
1864,122,2,935,3,4996,0,0,30
1865,122,3,1,9,9,2,2,90
1866,122,3,2,2,11,1,1,20
1867,122,3,3,8,19,4,0,80
1868,122,3,4,3,22,6,6,30
1869,122,3,5,3,25,2,2,30
1870,122,3,6,5,30,3,1,50
1871,122,3,7,8,38,2,0,80
1872,122,3,8,8,46,4,1,80
1873,122,3,9,7,53,3,0,70
1874,122,3,10,6,59,7,1,60
1875,122,3,11,8,67,8,4,80
1876,122,3,12,4,71,7,3,40
1877,122,3,13,3,74,4,3,30
1878,122,3,14,9,83,4,2,90
1879,122,3,15,4,87,8,4,40
1880,122,3,16,5,92,5,2,50
1881,122,3,17,6,98,7,3,60
1882,122,3,18,2,100,5,1,20
1883,122,3,19,8,108,11,3,80
1884,122,3,20,3,111,9,3,30
1885,122,3,21,6,117,9,2,60
1886,122,3,22,5,122,8,8,50
1887,122,3,23,8,130,0,0,80
1888,122,3,24,6,136,3,3,60
1889,122,3,25,4,140,3,3,40
1890,122,3,26,6,146,2,0,60
1891,122,3,27,7,153,6,3,70
1892,122,3,28,6,159,5,5,60
1893,122,3,29,9,168,3,3,90
1894,122,3,30,3,171,2,2,30
1895,122,3,31,5,176,7,7,50
1896,122,3,32,9,185,5,3,90
1897,122,3,33,5,190,5,5,50
1898,122,3,34,5,195,2,2,50
1899,122,3,35,7,202,4,4,70
1900,122,3,36,7,209,3,3,70
1901,122,3,37,3,212,1,1,30
1902,122,3,38,7,219,1,0,70
1903,122,3,39,5,224,3,0,50
1904,122,3,40,9,233,9,9,90
1905,122,3,41,7,240,5,5,70
1906,122,3,42,8,248,3,2,80
1907,122,3,43,2,250,1,0,20
1908,122,3,44,9,259,4,4,90
1909,122,3,45,5,264,0,0,50
1910,122,3,46,3,267,1,0,30
1911,122,3,47,8,275,6,3,80
1912,122,3,48,5,280,5,5,50
1913,122,3,49,8,288,2,0,80
1914,122,3,50,4,292,5,1,40
1915,122,3,51,6,298,7,2,60
1916,122,3,52,9,307,8,8,90
1917,122,3,53,5,312,2,1,50
1918,122,3,54,7,319,3,2,70
1919,122,3,55,7,326,4,0,70
1920,122,3,56,4,330,5,2,40
1921,122,3,57,7,337,8,4,70
1922,122,3,58,9,346,6,6,90
1923,122,3,59,3,349,0,0,30
1924,122,3,60,7,356,1,1,70
1925,122,3,61,9,365,6,4,90
1926,122,3,62,5,370,2,0,50
1927,122,3,63,2,372,3,3,20
1928,122,3,64,5,377,2,2,50
1929,122,3,65,5,382,2,1,50
1930,122,3,66,4,386,3,2,40
1931,122,3,67,6,392,5,5,60
1932,122,3,68,2,394,1,1,20
1933,122,3,69,4,398,4,0,40
1934,122,3,70,5,403,9,9,50
1935,122,3,71,3,406,1,0,30
1936,122,3,72,4,410,3,3,40
1937,122,3,73,6,416,1,0,60
1938,122,3,74,9,425,9,4,90
1939,122,3,75,5,430,5,5,50
1940,122,3,76,4,434,2,2,40
1941,122,3,77,9,443,4,2,90
1942,122,3,78,7,450,6,1,70
1943,122,3,79,4,454,8,8,40
1944,122,3,80,7,461,3,1,70
1945,122,3,81,5,466,4,4,50
1946,122,3,82,8,474,7,3,80
1947,122,3,83,4,478,6,2,40
1948,122,3,84,6,484,8,4,60
1949,122,3,85,7,491,6,6,70
1950,122,3,86,3,494,0,0,30
1951,122,3,87,2,496,0,0,20
1952,122,3,88,5,501,2,2,50
1953,122,3,89,5,506,0,0,50
1954,122,3,90,8,514,9,9,80
1955,122,3,91,3,517,0,0,30
1956,122,3,92,2,519,3,2,20
1957,122,3,93,4,523,2,0,40
1958,122,3,94,7,530,6,1,70
1959,122,3,95,8,538,10,10,80
1960,122,3,96,7,545,4,1,70
1961,122,3,97,3,548,6,0,30
1962,122,3,98,8,556,9,2,80
1963,122,3,99,4,560,14,14,40
1964,122,3,100,6,566,2,2,60
1965,122,3,101,2,568,3,0,20
1966,122,3,102,3,571,5,5,30
1967,122,3,103,4,575,0,0,40
1968,122,3,104,2,577,2,0,20
1969,122,3,105,3,580,2,0,30
1970,122,3,106,8,588,7,3,80
1971,122,3,107,6,594,7,7,60
1972,122,3,108,6,600,2,2,60
1973,122,3,109,2,602,1,0,20
1974,122,3,110,8,610,3,1,80
1975,122,3,111,6,616,4,1,60
1976,122,3,112,3,619,3,3,30
1977,122,3,113,7,626,6,1,70
1978,122,3,114,8,634,9,9,80
1979,122,3,115,6,640,2,1,60
1980,122,3,116,3,643,1,1,30
1981,122,3,117,7,650,9,9,70
1982,122,3,118,3,653,3,1,30
1983,122,3,119,4,657,2,2,40
1984,122,3,120,7,664,2,2,70
1985,122,3,121,5,669,0,0,50
1986,122,3,122,6,675,3,3,60
1987,122,3,123,2,677,0,0,20
1988,122,3,124,3,680,0,0,30
1989,122,3,125,8,688,6,6,80
1990,122,3,126,4,692,4,4,40
1991,122,3,127,5,697,4,4,50
1992,122,3,128,6,703,3,1,60
1993,122,3,129,5,708,7,7,50
1994,122,3,130,8,716,3,2,80
1995,122,3,131,2,718,1,0,20
1996,122,3,132,7,725,9,9,70
1997,122,3,133,7,732,5,3,70
1998,122,3,134,5,737,5,2,50
1999,122,3,135,7,744,7,7,70
2000,122,3,136,7,751,4,0,70
2001,122,3,137,5,756,7,2,50
2002,122,3,138,6,762,10,4,60
2003,122,3,139,3,765,6,6,30
2004,122,3,140,4,769,2,0,40
2005,122,3,141,2,771,2,2,20
2006,122,3,142,8,779,10,4,80
2007,122,3,143,3,782,7,7,30
2008,122,3,144,7,789,4,2,70
2009,122,3,145,3,792,5,3,30
2010,122,3,146,8,800,5,1,80
2011,122,3,147,2,802,5,1,20
2012,122,3,148,7,809,10,2,70
2013,122,3,149,4,813,9,9,40
2014,122,3,150,7,820,1,0,70
2015,122,3,151,8,828,3,2,80
2016,122,3,152,6,834,3,1,60
2017,122,3,153,8,842,2,1,80
2018,122,3,154,3,845,3,1,30
2019,122,3,155,4,849,2,2,40
2020,122,3,156,8,857,7,3,80
2021,122,3,157,3,860,5,0,30
2022,122,3,158,5,865,7,0,50
2023,122,3,159,8,873,12,7,80
2024,122,3,160,5,878,7,3,50
2025,122,3,161,4,882,5,2,40
2026,122,3,162,3,885,5,5,30
2027,122,3,163,9,894,6,6,90
2028,122,3,164,7,901,3,0,70
2029,122,3,165,5,906,4,1,50
2030,122,3,166,3,909,3,3,30
2031,122,3,167,2,911,3,1,20
2032,122,3,168,7,918,5,2,70
2033,122,3,169,5,923,6,4,50
2034,122,3,170,8,931,4,2,80
2035,122,3,171,5,936,7,7,50
2036,122,3,172,5,941,2,1,50
2037,122,3,173,8,949,6,3,80
2038,122,3,174,2,951,3,3,20
2039,122,3,175,5,956,3,3,50
2040,122,3,176,4,960,1,1,40
2041,122,3,177,8,968,3,0,80
2042,122,3,178,2,970,3,1,20
2043,122,3,179,9,979,6,1,90
2044,122,3,180,7,986,10,10,70
2045,122,3,181,5,991,3,1,50
2046,122,3,182,6,997,6,3,60
2047,122,3,183,2,999,5,5,20
2048,122,3,184,2,1001,0,0,20
2049,122,3,185,8,1009,4,1,80
2050,122,3,186,6,1015,5,2,60
2051,122,3,187,6,1021,8,3,60
2052,122,3,188,5,1026,8,8,50
2053,122,3,189,5,1031,1,0,50
2054,122,3,190,7,1038,5,2,70
2055,122,3,191,8,1046,6,6,80
2056,122,3,192,3,1049,2,0,30
2057,122,3,193,7,1056,5,2,70
2058,122,3,194,6,1062,6,6,60
2059,122,3,195,6,1068,4,2,60
2060,122,3,196,2,1070,2,0,20
2061,122,3,197,9,1079,6,6,90
2062,122,3,198,7,1086,3,1,70
2063,122,3,199,7,1093,4,0,70
2064,122,3,200,5,1098,7,3,50
2065,122,3,201,7,1105,8,3,70
2066,122,3,202,6,1111,8,4,60
2067,122,3,203,5,1116,8,8,50
2068,122,3,204,4,1120,1,0,40
2069,122,3,205,2,1122,2,0,20
2070,122,3,206,9,1131,8,4,90
2071,122,3,207,2,1133,6,3,20
2072,122,3,208,3,1136,5,2,30
2073,122,3,209,3,1139,3,3,30
2074,122,3,210,4,1143,0,0,40
2075,122,3,211,8,1151,4,1,80
2076,122,3,212,9,1160,8,1,90
2077,122,3,213,9,1169,11,6,90
2078,122,3,214,5,1174,7,7,50
2079,122,3,215,7,1181,0,0,70
2080,122,3,216,9,1190,6,2,90
2081,122,3,217,8,1198,8,8,80
2082,122,3,218,4,1202,3,0,40
2083,122,3,219,3,1205,4,1,30
2084,122,3,220,4,1209,10,3,40
2085,122,3,221,4,1213,9,3,40
2086,122,3,222,5,1218,8,2,50
2087,122,3,223,7,1225,9,5,70
2088,122,3,224,4,1229,10,10,40
2089,122,3,225,3,1232,0,0,30
2090,122,3,226,6,1238,4,1,60
2091,122,3,227,9,1247,8,4,90
2092,122,3,228,3,1250,5,2,30
2093,122,3,229,3,1253,5,1,30
2094,122,3,230,7,1260,8,6,70
2095,122,3,231,5,1265,6,2,50
2096,122,3,232,8,1273,6,2,80
2097,122,3,233,8,1281,8,1,80
2098,122,3,234,6,1287,9,4,60
2099,122,3,235,7,1294,6,6,70
2100,122,3,236,8,1302,8,8,80
2101,122,3,237,8,1310,1,0,80
2102,122,3,238,6,1316,5,1,60
2103,122,3,239,3,1319,4,1,30
2104,122,3,240,5,1324,6,1,50
2105,122,3,241,4,1328,8,3,40
2106,122,3,242,4,1332,6,6,40
2107,122,3,243,3,1335,2,0,30
2108,122,3,244,6,1341,7,4,60
2109,122,3,245,4,1345,4,1,40
2110,122,3,246,5,1350,7,4,50
2111,122,3,247,7,1357,5,2,70
2112,122,3,248,2,1359,4,2,20
2113,122,3,249,9,1368,4,4,90
2114,122,3,250,8,1376,6,6,80
2115,122,3,251,4,1380,0,0,40
2116,122,3,252,9,1389,5,5,90
2117,122,3,253,5,1394,4,4,50
2118,122,3,254,3,1397,0,0,30
2119,122,3,255,8,1405,6,6,80
2120,122,3,256,3,1408,1,0,30
2121,122,3,257,7,1415,4,1,70
2122,122,3,258,6,1421,8,8,60
2123,122,3,259,4,1425,2,1,40
2124,122,3,260,3,1428,1,0,30
2125,122,3,261,4,1432,3,0,40
2126,122,3,262,6,1438,5,5,60
2127,122,3,263,2,1440,2,2,20
2128,122,3,264,8,1448,6,1,80
2129,122,3,265,6,1454,7,2,60
2130,122,3,266,3,1457,7,7,30
2131,122,3,267,2,1459,2,2,20
2132,122,3,268,9,1468,9,9,90
2133,122,3,269,4,1472,2,0,40
2134,122,3,270,4,1476,4,4,40
2135,122,3,271,4,1480,3,3,40
2136,122,3,272,2,1482,3,1,20
2137,122,3,273,3,1485,2,1,30
2138,122,3,274,4,1489,3,3,40
2139,122,3,275,8,1497,4,1,80
2140,122,3,276,7,1504,8,8,70
2141,122,3,277,5,1509,8,8,50
2142,122,3,278,2,1511,1,1,20
2143,122,3,279,7,1518,3,3,70
2144,122,3,280,3,1521,1,0,30
2145,122,3,281,6,1527,3,3,60
2146,122,3,282,5,1532,2,2,50
2147,122,3,283,5,1537,2,1,50
2148,122,3,284,2,1539,2,1,20
2149,122,3,285,3,1542,4,2,30
2150,122,3,286,9,1551,5,5,90
2151,122,3,287,5,1556,3,2,50
2152,122,3,288,2,1558,2,2,20
2153,122,3,289,3,1561,0,0,30
2154,122,3,290,5,1566,3,1,50
2155,122,3,291,8,1574,6,1,80
2156,122,3,292,4,1578,6,2,40
2157,122,3,293,2,1580,4,4,20
2158,122,3,294,4,1584,1,1,40
2159,122,3,295,9,1593,3,1,90
2160,122,3,296,6,1599,5,0,60
2161,122,3,297,5,1604,6,6,50
2162,122,3,298,4,1608,5,5,40
2163,122,3,299,6,1614,4,1,60
2164,122,3,300,4,1618,5,2,40
2165,122,3,301,4,1622,4,2,40
2166,122,3,302,2,1624,2,1,20
2167,122,3,303,5,1629,2,0,50
2168,122,3,304,8,1637,7,4,80
2169,122,3,305,4,1641,3,0,40
2170,122,3,306,5,1646,5,5,50
2171,122,3,307,4,1650,0,0,40
2172,122,3,308,8,1658,3,2,80
2173,122,3,309,5,1663,3,1,50
2174,122,3,310,5,1668,2,0,50
2175,122,3,311,7,1675,5,5,70
2176,122,3,312,2,1677,1,1,20
2177,122,3,313,2,1679,0,0,20
2178,122,3,314,6,1685,4,2,60
2179,122,3,315,4,1689,3,3,40
2180,122,3,316,6,1695,1,0,60
2181,122,3,317,4,1699,3,1,40
2182,122,3,318,5,1704,3,1,50
2183,122,3,319,7,1711,5,5,70
2184,122,3,320,9,1720,7,7,90
2185,122,3,321,8,1728,5,0,80
2186,122,3,322,4,1732,8,4,40
2187,122,3,323,5,1737,5,5,50
2188,122,3,324,9,1746,3,3,90
2189,122,3,325,6,1752,2,1,60
2190,122,3,326,7,1759,4,0,70
2191,122,3,327,3,1762,6,3,30
2192,122,3,328,4,1766,6,3,40
2193,122,3,329,4,1770,4,0,40
2194,122,3,330,3,1773,4,1,30
2195,122,3,331,6,1779,6,2,60
2196,122,3,332,6,1785,7,3,60
2197,122,3,333,4,1789,10,4,40
2198,122,3,334,7,1796,8,3,70
2199,122,3,335,9,1805,12,2,90
2200,122,3,336,7,1812,12,5,70
2201,122,3,337,5,1817,9,3,50
2202,122,3,338,7,1824,10,10,70
2203,122,3,339,4,1828,2,2,40
2204,122,3,340,5,1833,3,2,50
2205,122,3,341,6,1839,4,2,60
2206,122,3,342,4,1843,5,5,40
2207,122,3,343,9,1852,1,0,90
2208,122,3,344,2,1854,1,0,20
2209,122,3,345,8,1862,9,2,80
2210,122,3,346,5,1867,10,4,50
2211,122,3,347,8,1875,10,5,80
2212,122,3,348,8,1883,6,6,80
2213,122,3,349,5,1888,0,0,50
2214,122,3,350,5,1893,4,1,50
2215,122,3,351,5,1898,5,5,50
2216,122,3,352,3,1901,0,0,30
2217,122,3,353,4,1905,0,0,40
2218,122,3,354,7,1912,4,1,70
2219,122,3,355,9,1921,7,2,90
2220,122,3,356,8,1929,11,11,80
2221,122,3,357,7,1936,3,0,70
2222,122,3,358,9,1945,7,3,90
2223,122,3,359,5,1950,7,7,50
2224,122,3,360,7,1957,2,2,70
2225,122,3,361,3,1960,2,1,30
2226,122,3,362,5,1965,5,1,50
2227,122,3,363,9,1974,9,2,90
2228,122,3,364,9,1983,10,10,90
2229,122,3,365,5,1988,2,2,50
2230,122,3,366,8,1996,4,4,80
2231,122,3,367,5,2001,7,1,50
2232,122,3,368,3,2004,7,7,30
2233,122,3,369,2,2006,0,0,20
2234,122,3,370,3,2009,3,3,30
2235,122,3,371,5,2014,2,0,50
2236,122,3,372,7,2021,7,2,70
2237,122,3,373,7,2028,9,1,70
2238,122,3,374,6,2034,14,3,60
2239,122,3,375,4,2038,16,16,40
2240,122,3,376,5,2043,4,1,50
2241,122,3,377,2,2045,3,3,20
2242,122,3,378,3,2048,4,1,30
2243,122,3,379,7,2055,5,1,70
2244,122,3,380,5,2060,7,4,50
2245,122,3,381,9,2069,4,1,90
2246,122,3,382,4,2073,4,2,40
2247,122,3,383,2,2075,3,3,20
2248,122,3,384,6,2081,7,4,60
2249,122,3,385,3,2084,6,6,30
2250,122,3,386,9,2093,3,3,90
2251,122,3,387,2,2095,4,4,20
2252,122,3,388,9,2104,5,5,90
2253,122,3,389,8,2112,5,2,80
2254,122,3,390,5,2117,3,2,50
2255,122,3,391,9,2126,6,2,90
2256,122,3,392,2,2128,5,5,20
2257,122,3,393,3,2131,1,1,30
2258,122,3,394,6,2137,1,0,60
2259,122,3,395,8,2145,4,1,80
2260,122,3,396,5,2150,4,4,50
2261,122,3,397,5,2155,3,3,50
2262,122,3,398,6,2161,2,2,60
2263,122,3,399,7,2168,5,1,70
2264,122,3,400,5,2173,5,2,50
2265,122,3,401,8,2181,7,1,80
2266,122,3,402,6,2187,12,7,60
2267,122,3,403,8,2195,9,2,80
2268,122,3,404,2,2197,8,3,20
2269,122,3,405,2,2199,5,2,20
2270,122,3,406,6,2205,5,5,60
2271,122,3,407,8,2213,2,2,80
2272,122,3,408,9,2222,7,7,90
2273,122,3,409,2,2224,1,1,20
2274,122,3,410,2,2226,1,0,20
2275,122,3,411,8,2234,7,7,80
2276,122,3,412,8,2242,5,1,80
2277,122,3,413,6,2248,9,9,60
2278,122,3,414,8,2256,4,1,80
2279,122,3,415,9,2265,6,6,90
2280,122,3,416,8,2273,0,0,80
2281,122,3,417,9,2282,3,3,90
2282,122,3,418,3,2285,0,0,30
2283,122,3,419,7,2292,1,0,70
2284,122,3,420,5,2297,2,0,50
2285,122,3,421,7,2304,7,7,70
2286,122,3,422,8,2312,5,5,80
2287,122,3,423,2,2314,1,0,20
2288,122,3,424,6,2320,3,3,60
2289,122,3,425,7,2327,3,0,70
2290,122,3,426,5,2332,8,8,50
2291,122,3,427,3,2335,2,1,30
2292,122,3,428,9,2344,8,8,90
2293,122,3,429,8,2352,4,1,80
2294,122,3,430,7,2359,5,5,70
2295,122,3,431,5,2364,2,2,50
2296,122,3,432,8,2372,8,3,80
2297,122,3,433,4,2376,5,3,40
2298,122,3,434,3,2379,3,2,30
2299,122,3,435,4,2383,3,0,40
2300,122,3,436,3,2386,5,0,30
2301,122,3,437,9,2395,10,10,90
2302,122,3,438,5,2400,3,0,50
2303,122,3,439,5,2405,3,3,50
2304,122,3,440,8,2413,4,4,80
2305,122,3,441,7,2420,5,1,70
2306,122,3,442,8,2428,7,3,80
2307,122,3,443,9,2437,9,3,90
2308,122,3,444,4,2441,8,2,40
2309,122,3,445,8,2449,6,1,80
2310,122,3,446,6,2455,7,3,60
2311,122,3,447,6,2461,6,2,60
2312,122,3,448,5,2466,5,2,50
2313,122,3,449,2,2468,3,3,20
2314,122,3,450,6,2474,6,1,60
2315,122,3,451,3,2477,9,1,30
2316,122,3,452,9,2486,13,13,90
2317,122,3,453,8,2494,2,1,80
2318,122,3,454,2,2496,2,2,20
2319,122,3,455,2,2498,1,0,20
2320,122,3,456,6,2504,4,2,60
2321,122,3,457,6,2510,4,0,60
2322,122,3,458,9,2519,11,5,90
2323,122,3,459,6,2525,13,7,60
2324,122,3,460,4,2529,10,10,40
2325,122,3,461,7,2536,1,0,70
2326,122,3,462,2,2538,2,0,20
2327,122,3,463,7,2545,5,2,70
2328,122,3,464,7,2552,5,1,70
2329,122,3,465,6,2558,9,2,60
2330,122,3,466,3,2561,8,5,30
2331,122,3,467,9,2570,9,2,90
2332,122,3,468,5,2575,9,1,50
2333,122,3,469,6,2581,9,9,60
2334,122,3,470,4,2585,5,1,40
2335,122,3,471,3,2588,5,5,30
2336,122,3,472,2,2590,1,1,20
2337,122,3,473,9,2599,8,5,90
2338,122,3,474,7,2606,8,6,70
2339,122,3,475,6,2612,4,2,60
2340,122,3,476,8,2620,7,2,80
2341,122,3,477,3,2623,7,3,30
2342,122,3,478,3,2626,8,8,30
2343,122,3,479,5,2631,2,2,50
2344,122,3,480,5,2636,1,0,50
2345,122,3,481,6,2642,9,9,60
2346,122,3,482,4,2646,4,1,40
2347,122,3,483,9,2655,8,4,90
2348,122,3,484,9,2664,11,11,90
2349,122,3,485,5,2669,2,2,50
2350,122,3,486,2,2671,1,1,20
2351,122,3,487,6,2677,5,1,60
2352,122,3,488,6,2683,6,6,60
2353,122,3,489,9,2692,7,4,90
2354,122,3,490,6,2698,3,0,60
2355,122,3,491,8,2706,4,2,80
2356,122,3,492,7,2713,3,3,70
2357,122,3,493,3,2716,1,1,30
2358,122,3,494,5,2721,5,5,50
2359,122,3,495,2,2723,0,0,20
2360,122,3,496,7,2730,6,2,70
2361,122,3,497,4,2734,4,4,40
2362,122,3,498,5,2739,4,4,50
2363,122,3,499,3,2742,2,2,30
2364,122,3,500,5,2747,2,0,50
2365,122,3,501,5,2752,2,1,50
2366,122,3,502,3,2755,2,0,30
2367,122,3,503,5,2760,6,3,50
2368,122,3,504,4,2764,6,1,40
2369,122,3,505,4,2768,8,3,40
2370,122,3,506,7,2775,8,8,70
2371,122,3,507,8,2783,5,2,80
2372,122,3,508,9,2792,9,9,90
2373,122,3,509,4,2796,2,0,40
2374,122,3,510,9,2805,6,3,90
2375,122,3,511,2,2807,5,2,20
2376,122,3,512,3,2810,4,4,30
2377,122,3,513,2,2812,1,0,20
2378,122,3,514,2,2814,1,0,20
2379,122,3,515,3,2817,2,0,30
2380,122,3,516,3,2820,4,2,30
2381,122,3,517,5,2825,7,2,50
2382,122,3,518,9,2834,11,11,90
2383,122,3,519,4,2838,4,4,40
2384,122,3,520,4,2842,1,0,40
2385,122,3,521,6,2848,3,3,60
2386,122,3,522,9,2857,5,5,90
2387,122,3,523,6,2863,3,1,60
2388,122,3,524,3,2866,3,0,30
2389,122,3,525,6,2872,6,2,60
2390,122,3,526,7,2879,9,2,70
2391,122,3,527,4,2883,9,1,40
2392,122,3,528,5,2888,11,11,50
2393,122,3,529,8,2896,2,2,80
2394,122,3,530,9,2905,5,5,90
2395,122,3,531,9,2914,4,4,90
2396,122,3,532,3,2917,2,2,30
2397,122,3,533,8,2925,2,0,80
2398,122,3,534,8,2933,5,5,80
2399,122,3,535,8,2941,5,1,80
2400,122,3,536,7,2948,10,3,70
2401,122,3,537,6,2954,10,10,60
2402,122,3,538,9,2963,2,1,90
2403,122,3,539,3,2966,2,2,30
2404,122,3,540,5,2971,4,2,50
2405,122,3,541,8,2979,6,2,80
2406,122,3,542,2,2981,7,6,20
2407,122,3,543,6,2987,3,3,60
2408,122,3,544,3,2990,0,0,30
2409,122,3,545,8,2998,3,0,80
2410,122,3,546,9,3007,7,7,90
2411,122,3,547,9,3016,5,5,90
2412,122,3,548,7,3023,2,1,70
2413,122,3,549,4,3027,2,1,40
2414,122,3,550,3,3030,4,1,30
2415,122,3,551,6,3036,9,1,60
2416,122,3,552,9,3045,11,6,90
2417,122,3,553,3,3048,7,2,30
2418,122,3,554,6,3054,7,7,60
2419,122,3,555,6,3060,4,4,60
2420,122,3,556,3,3063,0,0,30
2421,122,3,557,9,3072,3,3,90
2422,122,3,558,8,3080,2,0,80
2423,122,3,559,5,3085,4,4,50
2424,122,3,560,9,3094,7,7,90
2425,122,3,561,3,3097,0,0,30
2426,122,3,562,8,3105,0,0,80
2427,122,3,563,2,3107,1,1,20
2428,122,3,564,3,3110,0,0,30
2429,122,3,565,8,3118,4,4,80
2430,122,3,566,6,3124,1,0,60
2431,122,3,567,9,3133,5,2,90
2432,122,3,568,4,3137,4,1,40
2433,122,3,569,8,3145,6,6,80
2434,122,3,570,5,3150,3,3,50
2435,122,3,571,8,3158,4,1,80
2436,122,3,572,4,3162,5,3,40
2437,122,3,573,2,3164,3,1,20
2438,122,3,574,2,3166,3,3,20
2439,122,3,575,3,3169,1,0,30
2440,122,3,576,8,3177,7,5,80
2441,122,3,577,5,3182,3,1,50
2442,122,3,578,5,3187,4,4,50
2443,122,3,579,6,3193,1,0,60
2444,122,3,580,4,3197,6,3,40
2445,122,3,581,4,3201,3,3,40
2446,122,3,582,4,3205,4,3,40
2447,122,3,583,5,3210,5,5,50
2448,122,3,584,9,3219,5,2,90
2449,122,3,585,4,3223,8,0,40
2450,122,3,586,7,3230,12,3,70
2451,122,3,587,9,3239,13,13,90
2452,122,3,588,4,3243,2,0,40
2453,122,3,589,6,3249,10,3,60
2454,122,3,590,7,3256,11,4,70
2455,122,3,591,6,3262,9,9,60
2456,122,3,592,5,3267,1,1,50
2457,122,3,593,7,3274,3,3,70
2458,122,3,594,2,3276,4,0,20
2459,122,3,595,7,3283,6,3,70
2460,122,3,596,4,3287,4,4,40
2461,122,3,597,5,3292,3,1,50
2462,122,3,598,7,3299,6,6,70
2463,122,3,599,8,3307,2,0,80
2464,122,3,600,5,3312,3,2,50
2465,122,3,601,3,3315,5,5,30
2466,122,3,602,2,3317,1,1,20
2467,122,3,603,5,3322,1,0,50
2468,122,3,604,2,3324,5,5,20
2469,122,3,605,2,3326,1,1,20
2470,122,3,606,5,3331,0,0,50
2471,122,3,607,6,3337,5,2,60
2472,122,3,608,5,3342,5,2,50
2473,122,3,609,3,3345,6,3,30
2474,122,3,610,8,3353,7,7,80
2475,122,3,611,6,3359,5,1,60
2476,122,3,612,3,3362,4,3,30
2477,122,3,613,3,3365,6,6,30
2478,122,3,614,8,3373,1,0,80
2479,122,3,615,2,3375,1,0,20
2480,122,3,616,3,3378,3,0,30
2481,122,3,617,2,3380,6,3,20
2482,122,3,618,6,3386,4,4,60
2483,122,3,619,4,3390,1,0,40
2484,122,3,620,8,3398,5,2,80
2485,122,3,621,4,3402,6,3,40
2486,122,3,622,5,3407,7,7,50
2487,122,3,623,5,3412,9,9,50
2488,122,3,624,7,3419,6,1,70
2489,122,3,625,6,3425,10,2,60
2490,122,3,626,5,3430,9,5,50
2491,122,3,627,6,3436,5,5,60
2492,122,3,628,3,3439,0,0,30
2493,122,3,629,2,3441,1,0,20
2494,122,3,630,2,3443,2,1,20
2495,122,3,631,8,3451,8,4,80
2496,122,3,632,3,3454,4,4,30
2497,122,3,633,2,3456,1,0,20
2498,122,3,634,2,3458,3,3,20
2499,122,3,635,4,3462,2,1,40
2500,122,3,636,2,3464,2,2,20
2501,122,3,637,9,3473,6,6,90
2502,122,3,638,9,3482,4,1,90
2503,122,3,639,9,3491,4,4,90
2504,122,3,640,5,3496,1,0,50
2505,122,3,641,8,3504,4,0,80
2506,122,3,642,8,3512,7,2,80
2507,122,3,643,5,3517,5,5,50
2508,122,3,644,5,3522,5,1,50
2509,122,3,645,8,3530,8,4,80
2510,122,3,646,6,3536,9,7,60
2511,122,3,647,3,3539,3,0,30
2512,122,3,648,2,3541,7,2,20
2513,122,3,649,6,3547,8,2,60
2514,122,3,650,9,3556,8,2,90
2515,122,3,651,6,3562,9,4,60
2516,122,3,652,6,3568,10,5,60
2517,122,3,653,3,3571,9,3,30
2518,122,3,654,5,3576,10,4,50
2519,122,3,655,8,3584,8,0,80
2520,122,3,656,9,3593,10,10,90
2521,122,3,657,5,3598,0,0,50
2522,122,3,658,4,3602,2,2,40
2523,122,3,659,4,3606,4,4,40
2524,122,3,660,8,3614,3,3,80
2525,122,3,661,3,3617,0,0,30
2526,122,3,662,5,3622,1,1,50
2527,122,3,663,5,3627,6,6,50
2528,122,3,664,8,3635,4,1,80
2529,122,3,665,4,3639,5,5,40
2530,122,3,666,6,3645,1,0,60
2531,122,3,667,6,3651,2,2,60
2532,122,3,668,4,3655,0,0,40
2533,122,3,669,4,3659,1,1,40
2534,122,3,670,7,3666,2,1,70
2535,122,3,671,3,3669,2,0,30
2536,122,3,672,7,3676,5,1,70
2537,122,3,673,6,3682,7,1,60
2538,122,3,674,9,3691,9,9,90
2539,122,3,675,2,3693,1,0,20
2540,122,3,676,6,3699,6,6,60
2541,122,3,677,9,3708,6,6,90
2542,122,3,678,3,3711,1,1,30
2543,122,3,679,7,3718,3,0,70
2544,122,3,680,7,3725,6,6,70
2545,122,3,681,3,3728,2,1,30
2546,122,3,682,9,3737,7,2,90
2547,122,3,683,9,3746,12,5,90
2548,122,3,684,8,3754,11,11,80
2549,122,3,685,2,3756,0,0,20
2550,122,3,686,8,3764,4,4,80
2551,122,3,687,5,3769,1,0,50
2552,122,3,688,4,3773,2,2,40
2553,122,3,689,9,3782,6,2,90
2554,122,3,690,8,3790,7,7,80
2555,122,3,691,9,3799,3,1,90
2556,122,3,692,8,3807,6,3,80
2557,122,3,693,9,3816,4,2,90
2558,122,3,694,7,3823,4,4,70
2559,122,3,695,5,3828,5,3,50
2560,122,3,696,8,3836,5,1,80
2561,122,3,697,5,3841,6,0,50
2562,122,3,698,8,3849,9,3,80
2563,122,3,699,8,3857,13,13,80
2564,122,3,700,5,3862,2,2,50
2565,122,3,701,3,3865,4,1,30
2566,122,3,702,3,3868,7,2,30
2567,122,3,703,7,3875,8,3,70
2568,122,3,704,4,3879,6,6,40
2569,122,3,705,2,3881,2,1,20
2570,122,3,706,7,3888,4,0,70
2571,122,3,707,5,3893,5,1,50
2572,122,3,708,9,3902,12,1,90
2573,122,3,709,4,3906,14,14,40
2574,122,3,710,3,3909,1,1,30
2575,122,3,711,5,3914,1,1,50
2576,122,3,712,2,3916,0,0,20
2577,122,3,713,3,3919,3,3,30
2578,122,3,714,9,3928,5,3,90
2579,122,3,715,2,3930,5,2,20
2580,122,3,716,5,3935,4,2,50
2581,122,3,717,6,3941,8,8,60
2582,122,3,718,3,3944,2,2,30
2583,122,3,719,4,3948,2,2,40
2584,122,3,720,9,3957,8,2,90
2585,122,3,721,3,3960,10,2,30
2586,122,3,722,6,3966,10,3,60
2587,122,3,723,7,3973,10,5,70
2588,122,3,724,8,3981,11,4,80
2589,122,3,725,6,3987,13,4,60
2590,122,3,726,5,3992,13,1,50
2591,122,3,727,4,3996,12,12,40
2592,122,3,728,6,4002,5,5,60
2593,122,3,729,3,4005,0,0,30
2594,122,3,730,6,4011,2,0,60
2595,122,3,731,8,4019,8,2,80
2596,122,3,732,2,4021,6,6,20
2597,122,3,733,9,4030,4,4,90
2598,122,3,734,3,4033,3,0,30
2599,122,3,735,4,4037,4,4,40
2600,122,3,736,3,4040,1,1,30
2601,122,3,737,8,4048,3,0,80
2602,122,3,738,2,4050,3,3,20
2603,122,3,739,3,4053,0,0,30
2604,122,3,740,8,4061,1,0,80
2605,122,3,741,8,4069,6,6,80
2606,122,3,742,6,4075,0,0,60
2607,122,3,743,2,4077,2,0,20
2608,122,3,744,6,4083,4,4,60
2609,122,3,745,5,4088,2,2,50
2610,122,3,746,4,4092,3,0,40
2611,122,3,747,2,4094,5,2,20
2612,122,3,748,8,4102,7,7,80
2613,122,3,749,6,4108,3,1,60
2614,122,3,750,7,4115,2,1,70
2615,122,3,751,5,4120,1,0,50
2616,122,3,752,7,4127,1,0,70
2617,122,3,753,5,4132,1,1,50
2618,122,3,754,9,4141,6,2,90
2619,122,3,755,4,4145,6,3,40
2620,122,3,756,4,4149,3,0,40
2621,122,3,757,7,4156,5,5,70
2622,122,3,758,4,4160,2,2,40
2623,122,3,759,8,4168,8,4,80
2624,122,3,760,4,4172,5,1,40
2625,122,3,761,8,4180,8,5,80
2626,122,3,762,2,4182,4,2,20
2627,122,3,763,3,4185,3,3,30
2628,122,3,764,2,4187,0,0,20
2629,122,3,765,4,4191,1,1,40
2630,122,3,766,8,4199,6,1,80
2631,122,3,767,6,4205,7,7,60
2632,122,3,768,3,4208,3,0,30
2633,122,3,769,6,4214,5,5,60
2634,122,3,770,8,4222,1,0,80
2635,122,3,771,5,4227,4,0,50
2636,122,3,772,6,4233,7,7,60
2637,122,3,773,8,4241,3,0,80
2638,122,3,774,7,4248,12,5,70
2639,122,3,775,3,4251,8,8,30
2640,122,3,776,5,4256,0,0,50
2641,122,3,777,4,4260,0,0,40
2642,122,3,778,7,4267,2,0,70
2643,122,3,779,2,4269,2,1,20
2644,122,3,780,6,4275,4,4,60
2645,122,3,781,3,4278,1,0,30
2646,122,3,782,7,4285,1,0,70
2647,122,3,783,6,4291,4,4,60
2648,122,3,784,5,4296,2,2,50
2649,122,3,785,6,4302,3,0,60
2650,122,3,786,3,4305,5,5,30
2651,122,3,787,6,4311,3,3,60
2652,122,3,788,5,4316,4,0,50
2653,122,3,789,4,4320,6,6,40
2654,122,3,790,2,4322,0,0,20
2655,122,3,791,2,4324,1,1,20
2656,122,3,792,2,4326,0,0,20
2657,122,3,793,2,4328,1,0,20
2658,122,3,794,6,4334,1,0,60
2659,122,3,795,6,4340,4,2,60
2660,122,3,796,5,4345,9,9,50
2661,122,3,797,9,4354,4,4,90
2662,122,3,798,6,4360,2,0,60
2663,122,3,799,3,4363,4,2,30
2664,122,3,800,8,4371,7,7,80
2665,122,3,801,9,4380,8,8,90
2666,122,3,802,2,4382,1,0,20
2667,122,3,803,8,4390,3,3,80
2668,122,3,804,6,4396,1,0,60
2669,122,3,805,2,4398,3,2,20
2670,122,3,806,2,4400,1,0,20
2671,122,3,807,3,4403,4,0,30
2672,122,3,808,7,4410,6,1,70
2673,122,3,809,3,4413,7,2,30
2674,122,3,810,4,4417,7,2,40
2675,122,3,811,7,4424,8,1,70
2676,122,3,812,9,4433,8,8,90
2677,122,3,813,2,4435,5,5,20
2678,122,3,814,6,4441,4,3,60
2679,122,3,815,8,4449,4,4,80
2680,122,3,816,9,4458,7,7,90
2681,122,3,817,3,4461,2,0,30
2682,122,3,818,8,4469,7,7,80
2683,122,3,819,9,4478,6,6,90
2684,122,3,820,8,4486,1,1,80
2685,122,3,821,6,4492,2,1,60
2686,122,3,822,4,4496,3,1,40
2687,122,3,823,9,4505,9,3,90
2688,122,3,824,7,4512,10,6,70
2689,122,3,825,8,4520,8,3,80
2690,122,3,826,6,4526,8,2,60
2691,122,3,827,6,4532,10,6,60
2692,122,3,828,2,4534,5,2,20
2693,122,3,829,2,4536,4,1,20
2694,122,3,830,4,4540,4,0,40
2695,122,3,831,3,4543,6,6,30
2696,122,3,832,5,4548,3,0,50
2697,122,3,833,8,4556,8,8,80
2698,122,3,834,7,4563,6,6,70
2699,122,3,835,6,4569,2,2,60
2700,122,3,836,5,4574,4,1,50
2701,122,3,837,2,4576,4,1,20
2702,122,3,838,8,4584,5,2,80
2703,122,3,839,3,4587,4,1,30
2704,122,3,840,7,4594,9,4,70
2705,122,3,841,2,4596,9,2,20
2706,122,3,842,2,4598,7,2,20
2707,122,3,843,7,4605,6,0,70
2708,122,3,844,6,4611,9,2,60
2709,122,3,845,9,4620,9,9,90
2710,122,3,846,7,4627,3,2,70
2711,122,3,847,9,4636,4,1,90
2712,122,3,848,2,4638,3,2,20
2713,122,3,849,4,4642,6,6,40
2714,122,3,850,3,4645,1,0,30
2715,122,3,851,4,4649,2,0,40
2716,122,3,852,2,4651,4,2,20
2717,122,3,853,6,4657,6,6,60
2718,122,3,854,5,4662,1,1,50
2719,122,3,855,9,4671,2,2,90
2720,122,3,856,2,4673,0,0,20
2721,122,3,857,8,4681,7,7,80
2722,122,3,858,9,4690,4,2,90
2723,122,3,859,8,4698,3,3,80
2724,122,3,860,7,4705,2,2,70
2725,122,3,861,3,4708,1,0,30
2726,122,3,862,3,4711,3,3,30
2727,122,3,863,2,4713,0,0,20
2728,122,3,864,7,4720,0,0,70
2729,122,3,865,4,4724,3,0,40
2730,122,3,866,2,4726,6,3,20
2731,122,3,867,4,4730,6,5,40
2732,122,3,868,3,4733,1,0,30
2733,122,3,869,8,4741,3,3,80
2734,122,3,870,3,4744,2,1,30
2735,122,3,871,2,4746,3,0,20
2736,122,3,872,8,4754,7,7,80
2737,122,3,873,4,4758,3,3,40
2738,122,3,874,5,4763,2,0,50
2739,122,3,875,9,4772,4,4,90
2740,122,3,876,3,4775,1,0,30
2741,122,3,877,5,4780,3,3,50
2742,122,3,878,3,4783,0,0,30
2743,122,3,879,3,4786,0,0,30
2744,122,3,880,6,4792,3,2,60
2745,122,3,881,8,4800,3,1,80
2746,122,3,882,7,4807,6,1,70
2747,122,3,883,5,4812,9,3,50
2748,122,3,884,9,4821,8,5,90
2749,122,3,885,7,4828,10,6,70
2750,122,3,886,2,4830,4,1,20
2751,122,3,887,2,4832,3,3,20
2752,122,3,888,9,4841,4,4,90
2753,122,3,889,8,4849,0,0,80
2754,122,3,890,3,4852,0,0,30
2755,122,3,891,9,4861,2,2,90
2756,122,3,892,3,4864,0,0,30
2757,122,3,893,3,4867,2,0,30
2758,122,3,894,3,4870,5,5,30
2759,122,3,895,5,4875,4,1,50
2760,122,3,896,7,4882,3,0,70
2761,122,3,897,4,4886,7,7,40
2762,122,3,898,2,4888,0,0,20
2763,122,3,899,4,4892,1,1,40
2764,122,3,900,6,4898,1,0,60
2765,122,3,901,3,4901,4,4,30
2766,122,3,902,4,4905,4,2,40
2767,122,3,903,4,4909,4,4,40
2768,122,3,904,6,4915,3,0,60
2769,122,3,905,5,4920,5,5,50
2770,122,3,906,7,4927,4,3,70
2771,122,3,907,8,4935,5,3,80
2772,122,3,908,6,4941,6,6,60
2773,122,3,909,6,4947,3,0,60
2774,122,3,910,3,4950,4,2,30
2775,122,3,911,8,4958,5,5,80
2776,122,3,912,5,4963,2,1,50
2777,122,3,913,5,4968,2,0,50
2778,122,3,914,3,4971,2,0,30
2779,122,3,915,9,4980,11,11,90
2780,122,3,916,5,4985,3,1,50
2781,122,3,917,8,4993,5,1,80
2782,122,3,918,2,4995,5,1,20
2783,122,3,919,4,4999,7,1,40
