,Scenario,Trial,Inspection,Interval,Time,Accumulation,Defects,Rate
0,11,1,1,8,8,0,0,80
1,11,1,2,8,16,8,3,80
2,11,1,3,5,21,9,3,50
3,11,1,4,5,26,7,6,50
4,11,1,5,7,33,3,1,70
5,11,1,6,4,37,4,0,40
6,11,1,7,3,40,6,1,30
7,11,1,8,8,48,9,3,80
8,11,1,9,2,50,6,3,20
9,11,1,10,5,55,5,1,50
10,11,1,11,4,59,7,3,40
11,11,1,12,4,63,6,6,40
12,11,1,13,6,69,5,1,60
13,11,1,14,4,73,6,2,40
14,11,1,15,9,82,7,3,90
15,11,1,16,2,84,7,4,20
16,11,1,17,9,93,12,8,90
17,11,1,18,9,102,9,3,90
18,11,1,19,2,104,7,4,20
19,11,1,20,4,108,4,2,40
20,11,1,21,8,116,4,1,80
21,11,1,22,5,121,4,2,50
22,11,1,23,7,128,6,4,70
23,11,1,24,6,134,3,1,60
24,11,1,25,3,137,4,2,30
25,11,1,26,9,146,7,2,90
26,11,1,27,4,150,8,5,40
27,11,1,28,4,154,5,1,40
28,11,1,29,7,161,7,7,70
29,11,1,30,2,163,0,0,20
30,11,1,31,2,165,1,0,20
31,11,1,32,8,173,4,1,80
32,11,1,33,7,180,6,2,70
33,11,1,34,3,183,8,4,30
34,11,1,35,3,186,7,3,30
35,11,1,36,6,192,7,4,60
36,11,1,37,3,195,3,0,30
37,11,1,38,2,197,3,2,20
38,11,1,39,4,201,5,2,40
39,11,1,40,4,205,5,2,40
40,11,1,41,5,210,6,0,50
41,11,1,42,7,217,12,4,70
42,11,1,43,9,226,9,5,90
43,11,1,44,7,233,6,2,70
44,11,1,45,4,237,7,3,40
45,11,1,46,4,241,8,4,40
46,11,1,47,8,249,10,7,80
47,11,1,48,8,257,8,3,80
48,11,1,49,2,259,5,2,20
49,11,1,50,3,262,4,2,30
50,11,1,51,2,264,2,0,20
51,11,1,52,8,272,5,1,80
52,11,1,53,7,279,8,6,70
53,11,1,54,8,287,5,4,80
54,11,1,55,5,292,6,2,50
55,11,1,56,7,299,6,2,70
56,11,1,57,9,308,6,2,90
57,11,1,58,8,316,6,1,80
58,11,1,59,6,322,8,4,60
59,11,1,60,2,324,5,2,20
60,11,1,61,4,328,4,1,40
61,11,1,62,3,331,3,1,30
62,11,1,63,3,334,2,0,30
63,11,1,64,2,336,4,2,20
64,11,1,65,2,338,2,1,20
65,11,1,66,4,342,4,2,40
66,11,1,67,5,347,4,1,50
67,11,1,68,7,354,5,1,70
68,11,1,69,5,359,5,2,50
69,11,1,70,6,365,9,7,60
70,11,1,71,8,373,6,2,80
71,11,1,72,6,379,8,4,60
72,11,1,73,3,382,5,3,30
73,11,1,74,5,387,4,1,50
74,11,1,75,3,390,5,4,30
75,11,1,76,4,394,3,1,40
76,11,1,77,9,403,6,4,90
77,11,1,78,6,409,4,1,60
78,11,1,79,5,414,5,5,50
79,11,1,80,5,419,3,1,50
80,11,1,81,6,425,6,2,60
81,11,1,82,9,434,6,2,90
82,11,1,83,2,436,4,3,20
83,11,1,84,7,443,3,1,70
84,11,1,85,8,451,4,2,80
85,11,1,86,8,459,7,2,80
86,11,1,87,5,464,7,2,50
87,11,1,88,2,466,7,4,20
88,11,1,89,2,468,7,7,20
89,11,1,90,6,474,3,0,60
90,11,1,91,6,480,7,4,60
91,11,1,92,9,489,5,1,90
92,11,1,93,9,498,8,6,90
93,11,1,94,3,501,3,0,30
94,11,1,95,3,504,4,2,30
95,11,1,96,7,511,3,1,70
96,11,1,97,6,517,3,0,60
97,11,1,98,7,524,4,3,70
98,11,1,99,2,526,3,2,20
99,11,1,100,7,533,8,4,70
100,11,1,101,6,539,7,2,60
101,11,1,102,3,542,6,3,30
102,11,1,103,6,548,7,1,60
103,11,1,104,5,553,6,2,50
104,11,1,105,7,560,9,3,70
105,11,1,106,2,562,6,2,20
106,11,1,107,2,564,4,2,20
107,11,1,108,7,571,5,5,70
108,11,1,109,2,573,0,0,20
109,11,1,110,9,582,3,1,90
110,11,1,111,8,590,6,2,80
111,11,1,112,2,592,4,1,20
112,11,1,113,2,594,5,2,20
113,11,1,114,7,601,7,3,70
114,11,1,115,4,605,4,1,40
115,11,1,116,2,607,3,1,20
116,11,1,117,2,609,3,2,20
117,11,1,118,5,614,3,1,50
118,11,1,119,3,617,4,1,30
119,11,1,120,9,626,6,3,90
120,11,1,121,8,634,6,6,80
121,11,1,122,2,636,1,0,20
122,11,1,123,6,642,9,6,60
123,11,1,124,3,645,5,1,30
124,11,1,125,5,650,9,7,50
125,11,1,126,5,655,7,3,50
126,11,1,127,8,663,11,8,80
127,11,1,128,8,671,7,2,80
128,11,1,129,2,673,7,4,20
129,11,1,130,3,676,6,4,30
130,11,1,131,4,680,6,0,40
131,11,1,132,5,685,8,1,50
132,11,1,133,9,694,13,7,90
133,11,1,134,5,699,6,4,50
134,11,1,135,7,706,4,2,70
135,11,1,136,7,713,7,2,70
136,11,1,137,4,717,7,3,40
137,11,1,138,5,722,7,2,50
138,11,1,139,7,729,9,4,70
139,11,1,140,6,735,9,2,60
140,11,1,141,6,741,14,6,60
141,11,1,142,7,748,9,7,70
142,11,1,143,9,757,6,2,90
143,11,1,144,2,759,6,4,20
144,11,1,145,2,761,3,0,20
145,11,1,146,6,767,5,3,60
146,11,1,147,4,771,5,0,40
147,11,1,148,4,775,7,4,40
148,11,1,149,8,783,5,4,80
149,11,1,150,3,786,2,1,30
150,11,1,151,9,795,4,1,90
151,11,1,152,7,802,6,3,70
152,11,1,153,2,804,5,2,20
153,11,1,154,5,809,6,2,50
154,11,1,155,9,818,10,10,90
155,11,1,156,6,824,2,0,60
156,11,1,157,5,829,5,2,50
157,11,1,158,6,835,8,3,60
158,11,1,159,6,841,7,4,60
159,11,1,160,3,844,3,1,30
160,11,1,161,2,846,2,1,20
161,11,1,162,2,848,3,0,20
162,11,1,163,8,856,6,3,80
163,11,1,164,8,864,8,4,80
164,11,1,165,9,873,6,4,90
165,11,1,166,2,875,2,0,20
166,11,1,167,5,880,5,1,50
167,11,1,168,5,885,6,2,50
168,11,1,169,2,887,5,1,20
169,11,1,170,7,894,9,5,70
170,11,1,171,7,901,10,7,70
171,11,1,172,6,907,6,3,60
172,11,1,173,7,914,5,0,70
173,11,1,174,5,919,9,5,50
174,11,1,175,2,921,5,2,20
175,11,1,176,9,930,6,4,90
176,11,1,177,8,938,5,2,80
177,11,1,178,8,946,5,2,80
178,11,1,179,3,949,5,3,30
179,11,1,180,5,954,5,3,50
180,11,1,181,9,963,6,2,90
181,11,1,182,8,971,6,6,80
182,11,1,183,2,973,0,0,20
183,11,1,184,7,980,5,1,70
184,11,1,185,5,985,7,4,50
185,11,1,186,2,987,4,1,20
186,11,1,187,6,993,6,2,60
187,11,1,188,7,1000,7,3,70
188,11,1,189,4,1004,4,1,40
189,11,1,190,9,1013,8,5,90
190,11,1,191,5,1018,8,4,50
191,11,1,192,2,1020,5,3,20
192,11,1,193,8,1028,12,7,80
193,11,1,194,9,1037,6,1,90
194,11,1,195,2,1039,6,2,20
195,11,1,196,9,1048,8,4,90
196,11,1,197,8,1056,8,3,80
197,11,1,198,8,1064,9,4,80
198,11,1,199,8,1072,6,4,80
199,11,1,200,9,1081,9,5,90
200,11,1,201,7,1088,9,6,70
201,11,1,202,3,1091,5,2,30
202,11,1,203,4,1095,6,3,40
203,11,1,204,2,1097,3,2,20
204,11,1,205,6,1103,2,1,60
205,11,1,206,2,1105,2,1,20
206,11,1,207,5,1110,4,2,50
207,11,1,208,7,1117,7,4,70
208,11,1,209,9,1126,8,3,90
209,11,1,210,6,1132,8,2,60
210,11,1,211,8,1140,11,4,80
211,11,1,212,3,1143,9,9,30
212,11,1,213,9,1152,6,1,90
213,11,1,214,2,1154,6,4,20
214,11,1,215,3,1157,4,2,30
215,11,1,216,6,1163,5,3,60
216,11,1,217,2,1165,2,0,20
217,11,1,218,5,1170,6,5,50
218,11,1,219,5,1175,2,0,50
219,11,1,220,3,1178,2,0,30
220,11,1,221,8,1186,7,2,80
221,11,1,222,3,1189,6,2,30
222,11,1,223,3,1192,4,2,30
223,11,1,224,8,1200,3,0,80
224,11,1,225,4,1204,4,3,40
225,11,1,226,4,1208,3,2,40
226,11,1,227,8,1216,4,1,80
227,11,1,228,2,1218,4,2,20
228,11,1,229,8,1226,8,4,80
229,11,1,230,4,1230,6,2,40
230,11,1,231,3,1233,6,3,30
231,11,1,232,5,1238,4,2,50
232,11,1,233,3,1241,3,0,30
233,11,1,234,6,1247,4,1,60
234,11,1,235,5,1252,4,2,50
235,11,1,236,5,1257,6,6,50
236,11,1,237,8,1265,6,2,80
237,11,1,238,3,1268,6,2,30
238,11,1,239,2,1270,6,2,20
239,11,1,240,4,1274,5,1,40
240,11,1,241,7,1281,7,1,70
241,11,1,242,5,1286,9,3,50
242,11,1,243,7,1293,9,4,70
243,11,1,244,3,1296,6,2,30
244,11,1,245,3,1299,6,3,30
245,11,1,246,9,1308,5,2,90
246,11,1,247,8,1316,5,1,80
247,11,1,248,7,1323,12,5,70
248,11,1,249,8,1331,10,7,80
249,11,1,250,7,1338,6,4,70
250,11,1,251,7,1345,4,2,70
251,11,1,252,7,1352,6,4,70
252,11,1,253,8,1360,4,1,80
253,11,1,254,9,1369,7,3,90
254,11,1,255,4,1373,6,1,40
255,11,1,256,4,1377,5,2,40
256,11,1,257,7,1384,6,2,70
257,11,1,258,9,1393,12,5,90
258,11,1,259,5,1398,9,2,50
259,11,1,260,3,1401,8,4,30
260,11,1,261,3,1404,6,2,30
261,11,1,262,4,1408,5,1,40
262,11,1,263,3,1411,4,1,30
263,11,1,264,3,1414,5,3,30
264,11,1,265,9,1423,5,2,90
265,11,1,266,6,1429,7,1,60
266,11,1,267,5,1434,7,2,50
267,11,1,268,6,1440,6,4,60
268,11,1,269,5,1445,5,3,50
269,11,1,270,2,1447,3,1,20
270,11,1,271,4,1451,4,4,40
271,11,1,272,6,1457,1,0,60
272,11,1,273,2,1459,3,0,20
273,11,1,274,5,1464,8,5,50
274,11,1,275,4,1468,5,3,40
275,11,1,276,5,1473,6,3,50
276,11,1,277,9,1482,6,3,90
277,11,1,278,2,1484,4,2,20
278,11,1,279,3,1487,6,2,30
279,11,1,280,2,1489,4,3,20
280,11,1,281,6,1495,3,1,60
281,11,1,282,8,1503,4,1,80
282,11,1,283,9,1512,11,8,90
283,11,1,284,3,1515,6,2,30
284,11,1,285,2,1517,5,2,20
285,11,1,286,8,1525,6,2,80
286,11,1,287,9,1534,8,6,90
287,11,1,288,7,1541,5,3,70
288,11,1,289,4,1545,2,0,40
289,11,1,290,9,1554,6,3,90
290,11,1,291,4,1558,5,1,40
291,11,1,292,4,1562,4,3,40
292,11,1,293,7,1569,4,2,70
293,11,1,294,5,1574,5,1,50
294,11,1,295,8,1582,12,8,80
295,11,1,296,2,1584,4,2,20
296,11,1,297,6,1590,3,1,60
297,11,1,298,2,1592,3,1,20
298,11,1,299,4,1596,3,2,40
299,11,1,300,5,1601,4,1,50
300,11,1,301,5,1606,6,4,50
301,11,1,302,3,1609,2,2,30
302,11,1,303,6,1615,2,1,60
303,11,1,304,5,1620,1,0,50
304,11,1,305,3,1623,3,1,30
305,11,1,306,9,1632,6,3,90
306,11,1,307,4,1636,6,0,40
307,11,1,308,3,1639,9,6,30
308,11,1,309,2,1641,3,1,20
309,11,1,310,8,1649,8,6,80
310,11,1,311,4,1653,2,1,40
311,11,1,312,4,1657,4,2,40
312,11,1,313,2,1659,2,2,20
313,11,1,314,7,1666,5,4,70
314,11,1,315,7,1673,4,3,70
315,11,1,316,9,1682,5,3,90
316,11,1,317,3,1685,6,4,30
317,11,1,318,2,1687,2,1,20
318,11,1,319,7,1694,3,1,70
319,11,1,320,4,1698,4,2,40
320,11,1,321,3,1701,4,3,30
321,11,1,322,2,1703,2,0,20
322,11,1,323,7,1710,3,2,70
323,11,1,324,9,1719,7,2,90
324,11,1,325,8,1727,10,4,80
325,11,1,326,8,1735,10,6,80
326,11,1,327,6,1741,6,4,60
327,11,1,328,5,1746,5,2,50
328,11,1,329,6,1752,6,2,60
329,11,1,330,3,1755,5,5,30
330,11,1,331,4,1759,3,3,40
331,11,1,332,5,1764,3,1,50
332,11,1,333,9,1773,6,2,90
333,11,1,334,9,1782,8,6,90
334,11,1,335,6,1788,5,3,60
335,11,1,336,2,1790,4,2,20
336,11,1,337,7,1797,7,4,70
337,11,1,338,4,1801,7,4,40
338,11,1,339,8,1809,7,3,80
339,11,1,340,5,1814,6,3,50
340,11,1,341,7,1821,7,3,70
341,11,1,342,4,1825,5,1,40
342,11,1,343,7,1832,6,1,70
343,11,1,344,3,1835,6,4,30
344,11,1,345,9,1844,5,2,90
345,11,1,346,9,1853,10,6,90
346,11,1,347,9,1862,5,1,90
347,11,1,348,4,1866,7,5,40
348,11,1,349,5,1871,8,4,50
349,11,1,350,6,1877,7,3,60
350,11,1,351,3,1880,6,3,30
351,11,1,352,5,1885,8,2,50
352,11,1,353,6,1891,6,2,60
353,11,1,354,6,1897,6,4,60
354,11,1,355,9,1906,8,3,90
355,11,1,356,7,1913,6,2,70
356,11,1,357,9,1922,11,4,90
357,11,1,358,3,1925,9,6,30
358,11,1,359,2,1927,3,1,20
359,11,1,360,7,1934,3,2,70
360,11,1,361,7,1941,3,1,70
361,11,1,362,6,1947,3,2,60
362,11,1,363,5,1952,2,1,50
363,11,1,364,3,1955,5,1,30
364,11,1,365,4,1959,8,4,40
365,11,1,366,3,1962,4,1,30
366,11,1,367,5,1967,8,6,50
367,11,1,368,3,1970,6,3,30
368,11,1,369,2,1972,5,2,20
369,11,1,370,4,1976,4,1,40
370,11,1,371,3,1979,6,2,30
371,11,1,372,7,1986,8,3,70
372,11,1,373,5,1991,5,2,50
373,11,1,374,8,1999,6,3,80
374,11,1,375,2,2001,4,2,20
375,11,1,376,2,2003,2,1,20
376,11,1,377,8,2011,5,2,80
377,11,1,378,6,2017,5,3,60
378,11,1,379,9,2026,8,2,90
379,11,1,380,8,2034,9,4,80
380,11,1,381,9,2043,13,3,90
381,11,1,382,4,2047,12,5,40
382,11,1,383,8,2055,9,7,80
383,11,1,384,9,2064,4,1,90
384,11,1,385,2,2066,6,2,20
385,11,1,386,3,2069,5,3,30
386,11,1,387,6,2075,3,1,60
387,11,1,388,4,2079,5,1,40
388,11,1,389,3,2082,4,1,30
389,11,1,390,2,2084,4,2,20
390,11,1,391,4,2088,3,2,40
391,11,1,392,6,2094,5,2,60
392,11,1,393,9,2103,6,3,90
393,11,1,394,2,2105,3,1,20
394,11,1,395,7,2112,4,2,70
395,11,1,396,6,2118,4,2,60
396,11,1,397,4,2122,2,1,40
397,11,1,398,8,2130,6,4,80
398,11,1,399,2,2132,3,3,20
399,11,1,400,4,2136,3,1,40
400,11,1,401,4,2140,6,4,40
401,11,1,402,8,2148,5,3,80
402,11,1,403,3,2151,4,1,30
403,11,1,404,6,2157,4,1,60
404,11,1,405,7,2164,7,3,70
405,11,1,406,2,2166,4,4,20
406,11,1,407,7,2173,2,1,70
407,11,1,408,7,2180,6,4,70
408,11,1,409,8,2188,8,1,80
409,11,1,410,5,2193,8,5,50
410,11,1,411,8,2201,7,6,80
411,11,1,412,6,2207,5,3,60
412,11,1,413,7,2214,6,5,70
413,11,1,414,4,2218,3,2,40
414,11,1,415,6,2224,6,3,60
415,11,1,416,2,2226,4,1,20
416,11,1,417,5,2231,3,2,50
417,11,1,418,9,2240,4,1,90
418,11,1,419,8,2248,8,2,80
419,11,1,420,8,2256,10,7,80
420,11,1,421,8,2264,6,3,80
421,11,1,422,6,2270,5,4,60
422,11,1,423,6,2276,7,2,60
423,11,1,424,8,2284,11,5,80
424,11,1,425,7,2291,9,5,70
425,11,1,426,3,2294,8,3,30
426,11,1,427,7,2301,9,6,70
427,11,1,428,3,2304,3,2,30
428,11,1,429,3,2307,1,0,30
429,11,1,430,3,2310,3,1,30
430,11,1,431,6,2316,3,2,60
431,11,1,432,2,2318,1,0,20
432,11,1,433,4,2322,1,0,40
433,11,1,434,5,2327,5,3,50
434,11,1,435,5,2332,3,2,50
435,11,1,436,9,2341,8,4,90
436,11,1,437,6,2347,8,6,60
437,11,1,438,8,2355,9,6,80
438,11,1,439,9,2364,7,4,90
439,11,1,440,6,2370,8,5,60
440,11,1,441,4,2374,5,3,40
441,11,1,442,9,2383,6,4,90
442,11,1,443,6,2389,3,0,60
443,11,1,444,7,2396,6,6,70
444,11,1,445,8,2404,7,3,80
445,11,1,446,2,2406,6,4,20
446,11,1,447,5,2411,7,3,50
447,11,1,448,2,2413,6,2,20
448,11,1,449,6,2419,6,3,60
449,11,1,450,6,2425,7,3,60
450,11,1,451,7,2432,6,3,70
451,11,1,452,9,2441,7,4,90
452,11,1,453,5,2446,8,4,50
453,11,1,454,3,2449,5,0,30
454,11,1,455,4,2453,10,5,40
455,11,1,456,3,2456,9,4,30
456,11,1,457,3,2459,5,1,30
457,11,1,458,8,2467,10,5,80
458,11,1,459,5,2472,7,4,50
459,11,1,460,2,2474,4,1,20
460,11,1,461,5,2479,5,0,50
461,11,1,462,4,2483,6,4,40
462,11,1,463,4,2487,4,2,40
463,11,1,464,6,2493,5,4,60
464,11,1,465,5,2498,3,2,50
465,11,1,466,2,2500,1,0,20
466,11,1,467,8,2508,3,2,80
467,11,1,468,7,2515,6,4,70
468,11,1,469,9,2524,7,4,90
469,11,1,470,7,2531,3,1,70
470,11,1,471,5,2536,6,2,50
471,11,1,472,2,2538,6,3,20
472,11,1,473,5,2543,7,4,50
473,11,1,474,8,2551,7,1,80
474,11,1,475,3,2554,7,3,30
475,11,1,476,5,2559,6,2,50
476,11,1,477,8,2567,11,3,80
477,11,1,478,9,2576,14,5,90
478,11,1,479,4,2580,10,9,40
479,11,1,480,4,2584,1,0,40
480,11,1,481,6,2590,4,2,60
481,11,1,482,3,2593,2,1,30
482,11,1,483,4,2597,4,2,40
483,11,1,484,4,2601,3,3,40
484,11,1,485,5,2606,1,0,50
485,11,1,486,2,2608,2,1,20
486,11,1,487,3,2611,2,1,30
487,11,1,488,6,2617,6,4,60
488,11,1,489,5,2622,5,3,50
489,11,1,490,4,2626,4,0,40
490,11,1,491,2,2628,5,0,20
491,11,1,492,5,2633,6,5,50
492,11,1,493,5,2638,4,4,50
493,11,1,494,6,2644,3,0,60
494,11,1,495,4,2648,4,2,40
495,11,1,496,5,2653,3,1,50
496,11,1,497,8,2661,3,1,80
497,11,1,498,9,2670,6,3,90
498,11,1,499,4,2674,9,2,40
499,11,1,500,5,2679,11,3,50
500,11,1,501,5,2684,11,7,50
501,11,1,502,9,2693,9,4,90
502,11,1,503,2,2695,6,4,20
503,11,1,504,6,2701,6,2,60
504,11,1,505,4,2705,5,3,40
505,11,1,506,2,2707,5,3,20
506,11,1,507,9,2716,5,3,90
507,11,1,508,8,2724,9,4,80
508,11,1,509,7,2731,6,3,70
509,11,1,510,8,2739,7,4,80
510,11,1,511,5,2744,3,2,50
511,11,1,512,6,2750,4,2,60
512,11,1,513,5,2755,6,0,50
513,11,1,514,7,2762,10,10,70
514,11,1,515,4,2766,3,1,40
515,11,1,516,7,2773,4,1,70
516,11,1,517,8,2781,7,4,80
517,11,1,518,2,2783,4,1,20
518,11,1,519,8,2791,9,3,80
519,11,1,520,6,2797,8,5,60
520,11,1,521,8,2805,4,2,80
521,11,1,522,7,2812,5,0,70
522,11,1,523,9,2821,8,3,90
523,11,1,524,5,2826,7,2,50
524,11,1,525,5,2831,8,4,50
525,11,1,526,8,2839,12,5,80
526,11,1,527,4,2843,7,3,40
527,11,1,528,4,2847,7,3,40
528,11,1,529,4,2851,5,3,40
529,11,1,530,6,2857,4,2,60
530,11,1,531,2,2859,2,1,20
531,11,1,532,2,2861,1,0,20
532,11,1,533,3,2864,2,1,30
533,11,1,534,3,2867,3,1,30
534,11,1,535,8,2875,4,1,80
535,11,1,536,9,2884,6,5,90
536,11,1,537,8,2892,7,3,80
537,11,1,538,3,2895,4,2,30
538,11,1,539,4,2899,4,2,40
539,11,1,540,7,2906,3,2,70
540,11,1,541,7,2913,4,3,70
541,11,1,542,5,2918,3,3,50
542,11,1,543,6,2924,2,1,60
543,11,1,544,4,2928,5,2,40
544,11,1,545,9,2937,8,5,90
545,11,1,546,6,2943,11,4,60
546,11,1,547,8,2951,10,6,80
547,11,1,548,5,2956,11,5,50
548,11,1,549,7,2963,9,7,70
549,11,1,550,2,2965,2,0,20
550,11,1,551,9,2974,8,3,90
551,11,1,552,8,2982,8,5,80
552,11,1,553,7,2989,5,2,70
553,11,1,554,4,2993,6,2,40
554,11,1,555,7,3000,8,4,70
555,11,1,556,6,3006,7,6,60
556,11,1,557,2,3008,2,2,20
557,11,1,558,7,3015,2,1,70
558,11,1,559,4,3019,4,1,40
559,11,1,560,6,3025,7,4,60
560,11,1,561,6,3031,8,6,60
561,11,1,562,7,3038,7,2,70
562,11,1,563,7,3045,11,3,70
563,11,1,564,4,3049,10,4,40
564,11,1,565,3,3052,7,4,30
565,11,1,566,3,3055,4,1,30
566,11,1,567,8,3063,8,3,80
567,11,1,568,3,3066,6,2,30
568,11,1,569,2,3068,5,3,20
569,11,1,570,8,3076,4,2,80
570,11,1,571,3,3079,8,3,30
571,11,1,572,8,3087,11,7,80
572,11,1,573,8,3095,6,1,80
573,11,1,574,4,3099,8,2,40
574,11,1,575,6,3105,7,5,60
575,11,1,576,7,3112,10,4,70
576,11,1,577,3,3115,8,5,30
577,11,1,578,5,3120,5,2,50
578,11,1,579,9,3129,11,7,90
579,11,1,580,2,3131,5,2,20
580,11,1,581,2,3133,4,3,20
581,11,1,582,4,3137,1,0,40
582,11,1,583,6,3143,6,3,60
583,11,1,584,7,3150,6,3,70
584,11,1,585,6,3156,8,4,60
585,11,1,586,9,3165,7,4,90
586,11,1,587,9,3174,8,5,90
587,11,1,588,3,3177,4,1,30
588,11,1,589,5,3182,7,3,50
589,11,1,590,2,3184,4,3,20
590,11,1,591,9,3193,6,4,90
591,11,1,592,7,3200,5,3,70
592,11,1,593,3,3203,3,2,30
593,11,1,594,4,3207,3,2,40
594,11,1,595,5,3212,3,3,50
595,11,1,596,3,3215,1,0,30
596,11,1,597,4,3219,5,4,40
597,11,1,598,3,3222,3,0,30
598,11,1,599,4,3226,5,3,40
599,11,1,600,2,3228,2,0,20
600,11,1,601,6,3234,4,1,60
601,11,1,602,5,3239,7,2,50
602,11,1,603,7,3246,12,4,70
603,11,1,604,9,3255,20,20,90
604,11,1,605,7,3262,5,1,70
605,11,1,606,3,3265,5,1,30
606,11,1,607,5,3270,5,3,50
607,11,1,608,9,3279,7,3,90
608,11,1,609,5,3284,9,6,50
609,11,1,610,9,3293,6,3,90
610,11,1,611,6,3299,4,3,60
611,11,1,612,3,3302,1,1,30
612,11,1,613,3,3305,0,0,30
613,11,1,614,3,3308,3,1,30
614,11,1,615,7,3315,10,3,70
615,11,1,616,4,3319,9,5,40
616,11,1,617,6,3325,5,2,60
617,11,1,618,2,3327,4,3,20
618,11,1,619,2,3329,1,0,20
619,11,1,620,8,3337,5,3,80
620,11,1,621,9,3346,9,4,90
621,11,1,622,9,3355,8,2,90
622,11,1,623,3,3358,7,2,30
623,11,1,624,9,3367,14,10,90
624,11,1,625,6,3373,4,1,60
625,11,1,626,7,3380,5,2,70
626,11,1,627,7,3387,7,5,70
627,11,1,628,8,3395,6,2,80
628,11,1,629,6,3401,9,6,60
629,11,1,630,7,3408,5,2,70
630,11,1,631,5,3413,5,2,50
631,11,1,632,3,3416,4,3,30
632,11,1,633,2,3418,2,1,20
633,11,1,634,3,3421,3,1,30
634,11,1,635,9,3430,6,3,90
635,11,1,636,5,3435,5,2,50
636,11,1,637,6,3441,7,2,60
637,11,1,638,3,3444,7,4,30
638,11,1,639,8,3452,8,4,80
639,11,1,640,6,3458,7,3,60
640,11,1,641,5,3463,10,10,50
641,11,1,642,2,3465,0,0,20
642,11,1,643,2,3467,1,0,20
643,11,1,644,7,3474,4,2,70
644,11,1,645,7,3481,6,4,70
645,11,1,646,7,3488,4,1,70
646,11,1,647,7,3495,6,5,70
647,11,1,648,4,3499,1,0,40
648,11,1,649,6,3505,1,0,60
649,11,1,650,3,3508,1,0,30
650,11,1,651,5,3513,2,1,50
651,11,1,652,6,3519,1,0,60
652,11,1,653,8,3527,7,3,80
653,11,1,654,6,3533,5,1,60
654,11,1,655,5,3538,4,1,50
655,11,1,656,3,3541,4,3,30
656,11,1,657,6,3547,4,2,60
657,11,1,658,3,3550,5,4,30
658,11,1,659,6,3556,7,3,60
659,11,1,660,3,3559,5,3,30
660,11,1,661,7,3566,3,3,70
661,11,1,662,3,3569,0,0,30
662,11,1,663,5,3574,1,0,50
663,11,1,664,5,3579,2,1,50
664,11,1,665,7,3586,7,4,70
665,11,1,666,4,3590,5,2,40
666,11,1,667,2,3592,5,2,20
667,11,1,668,4,3596,6,2,40
668,11,1,669,6,3602,7,4,60
669,11,1,670,5,3607,4,2,50
670,11,1,671,3,3610,3,1,30
671,11,1,672,9,3619,9,2,90
672,11,1,673,7,3626,11,6,70
673,11,1,674,2,3628,6,1,20
674,11,1,675,7,3635,10,5,70
675,11,1,676,7,3642,6,1,70
676,11,1,677,9,3651,10,7,90
677,11,1,678,3,3654,4,3,30
678,11,1,679,6,3660,1,0,60
679,11,1,680,6,3666,2,0,60
680,11,1,681,2,3668,2,1,20
681,11,1,682,2,3670,2,0,20
682,11,1,683,7,3677,3,1,70
683,11,1,684,4,3681,3,1,40
684,11,1,685,6,3687,7,1,60
685,11,1,686,5,3692,6,2,50
686,11,1,687,5,3697,6,6,50
687,11,1,688,7,3704,1,0,70
688,11,1,689,6,3710,4,3,60
689,11,1,690,4,3714,4,2,40
690,11,1,691,2,3716,3,2,20
691,11,1,692,3,3719,2,0,30
692,11,1,693,9,3728,5,3,90
693,11,1,694,6,3734,5,4,60
694,11,1,695,3,3737,3,2,30
695,11,1,696,6,3743,5,1,60
696,11,1,697,8,3751,12,8,80
697,11,1,698,3,3754,5,2,30
698,11,1,699,2,3756,3,2,20
699,11,1,700,3,3759,2,0,30
700,11,1,701,5,3764,4,1,50
701,11,1,702,5,3769,3,1,50
702,11,1,703,6,3775,3,1,60
703,11,1,704,3,3778,2,0,30
704,11,1,705,8,3786,10,4,80
705,11,1,706,9,3795,13,6,90
706,11,1,707,2,3797,8,3,20
707,11,1,708,6,3803,6,1,60
708,11,1,709,3,3806,7,3,30
709,11,1,710,4,3810,10,4,40
710,11,1,711,5,3815,8,5,50
711,11,1,712,9,3824,5,4,90
712,11,1,713,4,3828,2,1,40
713,11,1,714,9,3837,4,0,90
714,11,1,715,6,3843,6,3,60
715,11,1,716,7,3850,5,1,70
716,11,1,717,3,3853,6,1,30
717,11,1,718,4,3857,9,5,40
718,11,1,719,2,3859,6,3,20
719,11,1,720,9,3868,7,4,90
720,11,1,721,9,3877,8,2,90
721,11,1,722,9,3886,15,9,90
722,11,1,723,9,3895,8,3,90
723,11,1,724,6,3901,6,2,60
724,11,1,725,3,3904,7,4,30
725,11,1,726,6,3910,3,1,60
726,11,1,727,6,3916,4,0,60
727,11,1,728,9,3925,12,5,90
728,11,1,729,2,3927,9,4,20
729,11,1,730,5,3932,5,1,50
730,11,1,731,5,3937,8,4,50
731,11,1,732,8,3945,6,2,80
732,11,1,733,6,3951,6,2,60
733,11,1,734,5,3956,7,5,50
734,11,1,735,9,3965,6,4,90
735,11,1,736,4,3969,3,2,40
736,11,1,737,8,3977,3,0,80
737,11,1,738,5,3982,4,1,50
738,11,1,739,8,3990,6,4,80
739,11,1,740,5,3995,4,3,50
740,11,1,741,9,4004,5,4,90
741,11,1,742,2,4006,3,1,20
742,11,1,743,2,4008,4,1,20
743,11,1,744,4,4012,4,0,40
744,11,1,745,3,4015,8,8,30
745,11,1,746,8,4023,3,1,80
746,11,1,747,6,4029,7,4,60
747,11,1,748,9,4038,3,2,90
748,11,1,749,8,4046,6,3,80
749,11,1,750,6,4052,5,2,60
750,11,1,751,2,4054,3,1,20
751,11,1,752,2,4056,4,2,20
752,11,1,753,7,4063,7,5,70
753,11,1,754,7,4070,8,1,70
754,11,1,755,8,4078,12,7,80
755,11,1,756,7,4085,7,4,70
756,11,1,757,4,4089,4,2,40
757,11,1,758,4,4093,4,0,40
758,11,1,759,6,4099,8,4,60
759,11,1,760,6,4105,8,3,60
760,11,1,761,4,4109,6,2,40
761,11,1,762,9,4118,10,6,90
762,11,1,763,8,4126,11,6,80
763,11,1,764,5,4131,7,1,50
764,11,1,765,8,4139,9,4,80
765,11,1,766,4,4143,10,3,40
766,11,1,767,4,4147,9,5,40
767,11,1,768,6,4153,4,2,60
768,11,1,769,9,4162,4,3,90
769,11,1,770,7,4169,2,0,70
770,11,1,771,5,4174,5,1,50
771,11,1,772,7,4181,5,2,70
772,11,1,773,5,4186,8,4,50
773,11,1,774,7,4193,9,4,70
774,11,1,775,6,4199,11,6,60
775,11,1,776,6,4205,9,4,60
776,11,1,777,4,4209,8,5,40
777,11,1,778,5,4214,3,1,50
778,11,1,779,5,4219,4,3,50
779,11,1,780,5,4224,4,3,50
780,11,1,781,5,4229,6,2,50
781,11,1,782,9,4238,5,2,90
782,11,1,783,3,4241,4,3,30
783,11,1,784,6,4247,4,2,60
784,11,1,785,2,4249,4,1,20
785,11,1,786,6,4255,7,3,60
786,11,1,787,7,4262,9,3,70
787,11,1,788,5,4267,6,4,50
788,11,1,789,4,4271,9,4,40
789,11,1,790,5,4276,5,0,50
790,11,1,791,8,4284,6,1,80
791,11,1,792,5,4289,8,4,50
792,11,1,793,9,4298,6,2,90
793,11,1,794,2,4300,5,2,20
794,11,1,795,3,4303,5,2,30
795,11,1,796,7,4310,5,0,70
796,11,1,797,6,4316,7,3,60
797,11,1,798,3,4319,7,4,30
798,11,1,799,9,4328,9,5,90
799,11,1,800,6,4334,7,3,60
800,11,1,801,6,4340,6,3,60
801,11,1,802,6,4346,6,4,60
802,11,1,803,6,4352,6,1,60
803,11,1,804,8,4360,11,7,80
804,11,1,805,9,4369,8,3,90
805,11,1,806,5,4374,7,4,50
806,11,1,807,9,4383,7,4,90
807,11,1,808,2,4385,5,0,20
808,11,1,809,2,4387,6,2,20
809,11,1,810,4,4391,6,5,40
810,11,1,811,3,4394,2,0,30
811,11,1,812,8,4402,5,3,80
812,11,1,813,2,4404,3,0,20
813,11,1,814,4,4408,6,4,40
814,11,1,815,3,4411,4,1,30
815,11,1,816,2,4413,3,1,20
816,11,1,817,2,4415,3,1,20
817,11,1,818,5,4420,6,4,50
818,11,1,819,4,4424,5,3,40
819,11,1,820,7,4431,5,3,70
820,11,1,821,6,4437,4,3,60
821,11,1,822,8,4445,5,3,80
822,11,1,823,3,4448,4,3,30
823,11,1,824,8,4456,4,1,80
824,11,1,825,8,4464,7,4,80
825,11,1,826,6,4470,10,5,60
826,11,1,827,9,4479,15,9,90
827,11,1,828,6,4485,7,3,60
828,11,1,829,4,4489,8,4,40
829,11,1,830,9,4498,7,2,90
830,11,1,831,4,4502,8,2,40
831,11,1,832,2,4504,8,3,20
832,11,1,833,7,4511,8,5,70
833,11,1,834,3,4514,4,2,30
834,11,1,835,5,4519,6,3,50
835,11,1,836,4,4523,7,7,40
836,11,1,837,2,4525,2,0,20
837,11,1,838,8,4533,9,6,80
838,11,1,839,8,4541,4,1,80
839,11,1,840,8,4549,8,3,80
840,11,1,841,3,4552,8,4,30
841,11,1,842,9,4561,11,7,90
842,11,1,843,5,4566,4,2,50
843,11,1,844,4,4570,8,3,40
844,11,1,845,2,4572,6,4,20
845,11,1,846,2,4574,2,0,20
846,11,1,847,6,4580,6,3,60
847,11,1,848,6,4586,8,3,60
848,11,1,849,7,4593,8,6,70
849,11,1,850,7,4600,5,4,70
850,11,1,851,8,4608,2,1,80
851,11,1,852,4,4612,2,1,40
852,11,1,853,2,4614,3,1,20
853,11,1,854,7,4621,4,1,70
854,11,1,855,6,4627,3,1,60
855,11,1,856,8,4635,4,1,80
856,11,1,857,4,4639,7,4,40
857,11,1,858,2,4641,3,2,20
858,11,1,859,6,4647,4,2,60
859,11,1,860,3,4650,5,2,30
860,11,1,861,6,4656,5,3,60
861,11,1,862,5,4661,4,2,50
862,11,1,863,9,4670,4,2,90
863,11,1,864,8,4678,11,4,80
864,11,1,865,9,4687,11,6,90
865,11,1,866,7,4694,5,2,70
866,11,1,867,3,4697,5,2,30
867,11,1,868,5,4702,6,3,50
868,11,1,869,7,4709,8,3,70
869,11,1,870,5,4714,10,6,50
870,11,1,871,5,4719,10,5,50
871,11,1,872,5,4724,7,3,50
872,11,1,873,3,4727,11,6,30
873,11,1,874,8,4735,9,6,80
874,11,1,875,8,4743,6,5,80
875,11,1,876,9,4752,5,2,90
876,11,1,877,2,4754,3,2,20
877,11,1,878,8,4762,6,5,80
878,11,1,879,4,4766,1,0,40
879,11,1,880,7,4773,4,1,70
880,11,1,881,9,4782,6,5,90
881,11,1,882,2,4784,3,1,20
882,11,1,883,3,4787,4,0,30
883,11,1,884,5,4792,8,5,50
884,11,1,885,3,4795,3,2,30
885,11,1,886,2,4797,1,0,20
886,11,1,887,3,4800,2,1,30
887,11,1,888,8,4808,7,2,80
888,11,1,889,8,4816,9,5,80
889,11,1,890,4,4820,5,2,40
890,11,1,891,9,4829,8,5,90
891,11,1,892,5,4834,4,1,50
892,11,1,893,5,4839,7,1,50
893,11,1,894,4,4843,7,4,40
894,11,1,895,4,4847,5,1,40
895,11,1,896,4,4851,7,2,40
896,11,1,897,2,4853,6,3,20
897,11,1,898,3,4856,4,2,30
898,11,1,899,6,4862,8,4,60
899,11,1,900,8,4870,6,2,80
900,11,1,901,7,4877,8,3,70
901,11,1,902,9,4886,12,3,90
902,11,1,903,7,4893,14,7,70
903,11,1,904,4,4897,7,3,40
904,11,1,905,6,4903,11,5,60
905,11,1,906,9,4912,14,10,90
906,11,1,907,8,4920,6,2,80
907,11,1,908,8,4928,8,4,80
908,11,1,909,7,4935,10,6,70
909,11,1,910,9,4944,7,2,90
910,11,1,911,6,4950,9,5,60
911,11,1,912,3,4953,7,4,30
912,11,1,913,5,4958,3,1,50
913,11,1,914,2,4960,2,1,20
914,11,1,915,2,4962,1,0,20
915,11,1,916,2,4964,2,0,20
916,11,1,917,6,4970,7,3,60
917,11,1,918,9,4979,6,2,90
918,11,1,919,8,4987,7,1,80
919,11,1,920,2,4989,6,6,20
920,11,1,921,5,4994,2,1,50
921,11,2,1,2,2,0,0,20
922,11,2,2,8,10,2,0,80
923,11,2,3,5,15,6,3,50
924,11,2,4,8,23,4,3,80
925,11,2,5,2,25,3,1,20
926,11,2,6,3,28,2,0,30
927,11,2,7,2,30,2,1,20
928,11,2,8,4,34,2,1,40
929,11,2,9,2,36,2,1,20
930,11,2,10,6,42,4,2,60
931,11,2,11,5,47,5,3,50
932,11,2,12,3,50,3,2,30
933,11,2,13,5,55,3,1,50
934,11,2,14,5,60,2,0,50
935,11,2,15,2,62,2,0,20
936,11,2,16,9,71,5,3,90
937,11,2,17,5,76,4,2,50
938,11,2,18,9,85,6,3,90
939,11,2,19,3,88,4,2,30
940,11,2,20,5,93,3,2,50
941,11,2,21,8,101,3,2,80
942,11,2,22,5,106,3,2,50
943,11,2,23,3,109,2,1,30
944,11,2,24,8,117,5,5,80
945,11,2,25,5,122,3,2,50
946,11,2,26,8,130,2,1,80
947,11,2,27,4,134,4,1,40
948,11,2,28,8,142,8,3,80
949,11,2,29,8,150,8,8,80
950,11,2,30,6,156,2,0,60
951,11,2,31,7,163,10,4,70
952,11,2,32,3,166,8,5,30
953,11,2,33,8,174,6,3,80
954,11,2,34,7,181,4,1,70
955,11,2,35,6,187,5,1,60
956,11,2,36,3,190,6,3,30
957,11,2,37,3,193,6,3,30
958,11,2,38,6,199,7,7,60
959,11,2,39,8,207,3,0,80
960,11,2,40,5,212,6,4,50
961,11,2,41,4,216,7,2,40
962,11,2,42,7,223,8,3,70
963,11,2,43,9,232,10,4,90
964,11,2,44,8,240,9,5,80
965,11,2,45,6,246,6,3,60
966,11,2,46,2,248,3,1,20
967,11,2,47,9,257,6,3,90
968,11,2,48,5,262,5,2,50
969,11,2,49,5,267,9,4,50
970,11,2,50,6,273,6,2,60
971,11,2,51,3,276,6,2,30
972,11,2,52,8,284,11,7,80
973,11,2,53,3,287,5,2,30
974,11,2,54,8,295,7,3,80
975,11,2,55,5,300,6,3,50
976,11,2,56,7,307,8,1,70
977,11,2,57,3,310,10,10,30
978,11,2,58,3,313,3,1,30
979,11,2,59,8,321,7,4,80
980,11,2,60,7,328,8,4,70
981,11,2,61,8,336,8,5,80
982,11,2,62,3,339,3,1,30
983,11,2,63,8,347,7,3,80
984,11,2,64,8,355,8,2,80
985,11,2,65,5,360,6,6,50
986,11,2,66,4,364,3,2,40
987,11,2,67,9,373,4,1,90
988,11,2,68,4,377,5,0,40
989,11,2,69,6,383,10,4,60
990,11,2,70,4,387,6,3,40
991,11,2,71,3,390,5,3,30
992,11,2,72,4,394,2,0,40
993,11,2,73,6,400,4,3,60
994,11,2,74,2,402,1,0,20
995,11,2,75,8,410,8,4,80
996,11,2,76,8,418,8,6,80
997,11,2,77,5,423,5,3,50
998,11,2,78,3,426,3,1,30
999,11,2,79,5,431,4,1,50
1000,11,2,80,4,435,5,1,40
1001,11,2,81,9,444,7,5,90
1002,11,2,82,8,452,6,4,80
1003,11,2,83,7,459,3,3,70
1004,11,2,84,7,466,4,0,70
1005,11,2,85,6,472,6,4,60
1006,11,2,86,7,479,6,4,70
1007,11,2,87,4,483,4,3,40
1008,11,2,88,7,490,7,3,70
1009,11,2,89,5,495,6,2,50
1010,11,2,90,3,498,5,3,30
1011,11,2,91,5,503,3,1,50
1012,11,2,92,3,506,4,1,30
1013,11,2,93,9,515,9,7,90
1014,11,2,94,4,519,3,1,40
1015,11,2,95,9,528,3,1,90
1016,11,2,96,9,537,4,1,90
1017,11,2,97,8,545,6,4,80
1018,11,2,98,7,552,5,0,70
1019,11,2,99,3,555,6,6,30
1020,11,2,100,9,564,8,6,90
1021,11,2,101,3,567,3,0,30
1022,11,2,102,6,573,7,7,60
1023,11,2,103,6,579,6,4,60
1024,11,2,104,4,583,5,3,40
1025,11,2,105,2,585,4,0,20
1026,11,2,106,3,588,4,3,30
1027,11,2,107,6,594,4,3,60
1028,11,2,108,2,596,3,0,20
1029,11,2,109,5,601,7,3,50
1030,11,2,110,8,609,6,2,80
1031,11,2,111,7,616,6,3,70
1032,11,2,112,6,622,7,1,60
1033,11,2,113,9,631,10,3,90
1034,11,2,114,8,639,13,7,80
1035,11,2,115,5,644,9,6,50
1036,11,2,116,9,653,6,3,90
1037,11,2,117,8,661,5,2,80
1038,11,2,118,5,666,4,2,50
1039,11,2,119,8,674,10,6,80
1040,11,2,120,5,679,5,4,50
1041,11,2,121,3,682,3,1,30
1042,11,2,122,6,688,3,2,60
1043,11,2,123,6,694,1,0,60
1044,11,2,124,3,697,2,1,30
1045,11,2,125,4,701,1,0,40
1046,11,2,126,9,710,4,1,90
1047,11,2,127,2,712,6,2,20
1048,11,2,128,8,720,8,4,80
1049,11,2,129,9,729,6,5,90
1050,11,2,130,4,733,3,1,40
1051,11,2,131,3,736,2,0,30
1052,11,2,132,9,745,8,4,90
1053,11,2,133,4,749,7,3,40
1054,11,2,134,7,756,5,3,70
1055,11,2,135,8,764,9,6,80
1056,11,2,136,3,767,5,2,30
1057,11,2,137,2,769,4,1,20
1058,11,2,138,3,772,4,2,30
1059,11,2,139,3,775,4,2,30
1060,11,2,140,3,778,4,2,30
1061,11,2,141,6,784,4,1,60
1062,11,2,142,4,788,7,2,40
1063,11,2,143,6,794,6,2,60
1064,11,2,144,8,802,8,5,80
1065,11,2,145,7,809,4,1,70
1066,11,2,146,9,818,9,4,90
1067,11,2,147,4,822,6,3,40
1068,11,2,148,3,825,5,1,30
1069,11,2,149,4,829,9,3,40
1070,11,2,150,4,833,8,4,40
1071,11,2,151,3,836,5,3,30
1072,11,2,152,9,845,11,6,90
1073,11,2,153,7,852,10,5,70
1074,11,2,154,9,861,12,5,90
1075,11,2,155,5,866,8,6,50
1076,11,2,156,9,875,5,1,90
1077,11,2,157,9,884,14,8,90
1078,11,2,158,2,886,6,3,20
1079,11,2,159,2,888,3,2,20
1080,11,2,160,8,896,4,1,80
1081,11,2,161,5,901,3,0,50
1082,11,2,162,9,910,6,4,90
1083,11,2,163,6,916,6,3,60
1084,11,2,164,7,923,7,2,70
1085,11,2,165,8,931,8,2,80
1086,11,2,166,4,935,9,5,40
1087,11,2,167,4,939,12,5,40
1088,11,2,168,4,943,10,6,40
1089,11,2,169,4,947,5,1,40
1090,11,2,170,6,953,7,4,60
1091,11,2,171,3,956,5,5,30
1092,11,2,172,8,964,6,6,80
1093,11,2,173,3,967,1,0,30
1094,11,2,174,5,972,2,1,50
1095,11,2,175,8,980,7,4,80
1096,11,2,176,4,984,5,0,40
1097,11,2,177,7,991,8,2,70
1098,11,2,178,8,999,9,3,80
1099,11,2,179,8,1007,8,5,80
1100,11,2,180,6,1013,5,5,60
1101,11,2,181,9,1022,6,4,90
1102,11,2,182,9,1031,4,2,90
1103,11,2,183,7,1038,6,2,70
1104,11,2,184,2,1040,5,2,20
1105,11,2,185,7,1047,6,2,70
1106,11,2,186,3,1050,5,2,30
1107,11,2,187,3,1053,3,1,30
1108,11,2,188,5,1058,2,1,50
1109,11,2,189,8,1066,7,4,80
1110,11,2,190,9,1075,9,4,90
1111,11,2,191,6,1081,7,3,60
1112,11,2,192,7,1088,7,5,70
1113,11,2,193,9,1097,10,6,90
1114,11,2,194,6,1103,7,4,60
1115,11,2,195,5,1108,10,10,50
1116,11,2,196,4,1112,3,1,40
1117,11,2,197,9,1121,6,2,90
1118,11,2,198,4,1125,5,1,40
1119,11,2,199,8,1133,6,1,80
1120,11,2,200,3,1136,5,4,30
1121,11,2,201,2,1138,1,0,20
1122,11,2,202,9,1147,8,4,90
1123,11,2,203,8,1155,8,4,80
1124,11,2,204,3,1158,4,2,30
1125,11,2,205,7,1165,6,1,70
1126,11,2,206,9,1174,8,1,90
1127,11,2,207,9,1183,9,5,90
1128,11,2,208,4,1187,9,4,40
1129,11,2,209,7,1194,8,4,70
1130,11,2,210,2,1196,4,1,20
1131,11,2,211,4,1200,3,1,40
1132,11,2,212,7,1207,3,2,70
1133,11,2,213,6,1213,4,0,60
1134,11,2,214,7,1220,11,6,70
1135,11,2,215,4,1224,6,3,40
1136,11,2,216,2,1226,3,2,20
1137,11,2,217,2,1228,2,1,20
1138,11,2,218,4,1232,5,3,40
1139,11,2,219,7,1239,4,2,70
1140,11,2,220,2,1241,3,1,20
1141,11,2,221,8,1249,5,1,80
1142,11,2,222,9,1258,8,6,90
1143,11,2,223,8,1266,6,4,80
1144,11,2,224,3,1269,3,2,30
1145,11,2,225,7,1276,6,1,70
1146,11,2,226,2,1278,6,6,20
1147,11,2,227,8,1286,2,0,80
1148,11,2,228,3,1289,4,1,30
1149,11,2,229,5,1294,5,2,50
1150,11,2,230,6,1300,5,3,60
1151,11,2,231,4,1304,6,2,40
1152,11,2,232,5,1309,7,3,50
1153,11,2,233,2,1311,5,2,20
1154,11,2,234,5,1316,7,3,50
1155,11,2,235,7,1323,8,2,70
1156,11,2,236,5,1328,9,9,50
1157,11,2,237,2,1330,3,2,20
1158,11,2,238,4,1334,2,0,40
1159,11,2,239,2,1336,2,1,20
1160,11,2,240,8,1344,5,2,80
1161,11,2,241,3,1347,8,5,30
1162,11,2,242,8,1355,6,3,80
1163,11,2,243,8,1363,8,3,80
1164,11,2,244,7,1370,6,5,70
1165,11,2,245,7,1377,7,4,70
1166,11,2,246,3,1380,3,0,30
1167,11,2,247,5,1385,4,1,50
1168,11,2,248,5,1390,6,2,50
1169,11,2,249,5,1395,6,1,50
1170,11,2,250,5,1400,10,5,50
1171,11,2,251,4,1404,11,4,40
1172,11,2,252,2,1406,8,4,20
1173,11,2,253,5,1411,4,1,50
1174,11,2,254,9,1420,10,3,90
1175,11,2,255,8,1428,10,1,80
1176,11,2,256,3,1431,12,6,30
1177,11,2,257,3,1434,8,5,30
1178,11,2,258,5,1439,5,2,50
1179,11,2,259,8,1447,9,6,80
1180,11,2,260,8,1455,5,2,80
1181,11,2,261,5,1460,3,2,50
1182,11,2,262,2,1462,2,0,20
1183,11,2,263,6,1468,8,5,60
1184,11,2,264,6,1474,5,3,60
1185,11,2,265,9,1483,6,4,90
1186,11,2,266,3,1486,3,2,30
1187,11,2,267,9,1495,4,2,90
1188,11,2,268,9,1504,4,1,90
1189,11,2,269,4,1508,4,1,40
1190,11,2,270,2,1510,3,1,20
1191,11,2,271,3,1513,4,4,30
1192,11,2,272,8,1521,5,3,80
1193,11,2,273,2,1523,2,0,20
1194,11,2,274,2,1525,2,1,20
1195,11,2,275,7,1532,4,2,70
1196,11,2,276,6,1538,4,2,60
1197,11,2,277,6,1544,3,0,60
1198,11,2,278,7,1551,8,4,70
1199,11,2,279,3,1554,7,2,30
1200,11,2,280,4,1558,6,2,40
1201,11,2,281,2,1560,7,7,20
1202,11,2,282,6,1566,6,2,60
1203,11,2,283,6,1572,7,3,60
1204,11,2,284,8,1580,9,3,80
1205,11,2,285,9,1589,10,7,90
1206,11,2,286,7,1596,5,2,70
1207,11,2,287,3,1599,3,0,30
1208,11,2,288,2,1601,5,4,20
1209,11,2,289,7,1608,5,3,70
1210,11,2,290,9,1617,9,4,90
1211,11,2,291,2,1619,5,3,20
1212,11,2,292,9,1628,2,1,90
1213,11,2,293,7,1635,11,6,70
1214,11,2,294,6,1641,8,3,60
1215,11,2,295,7,1648,8,5,70
1216,11,2,296,3,1651,5,0,30
1217,11,2,297,4,1655,9,7,40
1218,11,2,298,4,1659,2,1,40
1219,11,2,299,5,1664,2,0,50
1220,11,2,300,9,1673,6,3,90
1221,11,2,301,7,1680,10,5,70
1222,11,2,302,6,1686,9,6,60
1223,11,2,303,9,1695,9,4,90
1224,11,2,304,7,1702,6,2,70
1225,11,2,305,5,1707,7,5,50
1226,11,2,306,3,1710,6,3,30
1227,11,2,307,2,1712,3,2,20
1228,11,2,308,4,1716,3,2,40
1229,11,2,309,6,1722,2,1,60
1230,11,2,310,9,1731,10,6,90
1231,11,2,311,6,1737,5,3,60
1232,11,2,312,7,1744,4,1,70
1233,11,2,313,9,1753,8,2,90
1234,11,2,314,9,1762,10,1,90
1235,11,2,315,7,1769,13,8,70
1236,11,2,316,6,1775,8,5,60
1237,11,2,317,4,1779,5,1,40
1238,11,2,318,9,1788,7,5,90
1239,11,2,319,6,1794,9,2,60
1240,11,2,320,6,1800,10,9,60
1241,11,2,321,9,1809,3,2,90
1242,11,2,322,6,1815,4,2,60
1243,11,2,323,2,1817,3,2,20
1244,11,2,324,4,1821,1,1,40
1245,11,2,325,4,1825,0,0,40
1246,11,2,326,2,1827,1,0,20
1247,11,2,327,5,1832,5,3,50
1248,11,2,328,3,1835,5,3,30
1249,11,2,329,5,1840,3,1,50
1250,11,2,330,6,1846,3,0,60
1251,11,2,331,4,1850,6,5,40
1252,11,2,332,6,1856,4,3,60
1253,11,2,333,4,1860,1,0,40
1254,11,2,334,8,1868,2,1,80
1255,11,2,335,5,1873,3,1,50
1256,11,2,336,5,1878,2,0,50
1257,11,2,337,8,1886,7,5,80
1258,11,2,338,2,1888,4,1,20
1259,11,2,339,4,1892,3,1,40
1260,11,2,340,2,1894,4,3,20
1261,11,2,341,2,1896,3,2,20
1262,11,2,342,9,1905,10,3,90
1263,11,2,343,6,1911,9,3,60
1264,11,2,344,7,1918,11,5,70
1265,11,2,345,9,1927,12,7,90
1266,11,2,346,5,1932,6,3,50
1267,11,2,347,8,1940,5,3,80
1268,11,2,348,4,1944,3,1,40
1269,11,2,349,2,1946,4,1,20
1270,11,2,350,4,1950,6,3,40
1271,11,2,351,6,1956,9,5,60
1272,11,2,352,8,1964,8,2,80
1273,11,2,353,5,1969,9,5,50
1274,11,2,354,3,1972,6,2,30
1275,11,2,355,9,1981,9,5,90
1276,11,2,356,4,1985,5,2,40
1277,11,2,357,4,1989,8,4,40
1278,11,2,358,8,1997,8,1,80
1279,11,2,359,8,2005,13,5,80
1280,11,2,360,7,2012,10,4,70
1281,11,2,361,2,2014,7,4,20
1282,11,2,362,3,2017,6,4,30
1283,11,2,363,2,2019,5,3,20
1284,11,2,364,3,2022,3,0,30
1285,11,2,365,3,2025,6,0,30
1286,11,2,366,7,2032,12,7,70
1287,11,2,367,7,2039,9,4,70
1288,11,2,368,6,2045,7,2,60
1289,11,2,369,7,2052,9,3,70
1290,11,2,370,6,2058,8,4,60
1291,11,2,371,6,2064,6,2,60
1292,11,2,372,2,2066,5,2,20
1293,11,2,373,6,2072,6,5,60
1294,11,2,374,9,2081,6,2,90
1295,11,2,375,4,2085,5,3,40
1296,11,2,376,8,2093,6,2,80
1297,11,2,377,4,2097,6,2,40
1298,11,2,378,4,2101,5,2,40
1299,11,2,379,5,2106,5,0,50
1300,11,2,380,3,2109,5,3,30
1301,11,2,381,3,2112,4,1,30
1302,11,2,382,5,2117,6,3,50
1303,11,2,383,9,2126,5,4,90
1304,11,2,384,8,2134,3,2,80
1305,11,2,385,2,2136,3,0,20
1306,11,2,386,3,2139,4,1,30
1307,11,2,387,9,2148,6,3,90
1308,11,2,388,4,2152,5,2,40
1309,11,2,389,3,2155,6,3,30
1310,11,2,390,8,2163,9,7,80
1311,11,2,391,3,2166,3,2,30
1312,11,2,392,5,2171,3,1,50
1313,11,2,393,6,2177,6,2,60
1314,11,2,394,6,2183,5,2,60
1315,11,2,395,8,2191,7,3,80
1316,11,2,396,5,2196,6,3,50
1317,11,2,397,6,2202,7,2,60
1318,11,2,398,4,2206,9,6,40
1319,11,2,399,5,2211,5,2,50
1320,11,2,400,5,2216,5,2,50
1321,11,2,401,5,2221,9,5,50
1322,11,2,402,4,2225,5,3,40
1323,11,2,403,2,2227,4,2,20
1324,11,2,404,4,2231,3,0,40
1325,11,2,405,7,2238,9,6,70
1326,11,2,406,8,2246,9,3,80
1327,11,2,407,6,2252,8,5,60
1328,11,2,408,8,2260,10,5,80
1329,11,2,409,5,2265,5,2,50
1330,11,2,410,2,2267,5,4,20
1331,11,2,411,2,2269,5,2,20
1332,11,2,412,8,2277,8,2,80
1333,11,2,413,4,2281,7,3,40
1334,11,2,414,4,2285,5,1,40
1335,11,2,415,4,2289,10,6,40
1336,11,2,416,9,2298,11,8,90
1337,11,2,417,4,2302,6,2,40
1338,11,2,418,9,2311,8,3,90
1339,11,2,419,2,2313,5,2,20
1340,11,2,420,6,2319,5,2,60
1341,11,2,421,4,2323,5,3,40
1342,11,2,422,3,2326,3,1,30
1343,11,2,423,4,2330,3,1,40
1344,11,2,424,7,2337,4,3,70
1345,11,2,425,2,2339,2,1,20
1346,11,2,426,9,2348,6,2,90
1347,11,2,427,6,2354,8,3,60
1348,11,2,428,6,2360,7,3,60
1349,11,2,429,4,2364,6,1,40
1350,11,2,430,6,2370,10,5,60
1351,11,2,431,8,2378,10,2,80
1352,11,2,432,2,2380,8,5,20
1353,11,2,433,3,2383,4,2,30
1354,11,2,434,4,2387,3,1,40
1355,11,2,435,3,2390,4,1,30
1356,11,2,436,6,2396,5,1,60
1357,11,2,437,5,2401,6,4,50
1358,11,2,438,5,2406,6,1,50
1359,11,2,439,6,2412,11,7,60
1360,11,2,440,4,2416,7,4,40
1361,11,2,441,9,2425,7,4,90
1362,11,2,442,9,2434,9,4,90
1363,11,2,443,9,2443,7,1,90
1364,11,2,444,3,2446,8,5,30
1365,11,2,445,5,2451,5,5,50
1366,11,2,446,8,2459,8,2,80
1367,11,2,447,2,2461,6,2,20
1368,11,2,448,7,2468,8,4,70
1369,11,2,449,2,2470,5,2,20
1370,11,2,450,4,2474,4,1,40
1371,11,2,451,7,2481,4,2,70
1372,11,2,452,4,2485,2,2,40
1373,11,2,453,5,2490,7,2,50
1374,11,2,454,9,2499,6,3,90
1375,11,2,455,5,2504,8,3,50
1376,11,2,456,7,2511,7,7,70
1377,11,2,457,6,2517,2,1,60
1378,11,2,458,4,2521,2,1,40
1379,11,2,459,8,2529,5,1,80
1380,11,2,460,2,2531,4,1,20
1381,11,2,461,5,2536,7,6,50
1382,11,2,462,3,2539,3,1,30
1383,11,2,463,5,2544,5,2,50
1384,11,2,464,5,2549,6,3,50
1385,11,2,465,8,2557,8,4,80
1386,11,2,466,6,2563,8,3,60
1387,11,2,467,8,2571,10,6,80
1388,11,2,468,5,2576,9,4,50
1389,11,2,469,7,2583,7,3,70
1390,11,2,470,3,2586,4,3,30
1391,11,2,471,4,2590,3,0,40
1392,11,2,472,4,2594,3,1,40
1393,11,2,473,8,2602,4,2,80
1394,11,2,474,9,2611,5,2,90
1395,11,2,475,5,2616,8,4,50
1396,11,2,476,5,2621,7,5,50
1397,11,2,477,8,2629,11,6,80
1398,11,2,478,3,2632,6,2,30
1399,11,2,479,4,2636,8,5,40
1400,11,2,480,9,2645,10,5,90
1401,11,2,481,3,2648,7,5,30
1402,11,2,482,6,2654,5,1,60
1403,11,2,483,3,2657,9,5,30
1404,11,2,484,3,2660,6,3,30
1405,11,2,485,5,2665,6,1,50
1406,11,2,486,9,2674,7,3,90
1407,11,2,487,2,2676,4,3,20
1408,11,2,488,7,2683,3,2,70
1409,11,2,489,5,2688,3,1,50
1410,11,2,490,3,2691,2,1,30
1411,11,2,491,6,2697,4,1,60
1412,11,2,492,8,2705,6,1,80
1413,11,2,493,9,2714,7,4,90
1414,11,2,494,6,2720,4,1,60
1415,11,2,495,9,2729,7,4,90
1416,11,2,496,6,2735,6,4,60
1417,11,2,497,9,2744,8,5,90
1418,11,2,498,8,2752,5,3,80
1419,11,2,499,5,2757,5,2,50
1420,11,2,500,3,2760,3,0,30
1421,11,2,501,9,2769,12,12,90
1422,11,2,502,7,2776,6,6,70
1423,11,2,503,5,2781,4,4,50
1424,11,2,504,2,2783,0,0,20
1425,11,2,505,8,2791,6,2,80
1426,11,2,506,5,2796,8,3,50
1427,11,2,507,6,2802,7,3,60
1428,11,2,508,3,2805,5,1,30
1429,11,2,509,9,2814,6,6,90
1430,11,2,510,3,2817,3,3,30
1431,11,2,511,6,2823,2,2,60
1432,11,2,512,9,2832,3,2,90
1433,11,2,513,9,2841,5,5,90
1434,11,2,514,5,2846,3,0,50
1435,11,2,515,6,2852,4,4,60
1436,11,2,516,2,2854,3,1,20
1437,11,2,517,3,2857,2,0,30
1438,11,2,518,7,2864,5,2,70
1439,11,2,519,4,2868,4,3,40
1440,11,2,520,8,2876,9,2,80
1441,11,2,521,5,2881,13,5,50
1442,11,2,522,8,2889,13,5,80
1443,11,2,523,2,2891,8,3,20
1444,11,2,524,3,2894,6,6,30
1445,11,2,525,5,2899,4,3,50
1446,11,2,526,5,2904,3,0,50
1447,11,2,527,2,2906,4,1,20
1448,11,2,528,4,2910,3,0,40
1449,11,2,529,4,2914,3,0,40
1450,11,2,530,4,2918,4,1,40
1451,11,2,531,5,2923,4,2,50
1452,11,2,532,6,2929,5,0,60
1453,11,2,533,6,2935,12,6,60
1454,11,2,534,7,2942,8,4,70
1455,11,2,535,3,2945,6,4,30
1456,11,2,536,8,2953,10,4,80
1457,11,2,537,8,2961,10,3,80
1458,11,2,538,3,2964,8,8,30
1459,11,2,539,4,2968,4,2,40
1460,11,2,540,5,2973,3,1,50
1461,11,2,541,2,2975,3,1,20
1462,11,2,542,9,2984,8,4,90
1463,11,2,543,2,2986,5,1,20
1464,11,2,544,7,2993,6,4,70
1465,11,2,545,6,2999,7,4,60
1466,11,2,546,5,3004,4,2,50
1467,11,2,547,8,3012,7,3,80
1468,11,2,548,2,3014,6,2,20
1469,11,2,549,6,3020,9,5,60
1470,11,2,550,3,3023,5,1,30
1471,11,2,551,4,3027,4,2,40
1472,11,2,552,4,3031,7,3,40
1473,11,2,553,9,3040,7,3,90
1474,11,2,554,5,3045,5,3,50
1475,11,2,555,4,3049,4,1,40
1476,11,2,556,3,3052,4,2,30
1477,11,2,557,9,3061,5,2,90
1478,11,2,558,9,3070,11,4,90
1479,11,2,559,4,3074,7,4,40
1480,11,2,560,8,3082,9,5,80
1481,11,2,561,3,3085,7,2,30
1482,11,2,562,4,3089,7,3,40
1483,11,2,563,9,3098,7,5,90
1484,11,2,564,8,3106,4,2,80
1485,11,2,565,3,3109,4,1,30
1486,11,2,566,5,3114,6,2,50
1487,11,2,567,5,3119,7,4,50
1488,11,2,568,4,3123,4,2,40
1489,11,2,569,4,3127,6,5,40
1490,11,2,570,7,3134,6,1,70
1491,11,2,571,9,3143,14,6,90
1492,11,2,572,9,3152,13,8,90
1493,11,2,573,9,3161,5,0,90
1494,11,2,574,8,3169,12,5,80
1495,11,2,575,2,3171,9,5,20
1496,11,2,576,7,3178,8,4,70
1497,11,2,577,8,3186,7,3,80
1498,11,2,578,8,3194,9,6,80
1499,11,2,579,5,3199,5,2,50
1500,11,2,580,9,3208,10,3,90
1501,11,2,581,4,3212,13,9,40
1502,11,2,582,5,3217,6,3,50
1503,11,2,583,8,3225,6,4,80
1504,11,2,584,4,3229,3,1,40
1505,11,2,585,9,3238,5,2,90
1506,11,2,586,9,3247,4,2,90
1507,11,2,587,3,3250,2,0,30
1508,11,2,588,8,3258,5,2,80
1509,11,2,589,6,3264,5,2,60
1510,11,2,590,6,3270,7,5,60
1511,11,2,591,7,3277,7,5,70
1512,11,2,592,8,3285,6,3,80
1513,11,2,593,3,3288,5,3,30
1514,11,2,594,9,3297,6,3,90
1515,11,2,595,3,3300,5,2,30
1516,11,2,596,3,3303,4,4,30
1517,11,2,597,6,3309,2,0,60
1518,11,2,598,9,3318,6,4,90
1519,11,2,599,9,3327,7,2,90
1520,11,2,600,2,3329,5,2,20
1521,11,2,601,3,3332,6,3,30
1522,11,2,602,8,3340,4,4,80
1523,11,2,603,5,3345,2,0,50
1524,11,2,604,2,3347,2,2,20
1525,11,2,605,9,3356,5,3,90
1526,11,2,606,2,3358,2,0,20
1527,11,2,607,8,3366,8,2,80
1528,11,2,608,5,3371,9,6,50
1529,11,2,609,9,3380,11,7,90
1530,11,2,610,3,3383,5,2,30
1531,11,2,611,5,3388,6,1,50
1532,11,2,612,5,3393,5,5,50
1533,11,2,613,9,3402,4,1,90
1534,11,2,614,8,3410,7,2,80
1535,11,2,615,8,3418,6,3,80
1536,11,2,616,8,3426,7,4,80
1537,11,2,617,6,3432,7,4,60
1538,11,2,618,5,3437,6,3,50
1539,11,2,619,3,3440,4,4,30
1540,11,2,620,3,3443,1,0,30
1541,11,2,621,8,3451,1,0,80
1542,11,2,622,9,3460,5,1,90
1543,11,2,623,8,3468,7,3,80
1544,11,2,624,9,3477,8,8,90
1545,11,2,625,6,3483,1,0,60
1546,11,2,626,3,3486,4,2,30
1547,11,2,627,4,3490,5,1,40
1548,11,2,628,8,3498,13,6,80
1549,11,2,629,8,3506,12,7,80
1550,11,2,630,2,3508,7,3,20
1551,11,2,631,8,3516,7,5,80
1552,11,2,632,4,3520,2,1,40
1553,11,2,633,2,3522,4,1,20
1554,11,2,634,8,3530,7,3,80
1555,11,2,635,6,3536,5,2,60
1556,11,2,636,8,3544,8,3,80
1557,11,2,637,7,3551,8,4,70
1558,11,2,638,4,3555,6,3,40
1559,11,2,639,2,3557,4,2,20
1560,11,2,640,4,3561,4,3,40
1561,11,2,641,4,3565,2,1,40
1562,11,2,642,2,3567,2,1,20
1563,11,2,643,2,3569,1,0,20
1564,11,2,644,5,3574,5,3,50
1565,11,2,645,5,3579,5,4,50
1566,11,2,646,2,3581,3,3,20
1567,11,2,647,4,3585,1,0,40
1568,11,2,648,3,3588,1,1,30
1569,11,2,649,3,3591,1,0,30
1570,11,2,650,2,3593,1,0,20
1571,11,2,651,9,3602,4,1,90
1572,11,2,652,3,3605,5,2,30
1573,11,2,653,3,3608,4,0,30
1574,11,2,654,7,3615,7,4,70
1575,11,2,655,8,3623,12,8,80
1576,11,2,656,4,3627,7,3,40
1577,11,2,657,8,3635,8,8,80
1578,11,2,658,3,3638,0,0,30
1579,11,2,659,4,3642,1,0,40
1580,11,2,660,2,3644,3,1,20
1581,11,2,661,7,3651,5,3,70
1582,11,2,662,9,3660,9,9,90
1583,11,2,663,7,3667,8,3,70
1584,11,2,664,6,3673,8,2,60
1585,11,2,665,4,3677,10,6,40
1586,11,2,666,4,3681,5,1,40
1587,11,2,667,3,3684,5,2,30
1588,11,2,668,5,3689,5,3,50
1589,11,2,669,7,3696,5,3,70
1590,11,2,670,8,3704,6,4,80
1591,11,2,671,8,3712,5,2,80
1592,11,2,672,4,3716,4,2,40
1593,11,2,673,4,3720,5,2,40
1594,11,2,674,6,3726,6,5,60
1595,11,2,675,4,3730,3,1,40
1596,11,2,676,5,3735,5,1,50
1597,11,2,677,9,3744,10,6,90
1598,11,2,678,8,3752,9,5,80
1599,11,2,679,7,3759,5,2,70
1600,11,2,680,6,3765,4,2,60
1601,11,2,681,9,3774,6,4,90
1602,11,2,682,8,3782,6,3,80
1603,11,2,683,7,3789,8,5,70
1604,11,2,684,5,3794,5,2,50
1605,11,2,685,9,3803,7,2,90
1606,11,2,686,6,3809,7,3,60
1607,11,2,687,7,3816,8,4,70
1608,11,2,688,9,3825,11,5,90
1609,11,2,689,3,3828,8,5,30
1610,11,2,690,5,3833,6,4,50
1611,11,2,691,8,3841,8,3,80
1612,11,2,692,4,3845,5,2,40
1613,11,2,693,2,3847,4,2,20
1614,11,2,694,6,3853,5,1,60
1615,11,2,695,8,3861,9,5,80
1616,11,2,696,3,3864,6,4,30
1617,11,2,697,6,3870,4,2,60
1618,11,2,698,3,3873,5,3,30
1619,11,2,699,8,3881,4,1,80
1620,11,2,700,2,3883,6,2,20
1621,11,2,701,4,3887,8,3,40
1622,11,2,702,9,3896,9,6,90
1623,11,2,703,9,3905,10,5,90
1624,11,2,704,9,3914,11,11,90
1625,11,2,705,4,3918,0,0,40
1626,11,2,706,3,3921,4,2,30
1627,11,2,707,9,3930,7,4,90
1628,11,2,708,7,3937,7,3,70
1629,11,2,709,9,3946,12,5,90
1630,11,2,710,8,3954,10,7,80
1631,11,2,711,2,3956,3,1,20
1632,11,2,712,3,3959,3,1,30
1633,11,2,713,9,3968,10,7,90
1634,11,2,714,9,3977,11,4,90
1635,11,2,715,3,3980,8,4,30
1636,11,2,716,8,3988,8,1,80
1637,11,2,717,6,3994,11,5,60
1638,11,2,718,5,3999,7,3,50
1639,11,2,719,8,4007,5,1,80
1640,11,2,720,8,4015,7,4,80
1641,11,2,721,4,4019,4,2,40
1642,11,2,722,3,4022,3,2,30
1643,11,2,723,3,4025,1,0,30
1644,11,2,724,3,4028,2,0,30
1645,11,2,725,9,4037,7,1,90
1646,11,2,726,2,4039,6,2,20
1647,11,2,727,2,4041,4,2,20
1648,11,2,728,6,4047,7,2,60
1649,11,2,729,4,4051,7,5,40
1650,11,2,730,2,4053,4,1,20
1651,11,2,731,5,4058,5,4,50
1652,11,2,732,8,4066,4,2,80
1653,11,2,733,5,4071,8,6,50
1654,11,2,734,5,4076,3,2,50
1655,11,2,735,7,4083,4,2,70
1656,11,2,736,2,4085,2,0,20
1657,11,2,737,9,4094,7,3,90
1658,11,2,738,8,4102,6,1,80
1659,11,2,739,9,4111,8,4,90
1660,11,2,740,8,4119,7,5,80
1661,11,2,741,8,4127,6,1,80
1662,11,2,742,2,4129,9,7,20
1663,11,2,743,7,4136,3,0,70
1664,11,2,744,9,4145,5,4,90
1665,11,2,745,6,4151,4,1,60
1666,11,2,746,8,4159,6,3,80
1667,11,2,747,8,4167,6,4,80
1668,11,2,748,5,4172,3,1,50
1669,11,2,749,8,4180,8,2,80
1670,11,2,750,3,4183,7,3,30
1671,11,2,751,3,4186,6,4,30
1672,11,2,752,2,4188,2,1,20
1673,11,2,753,3,4191,3,3,30
1674,11,2,754,5,4196,4,1,50
1675,11,2,755,2,4198,5,2,20
1676,11,2,756,5,4203,4,2,50
1677,11,2,757,8,4211,5,3,80
1678,11,2,758,5,4216,4,3,50
1679,11,2,759,8,4224,6,2,80
1680,11,2,760,2,4226,6,2,20
1681,11,2,761,7,4233,7,2,70
1682,11,2,762,8,4241,8,8,80
1683,11,2,763,2,4243,0,0,20
1684,11,2,764,5,4248,3,1,50
1685,11,2,765,8,4256,6,2,80
1686,11,2,766,5,4261,6,4,50
1687,11,2,767,7,4268,11,3,70
1688,11,2,768,6,4274,9,6,60
1689,11,2,769,7,4281,8,4,70
1690,11,2,770,4,4285,6,2,40
1691,11,2,771,4,4289,7,2,40
1692,11,2,772,9,4298,9,5,90
1693,11,2,773,7,4305,5,5,70
1694,11,2,774,7,4312,4,1,70
1695,11,2,775,5,4317,6,4,50
1696,11,2,776,2,4319,3,2,20
1697,11,2,777,2,4321,2,1,20
1698,11,2,778,8,4329,6,4,80
1699,11,2,779,2,4331,5,4,20
1700,11,2,780,7,4338,5,1,70
1701,11,2,781,7,4345,9,1,70
1702,11,2,782,5,4350,10,3,50
1703,11,2,783,2,4352,8,1,20
1704,11,2,784,3,4355,8,3,30
1705,11,2,785,3,4358,9,6,30
1706,11,2,786,6,4364,4,2,60
1707,11,2,787,3,4367,4,2,30
1708,11,2,788,6,4373,6,0,60
1709,11,2,789,8,4381,13,13,80
1710,11,2,790,4,4385,2,1,40
1711,11,2,791,7,4392,3,0,70
1712,11,2,792,8,4400,8,6,80
1713,11,2,793,5,4405,5,2,50
1714,11,2,794,2,4407,4,3,20
1715,11,2,795,5,4412,3,2,50
1716,11,2,796,8,4420,3,1,80
1717,11,2,797,9,4429,7,4,90
1718,11,2,798,2,4431,4,1,20
1719,11,2,799,5,4436,6,5,50
1720,11,2,800,7,4443,5,2,70
1721,11,2,801,4,4447,6,2,40
1722,11,2,802,4,4451,7,6,40
1723,11,2,803,8,4459,5,3,80
1724,11,2,804,2,4461,2,0,20
1725,11,2,805,3,4464,3,0,30
1726,11,2,806,8,4472,6,6,80
1727,11,2,807,2,4474,2,1,20
1728,11,2,808,6,4480,4,1,60
1729,11,2,809,3,4483,5,1,30
1730,11,2,810,9,4492,9,4,90
1731,11,2,811,4,4496,9,3,40
1732,11,2,812,6,4502,11,5,60
1733,11,2,813,2,4504,8,3,20
1734,11,2,814,6,4510,5,2,60
1735,11,2,815,2,4512,4,1,20
1736,11,2,816,9,4521,6,4,90
1737,11,2,817,6,4527,5,2,60
1738,11,2,818,5,4532,5,1,50
1739,11,2,819,5,4537,8,5,50
1740,11,2,820,5,4542,5,1,50
1741,11,2,821,3,4545,9,3,30
1742,11,2,822,4,4549,8,3,40
1743,11,2,823,8,4557,6,2,80
1744,11,2,824,4,4561,6,2,40
1745,11,2,825,4,4565,5,2,40
1746,11,2,826,3,4568,3,2,30
1747,11,2,827,7,4575,4,1,70
1748,11,2,828,5,4580,4,1,50
1749,11,2,829,3,4583,5,4,30
1750,11,2,830,7,4590,4,2,70
1751,11,2,831,3,4593,3,2,30
1752,11,2,832,7,4600,5,1,70
1753,11,2,833,2,4602,5,2,20
1754,11,2,834,9,4611,7,3,90
1755,11,2,835,6,4617,8,2,60
1756,11,2,836,6,4623,7,7,60
1757,11,2,837,5,4628,1,0,50
1758,11,2,838,6,4634,4,1,60
1759,11,2,839,6,4640,3,0,60
1760,11,2,840,4,4644,5,2,40
1761,11,2,841,5,4649,7,3,50
1762,11,2,842,6,4655,6,4,60
1763,11,2,843,9,4664,8,3,90
1764,11,2,844,4,4668,6,6,40
1765,11,2,845,7,4675,4,3,70
1766,11,2,846,4,4679,3,2,40
1767,11,2,847,3,4682,3,1,30
1768,11,2,848,9,4691,9,5,90
1769,11,2,849,4,4695,6,3,40
1770,11,2,850,6,4701,7,2,60
1771,11,2,851,6,4707,6,4,60
1772,11,2,852,9,4716,12,7,90
1773,11,2,853,3,4719,7,4,30
1774,11,2,854,7,4726,6,6,70
1775,11,2,855,2,4728,1,0,20
1776,11,2,856,8,4736,3,1,80
1777,11,2,857,5,4741,5,1,50
1778,11,2,858,4,4745,5,2,40
1779,11,2,859,5,4750,8,4,50
1780,11,2,860,7,4757,9,5,70
1781,11,2,861,9,4766,8,2,90
1782,11,2,862,5,4771,6,3,50
1783,11,2,863,6,4777,6,3,60
1784,11,2,864,7,4784,8,5,70
1785,11,2,865,7,4791,7,0,70
1786,11,2,866,5,4796,8,3,50
1787,11,2,867,8,4804,8,3,80
1788,11,2,868,4,4808,5,4,40
1789,11,2,869,6,4814,5,2,60
1790,11,2,870,8,4822,9,5,80
1791,11,2,871,7,4829,8,4,70
1792,11,2,872,4,4833,9,2,40
1793,11,2,873,5,4838,12,6,50
1794,11,2,874,4,4842,8,3,40
1795,11,2,875,3,4845,5,5,30
1796,11,2,876,7,4852,4,0,70
1797,11,2,877,8,4860,11,4,80
1798,11,2,878,9,4869,11,3,90
1799,11,2,879,2,4871,11,6,20
1800,11,2,880,7,4878,10,6,70
1801,11,2,881,2,4880,7,4,20
1802,11,2,882,6,4886,9,3,60
1803,11,2,883,9,4895,12,6,90
1804,11,2,884,5,4900,8,5,50
1805,11,2,885,4,4904,6,3,40
1806,11,2,886,2,4906,4,1,20
1807,11,2,887,3,4909,3,1,30
1808,11,2,888,9,4918,5,4,90
1809,11,2,889,3,4921,1,0,30
1810,11,2,890,9,4930,8,8,90
1811,11,2,891,8,4938,3,1,80
1812,11,2,892,7,4945,6,3,70
1813,11,2,893,5,4950,3,1,50
1814,11,2,894,3,4953,2,0,30
1815,11,2,895,8,4961,7,2,80
1816,11,2,896,2,4963,8,4,20
1817,11,2,897,6,4969,5,5,60
1818,11,2,898,2,4971,2,0,20
1819,11,2,899,2,4973,3,1,20
1820,11,2,900,9,4982,5,3,90
1821,11,2,901,2,4984,3,2,20
1822,11,2,902,4,4988,2,0,40
1823,11,2,903,9,4997,8,4,90
1824,11,3,1,7,7,2,1,70
1825,11,3,2,6,13,4,2,60
1826,11,3,3,8,21,7,1,80
1827,11,3,4,4,25,8,4,40
1828,11,3,5,6,31,12,7,60
1829,11,3,6,3,34,8,3,30
1830,11,3,7,7,41,6,3,70
1831,11,3,8,5,46,7,4,50
1832,11,3,9,2,48,5,1,20
1833,11,3,10,2,50,6,2,20
1834,11,3,11,4,54,5,3,40
1835,11,3,12,3,57,3,1,30
1836,11,3,13,8,65,5,3,80
1837,11,3,14,6,71,4,2,60
1838,11,3,15,9,80,4,4,90
1839,11,3,16,4,84,1,0,40
1840,11,3,17,8,92,5,2,80
1841,11,3,18,6,98,6,4,60
1842,11,3,19,9,107,10,4,90
1843,11,3,20,6,113,11,4,60
1844,11,3,21,9,122,11,4,90
1845,11,3,22,3,125,8,5,30
1846,11,3,23,8,133,10,4,80
1847,11,3,24,6,139,9,7,60
1848,11,3,25,3,142,2,0,30
1849,11,3,26,6,148,5,3,60
1850,11,3,27,5,153,6,6,50
1851,11,3,28,5,158,4,1,50
1852,11,3,29,5,163,8,7,50
1853,11,3,30,5,168,5,1,50
1854,11,3,31,3,171,4,3,30
1855,11,3,32,4,175,3,1,40
1856,11,3,33,3,178,5,3,30
1857,11,3,34,4,182,6,3,40
1858,11,3,35,8,190,8,4,80
1859,11,3,36,3,193,6,3,30
1860,11,3,37,5,198,4,4,50
1861,11,3,38,6,204,6,3,60
1862,11,3,39,3,207,6,2,30
1863,11,3,40,9,216,10,6,90
1864,11,3,41,5,221,4,1,50
1865,11,3,42,8,229,3,1,80
1866,11,3,43,7,236,7,7,70
1867,11,3,44,4,240,3,1,40
1868,11,3,45,9,249,4,1,90
1869,11,3,46,7,256,4,2,70
1870,11,3,47,8,264,5,3,80
1871,11,3,48,5,269,6,4,50
1872,11,3,49,3,272,5,0,30
1873,11,3,50,9,281,11,4,90
1874,11,3,51,3,284,10,2,30
1875,11,3,52,3,287,10,10,30
1876,11,3,53,4,291,1,0,40
1877,11,3,54,5,296,5,2,50
1878,11,3,55,8,304,8,2,80
1879,11,3,56,8,312,13,4,80
1880,11,3,57,3,315,12,7,30
1881,11,3,58,4,319,6,2,40
1882,11,3,59,5,324,6,2,50
1883,11,3,60,6,330,6,1,60
1884,11,3,61,2,332,5,1,20
1885,11,3,62,7,339,7,3,70
1886,11,3,63,9,348,11,4,90
1887,11,3,64,4,352,10,5,40
1888,11,3,65,8,360,9,3,80
1889,11,3,66,5,365,10,7,50
1890,11,3,67,4,369,6,1,40
1891,11,3,68,3,372,6,3,30
1892,11,3,69,5,377,6,6,50
1893,11,3,70,5,382,6,3,50
1894,11,3,71,4,386,5,5,40
1895,11,3,72,6,392,1,0,60
1896,11,3,73,9,401,3,1,90
1897,11,3,74,6,407,4,0,60
1898,11,3,75,5,412,5,2,50
1899,11,3,76,9,421,6,6,90
1900,11,3,77,8,429,2,0,80
1901,11,3,78,2,431,3,1,20
1902,11,3,79,7,438,3,1,70
1903,11,3,80,8,446,6,3,80
1904,11,3,81,4,450,4,1,40
1905,11,3,82,8,458,3,2,80
1906,11,3,83,3,461,1,1,30
1907,11,3,84,6,467,3,0,60
1908,11,3,85,8,475,6,2,80
1909,11,3,86,3,478,7,5,30
1910,11,3,87,2,480,3,3,20
1911,11,3,88,5,485,2,1,50
1912,11,3,89,7,492,6,3,70
1913,11,3,90,7,499,7,4,70
1914,11,3,91,4,503,5,2,40
1915,11,3,92,7,510,6,2,70
1916,11,3,93,5,515,6,2,50
1917,11,3,94,3,518,4,0,30
1918,11,3,95,4,522,5,1,40
1919,11,3,96,9,531,10,6,90
1920,11,3,97,2,533,5,4,20
1921,11,3,98,3,536,2,1,30
1922,11,3,99,9,545,7,7,90
1923,11,3,100,6,551,2,1,60
1924,11,3,101,6,557,5,4,60
1925,11,3,102,6,563,3,2,60
1926,11,3,103,9,572,4,1,90
1927,11,3,104,8,580,4,2,80
1928,11,3,105,2,582,2,1,20
1929,11,3,106,3,585,4,1,30
1930,11,3,107,4,589,8,6,40
1931,11,3,108,2,591,2,1,20
1932,11,3,109,5,596,2,0,50
1933,11,3,110,9,605,8,5,90
1934,11,3,111,8,613,7,3,80
1935,11,3,112,6,619,8,4,60
1936,11,3,113,8,627,12,7,80
1937,11,3,114,4,631,8,5,40
1938,11,3,115,7,638,5,2,70
1939,11,3,116,8,646,6,2,80
1940,11,3,117,7,653,9,5,70
1941,11,3,118,5,658,6,1,50
1942,11,3,119,3,661,6,4,30
1943,11,3,120,6,667,5,4,60
1944,11,3,121,9,676,7,5,90
1945,11,3,122,2,678,2,0,20
1946,11,3,123,3,681,2,0,30
1947,11,3,124,7,688,7,5,70
1948,11,3,125,2,690,2,1,20
1949,11,3,126,5,695,4,1,50
1950,11,3,127,7,702,4,2,70
1951,11,3,128,2,704,4,0,20
1952,11,3,129,4,708,7,4,40
1953,11,3,130,6,714,9,9,60
1954,11,3,131,3,717,2,1,30
1955,11,3,132,9,726,9,3,90
1956,11,3,133,7,733,9,3,70
1957,11,3,134,9,742,11,4,90
1958,11,3,135,3,745,9,6,30
1959,11,3,136,9,754,5,3,90
1960,11,3,137,5,759,6,5,50
1961,11,3,138,9,768,3,0,90
1962,11,3,139,7,775,8,1,70
1963,11,3,140,8,783,11,3,80
1964,11,3,141,8,791,10,10,80
1965,11,3,142,3,794,1,0,30
1966,11,3,143,7,801,7,4,70
1967,11,3,144,6,807,5,3,60
1968,11,3,145,2,809,2,1,20
1969,11,3,146,5,814,3,2,50
1970,11,3,147,3,817,2,0,30
1971,11,3,148,2,819,3,2,20
1972,11,3,149,5,824,5,2,50
1973,11,3,150,2,826,4,1,20
1974,11,3,151,6,832,10,3,60
1975,11,3,152,9,841,11,8,90
1976,11,3,153,5,846,6,6,50
1977,11,3,154,9,855,5,3,90
1978,11,3,155,8,863,5,1,80
1979,11,3,156,3,866,7,3,30
1980,11,3,157,5,871,7,1,50
1981,11,3,158,5,876,9,5,50
1982,11,3,159,3,879,4,1,30
1983,11,3,160,3,882,3,2,30
1984,11,3,161,4,886,4,3,40
1985,11,3,162,7,893,3,2,70
1986,11,3,163,8,901,8,5,80
1987,11,3,164,9,910,7,7,90
1988,11,3,165,3,913,1,0,30
1989,11,3,166,8,921,9,4,80
1990,11,3,167,8,929,9,6,80
1991,11,3,168,6,935,9,1,60
1992,11,3,169,8,943,11,7,80
1993,11,3,170,6,949,6,3,60
1994,11,3,171,9,958,6,2,90
1995,11,3,172,4,962,7,4,40
1996,11,3,173,3,965,5,3,30
1997,11,3,174,9,974,7,6,90
1998,11,3,175,7,981,3,1,70
1999,11,3,176,4,985,5,2,40
2000,11,3,177,5,990,3,2,50
2001,11,3,178,2,992,1,0,20
2002,11,3,179,3,995,2,1,30
2003,11,3,180,8,1003,7,5,80
2004,11,3,181,2,1005,2,1,20
2005,11,3,182,3,1008,2,0,30
2006,11,3,183,5,1013,5,1,50
2007,11,3,184,3,1016,5,2,30
2008,11,3,185,4,1020,6,2,40
2009,11,3,186,9,1029,6,3,90
2010,11,3,187,7,1036,9,4,70
2011,11,3,188,7,1043,10,6,70
2012,11,3,189,2,1045,4,0,20
2013,11,3,190,9,1054,8,5,90
2014,11,3,191,8,1062,7,2,80
2015,11,3,192,5,1067,9,6,50
2016,11,3,193,2,1069,5,5,20
2017,11,3,194,9,1078,5,1,90
2018,11,3,195,8,1086,7,3,80
2019,11,3,196,8,1094,7,5,80
2020,11,3,197,2,1096,4,2,20
2021,11,3,198,5,1101,4,2,50
2022,11,3,199,2,1103,3,0,20
2023,11,3,200,3,1106,3,2,30
2024,11,3,201,9,1115,6,4,90
2025,11,3,202,4,1119,4,2,40
2026,11,3,203,3,1122,4,1,30
2027,11,3,204,9,1131,9,3,90
2028,11,3,205,8,1139,14,6,80
2029,11,3,206,8,1147,11,5,80
2030,11,3,207,8,1155,9,2,80
2031,11,3,208,4,1159,9,6,40
2032,11,3,209,6,1165,4,2,60
2033,11,3,210,7,1172,7,5,70
2034,11,3,211,5,1177,5,2,50
2035,11,3,212,6,1183,6,4,60
2036,11,3,213,8,1191,7,5,80
2037,11,3,214,2,1193,2,1,20
2038,11,3,215,3,1196,3,1,30
2039,11,3,216,2,1198,3,2,20
2040,11,3,217,4,1202,3,0,40
2041,11,3,218,9,1211,7,3,90
2042,11,3,219,9,1220,9,4,90
2043,11,3,220,7,1227,7,4,70
2044,11,3,221,9,1236,7,1,90
2045,11,3,222,7,1243,12,5,70
2046,11,3,223,3,1246,12,7,30
2047,11,3,224,3,1249,6,5,30
2048,11,3,225,9,1258,5,3,90
2049,11,3,226,4,1262,5,2,40
2050,11,3,227,2,1264,4,1,20
2051,11,3,228,2,1266,3,1,20
2052,11,3,229,5,1271,5,2,50
2053,11,3,230,2,1273,3,2,20
2054,11,3,231,2,1275,3,1,20
2055,11,3,232,8,1283,5,2,80
2056,11,3,233,5,1288,4,4,50
2057,11,3,234,6,1294,2,0,60
2058,11,3,235,8,1302,4,3,80
2059,11,3,236,8,1310,3,1,80
2060,11,3,237,3,1313,3,0,30
2061,11,3,238,5,1318,4,1,50
2062,11,3,239,5,1323,7,4,50
2063,11,3,240,8,1331,7,3,80
2064,11,3,241,3,1334,7,3,30
2065,11,3,242,5,1339,8,4,50
2066,11,3,243,6,1345,6,2,60
2067,11,3,244,2,1347,4,2,20
2068,11,3,245,2,1349,3,0,20
2069,11,3,246,7,1356,5,2,70
2070,11,3,247,2,1358,3,1,20
2071,11,3,248,6,1364,8,4,60
2072,11,3,249,7,1371,4,2,70
2073,11,3,250,4,1375,4,1,40
2074,11,3,251,2,1377,3,1,20
2075,11,3,252,7,1384,6,3,70
2076,11,3,253,3,1387,3,1,30
2077,11,3,254,5,1392,8,3,50
2078,11,3,255,7,1399,10,6,70
2079,11,3,256,8,1407,10,10,80
2080,11,3,257,2,1409,0,0,20
2081,11,3,258,2,1411,3,1,20
2082,11,3,259,6,1417,4,1,60
2083,11,3,260,2,1419,3,3,20
2084,11,3,261,2,1421,0,0,20
2085,11,3,262,3,1424,1,0,30
2086,11,3,263,8,1432,5,2,80
2087,11,3,264,5,1437,5,3,50
2088,11,3,265,9,1446,14,7,90
2089,11,3,266,9,1455,11,7,90
2090,11,3,267,8,1463,6,6,80
2091,11,3,268,2,1465,2,2,20
2092,11,3,269,6,1471,1,0,60
2093,11,3,270,6,1477,4,1,60
2094,11,3,271,2,1479,5,4,20
2095,11,3,272,5,1484,3,0,50
2096,11,3,273,5,1489,5,5,50
2097,11,3,274,2,1491,1,0,20
2098,11,3,275,4,1495,2,0,40
2099,11,3,276,9,1504,4,1,90
2100,11,3,277,2,1506,3,1,20
2101,11,3,278,7,1513,7,2,70
2102,11,3,279,3,1516,5,4,30
2103,11,3,280,5,1521,2,0,50
2104,11,3,281,4,1525,6,3,40
2105,11,3,282,3,1528,7,5,30
2106,11,3,283,8,1536,8,1,80
2107,11,3,284,5,1541,7,1,50
2108,11,3,285,9,1550,8,4,90
2109,11,3,286,4,1554,6,1,40
2110,11,3,287,6,1560,8,4,60
2111,11,3,288,6,1566,6,3,60
2112,11,3,289,6,1572,3,1,60
2113,11,3,290,5,1577,2,0,50
2114,11,3,291,9,1586,8,4,90
2115,11,3,292,4,1590,5,2,40
2116,11,3,293,3,1593,4,2,30
2117,11,3,294,9,1602,6,4,90
2118,11,3,295,3,1605,2,0,30
2119,11,3,296,8,1613,7,3,80
2120,11,3,297,8,1621,10,8,80
2121,11,3,298,6,1627,7,1,60
2122,11,3,299,4,1631,7,3,40
2123,11,3,300,9,1640,12,6,90
2124,11,3,301,4,1644,7,2,40
2125,11,3,302,8,1652,7,3,80
2126,11,3,303,8,1660,9,6,80
2127,11,3,304,4,1664,8,4,40
2128,11,3,305,9,1673,8,4,90
2129,11,3,306,6,1679,11,9,60
2130,11,3,307,8,1687,4,2,80
2131,11,3,308,7,1694,7,2,70
2132,11,3,309,6,1700,10,7,60
2133,11,3,310,5,1705,5,1,50
2134,11,3,311,4,1709,7,4,40
2135,11,3,312,2,1711,5,1,20
2136,11,3,313,8,1719,10,5,80
2137,11,3,314,3,1722,6,5,30
2138,11,3,315,4,1726,2,0,40
2139,11,3,316,4,1730,3,2,40
2140,11,3,317,5,1735,2,1,50
2141,11,3,318,9,1744,5,3,90
2142,11,3,319,2,1746,4,2,20
2143,11,3,320,5,1751,6,1,50
2144,11,3,321,2,1753,8,3,20
2145,11,3,322,5,1758,6,4,50
2146,11,3,323,9,1767,6,2,90
2147,11,3,324,7,1774,6,1,70
2148,11,3,325,9,1783,10,10,90
2149,11,3,326,6,1789,3,0,60
2150,11,3,327,4,1793,6,1,40
2151,11,3,328,9,1802,9,4,90
2152,11,3,329,9,1811,9,4,90
2153,11,3,330,3,1814,6,3,30
2154,11,3,331,8,1822,5,2,80
2155,11,3,332,3,1825,6,1,30
2156,11,3,333,7,1832,12,7,70
2157,11,3,334,8,1840,7,3,80
2158,11,3,335,9,1849,8,5,90
2159,11,3,336,6,1855,9,3,60
2160,11,3,337,3,1858,7,2,30
2161,11,3,338,5,1863,8,5,50
2162,11,3,339,5,1868,6,3,50
2163,11,3,340,6,1874,8,2,60
2164,11,3,341,5,1879,9,4,50
2165,11,3,342,5,1884,6,4,50
2166,11,3,343,9,1893,6,1,90
2167,11,3,344,2,1895,6,3,20
2168,11,3,345,6,1901,6,3,60
2169,11,3,346,9,1910,8,3,90
2170,11,3,347,7,1917,9,4,70
2171,11,3,348,7,1924,6,4,70
2172,11,3,349,8,1932,7,2,80
2173,11,3,350,9,1941,9,6,90
2174,11,3,351,6,1947,3,1,60
2175,11,3,352,5,1952,5,2,50
2176,11,3,353,3,1955,4,2,30
2177,11,3,354,6,1961,3,0,60
2178,11,3,355,3,1964,5,1,30
2179,11,3,356,5,1969,7,2,50
2180,11,3,357,9,1978,7,3,90
2181,11,3,358,5,1983,6,2,50
2182,11,3,359,3,1986,6,2,30
2183,11,3,360,7,1993,10,4,70
2184,11,3,361,4,1997,9,5,40
2185,11,3,362,4,2001,4,2,40
2186,11,3,363,4,2005,5,3,40
2187,11,3,364,8,2013,5,2,80
2188,11,3,365,8,2021,6,4,80
2189,11,3,366,7,2028,6,1,70
2190,11,3,367,5,2033,5,4,50
2191,11,3,368,9,2042,8,2,90
2192,11,3,369,7,2049,8,5,70
2193,11,3,370,8,2057,8,3,80
2194,11,3,371,3,2060,6,3,30
2195,11,3,372,4,2064,7,4,40
2196,11,3,373,4,2068,3,1,40
2197,11,3,374,2,2070,3,1,20
2198,11,3,375,8,2078,7,4,80
2199,11,3,376,9,2087,6,2,90
2200,11,3,377,5,2092,5,3,50
2201,11,3,378,9,2101,9,3,90
2202,11,3,379,7,2108,6,3,70
2203,11,3,380,3,2111,4,3,30
2204,11,3,381,3,2114,6,2,30
2205,11,3,382,9,2123,8,4,90
2206,11,3,383,2,2125,5,2,20
2207,11,3,384,9,2134,5,2,90
2208,11,3,385,8,2142,7,3,80
2209,11,3,386,7,2149,6,5,70
2210,11,3,387,5,2154,3,1,50
2211,11,3,388,2,2156,2,0,20
2212,11,3,389,7,2163,5,2,70
2213,11,3,390,2,2165,4,3,20
2214,11,3,391,5,2170,2,0,50
2215,11,3,392,9,2179,7,3,90
2216,11,3,393,3,2182,5,3,30
2217,11,3,394,8,2190,9,4,80
2218,11,3,395,2,2192,5,1,20
2219,11,3,396,4,2196,5,2,40
2220,11,3,397,6,2202,6,4,60
2221,11,3,398,7,2209,2,1,70
2222,11,3,399,2,2211,3,0,20
2223,11,3,400,3,2214,6,3,30
2224,11,3,401,3,2217,5,3,30
2225,11,3,402,5,2222,3,1,50
2226,11,3,403,9,2231,8,5,90
2227,11,3,404,2,2233,4,2,20
2228,11,3,405,4,2237,5,2,40
2229,11,3,406,9,2246,6,4,90
2230,11,3,407,9,2255,5,2,90
2231,11,3,408,6,2261,5,3,60
2232,11,3,409,2,2263,2,1,20
2233,11,3,410,4,2267,2,0,40
2234,11,3,411,6,2273,4,2,60
2235,11,3,412,9,2282,6,3,90
2236,11,3,413,8,2290,6,3,80
2237,11,3,414,3,2293,3,2,30
2238,11,3,415,2,2295,2,1,20
2239,11,3,416,8,2303,7,4,80
2240,11,3,417,8,2311,8,8,80
2241,11,3,418,7,2318,4,1,70
2242,11,3,419,5,2323,3,0,50
2243,11,3,420,2,2325,3,2,20
2244,11,3,421,8,2333,8,5,80
2245,11,3,422,5,2338,5,1,50
2246,11,3,423,5,2343,8,4,50
2247,11,3,424,9,2352,8,3,90
2248,11,3,425,7,2359,11,5,70
2249,11,3,426,5,2364,10,4,50
2250,11,3,427,2,2366,8,3,20
2251,11,3,428,5,2371,9,4,50
2252,11,3,429,8,2379,6,1,80
2253,11,3,430,6,2385,8,5,60
2254,11,3,431,3,2388,4,2,30
2255,11,3,432,5,2393,4,1,50
2256,11,3,433,7,2400,4,3,70
2257,11,3,434,4,2404,3,1,40
2258,11,3,435,3,2407,7,4,30
2259,11,3,436,3,2410,5,4,30
2260,11,3,437,3,2413,6,1,30
2261,11,3,438,7,2420,10,4,70
2262,11,3,439,9,2429,15,8,90
2263,11,3,440,7,2436,13,7,70
2264,11,3,441,7,2443,10,5,70
2265,11,3,442,7,2450,10,6,70
2266,11,3,443,2,2452,5,2,20
2267,11,3,444,3,2455,3,0,30
2268,11,3,445,9,2464,6,2,90
2269,11,3,446,7,2471,9,6,70
2270,11,3,447,9,2480,7,2,90
2271,11,3,448,2,2482,6,3,20
2272,11,3,449,5,2487,5,2,50
2273,11,3,450,5,2492,7,3,50
2274,11,3,451,5,2497,5,3,50
2275,11,3,452,7,2504,3,2,70
2276,11,3,453,5,2509,2,1,50
2277,11,3,454,2,2511,3,1,20
2278,11,3,455,5,2516,3,1,50
2279,11,3,456,9,2525,6,3,90
2280,11,3,457,3,2528,5,1,30
2281,11,3,458,2,2530,4,2,20
2282,11,3,459,8,2538,9,6,80
2283,11,3,460,8,2546,6,3,80
2284,11,3,461,6,2552,5,2,60
2285,11,3,462,4,2556,7,3,40
2286,11,3,463,8,2564,5,4,80
2287,11,3,464,9,2573,10,4,90
2288,11,3,465,6,2579,10,6,60
2289,11,3,466,5,2584,5,2,50
2290,11,3,467,6,2590,5,1,60
2291,11,3,468,8,2598,10,5,80
2292,11,3,469,7,2605,10,3,70
2293,11,3,470,7,2612,10,3,70
2294,11,3,471,9,2621,9,6,90
2295,11,3,472,5,2626,4,0,50
2296,11,3,473,5,2631,5,3,50
2297,11,3,474,5,2636,4,3,50
2298,11,3,475,9,2645,4,2,90
2299,11,3,476,7,2652,7,1,70
2300,11,3,477,4,2656,9,3,40
2301,11,3,478,2,2658,8,5,20
2302,11,3,479,4,2662,4,3,40
2303,11,3,480,9,2671,6,3,90
2304,11,3,481,4,2675,3,1,40
2305,11,3,482,5,2680,4,2,50
2306,11,3,483,5,2685,4,1,50
2307,11,3,484,7,2692,8,8,70
2308,11,3,485,5,2697,4,0,50
2309,11,3,486,2,2699,5,2,20
2310,11,3,487,9,2708,8,4,90
2311,11,3,488,2,2710,4,1,20
2312,11,3,489,9,2719,6,2,90
2313,11,3,490,8,2727,6,2,80
2314,11,3,491,4,2731,6,2,40
2315,11,3,492,3,2734,4,4,30
2316,11,3,493,3,2737,3,1,30
2317,11,3,494,4,2741,4,4,40
2318,11,3,495,4,2745,3,0,40
2319,11,3,496,4,2749,4,1,40
2320,11,3,497,7,2756,9,6,70
2321,11,3,498,7,2763,8,4,70
2322,11,3,499,4,2767,9,5,40
2323,11,3,500,4,2771,9,1,40
2324,11,3,501,4,2775,10,6,40
2325,11,3,502,6,2781,11,4,60
2326,11,3,503,3,2784,8,6,30
2327,11,3,504,7,2791,7,4,70
2328,11,3,505,6,2797,8,3,60
2329,11,3,506,3,2800,5,2,30
2330,11,3,507,9,2809,12,7,90
2331,11,3,508,4,2813,8,1,40
2332,11,3,509,3,2816,8,4,30
2333,11,3,510,5,2821,5,2,50
2334,11,3,511,2,2823,4,1,20
2335,11,3,512,4,2827,3,0,40
2336,11,3,513,4,2831,7,5,40
2337,11,3,514,2,2833,2,0,20
2338,11,3,515,2,2835,3,3,20
2339,11,3,516,3,2838,0,0,30
2340,11,3,517,7,2845,5,3,70
2341,11,3,518,3,2848,4,1,30
2342,11,3,519,2,2850,3,2,20
2343,11,3,520,4,2854,2,0,40
2344,11,3,521,6,2860,2,1,60
2345,11,3,522,7,2867,7,4,70
2346,11,3,523,8,2875,6,3,80
2347,11,3,524,4,2879,6,1,40
2348,11,3,525,3,2882,7,3,30
2349,11,3,526,3,2885,6,1,30
2350,11,3,527,4,2889,7,1,40
2351,11,3,528,2,2891,8,2,20
2352,11,3,529,4,2895,8,4,40
2353,11,3,530,5,2900,6,5,50
2354,11,3,531,8,2908,3,1,80
2355,11,3,532,2,2910,4,3,20
2356,11,3,533,9,2919,4,1,90
2357,11,3,534,6,2925,5,2,60
2358,11,3,535,7,2932,7,2,70
2359,11,3,536,6,2938,7,2,60
2360,11,3,537,4,2942,5,3,40
2361,11,3,538,4,2946,9,6,40
2362,11,3,539,4,2950,7,2,40
2363,11,3,540,9,2959,13,6,90
2364,11,3,541,8,2967,9,7,80
2365,11,3,542,4,2971,4,2,40
2366,11,3,543,2,2973,2,1,20
2367,11,3,544,3,2976,2,1,30
2368,11,3,545,3,2979,3,2,30
2369,11,3,546,5,2984,6,2,50
2370,11,3,547,3,2987,6,2,30
2371,11,3,548,5,2992,7,1,50
2372,11,3,549,9,3001,8,3,90
2373,11,3,550,9,3010,11,8,90
2374,11,3,551,7,3017,4,4,70
2375,11,3,552,7,3024,1,0,70
2376,11,3,553,6,3030,5,4,60
2377,11,3,554,5,3035,2,1,50
2378,11,3,555,8,3043,3,0,80
2379,11,3,556,3,3046,3,1,30
2380,11,3,557,6,3052,5,4,60
2381,11,3,558,7,3059,4,1,70
2382,11,3,559,6,3065,4,1,60
2383,11,3,560,4,3069,5,3,40
2384,11,3,561,4,3073,7,4,40
2385,11,3,562,4,3077,6,4,40
2386,11,3,563,7,3084,5,2,70
2387,11,3,564,4,3088,3,1,40
2388,11,3,565,9,3097,5,2,90
2389,11,3,566,6,3103,6,4,60
2390,11,3,567,8,3111,6,2,80
2391,11,3,568,5,3116,6,3,50
2392,11,3,569,6,3122,5,2,60
2393,11,3,570,6,3128,5,1,60
2394,11,3,571,9,3137,8,2,90
2395,11,3,572,6,3143,11,5,60
2396,11,3,573,4,3147,9,3,40
2397,11,3,574,3,3150,7,5,30
2398,11,3,575,7,3157,5,2,70
2399,11,3,576,9,3166,7,2,90
2400,11,3,577,9,3175,8,3,90
2401,11,3,578,8,3183,10,6,80
2402,11,3,579,2,3185,4,2,20
2403,11,3,580,3,3188,3,2,30
2404,11,3,581,9,3197,5,2,90
2405,11,3,582,4,3201,4,1,40
2406,11,3,583,8,3209,7,2,80
2407,11,3,584,5,3214,7,6,50
2408,11,3,585,7,3221,5,2,70
2409,11,3,586,4,3225,4,3,40
2410,11,3,587,8,3233,5,5,80
2411,11,3,588,3,3236,2,0,30
2412,11,3,589,9,3245,2,0,90
2413,11,3,590,4,3249,3,0,40
2414,11,3,591,9,3258,11,5,90
2415,11,3,592,4,3262,8,3,40
2416,11,3,593,5,3267,9,4,50
2417,11,3,594,8,3275,9,2,80
2418,11,3,595,3,3278,8,5,30
2419,11,3,596,9,3287,10,4,90
2420,11,3,597,6,3293,10,4,60
2421,11,3,598,5,3298,8,2,50
2422,11,3,599,6,3304,8,5,60
2423,11,3,600,7,3311,10,4,70
2424,11,3,601,9,3320,8,8,90
2425,11,3,602,7,3327,4,1,70
2426,11,3,603,6,3333,5,2,60
2427,11,3,604,5,3338,6,2,50
2428,11,3,605,4,3342,6,1,40
2429,11,3,606,7,3349,5,3,70
2430,11,3,607,7,3356,3,2,70
2431,11,3,608,3,3359,2,0,30
2432,11,3,609,3,3362,2,2,30
2433,11,3,610,9,3371,1,0,90
2434,11,3,611,9,3380,6,2,90
2435,11,3,612,8,3388,6,3,80
2436,11,3,613,3,3391,3,2,30
2437,11,3,614,8,3399,3,0,80
2438,11,3,615,3,3402,5,2,30
2439,11,3,616,2,3404,4,1,20
2440,11,3,617,5,3409,6,2,50
2441,11,3,618,8,3417,8,7,80
2442,11,3,619,4,3421,2,0,40
2443,11,3,620,9,3430,7,5,90
2444,11,3,621,3,3433,6,2,30
2445,11,3,622,3,3436,9,6,30
2446,11,3,623,3,3439,6,4,30
2447,11,3,624,4,3443,3,1,40
2448,11,3,625,4,3447,2,1,40
2449,11,3,626,9,3456,7,4,90
2450,11,3,627,5,3461,9,5,50
2451,11,3,628,5,3466,4,2,50
2452,11,3,629,3,3469,2,0,30
2453,11,3,630,2,3471,2,1,20
2454,11,3,631,6,3477,5,1,60
2455,11,3,632,6,3483,15,7,60
2456,11,3,633,6,3489,10,5,60
2457,11,3,634,8,3497,8,4,80
2458,11,3,635,6,3503,5,3,60
2459,11,3,636,3,3506,3,1,30
2460,11,3,637,9,3515,10,5,90
2461,11,3,638,8,3523,12,6,80
2462,11,3,639,2,3525,6,3,20
2463,11,3,640,4,3529,4,4,40
2464,11,3,641,4,3533,4,2,40
2465,11,3,642,5,3538,4,4,50
2466,11,3,643,9,3547,6,4,90
2467,11,3,644,9,3556,6,3,90
2468,11,3,645,6,3562,5,3,60
2469,11,3,646,8,3570,8,3,80
2470,11,3,647,7,3577,6,4,70
2471,11,3,648,9,3586,9,4,90
2472,11,3,649,6,3592,8,6,60
2473,11,3,650,8,3600,8,4,80
2474,11,3,651,3,3603,5,3,30
2475,11,3,652,9,3612,6,3,90
2476,11,3,653,4,3616,4,2,40
2477,11,3,654,6,3622,6,3,60
2478,11,3,655,8,3630,7,7,80
2479,11,3,656,2,3632,2,1,20
2480,11,3,657,6,3638,4,1,60
2481,11,3,658,3,3641,5,2,30
2482,11,3,659,5,3646,5,2,50
2483,11,3,660,6,3652,6,3,60
2484,11,3,661,9,3661,3,2,90
2485,11,3,662,4,3665,1,0,40
2486,11,3,663,7,3672,7,2,70
2487,11,3,664,6,3678,6,4,60
2488,11,3,665,7,3685,5,1,70
2489,11,3,666,7,3692,8,5,70
2490,11,3,667,7,3699,7,2,70
2491,11,3,668,7,3706,10,6,70
2492,11,3,669,8,3714,9,1,80
2493,11,3,670,9,3723,13,13,90
2494,11,3,671,4,3727,2,0,40
2495,11,3,672,6,3733,7,3,60
2496,11,3,673,8,3741,7,7,80
2497,11,3,674,6,3747,3,1,60
2498,11,3,675,6,3753,6,6,60
2499,11,3,676,2,3755,1,0,20
2500,11,3,677,3,3758,3,0,30
2501,11,3,678,6,3764,6,3,60
2502,11,3,679,9,3773,10,4,90
2503,11,3,680,7,3780,10,10,70
2504,11,3,681,7,3787,2,1,70
2505,11,3,682,5,3792,3,2,50
2506,11,3,683,8,3800,3,0,80
2507,11,3,684,5,3805,4,2,50
2508,11,3,685,6,3811,5,4,60
2509,11,3,686,5,3816,4,0,50
2510,11,3,687,6,3822,6,1,60
2511,11,3,688,2,3824,6,4,20
2512,11,3,689,2,3826,4,4,20
2513,11,3,690,9,3835,8,3,90
2514,11,3,691,5,3840,7,0,50
2515,11,3,692,9,3849,10,6,90
2516,11,3,693,9,3858,7,3,90
2517,11,3,694,4,3862,6,2,40
2518,11,3,695,6,3868,10,6,60
2519,11,3,696,7,3875,7,3,70
2520,11,3,697,2,3877,5,1,20
2521,11,3,698,5,3882,5,3,50
2522,11,3,699,4,3886,5,2,40
2523,11,3,700,8,3894,7,2,80
2524,11,3,701,3,3897,5,2,30
2525,11,3,702,3,3900,6,2,30
2526,11,3,703,4,3904,5,3,40
2527,11,3,704,2,3906,2,0,20
2528,11,3,705,6,3912,5,1,60
2529,11,3,706,4,3916,7,4,40
2530,11,3,707,6,3922,5,1,60
2531,11,3,708,9,3931,10,1,90
2532,11,3,709,4,3935,13,6,40
2533,11,3,710,4,3939,10,4,40
2534,11,3,711,3,3942,7,4,30
2535,11,3,712,8,3950,8,2,80
2536,11,3,713,3,3953,8,3,30
2537,11,3,714,3,3956,6,4,30
2538,11,3,715,7,3963,4,1,70
2539,11,3,716,3,3966,5,1,30
2540,11,3,717,4,3970,4,0,40
2541,11,3,718,3,3973,5,3,30
2542,11,3,719,6,3979,4,2,60
2543,11,3,720,9,3988,9,5,90
2544,11,3,721,7,3995,7,4,70
2545,11,3,722,2,3997,4,3,20
2546,11,3,723,4,4001,5,1,40
2547,11,3,724,3,4004,7,3,30
2548,11,3,725,3,4007,6,3,30
2549,11,3,726,3,4010,4,2,30
2550,11,3,727,8,4018,3,2,80
2551,11,3,728,8,4026,5,4,80
2552,11,3,729,9,4035,3,1,90
2553,11,3,730,3,4038,3,1,30
2554,11,3,731,5,4043,5,3,50
2555,11,3,732,9,4052,6,3,90
2556,11,3,733,7,4059,9,3,70
2557,11,3,734,6,4065,10,5,60
2558,11,3,735,2,4067,5,2,20
2559,11,3,736,3,4070,3,2,30
2560,11,3,737,3,4073,3,0,30
2561,11,3,738,3,4076,3,1,30
2562,11,3,739,3,4079,3,0,30
2563,11,3,740,2,4081,4,2,20
2564,11,3,741,7,4088,6,6,70
2565,11,3,742,8,4096,5,1,80
2566,11,3,743,4,4100,8,3,40
2567,11,3,744,2,4102,8,5,20
2568,11,3,745,3,4105,3,0,30
2569,11,3,746,8,4113,9,5,80
2570,11,3,747,8,4121,6,3,80
2571,11,3,748,6,4127,6,3,60
2572,11,3,749,3,4130,3,1,30
2573,11,3,750,3,4133,3,1,30
2574,11,3,751,5,4138,4,1,50
2575,11,3,752,9,4147,5,3,90
2576,11,3,753,7,4154,8,4,70
2577,11,3,754,7,4161,11,3,70
2578,11,3,755,9,4170,14,10,90
2579,11,3,756,3,4173,7,3,30
2580,11,3,757,8,4181,5,5,80
2581,11,3,758,9,4190,3,1,90
2582,11,3,759,6,4196,5,2,60
2583,11,3,760,2,4198,4,0,20
2584,11,3,761,3,4201,5,3,30
2585,11,3,762,4,4205,3,1,40
2586,11,3,763,2,4207,2,2,20
2587,11,3,764,5,4212,3,0,50
2588,11,3,765,9,4221,9,3,90
2589,11,3,766,5,4226,9,2,50
2590,11,3,767,3,4229,8,8,30
2591,11,3,768,6,4235,2,1,60
2592,11,3,769,2,4237,1,0,20
2593,11,3,770,2,4239,1,0,20
2594,11,3,771,3,4242,1,0,30
2595,11,3,772,9,4251,7,2,90
2596,11,3,773,4,4255,8,4,40
2597,11,3,774,3,4258,4,3,30
2598,11,3,775,6,4264,5,4,60
2599,11,3,776,5,4269,2,0,50
2600,11,3,777,3,4272,3,1,30
2601,11,3,778,9,4281,7,3,90
2602,11,3,779,7,4288,8,4,70
2603,11,3,780,4,4292,6,5,40
2604,11,3,781,9,4301,3,0,90
2605,11,3,782,5,4306,7,3,50
2606,11,3,783,3,4309,5,3,30
2607,11,3,784,6,4315,7,2,60
2608,11,3,785,8,4323,9,5,80
2609,11,3,786,8,4331,6,2,80
2610,11,3,787,6,4337,5,4,60
2611,11,3,788,5,4342,5,2,50
2612,11,3,789,9,4351,8,4,90
2613,11,3,790,7,4358,8,5,70
2614,11,3,791,9,4367,7,3,90
2615,11,3,792,9,4376,7,4,90
2616,11,3,793,4,4380,3,2,40
2617,11,3,794,9,4389,9,5,90
2618,11,3,795,6,4395,10,3,60
2619,11,3,796,3,4398,7,2,30
2620,11,3,797,4,4402,8,4,40
2621,11,3,798,3,4405,5,3,30
2622,11,3,799,7,4412,4,2,70
2623,11,3,800,7,4419,6,0,70
2624,11,3,801,9,4428,10,5,90
2625,11,3,802,2,4430,6,4,20
2626,11,3,803,9,4439,5,4,90
2627,11,3,804,5,4444,8,5,50
2628,11,3,805,6,4450,8,5,60
2629,11,3,806,9,4459,7,4,90
2630,11,3,807,2,4461,4,3,20
2631,11,3,808,3,4464,1,0,30
2632,11,3,809,5,4469,5,3,50
2633,11,3,810,6,4475,5,2,60
2634,11,3,811,8,4483,6,3,80
2635,11,3,812,9,4492,8,5,90
2636,11,3,813,7,4499,4,2,70
2637,11,3,814,6,4505,7,5,60
2638,11,3,815,8,4513,6,4,80
2639,11,3,816,8,4521,3,1,80
2640,11,3,817,6,4527,6,2,60
2641,11,3,818,8,4535,9,6,80
2642,11,3,819,8,4543,11,8,80
2643,11,3,820,4,4547,3,1,40
2644,11,3,821,2,4549,2,1,20
2645,11,3,822,3,4552,2,1,30
2646,11,3,823,3,4555,1,0,30
2647,11,3,824,4,4559,5,3,40
2648,11,3,825,9,4568,8,3,90
2649,11,3,826,6,4574,9,3,60
2650,11,3,827,8,4582,9,5,80
2651,11,3,828,6,4588,11,7,60
2652,11,3,829,8,4596,11,3,80
2653,11,3,830,7,4603,11,5,70
2654,11,3,831,5,4608,8,3,50
2655,11,3,832,3,4611,6,3,30
2656,11,3,833,3,4614,5,2,30
2657,11,3,834,4,4618,6,2,40
2658,11,3,835,9,4627,6,3,90
2659,11,3,836,2,4629,5,4,20
2660,11,3,837,6,4635,7,4,60
2661,11,3,838,3,4638,5,5,30
2662,11,3,839,5,4643,3,0,50
2663,11,3,840,4,4647,5,2,40
2664,11,3,841,2,4649,4,3,20
2665,11,3,842,3,4652,2,0,30
2666,11,3,843,5,4657,4,1,50
2667,11,3,844,2,4659,4,1,20
2668,11,3,845,9,4668,5,1,90
2669,11,3,846,2,4670,5,2,20
2670,11,3,847,9,4679,10,6,90
2671,11,3,848,4,4683,7,6,40
2672,11,3,849,2,4685,1,0,20
2673,11,3,850,9,4694,5,3,90
2674,11,3,851,6,4700,5,1,60
2675,11,3,852,8,4708,7,3,80
2676,11,3,853,9,4717,9,4,90
2677,11,3,854,7,4724,6,4,70
2678,11,3,855,7,4731,8,5,70
2679,11,3,856,6,4737,4,1,60
2680,11,3,857,3,4740,5,3,30
2681,11,3,858,9,4749,6,3,90
2682,11,3,859,4,4753,7,1,40
2683,11,3,860,7,4760,6,2,70
2684,11,3,861,8,4768,8,1,80
2685,11,3,862,6,4774,11,4,60
2686,11,3,863,9,4783,10,7,90
2687,11,3,864,4,4787,4,3,40
2688,11,3,865,7,4794,4,0,70
2689,11,3,866,7,4801,7,2,70
2690,11,3,867,7,4808,7,2,70
2691,11,3,868,5,4813,5,2,50
2692,11,3,869,3,4816,6,5,30
2693,11,3,870,8,4824,8,3,80
2694,11,3,871,7,4831,9,2,70
2695,11,3,872,7,4838,10,7,70
2696,11,3,873,7,4845,7,2,70
2697,11,3,874,2,4847,5,2,20
2698,11,3,875,4,4851,5,3,40
2699,11,3,876,9,4860,5,3,90
2700,11,3,877,2,4862,6,3,20
2701,11,3,878,8,4870,5,1,80
2702,11,3,879,3,4873,6,1,30
2703,11,3,880,9,4882,14,5,90
2704,11,3,881,4,4886,11,5,40
2705,11,3,882,2,4888,9,7,20
2706,11,3,883,6,4894,6,4,60
2707,11,3,884,6,4900,7,3,60
2708,11,3,885,2,4902,4,2,20
2709,11,3,886,2,4904,2,0,20
2710,11,3,887,7,4911,5,2,70
2711,11,3,888,8,4919,10,4,80
2712,11,3,889,6,4925,10,7,60
2713,11,3,890,3,4928,4,2,30
2714,11,3,891,7,4935,5,1,70
2715,11,3,892,4,4939,7,4,40
2716,11,3,893,3,4942,3,1,30
2717,11,3,894,5,4947,5,1,50
2718,11,3,895,7,4954,7,4,70
2719,11,3,896,6,4960,5,1,60
2720,11,3,897,5,4965,6,2,50
2721,11,3,898,8,4973,7,4,80
2722,11,3,899,6,4979,7,4,60
2723,11,3,900,3,4982,3,2,30
2724,11,3,901,7,4989,6,6,70
2725,11,3,902,6,4995,0,0,60
2726,11,3,903,2,4997,3,0,20
