,Scenario,Trial,Inspection,Interval,Time,Accumulation,Defects,Rate
0,136,1,1,2,2,0,0,20
1,136,1,2,5,7,1,0,50
2,136,1,3,5,12,1,0,50
3,136,1,4,7,19,7,1,70
4,136,1,5,6,25,8,0,60
5,136,1,6,5,30,9,1,50
6,136,1,7,8,38,10,2,80
7,136,1,8,2,40,9,9,20
8,136,1,9,6,46,3,0,60
9,136,1,10,2,48,3,0,20
10,136,1,11,6,54,7,0,60
11,136,1,12,5,59,8,8,50
12,136,1,13,8,67,4,0,80
13,136,1,14,9,76,10,3,90
14,136,1,15,7,83,11,0,70
15,136,1,16,3,86,12,2,30
16,136,1,17,7,93,13,3,70
17,136,1,18,9,102,11,1,90
18,136,1,19,3,105,11,11,30
19,136,1,20,8,113,2,0,80
20,136,1,21,8,121,6,6,80
21,136,1,22,9,130,2,2,90
22,136,1,23,4,134,2,1,40
23,136,1,24,3,137,1,0,30
24,136,1,25,7,144,5,0,70
25,136,1,26,4,148,7,7,40
26,136,1,27,5,153,4,0,50
27,136,1,28,5,158,9,1,50
28,136,1,29,5,163,10,10,50
29,136,1,30,5,168,2,0,50
30,136,1,31,2,170,3,3,20
31,136,1,32,9,179,9,9,90
32,136,1,33,7,186,2,0,70
33,136,1,34,2,188,2,2,20
34,136,1,35,9,197,3,3,90
35,136,1,36,7,204,5,1,70
36,136,1,37,9,213,9,1,90
37,136,1,38,9,222,9,9,90
38,136,1,39,6,228,1,0,60
39,136,1,40,7,235,2,2,70
40,136,1,41,4,239,0,0,40
41,136,1,42,7,246,1,1,70
42,136,1,43,7,253,1,1,70
43,136,1,44,6,259,4,0,60
44,136,1,45,6,265,6,0,60
45,136,1,46,2,267,6,6,20
46,136,1,47,7,274,3,1,70
47,136,1,48,2,276,2,0,20
48,136,1,49,9,285,9,9,90
49,136,1,50,6,291,3,3,60
50,136,1,51,4,295,2,2,40
51,136,1,52,3,298,2,0,30
52,136,1,53,4,302,5,0,40
53,136,1,54,7,309,9,0,70
54,136,1,55,2,311,10,2,20
55,136,1,56,9,320,13,1,90
56,136,1,57,4,324,13,13,40
57,136,1,58,9,333,4,0,90
58,136,1,59,5,338,6,1,50
59,136,1,60,3,341,9,0,30
60,136,1,61,8,349,14,0,80
61,136,1,62,8,357,16,16,80
62,136,1,63,2,359,2,1,20
63,136,1,64,2,361,2,2,20
64,136,1,65,3,364,1,0,30
65,136,1,66,7,371,3,0,70
66,136,1,67,6,377,6,2,60
67,136,1,68,6,383,5,1,60
68,136,1,69,9,392,6,1,90
69,136,1,70,7,399,6,6,70
70,136,1,71,6,405,7,7,60
71,136,1,72,5,410,3,1,50
72,136,1,73,9,419,6,2,90
73,136,1,74,7,426,8,1,70
74,136,1,75,9,435,11,0,90
75,136,1,76,2,437,12,1,20
76,136,1,77,2,439,12,2,20
77,136,1,78,6,445,13,13,60
78,136,1,79,4,449,3,1,40
79,136,1,80,6,455,7,2,60
80,136,1,81,7,462,15,15,70
81,136,1,82,8,470,2,2,80
82,136,1,83,2,472,3,3,20
83,136,1,84,5,477,2,2,50
84,136,1,85,3,480,0,0,30
85,136,1,86,2,482,2,2,20
86,136,1,87,2,484,0,0,20
87,136,1,88,2,486,1,0,20
88,136,1,89,9,495,8,1,90
89,136,1,90,7,502,10,2,70
90,136,1,91,3,505,9,9,30
91,136,1,92,7,512,2,2,70
92,136,1,93,4,516,2,0,40
93,136,1,94,5,521,2,1,50
94,136,1,95,9,530,9,2,90
95,136,1,96,3,533,10,2,30
96,136,1,97,3,536,10,1,30
97,136,1,98,6,542,10,1,60
98,136,1,99,5,547,14,1,50
99,136,1,100,3,550,15,2,30
100,136,1,101,6,556,14,3,60
101,136,1,102,6,562,12,2,60
102,136,1,103,6,568,14,1,60
103,136,1,104,2,570,13,4,20
104,136,1,105,2,572,11,1,20
105,136,1,106,6,578,13,2,60
106,136,1,107,4,582,13,13,40
107,136,1,108,9,591,3,3,90
108,136,1,109,7,598,3,1,70
109,136,1,110,6,604,5,5,60
110,136,1,111,2,606,0,0,20
111,136,1,112,7,613,4,4,70
112,136,1,113,3,616,2,2,30
113,136,1,114,6,622,0,0,60
114,136,1,115,3,625,0,0,30
115,136,1,116,8,633,4,0,80
116,136,1,117,5,638,7,7,50
117,136,1,118,7,645,3,3,70
118,136,1,119,6,651,2,2,60
119,136,1,120,9,660,8,8,90
120,136,1,121,3,663,1,1,30
121,136,1,122,5,668,2,2,50
122,136,1,123,5,673,1,0,50
123,136,1,124,3,676,2,2,30
124,136,1,125,5,681,3,3,50
125,136,1,126,6,687,1,1,60
126,136,1,127,9,696,7,1,90
127,136,1,128,5,701,10,10,50
128,136,1,129,3,704,2,0,30
129,136,1,130,8,712,4,0,80
130,136,1,131,7,719,8,8,70
131,136,1,132,6,725,3,1,60
132,136,1,133,5,730,4,0,50
133,136,1,134,8,738,5,2,80
134,136,1,135,7,745,6,1,70
135,136,1,136,4,749,6,0,40
136,136,1,137,5,754,6,0,50
137,136,1,138,3,757,7,1,30
138,136,1,139,3,760,8,1,30
139,136,1,140,7,767,10,10,70
140,136,1,141,5,772,1,0,50
141,136,1,142,7,779,4,4,70
142,136,1,143,4,783,2,2,40
143,136,1,144,2,785,1,0,20
144,136,1,145,6,791,3,1,60
145,136,1,146,9,800,9,9,90
146,136,1,147,7,807,4,1,70
147,136,1,148,3,810,4,0,30
148,136,1,149,4,814,6,1,40
149,136,1,150,2,816,7,7,20
150,136,1,151,9,825,4,0,90
151,136,1,152,8,833,9,2,80
152,136,1,153,6,839,10,0,60
153,136,1,154,8,847,13,13,80
154,136,1,155,2,849,1,0,20
155,136,1,156,8,857,3,3,80
156,136,1,157,7,864,4,4,70
157,136,1,158,3,867,2,0,30
158,136,1,159,9,876,9,0,90
159,136,1,160,4,880,11,11,40
160,136,1,161,5,885,3,3,50
161,136,1,162,7,892,3,0,70
162,136,1,163,6,898,7,7,60
163,136,1,164,5,903,0,0,50
164,136,1,165,8,911,6,6,80
165,136,1,166,4,915,1,0,40
166,136,1,167,4,919,2,0,40
167,136,1,168,4,923,2,0,40
168,136,1,169,7,930,5,0,70
169,136,1,170,7,937,8,8,70
170,136,1,171,5,942,5,0,50
171,136,1,172,7,949,10,0,70
172,136,1,173,7,956,14,14,70
173,136,1,174,2,958,1,1,20
174,136,1,175,8,966,1,1,80
175,136,1,176,5,971,4,4,50
176,136,1,177,3,974,0,0,30
177,136,1,178,2,976,2,0,20
178,136,1,179,2,978,2,2,20
179,136,1,180,7,985,3,0,70
180,136,1,181,4,989,6,6,40
181,136,1,182,7,996,2,0,70
182,136,1,183,8,1004,8,8,80
183,136,1,184,3,1007,1,0,30
184,136,1,185,4,1011,1,1,40
185,136,1,186,2,1013,0,0,20
186,136,1,187,6,1019,7,0,60
187,136,1,188,3,1022,9,1,30
188,136,1,189,6,1028,11,1,60
189,136,1,190,5,1033,14,1,50
190,136,1,191,6,1039,15,15,60
191,136,1,192,6,1045,0,0,60
192,136,1,193,8,1053,2,0,80
193,136,1,194,6,1059,7,7,60
194,136,1,195,2,1061,0,0,20
195,136,1,196,3,1064,3,3,30
196,136,1,197,5,1069,4,0,50
197,136,1,198,3,1072,5,5,30
198,136,1,199,5,1077,6,0,50
199,136,1,200,9,1086,8,2,90
200,136,1,201,2,1088,7,7,20
201,136,1,202,3,1091,1,0,30
202,136,1,203,9,1100,6,6,90
203,136,1,204,5,1105,3,3,50
204,136,1,205,5,1110,1,0,50
205,136,1,206,2,1112,1,0,20
206,136,1,207,9,1121,4,4,90
207,136,1,208,5,1126,1,0,50
208,136,1,209,3,1129,2,2,30
209,136,1,210,3,1132,0,0,30
210,136,1,211,9,1141,5,1,90
211,136,1,212,8,1149,5,0,80
212,136,1,213,9,1158,13,13,90
213,136,1,214,4,1162,0,0,40
214,136,1,215,5,1167,5,5,50
215,136,1,216,7,1174,2,2,70
216,136,1,217,6,1180,1,0,60
217,136,1,218,5,1185,5,5,50
218,136,1,219,7,1192,3,0,70
219,136,1,220,4,1196,4,1,40
220,136,1,221,7,1203,5,1,70
221,136,1,222,8,1211,8,8,80
222,136,1,223,2,1213,2,2,20
223,136,1,224,8,1221,2,2,80
224,136,1,225,2,1223,3,0,20
225,136,1,226,2,1225,4,4,20
226,136,1,227,4,1229,1,1,40
227,136,1,228,6,1235,1,0,60
228,136,1,229,7,1242,2,1,70
229,136,1,230,2,1244,2,2,20
230,136,1,231,6,1250,1,0,60
231,136,1,232,6,1256,4,0,60
232,136,1,233,2,1258,6,1,20
233,136,1,234,2,1260,5,0,20
234,136,1,235,6,1266,6,2,60
235,136,1,236,8,1274,11,11,80
236,136,1,237,5,1279,3,0,50
237,136,1,238,7,1286,5,0,70
238,136,1,239,7,1293,10,1,70
239,136,1,240,8,1301,14,14,80
240,136,1,241,6,1307,3,1,60
241,136,1,242,2,1309,2,0,20
242,136,1,243,4,1313,6,0,40
243,136,1,244,5,1318,6,0,50
244,136,1,245,7,1325,10,1,70
245,136,1,246,9,1334,16,16,90
246,136,1,247,7,1341,4,4,70
247,136,1,248,2,1343,0,0,20
248,136,1,249,3,1346,0,0,30
249,136,1,250,7,1353,4,4,70
250,136,1,251,6,1359,3,0,60
251,136,1,252,5,1364,6,6,50
252,136,1,253,3,1367,2,0,30
253,136,1,254,4,1371,4,0,40
254,136,1,255,9,1380,9,9,90
255,136,1,256,7,1387,3,1,70
256,136,1,257,2,1389,2,0,20
257,136,1,258,3,1392,3,3,30
258,136,1,259,8,1400,5,5,80
259,136,1,260,2,1402,0,0,20
260,136,1,261,7,1409,0,0,70
261,136,1,262,4,1413,4,1,40
262,136,1,263,3,1416,3,3,30
263,136,1,264,6,1422,4,0,60
264,136,1,265,6,1428,7,1,60
265,136,1,266,7,1435,7,0,70
266,136,1,267,7,1442,12,1,70
267,136,1,268,9,1451,15,15,90
268,136,1,269,4,1455,2,0,40
269,136,1,270,9,1464,4,0,90
270,136,1,271,5,1469,9,9,50
271,136,1,272,4,1473,3,3,40
272,136,1,273,3,1476,1,1,30
273,136,1,274,8,1484,3,3,80
274,136,1,275,9,1493,4,4,90
275,136,1,276,4,1497,2,2,40
276,136,1,277,6,1503,6,0,60
277,136,1,278,2,1505,7,1,20
278,136,1,279,4,1509,6,2,40
279,136,1,280,5,1514,6,0,50
280,136,1,281,4,1518,7,1,40
281,136,1,282,8,1526,13,13,80
282,136,1,283,6,1532,1,1,60
283,136,1,284,4,1536,1,1,40
284,136,1,285,6,1542,2,0,60
285,136,1,286,2,1544,2,0,20
286,136,1,287,6,1550,4,4,60
287,136,1,288,3,1553,1,0,30
288,136,1,289,4,1557,3,3,40
289,136,1,290,7,1564,6,6,70
290,136,1,291,6,1570,6,0,60
291,136,1,292,6,1576,9,2,60
292,136,1,293,6,1582,14,3,60
293,136,1,294,5,1587,17,0,50
294,136,1,295,2,1589,18,18,20
295,136,1,296,2,1591,0,0,20
296,136,1,297,9,1600,0,0,90
297,136,1,298,7,1607,6,0,70
298,136,1,299,9,1616,12,12,90
299,136,1,300,9,1625,2,0,90
300,136,1,301,2,1627,3,3,20
301,136,1,302,5,1632,0,0,50
302,136,1,303,9,1641,1,0,90
303,136,1,304,4,1645,4,4,40
304,136,1,305,8,1653,6,6,80
305,136,1,306,4,1657,2,2,40
306,136,1,307,9,1666,4,1,90
307,136,1,308,5,1671,4,0,50
308,136,1,309,3,1674,4,0,30
309,136,1,310,4,1678,5,5,40
310,136,1,311,4,1682,1,0,40
311,136,1,312,6,1688,2,0,60
312,136,1,313,6,1694,6,1,60
313,136,1,314,3,1697,8,2,30
314,136,1,315,8,1705,10,2,80
315,136,1,316,3,1708,8,2,30
316,136,1,317,5,1713,7,1,50
317,136,1,318,8,1721,12,2,80
318,136,1,319,8,1729,16,5,80
319,136,1,320,3,1732,14,14,30
320,136,1,321,5,1737,2,0,50
321,136,1,322,3,1740,3,3,30
322,136,1,323,7,1747,4,4,70
323,136,1,324,6,1753,3,0,60
324,136,1,325,5,1758,4,4,50
325,136,1,326,4,1762,2,0,40
326,136,1,327,6,1768,8,8,60
327,136,1,328,6,1774,4,1,60
328,136,1,329,2,1776,6,1,20
329,136,1,330,7,1783,9,9,70
330,136,1,331,4,1787,2,2,40
331,136,1,332,3,1790,0,0,30
332,136,1,333,3,1793,1,0,30
333,136,1,334,2,1795,3,0,20
334,136,1,335,5,1800,4,4,50
335,136,1,336,8,1808,4,1,80
336,136,1,337,4,1812,7,7,40
337,136,1,338,8,1820,1,0,80
338,136,1,339,4,1824,2,0,40
339,136,1,340,2,1826,2,2,20
340,136,1,341,6,1832,2,0,60
341,136,1,342,6,1838,4,0,60
342,136,1,343,4,1842,5,5,40
343,136,1,344,9,1851,5,5,90
344,136,1,345,6,1857,3,1,60
345,136,1,346,9,1866,7,7,90
346,136,1,347,2,1868,0,0,20
347,136,1,348,7,1875,4,1,70
348,136,1,349,4,1879,7,7,40
349,136,1,350,5,1884,2,0,50
350,136,1,351,9,1893,8,8,90
351,136,1,352,6,1899,6,0,60
352,136,1,353,3,1902,10,1,30
353,136,1,354,3,1905,13,13,30
354,136,1,355,6,1911,5,1,60
355,136,1,356,7,1918,5,5,70
356,136,1,357,3,1921,3,0,30
357,136,1,358,6,1927,5,0,60
358,136,1,359,4,1931,7,1,40
359,136,1,360,9,1940,11,11,90
360,136,1,361,4,1944,2,0,40
361,136,1,362,5,1949,4,4,50
362,136,1,363,8,1957,2,1,80
363,136,1,364,2,1959,1,1,20
364,136,1,365,2,1961,1,1,20
365,136,1,366,7,1968,4,4,70
366,136,1,367,7,1975,5,5,70
367,136,1,368,8,1983,1,0,80
368,136,1,369,5,1988,5,5,50
369,136,1,370,7,1995,4,0,70
370,136,1,371,2,1997,5,5,20
371,136,1,372,6,2003,6,2,60
372,136,1,373,8,2011,7,0,80
373,136,1,374,4,2015,9,0,40
374,136,1,375,6,2021,14,14,60
375,136,1,376,9,2030,5,0,90
376,136,1,377,7,2037,6,2,70
377,136,1,378,6,2043,8,8,60
378,136,1,379,9,2052,3,3,90
379,136,1,380,9,2061,6,1,90
380,136,1,381,8,2069,6,6,80
381,136,1,382,9,2078,4,1,90
382,136,1,383,2,2080,4,0,20
383,136,1,384,4,2084,8,0,40
384,136,1,385,8,2092,13,2,80
385,136,1,386,3,2095,14,14,30
386,136,1,387,4,2099,2,0,40
387,136,1,388,7,2106,8,0,70
388,136,1,389,6,2112,12,12,60
389,136,1,390,9,2121,3,0,90
390,136,1,391,2,2123,3,0,20
391,136,1,392,6,2129,6,0,60
392,136,1,393,7,2136,11,0,70
393,136,1,394,8,2144,16,2,80
394,136,1,395,2,2146,16,16,20
395,136,1,396,5,2151,5,5,50
396,136,1,397,9,2160,8,2,90
397,136,1,398,5,2165,9,1,50
398,136,1,399,8,2173,11,1,80
399,136,1,400,2,2175,10,0,20
400,136,1,401,8,2183,12,4,80
401,136,1,402,9,2192,12,12,90
402,136,1,403,4,2196,3,3,40
403,136,1,404,9,2205,7,7,90
404,136,1,405,2,2207,2,1,20
405,136,1,406,6,2213,3,3,60
406,136,1,407,4,2217,3,3,40
407,136,1,408,9,2226,6,1,90
408,136,1,409,3,2229,7,1,30
409,136,1,410,9,2238,12,3,90
410,136,1,411,4,2242,11,11,40
411,136,1,412,7,2249,4,0,70
412,136,1,413,8,2257,7,0,80
413,136,1,414,3,2260,8,0,30
414,136,1,415,6,2266,14,2,60
415,136,1,416,3,2269,14,3,30
416,136,1,417,6,2275,13,3,60
417,136,1,418,2,2277,11,11,20
418,136,1,419,5,2282,3,1,50
419,136,1,420,9,2291,5,2,90
420,136,1,421,5,2296,7,0,50
421,136,1,422,5,2301,7,7,50
422,136,1,423,6,2307,3,3,60
423,136,1,424,5,2312,2,0,50
424,136,1,425,2,2314,2,0,20
425,136,1,426,3,2317,4,1,30
426,136,1,427,9,2326,8,2,90
427,136,1,428,5,2331,10,10,50
428,136,1,429,2,2333,3,0,20
429,136,1,430,3,2336,5,5,30
430,136,1,431,5,2341,2,2,50
431,136,1,432,6,2347,6,6,60
432,136,1,433,9,2356,5,1,90
433,136,1,434,4,2360,9,9,40
434,136,1,435,6,2366,3,3,60
435,136,1,436,6,2372,1,0,60
436,136,1,437,8,2380,7,7,80
437,136,1,438,5,2385,2,0,50
438,136,1,439,9,2394,6,6,90
439,136,1,440,6,2400,3,0,60
440,136,1,441,3,2403,5,0,30
441,136,1,442,5,2408,5,0,50
442,136,1,443,2,2410,5,0,20
443,136,1,444,6,2416,8,0,60
444,136,1,445,5,2421,12,12,50
445,136,1,446,9,2430,10,1,90
446,136,1,447,3,2433,11,1,30
447,136,1,448,6,2439,16,0,60
448,136,1,449,3,2442,17,17,30
449,136,1,450,8,2450,2,0,80
450,136,1,451,6,2456,3,0,60
451,136,1,452,8,2464,5,0,80
452,136,1,453,3,2467,5,5,30
453,136,1,454,5,2472,3,3,50
454,136,1,455,4,2476,3,0,40
455,136,1,456,5,2481,6,6,50
456,136,1,457,6,2487,3,3,60
457,136,1,458,8,2495,1,1,80
458,136,1,459,9,2504,4,0,90
459,136,1,460,9,2513,9,0,90
460,136,1,461,3,2516,11,1,30
461,136,1,462,7,2523,13,1,70
462,136,1,463,8,2531,14,14,80
463,136,1,464,5,2536,0,0,50
464,136,1,465,3,2539,2,2,30
465,136,1,466,4,2543,3,1,40
466,136,1,467,8,2551,8,3,80
467,136,1,468,3,2554,6,6,30
468,136,1,469,8,2562,4,4,80
469,136,1,470,8,2570,1,0,80
470,136,1,471,3,2573,5,5,30
471,136,1,472,7,2580,2,0,70
472,136,1,473,7,2587,6,0,70
473,136,1,474,5,2592,9,0,50
474,136,1,475,5,2597,13,13,50
475,136,1,476,6,2603,2,0,60
476,136,1,477,7,2610,3,0,70
477,136,1,478,7,2617,11,11,70
478,136,1,479,7,2624,3,0,70
479,136,1,480,6,2630,7,7,60
480,136,1,481,9,2639,2,2,90
481,136,1,482,4,2643,2,1,40
482,136,1,483,8,2651,4,1,80
483,136,1,484,6,2657,7,0,60
484,136,1,485,7,2664,14,14,70
485,136,1,486,5,2669,3,0,50
486,136,1,487,3,2672,5,5,30
487,136,1,488,4,2676,2,0,40
488,136,1,489,2,2678,5,0,20
489,136,1,490,6,2684,8,8,60
490,136,1,491,8,2692,7,2,80
491,136,1,492,8,2700,5,1,80
492,136,1,493,9,2709,10,10,90
493,136,1,494,5,2714,3,0,50
494,136,1,495,9,2723,6,0,90
495,136,1,496,2,2725,7,7,20
496,136,1,497,7,2732,3,1,70
497,136,1,498,2,2734,3,3,20
498,136,1,499,7,2741,3,3,70
499,136,1,500,8,2749,3,1,80
500,136,1,501,7,2756,7,1,70
501,136,1,502,2,2758,7,1,20
502,136,1,503,9,2767,11,11,90
503,136,1,504,8,2775,5,5,80
504,136,1,505,6,2781,3,3,60
505,136,1,506,6,2787,5,5,60
506,136,1,507,5,2792,2,0,50
507,136,1,508,2,2794,2,0,20
508,136,1,509,3,2797,2,0,30
509,136,1,510,9,2806,6,0,90
510,136,1,511,5,2811,7,0,50
511,136,1,512,8,2819,12,12,80
512,136,1,513,3,2822,1,0,30
513,136,1,514,8,2830,9,9,80
514,136,1,515,7,2837,7,1,70
515,136,1,516,9,2846,11,1,90
516,136,1,517,5,2851,15,4,50
517,136,1,518,8,2859,13,2,80
518,136,1,519,4,2863,12,12,40
519,136,1,520,4,2867,3,3,40
520,136,1,521,3,2870,1,1,30
521,136,1,522,5,2875,3,3,50
522,136,1,523,5,2880,1,0,50
523,136,1,524,7,2887,4,0,70
524,136,1,525,7,2894,4,4,70
525,136,1,526,9,2903,8,8,90
526,136,1,527,4,2907,2,2,40
527,136,1,528,2,2909,1,0,20
528,136,1,529,7,2916,7,1,70
529,136,1,530,8,2924,14,1,80
530,136,1,531,9,2933,16,3,90
531,136,1,532,6,2939,17,17,60
532,136,1,533,6,2945,1,0,60
533,136,1,534,7,2952,4,4,70
534,136,1,535,6,2958,3,3,60
535,136,1,536,3,2961,1,0,30
536,136,1,537,2,2963,3,0,20
537,136,1,538,4,2967,4,0,40
538,136,1,539,2,2969,5,5,20
539,136,1,540,8,2977,2,2,80
540,136,1,541,2,2979,1,0,20
541,136,1,542,3,2982,3,0,30
542,136,1,543,4,2986,5,0,40
543,136,1,544,2,2988,5,5,20
544,136,1,545,7,2995,3,3,70
545,136,1,546,5,3000,2,2,50
546,136,1,547,8,3008,4,1,80
547,136,1,548,5,3013,3,0,50
548,136,1,549,6,3019,8,0,60
549,136,1,550,2,3021,8,8,20
550,136,1,551,7,3028,3,3,70
551,136,1,552,4,3032,2,2,40
552,136,1,553,2,3034,1,1,20
553,136,1,554,8,3042,5,0,80
554,136,1,555,4,3046,6,0,40
555,136,1,556,5,3051,7,0,50
556,136,1,557,4,3055,10,10,40
557,136,1,558,7,3062,8,3,70
558,136,1,559,7,3069,8,2,70
559,136,1,560,3,3072,8,0,30
560,136,1,561,3,3075,9,1,30
561,136,1,562,9,3084,10,4,90
562,136,1,563,3,3087,7,0,30
563,136,1,564,9,3096,13,3,90
564,136,1,565,9,3105,18,0,90
565,136,1,566,2,3107,21,3,20
566,136,1,567,8,3115,21,0,80
567,136,1,568,9,3124,27,4,90
568,136,1,569,6,3130,24,24,60
569,136,1,570,6,3136,1,0,60
570,136,1,571,8,3144,8,8,80
571,136,1,572,4,3148,2,2,40
572,136,1,573,3,3151,0,0,30
573,136,1,574,7,3158,3,3,70
574,136,1,575,6,3164,4,0,60
575,136,1,576,9,3173,11,3,90
576,136,1,577,4,3177,11,2,40
577,136,1,578,2,3179,9,2,20
578,136,1,579,7,3186,13,2,70
579,136,1,580,9,3195,18,18,90
580,136,1,581,4,3199,0,0,40
581,136,1,582,6,3205,5,0,60
582,136,1,583,7,3212,10,10,70
583,136,1,584,7,3219,5,2,70
584,136,1,585,5,3224,4,0,50
585,136,1,586,4,3228,6,0,40
586,136,1,587,5,3233,6,0,50
587,136,1,588,3,3236,7,7,30
588,136,1,589,3,3239,2,2,30
589,136,1,590,5,3244,3,0,50
590,136,1,591,5,3249,6,1,50
591,136,1,592,8,3257,12,12,80
592,136,1,593,9,3266,7,7,90
593,136,1,594,3,3269,2,2,30
594,136,1,595,8,3277,3,3,80
595,136,1,596,7,3284,1,0,70
596,136,1,597,9,3293,9,0,90
597,136,1,598,3,3296,9,9,30
598,136,1,599,7,3303,8,8,70
599,136,1,600,2,3305,1,0,20
600,136,1,601,8,3313,5,5,80
601,136,1,602,7,3320,0,0,70
602,136,1,603,5,3325,4,4,50
603,136,1,604,7,3332,3,0,70
604,136,1,605,6,3338,5,0,60
605,136,1,606,5,3343,5,5,50
606,136,1,607,2,3345,0,0,20
607,136,1,608,2,3347,0,0,20
608,136,1,609,2,3349,2,0,20
609,136,1,610,3,3352,2,2,30
610,136,1,611,8,3360,4,4,80
611,136,1,612,5,3365,2,2,50
612,136,1,613,9,3374,7,1,90
613,136,1,614,2,3376,8,0,20
614,136,1,615,6,3382,9,2,60
615,136,1,616,8,3390,11,11,80
616,136,1,617,6,3396,1,1,60
617,136,1,618,9,3405,3,0,90
618,136,1,619,6,3411,4,4,60
619,136,1,620,7,3418,3,3,70
620,136,1,621,6,3424,1,1,60
621,136,1,622,5,3429,3,0,50
622,136,1,623,5,3434,4,4,50
623,136,1,624,5,3439,6,0,50
624,136,1,625,4,3443,8,1,40
625,136,1,626,9,3452,12,12,90
626,136,1,627,5,3457,3,0,50
627,136,1,628,3,3460,6,6,30
628,136,1,629,8,3468,4,0,80
629,136,1,630,9,3477,10,5,90
630,136,1,631,5,3482,7,7,50
631,136,1,632,7,3489,3,1,70
632,136,1,633,6,3495,7,7,60
633,136,1,634,4,3499,1,0,40
634,136,1,635,8,3507,6,6,80
635,136,1,636,4,3511,1,1,40
636,136,1,637,7,3518,3,3,70
637,136,1,638,8,3526,2,0,80
638,136,1,639,3,3529,2,0,30
639,136,1,640,4,3533,3,1,40
640,136,1,641,8,3541,3,0,80
641,136,1,642,8,3549,9,3,80
642,136,1,643,3,3552,8,8,30
643,136,1,644,3,3555,0,0,30
644,136,1,645,3,3558,1,0,30
645,136,1,646,4,3562,2,1,40
646,136,1,647,9,3571,4,4,90
647,136,1,648,3,3574,2,2,30
648,136,1,649,5,3579,2,0,50
649,136,1,650,9,3588,8,8,90
650,136,1,651,7,3595,1,1,70
651,136,1,652,2,3597,1,0,20
652,136,1,653,4,3601,3,0,40
653,136,1,654,4,3605,5,5,40
654,136,1,655,5,3610,2,1,50
655,136,1,656,3,3613,1,1,30
656,136,1,657,3,3616,1,0,30
657,136,1,658,8,3624,6,2,80
658,136,1,659,4,3628,7,7,40
659,136,1,660,4,3632,1,0,40
660,136,1,661,4,3636,2,0,40
661,136,1,662,5,3641,4,0,50
662,136,1,663,3,3644,7,0,30
663,136,1,664,3,3647,7,1,30
664,136,1,665,8,3655,12,3,80
665,136,1,666,2,3657,9,2,20
666,136,1,667,3,3660,7,1,30
667,136,1,668,4,3664,9,2,40
668,136,1,669,4,3668,8,2,40
669,136,1,670,6,3674,10,10,60
670,136,1,671,6,3680,2,2,60
671,136,1,672,4,3684,2,0,40
672,136,1,673,4,3688,9,2,40
673,136,1,674,8,3696,9,9,80
674,136,1,675,3,3699,2,2,30
675,136,1,676,5,3704,3,0,50
676,136,1,677,3,3707,4,4,30
677,136,1,678,4,3711,4,1,40
678,136,1,679,9,3720,9,9,90
679,136,1,680,3,3723,1,0,30
680,136,1,681,8,3731,7,7,80
681,136,1,682,7,3738,5,5,70
682,136,1,683,5,3743,4,0,50
683,136,1,684,7,3750,6,0,70
684,136,1,685,7,3757,7,0,70
685,136,1,686,5,3762,13,1,50
686,136,1,687,4,3766,14,14,40
687,136,1,688,7,3773,4,1,70
688,136,1,689,6,3779,6,1,60
689,136,1,690,6,3785,11,11,60
690,136,1,691,6,3791,0,0,60
691,136,1,692,5,3796,7,7,50
692,136,1,693,2,3798,3,1,20
693,136,1,694,8,3806,5,5,80
694,136,1,695,9,3815,5,5,90
695,136,1,696,3,3818,3,1,30
696,136,1,697,7,3825,5,0,70
697,136,1,698,7,3832,8,2,70
698,136,1,699,7,3839,13,13,70
699,136,1,700,6,3845,1,0,60
700,136,1,701,8,3853,10,1,80
701,136,1,702,8,3861,15,3,80
702,136,1,703,8,3869,15,15,80
703,136,1,704,5,3874,3,0,50
704,136,1,705,9,3883,8,8,90
705,136,1,706,9,3892,3,1,90
706,136,1,707,6,3898,9,9,60
707,136,1,708,5,3903,2,2,50
708,136,1,709,6,3909,7,0,60
709,136,1,710,6,3915,12,2,60
710,136,1,711,8,3923,15,0,80
711,136,1,712,2,3925,15,15,20
712,136,1,713,6,3931,3,0,60
713,136,1,714,3,3934,3,2,30
714,136,1,715,6,3940,3,0,60
715,136,1,716,8,3948,7,3,80
716,136,1,717,7,3955,7,0,70
717,136,1,718,7,3962,12,12,70
718,136,1,719,9,3971,7,1,90
719,136,1,720,7,3978,13,13,70
720,136,1,721,9,3987,5,1,90
721,136,1,722,5,3992,6,6,50
722,136,1,723,8,4000,1,0,80
723,136,1,724,8,4008,3,1,80
724,136,1,725,6,4014,6,0,60
725,136,1,726,8,4022,11,1,80
726,136,1,727,4,4026,11,11,40
727,136,1,728,2,4028,2,0,20
728,136,1,729,3,4031,2,2,30
729,136,1,730,5,4036,4,0,50
730,136,1,731,3,4039,6,2,30
731,136,1,732,4,4043,8,8,40
732,136,1,733,5,4048,4,1,50
733,136,1,734,7,4055,8,0,70
734,136,1,735,7,4062,9,1,70
735,136,1,736,9,4071,13,13,90
736,136,1,737,5,4076,0,0,50
737,136,1,738,7,4083,5,0,70
738,136,1,739,7,4090,8,0,70
739,136,1,740,9,4099,17,3,90
740,136,1,741,9,4108,17,3,90
741,136,1,742,3,4111,16,0,30
742,136,1,743,8,4119,20,20,80
743,136,1,744,8,4127,5,1,80
744,136,1,745,8,4135,9,2,80
745,136,1,746,9,4144,17,4,90
746,136,1,747,8,4152,19,2,80
747,136,1,748,8,4160,20,1,80
748,136,1,749,4,4164,22,22,40
749,136,1,750,3,4167,2,0,30
750,136,1,751,2,4169,2,0,20
751,136,1,752,7,4176,5,1,70
752,136,1,753,4,4180,6,0,40
753,136,1,754,8,4188,8,1,80
754,136,1,755,9,4197,16,6,90
755,136,1,756,3,4200,13,13,30
756,136,1,757,5,4205,1,1,50
757,136,1,758,4,4209,1,1,40
758,136,1,759,8,4217,2,0,80
759,136,1,760,6,4223,4,0,60
760,136,1,761,9,4232,10,10,90
761,136,1,762,9,4241,5,2,90
762,136,1,763,3,4244,4,4,30
763,136,1,764,3,4247,0,0,30
764,136,1,765,3,4250,2,0,30
765,136,1,766,3,4253,3,3,30
766,136,1,767,9,4262,4,0,90
767,136,1,768,6,4268,5,1,60
768,136,1,769,8,4276,10,3,80
769,136,1,770,6,4282,11,11,60
770,136,1,771,3,4285,2,0,30
771,136,1,772,9,4294,9,4,90
772,136,1,773,6,4300,8,8,60
773,136,1,774,8,4308,8,1,80
774,136,1,775,2,4310,7,7,20
775,136,1,776,2,4312,2,0,20
776,136,1,777,3,4315,4,4,30
777,136,1,778,3,4318,3,0,30
778,136,1,779,6,4324,7,7,60
779,136,1,780,7,4331,4,4,70
780,136,1,781,3,4334,0,0,30
781,136,1,782,6,4340,1,0,60
782,136,1,783,6,4346,5,5,60
783,136,1,784,9,4355,6,1,90
784,136,1,785,5,4360,6,6,50
785,136,1,786,8,4368,1,0,80
786,136,1,787,4,4372,3,0,40
787,136,1,788,6,4378,6,1,60
788,136,1,789,7,4385,6,1,70
789,136,1,790,8,4393,7,7,80
790,136,1,791,2,4395,2,2,20
791,136,1,792,9,4404,8,8,90
792,136,1,793,7,4411,3,0,70
793,136,1,794,2,4413,3,1,20
794,136,1,795,5,4418,4,1,50
795,136,1,796,6,4424,5,0,60
796,136,1,797,6,4430,6,1,60
797,136,1,798,2,4432,5,0,20
798,136,1,799,3,4435,6,1,30
799,136,1,800,8,4443,11,11,80
800,136,1,801,7,4450,5,5,70
801,136,1,802,3,4453,1,1,30
802,136,1,803,2,4455,0,0,20
803,136,1,804,5,4460,0,0,50
804,136,1,805,5,4465,0,0,50
805,136,1,806,3,4468,2,2,30
806,136,1,807,7,4475,4,1,70
807,136,1,808,3,4478,3,3,30
808,136,1,809,7,4485,6,6,70
809,136,1,810,9,4494,7,0,90
810,136,1,811,3,4497,8,8,30
811,136,1,812,2,4499,0,0,20
812,136,1,813,3,4502,4,0,30
813,136,1,814,2,4504,7,7,20
814,136,1,815,4,4508,4,0,40
815,136,1,816,3,4511,4,1,30
816,136,1,817,3,4514,3,3,30
817,136,1,818,5,4519,5,0,50
818,136,1,819,4,4523,6,6,40
819,136,1,820,5,4528,1,1,50
820,136,1,821,3,4531,4,1,30
821,136,1,822,3,4534,5,0,30
822,136,1,823,2,4536,8,8,20
823,136,1,824,2,4538,0,0,20
824,136,1,825,8,4546,4,1,80
825,136,1,826,5,4551,6,6,50
826,136,1,827,9,4560,2,0,90
827,136,1,828,5,4565,7,7,50
828,136,1,829,3,4568,3,3,30
829,136,1,830,6,4574,2,2,60
830,136,1,831,9,4583,4,1,90
831,136,1,832,9,4592,4,4,90
832,136,1,833,2,4594,3,3,20
833,136,1,834,9,4603,4,0,90
834,136,1,835,6,4609,10,3,60
835,136,1,836,9,4618,13,3,90
836,136,1,837,2,4620,12,2,20
837,136,1,838,9,4629,18,18,90
838,136,1,839,8,4637,2,0,80
839,136,1,840,8,4645,5,0,80
840,136,1,841,3,4648,6,2,30
841,136,1,842,3,4651,6,1,30
842,136,1,843,5,4656,8,2,50
843,136,1,844,4,4660,9,1,40
844,136,1,845,4,4664,10,3,40
845,136,1,846,3,4667,8,8,30
846,136,1,847,6,4673,3,3,60
847,136,1,848,4,4677,2,2,40
848,136,1,849,7,4684,4,4,70
849,136,1,850,6,4690,4,0,60
850,136,1,851,7,4697,8,0,70
851,136,1,852,2,4699,9,2,20
852,136,1,853,6,4705,9,9,60
853,136,1,854,2,4707,1,1,20
854,136,1,855,4,4711,2,2,40
855,136,1,856,7,4718,2,2,70
856,136,1,857,9,4727,2,1,90
857,136,1,858,7,4734,6,1,70
858,136,1,859,9,4743,10,2,90
859,136,1,860,8,4751,14,14,80
860,136,1,861,5,4756,0,0,50
861,136,1,862,4,4760,1,0,40
862,136,1,863,2,4762,2,2,20
863,136,1,864,9,4771,4,2,90
864,136,1,865,7,4778,8,1,70
865,136,1,866,3,4781,12,12,30
866,136,1,867,8,4789,4,0,80
867,136,1,868,9,4798,6,2,90
868,136,1,869,7,4805,10,3,70
869,136,1,870,4,4809,11,1,40
870,136,1,871,2,4811,10,2,20
871,136,1,872,4,4815,9,0,40
872,136,1,873,5,4820,13,1,50
873,136,1,874,9,4829,15,15,90
874,136,1,875,5,4834,5,1,50
875,136,1,876,5,4839,7,2,50
876,136,1,877,2,4841,7,7,20
877,136,1,878,3,4844,1,0,30
878,136,1,879,9,4853,8,1,90
879,136,1,880,9,4862,11,3,90
880,136,1,881,5,4867,9,1,50
881,136,1,882,8,4875,12,0,80
882,136,1,883,9,4884,19,19,90
883,136,1,884,4,4888,2,2,40
884,136,1,885,2,4890,0,0,20
885,136,1,886,4,4894,4,4,40
886,136,1,887,3,4897,0,0,30
887,136,1,888,3,4900,3,3,30
888,136,1,889,4,4904,3,3,40
889,136,1,890,8,4912,6,6,80
890,136,1,891,5,4917,4,4,50
891,136,1,892,5,4922,4,0,50
892,136,1,893,8,4930,8,2,80
893,136,1,894,8,4938,13,0,80
894,136,1,895,3,4941,14,1,30
895,136,1,896,8,4949,16,5,80
896,136,1,897,9,4958,20,4,90
897,136,1,898,8,4966,23,3,80
898,136,1,899,3,4969,21,21,30
899,136,1,900,3,4972,1,1,30
900,136,1,901,8,4980,2,2,80
901,136,1,902,5,4985,5,0,50
902,136,1,903,3,4988,8,1,30
903,136,1,904,8,4996,9,1,80
904,136,2,1,2,2,0,0,20
905,136,2,2,8,10,4,0,80
906,136,2,3,5,15,6,1,50
907,136,2,4,5,20,10,10,50
908,136,2,5,9,29,5,1,90
909,136,2,6,9,38,10,2,90
910,136,2,7,8,46,12,12,80
911,136,2,8,8,54,5,5,80
912,136,2,9,7,61,3,0,70
913,136,2,10,5,66,7,7,50
914,136,2,11,9,75,6,1,90
915,136,2,12,8,83,9,1,80
916,136,2,13,9,92,10,1,90
917,136,2,14,7,99,14,3,70
918,136,2,15,2,101,14,14,20
919,136,2,16,6,107,2,0,60
920,136,2,17,7,114,5,1,70
921,136,2,18,8,122,6,6,80
922,136,2,19,3,125,2,0,30
923,136,2,20,6,131,4,0,60
924,136,2,21,3,134,4,4,30
925,136,2,22,9,143,7,1,90
926,136,2,23,4,147,7,1,40
927,136,2,24,8,155,11,1,80
928,136,2,25,5,160,14,14,50
929,136,2,26,2,162,1,1,20
930,136,2,27,4,166,3,3,40
931,136,2,28,4,170,1,0,40
932,136,2,29,7,177,1,0,70
933,136,2,30,9,186,3,3,90
934,136,2,31,6,192,2,2,60
935,136,2,32,5,197,3,3,50
936,136,2,33,8,205,1,0,80
937,136,2,34,2,207,3,0,20
938,136,2,35,3,210,4,0,30
939,136,2,36,9,219,8,0,90
940,136,2,37,9,228,15,1,90
941,136,2,38,4,232,18,1,40
942,136,2,39,3,235,18,1,30
943,136,2,40,7,242,19,3,70
944,136,2,41,6,248,19,19,60
945,136,2,42,4,252,2,2,40
946,136,2,43,4,256,1,0,40
947,136,2,44,3,259,3,3,30
948,136,2,45,5,264,2,0,50
949,136,2,46,3,267,4,4,30
950,136,2,47,6,273,0,0,60
951,136,2,48,2,275,0,0,20
952,136,2,49,6,281,7,1,60
953,136,2,50,3,284,6,2,30
954,136,2,51,3,287,4,0,30
955,136,2,52,8,295,9,9,80
956,136,2,53,6,301,2,2,60
957,136,2,54,6,307,4,0,60
958,136,2,55,7,314,4,4,70
959,136,2,56,4,318,1,0,40
960,136,2,57,9,327,6,6,90
961,136,2,58,5,332,2,0,50
962,136,2,59,5,337,6,6,50
963,136,2,60,3,340,3,3,30
964,136,2,61,7,347,5,1,70
965,136,2,62,2,349,6,2,20
966,136,2,63,7,356,8,4,70
967,136,2,64,5,361,7,1,50
968,136,2,65,5,366,8,2,50
969,136,2,66,3,369,6,2,30
970,136,2,67,7,376,9,1,70
971,136,2,68,5,381,17,1,50
972,136,2,69,6,387,17,3,60
973,136,2,70,6,393,17,3,60
974,136,2,71,3,396,16,16,30
975,136,2,72,4,400,0,0,40
976,136,2,73,9,409,8,2,90
977,136,2,74,2,411,8,1,20
978,136,2,75,3,414,7,7,30
979,136,2,76,8,422,4,1,80
980,136,2,77,4,426,4,0,40
981,136,2,78,8,434,10,1,80
982,136,2,79,8,442,15,1,80
983,136,2,80,3,445,18,2,30
984,136,2,81,6,451,20,20,60
985,136,2,82,8,459,4,1,80
986,136,2,83,2,461,5,1,20
987,136,2,84,6,467,6,0,60
988,136,2,85,5,472,6,6,50
989,136,2,86,9,481,6,1,90
990,136,2,87,8,489,8,8,80
991,136,2,88,2,491,2,2,20
992,136,2,89,9,500,4,4,90
993,136,2,90,8,508,6,0,80
994,136,2,91,2,510,7,7,20
995,136,2,92,8,518,4,0,80
996,136,2,93,3,521,5,0,30
997,136,2,94,4,525,5,0,40
998,136,2,95,2,527,5,5,20
999,136,2,96,3,530,3,0,30
1000,136,2,97,4,534,3,3,40
1001,136,2,98,7,541,4,4,70
1002,136,2,99,3,544,2,0,30
1003,136,2,100,4,548,5,5,40
1004,136,2,101,7,555,4,4,70
1005,136,2,102,6,561,1,0,60
1006,136,2,103,8,569,7,7,80
1007,136,2,104,2,571,0,0,20
1008,136,2,105,7,578,3,0,70
1009,136,2,106,3,581,3,3,30
1010,136,2,107,2,583,1,1,20
1011,136,2,108,9,592,4,0,90
1012,136,2,109,7,599,6,3,70
1013,136,2,110,8,607,6,0,80
1014,136,2,111,4,611,9,0,40
1015,136,2,112,4,615,10,1,40
1016,136,2,113,9,624,15,15,90
1017,136,2,114,8,632,9,9,80
1018,136,2,115,8,640,2,0,80
1019,136,2,116,2,642,3,0,20
1020,136,2,117,8,650,4,4,80
1021,136,2,118,7,657,2,1,70
1022,136,2,119,9,666,7,1,90
1023,136,2,120,5,671,6,1,50
1024,136,2,121,5,676,10,10,50
1025,136,2,122,5,681,5,1,50
1026,136,2,123,2,683,4,0,20
1027,136,2,124,7,690,11,2,70
1028,136,2,125,2,692,9,2,20
1029,136,2,126,4,696,12,12,40
1030,136,2,127,6,702,1,1,60
1031,136,2,128,3,705,1,1,30
1032,136,2,129,3,708,1,0,30
1033,136,2,130,3,711,2,1,30
1034,136,2,131,4,715,1,0,40
1035,136,2,132,8,723,7,2,80
1036,136,2,133,7,730,7,0,70
1037,136,2,134,6,736,9,2,60
1038,136,2,135,9,745,12,0,90
1039,136,2,136,8,753,19,3,80
1040,136,2,137,4,757,16,3,40
1041,136,2,138,6,763,16,1,60
1042,136,2,139,5,768,16,1,50
1043,136,2,140,3,771,15,1,30
1044,136,2,141,8,779,18,18,80
1045,136,2,142,8,787,3,3,80
1046,136,2,143,8,795,0,0,80
1047,136,2,144,3,798,3,0,30
1048,136,2,145,3,801,3,0,30
1049,136,2,146,8,809,7,7,80
1050,136,2,147,2,811,0,0,20
1051,136,2,148,6,817,5,2,60
1052,136,2,149,9,826,7,2,90
1053,136,2,150,4,830,8,1,40
1054,136,2,151,8,838,11,0,80
1055,136,2,152,3,841,12,2,30
1056,136,2,153,4,845,12,2,40
1057,136,2,154,5,850,10,10,50
1058,136,2,155,4,854,0,0,40
1059,136,2,156,8,862,8,8,80
1060,136,2,157,6,868,4,1,60
1061,136,2,158,5,873,8,2,50
1062,136,2,159,7,880,8,8,70
1063,136,2,160,3,883,1,0,30
1064,136,2,161,7,890,6,0,70
1065,136,2,162,4,894,8,8,40
1066,136,2,163,3,897,0,0,30
1067,136,2,164,8,905,4,1,80
1068,136,2,165,9,914,11,1,90
1069,136,2,166,4,918,13,13,40
1070,136,2,167,5,923,4,4,50
1071,136,2,168,4,927,1,0,40
1072,136,2,169,3,930,3,1,30
1073,136,2,170,7,937,6,6,70
1074,136,2,171,8,945,3,3,80
1075,136,2,172,3,948,3,0,30
1076,136,2,173,3,951,4,4,30
1077,136,2,174,2,953,3,0,20
1078,136,2,175,5,958,5,1,50
1079,136,2,176,5,963,7,1,50
1080,136,2,177,3,966,9,9,30
1081,136,2,178,7,973,2,2,70
1082,136,2,179,7,980,0,0,70
1083,136,2,180,2,982,0,0,20
1084,136,2,181,7,989,1,1,70
1085,136,2,182,6,995,0,0,60
1086,136,2,183,9,1004,5,5,90
1087,136,2,184,6,1010,4,4,60
1088,136,2,185,5,1015,1,1,50
1089,136,2,186,8,1023,6,0,80
1090,136,2,187,3,1026,7,7,30
1091,136,2,188,4,1030,2,0,40
1092,136,2,189,2,1032,3,3,20
1093,136,2,190,3,1035,1,1,30
1094,136,2,191,8,1043,2,0,80
1095,136,2,192,8,1051,8,8,80
1096,136,2,193,9,1060,6,0,90
1097,136,2,194,8,1068,11,4,80
1098,136,2,195,4,1072,7,0,40
1099,136,2,196,8,1080,11,0,80
1100,136,2,197,2,1082,12,12,20
1101,136,2,198,2,1084,0,0,20
1102,136,2,199,7,1091,3,1,70
1103,136,2,200,3,1094,3,3,30
1104,136,2,201,5,1099,5,0,50
1105,136,2,202,3,1102,8,0,30
1106,136,2,203,3,1105,9,9,30
1107,136,2,204,3,1108,2,2,30
1108,136,2,205,2,1110,0,0,20
1109,136,2,206,2,1112,0,0,20
1110,136,2,207,7,1119,4,0,70
1111,136,2,208,3,1122,6,6,30
1112,136,2,209,2,1124,2,0,20
1113,136,2,210,6,1130,6,0,60
1114,136,2,211,7,1137,9,0,70
1115,136,2,212,2,1139,9,9,20
1116,136,2,213,2,1141,0,0,20
1117,136,2,214,8,1149,3,0,80
1118,136,2,215,7,1156,8,1,70
1119,136,2,216,3,1159,8,8,30
1120,136,2,217,9,1168,3,3,90
1121,136,2,218,5,1173,2,0,50
1122,136,2,219,4,1177,5,0,40
1123,136,2,220,4,1181,9,1,40
1124,136,2,221,5,1186,8,8,50
1125,136,2,222,3,1189,1,1,30
1126,136,2,223,6,1195,3,3,60
1127,136,2,224,6,1201,2,2,60
1128,136,2,225,3,1204,0,0,30
1129,136,2,226,6,1210,4,2,60
1130,136,2,227,3,1213,6,0,30
1131,136,2,228,6,1219,8,2,60
1132,136,2,229,4,1223,9,9,40
1133,136,2,230,5,1228,4,0,50
1134,136,2,231,3,1231,5,5,30
1135,136,2,232,8,1239,2,2,80
1136,136,2,233,7,1246,2,0,70
1137,136,2,234,5,1251,8,8,50
1138,136,2,235,4,1255,3,3,40
1139,136,2,236,7,1262,1,0,70
1140,136,2,237,7,1269,8,1,70
1141,136,2,238,9,1278,17,2,90
1142,136,2,239,3,1281,16,16,30
1143,136,2,240,3,1284,0,0,30
1144,136,2,241,2,1286,2,0,20
1145,136,2,242,5,1291,5,5,50
1146,136,2,243,3,1294,1,0,30
1147,136,2,244,5,1299,2,0,50
1148,136,2,245,7,1306,5,0,70
1149,136,2,246,5,1311,8,0,50
1150,136,2,247,7,1318,10,10,70
1151,136,2,248,2,1320,1,1,20
1152,136,2,249,3,1323,4,4,30
1153,136,2,250,5,1328,1,0,50
1154,136,2,251,5,1333,5,5,50
1155,136,2,252,9,1342,1,0,90
1156,136,2,253,8,1350,5,1,80
1157,136,2,254,5,1355,7,1,50
1158,136,2,255,7,1362,11,3,70
1159,136,2,256,5,1367,13,2,50
1160,136,2,257,5,1372,16,6,50
1161,136,2,258,2,1374,10,2,20
1162,136,2,259,6,1380,15,1,60
1163,136,2,260,8,1388,22,2,80
1164,136,2,261,7,1395,22,22,70
1165,136,2,262,2,1397,1,1,20
1166,136,2,263,9,1406,4,0,90
1167,136,2,264,2,1408,6,0,20
1168,136,2,265,7,1415,10,0,70
1169,136,2,266,7,1422,11,6,70
1170,136,2,267,9,1431,7,0,90
1171,136,2,268,9,1440,13,4,90
1172,136,2,269,4,1444,9,1,40
1173,136,2,270,3,1447,10,10,30
1174,136,2,271,7,1454,2,2,70
1175,136,2,272,9,1463,7,0,90
1176,136,2,273,8,1471,12,12,80
1177,136,2,274,5,1476,3,3,50
1178,136,2,275,7,1483,2,2,70
1179,136,2,276,7,1490,1,1,70
1180,136,2,277,3,1493,0,0,30
1181,136,2,278,7,1500,6,6,70
1182,136,2,279,6,1506,2,0,60
1183,136,2,280,3,1509,3,0,30
1184,136,2,281,2,1511,6,0,20
1185,136,2,282,6,1517,10,0,60
1186,136,2,283,6,1523,15,2,60
1187,136,2,284,4,1527,15,3,40
1188,136,2,285,8,1535,13,2,80
1189,136,2,286,5,1540,17,17,50
1190,136,2,287,2,1542,2,0,20
1191,136,2,288,6,1548,4,0,60
1192,136,2,289,6,1554,5,5,60
1193,136,2,290,3,1557,4,1,30
1194,136,2,291,6,1563,4,0,60
1195,136,2,292,2,1565,5,5,20
1196,136,2,293,6,1571,1,0,60
1197,136,2,294,8,1579,4,0,80
1198,136,2,295,4,1583,5,5,40
1199,136,2,296,9,1592,1,1,90
1200,136,2,297,6,1598,3,0,60
1201,136,2,298,6,1604,4,1,60
1202,136,2,299,4,1608,3,3,40
1203,136,2,300,2,1610,0,0,20
1204,136,2,301,2,1612,1,1,20
1205,136,2,302,3,1615,0,0,30
1206,136,2,303,7,1622,5,0,70
1207,136,2,304,2,1624,7,7,20
1208,136,2,305,2,1626,0,0,20
1209,136,2,306,6,1632,0,0,60
1210,136,2,307,5,1637,2,2,50
1211,136,2,308,8,1645,4,4,80
1212,136,2,309,8,1653,5,0,80
1213,136,2,310,5,1658,5,0,50
1214,136,2,311,7,1665,10,10,70
1215,136,2,312,8,1673,2,0,80
1216,136,2,313,5,1678,7,3,50
1217,136,2,314,4,1682,5,0,40
1218,136,2,315,4,1686,6,6,40
1219,136,2,316,7,1693,4,0,70
1220,136,2,317,3,1696,5,1,30
1221,136,2,318,7,1703,8,8,70
1222,136,2,319,3,1706,0,0,30
1223,136,2,320,7,1713,2,0,70
1224,136,2,321,7,1720,6,6,70
1225,136,2,322,9,1729,3,3,90
1226,136,2,323,9,1738,7,2,90
1227,136,2,324,3,1741,6,2,30
1228,136,2,325,9,1750,9,9,90
1229,136,2,326,6,1756,4,0,60
1230,136,2,327,8,1764,9,9,80
1231,136,2,328,2,1766,0,0,20
1232,136,2,329,9,1775,4,4,90
1233,136,2,330,2,1777,0,0,20
1234,136,2,331,7,1784,3,1,70
1235,136,2,332,4,1788,4,4,40
1236,136,2,333,6,1794,4,0,60
1237,136,2,334,2,1796,6,1,20
1238,136,2,335,5,1801,5,0,50
1239,136,2,336,4,1805,10,2,40
1240,136,2,337,2,1807,9,0,20
1241,136,2,338,5,1812,10,10,50
1242,136,2,339,6,1818,3,0,60
1243,136,2,340,4,1822,5,5,40
1244,136,2,341,4,1826,0,0,40
1245,136,2,342,5,1831,2,2,50
1246,136,2,343,8,1839,10,0,80
1247,136,2,344,5,1844,12,2,50
1248,136,2,345,5,1849,13,2,50
1249,136,2,346,5,1854,17,17,50
1250,136,2,347,7,1861,7,7,70
1251,136,2,348,9,1870,5,5,90
1252,136,2,349,5,1875,2,1,50
1253,136,2,350,9,1884,6,0,90
1254,136,2,351,2,1886,8,8,20
1255,136,2,352,4,1890,2,0,40
1256,136,2,353,5,1895,3,0,50
1257,136,2,354,7,1902,7,1,70
1258,136,2,355,7,1909,14,14,70
1259,136,2,356,9,1918,6,1,90
1260,136,2,357,4,1922,6,2,40
1261,136,2,358,2,1924,5,5,20
1262,136,2,359,7,1931,3,3,70
1263,136,2,360,3,1934,0,0,30
1264,136,2,361,8,1942,5,0,80
1265,136,2,362,9,1951,7,1,90
1266,136,2,363,8,1959,11,11,80
1267,136,2,364,2,1961,1,1,20
1268,136,2,365,6,1967,1,0,60
1269,136,2,366,5,1972,4,1,50
1270,136,2,367,4,1976,4,1,40
1271,136,2,368,5,1981,5,5,50
1272,136,2,369,8,1989,3,3,80
1273,136,2,370,4,1993,1,1,40
1274,136,2,371,9,2002,8,0,90
1275,136,2,372,6,2008,10,0,60
1276,136,2,373,3,2011,10,10,30
1277,136,2,374,8,2019,3,0,80
1278,136,2,375,2,2021,3,0,20
1279,136,2,376,7,2028,10,10,70
1280,136,2,377,5,2033,4,4,50
1281,136,2,378,7,2040,7,7,70
1282,136,2,379,9,2049,5,1,90
1283,136,2,380,6,2055,6,2,60
1284,136,2,381,5,2060,5,2,50
1285,136,2,382,7,2067,6,6,70
1286,136,2,383,3,2070,2,0,30
1287,136,2,384,4,2074,5,0,40
1288,136,2,385,4,2078,6,6,40
1289,136,2,386,5,2083,1,0,50
1290,136,2,387,9,2092,3,3,90
1291,136,2,388,8,2100,5,5,80
1292,136,2,389,3,2103,0,0,30
1293,136,2,390,4,2107,2,0,40
1294,136,2,391,5,2112,6,6,50
1295,136,2,392,3,2115,1,0,30
1296,136,2,393,5,2120,8,2,50
1297,136,2,394,4,2124,8,0,40
1298,136,2,395,7,2131,14,14,70
1299,136,2,396,7,2138,2,2,70
1300,136,2,397,6,2144,6,6,60
1301,136,2,398,7,2151,4,4,70
1302,136,2,399,7,2158,5,1,70
1303,136,2,400,6,2164,8,2,60
1304,136,2,401,6,2170,9,1,60
1305,136,2,402,2,2172,9,9,20
1306,136,2,403,3,2175,1,0,30
1307,136,2,404,5,2180,1,1,50
1308,136,2,405,8,2188,3,0,80
1309,136,2,406,4,2192,4,0,40
1310,136,2,407,6,2198,10,1,60
1311,136,2,408,2,2200,10,0,20
1312,136,2,409,7,2207,13,13,70
1313,136,2,410,3,2210,1,1,30
1314,136,2,411,4,2214,2,2,40
1315,136,2,412,4,2218,4,4,40
1316,136,2,413,5,2223,1,0,50
1317,136,2,414,2,2225,2,0,20
1318,136,2,415,5,2230,4,4,50
1319,136,2,416,6,2236,3,0,60
1320,136,2,417,7,2243,8,0,70
1321,136,2,418,8,2251,13,3,80
1322,136,2,419,2,2253,12,4,20
1323,136,2,420,4,2257,11,11,40
1324,136,2,421,4,2261,1,1,40
1325,136,2,422,8,2269,3,3,80
1326,136,2,423,8,2277,3,0,80
1327,136,2,424,2,2279,4,0,20
1328,136,2,425,9,2288,9,9,90
1329,136,2,426,4,2292,1,0,40
1330,136,2,427,8,2300,6,0,80
1331,136,2,428,5,2305,10,1,50
1332,136,2,429,2,2307,10,10,20
1333,136,2,430,3,2310,2,2,30
1334,136,2,431,6,2316,4,1,60
1335,136,2,432,7,2323,4,0,70
1336,136,2,433,3,2326,4,4,30
1337,136,2,434,6,2332,5,5,60
1338,136,2,435,2,2334,0,0,20
1339,136,2,436,9,2343,4,4,90
1340,136,2,437,8,2351,2,2,80
1341,136,2,438,3,2354,0,0,30
1342,136,2,439,5,2359,2,0,50
1343,136,2,440,8,2367,6,0,80
1344,136,2,441,2,2369,9,2,20
1345,136,2,442,6,2375,9,2,60
1346,136,2,443,5,2380,10,2,50
1347,136,2,444,9,2389,8,6,90
1348,136,2,445,3,2392,3,3,30
1349,136,2,446,4,2396,7,0,40
1350,136,2,447,9,2405,11,2,90
1351,136,2,448,4,2409,11,11,40
1352,136,2,449,3,2412,0,0,30
1353,136,2,450,3,2415,1,1,30
1354,136,2,451,3,2418,1,0,30
1355,136,2,452,8,2426,4,4,80
1356,136,2,453,2,2428,1,1,20
1357,136,2,454,3,2431,0,0,30
1358,136,2,455,2,2433,1,0,20
1359,136,2,456,5,2438,1,0,50
1360,136,2,457,4,2442,4,1,40
1361,136,2,458,4,2446,8,0,40
1362,136,2,459,4,2450,10,0,40
1363,136,2,460,9,2459,15,2,90
1364,136,2,461,4,2463,15,2,40
1365,136,2,462,6,2469,17,17,60
1366,136,2,463,4,2473,0,0,40
1367,136,2,464,4,2477,2,0,40
1368,136,2,465,6,2483,9,9,60
1369,136,2,466,7,2490,2,2,70
1370,136,2,467,4,2494,5,5,40
1371,136,2,468,9,2503,4,0,90
1372,136,2,469,5,2508,8,8,50
1373,136,2,470,5,2513,2,2,50
1374,136,2,471,5,2518,3,0,50
1375,136,2,472,8,2526,5,0,80
1376,136,2,473,6,2532,6,6,60
1377,136,2,474,6,2538,4,1,60
1378,136,2,475,8,2546,7,1,80
1379,136,2,476,8,2554,9,9,80
1380,136,2,477,4,2558,4,1,40
1381,136,2,478,8,2566,6,0,80
1382,136,2,479,3,2569,7,1,30
1383,136,2,480,5,2574,8,8,50
1384,136,2,481,9,2583,2,2,90
1385,136,2,482,5,2588,4,1,50
1386,136,2,483,5,2593,3,0,50
1387,136,2,484,9,2602,9,0,90
1388,136,2,485,8,2610,15,15,80
1389,136,2,486,5,2615,3,0,50
1390,136,2,487,8,2623,10,10,80
1391,136,2,488,2,2625,0,0,20
1392,136,2,489,8,2633,8,8,80
1393,136,2,490,7,2640,3,1,70
1394,136,2,491,8,2648,6,2,80
1395,136,2,492,9,2657,8,3,90
1396,136,2,493,7,2664,7,1,70
1397,136,2,494,2,2666,6,6,20
1398,136,2,495,5,2671,3,0,50
1399,136,2,496,4,2675,4,4,40
1400,136,2,497,9,2684,6,2,90
1401,136,2,498,9,2693,11,2,90
1402,136,2,499,6,2699,17,17,60
1403,136,2,500,4,2703,2,0,40
1404,136,2,501,9,2712,5,1,90
1405,136,2,502,9,2721,10,2,90
1406,136,2,503,5,2726,9,2,50
1407,136,2,504,9,2735,12,0,90
1408,136,2,505,7,2742,17,4,70
1409,136,2,506,4,2746,16,0,40
1410,136,2,507,3,2749,17,17,30
1411,136,2,508,6,2755,2,0,60
1412,136,2,509,8,2763,6,0,80
1413,136,2,510,3,2766,8,1,30
1414,136,2,511,4,2770,12,2,40
1415,136,2,512,3,2773,10,1,30
1416,136,2,513,4,2777,9,1,40
1417,136,2,514,5,2782,10,0,50
1418,136,2,515,6,2788,11,11,60
1419,136,2,516,2,2790,1,0,20
1420,136,2,517,9,2799,5,0,90
1421,136,2,518,9,2808,9,1,90
1422,136,2,519,7,2815,13,13,70
1423,136,2,520,3,2818,1,1,30
1424,136,2,521,5,2823,1,0,50
1425,136,2,522,6,2829,4,0,60
1426,136,2,523,5,2834,6,1,50
1427,136,2,524,2,2836,6,0,20
1428,136,2,525,7,2843,11,11,70
1429,136,2,526,6,2849,4,0,60
1430,136,2,527,9,2858,7,1,90
1431,136,2,528,9,2867,14,3,90
1432,136,2,529,4,2871,13,3,40
1433,136,2,530,4,2875,12,1,40
1434,136,2,531,5,2880,15,1,50
1435,136,2,532,7,2887,17,17,70
1436,136,2,533,2,2889,0,0,20
1437,136,2,534,6,2895,5,0,60
1438,136,2,535,8,2903,8,8,80
1439,136,2,536,3,2906,2,1,30
1440,136,2,537,2,2908,2,0,20
1441,136,2,538,6,2914,6,0,60
1442,136,2,539,5,2919,7,1,50
1443,136,2,540,5,2924,9,9,50
1444,136,2,541,8,2932,5,5,80
1445,136,2,542,5,2937,4,0,50
1446,136,2,543,6,2943,6,0,60
1447,136,2,544,4,2947,8,0,40
1448,136,2,545,2,2949,10,3,20
1449,136,2,546,7,2956,12,2,70
1450,136,2,547,4,2960,10,10,40
1451,136,2,548,3,2963,1,1,30
1452,136,2,549,6,2969,2,2,60
1453,136,2,550,9,2978,3,0,90
1454,136,2,551,6,2984,10,2,60
1455,136,2,552,4,2988,10,1,40
1456,136,2,553,9,2997,13,2,90
1457,136,2,554,7,3004,14,2,70
1458,136,2,555,3,3007,12,2,30
1459,136,2,556,4,3011,12,12,40
1460,136,2,557,3,3014,0,0,30
1461,136,2,558,3,3017,0,0,30
1462,136,2,559,7,3024,3,0,70
1463,136,2,560,8,3032,7,3,80
1464,136,2,561,3,3035,6,0,30
1465,136,2,562,6,3041,11,0,60
1466,136,2,563,7,3048,14,1,70
1467,136,2,564,3,3051,14,1,30
1468,136,2,565,9,3060,14,14,90
1469,136,2,566,6,3066,6,0,60
1470,136,2,567,4,3070,7,1,40
1471,136,2,568,3,3073,7,7,30
1472,136,2,569,9,3082,4,1,90
1473,136,2,570,9,3091,11,11,90
1474,136,2,571,4,3095,1,0,40
1475,136,2,572,8,3103,4,0,80
1476,136,2,573,5,3108,10,1,50
1477,136,2,574,4,3112,11,11,40
1478,136,2,575,7,3119,4,4,70
1479,136,2,576,6,3125,2,2,60
1480,136,2,577,5,3130,1,1,50
1481,136,2,578,2,3132,1,0,20
1482,136,2,579,9,3141,7,7,90
1483,136,2,580,3,3144,1,0,30
1484,136,2,581,7,3151,5,5,70
1485,136,2,582,2,3153,0,0,20
1486,136,2,583,4,3157,0,0,40
1487,136,2,584,8,3165,5,1,80
1488,136,2,585,8,3173,8,1,80
1489,136,2,586,3,3176,8,0,30
1490,136,2,587,5,3181,10,10,50
1491,136,2,588,9,3190,8,8,90
1492,136,2,589,3,3193,3,3,30
1493,136,2,590,2,3195,1,0,20
1494,136,2,591,4,3199,4,4,40
1495,136,2,592,9,3208,4,0,90
1496,136,2,593,7,3215,7,7,70
1497,136,2,594,8,3223,3,0,80
1498,136,2,595,9,3232,5,0,90
1499,136,2,596,6,3238,8,8,60
1500,136,2,597,8,3246,6,1,80
1501,136,2,598,2,3248,7,7,20
1502,136,2,599,3,3251,2,0,30
1503,136,2,600,2,3253,2,0,20
1504,136,2,601,4,3257,7,7,40
1505,136,2,602,3,3260,5,2,30
1506,136,2,603,6,3266,14,2,60
1507,136,2,604,2,3268,14,14,20
1508,136,2,605,5,3273,1,0,50
1509,136,2,606,2,3275,3,1,20
1510,136,2,607,4,3279,5,1,40
1511,136,2,608,6,3285,4,0,60
1512,136,2,609,3,3288,5,1,30
1513,136,2,610,5,3293,8,1,50
1514,136,2,611,4,3297,8,8,40
1515,136,2,612,5,3302,3,3,50
1516,136,2,613,6,3308,1,0,60
1517,136,2,614,5,3313,4,0,50
1518,136,2,615,5,3318,8,8,50
1519,136,2,616,6,3324,4,0,60
1520,136,2,617,6,3330,5,1,60
1521,136,2,618,9,3339,11,2,90
1522,136,2,619,4,3343,10,0,40
1523,136,2,620,6,3349,12,12,60
1524,136,2,621,5,3354,0,0,50
1525,136,2,622,7,3361,4,0,70
1526,136,2,623,6,3367,8,8,60
1527,136,2,624,3,3370,1,0,30
1528,136,2,625,4,3374,3,3,40
1529,136,2,626,5,3379,4,4,50
1530,136,2,627,5,3384,4,0,50
1531,136,2,628,2,3386,5,0,20
1532,136,2,629,6,3392,9,9,60
1533,136,2,630,3,3395,2,1,30
1534,136,2,631,7,3402,3,3,70
1535,136,2,632,4,3406,2,0,40
1536,136,2,633,6,3412,6,6,60
1537,136,2,634,7,3419,1,0,70
1538,136,2,635,9,3428,4,4,90
1539,136,2,636,3,3431,2,0,30
1540,136,2,637,2,3433,2,0,20
1541,136,2,638,2,3435,2,2,20
1542,136,2,639,3,3438,1,0,30
1543,136,2,640,3,3441,3,0,30
1544,136,2,641,3,3444,4,1,30
1545,136,2,642,4,3448,4,0,40
1546,136,2,643,3,3451,4,4,30
1547,136,2,644,7,3458,2,2,70
1548,136,2,645,6,3464,3,1,60
1549,136,2,646,3,3467,3,3,30
1550,136,2,647,7,3474,3,0,70
1551,136,2,648,4,3478,6,0,40
1552,136,2,649,4,3482,6,0,40
1553,136,2,650,2,3484,6,0,20
1554,136,2,651,5,3489,9,9,50
1555,136,2,652,6,3495,1,1,60
1556,136,2,653,2,3497,0,0,20
1557,136,2,654,2,3499,1,1,20
1558,136,2,655,9,3508,4,2,90
1559,136,2,656,6,3514,4,4,60
1560,136,2,657,6,3520,9,9,60
1561,136,2,658,5,3525,5,5,50
1562,136,2,659,9,3534,6,6,90
1563,136,2,660,7,3541,2,2,70
1564,136,2,661,3,3544,2,0,30
1565,136,2,662,7,3551,5,0,70
1566,136,2,663,9,3560,10,10,90
1567,136,2,664,2,3562,2,2,20
1568,136,2,665,7,3569,2,2,70
1569,136,2,666,3,3572,1,0,30
1570,136,2,667,9,3581,2,0,90
1571,136,2,668,7,3588,5,5,70
1572,136,2,669,8,3596,6,1,80
1573,136,2,670,9,3605,9,9,90
1574,136,2,671,8,3613,2,2,80
1575,136,2,672,6,3619,3,3,60
1576,136,2,673,4,3623,2,0,40
1577,136,2,674,9,3632,5,1,90
1578,136,2,675,6,3638,5,5,60
1579,136,2,676,4,3642,1,0,40
1580,136,2,677,9,3651,8,0,90
1581,136,2,678,6,3657,11,1,60
1582,136,2,679,9,3666,14,14,90
1583,136,2,680,5,3671,2,2,50
1584,136,2,681,4,3675,1,1,40
1585,136,2,682,2,3677,1,1,20
1586,136,2,683,8,3685,1,0,80
1587,136,2,684,7,3692,6,1,70
1588,136,2,685,6,3698,7,0,60
1589,136,2,686,7,3705,9,1,70
1590,136,2,687,2,3707,10,10,20
1591,136,2,688,6,3713,3,3,60
1592,136,2,689,4,3717,1,1,40
1593,136,2,690,2,3719,0,0,20
1594,136,2,691,8,3727,5,1,80
1595,136,2,692,8,3735,7,0,80
1596,136,2,693,2,3737,7,0,20
1597,136,2,694,8,3745,11,11,80
1598,136,2,695,9,3754,4,4,90
1599,136,2,696,7,3761,1,1,70
1600,136,2,697,7,3768,0,0,70
1601,136,2,698,9,3777,3,2,90
1602,136,2,699,9,3786,8,8,90
1603,136,2,700,9,3795,4,0,90
1604,136,2,701,2,3797,4,4,20
1605,136,2,702,4,3801,5,0,40
1606,136,2,703,8,3809,11,3,80
1607,136,2,704,2,3811,9,1,20
1608,136,2,705,3,3814,8,1,30
1609,136,2,706,4,3818,9,9,40
1610,136,2,707,5,3823,3,3,50
1611,136,2,708,5,3828,4,1,50
1612,136,2,709,9,3837,5,1,90
1613,136,2,710,7,3844,7,7,70
1614,136,2,711,6,3850,3,3,60
1615,136,2,712,2,3852,1,1,20
1616,136,2,713,6,3858,2,0,60
1617,136,2,714,3,3861,6,1,30
1618,136,2,715,5,3866,8,2,50
1619,136,2,716,2,3868,6,6,20
1620,136,2,717,7,3875,3,0,70
1621,136,2,718,8,3883,5,1,80
1622,136,2,719,5,3888,5,5,50
1623,136,2,720,9,3897,6,1,90
1624,136,2,721,8,3905,13,13,80
1625,136,2,722,5,3910,4,4,50
1626,136,2,723,2,3912,2,2,20
1627,136,2,724,6,3918,5,2,60
1628,136,2,725,2,3920,3,0,20
1629,136,2,726,8,3928,8,8,80
1630,136,2,727,2,3930,1,0,20
1631,136,2,728,4,3934,4,1,40
1632,136,2,729,9,3943,4,4,90
1633,136,2,730,4,3947,1,1,40
1634,136,2,731,3,3950,0,0,30
1635,136,2,732,5,3955,4,4,50
1636,136,2,733,9,3964,7,0,90
1637,136,2,734,8,3972,11,11,80
1638,136,2,735,2,3974,1,0,20
1639,136,2,736,3,3977,4,1,30
1640,136,2,737,4,3981,5,2,40
1641,136,2,738,8,3989,6,1,80
1642,136,2,739,3,3992,8,0,30
1643,136,2,740,7,3999,11,2,70
1644,136,2,741,9,4008,12,3,90
1645,136,2,742,9,4017,12,2,90
1646,136,2,743,9,4026,12,2,90
1647,136,2,744,6,4032,12,12,60
1648,136,2,745,7,4039,4,4,70
1649,136,2,746,4,4043,3,0,40
1650,136,2,747,9,4052,10,10,90
1651,136,2,748,2,4054,0,0,20
1652,136,2,749,6,4060,3,1,60
1653,136,2,750,3,4063,3,0,30
1654,136,2,751,3,4066,5,0,30
1655,136,2,752,6,4072,7,7,60
1656,136,2,753,9,4081,6,2,90
1657,136,2,754,5,4086,5,5,50
1658,136,2,755,2,4088,1,0,20
1659,136,2,756,4,4092,3,1,40
1660,136,2,757,4,4096,3,3,40
1661,136,2,758,7,4103,6,6,70
1662,136,2,759,6,4109,1,0,60
1663,136,2,760,4,4113,2,0,40
1664,136,2,761,6,4119,5,5,60
1665,136,2,762,7,4126,1,1,70
1666,136,2,763,5,4131,2,0,50
1667,136,2,764,3,4134,3,0,30
1668,136,2,765,2,4136,3,0,20
1669,136,2,766,8,4144,5,0,80
1670,136,2,767,5,4149,8,8,50
1671,136,2,768,7,4156,5,0,70
1672,136,2,769,7,4163,11,5,70
1673,136,2,770,9,4172,11,2,90
1674,136,2,771,8,4180,13,13,80
1675,136,2,772,9,4189,6,6,90
1676,136,2,773,3,4192,1,0,30
1677,136,2,774,9,4201,9,9,90
1678,136,2,775,9,4210,8,8,90
1679,136,2,776,2,4212,0,0,20
1680,136,2,777,8,4220,4,0,80
1681,136,2,778,9,4229,8,2,90
1682,136,2,779,6,4235,9,1,60
1683,136,2,780,2,4237,8,8,20
1684,136,2,781,2,4239,0,0,20
1685,136,2,782,4,4243,4,4,40
1686,136,2,783,8,4251,7,0,80
1687,136,2,784,5,4256,8,0,50
1688,136,2,785,7,4263,11,5,70
1689,136,2,786,6,4269,9,1,60
1690,136,2,787,9,4278,11,1,90
1691,136,2,788,2,4280,14,1,20
1692,136,2,789,3,4283,13,2,30
1693,136,2,790,2,4285,12,3,20
1694,136,2,791,7,4292,13,13,70
1695,136,2,792,3,4295,2,0,30
1696,136,2,793,3,4298,3,3,30
1697,136,2,794,3,4301,1,1,30
1698,136,2,795,8,4309,3,3,80
1699,136,2,796,7,4316,5,1,70
1700,136,2,797,3,4319,6,0,30
1701,136,2,798,3,4322,6,1,30
1702,136,2,799,3,4325,7,7,30
1703,136,2,800,4,4329,1,1,40
1704,136,2,801,2,4331,4,0,20
1705,136,2,802,5,4336,6,0,50
1706,136,2,803,5,4341,8,8,50
1707,136,2,804,8,4349,6,1,80
1708,136,2,805,6,4355,6,1,60
1709,136,2,806,8,4363,8,8,80
1710,136,2,807,4,4367,2,1,40
1711,136,2,808,6,4373,8,1,60
1712,136,2,809,9,4382,11,11,90
1713,136,2,810,5,4387,3,3,50
1714,136,2,811,3,4390,1,0,30
1715,136,2,812,9,4399,3,3,90
1716,136,2,813,5,4404,0,0,50
1717,136,2,814,7,4411,4,0,70
1718,136,2,815,9,4420,9,1,90
1719,136,2,816,3,4423,9,0,30
1720,136,2,817,4,4427,11,11,40
1721,136,2,818,9,4436,7,2,90
1722,136,2,819,7,4443,8,1,70
1723,136,2,820,4,4447,11,11,40
1724,136,2,821,6,4453,3,1,60
1725,136,2,822,6,4459,6,6,60
1726,136,2,823,4,4463,2,0,40
1727,136,2,824,8,4471,4,1,80
1728,136,2,825,4,4475,6,6,40
1729,136,2,826,7,4482,1,1,70
1730,136,2,827,5,4487,1,1,50
1731,136,2,828,4,4491,1,1,40
1732,136,2,829,9,4500,2,0,90
1733,136,2,830,5,4505,5,0,50
1734,136,2,831,8,4513,11,4,80
1735,136,2,832,9,4522,14,14,90
1736,136,2,833,4,4526,2,2,40
1737,136,2,834,2,4528,2,0,20
1738,136,2,835,8,4536,6,1,80
1739,136,2,836,7,4543,9,1,70
1740,136,2,837,3,4546,9,9,30
1741,136,2,838,9,4555,9,1,90
1742,136,2,839,2,4557,9,0,20
1743,136,2,840,2,4559,9,9,20
1744,136,2,841,5,4564,1,0,50
1745,136,2,842,2,4566,1,1,20
1746,136,2,843,9,4575,2,2,90
1747,136,2,844,3,4578,2,0,30
1748,136,2,845,8,4586,4,2,80
1749,136,2,846,5,4591,4,4,50
1750,136,2,847,8,4599,2,2,80
1751,136,2,848,4,4603,5,5,40
1752,136,2,849,5,4608,1,0,50
1753,136,2,850,4,4612,4,4,40
1754,136,2,851,2,4614,1,1,20
1755,136,2,852,7,4621,5,5,70
1756,136,2,853,7,4628,5,2,70
1757,136,2,854,7,4635,5,1,70
1758,136,2,855,8,4643,6,6,80
1759,136,2,856,4,4647,1,0,40
1760,136,2,857,2,4649,5,0,20
1761,136,2,858,4,4653,7,0,40
1762,136,2,859,9,4662,11,11,90
1763,136,2,860,9,4671,4,4,90
1764,136,2,861,5,4676,0,0,50
1765,136,2,862,2,4678,1,1,20
1766,136,2,863,7,4685,1,0,70
1767,136,2,864,5,4690,1,1,50
1768,136,2,865,6,4696,3,0,60
1769,136,2,866,8,4704,7,1,80
1770,136,2,867,5,4709,8,1,50
1771,136,2,868,7,4716,15,15,70
1772,136,2,869,8,4724,4,0,80
1773,136,2,870,7,4731,5,0,70
1774,136,2,871,8,4739,9,0,80
1775,136,2,872,4,4743,12,12,40
1776,136,2,873,7,4750,2,0,70
1777,136,2,874,7,4757,4,0,70
1778,136,2,875,8,4765,6,1,80
1779,136,2,876,4,4769,6,6,40
1780,136,2,877,8,4777,7,7,80
1781,136,2,878,4,4781,4,4,40
1782,136,2,879,6,4787,2,0,60
1783,136,2,880,9,4796,6,1,90
1784,136,2,881,3,4799,7,7,30
1785,136,2,882,9,4808,2,0,90
1786,136,2,883,2,4810,2,0,20
1787,136,2,884,5,4815,3,0,50
1788,136,2,885,2,4817,6,6,20
1789,136,2,886,4,4821,1,0,40
1790,136,2,887,7,4828,3,0,70
1791,136,2,888,7,4835,8,1,70
1792,136,2,889,3,4838,10,1,30
1793,136,2,890,4,4842,9,9,40
1794,136,2,891,4,4846,3,3,40
1795,136,2,892,6,4852,4,0,60
1796,136,2,893,3,4855,7,7,30
1797,136,2,894,4,4859,4,0,40
1798,136,2,895,2,4861,5,0,20
1799,136,2,896,7,4868,7,0,70
1800,136,2,897,2,4870,7,7,20
1801,136,2,898,4,4874,1,1,40
1802,136,2,899,2,4876,0,0,20
1803,136,2,900,6,4882,0,0,60
1804,136,2,901,8,4890,5,2,80
1805,136,2,902,2,4892,4,4,20
1806,136,2,903,7,4899,6,6,70
1807,136,2,904,3,4902,0,0,30
1808,136,2,905,9,4911,4,4,90
1809,136,2,906,6,4917,3,0,60
1810,136,2,907,7,4924,8,1,70
1811,136,2,908,3,4927,8,8,30
1812,136,2,909,8,4935,2,2,80
1813,136,2,910,9,4944,8,8,90
1814,136,2,911,3,4947,1,1,30
1815,136,2,912,7,4954,1,0,70
1816,136,2,913,5,4959,3,1,50
1817,136,2,914,8,4967,8,8,80
1818,136,2,915,3,4970,1,0,30
1819,136,2,916,9,4979,4,1,90
1820,136,2,917,2,4981,4,0,20
1821,136,2,918,7,4988,9,9,70
1822,136,2,919,5,4993,4,1,50
1823,136,3,1,2,2,2,0,20
1824,136,3,2,7,9,4,1,70
1825,136,3,3,9,18,10,0,90
1826,136,3,4,7,25,14,2,70
1827,136,3,5,2,27,16,16,20
1828,136,3,6,2,29,2,0,20
1829,136,3,7,2,31,2,0,20
1830,136,3,8,5,36,4,2,50
1831,136,3,9,9,45,8,0,90
1832,136,3,10,7,52,12,2,70
1833,136,3,11,3,55,12,2,30
1834,136,3,12,2,57,11,0,20
1835,136,3,13,2,59,11,1,20
1836,136,3,14,6,65,14,14,60
1837,136,3,15,9,74,3,0,90
1838,136,3,16,8,82,11,4,80
1839,136,3,17,3,85,10,1,30
1840,136,3,18,2,87,10,1,20
1841,136,3,19,4,91,13,1,40
1842,136,3,20,8,99,16,3,80
1843,136,3,21,6,105,18,18,60
1844,136,3,22,8,113,4,0,80
1845,136,3,23,3,116,4,4,30
1846,136,3,24,5,121,3,3,50
1847,136,3,25,2,123,0,0,20
1848,136,3,26,5,128,7,7,50
1849,136,3,27,2,130,1,1,20
1850,136,3,28,2,132,2,0,20
1851,136,3,29,4,136,4,4,40
1852,136,3,30,6,142,2,2,60
1853,136,3,31,5,147,2,0,50
1854,136,3,32,5,152,3,0,50
1855,136,3,33,5,157,5,5,50
1856,136,3,34,4,161,1,1,40
1857,136,3,35,6,167,5,5,60
1858,136,3,36,6,173,1,0,60
1859,136,3,37,4,177,4,0,40
1860,136,3,38,3,180,5,5,30
1861,136,3,39,4,184,2,1,40
1862,136,3,40,7,191,5,2,70
1863,136,3,41,4,195,4,4,40
1864,136,3,42,8,203,2,0,80
1865,136,3,43,4,207,3,3,40
1866,136,3,44,8,215,3,0,80
1867,136,3,45,2,217,4,4,20
1868,136,3,46,6,223,5,5,60
1869,136,3,47,4,227,3,3,40
1870,136,3,48,8,235,3,3,80
1871,136,3,49,9,244,3,3,90
1872,136,3,50,2,246,2,2,20
1873,136,3,51,6,252,4,0,60
1874,136,3,52,8,260,8,1,80
1875,136,3,53,2,262,7,0,20
1876,136,3,54,4,266,10,0,40
1877,136,3,55,2,268,10,10,20
1878,136,3,56,6,274,4,0,60
1879,136,3,57,9,283,14,3,90
1880,136,3,58,8,291,11,2,80
1881,136,3,59,8,299,14,3,80
1882,136,3,60,9,308,14,3,90
1883,136,3,61,8,316,13,13,80
1884,136,3,62,5,321,2,2,50
1885,136,3,63,8,329,4,4,80
1886,136,3,64,8,337,4,1,80
1887,136,3,65,6,343,8,8,60
1888,136,3,66,9,352,5,1,90
1889,136,3,67,8,360,11,1,80
1890,136,3,68,8,368,15,2,80
1891,136,3,69,3,371,17,2,30
1892,136,3,70,2,373,15,1,20
1893,136,3,71,9,382,17,17,90
1894,136,3,72,8,390,5,0,80
1895,136,3,73,9,399,11,11,90
1896,136,3,74,2,401,0,0,20
1897,136,3,75,5,406,0,0,50
1898,136,3,76,4,410,5,1,40
1899,136,3,77,6,416,10,1,60
1900,136,3,78,3,419,10,2,30
1901,136,3,79,4,423,10,1,40
1902,136,3,80,7,430,16,1,70
1903,136,3,81,3,433,19,1,30
1904,136,3,82,3,436,21,21,30
1905,136,3,83,9,445,4,1,90
1906,136,3,84,4,449,4,1,40
1907,136,3,85,8,457,9,2,80
1908,136,3,86,9,466,9,9,90
1909,136,3,87,3,469,0,0,30
1910,136,3,88,7,476,9,1,70
1911,136,3,89,9,485,10,1,90
1912,136,3,90,4,489,10,10,40
1913,136,3,91,6,495,3,3,60
1914,136,3,92,8,503,1,1,80
1915,136,3,93,8,511,6,6,80
1916,136,3,94,9,520,9,9,90
1917,136,3,95,3,523,0,0,30
1918,136,3,96,8,531,5,0,80
1919,136,3,97,5,536,8,0,50
1920,136,3,98,7,543,11,1,70
1921,136,3,99,6,549,15,3,60
1922,136,3,100,8,557,16,0,80
1923,136,3,101,9,566,22,5,90
1924,136,3,102,8,574,19,3,80
1925,136,3,103,2,576,16,0,20
1926,136,3,104,7,583,18,3,70
1927,136,3,105,3,586,16,16,30
1928,136,3,106,5,591,2,1,50
1929,136,3,107,6,597,1,0,60
1930,136,3,108,3,600,4,4,30
1931,136,3,109,5,605,1,1,50
1932,136,3,110,6,611,5,5,60
1933,136,3,111,8,619,2,0,80
1934,136,3,112,6,625,4,0,60
1935,136,3,113,2,627,4,4,20
1936,136,3,114,6,633,4,0,60
1937,136,3,115,9,642,6,6,90
1938,136,3,116,9,651,4,4,90
1939,136,3,117,2,653,1,1,20
1940,136,3,118,3,656,1,1,30
1941,136,3,119,7,663,3,3,70
1942,136,3,120,8,671,4,0,80
1943,136,3,121,3,674,4,1,30
1944,136,3,122,9,683,9,0,90
1945,136,3,123,6,689,15,2,60
1946,136,3,124,8,697,20,20,80
1947,136,3,125,9,706,4,0,90
1948,136,3,126,4,710,7,7,40
1949,136,3,127,7,717,1,0,70
1950,136,3,128,5,722,1,1,50
1951,136,3,129,9,731,7,7,90
1952,136,3,130,6,737,3,3,60
1953,136,3,131,3,740,2,0,30
1954,136,3,132,6,746,5,1,60
1955,136,3,133,5,751,8,2,50
1956,136,3,134,5,756,9,1,50
1957,136,3,135,4,760,9,2,40
1958,136,3,136,9,769,11,0,90
1959,136,3,137,5,774,12,12,50
1960,136,3,138,4,778,0,0,40
1961,136,3,139,8,786,3,0,80
1962,136,3,140,7,793,4,4,70
1963,136,3,141,7,800,4,4,70
1964,136,3,142,3,803,2,2,30
1965,136,3,143,3,806,1,1,30
1966,136,3,144,4,810,3,3,40
1967,136,3,145,2,812,0,0,20
1968,136,3,146,3,815,2,0,30
1969,136,3,147,7,822,4,1,70
1970,136,3,148,7,829,9,9,70
1971,136,3,149,4,833,4,1,40
1972,136,3,150,7,840,7,7,70
1973,136,3,151,6,846,3,3,60
1974,136,3,152,2,848,0,0,20
1975,136,3,153,3,851,0,0,30
1976,136,3,154,4,855,3,0,40
1977,136,3,155,5,860,5,0,50
1978,136,3,156,7,867,8,1,70
1979,136,3,157,7,874,10,1,70
1980,136,3,158,5,879,13,2,50
1981,136,3,159,2,881,12,1,20
1982,136,3,160,8,889,15,5,80
1983,136,3,161,4,893,10,1,40
1984,136,3,162,7,900,12,1,70
1985,136,3,163,6,906,17,4,60
1986,136,3,164,3,909,14,2,30
1987,136,3,165,4,913,13,1,40
1988,136,3,166,5,918,13,13,50
1989,136,3,167,5,923,4,4,50
1990,136,3,168,5,928,3,3,50
1991,136,3,169,8,936,1,1,80
1992,136,3,170,4,940,1,0,40
1993,136,3,171,3,943,3,3,30
1994,136,3,172,4,947,2,2,40
1995,136,3,173,7,954,6,2,70
1996,136,3,174,4,958,4,4,40
1997,136,3,175,7,965,5,2,70
1998,136,3,176,6,971,6,6,60
1999,136,3,177,9,980,7,7,90
2000,136,3,178,4,984,1,0,40
2001,136,3,179,3,987,3,1,30
2002,136,3,180,7,994,4,1,70
2003,136,3,181,2,996,3,3,20
2004,136,3,182,2,998,0,0,20
2005,136,3,183,8,1006,3,3,80
2006,136,3,184,8,1014,1,0,80
2007,136,3,185,5,1019,2,0,50
2008,136,3,186,8,1027,4,1,80
2009,136,3,187,8,1035,4,4,80
2010,136,3,188,5,1040,3,0,50
2011,136,3,189,6,1046,7,0,60
2012,136,3,190,6,1052,8,1,60
2013,136,3,191,7,1059,10,0,70
2014,136,3,192,7,1066,15,3,70
2015,136,3,193,8,1074,14,14,80
2016,136,3,194,4,1078,5,5,40
2017,136,3,195,9,1087,6,1,90
2018,136,3,196,9,1096,9,9,90
2019,136,3,197,3,1099,3,0,30
2020,136,3,198,7,1106,10,10,70
2021,136,3,199,3,1109,0,0,30
2022,136,3,200,2,1111,1,0,20
2023,136,3,201,5,1116,4,1,50
2024,136,3,202,7,1123,5,2,70
2025,136,3,203,7,1130,5,0,70
2026,136,3,204,8,1138,11,11,80
2027,136,3,205,8,1146,2,0,80
2028,136,3,206,9,1155,7,2,90
2029,136,3,207,6,1161,8,3,60
2030,136,3,208,7,1168,9,1,70
2031,136,3,209,5,1173,10,2,50
2032,136,3,210,3,1176,14,0,30
2033,136,3,211,8,1184,20,20,80
2034,136,3,212,8,1192,1,0,80
2035,136,3,213,9,1201,4,0,90
2036,136,3,214,8,1209,7,7,80
2037,136,3,215,4,1213,2,0,40
2038,136,3,216,5,1218,3,1,50
2039,136,3,217,5,1223,5,0,50
2040,136,3,218,3,1226,7,0,30
2041,136,3,219,5,1231,9,9,50
2042,136,3,220,5,1236,3,3,50
2043,136,3,221,9,1245,3,3,90
2044,136,3,222,9,1254,2,0,90
2045,136,3,223,6,1260,5,5,60
2046,136,3,224,7,1267,9,0,70
2047,136,3,225,4,1271,11,11,40
2048,136,3,226,5,1276,5,5,50
2049,136,3,227,8,1284,5,1,80
2050,136,3,228,8,1292,6,0,80
2051,136,3,229,8,1300,12,0,80
2052,136,3,230,4,1304,15,1,40
2053,136,3,231,3,1307,14,4,30
2054,136,3,232,4,1311,13,2,40
2055,136,3,233,7,1318,13,13,70
2056,136,3,234,7,1325,5,0,70
2057,136,3,235,3,1328,7,1,30
2058,136,3,236,7,1335,11,11,70
2059,136,3,237,8,1343,2,1,80
2060,136,3,238,2,1345,3,0,20
2061,136,3,239,8,1353,8,8,80
2062,136,3,240,2,1355,1,1,20
2063,136,3,241,8,1363,4,4,80
2064,136,3,242,8,1371,5,0,80
2065,136,3,243,8,1379,9,0,80
2066,136,3,244,7,1386,10,0,70
2067,136,3,245,3,1389,10,1,30
2068,136,3,246,4,1393,12,0,40
2069,136,3,247,6,1399,16,3,60
2070,136,3,248,8,1407,19,19,80
2071,136,3,249,9,1416,2,0,90
2072,136,3,250,7,1423,5,5,70
2073,136,3,251,2,1425,1,0,20
2074,136,3,252,4,1429,5,5,40
2075,136,3,253,3,1432,3,1,30
2076,136,3,254,6,1438,7,7,60
2077,136,3,255,3,1441,2,2,30
2078,136,3,256,7,1448,2,1,70
2079,136,3,257,3,1451,2,2,30
2080,136,3,258,3,1454,1,0,30
2081,136,3,259,8,1462,4,1,80
2082,136,3,260,5,1467,4,0,50
2083,136,3,261,3,1470,6,0,30
2084,136,3,262,6,1476,9,1,60
2085,136,3,263,3,1479,9,9,30
2086,136,3,264,8,1487,0,0,80
2087,136,3,265,9,1496,5,5,90
2088,136,3,266,4,1500,0,0,40
2089,136,3,267,7,1507,7,7,70
2090,136,3,268,3,1510,0,0,30
2091,136,3,269,2,1512,0,0,20
2092,136,3,270,7,1519,5,0,70
2093,136,3,271,9,1528,7,3,90
2094,136,3,272,6,1534,9,0,60
2095,136,3,273,9,1543,12,0,90
2096,136,3,274,9,1552,18,18,90
2097,136,3,275,9,1561,5,0,90
2098,136,3,276,7,1568,11,2,70
2099,136,3,277,4,1572,10,10,40
2100,136,3,278,6,1578,3,0,60
2101,136,3,279,5,1583,8,1,50
2102,136,3,280,8,1591,12,3,80
2103,136,3,281,6,1597,12,1,60
2104,136,3,282,4,1601,15,3,40
2105,136,3,283,8,1609,13,1,80
2106,136,3,284,5,1614,14,14,50
2107,136,3,285,6,1620,2,0,60
2108,136,3,286,4,1624,4,2,40
2109,136,3,287,6,1630,6,6,60
2110,136,3,288,7,1637,4,1,70
2111,136,3,289,2,1639,3,3,20
2112,136,3,290,8,1647,6,1,80
2113,136,3,291,5,1652,9,4,50
2114,136,3,292,8,1660,10,2,80
2115,136,3,293,6,1666,9,0,60
2116,136,3,294,4,1670,11,0,40
2117,136,3,295,7,1677,18,18,70
2118,136,3,296,2,1679,0,0,20
2119,136,3,297,2,1681,1,1,20
2120,136,3,298,9,1690,4,0,90
2121,136,3,299,3,1693,5,5,30
2122,136,3,300,7,1700,6,1,70
2123,136,3,301,7,1707,7,0,70
2124,136,3,302,2,1709,7,7,20
2125,136,3,303,9,1718,5,5,90
2126,136,3,304,3,1721,2,0,30
2127,136,3,305,3,1724,4,0,30
2128,136,3,306,9,1733,4,4,90
2129,136,3,307,9,1742,6,6,90
2130,136,3,308,4,1746,0,0,40
2131,136,3,309,9,1755,6,6,90
2132,136,3,310,2,1757,2,0,20
2133,136,3,311,3,1760,5,1,30
2134,136,3,312,3,1763,4,4,30
2135,136,3,313,3,1766,1,0,30
2136,136,3,314,6,1772,2,0,60
2137,136,3,315,2,1774,4,4,20
2138,136,3,316,5,1779,4,0,50
2139,136,3,317,8,1787,8,0,80
2140,136,3,318,9,1796,10,2,90
2141,136,3,319,7,1803,14,14,70
2142,136,3,320,6,1809,1,1,60
2143,136,3,321,7,1816,1,1,70
2144,136,3,322,8,1824,8,2,80
2145,136,3,323,5,1829,11,0,50
2146,136,3,324,4,1833,15,15,40
2147,136,3,325,6,1839,4,0,60
2148,136,3,326,3,1842,6,1,30
2149,136,3,327,2,1844,5,1,20
2150,136,3,328,8,1852,8,1,80
2151,136,3,329,3,1855,9,9,30
2152,136,3,330,6,1861,1,0,60
2153,136,3,331,7,1868,3,0,70
2154,136,3,332,3,1871,4,4,30
2155,136,3,333,5,1876,2,0,50
2156,136,3,334,8,1884,6,6,80
2157,136,3,335,2,1886,0,0,20
2158,136,3,336,4,1890,5,0,40
2159,136,3,337,8,1898,8,2,80
2160,136,3,338,5,1903,8,0,50
2161,136,3,339,8,1911,9,3,80
2162,136,3,340,6,1917,10,10,60
2163,136,3,341,5,1922,3,0,50
2164,136,3,342,7,1929,4,4,70
2165,136,3,343,3,1932,2,0,30
2166,136,3,344,3,1935,2,2,30
2167,136,3,345,5,1940,0,0,50
2168,136,3,346,6,1946,3,3,60
2169,136,3,347,8,1954,8,2,80
2170,136,3,348,8,1962,11,11,80
2171,136,3,349,8,1970,3,0,80
2172,136,3,350,7,1977,9,1,70
2173,136,3,351,2,1979,9,0,20
2174,136,3,352,5,1984,13,13,50
2175,136,3,353,8,1992,4,1,80
2176,136,3,354,6,1998,3,0,60
2177,136,3,355,9,2007,7,7,90
2178,136,3,356,2,2009,0,0,20
2179,136,3,357,4,2013,2,0,40
2180,136,3,358,8,2021,5,5,80
2181,136,3,359,4,2025,2,0,40
2182,136,3,360,2,2027,2,0,20
2183,136,3,361,8,2035,5,1,80
2184,136,3,362,6,2041,10,2,60
2185,136,3,363,9,2050,10,3,90
2186,136,3,364,4,2054,7,1,40
2187,136,3,365,5,2059,10,2,50
2188,136,3,366,7,2066,10,2,70
2189,136,3,367,4,2070,9,1,40
2190,136,3,368,9,2079,10,2,90
2191,136,3,369,3,2082,9,1,30
2192,136,3,370,3,2085,9,1,30
2193,136,3,371,5,2090,11,11,50
2194,136,3,372,8,2098,5,5,80
2195,136,3,373,6,2104,4,0,60
2196,136,3,374,7,2111,8,1,70
2197,136,3,375,7,2118,11,11,70
2198,136,3,376,6,2124,3,3,60
2199,136,3,377,9,2133,4,0,90
2200,136,3,378,5,2138,6,1,50
2201,136,3,379,5,2143,6,6,50
2202,136,3,380,6,2149,5,0,60
2203,136,3,381,5,2154,7,0,50
2204,136,3,382,9,2163,12,12,90
2205,136,3,383,2,2165,2,0,20
2206,136,3,384,6,2171,8,0,60
2207,136,3,385,3,2174,10,10,30
2208,136,3,386,7,2181,3,3,70
2209,136,3,387,4,2185,2,0,40
2210,136,3,388,4,2189,4,0,40
2211,136,3,389,5,2194,5,0,50
2212,136,3,390,3,2197,8,8,30
2213,136,3,391,6,2203,4,1,60
2214,136,3,392,8,2211,4,1,80
2215,136,3,393,3,2214,4,4,30
2216,136,3,394,7,2221,2,2,70
2217,136,3,395,8,2229,4,4,80
2218,136,3,396,9,2238,11,5,90
2219,136,3,397,6,2244,12,2,60
2220,136,3,398,3,2247,12,2,30
2221,136,3,399,3,2250,11,2,30
2222,136,3,400,8,2258,14,2,80
2223,136,3,401,8,2266,17,2,80
2224,136,3,402,5,2271,17,17,50
2225,136,3,403,3,2274,1,1,30
2226,136,3,404,5,2279,2,2,50
2227,136,3,405,7,2286,2,0,70
2228,136,3,406,5,2291,6,1,50
2229,136,3,407,3,2294,8,8,30
2230,136,3,408,5,2299,1,0,50
2231,136,3,409,2,2301,2,0,20
2232,136,3,410,4,2305,5,0,40
2233,136,3,411,5,2310,6,0,50
2234,136,3,412,7,2317,7,0,70
2235,136,3,413,5,2322,8,2,50
2236,136,3,414,4,2326,7,0,40
2237,136,3,415,7,2333,11,1,70
2238,136,3,416,4,2337,11,3,40
2239,136,3,417,4,2341,9,2,40
2240,136,3,418,4,2345,10,10,40
2241,136,3,419,3,2348,1,0,30
2242,136,3,420,3,2351,3,3,30
2243,136,3,421,4,2355,3,0,40
2244,136,3,422,8,2363,5,1,80
2245,136,3,423,4,2367,7,7,40
2246,136,3,424,2,2369,2,0,20
2247,136,3,425,7,2376,8,1,70
2248,136,3,426,9,2385,9,9,90
2249,136,3,427,5,2390,3,3,50
2250,136,3,428,4,2394,4,1,40
2251,136,3,429,2,2396,4,1,20
2252,136,3,430,8,2404,5,1,80
2253,136,3,431,3,2407,7,1,30
2254,136,3,432,4,2411,6,6,40
2255,136,3,433,9,2420,6,3,90
2256,136,3,434,8,2428,8,3,80
2257,136,3,435,4,2432,6,1,40
2258,136,3,436,5,2437,6,6,50
2259,136,3,437,7,2444,4,4,70
2260,136,3,438,8,2452,3,0,80
2261,136,3,439,3,2455,4,4,30
2262,136,3,440,8,2463,4,4,80
2263,136,3,441,6,2469,2,2,60
2264,136,3,442,6,2475,2,0,60
2265,136,3,443,2,2477,2,0,20
2266,136,3,444,6,2483,6,3,60
2267,136,3,445,3,2486,4,1,30
2268,136,3,446,9,2495,9,1,90
2269,136,3,447,8,2503,13,13,80
2270,136,3,448,5,2508,1,1,50
2271,136,3,449,4,2512,0,0,40
2272,136,3,450,9,2521,3,1,90
2273,136,3,451,2,2523,4,0,20
2274,136,3,452,9,2532,12,1,90
2275,136,3,453,3,2535,12,2,30
2276,136,3,454,9,2544,11,11,90
2277,136,3,455,6,2550,6,1,60
2278,136,3,456,3,2553,6,3,30
2279,136,3,457,5,2558,4,0,50
2280,136,3,458,6,2564,6,1,60
2281,136,3,459,3,2567,7,1,30
2282,136,3,460,2,2569,7,7,20
2283,136,3,461,6,2575,1,1,60
2284,136,3,462,7,2582,3,3,70
2285,136,3,463,2,2584,0,0,20
2286,136,3,464,9,2593,3,3,90
2287,136,3,465,8,2601,3,0,80
2288,136,3,466,7,2608,6,6,70
2289,136,3,467,2,2610,1,1,20
2290,136,3,468,7,2617,6,0,70
2291,136,3,469,2,2619,7,0,20
2292,136,3,470,4,2623,8,1,40
2293,136,3,471,3,2626,7,1,30
2294,136,3,472,9,2635,15,2,90
2295,136,3,473,3,2638,14,2,30
2296,136,3,474,5,2643,14,3,50
2297,136,3,475,9,2652,17,17,90
2298,136,3,476,7,2659,4,0,70
2299,136,3,477,9,2668,5,5,90
2300,136,3,478,7,2675,1,1,70
2301,136,3,479,9,2684,2,0,90
2302,136,3,480,3,2687,3,1,30
2303,136,3,481,9,2696,7,7,90
2304,136,3,482,2,2698,1,0,20
2305,136,3,483,3,2701,2,0,30
2306,136,3,484,9,2710,5,1,90
2307,136,3,485,6,2716,6,6,60
2308,136,3,486,3,2719,2,0,30
2309,136,3,487,4,2723,6,1,40
2310,136,3,488,6,2729,8,1,60
2311,136,3,489,2,2731,7,7,20
2312,136,3,490,9,2740,3,3,90
2313,136,3,491,4,2744,1,1,40
2314,136,3,492,5,2749,4,0,50
2315,136,3,493,3,2752,7,1,30
2316,136,3,494,4,2756,6,6,40
2317,136,3,495,4,2760,1,0,40
2318,136,3,496,3,2763,2,0,30
2319,136,3,497,4,2767,2,2,40
2320,136,3,498,4,2771,1,0,40
2321,136,3,499,9,2780,7,1,90
2322,136,3,500,3,2783,7,1,30
2323,136,3,501,2,2785,7,7,20
2324,136,3,502,3,2788,2,0,30
2325,136,3,503,9,2797,5,2,90
2326,136,3,504,9,2806,8,8,90
2327,136,3,505,8,2814,6,2,80
2328,136,3,506,4,2818,7,7,40
2329,136,3,507,6,2824,5,1,60
2330,136,3,508,3,2827,7,2,30
2331,136,3,509,9,2836,9,1,90
2332,136,3,510,8,2844,11,11,80
2333,136,3,511,2,2846,2,0,20
2334,136,3,512,9,2855,10,1,90
2335,136,3,513,2,2857,11,0,20
2336,136,3,514,3,2860,12,3,30
2337,136,3,515,6,2866,13,2,60
2338,136,3,516,6,2872,14,14,60
2339,136,3,517,2,2874,3,3,20
2340,136,3,518,6,2880,4,1,60
2341,136,3,519,2,2882,4,4,20
2342,136,3,520,2,2884,1,0,20
2343,136,3,521,9,2893,6,0,90
2344,136,3,522,7,2900,11,1,70
2345,136,3,523,7,2907,14,14,70
2346,136,3,524,6,2913,3,0,60
2347,136,3,525,9,2922,5,5,90
2348,136,3,526,7,2929,4,4,70
2349,136,3,527,4,2933,3,0,40
2350,136,3,528,3,2936,5,1,30
2351,136,3,529,8,2944,8,0,80
2352,136,3,530,3,2947,9,9,30
2353,136,3,531,3,2950,1,0,30
2354,136,3,532,7,2957,5,0,70
2355,136,3,533,6,2963,9,9,60
2356,136,3,534,3,2966,2,0,30
2357,136,3,535,9,2975,4,4,90
2358,136,3,536,9,2984,6,0,90
2359,136,3,537,2,2986,6,6,20
2360,136,3,538,3,2989,0,0,30
2361,136,3,539,4,2993,1,0,40
2362,136,3,540,3,2996,3,0,30
2363,136,3,541,8,3004,6,6,80
2364,136,3,542,6,3010,3,3,60
2365,136,3,543,4,3014,2,0,40
2366,136,3,544,9,3023,10,10,90
2367,136,3,545,6,3029,3,2,60
2368,136,3,546,2,3031,2,0,20
2369,136,3,547,3,3034,2,0,30
2370,136,3,548,9,3043,5,5,90
2371,136,3,549,7,3050,2,0,70
2372,136,3,550,3,3053,4,1,30
2373,136,3,551,7,3060,7,1,70
2374,136,3,552,4,3064,9,5,40
2375,136,3,553,4,3068,7,1,40
2376,136,3,554,8,3076,6,2,80
2377,136,3,555,8,3084,6,0,80
2378,136,3,556,3,3087,10,10,30
2379,136,3,557,4,3091,0,0,40
2380,136,3,558,5,3096,2,2,50
2381,136,3,559,5,3101,1,1,50
2382,136,3,560,6,3107,3,1,60
2383,136,3,561,8,3115,3,1,80
2384,136,3,562,8,3123,7,1,80
2385,136,3,563,7,3130,12,12,70
2386,136,3,564,9,3139,3,1,90
2387,136,3,565,5,3144,6,2,50
2388,136,3,566,6,3150,7,7,60
2389,136,3,567,6,3156,2,0,60
2390,136,3,568,6,3162,5,5,60
2391,136,3,569,2,3164,0,0,20
2392,136,3,570,5,3169,0,0,50
2393,136,3,571,8,3177,4,4,80
2394,136,3,572,4,3181,0,0,40
2395,136,3,573,9,3190,6,1,90
2396,136,3,574,2,3192,7,7,20
2397,136,3,575,6,3198,3,3,60
2398,136,3,576,2,3200,1,1,20
2399,136,3,577,9,3209,4,4,90
2400,136,3,578,9,3218,5,0,90
2401,136,3,579,6,3224,8,0,60
2402,136,3,580,2,3226,9,2,20
2403,136,3,581,8,3234,8,8,80
2404,136,3,582,9,3243,3,1,90
2405,136,3,583,2,3245,2,0,20
2406,136,3,584,3,3248,5,1,30
2407,136,3,585,9,3257,8,2,90
2408,136,3,586,5,3262,7,0,50
2409,136,3,587,3,3265,9,0,30
2410,136,3,588,7,3272,12,0,70
2411,136,3,589,6,3278,16,3,60
2412,136,3,590,8,3286,15,3,80
2413,136,3,591,4,3290,13,0,40
2414,136,3,592,4,3294,13,13,40
2415,136,3,593,4,3298,1,1,40
2416,136,3,594,9,3307,0,0,90
2417,136,3,595,5,3312,3,0,50
2418,136,3,596,7,3319,7,2,70
2419,136,3,597,4,3323,7,0,40
2420,136,3,598,5,3328,7,7,50
2421,136,3,599,4,3332,3,1,40
2422,136,3,600,9,3341,6,6,90
2423,136,3,601,6,3347,2,1,60
2424,136,3,602,6,3353,1,0,60
2425,136,3,603,2,3355,1,0,20
2426,136,3,604,4,3359,2,0,40
2427,136,3,605,2,3361,2,1,20
2428,136,3,606,4,3365,2,2,40
2429,136,3,607,4,3369,1,0,40
2430,136,3,608,5,3374,2,1,50
2431,136,3,609,4,3378,3,3,40
2432,136,3,610,2,3380,1,0,20
2433,136,3,611,2,3382,1,0,20
2434,136,3,612,6,3388,4,0,60
2435,136,3,613,6,3394,8,1,60
2436,136,3,614,8,3402,9,1,80
2437,136,3,615,8,3410,12,1,80
2438,136,3,616,5,3415,13,1,50
2439,136,3,617,9,3424,20,5,90
2440,136,3,618,3,3427,15,15,30
2441,136,3,619,3,3430,2,2,30
2442,136,3,620,8,3438,2,0,80
2443,136,3,621,8,3446,4,4,80
2444,136,3,622,9,3455,3,1,90
2445,136,3,623,5,3460,6,1,50
2446,136,3,624,9,3469,9,9,90
2447,136,3,625,7,3476,2,0,70
2448,136,3,626,8,3484,5,0,80
2449,136,3,627,8,3492,10,10,80
2450,136,3,628,3,3495,3,3,30
2451,136,3,629,7,3502,3,0,70
2452,136,3,630,4,3506,4,4,40
2453,136,3,631,3,3509,1,0,30
2454,136,3,632,4,3513,6,1,40
2455,136,3,633,4,3517,8,8,40
2456,136,3,634,3,3520,3,0,30
2457,136,3,635,2,3522,6,0,20
2458,136,3,636,9,3531,8,1,90
2459,136,3,637,5,3536,10,10,50
2460,136,3,638,6,3542,5,3,60
2461,136,3,639,6,3548,7,1,60
2462,136,3,640,4,3552,6,2,40
2463,136,3,641,4,3556,7,7,40
2464,136,3,642,4,3560,2,0,40
2465,136,3,643,2,3562,3,3,20
2466,136,3,644,8,3570,2,0,80
2467,136,3,645,2,3572,3,0,20
2468,136,3,646,7,3579,5,2,70
2469,136,3,647,5,3584,6,6,50
2470,136,3,648,2,3586,0,0,20
2471,136,3,649,9,3595,3,3,90
2472,136,3,650,2,3597,1,0,20
2473,136,3,651,3,3600,4,0,30
2474,136,3,652,5,3605,9,0,50
2475,136,3,653,9,3614,15,15,90
2476,136,3,654,2,3616,0,0,20
2477,136,3,655,8,3624,7,4,80
2478,136,3,656,5,3629,6,0,50
2479,136,3,657,7,3636,13,13,70
2480,136,3,658,2,3638,0,0,20
2481,136,3,659,2,3640,2,2,20
2482,136,3,660,7,3647,2,2,70
2483,136,3,661,8,3655,2,0,80
2484,136,3,662,3,3658,6,0,30
2485,136,3,663,2,3660,8,2,20
2486,136,3,664,7,3667,10,10,70
2487,136,3,665,5,3672,7,3,50
2488,136,3,666,7,3679,7,7,70
2489,136,3,667,4,3683,6,6,40
2490,136,3,668,6,3689,1,1,60
2491,136,3,669,9,3698,1,0,90
2492,136,3,670,6,3704,3,0,60
2493,136,3,671,4,3708,4,0,40
2494,136,3,672,4,3712,8,2,40
2495,136,3,673,2,3714,7,1,20
2496,136,3,674,8,3722,10,2,80
2497,136,3,675,6,3728,8,8,60
2498,136,3,676,8,3736,5,1,80
2499,136,3,677,5,3741,5,5,50
2500,136,3,678,4,3745,4,0,40
2501,136,3,679,5,3750,4,4,50
2502,136,3,680,2,3752,1,0,20
2503,136,3,681,5,3757,4,0,50
2504,136,3,682,8,3765,9,9,80
2505,136,3,683,3,3768,3,0,30
2506,136,3,684,5,3773,4,0,50
2507,136,3,685,3,3776,8,1,30
2508,136,3,686,2,3778,8,1,20
2509,136,3,687,2,3780,7,2,20
2510,136,3,688,3,3783,7,3,30
2511,136,3,689,8,3791,7,7,80
2512,136,3,690,9,3800,5,1,90
2513,136,3,691,4,3804,8,0,40
2514,136,3,692,8,3812,15,15,80
2515,136,3,693,9,3821,5,5,90
2516,136,3,694,4,3825,3,0,40
2517,136,3,695,4,3829,8,8,40
2518,136,3,696,4,3833,0,0,40
2519,136,3,697,9,3842,7,0,90
2520,136,3,698,5,3847,9,2,50
2521,136,3,699,5,3852,15,2,50
2522,136,3,700,4,3856,14,1,40
2523,136,3,701,9,3865,25,2,90
2524,136,3,702,8,3873,32,32,80
2525,136,3,703,6,3879,3,3,60
2526,136,3,704,6,3885,3,3,60
2527,136,3,705,5,3890,4,1,50
2528,136,3,706,7,3897,9,9,70
2529,136,3,707,7,3904,3,3,70
2530,136,3,708,6,3910,4,4,60
2531,136,3,709,8,3918,5,2,80
2532,136,3,710,7,3925,7,0,70
2533,136,3,711,3,3928,9,0,30
2534,136,3,712,7,3935,11,11,70
2535,136,3,713,2,3937,1,0,20
2536,136,3,714,8,3945,4,3,80
2537,136,3,715,6,3951,4,4,60
2538,136,3,716,3,3954,2,0,30
2539,136,3,717,9,3963,8,1,90
2540,136,3,718,4,3967,10,2,40
2541,136,3,719,8,3975,13,13,80
2542,136,3,720,5,3980,4,1,50
2543,136,3,721,8,3988,6,0,80
2544,136,3,722,7,3995,10,10,70
2545,136,3,723,2,3997,1,1,20
2546,136,3,724,2,3999,2,2,20
2547,136,3,725,3,4002,2,2,30
2548,136,3,726,8,4010,2,0,80
2549,136,3,727,9,4019,9,1,90
2550,136,3,728,9,4028,13,2,90
2551,136,3,729,4,4032,12,12,40
2552,136,3,730,9,4041,7,1,90
2553,136,3,731,4,4045,10,10,40
2554,136,3,732,7,4052,4,0,70
2555,136,3,733,7,4059,12,3,70
2556,136,3,734,4,4063,10,4,40
2557,136,3,735,8,4071,9,3,80
2558,136,3,736,3,4074,6,6,30
2559,136,3,737,7,4081,4,4,70
2560,136,3,738,3,4084,1,0,30
2561,136,3,739,7,4091,3,0,70
2562,136,3,740,7,4098,8,2,70
2563,136,3,741,5,4103,9,2,50
2564,136,3,742,8,4111,10,0,80
2565,136,3,743,3,4114,10,10,30
2566,136,3,744,3,4117,1,1,30
2567,136,3,745,6,4123,6,1,60
2568,136,3,746,3,4126,7,0,30
2569,136,3,747,2,4128,7,1,20
2570,136,3,748,6,4134,10,1,60
2571,136,3,749,2,4136,11,11,20
2572,136,3,750,5,4141,0,0,50
2573,136,3,751,5,4146,2,2,50
2574,136,3,752,5,4151,2,1,50
2575,136,3,753,3,4154,2,2,30
2576,136,3,754,5,4159,3,3,50
2577,136,3,755,9,4168,3,1,90
2578,136,3,756,6,4174,3,3,60
2579,136,3,757,7,4181,3,3,70
2580,136,3,758,8,4189,3,3,80
2581,136,3,759,3,4192,4,2,30
2582,136,3,760,3,4195,3,3,30
2583,136,3,761,4,4199,6,1,40
2584,136,3,762,3,4202,5,5,30
2585,136,3,763,2,4204,1,0,20
2586,136,3,764,4,4208,3,0,40
2587,136,3,765,8,4216,9,9,80
2588,136,3,766,5,4221,2,0,50
2589,136,3,767,7,4228,6,6,70
2590,136,3,768,8,4236,6,1,80
2591,136,3,769,7,4243,8,8,70
2592,136,3,770,4,4247,1,0,40
2593,136,3,771,2,4249,1,0,20
2594,136,3,772,9,4258,3,3,90
2595,136,3,773,6,4264,3,0,60
2596,136,3,774,4,4268,6,6,40
2597,136,3,775,3,4271,2,2,30
2598,136,3,776,6,4277,3,0,60
2599,136,3,777,7,4284,8,8,70
2600,136,3,778,3,4287,3,0,30
2601,136,3,779,6,4293,7,1,60
2602,136,3,780,6,4299,7,7,60
2603,136,3,781,6,4305,1,0,60
2604,136,3,782,7,4312,5,0,70
2605,136,3,783,7,4319,11,1,70
2606,136,3,784,2,4321,12,2,20
2607,136,3,785,5,4326,16,4,50
2608,136,3,786,6,4332,15,15,60
2609,136,3,787,5,4337,2,0,50
2610,136,3,788,7,4344,4,2,70
2611,136,3,789,8,4352,4,0,80
2612,136,3,790,6,4358,7,2,60
2613,136,3,791,5,4363,7,1,50
2614,136,3,792,7,4370,9,2,70
2615,136,3,793,5,4375,10,1,50
2616,136,3,794,7,4382,16,0,70
2617,136,3,795,5,4387,17,17,50
2618,136,3,796,9,4396,3,0,90
2619,136,3,797,4,4400,5,5,40
2620,136,3,798,4,4404,4,0,40
2621,136,3,799,9,4413,6,2,90
2622,136,3,800,7,4420,7,7,70
2623,136,3,801,6,4426,2,0,60
2624,136,3,802,5,4431,10,0,50
2625,136,3,803,3,4434,10,1,30
2626,136,3,804,7,4441,13,13,70
2627,136,3,805,2,4443,0,0,20
2628,136,3,806,2,4445,1,0,20
2629,136,3,807,2,4447,2,0,20
2630,136,3,808,8,4455,9,9,80
2631,136,3,809,2,4457,4,0,20
2632,136,3,810,4,4461,5,0,40
2633,136,3,811,5,4466,8,8,50
2634,136,3,812,8,4474,4,0,80
2635,136,3,813,9,4483,7,7,90
2636,136,3,814,8,4491,2,2,80
2637,136,3,815,5,4496,4,4,50
2638,136,3,816,8,4504,4,1,80
2639,136,3,817,4,4508,5,0,40
2640,136,3,818,4,4512,9,2,40
2641,136,3,819,4,4516,10,10,40
2642,136,3,820,7,4523,5,0,70
2643,136,3,821,8,4531,8,8,80
2644,136,3,822,4,4535,3,0,40
2645,136,3,823,6,4541,10,10,60
2646,136,3,824,3,4544,1,1,30
2647,136,3,825,6,4550,3,3,60
2648,136,3,826,5,4555,2,0,50
2649,136,3,827,6,4561,4,4,60
2650,136,3,828,3,4564,1,0,30
2651,136,3,829,8,4572,4,0,80
2652,136,3,830,9,4581,7,2,90
2653,136,3,831,5,4586,10,10,50
2654,136,3,832,6,4592,4,4,60
2655,136,3,833,8,4600,3,0,80
2656,136,3,834,8,4608,8,8,80
2657,136,3,835,7,4615,5,5,70
2658,136,3,836,6,4621,0,0,60
2659,136,3,837,8,4629,4,4,80
2660,136,3,838,3,4632,2,2,30
2661,136,3,839,3,4635,1,1,30
2662,136,3,840,5,4640,1,1,50
2663,136,3,841,7,4647,4,4,70
2664,136,3,842,4,4651,3,0,40
2665,136,3,843,8,4659,11,3,80
2666,136,3,844,4,4663,10,1,40
2667,136,3,845,5,4668,11,11,50
2668,136,3,846,9,4677,2,0,90
2669,136,3,847,2,4679,3,0,20
2670,136,3,848,9,4688,9,9,90
2671,136,3,849,9,4697,3,3,90
2672,136,3,850,8,4705,5,0,80
2673,136,3,851,4,4709,6,6,40
2674,136,3,852,2,4711,1,1,20
2675,136,3,853,4,4715,3,1,40
2676,136,3,854,6,4721,6,1,60
2677,136,3,855,7,4728,11,1,70
2678,136,3,856,5,4733,11,11,50
2679,136,3,857,5,4738,2,2,50
2680,136,3,858,4,4742,1,0,40
2681,136,3,859,2,4744,2,0,20
2682,136,3,860,5,4749,4,4,50
2683,136,3,861,5,4754,2,0,50
2684,136,3,862,5,4759,3,0,50
2685,136,3,863,9,4768,7,1,90
2686,136,3,864,4,4772,8,8,40
2687,136,3,865,4,4776,1,1,40
2688,136,3,866,4,4780,1,0,40
2689,136,3,867,6,4786,4,4,60
2690,136,3,868,7,4793,3,0,70
2691,136,3,869,6,4799,6,6,60
2692,136,3,870,2,4801,0,0,20
2693,136,3,871,2,4803,0,0,20
2694,136,3,872,8,4811,4,1,80
2695,136,3,873,8,4819,3,0,80
2696,136,3,874,3,4822,7,0,30
2697,136,3,875,5,4827,9,9,50
2698,136,3,876,7,4834,3,1,70
2699,136,3,877,4,4838,7,0,40
2700,136,3,878,5,4843,11,1,50
2701,136,3,879,3,4846,14,2,30
2702,136,3,880,7,4853,17,17,70
2703,136,3,881,3,4856,3,0,30
2704,136,3,882,5,4861,3,3,50
2705,136,3,883,4,4865,1,0,40
2706,136,3,884,4,4869,3,3,40
2707,136,3,885,2,4871,0,0,20
2708,136,3,886,4,4875,0,0,40
2709,136,3,887,5,4880,4,4,50
2710,136,3,888,8,4888,5,5,80
2711,136,3,889,2,4890,1,0,20
2712,136,3,890,4,4894,3,3,40
2713,136,3,891,2,4896,0,0,20
2714,136,3,892,9,4905,5,1,90
2715,136,3,893,3,4908,4,4,30
2716,136,3,894,4,4912,1,0,40
2717,136,3,895,5,4917,5,2,50
2718,136,3,896,5,4922,4,1,50
2719,136,3,897,6,4928,5,0,60
2720,136,3,898,5,4933,5,0,50
2721,136,3,899,9,4942,6,1,90
2722,136,3,900,5,4947,12,3,50
2723,136,3,901,4,4951,13,3,40
2724,136,3,902,9,4960,15,2,90
2725,136,3,903,2,4962,13,13,20
2726,136,3,904,7,4969,4,1,70
2727,136,3,905,2,4971,4,0,20
2728,136,3,906,6,4977,5,0,60
2729,136,3,907,8,4985,7,7,80
2730,136,3,908,6,4991,3,3,60
2731,136,3,909,7,4998,10,0,70
