,Scenario,Trial,Inspection,Interval,Time,Accumulation,Defects,Rate
0,304,1,1,5,5,0,0,50
1,304,1,2,4,9,2,2,40
2,304,1,3,7,16,6,6,70
3,304,1,4,9,25,5,5,90
4,304,1,5,6,31,3,3,60
5,304,1,6,3,34,0,0,30
6,304,1,7,7,41,5,5,70
7,304,1,8,4,45,3,3,40
8,304,1,9,2,47,1,1,20
9,304,1,10,6,53,3,3,60
10,304,1,11,6,59,2,2,60
11,304,1,12,8,67,5,5,80
12,304,1,13,7,74,4,4,70
13,304,1,14,8,82,2,2,80
14,304,1,15,7,89,7,7,70
15,304,1,16,5,94,2,2,50
16,304,1,17,6,100,3,2,60
17,304,1,18,5,105,5,5,50
18,304,1,19,6,111,1,1,60
19,304,1,20,5,116,1,1,50
20,304,1,21,9,125,3,3,90
21,304,1,22,8,133,2,2,80
22,304,1,23,5,138,0,0,50
23,304,1,24,3,141,1,1,30
24,304,1,25,6,147,4,4,60
25,304,1,26,9,156,4,4,90
26,304,1,27,6,162,0,0,60
27,304,1,28,2,164,1,0,20
28,304,1,29,6,170,5,5,60
29,304,1,30,4,174,0,0,40
30,304,1,31,6,180,5,5,60
31,304,1,32,3,183,1,1,30
32,304,1,33,3,186,0,0,30
33,304,1,34,5,191,4,4,50
34,304,1,35,5,196,2,2,50
35,304,1,36,3,199,2,2,30
36,304,1,37,9,208,7,7,90
37,304,1,38,8,216,4,4,80
38,304,1,39,4,220,0,0,40
39,304,1,40,9,229,7,7,90
40,304,1,41,3,232,3,3,30
41,304,1,42,5,237,2,2,50
42,304,1,43,9,246,7,7,90
43,304,1,44,2,248,0,0,20
44,304,1,45,2,250,1,1,20
45,304,1,46,3,253,2,2,30
46,304,1,47,5,258,1,1,50
47,304,1,48,6,264,2,2,60
48,304,1,49,2,266,0,0,20
49,304,1,50,4,270,1,1,40
50,304,1,51,4,274,4,4,40
51,304,1,52,3,277,3,3,30
52,304,1,53,2,279,2,1,20
53,304,1,54,7,286,6,6,70
54,304,1,55,5,291,1,1,50
55,304,1,56,4,295,2,2,40
56,304,1,57,5,300,7,6,50
57,304,1,58,9,309,8,8,90
58,304,1,59,9,318,2,1,90
59,304,1,60,8,326,6,6,80
60,304,1,61,4,330,2,2,40
61,304,1,62,8,338,5,5,80
62,304,1,63,6,344,3,3,60
63,304,1,64,4,348,1,1,40
64,304,1,65,9,357,2,2,90
65,304,1,66,6,363,3,3,60
66,304,1,67,3,366,1,1,30
67,304,1,68,9,375,11,11,90
68,304,1,69,4,379,3,3,40
69,304,1,70,9,388,2,2,90
70,304,1,71,5,393,4,4,50
71,304,1,72,4,397,2,1,40
72,304,1,73,3,400,2,1,30
73,304,1,74,7,407,8,8,70
74,304,1,75,7,414,3,3,70
75,304,1,76,7,421,3,3,70
76,304,1,77,5,426,1,1,50
77,304,1,78,2,428,2,2,20
78,304,1,79,3,431,1,1,30
79,304,1,80,5,436,2,2,50
80,304,1,81,7,443,5,5,70
81,304,1,82,7,450,2,2,70
82,304,1,83,4,454,0,0,40
83,304,1,84,6,460,3,3,60
84,304,1,85,9,469,8,7,90
85,304,1,86,7,476,7,7,70
86,304,1,87,3,479,0,0,30
87,304,1,88,3,482,1,1,30
88,304,1,89,4,486,4,3,40
89,304,1,90,2,488,2,2,20
90,304,1,91,7,495,1,1,70
91,304,1,92,5,500,3,3,50
92,304,1,93,3,503,0,0,30
93,304,1,94,4,507,1,0,40
94,304,1,95,3,510,3,3,30
95,304,1,96,7,517,5,5,70
96,304,1,97,6,523,0,0,60
97,304,1,98,9,532,3,3,90
98,304,1,99,8,540,7,7,80
99,304,1,100,5,545,4,4,50
100,304,1,101,6,551,1,1,60
101,304,1,102,2,553,1,1,20
102,304,1,103,2,555,5,5,20
103,304,1,104,2,557,0,0,20
104,304,1,105,3,560,1,1,30
105,304,1,106,9,569,4,4,90
106,304,1,107,2,571,2,2,20
107,304,1,108,4,575,3,3,40
108,304,1,109,3,578,2,1,30
109,304,1,110,7,585,5,5,70
110,304,1,111,6,591,1,1,60
111,304,1,112,8,599,0,0,80
112,304,1,113,7,606,6,4,70
113,304,1,114,4,610,6,6,40
114,304,1,115,6,616,2,2,60
115,304,1,116,5,621,2,2,50
116,304,1,117,9,630,4,4,90
117,304,1,118,5,635,4,4,50
118,304,1,119,5,640,2,1,50
119,304,1,120,6,646,5,5,60
120,304,1,121,5,651,1,1,50
121,304,1,122,8,659,6,6,80
122,304,1,123,5,664,4,4,50
123,304,1,124,6,670,1,1,60
124,304,1,125,5,675,2,2,50
125,304,1,126,4,679,2,1,40
126,304,1,127,7,686,2,2,70
127,304,1,128,6,692,2,2,60
128,304,1,129,4,696,3,3,40
129,304,1,130,5,701,3,3,50
130,304,1,131,5,706,4,4,50
131,304,1,132,6,712,3,2,60
132,304,1,133,5,717,6,6,50
133,304,1,134,7,724,3,3,70
134,304,1,135,8,732,4,4,80
135,304,1,136,3,735,1,1,30
136,304,1,137,7,742,5,5,70
137,304,1,138,5,747,2,2,50
138,304,1,139,8,755,3,3,80
139,304,1,140,6,761,3,3,60
140,304,1,141,2,763,1,0,20
141,304,1,142,9,772,6,6,90
142,304,1,143,5,777,2,2,50
143,304,1,144,3,780,1,0,30
144,304,1,145,8,788,4,4,80
145,304,1,146,3,791,3,3,30
146,304,1,147,6,797,2,2,60
147,304,1,148,5,802,3,3,50
148,304,1,149,6,808,4,4,60
149,304,1,150,3,811,3,3,30
150,304,1,151,8,819,1,0,80
151,304,1,152,3,822,3,3,30
152,304,1,153,6,828,9,9,60
153,304,1,154,5,833,4,4,50
154,304,1,155,7,840,4,3,70
155,304,1,156,3,843,2,1,30
156,304,1,157,2,845,1,1,20
157,304,1,158,9,854,3,3,90
158,304,1,159,8,862,2,2,80
159,304,1,160,9,871,4,4,90
160,304,1,161,9,880,7,7,90
161,304,1,162,4,884,1,0,40
162,304,1,163,2,886,2,1,20
163,304,1,164,6,892,3,3,60
164,304,1,165,3,895,0,0,30
165,304,1,166,4,899,3,3,40
166,304,1,167,2,901,0,0,20
167,304,1,168,3,904,5,5,30
168,304,1,169,2,906,2,2,20
169,304,1,170,3,909,1,1,30
170,304,1,171,7,916,4,4,70
171,304,1,172,4,920,1,1,40
172,304,1,173,6,926,6,6,60
173,304,1,174,7,933,6,6,70
174,304,1,175,9,942,5,4,90
175,304,1,176,9,951,5,5,90
176,304,1,177,5,956,5,5,50
177,304,1,178,8,964,2,2,80
178,304,1,179,5,969,2,2,50
179,304,1,180,9,978,5,5,90
180,304,1,181,5,983,0,0,50
181,304,1,182,7,990,6,6,70
182,304,1,183,4,994,2,2,40
183,304,1,184,6,1000,1,0,60
184,304,1,185,4,1004,2,2,40
185,304,1,186,6,1010,2,2,60
186,304,1,187,3,1013,1,1,30
187,304,1,188,6,1019,1,1,60
188,304,1,189,5,1024,1,1,50
189,304,1,190,3,1027,1,1,30
190,304,1,191,7,1034,2,2,70
191,304,1,192,7,1041,4,4,70
192,304,1,193,2,1043,1,0,20
193,304,1,194,9,1052,7,5,90
194,304,1,195,5,1057,7,7,50
195,304,1,196,5,1062,6,6,50
196,304,1,197,9,1071,2,2,90
197,304,1,198,9,1080,5,5,90
198,304,1,199,7,1087,6,6,70
199,304,1,200,6,1093,2,2,60
200,304,1,201,3,1096,3,3,30
201,304,1,202,4,1100,3,3,40
202,304,1,203,2,1102,1,1,20
203,304,1,204,4,1106,2,2,40
204,304,1,205,8,1114,4,4,80
205,304,1,206,9,1123,1,0,90
206,304,1,207,4,1127,1,1,40
207,304,1,208,6,1133,5,5,60
208,304,1,209,6,1139,3,2,60
209,304,1,210,6,1145,4,4,60
210,304,1,211,9,1154,2,1,90
211,304,1,212,3,1157,3,3,30
212,304,1,213,5,1162,0,0,50
213,304,1,214,3,1165,2,1,30
214,304,1,215,9,1174,10,10,90
215,304,1,216,5,1179,3,3,50
216,304,1,217,4,1183,1,1,40
217,304,1,218,8,1191,2,2,80
218,304,1,219,6,1197,1,1,60
219,304,1,220,2,1199,1,0,20
220,304,1,221,7,1206,2,1,70
221,304,1,222,5,1211,4,3,50
222,304,1,223,7,1218,6,5,70
223,304,1,224,3,1221,3,3,30
224,304,1,225,5,1226,1,1,50
225,304,1,226,8,1234,3,3,80
226,304,1,227,4,1238,1,1,40
227,304,1,228,8,1246,1,1,80
228,304,1,229,2,1248,1,1,20
229,304,1,230,2,1250,1,1,20
230,304,1,231,9,1259,3,3,90
231,304,1,232,8,1267,5,5,80
232,304,1,233,3,1270,3,3,30
233,304,1,234,4,1274,4,4,40
234,304,1,235,2,1276,1,1,20
235,304,1,236,9,1285,4,4,90
236,304,1,237,6,1291,3,3,60
237,304,1,238,8,1299,6,6,80
238,304,1,239,5,1304,2,2,50
239,304,1,240,3,1307,0,0,30
240,304,1,241,7,1314,4,4,70
241,304,1,242,6,1320,3,3,60
242,304,1,243,2,1322,0,0,20
243,304,1,244,3,1325,3,3,30
244,304,1,245,9,1334,3,3,90
245,304,1,246,3,1337,3,3,30
246,304,1,247,7,1344,3,2,70
247,304,1,248,2,1346,1,1,20
248,304,1,249,8,1354,3,3,80
249,304,1,250,3,1357,1,0,30
250,304,1,251,7,1364,9,8,70
251,304,1,252,4,1368,4,4,40
252,304,1,253,6,1374,4,3,60
253,304,1,254,9,1383,8,8,90
254,304,1,255,6,1389,4,4,60
255,304,1,256,3,1392,1,1,30
256,304,1,257,8,1400,3,3,80
257,304,1,258,7,1407,3,2,70
258,304,1,259,4,1411,5,5,40
259,304,1,260,3,1414,2,1,30
260,304,1,261,7,1421,2,2,70
261,304,1,262,5,1426,2,2,50
262,304,1,263,4,1430,2,2,40
263,304,1,264,6,1436,2,1,60
264,304,1,265,5,1441,4,3,50
265,304,1,266,7,1448,7,7,70
266,304,1,267,2,1450,2,1,20
267,304,1,268,6,1456,4,4,60
268,304,1,269,2,1458,2,1,20
269,304,1,270,8,1466,2,2,80
270,304,1,271,4,1470,4,4,40
271,304,1,272,8,1478,8,8,80
272,304,1,273,8,1486,1,1,80
273,304,1,274,2,1488,0,0,20
274,304,1,275,5,1493,1,1,50
275,304,1,276,5,1498,2,2,50
276,304,1,277,5,1503,1,1,50
277,304,1,278,8,1511,7,7,80
278,304,1,279,2,1513,0,0,20
279,304,1,280,5,1518,1,0,50
280,304,1,281,7,1525,8,8,70
281,304,1,282,4,1529,3,1,40
282,304,1,283,2,1531,2,1,20
283,304,1,284,4,1535,6,6,40
284,304,1,285,3,1538,2,2,30
285,304,1,286,4,1542,2,2,40
286,304,1,287,5,1547,4,4,50
287,304,1,288,6,1553,1,1,60
288,304,1,289,9,1562,1,1,90
289,304,1,290,7,1569,5,5,70
290,304,1,291,4,1573,2,1,40
291,304,1,292,2,1575,2,2,20
292,304,1,293,3,1578,2,1,30
293,304,1,294,5,1583,3,3,50
294,304,1,295,5,1588,3,3,50
295,304,1,296,7,1595,3,3,70
296,304,1,297,2,1597,1,1,20
297,304,1,298,9,1606,4,4,90
298,304,1,299,4,1610,3,3,40
299,304,1,300,5,1615,3,3,50
300,304,1,301,7,1622,0,0,70
301,304,1,302,4,1626,1,1,40
302,304,1,303,8,1634,5,5,80
303,304,1,304,8,1642,4,3,80
304,304,1,305,8,1650,11,11,80
305,304,1,306,5,1655,1,1,50
306,304,1,307,2,1657,0,0,20
307,304,1,308,4,1661,3,3,40
308,304,1,309,5,1666,2,2,50
309,304,1,310,6,1672,3,3,60
310,304,1,311,8,1680,4,4,80
311,304,1,312,9,1689,5,4,90
312,304,1,313,6,1695,2,1,60
313,304,1,314,5,1700,2,2,50
314,304,1,315,6,1706,5,3,60
315,304,1,316,8,1714,6,6,80
316,304,1,317,5,1719,3,3,50
317,304,1,318,3,1722,0,0,30
318,304,1,319,3,1725,0,0,30
319,304,1,320,7,1732,3,3,70
320,304,1,321,4,1736,0,0,40
321,304,1,322,8,1744,10,10,80
322,304,1,323,8,1752,1,1,80
323,304,1,324,6,1758,4,4,60
324,304,1,325,7,1765,1,1,70
325,304,1,326,9,1774,6,6,90
326,304,1,327,6,1780,5,5,60
327,304,1,328,3,1783,3,3,30
328,304,1,329,6,1789,3,3,60
329,304,1,330,7,1796,3,3,70
330,304,1,331,4,1800,2,2,40
331,304,1,332,6,1806,3,3,60
332,304,1,333,6,1812,5,5,60
333,304,1,334,2,1814,0,0,20
334,304,1,335,2,1816,0,0,20
335,304,1,336,5,1821,1,1,50
336,304,1,337,9,1830,4,4,90
337,304,1,338,7,1837,4,4,70
338,304,1,339,3,1840,1,1,30
339,304,1,340,7,1847,4,4,70
340,304,1,341,2,1849,0,0,20
341,304,1,342,2,1851,0,0,20
342,304,1,343,9,1860,3,2,90
343,304,1,344,6,1866,4,3,60
344,304,1,345,8,1874,3,3,80
345,304,1,346,9,1883,3,3,90
346,304,1,347,3,1886,1,1,30
347,304,1,348,4,1890,0,0,40
348,304,1,349,2,1892,0,0,20
349,304,1,350,5,1897,0,0,50
350,304,1,351,9,1906,7,7,90
351,304,1,352,6,1912,1,1,60
352,304,1,353,6,1918,3,2,60
353,304,1,354,4,1922,3,3,40
354,304,1,355,9,1931,9,7,90
355,304,1,356,9,1940,8,8,90
356,304,1,357,2,1942,1,1,20
357,304,1,358,2,1944,2,2,20
358,304,1,359,7,1951,6,6,70
359,304,1,360,5,1956,4,4,50
360,304,1,361,4,1960,2,2,40
361,304,1,362,2,1962,1,0,20
362,304,1,363,9,1971,5,5,90
363,304,1,364,9,1980,3,3,90
364,304,1,365,2,1982,0,0,20
365,304,1,366,9,1991,3,3,90
366,304,1,367,8,1999,5,5,80
367,304,1,368,7,2006,4,4,70
368,304,1,369,8,2014,3,3,80
369,304,1,370,7,2021,7,7,70
370,304,1,371,6,2027,1,1,60
371,304,1,372,7,2034,5,5,70
372,304,1,373,6,2040,3,3,60
373,304,1,374,4,2044,1,1,40
374,304,1,375,5,2049,4,2,50
375,304,1,376,2,2051,2,2,20
376,304,1,377,6,2057,2,1,60
377,304,1,378,3,2060,1,1,30
378,304,1,379,4,2064,2,2,40
379,304,1,380,5,2069,1,1,50
380,304,1,381,2,2071,0,0,20
381,304,1,382,5,2076,2,2,50
382,304,1,383,9,2085,4,4,90
383,304,1,384,8,2093,4,4,80
384,304,1,385,9,2102,1,1,90
385,304,1,386,3,2105,3,3,30
386,304,1,387,3,2108,1,1,30
387,304,1,388,5,2113,4,4,50
388,304,1,389,9,2122,6,5,90
389,304,1,390,8,2130,8,8,80
390,304,1,391,3,2133,1,0,30
391,304,1,392,5,2138,4,4,50
392,304,1,393,4,2142,0,0,40
393,304,1,394,3,2145,2,2,30
394,304,1,395,3,2148,2,2,30
395,304,1,396,6,2154,4,3,60
396,304,1,397,2,2156,3,3,20
397,304,1,398,5,2161,5,5,50
398,304,1,399,9,2170,5,5,90
399,304,1,400,3,2173,5,5,30
400,304,1,401,2,2175,0,0,20
401,304,1,402,9,2184,6,6,90
402,304,1,403,4,2188,3,3,40
403,304,1,404,9,2197,7,7,90
404,304,1,405,3,2200,2,2,30
405,304,1,406,2,2202,1,1,20
406,304,1,407,3,2205,1,1,30
407,304,1,408,8,2213,3,3,80
408,304,1,409,9,2222,5,5,90
409,304,1,410,6,2228,3,3,60
410,304,1,411,4,2232,0,0,40
411,304,1,412,4,2236,3,3,40
412,304,1,413,9,2245,1,1,90
413,304,1,414,9,2254,3,3,90
414,304,1,415,4,2258,2,2,40
415,304,1,416,9,2267,4,4,90
416,304,1,417,6,2273,3,2,60
417,304,1,418,2,2275,3,3,20
418,304,1,419,6,2281,1,1,60
419,304,1,420,4,2285,4,4,40
420,304,1,421,8,2293,4,4,80
421,304,1,422,5,2298,3,2,50
422,304,1,423,5,2303,3,2,50
423,304,1,424,7,2310,4,2,70
424,304,1,425,3,2313,3,2,30
425,304,1,426,9,2322,2,2,90
426,304,1,427,5,2327,1,0,50
427,304,1,428,2,2329,1,1,20
428,304,1,429,4,2333,1,0,40
429,304,1,430,6,2339,1,1,60
430,304,1,431,7,2346,3,3,70
431,304,1,432,4,2350,2,2,40
432,304,1,433,8,2358,6,6,80
433,304,1,434,3,2361,0,0,30
434,304,1,435,7,2368,2,2,70
435,304,1,436,6,2374,8,8,60
436,304,1,437,8,2382,0,0,80
437,304,1,438,8,2390,2,2,80
438,304,1,439,4,2394,4,4,40
439,304,1,440,9,2403,3,2,90
440,304,1,441,6,2409,2,2,60
441,304,1,442,8,2417,2,2,80
442,304,1,443,5,2422,2,2,50
443,304,1,444,6,2428,1,1,60
444,304,1,445,3,2431,3,3,30
445,304,1,446,4,2435,1,1,40
446,304,1,447,2,2437,2,2,20
447,304,1,448,2,2439,1,1,20
448,304,1,449,4,2443,2,2,40
449,304,1,450,3,2446,0,0,30
450,304,1,451,2,2448,0,0,20
451,304,1,452,9,2457,4,4,90
452,304,1,453,2,2459,0,0,20
453,304,1,454,4,2463,2,2,40
454,304,1,455,8,2471,5,4,80
455,304,1,456,8,2479,9,8,80
456,304,1,457,5,2484,2,2,50
457,304,1,458,3,2487,1,0,30
458,304,1,459,8,2495,4,4,80
459,304,1,460,5,2500,8,8,50
460,304,1,461,3,2503,3,3,30
461,304,1,462,9,2512,6,6,90
462,304,1,463,8,2520,6,6,80
463,304,1,464,2,2522,0,0,20
464,304,1,465,8,2530,4,4,80
465,304,1,466,9,2539,3,3,90
466,304,1,467,5,2544,2,2,50
467,304,1,468,8,2552,4,4,80
468,304,1,469,3,2555,0,0,30
469,304,1,470,4,2559,4,4,40
470,304,1,471,3,2562,1,1,30
471,304,1,472,4,2566,0,0,40
472,304,1,473,5,2571,0,0,50
473,304,1,474,9,2580,3,3,90
474,304,1,475,8,2588,1,1,80
475,304,1,476,4,2592,3,3,40
476,304,1,477,9,2601,6,6,90
477,304,1,478,7,2608,5,4,70
478,304,1,479,9,2617,7,7,90
479,304,1,480,5,2622,2,2,50
480,304,1,481,6,2628,4,4,60
481,304,1,482,2,2630,1,1,20
482,304,1,483,8,2638,5,5,80
483,304,1,484,3,2641,1,1,30
484,304,1,485,2,2643,1,1,20
485,304,1,486,3,2646,1,0,30
486,304,1,487,7,2653,5,5,70
487,304,1,488,2,2655,0,0,20
488,304,1,489,9,2664,6,6,90
489,304,1,490,9,2673,4,3,90
490,304,1,491,8,2681,4,4,80
491,304,1,492,7,2688,1,1,70
492,304,1,493,7,2695,3,3,70
493,304,1,494,8,2703,5,5,80
494,304,1,495,2,2705,0,0,20
495,304,1,496,4,2709,1,1,40
496,304,1,497,8,2717,8,7,80
497,304,1,498,3,2720,5,5,30
498,304,1,499,5,2725,3,2,50
499,304,1,500,8,2733,3,3,80
500,304,1,501,5,2738,3,3,50
501,304,1,502,2,2740,1,0,20
502,304,1,503,2,2742,3,3,20
503,304,1,504,4,2746,0,0,40
504,304,1,505,9,2755,3,3,90
505,304,1,506,5,2760,2,2,50
506,304,1,507,2,2762,2,2,20
507,304,1,508,9,2771,3,3,90
508,304,1,509,3,2774,0,0,30
509,304,1,510,8,2782,1,1,80
510,304,1,511,7,2789,3,2,70
511,304,1,512,7,2796,3,3,70
512,304,1,513,2,2798,0,0,20
513,304,1,514,2,2800,1,1,20
514,304,1,515,5,2805,3,3,50
515,304,1,516,2,2807,4,4,20
516,304,1,517,8,2815,6,6,80
517,304,1,518,6,2821,4,3,60
518,304,1,519,7,2828,5,3,70
519,304,1,520,8,2836,5,5,80
520,304,1,521,4,2840,3,3,40
521,304,1,522,2,2842,2,2,20
522,304,1,523,9,2851,7,6,90
523,304,1,524,3,2854,1,1,30
524,304,1,525,8,2862,1,1,80
525,304,1,526,3,2865,2,2,30
526,304,1,527,4,2869,2,2,40
527,304,1,528,7,2876,2,2,70
528,304,1,529,5,2881,2,2,50
529,304,1,530,9,2890,5,5,90
530,304,1,531,2,2892,1,1,20
531,304,1,532,6,2898,1,1,60
532,304,1,533,2,2900,0,0,20
533,304,1,534,6,2906,1,1,60
534,304,1,535,6,2912,1,1,60
535,304,1,536,9,2921,4,4,90
536,304,1,537,6,2927,1,1,60
537,304,1,538,5,2932,0,0,50
538,304,1,539,8,2940,3,3,80
539,304,1,540,5,2945,4,4,50
540,304,1,541,9,2954,6,5,90
541,304,1,542,6,2960,3,2,60
542,304,1,543,9,2969,9,9,90
543,304,1,544,3,2972,2,1,30
544,304,1,545,2,2974,3,3,20
545,304,1,546,9,2983,3,3,90
546,304,1,547,2,2985,2,1,20
547,304,1,548,8,2993,4,4,80
548,304,1,549,8,3001,3,2,80
549,304,1,550,9,3010,6,6,90
550,304,1,551,6,3016,1,1,60
551,304,1,552,7,3023,2,2,70
552,304,1,553,4,3027,3,3,40
553,304,1,554,7,3034,3,2,70
554,304,1,555,6,3040,2,2,60
555,304,1,556,6,3046,2,2,60
556,304,1,557,4,3050,2,2,40
557,304,1,558,6,3056,0,0,60
558,304,1,559,3,3059,4,3,30
559,304,1,560,6,3065,3,3,60
560,304,1,561,2,3067,0,0,20
561,304,1,562,4,3071,4,4,40
562,304,1,563,3,3074,0,0,30
563,304,1,564,3,3077,1,1,30
564,304,1,565,6,3083,3,3,60
565,304,1,566,3,3086,3,3,30
566,304,1,567,5,3091,1,1,50
567,304,1,568,4,3095,4,4,40
568,304,1,569,5,3100,1,0,50
569,304,1,570,7,3107,7,7,70
570,304,1,571,3,3110,1,1,30
571,304,1,572,9,3119,1,0,90
572,304,1,573,9,3128,7,6,90
573,304,1,574,4,3132,6,5,40
574,304,1,575,6,3138,3,3,60
575,304,1,576,9,3147,7,5,90
576,304,1,577,9,3156,9,7,90
577,304,1,578,2,3158,2,2,20
578,304,1,579,7,3165,8,8,70
579,304,1,580,6,3171,2,2,60
580,304,1,581,4,3175,3,3,40
581,304,1,582,3,3178,2,2,30
582,304,1,583,9,3187,5,5,90
583,304,1,584,9,3196,2,2,90
584,304,1,585,7,3203,4,4,70
585,304,1,586,8,3211,5,5,80
586,304,1,587,2,3213,3,3,20
587,304,1,588,7,3220,2,2,70
588,304,1,589,6,3226,8,6,60
589,304,1,590,2,3228,2,2,20
590,304,1,591,9,3237,2,2,90
591,304,1,592,9,3246,5,5,90
592,304,1,593,7,3253,7,6,70
593,304,1,594,7,3260,3,3,70
594,304,1,595,7,3267,5,5,70
595,304,1,596,4,3271,2,2,40
596,304,1,597,7,3278,2,2,70
597,304,1,598,2,3280,0,0,20
598,304,1,599,8,3288,5,5,80
599,304,1,600,8,3296,3,3,80
600,304,1,601,7,3303,7,7,70
601,304,1,602,7,3310,3,3,70
602,304,1,603,9,3319,3,3,90
603,304,1,604,5,3324,2,2,50
604,304,1,605,7,3331,2,2,70
605,304,1,606,9,3340,4,4,90
606,304,1,607,8,3348,8,8,80
607,304,1,608,3,3351,2,2,30
608,304,1,609,9,3360,3,3,90
609,304,1,610,7,3367,6,6,70
610,304,1,611,8,3375,0,0,80
611,304,1,612,7,3382,5,5,70
612,304,1,613,5,3387,2,2,50
613,304,1,614,6,3393,0,0,60
614,304,1,615,7,3400,4,3,70
615,304,1,616,4,3404,4,4,40
616,304,1,617,3,3407,0,0,30
617,304,1,618,5,3412,4,4,50
618,304,1,619,2,3414,2,2,20
619,304,1,620,6,3420,5,2,60
620,304,1,621,6,3426,8,8,60
621,304,1,622,8,3434,8,8,80
622,304,1,623,8,3442,3,2,80
623,304,1,624,7,3449,5,4,70
624,304,1,625,4,3453,2,2,40
625,304,1,626,8,3461,3,3,80
626,304,1,627,7,3468,2,2,70
627,304,1,628,7,3475,2,2,70
628,304,1,629,3,3478,1,1,30
629,304,1,630,2,3480,3,3,20
630,304,1,631,8,3488,3,3,80
631,304,1,632,9,3497,6,5,90
632,304,1,633,2,3499,2,2,20
633,304,1,634,4,3503,3,3,40
634,304,1,635,7,3510,3,3,70
635,304,1,636,4,3514,0,0,40
636,304,1,637,6,3520,4,4,60
637,304,1,638,2,3522,1,1,20
638,304,1,639,2,3524,0,0,20
639,304,1,640,2,3526,1,1,20
640,304,1,641,9,3535,4,4,90
641,304,1,642,8,3543,7,7,80
642,304,1,643,2,3545,1,0,20
643,304,1,644,6,3551,2,2,60
644,304,1,645,2,3553,2,2,20
645,304,1,646,4,3557,2,1,40
646,304,1,647,3,3560,2,2,30
647,304,1,648,7,3567,4,4,70
648,304,1,649,2,3569,2,2,20
649,304,1,650,6,3575,4,4,60
650,304,1,651,7,3582,0,0,70
651,304,1,652,2,3584,2,1,20
652,304,1,653,5,3589,4,3,50
653,304,1,654,5,3594,2,2,50
654,304,1,655,8,3602,2,1,80
655,304,1,656,2,3604,2,2,20
656,304,1,657,9,3613,1,1,90
657,304,1,658,5,3618,3,3,50
658,304,1,659,2,3620,2,2,20
659,304,1,660,7,3627,4,4,70
660,304,1,661,8,3635,5,5,80
661,304,1,662,4,3639,0,0,40
662,304,1,663,6,3645,5,5,60
663,304,1,664,2,3647,1,1,20
664,304,1,665,2,3649,2,1,20
665,304,1,666,7,3656,5,5,70
666,304,1,667,2,3658,2,2,20
667,304,1,668,2,3660,0,0,20
668,304,1,669,9,3669,3,3,90
669,304,1,670,9,3678,5,5,90
670,304,1,671,9,3687,7,7,90
671,304,1,672,5,3692,5,5,50
672,304,1,673,6,3698,2,2,60
673,304,1,674,9,3707,5,5,90
674,304,1,675,4,3711,1,1,40
675,304,1,676,2,3713,2,2,20
676,304,1,677,6,3719,2,2,60
677,304,1,678,9,3728,8,8,90
678,304,1,679,9,3737,6,6,90
679,304,1,680,4,3741,2,2,40
680,304,1,681,7,3748,3,3,70
681,304,1,682,9,3757,8,8,90
682,304,1,683,6,3763,5,5,60
683,304,1,684,6,3769,3,3,60
684,304,1,685,4,3773,2,1,40
685,304,1,686,8,3781,5,5,80
686,304,1,687,5,3786,3,3,50
687,304,1,688,3,3789,2,2,30
688,304,1,689,8,3797,4,4,80
689,304,1,690,5,3802,5,5,50
690,304,1,691,3,3805,1,1,30
691,304,1,692,9,3814,3,3,90
692,304,1,693,4,3818,2,2,40
693,304,1,694,9,3827,1,1,90
694,304,1,695,3,3830,3,3,30
695,304,1,696,4,3834,3,3,40
696,304,1,697,6,3840,6,5,60
697,304,1,698,5,3845,2,2,50
698,304,1,699,6,3851,2,2,60
699,304,1,700,7,3858,2,1,70
700,304,1,701,7,3865,5,5,70
701,304,1,702,4,3869,3,3,40
702,304,1,703,3,3872,2,2,30
703,304,1,704,6,3878,2,2,60
704,304,1,705,6,3884,2,2,60
705,304,1,706,9,3893,7,6,90
706,304,1,707,4,3897,2,2,40
707,304,1,708,5,3902,6,6,50
708,304,1,709,2,3904,0,0,20
709,304,1,710,6,3910,1,0,60
710,304,1,711,6,3916,2,1,60
711,304,1,712,4,3920,5,4,40
712,304,1,713,3,3923,1,1,30
713,304,1,714,2,3925,1,1,20
714,304,1,715,4,3929,0,0,40
715,304,1,716,6,3935,1,1,60
716,304,1,717,3,3938,3,3,30
717,304,1,718,4,3942,1,1,40
718,304,1,719,7,3949,1,1,70
719,304,1,720,7,3956,5,5,70
720,304,1,721,4,3960,2,2,40
721,304,1,722,9,3969,5,5,90
722,304,1,723,5,3974,1,1,50
723,304,1,724,9,3983,5,5,90
724,304,1,725,5,3988,5,5,50
725,304,1,726,5,3993,4,4,50
726,304,1,727,3,3996,5,5,30
727,304,1,728,3,3999,1,0,30
728,304,1,729,4,4003,2,1,40
729,304,1,730,3,4006,4,4,30
730,304,1,731,4,4010,1,1,40
731,304,1,732,8,4018,3,3,80
732,304,1,733,5,4023,4,4,50
733,304,1,734,5,4028,3,3,50
734,304,1,735,7,4035,3,3,70
735,304,1,736,6,4041,0,0,60
736,304,1,737,6,4047,4,4,60
737,304,1,738,2,4049,2,2,20
738,304,1,739,4,4053,5,4,40
739,304,1,740,3,4056,1,1,30
740,304,1,741,4,4060,1,1,40
741,304,1,742,2,4062,1,1,20
742,304,1,743,9,4071,4,4,90
743,304,1,744,8,4079,1,1,80
744,304,1,745,9,4088,7,7,90
745,304,1,746,6,4094,4,4,60
746,304,1,747,7,4101,3,3,70
747,304,1,748,7,4108,2,2,70
748,304,1,749,6,4114,4,3,60
749,304,1,750,4,4118,3,3,40
750,304,1,751,8,4126,3,3,80
751,304,1,752,3,4129,1,1,30
752,304,1,753,9,4138,6,5,90
753,304,1,754,4,4142,4,4,40
754,304,1,755,8,4150,5,5,80
755,304,1,756,3,4153,5,5,30
756,304,1,757,8,4161,5,5,80
757,304,1,758,2,4163,0,0,20
758,304,1,759,3,4166,1,0,30
759,304,1,760,9,4175,5,5,90
760,304,1,761,9,4184,6,6,90
761,304,1,762,8,4192,4,4,80
762,304,1,763,4,4196,1,1,40
763,304,1,764,6,4202,4,4,60
764,304,1,765,3,4205,0,0,30
765,304,1,766,6,4211,3,3,60
766,304,1,767,6,4217,1,1,60
767,304,1,768,3,4220,1,1,30
768,304,1,769,7,4227,4,4,70
769,304,1,770,2,4229,0,0,20
770,304,1,771,6,4235,4,4,60
771,304,1,772,2,4237,1,1,20
772,304,1,773,4,4241,2,1,40
773,304,1,774,5,4246,4,4,50
774,304,1,775,4,4250,2,2,40
775,304,1,776,5,4255,6,6,50
776,304,1,777,4,4259,1,0,40
777,304,1,778,9,4268,6,6,90
778,304,1,779,8,4276,2,2,80
779,304,1,780,4,4280,0,0,40
780,304,1,781,2,4282,1,0,20
781,304,1,782,3,4285,2,1,30
782,304,1,783,8,4293,3,3,80
783,304,1,784,7,4300,1,0,70
784,304,1,785,6,4306,3,2,60
785,304,1,786,6,4312,5,4,60
786,304,1,787,4,4316,2,1,40
787,304,1,788,2,4318,1,1,20
788,304,1,789,3,4321,1,1,30
789,304,1,790,8,4329,6,4,80
790,304,1,791,2,4331,4,4,20
791,304,1,792,5,4336,2,1,50
792,304,1,793,9,4345,6,6,90
793,304,1,794,2,4347,0,0,20
794,304,1,795,7,4354,6,6,70
795,304,1,796,2,4356,0,0,20
796,304,1,797,5,4361,1,0,50
797,304,1,798,7,4368,5,5,70
798,304,1,799,6,4374,7,7,60
799,304,1,800,2,4376,1,1,20
800,304,1,801,8,4384,4,3,80
801,304,1,802,6,4390,3,3,60
802,304,1,803,5,4395,3,3,50
803,304,1,804,3,4398,2,2,30
804,304,1,805,8,4406,6,6,80
805,304,1,806,9,4415,3,3,90
806,304,1,807,5,4420,6,6,50
807,304,1,808,5,4425,3,2,50
808,304,1,809,4,4429,3,3,40
809,304,1,810,6,4435,3,2,60
810,304,1,811,9,4444,9,9,90
811,304,1,812,8,4452,3,2,80
812,304,1,813,7,4459,6,6,70
813,304,1,814,8,4467,2,1,80
814,304,1,815,2,4469,1,0,20
815,304,1,816,7,4476,3,3,70
816,304,1,817,4,4480,2,2,40
817,304,1,818,7,4487,4,4,70
818,304,1,819,7,4494,1,1,70
819,304,1,820,7,4501,6,6,70
820,304,1,821,6,4507,2,2,60
821,304,1,822,6,4513,6,6,60
822,304,1,823,7,4520,1,1,70
823,304,1,824,3,4523,4,4,30
824,304,1,825,6,4529,3,3,60
825,304,1,826,7,4536,2,2,70
826,304,1,827,7,4543,4,4,70
827,304,1,828,7,4550,3,2,70
828,304,1,829,7,4557,6,6,70
829,304,1,830,3,4560,0,0,30
830,304,1,831,8,4568,5,5,80
831,304,1,832,4,4572,0,0,40
832,304,1,833,2,4574,1,1,20
833,304,1,834,9,4583,4,4,90
834,304,1,835,6,4589,6,6,60
835,304,1,836,8,4597,3,2,80
836,304,1,837,6,4603,5,5,60
837,304,1,838,4,4607,1,1,40
838,304,1,839,4,4611,2,2,40
839,304,1,840,7,4618,3,3,70
840,304,1,841,6,4624,4,4,60
841,304,1,842,4,4628,0,0,40
842,304,1,843,3,4631,1,0,30
843,304,1,844,8,4639,5,5,80
844,304,1,845,8,4647,5,3,80
845,304,1,846,7,4654,10,10,70
846,304,1,847,8,4662,4,4,80
847,304,1,848,4,4666,3,3,40
848,304,1,849,7,4673,8,6,70
849,304,1,850,7,4680,7,7,70
850,304,1,851,3,4683,2,2,30
851,304,1,852,3,4686,1,1,30
852,304,1,853,2,4688,4,4,20
853,304,1,854,6,4694,3,2,60
854,304,1,855,9,4703,7,7,90
855,304,1,856,9,4712,9,9,90
856,304,1,857,5,4717,1,0,50
857,304,1,858,4,4721,5,5,40
858,304,1,859,7,4728,4,4,70
859,304,1,860,3,4731,0,0,30
860,304,1,861,4,4735,2,2,40
861,304,1,862,5,4740,6,5,50
862,304,1,863,6,4746,4,3,60
863,304,1,864,8,4754,5,5,80
864,304,1,865,4,4758,2,2,40
865,304,1,866,4,4762,1,0,40
866,304,1,867,8,4770,5,4,80
867,304,1,868,5,4775,3,3,50
868,304,1,869,4,4779,1,1,40
869,304,1,870,9,4788,5,5,90
870,304,1,871,5,4793,1,1,50
871,304,1,872,6,4799,0,0,60
872,304,1,873,8,4807,1,1,80
873,304,1,874,5,4812,1,1,50
874,304,1,875,9,4821,8,8,90
875,304,1,876,8,4829,4,4,80
876,304,1,877,8,4837,8,8,80
877,304,1,878,5,4842,1,1,50
878,304,1,879,2,4844,2,2,20
879,304,1,880,9,4853,1,1,90
880,304,1,881,2,4855,1,0,20
881,304,1,882,6,4861,5,3,60
882,304,1,883,5,4866,5,5,50
883,304,1,884,2,4868,0,0,20
884,304,1,885,9,4877,7,7,90
885,304,1,886,5,4882,3,3,50
886,304,1,887,3,4885,2,2,30
887,304,1,888,4,4889,3,2,40
888,304,1,889,4,4893,2,2,40
889,304,1,890,4,4897,2,2,40
890,304,1,891,8,4905,1,1,80
891,304,1,892,2,4907,1,1,20
892,304,1,893,6,4913,0,0,60
893,304,1,894,5,4918,3,3,50
894,304,1,895,8,4926,2,1,80
895,304,1,896,8,4934,4,4,80
896,304,1,897,3,4937,2,2,30
897,304,1,898,5,4942,3,3,50
898,304,1,899,5,4947,2,2,50
899,304,1,900,9,4956,5,4,90
900,304,1,901,2,4958,4,4,20
901,304,1,902,4,4962,2,2,40
902,304,1,903,9,4971,6,6,90
903,304,1,904,9,4980,8,8,90
904,304,1,905,3,4983,1,0,30
905,304,1,906,4,4987,1,1,40
906,304,1,907,6,4993,4,4,60
907,304,2,1,3,3,2,2,30
908,304,2,2,7,10,0,0,70
909,304,2,3,4,14,0,0,40
910,304,2,4,2,16,0,0,20
911,304,2,5,5,21,2,2,50
912,304,2,6,3,24,2,1,30
913,304,2,7,3,27,4,4,30
914,304,2,8,3,30,3,3,30
915,304,2,9,8,38,4,4,80
916,304,2,10,5,43,1,1,50
917,304,2,11,4,47,4,4,40
918,304,2,12,7,54,5,4,70
919,304,2,13,2,56,2,2,20
920,304,2,14,3,59,2,2,30
921,304,2,15,5,64,1,0,50
922,304,2,16,8,72,7,7,80
923,304,2,17,4,76,2,2,40
924,304,2,18,7,83,3,3,70
925,304,2,19,4,87,0,0,40
926,304,2,20,8,95,1,0,80
927,304,2,21,8,103,7,5,80
928,304,2,22,7,110,5,5,70
929,304,2,23,7,117,4,4,70
930,304,2,24,6,123,1,1,60
931,304,2,25,3,126,1,1,30
932,304,2,26,6,132,3,3,60
933,304,2,27,5,137,2,2,50
934,304,2,28,7,144,5,5,70
935,304,2,29,5,149,0,0,50
936,304,2,30,4,153,1,1,40
937,304,2,31,7,160,3,3,70
938,304,2,32,3,163,1,1,30
939,304,2,33,4,167,0,0,40
940,304,2,34,8,175,0,0,80
941,304,2,35,9,184,2,2,90
942,304,2,36,9,193,5,5,90
943,304,2,37,4,197,0,0,40
944,304,2,38,8,205,6,6,80
945,304,2,39,6,211,4,3,60
946,304,2,40,2,213,1,1,20
947,304,2,41,5,218,4,4,50
948,304,2,42,7,225,4,4,70
949,304,2,43,2,227,0,0,20
950,304,2,44,4,231,4,4,40
951,304,2,45,5,236,2,2,50
952,304,2,46,5,241,2,1,50
953,304,2,47,6,247,3,3,60
954,304,2,48,2,249,4,4,20
955,304,2,49,2,251,0,0,20
956,304,2,50,2,253,0,0,20
957,304,2,51,3,256,1,0,30
958,304,2,52,5,261,2,2,50
959,304,2,53,3,264,1,1,30
960,304,2,54,4,268,2,1,40
961,304,2,55,7,275,3,3,70
962,304,2,56,6,281,6,6,60
963,304,2,57,3,284,1,1,30
964,304,2,58,4,288,2,2,40
965,304,2,59,3,291,2,1,30
966,304,2,60,7,298,3,2,70
967,304,2,61,3,301,3,3,30
968,304,2,62,7,308,3,3,70
969,304,2,63,9,317,7,7,90
970,304,2,64,7,324,6,6,70
971,304,2,65,9,333,4,4,90
972,304,2,66,4,337,1,1,40
973,304,2,67,6,343,3,2,60
974,304,2,68,5,348,2,2,50
975,304,2,69,3,351,1,1,30
976,304,2,70,4,355,0,0,40
977,304,2,71,2,357,0,0,20
978,304,2,72,9,366,6,6,90
979,304,2,73,6,372,2,2,60
980,304,2,74,6,378,4,4,60
981,304,2,75,3,381,1,1,30
982,304,2,76,8,389,2,2,80
983,304,2,77,6,395,3,3,60
984,304,2,78,5,400,3,3,50
985,304,2,79,5,405,4,4,50
986,304,2,80,2,407,0,0,20
987,304,2,81,6,413,4,4,60
988,304,2,82,6,419,5,5,60
989,304,2,83,9,428,4,4,90
990,304,2,84,5,433,1,1,50
991,304,2,85,7,440,1,0,70
992,304,2,86,7,447,5,5,70
993,304,2,87,3,450,1,1,30
994,304,2,88,4,454,1,1,40
995,304,2,89,2,456,1,1,20
996,304,2,90,9,465,2,1,90
997,304,2,91,9,474,2,2,90
998,304,2,92,6,480,2,2,60
999,304,2,93,9,489,5,3,90
1000,304,2,94,2,491,3,3,20
1001,304,2,95,7,498,4,4,70
1002,304,2,96,4,502,1,1,40
1003,304,2,97,8,510,3,3,80
1004,304,2,98,3,513,1,1,30
1005,304,2,99,4,517,2,2,40
1006,304,2,100,7,524,1,0,70
1007,304,2,101,5,529,4,4,50
1008,304,2,102,6,535,3,3,60
1009,304,2,103,8,543,1,1,80
1010,304,2,104,9,552,3,3,90
1011,304,2,105,3,555,1,1,30
1012,304,2,106,4,559,1,1,40
1013,304,2,107,7,566,5,5,70
1014,304,2,108,9,575,9,9,90
1015,304,2,109,2,577,2,2,20
1016,304,2,110,7,584,3,3,70
1017,304,2,111,3,587,3,2,30
1018,304,2,112,6,593,4,4,60
1019,304,2,113,7,600,7,7,70
1020,304,2,114,6,606,4,4,60
1021,304,2,115,8,614,1,0,80
1022,304,2,116,3,617,1,1,30
1023,304,2,117,4,621,0,0,40
1024,304,2,118,8,629,2,2,80
1025,304,2,119,8,637,2,2,80
1026,304,2,120,9,646,1,1,90
1027,304,2,121,4,650,2,2,40
1028,304,2,122,7,657,7,7,70
1029,304,2,123,8,665,4,3,80
1030,304,2,124,7,672,3,2,70
1031,304,2,125,5,677,2,2,50
1032,304,2,126,3,680,3,3,30
1033,304,2,127,5,685,2,2,50
1034,304,2,128,3,688,2,2,30
1035,304,2,129,9,697,2,2,90
1036,304,2,130,4,701,3,3,40
1037,304,2,131,7,708,3,3,70
1038,304,2,132,5,713,3,2,50
1039,304,2,133,3,716,2,1,30
1040,304,2,134,3,719,2,2,30
1041,304,2,135,4,723,0,0,40
1042,304,2,136,5,728,2,2,50
1043,304,2,137,2,730,0,0,20
1044,304,2,138,5,735,3,3,50
1045,304,2,139,4,739,1,1,40
1046,304,2,140,6,745,4,4,60
1047,304,2,141,7,752,6,6,70
1048,304,2,142,5,757,4,4,50
1049,304,2,143,4,761,2,2,40
1050,304,2,144,5,766,2,1,50
1051,304,2,145,8,774,3,2,80
1052,304,2,146,3,777,2,1,30
1053,304,2,147,5,782,5,5,50
1054,304,2,148,7,789,5,5,70
1055,304,2,149,7,796,2,2,70
1056,304,2,150,8,804,1,1,80
1057,304,2,151,7,811,11,11,70
1058,304,2,152,4,815,1,1,40
1059,304,2,153,4,819,0,0,40
1060,304,2,154,7,826,8,8,70
1061,304,2,155,4,830,1,1,40
1062,304,2,156,8,838,5,4,80
1063,304,2,157,6,844,6,6,60
1064,304,2,158,9,853,5,4,90
1065,304,2,159,2,855,1,1,20
1066,304,2,160,3,858,3,3,30
1067,304,2,161,8,866,2,2,80
1068,304,2,162,5,871,1,1,50
1069,304,2,163,9,880,5,5,90
1070,304,2,164,2,882,2,2,20
1071,304,2,165,9,891,4,4,90
1072,304,2,166,7,898,4,4,70
1073,304,2,167,4,902,1,1,40
1074,304,2,168,6,908,1,1,60
1075,304,2,169,6,914,3,3,60
1076,304,2,170,5,919,4,4,50
1077,304,2,171,5,924,1,1,50
1078,304,2,172,8,932,2,2,80
1079,304,2,173,5,937,3,3,50
1080,304,2,174,8,945,7,7,80
1081,304,2,175,7,952,4,4,70
1082,304,2,176,9,961,6,6,90
1083,304,2,177,3,964,1,0,30
1084,304,2,178,8,972,7,7,80
1085,304,2,179,8,980,2,2,80
1086,304,2,180,3,983,2,2,30
1087,304,2,181,2,985,2,1,20
1088,304,2,182,6,991,7,7,60
1089,304,2,183,9,1000,2,2,90
1090,304,2,184,3,1003,1,0,30
1091,304,2,185,3,1006,3,3,30
1092,304,2,186,4,1010,4,4,40
1093,304,2,187,8,1018,3,3,80
1094,304,2,188,2,1020,1,1,20
1095,304,2,189,8,1028,6,6,80
1096,304,2,190,9,1037,6,6,90
1097,304,2,191,2,1039,2,1,20
1098,304,2,192,2,1041,1,0,20
1099,304,2,193,5,1046,3,3,50
1100,304,2,194,6,1052,3,3,60
1101,304,2,195,4,1056,3,3,40
1102,304,2,196,3,1059,1,1,30
1103,304,2,197,7,1066,4,4,70
1104,304,2,198,4,1070,1,1,40
1105,304,2,199,2,1072,2,1,20
1106,304,2,200,3,1075,2,2,30
1107,304,2,201,4,1079,2,2,40
1108,304,2,202,3,1082,1,1,30
1109,304,2,203,3,1085,1,1,30
1110,304,2,204,8,1093,3,2,80
1111,304,2,205,5,1098,3,3,50
1112,304,2,206,8,1106,4,4,80
1113,304,2,207,6,1112,2,2,60
1114,304,2,208,5,1117,2,2,50
1115,304,2,209,7,1124,5,5,70
1116,304,2,210,9,1133,9,9,90
1117,304,2,211,3,1136,2,2,30
1118,304,2,212,2,1138,1,1,20
1119,304,2,213,7,1145,5,5,70
1120,304,2,214,7,1152,2,1,70
1121,304,2,215,8,1160,7,7,80
1122,304,2,216,5,1165,4,3,50
1123,304,2,217,5,1170,3,3,50
1124,304,2,218,5,1175,2,1,50
1125,304,2,219,4,1179,2,2,40
1126,304,2,220,4,1183,1,1,40
1127,304,2,221,4,1187,1,1,40
1128,304,2,222,9,1196,1,1,90
1129,304,2,223,7,1203,6,6,70
1130,304,2,224,7,1210,2,2,70
1131,304,2,225,6,1216,3,2,60
1132,304,2,226,9,1225,12,12,90
1133,304,2,227,9,1234,5,5,90
1134,304,2,228,6,1240,4,4,60
1135,304,2,229,4,1244,1,1,40
1136,304,2,230,5,1249,2,2,50
1137,304,2,231,3,1252,0,0,30
1138,304,2,232,8,1260,5,5,80
1139,304,2,233,6,1266,1,1,60
1140,304,2,234,6,1272,3,3,60
1141,304,2,235,8,1280,5,5,80
1142,304,2,236,6,1286,1,1,60
1143,304,2,237,2,1288,2,1,20
1144,304,2,238,9,1297,4,4,90
1145,304,2,239,6,1303,2,0,60
1146,304,2,240,6,1309,5,5,60
1147,304,2,241,3,1312,2,1,30
1148,304,2,242,2,1314,4,4,20
1149,304,2,243,5,1319,1,1,50
1150,304,2,244,9,1328,5,5,90
1151,304,2,245,6,1334,3,2,60
1152,304,2,246,3,1337,4,4,30
1153,304,2,247,4,1341,1,1,40
1154,304,2,248,3,1344,1,1,30
1155,304,2,249,5,1349,7,7,50
1156,304,2,250,8,1357,5,3,80
1157,304,2,251,8,1365,7,7,80
1158,304,2,252,8,1373,4,4,80
1159,304,2,253,5,1378,1,1,50
1160,304,2,254,9,1387,1,1,90
1161,304,2,255,7,1394,1,1,70
1162,304,2,256,6,1400,3,3,60
1163,304,2,257,7,1407,3,3,70
1164,304,2,258,8,1415,4,4,80
1165,304,2,259,4,1419,0,0,40
1166,304,2,260,2,1421,1,0,20
1167,304,2,261,4,1425,2,2,40
1168,304,2,262,3,1428,3,3,30
1169,304,2,263,5,1433,0,0,50
1170,304,2,264,7,1440,0,0,70
1171,304,2,265,5,1445,3,3,50
1172,304,2,266,7,1452,4,2,70
1173,304,2,267,8,1460,4,4,80
1174,304,2,268,7,1467,2,2,70
1175,304,2,269,5,1472,4,3,50
1176,304,2,270,5,1477,6,5,50
1177,304,2,271,3,1480,2,1,30
1178,304,2,272,7,1487,6,6,70
1179,304,2,273,7,1494,2,1,70
1180,304,2,274,7,1501,5,5,70
1181,304,2,275,4,1505,2,2,40
1182,304,2,276,8,1513,4,2,80
1183,304,2,277,2,1515,2,2,20
1184,304,2,278,6,1521,2,1,60
1185,304,2,279,3,1524,2,1,30
1186,304,2,280,9,1533,11,11,90
1187,304,2,281,8,1541,4,4,80
1188,304,2,282,2,1543,1,1,20
1189,304,2,283,5,1548,1,1,50
1190,304,2,284,7,1555,1,1,70
1191,304,2,285,6,1561,4,4,60
1192,304,2,286,4,1565,2,2,40
1193,304,2,287,5,1570,4,4,50
1194,304,2,288,3,1573,1,0,30
1195,304,2,289,3,1576,2,2,30
1196,304,2,290,9,1585,6,6,90
1197,304,2,291,8,1593,4,3,80
1198,304,2,292,2,1595,3,3,20
1199,304,2,293,4,1599,3,3,40
1200,304,2,294,4,1603,1,1,40
1201,304,2,295,2,1605,0,0,20
1202,304,2,296,7,1612,5,5,70
1203,304,2,297,8,1620,4,4,80
1204,304,2,298,5,1625,0,0,50
1205,304,2,299,6,1631,1,1,60
1206,304,2,300,7,1638,3,3,70
1207,304,2,301,4,1642,0,0,40
1208,304,2,302,8,1650,8,8,80
1209,304,2,303,2,1652,1,1,20
1210,304,2,304,8,1660,5,5,80
1211,304,2,305,4,1664,1,1,40
1212,304,2,306,8,1672,1,1,80
1213,304,2,307,7,1679,4,4,70
1214,304,2,308,4,1683,1,1,40
1215,304,2,309,5,1688,4,4,50
1216,304,2,310,8,1696,4,4,80
1217,304,2,311,9,1705,2,1,90
1218,304,2,312,8,1713,5,5,80
1219,304,2,313,5,1718,3,3,50
1220,304,2,314,4,1722,1,1,40
1221,304,2,315,6,1728,3,3,60
1222,304,2,316,4,1732,5,5,40
1223,304,2,317,6,1738,2,2,60
1224,304,2,318,8,1746,4,4,80
1225,304,2,319,5,1751,5,5,50
1226,304,2,320,9,1760,2,2,90
1227,304,2,321,8,1768,4,4,80
1228,304,2,322,8,1776,4,4,80
1229,304,2,323,8,1784,7,7,80
1230,304,2,324,5,1789,1,1,50
1231,304,2,325,6,1795,2,2,60
1232,304,2,326,8,1803,4,4,80
1233,304,2,327,4,1807,1,1,40
1234,304,2,328,4,1811,1,1,40
1235,304,2,329,6,1817,0,0,60
1236,304,2,330,2,1819,1,1,20
1237,304,2,331,9,1828,2,2,90
1238,304,2,332,3,1831,1,1,30
1239,304,2,333,5,1836,2,1,50
1240,304,2,334,8,1844,7,7,80
1241,304,2,335,2,1846,1,1,20
1242,304,2,336,8,1854,2,2,80
1243,304,2,337,2,1856,0,0,20
1244,304,2,338,5,1861,0,0,50
1245,304,2,339,5,1866,2,1,50
1246,304,2,340,6,1872,6,5,60
1247,304,2,341,7,1879,4,3,70
1248,304,2,342,7,1886,2,2,70
1249,304,2,343,5,1891,1,1,50
1250,304,2,344,6,1897,5,5,60
1251,304,2,345,3,1900,2,2,30
1252,304,2,346,2,1902,1,1,20
1253,304,2,347,9,1911,2,2,90
1254,304,2,348,2,1913,1,1,20
1255,304,2,349,5,1918,1,1,50
1256,304,2,350,7,1925,6,6,70
1257,304,2,351,2,1927,2,2,20
1258,304,2,352,3,1930,0,0,30
1259,304,2,353,9,1939,4,3,90
1260,304,2,354,5,1944,6,6,50
1261,304,2,355,4,1948,0,0,40
1262,304,2,356,3,1951,1,1,30
1263,304,2,357,7,1958,2,2,70
1264,304,2,358,7,1965,5,5,70
1265,304,2,359,9,1974,9,8,90
1266,304,2,360,9,1983,6,6,90
1267,304,2,361,8,1991,2,2,80
1268,304,2,362,5,1996,0,0,50
1269,304,2,363,8,2004,6,6,80
1270,304,2,364,5,2009,1,0,50
1271,304,2,365,7,2016,5,4,70
1272,304,2,366,4,2020,1,1,40
1273,304,2,367,3,2023,0,0,30
1274,304,2,368,5,2028,5,3,50
1275,304,2,369,8,2036,11,11,80
1276,304,2,370,7,2043,1,0,70
1277,304,2,371,4,2047,2,2,40
1278,304,2,372,9,2056,6,4,90
1279,304,2,373,6,2062,8,8,60
1280,304,2,374,3,2065,2,2,30
1281,304,2,375,3,2068,2,2,30
1282,304,2,376,2,2070,0,0,20
1283,304,2,377,6,2076,5,5,60
1284,304,2,378,7,2083,2,2,70
1285,304,2,379,3,2086,2,1,30
1286,304,2,380,4,2090,2,2,40
1287,304,2,381,6,2096,6,6,60
1288,304,2,382,8,2104,8,8,80
1289,304,2,383,9,2113,5,5,90
1290,304,2,384,5,2118,4,4,50
1291,304,2,385,7,2125,6,6,70
1292,304,2,386,7,2132,5,5,70
1293,304,2,387,6,2138,2,2,60
1294,304,2,388,5,2143,3,3,50
1295,304,2,389,9,2152,7,7,90
1296,304,2,390,5,2157,2,2,50
1297,304,2,391,5,2162,3,3,50
1298,304,2,392,6,2168,4,2,60
1299,304,2,393,4,2172,3,2,40
1300,304,2,394,5,2177,4,3,50
1301,304,2,395,2,2179,2,1,20
1302,304,2,396,6,2185,4,4,60
1303,304,2,397,5,2190,1,1,50
1304,304,2,398,8,2198,3,3,80
1305,304,2,399,5,2203,7,7,50
1306,304,2,400,6,2209,0,0,60
1307,304,2,401,4,2213,0,0,40
1308,304,2,402,7,2220,2,1,70
1309,304,2,403,5,2225,3,2,50
1310,304,2,404,2,2227,1,0,20
1311,304,2,405,6,2233,6,6,60
1312,304,2,406,5,2238,6,6,50
1313,304,2,407,2,2240,3,2,20
1314,304,2,408,9,2249,2,2,90
1315,304,2,409,2,2251,0,0,20
1316,304,2,410,5,2256,0,0,50
1317,304,2,411,8,2264,5,5,80
1318,304,2,412,7,2271,5,5,70
1319,304,2,413,8,2279,2,2,80
1320,304,2,414,4,2283,2,1,40
1321,304,2,415,6,2289,5,5,60
1322,304,2,416,4,2293,1,1,40
1323,304,2,417,9,2302,6,6,90
1324,304,2,418,7,2309,3,3,70
1325,304,2,419,5,2314,3,3,50
1326,304,2,420,7,2321,3,3,70
1327,304,2,421,2,2323,1,1,20
1328,304,2,422,3,2326,2,2,30
1329,304,2,423,7,2333,0,0,70
1330,304,2,424,5,2338,5,5,50
1331,304,2,425,6,2344,7,7,60
1332,304,2,426,2,2346,0,0,20
1333,304,2,427,3,2349,4,4,30
1334,304,2,428,4,2353,3,3,40
1335,304,2,429,5,2358,2,1,50
1336,304,2,430,9,2367,7,7,90
1337,304,2,431,3,2370,1,0,30
1338,304,2,432,9,2379,6,6,90
1339,304,2,433,6,2385,3,3,60
1340,304,2,434,4,2389,2,2,40
1341,304,2,435,8,2397,5,5,80
1342,304,2,436,2,2399,1,1,20
1343,304,2,437,5,2404,2,2,50
1344,304,2,438,3,2407,1,1,30
1345,304,2,439,5,2412,4,4,50
1346,304,2,440,8,2420,5,5,80
1347,304,2,441,5,2425,2,2,50
1348,304,2,442,9,2434,3,2,90
1349,304,2,443,2,2436,2,2,20
1350,304,2,444,9,2445,3,3,90
1351,304,2,445,3,2448,1,0,30
1352,304,2,446,3,2451,4,4,30
1353,304,2,447,7,2458,8,8,70
1354,304,2,448,3,2461,2,2,30
1355,304,2,449,6,2467,3,3,60
1356,304,2,450,9,2476,7,7,90
1357,304,2,451,6,2482,3,3,60
1358,304,2,452,7,2489,4,3,70
1359,304,2,453,6,2495,5,5,60
1360,304,2,454,8,2503,4,4,80
1361,304,2,455,7,2510,3,3,70
1362,304,2,456,8,2518,2,1,80
1363,304,2,457,4,2522,3,3,40
1364,304,2,458,8,2530,1,0,80
1365,304,2,459,6,2536,2,2,60
1366,304,2,460,8,2544,5,5,80
1367,304,2,461,8,2552,3,2,80
1368,304,2,462,6,2558,4,3,60
1369,304,2,463,9,2567,9,9,90
1370,304,2,464,2,2569,1,1,20
1371,304,2,465,4,2573,2,2,40
1372,304,2,466,4,2577,5,5,40
1373,304,2,467,6,2583,6,6,60
1374,304,2,468,4,2587,1,1,40
1375,304,2,469,7,2594,2,2,70
1376,304,2,470,7,2601,5,5,70
1377,304,2,471,2,2603,1,1,20
1378,304,2,472,2,2605,0,0,20
1379,304,2,473,3,2608,2,2,30
1380,304,2,474,5,2613,6,6,50
1381,304,2,475,8,2621,4,4,80
1382,304,2,476,8,2629,4,4,80
1383,304,2,477,4,2633,2,2,40
1384,304,2,478,2,2635,1,0,20
1385,304,2,479,2,2637,1,1,20
1386,304,2,480,2,2639,1,0,20
1387,304,2,481,2,2641,1,1,20
1388,304,2,482,9,2650,6,5,90
1389,304,2,483,6,2656,4,3,60
1390,304,2,484,9,2665,6,6,90
1391,304,2,485,7,2672,4,4,70
1392,304,2,486,5,2677,2,2,50
1393,304,2,487,8,2685,3,2,80
1394,304,2,488,3,2688,1,1,30
1395,304,2,489,9,2697,8,8,90
1396,304,2,490,5,2702,4,4,50
1397,304,2,491,8,2710,5,3,80
1398,304,2,492,9,2719,10,10,90
1399,304,2,493,7,2726,6,6,70
1400,304,2,494,5,2731,4,4,50
1401,304,2,495,3,2734,0,0,30
1402,304,2,496,9,2743,5,3,90
1403,304,2,497,8,2751,8,8,80
1404,304,2,498,5,2756,5,5,50
1405,304,2,499,8,2764,4,4,80
1406,304,2,500,6,2770,1,1,60
1407,304,2,501,5,2775,2,2,50
1408,304,2,502,8,2783,4,4,80
1409,304,2,503,2,2785,2,2,20
1410,304,2,504,3,2788,0,0,30
1411,304,2,505,7,2795,1,0,70
1412,304,2,506,5,2800,4,3,50
1413,304,2,507,9,2809,4,4,90
1414,304,2,508,2,2811,0,0,20
1415,304,2,509,7,2818,2,2,70
1416,304,2,510,3,2821,0,0,30
1417,304,2,511,5,2826,1,1,50
1418,304,2,512,5,2831,3,3,50
1419,304,2,513,3,2834,3,3,30
1420,304,2,514,9,2843,4,4,90
1421,304,2,515,6,2849,3,3,60
1422,304,2,516,9,2858,7,7,90
1423,304,2,517,9,2867,1,0,90
1424,304,2,518,4,2871,3,2,40
1425,304,2,519,3,2874,5,5,30
1426,304,2,520,8,2882,3,3,80
1427,304,2,521,3,2885,3,2,30
1428,304,2,522,5,2890,6,5,50
1429,304,2,523,5,2895,3,1,50
1430,304,2,524,9,2904,6,6,90
1431,304,2,525,4,2908,2,2,40
1432,304,2,526,8,2916,3,3,80
1433,304,2,527,3,2919,2,1,30
1434,304,2,528,9,2928,2,2,90
1435,304,2,529,8,2936,8,7,80
1436,304,2,530,4,2940,2,2,40
1437,304,2,531,6,2946,1,1,60
1438,304,2,532,3,2949,0,0,30
1439,304,2,533,3,2952,3,3,30
1440,304,2,534,2,2954,1,1,20
1441,304,2,535,8,2962,3,3,80
1442,304,2,536,8,2970,4,4,80
1443,304,2,537,8,2978,1,0,80
1444,304,2,538,9,2987,11,11,90
1445,304,2,539,8,2995,3,3,80
1446,304,2,540,8,3003,3,3,80
1447,304,2,541,4,3007,6,5,40
1448,304,2,542,5,3012,4,3,50
1449,304,2,543,2,3014,1,1,20
1450,304,2,544,7,3021,4,4,70
1451,304,2,545,5,3026,0,0,50
1452,304,2,546,4,3030,1,1,40
1453,304,2,547,6,3036,2,2,60
1454,304,2,548,4,3040,2,2,40
1455,304,2,549,8,3048,4,4,80
1456,304,2,550,5,3053,0,0,50
1457,304,2,551,4,3057,1,1,40
1458,304,2,552,9,3066,4,4,90
1459,304,2,553,2,3068,1,1,20
1460,304,2,554,9,3077,4,4,90
1461,304,2,555,2,3079,4,4,20
1462,304,2,556,9,3088,2,1,90
1463,304,2,557,7,3095,2,2,70
1464,304,2,558,8,3103,5,5,80
1465,304,2,559,4,3107,3,3,40
1466,304,2,560,7,3114,3,3,70
1467,304,2,561,4,3118,2,2,40
1468,304,2,562,7,3125,2,2,70
1469,304,2,563,9,3134,9,9,90
1470,304,2,564,2,3136,1,1,20
1471,304,2,565,9,3145,3,2,90
1472,304,2,566,7,3152,4,4,70
1473,304,2,567,2,3154,4,4,20
1474,304,2,568,4,3158,3,3,40
1475,304,2,569,9,3167,4,4,90
1476,304,2,570,2,3169,0,0,20
1477,304,2,571,5,3174,4,4,50
1478,304,2,572,6,3180,3,3,60
1479,304,2,573,4,3184,2,2,40
1480,304,2,574,3,3187,1,1,30
1481,304,2,575,2,3189,2,2,20
1482,304,2,576,3,3192,2,2,30
1483,304,2,577,8,3200,7,7,80
1484,304,2,578,9,3209,2,2,90
1485,304,2,579,3,3212,3,3,30
1486,304,2,580,6,3218,1,1,60
1487,304,2,581,8,3226,6,6,80
1488,304,2,582,9,3235,2,1,90
1489,304,2,583,4,3239,4,4,40
1490,304,2,584,4,3243,3,3,40
1491,304,2,585,6,3249,2,2,60
1492,304,2,586,7,3256,5,5,70
1493,304,2,587,6,3262,3,3,60
1494,304,2,588,4,3266,1,1,40
1495,304,2,589,8,3274,6,6,80
1496,304,2,590,9,3283,4,4,90
1497,304,2,591,3,3286,6,6,30
1498,304,2,592,7,3293,2,2,70
1499,304,2,593,3,3296,1,0,30
1500,304,2,594,5,3301,2,2,50
1501,304,2,595,7,3308,1,0,70
1502,304,2,596,7,3315,3,3,70
1503,304,2,597,7,3322,4,4,70
1504,304,2,598,2,3324,3,3,20
1505,304,2,599,2,3326,0,0,20
1506,304,2,600,3,3329,2,2,30
1507,304,2,601,7,3336,2,1,70
1508,304,2,602,9,3345,4,4,90
1509,304,2,603,6,3351,0,0,60
1510,304,2,604,8,3359,4,4,80
1511,304,2,605,7,3366,4,4,70
1512,304,2,606,3,3369,0,0,30
1513,304,2,607,8,3377,3,3,80
1514,304,2,608,7,3384,1,0,70
1515,304,2,609,3,3387,5,5,30
1516,304,2,610,6,3393,2,2,60
1517,304,2,611,6,3399,2,2,60
1518,304,2,612,8,3407,5,5,80
1519,304,2,613,4,3411,3,3,40
1520,304,2,614,6,3417,6,6,60
1521,304,2,615,9,3426,4,4,90
1522,304,2,616,2,3428,1,1,20
1523,304,2,617,5,3433,4,4,50
1524,304,2,618,9,3442,8,8,90
1525,304,2,619,4,3446,1,1,40
1526,304,2,620,4,3450,1,1,40
1527,304,2,621,2,3452,1,0,20
1528,304,2,622,4,3456,5,4,40
1529,304,2,623,3,3459,3,2,30
1530,304,2,624,3,3462,3,3,30
1531,304,2,625,7,3469,7,7,70
1532,304,2,626,7,3476,3,3,70
1533,304,2,627,8,3484,4,4,80
1534,304,2,628,8,3492,8,7,80
1535,304,2,629,5,3497,3,3,50
1536,304,2,630,7,3504,4,4,70
1537,304,2,631,8,3512,3,3,80
1538,304,2,632,7,3519,1,1,70
1539,304,2,633,5,3524,2,2,50
1540,304,2,634,7,3531,1,1,70
1541,304,2,635,3,3534,1,0,30
1542,304,2,636,4,3538,4,4,40
1543,304,2,637,6,3544,2,2,60
1544,304,2,638,2,3546,0,0,20
1545,304,2,639,6,3552,2,2,60
1546,304,2,640,5,3557,1,1,50
1547,304,2,641,9,3566,4,4,90
1548,304,2,642,2,3568,0,0,20
1549,304,2,643,7,3575,4,3,70
1550,304,2,644,2,3577,1,1,20
1551,304,2,645,8,3585,4,4,80
1552,304,2,646,5,3590,2,2,50
1553,304,2,647,5,3595,2,2,50
1554,304,2,648,9,3604,11,11,90
1555,304,2,649,9,3613,5,4,90
1556,304,2,650,9,3622,3,3,90
1557,304,2,651,7,3629,2,2,70
1558,304,2,652,8,3637,2,2,80
1559,304,2,653,4,3641,2,2,40
1560,304,2,654,2,3643,2,2,20
1561,304,2,655,5,3648,3,3,50
1562,304,2,656,7,3655,3,3,70
1563,304,2,657,2,3657,1,1,20
1564,304,2,658,8,3665,3,3,80
1565,304,2,659,7,3672,4,4,70
1566,304,2,660,7,3679,3,3,70
1567,304,2,661,3,3682,0,0,30
1568,304,2,662,5,3687,6,6,50
1569,304,2,663,4,3691,4,4,40
1570,304,2,664,3,3694,2,1,30
1571,304,2,665,8,3702,5,4,80
1572,304,2,666,7,3709,7,7,70
1573,304,2,667,5,3714,1,0,50
1574,304,2,668,2,3716,1,1,20
1575,304,2,669,2,3718,0,0,20
1576,304,2,670,2,3720,0,0,20
1577,304,2,671,2,3722,1,0,20
1578,304,2,672,9,3731,7,7,90
1579,304,2,673,9,3740,2,2,90
1580,304,2,674,4,3744,2,2,40
1581,304,2,675,2,3746,0,0,20
1582,304,2,676,4,3750,1,1,40
1583,304,2,677,3,3753,2,2,30
1584,304,2,678,3,3756,2,2,30
1585,304,2,679,6,3762,3,3,60
1586,304,2,680,3,3765,6,6,30
1587,304,2,681,8,3773,4,4,80
1588,304,2,682,2,3775,0,0,20
1589,304,2,683,3,3778,1,0,30
1590,304,2,684,9,3787,13,13,90
1591,304,2,685,6,3793,4,4,60
1592,304,2,686,4,3797,1,1,40
1593,304,2,687,5,3802,1,1,50
1594,304,2,688,7,3809,4,3,70
1595,304,2,689,3,3812,2,2,30
1596,304,2,690,6,3818,4,3,60
1597,304,2,691,8,3826,2,2,80
1598,304,2,692,8,3834,4,4,80
1599,304,2,693,7,3841,6,6,70
1600,304,2,694,2,3843,1,1,20
1601,304,2,695,4,3847,2,2,40
1602,304,2,696,7,3854,2,2,70
1603,304,2,697,6,3860,5,5,60
1604,304,2,698,2,3862,2,1,20
1605,304,2,699,9,3871,5,4,90
1606,304,2,700,9,3880,4,2,90
1607,304,2,701,7,3887,5,5,70
1608,304,2,702,9,3896,3,3,90
1609,304,2,703,3,3899,1,1,30
1610,304,2,704,4,3903,1,1,40
1611,304,2,705,8,3911,3,3,80
1612,304,2,706,5,3916,1,1,50
1613,304,2,707,8,3924,7,7,80
1614,304,2,708,3,3927,1,1,30
1615,304,2,709,8,3935,6,6,80
1616,304,2,710,8,3943,6,6,80
1617,304,2,711,5,3948,1,1,50
1618,304,2,712,7,3955,4,3,70
1619,304,2,713,6,3961,2,2,60
1620,304,2,714,2,3963,1,1,20
1621,304,2,715,7,3970,4,4,70
1622,304,2,716,7,3977,7,7,70
1623,304,2,717,5,3982,1,0,50
1624,304,2,718,3,3985,1,1,30
1625,304,2,719,6,3991,5,5,60
1626,304,2,720,3,3994,0,0,30
1627,304,2,721,5,3999,1,1,50
1628,304,2,722,8,4007,5,5,80
1629,304,2,723,2,4009,0,0,20
1630,304,2,724,6,4015,5,5,60
1631,304,2,725,4,4019,4,4,40
1632,304,2,726,5,4024,8,8,50
1633,304,2,727,6,4030,2,2,60
1634,304,2,728,3,4033,1,1,30
1635,304,2,729,5,4038,2,2,50
1636,304,2,730,5,4043,1,1,50
1637,304,2,731,6,4049,2,2,60
1638,304,2,732,9,4058,4,4,90
1639,304,2,733,3,4061,3,3,30
1640,304,2,734,5,4066,4,4,50
1641,304,2,735,2,4068,1,1,20
1642,304,2,736,6,4074,1,0,60
1643,304,2,737,8,4082,6,6,80
1644,304,2,738,7,4089,0,0,70
1645,304,2,739,4,4093,6,6,40
1646,304,2,740,2,4095,2,2,20
1647,304,2,741,5,4100,2,2,50
1648,304,2,742,9,4109,3,3,90
1649,304,2,743,9,4118,2,1,90
1650,304,2,744,9,4127,5,5,90
1651,304,2,745,2,4129,0,0,20
1652,304,2,746,8,4137,5,5,80
1653,304,2,747,9,4146,4,4,90
1654,304,2,748,9,4155,4,2,90
1655,304,2,749,5,4160,4,3,50
1656,304,2,750,3,4163,2,2,30
1657,304,2,751,5,4168,3,3,50
1658,304,2,752,9,4177,3,3,90
1659,304,2,753,9,4186,5,5,90
1660,304,2,754,3,4189,2,0,30
1661,304,2,755,9,4198,7,7,90
1662,304,2,756,6,4204,5,5,60
1663,304,2,757,9,4213,6,6,90
1664,304,2,758,2,4215,0,0,20
1665,304,2,759,2,4217,2,2,20
1666,304,2,760,9,4226,6,6,90
1667,304,2,761,9,4235,2,1,90
1668,304,2,762,2,4237,1,1,20
1669,304,2,763,3,4240,2,2,30
1670,304,2,764,3,4243,0,0,30
1671,304,2,765,5,4248,4,4,50
1672,304,2,766,2,4250,0,0,20
1673,304,2,767,4,4254,1,1,40
1674,304,2,768,7,4261,0,0,70
1675,304,2,769,3,4264,3,3,30
1676,304,2,770,4,4268,3,2,40
1677,304,2,771,2,4270,1,1,20
1678,304,2,772,7,4277,2,1,70
1679,304,2,773,8,4285,5,5,80
1680,304,2,774,3,4288,0,0,30
1681,304,2,775,2,4290,0,0,20
1682,304,2,776,6,4296,6,6,60
1683,304,2,777,4,4300,5,5,40
1684,304,2,778,7,4307,3,2,70
1685,304,2,779,9,4316,7,7,90
1686,304,2,780,5,4321,0,0,50
1687,304,2,781,2,4323,1,1,20
1688,304,2,782,6,4329,3,3,60
1689,304,2,783,9,4338,7,7,90
1690,304,2,784,5,4343,2,2,50
1691,304,2,785,5,4348,2,2,50
1692,304,2,786,5,4353,7,7,50
1693,304,2,787,5,4358,3,3,50
1694,304,2,788,7,4365,2,2,70
1695,304,2,789,4,4369,4,4,40
1696,304,2,790,7,4376,1,1,70
1697,304,2,791,2,4378,1,0,20
1698,304,2,792,6,4384,3,3,60
1699,304,2,793,9,4393,5,5,90
1700,304,2,794,7,4400,2,2,70
1701,304,2,795,2,4402,2,2,20
1702,304,2,796,9,4411,3,3,90
1703,304,2,797,2,4413,1,1,20
1704,304,2,798,2,4415,1,1,20
1705,304,2,799,7,4422,4,3,70
1706,304,2,800,7,4429,3,3,70
1707,304,2,801,8,4437,7,7,80
1708,304,2,802,8,4445,1,1,80
1709,304,2,803,9,4454,5,5,90
1710,304,2,804,9,4463,3,3,90
1711,304,2,805,4,4467,2,2,40
1712,304,2,806,9,4476,6,6,90
1713,304,2,807,7,4483,4,3,70
1714,304,2,808,9,4492,4,4,90
1715,304,2,809,8,4500,6,6,80
1716,304,2,810,6,4506,3,3,60
1717,304,2,811,8,4514,4,4,80
1718,304,2,812,9,4523,5,5,90
1719,304,2,813,4,4527,0,0,40
1720,304,2,814,6,4533,1,1,60
1721,304,2,815,5,4538,1,1,50
1722,304,2,816,4,4542,2,1,40
1723,304,2,817,8,4550,5,5,80
1724,304,2,818,4,4554,2,2,40
1725,304,2,819,8,4562,12,12,80
1726,304,2,820,7,4569,1,1,70
1727,304,2,821,5,4574,4,4,50
1728,304,2,822,5,4579,4,4,50
1729,304,2,823,7,4586,2,2,70
1730,304,2,824,9,4595,2,2,90
1731,304,2,825,6,4601,2,2,60
1732,304,2,826,6,4607,4,4,60
1733,304,2,827,4,4611,2,2,40
1734,304,2,828,3,4614,1,0,30
1735,304,2,829,7,4621,3,3,70
1736,304,2,830,3,4624,2,1,30
1737,304,2,831,5,4629,7,6,50
1738,304,2,832,4,4633,1,0,40
1739,304,2,833,3,4636,3,3,30
1740,304,2,834,7,4643,4,4,70
1741,304,2,835,5,4648,4,4,50
1742,304,2,836,5,4653,2,1,50
1743,304,2,837,8,4661,3,3,80
1744,304,2,838,8,4669,5,5,80
1745,304,2,839,9,4678,7,7,90
1746,304,2,840,4,4682,1,1,40
1747,304,2,841,9,4691,7,7,90
1748,304,2,842,9,4700,5,5,90
1749,304,2,843,5,4705,0,0,50
1750,304,2,844,8,4713,3,3,80
1751,304,2,845,5,4718,1,1,50
1752,304,2,846,2,4720,0,0,20
1753,304,2,847,3,4723,3,3,30
1754,304,2,848,5,4728,0,0,50
1755,304,2,849,6,4734,3,3,60
1756,304,2,850,6,4740,4,4,60
1757,304,2,851,4,4744,2,2,40
1758,304,2,852,7,4751,5,5,70
1759,304,2,853,5,4756,1,1,50
1760,304,2,854,7,4763,5,5,70
1761,304,2,855,5,4768,3,3,50
1762,304,2,856,3,4771,0,0,30
1763,304,2,857,9,4780,6,4,90
1764,304,2,858,3,4783,4,4,30
1765,304,2,859,5,4788,3,3,50
1766,304,2,860,7,4795,4,4,70
1767,304,2,861,7,4802,5,5,70
1768,304,2,862,8,4810,2,2,80
1769,304,2,863,5,4815,2,1,50
1770,304,2,864,3,4818,3,2,30
1771,304,2,865,6,4824,1,1,60
1772,304,2,866,3,4827,2,2,30
1773,304,2,867,9,4836,10,10,90
1774,304,2,868,3,4839,1,1,30
1775,304,2,869,2,4841,0,0,20
1776,304,2,870,3,4844,1,1,30
1777,304,2,871,9,4853,4,4,90
1778,304,2,872,7,4860,4,4,70
1779,304,2,873,4,4864,2,1,40
1780,304,2,874,7,4871,6,5,70
1781,304,2,875,9,4880,6,6,90
1782,304,2,876,5,4885,4,4,50
1783,304,2,877,2,4887,0,0,20
1784,304,2,878,8,4895,4,2,80
1785,304,2,879,8,4903,8,7,80
1786,304,2,880,3,4906,2,2,30
1787,304,2,881,7,4913,1,1,70
1788,304,2,882,4,4917,2,2,40
1789,304,2,883,7,4924,7,7,70
1790,304,2,884,2,4926,1,1,20
1791,304,2,885,2,4928,1,1,20
1792,304,2,886,5,4933,0,0,50
1793,304,2,887,6,4939,5,5,60
1794,304,2,888,8,4947,4,3,80
1795,304,2,889,7,4954,3,3,70
1796,304,2,890,4,4958,1,1,40
1797,304,2,891,9,4967,3,3,90
1798,304,2,892,5,4972,3,3,50
1799,304,2,893,9,4981,8,7,90
1800,304,2,894,8,4989,3,2,80
1801,304,2,895,2,4991,1,1,20
1802,304,2,896,8,4999,2,2,80
1803,304,3,1,6,6,2,1,60
1804,304,3,2,9,15,4,4,90
1805,304,3,3,7,22,4,4,70
1806,304,3,4,8,30,1,0,80
1807,304,3,5,2,32,1,1,20
1808,304,3,6,4,36,3,3,40
1809,304,3,7,6,42,3,3,60
1810,304,3,8,4,46,4,3,40
1811,304,3,9,6,52,2,2,60
1812,304,3,10,9,61,4,4,90
1813,304,3,11,2,63,3,3,20
1814,304,3,12,9,72,2,1,90
1815,304,3,13,7,79,3,3,70
1816,304,3,14,8,87,5,4,80
1817,304,3,15,8,95,5,5,80
1818,304,3,16,5,100,2,2,50
1819,304,3,17,3,103,2,2,30
1820,304,3,18,4,107,3,2,40
1821,304,3,19,4,111,6,5,40
1822,304,3,20,2,113,3,3,20
1823,304,3,21,5,118,5,4,50
1824,304,3,22,8,126,1,1,80
1825,304,3,23,6,132,3,3,60
1826,304,3,24,9,141,4,2,90
1827,304,3,25,6,147,5,4,60
1828,304,3,26,5,152,3,3,50
1829,304,3,27,8,160,2,2,80
1830,304,3,28,2,162,1,1,20
1831,304,3,29,2,164,1,1,20
1832,304,3,30,2,166,1,1,20
1833,304,3,31,3,169,1,0,30
1834,304,3,32,8,177,11,9,80
1835,304,3,33,2,179,2,2,20
1836,304,3,34,7,186,3,3,70
1837,304,3,35,8,194,3,3,80
1838,304,3,36,5,199,2,1,50
1839,304,3,37,6,205,2,2,60
1840,304,3,38,8,213,6,6,80
1841,304,3,39,4,217,5,5,40
1842,304,3,40,4,221,0,0,40
1843,304,3,41,7,228,5,5,70
1844,304,3,42,6,234,3,3,60
1845,304,3,43,7,241,0,0,70
1846,304,3,44,7,248,2,2,70
1847,304,3,45,2,250,1,1,20
1848,304,3,46,6,256,6,6,60
1849,304,3,47,6,262,3,3,60
1850,304,3,48,5,267,4,4,50
1851,304,3,49,6,273,2,2,60
1852,304,3,50,2,275,1,1,20
1853,304,3,51,6,281,1,1,60
1854,304,3,52,8,289,9,9,80
1855,304,3,53,9,298,5,5,90
1856,304,3,54,8,306,2,2,80
1857,304,3,55,2,308,3,2,20
1858,304,3,56,2,310,1,1,20
1859,304,3,57,8,318,7,7,80
1860,304,3,58,9,327,10,10,90
1861,304,3,59,5,332,3,3,50
1862,304,3,60,6,338,1,1,60
1863,304,3,61,3,341,0,0,30
1864,304,3,62,7,348,6,6,70
1865,304,3,63,6,354,1,0,60
1866,304,3,64,8,362,6,6,80
1867,304,3,65,9,371,5,5,90
1868,304,3,66,5,376,6,6,50
1869,304,3,67,3,379,0,0,30
1870,304,3,68,8,387,5,5,80
1871,304,3,69,3,390,1,0,30
1872,304,3,70,3,393,3,3,30
1873,304,3,71,9,402,3,2,90
1874,304,3,72,8,410,4,4,80
1875,304,3,73,2,412,3,3,20
1876,304,3,74,6,418,2,2,60
1877,304,3,75,8,426,6,6,80
1878,304,3,76,2,428,1,1,20
1879,304,3,77,3,431,1,1,30
1880,304,3,78,2,433,1,1,20
1881,304,3,79,3,436,0,0,30
1882,304,3,80,7,443,4,4,70
1883,304,3,81,9,452,3,3,90
1884,304,3,82,8,460,7,7,80
1885,304,3,83,5,465,3,3,50
1886,304,3,84,4,469,0,0,40
1887,304,3,85,5,474,2,2,50
1888,304,3,86,6,480,3,3,60
1889,304,3,87,3,483,3,3,30
1890,304,3,88,6,489,6,5,60
1891,304,3,89,6,495,3,2,60
1892,304,3,90,9,504,7,7,90
1893,304,3,91,2,506,5,5,20
1894,304,3,92,8,514,8,7,80
1895,304,3,93,6,520,6,6,60
1896,304,3,94,3,523,3,3,30
1897,304,3,95,9,532,4,4,90
1898,304,3,96,6,538,1,1,60
1899,304,3,97,3,541,1,1,30
1900,304,3,98,4,545,1,0,40
1901,304,3,99,7,552,3,3,70
1902,304,3,100,9,561,2,1,90
1903,304,3,101,9,570,4,4,90
1904,304,3,102,5,575,1,1,50
1905,304,3,103,8,583,9,7,80
1906,304,3,104,4,587,4,4,40
1907,304,3,105,5,592,1,1,50
1908,304,3,106,8,600,3,3,80
1909,304,3,107,6,606,6,6,60
1910,304,3,108,6,612,2,0,60
1911,304,3,109,6,618,6,5,60
1912,304,3,110,4,622,4,4,40
1913,304,3,111,4,626,1,1,40
1914,304,3,112,7,633,4,4,70
1915,304,3,113,2,635,2,2,20
1916,304,3,114,5,640,4,2,50
1917,304,3,115,3,643,3,3,30
1918,304,3,116,4,647,1,1,40
1919,304,3,117,2,649,1,0,20
1920,304,3,118,8,657,9,9,80
1921,304,3,119,2,659,1,1,20
1922,304,3,120,8,667,4,3,80
1923,304,3,121,8,675,6,4,80
1924,304,3,122,6,681,11,11,60
1925,304,3,123,5,686,5,5,50
1926,304,3,124,9,695,6,4,90
1927,304,3,125,6,701,5,5,60
1928,304,3,126,8,709,2,2,80
1929,304,3,127,7,716,7,7,70
1930,304,3,128,5,721,6,6,50
1931,304,3,129,9,730,3,2,90
1932,304,3,130,2,732,2,1,20
1933,304,3,131,8,740,1,1,80
1934,304,3,132,8,748,3,2,80
1935,304,3,133,7,755,1,0,70
1936,304,3,134,3,758,3,3,30
1937,304,3,135,5,763,2,1,50
1938,304,3,136,9,772,4,3,90
1939,304,3,137,5,777,2,2,50
1940,304,3,138,4,781,4,4,40
1941,304,3,139,8,789,3,3,80
1942,304,3,140,5,794,1,1,50
1943,304,3,141,2,796,0,0,20
1944,304,3,142,8,804,3,3,80
1945,304,3,143,2,806,1,1,20
1946,304,3,144,8,814,3,3,80
1947,304,3,145,6,820,1,1,60
1948,304,3,146,4,824,3,2,40
1949,304,3,147,9,833,5,4,90
1950,304,3,148,6,839,4,4,60
1951,304,3,149,8,847,1,1,80
1952,304,3,150,7,854,4,2,70
1953,304,3,151,4,858,3,3,40
1954,304,3,152,8,866,6,6,80
1955,304,3,153,9,875,1,1,90
1956,304,3,154,9,884,4,4,90
1957,304,3,155,5,889,1,1,50
1958,304,3,156,8,897,2,2,80
1959,304,3,157,3,900,0,0,30
1960,304,3,158,3,903,1,1,30
1961,304,3,159,8,911,4,4,80
1962,304,3,160,8,919,1,1,80
1963,304,3,161,5,924,5,5,50
1964,304,3,162,4,928,1,1,40
1965,304,3,163,7,935,5,5,70
1966,304,3,164,4,939,1,1,40
1967,304,3,165,3,942,0,0,30
1968,304,3,166,6,948,9,9,60
1969,304,3,167,8,956,4,4,80
1970,304,3,168,2,958,2,2,20
1971,304,3,169,3,961,1,1,30
1972,304,3,170,2,963,1,1,20
1973,304,3,171,2,965,0,0,20
1974,304,3,172,4,969,1,1,40
1975,304,3,173,6,975,7,7,60
1976,304,3,174,3,978,3,3,30
1977,304,3,175,3,981,1,0,30
1978,304,3,176,6,987,3,2,60
1979,304,3,177,5,992,3,3,50
1980,304,3,178,8,1000,9,9,80
1981,304,3,179,6,1006,1,1,60
1982,304,3,180,9,1015,6,6,90
1983,304,3,181,5,1020,3,3,50
1984,304,3,182,9,1029,3,3,90
1985,304,3,183,4,1033,0,0,40
1986,304,3,184,2,1035,2,2,20
1987,304,3,185,3,1038,3,3,30
1988,304,3,186,3,1041,1,1,30
1989,304,3,187,4,1045,1,1,40
1990,304,3,188,2,1047,1,0,20
1991,304,3,189,8,1055,3,3,80
1992,304,3,190,3,1058,3,3,30
1993,304,3,191,7,1065,3,3,70
1994,304,3,192,2,1067,0,0,20
1995,304,3,193,4,1071,0,0,40
1996,304,3,194,4,1075,1,1,40
1997,304,3,195,9,1084,2,2,90
1998,304,3,196,7,1091,2,2,70
1999,304,3,197,5,1096,1,1,50
2000,304,3,198,4,1100,0,0,40
2001,304,3,199,8,1108,5,5,80
2002,304,3,200,2,1110,1,1,20
2003,304,3,201,2,1112,1,0,20
2004,304,3,202,5,1117,5,4,50
2005,304,3,203,9,1126,2,2,90
2006,304,3,204,5,1131,1,1,50
2007,304,3,205,5,1136,1,1,50
2008,304,3,206,6,1142,0,0,60
2009,304,3,207,4,1146,5,5,40
2010,304,3,208,4,1150,3,3,40
2011,304,3,209,7,1157,3,3,70
2012,304,3,210,9,1166,5,5,90
2013,304,3,211,3,1169,1,1,30
2014,304,3,212,9,1178,1,0,90
2015,304,3,213,7,1185,4,4,70
2016,304,3,214,8,1193,6,6,80
2017,304,3,215,3,1196,0,0,30
2018,304,3,216,6,1202,2,1,60
2019,304,3,217,3,1205,2,2,30
2020,304,3,218,9,1214,6,6,90
2021,304,3,219,4,1218,1,0,40
2022,304,3,220,5,1223,3,3,50
2023,304,3,221,7,1230,3,2,70
2024,304,3,222,6,1236,8,6,60
2025,304,3,223,7,1243,6,5,70
2026,304,3,224,3,1246,1,0,30
2027,304,3,225,3,1249,3,2,30
2028,304,3,226,4,1253,4,4,40
2029,304,3,227,6,1259,5,5,60
2030,304,3,228,2,1261,1,1,20
2031,304,3,229,8,1269,1,1,80
2032,304,3,230,2,1271,0,0,20
2033,304,3,231,7,1278,3,3,70
2034,304,3,232,4,1282,3,3,40
2035,304,3,233,8,1290,5,5,80
2036,304,3,234,2,1292,1,1,20
2037,304,3,235,5,1297,4,4,50
2038,304,3,236,4,1301,4,4,40
2039,304,3,237,9,1310,7,7,90
2040,304,3,238,5,1315,3,3,50
2041,304,3,239,4,1319,1,1,40
2042,304,3,240,4,1323,0,0,40
2043,304,3,241,6,1329,5,5,60
2044,304,3,242,7,1336,5,5,70
2045,304,3,243,9,1345,4,4,90
2046,304,3,244,5,1350,3,3,50
2047,304,3,245,4,1354,3,2,40
2048,304,3,246,7,1361,7,6,70
2049,304,3,247,8,1369,8,8,80
2050,304,3,248,7,1376,8,8,70
2051,304,3,249,7,1383,5,5,70
2052,304,3,250,6,1389,7,7,60
2053,304,3,251,2,1391,1,1,20
2054,304,3,252,7,1398,4,4,70
2055,304,3,253,5,1403,3,2,50
2056,304,3,254,4,1407,1,1,40
2057,304,3,255,3,1410,0,0,30
2058,304,3,256,7,1417,6,5,70
2059,304,3,257,2,1419,1,1,20
2060,304,3,258,3,1422,2,2,30
2061,304,3,259,6,1428,2,2,60
2062,304,3,260,5,1433,2,1,50
2063,304,3,261,4,1437,7,7,40
2064,304,3,262,4,1441,4,4,40
2065,304,3,263,6,1447,2,2,60
2066,304,3,264,2,1449,0,0,20
2067,304,3,265,3,1452,0,0,30
2068,304,3,266,9,1461,4,2,90
2069,304,3,267,9,1470,9,9,90
2070,304,3,268,3,1473,1,1,30
2071,304,3,269,4,1477,1,1,40
2072,304,3,270,9,1486,3,3,90
2073,304,3,271,4,1490,1,1,40
2074,304,3,272,9,1499,2,2,90
2075,304,3,273,8,1507,1,1,80
2076,304,3,274,7,1514,6,6,70
2077,304,3,275,6,1520,2,2,60
2078,304,3,276,2,1522,0,0,20
2079,304,3,277,5,1527,2,1,50
2080,304,3,278,5,1532,4,4,50
2081,304,3,279,4,1536,4,4,40
2082,304,3,280,7,1543,3,3,70
2083,304,3,281,5,1548,1,0,50
2084,304,3,282,6,1554,4,3,60
2085,304,3,283,7,1561,6,6,70
2086,304,3,284,2,1563,2,2,20
2087,304,3,285,7,1570,3,3,70
2088,304,3,286,5,1575,2,2,50
2089,304,3,287,3,1578,1,1,30
2090,304,3,288,7,1585,0,0,70
2091,304,3,289,9,1594,2,2,90
2092,304,3,290,6,1600,5,4,60
2093,304,3,291,7,1607,5,5,70
2094,304,3,292,7,1614,5,5,70
2095,304,3,293,7,1621,4,3,70
2096,304,3,294,8,1629,5,4,80
2097,304,3,295,3,1632,3,2,30
2098,304,3,296,6,1638,4,4,60
2099,304,3,297,2,1640,1,1,20
2100,304,3,298,4,1644,2,2,40
2101,304,3,299,6,1650,4,4,60
2102,304,3,300,2,1652,1,1,20
2103,304,3,301,9,1661,1,1,90
2104,304,3,302,6,1667,3,3,60
2105,304,3,303,5,1672,0,0,50
2106,304,3,304,3,1675,4,4,30
2107,304,3,305,6,1681,1,1,60
2108,304,3,306,4,1685,2,2,40
2109,304,3,307,8,1693,5,4,80
2110,304,3,308,7,1700,2,2,70
2111,304,3,309,9,1709,0,0,90
2112,304,3,310,5,1714,2,2,50
2113,304,3,311,7,1721,0,0,70
2114,304,3,312,8,1729,9,9,80
2115,304,3,313,9,1738,7,4,90
2116,304,3,314,6,1744,7,7,60
2117,304,3,315,7,1751,3,3,70
2118,304,3,316,9,1760,1,1,90
2119,304,3,317,9,1769,6,6,90
2120,304,3,318,6,1775,4,4,60
2121,304,3,319,6,1781,0,0,60
2122,304,3,320,2,1783,0,0,20
2123,304,3,321,2,1785,1,1,20
2124,304,3,322,9,1794,3,3,90
2125,304,3,323,6,1800,2,2,60
2126,304,3,324,8,1808,6,6,80
2127,304,3,325,6,1814,1,0,60
2128,304,3,326,4,1818,4,4,40
2129,304,3,327,4,1822,3,2,40
2130,304,3,328,7,1829,4,4,70
2131,304,3,329,2,1831,1,1,20
2132,304,3,330,6,1837,2,2,60
2133,304,3,331,7,1844,3,3,70
2134,304,3,332,2,1846,2,2,20
2135,304,3,333,7,1853,6,6,70
2136,304,3,334,7,1860,4,4,70
2137,304,3,335,5,1865,1,0,50
2138,304,3,336,8,1873,3,3,80
2139,304,3,337,9,1882,4,4,90
2140,304,3,338,3,1885,0,0,30
2141,304,3,339,6,1891,5,5,60
2142,304,3,340,5,1896,3,2,50
2143,304,3,341,4,1900,2,2,40
2144,304,3,342,7,1907,2,2,70
2145,304,3,343,2,1909,1,1,20
2146,304,3,344,8,1917,2,2,80
2147,304,3,345,3,1920,1,1,30
2148,304,3,346,3,1923,2,2,30
2149,304,3,347,6,1929,3,3,60
2150,304,3,348,4,1933,0,0,40
2151,304,3,349,8,1941,4,4,80
2152,304,3,350,7,1948,3,3,70
2153,304,3,351,6,1954,4,4,60
2154,304,3,352,3,1957,2,1,30
2155,304,3,353,7,1964,2,2,70
2156,304,3,354,8,1972,2,2,80
2157,304,3,355,3,1975,2,2,30
2158,304,3,356,3,1978,3,3,30
2159,304,3,357,5,1983,2,1,50
2160,304,3,358,5,1988,4,3,50
2161,304,3,359,2,1990,2,1,20
2162,304,3,360,8,1998,8,8,80
2163,304,3,361,8,2006,1,0,80
2164,304,3,362,5,2011,4,3,50
2165,304,3,363,5,2016,3,3,50
2166,304,3,364,8,2024,5,5,80
2167,304,3,365,7,2031,5,5,70
2168,304,3,366,8,2039,3,2,80
2169,304,3,367,6,2045,5,5,60
2170,304,3,368,5,2050,2,2,50
2171,304,3,369,5,2055,4,4,50
2172,304,3,370,3,2058,3,3,30
2173,304,3,371,3,2061,1,0,30
2174,304,3,372,4,2065,4,3,40
2175,304,3,373,3,2068,3,3,30
2176,304,3,374,9,2077,2,2,90
2177,304,3,375,8,2085,2,2,80
2178,304,3,376,5,2090,5,5,50
2179,304,3,377,3,2093,1,1,30
2180,304,3,378,3,2096,2,2,30
2181,304,3,379,8,2104,6,6,80
2182,304,3,380,4,2108,1,1,40
2183,304,3,381,8,2116,6,6,80
2184,304,3,382,6,2122,2,2,60
2185,304,3,383,9,2131,0,0,90
2186,304,3,384,4,2135,2,2,40
2187,304,3,385,6,2141,4,4,60
2188,304,3,386,3,2144,2,0,30
2189,304,3,387,3,2147,5,5,30
2190,304,3,388,4,2151,2,2,40
2191,304,3,389,7,2158,5,5,70
2192,304,3,390,8,2166,6,5,80
2193,304,3,391,4,2170,2,2,40
2194,304,3,392,5,2175,1,1,50
2195,304,3,393,4,2179,3,3,40
2196,304,3,394,4,2183,3,2,40
2197,304,3,395,6,2189,4,4,60
2198,304,3,396,7,2196,3,2,70
2199,304,3,397,5,2201,3,1,50
2200,304,3,398,5,2206,7,7,50
2201,304,3,399,6,2212,2,2,60
2202,304,3,400,5,2217,10,10,50
2203,304,3,401,4,2221,1,1,40
2204,304,3,402,9,2230,5,4,90
2205,304,3,403,8,2238,1,1,80
2206,304,3,404,7,2245,6,6,70
2207,304,3,405,4,2249,4,4,40
2208,304,3,406,2,2251,0,0,20
2209,304,3,407,9,2260,6,4,90
2210,304,3,408,2,2262,2,2,20
2211,304,3,409,3,2265,2,2,30
2212,304,3,410,5,2270,3,2,50
2213,304,3,411,5,2275,2,2,50
2214,304,3,412,5,2280,2,2,50
2215,304,3,413,9,2289,6,5,90
2216,304,3,414,2,2291,3,3,20
2217,304,3,415,6,2297,5,4,60
2218,304,3,416,6,2303,5,5,60
2219,304,3,417,6,2309,2,2,60
2220,304,3,418,7,2316,4,4,70
2221,304,3,419,7,2323,6,6,70
2222,304,3,420,8,2331,3,3,80
2223,304,3,421,6,2337,3,3,60
2224,304,3,422,3,2340,1,1,30
2225,304,3,423,2,2342,0,0,20
2226,304,3,424,9,2351,6,6,90
2227,304,3,425,7,2358,4,4,70
2228,304,3,426,7,2365,0,0,70
2229,304,3,427,8,2373,6,6,80
2230,304,3,428,8,2381,3,3,80
2231,304,3,429,7,2388,5,5,70
2232,304,3,430,2,2390,2,1,20
2233,304,3,431,3,2393,4,2,30
2234,304,3,432,5,2398,4,4,50
2235,304,3,433,9,2407,3,3,90
2236,304,3,434,3,2410,2,2,30
2237,304,3,435,9,2419,4,4,90
2238,304,3,436,4,2423,1,1,40
2239,304,3,437,9,2432,1,1,90
2240,304,3,438,3,2435,0,0,30
2241,304,3,439,7,2442,7,7,70
2242,304,3,440,5,2447,3,3,50
2243,304,3,441,4,2451,0,0,40
2244,304,3,442,5,2456,8,7,50
2245,304,3,443,4,2460,2,2,40
2246,304,3,444,2,2462,0,0,20
2247,304,3,445,9,2471,5,4,90
2248,304,3,446,4,2475,4,4,40
2249,304,3,447,3,2478,2,2,30
2250,304,3,448,9,2487,4,3,90
2251,304,3,449,3,2490,2,2,30
2252,304,3,450,7,2497,3,3,70
2253,304,3,451,4,2501,2,2,40
2254,304,3,452,8,2509,6,5,80
2255,304,3,453,7,2516,4,4,70
2256,304,3,454,6,2522,3,3,60
2257,304,3,455,3,2525,3,3,30
2258,304,3,456,8,2533,7,7,80
2259,304,3,457,2,2535,0,0,20
2260,304,3,458,9,2544,1,1,90
2261,304,3,459,7,2551,4,4,70
2262,304,3,460,7,2558,5,5,70
2263,304,3,461,8,2566,8,8,80
2264,304,3,462,3,2569,2,2,30
2265,304,3,463,8,2577,4,4,80
2266,304,3,464,7,2584,1,1,70
2267,304,3,465,3,2587,1,1,30
2268,304,3,466,6,2593,1,1,60
2269,304,3,467,6,2599,4,4,60
2270,304,3,468,3,2602,3,3,30
2271,304,3,469,6,2608,2,2,60
2272,304,3,470,2,2610,1,1,20
2273,304,3,471,5,2615,1,1,50
2274,304,3,472,2,2617,1,1,20
2275,304,3,473,2,2619,0,0,20
2276,304,3,474,7,2626,2,2,70
2277,304,3,475,2,2628,0,0,20
2278,304,3,476,7,2635,3,1,70
2279,304,3,477,7,2642,4,3,70
2280,304,3,478,3,2645,3,3,30
2281,304,3,479,7,2652,4,3,70
2282,304,3,480,5,2657,1,0,50
2283,304,3,481,9,2666,4,3,90
2284,304,3,482,9,2675,5,5,90
2285,304,3,483,4,2679,1,1,40
2286,304,3,484,7,2686,4,3,70
2287,304,3,485,6,2692,2,1,60
2288,304,3,486,4,2696,2,2,40
2289,304,3,487,2,2698,0,0,20
2290,304,3,488,2,2700,0,0,20
2291,304,3,489,6,2706,2,1,60
2292,304,3,490,9,2715,4,4,90
2293,304,3,491,5,2720,1,1,50
2294,304,3,492,9,2729,7,7,90
2295,304,3,493,7,2736,5,5,70
2296,304,3,494,8,2744,4,4,80
2297,304,3,495,2,2746,0,0,20
2298,304,3,496,6,2752,3,3,60
2299,304,3,497,7,2759,2,2,70
2300,304,3,498,3,2762,0,0,30
2301,304,3,499,3,2765,1,1,30
2302,304,3,500,6,2771,2,2,60
2303,304,3,501,6,2777,1,0,60
2304,304,3,502,9,2786,5,4,90
2305,304,3,503,6,2792,5,5,60
2306,304,3,504,6,2798,4,4,60
2307,304,3,505,2,2800,0,0,20
2308,304,3,506,3,2803,0,0,30
2309,304,3,507,5,2808,5,5,50
2310,304,3,508,5,2813,1,1,50
2311,304,3,509,6,2819,3,3,60
2312,304,3,510,5,2824,5,5,50
2313,304,3,511,4,2828,1,1,40
2314,304,3,512,3,2831,2,2,30
2315,304,3,513,2,2833,2,2,20
2316,304,3,514,2,2835,1,1,20
2317,304,3,515,4,2839,1,1,40
2318,304,3,516,9,2848,6,6,90
2319,304,3,517,2,2850,0,0,20
2320,304,3,518,4,2854,3,2,40
2321,304,3,519,6,2860,5,5,60
2322,304,3,520,2,2862,2,2,20
2323,304,3,521,8,2870,2,1,80
2324,304,3,522,3,2873,1,1,30
2325,304,3,523,3,2876,0,0,30
2326,304,3,524,4,2880,1,1,40
2327,304,3,525,5,2885,2,2,50
2328,304,3,526,8,2893,1,1,80
2329,304,3,527,7,2900,2,2,70
2330,304,3,528,4,2904,3,2,40
2331,304,3,529,6,2910,3,3,60
2332,304,3,530,3,2913,2,2,30
2333,304,3,531,9,2922,3,3,90
2334,304,3,532,8,2930,3,3,80
2335,304,3,533,9,2939,3,3,90
2336,304,3,534,7,2946,3,3,70
2337,304,3,535,8,2954,4,4,80
2338,304,3,536,5,2959,0,0,50
2339,304,3,537,5,2964,2,2,50
2340,304,3,538,3,2967,2,2,30
2341,304,3,539,4,2971,1,1,40
2342,304,3,540,5,2976,1,1,50
2343,304,3,541,9,2985,2,2,90
2344,304,3,542,4,2989,1,1,40
2345,304,3,543,6,2995,2,2,60
2346,304,3,544,7,3002,4,4,70
2347,304,3,545,5,3007,6,6,50
2348,304,3,546,9,3016,8,8,90
2349,304,3,547,9,3025,3,3,90
2350,304,3,548,4,3029,2,2,40
2351,304,3,549,9,3038,9,9,90
2352,304,3,550,3,3041,1,0,30
2353,304,3,551,6,3047,5,5,60
2354,304,3,552,6,3053,5,5,60
2355,304,3,553,8,3061,6,6,80
2356,304,3,554,9,3070,0,0,90
2357,304,3,555,6,3076,1,1,60
2358,304,3,556,2,3078,1,1,20
2359,304,3,557,6,3084,4,4,60
2360,304,3,558,8,3092,2,2,80
2361,304,3,559,8,3100,4,4,80
2362,304,3,560,2,3102,0,0,20
2363,304,3,561,7,3109,4,4,70
2364,304,3,562,2,3111,0,0,20
2365,304,3,563,7,3118,2,2,70
2366,304,3,564,9,3127,1,0,90
2367,304,3,565,8,3135,7,7,80
2368,304,3,566,4,3139,0,0,40
2369,304,3,567,6,3145,3,3,60
2370,304,3,568,8,3153,3,3,80
2371,304,3,569,9,3162,2,2,90
2372,304,3,570,7,3169,4,4,70
2373,304,3,571,7,3176,5,4,70
2374,304,3,572,3,3179,2,2,30
2375,304,3,573,8,3187,3,2,80
2376,304,3,574,9,3196,9,9,90
2377,304,3,575,7,3203,4,3,70
2378,304,3,576,2,3205,1,1,20
2379,304,3,577,7,3212,2,2,70
2380,304,3,578,6,3218,1,1,60
2381,304,3,579,8,3226,3,3,80
2382,304,3,580,7,3233,4,4,70
2383,304,3,581,4,3237,2,2,40
2384,304,3,582,5,3242,2,2,50
2385,304,3,583,2,3244,2,2,20
2386,304,3,584,3,3247,1,1,30
2387,304,3,585,4,3251,2,2,40
2388,304,3,586,5,3256,2,2,50
2389,304,3,587,3,3259,1,0,30
2390,304,3,588,3,3262,4,4,30
2391,304,3,589,8,3270,8,8,80
2392,304,3,590,3,3273,3,3,30
2393,304,3,591,5,3278,3,3,50
2394,304,3,592,8,3286,4,3,80
2395,304,3,593,3,3289,4,4,30
2396,304,3,594,3,3292,2,1,30
2397,304,3,595,2,3294,1,1,20
2398,304,3,596,8,3302,6,6,80
2399,304,3,597,2,3304,1,1,20
2400,304,3,598,7,3311,2,2,70
2401,304,3,599,5,3316,3,2,50
2402,304,3,600,5,3321,6,6,50
2403,304,3,601,7,3328,4,4,70
2404,304,3,602,8,3336,7,7,80
2405,304,3,603,7,3343,4,4,70
2406,304,3,604,6,3349,4,3,60
2407,304,3,605,3,3352,2,2,30
2408,304,3,606,3,3355,2,1,30
2409,304,3,607,3,3358,3,3,30
2410,304,3,608,8,3366,5,5,80
2411,304,3,609,9,3375,2,2,90
2412,304,3,610,4,3379,2,2,40
2413,304,3,611,4,3383,2,2,40
2414,304,3,612,3,3386,2,2,30
2415,304,3,613,6,3392,4,4,60
2416,304,3,614,2,3394,0,0,20
2417,304,3,615,7,3401,4,4,70
2418,304,3,616,9,3410,4,4,90
2419,304,3,617,4,3414,3,2,40
2420,304,3,618,4,3418,3,3,40
2421,304,3,619,3,3421,2,2,30
2422,304,3,620,2,3423,0,0,20
2423,304,3,621,4,3427,5,5,40
2424,304,3,622,4,3431,2,1,40
2425,304,3,623,6,3437,5,5,60
2426,304,3,624,7,3444,3,2,70
2427,304,3,625,6,3450,5,5,60
2428,304,3,626,7,3457,5,4,70
2429,304,3,627,7,3464,5,5,70
2430,304,3,628,5,3469,2,2,50
2431,304,3,629,5,3474,1,1,50
2432,304,3,630,2,3476,0,0,20
2433,304,3,631,5,3481,4,4,50
2434,304,3,632,9,3490,5,5,90
2435,304,3,633,2,3492,1,1,20
2436,304,3,634,4,3496,2,2,40
2437,304,3,635,9,3505,7,7,90
2438,304,3,636,7,3512,5,5,70
2439,304,3,637,5,3517,3,3,50
2440,304,3,638,8,3525,6,6,80
2441,304,3,639,8,3533,2,2,80
2442,304,3,640,2,3535,1,1,20
2443,304,3,641,3,3538,0,0,30
2444,304,3,642,6,3544,4,3,60
2445,304,3,643,3,3547,4,4,30
2446,304,3,644,3,3550,2,2,30
2447,304,3,645,9,3559,5,5,90
2448,304,3,646,5,3564,1,1,50
2449,304,3,647,5,3569,3,3,50
2450,304,3,648,6,3575,3,3,60
2451,304,3,649,8,3583,6,5,80
2452,304,3,650,4,3587,3,3,40
2453,304,3,651,9,3596,3,3,90
2454,304,3,652,9,3605,5,5,90
2455,304,3,653,9,3614,5,5,90
2456,304,3,654,7,3621,4,3,70
2457,304,3,655,4,3625,6,6,40
2458,304,3,656,8,3633,4,4,80
2459,304,3,657,9,3642,4,4,90
2460,304,3,658,9,3651,4,4,90
2461,304,3,659,4,3655,4,4,40
2462,304,3,660,5,3660,4,4,50
2463,304,3,661,4,3664,0,0,40
2464,304,3,662,3,3667,1,1,30
2465,304,3,663,7,3674,2,2,70
2466,304,3,664,3,3677,2,2,30
2467,304,3,665,3,3680,1,1,30
2468,304,3,666,6,3686,4,4,60
2469,304,3,667,3,3689,0,0,30
2470,304,3,668,4,3693,4,2,40
2471,304,3,669,6,3699,7,6,60
2472,304,3,670,4,3703,2,1,40
2473,304,3,671,9,3712,5,5,90
2474,304,3,672,4,3716,1,1,40
2475,304,3,673,9,3725,2,2,90
2476,304,3,674,3,3728,1,1,30
2477,304,3,675,7,3735,6,6,70
2478,304,3,676,5,3740,0,0,50
2479,304,3,677,5,3745,1,1,50
2480,304,3,678,7,3752,3,3,70
2481,304,3,679,5,3757,2,2,50
2482,304,3,680,4,3761,2,2,40
2483,304,3,681,3,3764,3,2,30
2484,304,3,682,3,3767,2,1,30
2485,304,3,683,7,3774,4,4,70
2486,304,3,684,6,3780,3,3,60
2487,304,3,685,9,3789,4,4,90
2488,304,3,686,5,3794,4,4,50
2489,304,3,687,7,3801,2,2,70
2490,304,3,688,8,3809,2,2,80
2491,304,3,689,8,3817,8,8,80
2492,304,3,690,5,3822,1,1,50
2493,304,3,691,2,3824,1,1,20
2494,304,3,692,6,3830,2,2,60
2495,304,3,693,7,3837,2,2,70
2496,304,3,694,8,3845,4,4,80
2497,304,3,695,4,3849,3,2,40
2498,304,3,696,4,3853,6,6,40
2499,304,3,697,2,3855,2,2,20
2500,304,3,698,3,3858,1,1,30
2501,304,3,699,8,3866,1,1,80
2502,304,3,700,2,3868,1,1,20
2503,304,3,701,8,3876,5,5,80
2504,304,3,702,6,3882,1,0,60
2505,304,3,703,7,3889,5,5,70
2506,304,3,704,5,3894,2,2,50
2507,304,3,705,9,3903,1,1,90
2508,304,3,706,7,3910,5,5,70
2509,304,3,707,3,3913,1,1,30
2510,304,3,708,4,3917,2,1,40
2511,304,3,709,2,3919,3,3,20
2512,304,3,710,9,3928,5,5,90
2513,304,3,711,2,3930,0,0,20
2514,304,3,712,4,3934,5,5,40
2515,304,3,713,2,3936,1,1,20
2516,304,3,714,4,3940,4,3,40
2517,304,3,715,9,3949,5,5,90
2518,304,3,716,4,3953,0,0,40
2519,304,3,717,7,3960,8,8,70
2520,304,3,718,3,3963,3,3,30
2521,304,3,719,3,3966,2,2,30
2522,304,3,720,8,3974,1,1,80
2523,304,3,721,5,3979,0,0,50
2524,304,3,722,8,3987,3,3,80
2525,304,3,723,4,3991,0,0,40
2526,304,3,724,9,4000,4,4,90
2527,304,3,725,8,4008,1,1,80
2528,304,3,726,7,4015,1,1,70
2529,304,3,727,6,4021,7,7,60
2530,304,3,728,4,4025,1,0,40
2531,304,3,729,5,4030,3,2,50
2532,304,3,730,2,4032,3,2,20
2533,304,3,731,8,4040,2,2,80
2534,304,3,732,2,4042,0,0,20
2535,304,3,733,5,4047,3,3,50
2536,304,3,734,4,4051,0,0,40
2537,304,3,735,8,4059,1,1,80
2538,304,3,736,9,4068,0,0,90
2539,304,3,737,2,4070,0,0,20
2540,304,3,738,5,4075,3,3,50
2541,304,3,739,9,4084,7,7,90
2542,304,3,740,5,4089,1,1,50
2543,304,3,741,7,4096,3,2,70
2544,304,3,742,4,4100,4,4,40
2545,304,3,743,3,4103,0,0,30
2546,304,3,744,5,4108,6,5,50
2547,304,3,745,5,4113,6,6,50
2548,304,3,746,8,4121,9,9,80
2549,304,3,747,9,4130,6,6,90
2550,304,3,748,5,4135,1,0,50
2551,304,3,749,4,4139,1,1,40
2552,304,3,750,2,4141,1,0,20
2553,304,3,751,9,4150,5,5,90
2554,304,3,752,9,4159,3,2,90
2555,304,3,753,4,4163,4,4,40
2556,304,3,754,5,4168,2,2,50
2557,304,3,755,9,4177,3,2,90
2558,304,3,756,4,4181,2,2,40
2559,304,3,757,8,4189,3,2,80
2560,304,3,758,5,4194,2,1,50
2561,304,3,759,9,4203,6,6,90
2562,304,3,760,8,4211,5,5,80
2563,304,3,761,8,4219,2,2,80
2564,304,3,762,4,4223,4,4,40
2565,304,3,763,4,4227,0,0,40
2566,304,3,764,9,4236,3,3,90
2567,304,3,765,9,4245,4,4,90
2568,304,3,766,8,4253,3,3,80
2569,304,3,767,9,4262,7,7,90
2570,304,3,768,8,4270,4,2,80
2571,304,3,769,4,4274,6,6,40
2572,304,3,770,8,4282,4,4,80
2573,304,3,771,7,4289,2,2,70
2574,304,3,772,9,4298,6,4,90
2575,304,3,773,3,4301,3,3,30
2576,304,3,774,7,4308,4,4,70
2577,304,3,775,4,4312,0,0,40
2578,304,3,776,6,4318,2,1,60
2579,304,3,777,4,4322,4,3,40
2580,304,3,778,4,4326,1,1,40
2581,304,3,779,2,4328,0,0,20
2582,304,3,780,9,4337,5,5,90
2583,304,3,781,7,4344,7,7,70
2584,304,3,782,4,4348,5,4,40
2585,304,3,783,9,4357,6,6,90
2586,304,3,784,7,4364,4,4,70
2587,304,3,785,8,4372,4,4,80
2588,304,3,786,7,4379,4,4,70
2589,304,3,787,7,4386,1,1,70
2590,304,3,788,7,4393,5,5,70
2591,304,3,789,8,4401,7,7,80
2592,304,3,790,9,4410,5,5,90
2593,304,3,791,3,4413,2,2,30
2594,304,3,792,8,4421,6,6,80
2595,304,3,793,6,4427,3,3,60
2596,304,3,794,2,4429,0,0,20
2597,304,3,795,6,4435,5,5,60
2598,304,3,796,5,4440,0,0,50
2599,304,3,797,4,4444,2,2,40
2600,304,3,798,7,4451,3,3,70
2601,304,3,799,6,4457,4,3,60
2602,304,3,800,3,4460,6,6,30
2603,304,3,801,7,4467,6,6,70
2604,304,3,802,8,4475,2,2,80
2605,304,3,803,4,4479,5,4,40
2606,304,3,804,4,4483,2,1,40
2607,304,3,805,6,4489,2,2,60
2608,304,3,806,3,4492,3,3,30
2609,304,3,807,4,4496,1,1,40
2610,304,3,808,4,4500,2,2,40
2611,304,3,809,3,4503,0,0,30
2612,304,3,810,8,4511,1,0,80
2613,304,3,811,7,4518,6,6,70
2614,304,3,812,9,4527,3,2,90
2615,304,3,813,4,4531,1,1,40
2616,304,3,814,7,4538,1,1,70
2617,304,3,815,6,4544,3,3,60
2618,304,3,816,9,4553,7,7,90
2619,304,3,817,6,4559,3,3,60
2620,304,3,818,6,4565,1,0,60
2621,304,3,819,3,4568,1,1,30
2622,304,3,820,6,4574,1,1,60
2623,304,3,821,7,4581,4,4,70
2624,304,3,822,6,4587,5,5,60
2625,304,3,823,9,4596,4,4,90
2626,304,3,824,6,4602,3,3,60
2627,304,3,825,3,4605,2,1,30
2628,304,3,826,4,4609,5,5,40
2629,304,3,827,4,4613,0,0,40
2630,304,3,828,3,4616,1,0,30
2631,304,3,829,5,4621,3,3,50
2632,304,3,830,8,4629,4,4,80
2633,304,3,831,9,4638,5,5,90
2634,304,3,832,5,4643,2,1,50
2635,304,3,833,5,4648,3,2,50
2636,304,3,834,4,4652,2,2,40
2637,304,3,835,9,4661,3,3,90
2638,304,3,836,2,4663,0,0,20
2639,304,3,837,5,4668,2,1,50
2640,304,3,838,7,4675,6,6,70
2641,304,3,839,2,4677,1,1,20
2642,304,3,840,8,4685,2,2,80
2643,304,3,841,2,4687,0,0,20
2644,304,3,842,6,4693,1,1,60
2645,304,3,843,5,4698,3,3,50
2646,304,3,844,4,4702,3,3,40
2647,304,3,845,4,4706,3,3,40
2648,304,3,846,7,4713,2,2,70
2649,304,3,847,2,4715,0,0,20
2650,304,3,848,4,4719,1,0,40
2651,304,3,849,6,4725,4,4,60
2652,304,3,850,8,4733,2,2,80
2653,304,3,851,3,4736,3,3,30
2654,304,3,852,7,4743,6,6,70
2655,304,3,853,8,4751,11,11,80
2656,304,3,854,9,4760,2,2,90
2657,304,3,855,3,4763,4,2,30
2658,304,3,856,4,4767,4,4,40
2659,304,3,857,4,4771,1,0,40
2660,304,3,858,2,4773,1,1,20
2661,304,3,859,8,4781,2,2,80
2662,304,3,860,4,4785,5,5,40
2663,304,3,861,8,4793,2,2,80
2664,304,3,862,2,4795,1,1,20
2665,304,3,863,2,4797,1,1,20
2666,304,3,864,3,4800,2,2,30
2667,304,3,865,2,4802,0,0,20
2668,304,3,866,8,4810,2,2,80
2669,304,3,867,5,4815,1,1,50
2670,304,3,868,9,4824,7,7,90
2671,304,3,869,7,4831,3,2,70
2672,304,3,870,8,4839,5,5,80
2673,304,3,871,9,4848,10,10,90
2674,304,3,872,9,4857,3,3,90
2675,304,3,873,5,4862,1,1,50
2676,304,3,874,5,4867,4,4,50
2677,304,3,875,6,4873,1,1,60
2678,304,3,876,5,4878,1,1,50
2679,304,3,877,8,4886,3,3,80
2680,304,3,878,7,4893,2,2,70
2681,304,3,879,7,4900,2,2,70
2682,304,3,880,8,4908,3,3,80
2683,304,3,881,6,4914,0,0,60
2684,304,3,882,3,4917,0,0,30
2685,304,3,883,7,4924,5,4,70
2686,304,3,884,3,4927,1,0,30
2687,304,3,885,2,4929,1,1,20
2688,304,3,886,2,4931,2,2,20
2689,304,3,887,7,4938,4,4,70
2690,304,3,888,6,4944,3,3,60
2691,304,3,889,2,4946,2,1,20
2692,304,3,890,7,4953,4,4,70
2693,304,3,891,6,4959,3,2,60
2694,304,3,892,2,4961,1,1,20
2695,304,3,893,4,4965,2,2,40
2696,304,3,894,2,4967,1,1,20
2697,304,3,895,5,4972,2,2,50
2698,304,3,896,4,4976,2,2,40
2699,304,3,897,7,4983,2,2,70
2700,304,3,898,6,4989,3,3,60
2701,304,3,899,3,4992,2,2,30
2702,304,3,900,2,4994,2,2,20
2703,304,3,901,3,4997,1,1,30
