,Scenario,Trial,Inspection,Interval,Time,Accumulation,Defects,Rate
0,279,1,1,9,9,3,3,90
1,279,1,2,6,15,2,2,60
2,279,1,3,5,20,3,3,50
3,279,1,4,7,27,2,2,70
4,279,1,5,6,33,6,6,60
5,279,1,6,6,39,1,1,60
6,279,1,7,2,41,0,0,20
7,279,1,8,5,46,4,4,50
8,279,1,9,5,51,5,3,50
9,279,1,10,3,54,4,4,30
10,279,1,11,5,59,2,2,50
11,279,1,12,4,63,0,0,40
12,279,1,13,2,65,1,1,20
13,279,1,14,6,71,3,2,60
14,279,1,15,4,75,4,4,40
15,279,1,16,6,81,5,3,60
16,279,1,17,2,83,3,2,20
17,279,1,18,3,86,2,2,30
18,279,1,19,7,93,5,4,70
19,279,1,20,8,101,5,5,80
20,279,1,21,5,106,3,1,50
21,279,1,22,4,110,5,5,40
22,279,1,23,2,112,1,1,20
23,279,1,24,9,121,3,3,90
24,279,1,25,4,125,1,0,40
25,279,1,26,5,130,5,5,50
26,279,1,27,6,136,2,1,60
27,279,1,28,3,139,1,1,30
28,279,1,29,8,147,1,1,80
29,279,1,30,3,150,2,2,30
30,279,1,31,5,155,2,1,50
31,279,1,32,2,157,4,4,20
32,279,1,33,7,164,4,4,70
33,279,1,34,4,168,2,2,40
34,279,1,35,2,170,1,0,20
35,279,1,36,9,179,7,7,90
36,279,1,37,3,182,2,2,30
37,279,1,38,6,188,4,2,60
38,279,1,39,2,190,2,2,20
39,279,1,40,4,194,1,1,40
40,279,1,41,2,196,0,0,20
41,279,1,42,7,203,2,2,70
42,279,1,43,6,209,2,2,60
43,279,1,44,8,217,9,9,80
44,279,1,45,9,226,5,5,90
45,279,1,46,8,234,8,8,80
46,279,1,47,6,240,5,5,60
47,279,1,48,4,244,2,2,40
48,279,1,49,7,251,5,5,70
49,279,1,50,2,253,1,1,20
50,279,1,51,6,259,3,3,60
51,279,1,52,9,268,2,2,90
52,279,1,53,6,274,2,2,60
53,279,1,54,6,280,4,3,60
54,279,1,55,5,285,6,2,50
55,279,1,56,9,294,9,9,90
56,279,1,57,8,302,1,1,80
57,279,1,58,7,309,0,0,70
58,279,1,59,7,316,2,2,70
59,279,1,60,8,324,3,3,80
60,279,1,61,6,330,3,3,60
61,279,1,62,4,334,2,2,40
62,279,1,63,9,343,1,1,90
63,279,1,64,2,345,2,2,20
64,279,1,65,9,354,4,3,90
65,279,1,66,6,360,3,3,60
66,279,1,67,3,363,3,3,30
67,279,1,68,5,368,6,6,50
68,279,1,69,8,376,2,0,80
69,279,1,70,8,384,7,4,80
70,279,1,71,8,392,9,9,80
71,279,1,72,7,399,7,4,70
72,279,1,73,7,406,7,2,70
73,279,1,74,2,408,7,7,20
74,279,1,75,5,413,1,1,50
75,279,1,76,3,416,1,1,30
76,279,1,77,6,422,3,1,60
77,279,1,78,7,429,6,6,70
78,279,1,79,2,431,0,0,20
79,279,1,80,7,438,3,3,70
80,279,1,81,9,447,7,7,90
81,279,1,82,9,456,6,6,90
82,279,1,83,8,464,3,3,80
83,279,1,84,5,469,3,2,50
84,279,1,85,3,472,3,3,30
85,279,1,86,2,474,1,0,20
86,279,1,87,2,476,2,1,20
87,279,1,88,2,478,2,2,20
88,279,1,89,7,485,3,3,70
89,279,1,90,9,494,3,0,90
90,279,1,91,7,501,5,5,70
91,279,1,92,9,510,2,2,90
92,279,1,93,5,515,4,4,50
93,279,1,94,8,523,3,1,80
94,279,1,95,3,526,3,3,30
95,279,1,96,7,533,6,6,70
96,279,1,97,3,536,0,0,30
97,279,1,98,2,538,0,0,20
98,279,1,99,4,542,1,1,40
99,279,1,100,4,546,3,3,40
100,279,1,101,7,553,3,3,70
101,279,1,102,8,561,3,3,80
102,279,1,103,3,564,1,1,30
103,279,1,104,7,571,1,1,70
104,279,1,105,4,575,1,0,40
105,279,1,106,7,582,6,6,70
106,279,1,107,4,586,1,1,40
107,279,1,108,4,590,2,2,40
108,279,1,109,6,596,1,1,60
109,279,1,110,7,603,2,2,70
110,279,1,111,2,605,2,2,20
111,279,1,112,3,608,4,3,30
112,279,1,113,5,613,5,2,50
113,279,1,114,8,621,4,4,80
114,279,1,115,2,623,2,2,20
115,279,1,116,3,626,0,0,30
116,279,1,117,2,628,2,2,20
117,279,1,118,8,636,3,2,80
118,279,1,119,3,639,1,1,30
119,279,1,120,3,642,3,1,30
120,279,1,121,2,644,3,3,20
121,279,1,122,8,652,4,4,80
122,279,1,123,9,661,7,3,90
123,279,1,124,8,669,12,12,80
124,279,1,125,4,673,1,0,40
125,279,1,126,3,676,2,2,30
126,279,1,127,6,682,5,2,60
127,279,1,128,9,691,5,5,90
128,279,1,129,4,695,0,0,40
129,279,1,130,8,703,7,7,80
130,279,1,131,7,710,2,2,70
131,279,1,132,4,714,4,4,40
132,279,1,133,7,721,5,5,70
133,279,1,134,8,729,3,3,80
134,279,1,135,7,736,2,2,70
135,279,1,136,8,744,9,9,80
136,279,1,137,8,752,2,2,80
137,279,1,138,2,754,0,0,20
138,279,1,139,8,762,2,1,80
139,279,1,140,4,766,6,6,40
140,279,1,141,6,772,0,0,60
141,279,1,142,3,775,1,1,30
142,279,1,143,7,782,2,0,70
143,279,1,144,6,788,7,7,60
144,279,1,145,2,790,1,1,20
145,279,1,146,5,795,4,2,50
146,279,1,147,7,802,5,5,70
147,279,1,148,8,810,3,3,80
148,279,1,149,9,819,6,6,90
149,279,1,150,2,821,2,2,20
150,279,1,151,8,829,4,4,80
151,279,1,152,2,831,2,2,20
152,279,1,153,7,838,6,6,70
153,279,1,154,4,842,0,0,40
154,279,1,155,6,848,2,2,60
155,279,1,156,5,853,1,1,50
156,279,1,157,5,858,2,2,50
157,279,1,158,9,867,4,4,90
158,279,1,159,6,873,5,5,60
159,279,1,160,5,878,5,3,50
160,279,1,161,7,885,3,3,70
161,279,1,162,9,894,4,4,90
162,279,1,163,9,903,1,1,90
163,279,1,164,2,905,3,2,20
164,279,1,165,3,908,4,2,30
165,279,1,166,7,915,7,4,70
166,279,1,167,3,918,6,6,30
167,279,1,168,6,924,1,1,60
168,279,1,169,3,927,3,3,30
169,279,1,170,7,934,1,1,70
170,279,1,171,7,941,4,4,70
171,279,1,172,9,950,3,3,90
172,279,1,173,6,956,5,5,60
173,279,1,174,7,963,5,5,70
174,279,1,175,4,967,0,0,40
175,279,1,176,4,971,0,0,40
176,279,1,177,3,974,3,2,30
177,279,1,178,4,978,1,1,40
178,279,1,179,2,980,0,0,20
179,279,1,180,5,985,2,2,50
180,279,1,181,6,991,6,6,60
181,279,1,182,4,995,1,0,40
182,279,1,183,4,999,4,4,40
183,279,1,184,3,1002,1,0,30
184,279,1,185,3,1005,3,2,30
185,279,1,186,3,1008,1,1,30
186,279,1,187,3,1011,4,1,30
187,279,1,188,3,1014,4,0,30
188,279,1,189,3,1017,6,6,30
189,279,1,190,6,1023,5,3,60
190,279,1,191,5,1028,3,3,50
191,279,1,192,3,1031,1,1,30
192,279,1,193,5,1036,3,2,50
193,279,1,194,6,1042,7,7,60
194,279,1,195,9,1051,2,1,90
195,279,1,196,2,1053,2,2,20
196,279,1,197,8,1061,7,7,80
197,279,1,198,8,1069,4,2,80
198,279,1,199,4,1073,4,4,40
199,279,1,200,2,1075,1,1,20
200,279,1,201,9,1084,7,7,90
201,279,1,202,2,1086,0,0,20
202,279,1,203,3,1089,2,2,30
203,279,1,204,4,1093,1,0,40
204,279,1,205,6,1099,6,3,60
205,279,1,206,7,1106,8,8,70
206,279,1,207,2,1108,0,0,20
207,279,1,208,3,1111,2,2,30
208,279,1,209,8,1119,1,0,80
209,279,1,210,2,1121,2,2,20
210,279,1,211,6,1127,6,3,60
211,279,1,212,6,1133,5,2,60
212,279,1,213,9,1142,6,6,90
213,279,1,214,5,1147,1,1,50
214,279,1,215,5,1152,1,1,50
215,279,1,216,4,1156,2,2,40
216,279,1,217,4,1160,0,0,40
217,279,1,218,2,1162,0,0,20
218,279,1,219,4,1166,2,2,40
219,279,1,220,4,1170,5,5,40
220,279,1,221,6,1176,2,2,60
221,279,1,222,9,1185,4,4,90
222,279,1,223,5,1190,2,2,50
223,279,1,224,4,1194,2,2,40
224,279,1,225,5,1199,2,1,50
225,279,1,226,8,1207,3,3,80
226,279,1,227,8,1215,4,4,80
227,279,1,228,9,1224,5,5,90
228,279,1,229,4,1228,1,0,40
229,279,1,230,4,1232,1,1,40
230,279,1,231,3,1235,2,2,30
231,279,1,232,3,1238,2,2,30
232,279,1,233,8,1246,0,0,80
233,279,1,234,3,1249,2,2,30
234,279,1,235,8,1257,1,1,80
235,279,1,236,9,1266,7,7,90
236,279,1,237,5,1271,2,1,50
237,279,1,238,9,1280,4,4,90
238,279,1,239,2,1282,0,0,20
239,279,1,240,2,1284,0,0,20
240,279,1,241,9,1293,6,6,90
241,279,1,242,5,1298,2,1,50
242,279,1,243,8,1306,5,5,80
243,279,1,244,5,1311,2,1,50
244,279,1,245,3,1314,1,1,30
245,279,1,246,9,1323,5,5,90
246,279,1,247,8,1331,3,3,80
247,279,1,248,5,1336,1,0,50
248,279,1,249,2,1338,2,2,20
249,279,1,250,4,1342,0,0,40
250,279,1,251,7,1349,7,7,70
251,279,1,252,8,1357,5,3,80
252,279,1,253,4,1361,5,3,40
253,279,1,254,8,1369,5,5,80
254,279,1,255,2,1371,1,1,20
255,279,1,256,8,1379,6,6,80
256,279,1,257,5,1384,2,2,50
257,279,1,258,6,1390,2,2,60
258,279,1,259,3,1393,0,0,30
259,279,1,260,6,1399,5,5,60
260,279,1,261,3,1402,0,0,30
261,279,1,262,3,1405,0,0,30
262,279,1,263,4,1409,3,1,40
263,279,1,264,8,1417,5,3,80
264,279,1,265,5,1422,5,5,50
265,279,1,266,2,1424,2,2,20
266,279,1,267,7,1431,2,2,70
267,279,1,268,6,1437,9,9,60
268,279,1,269,2,1439,1,1,20
269,279,1,270,9,1448,4,4,90
270,279,1,271,2,1450,0,0,20
271,279,1,272,7,1457,2,2,70
272,279,1,273,7,1464,10,5,70
273,279,1,274,4,1468,5,5,40
274,279,1,275,2,1470,0,0,20
275,279,1,276,5,1475,2,0,50
276,279,1,277,2,1477,3,1,20
277,279,1,278,7,1484,5,5,70
278,279,1,279,5,1489,2,2,50
279,279,1,280,5,1494,1,1,50
280,279,1,281,9,1503,7,7,90
281,279,1,282,3,1506,0,0,30
282,279,1,283,5,1511,3,3,50
283,279,1,284,6,1517,2,2,60
284,279,1,285,7,1524,5,2,70
285,279,1,286,5,1529,6,6,50
286,279,1,287,2,1531,0,0,20
287,279,1,288,8,1539,5,5,80
288,279,1,289,9,1548,7,7,90
289,279,1,290,4,1552,3,1,40
290,279,1,291,8,1560,3,3,80
291,279,1,292,5,1565,4,4,50
292,279,1,293,8,1573,2,2,80
293,279,1,294,4,1577,3,1,40
294,279,1,295,8,1585,8,5,80
295,279,1,296,2,1587,3,3,20
296,279,1,297,6,1593,2,2,60
297,279,1,298,5,1598,3,3,50
298,279,1,299,3,1601,3,3,30
299,279,1,300,8,1609,7,7,80
300,279,1,301,2,1611,2,1,20
301,279,1,302,9,1620,4,4,90
302,279,1,303,3,1623,1,1,30
303,279,1,304,2,1625,2,2,20
304,279,1,305,8,1633,7,3,80
305,279,1,306,7,1640,4,2,70
306,279,1,307,4,1644,3,3,40
307,279,1,308,6,1650,2,2,60
308,279,1,309,6,1656,3,3,60
309,279,1,310,3,1659,0,0,30
310,279,1,311,9,1668,4,4,90
311,279,1,312,6,1674,3,0,60
312,279,1,313,6,1680,6,6,60
313,279,1,314,6,1686,3,3,60
314,279,1,315,9,1695,5,2,90
315,279,1,316,3,1698,5,5,30
316,279,1,317,4,1702,1,1,40
317,279,1,318,2,1704,0,0,20
318,279,1,319,5,1709,1,1,50
319,279,1,320,7,1716,2,2,70
320,279,1,321,9,1725,3,3,90
321,279,1,322,8,1733,6,1,80
322,279,1,323,5,1738,8,8,50
323,279,1,324,2,1740,2,2,20
324,279,1,325,4,1744,1,1,40
325,279,1,326,5,1749,1,1,50
326,279,1,327,8,1757,5,5,80
327,279,1,328,3,1760,1,1,30
328,279,1,329,2,1762,3,3,20
329,279,1,330,4,1766,4,4,40
330,279,1,331,6,1772,3,3,60
331,279,1,332,7,1779,3,1,70
332,279,1,333,2,1781,6,6,20
333,279,1,334,5,1786,3,3,50
334,279,1,335,4,1790,0,0,40
335,279,1,336,9,1799,2,1,90
336,279,1,337,4,1803,1,0,40
337,279,1,338,9,1812,10,10,90
338,279,1,339,8,1820,5,5,80
339,279,1,340,9,1829,7,7,90
340,279,1,341,2,1831,0,0,20
341,279,1,342,3,1834,2,2,30
342,279,1,343,3,1837,2,2,30
343,279,1,344,3,1840,0,0,30
344,279,1,345,2,1842,0,0,20
345,279,1,346,5,1847,5,2,50
346,279,1,347,4,1851,5,5,40
347,279,1,348,8,1859,4,4,80
348,279,1,349,4,1863,1,1,40
349,279,1,350,7,1870,4,4,70
350,279,1,351,9,1879,4,1,90
351,279,1,352,7,1886,5,5,70
352,279,1,353,4,1890,2,2,40
353,279,1,354,6,1896,2,2,60
354,279,1,355,5,1901,4,4,50
355,279,1,356,2,1903,0,0,20
356,279,1,357,7,1910,1,0,70
357,279,1,358,4,1914,5,5,40
358,279,1,359,7,1921,5,5,70
359,279,1,360,4,1925,0,0,40
360,279,1,361,7,1932,3,3,70
361,279,1,362,7,1939,2,2,70
362,279,1,363,6,1945,4,4,60
363,279,1,364,4,1949,0,0,40
364,279,1,365,4,1953,4,4,40
365,279,1,366,6,1959,2,2,60
366,279,1,367,6,1965,5,5,60
367,279,1,368,9,1974,10,10,90
368,279,1,369,5,1979,4,4,50
369,279,1,370,9,1988,3,3,90
370,279,1,371,3,1991,1,1,30
371,279,1,372,4,1995,0,0,40
372,279,1,373,4,1999,0,0,40
373,279,1,374,2,2001,0,0,20
374,279,1,375,7,2008,2,2,70
375,279,1,376,8,2016,3,3,80
376,279,1,377,5,2021,2,2,50
377,279,1,378,6,2027,7,3,60
378,279,1,379,5,2032,4,4,50
379,279,1,380,3,2035,2,2,30
380,279,1,381,9,2044,3,3,90
381,279,1,382,5,2049,3,3,50
382,279,1,383,7,2056,2,2,70
383,279,1,384,9,2065,6,3,90
384,279,1,385,5,2070,6,6,50
385,279,1,386,6,2076,2,1,60
386,279,1,387,2,2078,1,0,20
387,279,1,388,7,2085,7,5,70
388,279,1,389,2,2087,3,3,20
389,279,1,390,8,2095,5,3,80
390,279,1,391,5,2100,4,4,50
391,279,1,392,7,2107,6,3,70
392,279,1,393,8,2115,8,8,80
393,279,1,394,5,2120,2,1,50
394,279,1,395,4,2124,6,6,40
395,279,1,396,4,2128,4,4,40
396,279,1,397,7,2135,5,5,70
397,279,1,398,5,2140,2,2,50
398,279,1,399,5,2145,2,2,50
399,279,1,400,6,2151,3,3,60
400,279,1,401,3,2154,1,1,30
401,279,1,402,7,2161,7,7,70
402,279,1,403,9,2170,4,3,90
403,279,1,404,9,2179,6,6,90
404,279,1,405,8,2187,4,4,80
405,279,1,406,2,2189,1,1,20
406,279,1,407,4,2193,4,4,40
407,279,1,408,7,2200,2,2,70
408,279,1,409,9,2209,4,4,90
409,279,1,410,3,2212,2,2,30
410,279,1,411,2,2214,0,0,20
411,279,1,412,5,2219,3,3,50
412,279,1,413,4,2223,2,2,40
413,279,1,414,3,2226,2,2,30
414,279,1,415,7,2233,5,5,70
415,279,1,416,5,2238,2,1,50
416,279,1,417,5,2243,5,5,50
417,279,1,418,4,2247,2,2,40
418,279,1,419,7,2254,2,2,70
419,279,1,420,5,2259,2,2,50
420,279,1,421,6,2265,0,0,60
421,279,1,422,5,2270,3,2,50
422,279,1,423,4,2274,2,2,40
423,279,1,424,9,2283,6,6,90
424,279,1,425,6,2289,2,2,60
425,279,1,426,8,2297,6,6,80
426,279,1,427,5,2302,2,2,50
427,279,1,428,5,2307,5,5,50
428,279,1,429,5,2312,4,4,50
429,279,1,430,9,2321,4,4,90
430,279,1,431,8,2329,5,2,80
431,279,1,432,3,2332,4,0,30
432,279,1,433,5,2337,9,5,50
433,279,1,434,9,2346,11,6,90
434,279,1,435,5,2351,8,6,50
435,279,1,436,2,2353,3,3,20
436,279,1,437,2,2355,1,1,20
437,279,1,438,8,2363,4,4,80
438,279,1,439,8,2371,7,2,80
439,279,1,440,3,2374,5,5,30
440,279,1,441,5,2379,1,1,50
441,279,1,442,6,2385,3,3,60
442,279,1,443,7,2392,3,3,70
443,279,1,444,5,2397,4,3,50
444,279,1,445,2,2399,1,1,20
445,279,1,446,2,2401,1,1,20
446,279,1,447,3,2404,0,0,30
447,279,1,448,5,2409,3,2,50
448,279,1,449,5,2414,3,3,50
449,279,1,450,6,2420,5,4,60
450,279,1,451,3,2423,5,5,30
451,279,1,452,8,2431,4,4,80
452,279,1,453,4,2435,0,0,40
453,279,1,454,2,2437,0,0,20
454,279,1,455,7,2444,3,1,70
455,279,1,456,7,2451,8,8,70
456,279,1,457,6,2457,3,3,60
457,279,1,458,4,2461,1,1,40
458,279,1,459,2,2463,4,1,20
459,279,1,460,2,2465,4,4,20
460,279,1,461,2,2467,1,1,20
461,279,1,462,6,2473,2,1,60
462,279,1,463,6,2479,2,2,60
463,279,1,464,2,2481,0,0,20
464,279,1,465,2,2483,0,0,20
465,279,1,466,4,2487,4,0,40
466,279,1,467,5,2492,6,6,50
467,279,1,468,9,2501,3,3,90
468,279,1,469,8,2509,4,4,80
469,279,1,470,4,2513,5,5,40
470,279,1,471,9,2522,2,2,90
471,279,1,472,6,2528,4,4,60
472,279,1,473,5,2533,2,1,50
473,279,1,474,4,2537,1,1,40
474,279,1,475,2,2539,1,1,20
475,279,1,476,7,2546,4,3,70
476,279,1,477,6,2552,3,3,60
477,279,1,478,2,2554,0,0,20
478,279,1,479,7,2561,1,1,70
479,279,1,480,6,2567,5,5,60
480,279,1,481,8,2575,2,2,80
481,279,1,482,8,2583,9,5,80
482,279,1,483,6,2589,8,8,60
483,279,1,484,2,2591,2,2,20
484,279,1,485,7,2598,5,5,70
485,279,1,486,8,2606,3,3,80
486,279,1,487,4,2610,1,1,40
487,279,1,488,4,2614,4,4,40
488,279,1,489,2,2616,0,0,20
489,279,1,490,9,2625,2,2,90
490,279,1,491,3,2628,0,0,30
491,279,1,492,4,2632,4,4,40
492,279,1,493,3,2635,1,1,30
493,279,1,494,8,2643,4,4,80
494,279,1,495,3,2646,3,3,30
495,279,1,496,5,2651,1,1,50
496,279,1,497,2,2653,2,2,20
497,279,1,498,6,2659,3,3,60
498,279,1,499,5,2664,2,2,50
499,279,1,500,9,2673,3,3,90
500,279,1,501,2,2675,0,0,20
501,279,1,502,9,2684,7,7,90
502,279,1,503,9,2693,2,2,90
503,279,1,504,9,2702,9,9,90
504,279,1,505,9,2711,1,1,90
505,279,1,506,2,2713,0,0,20
506,279,1,507,5,2718,3,3,50
507,279,1,508,3,2721,1,0,30
508,279,1,509,2,2723,1,1,20
509,279,1,510,3,2726,0,0,30
510,279,1,511,4,2730,3,1,40
511,279,1,512,8,2738,7,5,80
512,279,1,513,5,2743,5,5,50
513,279,1,514,4,2747,2,2,40
514,279,1,515,7,2754,5,5,70
515,279,1,516,9,2763,6,6,90
516,279,1,517,5,2768,3,2,50
517,279,1,518,7,2775,2,2,70
518,279,1,519,8,2783,4,4,80
519,279,1,520,5,2788,2,2,50
520,279,1,521,8,2796,4,4,80
521,279,1,522,9,2805,5,5,90
522,279,1,523,5,2810,3,3,50
523,279,1,524,4,2814,0,0,40
524,279,1,525,6,2820,4,2,60
525,279,1,526,3,2823,2,2,30
526,279,1,527,9,2832,3,3,90
527,279,1,528,6,2838,4,4,60
528,279,1,529,5,2843,3,3,50
529,279,1,530,9,2852,2,0,90
530,279,1,531,3,2855,4,4,30
531,279,1,532,3,2858,4,3,30
532,279,1,533,2,2860,3,2,20
533,279,1,534,9,2869,9,9,90
534,279,1,535,2,2871,1,1,20
535,279,1,536,9,2880,3,0,90
536,279,1,537,6,2886,8,8,60
537,279,1,538,9,2895,6,6,90
538,279,1,539,2,2897,0,0,20
539,279,1,540,8,2905,5,5,80
540,279,1,541,4,2909,1,1,40
541,279,1,542,5,2914,4,4,50
542,279,1,543,3,2917,3,1,30
543,279,1,544,4,2921,2,2,40
544,279,1,545,7,2928,5,5,70
545,279,1,546,9,2937,6,6,90
546,279,1,547,8,2945,2,2,80
547,279,1,548,4,2949,1,1,40
548,279,1,549,6,2955,2,2,60
549,279,1,550,5,2960,2,1,50
550,279,1,551,4,2964,3,1,40
551,279,1,552,2,2966,3,3,20
552,279,1,553,2,2968,0,0,20
553,279,1,554,6,2974,2,2,60
554,279,1,555,9,2983,5,3,90
555,279,1,556,4,2987,6,6,40
556,279,1,557,3,2990,3,3,30
557,279,1,558,6,2996,4,4,60
558,279,1,559,9,3005,3,3,90
559,279,1,560,9,3014,5,5,90
560,279,1,561,9,3023,5,1,90
561,279,1,562,5,3028,6,6,50
562,279,1,563,5,3033,3,3,50
563,279,1,564,2,3035,0,0,20
564,279,1,565,8,3043,4,4,80
565,279,1,566,5,3048,4,0,50
566,279,1,567,3,3051,4,4,30
567,279,1,568,4,3055,1,1,40
568,279,1,569,5,3060,2,2,50
569,279,1,570,2,3062,0,0,20
570,279,1,571,3,3065,3,3,30
571,279,1,572,4,3069,2,2,40
572,279,1,573,8,3077,4,4,80
573,279,1,574,5,3082,1,1,50
574,279,1,575,9,3091,6,6,90
575,279,1,576,2,3093,0,0,20
576,279,1,577,7,3100,1,1,70
577,279,1,578,7,3107,4,4,70
578,279,1,579,3,3110,1,1,30
579,279,1,580,5,3115,7,7,50
580,279,1,581,3,3118,3,3,30
581,279,1,582,2,3120,0,0,20
582,279,1,583,5,3125,4,1,50
583,279,1,584,3,3128,3,3,30
584,279,1,585,4,3132,4,4,40
585,279,1,586,2,3134,1,1,20
586,279,1,587,6,3140,1,1,60
587,279,1,588,5,3145,4,4,50
588,279,1,589,4,3149,2,1,40
589,279,1,590,7,3156,1,0,70
590,279,1,591,9,3165,6,6,90
591,279,1,592,5,3170,3,3,50
592,279,1,593,3,3173,1,0,30
593,279,1,594,5,3178,4,4,50
594,279,1,595,7,3185,2,2,70
595,279,1,596,7,3192,3,3,70
596,279,1,597,3,3195,2,2,30
597,279,1,598,9,3204,2,2,90
598,279,1,599,7,3211,4,4,70
599,279,1,600,9,3220,5,3,90
600,279,1,601,4,3224,3,3,40
601,279,1,602,8,3232,0,0,80
602,279,1,603,7,3239,7,7,70
603,279,1,604,3,3242,0,0,30
604,279,1,605,3,3245,3,3,30
605,279,1,606,3,3248,2,0,30
606,279,1,607,7,3255,6,6,70
607,279,1,608,4,3259,0,0,40
608,279,1,609,6,3265,5,5,60
609,279,1,610,5,3270,3,3,50
610,279,1,611,6,3276,3,3,60
611,279,1,612,4,3280,3,3,40
612,279,1,613,8,3288,2,2,80
613,279,1,614,8,3296,4,4,80
614,279,1,615,9,3305,3,3,90
615,279,1,616,2,3307,1,1,20
616,279,1,617,3,3310,3,3,30
617,279,1,618,6,3316,1,1,60
618,279,1,619,8,3324,2,2,80
619,279,1,620,7,3331,3,3,70
620,279,1,621,8,3339,4,3,80
621,279,1,622,4,3343,6,6,40
622,279,1,623,3,3346,0,0,30
623,279,1,624,5,3351,4,4,50
624,279,1,625,5,3356,2,1,50
625,279,1,626,8,3364,7,7,80
626,279,1,627,7,3371,5,5,70
627,279,1,628,5,3376,3,3,50
628,279,1,629,4,3380,1,1,40
629,279,1,630,8,3388,4,4,80
630,279,1,631,2,3390,0,0,20
631,279,1,632,2,3392,0,0,20
632,279,1,633,3,3395,1,1,30
633,279,1,634,3,3398,1,1,30
634,279,1,635,3,3401,2,2,30
635,279,1,636,6,3407,0,0,60
636,279,1,637,7,3414,7,7,70
637,279,1,638,6,3420,2,2,60
638,279,1,639,9,3429,4,3,90
639,279,1,640,6,3435,3,3,60
640,279,1,641,8,3443,2,1,80
641,279,1,642,8,3451,4,4,80
642,279,1,643,2,3453,2,2,20
643,279,1,644,7,3460,1,1,70
644,279,1,645,6,3466,0,0,60
645,279,1,646,4,3470,3,3,40
646,279,1,647,6,3476,2,2,60
647,279,1,648,5,3481,0,0,50
648,279,1,649,4,3485,3,2,40
649,279,1,650,4,3489,2,2,40
650,279,1,651,7,3496,6,6,70
651,279,1,652,4,3500,4,2,40
652,279,1,653,6,3506,4,1,60
653,279,1,654,7,3513,7,7,70
654,279,1,655,8,3521,3,3,80
655,279,1,656,5,3526,1,0,50
656,279,1,657,9,3535,5,3,90
657,279,1,658,7,3542,6,6,70
658,279,1,659,6,3548,4,4,60
659,279,1,660,6,3554,2,2,60
660,279,1,661,3,3557,0,0,30
661,279,1,662,8,3565,6,6,80
662,279,1,663,3,3568,1,1,30
663,279,1,664,5,3573,2,2,50
664,279,1,665,8,3581,7,6,80
665,279,1,666,3,3584,2,2,30
666,279,1,667,4,3588,4,4,40
667,279,1,668,8,3596,4,4,80
668,279,1,669,2,3598,1,1,20
669,279,1,670,7,3605,6,6,70
670,279,1,671,4,3609,3,3,40
671,279,1,672,7,3616,6,6,70
672,279,1,673,4,3620,2,2,40
673,279,1,674,2,3622,1,1,20
674,279,1,675,9,3631,6,5,90
675,279,1,676,5,3636,5,5,50
676,279,1,677,6,3642,1,0,60
677,279,1,678,2,3644,2,0,20
678,279,1,679,5,3649,5,3,50
679,279,1,680,9,3658,6,6,90
680,279,1,681,2,3660,1,1,20
681,279,1,682,5,3665,3,0,50
682,279,1,683,6,3671,4,4,60
683,279,1,684,5,3676,2,1,50
684,279,1,685,2,3678,3,3,20
685,279,1,686,6,3684,3,3,60
686,279,1,687,2,3686,0,0,20
687,279,1,688,4,3690,2,2,40
688,279,1,689,8,3698,4,2,80
689,279,1,690,5,3703,4,3,50
690,279,1,691,3,3706,3,3,30
691,279,1,692,8,3714,6,6,80
692,279,1,693,5,3719,6,6,50
693,279,1,694,7,3726,6,6,70
694,279,1,695,4,3730,1,1,40
695,279,1,696,3,3733,2,2,30
696,279,1,697,2,3735,3,3,20
697,279,1,698,8,3743,3,3,80
698,279,1,699,6,3749,3,3,60
699,279,1,700,4,3753,2,2,40
700,279,1,701,3,3756,0,0,30
701,279,1,702,7,3763,3,3,70
702,279,1,703,6,3769,1,1,60
703,279,1,704,9,3778,3,3,90
704,279,1,705,8,3786,1,1,80
705,279,1,706,8,3794,4,2,80
706,279,1,707,7,3801,7,7,70
707,279,1,708,7,3808,2,2,70
708,279,1,709,2,3810,1,1,20
709,279,1,710,5,3815,8,8,50
710,279,1,711,7,3822,5,5,70
711,279,1,712,5,3827,4,4,50
712,279,1,713,6,3833,2,2,60
713,279,1,714,4,3837,1,1,40
714,279,1,715,4,3841,4,4,40
715,279,1,716,2,3843,1,1,20
716,279,1,717,6,3849,3,3,60
717,279,1,718,8,3857,8,8,80
718,279,1,719,5,3862,1,1,50
719,279,1,720,2,3864,0,0,20
720,279,1,721,4,3868,4,2,40
721,279,1,722,4,3872,3,3,40
722,279,1,723,9,3881,6,6,90
723,279,1,724,6,3887,3,3,60
724,279,1,725,8,3895,5,5,80
725,279,1,726,6,3901,3,3,60
726,279,1,727,4,3905,0,0,40
727,279,1,728,4,3909,1,1,40
728,279,1,729,4,3913,2,2,40
729,279,1,730,9,3922,4,4,90
730,279,1,731,6,3928,2,2,60
731,279,1,732,4,3932,5,2,40
732,279,1,733,7,3939,8,8,70
733,279,1,734,2,3941,1,1,20
734,279,1,735,5,3946,1,1,50
735,279,1,736,8,3954,6,6,80
736,279,1,737,4,3958,2,2,40
737,279,1,738,5,3963,7,7,50
738,279,1,739,2,3965,1,1,20
739,279,1,740,2,3967,0,0,20
740,279,1,741,7,3974,5,1,70
741,279,1,742,3,3977,7,5,30
742,279,1,743,5,3982,5,5,50
743,279,1,744,6,3988,4,4,60
744,279,1,745,4,3992,2,2,40
745,279,1,746,5,3997,3,1,50
746,279,1,747,3,4000,2,2,30
747,279,1,748,5,4005,1,1,50
748,279,1,749,9,4014,4,4,90
749,279,1,750,2,4016,2,0,20
750,279,1,751,3,4019,4,4,30
751,279,1,752,5,4024,2,2,50
752,279,1,753,6,4030,4,4,60
753,279,1,754,5,4035,1,1,50
754,279,1,755,2,4037,0,0,20
755,279,1,756,9,4046,5,3,90
756,279,1,757,7,4053,5,3,70
757,279,1,758,3,4056,3,3,30
758,279,1,759,3,4059,2,2,30
759,279,1,760,4,4063,3,3,40
760,279,1,761,2,4065,0,0,20
761,279,1,762,5,4070,1,1,50
762,279,1,763,2,4072,0,0,20
763,279,1,764,9,4081,7,4,90
764,279,1,765,7,4088,9,5,70
765,279,1,766,9,4097,6,6,90
766,279,1,767,4,4101,2,2,40
767,279,1,768,5,4106,1,0,50
768,279,1,769,5,4111,4,4,50
769,279,1,770,2,4113,1,1,20
770,279,1,771,9,4122,6,6,90
771,279,1,772,6,4128,5,5,60
772,279,1,773,2,4130,0,0,20
773,279,1,774,8,4138,4,4,80
774,279,1,775,4,4142,3,3,40
775,279,1,776,3,4145,2,2,30
776,279,1,777,2,4147,0,0,20
777,279,1,778,7,4154,4,2,70
778,279,1,779,2,4156,4,0,20
779,279,1,780,9,4165,10,10,90
780,279,1,781,6,4171,1,1,60
781,279,1,782,3,4174,4,4,30
782,279,1,783,4,4178,1,1,40
783,279,1,784,6,4184,3,3,60
784,279,1,785,8,4192,3,3,80
785,279,1,786,6,4198,3,1,60
786,279,1,787,8,4206,8,8,80
787,279,1,788,4,4210,0,0,40
788,279,1,789,2,4212,2,2,20
789,279,1,790,2,4214,2,2,20
790,279,1,791,8,4222,3,3,80
791,279,1,792,5,4227,2,2,50
792,279,1,793,2,4229,2,1,20
793,279,1,794,9,4238,7,6,90
794,279,1,795,8,4246,5,0,80
795,279,1,796,4,4250,7,7,40
796,279,1,797,2,4252,0,0,20
797,279,1,798,2,4254,2,2,20
798,279,1,799,2,4256,0,0,20
799,279,1,800,7,4263,4,4,70
800,279,1,801,8,4271,2,1,80
801,279,1,802,2,4273,1,0,20
802,279,1,803,8,4281,4,2,80
803,279,1,804,4,4285,3,3,40
804,279,1,805,6,4291,2,1,60
805,279,1,806,6,4297,2,2,60
806,279,1,807,4,4301,1,1,40
807,279,1,808,8,4309,7,7,80
808,279,1,809,6,4315,1,1,60
809,279,1,810,2,4317,2,1,20
810,279,1,811,4,4321,1,1,40
811,279,1,812,8,4329,5,5,80
812,279,1,813,7,4336,6,6,70
813,279,1,814,8,4344,5,5,80
814,279,1,815,6,4350,4,4,60
815,279,1,816,7,4357,5,5,70
816,279,1,817,5,4362,0,0,50
817,279,1,818,2,4364,1,1,20
818,279,1,819,3,4367,1,0,30
819,279,1,820,5,4372,2,2,50
820,279,1,821,3,4375,1,0,30
821,279,1,822,6,4381,5,5,60
822,279,1,823,9,4390,1,1,90
823,279,1,824,8,4398,4,4,80
824,279,1,825,6,4404,4,4,60
825,279,1,826,2,4406,1,0,20
826,279,1,827,8,4414,7,7,80
827,279,1,828,4,4418,3,1,40
828,279,1,829,3,4421,3,1,30
829,279,1,830,9,4430,8,8,90
830,279,1,831,4,4434,1,1,40
831,279,1,832,4,4438,1,0,40
832,279,1,833,3,4441,1,1,30
833,279,1,834,2,4443,3,3,20
834,279,1,835,2,4445,1,0,20
835,279,1,836,9,4454,7,7,90
836,279,1,837,5,4459,2,2,50
837,279,1,838,6,4465,3,1,60
838,279,1,839,4,4469,7,7,40
839,279,1,840,9,4478,2,0,90
840,279,1,841,8,4486,4,4,80
841,279,1,842,9,4495,4,4,90
842,279,1,843,3,4498,2,2,30
843,279,1,844,4,4502,2,1,40
844,279,1,845,5,4507,3,0,50
845,279,1,846,6,4513,8,3,60
846,279,1,847,5,4518,8,8,50
847,279,1,848,3,4521,6,6,30
848,279,1,849,6,4527,4,4,60
849,279,1,850,5,4532,4,4,50
850,279,1,851,6,4538,0,0,60
851,279,1,852,6,4544,5,5,60
852,279,1,853,9,4553,3,3,90
853,279,1,854,5,4558,5,3,50
854,279,1,855,5,4563,5,5,50
855,279,1,856,3,4566,1,1,30
856,279,1,857,2,4568,0,0,20
857,279,1,858,8,4576,4,1,80
858,279,1,859,9,4585,7,7,90
859,279,1,860,4,4589,2,2,40
860,279,1,861,3,4592,1,1,30
861,279,1,862,4,4596,3,3,40
862,279,1,863,5,4601,1,0,50
863,279,1,864,9,4610,8,8,90
864,279,1,865,6,4616,4,4,60
865,279,1,866,9,4625,5,2,90
866,279,1,867,8,4633,8,8,80
867,279,1,868,7,4640,3,3,70
868,279,1,869,9,4649,5,3,90
869,279,1,870,5,4654,6,6,50
870,279,1,871,7,4661,2,1,70
871,279,1,872,3,4664,2,1,30
872,279,1,873,9,4673,4,4,90
873,279,1,874,2,4675,0,0,20
874,279,1,875,5,4680,5,1,50
875,279,1,876,7,4687,5,5,70
876,279,1,877,4,4691,0,0,40
877,279,1,878,9,4700,6,4,90
878,279,1,879,3,4703,3,2,30
879,279,1,880,9,4712,5,2,90
880,279,1,881,4,4716,4,4,40
881,279,1,882,5,4721,1,0,50
882,279,1,883,6,4727,1,1,60
883,279,1,884,8,4735,5,5,80
884,279,1,885,5,4740,1,1,50
885,279,1,886,6,4746,4,3,60
886,279,1,887,5,4751,1,1,50
887,279,1,888,2,4753,1,1,20
888,279,1,889,4,4757,3,1,40
889,279,1,890,5,4762,4,4,50
890,279,1,891,6,4768,4,4,60
891,279,1,892,6,4774,4,4,60
892,279,1,893,4,4778,6,6,40
893,279,1,894,7,4785,4,4,70
894,279,1,895,7,4792,2,2,70
895,279,1,896,5,4797,0,0,50
896,279,1,897,2,4799,4,4,20
897,279,1,898,6,4805,6,6,60
898,279,1,899,8,4813,7,7,80
899,279,1,900,8,4821,6,6,80
900,279,1,901,9,4830,6,1,90
901,279,1,902,9,4839,8,6,90
902,279,1,903,4,4843,4,4,40
903,279,1,904,9,4852,9,9,90
904,279,1,905,5,4857,2,2,50
905,279,1,906,5,4862,3,1,50
906,279,1,907,5,4867,5,3,50
907,279,1,908,7,4874,5,5,70
908,279,1,909,4,4878,2,1,40
909,279,1,910,8,4886,3,3,80
910,279,1,911,8,4894,3,3,80
911,279,1,912,2,4896,1,1,20
912,279,1,913,8,4904,5,5,80
913,279,1,914,7,4911,2,0,70
914,279,1,915,7,4918,10,10,70
915,279,1,916,2,4920,2,0,20
916,279,1,917,8,4928,5,5,80
917,279,1,918,2,4930,0,0,20
918,279,1,919,2,4932,1,1,20
919,279,1,920,8,4940,4,1,80
920,279,1,921,7,4947,8,8,70
921,279,1,922,7,4954,2,2,70
922,279,1,923,8,4962,4,4,80
923,279,1,924,7,4969,4,4,70
924,279,1,925,5,4974,2,2,50
925,279,1,926,4,4978,3,3,40
926,279,1,927,3,4981,1,1,30
927,279,1,928,7,4988,6,6,70
928,279,1,929,4,4992,4,4,40
929,279,1,930,3,4995,1,0,30
930,279,2,1,2,2,2,2,20
931,279,2,2,8,10,6,6,80
932,279,2,3,5,15,2,2,50
933,279,2,4,4,19,1,1,40
934,279,2,5,3,22,2,0,30
935,279,2,6,6,28,5,5,60
936,279,2,7,7,35,3,3,70
937,279,2,8,2,37,0,0,20
938,279,2,9,7,44,2,0,70
939,279,2,10,4,48,2,2,40
940,279,2,11,2,50,1,1,20
941,279,2,12,8,58,5,5,80
942,279,2,13,8,66,5,5,80
943,279,2,14,7,73,3,3,70
944,279,2,15,8,81,4,4,80
945,279,2,16,9,90,5,5,90
946,279,2,17,8,98,2,2,80
947,279,2,18,4,102,2,2,40
948,279,2,19,6,108,2,2,60
949,279,2,20,9,117,4,3,90
950,279,2,21,9,126,6,6,90
951,279,2,22,9,135,5,5,90
952,279,2,23,5,140,3,2,50
953,279,2,24,7,147,8,8,70
954,279,2,25,5,152,1,1,50
955,279,2,26,6,158,5,5,60
956,279,2,27,6,164,4,4,60
957,279,2,28,5,169,4,4,50
958,279,2,29,5,174,0,0,50
959,279,2,30,8,182,4,4,80
960,279,2,31,6,188,2,2,60
961,279,2,32,5,193,1,1,50
962,279,2,33,5,198,3,2,50
963,279,2,34,9,207,6,6,90
964,279,2,35,9,216,4,4,90
965,279,2,36,4,220,1,0,40
966,279,2,37,3,223,2,2,30
967,279,2,38,8,231,5,3,80
968,279,2,39,6,237,8,8,60
969,279,2,40,2,239,1,1,20
970,279,2,41,9,248,2,2,90
971,279,2,42,5,253,1,1,50
972,279,2,43,5,258,4,4,50
973,279,2,44,8,266,6,2,80
974,279,2,45,2,268,5,5,20
975,279,2,46,4,272,1,1,40
976,279,2,47,9,281,2,1,90
977,279,2,48,2,283,3,3,20
978,279,2,49,6,289,5,5,60
979,279,2,50,6,295,2,0,60
980,279,2,51,6,301,5,5,60
981,279,2,52,4,305,1,0,40
982,279,2,53,6,311,5,5,60
983,279,2,54,8,319,4,4,80
984,279,2,55,8,327,4,4,80
985,279,2,56,5,332,3,2,50
986,279,2,57,9,341,4,0,90
987,279,2,58,6,347,6,6,60
988,279,2,59,9,356,2,2,90
989,279,2,60,9,365,6,6,90
990,279,2,61,4,369,1,1,40
991,279,2,62,9,378,3,3,90
992,279,2,63,2,380,0,0,20
993,279,2,64,5,385,3,3,50
994,279,2,65,9,394,7,4,90
995,279,2,66,2,396,5,5,20
996,279,2,67,2,398,0,0,20
997,279,2,68,3,401,0,0,30
998,279,2,69,3,404,1,1,30
999,279,2,70,3,407,0,0,30
1000,279,2,71,2,409,0,0,20
1001,279,2,72,5,414,2,2,50
1002,279,2,73,5,419,2,2,50
1003,279,2,74,8,427,1,1,80
1004,279,2,75,5,432,6,6,50
1005,279,2,76,3,435,0,0,30
1006,279,2,77,9,444,11,11,90
1007,279,2,78,4,448,3,3,40
1008,279,2,79,3,451,2,1,30
1009,279,2,80,4,455,2,2,40
1010,279,2,81,2,457,0,0,20
1011,279,2,82,6,463,1,1,60
1012,279,2,83,5,468,2,1,50
1013,279,2,84,7,475,4,4,70
1014,279,2,85,2,477,0,0,20
1015,279,2,86,2,479,1,1,20
1016,279,2,87,7,486,2,2,70
1017,279,2,88,3,489,0,0,30
1018,279,2,89,5,494,4,4,50
1019,279,2,90,4,498,2,2,40
1020,279,2,91,2,500,0,0,20
1021,279,2,92,6,506,2,2,60
1022,279,2,93,3,509,2,2,30
1023,279,2,94,7,516,4,4,70
1024,279,2,95,9,525,7,7,90
1025,279,2,96,5,530,2,2,50
1026,279,2,97,3,533,2,2,30
1027,279,2,98,2,535,1,1,20
1028,279,2,99,6,541,2,2,60
1029,279,2,100,4,545,2,2,40
1030,279,2,101,4,549,0,0,40
1031,279,2,102,7,556,1,1,70
1032,279,2,103,6,562,2,2,60
1033,279,2,104,7,569,4,4,70
1034,279,2,105,3,572,0,0,30
1035,279,2,106,7,579,3,2,70
1036,279,2,107,4,583,1,1,40
1037,279,2,108,8,591,5,5,80
1038,279,2,109,7,598,5,3,70
1039,279,2,110,8,606,9,9,80
1040,279,2,111,2,608,1,0,20
1041,279,2,112,4,612,2,2,40
1042,279,2,113,8,620,1,1,80
1043,279,2,114,4,624,2,2,40
1044,279,2,115,2,626,0,0,20
1045,279,2,116,9,635,8,8,90
1046,279,2,117,3,638,1,1,30
1047,279,2,118,6,644,1,1,60
1048,279,2,119,3,647,2,2,30
1049,279,2,120,6,653,5,5,60
1050,279,2,121,7,660,6,6,70
1051,279,2,122,9,669,9,9,90
1052,279,2,123,7,676,4,4,70
1053,279,2,124,3,679,4,4,30
1054,279,2,125,4,683,3,3,40
1055,279,2,126,4,687,0,0,40
1056,279,2,127,4,691,1,0,40
1057,279,2,128,5,696,5,5,50
1058,279,2,129,2,698,1,1,20
1059,279,2,130,9,707,3,0,90
1060,279,2,131,3,710,3,2,30
1061,279,2,132,9,719,10,10,90
1062,279,2,133,7,726,4,4,70
1063,279,2,134,2,728,0,0,20
1064,279,2,135,8,736,2,2,80
1065,279,2,136,2,738,3,3,20
1066,279,2,137,5,743,6,6,50
1067,279,2,138,4,747,1,1,40
1068,279,2,139,5,752,1,1,50
1069,279,2,140,6,758,1,1,60
1070,279,2,141,4,762,4,4,40
1071,279,2,142,7,769,5,5,70
1072,279,2,143,5,774,3,3,50
1073,279,2,144,9,783,4,4,90
1074,279,2,145,6,789,6,6,60
1075,279,2,146,5,794,2,2,50
1076,279,2,147,5,799,1,0,50
1077,279,2,148,8,807,1,1,80
1078,279,2,149,5,812,1,1,50
1079,279,2,150,3,815,2,1,30
1080,279,2,151,7,822,4,4,70
1081,279,2,152,3,825,0,0,30
1082,279,2,153,3,828,2,2,30
1083,279,2,154,6,834,2,2,60
1084,279,2,155,8,842,7,7,80
1085,279,2,156,5,847,2,2,50
1086,279,2,157,5,852,4,4,50
1087,279,2,158,3,855,1,1,30
1088,279,2,159,2,857,0,0,20
1089,279,2,160,5,862,4,4,50
1090,279,2,161,2,864,2,2,20
1091,279,2,162,8,872,3,3,80
1092,279,2,163,9,881,6,6,90
1093,279,2,164,6,887,7,7,60
1094,279,2,165,8,895,5,5,80
1095,279,2,166,3,898,3,3,30
1096,279,2,167,4,902,1,1,40
1097,279,2,168,9,911,6,6,90
1098,279,2,169,7,918,8,8,70
1099,279,2,170,4,922,4,2,40
1100,279,2,171,6,928,3,1,60
1101,279,2,172,3,931,2,2,30
1102,279,2,173,7,938,6,3,70
1103,279,2,174,7,945,8,8,70
1104,279,2,175,3,948,1,1,30
1105,279,2,176,2,950,3,3,20
1106,279,2,177,2,952,2,0,20
1107,279,2,178,4,956,3,3,40
1108,279,2,179,3,959,5,4,30
1109,279,2,180,3,962,1,1,30
1110,279,2,181,5,967,1,1,50
1111,279,2,182,7,974,6,4,70
1112,279,2,183,7,981,5,5,70
1113,279,2,184,3,984,0,0,30
1114,279,2,185,6,990,2,2,60
1115,279,2,186,9,999,3,3,90
1116,279,2,187,8,1007,7,7,80
1117,279,2,188,3,1010,1,1,30
1118,279,2,189,5,1015,4,4,50
1119,279,2,190,7,1022,3,1,70
1120,279,2,191,3,1025,3,3,30
1121,279,2,192,3,1028,2,2,30
1122,279,2,193,6,1034,4,4,60
1123,279,2,194,4,1038,0,0,40
1124,279,2,195,7,1045,3,3,70
1125,279,2,196,3,1048,1,1,30
1126,279,2,197,5,1053,1,1,50
1127,279,2,198,3,1056,2,2,30
1128,279,2,199,9,1065,4,4,90
1129,279,2,200,9,1074,2,2,90
1130,279,2,201,7,1081,7,7,70
1131,279,2,202,8,1089,4,1,80
1132,279,2,203,2,1091,4,4,20
1133,279,2,204,7,1098,4,4,70
1134,279,2,205,8,1106,4,4,80
1135,279,2,206,3,1109,3,3,30
1136,279,2,207,9,1118,7,7,90
1137,279,2,208,9,1127,8,8,90
1138,279,2,209,3,1130,0,0,30
1139,279,2,210,5,1135,2,2,50
1140,279,2,211,8,1143,0,0,80
1141,279,2,212,8,1151,4,1,80
1142,279,2,213,5,1156,6,6,50
1143,279,2,214,7,1163,3,3,70
1144,279,2,215,8,1171,3,3,80
1145,279,2,216,4,1175,2,2,40
1146,279,2,217,7,1182,5,5,70
1147,279,2,218,8,1190,3,3,80
1148,279,2,219,6,1196,3,1,60
1149,279,2,220,6,1202,8,8,60
1150,279,2,221,8,1210,3,3,80
1151,279,2,222,6,1216,3,2,60
1152,279,2,223,6,1222,8,8,60
1153,279,2,224,7,1229,3,3,70
1154,279,2,225,7,1236,2,2,70
1155,279,2,226,8,1244,6,6,80
1156,279,2,227,4,1248,1,1,40
1157,279,2,228,2,1250,3,3,20
1158,279,2,229,8,1258,8,8,80
1159,279,2,230,5,1263,5,5,50
1160,279,2,231,4,1267,2,2,40
1161,279,2,232,3,1270,0,0,30
1162,279,2,233,7,1277,2,1,70
1163,279,2,234,2,1279,1,1,20
1164,279,2,235,7,1286,5,5,70
1165,279,2,236,3,1289,3,3,30
1166,279,2,237,9,1298,8,6,90
1167,279,2,238,4,1302,3,1,40
1168,279,2,239,9,1311,5,5,90
1169,279,2,240,3,1314,2,2,30
1170,279,2,241,8,1322,5,3,80
1171,279,2,242,2,1324,2,2,20
1172,279,2,243,5,1329,3,2,50
1173,279,2,244,7,1336,3,3,70
1174,279,2,245,3,1339,1,0,30
1175,279,2,246,9,1348,5,5,90
1176,279,2,247,4,1352,2,2,40
1177,279,2,248,6,1358,2,2,60
1178,279,2,249,6,1364,9,9,60
1179,279,2,250,4,1368,1,1,40
1180,279,2,251,7,1375,2,2,70
1181,279,2,252,6,1381,6,5,60
1182,279,2,253,6,1387,2,2,60
1183,279,2,254,2,1389,0,0,20
1184,279,2,255,8,1397,9,9,80
1185,279,2,256,5,1402,4,4,50
1186,279,2,257,2,1404,1,0,20
1187,279,2,258,6,1410,2,0,60
1188,279,2,259,4,1414,3,3,40
1189,279,2,260,4,1418,0,0,40
1190,279,2,261,8,1426,5,5,80
1191,279,2,262,5,1431,3,1,50
1192,279,2,263,4,1435,3,3,40
1193,279,2,264,7,1442,2,2,70
1194,279,2,265,9,1451,1,1,90
1195,279,2,266,2,1453,1,1,20
1196,279,2,267,5,1458,7,4,50
1197,279,2,268,9,1467,4,4,90
1198,279,2,269,4,1471,3,0,40
1199,279,2,270,6,1477,5,5,60
1200,279,2,271,4,1481,3,3,40
1201,279,2,272,4,1485,3,3,40
1202,279,2,273,6,1491,0,0,60
1203,279,2,274,9,1500,4,4,90
1204,279,2,275,4,1504,0,0,40
1205,279,2,276,8,1512,5,5,80
1206,279,2,277,8,1520,7,7,80
1207,279,2,278,6,1526,4,4,60
1208,279,2,279,6,1532,2,2,60
1209,279,2,280,6,1538,2,1,60
1210,279,2,281,4,1542,1,1,40
1211,279,2,282,6,1548,4,4,60
1212,279,2,283,4,1552,3,3,40
1213,279,2,284,5,1557,1,1,50
1214,279,2,285,5,1562,3,3,50
1215,279,2,286,9,1571,5,3,90
1216,279,2,287,2,1573,2,2,20
1217,279,2,288,9,1582,4,4,90
1218,279,2,289,2,1584,1,0,20
1219,279,2,290,2,1586,3,3,20
1220,279,2,291,5,1591,4,4,50
1221,279,2,292,9,1600,4,3,90
1222,279,2,293,9,1609,6,6,90
1223,279,2,294,4,1613,0,0,40
1224,279,2,295,4,1617,2,2,40
1225,279,2,296,2,1619,3,3,20
1226,279,2,297,5,1624,1,0,50
1227,279,2,298,9,1633,7,7,90
1228,279,2,299,5,1638,2,2,50
1229,279,2,300,5,1643,2,2,50
1230,279,2,301,4,1647,3,3,40
1231,279,2,302,2,1649,2,2,20
1232,279,2,303,7,1656,0,0,70
1233,279,2,304,2,1658,3,3,20
1234,279,2,305,5,1663,1,1,50
1235,279,2,306,4,1667,1,1,40
1236,279,2,307,5,1672,4,4,50
1237,279,2,308,4,1676,1,1,40
1238,279,2,309,5,1681,1,1,50
1239,279,2,310,8,1689,4,4,80
1240,279,2,311,6,1695,4,2,60
1241,279,2,312,3,1698,3,3,30
1242,279,2,313,4,1702,1,0,40
1243,279,2,314,5,1707,4,4,50
1244,279,2,315,7,1714,3,1,70
1245,279,2,316,9,1723,3,3,90
1246,279,2,317,6,1729,6,6,60
1247,279,2,318,5,1734,1,1,50
1248,279,2,319,6,1740,3,1,60
1249,279,2,320,4,1744,3,3,40
1250,279,2,321,2,1746,2,2,20
1251,279,2,322,3,1749,4,4,30
1252,279,2,323,2,1751,0,0,20
1253,279,2,324,5,1756,2,2,50
1254,279,2,325,3,1759,0,0,30
1255,279,2,326,3,1762,2,2,30
1256,279,2,327,4,1766,2,2,40
1257,279,2,328,9,1775,3,3,90
1258,279,2,329,9,1784,4,4,90
1259,279,2,330,4,1788,2,2,40
1260,279,2,331,4,1792,5,2,40
1261,279,2,332,2,1794,4,4,20
1262,279,2,333,3,1797,2,0,30
1263,279,2,334,8,1805,6,6,80
1264,279,2,335,4,1809,2,0,40
1265,279,2,336,4,1813,5,2,40
1266,279,2,337,2,1815,6,4,20
1267,279,2,338,5,1820,3,3,50
1268,279,2,339,9,1829,6,6,90
1269,279,2,340,2,1831,2,2,20
1270,279,2,341,4,1835,3,3,40
1271,279,2,342,4,1839,1,1,40
1272,279,2,343,3,1842,2,1,30
1273,279,2,344,5,1847,3,3,50
1274,279,2,345,2,1849,1,1,20
1275,279,2,346,5,1854,2,1,50
1276,279,2,347,5,1859,2,1,50
1277,279,2,348,5,1864,5,5,50
1278,279,2,349,4,1868,2,2,40
1279,279,2,350,5,1873,5,4,50
1280,279,2,351,4,1877,5,2,40
1281,279,2,352,7,1884,8,8,70
1282,279,2,353,7,1891,5,5,70
1283,279,2,354,4,1895,3,3,40
1284,279,2,355,9,1904,5,5,90
1285,279,2,356,3,1907,2,2,30
1286,279,2,357,2,1909,1,1,20
1287,279,2,358,3,1912,1,0,30
1288,279,2,359,6,1918,7,7,60
1289,279,2,360,4,1922,5,5,40
1290,279,2,361,8,1930,2,2,80
1291,279,2,362,5,1935,2,1,50
1292,279,2,363,3,1938,3,3,30
1293,279,2,364,8,1946,3,2,80
1294,279,2,365,2,1948,2,2,20
1295,279,2,366,4,1952,1,1,40
1296,279,2,367,3,1955,3,3,30
1297,279,2,368,2,1957,2,2,20
1298,279,2,369,9,1966,3,1,90
1299,279,2,370,5,1971,5,5,50
1300,279,2,371,6,1977,6,3,60
1301,279,2,372,7,1984,7,7,70
1302,279,2,373,8,1992,6,6,80
1303,279,2,374,2,1994,3,2,20
1304,279,2,375,2,1996,1,1,20
1305,279,2,376,5,2001,3,3,50
1306,279,2,377,6,2007,1,0,60
1307,279,2,378,7,2014,6,6,70
1308,279,2,379,6,2020,4,4,60
1309,279,2,380,7,2027,3,3,70
1310,279,2,381,8,2035,1,1,80
1311,279,2,382,8,2043,4,4,80
1312,279,2,383,3,2046,1,0,30
1313,279,2,384,7,2053,3,3,70
1314,279,2,385,4,2057,2,2,40
1315,279,2,386,3,2060,3,3,30
1316,279,2,387,4,2064,4,4,40
1317,279,2,388,5,2069,3,3,50
1318,279,2,389,6,2075,9,9,60
1319,279,2,390,3,2078,2,2,30
1320,279,2,391,8,2086,3,3,80
1321,279,2,392,2,2088,1,1,20
1322,279,2,393,9,2097,10,7,90
1323,279,2,394,5,2102,5,5,50
1324,279,2,395,7,2109,0,0,70
1325,279,2,396,3,2112,1,1,30
1326,279,2,397,3,2115,1,1,30
1327,279,2,398,3,2118,2,2,30
1328,279,2,399,4,2122,5,5,40
1329,279,2,400,4,2126,0,0,40
1330,279,2,401,6,2132,6,6,60
1331,279,2,402,2,2134,4,4,20
1332,279,2,403,9,2143,4,4,90
1333,279,2,404,6,2149,5,3,60
1334,279,2,405,7,2156,4,4,70
1335,279,2,406,7,2163,3,2,70
1336,279,2,407,5,2168,3,3,50
1337,279,2,408,5,2173,4,4,50
1338,279,2,409,8,2181,11,11,80
1339,279,2,410,5,2186,1,1,50
1340,279,2,411,6,2192,1,1,60
1341,279,2,412,6,2198,4,3,60
1342,279,2,413,4,2202,3,3,40
1343,279,2,414,2,2204,1,1,20
1344,279,2,415,4,2208,2,2,40
1345,279,2,416,9,2217,5,5,90
1346,279,2,417,3,2220,1,0,30
1347,279,2,418,4,2224,3,3,40
1348,279,2,419,6,2230,4,4,60
1349,279,2,420,8,2238,7,7,80
1350,279,2,421,5,2243,5,5,50
1351,279,2,422,3,2246,0,0,30
1352,279,2,423,4,2250,2,2,40
1353,279,2,424,8,2258,6,6,80
1354,279,2,425,2,2260,2,2,20
1355,279,2,426,7,2267,2,1,70
1356,279,2,427,7,2274,6,6,70
1357,279,2,428,9,2283,4,4,90
1358,279,2,429,3,2286,0,0,30
1359,279,2,430,6,2292,3,3,60
1360,279,2,431,2,2294,3,1,20
1361,279,2,432,6,2300,4,4,60
1362,279,2,433,6,2306,2,2,60
1363,279,2,434,4,2310,2,2,40
1364,279,2,435,5,2315,3,3,50
1365,279,2,436,6,2321,2,2,60
1366,279,2,437,3,2324,2,2,30
1367,279,2,438,7,2331,2,2,70
1368,279,2,439,4,2335,6,6,40
1369,279,2,440,9,2344,2,2,90
1370,279,2,441,9,2353,6,6,90
1371,279,2,442,6,2359,5,5,60
1372,279,2,443,5,2364,2,2,50
1373,279,2,444,9,2373,5,5,90
1374,279,2,445,7,2380,4,4,70
1375,279,2,446,8,2388,4,4,80
1376,279,2,447,2,2390,0,0,20
1377,279,2,448,7,2397,7,4,70
1378,279,2,449,2,2399,7,7,20
1379,279,2,450,9,2408,6,4,90
1380,279,2,451,2,2410,5,5,20
1381,279,2,452,5,2415,1,1,50
1382,279,2,453,5,2420,3,3,50
1383,279,2,454,3,2423,0,0,30
1384,279,2,455,8,2431,5,5,80
1385,279,2,456,9,2440,4,4,90
1386,279,2,457,4,2444,1,0,40
1387,279,2,458,9,2453,7,7,90
1388,279,2,459,2,2455,2,1,20
1389,279,2,460,9,2464,3,3,90
1390,279,2,461,8,2472,8,8,80
1391,279,2,462,4,2476,0,0,40
1392,279,2,463,3,2479,1,1,30
1393,279,2,464,9,2488,4,4,90
1394,279,2,465,3,2491,2,2,30
1395,279,2,466,9,2500,1,1,90
1396,279,2,467,7,2507,2,2,70
1397,279,2,468,4,2511,5,5,40
1398,279,2,469,8,2519,4,4,80
1399,279,2,470,8,2527,6,6,80
1400,279,2,471,8,2535,5,5,80
1401,279,2,472,7,2542,2,2,70
1402,279,2,473,2,2544,5,4,20
1403,279,2,474,7,2551,6,6,70
1404,279,2,475,5,2556,3,3,50
1405,279,2,476,6,2562,2,2,60
1406,279,2,477,3,2565,1,1,30
1407,279,2,478,3,2568,3,1,30
1408,279,2,479,6,2574,5,5,60
1409,279,2,480,5,2579,1,1,50
1410,279,2,481,5,2584,2,1,50
1411,279,2,482,5,2589,5,2,50
1412,279,2,483,5,2594,5,5,50
1413,279,2,484,4,2598,2,2,40
1414,279,2,485,8,2606,5,5,80
1415,279,2,486,5,2611,0,0,50
1416,279,2,487,4,2615,3,1,40
1417,279,2,488,9,2624,10,10,90
1418,279,2,489,9,2633,4,4,90
1419,279,2,490,8,2641,3,2,80
1420,279,2,491,2,2643,2,2,20
1421,279,2,492,8,2651,4,4,80
1422,279,2,493,2,2653,0,0,20
1423,279,2,494,8,2661,4,2,80
1424,279,2,495,6,2667,6,6,60
1425,279,2,496,4,2671,2,2,40
1426,279,2,497,7,2678,4,4,70
1427,279,2,498,9,2687,4,4,90
1428,279,2,499,5,2692,3,3,50
1429,279,2,500,2,2694,1,1,20
1430,279,2,501,6,2700,5,5,60
1431,279,2,502,2,2702,0,0,20
1432,279,2,503,9,2711,1,1,90
1433,279,2,504,4,2715,3,3,40
1434,279,2,505,2,2717,0,0,20
1435,279,2,506,9,2726,6,6,90
1436,279,2,507,8,2734,2,2,80
1437,279,2,508,2,2736,0,0,20
1438,279,2,509,5,2741,1,1,50
1439,279,2,510,2,2743,1,1,20
1440,279,2,511,4,2747,0,0,40
1441,279,2,512,4,2751,0,0,40
1442,279,2,513,3,2754,0,0,30
1443,279,2,514,6,2760,3,3,60
1444,279,2,515,5,2765,3,1,50
1445,279,2,516,6,2771,5,5,60
1446,279,2,517,8,2779,5,2,80
1447,279,2,518,9,2788,5,5,90
1448,279,2,519,5,2793,8,8,50
1449,279,2,520,7,2800,1,1,70
1450,279,2,521,5,2805,2,2,50
1451,279,2,522,4,2809,1,1,40
1452,279,2,523,4,2813,4,4,40
1453,279,2,524,8,2821,6,6,80
1454,279,2,525,9,2830,5,5,90
1455,279,2,526,4,2834,1,0,40
1456,279,2,527,6,2840,4,4,60
1457,279,2,528,2,2842,1,1,20
1458,279,2,529,5,2847,3,3,50
1459,279,2,530,7,2854,4,4,70
1460,279,2,531,8,2862,0,0,80
1461,279,2,532,2,2864,1,1,20
1462,279,2,533,8,2872,2,2,80
1463,279,2,534,8,2880,5,5,80
1464,279,2,535,7,2887,4,4,70
1465,279,2,536,7,2894,6,6,70
1466,279,2,537,7,2901,6,6,70
1467,279,2,538,9,2910,5,5,90
1468,279,2,539,6,2916,6,6,60
1469,279,2,540,7,2923,7,7,70
1470,279,2,541,7,2930,2,1,70
1471,279,2,542,6,2936,7,3,60
1472,279,2,543,7,2943,6,6,70
1473,279,2,544,3,2946,3,3,30
1474,279,2,545,6,2952,6,6,60
1475,279,2,546,7,2959,4,4,70
1476,279,2,547,5,2964,0,0,50
1477,279,2,548,3,2967,3,3,30
1478,279,2,549,7,2974,3,3,70
1479,279,2,550,2,2976,1,1,20
1480,279,2,551,8,2984,6,3,80
1481,279,2,552,7,2991,9,9,70
1482,279,2,553,4,2995,2,0,40
1483,279,2,554,8,3003,6,6,80
1484,279,2,555,9,3012,3,3,90
1485,279,2,556,3,3015,0,0,30
1486,279,2,557,8,3023,2,2,80
1487,279,2,558,6,3029,5,3,60
1488,279,2,559,3,3032,4,1,30
1489,279,2,560,7,3039,7,7,70
1490,279,2,561,2,3041,0,0,20
1491,279,2,562,8,3049,3,1,80
1492,279,2,563,5,3054,3,3,50
1493,279,2,564,3,3057,4,4,30
1494,279,2,565,8,3065,4,4,80
1495,279,2,566,7,3072,2,2,70
1496,279,2,567,7,3079,5,5,70
1497,279,2,568,3,3082,0,0,30
1498,279,2,569,9,3091,8,8,90
1499,279,2,570,3,3094,3,0,30
1500,279,2,571,7,3101,6,6,70
1501,279,2,572,6,3107,5,5,60
1502,279,2,573,4,3111,2,1,40
1503,279,2,574,5,3116,4,4,50
1504,279,2,575,9,3125,8,1,90
1505,279,2,576,9,3134,11,11,90
1506,279,2,577,7,3141,2,0,70
1507,279,2,578,4,3145,5,5,40
1508,279,2,579,5,3150,3,2,50
1509,279,2,580,3,3153,2,2,30
1510,279,2,581,5,3158,3,3,50
1511,279,2,582,6,3164,3,3,60
1512,279,2,583,8,3172,2,2,80
1513,279,2,584,7,3179,2,2,70
1514,279,2,585,2,3181,0,0,20
1515,279,2,586,9,3190,3,1,90
1516,279,2,587,9,3199,6,6,90
1517,279,2,588,6,3205,2,2,60
1518,279,2,589,5,3210,2,0,50
1519,279,2,590,4,3214,5,2,40
1520,279,2,591,6,3220,8,8,60
1521,279,2,592,6,3226,5,1,60
1522,279,2,593,2,3228,5,5,20
1523,279,2,594,5,3233,1,1,50
1524,279,2,595,4,3237,2,2,40
1525,279,2,596,7,3244,1,1,70
1526,279,2,597,9,3253,1,1,90
1527,279,2,598,6,3259,4,1,60
1528,279,2,599,8,3267,4,3,80
1529,279,2,600,8,3275,4,4,80
1530,279,2,601,4,3279,2,0,40
1531,279,2,602,8,3287,4,4,80
1532,279,2,603,2,3289,2,1,20
1533,279,2,604,9,3298,1,1,90
1534,279,2,605,4,3302,2,2,40
1535,279,2,606,9,3311,6,4,90
1536,279,2,607,3,3314,2,2,30
1537,279,2,608,6,3320,2,2,60
1538,279,2,609,4,3324,0,0,40
1539,279,2,610,7,3331,2,2,70
1540,279,2,611,7,3338,7,7,70
1541,279,2,612,7,3345,2,2,70
1542,279,2,613,3,3348,2,2,30
1543,279,2,614,2,3350,1,1,20
1544,279,2,615,9,3359,4,4,90
1545,279,2,616,5,3364,2,1,50
1546,279,2,617,9,3373,5,5,90
1547,279,2,618,6,3379,3,3,60
1548,279,2,619,8,3387,2,2,80
1549,279,2,620,8,3395,5,5,80
1550,279,2,621,3,3398,2,1,30
1551,279,2,622,2,3400,4,1,20
1552,279,2,623,9,3409,6,6,90
1553,279,2,624,6,3415,4,2,60
1554,279,2,625,9,3424,8,4,90
1555,279,2,626,7,3431,8,8,70
1556,279,2,627,6,3437,1,1,60
1557,279,2,628,3,3440,1,1,30
1558,279,2,629,7,3447,1,0,70
1559,279,2,630,3,3450,4,4,30
1560,279,2,631,5,3455,2,2,50
1561,279,2,632,2,3457,1,1,20
1562,279,2,633,4,3461,3,3,40
1563,279,2,634,9,3470,10,10,90
1564,279,2,635,9,3479,4,4,90
1565,279,2,636,6,3485,3,3,60
1566,279,2,637,4,3489,1,1,40
1567,279,2,638,6,3495,2,2,60
1568,279,2,639,5,3500,5,5,50
1569,279,2,640,8,3508,8,8,80
1570,279,2,641,9,3517,1,1,90
1571,279,2,642,8,3525,6,3,80
1572,279,2,643,4,3529,5,5,40
1573,279,2,644,2,3531,1,1,20
1574,279,2,645,8,3539,2,1,80
1575,279,2,646,9,3548,3,3,90
1576,279,2,647,3,3551,0,0,30
1577,279,2,648,7,3558,3,1,70
1578,279,2,649,3,3561,4,4,30
1579,279,2,650,8,3569,2,2,80
1580,279,2,651,8,3577,5,5,80
1581,279,2,652,7,3584,2,2,70
1582,279,2,653,2,3586,0,0,20
1583,279,2,654,2,3588,1,1,20
1584,279,2,655,9,3597,4,4,90
1585,279,2,656,8,3605,12,12,80
1586,279,2,657,8,3613,7,2,80
1587,279,2,658,6,3619,10,10,60
1588,279,2,659,8,3627,2,1,80
1589,279,2,660,3,3630,1,1,30
1590,279,2,661,8,3638,2,2,80
1591,279,2,662,3,3641,0,0,30
1592,279,2,663,7,3648,1,1,70
1593,279,2,664,7,3655,4,4,70
1594,279,2,665,8,3663,6,6,80
1595,279,2,666,5,3668,2,2,50
1596,279,2,667,2,3670,1,1,20
1597,279,2,668,4,3674,1,1,40
1598,279,2,669,3,3677,2,2,30
1599,279,2,670,4,3681,1,0,40
1600,279,2,671,8,3689,4,4,80
1601,279,2,672,3,3692,1,1,30
1602,279,2,673,4,3696,2,1,40
1603,279,2,674,4,3700,5,5,40
1604,279,2,675,2,3702,1,1,20
1605,279,2,676,8,3710,5,5,80
1606,279,2,677,8,3718,4,4,80
1607,279,2,678,2,3720,2,1,20
1608,279,2,679,4,3724,5,4,40
1609,279,2,680,8,3732,8,8,80
1610,279,2,681,7,3739,7,7,70
1611,279,2,682,6,3745,3,3,60
1612,279,2,683,2,3747,1,1,20
1613,279,2,684,7,3754,3,3,70
1614,279,2,685,3,3757,1,1,30
1615,279,2,686,8,3765,9,9,80
1616,279,2,687,6,3771,3,3,60
1617,279,2,688,3,3774,0,0,30
1618,279,2,689,8,3782,6,6,80
1619,279,2,690,9,3791,7,7,90
1620,279,2,691,7,3798,2,2,70
1621,279,2,692,8,3806,5,5,80
1622,279,2,693,9,3815,7,7,90
1623,279,2,694,8,3823,3,3,80
1624,279,2,695,2,3825,1,1,20
1625,279,2,696,6,3831,3,3,60
1626,279,2,697,8,3839,5,2,80
1627,279,2,698,7,3846,10,10,70
1628,279,2,699,5,3851,2,2,50
1629,279,2,700,7,3858,4,2,70
1630,279,2,701,5,3863,4,3,50
1631,279,2,702,7,3870,4,2,70
1632,279,2,703,7,3877,6,6,70
1633,279,2,704,9,3886,8,8,90
1634,279,2,705,7,3893,3,3,70
1635,279,2,706,9,3902,3,3,90
1636,279,2,707,4,3906,3,3,40
1637,279,2,708,5,3911,4,4,50
1638,279,2,709,6,3917,3,3,60
1639,279,2,710,5,3922,4,4,50
1640,279,2,711,8,3930,4,4,80
1641,279,2,712,8,3938,5,3,80
1642,279,2,713,5,3943,5,2,50
1643,279,2,714,7,3950,7,7,70
1644,279,2,715,6,3956,2,2,60
1645,279,2,716,6,3962,4,1,60
1646,279,2,717,8,3970,9,9,80
1647,279,2,718,5,3975,4,4,50
1648,279,2,719,2,3977,2,1,20
1649,279,2,720,8,3985,5,5,80
1650,279,2,721,4,3989,2,2,40
1651,279,2,722,6,3995,7,7,60
1652,279,2,723,6,4001,2,2,60
1653,279,2,724,8,4009,2,2,80
1654,279,2,725,9,4018,4,4,90
1655,279,2,726,4,4022,3,3,40
1656,279,2,727,6,4028,3,3,60
1657,279,2,728,8,4036,2,2,80
1658,279,2,729,7,4043,3,3,70
1659,279,2,730,3,4046,1,0,30
1660,279,2,731,3,4049,3,3,30
1661,279,2,732,7,4056,4,4,70
1662,279,2,733,5,4061,2,2,50
1663,279,2,734,4,4065,4,4,40
1664,279,2,735,3,4068,3,3,30
1665,279,2,736,4,4072,3,3,40
1666,279,2,737,7,4079,5,3,70
1667,279,2,738,4,4083,5,2,40
1668,279,2,739,7,4090,8,8,70
1669,279,2,740,8,4098,11,7,80
1670,279,2,741,6,4104,7,7,60
1671,279,2,742,6,4110,3,3,60
1672,279,2,743,6,4116,3,1,60
1673,279,2,744,5,4121,4,4,50
1674,279,2,745,3,4124,0,0,30
1675,279,2,746,5,4129,2,1,50
1676,279,2,747,5,4134,1,0,50
1677,279,2,748,9,4143,6,6,90
1678,279,2,749,4,4147,1,1,40
1679,279,2,750,4,4151,2,2,40
1680,279,2,751,2,4153,0,0,20
1681,279,2,752,5,4158,1,1,50
1682,279,2,753,8,4166,4,4,80
1683,279,2,754,4,4170,0,0,40
1684,279,2,755,6,4176,10,10,60
1685,279,2,756,8,4184,6,6,80
1686,279,2,757,3,4187,2,1,30
1687,279,2,758,7,4194,7,4,70
1688,279,2,759,2,4196,5,5,20
1689,279,2,760,4,4200,1,0,40
1690,279,2,761,9,4209,3,3,90
1691,279,2,762,5,4214,1,1,50
1692,279,2,763,6,4220,3,3,60
1693,279,2,764,5,4225,1,1,50
1694,279,2,765,9,4234,3,3,90
1695,279,2,766,4,4238,3,3,40
1696,279,2,767,6,4244,1,1,60
1697,279,2,768,3,4247,2,2,30
1698,279,2,769,2,4249,2,2,20
1699,279,2,770,5,4254,1,0,50
1700,279,2,771,7,4261,9,9,70
1701,279,2,772,4,4265,0,0,40
1702,279,2,773,3,4268,3,3,30
1703,279,2,774,6,4274,3,3,60
1704,279,2,775,4,4278,0,0,40
1705,279,2,776,8,4286,2,1,80
1706,279,2,777,8,4294,2,1,80
1707,279,2,778,8,4302,8,8,80
1708,279,2,779,5,4307,4,4,50
1709,279,2,780,5,4312,5,1,50
1710,279,2,781,6,4318,8,8,60
1711,279,2,782,9,4327,2,2,90
1712,279,2,783,4,4331,1,0,40
1713,279,2,784,4,4335,2,2,40
1714,279,2,785,3,4338,1,1,30
1715,279,2,786,4,4342,0,0,40
1716,279,2,787,6,4348,6,6,60
1717,279,2,788,8,4356,3,3,80
1718,279,2,789,4,4360,3,3,40
1719,279,2,790,5,4365,2,2,50
1720,279,2,791,5,4370,2,2,50
1721,279,2,792,3,4373,0,0,30
1722,279,2,793,8,4381,3,3,80
1723,279,2,794,3,4384,1,1,30
1724,279,2,795,6,4390,4,4,60
1725,279,2,796,4,4394,3,3,40
1726,279,2,797,7,4401,2,2,70
1727,279,2,798,7,4408,5,5,70
1728,279,2,799,7,4415,4,2,70
1729,279,2,800,5,4420,3,2,50
1730,279,2,801,5,4425,2,1,50
1731,279,2,802,7,4432,4,4,70
1732,279,2,803,6,4438,5,5,60
1733,279,2,804,9,4447,2,1,90
1734,279,2,805,7,4454,4,2,70
1735,279,2,806,6,4460,4,4,60
1736,279,2,807,6,4466,3,3,60
1737,279,2,808,2,4468,1,1,20
1738,279,2,809,2,4470,1,1,20
1739,279,2,810,5,4475,0,0,50
1740,279,2,811,9,4484,6,4,90
1741,279,2,812,5,4489,4,4,50
1742,279,2,813,2,4491,1,1,20
1743,279,2,814,5,4496,0,0,50
1744,279,2,815,2,4498,0,0,20
1745,279,2,816,6,4504,2,2,60
1746,279,2,817,2,4506,3,1,20
1747,279,2,818,5,4511,6,6,50
1748,279,2,819,4,4515,0,0,40
1749,279,2,820,5,4520,1,1,50
1750,279,2,821,6,4526,0,0,60
1751,279,2,822,5,4531,2,2,50
1752,279,2,823,3,4534,1,1,30
1753,279,2,824,4,4538,3,3,40
1754,279,2,825,3,4541,3,3,30
1755,279,2,826,9,4550,4,4,90
1756,279,2,827,8,4558,3,3,80
1757,279,2,828,3,4561,2,2,30
1758,279,2,829,7,4568,4,4,70
1759,279,2,830,3,4571,2,0,30
1760,279,2,831,9,4580,8,8,90
1761,279,2,832,3,4583,4,2,30
1762,279,2,833,4,4587,5,5,40
1763,279,2,834,6,4593,3,3,60
1764,279,2,835,9,4602,7,7,90
1765,279,2,836,3,4605,1,0,30
1766,279,2,837,5,4610,3,3,50
1767,279,2,838,8,4618,2,2,80
1768,279,2,839,3,4621,2,2,30
1769,279,2,840,6,4627,2,1,60
1770,279,2,841,3,4630,1,1,30
1771,279,2,842,7,4637,1,1,70
1772,279,2,843,7,4644,3,1,70
1773,279,2,844,2,4646,3,3,20
1774,279,2,845,3,4649,0,0,30
1775,279,2,846,4,4653,3,3,40
1776,279,2,847,8,4661,9,9,80
1777,279,2,848,7,4668,2,0,70
1778,279,2,849,6,4674,3,3,60
1779,279,2,850,4,4678,2,2,40
1780,279,2,851,4,4682,4,4,40
1781,279,2,852,5,4687,1,0,50
1782,279,2,853,5,4692,3,3,50
1783,279,2,854,9,4701,1,1,90
1784,279,2,855,6,4707,3,3,60
1785,279,2,856,8,4715,5,5,80
1786,279,2,857,6,4721,2,0,60
1787,279,2,858,2,4723,2,2,20
1788,279,2,859,7,4730,3,3,70
1789,279,2,860,9,4739,5,5,90
1790,279,2,861,7,4746,5,2,70
1791,279,2,862,2,4748,4,2,20
1792,279,2,863,4,4752,5,5,40
1793,279,2,864,9,4761,3,2,90
1794,279,2,865,4,4765,1,0,40
1795,279,2,866,7,4772,4,4,70
1796,279,2,867,9,4781,2,0,90
1797,279,2,868,6,4787,4,4,60
1798,279,2,869,3,4790,1,1,30
1799,279,2,870,2,4792,1,1,20
1800,279,2,871,4,4796,2,2,40
1801,279,2,872,3,4799,1,1,30
1802,279,2,873,6,4805,6,6,60
1803,279,2,874,2,4807,3,3,20
1804,279,2,875,7,4814,7,7,70
1805,279,2,876,3,4817,0,0,30
1806,279,2,877,9,4826,4,3,90
1807,279,2,878,6,4832,4,1,60
1808,279,2,879,2,4834,3,3,20
1809,279,2,880,9,4843,4,4,90
1810,279,2,881,8,4851,4,4,80
1811,279,2,882,2,4853,0,0,20
1812,279,2,883,9,4862,3,1,90
1813,279,2,884,8,4870,5,5,80
1814,279,2,885,8,4878,1,1,80
1815,279,2,886,3,4881,3,1,30
1816,279,2,887,7,4888,5,5,70
1817,279,2,888,5,4893,2,2,50
1818,279,2,889,3,4896,3,0,30
1819,279,2,890,2,4898,3,2,20
1820,279,2,891,5,4903,4,4,50
1821,279,2,892,2,4905,0,0,20
1822,279,2,893,7,4912,4,4,70
1823,279,2,894,4,4916,5,5,40
1824,279,2,895,3,4919,3,3,30
1825,279,2,896,2,4921,1,1,20
1826,279,2,897,4,4925,1,0,40
1827,279,2,898,2,4927,1,1,20
1828,279,2,899,7,4934,5,5,70
1829,279,2,900,7,4941,2,2,70
1830,279,2,901,6,4947,5,5,60
1831,279,2,902,2,4949,0,0,20
1832,279,2,903,5,4954,2,2,50
1833,279,2,904,9,4963,6,4,90
1834,279,2,905,2,4965,7,5,20
1835,279,2,906,9,4974,9,9,90
1836,279,2,907,3,4977,0,0,30
1837,279,2,908,8,4985,4,2,80
1838,279,2,909,7,4992,4,2,70
1839,279,2,910,7,4999,6,6,70
1840,279,3,1,6,6,2,0,60
1841,279,3,2,3,9,3,3,30
1842,279,3,3,2,11,2,2,20
1843,279,3,4,8,19,3,3,80
1844,279,3,5,7,26,1,0,70
1845,279,3,6,7,33,2,2,70
1846,279,3,7,9,42,2,1,90
1847,279,3,8,8,50,4,4,80
1848,279,3,9,3,53,2,2,30
1849,279,3,10,6,59,5,5,60
1850,279,3,11,3,62,2,1,30
1851,279,3,12,2,64,3,3,20
1852,279,3,13,3,67,3,3,30
1853,279,3,14,9,76,2,2,90
1854,279,3,15,8,84,2,2,80
1855,279,3,16,8,92,5,5,80
1856,279,3,17,6,98,2,1,60
1857,279,3,18,8,106,5,5,80
1858,279,3,19,6,112,2,2,60
1859,279,3,20,3,115,1,0,30
1860,279,3,21,8,123,9,9,80
1861,279,3,22,8,131,5,5,80
1862,279,3,23,6,137,3,3,60
1863,279,3,24,8,145,5,5,80
1864,279,3,25,9,154,3,3,90
1865,279,3,26,8,162,2,1,80
1866,279,3,27,8,170,4,2,80
1867,279,3,28,5,175,4,1,50
1868,279,3,29,8,183,7,7,80
1869,279,3,30,5,188,1,0,50
1870,279,3,31,4,192,2,0,40
1871,279,3,32,6,198,5,5,60
1872,279,3,33,2,200,1,1,20
1873,279,3,34,5,205,1,1,50
1874,279,3,35,3,208,1,0,30
1875,279,3,36,6,214,4,4,60
1876,279,3,37,3,217,1,1,30
1877,279,3,38,2,219,1,0,20
1878,279,3,39,3,222,3,3,30
1879,279,3,40,8,230,4,2,80
1880,279,3,41,3,233,4,4,30
1881,279,3,42,5,238,2,2,50
1882,279,3,43,4,242,2,2,40
1883,279,3,44,8,250,3,3,80
1884,279,3,45,4,254,2,2,40
1885,279,3,46,3,257,2,2,30
1886,279,3,47,5,262,3,3,50
1887,279,3,48,6,268,5,3,60
1888,279,3,49,2,270,2,1,20
1889,279,3,50,2,272,2,2,20
1890,279,3,51,8,280,4,1,80
1891,279,3,52,5,285,6,4,50
1892,279,3,53,6,291,4,4,60
1893,279,3,54,8,299,2,2,80
1894,279,3,55,4,303,0,0,40
1895,279,3,56,5,308,4,4,50
1896,279,3,57,3,311,2,2,30
1897,279,3,58,5,316,5,2,50
1898,279,3,59,2,318,6,6,20
1899,279,3,60,2,320,2,2,20
1900,279,3,61,8,328,3,3,80
1901,279,3,62,2,330,2,2,20
1902,279,3,63,9,339,6,6,90
1903,279,3,64,8,347,5,5,80
1904,279,3,65,9,356,5,4,90
1905,279,3,66,6,362,5,3,60
1906,279,3,67,5,367,4,4,50
1907,279,3,68,9,376,5,5,90
1908,279,3,69,7,383,3,2,70
1909,279,3,70,5,388,1,1,50
1910,279,3,71,2,390,3,3,20
1911,279,3,72,9,399,5,1,90
1912,279,3,73,3,402,5,5,30
1913,279,3,74,8,410,4,4,80
1914,279,3,75,7,417,5,5,70
1915,279,3,76,6,423,2,2,60
1916,279,3,77,4,427,2,1,40
1917,279,3,78,2,429,2,2,20
1918,279,3,79,2,431,3,1,20
1919,279,3,80,6,437,5,5,60
1920,279,3,81,5,442,2,2,50
1921,279,3,82,2,444,0,0,20
1922,279,3,83,8,452,3,3,80
1923,279,3,84,2,454,1,1,20
1924,279,3,85,3,457,3,3,30
1925,279,3,86,2,459,0,0,20
1926,279,3,87,2,461,0,0,20
1927,279,3,88,4,465,3,3,40
1928,279,3,89,3,468,3,3,30
1929,279,3,90,2,470,0,0,20
1930,279,3,91,6,476,2,2,60
1931,279,3,92,7,483,2,1,70
1932,279,3,93,3,486,2,2,30
1933,279,3,94,2,488,0,0,20
1934,279,3,95,6,494,1,0,60
1935,279,3,96,2,496,3,3,20
1936,279,3,97,2,498,2,0,20
1937,279,3,98,6,504,4,4,60
1938,279,3,99,5,509,2,1,50
1939,279,3,100,4,513,3,3,40
1940,279,3,101,5,518,3,3,50
1941,279,3,102,9,527,4,4,90
1942,279,3,103,2,529,3,3,20
1943,279,3,104,8,537,5,5,80
1944,279,3,105,2,539,2,2,20
1945,279,3,106,3,542,1,1,30
1946,279,3,107,8,550,4,4,80
1947,279,3,108,2,552,0,0,20
1948,279,3,109,6,558,3,3,60
1949,279,3,110,6,564,0,0,60
1950,279,3,111,2,566,2,2,20
1951,279,3,112,4,570,3,3,40
1952,279,3,113,9,579,3,3,90
1953,279,3,114,7,586,2,2,70
1954,279,3,115,5,591,1,0,50
1955,279,3,116,7,598,4,3,70
1956,279,3,117,3,601,5,5,30
1957,279,3,118,9,610,5,5,90
1958,279,3,119,8,618,6,6,80
1959,279,3,120,5,623,3,1,50
1960,279,3,121,5,628,3,3,50
1961,279,3,122,3,631,1,1,30
1962,279,3,123,6,637,6,6,60
1963,279,3,124,3,640,0,0,30
1964,279,3,125,7,647,4,4,70
1965,279,3,126,7,654,3,3,70
1966,279,3,127,9,663,1,1,90
1967,279,3,128,3,666,3,3,30
1968,279,3,129,4,670,1,1,40
1969,279,3,130,6,676,5,3,60
1970,279,3,131,6,682,3,3,60
1971,279,3,132,7,689,3,3,70
1972,279,3,133,5,694,4,2,50
1973,279,3,134,4,698,2,2,40
1974,279,3,135,6,704,5,5,60
1975,279,3,136,9,713,2,2,90
1976,279,3,137,7,720,2,0,70
1977,279,3,138,3,723,3,3,30
1978,279,3,139,7,730,4,4,70
1979,279,3,140,9,739,7,7,90
1980,279,3,141,7,746,4,4,70
1981,279,3,142,6,752,1,1,60
1982,279,3,143,9,761,7,7,90
1983,279,3,144,3,764,1,0,30
1984,279,3,145,5,769,4,4,50
1985,279,3,146,2,771,2,2,20
1986,279,3,147,2,773,0,0,20
1987,279,3,148,4,777,1,0,40
1988,279,3,149,9,786,4,4,90
1989,279,3,150,5,791,1,1,50
1990,279,3,151,4,795,1,1,40
1991,279,3,152,9,804,5,2,90
1992,279,3,153,7,811,7,7,70
1993,279,3,154,3,814,1,1,30
1994,279,3,155,8,822,2,2,80
1995,279,3,156,9,831,5,2,90
1996,279,3,157,5,836,6,4,50
1997,279,3,158,3,839,3,3,30
1998,279,3,159,7,846,2,2,70
1999,279,3,160,3,849,4,2,30
2000,279,3,161,3,852,3,3,30
2001,279,3,162,4,856,1,1,40
2002,279,3,163,4,860,3,3,40
2003,279,3,164,2,862,0,0,20
2004,279,3,165,9,871,5,5,90
2005,279,3,166,2,873,1,1,20
2006,279,3,167,9,882,7,7,90
2007,279,3,168,9,891,4,4,90
2008,279,3,169,2,893,2,2,20
2009,279,3,170,9,902,5,3,90
2010,279,3,171,3,905,4,3,30
2011,279,3,172,4,909,3,3,40
2012,279,3,173,5,914,1,1,50
2013,279,3,174,5,919,1,0,50
2014,279,3,175,2,921,2,2,20
2015,279,3,176,9,930,3,3,90
2016,279,3,177,7,937,5,5,70
2017,279,3,178,3,940,2,2,30
2018,279,3,179,4,944,2,2,40
2019,279,3,180,6,950,0,0,60
2020,279,3,181,9,959,6,5,90
2021,279,3,182,2,961,2,2,20
2022,279,3,183,7,968,2,2,70
2023,279,3,184,2,970,2,2,20
2024,279,3,185,9,979,3,3,90
2025,279,3,186,3,982,1,1,30
2026,279,3,187,5,987,2,2,50
2027,279,3,188,8,995,7,7,80
2028,279,3,189,2,997,1,1,20
2029,279,3,190,5,1002,4,4,50
2030,279,3,191,4,1006,1,1,40
2031,279,3,192,7,1013,2,2,70
2032,279,3,193,5,1018,0,0,50
2033,279,3,194,8,1026,8,6,80
2034,279,3,195,6,1032,2,2,60
2035,279,3,196,7,1039,7,7,70
2036,279,3,197,5,1044,3,3,50
2037,279,3,198,8,1052,4,4,80
2038,279,3,199,5,1057,5,5,50
2039,279,3,200,2,1059,2,2,20
2040,279,3,201,6,1065,7,3,60
2041,279,3,202,6,1071,8,4,60
2042,279,3,203,8,1079,11,5,80
2043,279,3,204,2,1081,6,6,20
2044,279,3,205,6,1087,2,2,60
2045,279,3,206,7,1094,3,3,70
2046,279,3,207,9,1103,5,5,90
2047,279,3,208,6,1109,3,2,60
2048,279,3,209,9,1118,3,3,90
2049,279,3,210,5,1123,2,1,50
2050,279,3,211,8,1131,6,2,80
2051,279,3,212,6,1137,7,7,60
2052,279,3,213,6,1143,3,3,60
2053,279,3,214,4,1147,0,0,40
2054,279,3,215,3,1150,0,0,30
2055,279,3,216,5,1155,2,2,50
2056,279,3,217,8,1163,1,1,80
2057,279,3,218,6,1169,2,2,60
2058,279,3,219,4,1173,1,1,40
2059,279,3,220,9,1182,6,6,90
2060,279,3,221,7,1189,3,3,70
2061,279,3,222,8,1197,6,6,80
2062,279,3,223,8,1205,2,2,80
2063,279,3,224,2,1207,0,0,20
2064,279,3,225,7,1214,2,2,70
2065,279,3,226,9,1223,4,3,90
2066,279,3,227,7,1230,4,1,70
2067,279,3,228,2,1232,4,2,20
2068,279,3,229,5,1237,10,10,50
2069,279,3,230,2,1239,1,1,20
2070,279,3,231,4,1243,3,2,40
2071,279,3,232,3,1246,2,2,30
2072,279,3,233,6,1252,5,5,60
2073,279,3,234,4,1256,1,1,40
2074,279,3,235,7,1263,2,2,70
2075,279,3,236,8,1271,3,3,80
2076,279,3,237,8,1279,2,1,80
2077,279,3,238,9,1288,9,9,90
2078,279,3,239,4,1292,1,1,40
2079,279,3,240,7,1299,5,5,70
2080,279,3,241,5,1304,1,0,50
2081,279,3,242,5,1309,4,4,50
2082,279,3,243,7,1316,3,2,70
2083,279,3,244,3,1319,3,3,30
2084,279,3,245,6,1325,7,7,60
2085,279,3,246,8,1333,2,2,80
2086,279,3,247,7,1340,3,3,70
2087,279,3,248,6,1346,5,5,60
2088,279,3,249,2,1348,2,2,20
2089,279,3,250,8,1356,6,6,80
2090,279,3,251,4,1360,0,0,40
2091,279,3,252,5,1365,3,2,50
2092,279,3,253,7,1372,4,4,70
2093,279,3,254,7,1379,6,6,70
2094,279,3,255,6,1385,1,1,60
2095,279,3,256,7,1392,4,4,70
2096,279,3,257,4,1396,3,3,40
2097,279,3,258,8,1404,5,5,80
2098,279,3,259,7,1411,5,3,70
2099,279,3,260,4,1415,5,3,40
2100,279,3,261,6,1421,5,5,60
2101,279,3,262,9,1430,4,3,90
2102,279,3,263,8,1438,4,4,80
2103,279,3,264,5,1443,3,3,50
2104,279,3,265,5,1448,1,0,50
2105,279,3,266,5,1453,2,2,50
2106,279,3,267,7,1460,7,7,70
2107,279,3,268,6,1466,1,1,60
2108,279,3,269,7,1473,4,4,70
2109,279,3,270,3,1476,1,1,30
2110,279,3,271,9,1485,5,4,90
2111,279,3,272,3,1488,1,1,30
2112,279,3,273,8,1496,3,3,80
2113,279,3,274,8,1504,6,6,80
2114,279,3,275,4,1508,1,1,40
2115,279,3,276,7,1515,3,1,70
2116,279,3,277,6,1521,5,5,60
2117,279,3,278,6,1527,4,0,60
2118,279,3,279,4,1531,6,6,40
2119,279,3,280,8,1539,4,4,80
2120,279,3,281,2,1541,2,1,20
2121,279,3,282,2,1543,4,4,20
2122,279,3,283,8,1551,5,5,80
2123,279,3,284,6,1557,2,2,60
2124,279,3,285,6,1563,3,1,60
2125,279,3,286,3,1566,4,4,30
2126,279,3,287,6,1572,5,5,60
2127,279,3,288,7,1579,6,3,70
2128,279,3,289,6,1585,4,1,60
2129,279,3,290,5,1590,7,4,50
2130,279,3,291,7,1597,8,8,70
2131,279,3,292,9,1606,4,4,90
2132,279,3,293,5,1611,2,2,50
2133,279,3,294,5,1616,4,4,50
2134,279,3,295,8,1624,3,1,80
2135,279,3,296,4,1628,6,6,40
2136,279,3,297,2,1630,0,0,20
2137,279,3,298,5,1635,7,4,50
2138,279,3,299,7,1642,6,3,70
2139,279,3,300,6,1648,4,4,60
2140,279,3,301,6,1654,0,0,60
2141,279,3,302,4,1658,1,1,40
2142,279,3,303,7,1665,1,0,70
2143,279,3,304,8,1673,4,4,80
2144,279,3,305,7,1680,0,0,70
2145,279,3,306,9,1689,1,1,90
2146,279,3,307,3,1692,3,3,30
2147,279,3,308,4,1696,2,1,40
2148,279,3,309,9,1705,4,4,90
2149,279,3,310,3,1708,3,3,30
2150,279,3,311,2,1710,3,3,20
2151,279,3,312,4,1714,2,1,40
2152,279,3,313,6,1720,2,2,60
2153,279,3,314,4,1724,1,1,40
2154,279,3,315,5,1729,3,3,50
2155,279,3,316,6,1735,5,2,60
2156,279,3,317,3,1738,3,3,30
2157,279,3,318,3,1741,1,0,30
2158,279,3,319,3,1744,2,2,30
2159,279,3,320,7,1751,3,3,70
2160,279,3,321,9,1760,4,2,90
2161,279,3,322,3,1763,3,3,30
2162,279,3,323,3,1766,1,1,30
2163,279,3,324,9,1775,6,6,90
2164,279,3,325,2,1777,1,1,20
2165,279,3,326,3,1780,0,0,30
2166,279,3,327,6,1786,2,1,60
2167,279,3,328,5,1791,4,4,50
2168,279,3,329,9,1800,6,6,90
2169,279,3,330,3,1803,1,1,30
2170,279,3,331,8,1811,5,5,80
2171,279,3,332,4,1815,1,1,40
2172,279,3,333,7,1822,4,4,70
2173,279,3,334,4,1826,1,1,40
2174,279,3,335,9,1835,8,8,90
2175,279,3,336,5,1840,2,2,50
2176,279,3,337,6,1846,3,3,60
2177,279,3,338,2,1848,0,0,20
2178,279,3,339,4,1852,1,1,40
2179,279,3,340,6,1858,5,5,60
2180,279,3,341,5,1863,2,1,50
2181,279,3,342,6,1869,8,8,60
2182,279,3,343,5,1874,3,2,50
2183,279,3,344,5,1879,2,2,50
2184,279,3,345,2,1881,1,0,20
2185,279,3,346,6,1887,2,1,60
2186,279,3,347,8,1895,6,6,80
2187,279,3,348,4,1899,0,0,40
2188,279,3,349,7,1906,5,5,70
2189,279,3,350,5,1911,2,0,50
2190,279,3,351,7,1918,5,5,70
2191,279,3,352,2,1920,2,2,20
2192,279,3,353,8,1928,1,1,80
2193,279,3,354,7,1935,0,0,70
2194,279,3,355,4,1939,3,3,40
2195,279,3,356,7,1946,3,3,70
2196,279,3,357,7,1953,5,5,70
2197,279,3,358,2,1955,1,0,20
2198,279,3,359,6,1961,5,5,60
2199,279,3,360,9,1970,3,3,90
2200,279,3,361,4,1974,3,3,40
2201,279,3,362,6,1980,1,0,60
2202,279,3,363,5,1985,2,2,50
2203,279,3,364,5,1990,3,3,50
2204,279,3,365,9,1999,4,3,90
2205,279,3,366,2,2001,2,2,20
2206,279,3,367,7,2008,2,1,70
2207,279,3,368,8,2016,7,7,80
2208,279,3,369,7,2023,1,1,70
2209,279,3,370,8,2031,5,5,80
2210,279,3,371,5,2036,4,4,50
2211,279,3,372,3,2039,0,0,30
2212,279,3,373,8,2047,2,1,80
2213,279,3,374,6,2053,7,7,60
2214,279,3,375,3,2056,2,2,30
2215,279,3,376,2,2058,0,0,20
2216,279,3,377,9,2067,7,7,90
2217,279,3,378,9,2076,3,3,90
2218,279,3,379,9,2085,5,3,90
2219,279,3,380,2,2087,4,4,20
2220,279,3,381,7,2094,2,2,70
2221,279,3,382,2,2096,2,2,20
2222,279,3,383,5,2101,2,2,50
2223,279,3,384,6,2107,3,2,60
2224,279,3,385,6,2113,6,4,60
2225,279,3,386,2,2115,3,3,20
2226,279,3,387,9,2124,4,4,90
2227,279,3,388,5,2129,3,1,50
2228,279,3,389,2,2131,2,2,20
2229,279,3,390,2,2133,0,0,20
2230,279,3,391,6,2139,2,2,60
2231,279,3,392,8,2147,2,2,80
2232,279,3,393,6,2153,3,3,60
2233,279,3,394,5,2158,2,2,50
2234,279,3,395,9,2167,6,6,90
2235,279,3,396,6,2173,2,0,60
2236,279,3,397,8,2181,8,8,80
2237,279,3,398,2,2183,1,1,20
2238,279,3,399,6,2189,3,1,60
2239,279,3,400,8,2197,5,2,80
2240,279,3,401,2,2199,3,3,20
2241,279,3,402,3,2202,2,2,30
2242,279,3,403,4,2206,1,0,40
2243,279,3,404,6,2212,6,6,60
2244,279,3,405,7,2219,7,7,70
2245,279,3,406,5,2224,3,3,50
2246,279,3,407,6,2230,3,2,60
2247,279,3,408,7,2237,3,3,70
2248,279,3,409,3,2240,1,0,30
2249,279,3,410,4,2244,2,2,40
2250,279,3,411,3,2247,2,2,30
2251,279,3,412,3,2250,2,2,30
2252,279,3,413,3,2253,1,0,30
2253,279,3,414,8,2261,2,2,80
2254,279,3,415,8,2269,2,0,80
2255,279,3,416,5,2274,4,4,50
2256,279,3,417,8,2282,3,3,80
2257,279,3,418,9,2291,6,2,90
2258,279,3,419,8,2299,9,9,80
2259,279,3,420,4,2303,3,3,40
2260,279,3,421,7,2310,5,5,70
2261,279,3,422,7,2317,8,8,70
2262,279,3,423,5,2322,3,1,50
2263,279,3,424,7,2329,4,4,70
2264,279,3,425,4,2333,0,0,40
2265,279,3,426,4,2337,1,1,40
2266,279,3,427,9,2346,8,3,90
2267,279,3,428,4,2350,6,4,40
2268,279,3,429,8,2358,9,4,80
2269,279,3,430,8,2366,15,15,80
2270,279,3,431,9,2375,5,5,90
2271,279,3,432,3,2378,2,2,30
2272,279,3,433,5,2383,3,3,50
2273,279,3,434,7,2390,3,2,70
2274,279,3,435,3,2393,5,5,30
2275,279,3,436,2,2395,0,0,20
2276,279,3,437,8,2403,2,2,80
2277,279,3,438,9,2412,3,2,90
2278,279,3,439,4,2416,4,4,40
2279,279,3,440,2,2418,0,0,20
2280,279,3,441,7,2425,4,4,70
2281,279,3,442,3,2428,2,2,30
2282,279,3,443,3,2431,3,3,30
2283,279,3,444,6,2437,0,0,60
2284,279,3,445,8,2445,2,1,80
2285,279,3,446,8,2453,4,4,80
2286,279,3,447,4,2457,4,4,40
2287,279,3,448,7,2464,1,1,70
2288,279,3,449,9,2473,7,7,90
2289,279,3,450,8,2481,6,6,80
2290,279,3,451,4,2485,0,0,40
2291,279,3,452,2,2487,2,2,20
2292,279,3,453,6,2493,1,1,60
2293,279,3,454,3,2496,3,3,30
2294,279,3,455,5,2501,2,2,50
2295,279,3,456,3,2504,3,3,30
2296,279,3,457,9,2513,8,4,90
2297,279,3,458,2,2515,4,4,20
2298,279,3,459,2,2517,3,3,20
2299,279,3,460,6,2523,3,3,60
2300,279,3,461,7,2530,2,2,70
2301,279,3,462,2,2532,1,1,20
2302,279,3,463,2,2534,1,1,20
2303,279,3,464,8,2542,8,8,80
2304,279,3,465,7,2549,1,1,70
2305,279,3,466,9,2558,5,5,90
2306,279,3,467,5,2563,0,0,50
2307,279,3,468,5,2568,1,1,50
2308,279,3,469,6,2574,2,2,60
2309,279,3,470,8,2582,8,8,80
2310,279,3,471,9,2591,6,6,90
2311,279,3,472,5,2596,3,3,50
2312,279,3,473,4,2600,2,2,40
2313,279,3,474,2,2602,0,0,20
2314,279,3,475,7,2609,5,5,70
2315,279,3,476,7,2616,4,4,70
2316,279,3,477,9,2625,4,4,90
2317,279,3,478,4,2629,3,3,40
2318,279,3,479,7,2636,2,2,70
2319,279,3,480,5,2641,2,2,50
2320,279,3,481,2,2643,0,0,20
2321,279,3,482,8,2651,5,5,80
2322,279,3,483,8,2659,3,3,80
2323,279,3,484,4,2663,3,3,40
2324,279,3,485,2,2665,2,2,20
2325,279,3,486,6,2671,1,0,60
2326,279,3,487,7,2678,3,3,70
2327,279,3,488,4,2682,0,0,40
2328,279,3,489,4,2686,0,0,40
2329,279,3,490,8,2694,3,3,80
2330,279,3,491,7,2701,3,1,70
2331,279,3,492,8,2709,7,7,80
2332,279,3,493,5,2714,2,2,50
2333,279,3,494,9,2723,2,2,90
2334,279,3,495,3,2726,2,2,30
2335,279,3,496,5,2731,1,1,50
2336,279,3,497,8,2739,7,3,80
2337,279,3,498,8,2747,5,5,80
2338,279,3,499,2,2749,0,0,20
2339,279,3,500,5,2754,3,3,50
2340,279,3,501,7,2761,2,2,70
2341,279,3,502,4,2765,0,0,40
2342,279,3,503,5,2770,2,2,50
2343,279,3,504,2,2772,2,2,20
2344,279,3,505,7,2779,4,4,70
2345,279,3,506,8,2787,7,7,80
2346,279,3,507,9,2796,4,4,90
2347,279,3,508,4,2800,0,0,40
2348,279,3,509,5,2805,3,3,50
2349,279,3,510,6,2811,1,0,60
2350,279,3,511,5,2816,3,3,50
2351,279,3,512,9,2825,5,3,90
2352,279,3,513,5,2830,5,2,50
2353,279,3,514,7,2837,3,3,70
2354,279,3,515,3,2840,2,2,30
2355,279,3,516,4,2844,4,4,40
2356,279,3,517,9,2853,5,5,90
2357,279,3,518,3,2856,2,1,30
2358,279,3,519,8,2864,3,3,80
2359,279,3,520,4,2868,1,1,40
2360,279,3,521,9,2877,3,2,90
2361,279,3,522,6,2883,3,3,60
2362,279,3,523,8,2891,3,3,80
2363,279,3,524,2,2893,4,2,20
2364,279,3,525,9,2902,6,6,90
2365,279,3,526,9,2911,4,4,90
2366,279,3,527,2,2913,0,0,20
2367,279,3,528,7,2920,1,1,70
2368,279,3,529,5,2925,1,1,50
2369,279,3,530,4,2929,2,2,40
2370,279,3,531,6,2935,0,0,60
2371,279,3,532,7,2942,2,1,70
2372,279,3,533,3,2945,1,1,30
2373,279,3,534,9,2954,6,6,90
2374,279,3,535,3,2957,2,2,30
2375,279,3,536,7,2964,3,3,70
2376,279,3,537,8,2972,5,2,80
2377,279,3,538,5,2977,4,4,50
2378,279,3,539,3,2980,3,3,30
2379,279,3,540,8,2988,3,3,80
2380,279,3,541,2,2990,0,0,20
2381,279,3,542,9,2999,6,6,90
2382,279,3,543,9,3008,4,4,90
2383,279,3,544,6,3014,4,4,60
2384,279,3,545,2,3016,3,0,20
2385,279,3,546,8,3024,6,6,80
2386,279,3,547,9,3033,4,4,90
2387,279,3,548,2,3035,3,1,20
2388,279,3,549,9,3044,3,2,90
2389,279,3,550,7,3051,4,4,70
2390,279,3,551,5,3056,3,3,50
2391,279,3,552,3,3059,1,1,30
2392,279,3,553,3,3062,2,2,30
2393,279,3,554,9,3071,7,7,90
2394,279,3,555,3,3074,1,1,30
2395,279,3,556,6,3080,5,0,60
2396,279,3,557,7,3087,8,8,70
2397,279,3,558,9,3096,5,3,90
2398,279,3,559,4,3100,3,3,40
2399,279,3,560,6,3106,4,4,60
2400,279,3,561,8,3114,2,2,80
2401,279,3,562,7,3121,3,3,70
2402,279,3,563,4,3125,3,3,40
2403,279,3,564,7,3132,4,2,70
2404,279,3,565,4,3136,4,3,40
2405,279,3,566,4,3140,1,1,40
2406,279,3,567,8,3148,8,3,80
2407,279,3,568,8,3156,8,8,80
2408,279,3,569,6,3162,2,2,60
2409,279,3,570,5,3167,2,2,50
2410,279,3,571,4,3171,0,0,40
2411,279,3,572,7,3178,4,4,70
2412,279,3,573,9,3187,6,6,90
2413,279,3,574,9,3196,4,4,90
2414,279,3,575,7,3203,5,5,70
2415,279,3,576,2,3205,0,0,20
2416,279,3,577,3,3208,2,2,30
2417,279,3,578,4,3212,3,1,40
2418,279,3,579,6,3218,4,4,60
2419,279,3,580,5,3223,4,1,50
2420,279,3,581,6,3229,5,5,60
2421,279,3,582,8,3237,8,8,80
2422,279,3,583,6,3243,1,1,60
2423,279,3,584,4,3247,0,0,40
2424,279,3,585,4,3251,1,0,40
2425,279,3,586,3,3254,1,1,30
2426,279,3,587,6,3260,3,3,60
2427,279,3,588,8,3268,6,3,80
2428,279,3,589,6,3274,7,7,60
2429,279,3,590,4,3278,1,0,40
2430,279,3,591,2,3280,2,2,20
2431,279,3,592,7,3287,4,4,70
2432,279,3,593,3,3290,0,0,30
2433,279,3,594,2,3292,0,0,20
2434,279,3,595,6,3298,3,3,60
2435,279,3,596,2,3300,0,0,20
2436,279,3,597,2,3302,0,0,20
2437,279,3,598,2,3304,0,0,20
2438,279,3,599,3,3307,3,3,30
2439,279,3,600,8,3315,5,5,80
2440,279,3,601,7,3322,5,3,70
2441,279,3,602,2,3324,2,2,20
2442,279,3,603,4,3328,1,1,40
2443,279,3,604,9,3337,6,6,90
2444,279,3,605,7,3344,4,1,70
2445,279,3,606,5,3349,6,6,50
2446,279,3,607,7,3356,6,6,70
2447,279,3,608,3,3359,2,1,30
2448,279,3,609,2,3361,2,2,20
2449,279,3,610,9,3370,4,2,90
2450,279,3,611,2,3372,3,1,20
2451,279,3,612,2,3374,3,3,20
2452,279,3,613,6,3380,4,4,60
2453,279,3,614,3,3383,1,0,30
2454,279,3,615,8,3391,5,5,80
2455,279,3,616,3,3394,0,0,30
2456,279,3,617,7,3401,6,6,70
2457,279,3,618,4,3405,3,3,40
2458,279,3,619,5,3410,3,1,50
2459,279,3,620,4,3414,6,6,40
2460,279,3,621,8,3422,5,4,80
2461,279,3,622,2,3424,3,1,20
2462,279,3,623,9,3433,7,7,90
2463,279,3,624,6,3439,5,2,60
2464,279,3,625,3,3442,3,3,30
2465,279,3,626,5,3447,4,4,50
2466,279,3,627,3,3450,1,1,30
2467,279,3,628,4,3454,2,2,40
2468,279,3,629,2,3456,1,0,20
2469,279,3,630,2,3458,1,0,20
2470,279,3,631,6,3464,3,3,60
2471,279,3,632,4,3468,2,1,40
2472,279,3,633,6,3474,2,2,60
2473,279,3,634,8,3482,1,1,80
2474,279,3,635,5,3487,3,3,50
2475,279,3,636,2,3489,1,1,20
2476,279,3,637,2,3491,0,0,20
2477,279,3,638,4,3495,4,4,40
2478,279,3,639,3,3498,2,2,30
2479,279,3,640,5,3503,2,0,50
2480,279,3,641,6,3509,5,5,60
2481,279,3,642,6,3515,1,1,60
2482,279,3,643,7,3522,3,0,70
2483,279,3,644,3,3525,6,5,30
2484,279,3,645,3,3528,1,0,30
2485,279,3,646,7,3535,4,2,70
2486,279,3,647,9,3544,5,5,90
2487,279,3,648,4,3548,3,3,40
2488,279,3,649,7,3555,2,0,70
2489,279,3,650,9,3564,8,8,90
2490,279,3,651,2,3566,1,1,20
2491,279,3,652,8,3574,8,8,80
2492,279,3,653,6,3580,9,9,60
2493,279,3,654,3,3583,0,0,30
2494,279,3,655,7,3590,2,0,70
2495,279,3,656,3,3593,3,3,30
2496,279,3,657,6,3599,0,0,60
2497,279,3,658,9,3608,2,1,90
2498,279,3,659,6,3614,6,2,60
2499,279,3,660,6,3620,7,7,60
2500,279,3,661,6,3626,2,1,60
2501,279,3,662,5,3631,2,2,50
2502,279,3,663,2,3633,0,0,20
2503,279,3,664,9,3642,7,4,90
2504,279,3,665,7,3649,12,12,70
2505,279,3,666,6,3655,4,4,60
2506,279,3,667,6,3661,4,4,60
2507,279,3,668,7,3668,5,5,70
2508,279,3,669,9,3677,1,0,90
2509,279,3,670,5,3682,6,6,50
2510,279,3,671,3,3685,0,0,30
2511,279,3,672,6,3691,4,4,60
2512,279,3,673,3,3694,2,2,30
2513,279,3,674,6,3700,0,0,60
2514,279,3,675,9,3709,10,10,90
2515,279,3,676,5,3714,2,1,50
2516,279,3,677,4,3718,2,2,40
2517,279,3,678,5,3723,0,0,50
2518,279,3,679,8,3731,7,7,80
2519,279,3,680,4,3735,2,2,40
2520,279,3,681,6,3741,2,1,60
2521,279,3,682,6,3747,2,2,60
2522,279,3,683,4,3751,1,1,40
2523,279,3,684,7,3758,3,3,70
2524,279,3,685,8,3766,2,1,80
2525,279,3,686,8,3774,4,4,80
2526,279,3,687,9,3783,7,7,90
2527,279,3,688,2,3785,1,1,20
2528,279,3,689,6,3791,4,4,60
2529,279,3,690,5,3796,4,4,50
2530,279,3,691,6,3802,3,3,60
2531,279,3,692,5,3807,0,0,50
2532,279,3,693,6,3813,3,3,60
2533,279,3,694,6,3819,5,5,60
2534,279,3,695,8,3827,3,2,80
2535,279,3,696,4,3831,4,3,40
2536,279,3,697,9,3840,8,8,90
2537,279,3,698,5,3845,0,0,50
2538,279,3,699,4,3849,6,6,40
2539,279,3,700,8,3857,4,3,80
2540,279,3,701,5,3862,7,7,50
2541,279,3,702,5,3867,3,2,50
2542,279,3,703,3,3870,2,2,30
2543,279,3,704,5,3875,0,0,50
2544,279,3,705,6,3881,1,1,60
2545,279,3,706,6,3887,2,1,60
2546,279,3,707,2,3889,2,2,20
2547,279,3,708,5,3894,2,2,50
2548,279,3,709,3,3897,1,1,30
2549,279,3,710,2,3899,2,2,20
2550,279,3,711,4,3903,7,4,40
2551,279,3,712,2,3905,3,3,20
2552,279,3,713,6,3911,2,2,60
2553,279,3,714,3,3914,2,1,30
2554,279,3,715,3,3917,1,0,30
2555,279,3,716,2,3919,2,2,20
2556,279,3,717,9,3928,5,5,90
2557,279,3,718,8,3936,4,2,80
2558,279,3,719,2,3938,5,5,20
2559,279,3,720,8,3946,2,2,80
2560,279,3,721,9,3955,4,3,90
2561,279,3,722,3,3958,3,3,30
2562,279,3,723,4,3962,1,1,40
2563,279,3,724,6,3968,3,3,60
2564,279,3,725,3,3971,5,5,30
2565,279,3,726,7,3978,3,3,70
2566,279,3,727,2,3980,0,0,20
2567,279,3,728,2,3982,0,0,20
2568,279,3,729,4,3986,3,3,40
2569,279,3,730,4,3990,2,1,40
2570,279,3,731,7,3997,5,5,70
2571,279,3,732,6,4003,3,3,60
2572,279,3,733,8,4011,3,3,80
2573,279,3,734,8,4019,4,4,80
2574,279,3,735,3,4022,3,3,30
2575,279,3,736,9,4031,7,2,90
2576,279,3,737,4,4035,5,2,40
2577,279,3,738,3,4038,4,4,30
2578,279,3,739,8,4046,5,5,80
2579,279,3,740,9,4055,5,5,90
2580,279,3,741,4,4059,1,1,40
2581,279,3,742,9,4068,7,7,90
2582,279,3,743,7,4075,6,3,70
2583,279,3,744,6,4081,8,8,60
2584,279,3,745,8,4089,4,2,80
2585,279,3,746,4,4093,4,2,40
2586,279,3,747,3,4096,2,2,30
2587,279,3,748,9,4105,7,4,90
2588,279,3,749,2,4107,3,3,20
2589,279,3,750,9,4116,1,0,90
2590,279,3,751,9,4125,7,7,90
2591,279,3,752,9,4134,10,10,90
2592,279,3,753,9,4143,6,6,90
2593,279,3,754,3,4146,2,2,30
2594,279,3,755,9,4155,4,4,90
2595,279,3,756,7,4162,1,1,70
2596,279,3,757,4,4166,1,1,40
2597,279,3,758,6,4172,4,4,60
2598,279,3,759,9,4181,3,3,90
2599,279,3,760,9,4190,4,4,90
2600,279,3,761,5,4195,2,1,50
2601,279,3,762,5,4200,2,1,50
2602,279,3,763,2,4202,1,1,20
2603,279,3,764,9,4211,7,4,90
2604,279,3,765,6,4217,6,6,60
2605,279,3,766,7,4224,2,0,70
2606,279,3,767,4,4228,4,4,40
2607,279,3,768,9,4237,8,4,90
2608,279,3,769,8,4245,8,8,80
2609,279,3,770,7,4252,3,3,70
2610,279,3,771,9,4261,5,5,90
2611,279,3,772,5,4266,3,2,50
2612,279,3,773,3,4269,4,2,30
2613,279,3,774,5,4274,3,3,50
2614,279,3,775,6,4280,3,3,60
2615,279,3,776,8,4288,5,4,80
2616,279,3,777,6,4294,4,4,60
2617,279,3,778,7,4301,2,0,70
2618,279,3,779,8,4309,5,5,80
2619,279,3,780,8,4317,4,4,80
2620,279,3,781,2,4319,1,1,20
2621,279,3,782,7,4326,3,3,70
2622,279,3,783,6,4332,3,2,60
2623,279,3,784,5,4337,5,1,50
2624,279,3,785,2,4339,5,0,20
2625,279,3,786,8,4347,8,8,80
2626,279,3,787,7,4354,3,3,70
2627,279,3,788,6,4360,2,2,60
2628,279,3,789,5,4365,0,0,50
2629,279,3,790,9,4374,8,8,90
2630,279,3,791,4,4378,3,0,40
2631,279,3,792,4,4382,8,8,40
2632,279,3,793,9,4391,4,2,90
2633,279,3,794,3,4394,3,3,30
2634,279,3,795,4,4398,4,4,40
2635,279,3,796,4,4402,1,1,40
2636,279,3,797,7,4409,4,1,70
2637,279,3,798,9,4418,7,4,90
2638,279,3,799,9,4427,4,4,90
2639,279,3,800,9,4436,11,11,90
2640,279,3,801,6,4442,6,6,60
2641,279,3,802,9,4451,6,3,90
2642,279,3,803,3,4454,4,4,30
2643,279,3,804,6,4460,5,2,60
2644,279,3,805,5,4465,7,7,50
2645,279,3,806,5,4470,3,3,50
2646,279,3,807,2,4472,0,0,20
2647,279,3,808,9,4481,3,3,90
2648,279,3,809,8,4489,3,3,80
2649,279,3,810,5,4494,3,3,50
2650,279,3,811,3,4497,1,1,30
2651,279,3,812,9,4506,9,9,90
2652,279,3,813,6,4512,2,0,60
2653,279,3,814,6,4518,3,1,60
2654,279,3,815,5,4523,5,5,50
2655,279,3,816,4,4527,2,2,40
2656,279,3,817,4,4531,3,2,40
2657,279,3,818,7,4538,4,4,70
2658,279,3,819,6,4544,4,4,60
2659,279,3,820,4,4548,1,1,40
2660,279,3,821,9,4557,6,3,90
2661,279,3,822,9,4566,5,3,90
2662,279,3,823,8,4574,2,1,80
2663,279,3,824,3,4577,2,2,30
2664,279,3,825,6,4583,3,3,60
2665,279,3,826,9,4592,6,4,90
2666,279,3,827,5,4597,4,4,50
2667,279,3,828,4,4601,3,3,40
2668,279,3,829,7,4608,6,6,70
2669,279,3,830,4,4612,1,1,40
2670,279,3,831,6,4618,4,4,60
2671,279,3,832,4,4622,3,1,40
2672,279,3,833,9,4631,4,4,90
2673,279,3,834,7,4638,5,5,70
2674,279,3,835,3,4641,0,0,30
2675,279,3,836,8,4649,5,5,80
2676,279,3,837,9,4658,4,4,90
2677,279,3,838,6,4664,0,0,60
2678,279,3,839,8,4672,1,1,80
2679,279,3,840,8,4680,4,4,80
2680,279,3,841,3,4683,1,1,30
2681,279,3,842,6,4689,4,4,60
2682,279,3,843,6,4695,2,2,60
2683,279,3,844,9,4704,9,9,90
2684,279,3,845,4,4708,1,0,40
2685,279,3,846,2,4710,2,2,20
2686,279,3,847,7,4717,7,7,70
2687,279,3,848,3,4720,1,1,30
2688,279,3,849,6,4726,4,0,60
2689,279,3,850,6,4732,4,4,60
2690,279,3,851,3,4735,3,3,30
2691,279,3,852,2,4737,0,0,20
2692,279,3,853,9,4746,4,2,90
2693,279,3,854,5,4751,4,1,50
2694,279,3,855,4,4755,4,2,40
2695,279,3,856,2,4757,4,4,20
2696,279,3,857,9,4766,4,4,90
2697,279,3,858,2,4768,1,1,20
2698,279,3,859,8,4776,6,6,80
2699,279,3,860,5,4781,3,2,50
2700,279,3,861,4,4785,5,5,40
2701,279,3,862,9,4794,4,2,90
2702,279,3,863,5,4799,9,4,50
2703,279,3,864,8,4807,10,10,80
2704,279,3,865,4,4811,2,2,40
2705,279,3,866,8,4819,5,5,80
2706,279,3,867,4,4823,1,0,40
2707,279,3,868,6,4829,4,4,60
2708,279,3,869,2,4831,1,1,20
2709,279,3,870,3,4834,0,0,30
2710,279,3,871,9,4843,3,2,90
2711,279,3,872,3,4846,3,3,30
2712,279,3,873,7,4853,4,3,70
2713,279,3,874,8,4861,6,6,80
2714,279,3,875,5,4866,4,4,50
2715,279,3,876,2,4868,0,0,20
2716,279,3,877,9,4877,8,8,90
2717,279,3,878,4,4881,0,0,40
2718,279,3,879,5,4886,2,2,50
2719,279,3,880,5,4891,3,3,50
2720,279,3,881,4,4895,1,1,40
2721,279,3,882,2,4897,0,0,20
2722,279,3,883,7,4904,2,2,70
2723,279,3,884,2,4906,2,0,20
2724,279,3,885,8,4914,10,10,80
2725,279,3,886,7,4921,4,3,70
2726,279,3,887,9,4930,4,4,90
2727,279,3,888,6,4936,0,0,60
2728,279,3,889,8,4944,2,2,80
2729,279,3,890,6,4950,3,3,60
2730,279,3,891,7,4957,1,1,70
2731,279,3,892,2,4959,1,1,20
2732,279,3,893,9,4968,1,1,90
2733,279,3,894,7,4975,3,3,70
2734,279,3,895,8,4983,4,4,80
2735,279,3,896,4,4987,2,2,40
2736,279,3,897,3,4990,0,0,30
2737,279,3,898,3,4993,0,0,30
