,Scenario,Trial,Inspection,Interval,Time,Accumulation,Defects,Rate
0,121,1,1,3,3,1,1,30
1,121,1,2,5,8,2,1,50
2,121,1,3,2,10,1,0,20
3,121,1,4,8,18,6,2,80
4,121,1,5,2,20,5,0,20
5,121,1,6,4,24,7,1,40
6,121,1,7,4,28,7,1,40
7,121,1,8,6,34,8,2,60
8,121,1,9,4,38,9,2,40
9,121,1,10,4,42,7,3,40
10,121,1,11,6,48,8,4,60
11,121,1,12,7,55,7,7,70
12,121,1,13,5,60,0,0,50
13,121,1,14,4,64,0,0,40
14,121,1,15,8,72,2,2,80
15,121,1,16,5,77,4,1,50
16,121,1,17,4,81,7,0,40
17,121,1,18,6,87,9,2,60
18,121,1,19,2,89,8,8,20
19,121,1,20,3,92,4,0,30
20,121,1,21,9,101,7,7,90
21,121,1,22,7,108,2,0,70
22,121,1,23,6,114,3,0,60
23,121,1,24,4,118,4,4,40
24,121,1,25,8,126,6,1,80
25,121,1,26,6,132,8,3,60
26,121,1,27,4,136,8,8,40
27,121,1,28,2,138,0,0,20
28,121,1,29,8,146,3,0,80
29,121,1,30,4,150,8,5,40
30,121,1,31,2,152,4,0,20
31,121,1,32,3,155,5,5,30
32,121,1,33,2,157,5,5,20
33,121,1,34,2,159,1,1,20
34,121,1,35,2,161,0,0,20
35,121,1,36,9,170,5,5,90
36,121,1,37,6,176,5,1,60
37,121,1,38,3,179,5,1,30
38,121,1,39,7,186,6,3,70
39,121,1,40,9,195,4,4,90
40,121,1,41,2,197,1,0,20
41,121,1,42,5,202,4,4,50
42,121,1,43,9,211,5,5,90
43,121,1,44,6,217,4,1,60
44,121,1,45,4,221,3,3,40
45,121,1,46,8,229,4,0,80
46,121,1,47,2,231,5,1,20
47,121,1,48,5,236,5,1,50
48,121,1,49,7,243,8,1,70
49,121,1,50,3,246,8,1,30
50,121,1,51,3,249,8,8,30
51,121,1,52,4,253,0,0,40
52,121,1,53,8,261,6,6,80
53,121,1,54,3,264,0,0,30
54,121,1,55,9,273,4,2,90
55,121,1,56,3,276,6,6,30
56,121,1,57,3,279,2,2,30
57,121,1,58,4,283,2,0,40
58,121,1,59,3,286,3,0,30
59,121,1,60,7,293,7,5,70
60,121,1,61,6,299,8,3,60
61,121,1,62,2,301,6,0,20
62,121,1,63,8,309,10,2,80
63,121,1,64,7,316,8,8,70
64,121,1,65,2,318,1,1,20
65,121,1,66,2,320,0,0,20
66,121,1,67,7,327,5,2,70
67,121,1,68,9,336,7,2,90
68,121,1,69,4,340,5,5,40
69,121,1,70,4,344,5,1,40
70,121,1,71,9,353,9,3,90
71,121,1,72,4,357,7,3,40
72,121,1,73,8,365,7,3,80
73,121,1,74,5,370,5,5,50
74,121,1,75,5,375,4,4,50
75,121,1,76,4,379,2,1,40
76,121,1,77,6,385,4,2,60
77,121,1,78,8,393,6,4,80
78,121,1,79,7,400,4,4,70
79,121,1,80,8,408,4,0,80
80,121,1,81,7,415,7,0,70
81,121,1,82,9,424,12,5,90
82,121,1,83,2,426,8,8,20
83,121,1,84,9,435,6,1,90
84,121,1,85,7,442,7,4,70
85,121,1,86,7,449,4,0,70
86,121,1,87,2,451,6,2,20
87,121,1,88,3,454,9,9,30
88,121,1,89,2,456,0,0,20
89,121,1,90,8,464,5,0,80
90,121,1,91,2,466,5,5,20
91,121,1,92,9,475,2,0,90
92,121,1,93,2,477,5,0,20
93,121,1,94,3,480,6,3,30
94,121,1,95,7,487,8,8,70
95,121,1,96,6,493,2,1,60
96,121,1,97,6,499,4,0,60
97,121,1,98,8,507,12,12,80
98,121,1,99,6,513,3,0,60
99,121,1,100,3,516,4,2,30
100,121,1,101,9,525,4,2,90
101,121,1,102,5,530,4,0,50
102,121,1,103,6,536,5,5,60
103,121,1,104,4,540,3,3,40
104,121,1,105,5,545,1,1,50
105,121,1,106,4,549,1,1,40
106,121,1,107,3,552,2,1,30
107,121,1,108,4,556,3,3,40
108,121,1,109,9,565,5,2,90
109,121,1,110,3,568,6,6,30
110,121,1,111,6,574,2,2,60
111,121,1,112,6,580,4,3,60
112,121,1,113,7,587,3,1,70
113,121,1,114,3,590,3,1,30
114,121,1,115,6,596,8,3,60
115,121,1,116,6,602,9,2,60
116,121,1,117,6,608,11,11,60
117,121,1,118,7,615,3,3,70
118,121,1,119,7,622,1,0,70
119,121,1,120,8,630,6,1,80
120,121,1,121,9,639,7,7,90
121,121,1,122,3,642,3,2,30
122,121,1,123,7,649,8,1,70
123,121,1,124,8,657,9,4,80
124,121,1,125,8,665,10,2,80
125,121,1,126,3,668,10,4,30
126,121,1,127,3,671,6,6,30
127,121,1,128,3,674,0,0,30
128,121,1,129,8,682,4,4,80
129,121,1,130,9,691,5,1,90
130,121,1,131,5,696,6,1,50
131,121,1,132,2,698,7,2,20
132,121,1,133,8,706,5,0,80
133,121,1,134,6,712,9,4,60
134,121,1,135,4,716,5,1,40
135,121,1,136,9,725,11,4,90
136,121,1,137,6,731,11,11,60
137,121,1,138,4,735,0,0,40
138,121,1,139,9,744,2,2,90
139,121,1,140,9,753,3,3,90
140,121,1,141,9,762,2,2,90
141,121,1,142,2,764,1,1,20
142,121,1,143,6,770,3,0,60
143,121,1,144,5,775,3,3,50
144,121,1,145,5,780,2,1,50
145,121,1,146,7,787,5,1,70
146,121,1,147,4,791,5,5,40
147,121,1,148,7,798,1,0,70
148,121,1,149,9,807,4,1,90
149,121,1,150,2,809,6,6,20
150,121,1,151,3,812,1,0,30
151,121,1,152,8,820,5,2,80
152,121,1,153,3,823,5,1,30
153,121,1,154,6,829,9,9,60
154,121,1,155,2,831,0,0,20
155,121,1,156,9,840,3,3,90
156,121,1,157,6,846,4,1,60
157,121,1,158,5,851,5,2,50
158,121,1,159,7,858,7,7,70
159,121,1,160,4,862,3,3,40
160,121,1,161,7,869,1,0,70
161,121,1,162,6,875,7,4,60
162,121,1,163,9,884,5,2,90
163,121,1,164,8,892,4,4,80
164,121,1,165,2,894,0,0,20
165,121,1,166,8,902,5,5,80
166,121,1,167,5,907,1,0,50
167,121,1,168,8,915,11,1,80
168,121,1,169,5,920,14,4,50
169,121,1,170,4,924,10,4,40
170,121,1,171,2,926,8,8,20
171,121,1,172,6,932,4,4,60
172,121,1,173,8,940,2,0,80
173,121,1,174,8,948,6,2,80
174,121,1,175,3,951,6,6,30
175,121,1,176,6,957,4,2,60
176,121,1,177,2,959,5,3,20
177,121,1,178,3,962,4,1,30
178,121,1,179,8,970,5,3,80
179,121,1,180,4,974,3,0,40
180,121,1,181,8,982,8,8,80
181,121,1,182,6,988,3,1,60
182,121,1,183,2,990,5,1,20
183,121,1,184,3,993,4,4,30
184,121,1,185,4,997,2,0,40
185,121,1,186,7,1004,6,6,70
186,121,1,187,2,1006,0,0,20
187,121,1,188,5,1011,2,1,50
188,121,1,189,7,1018,6,6,70
189,121,1,190,4,1022,1,1,40
190,121,1,191,9,1031,6,2,90
191,121,1,192,5,1036,6,6,50
192,121,1,193,6,1042,4,1,60
193,121,1,194,8,1050,7,2,80
194,121,1,195,9,1059,9,4,90
195,121,1,196,2,1061,6,4,20
196,121,1,197,6,1067,5,2,60
197,121,1,198,4,1071,4,1,40
198,121,1,199,2,1073,5,2,20
199,121,1,200,7,1080,5,1,70
200,121,1,201,5,1085,7,1,50
201,121,1,202,3,1088,6,6,30
202,121,1,203,8,1096,5,0,80
203,121,1,204,4,1100,5,5,40
204,121,1,205,9,1109,1,0,90
205,121,1,206,4,1113,4,4,40
206,121,1,207,6,1119,2,2,60
207,121,1,208,9,1128,4,0,90
208,121,1,209,6,1134,7,2,60
209,121,1,210,3,1137,6,6,30
210,121,1,211,5,1142,0,0,50
211,121,1,212,6,1148,3,1,60
212,121,1,213,3,1151,5,3,30
213,121,1,214,9,1160,8,2,90
214,121,1,215,9,1169,11,5,90
215,121,1,216,6,1175,10,5,60
216,121,1,217,6,1181,8,3,60
217,121,1,218,9,1190,9,4,90
218,121,1,219,5,1195,10,1,50
219,121,1,220,4,1199,10,3,40
220,121,1,221,2,1201,8,3,20
221,121,1,222,2,1203,6,2,20
222,121,1,223,7,1210,4,2,70
223,121,1,224,2,1212,2,2,20
224,121,1,225,2,1214,0,0,20
225,121,1,226,6,1220,6,6,60
226,121,1,227,5,1225,1,0,50
227,121,1,228,9,1234,5,1,90
228,121,1,229,2,1236,5,1,20
229,121,1,230,7,1243,7,1,70
230,121,1,231,9,1252,9,9,90
231,121,1,232,3,1255,0,0,30
232,121,1,233,2,1257,0,0,20
233,121,1,234,8,1265,7,1,80
234,121,1,235,6,1271,7,2,60
235,121,1,236,5,1276,9,5,50
236,121,1,237,3,1279,4,1,30
237,121,1,238,5,1284,5,5,50
238,121,1,239,9,1293,7,7,90
239,121,1,240,7,1300,0,0,70
240,121,1,241,4,1304,1,0,40
241,121,1,242,8,1312,4,4,80
242,121,1,243,7,1319,3,3,70
243,121,1,244,5,1324,1,1,50
244,121,1,245,6,1330,3,1,60
245,121,1,246,4,1334,7,7,40
246,121,1,247,7,1341,4,2,70
247,121,1,248,9,1350,6,4,90
248,121,1,249,3,1353,3,1,30
249,121,1,250,5,1358,3,1,50
250,121,1,251,3,1361,4,0,30
251,121,1,252,8,1369,5,5,80
252,121,1,253,3,1372,0,0,30
253,121,1,254,6,1378,1,0,60
254,121,1,255,9,1387,6,0,90
255,121,1,256,7,1394,11,11,70
256,121,1,257,7,1401,3,3,70
257,121,1,258,4,1405,1,0,40
258,121,1,259,7,1412,9,3,70
259,121,1,260,2,1414,6,6,20
260,121,1,261,2,1416,3,0,20
261,121,1,262,8,1424,5,5,80
262,121,1,263,7,1431,7,7,70
263,121,1,264,9,1440,4,0,90
264,121,1,265,2,1442,5,5,20
265,121,1,266,5,1447,1,0,50
266,121,1,267,9,1456,4,1,90
267,121,1,268,4,1460,6,1,40
268,121,1,269,2,1462,6,6,20
269,121,1,270,9,1471,3,1,90
270,121,1,271,7,1478,9,6,70
271,121,1,272,9,1487,6,0,90
272,121,1,273,4,1491,6,1,40
273,121,1,274,2,1493,5,5,20
274,121,1,275,7,1500,5,5,70
275,121,1,276,4,1504,2,2,40
276,121,1,277,2,1506,1,0,20
277,121,1,278,4,1510,1,1,40
278,121,1,279,9,1519,5,1,90
279,121,1,280,6,1525,9,2,60
280,121,1,281,3,1528,8,4,30
281,121,1,282,7,1535,7,7,70
282,121,1,283,3,1538,0,0,30
283,121,1,284,6,1544,4,4,60
284,121,1,285,3,1547,0,0,30
285,121,1,286,2,1549,0,0,20
286,121,1,287,3,1552,2,0,30
287,121,1,288,5,1557,3,3,50
288,121,1,289,6,1563,5,3,60
289,121,1,290,8,1571,6,1,80
290,121,1,291,5,1576,7,7,50
291,121,1,292,8,1584,5,1,80
292,121,1,293,7,1591,5,5,70
293,121,1,294,4,1595,2,2,40
294,121,1,295,8,1603,7,7,80
295,121,1,296,6,1609,2,0,60
296,121,1,297,7,1616,5,5,70
297,121,1,298,3,1619,2,1,30
298,121,1,299,4,1623,3,3,40
299,121,1,300,7,1630,2,2,70
300,121,1,301,9,1639,3,3,90
301,121,1,302,6,1645,2,0,60
302,121,1,303,3,1648,3,1,30
303,121,1,304,8,1656,5,2,80
304,121,1,305,7,1663,10,1,70
305,121,1,306,2,1665,9,3,20
306,121,1,307,7,1672,9,9,70
307,121,1,308,3,1675,1,0,30
308,121,1,309,4,1679,6,2,40
309,121,1,310,7,1686,8,4,70
310,121,1,311,7,1693,6,2,70
311,121,1,312,7,1700,8,8,70
312,121,1,313,3,1703,0,0,30
313,121,1,314,6,1709,3,0,60
314,121,1,315,8,1717,4,4,80
315,121,1,316,2,1719,3,1,20
316,121,1,317,5,1724,4,0,50
317,121,1,318,6,1730,6,3,60
318,121,1,319,2,1732,4,2,20
319,121,1,320,6,1738,4,1,60
320,121,1,321,9,1747,6,6,90
321,121,1,322,7,1754,2,1,70
322,121,1,323,9,1763,5,5,90
323,121,1,324,5,1768,4,2,50
324,121,1,325,4,1772,4,0,40
325,121,1,326,9,1781,13,4,90
326,121,1,327,6,1787,17,6,60
327,121,1,328,2,1789,13,4,20
328,121,1,329,8,1797,12,5,80
329,121,1,330,7,1804,11,5,70
330,121,1,331,7,1811,8,8,70
331,121,1,332,6,1817,5,2,60
332,121,1,333,6,1823,4,1,60
333,121,1,334,2,1825,4,1,20
334,121,1,335,8,1833,9,2,80
335,121,1,336,8,1841,12,5,80
336,121,1,337,6,1847,13,6,60
337,121,1,338,8,1855,13,13,80
338,121,1,339,5,1860,8,2,50
339,121,1,340,7,1867,11,3,70
340,121,1,341,4,1871,11,3,40
341,121,1,342,2,1873,8,3,20
342,121,1,343,9,1882,8,8,90
343,121,1,344,4,1886,2,2,40
344,121,1,345,7,1893,5,0,70
345,121,1,346,5,1898,6,1,50
346,121,1,347,7,1905,10,3,70
347,121,1,348,3,1908,9,5,30
348,121,1,349,8,1916,10,10,80
349,121,1,350,9,1925,4,4,90
350,121,1,351,3,1928,0,0,30
351,121,1,352,8,1936,4,0,80
352,121,1,353,2,1938,7,1,20
353,121,1,354,4,1942,8,3,40
354,121,1,355,7,1949,10,4,70
355,121,1,356,6,1955,15,15,60
356,121,1,357,5,1960,5,5,50
357,121,1,358,8,1968,9,4,80
358,121,1,359,2,1970,5,5,20
359,121,1,360,7,1977,3,3,70
360,121,1,361,2,1979,2,2,20
361,121,1,362,5,1984,2,0,50
362,121,1,363,4,1988,2,2,40
363,121,1,364,7,1995,4,1,70
364,121,1,365,5,2000,5,0,50
365,121,1,366,7,2007,10,4,70
366,121,1,367,5,2012,7,3,50
367,121,1,368,4,2016,6,3,40
368,121,1,369,9,2025,3,3,90
369,121,1,370,8,2033,7,2,80
370,121,1,371,8,2041,9,9,80
371,121,1,372,9,2050,7,7,90
372,121,1,373,5,2055,5,5,50
373,121,1,374,3,2058,1,0,30
374,121,1,375,2,2060,4,3,20
375,121,1,376,9,2069,14,6,90
376,121,1,377,5,2074,10,10,50
377,121,1,378,9,2083,6,6,90
378,121,1,379,7,2090,3,1,70
379,121,1,380,2,2092,2,2,20
380,121,1,381,9,2101,1,0,90
381,121,1,382,8,2109,7,2,80
382,121,1,383,7,2116,8,2,70
383,121,1,384,2,2118,8,2,20
384,121,1,385,3,2121,8,1,30
385,121,1,386,8,2129,8,4,80
386,121,1,387,8,2137,8,8,80
387,121,1,388,2,2139,0,0,20
388,121,1,389,4,2143,3,3,40
389,121,1,390,9,2152,3,1,90
390,121,1,391,3,2155,3,0,30
391,121,1,392,5,2160,5,5,50
392,121,1,393,8,2168,5,3,80
393,121,1,394,8,2176,5,0,80
394,121,1,395,9,2185,10,10,90
395,121,1,396,9,2194,8,4,90
396,121,1,397,4,2198,6,6,40
397,121,1,398,4,2202,0,0,40
398,121,1,399,7,2209,3,3,70
399,121,1,400,2,2211,0,0,20
400,121,1,401,7,2218,8,8,70
401,121,1,402,8,2226,5,0,80
402,121,1,403,9,2235,8,8,90
403,121,1,404,8,2243,6,1,80
404,121,1,405,5,2248,10,3,50
405,121,1,406,4,2252,8,8,40
406,121,1,407,6,2258,2,0,60
407,121,1,408,7,2265,5,5,70
408,121,1,409,7,2272,7,7,70
409,121,1,410,2,2274,0,0,20
410,121,1,411,6,2280,2,0,60
411,121,1,412,5,2285,4,4,50
412,121,1,413,5,2290,2,2,50
413,121,1,414,8,2298,3,2,80
414,121,1,415,7,2305,4,1,70
415,121,1,416,2,2307,3,3,20
416,121,1,417,5,2312,3,1,50
417,121,1,418,2,2314,4,2,20
418,121,1,419,4,2318,2,0,40
419,121,1,420,8,2326,8,3,80
420,121,1,421,2,2328,5,2,20
421,121,1,422,2,2330,3,0,20
422,121,1,423,5,2335,6,4,50
423,121,1,424,2,2337,6,3,20
424,121,1,425,8,2345,7,4,80
425,121,1,426,9,2354,10,5,90
426,121,1,427,5,2359,12,7,50
427,121,1,428,4,2363,7,1,40
428,121,1,429,8,2371,7,2,80
429,121,1,430,7,2378,7,0,70
430,121,1,431,7,2385,12,3,70
431,121,1,432,6,2391,13,7,60
432,121,1,433,6,2397,9,9,60
433,121,1,434,5,2402,0,0,50
434,121,1,435,4,2406,2,2,40
435,121,1,436,5,2411,3,3,50
436,121,1,437,6,2417,1,0,60
437,121,1,438,4,2421,2,0,40
438,121,1,439,3,2424,6,3,30
439,121,1,440,6,2430,6,6,60
440,121,1,441,4,2434,1,1,40
441,121,1,442,6,2440,4,1,60
442,121,1,443,4,2444,5,1,40
443,121,1,444,5,2449,5,1,50
444,121,1,445,9,2458,9,3,90
445,121,1,446,4,2462,8,8,40
446,121,1,447,8,2470,8,3,80
447,121,1,448,5,2475,6,0,50
448,121,1,449,9,2484,9,9,90
449,121,1,450,8,2492,5,1,80
450,121,1,451,9,2501,14,4,90
451,121,1,452,9,2510,17,2,90
452,121,1,453,8,2518,18,11,80
453,121,1,454,3,2521,11,7,30
454,121,1,455,6,2527,7,7,60
455,121,1,456,3,2530,2,1,30
456,121,1,457,3,2533,2,0,30
457,121,1,458,6,2539,6,6,60
458,121,1,459,9,2548,3,2,90
459,121,1,460,3,2551,2,0,30
460,121,1,461,5,2556,5,2,50
461,121,1,462,3,2559,4,4,30
462,121,1,463,6,2565,1,0,60
463,121,1,464,6,2571,3,3,60
464,121,1,465,7,2578,6,1,70
465,121,1,466,2,2580,6,6,20
466,121,1,467,2,2582,0,0,20
467,121,1,468,7,2589,3,1,70
468,121,1,469,3,2592,2,0,30
469,121,1,470,8,2600,9,4,80
470,121,1,471,3,2603,5,2,30
471,121,1,472,7,2610,7,7,70
472,121,1,473,5,2615,1,0,50
473,121,1,474,2,2617,2,2,20
474,121,1,475,7,2624,3,3,70
475,121,1,476,7,2631,9,9,70
476,121,1,477,3,2634,0,0,30
477,121,1,478,9,2643,5,2,90
478,121,1,479,3,2646,5,2,30
479,121,1,480,7,2653,7,1,70
480,121,1,481,3,2656,9,9,30
481,121,1,482,4,2660,3,2,40
482,121,1,483,5,2665,4,0,50
483,121,1,484,3,2668,7,7,30
484,121,1,485,7,2675,1,1,70
485,121,1,486,8,2683,3,3,80
486,121,1,487,3,2686,4,1,30
487,121,1,488,3,2689,4,0,30
488,121,1,489,9,2698,6,6,90
489,121,1,490,9,2707,4,1,90
490,121,1,491,7,2714,4,1,70
491,121,1,492,6,2720,4,0,60
492,121,1,493,8,2728,7,0,80
493,121,1,494,3,2731,7,1,30
494,121,1,495,9,2740,11,4,90
495,121,1,496,7,2747,14,5,70
496,121,1,497,9,2756,15,4,90
497,121,1,498,2,2758,11,11,20
498,121,1,499,4,2762,1,1,40
499,121,1,500,4,2766,1,1,40
500,121,1,501,7,2773,2,2,70
501,121,1,502,5,2778,3,1,50
502,121,1,503,9,2787,5,0,90
503,121,1,504,9,2796,9,3,90
504,121,1,505,8,2804,10,5,80
505,121,1,506,3,2807,5,5,30
506,121,1,507,9,2816,6,3,90
507,121,1,508,2,2818,4,1,20
508,121,1,509,5,2823,5,1,50
509,121,1,510,2,2825,5,2,20
510,121,1,511,3,2828,4,4,30
511,121,1,512,9,2837,4,1,90
512,121,1,513,4,2841,4,1,40
513,121,1,514,2,2843,4,0,20
514,121,1,515,3,2846,5,0,30
515,121,1,516,5,2851,7,7,50
516,121,1,517,3,2854,2,2,30
517,121,1,518,5,2859,4,0,50
518,121,1,519,3,2862,6,6,30
519,121,1,520,8,2870,3,1,80
520,121,1,521,6,2876,3,3,60
521,121,1,522,7,2883,4,1,70
522,121,1,523,8,2891,8,1,80
523,121,1,524,9,2900,13,4,90
524,121,1,525,6,2906,12,5,60
525,121,1,526,6,2912,10,4,60
526,121,1,527,7,2919,11,6,70
527,121,1,528,2,2921,6,6,20
528,121,1,529,9,2930,10,10,90
529,121,1,530,9,2939,3,3,90
530,121,1,531,6,2945,2,0,60
531,121,1,532,7,2952,5,2,70
532,121,1,533,6,2958,6,2,60
533,121,1,534,5,2963,8,1,50
534,121,1,535,5,2968,8,3,50
535,121,1,536,9,2977,6,6,90
536,121,1,537,7,2984,5,5,70
537,121,1,538,3,2987,2,0,30
538,121,1,539,2,2989,2,0,20
539,121,1,540,7,2996,4,4,70
540,121,1,541,4,3000,2,0,40
541,121,1,542,2,3002,2,0,20
542,121,1,543,3,3005,3,0,30
543,121,1,544,4,3009,5,2,40
544,121,1,545,5,3014,4,0,50
545,121,1,546,8,3022,11,11,80
546,121,1,547,3,3025,0,0,30
547,121,1,548,5,3030,4,1,50
548,121,1,549,2,3032,6,1,20
549,121,1,550,9,3041,9,4,90
550,121,1,551,5,3046,6,3,50
551,121,1,552,9,3055,6,6,90
552,121,1,553,4,3059,5,1,40
553,121,1,554,3,3062,6,1,30
554,121,1,555,7,3069,11,3,70
555,121,1,556,6,3075,10,10,60
556,121,1,557,9,3084,2,0,90
557,121,1,558,8,3092,5,0,80
558,121,1,559,7,3099,8,8,70
559,121,1,560,6,3105,3,2,60
560,121,1,561,8,3113,3,2,80
561,121,1,562,7,3120,6,6,70
562,121,1,563,9,3129,4,0,90
563,121,1,564,9,3138,9,6,90
564,121,1,565,3,3141,4,0,30
565,121,1,566,5,3146,5,5,50
566,121,1,567,9,3155,2,2,90
567,121,1,568,4,3159,1,0,40
568,121,1,569,7,3166,5,5,70
569,121,1,570,5,3171,4,4,50
570,121,1,571,4,3175,1,1,40
571,121,1,572,4,3179,2,0,40
572,121,1,573,3,3182,3,0,30
573,121,1,574,5,3187,3,3,50
574,121,1,575,3,3190,0,0,30
575,121,1,576,3,3193,2,2,30
576,121,1,577,5,3198,4,1,50
577,121,1,578,9,3207,9,3,90
578,121,1,579,2,3209,8,3,20
579,121,1,580,9,3218,8,6,90
580,121,1,581,5,3223,2,2,50
581,121,1,582,5,3228,1,1,50
582,121,1,583,6,3234,3,0,60
583,121,1,584,2,3236,3,3,20
584,121,1,585,5,3241,2,0,50
585,121,1,586,4,3245,4,4,40
586,121,1,587,8,3253,8,3,80
587,121,1,588,5,3258,7,1,50
588,121,1,589,7,3265,10,10,70
589,121,1,590,5,3270,6,2,50
590,121,1,591,7,3277,7,2,70
591,121,1,592,6,3283,11,3,60
592,121,1,593,7,3290,15,15,70
593,121,1,594,5,3295,4,0,50
594,121,1,595,9,3304,11,6,90
595,121,1,596,5,3309,7,2,50
596,121,1,597,8,3317,8,2,80
597,121,1,598,3,3320,7,7,30
598,121,1,599,9,3329,3,1,90
599,121,1,600,7,3336,8,1,70
600,121,1,601,9,3345,11,5,90
601,121,1,602,7,3352,11,11,70
602,121,1,603,8,3360,1,0,80
603,121,1,604,9,3369,6,2,90
604,121,1,605,3,3372,4,4,30
605,121,1,606,7,3379,2,0,70
606,121,1,607,6,3385,3,1,60
607,121,1,608,9,3394,7,1,90
608,121,1,609,5,3399,7,2,50
609,121,1,610,7,3406,11,4,70
610,121,1,611,3,3409,7,2,30
611,121,1,612,5,3414,12,4,50
612,121,1,613,3,3417,11,4,30
613,121,1,614,4,3421,8,4,40
614,121,1,615,3,3424,8,3,30
615,121,1,616,3,3427,5,2,30
616,121,1,617,7,3434,5,1,70
617,121,1,618,4,3438,4,0,40
618,121,1,619,2,3440,5,1,20
619,121,1,620,3,3443,4,4,30
620,121,1,621,9,3452,4,2,90
621,121,1,622,6,3458,7,7,60
622,121,1,623,3,3461,0,0,30
623,121,1,624,4,3465,2,0,40
624,121,1,625,3,3468,5,3,30
625,121,1,626,9,3477,4,1,90
626,121,1,627,6,3483,5,2,60
627,121,1,628,3,3486,3,1,30
628,121,1,629,7,3493,4,1,70
629,121,1,630,6,3499,6,2,60
630,121,1,631,7,3506,9,2,70
631,121,1,632,9,3515,12,6,90
632,121,1,633,3,3518,8,8,30
633,121,1,634,2,3520,1,0,20
634,121,1,635,2,3522,1,0,20
635,121,1,636,7,3529,3,1,70
636,121,1,637,8,3537,9,3,80
637,121,1,638,9,3546,7,3,90
638,121,1,639,4,3550,5,5,40
639,121,1,640,6,3556,1,0,60
640,121,1,641,3,3559,2,0,30
641,121,1,642,9,3568,2,2,90
642,121,1,643,8,3576,3,0,80
643,121,1,644,9,3585,5,2,90
644,121,1,645,8,3593,7,2,80
645,121,1,646,4,3597,7,2,40
646,121,1,647,3,3600,5,5,30
647,121,1,648,3,3603,0,0,30
648,121,1,649,2,3605,1,0,20
649,121,1,650,6,3611,2,2,60
650,121,1,651,5,3616,3,0,50
651,121,1,652,9,3625,8,8,90
652,121,1,653,3,3628,0,0,30
653,121,1,654,7,3635,4,0,70
654,121,1,655,5,3640,6,2,50
655,121,1,656,6,3646,4,0,60
656,121,1,657,9,3655,9,9,90
657,121,1,658,9,3664,6,6,90
658,121,1,659,6,3670,5,5,60
659,121,1,660,8,3678,5,2,80
660,121,1,661,7,3685,5,1,70
661,121,1,662,8,3693,5,1,80
662,121,1,663,3,3696,5,0,30
663,121,1,664,6,3702,7,7,60
664,121,1,665,7,3709,3,0,70
665,121,1,666,3,3712,4,2,30
666,121,1,667,9,3721,6,3,90
667,121,1,668,5,3726,5,1,50
668,121,1,669,2,3728,4,4,20
669,121,1,670,8,3736,1,0,80
670,121,1,671,2,3738,1,0,20
671,121,1,672,4,3742,1,1,40
672,121,1,673,4,3746,6,3,40
673,121,1,674,6,3752,5,5,60
674,121,1,675,9,3761,2,0,90
675,121,1,676,5,3766,4,4,50
676,121,1,677,5,3771,0,0,50
677,121,1,678,5,3776,2,1,50
678,121,1,679,4,3780,6,2,40
679,121,1,680,8,3788,8,1,80
680,121,1,681,8,3796,10,2,80
681,121,1,682,6,3802,10,4,60
682,121,1,683,6,3808,8,3,60
683,121,1,684,5,3813,6,0,50
684,121,1,685,7,3820,10,0,70
685,121,1,686,3,3823,10,10,30
686,121,1,687,4,3827,3,3,40
687,121,1,688,6,3833,5,1,60
688,121,1,689,6,3839,4,4,60
689,121,1,690,6,3845,2,0,60
690,121,1,691,3,3848,3,1,30
691,121,1,692,8,3856,6,6,80
692,121,1,693,6,3862,2,0,60
693,121,1,694,3,3865,5,5,30
694,121,1,695,7,3872,1,0,70
695,121,1,696,6,3878,6,6,60
696,121,1,697,5,3883,4,0,50
697,121,1,698,5,3888,7,1,50
698,121,1,699,8,3896,11,11,80
699,121,1,700,6,3902,4,2,60
700,121,1,701,7,3909,10,10,70
701,121,1,702,9,3918,6,2,90
702,121,1,703,9,3927,8,2,90
703,121,1,704,3,3930,9,4,30
704,121,1,705,6,3936,7,1,60
705,121,1,706,2,3938,6,6,20
706,121,1,707,3,3941,0,0,30
707,121,1,708,5,3946,2,2,50
708,121,1,709,7,3953,4,1,70
709,121,1,710,3,3956,5,2,30
710,121,1,711,3,3959,4,0,30
711,121,1,712,7,3966,6,1,70
712,121,1,713,5,3971,6,2,50
713,121,1,714,9,3980,5,2,90
714,121,1,715,6,3986,5,5,60
715,121,1,716,8,3994,1,1,80
716,121,1,717,6,4000,5,1,60
717,121,1,718,4,4004,6,6,40
718,121,1,719,5,4009,1,1,50
719,121,1,720,6,4015,2,2,60
720,121,1,721,5,4020,1,1,50
721,121,1,722,5,4025,2,2,50
722,121,1,723,3,4028,1,0,30
723,121,1,724,3,4031,4,0,30
724,121,1,725,5,4036,10,2,50
725,121,1,726,7,4043,11,5,70
726,121,1,727,8,4051,11,4,80
727,121,1,728,7,4058,14,2,70
728,121,1,729,2,4060,14,14,20
729,121,1,730,2,4062,2,1,20
730,121,1,731,4,4066,5,1,40
731,121,1,732,7,4073,6,1,70
732,121,1,733,9,4082,10,10,90
733,121,1,734,3,4085,4,2,30
734,121,1,735,6,4091,4,0,60
735,121,1,736,8,4099,9,9,80
736,121,1,737,9,4108,4,4,90
737,121,1,738,3,4111,1,1,30
738,121,1,739,4,4115,2,0,40
739,121,1,740,8,4123,5,5,80
740,121,1,741,6,4129,0,0,60
741,121,1,742,9,4138,6,1,90
742,121,1,743,7,4145,11,5,70
743,121,1,744,2,4147,7,1,20
744,121,1,745,2,4149,7,1,20
745,121,1,746,3,4152,7,1,30
746,121,1,747,9,4161,13,13,90
747,121,1,748,3,4164,0,0,30
748,121,1,749,5,4169,2,0,50
749,121,1,750,3,4172,3,3,30
750,121,1,751,4,4176,3,3,40
751,121,1,752,7,4183,4,1,70
752,121,1,753,2,4185,4,1,20
753,121,1,754,3,4188,3,3,30
754,121,1,755,4,4192,4,2,40
755,121,1,756,5,4197,5,1,50
756,121,1,757,3,4200,4,4,30
757,121,1,758,4,4204,5,5,40
758,121,1,759,5,4209,1,0,50
759,121,1,760,5,4214,3,0,50
760,121,1,761,3,4217,6,6,30
761,121,1,762,7,4224,3,1,70
762,121,1,763,3,4227,2,2,30
763,121,1,764,4,4231,2,0,40
764,121,1,765,2,4233,5,2,20
765,121,1,766,4,4237,5,0,40
766,121,1,767,8,4245,9,2,80
767,121,1,768,6,4251,10,10,60
768,121,1,769,7,4258,5,1,70
769,121,1,770,4,4262,5,5,40
770,121,1,771,3,4265,4,4,30
771,121,1,772,6,4271,3,3,60
772,121,1,773,6,4277,3,3,60
773,121,1,774,6,4283,4,1,60
774,121,1,775,7,4290,7,1,70
775,121,1,776,9,4299,12,4,90
776,121,1,777,8,4307,15,5,80
777,121,1,778,7,4314,17,3,70
778,121,1,779,8,4322,16,6,80
779,121,1,780,2,4324,12,12,20
780,121,1,781,8,4332,4,0,80
781,121,1,782,8,4340,9,3,80
782,121,1,783,2,4342,6,6,20
783,121,1,784,9,4351,4,1,90
784,121,1,785,5,4356,5,2,50
785,121,1,786,2,4358,4,1,20
786,121,1,787,9,4367,12,12,90
787,121,1,788,2,4369,0,0,20
788,121,1,789,3,4372,0,0,30
789,121,1,790,5,4377,1,0,50
790,121,1,791,8,4385,4,0,80
791,121,1,792,3,4388,5,5,30
792,121,1,793,6,4394,0,0,60
793,121,1,794,6,4400,2,0,60
794,121,1,795,8,4408,7,2,80
795,121,1,796,4,4412,6,1,40
796,121,1,797,8,4420,8,8,80
797,121,1,798,9,4429,9,3,90
798,121,1,799,4,4433,7,7,40
799,121,1,800,3,4436,2,2,30
800,121,1,801,5,4441,5,5,50
801,121,1,802,5,4446,5,5,50
802,121,1,803,5,4451,4,1,50
803,121,1,804,2,4453,3,1,20
804,121,1,805,8,4461,8,8,80
805,121,1,806,5,4466,2,0,50
806,121,1,807,9,4475,9,9,90
807,121,1,808,6,4481,3,1,60
808,121,1,809,7,4488,8,8,70
809,121,1,810,9,4497,6,1,90
810,121,1,811,2,4499,6,1,20
811,121,1,812,9,4508,11,1,90
812,121,1,813,9,4517,14,5,90
813,121,1,814,9,4526,12,12,90
814,121,1,815,3,4529,1,1,30
815,121,1,816,3,4532,1,0,30
816,121,1,817,6,4538,1,1,60
817,121,1,818,8,4546,2,0,80
818,121,1,819,5,4551,9,9,50
819,121,1,820,3,4554,0,0,30
820,121,1,821,5,4559,4,3,50
821,121,1,822,6,4565,7,1,60
822,121,1,823,2,4567,6,2,20
823,121,1,824,5,4572,6,6,50
824,121,1,825,6,4578,5,5,60
825,121,1,826,5,4583,3,3,50
826,121,1,827,5,4588,1,0,50
827,121,1,828,9,4597,6,6,90
828,121,1,829,4,4601,0,0,40
829,121,1,830,2,4603,1,0,20
830,121,1,831,3,4606,6,2,30
831,121,1,832,4,4610,6,4,40
832,121,1,833,7,4617,5,1,70
833,121,1,834,5,4622,4,4,50
834,121,1,835,4,4626,0,0,40
835,121,1,836,6,4632,3,0,60
836,121,1,837,4,4636,6,1,40
837,121,1,838,8,4644,9,4,80
838,121,1,839,5,4649,8,8,50
839,121,1,840,6,4655,4,1,60
840,121,1,841,6,4661,7,7,60
841,121,1,842,3,4664,1,0,30
842,121,1,843,7,4671,3,3,70
843,121,1,844,9,4680,4,4,90
844,121,1,845,9,4689,3,3,90
845,121,1,846,2,4691,1,0,20
846,121,1,847,4,4695,4,4,40
847,121,1,848,2,4697,3,3,20
848,121,1,849,9,4706,2,0,90
849,121,1,850,4,4710,4,4,40
850,121,1,851,2,4712,0,0,20
851,121,1,852,2,4714,0,0,20
852,121,1,853,7,4721,2,0,70
853,121,1,854,8,4729,5,2,80
854,121,1,855,6,4735,4,0,60
855,121,1,856,7,4742,8,1,70
856,121,1,857,6,4748,7,3,60
857,121,1,858,6,4754,6,6,60
858,121,1,859,5,4759,0,0,50
859,121,1,860,3,4762,1,0,30
860,121,1,861,7,4769,5,1,70
861,121,1,862,9,4778,6,1,90
862,121,1,863,5,4783,8,8,50
863,121,1,864,3,4786,2,0,30
864,121,1,865,5,4791,2,0,50
865,121,1,866,6,4797,5,1,60
866,121,1,867,7,4804,7,7,70
867,121,1,868,7,4811,5,1,70
868,121,1,869,9,4820,9,2,90
869,121,1,870,8,4828,10,3,80
870,121,1,871,9,4837,9,1,90
871,121,1,872,4,4841,10,3,40
872,121,1,873,2,4843,7,0,20
873,121,1,874,7,4850,14,14,70
874,121,1,875,7,4857,3,1,70
875,121,1,876,5,4862,6,2,50
876,121,1,877,7,4869,8,8,70
877,121,1,878,3,4872,0,0,30
878,121,1,879,4,4876,6,6,40
879,121,1,880,3,4879,1,0,30
880,121,1,881,7,4886,4,1,70
881,121,1,882,2,4888,3,0,20
882,121,1,883,6,4894,3,3,60
883,121,1,884,6,4900,6,1,60
884,121,1,885,4,4904,7,3,40
885,121,1,886,4,4908,5,1,40
886,121,1,887,5,4913,7,7,50
887,121,1,888,5,4918,5,0,50
888,121,1,889,6,4924,9,9,60
889,121,1,890,9,4933,5,0,90
890,121,1,891,2,4935,6,1,20
891,121,1,892,3,4938,6,6,30
892,121,1,893,5,4943,4,4,50
893,121,1,894,5,4948,2,2,50
894,121,1,895,5,4953,2,1,50
895,121,1,896,5,4958,4,0,50
896,121,1,897,8,4966,8,4,80
897,121,1,898,9,4975,10,5,90
898,121,1,899,8,4983,9,1,80
899,121,1,900,8,4991,13,5,80
900,121,1,901,7,4998,9,3,70
901,121,2,1,9,9,4,0,90
902,121,2,2,7,16,8,0,70
903,121,2,3,6,22,10,10,60
904,121,2,4,2,24,2,1,20
905,121,2,5,6,30,2,2,60
906,121,2,6,8,38,5,1,80
907,121,2,7,8,46,6,1,80
908,121,2,8,8,54,10,2,80
909,121,2,9,7,61,10,4,70
910,121,2,10,4,65,11,11,40
911,121,2,11,8,73,2,0,80
912,121,2,12,5,78,5,5,50
913,121,2,13,4,82,3,3,40
914,121,2,14,6,88,5,5,60
915,121,2,15,2,90,1,0,20
916,121,2,16,7,97,3,3,70
917,121,2,17,9,106,6,6,90
918,121,2,18,7,113,0,0,70
919,121,2,19,5,118,4,0,50
920,121,2,20,6,124,7,3,60
921,121,2,21,5,129,8,8,50
922,121,2,22,8,137,6,3,80
923,121,2,23,9,146,8,5,90
924,121,2,24,7,153,6,1,70
925,121,2,25,6,159,6,1,60
926,121,2,26,8,167,9,9,80
927,121,2,27,7,174,5,5,70
928,121,2,28,3,177,2,0,30
929,121,2,29,8,185,8,3,80
930,121,2,30,6,191,7,7,60
931,121,2,31,9,200,4,0,90
932,121,2,32,2,202,4,0,20
933,121,2,33,9,211,11,4,90
934,121,2,34,7,218,7,0,70
935,121,2,35,5,223,10,2,50
936,121,2,36,9,232,13,6,90
937,121,2,37,5,237,12,3,50
938,121,2,38,3,240,9,3,30
939,121,2,39,5,245,7,1,50
940,121,2,40,5,250,8,3,50
941,121,2,41,9,259,7,7,90
942,121,2,42,6,265,5,2,60
943,121,2,43,4,269,4,2,40
944,121,2,44,9,278,5,3,90
945,121,2,45,9,287,6,1,90
946,121,2,46,4,291,7,1,40
947,121,2,47,5,296,8,8,50
948,121,2,48,8,304,5,0,80
949,121,2,49,2,306,8,4,20
950,121,2,50,4,310,4,2,40
951,121,2,51,8,318,5,1,80
952,121,2,52,8,326,10,4,80
953,121,2,53,4,330,10,4,40
954,121,2,54,8,338,9,1,80
955,121,2,55,8,346,9,3,80
956,121,2,56,2,348,7,3,20
957,121,2,57,6,354,8,0,60
958,121,2,58,6,360,9,9,60
959,121,2,59,3,363,2,1,30
960,121,2,60,8,371,8,8,80
961,121,2,61,2,373,1,0,20
962,121,2,62,4,377,1,0,40
963,121,2,63,5,382,2,0,50
964,121,2,64,5,387,3,3,50
965,121,2,65,5,392,2,0,50
966,121,2,66,2,394,3,0,20
967,121,2,67,2,396,5,1,20
968,121,2,68,4,400,5,5,40
969,121,2,69,5,405,4,2,50
970,121,2,70,8,413,5,5,80
971,121,2,71,3,416,5,5,30
972,121,2,72,2,418,1,0,20
973,121,2,73,4,422,4,4,40
974,121,2,74,6,428,8,8,60
975,121,2,75,3,431,5,5,30
976,121,2,76,7,438,8,2,70
977,121,2,77,3,441,11,2,30
978,121,2,78,3,444,9,6,30
979,121,2,79,2,446,4,0,20
980,121,2,80,4,450,9,3,40
981,121,2,81,4,454,8,2,40
982,121,2,82,5,459,10,2,50
983,121,2,83,4,463,9,5,40
984,121,2,84,8,471,7,2,80
985,121,2,85,2,473,5,5,20
986,121,2,86,8,481,4,4,80
987,121,2,87,3,484,3,3,30
988,121,2,88,6,490,3,0,60
989,121,2,89,8,498,11,2,80
990,121,2,90,8,506,9,4,80
991,121,2,91,6,512,9,1,60
992,121,2,92,2,514,11,11,20
993,121,2,93,5,519,1,0,50
994,121,2,94,8,527,4,1,80
995,121,2,95,5,532,6,6,50
996,121,2,96,2,534,0,0,20
997,121,2,97,8,542,3,0,80
998,121,2,98,2,544,4,2,20
999,121,2,99,2,546,2,2,20
1000,121,2,100,9,555,8,8,90
1001,121,2,101,7,562,6,2,70
1002,121,2,102,6,568,6,6,60
1003,121,2,103,8,576,2,2,80
1004,121,2,104,2,578,0,0,20
1005,121,2,105,2,580,1,1,20
1006,121,2,106,5,585,3,1,50
1007,121,2,107,5,590,2,1,50
1008,121,2,108,8,598,6,1,80
1009,121,2,109,5,603,10,3,50
1010,121,2,110,8,611,11,11,80
1011,121,2,111,6,617,3,1,60
1012,121,2,112,7,624,3,2,70
1013,121,2,113,5,629,7,3,50
1014,121,2,114,9,638,10,4,90
1015,121,2,115,3,641,8,3,30
1016,121,2,116,2,643,5,1,20
1017,121,2,117,7,650,7,2,70
1018,121,2,118,8,658,10,3,80
1019,121,2,119,7,665,11,2,70
1020,121,2,120,4,669,9,4,40
1021,121,2,121,2,671,6,6,20
1022,121,2,122,3,674,2,0,30
1023,121,2,123,5,679,7,7,50
1024,121,2,124,2,681,1,0,20
1025,121,2,125,8,689,3,3,80
1026,121,2,126,7,696,2,1,70
1027,121,2,127,7,703,6,1,70
1028,121,2,128,5,708,8,2,50
1029,121,2,129,6,714,9,9,60
1030,121,2,130,9,723,3,3,90
1031,121,2,131,7,730,4,3,70
1032,121,2,132,9,739,9,4,90
1033,121,2,133,4,743,5,3,40
1034,121,2,134,4,747,3,1,40
1035,121,2,135,3,750,2,1,30
1036,121,2,136,7,757,7,2,70
1037,121,2,137,4,761,5,1,40
1038,121,2,138,6,767,7,3,60
1039,121,2,139,8,775,7,3,80
1040,121,2,140,2,777,5,5,20
1041,121,2,141,3,780,3,0,30
1042,121,2,142,5,785,4,3,50
1043,121,2,143,3,788,2,0,30
1044,121,2,144,9,797,7,2,90
1045,121,2,145,2,799,5,1,20
1046,121,2,146,4,803,7,7,40
1047,121,2,147,9,812,6,6,90
1048,121,2,148,2,814,2,2,20
1049,121,2,149,7,821,2,2,70
1050,121,2,150,6,827,5,2,60
1051,121,2,151,7,834,6,3,70
1052,121,2,152,3,837,5,5,30
1053,121,2,153,4,841,0,0,40
1054,121,2,154,3,844,3,2,30
1055,121,2,155,4,848,1,1,40
1056,121,2,156,7,855,3,3,70
1057,121,2,157,2,857,0,0,20
1058,121,2,158,6,863,4,2,60
1059,121,2,159,8,871,8,8,80
1060,121,2,160,9,880,5,1,90
1061,121,2,161,2,882,5,5,20
1062,121,2,162,6,888,3,1,60
1063,121,2,163,5,893,3,3,50
1064,121,2,164,9,902,6,0,90
1065,121,2,165,6,908,7,2,60
1066,121,2,166,5,913,8,3,50
1067,121,2,167,2,915,6,1,20
1068,121,2,168,7,922,11,4,70
1069,121,2,169,2,924,7,7,20
1070,121,2,170,3,927,2,0,30
1071,121,2,171,3,930,5,1,30
1072,121,2,172,3,933,4,0,30
1073,121,2,173,9,942,9,9,90
1074,121,2,174,5,947,2,2,50
1075,121,2,175,3,950,1,1,30
1076,121,2,176,5,955,9,9,50
1077,121,2,177,3,958,1,0,30
1078,121,2,178,8,966,3,1,80
1079,121,2,179,5,971,5,5,50
1080,121,2,180,4,975,2,0,40
1081,121,2,181,8,983,6,6,80
1082,121,2,182,2,985,0,0,20
1083,121,2,183,7,992,5,5,70
1084,121,2,184,6,998,0,0,60
1085,121,2,185,4,1002,2,0,40
1086,121,2,186,3,1005,2,1,30
1087,121,2,187,3,1008,2,0,30
1088,121,2,188,7,1015,4,4,70
1089,121,2,189,2,1017,0,0,20
1090,121,2,190,8,1025,3,0,80
1091,121,2,191,5,1030,3,3,50
1092,121,2,192,2,1032,0,0,20
1093,121,2,193,6,1038,3,2,60
1094,121,2,194,3,1041,4,2,30
1095,121,2,195,9,1050,6,3,90
1096,121,2,196,6,1056,6,0,60
1097,121,2,197,5,1061,8,3,50
1098,121,2,198,5,1066,10,3,50
1099,121,2,199,7,1073,9,3,70
1100,121,2,200,7,1080,12,2,70
1101,121,2,201,9,1089,13,13,90
1102,121,2,202,8,1097,7,2,80
1103,121,2,203,9,1106,9,3,90
1104,121,2,204,9,1115,11,4,90
1105,121,2,205,9,1124,12,12,90
1106,121,2,206,5,1129,1,1,50
1107,121,2,207,4,1133,1,0,40
1108,121,2,208,7,1140,4,1,70
1109,121,2,209,2,1142,4,4,20
1110,121,2,210,7,1149,2,1,70
1111,121,2,211,5,1154,5,0,50
1112,121,2,212,5,1159,7,2,50
1113,121,2,213,4,1163,11,11,40
1114,121,2,214,8,1171,5,0,80
1115,121,2,215,5,1176,8,2,50
1116,121,2,216,8,1184,10,2,80
1117,121,2,217,3,1187,9,9,30
1118,121,2,218,3,1190,2,0,30
1119,121,2,219,4,1194,4,2,40
1120,121,2,220,9,1203,6,2,90
1121,121,2,221,2,1205,4,3,20
1122,121,2,222,9,1214,5,1,90
1123,121,2,223,2,1216,4,1,20
1124,121,2,224,2,1218,4,4,20
1125,121,2,225,4,1222,1,0,40
1126,121,2,226,7,1229,6,2,70
1127,121,2,227,9,1238,10,4,90
1128,121,2,228,6,1244,9,1,60
1129,121,2,229,9,1253,14,3,90
1130,121,2,230,8,1261,15,7,80
1131,121,2,231,5,1266,10,3,50
1132,121,2,232,7,1273,8,8,70
1133,121,2,233,4,1277,3,3,40
1134,121,2,234,6,1283,4,0,60
1135,121,2,235,4,1287,4,1,40
1136,121,2,236,4,1291,5,5,40
1137,121,2,237,6,1297,5,1,60
1138,121,2,238,4,1301,6,5,40
1139,121,2,239,2,1303,2,2,20
1140,121,2,240,5,1308,2,0,50
1141,121,2,241,7,1315,5,0,70
1142,121,2,242,9,1324,9,9,90
1143,121,2,243,3,1327,1,0,30
1144,121,2,244,9,1336,8,1,90
1145,121,2,245,2,1338,9,3,20
1146,121,2,246,9,1347,8,8,90
1147,121,2,247,7,1354,1,1,70
1148,121,2,248,7,1361,3,3,70
1149,121,2,249,5,1366,2,0,50
1150,121,2,250,5,1371,4,4,50
1151,121,2,251,9,1380,7,1,90
1152,121,2,252,4,1384,8,1,40
1153,121,2,253,9,1393,8,3,90
1154,121,2,254,3,1396,9,5,30
1155,121,2,255,7,1403,6,2,70
1156,121,2,256,4,1407,4,4,40
1157,121,2,257,5,1412,4,1,50
1158,121,2,258,5,1417,3,1,50
1159,121,2,259,4,1421,4,4,40
1160,121,2,260,2,1423,1,1,20
1161,121,2,261,7,1430,3,3,70
1162,121,2,262,4,1434,3,2,40
1163,121,2,263,2,1436,2,1,20
1164,121,2,264,2,1438,2,0,20
1165,121,2,265,5,1443,4,4,50
1166,121,2,266,7,1450,2,0,70
1167,121,2,267,5,1455,3,0,50
1168,121,2,268,2,1457,4,1,20
1169,121,2,269,8,1465,8,8,80
1170,121,2,270,7,1472,3,0,70
1171,121,2,271,6,1478,6,1,60
1172,121,2,272,3,1481,6,2,30
1173,121,2,273,7,1488,8,8,70
1174,121,2,274,7,1495,0,0,70
1175,121,2,275,5,1500,2,0,50
1176,121,2,276,5,1505,3,1,50
1177,121,2,277,6,1511,2,0,60
1178,121,2,278,7,1518,4,1,70
1179,121,2,279,4,1522,6,6,40
1180,121,2,280,3,1525,0,0,30
1181,121,2,281,6,1531,6,0,60
1182,121,2,282,6,1537,8,1,60
1183,121,2,283,6,1543,10,10,60
1184,121,2,284,2,1545,1,1,20
1185,121,2,285,6,1551,3,3,60
1186,121,2,286,3,1554,2,0,30
1187,121,2,287,6,1560,4,0,60
1188,121,2,288,3,1563,5,2,30
1189,121,2,289,2,1565,3,1,20
1190,121,2,290,6,1571,7,3,60
1191,121,2,291,9,1580,9,4,90
1192,121,2,292,9,1589,8,8,90
1193,121,2,293,2,1591,2,0,20
1194,121,2,294,4,1595,6,2,40
1195,121,2,295,9,1604,7,2,90
1196,121,2,296,6,1610,12,12,60
1197,121,2,297,5,1615,3,3,50
1198,121,2,298,2,1617,0,0,20
1199,121,2,299,6,1623,3,3,60
1200,121,2,300,8,1631,5,1,80
1201,121,2,301,2,1633,5,2,20
1202,121,2,302,2,1635,5,1,20
1203,121,2,303,2,1637,5,5,20
1204,121,2,304,2,1639,0,0,20
1205,121,2,305,9,1648,3,0,90
1206,121,2,306,8,1656,7,0,80
1207,121,2,307,8,1664,13,13,80
1208,121,2,308,6,1670,1,0,60
1209,121,2,309,4,1674,2,0,40
1210,121,2,310,9,1683,4,4,90
1211,121,2,311,5,1688,2,2,50
1212,121,2,312,7,1695,3,3,70
1213,121,2,313,5,1700,1,0,50
1214,121,2,314,8,1708,7,7,80
1215,121,2,315,5,1713,1,0,50
1216,121,2,316,5,1718,6,3,50
1217,121,2,317,7,1725,7,4,70
1218,121,2,318,2,1727,3,0,20
1219,121,2,319,4,1731,4,1,40
1220,121,2,320,9,1740,6,6,90
1221,121,2,321,3,1743,3,3,30
1222,121,2,322,9,1752,8,3,90
1223,121,2,323,3,1755,7,3,30
1224,121,2,324,8,1763,10,10,80
1225,121,2,325,4,1767,4,2,40
1226,121,2,326,3,1770,4,1,30
1227,121,2,327,5,1775,5,0,50
1228,121,2,328,6,1781,8,3,60
1229,121,2,329,4,1785,8,8,40
1230,121,2,330,7,1792,7,7,70
1231,121,2,331,7,1799,4,4,70
1232,121,2,332,9,1808,5,3,90
1233,121,2,333,9,1817,7,3,90
1234,121,2,334,6,1823,9,9,60
1235,121,2,335,4,1827,2,0,40
1236,121,2,336,5,1832,5,2,50
1237,121,2,337,6,1838,5,2,60
1238,121,2,338,6,1844,5,5,60
1239,121,2,339,4,1848,2,1,40
1240,121,2,340,5,1853,3,1,50
1241,121,2,341,3,1856,4,4,30
1242,121,2,342,7,1863,4,2,70
1243,121,2,343,2,1865,2,0,20
1244,121,2,344,3,1868,3,3,30
1245,121,2,345,4,1872,1,0,40
1246,121,2,346,2,1874,2,0,20
1247,121,2,347,7,1881,6,6,70
1248,121,2,348,8,1889,3,1,80
1249,121,2,349,7,1896,6,6,70
1250,121,2,350,4,1900,2,2,40
1251,121,2,351,5,1905,1,0,50
1252,121,2,352,7,1912,6,2,70
1253,121,2,353,2,1914,4,0,20
1254,121,2,354,2,1916,6,6,20
1255,121,2,355,7,1923,4,2,70
1256,121,2,356,5,1928,3,1,50
1257,121,2,357,7,1935,10,5,70
1258,121,2,358,3,1938,6,6,30
1259,121,2,359,5,1943,2,2,50
1260,121,2,360,3,1946,1,1,30
1261,121,2,361,7,1953,4,2,70
1262,121,2,362,6,1959,3,1,60
1263,121,2,363,3,1962,4,4,30
1264,121,2,364,3,1965,1,0,30
1265,121,2,365,2,1967,3,0,20
1266,121,2,366,7,1974,4,2,70
1267,121,2,367,3,1977,4,1,30
1268,121,2,368,9,1986,8,8,90
1269,121,2,369,6,1992,4,1,60
1270,121,2,370,4,1996,5,5,40
1271,121,2,371,3,1999,1,1,30
1272,121,2,372,9,2008,5,5,90
1273,121,2,373,6,2014,1,0,60
1274,121,2,374,9,2023,4,4,90
1275,121,2,375,9,2032,6,6,90
1276,121,2,376,2,2034,0,0,20
1277,121,2,377,7,2041,2,1,70
1278,121,2,378,6,2047,3,1,60
1279,121,2,379,9,2056,5,2,90
1280,121,2,380,6,2062,4,1,60
1281,121,2,381,3,2065,5,1,30
1282,121,2,382,5,2070,5,2,50
1283,121,2,383,2,2072,4,4,20
1284,121,2,384,9,2081,7,7,90
1285,121,2,385,3,2084,2,1,30
1286,121,2,386,5,2089,5,5,50
1287,121,2,387,5,2094,4,4,50
1288,121,2,388,2,2096,1,1,20
1289,121,2,389,5,2101,3,3,50
1290,121,2,390,8,2109,1,1,80
1291,121,2,391,2,2111,0,0,20
1292,121,2,392,9,2120,3,0,90
1293,121,2,393,2,2122,5,0,20
1294,121,2,394,6,2128,6,1,60
1295,121,2,395,2,2130,7,7,20
1296,121,2,396,8,2138,5,5,80
1297,121,2,397,5,2143,2,0,50
1298,121,2,398,2,2145,5,0,20
1299,121,2,399,9,2154,8,4,90
1300,121,2,400,9,2163,11,11,90
1301,121,2,401,9,2172,8,3,90
1302,121,2,402,8,2180,6,6,80
1303,121,2,403,8,2188,5,2,80
1304,121,2,404,2,2190,3,1,20
1305,121,2,405,6,2196,2,2,60
1306,121,2,406,9,2205,5,2,90
1307,121,2,407,8,2213,9,2,80
1308,121,2,408,2,2215,7,2,20
1309,121,2,409,2,2217,6,1,20
1310,121,2,410,6,2223,6,3,60
1311,121,2,411,6,2229,6,3,60
1312,121,2,412,8,2237,6,6,80
1313,121,2,413,9,2246,8,8,90
1314,121,2,414,3,2249,2,2,30
1315,121,2,415,2,2251,1,1,20
1316,121,2,416,4,2255,0,0,40
1317,121,2,417,9,2264,4,2,90
1318,121,2,418,5,2269,3,0,50
1319,121,2,419,7,2276,4,1,70
1320,121,2,420,2,2278,4,1,20
1321,121,2,421,5,2283,6,1,50
1322,121,2,422,2,2285,5,0,20
1323,121,2,423,7,2292,10,3,70
1324,121,2,424,9,2301,15,15,90
1325,121,2,425,8,2309,5,5,80
1326,121,2,426,7,2316,5,0,70
1327,121,2,427,6,2322,7,7,60
1328,121,2,428,4,2326,2,2,40
1329,121,2,429,2,2328,3,1,20
1330,121,2,430,4,2332,9,1,40
1331,121,2,431,2,2334,10,1,20
1332,121,2,432,4,2338,11,11,40
1333,121,2,433,4,2342,0,0,40
1334,121,2,434,7,2349,5,5,70
1335,121,2,435,8,2357,5,0,80
1336,121,2,436,4,2361,8,8,40
1337,121,2,437,2,2363,1,0,20
1338,121,2,438,5,2368,3,1,50
1339,121,2,439,9,2377,5,0,90
1340,121,2,440,6,2383,8,8,60
1341,121,2,441,5,2388,2,2,50
1342,121,2,442,4,2392,2,2,40
1343,121,2,443,2,2394,1,1,20
1344,121,2,444,4,2398,4,1,40
1345,121,2,445,8,2406,11,2,80
1346,121,2,446,4,2410,10,10,40
1347,121,2,447,4,2414,4,0,40
1348,121,2,448,5,2419,7,2,50
1349,121,2,449,2,2421,5,5,20
1350,121,2,450,3,2424,2,0,30
1351,121,2,451,8,2432,5,1,80
1352,121,2,452,4,2436,4,2,40
1353,121,2,453,8,2444,11,11,80
1354,121,2,454,6,2450,5,5,60
1355,121,2,455,7,2457,6,1,70
1356,121,2,456,7,2464,8,8,70
1357,121,2,457,7,2471,4,0,70
1358,121,2,458,5,2476,8,1,50
1359,121,2,459,3,2479,8,2,30
1360,121,2,460,9,2488,11,4,90
1361,121,2,461,9,2497,15,15,90
1362,121,2,462,2,2499,1,0,20
1363,121,2,463,3,2502,1,0,30
1364,121,2,464,9,2511,5,1,90
1365,121,2,465,9,2520,10,10,90
1366,121,2,466,3,2523,1,0,30
1367,121,2,467,8,2531,7,2,80
1368,121,2,468,8,2539,8,4,80
1369,121,2,469,4,2543,6,6,40
1370,121,2,470,4,2547,1,1,40
1371,121,2,471,3,2550,0,0,30
1372,121,2,472,9,2559,9,2,90
1373,121,2,473,2,2561,7,7,20
1374,121,2,474,5,2566,3,1,50
1375,121,2,475,8,2574,7,7,80
1376,121,2,476,4,2578,1,1,40
1377,121,2,477,8,2586,4,2,80
1378,121,2,478,7,2593,3,1,70
1379,121,2,479,9,2602,5,2,90
1380,121,2,480,7,2609,7,2,70
1381,121,2,481,4,2613,6,6,40
1382,121,2,482,7,2620,4,2,70
1383,121,2,483,8,2628,8,8,80
1384,121,2,484,5,2633,0,0,50
1385,121,2,485,3,2636,4,1,30
1386,121,2,486,2,2638,4,3,20
1387,121,2,487,9,2647,7,7,90
1388,121,2,488,2,2649,1,1,20
1389,121,2,489,9,2658,3,2,90
1390,121,2,490,4,2662,3,3,40
1391,121,2,491,8,2670,6,2,80
1392,121,2,492,5,2675,8,3,50
1393,121,2,493,7,2682,6,2,70
1394,121,2,494,8,2690,7,1,80
1395,121,2,495,5,2695,9,9,50
1396,121,2,496,8,2703,5,3,80
1397,121,2,497,5,2708,5,5,50
1398,121,2,498,3,2711,1,0,30
1399,121,2,499,5,2716,1,0,50
1400,121,2,500,6,2722,2,1,60
1401,121,2,501,3,2725,2,0,30
1402,121,2,502,7,2732,4,4,70
1403,121,2,503,2,2734,0,0,20
1404,121,2,504,7,2741,3,1,70
1405,121,2,505,4,2745,4,2,40
1406,121,2,506,8,2753,9,3,80
1407,121,2,507,5,2758,11,3,50
1408,121,2,508,7,2765,11,11,70
1409,121,2,509,8,2773,3,0,80
1410,121,2,510,5,2778,4,4,50
1411,121,2,511,4,2782,4,1,40
1412,121,2,512,8,2790,9,9,80
1413,121,2,513,8,2798,3,1,80
1414,121,2,514,2,2800,3,3,20
1415,121,2,515,4,2804,1,0,40
1416,121,2,516,7,2811,4,0,70
1417,121,2,517,4,2815,5,0,40
1418,121,2,518,6,2821,7,2,60
1419,121,2,519,5,2826,7,7,50
1420,121,2,520,5,2831,2,0,50
1421,121,2,521,9,2840,7,7,90
1422,121,2,522,5,2845,1,0,50
1423,121,2,523,2,2847,1,0,20
1424,121,2,524,6,2853,4,1,60
1425,121,2,525,5,2858,4,4,50
1426,121,2,526,9,2867,7,7,90
1427,121,2,527,5,2872,1,0,50
1428,121,2,528,3,2875,2,1,30
1429,121,2,529,9,2884,6,6,90
1430,121,2,530,6,2890,2,1,60
1431,121,2,531,5,2895,5,5,50
1432,121,2,532,2,2897,2,0,20
1433,121,2,533,7,2904,7,1,70
1434,121,2,534,2,2906,6,1,20
1435,121,2,535,3,2909,8,8,30
1436,121,2,536,9,2918,3,3,90
1437,121,2,537,9,2927,4,1,90
1438,121,2,538,7,2934,3,3,70
1439,121,2,539,9,2943,3,0,90
1440,121,2,540,3,2946,4,4,30
1441,121,2,541,8,2954,1,0,80
1442,121,2,542,4,2958,1,0,40
1443,121,2,543,9,2967,9,1,90
1444,121,2,544,5,2972,10,4,50
1445,121,2,545,2,2974,6,0,20
1446,121,2,546,4,2978,7,7,40
1447,121,2,547,5,2983,3,1,50
1448,121,2,548,5,2988,4,4,50
1449,121,2,549,8,2996,2,1,80
1450,121,2,550,8,3004,4,1,80
1451,121,2,551,5,3009,7,3,50
1452,121,2,552,3,3012,8,8,30
1453,121,2,553,3,3015,4,2,30
1454,121,2,554,7,3022,6,2,70
1455,121,2,555,4,3026,9,4,40
1456,121,2,556,6,3032,8,8,60
1457,121,2,557,9,3041,7,7,90
1458,121,2,558,7,3048,5,2,70
1459,121,2,559,4,3052,4,1,40
1460,121,2,560,7,3059,8,5,70
1461,121,2,561,9,3068,9,3,90
1462,121,2,562,4,3072,6,1,40
1463,121,2,563,3,3075,6,2,30
1464,121,2,564,7,3082,8,2,70
1465,121,2,565,6,3088,8,8,60
1466,121,2,566,5,3093,0,0,50
1467,121,2,567,9,3102,2,1,90
1468,121,2,568,8,3110,6,1,80
1469,121,2,569,8,3118,9,9,80
1470,121,2,570,5,3123,2,2,50
1471,121,2,571,3,3126,1,0,30
1472,121,2,572,7,3133,4,4,70
1473,121,2,573,5,3138,5,1,50
1474,121,2,574,3,3141,6,6,30
1475,121,2,575,5,3146,5,2,50
1476,121,2,576,2,3148,4,0,20
1477,121,2,577,7,3155,4,1,70
1478,121,2,578,6,3161,10,1,60
1479,121,2,579,8,3169,12,4,80
1480,121,2,580,2,3171,8,4,20
1481,121,2,581,3,3174,4,1,30
1482,121,2,582,7,3181,4,0,70
1483,121,2,583,6,3187,11,11,60
1484,121,2,584,8,3195,3,2,80
1485,121,2,585,3,3198,3,1,30
1486,121,2,586,4,3202,4,4,40
1487,121,2,587,2,3204,1,1,20
1488,121,2,588,7,3211,7,5,70
1489,121,2,589,5,3216,5,5,50
1490,121,2,590,3,3219,5,5,30
1491,121,2,591,8,3227,3,0,80
1492,121,2,592,2,3229,3,3,20
1493,121,2,593,8,3237,4,2,80
1494,121,2,594,4,3241,3,2,40
1495,121,2,595,4,3245,4,4,40
1496,121,2,596,7,3252,2,2,70
1497,121,2,597,5,3257,5,5,50
1498,121,2,598,3,3260,1,0,30
1499,121,2,599,9,3269,3,0,90
1500,121,2,600,9,3278,9,3,90
1501,121,2,601,4,3282,7,7,40
1502,121,2,602,9,3291,3,3,90
1503,121,2,603,7,3298,2,1,70
1504,121,2,604,8,3306,3,1,80
1505,121,2,605,2,3308,4,0,20
1506,121,2,606,3,3311,5,5,30
1507,121,2,607,7,3318,8,3,70
1508,121,2,608,6,3324,7,3,60
1509,121,2,609,6,3330,10,10,60
1510,121,2,610,4,3334,5,3,40
1511,121,2,611,2,3336,3,3,20
1512,121,2,612,6,3342,1,1,60
1513,121,2,613,2,3344,1,1,20
1514,121,2,614,6,3350,5,2,60
1515,121,2,615,3,3353,4,4,30
1516,121,2,616,6,3359,7,2,60
1517,121,2,617,2,3361,5,5,20
1518,121,2,618,6,3367,3,1,60
1519,121,2,619,2,3369,3,3,20
1520,121,2,620,6,3375,1,1,60
1521,121,2,621,4,3379,1,1,40
1522,121,2,622,9,3388,5,1,90
1523,121,2,623,8,3396,8,2,80
1524,121,2,624,4,3400,10,3,40
1525,121,2,625,6,3406,12,4,60
1526,121,2,626,9,3415,14,14,90
1527,121,2,627,7,3422,1,1,70
1528,121,2,628,6,3428,0,0,60
1529,121,2,629,8,3436,1,1,80
1530,121,2,630,9,3445,6,6,90
1531,121,2,631,6,3451,2,0,60
1532,121,2,632,3,3454,3,3,30
1533,121,2,633,6,3460,4,4,60
1534,121,2,634,8,3468,4,1,80
1535,121,2,635,9,3477,10,3,90
1536,121,2,636,7,3484,9,1,70
1537,121,2,637,2,3486,9,9,20
1538,121,2,638,3,3489,2,0,30
1539,121,2,639,3,3492,2,0,30
1540,121,2,640,3,3495,2,1,30
1541,121,2,641,4,3499,5,5,40
1542,121,2,642,6,3505,1,1,60
1543,121,2,643,7,3512,2,2,70
1544,121,2,644,6,3518,3,1,60
1545,121,2,645,3,3521,2,1,30
1546,121,2,646,3,3524,2,1,30
1547,121,2,647,2,3526,3,0,20
1548,121,2,648,6,3532,4,1,60
1549,121,2,649,9,3541,7,1,90
1550,121,2,650,7,3548,7,7,70
1551,121,2,651,8,3556,1,1,80
1552,121,2,652,3,3559,0,0,30
1553,121,2,653,2,3561,4,4,20
1554,121,2,654,7,3568,2,0,70
1555,121,2,655,6,3574,5,2,60
1556,121,2,656,7,3581,8,1,70
1557,121,2,657,6,3587,9,9,60
1558,121,2,658,8,3595,1,0,80
1559,121,2,659,9,3604,5,1,90
1560,121,2,660,4,3608,5,3,40
1561,121,2,661,6,3614,7,2,60
1562,121,2,662,3,3617,7,2,30
1563,121,2,663,4,3621,6,6,40
1564,121,2,664,4,3625,2,2,40
1565,121,2,665,7,3632,5,5,70
1566,121,2,666,7,3639,2,1,70
1567,121,2,667,7,3646,6,1,70
1568,121,2,668,6,3652,8,8,60
1569,121,2,669,7,3659,2,0,70
1570,121,2,670,7,3666,4,2,70
1571,121,2,671,6,3672,5,2,60
1572,121,2,672,9,3681,5,3,90
1573,121,2,673,8,3689,5,5,80
1574,121,2,674,6,3695,3,1,60
1575,121,2,675,6,3701,5,1,60
1576,121,2,676,7,3708,9,3,70
1577,121,2,677,9,3717,7,3,90
1578,121,2,678,8,3725,10,1,80
1579,121,2,679,9,3734,10,10,90
1580,121,2,680,3,3737,0,0,30
1581,121,2,681,8,3745,3,1,80
1582,121,2,682,4,3749,7,2,40
1583,121,2,683,9,3758,10,3,90
1584,121,2,684,6,3764,8,6,60
1585,121,2,685,2,3766,7,7,20
1586,121,2,686,5,3771,3,1,50
1587,121,2,687,2,3773,2,0,20
1588,121,2,688,3,3776,3,1,30
1589,121,2,689,9,3785,6,2,90
1590,121,2,690,8,3793,5,5,80
1591,121,2,691,9,3802,2,2,90
1592,121,2,692,6,3808,4,4,60
1593,121,2,693,9,3817,4,0,90
1594,121,2,694,5,3822,8,8,50
1595,121,2,695,7,3829,4,1,70
1596,121,2,696,4,3833,6,3,40
1597,121,2,697,7,3840,5,1,70
1598,121,2,698,8,3848,9,2,80
1599,121,2,699,3,3851,7,3,30
1600,121,2,700,6,3857,6,6,60
1601,121,2,701,9,3866,6,6,90
1602,121,2,702,7,3873,5,2,70
1603,121,2,703,5,3878,5,1,50
1604,121,2,704,7,3885,7,3,70
1605,121,2,705,7,3892,6,3,70
1606,121,2,706,9,3901,10,10,90
1607,121,2,707,5,3906,2,2,50
1608,121,2,708,2,3908,1,1,20
1609,121,2,709,6,3914,3,1,60
1610,121,2,710,2,3916,3,3,20
1611,121,2,711,5,3921,1,0,50
1612,121,2,712,2,3923,1,1,20
1613,121,2,713,7,3930,9,9,70
1614,121,2,714,3,3933,1,1,30
1615,121,2,715,3,3936,1,1,30
1616,121,2,716,6,3942,2,2,60
1617,121,2,717,3,3945,1,0,30
1618,121,2,718,3,3948,1,0,30
1619,121,2,719,5,3953,1,0,50
1620,121,2,720,8,3961,4,2,80
1621,121,2,721,2,3963,2,1,20
1622,121,2,722,7,3970,2,2,70
1623,121,2,723,8,3978,2,2,80
1624,121,2,724,4,3982,1,0,40
1625,121,2,725,9,3991,9,2,90
1626,121,2,726,9,4000,11,11,90
1627,121,2,727,4,4004,1,0,40
1628,121,2,728,5,4009,5,5,50
1629,121,2,729,9,4018,10,4,90
1630,121,2,730,9,4027,9,4,90
1631,121,2,731,8,4035,7,7,80
1632,121,2,732,3,4038,0,0,30
1633,121,2,733,2,4040,1,1,20
1634,121,2,734,3,4043,1,1,30
1635,121,2,735,5,4048,4,4,50
1636,121,2,736,8,4056,1,0,80
1637,121,2,737,5,4061,1,0,50
1638,121,2,738,2,4063,2,0,20
1639,121,2,739,9,4072,6,6,90
1640,121,2,740,6,4078,3,0,60
1641,121,2,741,3,4081,3,0,30
1642,121,2,742,6,4087,6,3,60
1643,121,2,743,4,4091,4,1,40
1644,121,2,744,7,4098,8,3,70
1645,121,2,745,9,4107,9,3,90
1646,121,2,746,4,4111,6,2,40
1647,121,2,747,8,4119,8,3,80
1648,121,2,748,2,4121,5,5,20
1649,121,2,749,7,4128,7,7,70
1650,121,2,750,8,4136,3,2,80
1651,121,2,751,9,4145,9,5,90
1652,121,2,752,9,4154,11,3,90
1653,121,2,753,9,4163,11,6,90
1654,121,2,754,9,4172,8,8,90
1655,121,2,755,4,4176,2,0,40
1656,121,2,756,5,4181,4,4,50
1657,121,2,757,9,4190,2,0,90
1658,121,2,758,7,4197,4,0,70
1659,121,2,759,6,4203,7,2,60
1660,121,2,760,6,4209,5,5,60
1661,121,2,761,5,4214,5,5,50
1662,121,2,762,5,4219,4,1,50
1663,121,2,763,6,4225,5,1,60
1664,121,2,764,3,4228,5,1,30
1665,121,2,765,9,4237,13,4,90
1666,121,2,766,2,4239,10,3,20
1667,121,2,767,7,4246,9,5,70
1668,121,2,768,4,4250,4,0,40
1669,121,2,769,5,4255,6,1,50
1670,121,2,770,2,4257,5,3,20
1671,121,2,771,6,4263,5,1,60
1672,121,2,772,9,4272,11,1,90
1673,121,2,773,7,4279,12,5,70
1674,121,2,774,3,4282,8,4,30
1675,121,2,775,8,4290,12,12,80
1676,121,2,776,5,4295,0,0,50
1677,121,2,777,4,4299,2,1,40
1678,121,2,778,5,4304,2,0,50
1679,121,2,779,3,4307,4,4,30
1680,121,2,780,5,4312,3,0,50
1681,121,2,781,8,4320,12,4,80
1682,121,2,782,4,4324,10,10,40
1683,121,2,783,9,4333,5,2,90
1684,121,2,784,8,4341,6,6,80
1685,121,2,785,6,4347,4,2,60
1686,121,2,786,8,4355,6,6,80
1687,121,2,787,5,4360,4,1,50
1688,121,2,788,5,4365,6,3,50
1689,121,2,789,3,4368,4,1,30
1690,121,2,790,7,4375,8,6,70
1691,121,2,791,9,4384,9,9,90
1692,121,2,792,2,4386,1,0,20
1693,121,2,793,3,4389,2,0,30
1694,121,2,794,2,4391,3,0,20
1695,121,2,795,6,4397,7,7,60
1696,121,2,796,6,4403,7,7,60
1697,121,2,797,7,4410,4,2,70
1698,121,2,798,2,4412,2,0,20
1699,121,2,799,2,4414,8,4,20
1700,121,2,800,3,4417,7,0,30
1701,121,2,801,5,4422,11,3,50
1702,121,2,802,2,4424,8,2,20
1703,121,2,803,9,4433,9,9,90
1704,121,2,804,3,4436,2,0,30
1705,121,2,805,8,4444,6,0,80
1706,121,2,806,7,4451,11,3,70
1707,121,2,807,6,4457,9,4,60
1708,121,2,808,3,4460,8,8,30
1709,121,2,809,3,4463,1,0,30
1710,121,2,810,9,4472,4,4,90
1711,121,2,811,9,4481,4,0,90
1712,121,2,812,4,4485,5,3,40
1713,121,2,813,4,4489,4,1,40
1714,121,2,814,5,4494,4,1,50
1715,121,2,815,5,4499,4,2,50
1716,121,2,816,2,4501,3,0,20
1717,121,2,817,4,4505,4,1,40
1718,121,2,818,2,4507,3,1,20
1719,121,2,819,3,4510,4,3,30
1720,121,2,820,5,4515,7,7,50
1721,121,2,821,8,4523,3,1,80
1722,121,2,822,3,4526,3,0,30
1723,121,2,823,6,4532,8,2,60
1724,121,2,824,4,4536,6,6,40
1725,121,2,825,7,4543,3,3,70
1726,121,2,826,3,4546,0,0,30
1727,121,2,827,8,4554,4,1,80
1728,121,2,828,9,4563,12,6,90
1729,121,2,829,3,4566,8,8,30
1730,121,2,830,9,4575,3,1,90
1731,121,2,831,7,4582,3,0,70
1732,121,2,832,8,4590,6,1,80
1733,121,2,833,2,4592,8,1,20
1734,121,2,834,6,4598,9,9,60
1735,121,2,835,4,4602,3,3,40
1736,121,2,836,3,4605,1,0,30
1737,121,2,837,8,4613,2,2,80
1738,121,2,838,5,4618,0,0,50
1739,121,2,839,7,4625,4,4,70
1740,121,2,840,3,4628,1,1,30
1741,121,2,841,7,4635,2,2,70
1742,121,2,842,4,4639,0,0,40
1743,121,2,843,7,4646,2,1,70
1744,121,2,844,7,4653,3,1,70
1745,121,2,845,2,4655,3,0,20
1746,121,2,846,4,4659,6,6,40
1747,121,2,847,9,4668,4,4,90
1748,121,2,848,2,4670,1,0,20
1749,121,2,849,6,4676,6,2,60
1750,121,2,850,3,4679,4,1,30
1751,121,2,851,4,4683,6,1,40
1752,121,2,852,2,4685,5,5,20
1753,121,2,853,2,4687,1,0,20
1754,121,2,854,2,4689,2,2,20
1755,121,2,855,4,4693,1,1,40
1756,121,2,856,2,4695,0,0,20
1757,121,2,857,7,4702,4,0,70
1758,121,2,858,8,4710,8,3,80
1759,121,2,859,3,4713,5,5,30
1760,121,2,860,3,4716,0,0,30
1761,121,2,861,3,4719,1,0,30
1762,121,2,862,8,4727,6,2,80
1763,121,2,863,9,4736,5,1,90
1764,121,2,864,2,4738,5,1,20
1765,121,2,865,9,4747,8,8,90
1766,121,2,866,6,4753,3,2,60
1767,121,2,867,2,4755,2,1,20
1768,121,2,868,8,4763,4,1,80
1769,121,2,869,7,4770,6,3,70
1770,121,2,870,3,4773,5,2,30
1771,121,2,871,8,4781,4,2,80
1772,121,2,872,3,4784,5,1,30
1773,121,2,873,8,4792,8,3,80
1774,121,2,874,7,4799,8,1,70
1775,121,2,875,9,4808,10,10,90
1776,121,2,876,3,4811,1,1,30
1777,121,2,877,5,4816,0,0,50
1778,121,2,878,8,4824,4,1,80
1779,121,2,879,8,4832,6,1,80
1780,121,2,880,4,4836,7,3,40
1781,121,2,881,3,4839,4,1,30
1782,121,2,882,3,4842,4,4,30
1783,121,2,883,2,4844,0,0,20
1784,121,2,884,6,4850,3,2,60
1785,121,2,885,7,4857,7,2,70
1786,121,2,886,9,4866,8,1,90
1787,121,2,887,8,4874,10,4,80
1788,121,2,888,2,4876,6,2,20
1789,121,2,889,5,4881,7,7,50
1790,121,2,890,3,4884,0,0,30
1791,121,2,891,2,4886,1,0,20
1792,121,2,892,7,4893,5,5,70
1793,121,2,893,9,4902,0,0,90
1794,121,2,894,6,4908,5,5,60
1795,121,2,895,2,4910,0,0,20
1796,121,2,896,5,4915,0,0,50
1797,121,2,897,5,4920,2,1,50
1798,121,2,898,8,4928,8,2,80
1799,121,2,899,7,4935,13,13,70
1800,121,2,900,2,4937,0,0,20
1801,121,2,901,8,4945,2,1,80
1802,121,2,902,9,4954,5,3,90
1803,121,2,903,9,4963,9,9,90
1804,121,2,904,2,4965,1,0,20
1805,121,2,905,2,4967,2,1,20
1806,121,2,906,5,4972,4,0,50
1807,121,2,907,7,4979,7,7,70
1808,121,2,908,5,4984,3,2,50
1809,121,2,909,2,4986,1,0,20
1810,121,2,910,6,4992,6,1,60
1811,121,2,911,2,4994,5,5,20
1812,121,3,1,4,4,2,2,40
1813,121,3,2,6,10,0,0,60
1814,121,3,3,9,19,7,3,90
1815,121,3,4,9,28,6,1,90
1816,121,3,5,4,32,5,1,40
1817,121,3,6,2,34,9,3,20
1818,121,3,7,8,42,9,9,80
1819,121,3,8,3,45,2,0,30
1820,121,3,9,8,53,9,5,80
1821,121,3,10,2,55,6,0,20
1822,121,3,11,6,61,12,3,60
1823,121,3,12,9,70,12,4,90
1824,121,3,13,3,73,9,9,30
1825,121,3,14,9,82,4,1,90
1826,121,3,15,3,85,7,3,30
1827,121,3,16,6,91,8,8,60
1828,121,3,17,9,100,5,5,90
1829,121,3,18,5,105,3,3,50
1830,121,3,19,2,107,0,0,20
1831,121,3,20,6,113,1,0,60
1832,121,3,21,6,119,3,0,60
1833,121,3,22,3,122,4,1,30
1834,121,3,23,9,131,9,3,90
1835,121,3,24,9,140,9,9,90
1836,121,3,25,2,142,0,0,20
1837,121,3,26,5,147,1,1,50
1838,121,3,27,3,150,3,1,30
1839,121,3,28,9,159,5,5,90
1840,121,3,29,2,161,1,1,20
1841,121,3,30,3,164,1,0,30
1842,121,3,31,4,168,1,1,40
1843,121,3,32,3,171,2,2,30
1844,121,3,33,2,173,1,0,20
1845,121,3,34,4,177,2,0,40
1846,121,3,35,8,185,5,2,80
1847,121,3,36,5,190,6,2,50
1848,121,3,37,8,198,11,11,80
1849,121,3,38,7,205,1,0,70
1850,121,3,39,2,207,4,2,20
1851,121,3,40,6,213,4,1,60
1852,121,3,41,3,216,5,2,30
1853,121,3,42,5,221,4,1,50
1854,121,3,43,7,228,4,4,70
1855,121,3,44,7,235,5,1,70
1856,121,3,45,5,240,6,6,50
1857,121,3,46,5,245,4,0,50
1858,121,3,47,9,254,9,3,90
1859,121,3,48,3,257,6,6,30
1860,121,3,49,4,261,3,1,40
1861,121,3,50,5,266,3,1,50
1862,121,3,51,6,272,6,1,60
1863,121,3,52,9,281,10,3,90
1864,121,3,53,8,289,13,5,80
1865,121,3,54,6,295,15,15,60
1866,121,3,55,4,299,1,0,40
1867,121,3,56,3,302,2,0,30
1868,121,3,57,8,310,9,2,80
1869,121,3,58,3,313,9,3,30
1870,121,3,59,5,318,8,1,50
1871,121,3,60,7,325,10,6,70
1872,121,3,61,3,328,8,3,30
1873,121,3,62,6,334,12,12,60
1874,121,3,63,6,340,2,0,60
1875,121,3,64,9,349,10,1,90
1876,121,3,65,9,358,14,5,90
1877,121,3,66,2,360,12,12,20
1878,121,3,67,3,363,0,0,30
1879,121,3,68,5,368,3,0,50
1880,121,3,69,2,370,4,1,20
1881,121,3,70,5,375,7,2,50
1882,121,3,71,7,382,9,3,70
1883,121,3,72,7,389,11,2,70
1884,121,3,73,7,396,10,10,70
1885,121,3,74,9,405,4,1,90
1886,121,3,75,4,409,7,3,40
1887,121,3,76,2,411,5,2,20
1888,121,3,77,5,416,5,2,50
1889,121,3,78,7,423,7,7,70
1890,121,3,79,4,427,4,4,40
1891,121,3,80,7,434,3,3,70
1892,121,3,81,8,442,7,2,80
1893,121,3,82,9,451,11,4,90
1894,121,3,83,3,454,8,8,30
1895,121,3,84,6,460,4,0,60
1896,121,3,85,9,469,11,4,90
1897,121,3,86,6,475,11,4,60
1898,121,3,87,6,481,9,4,60
1899,121,3,88,9,490,10,2,90
1900,121,3,89,7,497,12,12,70
1901,121,3,90,7,504,7,7,70
1902,121,3,91,7,511,1,0,70
1903,121,3,92,5,516,4,1,50
1904,121,3,93,9,525,8,1,90
1905,121,3,94,8,533,11,11,80
1906,121,3,95,8,541,5,5,80
1907,121,3,96,2,543,2,2,20
1908,121,3,97,9,552,3,3,90
1909,121,3,98,5,557,3,3,50
1910,121,3,99,7,564,3,0,70
1911,121,3,100,9,573,8,2,90
1912,121,3,101,2,575,7,3,20
1913,121,3,102,7,582,7,3,70
1914,121,3,103,7,589,8,8,70
1915,121,3,104,7,596,7,3,70
1916,121,3,105,9,605,8,8,90
1917,121,3,106,2,607,1,0,20
1918,121,3,107,4,611,4,4,40
1919,121,3,108,2,613,1,0,20
1920,121,3,109,9,622,3,2,90
1921,121,3,110,3,625,1,0,30
1922,121,3,111,4,629,3,3,40
1923,121,3,112,5,634,3,3,50
1924,121,3,113,9,643,6,2,90
1925,121,3,114,5,648,6,6,50
1926,121,3,115,2,650,0,0,20
1927,121,3,116,5,655,2,1,50
1928,121,3,117,7,662,4,1,70
1929,121,3,118,8,670,7,3,80
1930,121,3,119,5,675,9,4,50
1931,121,3,120,2,677,7,4,20
1932,121,3,121,4,681,5,1,40
1933,121,3,122,2,683,5,1,20
1934,121,3,123,8,691,12,4,80
1935,121,3,124,7,698,10,2,70
1936,121,3,125,6,704,11,2,60
1937,121,3,126,9,713,12,4,90
1938,121,3,127,8,721,12,4,80
1939,121,3,128,4,725,9,9,40
1940,121,3,129,8,733,3,1,80
1941,121,3,130,2,735,2,0,20
1942,121,3,131,5,740,4,1,50
1943,121,3,132,8,748,6,6,80
1944,121,3,133,3,751,1,0,30
1945,121,3,134,6,757,3,3,60
1946,121,3,135,4,761,4,2,40
1947,121,3,136,5,766,3,1,50
1948,121,3,137,8,774,4,2,80
1949,121,3,138,5,779,6,1,50
1950,121,3,139,9,788,7,7,90
1951,121,3,140,6,794,2,1,60
1952,121,3,141,5,799,3,1,50
1953,121,3,142,6,805,6,3,60
1954,121,3,143,6,811,4,1,60
1955,121,3,144,4,815,3,2,40
1956,121,3,145,6,821,4,4,60
1957,121,3,146,7,828,9,3,70
1958,121,3,147,9,837,12,5,90
1959,121,3,148,7,844,10,3,70
1960,121,3,149,5,849,12,2,50
1961,121,3,150,7,856,11,3,70
1962,121,3,151,6,862,10,3,60
1963,121,3,152,7,869,10,1,70
1964,121,3,153,6,875,15,5,60
1965,121,3,154,7,882,14,14,70
1966,121,3,155,3,885,3,1,30
1967,121,3,156,6,891,4,4,60
1968,121,3,157,6,897,1,0,60
1969,121,3,158,8,905,4,1,80
1970,121,3,159,8,913,5,1,80
1971,121,3,160,8,921,7,1,80
1972,121,3,161,6,927,10,2,60
1973,121,3,162,5,932,13,4,50
1974,121,3,163,9,941,12,4,90
1975,121,3,164,8,949,12,5,80
1976,121,3,165,7,956,8,1,70
1977,121,3,166,6,962,8,8,60
1978,121,3,167,9,971,7,3,90
1979,121,3,168,9,980,6,2,90
1980,121,3,169,4,984,6,6,40
1981,121,3,170,7,991,6,6,70
1982,121,3,171,6,997,2,2,60
1983,121,3,172,3,1000,0,0,30
1984,121,3,173,2,1002,2,2,20
1985,121,3,174,7,1009,5,5,70
1986,121,3,175,7,1016,5,3,70
1987,121,3,176,9,1025,8,2,90
1988,121,3,177,2,1027,8,2,20
1989,121,3,178,2,1029,7,3,20
1990,121,3,179,5,1034,4,1,50
1991,121,3,180,5,1039,5,1,50
1992,121,3,181,2,1041,4,3,20
1993,121,3,182,3,1044,1,0,30
1994,121,3,183,8,1052,3,3,80
1995,121,3,184,5,1057,2,0,50
1996,121,3,185,3,1060,5,2,30
1997,121,3,186,9,1069,8,8,90
1998,121,3,187,4,1073,0,0,40
1999,121,3,188,8,1081,7,0,80
2000,121,3,189,2,1083,9,2,20
2001,121,3,190,2,1085,10,3,20
2002,121,3,191,3,1088,8,3,30
2003,121,3,192,7,1095,10,10,70
2004,121,3,193,2,1097,1,0,20
2005,121,3,194,4,1101,2,1,40
2006,121,3,195,7,1108,5,0,70
2007,121,3,196,6,1114,7,0,60
2008,121,3,197,7,1121,12,8,70
2009,121,3,198,7,1128,5,2,70
2010,121,3,199,3,1131,4,0,30
2011,121,3,200,3,1134,6,6,30
2012,121,3,201,5,1139,8,1,50
2013,121,3,202,6,1145,11,0,60
2014,121,3,203,6,1151,15,8,60
2015,121,3,204,3,1154,10,4,30
2016,121,3,205,8,1162,9,2,80
2017,121,3,206,2,1164,7,4,20
2018,121,3,207,8,1172,8,2,80
2019,121,3,208,9,1181,11,4,90
2020,121,3,209,7,1188,10,4,70
2021,121,3,210,3,1191,10,10,30
2022,121,3,211,8,1199,3,1,80
2023,121,3,212,4,1203,4,0,40
2024,121,3,213,4,1207,8,1,40
2025,121,3,214,7,1214,10,1,70
2026,121,3,215,4,1218,10,4,40
2027,121,3,216,4,1222,9,3,40
2028,121,3,217,3,1225,7,2,30
2029,121,3,218,5,1230,8,3,50
2030,121,3,219,9,1239,10,10,90
2031,121,3,220,3,1242,0,0,30
2032,121,3,221,4,1246,4,3,40
2033,121,3,222,6,1252,3,3,60
2034,121,3,223,7,1259,6,6,70
2035,121,3,224,3,1262,3,0,30
2036,121,3,225,4,1266,5,5,40
2037,121,3,226,5,1271,6,4,50
2038,121,3,227,7,1278,5,0,70
2039,121,3,228,6,1284,8,4,60
2040,121,3,229,9,1293,7,2,90
2041,121,3,230,8,1301,8,3,80
2042,121,3,231,5,1306,6,6,50
2043,121,3,232,5,1311,4,1,50
2044,121,3,233,2,1313,3,0,20
2045,121,3,234,8,1321,7,3,80
2046,121,3,235,4,1325,6,2,40
2047,121,3,236,4,1329,8,8,40
2048,121,3,237,5,1334,2,2,50
2049,121,3,238,9,1343,11,11,90
2050,121,3,239,8,1351,2,0,80
2051,121,3,240,4,1355,4,1,40
2052,121,3,241,8,1363,7,3,80
2053,121,3,242,4,1367,5,3,40
2054,121,3,243,9,1376,5,5,90
2055,121,3,244,9,1385,1,0,90
2056,121,3,245,4,1389,4,0,40
2057,121,3,246,5,1394,8,3,50
2058,121,3,247,8,1402,8,3,80
2059,121,3,248,7,1409,8,0,70
2060,121,3,249,2,1411,8,2,20
2061,121,3,250,7,1418,10,6,70
2062,121,3,251,3,1421,4,2,30
2063,121,3,252,5,1426,6,1,50
2064,121,3,253,4,1430,8,2,40
2065,121,3,254,2,1432,8,3,20
2066,121,3,255,9,1441,7,7,90
2067,121,3,256,4,1445,1,0,40
2068,121,3,257,3,1448,3,3,30
2069,121,3,258,2,1450,1,0,20
2070,121,3,259,6,1456,4,0,60
2071,121,3,260,2,1458,4,0,20
2072,121,3,261,7,1465,7,1,70
2073,121,3,262,9,1474,11,1,90
2074,121,3,263,3,1477,11,1,30
2075,121,3,264,8,1485,11,11,80
2076,121,3,265,7,1492,3,3,70
2077,121,3,266,7,1499,2,0,70
2078,121,3,267,7,1506,3,2,70
2079,121,3,268,8,1514,3,3,80
2080,121,3,269,6,1520,0,0,60
2081,121,3,270,4,1524,2,1,40
2082,121,3,271,6,1530,5,0,60
2083,121,3,272,3,1533,6,1,30
2084,121,3,273,6,1539,7,7,60
2085,121,3,274,6,1545,5,5,60
2086,121,3,275,3,1548,1,1,30
2087,121,3,276,8,1556,3,1,80
2088,121,3,277,7,1563,6,1,70
2089,121,3,278,3,1566,9,2,30
2090,121,3,279,9,1575,13,6,90
2091,121,3,280,2,1577,7,3,20
2092,121,3,281,8,1585,8,2,80
2093,121,3,282,2,1587,6,3,20
2094,121,3,283,9,1596,4,4,90
2095,121,3,284,7,1603,1,0,70
2096,121,3,285,7,1610,8,8,70
2097,121,3,286,3,1613,4,1,30
2098,121,3,287,4,1617,4,0,40
2099,121,3,288,7,1624,5,1,70
2100,121,3,289,6,1630,8,8,60
2101,121,3,290,9,1639,7,1,90
2102,121,3,291,8,1647,11,4,80
2103,121,3,292,6,1653,10,10,60
2104,121,3,293,8,1661,0,0,80
2105,121,3,294,9,1670,3,1,90
2106,121,3,295,4,1674,4,2,40
2107,121,3,296,9,1683,11,1,90
2108,121,3,297,3,1686,10,10,30
2109,121,3,298,2,1688,0,0,20
2110,121,3,299,8,1696,3,3,80
2111,121,3,300,7,1703,3,0,70
2112,121,3,301,6,1709,5,3,60
2113,121,3,302,9,1718,10,1,90
2114,121,3,303,7,1725,14,14,70
2115,121,3,304,9,1734,1,1,90
2116,121,3,305,3,1737,1,0,30
2117,121,3,306,4,1741,1,1,40
2118,121,3,307,9,1750,2,2,90
2119,121,3,308,4,1754,6,1,40
2120,121,3,309,7,1761,11,6,70
2121,121,3,310,2,1763,5,5,20
2122,121,3,311,5,1768,1,1,50
2123,121,3,312,7,1775,1,1,70
2124,121,3,313,2,1777,4,1,20
2125,121,3,314,6,1783,9,3,60
2126,121,3,315,4,1787,8,3,40
2127,121,3,316,7,1794,8,2,70
2128,121,3,317,8,1802,11,11,80
2129,121,3,318,8,1810,3,0,80
2130,121,3,319,7,1817,7,7,70
2131,121,3,320,8,1825,5,1,80
2132,121,3,321,6,1831,9,3,60
2133,121,3,322,3,1834,8,2,30
2134,121,3,323,9,1843,12,6,90
2135,121,3,324,5,1848,6,6,50
2136,121,3,325,7,1855,6,2,70
2137,121,3,326,3,1858,4,1,30
2138,121,3,327,8,1866,10,4,80
2139,121,3,328,7,1873,10,2,70
2140,121,3,329,6,1879,11,3,60
2141,121,3,330,5,1884,15,3,50
2142,121,3,331,4,1888,16,2,40
2143,121,3,332,2,1890,14,6,20
2144,121,3,333,3,1893,10,3,30
2145,121,3,334,4,1897,9,9,40
2146,121,3,335,8,1905,2,2,80
2147,121,3,336,2,1907,1,0,20
2148,121,3,337,7,1914,3,0,70
2149,121,3,338,6,1920,8,2,60
2150,121,3,339,9,1929,14,4,90
2151,121,3,340,2,1931,13,4,20
2152,121,3,341,2,1933,13,5,20
2153,121,3,342,7,1940,13,4,70
2154,121,3,343,3,1943,14,1,30
2155,121,3,344,2,1945,13,3,20
2156,121,3,345,4,1949,11,4,40
2157,121,3,346,9,1958,15,15,90
2158,121,3,347,5,1963,3,1,50
2159,121,3,348,3,1966,4,4,30
2160,121,3,349,6,1972,9,3,60
2161,121,3,350,4,1976,7,1,40
2162,121,3,351,7,1983,9,9,70
2163,121,3,352,6,1989,1,1,60
2164,121,3,353,9,1998,4,4,90
2165,121,3,354,4,2002,1,0,40
2166,121,3,355,8,2010,4,0,80
2167,121,3,356,9,2019,5,5,90
2168,121,3,357,3,2022,2,2,30
2169,121,3,358,6,2028,1,0,60
2170,121,3,359,8,2036,6,0,80
2171,121,3,360,5,2041,8,0,50
2172,121,3,361,2,2043,8,0,20
2173,121,3,362,4,2047,9,9,40
2174,121,3,363,6,2053,4,1,60
2175,121,3,364,4,2057,5,3,40
2176,121,3,365,4,2061,4,1,40
2177,121,3,366,2,2063,4,1,20
2178,121,3,367,8,2071,10,1,80
2179,121,3,368,4,2075,10,10,40
2180,121,3,369,6,2081,4,2,60
2181,121,3,370,3,2084,2,0,30
2182,121,3,371,8,2092,7,7,80
2183,121,3,372,5,2097,2,1,50
2184,121,3,373,8,2105,5,5,80
2185,121,3,374,4,2109,1,0,40
2186,121,3,375,6,2115,7,3,60
2187,121,3,376,9,2124,6,2,90
2188,121,3,377,4,2128,4,1,40
2189,121,3,378,3,2131,6,6,30
2190,121,3,379,6,2137,2,0,60
2191,121,3,380,2,2139,3,1,20
2192,121,3,381,8,2147,9,3,80
2193,121,3,382,2,2149,7,3,20
2194,121,3,383,6,2155,5,0,60
2195,121,3,384,9,2164,13,13,90
2196,121,3,385,6,2170,4,4,60
2197,121,3,386,3,2173,0,0,30
2198,121,3,387,3,2176,3,3,30
2199,121,3,388,2,2178,1,0,20
2200,121,3,389,8,2186,8,3,80
2201,121,3,390,7,2193,7,7,70
2202,121,3,391,4,2197,2,0,40
2203,121,3,392,2,2199,2,0,20
2204,121,3,393,5,2204,4,2,50
2205,121,3,394,8,2212,8,3,80
2206,121,3,395,8,2220,8,2,80
2207,121,3,396,4,2224,8,8,40
2208,121,3,397,3,2227,0,0,30
2209,121,3,398,4,2231,5,1,40
2210,121,3,399,3,2234,6,1,30
2211,121,3,400,2,2236,7,2,20
2212,121,3,401,5,2241,8,8,50
2213,121,3,402,7,2248,3,3,70
2214,121,3,403,3,2251,2,2,30
2215,121,3,404,7,2258,3,1,70
2216,121,3,405,6,2264,3,1,60
2217,121,3,406,2,2266,3,1,20
2218,121,3,407,8,2274,5,2,80
2219,121,3,408,3,2277,3,0,30
2220,121,3,409,4,2281,5,2,40
2221,121,3,410,2,2283,3,3,20
2222,121,3,411,7,2290,2,2,70
2223,121,3,412,4,2294,4,4,40
2224,121,3,413,9,2303,5,5,90
2225,121,3,414,2,2305,0,0,20
2226,121,3,415,3,2308,1,1,30
2227,121,3,416,9,2317,6,2,90
2228,121,3,417,8,2325,11,5,80
2229,121,3,418,4,2329,7,7,40
2230,121,3,419,5,2334,4,1,50
2231,121,3,420,9,2343,9,9,90
2232,121,3,421,3,2346,2,0,30
2233,121,3,422,5,2351,3,3,50
2234,121,3,423,8,2359,4,4,80
2235,121,3,424,7,2366,6,6,70
2236,121,3,425,6,2372,2,1,60
2237,121,3,426,2,2374,4,4,20
2238,121,3,427,5,2379,2,1,50
2239,121,3,428,6,2385,3,0,60
2240,121,3,429,3,2388,4,2,30
2241,121,3,430,7,2395,8,4,70
2242,121,3,431,4,2399,7,1,40
2243,121,3,432,9,2408,12,4,90
2244,121,3,433,8,2416,15,3,80
2245,121,3,434,6,2422,16,16,60
2246,121,3,435,4,2426,1,0,40
2247,121,3,436,4,2430,2,0,40
2248,121,3,437,5,2435,6,2,50
2249,121,3,438,4,2439,5,1,40
2250,121,3,439,9,2448,5,5,90
2251,121,3,440,5,2453,1,0,50
2252,121,3,441,6,2459,2,0,60
2253,121,3,442,4,2463,4,1,40
2254,121,3,443,5,2468,5,1,50
2255,121,3,444,8,2476,5,3,80
2256,121,3,445,8,2484,7,7,80
2257,121,3,446,8,2492,5,5,80
2258,121,3,447,3,2495,1,0,30
2259,121,3,448,3,2498,2,0,30
2260,121,3,449,9,2507,6,1,90
2261,121,3,450,2,2509,7,1,20
2262,121,3,451,8,2517,12,6,80
2263,121,3,452,4,2521,7,7,40
2264,121,3,453,6,2527,6,6,60
2265,121,3,454,7,2534,1,0,70
2266,121,3,455,5,2539,3,0,50
2267,121,3,456,2,2541,4,0,20
2268,121,3,457,9,2550,11,2,90
2269,121,3,458,9,2559,13,13,90
2270,121,3,459,2,2561,0,0,20
2271,121,3,460,5,2566,2,0,50
2272,121,3,461,3,2569,3,3,30
2273,121,3,462,8,2577,6,6,80
2274,121,3,463,2,2579,1,1,20
2275,121,3,464,2,2581,1,1,20
2276,121,3,465,3,2584,0,0,30
2277,121,3,466,4,2588,1,0,40
2278,121,3,467,8,2596,8,6,80
2279,121,3,468,9,2605,6,1,90
2280,121,3,469,7,2612,9,2,70
2281,121,3,470,9,2621,13,7,90
2282,121,3,471,7,2628,9,2,70
2283,121,3,472,9,2637,8,3,90
2284,121,3,473,3,2640,6,1,30
2285,121,3,474,3,2643,7,7,30
2286,121,3,475,3,2646,2,0,30
2287,121,3,476,6,2652,3,2,60
2288,121,3,477,2,2654,1,0,20
2289,121,3,478,8,2662,5,1,80
2290,121,3,479,5,2667,5,5,50
2291,121,3,480,8,2675,2,1,80
2292,121,3,481,3,2678,2,1,30
2293,121,3,482,9,2687,5,5,90
2294,121,3,483,6,2693,3,1,60
2295,121,3,484,5,2698,4,1,50
2296,121,3,485,5,2703,6,4,50
2297,121,3,486,9,2712,8,2,90
2298,121,3,487,2,2714,8,8,20
2299,121,3,488,7,2721,4,0,70
2300,121,3,489,5,2726,8,5,50
2301,121,3,490,8,2734,10,2,80
2302,121,3,491,7,2741,13,6,70
2303,121,3,492,5,2746,13,4,50
2304,121,3,493,2,2748,10,10,20
2305,121,3,494,2,2750,1,1,20
2306,121,3,495,2,2752,1,0,20
2307,121,3,496,5,2757,4,4,50
2308,121,3,497,2,2759,1,0,20
2309,121,3,498,9,2768,4,1,90
2310,121,3,499,8,2776,4,1,80
2311,121,3,500,6,2782,7,7,60
2312,121,3,501,4,2786,1,1,40
2313,121,3,502,5,2791,0,0,50
2314,121,3,503,3,2794,2,2,30
2315,121,3,504,5,2799,4,0,50
2316,121,3,505,8,2807,9,9,80
2317,121,3,506,8,2815,5,2,80
2318,121,3,507,3,2818,5,2,30
2319,121,3,508,5,2823,7,7,50
2320,121,3,509,2,2825,0,0,20
2321,121,3,510,8,2833,6,2,80
2322,121,3,511,4,2837,7,7,40
2323,121,3,512,8,2845,2,0,80
2324,121,3,513,6,2851,6,2,60
2325,121,3,514,2,2853,4,1,20
2326,121,3,515,5,2858,3,2,50
2327,121,3,516,2,2860,1,0,20
2328,121,3,517,3,2863,5,5,30
2329,121,3,518,7,2870,3,1,70
2330,121,3,519,2,2872,2,2,20
2331,121,3,520,2,2874,1,0,20
2332,121,3,521,7,2881,7,2,70
2333,121,3,522,5,2886,11,11,50
2334,121,3,523,3,2889,0,0,30
2335,121,3,524,3,2892,1,0,30
2336,121,3,525,7,2899,4,1,70
2337,121,3,526,9,2908,7,0,90
2338,121,3,527,8,2916,10,2,80
2339,121,3,528,9,2925,16,7,90
2340,121,3,529,2,2927,10,5,20
2341,121,3,530,3,2930,6,1,30
2342,121,3,531,6,2936,10,1,60
2343,121,3,532,4,2940,11,4,40
2344,121,3,533,3,2943,10,10,30
2345,121,3,534,6,2949,3,1,60
2346,121,3,535,9,2958,8,1,90
2347,121,3,536,2,2960,8,2,20
2348,121,3,537,4,2964,6,0,40
2349,121,3,538,6,2970,9,3,60
2350,121,3,539,8,2978,12,3,80
2351,121,3,540,3,2981,11,4,30
2352,121,3,541,4,2985,8,0,40
2353,121,3,542,8,2993,15,15,80
2354,121,3,543,4,2997,1,0,40
2355,121,3,544,2,2999,3,1,20
2356,121,3,545,9,3008,6,6,90
2357,121,3,546,9,3017,8,5,90
2358,121,3,547,2,3019,7,2,20
2359,121,3,548,6,3025,9,3,60
2360,121,3,549,8,3033,12,12,80
2361,121,3,550,6,3039,1,0,60
2362,121,3,551,7,3046,2,0,70
2363,121,3,552,6,3052,5,5,60
2364,121,3,553,3,3055,1,0,30
2365,121,3,554,4,3059,1,1,40
2366,121,3,555,8,3067,2,2,80
2367,121,3,556,7,3074,6,1,70
2368,121,3,557,8,3082,10,2,80
2369,121,3,558,4,3086,10,1,40
2370,121,3,559,3,3089,9,2,30
2371,121,3,560,2,3091,7,7,20
2372,121,3,561,9,3100,5,1,90
2373,121,3,562,6,3106,8,2,60
2374,121,3,563,3,3109,7,4,30
2375,121,3,564,4,3113,3,0,40
2376,121,3,565,4,3117,4,1,40
2377,121,3,566,8,3125,10,10,80
2378,121,3,567,9,3134,6,1,90
2379,121,3,568,8,3142,9,2,80
2380,121,3,569,2,3144,9,3,20
2381,121,3,570,8,3152,9,9,80
2382,121,3,571,7,3159,4,4,70
2383,121,3,572,8,3167,4,1,80
2384,121,3,573,5,3172,5,0,50
2385,121,3,574,2,3174,6,3,20
2386,121,3,575,9,3183,6,1,90
2387,121,3,576,4,3187,6,1,40
2388,121,3,577,6,3193,8,8,60
2389,121,3,578,8,3201,4,2,80
2390,121,3,579,3,3204,3,0,30
2391,121,3,580,8,3212,7,5,80
2392,121,3,581,9,3221,3,1,90
2393,121,3,582,9,3230,5,5,90
2394,121,3,583,3,3233,0,0,30
2395,121,3,584,6,3239,6,6,60
2396,121,3,585,8,3247,8,8,80
2397,121,3,586,8,3255,5,5,80
2398,121,3,587,5,3260,5,2,50
2399,121,3,588,8,3268,5,1,80
2400,121,3,589,6,3274,6,0,60
2401,121,3,590,4,3278,6,1,40
2402,121,3,591,6,3284,7,1,60
2403,121,3,592,3,3287,6,3,30
2404,121,3,593,6,3293,6,2,60
2405,121,3,594,4,3297,4,4,40
2406,121,3,595,2,3299,1,1,20
2407,121,3,596,6,3305,5,1,60
2408,121,3,597,6,3311,6,6,60
2409,121,3,598,7,3318,4,2,70
2410,121,3,599,9,3327,7,3,90
2411,121,3,600,5,3332,4,4,50
2412,121,3,601,9,3341,3,2,90
2413,121,3,602,7,3348,6,6,70
2414,121,3,603,8,3356,4,4,80
2415,121,3,604,6,3362,5,4,60
2416,121,3,605,4,3366,2,0,40
2417,121,3,606,7,3373,5,1,70
2418,121,3,607,4,3377,4,4,40
2419,121,3,608,5,3382,6,1,50
2420,121,3,609,2,3384,7,2,20
2421,121,3,610,7,3391,7,7,70
2422,121,3,611,3,3394,1,1,30
2423,121,3,612,9,3403,5,2,90
2424,121,3,613,3,3406,3,0,30
2425,121,3,614,9,3415,6,6,90
2426,121,3,615,3,3418,1,0,30
2427,121,3,616,3,3421,2,2,30
2428,121,3,617,2,3423,1,0,20
2429,121,3,618,4,3427,4,0,40
2430,121,3,619,4,3431,5,1,40
2431,121,3,620,2,3433,4,4,20
2432,121,3,621,2,3435,3,1,20
2433,121,3,622,5,3440,4,0,50
2434,121,3,623,4,3444,7,7,40
2435,121,3,624,3,3447,1,0,30
2436,121,3,625,6,3453,1,0,60
2437,121,3,626,7,3460,4,4,70
2438,121,3,627,6,3466,2,0,60
2439,121,3,628,8,3474,4,0,80
2440,121,3,629,8,3482,6,2,80
2441,121,3,630,2,3484,5,5,20
2442,121,3,631,3,3487,2,2,30
2443,121,3,632,3,3490,1,0,30
2444,121,3,633,9,3499,8,8,90
2445,121,3,634,7,3506,2,0,70
2446,121,3,635,9,3515,7,1,90
2447,121,3,636,5,3520,10,10,50
2448,121,3,637,6,3526,3,1,60
2449,121,3,638,9,3535,11,6,90
2450,121,3,639,7,3542,9,9,70
2451,121,3,640,6,3548,2,2,60
2452,121,3,641,2,3550,0,0,20
2453,121,3,642,4,3554,1,1,40
2454,121,3,643,6,3560,2,0,60
2455,121,3,644,2,3562,2,0,20
2456,121,3,645,2,3564,3,3,20
2457,121,3,646,2,3566,1,1,20
2458,121,3,647,8,3574,3,0,80
2459,121,3,648,7,3581,5,2,70
2460,121,3,649,9,3590,9,9,90
2461,121,3,650,3,3593,0,0,30
2462,121,3,651,3,3596,4,1,30
2463,121,3,652,5,3601,3,0,50
2464,121,3,653,3,3604,5,0,30
2465,121,3,654,8,3612,10,3,80
2466,121,3,655,5,3617,10,3,50
2467,121,3,656,8,3625,11,4,80
2468,121,3,657,6,3631,14,2,60
2469,121,3,658,5,3636,13,8,50
2470,121,3,659,2,3638,6,2,20
2471,121,3,660,5,3643,6,6,50
2472,121,3,661,2,3645,2,2,20
2473,121,3,662,3,3648,1,1,30
2474,121,3,663,5,3653,6,6,50
2475,121,3,664,9,3662,5,2,90
2476,121,3,665,3,3665,4,4,30
2477,121,3,666,7,3672,3,3,70
2478,121,3,667,8,3680,1,0,80
2479,121,3,668,7,3687,4,3,70
2480,121,3,669,3,3690,2,2,30
2481,121,3,670,5,3695,5,1,50
2482,121,3,671,9,3704,9,9,90
2483,121,3,672,5,3709,5,1,50
2484,121,3,673,2,3711,4,1,20
2485,121,3,674,7,3718,6,2,70
2486,121,3,675,9,3727,10,10,90
2487,121,3,676,6,3733,4,4,60
2488,121,3,677,4,3737,5,1,40
2489,121,3,678,2,3739,4,0,20
2490,121,3,679,8,3747,9,3,80
2491,121,3,680,7,3754,10,3,70
2492,121,3,681,5,3759,12,1,50
2493,121,3,682,6,3765,15,15,60
2494,121,3,683,2,3767,1,0,20
2495,121,3,684,8,3775,6,6,80
2496,121,3,685,2,3777,0,0,20
2497,121,3,686,5,3782,3,0,50
2498,121,3,687,5,3787,6,3,50
2499,121,3,688,3,3790,4,0,30
2500,121,3,689,8,3798,7,0,80
2501,121,3,690,3,3801,10,1,30
2502,121,3,691,8,3809,14,6,80
2503,121,3,692,9,3818,10,10,90
2504,121,3,693,4,3822,3,3,40
2505,121,3,694,5,3827,1,1,50
2506,121,3,695,5,3832,2,0,50
2507,121,3,696,9,3841,8,2,90
2508,121,3,697,7,3848,11,3,70
2509,121,3,698,8,3856,12,12,80
2510,121,3,699,8,3864,6,1,80
2511,121,3,700,4,3868,7,2,40
2512,121,3,701,3,3871,6,6,30
2513,121,3,702,7,3878,5,5,70
2514,121,3,703,2,3880,0,0,20
2515,121,3,704,5,3885,0,0,50
2516,121,3,705,3,3888,0,0,30
2517,121,3,706,7,3895,6,6,70
2518,121,3,707,2,3897,1,0,20
2519,121,3,708,5,3902,3,3,50
2520,121,3,709,6,3908,6,6,60
2521,121,3,710,2,3910,0,0,20
2522,121,3,711,9,3919,5,5,90
2523,121,3,712,4,3923,2,0,40
2524,121,3,713,5,3928,5,0,50
2525,121,3,714,8,3936,8,8,80
2526,121,3,715,4,3940,3,0,40
2527,121,3,716,9,3949,7,2,90
2528,121,3,717,6,3955,8,3,60
2529,121,3,718,8,3963,8,2,80
2530,121,3,719,5,3968,10,4,50
2531,121,3,720,2,3970,7,1,20
2532,121,3,721,8,3978,7,2,80
2533,121,3,722,5,3983,7,1,50
2534,121,3,723,8,3991,8,0,80
2535,121,3,724,6,3997,11,2,60
2536,121,3,725,7,4004,12,5,70
2537,121,3,726,2,4006,7,7,20
2538,121,3,727,9,4015,7,0,90
2539,121,3,728,2,4017,10,1,20
2540,121,3,729,9,4026,14,1,90
2541,121,3,730,5,4031,15,2,50
2542,121,3,731,9,4040,18,4,90
2543,121,3,732,5,4045,17,6,50
2544,121,3,733,5,4050,13,4,50
2545,121,3,734,5,4055,16,7,50
2546,121,3,735,2,4057,13,13,20
2547,121,3,736,9,4066,11,5,90
2548,121,3,737,2,4068,6,3,20
2549,121,3,738,5,4073,5,2,50
2550,121,3,739,4,4077,6,2,40
2551,121,3,740,4,4081,6,1,40
2552,121,3,741,3,4084,8,3,30
2553,121,3,742,3,4087,6,1,30
2554,121,3,743,2,4089,5,1,20
2555,121,3,744,7,4096,9,5,70
2556,121,3,745,3,4099,6,0,30
2557,121,3,746,9,4108,10,4,90
2558,121,3,747,2,4110,8,8,20
2559,121,3,748,4,4114,1,0,40
2560,121,3,749,6,4120,3,0,60
2561,121,3,750,3,4123,5,5,30
2562,121,3,751,8,4131,7,7,80
2563,121,3,752,7,4138,2,2,70
2564,121,3,753,8,4146,5,5,80
2565,121,3,754,7,4153,2,2,70
2566,121,3,755,2,4155,1,1,20
2567,121,3,756,9,4164,7,7,90
2568,121,3,757,3,4167,1,0,30
2569,121,3,758,3,4170,2,2,30
2570,121,3,759,8,4178,8,8,80
2571,121,3,760,5,4183,5,5,50
2572,121,3,761,2,4185,1,0,20
2573,121,3,762,4,4189,4,4,40
2574,121,3,763,5,4194,2,2,50
2575,121,3,764,4,4198,1,0,40
2576,121,3,765,5,4203,6,6,50
2577,121,3,766,5,4208,2,2,50
2578,121,3,767,7,4215,5,2,70
2579,121,3,768,8,4223,9,3,80
2580,121,3,769,2,4225,7,0,20
2581,121,3,770,7,4232,13,13,70
2582,121,3,771,8,4240,1,0,80
2583,121,3,772,4,4244,2,0,40
2584,121,3,773,8,4252,3,1,80
2585,121,3,774,4,4256,3,1,40
2586,121,3,775,4,4260,5,1,40
2587,121,3,776,3,4263,4,1,30
2588,121,3,777,4,4267,7,7,40
2589,121,3,778,4,4271,0,0,40
2590,121,3,779,7,4278,1,1,70
2591,121,3,780,4,4282,2,1,40
2592,121,3,781,6,4288,5,1,60
2593,121,3,782,9,4297,8,8,90
2594,121,3,783,8,4305,8,8,80
2595,121,3,784,7,4312,3,0,70
2596,121,3,785,2,4314,4,4,20
2597,121,3,786,7,4321,3,2,70
2598,121,3,787,4,4325,2,1,40
2599,121,3,788,4,4329,2,2,40
2600,121,3,789,8,4337,2,1,80
2601,121,3,790,5,4342,3,0,50
2602,121,3,791,6,4348,6,6,60
2603,121,3,792,9,4357,4,0,90
2604,121,3,793,2,4359,5,0,20
2605,121,3,794,6,4365,5,1,60
2606,121,3,795,3,4368,4,4,30
2607,121,3,796,2,4370,1,0,20
2608,121,3,797,5,4375,2,2,50
2609,121,3,798,8,4383,3,1,80
2610,121,3,799,8,4391,8,3,80
2611,121,3,800,3,4394,5,2,30
2612,121,3,801,7,4401,8,8,70
2613,121,3,802,2,4403,0,0,20
2614,121,3,803,2,4405,3,1,20
2615,121,3,804,6,4411,8,8,60
2616,121,3,805,5,4416,2,0,50
2617,121,3,806,5,4421,6,2,50
2618,121,3,807,9,4430,8,3,90
2619,121,3,808,7,4437,9,5,70
2620,121,3,809,3,4440,8,3,30
2621,121,3,810,8,4448,7,3,80
2622,121,3,811,7,4455,8,8,70
2623,121,3,812,4,4459,3,3,40
2624,121,3,813,2,4461,1,0,20
2625,121,3,814,5,4466,4,0,50
2626,121,3,815,7,4473,6,1,70
2627,121,3,816,6,4479,8,1,60
2628,121,3,817,9,4488,9,4,90
2629,121,3,818,5,4493,9,0,50
2630,121,3,819,4,4497,10,10,40
2631,121,3,820,2,4499,2,2,20
2632,121,3,821,9,4508,5,5,90
2633,121,3,822,8,4516,2,0,80
2634,121,3,823,4,4520,2,2,40
2635,121,3,824,3,4523,1,0,30
2636,121,3,825,8,4531,8,8,80
2637,121,3,826,4,4535,2,2,40
2638,121,3,827,4,4539,2,2,40
2639,121,3,828,4,4543,4,3,40
2640,121,3,829,9,4552,3,0,90
2641,121,3,830,6,4558,9,9,60
2642,121,3,831,4,4562,2,0,40
2643,121,3,832,6,4568,7,4,60
2644,121,3,833,5,4573,7,7,50
2645,121,3,834,6,4579,4,4,60
2646,121,3,835,8,4587,5,1,80
2647,121,3,836,8,4595,6,0,80
2648,121,3,837,4,4599,7,7,40
2649,121,3,838,6,4605,2,0,60
2650,121,3,839,3,4608,2,2,30
2651,121,3,840,8,4616,4,2,80
2652,121,3,841,8,4624,7,1,80
2653,121,3,842,8,4632,9,2,80
2654,121,3,843,7,4639,11,11,70
2655,121,3,844,3,4642,0,0,30
2656,121,3,845,5,4647,3,1,50
2657,121,3,846,5,4652,5,0,50
2658,121,3,847,9,4661,8,1,90
2659,121,3,848,4,4665,8,2,40
2660,121,3,849,9,4674,12,3,90
2661,121,3,850,6,4680,14,14,60
2662,121,3,851,4,4684,3,3,40
2663,121,3,852,3,4687,1,1,30
2664,121,3,853,7,4694,4,4,70
2665,121,3,854,9,4703,5,0,90
2666,121,3,855,5,4708,6,1,50
2667,121,3,856,8,4716,10,10,80
2668,121,3,857,9,4725,3,1,90
2669,121,3,858,4,4729,3,1,40
2670,121,3,859,8,4737,3,0,80
2671,121,3,860,3,4740,5,5,30
2672,121,3,861,6,4746,3,0,60
2673,121,3,862,6,4752,4,1,60
2674,121,3,863,7,4759,4,4,70
2675,121,3,864,5,4764,1,0,50
2676,121,3,865,4,4768,2,1,40
2677,121,3,866,2,4770,2,0,20
2678,121,3,867,3,4773,2,0,30
2679,121,3,868,4,4777,5,0,40
2680,121,3,869,7,4784,15,4,70
2681,121,3,870,5,4789,14,4,50
2682,121,3,871,4,4793,13,13,40
2683,121,3,872,2,4795,0,0,20
2684,121,3,873,7,4802,7,2,70
2685,121,3,874,2,4804,6,1,20
2686,121,3,875,7,4811,7,7,70
2687,121,3,876,9,4820,5,2,90
2688,121,3,877,7,4827,6,6,70
2689,121,3,878,9,4836,7,5,90
2690,121,3,879,7,4843,6,6,70
2691,121,3,880,9,4852,6,1,90
2692,121,3,881,2,4854,6,2,20
2693,121,3,882,3,4857,4,4,30
2694,121,3,883,8,4865,1,1,80
2695,121,3,884,4,4869,2,1,40
2696,121,3,885,4,4873,2,0,40
2697,121,3,886,9,4882,4,1,90
2698,121,3,887,2,4884,5,2,20
2699,121,3,888,4,4888,4,4,40
2700,121,3,889,3,4891,2,0,30
2701,121,3,890,6,4897,7,7,60
2702,121,3,891,3,4900,0,0,30
2703,121,3,892,3,4903,3,3,30
2704,121,3,893,4,4907,1,0,40
2705,121,3,894,2,4909,2,0,20
2706,121,3,895,2,4911,5,1,20
2707,121,3,896,7,4918,7,1,70
2708,121,3,897,3,4921,8,4,30
2709,121,3,898,9,4930,8,4,90
2710,121,3,899,6,4936,10,10,60
2711,121,3,900,7,4943,1,0,70
2712,121,3,901,5,4948,4,4,50
2713,121,3,902,9,4957,3,3,90
2714,121,3,903,5,4962,3,0,50
2715,121,3,904,5,4967,8,8,50
2716,121,3,905,6,4973,1,0,60
2717,121,3,906,6,4979,3,3,60
2718,121,3,907,6,4985,3,0,60
2719,121,3,908,7,4992,4,1,70
