,Scenario,Trial,Inspection,Interval,Time,Accumulation,Defects,Rate
0,324,1,1,5,5,5,5,50
1,324,1,2,9,14,3,3,90
2,324,1,3,5,19,5,5,50
3,324,1,4,8,27,3,3,80
4,324,1,5,6,33,2,2,60
5,324,1,6,7,40,6,0,70
6,324,1,7,8,48,9,9,80
7,324,1,8,3,51,2,2,30
8,324,1,9,9,60,8,8,90
9,324,1,10,6,66,1,1,60
10,324,1,11,8,74,1,1,80
11,324,1,12,9,83,7,7,90
12,324,1,13,6,89,6,6,60
13,324,1,14,4,93,3,3,40
14,324,1,15,4,97,1,1,40
15,324,1,16,2,99,1,1,20
16,324,1,17,5,104,4,4,50
17,324,1,18,5,109,1,1,50
18,324,1,19,3,112,0,0,30
19,324,1,20,7,119,3,3,70
20,324,1,21,7,126,2,2,70
21,324,1,22,3,129,2,2,30
22,324,1,23,4,133,4,4,40
23,324,1,24,9,142,3,0,90
24,324,1,25,5,147,7,7,50
25,324,1,26,2,149,1,1,20
26,324,1,27,9,158,5,5,90
27,324,1,28,4,162,1,1,40
28,324,1,29,7,169,5,5,70
29,324,1,30,8,177,7,7,80
30,324,1,31,9,186,4,4,90
31,324,1,32,4,190,2,2,40
32,324,1,33,5,195,2,2,50
33,324,1,34,4,199,1,1,40
34,324,1,35,4,203,7,7,40
35,324,1,36,5,208,2,2,50
36,324,1,37,5,213,2,2,50
37,324,1,38,3,216,1,1,30
38,324,1,39,2,218,0,0,20
39,324,1,40,3,221,0,0,30
40,324,1,41,6,227,5,5,60
41,324,1,42,6,233,1,1,60
42,324,1,43,6,239,3,3,60
43,324,1,44,6,245,4,4,60
44,324,1,45,3,248,2,2,30
45,324,1,46,9,257,7,7,90
46,324,1,47,6,263,6,6,60
47,324,1,48,6,269,4,4,60
48,324,1,49,7,276,3,3,70
49,324,1,50,6,282,3,3,60
50,324,1,51,5,287,2,2,50
51,324,1,52,9,296,5,5,90
52,324,1,53,6,302,5,5,60
53,324,1,54,7,309,5,0,70
54,324,1,55,4,313,6,6,40
55,324,1,56,8,321,4,4,80
56,324,1,57,4,325,1,1,40
57,324,1,58,6,331,0,0,60
58,324,1,59,8,339,5,5,80
59,324,1,60,2,341,1,1,20
60,324,1,61,9,350,4,4,90
61,324,1,62,5,355,2,2,50
62,324,1,63,5,360,2,2,50
63,324,1,64,8,368,2,2,80
64,324,1,65,9,377,5,5,90
65,324,1,66,9,386,1,0,90
66,324,1,67,2,388,3,3,20
67,324,1,68,3,391,0,0,30
68,324,1,69,4,395,2,2,40
69,324,1,70,5,400,4,4,50
70,324,1,71,6,406,3,3,60
71,324,1,72,7,413,2,2,70
72,324,1,73,3,416,3,3,30
73,324,1,74,9,425,5,5,90
74,324,1,75,8,433,3,3,80
75,324,1,76,5,438,2,2,50
76,324,1,77,2,440,1,1,20
77,324,1,78,6,446,2,0,60
78,324,1,79,6,452,5,0,60
79,324,1,80,9,461,7,7,90
80,324,1,81,7,468,5,5,70
81,324,1,82,9,477,4,4,90
82,324,1,83,7,484,8,8,70
83,324,1,84,6,490,2,2,60
84,324,1,85,7,497,3,3,70
85,324,1,86,5,502,1,1,50
86,324,1,87,3,505,0,0,30
87,324,1,88,7,512,2,2,70
88,324,1,89,9,521,1,1,90
89,324,1,90,9,530,3,3,90
90,324,1,91,4,534,3,0,40
91,324,1,92,3,537,5,5,30
92,324,1,93,6,543,3,3,60
93,324,1,94,9,552,6,6,90
94,324,1,95,4,556,1,1,40
95,324,1,96,7,563,10,2,70
96,324,1,97,8,571,11,0,80
97,324,1,98,4,575,12,12,40
98,324,1,99,9,584,5,0,90
99,324,1,100,8,592,11,11,80
100,324,1,101,8,600,2,2,80
101,324,1,102,4,604,0,0,40
102,324,1,103,6,610,1,1,60
103,324,1,104,8,618,1,1,80
104,324,1,105,6,624,5,5,60
105,324,1,106,9,633,0,0,90
106,324,1,107,5,638,3,3,50
107,324,1,108,6,644,5,5,60
108,324,1,109,2,646,2,0,20
109,324,1,110,8,654,5,5,80
110,324,1,111,5,659,3,3,50
111,324,1,112,3,662,2,2,30
112,324,1,113,4,666,5,5,40
113,324,1,114,6,672,6,6,60
114,324,1,115,8,680,6,6,80
115,324,1,116,5,685,2,2,50
116,324,1,117,3,688,3,3,30
117,324,1,118,3,691,2,2,30
118,324,1,119,6,697,3,3,60
119,324,1,120,8,705,2,2,80
120,324,1,121,6,711,3,1,60
121,324,1,122,3,714,3,3,30
122,324,1,123,2,716,1,1,20
123,324,1,124,4,720,1,1,40
124,324,1,125,6,726,4,4,60
125,324,1,126,7,733,4,4,70
126,324,1,127,6,739,5,5,60
127,324,1,128,8,747,1,1,80
128,324,1,129,9,756,5,5,90
129,324,1,130,6,762,1,1,60
130,324,1,131,5,767,2,2,50
131,324,1,132,7,774,4,4,70
132,324,1,133,8,782,1,1,80
133,324,1,134,2,784,0,0,20
134,324,1,135,6,790,3,3,60
135,324,1,136,7,797,5,0,70
136,324,1,137,3,800,8,8,30
137,324,1,138,3,803,4,4,30
138,324,1,139,7,810,4,4,70
139,324,1,140,3,813,2,2,30
140,324,1,141,4,817,4,4,40
141,324,1,142,8,825,5,5,80
142,324,1,143,3,828,1,1,30
143,324,1,144,3,831,0,0,30
144,324,1,145,8,839,3,3,80
145,324,1,146,5,844,4,4,50
146,324,1,147,7,851,3,3,70
147,324,1,148,8,859,8,8,80
148,324,1,149,9,868,3,3,90
149,324,1,150,8,876,7,7,80
150,324,1,151,5,881,3,3,50
151,324,1,152,8,889,3,3,80
152,324,1,153,5,894,1,0,50
153,324,1,154,2,896,5,5,20
154,324,1,155,3,899,0,0,30
155,324,1,156,3,902,0,0,30
156,324,1,157,5,907,2,2,50
157,324,1,158,9,916,3,3,90
158,324,1,159,9,925,7,7,90
159,324,1,160,9,934,5,5,90
160,324,1,161,3,937,0,0,30
161,324,1,162,2,939,1,0,20
162,324,1,163,3,942,3,3,30
163,324,1,164,5,947,2,2,50
164,324,1,165,2,949,1,1,20
165,324,1,166,7,956,2,2,70
166,324,1,167,5,961,2,2,50
167,324,1,168,6,967,3,3,60
168,324,1,169,7,974,5,5,70
169,324,1,170,4,978,1,0,40
170,324,1,171,5,983,3,3,50
171,324,1,172,8,991,7,7,80
172,324,1,173,8,999,7,7,80
173,324,1,174,3,1002,4,4,30
174,324,1,175,7,1009,1,1,70
175,324,1,176,8,1017,5,5,80
176,324,1,177,9,1026,5,5,90
177,324,1,178,4,1030,0,0,40
178,324,1,179,7,1037,3,3,70
179,324,1,180,2,1039,1,1,20
180,324,1,181,8,1047,8,8,80
181,324,1,182,5,1052,5,5,50
182,324,1,183,4,1056,3,3,40
183,324,1,184,3,1059,2,2,30
184,324,1,185,4,1063,4,0,40
185,324,1,186,3,1066,4,4,30
186,324,1,187,6,1072,3,3,60
187,324,1,188,7,1079,1,1,70
188,324,1,189,4,1083,1,1,40
189,324,1,190,8,1091,5,5,80
190,324,1,191,7,1098,7,7,70
191,324,1,192,2,1100,1,1,20
192,324,1,193,8,1108,3,0,80
193,324,1,194,9,1117,8,8,90
194,324,1,195,5,1122,0,0,50
195,324,1,196,8,1130,7,7,80
196,324,1,197,6,1136,4,4,60
197,324,1,198,7,1143,5,5,70
198,324,1,199,9,1152,3,3,90
199,324,1,200,8,1160,5,5,80
200,324,1,201,2,1162,0,0,20
201,324,1,202,7,1169,6,6,70
202,324,1,203,9,1178,3,3,90
203,324,1,204,3,1181,1,1,30
204,324,1,205,4,1185,2,0,40
205,324,1,206,5,1190,5,5,50
206,324,1,207,6,1196,1,1,60
207,324,1,208,9,1205,2,2,90
208,324,1,209,5,1210,0,0,50
209,324,1,210,6,1216,1,1,60
210,324,1,211,9,1225,4,4,90
211,324,1,212,2,1227,5,5,20
212,324,1,213,6,1233,2,0,60
213,324,1,214,4,1237,4,4,40
214,324,1,215,4,1241,2,2,40
215,324,1,216,4,1245,2,2,40
216,324,1,217,8,1253,6,6,80
217,324,1,218,2,1255,3,3,20
218,324,1,219,5,1260,1,1,50
219,324,1,220,2,1262,2,2,20
220,324,1,221,8,1270,5,5,80
221,324,1,222,3,1273,1,1,30
222,324,1,223,7,1280,3,3,70
223,324,1,224,6,1286,3,3,60
224,324,1,225,9,1295,5,5,90
225,324,1,226,2,1297,0,0,20
226,324,1,227,2,1299,4,4,20
227,324,1,228,2,1301,1,1,20
228,324,1,229,8,1309,2,2,80
229,324,1,230,7,1316,3,3,70
230,324,1,231,5,1321,3,3,50
231,324,1,232,9,1330,3,0,90
232,324,1,233,7,1337,10,10,70
233,324,1,234,4,1341,1,1,40
234,324,1,235,6,1347,2,2,60
235,324,1,236,7,1354,4,4,70
236,324,1,237,4,1358,1,1,40
237,324,1,238,8,1366,3,3,80
238,324,1,239,5,1371,0,0,50
239,324,1,240,8,1379,2,2,80
240,324,1,241,7,1386,4,4,70
241,324,1,242,2,1388,2,2,20
242,324,1,243,7,1395,3,3,70
243,324,1,244,6,1401,2,2,60
244,324,1,245,7,1408,4,4,70
245,324,1,246,5,1413,2,2,50
246,324,1,247,6,1419,2,2,60
247,324,1,248,9,1428,9,9,90
248,324,1,249,5,1433,4,0,50
249,324,1,250,3,1436,6,6,30
250,324,1,251,4,1440,4,4,40
251,324,1,252,4,1444,2,2,40
252,324,1,253,8,1452,3,3,80
253,324,1,254,2,1454,1,1,20
254,324,1,255,2,1456,0,0,20
255,324,1,256,7,1463,5,5,70
256,324,1,257,5,1468,1,1,50
257,324,1,258,6,1474,1,1,60
258,324,1,259,7,1481,6,0,70
259,324,1,260,8,1489,10,0,80
260,324,1,261,2,1491,11,11,20
261,324,1,262,5,1496,1,1,50
262,324,1,263,4,1500,1,0,40
263,324,1,264,9,1509,5,5,90
264,324,1,265,9,1518,10,10,90
265,324,1,266,7,1525,5,5,70
266,324,1,267,5,1530,4,4,50
267,324,1,268,9,1539,5,5,90
268,324,1,269,7,1546,3,3,70
269,324,1,270,4,1550,3,3,40
270,324,1,271,8,1558,5,5,80
271,324,1,272,5,1563,4,4,50
272,324,1,273,7,1570,2,2,70
273,324,1,274,8,1578,7,7,80
274,324,1,275,4,1582,2,2,40
275,324,1,276,8,1590,3,3,80
276,324,1,277,7,1597,4,4,70
277,324,1,278,2,1599,1,1,20
278,324,1,279,4,1603,5,5,40
279,324,1,280,8,1611,4,4,80
280,324,1,281,3,1614,1,1,30
281,324,1,282,7,1621,7,7,70
282,324,1,283,8,1629,6,6,80
283,324,1,284,2,1631,2,2,20
284,324,1,285,5,1636,1,1,50
285,324,1,286,7,1643,3,3,70
286,324,1,287,7,1650,0,0,70
287,324,1,288,4,1654,2,2,40
288,324,1,289,4,1658,4,4,40
289,324,1,290,3,1661,1,1,30
290,324,1,291,3,1664,3,3,30
291,324,1,292,8,1672,3,3,80
292,324,1,293,4,1676,1,1,40
293,324,1,294,8,1684,0,0,80
294,324,1,295,3,1687,1,1,30
295,324,1,296,3,1690,1,1,30
296,324,1,297,4,1694,3,3,40
297,324,1,298,4,1698,3,3,40
298,324,1,299,8,1706,4,4,80
299,324,1,300,9,1715,4,4,90
300,324,1,301,4,1719,5,5,40
301,324,1,302,2,1721,1,1,20
302,324,1,303,4,1725,0,0,40
303,324,1,304,8,1733,3,0,80
304,324,1,305,8,1741,9,9,80
305,324,1,306,7,1748,3,3,70
306,324,1,307,9,1757,4,4,90
307,324,1,308,5,1762,3,3,50
308,324,1,309,5,1767,2,2,50
309,324,1,310,9,1776,4,0,90
310,324,1,311,7,1783,8,8,70
311,324,1,312,7,1790,2,2,70
312,324,1,313,7,1797,3,0,70
313,324,1,314,9,1806,5,5,90
314,324,1,315,3,1809,0,0,30
315,324,1,316,2,1811,1,1,20
316,324,1,317,8,1819,10,10,80
317,324,1,318,5,1824,1,1,50
318,324,1,319,2,1826,2,2,20
319,324,1,320,4,1830,0,0,40
320,324,1,321,9,1839,2,2,90
321,324,1,322,5,1844,4,4,50
322,324,1,323,9,1853,1,1,90
323,324,1,324,9,1862,2,2,90
324,324,1,325,2,1864,0,0,20
325,324,1,326,2,1866,1,1,20
326,324,1,327,7,1873,6,6,70
327,324,1,328,8,1881,5,5,80
328,324,1,329,6,1887,3,3,60
329,324,1,330,6,1893,2,2,60
330,324,1,331,7,1900,5,0,70
331,324,1,332,5,1905,7,7,50
332,324,1,333,3,1908,2,2,30
333,324,1,334,8,1916,2,2,80
334,324,1,335,9,1925,4,4,90
335,324,1,336,5,1930,0,0,50
336,324,1,337,9,1939,3,3,90
337,324,1,338,4,1943,1,1,40
338,324,1,339,5,1948,3,3,50
339,324,1,340,2,1950,0,0,20
340,324,1,341,2,1952,1,0,20
341,324,1,342,7,1959,4,4,70
342,324,1,343,6,1965,1,1,60
343,324,1,344,2,1967,0,0,20
344,324,1,345,4,1971,1,1,40
345,324,1,346,7,1978,6,6,70
346,324,1,347,5,1983,4,4,50
347,324,1,348,6,1989,4,0,60
348,324,1,349,4,1993,8,8,40
349,324,1,350,7,2000,3,3,70
350,324,1,351,8,2008,4,4,80
351,324,1,352,7,2015,5,5,70
352,324,1,353,3,2018,0,0,30
353,324,1,354,3,2021,4,4,30
354,324,1,355,3,2024,2,2,30
355,324,1,356,9,2033,3,3,90
356,324,1,357,4,2037,1,0,40
357,324,1,358,5,2042,3,3,50
358,324,1,359,3,2045,2,2,30
359,324,1,360,4,2049,3,3,40
360,324,1,361,3,2052,2,2,30
361,324,1,362,7,2059,3,3,70
362,324,1,363,9,2068,5,5,90
363,324,1,364,4,2072,2,2,40
364,324,1,365,9,2081,5,0,90
365,324,1,366,5,2086,7,7,50
366,324,1,367,4,2090,4,4,40
367,324,1,368,4,2094,0,0,40
368,324,1,369,7,2101,4,4,70
369,324,1,370,8,2109,5,5,80
370,324,1,371,8,2117,2,0,80
371,324,1,372,4,2121,3,3,40
372,324,1,373,8,2129,5,5,80
373,324,1,374,9,2138,3,3,90
374,324,1,375,7,2145,4,4,70
375,324,1,376,6,2151,6,6,60
376,324,1,377,2,2153,1,1,20
377,324,1,378,9,2162,1,1,90
378,324,1,379,7,2169,1,0,70
379,324,1,380,2,2171,4,4,20
380,324,1,381,4,2175,3,3,40
381,324,1,382,2,2177,1,1,20
382,324,1,383,2,2179,0,0,20
383,324,1,384,4,2183,1,1,40
384,324,1,385,8,2191,1,1,80
385,324,1,386,7,2198,1,1,70
386,324,1,387,9,2207,2,2,90
387,324,1,388,3,2210,2,2,30
388,324,1,389,4,2214,3,3,40
389,324,1,390,4,2218,1,1,40
390,324,1,391,6,2224,1,1,60
391,324,1,392,5,2229,2,2,50
392,324,1,393,8,2237,3,3,80
393,324,1,394,9,2246,6,6,90
394,324,1,395,4,2250,6,0,40
395,324,1,396,5,2255,9,9,50
396,324,1,397,6,2261,2,2,60
397,324,1,398,7,2268,5,5,70
398,324,1,399,7,2275,5,5,70
399,324,1,400,4,2279,2,2,40
400,324,1,401,8,2287,4,4,80
401,324,1,402,9,2296,1,1,90
402,324,1,403,4,2300,5,5,40
403,324,1,404,7,2307,3,3,70
404,324,1,405,3,2310,1,1,30
405,324,1,406,8,2318,1,1,80
406,324,1,407,4,2322,1,1,40
407,324,1,408,5,2327,5,5,50
408,324,1,409,2,2329,0,0,20
409,324,1,410,5,2334,2,2,50
410,324,1,411,5,2339,2,2,50
411,324,1,412,5,2344,5,5,50
412,324,1,413,9,2353,7,7,90
413,324,1,414,8,2361,5,5,80
414,324,1,415,4,2365,2,2,40
415,324,1,416,7,2372,4,4,70
416,324,1,417,3,2375,0,0,30
417,324,1,418,5,2380,2,2,50
418,324,1,419,8,2388,7,7,80
419,324,1,420,8,2396,5,5,80
420,324,1,421,3,2399,0,0,30
421,324,1,422,3,2402,2,2,30
422,324,1,423,2,2404,1,1,20
423,324,1,424,9,2413,10,10,90
424,324,1,425,4,2417,2,2,40
425,324,1,426,5,2422,4,4,50
426,324,1,427,6,2428,2,2,60
427,324,1,428,6,2434,1,1,60
428,324,1,429,4,2438,1,1,40
429,324,1,430,7,2445,1,1,70
430,324,1,431,3,2448,0,0,30
431,324,1,432,7,2455,5,5,70
432,324,1,433,3,2458,0,0,30
433,324,1,434,6,2464,4,4,60
434,324,1,435,4,2468,2,2,40
435,324,1,436,8,2476,4,4,80
436,324,1,437,2,2478,2,0,20
437,324,1,438,6,2484,4,4,60
438,324,1,439,2,2486,1,1,20
439,324,1,440,8,2494,4,4,80
440,324,1,441,5,2499,3,3,50
441,324,1,442,9,2508,6,1,90
442,324,1,443,3,2511,8,8,30
443,324,1,444,8,2519,3,3,80
444,324,1,445,8,2527,4,4,80
445,324,1,446,8,2535,8,0,80
446,324,1,447,4,2539,8,8,40
447,324,1,448,6,2545,4,4,60
448,324,1,449,9,2554,2,2,90
449,324,1,450,7,2561,5,5,70
450,324,1,451,2,2563,0,0,20
451,324,1,452,3,2566,3,3,30
452,324,1,453,7,2573,3,3,70
453,324,1,454,7,2580,2,2,70
454,324,1,455,2,2582,0,0,20
455,324,1,456,5,2587,1,1,50
456,324,1,457,2,2589,2,2,20
457,324,1,458,8,2597,5,5,80
458,324,1,459,9,2606,6,0,90
459,324,1,460,3,2609,6,6,30
460,324,1,461,6,2615,6,6,60
461,324,1,462,3,2618,2,0,30
462,324,1,463,8,2626,10,10,80
463,324,1,464,7,2633,7,7,70
464,324,1,465,7,2640,2,2,70
465,324,1,466,7,2647,4,4,70
466,324,1,467,9,2656,3,3,90
467,324,1,468,6,2662,3,3,60
468,324,1,469,2,2664,1,1,20
469,324,1,470,7,2671,2,2,70
470,324,1,471,6,2677,3,3,60
471,324,1,472,7,2684,3,3,70
472,324,1,473,8,2692,1,1,80
473,324,1,474,8,2700,1,1,80
474,324,1,475,5,2705,2,2,50
475,324,1,476,7,2712,1,0,70
476,324,1,477,5,2717,1,1,50
477,324,1,478,2,2719,1,1,20
478,324,1,479,5,2724,3,3,50
479,324,1,480,4,2728,3,3,40
480,324,1,481,3,2731,1,1,30
481,324,1,482,8,2739,4,4,80
482,324,1,483,2,2741,0,0,20
483,324,1,484,6,2747,5,5,60
484,324,1,485,7,2754,2,2,70
485,324,1,486,9,2763,3,3,90
486,324,1,487,4,2767,2,2,40
487,324,1,488,2,2769,2,2,20
488,324,1,489,3,2772,3,3,30
489,324,1,490,9,2781,5,5,90
490,324,1,491,2,2783,0,0,20
491,324,1,492,9,2792,2,2,90
492,324,1,493,3,2795,1,0,30
493,324,1,494,2,2797,2,2,20
494,324,1,495,6,2803,1,1,60
495,324,1,496,5,2808,3,3,50
496,324,1,497,7,2815,6,6,70
497,324,1,498,5,2820,1,1,50
498,324,1,499,8,2828,1,1,80
499,324,1,500,6,2834,1,1,60
500,324,1,501,5,2839,2,2,50
501,324,1,502,8,2847,5,5,80
502,324,1,503,9,2856,5,5,90
503,324,1,504,4,2860,1,0,40
504,324,1,505,2,2862,1,1,20
505,324,1,506,8,2870,2,2,80
506,324,1,507,8,2878,4,4,80
507,324,1,508,9,2887,5,1,90
508,324,1,509,7,2894,5,5,70
509,324,1,510,6,2900,1,1,60
510,324,1,511,5,2905,2,2,50
511,324,1,512,4,2909,2,2,40
512,324,1,513,4,2913,5,2,40
513,324,1,514,9,2922,14,14,90
514,324,1,515,7,2929,2,2,70
515,324,1,516,7,2936,4,4,70
516,324,1,517,3,2939,0,0,30
517,324,1,518,9,2948,6,2,90
518,324,1,519,6,2954,6,6,60
519,324,1,520,5,2959,6,6,50
520,324,1,521,5,2964,0,0,50
521,324,1,522,4,2968,2,2,40
522,324,1,523,6,2974,3,3,60
523,324,1,524,8,2982,6,6,80
524,324,1,525,6,2988,4,4,60
525,324,1,526,3,2991,1,1,30
526,324,1,527,3,2994,2,2,30
527,324,1,528,2,2996,0,0,20
528,324,1,529,9,3005,4,4,90
529,324,1,530,9,3014,1,0,90
530,324,1,531,4,3018,6,6,40
531,324,1,532,4,3022,1,1,40
532,324,1,533,8,3030,7,7,80
533,324,1,534,9,3039,1,1,90
534,324,1,535,7,3046,4,4,70
535,324,1,536,2,3048,1,1,20
536,324,1,537,8,3056,7,7,80
537,324,1,538,3,3059,1,1,30
538,324,1,539,6,3065,3,0,60
539,324,1,540,5,3070,7,7,50
540,324,1,541,2,3072,2,2,20
541,324,1,542,5,3077,0,0,50
542,324,1,543,3,3080,3,0,30
543,324,1,544,4,3084,6,6,40
544,324,1,545,5,3089,2,2,50
545,324,1,546,7,3096,4,4,70
546,324,1,547,6,3102,4,4,60
547,324,1,548,7,3109,5,5,70
548,324,1,549,5,3114,1,1,50
549,324,1,550,4,3118,3,0,40
550,324,1,551,3,3121,4,4,30
551,324,1,552,9,3130,3,3,90
552,324,1,553,5,3135,2,2,50
553,324,1,554,2,3137,1,1,20
554,324,1,555,9,3146,4,4,90
555,324,1,556,5,3151,5,5,50
556,324,1,557,3,3154,1,1,30
557,324,1,558,8,3162,2,0,80
558,324,1,559,3,3165,4,4,30
559,324,1,560,2,3167,2,2,20
560,324,1,561,4,3171,1,1,40
561,324,1,562,3,3174,0,0,30
562,324,1,563,6,3180,2,2,60
563,324,1,564,5,3185,1,1,50
564,324,1,565,7,3192,3,3,70
565,324,1,566,2,3194,0,0,20
566,324,1,567,4,3198,3,3,40
567,324,1,568,8,3206,7,7,80
568,324,1,569,4,3210,1,1,40
569,324,1,570,4,3214,1,1,40
570,324,1,571,4,3218,2,2,40
571,324,1,572,2,3220,0,0,20
572,324,1,573,3,3223,2,2,30
573,324,1,574,2,3225,0,0,20
574,324,1,575,4,3229,3,3,40
575,324,1,576,2,3231,1,1,20
576,324,1,577,5,3236,2,2,50
577,324,1,578,8,3244,4,4,80
578,324,1,579,5,3249,3,3,50
579,324,1,580,5,3254,3,3,50
580,324,1,581,9,3263,3,3,90
581,324,1,582,4,3267,1,1,40
582,324,1,583,4,3271,1,1,40
583,324,1,584,8,3279,9,1,80
584,324,1,585,9,3288,17,17,90
585,324,1,586,7,3295,4,4,70
586,324,1,587,5,3300,1,1,50
587,324,1,588,5,3305,1,1,50
588,324,1,589,8,3313,7,0,80
589,324,1,590,6,3319,9,9,60
590,324,1,591,9,3328,5,5,90
591,324,1,592,2,3330,0,0,20
592,324,1,593,6,3336,7,0,60
593,324,1,594,3,3339,8,8,30
594,324,1,595,9,3348,9,0,90
595,324,1,596,9,3357,15,15,90
596,324,1,597,2,3359,1,1,20
597,324,1,598,8,3367,6,6,80
598,324,1,599,4,3371,2,2,40
599,324,1,600,4,3375,2,2,40
600,324,1,601,4,3379,2,2,40
601,324,1,602,8,3387,2,2,80
602,324,1,603,8,3395,2,2,80
603,324,1,604,6,3401,3,3,60
604,324,1,605,2,3403,1,1,20
605,324,1,606,5,3408,4,4,50
606,324,1,607,8,3416,4,4,80
607,324,1,608,2,3418,1,1,20
608,324,1,609,7,3425,3,3,70
609,324,1,610,2,3427,2,2,20
610,324,1,611,2,3429,0,0,20
611,324,1,612,9,3438,2,2,90
612,324,1,613,2,3440,2,2,20
613,324,1,614,8,3448,3,0,80
614,324,1,615,4,3452,5,5,40
615,324,1,616,6,3458,4,4,60
616,324,1,617,9,3467,5,5,90
617,324,1,618,7,3474,7,7,70
618,324,1,619,6,3480,5,5,60
619,324,1,620,4,3484,4,4,40
620,324,1,621,4,3488,2,0,40
621,324,1,622,2,3490,3,3,20
622,324,1,623,2,3492,2,2,20
623,324,1,624,3,3495,3,3,30
624,324,1,625,4,3499,0,0,40
625,324,1,626,3,3502,0,0,30
626,324,1,627,8,3510,3,3,80
627,324,1,628,8,3518,0,0,80
628,324,1,629,2,3520,0,0,20
629,324,1,630,4,3524,3,3,40
630,324,1,631,5,3529,4,4,50
631,324,1,632,7,3536,5,5,70
632,324,1,633,6,3542,4,0,60
633,324,1,634,5,3547,6,6,50
634,324,1,635,2,3549,1,1,20
635,324,1,636,3,3552,4,4,30
636,324,1,637,5,3557,2,2,50
637,324,1,638,2,3559,2,2,20
638,324,1,639,9,3568,5,5,90
639,324,1,640,5,3573,2,2,50
640,324,1,641,6,3579,4,4,60
641,324,1,642,7,3586,1,1,70
642,324,1,643,6,3592,3,3,60
643,324,1,644,5,3597,1,1,50
644,324,1,645,2,3599,1,0,20
645,324,1,646,3,3602,2,0,30
646,324,1,647,8,3610,5,1,80
647,324,1,648,5,3615,8,0,50
648,324,1,649,2,3617,10,10,20
649,324,1,650,4,3621,1,1,40
650,324,1,651,8,3629,4,4,80
651,324,1,652,3,3632,2,2,30
652,324,1,653,8,3640,6,6,80
653,324,1,654,3,3643,3,3,30
654,324,1,655,3,3646,3,3,30
655,324,1,656,5,3651,4,4,50
656,324,1,657,7,3658,2,2,70
657,324,1,658,9,3667,2,0,90
658,324,1,659,3,3670,6,6,30
659,324,1,660,5,3675,4,4,50
660,324,1,661,6,3681,3,3,60
661,324,1,662,5,3686,6,6,50
662,324,1,663,9,3695,8,8,90
663,324,1,664,9,3704,6,6,90
664,324,1,665,3,3707,1,1,30
665,324,1,666,8,3715,5,0,80
666,324,1,667,5,3720,8,8,50
667,324,1,668,6,3726,6,6,60
668,324,1,669,3,3729,3,3,30
669,324,1,670,8,3737,6,6,80
670,324,1,671,5,3742,5,5,50
671,324,1,672,5,3747,3,0,50
672,324,1,673,9,3756,6,6,90
673,324,1,674,9,3765,3,3,90
674,324,1,675,4,3769,1,1,40
675,324,1,676,3,3772,1,1,30
676,324,1,677,8,3780,1,1,80
677,324,1,678,8,3788,9,9,80
678,324,1,679,2,3790,0,0,20
679,324,1,680,2,3792,1,1,20
680,324,1,681,6,3798,1,1,60
681,324,1,682,8,3806,4,4,80
682,324,1,683,2,3808,2,2,20
683,324,1,684,4,3812,0,0,40
684,324,1,685,4,3816,0,0,40
685,324,1,686,5,3821,2,2,50
686,324,1,687,9,3830,4,4,90
687,324,1,688,5,3835,2,2,50
688,324,1,689,5,3840,2,2,50
689,324,1,690,7,3847,4,4,70
690,324,1,691,4,3851,7,7,40
691,324,1,692,6,3857,2,2,60
692,324,1,693,3,3860,0,0,30
693,324,1,694,6,3866,4,4,60
694,324,1,695,8,3874,2,2,80
695,324,1,696,8,3882,2,2,80
696,324,1,697,4,3886,2,2,40
697,324,1,698,6,3892,3,3,60
698,324,1,699,2,3894,1,1,20
699,324,1,700,7,3901,1,1,70
700,324,1,701,9,3910,5,5,90
701,324,1,702,2,3912,0,0,20
702,324,1,703,7,3919,7,7,70
703,324,1,704,3,3922,2,0,30
704,324,1,705,4,3926,3,3,40
705,324,1,706,2,3928,1,1,20
706,324,1,707,4,3932,2,2,40
707,324,1,708,3,3935,2,2,30
708,324,1,709,5,3940,2,2,50
709,324,1,710,6,3946,4,4,60
710,324,1,711,6,3952,7,7,60
711,324,1,712,5,3957,6,6,50
712,324,1,713,9,3966,4,4,90
713,324,1,714,6,3972,3,3,60
714,324,1,715,2,3974,4,4,20
715,324,1,716,2,3976,1,1,20
716,324,1,717,3,3979,3,3,30
717,324,1,718,6,3985,1,1,60
718,324,1,719,4,3989,3,0,40
719,324,1,720,5,3994,6,6,50
720,324,1,721,8,4002,4,4,80
721,324,1,722,2,4004,2,2,20
722,324,1,723,9,4013,4,4,90
723,324,1,724,4,4017,5,5,40
724,324,1,725,8,4025,7,7,80
725,324,1,726,9,4034,8,8,90
726,324,1,727,9,4043,3,3,90
727,324,1,728,2,4045,2,2,20
728,324,1,729,5,4050,2,2,50
729,324,1,730,8,4058,5,5,80
730,324,1,731,7,4065,1,1,70
731,324,1,732,5,4070,0,0,50
732,324,1,733,3,4073,2,2,30
733,324,1,734,7,4080,1,1,70
734,324,1,735,9,4089,4,4,90
735,324,1,736,7,4096,4,4,70
736,324,1,737,8,4104,4,4,80
737,324,1,738,5,4109,2,0,50
738,324,1,739,4,4113,5,0,40
739,324,1,740,4,4117,8,8,40
740,324,1,741,6,4123,3,3,60
741,324,1,742,3,4126,2,2,30
742,324,1,743,4,4130,1,0,40
743,324,1,744,8,4138,6,6,80
744,324,1,745,3,4141,1,0,30
745,324,1,746,2,4143,3,3,20
746,324,1,747,2,4145,0,0,20
747,324,1,748,4,4149,0,0,40
748,324,1,749,9,4158,7,7,90
749,324,1,750,8,4166,3,3,80
750,324,1,751,6,4172,2,2,60
751,324,1,752,3,4175,3,3,30
752,324,1,753,6,4181,3,3,60
753,324,1,754,3,4184,2,2,30
754,324,1,755,9,4193,4,4,90
755,324,1,756,6,4199,1,1,60
756,324,1,757,7,4206,5,5,70
757,324,1,758,4,4210,3,3,40
758,324,1,759,5,4215,2,2,50
759,324,1,760,8,4223,2,2,80
760,324,1,761,8,4231,3,3,80
761,324,1,762,8,4239,0,0,80
762,324,1,763,5,4244,1,1,50
763,324,1,764,4,4248,3,3,40
764,324,1,765,3,4251,3,3,30
765,324,1,766,2,4253,1,1,20
766,324,1,767,4,4257,3,3,40
767,324,1,768,7,4264,8,8,70
768,324,1,769,4,4268,3,3,40
769,324,1,770,3,4271,1,1,30
770,324,1,771,4,4275,0,0,40
771,324,1,772,5,4280,2,2,50
772,324,1,773,3,4283,1,0,30
773,324,1,774,7,4290,2,2,70
774,324,1,775,5,4295,9,9,50
775,324,1,776,3,4298,3,3,30
776,324,1,777,3,4301,1,1,30
777,324,1,778,9,4310,4,0,90
778,324,1,779,8,4318,8,8,80
779,324,1,780,3,4321,1,1,30
780,324,1,781,9,4330,7,7,90
781,324,1,782,5,4335,2,2,50
782,324,1,783,6,4341,4,4,60
783,324,1,784,3,4344,4,4,30
784,324,1,785,6,4350,4,0,60
785,324,1,786,2,4352,5,5,20
786,324,1,787,4,4356,1,1,40
787,324,1,788,3,4359,1,1,30
788,324,1,789,7,4366,3,3,70
789,324,1,790,8,4374,4,4,80
790,324,1,791,8,4382,4,4,80
791,324,1,792,3,4385,2,2,30
792,324,1,793,7,4392,2,2,70
793,324,1,794,4,4396,1,1,40
794,324,1,795,5,4401,2,0,50
795,324,1,796,3,4404,4,4,30
796,324,1,797,6,4410,5,5,60
797,324,1,798,4,4414,2,2,40
798,324,1,799,5,4419,0,0,50
799,324,1,800,9,4428,3,3,90
800,324,1,801,6,4434,2,2,60
801,324,1,802,6,4440,2,2,60
802,324,1,803,5,4445,1,0,50
803,324,1,804,8,4453,2,2,80
804,324,1,805,5,4458,2,2,50
805,324,1,806,2,4460,3,3,20
806,324,1,807,3,4463,1,0,30
807,324,1,808,8,4471,2,2,80
808,324,1,809,4,4475,4,4,40
809,324,1,810,6,4481,3,3,60
810,324,1,811,9,4490,7,7,90
811,324,1,812,4,4494,2,2,40
812,324,1,813,6,4500,2,2,60
813,324,1,814,4,4504,1,1,40
814,324,1,815,5,4509,2,2,50
815,324,1,816,5,4514,1,1,50
816,324,1,817,6,4520,4,4,60
817,324,1,818,5,4525,2,0,50
818,324,1,819,2,4527,2,0,20
819,324,1,820,4,4531,6,6,40
820,324,1,821,5,4536,3,3,50
821,324,1,822,7,4543,7,7,70
822,324,1,823,7,4550,3,3,70
823,324,1,824,4,4554,2,2,40
824,324,1,825,8,4562,2,0,80
825,324,1,826,2,4564,3,3,20
826,324,1,827,2,4566,1,1,20
827,324,1,828,5,4571,2,2,50
828,324,1,829,4,4575,1,1,40
829,324,1,830,9,4584,3,3,90
830,324,1,831,9,4593,7,7,90
831,324,1,832,8,4601,5,5,80
832,324,1,833,7,4608,2,2,70
833,324,1,834,9,4617,3,3,90
834,324,1,835,4,4621,1,1,40
835,324,1,836,4,4625,2,2,40
836,324,1,837,7,4632,5,5,70
837,324,1,838,9,4641,3,3,90
838,324,1,839,2,4643,3,3,20
839,324,1,840,5,4648,4,4,50
840,324,1,841,3,4651,1,1,30
841,324,1,842,9,4660,4,4,90
842,324,1,843,9,4669,5,0,90
843,324,1,844,5,4674,9,9,50
844,324,1,845,4,4678,1,1,40
845,324,1,846,6,4684,2,2,60
846,324,1,847,4,4688,4,4,40
847,324,1,848,2,4690,1,1,20
848,324,1,849,3,4693,0,0,30
849,324,1,850,2,4695,1,1,20
850,324,1,851,3,4698,4,4,30
851,324,1,852,7,4705,0,0,70
852,324,1,853,6,4711,0,0,60
853,324,1,854,8,4719,3,3,80
854,324,1,855,4,4723,2,2,40
855,324,1,856,9,4732,10,10,90
856,324,1,857,3,4735,1,1,30
857,324,1,858,9,4744,7,7,90
858,324,1,859,5,4749,1,1,50
859,324,1,860,8,4757,2,0,80
860,324,1,861,6,4763,5,5,60
861,324,1,862,7,4770,4,4,70
862,324,1,863,4,4774,0,0,40
863,324,1,864,3,4777,1,1,30
864,324,1,865,3,4780,0,0,30
865,324,1,866,9,4789,5,5,90
866,324,1,867,8,4797,3,3,80
867,324,1,868,2,4799,1,1,20
868,324,1,869,2,4801,1,1,20
869,324,1,870,3,4804,2,2,30
870,324,1,871,4,4808,2,2,40
871,324,1,872,5,4813,6,6,50
872,324,1,873,9,4822,3,3,90
873,324,1,874,4,4826,1,1,40
874,324,1,875,6,4832,3,3,60
875,324,1,876,7,4839,2,2,70
876,324,1,877,4,4843,0,0,40
877,324,1,878,2,4845,3,3,20
878,324,1,879,7,4852,1,1,70
879,324,1,880,2,4854,3,3,20
880,324,1,881,4,4858,5,5,40
881,324,1,882,6,4864,4,4,60
882,324,1,883,7,4871,5,5,70
883,324,1,884,4,4875,6,6,40
884,324,1,885,4,4879,3,3,40
885,324,1,886,6,4885,7,7,60
886,324,1,887,6,4891,3,3,60
887,324,1,888,8,4899,3,3,80
888,324,1,889,3,4902,2,2,30
889,324,1,890,7,4909,2,2,70
890,324,1,891,3,4912,1,1,30
891,324,1,892,5,4917,1,1,50
892,324,1,893,6,4923,4,4,60
893,324,1,894,3,4926,3,3,30
894,324,1,895,8,4934,3,3,80
895,324,1,896,4,4938,2,2,40
896,324,1,897,9,4947,11,11,90
897,324,1,898,9,4956,1,1,90
898,324,1,899,2,4958,2,2,20
899,324,1,900,5,4963,1,1,50
900,324,1,901,3,4966,2,2,30
901,324,1,902,8,4974,2,0,80
902,324,1,903,2,4976,2,2,20
903,324,1,904,9,4985,4,4,90
904,324,1,905,5,4990,2,2,50
905,324,1,906,7,4997,4,4,70
906,324,2,1,6,6,5,5,60
907,324,2,2,6,12,1,0,60
908,324,2,3,6,18,3,3,60
909,324,2,4,9,27,2,2,90
910,324,2,5,2,29,2,2,20
911,324,2,6,5,34,3,3,50
912,324,2,7,6,40,2,2,60
913,324,2,8,5,45,1,1,50
914,324,2,9,5,50,4,4,50
915,324,2,10,3,53,2,2,30
916,324,2,11,5,58,5,5,50
917,324,2,12,8,66,3,3,80
918,324,2,13,3,69,1,1,30
919,324,2,14,2,71,2,2,20
920,324,2,15,2,73,1,1,20
921,324,2,16,4,77,3,3,40
922,324,2,17,8,85,4,4,80
923,324,2,18,4,89,3,3,40
924,324,2,19,7,96,4,1,70
925,324,2,20,5,101,6,6,50
926,324,2,21,5,106,1,0,50
927,324,2,22,8,114,9,9,80
928,324,2,23,6,120,2,2,60
929,324,2,24,3,123,5,5,30
930,324,2,25,6,129,4,4,60
931,324,2,26,5,134,5,5,50
932,324,2,27,4,138,1,1,40
933,324,2,28,5,143,3,1,50
934,324,2,29,8,151,3,3,80
935,324,2,30,2,153,1,1,20
936,324,2,31,3,156,0,0,30
937,324,2,32,2,158,1,1,20
938,324,2,33,6,164,2,2,60
939,324,2,34,5,169,0,0,50
940,324,2,35,5,174,3,3,50
941,324,2,36,9,183,5,5,90
942,324,2,37,5,188,3,3,50
943,324,2,38,5,193,2,2,50
944,324,2,39,6,199,4,4,60
945,324,2,40,2,201,4,4,20
946,324,2,41,2,203,1,1,20
947,324,2,42,3,206,2,2,30
948,324,2,43,8,214,5,5,80
949,324,2,44,3,217,0,0,30
950,324,2,45,2,219,1,1,20
951,324,2,46,7,226,3,3,70
952,324,2,47,5,231,2,2,50
953,324,2,48,3,234,3,3,30
954,324,2,49,8,242,6,2,80
955,324,2,50,4,246,6,6,40
956,324,2,51,2,248,1,1,20
957,324,2,52,6,254,3,3,60
958,324,2,53,8,262,7,7,80
959,324,2,54,3,265,4,4,30
960,324,2,55,9,274,7,7,90
961,324,2,56,6,280,4,1,60
962,324,2,57,7,287,4,0,70
963,324,2,58,2,289,6,6,20
964,324,2,59,9,298,8,8,90
965,324,2,60,2,300,2,2,20
966,324,2,61,4,304,2,2,40
967,324,2,62,2,306,0,0,20
968,324,2,63,9,315,7,7,90
969,324,2,64,8,323,2,2,80
970,324,2,65,9,332,6,6,90
971,324,2,66,7,339,2,2,70
972,324,2,67,6,345,6,6,60
973,324,2,68,9,354,5,5,90
974,324,2,69,9,363,8,8,90
975,324,2,70,9,372,4,4,90
976,324,2,71,3,375,2,0,30
977,324,2,72,9,384,8,8,90
978,324,2,73,5,389,4,4,50
979,324,2,74,2,391,0,0,20
980,324,2,75,9,400,5,5,90
981,324,2,76,9,409,4,4,90
982,324,2,77,5,414,4,4,50
983,324,2,78,8,422,6,1,80
984,324,2,79,9,431,6,6,90
985,324,2,80,5,436,1,1,50
986,324,2,81,2,438,3,3,20
987,324,2,82,9,447,5,5,90
988,324,2,83,3,450,3,3,30
989,324,2,84,2,452,1,1,20
990,324,2,85,8,460,5,5,80
991,324,2,86,8,468,5,0,80
992,324,2,87,5,473,9,9,50
993,324,2,88,8,481,7,7,80
994,324,2,89,7,488,4,4,70
995,324,2,90,4,492,2,2,40
996,324,2,91,2,494,1,1,20
997,324,2,92,2,496,1,1,20
998,324,2,93,9,505,6,6,90
999,324,2,94,2,507,0,0,20
1000,324,2,95,4,511,1,1,40
1001,324,2,96,5,516,1,1,50
1002,324,2,97,4,520,2,2,40
1003,324,2,98,5,525,1,1,50
1004,324,2,99,6,531,1,0,60
1005,324,2,100,7,538,5,5,70
1006,324,2,101,3,541,1,1,30
1007,324,2,102,5,546,2,2,50
1008,324,2,103,2,548,0,0,20
1009,324,2,104,7,555,0,0,70
1010,324,2,105,4,559,4,4,40
1011,324,2,106,9,568,3,3,90
1012,324,2,107,7,575,5,5,70
1013,324,2,108,9,584,4,4,90
1014,324,2,109,5,589,2,2,50
1015,324,2,110,7,596,7,7,70
1016,324,2,111,5,601,1,1,50
1017,324,2,112,8,609,6,6,80
1018,324,2,113,4,613,2,2,40
1019,324,2,114,4,617,1,1,40
1020,324,2,115,2,619,1,1,20
1021,324,2,116,7,626,6,2,70
1022,324,2,117,7,633,8,8,70
1023,324,2,118,5,638,2,2,50
1024,324,2,119,8,646,6,6,80
1025,324,2,120,8,654,5,5,80
1026,324,2,121,2,656,2,2,20
1027,324,2,122,7,663,4,4,70
1028,324,2,123,9,672,3,3,90
1029,324,2,124,2,674,0,0,20
1030,324,2,125,8,682,3,3,80
1031,324,2,126,3,685,2,0,30
1032,324,2,127,2,687,2,2,20
1033,324,2,128,2,689,0,0,20
1034,324,2,129,5,694,1,1,50
1035,324,2,130,8,702,3,0,80
1036,324,2,131,5,707,4,4,50
1037,324,2,132,2,709,2,2,20
1038,324,2,133,9,718,8,8,90
1039,324,2,134,4,722,1,1,40
1040,324,2,135,5,727,6,6,50
1041,324,2,136,8,735,0,0,80
1042,324,2,137,5,740,3,3,50
1043,324,2,138,5,745,2,2,50
1044,324,2,139,7,752,3,3,70
1045,324,2,140,5,757,3,3,50
1046,324,2,141,9,766,2,2,90
1047,324,2,142,7,773,4,4,70
1048,324,2,143,9,782,4,4,90
1049,324,2,144,5,787,1,1,50
1050,324,2,145,8,795,4,4,80
1051,324,2,146,6,801,5,5,60
1052,324,2,147,8,809,1,1,80
1053,324,2,148,2,811,0,0,20
1054,324,2,149,5,816,2,2,50
1055,324,2,150,2,818,1,1,20
1056,324,2,151,7,825,4,4,70
1057,324,2,152,5,830,3,3,50
1058,324,2,153,6,836,2,2,60
1059,324,2,154,2,838,0,0,20
1060,324,2,155,2,840,0,0,20
1061,324,2,156,7,847,1,1,70
1062,324,2,157,2,849,0,0,20
1063,324,2,158,9,858,3,0,90
1064,324,2,159,6,864,7,7,60
1065,324,2,160,8,872,5,5,80
1066,324,2,161,4,876,3,0,40
1067,324,2,162,3,879,5,5,30
1068,324,2,163,4,883,0,0,40
1069,324,2,164,6,889,4,4,60
1070,324,2,165,9,898,6,6,90
1071,324,2,166,8,906,4,1,80
1072,324,2,167,9,915,6,6,90
1073,324,2,168,4,919,1,1,40
1074,324,2,169,5,924,4,4,50
1075,324,2,170,6,930,2,2,60
1076,324,2,171,3,933,1,1,30
1077,324,2,172,7,940,6,0,70
1078,324,2,173,4,944,10,10,40
1079,324,2,174,7,951,6,0,70
1080,324,2,175,7,958,7,7,70
1081,324,2,176,3,961,2,2,30
1082,324,2,177,9,970,6,6,90
1083,324,2,178,2,972,1,1,20
1084,324,2,179,5,977,1,1,50
1085,324,2,180,5,982,1,1,50
1086,324,2,181,3,985,1,1,30
1087,324,2,182,5,990,2,2,50
1088,324,2,183,4,994,3,3,40
1089,324,2,184,4,998,2,2,40
1090,324,2,185,9,1007,8,1,90
1091,324,2,186,7,1014,8,8,70
1092,324,2,187,8,1022,7,7,80
1093,324,2,188,5,1027,3,3,50
1094,324,2,189,5,1032,3,3,50
1095,324,2,190,6,1038,3,3,60
1096,324,2,191,3,1041,2,2,30
1097,324,2,192,4,1045,2,2,40
1098,324,2,193,9,1054,6,6,90
1099,324,2,194,4,1058,2,2,40
1100,324,2,195,3,1061,0,0,30
1101,324,2,196,3,1064,2,2,30
1102,324,2,197,3,1067,3,3,30
1103,324,2,198,4,1071,5,5,40
1104,324,2,199,7,1078,3,3,70
1105,324,2,200,8,1086,4,4,80
1106,324,2,201,9,1095,8,8,90
1107,324,2,202,5,1100,2,2,50
1108,324,2,203,6,1106,1,1,60
1109,324,2,204,5,1111,2,2,50
1110,324,2,205,2,1113,2,2,20
1111,324,2,206,3,1116,4,4,30
1112,324,2,207,5,1121,3,3,50
1113,324,2,208,4,1125,2,2,40
1114,324,2,209,8,1133,9,9,80
1115,324,2,210,9,1142,4,4,90
1116,324,2,211,5,1147,3,3,50
1117,324,2,212,8,1155,1,1,80
1118,324,2,213,4,1159,1,0,40
1119,324,2,214,9,1168,6,6,90
1120,324,2,215,3,1171,2,2,30
1121,324,2,216,2,1173,0,0,20
1122,324,2,217,6,1179,2,2,60
1123,324,2,218,8,1187,5,5,80
1124,324,2,219,5,1192,3,3,50
1125,324,2,220,4,1196,1,1,40
1126,324,2,221,8,1204,4,4,80
1127,324,2,222,2,1206,0,0,20
1128,324,2,223,7,1213,1,1,70
1129,324,2,224,9,1222,4,4,90
1130,324,2,225,4,1226,1,1,40
1131,324,2,226,4,1230,0,0,40
1132,324,2,227,3,1233,3,3,30
1133,324,2,228,8,1241,0,0,80
1134,324,2,229,8,1249,5,5,80
1135,324,2,230,3,1252,3,3,30
1136,324,2,231,7,1259,5,5,70
1137,324,2,232,4,1263,0,0,40
1138,324,2,233,4,1267,1,1,40
1139,324,2,234,7,1274,2,0,70
1140,324,2,235,2,1276,4,0,20
1141,324,2,236,5,1281,6,6,50
1142,324,2,237,8,1289,2,2,80
1143,324,2,238,4,1293,3,3,40
1144,324,2,239,6,1299,5,5,60
1145,324,2,240,4,1303,6,6,40
1146,324,2,241,5,1308,0,0,50
1147,324,2,242,9,1317,7,7,90
1148,324,2,243,3,1320,1,1,30
1149,324,2,244,4,1324,2,2,40
1150,324,2,245,5,1329,2,2,50
1151,324,2,246,2,1331,2,2,20
1152,324,2,247,7,1338,3,3,70
1153,324,2,248,3,1341,3,3,30
1154,324,2,249,5,1346,2,2,50
1155,324,2,250,3,1349,1,1,30
1156,324,2,251,2,1351,0,0,20
1157,324,2,252,6,1357,1,1,60
1158,324,2,253,5,1362,2,2,50
1159,324,2,254,9,1371,3,3,90
1160,324,2,255,7,1378,2,0,70
1161,324,2,256,5,1383,6,6,50
1162,324,2,257,6,1389,4,0,60
1163,324,2,258,9,1398,11,11,90
1164,324,2,259,4,1402,3,3,40
1165,324,2,260,4,1406,4,4,40
1166,324,2,261,5,1411,3,3,50
1167,324,2,262,6,1417,2,2,60
1168,324,2,263,3,1420,0,0,30
1169,324,2,264,6,1426,4,4,60
1170,324,2,265,8,1434,4,0,80
1171,324,2,266,5,1439,9,9,50
1172,324,2,267,5,1444,3,3,50
1173,324,2,268,6,1450,3,3,60
1174,324,2,269,9,1459,8,8,90
1175,324,2,270,3,1462,2,2,30
1176,324,2,271,4,1466,2,2,40
1177,324,2,272,9,1475,3,3,90
1178,324,2,273,7,1482,7,7,70
1179,324,2,274,9,1491,2,0,90
1180,324,2,275,4,1495,7,7,40
1181,324,2,276,5,1500,4,4,50
1182,324,2,277,4,1504,1,1,40
1183,324,2,278,9,1513,5,0,90
1184,324,2,279,2,1515,7,7,20
1185,324,2,280,9,1524,6,6,90
1186,324,2,281,7,1531,2,2,70
1187,324,2,282,6,1537,2,0,60
1188,324,2,283,5,1542,4,4,50
1189,324,2,284,6,1548,5,5,60
1190,324,2,285,8,1556,5,5,80
1191,324,2,286,5,1561,3,3,50
1192,324,2,287,7,1568,4,4,70
1193,324,2,288,6,1574,4,4,60
1194,324,2,289,4,1578,2,2,40
1195,324,2,290,7,1585,4,4,70
1196,324,2,291,7,1592,5,5,70
1197,324,2,292,7,1599,2,2,70
1198,324,2,293,7,1606,6,6,70
1199,324,2,294,7,1613,7,7,70
1200,324,2,295,2,1615,0,0,20
1201,324,2,296,3,1618,2,2,30
1202,324,2,297,7,1625,1,1,70
1203,324,2,298,7,1632,5,5,70
1204,324,2,299,5,1637,4,4,50
1205,324,2,300,2,1639,1,1,20
1206,324,2,301,2,1641,1,1,20
1207,324,2,302,8,1649,4,4,80
1208,324,2,303,5,1654,2,0,50
1209,324,2,304,4,1658,3,3,40
1210,324,2,305,5,1663,1,1,50
1211,324,2,306,8,1671,6,6,80
1212,324,2,307,6,1677,2,2,60
1213,324,2,308,6,1683,5,5,60
1214,324,2,309,4,1687,5,5,40
1215,324,2,310,2,1689,0,0,20
1216,324,2,311,2,1691,0,0,20
1217,324,2,312,2,1693,1,0,20
1218,324,2,313,9,1702,2,2,90
1219,324,2,314,9,1711,6,6,90
1220,324,2,315,3,1714,0,0,30
1221,324,2,316,6,1720,3,3,60
1222,324,2,317,6,1726,1,1,60
1223,324,2,318,5,1731,2,0,50
1224,324,2,319,7,1738,6,6,70
1225,324,2,320,4,1742,2,2,40
1226,324,2,321,7,1749,5,5,70
1227,324,2,322,4,1753,1,1,40
1228,324,2,323,8,1761,3,3,80
1229,324,2,324,5,1766,5,5,50
1230,324,2,325,7,1773,2,2,70
1231,324,2,326,8,1781,7,7,80
1232,324,2,327,5,1786,3,3,50
1233,324,2,328,3,1789,4,4,30
1234,324,2,329,7,1796,4,4,70
1235,324,2,330,5,1801,5,5,50
1236,324,2,331,6,1807,4,4,60
1237,324,2,332,7,1814,3,3,70
1238,324,2,333,4,1818,2,2,40
1239,324,2,334,2,1820,0,0,20
1240,324,2,335,4,1824,0,0,40
1241,324,2,336,7,1831,3,3,70
1242,324,2,337,3,1834,5,5,30
1243,324,2,338,3,1837,5,5,30
1244,324,2,339,4,1841,3,3,40
1245,324,2,340,3,1844,1,1,30
1246,324,2,341,4,1848,3,3,40
1247,324,2,342,8,1856,3,3,80
1248,324,2,343,8,1864,4,4,80
1249,324,2,344,4,1868,2,2,40
1250,324,2,345,8,1876,1,1,80
1251,324,2,346,3,1879,1,1,30
1252,324,2,347,5,1884,3,3,50
1253,324,2,348,9,1893,3,3,90
1254,324,2,349,7,1900,2,2,70
1255,324,2,350,5,1905,1,1,50
1256,324,2,351,2,1907,0,0,20
1257,324,2,352,8,1915,3,3,80
1258,324,2,353,2,1917,1,1,20
1259,324,2,354,5,1922,3,0,50
1260,324,2,355,5,1927,7,7,50
1261,324,2,356,6,1933,1,1,60
1262,324,2,357,6,1939,4,4,60
1263,324,2,358,4,1943,3,3,40
1264,324,2,359,9,1952,3,3,90
1265,324,2,360,4,1956,4,4,40
1266,324,2,361,5,1961,4,4,50
1267,324,2,362,8,1969,2,2,80
1268,324,2,363,2,1971,3,3,20
1269,324,2,364,2,1973,1,1,20
1270,324,2,365,3,1976,1,1,30
1271,324,2,366,4,1980,2,2,40
1272,324,2,367,7,1987,7,7,70
1273,324,2,368,7,1994,4,4,70
1274,324,2,369,7,2001,1,0,70
1275,324,2,370,7,2008,4,4,70
1276,324,2,371,8,2016,1,1,80
1277,324,2,372,3,2019,1,0,30
1278,324,2,373,8,2027,4,4,80
1279,324,2,374,3,2030,1,1,30
1280,324,2,375,8,2038,1,0,80
1281,324,2,376,3,2041,1,1,30
1282,324,2,377,9,2050,4,4,90
1283,324,2,378,4,2054,4,4,40
1284,324,2,379,2,2056,2,2,20
1285,324,2,380,6,2062,4,4,60
1286,324,2,381,6,2068,1,0,60
1287,324,2,382,5,2073,3,3,50
1288,324,2,383,4,2077,0,0,40
1289,324,2,384,2,2079,0,0,20
1290,324,2,385,5,2084,2,0,50
1291,324,2,386,5,2089,5,5,50
1292,324,2,387,2,2091,1,1,20
1293,324,2,388,6,2097,4,4,60
1294,324,2,389,7,2104,1,1,70
1295,324,2,390,5,2109,4,4,50
1296,324,2,391,9,2118,5,5,90
1297,324,2,392,7,2125,5,5,70
1298,324,2,393,8,2133,1,1,80
1299,324,2,394,8,2141,6,0,80
1300,324,2,395,9,2150,10,10,90
1301,324,2,396,3,2153,3,3,30
1302,324,2,397,2,2155,0,0,20
1303,324,2,398,4,2159,2,2,40
1304,324,2,399,6,2165,1,1,60
1305,324,2,400,6,2171,9,0,60
1306,324,2,401,2,2173,9,9,20
1307,324,2,402,5,2178,2,2,50
1308,324,2,403,6,2184,3,3,60
1309,324,2,404,6,2190,4,4,60
1310,324,2,405,3,2193,1,0,30
1311,324,2,406,7,2200,5,5,70
1312,324,2,407,9,2209,6,6,90
1313,324,2,408,9,2218,5,5,90
1314,324,2,409,5,2223,4,4,50
1315,324,2,410,7,2230,2,2,70
1316,324,2,411,5,2235,3,3,50
1317,324,2,412,7,2242,3,3,70
1318,324,2,413,7,2249,3,3,70
1319,324,2,414,6,2255,1,1,60
1320,324,2,415,7,2262,2,2,70
1321,324,2,416,6,2268,3,3,60
1322,324,2,417,5,2273,1,1,50
1323,324,2,418,9,2282,5,5,90
1324,324,2,419,4,2286,3,3,40
1325,324,2,420,5,2291,8,8,50
1326,324,2,421,5,2296,3,3,50
1327,324,2,422,6,2302,1,1,60
1328,324,2,423,3,2305,2,2,30
1329,324,2,424,2,2307,1,1,20
1330,324,2,425,5,2312,1,1,50
1331,324,2,426,5,2317,3,3,50
1332,324,2,427,3,2320,2,2,30
1333,324,2,428,8,2328,7,0,80
1334,324,2,429,8,2336,11,11,80
1335,324,2,430,5,2341,1,1,50
1336,324,2,431,6,2347,2,2,60
1337,324,2,432,5,2352,7,7,50
1338,324,2,433,9,2361,9,9,90
1339,324,2,434,9,2370,8,8,90
1340,324,2,435,9,2379,3,3,90
1341,324,2,436,3,2382,1,1,30
1342,324,2,437,9,2391,6,6,90
1343,324,2,438,2,2393,0,0,20
1344,324,2,439,9,2402,4,4,90
1345,324,2,440,6,2408,5,0,60
1346,324,2,441,7,2415,9,9,70
1347,324,2,442,2,2417,0,0,20
1348,324,2,443,4,2421,4,4,40
1349,324,2,444,6,2427,3,3,60
1350,324,2,445,9,2436,2,0,90
1351,324,2,446,6,2442,4,4,60
1352,324,2,447,7,2449,2,0,70
1353,324,2,448,3,2452,3,3,30
1354,324,2,449,4,2456,1,1,40
1355,324,2,450,8,2464,7,7,80
1356,324,2,451,6,2470,4,4,60
1357,324,2,452,5,2475,0,0,50
1358,324,2,453,8,2483,1,1,80
1359,324,2,454,4,2487,5,0,40
1360,324,2,455,2,2489,5,5,20
1361,324,2,456,2,2491,1,1,20
1362,324,2,457,2,2493,0,0,20
1363,324,2,458,6,2499,2,2,60
1364,324,2,459,3,2502,1,1,30
1365,324,2,460,9,2511,3,3,90
1366,324,2,461,2,2513,0,0,20
1367,324,2,462,2,2515,4,4,20
1368,324,2,463,2,2517,1,1,20
1369,324,2,464,5,2522,1,1,50
1370,324,2,465,8,2530,5,5,80
1371,324,2,466,9,2539,5,5,90
1372,324,2,467,6,2545,3,3,60
1373,324,2,468,8,2553,1,1,80
1374,324,2,469,8,2561,3,3,80
1375,324,2,470,3,2564,3,3,30
1376,324,2,471,4,2568,0,0,40
1377,324,2,472,5,2573,2,0,50
1378,324,2,473,9,2582,7,7,90
1379,324,2,474,6,2588,5,5,60
1380,324,2,475,5,2593,3,0,50
1381,324,2,476,2,2595,5,5,20
1382,324,2,477,2,2597,1,1,20
1383,324,2,478,8,2605,6,6,80
1384,324,2,479,6,2611,3,3,60
1385,324,2,480,8,2619,2,2,80
1386,324,2,481,7,2626,3,3,70
1387,324,2,482,3,2629,0,0,30
1388,324,2,483,5,2634,2,2,50
1389,324,2,484,7,2641,4,0,70
1390,324,2,485,2,2643,4,4,20
1391,324,2,486,6,2649,6,6,60
1392,324,2,487,2,2651,1,1,20
1393,324,2,488,8,2659,4,4,80
1394,324,2,489,5,2664,1,1,50
1395,324,2,490,9,2673,11,11,90
1396,324,2,491,8,2681,4,4,80
1397,324,2,492,9,2690,3,3,90
1398,324,2,493,2,2692,0,0,20
1399,324,2,494,3,2695,0,0,30
1400,324,2,495,9,2704,8,8,90
1401,324,2,496,5,2709,2,0,50
1402,324,2,497,5,2714,5,0,50
1403,324,2,498,8,2722,7,7,80
1404,324,2,499,8,2730,5,5,80
1405,324,2,500,9,2739,1,1,90
1406,324,2,501,6,2745,3,3,60
1407,324,2,502,6,2751,1,1,60
1408,324,2,503,6,2757,4,4,60
1409,324,2,504,9,2766,2,2,90
1410,324,2,505,2,2768,1,1,20
1411,324,2,506,2,2770,1,1,20
1412,324,2,507,5,2775,3,3,50
1413,324,2,508,7,2782,1,1,70
1414,324,2,509,5,2787,1,1,50
1415,324,2,510,7,2794,3,3,70
1416,324,2,511,3,2797,0,0,30
1417,324,2,512,2,2799,1,1,20
1418,324,2,513,3,2802,2,2,30
1419,324,2,514,5,2807,2,2,50
1420,324,2,515,8,2815,3,3,80
1421,324,2,516,7,2822,2,0,70
1422,324,2,517,6,2828,3,3,60
1423,324,2,518,3,2831,4,4,30
1424,324,2,519,9,2840,1,1,90
1425,324,2,520,2,2842,0,0,20
1426,324,2,521,2,2844,1,1,20
1427,324,2,522,8,2852,2,2,80
1428,324,2,523,9,2861,7,7,90
1429,324,2,524,6,2867,3,3,60
1430,324,2,525,4,2871,2,0,40
1431,324,2,526,8,2879,8,8,80
1432,324,2,527,5,2884,4,4,50
1433,324,2,528,9,2893,3,3,90
1434,324,2,529,4,2897,1,1,40
1435,324,2,530,4,2901,2,2,40
1436,324,2,531,4,2905,0,0,40
1437,324,2,532,6,2911,5,5,60
1438,324,2,533,7,2918,1,1,70
1439,324,2,534,7,2925,2,2,70
1440,324,2,535,6,2931,3,3,60
1441,324,2,536,5,2936,1,1,50
1442,324,2,537,8,2944,4,0,80
1443,324,2,538,7,2951,8,8,70
1444,324,2,539,2,2953,0,0,20
1445,324,2,540,5,2958,2,2,50
1446,324,2,541,4,2962,5,5,40
1447,324,2,542,7,2969,3,3,70
1448,324,2,543,9,2978,4,4,90
1449,324,2,544,6,2984,2,2,60
1450,324,2,545,8,2992,5,5,80
1451,324,2,546,4,2996,2,2,40
1452,324,2,547,3,2999,0,0,30
1453,324,2,548,6,3005,2,2,60
1454,324,2,549,6,3011,2,2,60
1455,324,2,550,7,3018,2,2,70
1456,324,2,551,4,3022,2,2,40
1457,324,2,552,8,3030,7,7,80
1458,324,2,553,8,3038,5,5,80
1459,324,2,554,9,3047,5,5,90
1460,324,2,555,8,3055,0,0,80
1461,324,2,556,7,3062,5,5,70
1462,324,2,557,4,3066,2,2,40
1463,324,2,558,3,3069,2,2,30
1464,324,2,559,4,3073,3,3,40
1465,324,2,560,6,3079,3,3,60
1466,324,2,561,8,3087,4,4,80
1467,324,2,562,2,3089,1,1,20
1468,324,2,563,2,3091,1,1,20
1469,324,2,564,8,3099,2,2,80
1470,324,2,565,7,3106,5,5,70
1471,324,2,566,7,3113,2,2,70
1472,324,2,567,6,3119,5,5,60
1473,324,2,568,7,3126,3,3,70
1474,324,2,569,2,3128,1,0,20
1475,324,2,570,6,3134,2,0,60
1476,324,2,571,2,3136,2,2,20
1477,324,2,572,9,3145,5,0,90
1478,324,2,573,9,3154,12,12,90
1479,324,2,574,7,3161,7,7,70
1480,324,2,575,4,3165,3,3,40
1481,324,2,576,4,3169,1,1,40
1482,324,2,577,8,3177,1,1,80
1483,324,2,578,9,3186,7,7,90
1484,324,2,579,4,3190,2,2,40
1485,324,2,580,8,3198,9,9,80
1486,324,2,581,4,3202,1,1,40
1487,324,2,582,7,3209,2,2,70
1488,324,2,583,3,3212,0,0,30
1489,324,2,584,3,3215,1,1,30
1490,324,2,585,3,3218,2,2,30
1491,324,2,586,2,3220,4,4,20
1492,324,2,587,4,3224,0,0,40
1493,324,2,588,7,3231,8,8,70
1494,324,2,589,3,3234,0,0,30
1495,324,2,590,9,3243,2,2,90
1496,324,2,591,8,3251,4,4,80
1497,324,2,592,2,3253,1,1,20
1498,324,2,593,8,3261,2,2,80
1499,324,2,594,3,3264,2,2,30
1500,324,2,595,9,3273,4,4,90
1501,324,2,596,9,3282,8,8,90
1502,324,2,597,8,3290,6,6,80
1503,324,2,598,4,3294,4,4,40
1504,324,2,599,5,3299,1,1,50
1505,324,2,600,2,3301,0,0,20
1506,324,2,601,4,3305,1,1,40
1507,324,2,602,4,3309,1,1,40
1508,324,2,603,8,3317,1,0,80
1509,324,2,604,7,3324,3,3,70
1510,324,2,605,3,3327,2,2,30
1511,324,2,606,8,3335,2,2,80
1512,324,2,607,9,3344,4,4,90
1513,324,2,608,5,3349,2,2,50
1514,324,2,609,3,3352,2,2,30
1515,324,2,610,3,3355,0,0,30
1516,324,2,611,2,3357,0,0,20
1517,324,2,612,9,3366,6,6,90
1518,324,2,613,4,3370,1,1,40
1519,324,2,614,2,3372,1,1,20
1520,324,2,615,8,3380,6,6,80
1521,324,2,616,9,3389,3,3,90
1522,324,2,617,2,3391,0,0,20
1523,324,2,618,8,3399,5,5,80
1524,324,2,619,9,3408,7,7,90
1525,324,2,620,4,3412,1,1,40
1526,324,2,621,9,3421,4,4,90
1527,324,2,622,6,3427,0,0,60
1528,324,2,623,6,3433,0,0,60
1529,324,2,624,3,3436,4,4,30
1530,324,2,625,7,3443,5,5,70
1531,324,2,626,8,3451,2,2,80
1532,324,2,627,4,3455,2,2,40
1533,324,2,628,4,3459,5,5,40
1534,324,2,629,9,3468,3,3,90
1535,324,2,630,6,3474,2,2,60
1536,324,2,631,6,3480,1,1,60
1537,324,2,632,4,3484,2,2,40
1538,324,2,633,8,3492,5,1,80
1539,324,2,634,8,3500,8,8,80
1540,324,2,635,8,3508,0,0,80
1541,324,2,636,2,3510,3,3,20
1542,324,2,637,5,3515,2,2,50
1543,324,2,638,3,3518,4,1,30
1544,324,2,639,6,3524,5,5,60
1545,324,2,640,2,3526,1,1,20
1546,324,2,641,4,3530,3,3,40
1547,324,2,642,2,3532,1,0,20
1548,324,2,643,6,3538,6,6,60
1549,324,2,644,4,3542,3,3,40
1550,324,2,645,3,3545,2,2,30
1551,324,2,646,7,3552,4,4,70
1552,324,2,647,8,3560,2,2,80
1553,324,2,648,3,3563,2,2,30
1554,324,2,649,4,3567,7,7,40
1555,324,2,650,4,3571,1,0,40
1556,324,2,651,8,3579,5,5,80
1557,324,2,652,9,3588,7,7,90
1558,324,2,653,3,3591,1,1,30
1559,324,2,654,5,3596,4,4,50
1560,324,2,655,3,3599,0,0,30
1561,324,2,656,7,3606,9,9,70
1562,324,2,657,8,3614,4,0,80
1563,324,2,658,9,3623,9,9,90
1564,324,2,659,3,3626,1,1,30
1565,324,2,660,4,3630,1,1,40
1566,324,2,661,4,3634,0,0,40
1567,324,2,662,7,3641,1,1,70
1568,324,2,663,3,3644,2,2,30
1569,324,2,664,8,3652,6,6,80
1570,324,2,665,4,3656,2,2,40
1571,324,2,666,8,3664,4,4,80
1572,324,2,667,5,3669,2,2,50
1573,324,2,668,8,3677,6,6,80
1574,324,2,669,6,3683,5,5,60
1575,324,2,670,4,3687,2,2,40
1576,324,2,671,3,3690,1,1,30
1577,324,2,672,2,3692,1,1,20
1578,324,2,673,5,3697,4,4,50
1579,324,2,674,6,3703,1,1,60
1580,324,2,675,7,3710,1,1,70
1581,324,2,676,7,3717,5,0,70
1582,324,2,677,8,3725,10,10,80
1583,324,2,678,7,3732,5,5,70
1584,324,2,679,4,3736,2,2,40
1585,324,2,680,3,3739,0,0,30
1586,324,2,681,6,3745,3,3,60
1587,324,2,682,2,3747,1,1,20
1588,324,2,683,8,3755,4,4,80
1589,324,2,684,3,3758,1,1,30
1590,324,2,685,3,3761,1,1,30
1591,324,2,686,8,3769,4,4,80
1592,324,2,687,7,3776,3,3,70
1593,324,2,688,9,3785,4,4,90
1594,324,2,689,2,3787,2,2,20
1595,324,2,690,6,3793,4,4,60
1596,324,2,691,9,3802,3,3,90
1597,324,2,692,8,3810,6,6,80
1598,324,2,693,7,3817,3,3,70
1599,324,2,694,8,3825,4,0,80
1600,324,2,695,7,3832,5,5,70
1601,324,2,696,6,3838,2,1,60
1602,324,2,697,2,3840,5,5,20
1603,324,2,698,2,3842,1,1,20
1604,324,2,699,5,3847,1,1,50
1605,324,2,700,6,3853,3,0,60
1606,324,2,701,6,3859,5,5,60
1607,324,2,702,6,3865,4,4,60
1608,324,2,703,2,3867,0,0,20
1609,324,2,704,6,3873,5,5,60
1610,324,2,705,9,3882,3,3,90
1611,324,2,706,5,3887,2,2,50
1612,324,2,707,7,3894,4,4,70
1613,324,2,708,6,3900,2,0,60
1614,324,2,709,2,3902,7,7,20
1615,324,2,710,6,3908,3,3,60
1616,324,2,711,9,3917,7,7,90
1617,324,2,712,2,3919,0,0,20
1618,324,2,713,7,3926,3,3,70
1619,324,2,714,7,3933,3,3,70
1620,324,2,715,9,3942,5,5,90
1621,324,2,716,8,3950,6,6,80
1622,324,2,717,5,3955,2,2,50
1623,324,2,718,8,3963,7,7,80
1624,324,2,719,7,3970,0,0,70
1625,324,2,720,8,3978,1,1,80
1626,324,2,721,3,3981,2,2,30
1627,324,2,722,4,3985,2,2,40
1628,324,2,723,8,3993,7,7,80
1629,324,2,724,9,4002,2,2,90
1630,324,2,725,9,4011,6,6,90
1631,324,2,726,2,4013,1,1,20
1632,324,2,727,5,4018,3,3,50
1633,324,2,728,5,4023,1,1,50
1634,324,2,729,2,4025,1,1,20
1635,324,2,730,4,4029,0,0,40
1636,324,2,731,9,4038,2,2,90
1637,324,2,732,9,4047,5,5,90
1638,324,2,733,7,4054,4,4,70
1639,324,2,734,7,4061,4,4,70
1640,324,2,735,8,4069,4,4,80
1641,324,2,736,7,4076,8,8,70
1642,324,2,737,5,4081,0,0,50
1643,324,2,738,5,4086,1,1,50
1644,324,2,739,3,4089,3,3,30
1645,324,2,740,3,4092,3,3,30
1646,324,2,741,9,4101,3,3,90
1647,324,2,742,3,4104,1,1,30
1648,324,2,743,5,4109,3,3,50
1649,324,2,744,6,4115,5,5,60
1650,324,2,745,5,4120,4,0,50
1651,324,2,746,6,4126,5,5,60
1652,324,2,747,6,4132,3,3,60
1653,324,2,748,4,4136,0,0,40
1654,324,2,749,7,4143,5,5,70
1655,324,2,750,6,4149,1,1,60
1656,324,2,751,7,4156,5,5,70
1657,324,2,752,9,4165,6,6,90
1658,324,2,753,3,4168,0,0,30
1659,324,2,754,4,4172,1,1,40
1660,324,2,755,8,4180,3,3,80
1661,324,2,756,9,4189,5,5,90
1662,324,2,757,4,4193,2,2,40
1663,324,2,758,5,4198,0,0,50
1664,324,2,759,6,4204,4,4,60
1665,324,2,760,5,4209,5,5,50
1666,324,2,761,3,4212,3,3,30
1667,324,2,762,9,4221,4,4,90
1668,324,2,763,7,4228,3,3,70
1669,324,2,764,9,4237,7,7,90
1670,324,2,765,4,4241,2,2,40
1671,324,2,766,2,4243,3,3,20
1672,324,2,767,6,4249,3,0,60
1673,324,2,768,5,4254,6,0,50
1674,324,2,769,7,4261,10,10,70
1675,324,2,770,9,4270,5,5,90
1676,324,2,771,8,4278,3,3,80
1677,324,2,772,5,4283,6,6,50
1678,324,2,773,6,4289,2,2,60
1679,324,2,774,6,4295,2,2,60
1680,324,2,775,7,4302,2,2,70
1681,324,2,776,7,4309,4,4,70
1682,324,2,777,5,4314,4,4,50
1683,324,2,778,4,4318,3,3,40
1684,324,2,779,6,4324,0,0,60
1685,324,2,780,2,4326,2,2,20
1686,324,2,781,2,4328,0,0,20
1687,324,2,782,4,4332,2,2,40
1688,324,2,783,3,4335,2,2,30
1689,324,2,784,2,4337,0,0,20
1690,324,2,785,4,4341,0,0,40
1691,324,2,786,6,4347,3,3,60
1692,324,2,787,4,4351,1,1,40
1693,324,2,788,2,4353,1,1,20
1694,324,2,789,2,4355,1,0,20
1695,324,2,790,8,4363,5,5,80
1696,324,2,791,4,4367,2,2,40
1697,324,2,792,2,4369,1,1,20
1698,324,2,793,6,4375,4,4,60
1699,324,2,794,2,4377,2,2,20
1700,324,2,795,3,4380,1,1,30
1701,324,2,796,7,4387,2,2,70
1702,324,2,797,2,4389,2,2,20
1703,324,2,798,3,4392,2,2,30
1704,324,2,799,3,4395,3,3,30
1705,324,2,800,5,4400,2,2,50
1706,324,2,801,4,4404,1,1,40
1707,324,2,802,9,4413,4,4,90
1708,324,2,803,9,4422,2,2,90
1709,324,2,804,3,4425,1,1,30
1710,324,2,805,4,4429,0,0,40
1711,324,2,806,3,4432,0,0,30
1712,324,2,807,2,4434,5,5,20
1713,324,2,808,9,4443,5,5,90
1714,324,2,809,3,4446,1,1,30
1715,324,2,810,3,4449,5,5,30
1716,324,2,811,8,4457,3,3,80
1717,324,2,812,4,4461,5,5,40
1718,324,2,813,9,4470,4,0,90
1719,324,2,814,7,4477,7,7,70
1720,324,2,815,4,4481,3,0,40
1721,324,2,816,8,4489,4,4,80
1722,324,2,817,3,4492,1,1,30
1723,324,2,818,3,4495,3,3,30
1724,324,2,819,7,4502,4,4,70
1725,324,2,820,7,4509,1,1,70
1726,324,2,821,4,4513,3,3,40
1727,324,2,822,4,4517,6,6,40
1728,324,2,823,7,4524,4,4,70
1729,324,2,824,4,4528,1,0,40
1730,324,2,825,8,4536,3,3,80
1731,324,2,826,2,4538,0,0,20
1732,324,2,827,3,4541,1,1,30
1733,324,2,828,5,4546,5,5,50
1734,324,2,829,2,4548,4,4,20
1735,324,2,830,9,4557,2,2,90
1736,324,2,831,6,4563,1,1,60
1737,324,2,832,8,4571,4,4,80
1738,324,2,833,3,4574,1,1,30
1739,324,2,834,9,4583,6,6,90
1740,324,2,835,6,4589,5,5,60
1741,324,2,836,8,4597,4,4,80
1742,324,2,837,9,4606,1,1,90
1743,324,2,838,5,4611,3,3,50
1744,324,2,839,4,4615,2,2,40
1745,324,2,840,8,4623,2,2,80
1746,324,2,841,4,4627,0,0,40
1747,324,2,842,7,4634,4,4,70
1748,324,2,843,9,4643,2,2,90
1749,324,2,844,2,4645,1,1,20
1750,324,2,845,8,4653,8,8,80
1751,324,2,846,7,4660,6,6,70
1752,324,2,847,3,4663,1,1,30
1753,324,2,848,4,4667,3,3,40
1754,324,2,849,8,4675,3,3,80
1755,324,2,850,5,4680,3,3,50
1756,324,2,851,4,4684,0,0,40
1757,324,2,852,2,4686,2,2,20
1758,324,2,853,9,4695,4,4,90
1759,324,2,854,6,4701,7,7,60
1760,324,2,855,9,4710,7,7,90
1761,324,2,856,7,4717,1,1,70
1762,324,2,857,4,4721,1,1,40
1763,324,2,858,9,4730,4,4,90
1764,324,2,859,7,4737,3,3,70
1765,324,2,860,3,4740,0,0,30
1766,324,2,861,6,4746,5,5,60
1767,324,2,862,2,4748,1,1,20
1768,324,2,863,2,4750,1,1,20
1769,324,2,864,7,4757,4,4,70
1770,324,2,865,6,4763,3,3,60
1771,324,2,866,5,4768,2,2,50
1772,324,2,867,7,4775,1,1,70
1773,324,2,868,7,4782,3,3,70
1774,324,2,869,3,4785,0,0,30
1775,324,2,870,5,4790,2,2,50
1776,324,2,871,7,4797,3,3,70
1777,324,2,872,8,4805,4,4,80
1778,324,2,873,7,4812,1,1,70
1779,324,2,874,4,4816,2,2,40
1780,324,2,875,6,4822,3,3,60
1781,324,2,876,6,4828,6,6,60
1782,324,2,877,9,4837,2,0,90
1783,324,2,878,8,4845,7,7,80
1784,324,2,879,3,4848,0,0,30
1785,324,2,880,5,4853,4,0,50
1786,324,2,881,6,4859,11,11,60
1787,324,2,882,7,4866,6,6,70
1788,324,2,883,4,4870,1,1,40
1789,324,2,884,4,4874,1,1,40
1790,324,2,885,9,4883,8,8,90
1791,324,2,886,5,4888,1,1,50
1792,324,2,887,3,4891,1,1,30
1793,324,2,888,6,4897,1,1,60
1794,324,2,889,8,4905,3,3,80
1795,324,2,890,4,4909,2,0,40
1796,324,2,891,5,4914,4,4,50
1797,324,2,892,5,4919,3,3,50
1798,324,2,893,7,4926,7,7,70
1799,324,2,894,6,4932,5,5,60
1800,324,2,895,5,4937,2,2,50
1801,324,2,896,6,4943,2,0,60
1802,324,2,897,5,4948,5,5,50
1803,324,2,898,8,4956,3,3,80
1804,324,2,899,7,4963,4,4,70
1805,324,2,900,5,4968,0,0,50
1806,324,2,901,5,4973,2,2,50
1807,324,2,902,2,4975,1,0,20
1808,324,2,903,4,4979,6,6,40
1809,324,2,904,2,4981,1,1,20
1810,324,2,905,9,4990,6,6,90
1811,324,2,906,2,4992,3,3,20
1812,324,2,907,5,4997,1,1,50
1813,324,3,1,9,9,1,0,90
1814,324,3,2,5,14,2,0,50
1815,324,3,3,6,20,6,6,60
1816,324,3,4,4,24,5,5,40
1817,324,3,5,2,26,2,1,20
1818,324,3,6,9,35,6,6,90
1819,324,3,7,6,41,6,6,60
1820,324,3,8,4,45,2,2,40
1821,324,3,9,2,47,1,1,20
1822,324,3,10,5,52,2,2,50
1823,324,3,11,6,58,2,2,60
1824,324,3,12,9,67,6,6,90
1825,324,3,13,5,72,2,2,50
1826,324,3,14,2,74,1,1,20
1827,324,3,15,7,81,1,1,70
1828,324,3,16,4,85,2,2,40
1829,324,3,17,3,88,1,1,30
1830,324,3,18,2,90,0,0,20
1831,324,3,19,5,95,2,2,50
1832,324,3,20,3,98,1,1,30
1833,324,3,21,7,105,6,6,70
1834,324,3,22,9,114,8,8,90
1835,324,3,23,9,123,6,6,90
1836,324,3,24,6,129,3,3,60
1837,324,3,25,5,134,2,2,50
1838,324,3,26,5,139,2,2,50
1839,324,3,27,2,141,1,1,20
1840,324,3,28,3,144,3,3,30
1841,324,3,29,2,146,3,3,20
1842,324,3,30,9,155,5,5,90
1843,324,3,31,7,162,4,0,70
1844,324,3,32,9,171,8,0,90
1845,324,3,33,5,176,9,9,50
1846,324,3,34,8,184,3,3,80
1847,324,3,35,7,191,2,2,70
1848,324,3,36,6,197,2,2,60
1849,324,3,37,3,200,0,0,30
1850,324,3,38,7,207,4,4,70
1851,324,3,39,6,213,4,4,60
1852,324,3,40,3,216,1,1,30
1853,324,3,41,5,221,3,0,50
1854,324,3,42,6,227,7,7,60
1855,324,3,43,7,234,6,6,70
1856,324,3,44,7,241,3,3,70
1857,324,3,45,9,250,4,4,90
1858,324,3,46,2,252,1,0,20
1859,324,3,47,5,257,4,0,50
1860,324,3,48,4,261,6,6,40
1861,324,3,49,4,265,5,5,40
1862,324,3,50,8,273,4,0,80
1863,324,3,51,8,281,9,9,80
1864,324,3,52,2,283,0,0,20
1865,324,3,53,8,291,4,4,80
1866,324,3,54,2,293,1,1,20
1867,324,3,55,3,296,4,4,30
1868,324,3,56,8,304,1,1,80
1869,324,3,57,7,311,2,2,70
1870,324,3,58,6,317,5,5,60
1871,324,3,59,8,325,6,6,80
1872,324,3,60,7,332,4,4,70
1873,324,3,61,3,335,1,1,30
1874,324,3,62,6,341,1,1,60
1875,324,3,63,3,344,1,1,30
1876,324,3,64,6,350,2,2,60
1877,324,3,65,4,354,2,2,40
1878,324,3,66,6,360,2,2,60
1879,324,3,67,6,366,1,1,60
1880,324,3,68,7,373,9,9,70
1881,324,3,69,3,376,1,1,30
1882,324,3,70,6,382,3,3,60
1883,324,3,71,5,387,2,2,50
1884,324,3,72,8,395,7,7,80
1885,324,3,73,7,402,1,1,70
1886,324,3,74,2,404,0,0,20
1887,324,3,75,2,406,1,1,20
1888,324,3,76,4,410,3,0,40
1889,324,3,77,6,416,8,8,60
1890,324,3,78,3,419,2,2,30
1891,324,3,79,9,428,3,3,90
1892,324,3,80,2,430,0,0,20
1893,324,3,81,8,438,4,4,80
1894,324,3,82,6,444,1,1,60
1895,324,3,83,2,446,1,1,20
1896,324,3,84,9,455,2,2,90
1897,324,3,85,6,461,4,4,60
1898,324,3,86,7,468,5,5,70
1899,324,3,87,5,473,1,0,50
1900,324,3,88,4,477,3,3,40
1901,324,3,89,9,486,3,3,90
1902,324,3,90,7,493,1,1,70
1903,324,3,91,5,498,3,3,50
1904,324,3,92,7,505,3,3,70
1905,324,3,93,2,507,0,0,20
1906,324,3,94,6,513,5,5,60
1907,324,3,95,9,522,5,5,90
1908,324,3,96,7,529,2,2,70
1909,324,3,97,8,537,7,0,80
1910,324,3,98,8,545,9,9,80
1911,324,3,99,9,554,3,3,90
1912,324,3,100,4,558,1,1,40
1913,324,3,101,4,562,2,2,40
1914,324,3,102,5,567,0,0,50
1915,324,3,103,3,570,1,1,30
1916,324,3,104,4,574,3,0,40
1917,324,3,105,6,580,8,8,60
1918,324,3,106,9,589,4,4,90
1919,324,3,107,5,594,3,3,50
1920,324,3,108,6,600,4,4,60
1921,324,3,109,5,605,1,1,50
1922,324,3,110,3,608,2,2,30
1923,324,3,111,4,612,4,4,40
1924,324,3,112,5,617,2,2,50
1925,324,3,113,5,622,2,2,50
1926,324,3,114,9,631,8,8,90
1927,324,3,115,3,634,2,2,30
1928,324,3,116,4,638,1,1,40
1929,324,3,117,3,641,1,1,30
1930,324,3,118,3,644,1,1,30
1931,324,3,119,8,652,3,3,80
1932,324,3,120,8,660,4,4,80
1933,324,3,121,2,662,0,0,20
1934,324,3,122,5,667,3,3,50
1935,324,3,123,8,675,7,7,80
1936,324,3,124,5,680,2,2,50
1937,324,3,125,4,684,0,0,40
1938,324,3,126,8,692,5,0,80
1939,324,3,127,3,695,6,6,30
1940,324,3,128,9,704,6,6,90
1941,324,3,129,5,709,4,0,50
1942,324,3,130,6,715,10,10,60
1943,324,3,131,6,721,5,5,60
1944,324,3,132,4,725,6,6,40
1945,324,3,133,3,728,1,0,30
1946,324,3,134,8,736,8,8,80
1947,324,3,135,7,743,4,4,70
1948,324,3,136,6,749,5,5,60
1949,324,3,137,8,757,3,3,80
1950,324,3,138,5,762,2,2,50
1951,324,3,139,4,766,3,3,40
1952,324,3,140,7,773,6,2,70
1953,324,3,141,5,778,6,6,50
1954,324,3,142,5,783,2,2,50
1955,324,3,143,5,788,3,3,50
1956,324,3,144,4,792,4,4,40
1957,324,3,145,6,798,4,4,60
1958,324,3,146,3,801,2,2,30
1959,324,3,147,9,810,2,2,90
1960,324,3,148,3,813,3,3,30
1961,324,3,149,5,818,1,1,50
1962,324,3,150,9,827,6,1,90
1963,324,3,151,9,836,6,6,90
1964,324,3,152,4,840,1,1,40
1965,324,3,153,6,846,4,4,60
1966,324,3,154,5,851,2,2,50
1967,324,3,155,7,858,3,3,70
1968,324,3,156,5,863,1,1,50
1969,324,3,157,9,872,6,6,90
1970,324,3,158,6,878,4,4,60
1971,324,3,159,4,882,0,0,40
1972,324,3,160,6,888,4,4,60
1973,324,3,161,5,893,3,0,50
1974,324,3,162,4,897,3,0,40
1975,324,3,163,8,905,5,5,80
1976,324,3,164,5,910,5,5,50
1977,324,3,165,4,914,3,3,40
1978,324,3,166,5,919,4,4,50
1979,324,3,167,5,924,3,3,50
1980,324,3,168,8,932,2,2,80
1981,324,3,169,8,940,6,6,80
1982,324,3,170,9,949,3,3,90
1983,324,3,171,2,951,1,1,20
1984,324,3,172,2,953,1,1,20
1985,324,3,173,8,961,2,2,80
1986,324,3,174,4,965,3,3,40
1987,324,3,175,7,972,4,4,70
1988,324,3,176,4,976,1,1,40
1989,324,3,177,2,978,1,1,20
1990,324,3,178,4,982,2,2,40
1991,324,3,179,7,989,5,5,70
1992,324,3,180,5,994,3,3,50
1993,324,3,181,3,997,0,0,30
1994,324,3,182,5,1002,3,3,50
1995,324,3,183,5,1007,6,6,50
1996,324,3,184,6,1013,4,4,60
1997,324,3,185,3,1016,2,2,30
1998,324,3,186,8,1024,7,7,80
1999,324,3,187,5,1029,0,0,50
2000,324,3,188,2,1031,0,0,20
2001,324,3,189,2,1033,3,3,20
2002,324,3,190,9,1042,2,2,90
2003,324,3,191,7,1049,5,5,70
2004,324,3,192,9,1058,4,4,90
2005,324,3,193,7,1065,0,0,70
2006,324,3,194,4,1069,2,2,40
2007,324,3,195,2,1071,1,1,20
2008,324,3,196,4,1075,2,0,40
2009,324,3,197,3,1078,6,0,30
2010,324,3,198,5,1083,8,8,50
2011,324,3,199,6,1089,2,2,60
2012,324,3,200,9,1098,3,0,90
2013,324,3,201,7,1105,5,5,70
2014,324,3,202,9,1114,2,2,90
2015,324,3,203,7,1121,4,4,70
2016,324,3,204,7,1128,6,6,70
2017,324,3,205,9,1137,9,9,90
2018,324,3,206,9,1146,3,3,90
2019,324,3,207,3,1149,0,0,30
2020,324,3,208,5,1154,1,1,50
2021,324,3,209,8,1162,5,5,80
2022,324,3,210,5,1167,3,3,50
2023,324,3,211,4,1171,1,1,40
2024,324,3,212,2,1173,0,0,20
2025,324,3,213,6,1179,1,1,60
2026,324,3,214,8,1187,6,6,80
2027,324,3,215,9,1196,4,4,90
2028,324,3,216,3,1199,0,0,30
2029,324,3,217,6,1205,5,5,60
2030,324,3,218,9,1214,4,4,90
2031,324,3,219,9,1223,2,2,90
2032,324,3,220,2,1225,0,0,20
2033,324,3,221,7,1232,1,1,70
2034,324,3,222,6,1238,2,2,60
2035,324,3,223,2,1240,2,2,20
2036,324,3,224,3,1243,0,0,30
2037,324,3,225,6,1249,10,10,60
2038,324,3,226,7,1256,4,4,70
2039,324,3,227,5,1261,4,0,50
2040,324,3,228,7,1268,6,6,70
2041,324,3,229,3,1271,2,2,30
2042,324,3,230,4,1275,0,0,40
2043,324,3,231,7,1282,6,6,70
2044,324,3,232,4,1286,3,3,40
2045,324,3,233,7,1293,2,2,70
2046,324,3,234,5,1298,3,3,50
2047,324,3,235,4,1302,3,3,40
2048,324,3,236,4,1306,2,2,40
2049,324,3,237,4,1310,0,0,40
2050,324,3,238,4,1314,1,1,40
2051,324,3,239,3,1317,1,1,30
2052,324,3,240,4,1321,1,1,40
2053,324,3,241,2,1323,1,1,20
2054,324,3,242,4,1327,2,2,40
2055,324,3,243,2,1329,1,1,20
2056,324,3,244,5,1334,5,0,50
2057,324,3,245,4,1338,8,8,40
2058,324,3,246,4,1342,1,0,40
2059,324,3,247,3,1345,2,2,30
2060,324,3,248,8,1353,5,5,80
2061,324,3,249,5,1358,3,3,50
2062,324,3,250,8,1366,7,7,80
2063,324,3,251,5,1371,1,1,50
2064,324,3,252,6,1377,4,4,60
2065,324,3,253,3,1380,1,1,30
2066,324,3,254,7,1387,5,5,70
2067,324,3,255,7,1394,4,4,70
2068,324,3,256,2,1396,2,2,20
2069,324,3,257,8,1404,4,0,80
2070,324,3,258,9,1413,8,8,90
2071,324,3,259,7,1420,2,2,70
2072,324,3,260,5,1425,5,0,50
2073,324,3,261,4,1429,7,7,40
2074,324,3,262,2,1431,1,1,20
2075,324,3,263,4,1435,6,6,40
2076,324,3,264,3,1438,1,1,30
2077,324,3,265,5,1443,2,2,50
2078,324,3,266,6,1449,1,1,60
2079,324,3,267,3,1452,1,0,30
2080,324,3,268,4,1456,3,3,40
2081,324,3,269,9,1465,4,4,90
2082,324,3,270,6,1471,3,3,60
2083,324,3,271,2,1473,0,0,20
2084,324,3,272,2,1475,0,0,20
2085,324,3,273,6,1481,1,1,60
2086,324,3,274,6,1487,1,1,60
2087,324,3,275,9,1496,6,6,90
2088,324,3,276,6,1502,3,3,60
2089,324,3,277,9,1511,1,1,90
2090,324,3,278,5,1516,4,4,50
2091,324,3,279,8,1524,2,2,80
2092,324,3,280,3,1527,2,2,30
2093,324,3,281,3,1530,1,1,30
2094,324,3,282,5,1535,2,2,50
2095,324,3,283,4,1539,4,4,40
2096,324,3,284,7,1546,3,3,70
2097,324,3,285,5,1551,2,2,50
2098,324,3,286,8,1559,5,5,80
2099,324,3,287,5,1564,1,1,50
2100,324,3,288,5,1569,1,1,50
2101,324,3,289,4,1573,4,4,40
2102,324,3,290,4,1577,1,1,40
2103,324,3,291,9,1586,5,5,90
2104,324,3,292,5,1591,2,2,50
2105,324,3,293,6,1597,3,0,60
2106,324,3,294,4,1601,4,4,40
2107,324,3,295,7,1608,0,0,70
2108,324,3,296,6,1614,1,1,60
2109,324,3,297,6,1620,2,2,60
2110,324,3,298,7,1627,6,6,70
2111,324,3,299,9,1636,4,4,90
2112,324,3,300,8,1644,5,5,80
2113,324,3,301,3,1647,2,2,30
2114,324,3,302,8,1655,2,2,80
2115,324,3,303,5,1660,2,2,50
2116,324,3,304,4,1664,1,1,40
2117,324,3,305,7,1671,1,1,70
2118,324,3,306,5,1676,5,5,50
2119,324,3,307,3,1679,1,0,30
2120,324,3,308,6,1685,5,5,60
2121,324,3,309,2,1687,1,0,20
2122,324,3,310,6,1693,6,6,60
2123,324,3,311,2,1695,0,0,20
2124,324,3,312,9,1704,7,7,90
2125,324,3,313,9,1713,4,4,90
2126,324,3,314,4,1717,5,5,40
2127,324,3,315,4,1721,3,0,40
2128,324,3,316,4,1725,7,7,40
2129,324,3,317,8,1733,5,5,80
2130,324,3,318,9,1742,6,6,90
2131,324,3,319,3,1745,2,2,30
2132,324,3,320,9,1754,10,10,90
2133,324,3,321,3,1757,1,1,30
2134,324,3,322,7,1764,1,1,70
2135,324,3,323,9,1773,3,3,90
2136,324,3,324,4,1777,4,4,40
2137,324,3,325,6,1783,4,4,60
2138,324,3,326,5,1788,3,3,50
2139,324,3,327,9,1797,1,0,90
2140,324,3,328,4,1801,4,0,40
2141,324,3,329,8,1809,9,9,80
2142,324,3,330,9,1818,3,3,90
2143,324,3,331,5,1823,4,4,50
2144,324,3,332,6,1829,6,6,60
2145,324,3,333,2,1831,2,2,20
2146,324,3,334,2,1833,2,2,20
2147,324,3,335,8,1841,8,8,80
2148,324,3,336,4,1845,1,1,40
2149,324,3,337,7,1852,9,9,70
2150,324,3,338,6,1858,1,1,60
2151,324,3,339,6,1864,4,4,60
2152,324,3,340,2,1866,0,0,20
2153,324,3,341,5,1871,7,7,50
2154,324,3,342,4,1875,3,3,40
2155,324,3,343,8,1883,4,4,80
2156,324,3,344,6,1889,3,3,60
2157,324,3,345,9,1898,8,8,90
2158,324,3,346,3,1901,0,0,30
2159,324,3,347,5,1906,1,1,50
2160,324,3,348,4,1910,0,0,40
2161,324,3,349,4,1914,1,1,40
2162,324,3,350,3,1917,1,1,30
2163,324,3,351,9,1926,3,3,90
2164,324,3,352,8,1934,0,0,80
2165,324,3,353,8,1942,4,4,80
2166,324,3,354,8,1950,1,1,80
2167,324,3,355,2,1952,3,3,20
2168,324,3,356,9,1961,2,2,90
2169,324,3,357,6,1967,2,0,60
2170,324,3,358,4,1971,4,4,40
2171,324,3,359,7,1978,2,2,70
2172,324,3,360,4,1982,1,0,40
2173,324,3,361,4,1986,8,1,40
2174,324,3,362,4,1990,8,8,40
2175,324,3,363,9,1999,9,9,90
2176,324,3,364,2,2001,3,3,20
2177,324,3,365,9,2010,4,4,90
2178,324,3,366,7,2017,2,2,70
2179,324,3,367,3,2020,2,0,30
2180,324,3,368,6,2026,4,4,60
2181,324,3,369,6,2032,5,5,60
2182,324,3,370,5,2037,3,3,50
2183,324,3,371,8,2045,2,2,80
2184,324,3,372,4,2049,1,1,40
2185,324,3,373,3,2052,0,0,30
2186,324,3,374,3,2055,1,1,30
2187,324,3,375,5,2060,7,7,50
2188,324,3,376,9,2069,3,3,90
2189,324,3,377,8,2077,5,5,80
2190,324,3,378,8,2085,3,3,80
2191,324,3,379,8,2093,6,6,80
2192,324,3,380,3,2096,2,2,30
2193,324,3,381,3,2099,2,2,30
2194,324,3,382,8,2107,6,1,80
2195,324,3,383,2,2109,6,6,20
2196,324,3,384,5,2114,3,3,50
2197,324,3,385,7,2121,1,1,70
2198,324,3,386,9,2130,5,5,90
2199,324,3,387,9,2139,4,4,90
2200,324,3,388,5,2144,4,4,50
2201,324,3,389,2,2146,0,0,20
2202,324,3,390,6,2152,2,2,60
2203,324,3,391,6,2158,4,4,60
2204,324,3,392,7,2165,3,3,70
2205,324,3,393,4,2169,7,7,40
2206,324,3,394,8,2177,5,5,80
2207,324,3,395,8,2185,2,2,80
2208,324,3,396,5,2190,5,5,50
2209,324,3,397,5,2195,7,7,50
2210,324,3,398,2,2197,1,1,20
2211,324,3,399,2,2199,1,1,20
2212,324,3,400,3,2202,1,1,30
2213,324,3,401,7,2209,3,3,70
2214,324,3,402,9,2218,7,7,90
2215,324,3,403,2,2220,1,0,20
2216,324,3,404,6,2226,3,3,60
2217,324,3,405,2,2228,2,2,20
2218,324,3,406,5,2233,4,4,50
2219,324,3,407,5,2238,3,0,50
2220,324,3,408,9,2247,10,10,90
2221,324,3,409,5,2252,3,3,50
2222,324,3,410,2,2254,3,3,20
2223,324,3,411,2,2256,1,0,20
2224,324,3,412,5,2261,2,2,50
2225,324,3,413,6,2267,1,1,60
2226,324,3,414,6,2273,4,4,60
2227,324,3,415,6,2279,3,3,60
2228,324,3,416,8,2287,8,8,80
2229,324,3,417,7,2294,4,4,70
2230,324,3,418,4,2298,3,3,40
2231,324,3,419,3,2301,1,1,30
2232,324,3,420,9,2310,4,4,90
2233,324,3,421,5,2315,4,4,50
2234,324,3,422,7,2322,0,0,70
2235,324,3,423,5,2327,1,1,50
2236,324,3,424,2,2329,0,0,20
2237,324,3,425,3,2332,2,2,30
2238,324,3,426,5,2337,2,2,50
2239,324,3,427,4,2341,1,1,40
2240,324,3,428,8,2349,10,10,80
2241,324,3,429,7,2356,8,8,70
2242,324,3,430,6,2362,0,0,60
2243,324,3,431,4,2366,1,1,40
2244,324,3,432,7,2373,4,4,70
2245,324,3,433,9,2382,6,6,90
2246,324,3,434,6,2388,3,3,60
2247,324,3,435,6,2394,1,1,60
2248,324,3,436,2,2396,1,1,20
2249,324,3,437,4,2400,4,4,40
2250,324,3,438,3,2403,2,2,30
2251,324,3,439,3,2406,3,3,30
2252,324,3,440,2,2408,1,1,20
2253,324,3,441,2,2410,2,2,20
2254,324,3,442,7,2417,3,0,70
2255,324,3,443,2,2419,3,3,20
2256,324,3,444,9,2428,7,7,90
2257,324,3,445,9,2437,7,0,90
2258,324,3,446,9,2446,13,0,90
2259,324,3,447,9,2455,19,19,90
2260,324,3,448,7,2462,2,0,70
2261,324,3,449,4,2466,4,4,40
2262,324,3,450,9,2475,10,10,90
2263,324,3,451,8,2483,4,4,80
2264,324,3,452,6,2489,1,1,60
2265,324,3,453,7,2496,3,3,70
2266,324,3,454,7,2503,3,3,70
2267,324,3,455,9,2512,10,10,90
2268,324,3,456,3,2515,2,2,30
2269,324,3,457,4,2519,2,2,40
2270,324,3,458,6,2525,4,4,60
2271,324,3,459,8,2533,5,5,80
2272,324,3,460,3,2536,1,1,30
2273,324,3,461,5,2541,1,1,50
2274,324,3,462,4,2545,2,2,40
2275,324,3,463,2,2547,0,0,20
2276,324,3,464,5,2552,0,0,50
2277,324,3,465,5,2557,2,2,50
2278,324,3,466,8,2565,3,3,80
2279,324,3,467,3,2568,0,0,30
2280,324,3,468,7,2575,7,7,70
2281,324,3,469,2,2577,1,1,20
2282,324,3,470,7,2584,3,3,70
2283,324,3,471,7,2591,1,1,70
2284,324,3,472,8,2599,2,2,80
2285,324,3,473,6,2605,1,1,60
2286,324,3,474,8,2613,1,0,80
2287,324,3,475,2,2615,2,2,20
2288,324,3,476,6,2621,5,5,60
2289,324,3,477,3,2624,0,0,30
2290,324,3,478,5,2629,2,2,50
2291,324,3,479,4,2633,1,1,40
2292,324,3,480,8,2641,6,6,80
2293,324,3,481,8,2649,4,4,80
2294,324,3,482,7,2656,4,4,70
2295,324,3,483,7,2663,1,1,70
2296,324,3,484,7,2670,5,5,70
2297,324,3,485,5,2675,3,3,50
2298,324,3,486,2,2677,1,1,20
2299,324,3,487,2,2679,1,1,20
2300,324,3,488,3,2682,0,0,30
2301,324,3,489,9,2691,4,1,90
2302,324,3,490,5,2696,5,5,50
2303,324,3,491,4,2700,1,1,40
2304,324,3,492,9,2709,6,6,90
2305,324,3,493,3,2712,1,1,30
2306,324,3,494,3,2715,1,1,30
2307,324,3,495,7,2722,4,4,70
2308,324,3,496,4,2726,3,3,40
2309,324,3,497,9,2735,7,7,90
2310,324,3,498,4,2739,3,3,40
2311,324,3,499,8,2747,4,4,80
2312,324,3,500,8,2755,4,4,80
2313,324,3,501,8,2763,3,3,80
2314,324,3,502,7,2770,8,8,70
2315,324,3,503,8,2778,7,7,80
2316,324,3,504,9,2787,5,5,90
2317,324,3,505,8,2795,2,2,80
2318,324,3,506,3,2798,0,0,30
2319,324,3,507,5,2803,2,2,50
2320,324,3,508,2,2805,1,1,20
2321,324,3,509,6,2811,2,2,60
2322,324,3,510,8,2819,8,8,80
2323,324,3,511,6,2825,4,4,60
2324,324,3,512,6,2831,2,2,60
2325,324,3,513,4,2835,2,2,40
2326,324,3,514,4,2839,0,0,40
2327,324,3,515,5,2844,1,1,50
2328,324,3,516,6,2850,3,3,60
2329,324,3,517,7,2857,1,1,70
2330,324,3,518,2,2859,1,1,20
2331,324,3,519,5,2864,4,4,50
2332,324,3,520,7,2871,5,5,70
2333,324,3,521,5,2876,1,1,50
2334,324,3,522,8,2884,2,2,80
2335,324,3,523,9,2893,10,10,90
2336,324,3,524,2,2895,1,1,20
2337,324,3,525,5,2900,0,0,50
2338,324,3,526,2,2902,0,0,20
2339,324,3,527,3,2905,1,1,30
2340,324,3,528,8,2913,3,3,80
2341,324,3,529,2,2915,1,1,20
2342,324,3,530,3,2918,1,1,30
2343,324,3,531,5,2923,2,2,50
2344,324,3,532,8,2931,5,5,80
2345,324,3,533,8,2939,7,7,80
2346,324,3,534,3,2942,1,1,30
2347,324,3,535,3,2945,2,2,30
2348,324,3,536,6,2951,3,3,60
2349,324,3,537,4,2955,1,1,40
2350,324,3,538,9,2964,3,3,90
2351,324,3,539,4,2968,1,1,40
2352,324,3,540,5,2973,1,1,50
2353,324,3,541,7,2980,1,1,70
2354,324,3,542,6,2986,3,3,60
2355,324,3,543,3,2989,0,0,30
2356,324,3,544,7,2996,8,8,70
2357,324,3,545,6,3002,5,5,60
2358,324,3,546,4,3006,4,4,40
2359,324,3,547,6,3012,4,4,60
2360,324,3,548,5,3017,2,2,50
2361,324,3,549,4,3021,2,2,40
2362,324,3,550,6,3027,4,4,60
2363,324,3,551,6,3033,2,2,60
2364,324,3,552,8,3041,5,5,80
2365,324,3,553,4,3045,1,1,40
2366,324,3,554,4,3049,3,3,40
2367,324,3,555,2,3051,1,1,20
2368,324,3,556,8,3059,4,4,80
2369,324,3,557,2,3061,1,1,20
2370,324,3,558,3,3064,2,0,30
2371,324,3,559,5,3069,5,5,50
2372,324,3,560,6,3075,2,2,60
2373,324,3,561,7,3082,3,3,70
2374,324,3,562,6,3088,4,4,60
2375,324,3,563,2,3090,3,3,20
2376,324,3,564,7,3097,0,0,70
2377,324,3,565,4,3101,4,4,40
2378,324,3,566,7,3108,1,1,70
2379,324,3,567,2,3110,2,2,20
2380,324,3,568,6,3116,4,4,60
2381,324,3,569,6,3122,3,3,60
2382,324,3,570,2,3124,3,3,20
2383,324,3,571,2,3126,1,1,20
2384,324,3,572,7,3133,4,4,70
2385,324,3,573,5,3138,2,2,50
2386,324,3,574,3,3141,3,3,30
2387,324,3,575,4,3145,4,4,40
2388,324,3,576,7,3152,0,0,70
2389,324,3,577,7,3159,1,1,70
2390,324,3,578,2,3161,1,1,20
2391,324,3,579,8,3169,2,2,80
2392,324,3,580,3,3172,2,0,30
2393,324,3,581,3,3175,4,4,30
2394,324,3,582,7,3182,9,9,70
2395,324,3,583,3,3185,2,2,30
2396,324,3,584,7,3192,4,4,70
2397,324,3,585,3,3195,1,1,30
2398,324,3,586,8,3203,5,5,80
2399,324,3,587,5,3208,1,1,50
2400,324,3,588,7,3215,4,4,70
2401,324,3,589,3,3218,1,1,30
2402,324,3,590,7,3225,5,5,70
2403,324,3,591,9,3234,4,4,90
2404,324,3,592,5,3239,5,0,50
2405,324,3,593,3,3242,7,7,30
2406,324,3,594,6,3248,2,2,60
2407,324,3,595,4,3252,1,0,40
2408,324,3,596,7,3259,3,3,70
2409,324,3,597,8,3267,3,0,80
2410,324,3,598,8,3275,7,7,80
2411,324,3,599,4,3279,4,4,40
2412,324,3,600,8,3287,4,4,80
2413,324,3,601,4,3291,1,1,40
2414,324,3,602,7,3298,4,4,70
2415,324,3,603,5,3303,1,1,50
2416,324,3,604,7,3310,3,3,70
2417,324,3,605,4,3314,3,1,40
2418,324,3,606,8,3322,4,4,80
2419,324,3,607,6,3328,3,3,60
2420,324,3,608,2,3330,0,0,20
2421,324,3,609,9,3339,6,6,90
2422,324,3,610,5,3344,1,1,50
2423,324,3,611,7,3351,4,4,70
2424,324,3,612,5,3356,4,4,50
2425,324,3,613,6,3362,3,3,60
2426,324,3,614,5,3367,4,4,50
2427,324,3,615,5,3372,2,2,50
2428,324,3,616,7,3379,3,3,70
2429,324,3,617,4,3383,3,3,40
2430,324,3,618,2,3385,1,1,20
2431,324,3,619,8,3393,6,6,80
2432,324,3,620,2,3395,0,0,20
2433,324,3,621,7,3402,3,3,70
2434,324,3,622,9,3411,7,7,90
2435,324,3,623,7,3418,2,0,70
2436,324,3,624,5,3423,2,2,50
2437,324,3,625,5,3428,4,4,50
2438,324,3,626,8,3436,6,6,80
2439,324,3,627,7,3443,3,0,70
2440,324,3,628,7,3450,8,0,70
2441,324,3,629,6,3456,12,12,60
2442,324,3,630,9,3465,7,7,90
2443,324,3,631,4,3469,1,1,40
2444,324,3,632,8,3477,2,0,80
2445,324,3,633,6,3483,5,5,60
2446,324,3,634,9,3492,7,7,90
2447,324,3,635,4,3496,1,1,40
2448,324,3,636,6,3502,1,0,60
2449,324,3,637,3,3505,4,4,30
2450,324,3,638,5,3510,0,0,50
2451,324,3,639,4,3514,0,0,40
2452,324,3,640,2,3516,0,0,20
2453,324,3,641,8,3524,3,0,80
2454,324,3,642,6,3530,3,3,60
2455,324,3,643,3,3533,3,3,30
2456,324,3,644,7,3540,6,6,70
2457,324,3,645,5,3545,0,0,50
2458,324,3,646,9,3554,0,0,90
2459,324,3,647,7,3561,2,2,70
2460,324,3,648,3,3564,1,1,30
2461,324,3,649,5,3569,2,2,50
2462,324,3,650,9,3578,2,2,90
2463,324,3,651,8,3586,3,0,80
2464,324,3,652,8,3594,7,7,80
2465,324,3,653,8,3602,0,0,80
2466,324,3,654,3,3605,1,1,30
2467,324,3,655,9,3614,1,0,90
2468,324,3,656,5,3619,4,4,50
2469,324,3,657,8,3627,4,4,80
2470,324,3,658,6,3633,1,1,60
2471,324,3,659,5,3638,2,2,50
2472,324,3,660,2,3640,1,1,20
2473,324,3,661,4,3644,3,3,40
2474,324,3,662,8,3652,3,3,80
2475,324,3,663,2,3654,0,0,20
2476,324,3,664,8,3662,5,5,80
2477,324,3,665,8,3670,9,9,80
2478,324,3,666,6,3676,2,2,60
2479,324,3,667,8,3684,5,5,80
2480,324,3,668,9,3693,4,4,90
2481,324,3,669,3,3696,0,0,30
2482,324,3,670,5,3701,6,6,50
2483,324,3,671,2,3703,2,0,20
2484,324,3,672,5,3708,3,3,50
2485,324,3,673,6,3714,4,4,60
2486,324,3,674,5,3719,2,2,50
2487,324,3,675,6,3725,3,3,60
2488,324,3,676,3,3728,0,0,30
2489,324,3,677,5,3733,5,5,50
2490,324,3,678,8,3741,5,1,80
2491,324,3,679,4,3745,6,6,40
2492,324,3,680,7,3752,2,2,70
2493,324,3,681,8,3760,3,3,80
2494,324,3,682,6,3766,4,4,60
2495,324,3,683,7,3773,2,2,70
2496,324,3,684,4,3777,5,5,40
2497,324,3,685,8,3785,5,0,80
2498,324,3,686,6,3791,8,8,60
2499,324,3,687,7,3798,3,0,70
2500,324,3,688,7,3805,5,5,70
2501,324,3,689,5,3810,1,1,50
2502,324,3,690,2,3812,1,1,20
2503,324,3,691,2,3814,1,0,20
2504,324,3,692,2,3816,3,3,20
2505,324,3,693,9,3825,4,4,90
2506,324,3,694,2,3827,2,2,20
2507,324,3,695,2,3829,0,0,20
2508,324,3,696,9,3838,3,0,90
2509,324,3,697,2,3840,5,0,20
2510,324,3,698,2,3842,5,5,20
2511,324,3,699,6,3848,3,3,60
2512,324,3,700,6,3854,4,4,60
2513,324,3,701,2,3856,0,0,20
2514,324,3,702,7,3863,6,6,70
2515,324,3,703,7,3870,3,3,70
2516,324,3,704,4,3874,6,6,40
2517,324,3,705,9,3883,6,6,90
2518,324,3,706,4,3887,0,0,40
2519,324,3,707,9,3896,5,5,90
2520,324,3,708,5,3901,3,3,50
2521,324,3,709,3,3904,1,1,30
2522,324,3,710,5,3909,3,3,50
2523,324,3,711,4,3913,1,1,40
2524,324,3,712,9,3922,10,10,90
2525,324,3,713,3,3925,1,1,30
2526,324,3,714,8,3933,1,1,80
2527,324,3,715,9,3942,5,5,90
2528,324,3,716,5,3947,2,2,50
2529,324,3,717,9,3956,3,3,90
2530,324,3,718,5,3961,2,2,50
2531,324,3,719,8,3969,4,4,80
2532,324,3,720,7,3976,5,5,70
2533,324,3,721,8,3984,8,0,80
2534,324,3,722,5,3989,13,13,50
2535,324,3,723,4,3993,1,1,40
2536,324,3,724,6,3999,4,4,60
2537,324,3,725,7,4006,3,3,70
2538,324,3,726,2,4008,1,1,20
2539,324,3,727,9,4017,3,3,90
2540,324,3,728,9,4026,4,4,90
2541,324,3,729,6,4032,5,5,60
2542,324,3,730,6,4038,7,7,60
2543,324,3,731,4,4042,2,2,40
2544,324,3,732,7,4049,5,5,70
2545,324,3,733,6,4055,2,2,60
2546,324,3,734,7,4062,1,1,70
2547,324,3,735,7,4069,2,2,70
2548,324,3,736,9,4078,8,1,90
2549,324,3,737,7,4085,8,8,70
2550,324,3,738,6,4091,5,5,60
2551,324,3,739,7,4098,3,3,70
2552,324,3,740,4,4102,5,5,40
2553,324,3,741,7,4109,3,3,70
2554,324,3,742,2,4111,0,0,20
2555,324,3,743,7,4118,3,3,70
2556,324,3,744,7,4125,2,2,70
2557,324,3,745,9,4134,5,5,90
2558,324,3,746,8,4142,5,0,80
2559,324,3,747,3,4145,5,5,30
2560,324,3,748,2,4147,2,2,20
2561,324,3,749,9,4156,5,5,90
2562,324,3,750,9,4165,3,3,90
2563,324,3,751,5,4170,2,2,50
2564,324,3,752,2,4172,1,1,20
2565,324,3,753,7,4179,5,5,70
2566,324,3,754,7,4186,4,4,70
2567,324,3,755,5,4191,2,0,50
2568,324,3,756,5,4196,4,4,50
2569,324,3,757,9,4205,6,6,90
2570,324,3,758,5,4210,1,1,50
2571,324,3,759,9,4219,4,4,90
2572,324,3,760,6,4225,4,4,60
2573,324,3,761,2,4227,2,2,20
2574,324,3,762,9,4236,5,5,90
2575,324,3,763,2,4238,0,0,20
2576,324,3,764,7,4245,7,7,70
2577,324,3,765,5,4250,1,1,50
2578,324,3,766,2,4252,1,1,20
2579,324,3,767,2,4254,0,0,20
2580,324,3,768,5,4259,0,0,50
2581,324,3,769,3,4262,0,0,30
2582,324,3,770,2,4264,0,0,20
2583,324,3,771,9,4273,5,5,90
2584,324,3,772,4,4277,3,3,40
2585,324,3,773,5,4282,2,2,50
2586,324,3,774,7,4289,1,1,70
2587,324,3,775,5,4294,2,2,50
2588,324,3,776,4,4298,1,1,40
2589,324,3,777,6,4304,0,0,60
2590,324,3,778,2,4306,2,2,20
2591,324,3,779,3,4309,3,3,30
2592,324,3,780,3,4312,1,1,30
2593,324,3,781,5,4317,6,6,50
2594,324,3,782,5,4322,1,1,50
2595,324,3,783,6,4328,4,4,60
2596,324,3,784,5,4333,2,2,50
2597,324,3,785,4,4337,2,2,40
2598,324,3,786,9,4346,6,6,90
2599,324,3,787,2,4348,1,1,20
2600,324,3,788,8,4356,4,4,80
2601,324,3,789,9,4365,4,4,90
2602,324,3,790,9,4374,5,5,90
2603,324,3,791,3,4377,1,1,30
2604,324,3,792,5,4382,4,4,50
2605,324,3,793,3,4385,5,5,30
2606,324,3,794,6,4391,4,4,60
2607,324,3,795,9,4400,4,4,90
2608,324,3,796,2,4402,0,0,20
2609,324,3,797,5,4407,3,3,50
2610,324,3,798,2,4409,1,1,20
2611,324,3,799,3,4412,3,3,30
2612,324,3,800,9,4421,7,7,90
2613,324,3,801,9,4430,4,4,90
2614,324,3,802,5,4435,4,0,50
2615,324,3,803,4,4439,6,6,40
2616,324,3,804,4,4443,0,0,40
2617,324,3,805,6,4449,4,4,60
2618,324,3,806,3,4452,2,2,30
2619,324,3,807,7,4459,7,7,70
2620,324,3,808,3,4462,3,3,30
2621,324,3,809,7,4469,5,5,70
2622,324,3,810,7,4476,2,2,70
2623,324,3,811,6,4482,1,1,60
2624,324,3,812,7,4489,4,0,70
2625,324,3,813,8,4497,7,7,80
2626,324,3,814,9,4506,2,2,90
2627,324,3,815,7,4513,5,0,70
2628,324,3,816,5,4518,6,6,50
2629,324,3,817,4,4522,0,0,40
2630,324,3,818,8,4530,5,5,80
2631,324,3,819,3,4533,0,0,30
2632,324,3,820,8,4541,4,4,80
2633,324,3,821,8,4549,3,0,80
2634,324,3,822,7,4556,7,7,70
2635,324,3,823,3,4559,0,0,30
2636,324,3,824,2,4561,2,2,20
2637,324,3,825,9,4570,4,4,90
2638,324,3,826,5,4575,4,4,50
2639,324,3,827,2,4577,1,1,20
2640,324,3,828,4,4581,0,0,40
2641,324,3,829,3,4584,1,1,30
2642,324,3,830,7,4591,4,4,70
2643,324,3,831,7,4598,7,7,70
2644,324,3,832,6,4604,2,2,60
2645,324,3,833,2,4606,2,2,20
2646,324,3,834,5,4611,1,1,50
2647,324,3,835,4,4615,3,0,40
2648,324,3,836,4,4619,6,6,40
2649,324,3,837,2,4621,1,1,20
2650,324,3,838,4,4625,2,2,40
2651,324,3,839,5,4630,3,3,50
2652,324,3,840,4,4634,0,0,40
2653,324,3,841,8,4642,2,2,80
2654,324,3,842,5,4647,0,0,50
2655,324,3,843,8,4655,4,4,80
2656,324,3,844,5,4660,4,4,50
2657,324,3,845,8,4668,7,1,80
2658,324,3,846,9,4677,11,11,90
2659,324,3,847,5,4682,3,3,50
2660,324,3,848,4,4686,2,2,40
2661,324,3,849,2,4688,1,1,20
2662,324,3,850,8,4696,5,5,80
2663,324,3,851,6,4702,5,5,60
2664,324,3,852,9,4711,7,7,90
2665,324,3,853,9,4720,2,2,90
2666,324,3,854,6,4726,2,2,60
2667,324,3,855,3,4729,1,1,30
2668,324,3,856,9,4738,3,3,90
2669,324,3,857,5,4743,2,2,50
2670,324,3,858,8,4751,3,0,80
2671,324,3,859,6,4757,6,6,60
2672,324,3,860,9,4766,2,2,90
2673,324,3,861,3,4769,2,2,30
2674,324,3,862,7,4776,7,7,70
2675,324,3,863,5,4781,2,2,50
2676,324,3,864,8,4789,6,6,80
2677,324,3,865,7,4796,3,3,70
2678,324,3,866,3,4799,3,3,30
2679,324,3,867,5,4804,3,3,50
2680,324,3,868,5,4809,2,2,50
2681,324,3,869,8,4817,4,4,80
2682,324,3,870,5,4822,4,4,50
2683,324,3,871,3,4825,1,1,30
2684,324,3,872,8,4833,3,3,80
2685,324,3,873,2,4835,1,1,20
2686,324,3,874,7,4842,4,4,70
2687,324,3,875,8,4850,3,3,80
2688,324,3,876,2,4852,1,1,20
2689,324,3,877,8,4860,3,3,80
2690,324,3,878,7,4867,2,2,70
2691,324,3,879,4,4871,1,1,40
2692,324,3,880,4,4875,1,1,40
2693,324,3,881,7,4882,4,4,70
2694,324,3,882,6,4888,3,3,60
2695,324,3,883,8,4896,0,0,80
2696,324,3,884,5,4901,1,0,50
2697,324,3,885,5,4906,2,0,50
2698,324,3,886,6,4912,2,2,60
2699,324,3,887,5,4917,2,2,50
2700,324,3,888,6,4923,1,1,60
2701,324,3,889,7,4930,8,8,70
2702,324,3,890,8,4938,4,0,80
2703,324,3,891,3,4941,6,6,30
2704,324,3,892,5,4946,2,2,50
2705,324,3,893,8,4954,2,0,80
2706,324,3,894,3,4957,4,4,30
2707,324,3,895,4,4961,4,4,40
2708,324,3,896,4,4965,2,2,40
2709,324,3,897,4,4969,3,3,40
2710,324,3,898,2,4971,4,0,20
2711,324,3,899,3,4974,6,6,30
2712,324,3,900,4,4978,0,0,40
2713,324,3,901,3,4981,1,1,30
2714,324,3,902,6,4987,3,0,60
2715,324,3,903,9,4996,5,5,90
