,Scenario,Trial,Inspection,Interval,Time,Defects,Rate
0,211,1,1,2,2,1,20
1,211,1,2,7,9,0,70
2,211,1,3,3,12,1,30
3,211,1,4,3,15,1,30
4,211,1,5,6,21,1,60
5,211,1,6,4,25,1,40
6,211,1,7,5,30,0,50
7,211,1,8,8,38,1,80
8,211,1,9,8,46,1,80
9,211,1,10,6,52,1,60
10,211,1,11,5,57,1,50
11,211,1,12,9,66,1,90
12,211,1,13,5,71,1,50
13,211,1,14,7,78,2,70
14,211,1,15,8,86,1,80
15,211,1,16,5,91,1,50
16,211,1,17,8,99,1,80
17,211,1,18,6,105,1,60
18,211,1,19,9,114,7,90
19,211,1,20,9,123,4,90
20,211,1,21,8,131,1,80
21,211,1,22,9,140,1,90
22,211,1,23,2,142,1,20
23,211,1,24,3,145,4,30
24,211,1,25,6,151,1,60
25,211,1,26,9,160,1,90
26,211,1,27,3,163,6,30
27,211,1,28,8,171,1,80
28,211,1,29,9,180,1,90
29,211,1,30,3,183,2,30
30,211,1,31,2,185,1,20
31,211,1,32,8,193,1,80
32,211,1,33,3,196,5,30
33,211,1,34,3,199,1,30
34,211,1,35,8,207,1,80
35,211,1,36,4,211,1,40
36,211,1,37,8,219,1,80
37,211,1,38,8,227,1,80
38,211,1,39,7,234,4,70
39,211,1,40,5,239,3,50
40,211,1,41,5,244,1,50
41,211,1,42,9,253,1,90
42,211,1,43,9,262,1,90
43,211,1,44,5,267,10,50
44,211,1,45,7,274,1,70
45,211,1,46,6,280,12,60
46,211,1,47,7,287,6,70
47,211,1,48,7,294,1,70
48,211,1,49,9,303,1,90
49,211,1,50,8,311,13,80
50,211,1,51,4,315,1,40
51,211,1,52,7,322,1,70
52,211,1,53,7,329,1,70
53,211,1,54,2,331,1,20
54,211,1,55,5,336,9,50
55,211,1,56,9,345,1,90
56,211,1,57,4,349,1,40
57,211,1,58,5,354,1,50
58,211,1,59,4,358,7,40
59,211,1,60,3,361,1,30
60,211,1,61,5,366,1,50
61,211,1,62,6,372,6,60
62,211,1,63,2,374,1,20
63,211,1,64,9,383,1,90
64,211,1,65,3,386,1,30
65,211,1,66,5,391,1,50
66,211,1,67,3,394,7,30
67,211,1,68,3,397,1,30
68,211,1,69,8,405,7,80
69,211,1,70,7,412,1,70
70,211,1,71,4,416,12,40
71,211,1,72,6,422,1,60
72,211,1,73,9,431,4,90
73,211,1,74,7,438,6,70
74,211,1,75,3,441,1,30
75,211,1,76,9,450,1,90
76,211,1,77,3,453,8,30
77,211,1,78,8,461,1,80
78,211,1,79,8,469,3,80
79,211,1,80,4,473,1,40
80,211,1,81,3,476,1,30
81,211,1,82,8,484,3,80
82,211,1,83,4,488,4,40
83,211,1,84,8,496,8,80
84,211,1,85,4,500,1,40
85,211,1,86,8,508,6,80
86,211,1,87,2,510,7,20
87,211,1,88,4,514,1,40
88,211,1,89,6,520,3,60
89,211,1,90,5,525,5,50
90,211,1,91,3,528,3,30
91,211,1,92,9,537,2,90
92,211,1,93,6,543,1,60
93,211,1,94,6,549,5,60
94,211,1,95,7,556,1,70
95,211,1,96,8,564,1,80
96,211,1,97,9,573,7,90
97,211,1,98,6,579,6,60
98,211,1,99,5,584,2,50
99,211,1,100,5,589,4,50
100,211,1,101,7,596,1,70
101,211,1,102,4,600,1,40
102,211,1,103,6,606,1,60
103,211,1,104,6,612,5,60
104,211,1,105,5,617,1,50
105,211,1,106,8,625,3,80
106,211,1,107,2,627,1,20
107,211,1,108,7,634,5,70
108,211,1,109,8,642,1,80
109,211,1,110,5,647,1,50
110,211,1,111,2,649,1,20
111,211,1,112,9,658,1,90
112,211,1,113,8,666,1,80
113,211,1,114,7,673,1,70
114,211,1,115,4,677,1,40
115,211,1,116,5,682,5,50
116,211,1,117,2,684,1,20
117,211,1,118,3,687,6,30
118,211,1,119,2,689,1,20
119,211,1,120,5,694,1,50
120,211,1,121,5,699,5,50
121,211,1,122,6,705,1,60
122,211,1,123,9,714,1,90
123,211,1,124,8,722,1,80
124,211,1,125,5,727,1,50
125,211,1,126,8,735,1,80
126,211,1,127,4,739,1,40
127,211,1,128,3,742,4,30
128,211,1,129,8,750,1,80
129,211,1,130,7,757,7,70
130,211,1,131,2,759,8,20
131,211,1,132,8,767,1,80
132,211,1,133,3,770,1,30
133,211,1,134,9,779,1,90
134,211,1,135,7,786,1,70
135,211,1,136,9,795,1,90
136,211,1,137,6,801,5,60
137,211,1,138,5,806,1,50
138,211,1,139,2,808,3,20
139,211,1,140,7,815,1,70
140,211,1,141,5,820,1,50
141,211,1,142,3,823,8,30
142,211,1,143,9,832,1,90
143,211,1,144,7,839,1,70
144,211,1,145,4,843,1,40
145,211,1,146,7,850,1,70
146,211,1,147,8,858,1,80
147,211,1,148,2,860,1,20
148,211,1,149,2,862,5,20
149,211,1,150,9,871,2,90
150,211,1,151,8,879,1,80
151,211,1,152,5,884,8,50
152,211,1,153,9,893,1,90
153,211,1,154,6,899,1,60
154,211,1,155,6,905,5,60
155,211,1,156,3,908,1,30
156,211,1,157,9,917,1,90
157,211,1,158,4,921,7,40
158,211,1,159,5,926,1,50
159,211,1,160,8,934,1,80
160,211,1,161,9,943,1,90
161,211,1,162,6,949,1,60
162,211,1,163,4,953,1,40
163,211,1,164,6,959,1,60
164,211,1,165,5,964,1,50
165,211,1,166,5,969,6,50
166,211,1,167,8,977,5,80
167,211,1,168,6,983,1,60
168,211,1,169,4,987,1,40
169,211,1,170,5,992,14,50
170,211,1,171,5,997,10,50
171,211,1,172,9,1006,1,90
172,211,1,173,3,1009,1,30
173,211,1,174,2,1011,3,20
174,211,1,175,3,1014,1,30
175,211,1,176,2,1016,6,20
176,211,1,177,3,1019,6,30
177,211,1,178,4,1023,1,40
178,211,1,179,6,1029,1,60
179,211,1,180,7,1036,4,70
180,211,1,181,2,1038,1,20
181,211,1,182,4,1042,2,40
182,211,1,183,4,1046,5,40
183,211,1,184,5,1051,1,50
184,211,1,185,9,1060,1,90
185,211,1,186,6,1066,1,60
186,211,1,187,9,1075,2,90
187,211,1,188,6,1081,1,60
188,211,1,189,8,1089,6,80
189,211,1,190,5,1094,3,50
190,211,1,191,3,1097,1,30
191,211,1,192,2,1099,8,20
192,211,1,193,7,1106,1,70
193,211,1,194,4,1110,1,40
194,211,1,195,6,1116,1,60
195,211,1,196,7,1123,3,70
196,211,1,197,9,1132,11,90
197,211,1,198,7,1139,1,70
198,211,1,199,2,1141,7,20
199,211,1,200,3,1144,1,30
200,211,1,201,5,1149,4,50
201,211,1,202,5,1154,1,50
202,211,1,203,3,1157,1,30
203,211,1,204,4,1161,1,40
204,211,1,205,9,1170,6,90
205,211,1,206,8,1178,7,80
206,211,1,207,3,1181,2,30
207,211,1,208,9,1190,1,90
208,211,1,209,3,1193,6,30
209,211,1,210,6,1199,8,60
210,211,1,211,5,1204,1,50
211,211,1,212,5,1209,5,50
212,211,1,213,4,1213,1,40
213,211,1,214,4,1217,1,40
214,211,1,215,7,1224,1,70
215,211,1,216,9,1233,2,90
216,211,1,217,8,1241,5,80
217,211,1,218,9,1250,1,90
218,211,1,219,2,1252,1,20
219,211,1,220,5,1257,4,50
220,211,1,221,9,1266,4,90
221,211,1,222,4,1270,6,40
222,211,1,223,3,1273,1,30
223,211,1,224,8,1281,1,80
224,211,1,225,4,1285,1,40
225,211,1,226,6,1291,1,60
226,211,1,227,5,1296,1,50
227,211,1,228,9,1305,5,90
228,211,1,229,4,1309,1,40
229,211,1,230,8,1317,9,80
230,211,1,231,5,1322,6,50
231,211,1,232,5,1327,1,50
232,211,1,233,3,1330,4,30
233,211,1,234,8,1338,1,80
234,211,1,235,4,1342,1,40
235,211,1,236,7,1349,7,70
236,211,1,237,7,1356,7,70
237,211,1,238,7,1363,1,70
238,211,1,239,3,1366,1,30
239,211,1,240,6,1372,1,60
240,211,1,241,3,1375,1,30
241,211,1,242,4,1379,2,40
242,211,1,243,4,1383,7,40
243,211,1,244,8,1391,7,80
244,211,1,245,4,1395,4,40
245,211,1,246,5,1400,1,50
246,211,1,247,2,1402,1,20
247,211,1,248,7,1409,2,70
248,211,1,249,9,1418,1,90
249,211,1,250,6,1424,1,60
250,211,1,251,8,1432,6,80
251,211,1,252,2,1434,1,20
252,211,1,253,7,1441,1,70
253,211,1,254,9,1450,5,90
254,211,1,255,7,1457,2,70
255,211,1,256,6,1463,1,60
256,211,1,257,9,1472,4,90
257,211,1,258,9,1481,5,90
258,211,1,259,2,1483,1,20
259,211,1,260,6,1489,7,60
260,211,1,261,8,1497,7,80
261,211,1,262,8,1505,1,80
262,211,1,263,4,1509,6,40
263,211,1,264,4,1513,7,40
264,211,1,265,9,1522,1,90
265,211,1,266,2,1524,4,20
266,211,1,267,3,1527,1,30
267,211,1,268,6,1533,1,60
268,211,1,269,2,1535,1,20
269,211,1,270,7,1542,1,70
270,211,1,271,3,1545,1,30
271,211,1,272,7,1552,1,70
272,211,1,273,2,1554,1,20
273,211,1,274,4,1558,8,40
274,211,1,275,5,1563,3,50
275,211,1,276,4,1567,5,40
276,211,1,277,6,1573,1,60
277,211,1,278,7,1580,1,70
278,211,1,279,9,1589,4,90
279,211,1,280,3,1592,1,30
280,211,1,281,5,1597,1,50
281,211,1,282,3,1600,1,30
282,211,1,283,3,1603,3,30
283,211,1,284,8,1611,1,80
284,211,1,285,2,1613,1,20
285,211,1,286,6,1619,1,60
286,211,1,287,8,1627,1,80
287,211,1,288,4,1631,1,40
288,211,1,289,8,1639,10,80
289,211,1,290,4,1643,1,40
290,211,1,291,6,1649,1,60
291,211,1,292,7,1656,7,70
292,211,1,293,3,1659,1,30
293,211,1,294,3,1662,8,30
294,211,1,295,4,1666,1,40
295,211,1,296,9,1675,1,90
296,211,1,297,8,1683,1,80
297,211,1,298,5,1688,3,50
298,211,1,299,4,1692,1,40
299,211,1,300,8,1700,11,80
300,211,1,301,9,1709,1,90
301,211,1,302,3,1712,1,30
302,211,1,303,5,1717,4,50
303,211,1,304,3,1720,1,30
304,211,1,305,2,1722,1,20
305,211,1,306,3,1725,1,30
306,211,1,307,2,1727,1,20
307,211,1,308,3,1730,5,30
308,211,1,309,7,1737,1,70
309,211,1,310,2,1739,1,20
310,211,1,311,9,1748,12,90
311,211,1,312,5,1753,1,50
312,211,1,313,4,1757,6,40
313,211,1,314,7,1764,1,70
314,211,1,315,9,1773,1,90
315,211,1,316,9,1782,1,90
316,211,1,317,2,1784,1,20
317,211,1,318,6,1790,1,60
318,211,1,319,4,1794,1,40
319,211,1,320,2,1796,4,20
320,211,1,321,4,1800,1,40
321,211,1,322,7,1807,1,70
322,211,1,323,6,1813,1,60
323,211,1,324,8,1821,1,80
324,211,1,325,7,1828,8,70
325,211,1,326,4,1832,6,40
326,211,1,327,9,1841,6,90
327,211,1,328,5,1846,1,50
328,211,1,329,8,1854,1,80
329,211,1,330,5,1859,5,50
330,211,1,331,7,1866,10,70
331,211,1,332,5,1871,1,50
332,211,1,333,9,1880,9,90
333,211,1,334,6,1886,1,60
334,211,1,335,7,1893,5,70
335,211,1,336,7,1900,2,70
336,211,1,337,2,1902,1,20
337,211,1,338,6,1908,6,60
338,211,1,339,3,1911,7,30
339,211,1,340,3,1914,1,30
340,211,1,341,7,1921,2,70
341,211,1,342,7,1928,10,70
342,211,1,343,2,1930,1,20
343,211,1,344,6,1936,7,60
344,211,1,345,9,1945,1,90
345,211,1,346,9,1954,9,90
346,211,1,347,9,1963,1,90
347,211,1,348,7,1970,9,70
348,211,1,349,4,1974,1,40
349,211,1,350,5,1979,3,50
350,211,1,351,6,1985,1,60
351,211,1,352,8,1993,7,80
352,211,1,353,4,1997,1,40
353,211,1,354,3,2000,1,30
354,211,1,355,3,2003,1,30
355,211,1,356,2,2005,1,20
356,211,1,357,6,2011,3,60
357,211,1,358,3,2014,1,30
358,211,1,359,5,2019,1,50
359,211,1,360,9,2028,7,90
360,211,1,361,8,2036,1,80
361,211,1,362,3,2039,3,30
362,211,1,363,4,2043,1,40
363,211,1,364,2,2045,1,20
364,211,1,365,4,2049,4,40
365,211,1,366,4,2053,1,40
366,211,1,367,3,2056,1,30
367,211,1,368,4,2060,1,40
368,211,1,369,2,2062,4,20
369,211,1,370,3,2065,2,30
370,211,1,371,4,2069,1,40
371,211,1,372,7,2076,1,70
372,211,1,373,8,2084,1,80
373,211,1,374,7,2091,1,70
374,211,1,375,9,2100,1,90
375,211,1,376,7,2107,1,70
376,211,1,377,2,2109,6,20
377,211,1,378,6,2115,8,60
378,211,1,379,4,2119,6,40
379,211,1,380,6,2125,1,60
380,211,1,381,8,2133,1,80
381,211,1,382,8,2141,1,80
382,211,1,383,3,2144,1,30
383,211,1,384,6,2150,1,60
384,211,1,385,9,2159,1,90
385,211,1,386,3,2162,1,30
386,211,1,387,6,2168,1,60
387,211,1,388,4,2172,1,40
388,211,1,389,4,2176,1,40
389,211,1,390,5,2181,8,50
390,211,1,391,6,2187,1,60
391,211,1,392,7,2194,1,70
392,211,1,393,9,2203,13,90
393,211,1,394,9,2212,6,90
394,211,1,395,8,2220,1,80
395,211,1,396,4,2224,2,40
396,211,1,397,3,2227,1,30
397,211,1,398,2,2229,1,20
398,211,1,399,7,2236,5,70
399,211,1,400,3,2239,4,30
400,211,1,401,3,2242,1,30
401,211,1,402,2,2244,1,20
402,211,1,403,8,2252,1,80
403,211,1,404,5,2257,3,50
404,211,1,405,6,2263,4,60
405,211,1,406,9,2272,1,90
406,211,1,407,4,2276,1,40
407,211,1,408,2,2278,5,20
408,211,1,409,7,2285,1,70
409,211,1,410,8,2293,9,80
410,211,1,411,8,2301,1,80
411,211,1,412,6,2307,1,60
412,211,1,413,3,2310,1,30
413,211,1,414,3,2313,6,30
414,211,1,415,9,2322,1,90
415,211,1,416,5,2327,1,50
416,211,1,417,6,2333,1,60
417,211,1,418,6,2339,1,60
418,211,1,419,4,2343,9,40
419,211,1,420,2,2345,1,20
420,211,1,421,3,2348,2,30
421,211,1,422,6,2354,1,60
422,211,1,423,2,2356,5,20
423,211,1,424,6,2362,1,60
424,211,1,425,5,2367,1,50
425,211,1,426,4,2371,1,40
426,211,1,427,9,2380,5,90
427,211,1,428,4,2384,1,40
428,211,1,429,9,2393,1,90
429,211,1,430,8,2401,1,80
430,211,1,431,5,2406,1,50
431,211,1,432,8,2414,1,80
432,211,1,433,4,2418,7,40
433,211,1,434,9,2427,1,90
434,211,1,435,6,2433,1,60
435,211,1,436,8,2441,1,80
436,211,1,437,9,2450,1,90
437,211,1,438,5,2455,1,50
438,211,1,439,7,2462,1,70
439,211,1,440,6,2468,1,60
440,211,1,441,6,2474,1,60
441,211,1,442,9,2483,1,90
442,211,1,443,8,2491,1,80
443,211,1,444,3,2494,1,30
444,211,1,445,5,2499,1,50
445,211,1,446,9,2508,1,90
446,211,1,447,7,2515,1,70
447,211,1,448,4,2519,1,40
448,211,1,449,9,2528,1,90
449,211,1,450,6,2534,1,60
450,211,1,451,2,2536,6,20
451,211,1,452,8,2544,1,80
452,211,1,453,2,2546,8,20
453,211,1,454,6,2552,1,60
454,211,1,455,4,2556,1,40
455,211,1,456,9,2565,13,90
456,211,1,457,7,2572,6,70
457,211,1,458,2,2574,1,20
458,211,1,459,9,2583,1,90
459,211,1,460,3,2586,1,30
460,211,1,461,2,2588,1,20
461,211,1,462,9,2597,9,90
462,211,1,463,3,2600,7,30
463,211,1,464,2,2602,1,20
464,211,1,465,5,2607,1,50
465,211,1,466,7,2614,6,70
466,211,1,467,9,2623,7,90
467,211,1,468,8,2631,5,80
468,211,1,469,3,2634,1,30
469,211,1,470,9,2643,2,90
470,211,1,471,5,2648,1,50
471,211,1,472,2,2650,1,20
472,211,1,473,5,2655,1,50
473,211,1,474,2,2657,7,20
474,211,1,475,6,2663,7,60
475,211,1,476,3,2666,1,30
476,211,1,477,3,2669,1,30
477,211,1,478,6,2675,1,60
478,211,1,479,3,2678,1,30
479,211,1,480,7,2685,5,70
480,211,1,481,9,2694,1,90
481,211,1,482,5,2699,1,50
482,211,1,483,2,2701,1,20
483,211,1,484,4,2705,1,40
484,211,1,485,6,2711,4,60
485,211,1,486,7,2718,1,70
486,211,1,487,5,2723,1,50
487,211,1,488,8,2731,2,80
488,211,1,489,8,2739,5,80
489,211,1,490,2,2741,1,20
490,211,1,491,9,2750,1,90
491,211,1,492,6,2756,3,60
492,211,1,493,7,2763,1,70
493,211,1,494,8,2771,6,80
494,211,1,495,9,2780,1,90
495,211,1,496,8,2788,1,80
496,211,1,497,6,2794,1,60
497,211,1,498,7,2801,1,70
498,211,1,499,4,2805,1,40
499,211,1,500,4,2809,1,40
500,211,1,501,8,2817,1,80
501,211,1,502,6,2823,1,60
502,211,1,503,5,2828,4,50
503,211,1,504,4,2832,1,40
504,211,1,505,8,2840,8,80
505,211,1,506,7,2847,1,70
506,211,1,507,2,2849,1,20
507,211,1,508,2,2851,1,20
508,211,1,509,2,2853,1,20
509,211,1,510,8,2861,1,80
510,211,1,511,8,2869,10,80
511,211,1,512,2,2871,1,20
512,211,1,513,6,2877,1,60
513,211,1,514,6,2883,1,60
514,211,1,515,5,2888,1,50
515,211,1,516,6,2894,15,60
516,211,1,517,6,2900,1,60
517,211,1,518,9,2909,3,90
518,211,1,519,3,2912,1,30
519,211,1,520,2,2914,1,20
520,211,1,521,2,2916,7,20
521,211,1,522,5,2921,7,50
522,211,1,523,9,2930,3,90
523,211,1,524,5,2935,1,50
524,211,1,525,8,2943,1,80
525,211,1,526,8,2951,7,80
526,211,1,527,3,2954,1,30
527,211,1,528,4,2958,1,40
528,211,1,529,2,2960,1,20
529,211,1,530,8,2968,5,80
530,211,1,531,2,2970,1,20
531,211,1,532,9,2979,9,90
532,211,1,533,3,2982,3,30
533,211,1,534,3,2985,1,30
534,211,1,535,9,2994,1,90
535,211,1,536,2,2996,2,20
536,211,1,537,6,3002,4,60
537,211,1,538,4,3006,7,40
538,211,1,539,9,3015,1,90
539,211,1,540,5,3020,1,50
540,211,1,541,7,3027,1,70
541,211,1,542,3,3030,1,30
542,211,1,543,3,3033,1,30
543,211,1,544,3,3036,6,30
544,211,1,545,4,3040,6,40
545,211,1,546,5,3045,6,50
546,211,1,547,3,3048,1,30
547,211,1,548,6,3054,8,60
548,211,1,549,5,3059,1,50
549,211,1,550,4,3063,1,40
550,211,1,551,2,3065,1,20
551,211,1,552,2,3067,9,20
552,211,1,553,8,3075,1,80
553,211,1,554,4,3079,1,40
554,211,1,555,5,3084,1,50
555,211,1,556,5,3089,1,50
556,211,1,557,3,3092,4,30
557,211,1,558,6,3098,1,60
558,211,1,559,9,3107,12,90
559,211,1,560,6,3113,1,60
560,211,1,561,6,3119,1,60
561,211,1,562,8,3127,7,80
562,211,1,563,8,3135,1,80
563,211,1,564,8,3143,1,80
564,211,1,565,2,3145,6,20
565,211,1,566,2,3147,2,20
566,211,1,567,5,3152,4,50
567,211,1,568,9,3161,7,90
568,211,1,569,5,3166,3,50
569,211,1,570,6,3172,6,60
570,211,1,571,6,3178,3,60
571,211,1,572,7,3185,1,70
572,211,1,573,9,3194,1,90
573,211,1,574,5,3199,1,50
574,211,1,575,9,3208,1,90
575,211,1,576,7,3215,5,70
576,211,1,577,7,3222,1,70
577,211,1,578,7,3229,6,70
578,211,1,579,4,3233,1,40
579,211,1,580,3,3236,8,30
580,211,1,581,6,3242,3,60
581,211,1,582,8,3250,5,80
582,211,1,583,2,3252,7,20
583,211,1,584,5,3257,1,50
584,211,1,585,3,3260,1,30
585,211,1,586,6,3266,4,60
586,211,1,587,2,3268,4,20
587,211,1,588,8,3276,5,80
588,211,1,589,7,3283,3,70
589,211,1,590,9,3292,1,90
590,211,1,591,3,3295,1,30
591,211,1,592,5,3300,1,50
592,211,1,593,3,3303,1,30
593,211,1,594,3,3306,1,30
594,211,1,595,8,3314,3,80
595,211,1,596,7,3321,1,70
596,211,1,597,3,3324,1,30
597,211,1,598,8,3332,6,80
598,211,1,599,6,3338,6,60
599,211,1,600,4,3342,1,40
600,211,1,601,8,3350,1,80
601,211,1,602,9,3359,1,90
602,211,1,603,7,3366,13,70
603,211,1,604,8,3374,1,80
604,211,1,605,6,3380,6,60
605,211,1,606,4,3384,1,40
606,211,1,607,7,3391,2,70
607,211,1,608,5,3396,1,50
608,211,1,609,2,3398,8,20
609,211,1,610,5,3403,1,50
610,211,1,611,2,3405,1,20
611,211,1,612,6,3411,5,60
612,211,1,613,2,3413,1,20
613,211,1,614,2,3415,1,20
614,211,1,615,4,3419,1,40
615,211,1,616,5,3424,1,50
616,211,1,617,9,3433,6,90
617,211,1,618,7,3440,1,70
618,211,1,619,3,3443,8,30
619,211,1,620,6,3449,1,60
620,211,1,621,4,3453,1,40
621,211,1,622,8,3461,7,80
622,211,1,623,4,3465,5,40
623,211,1,624,7,3472,3,70
624,211,1,625,8,3480,3,80
625,211,1,626,5,3485,5,50
626,211,1,627,5,3490,1,50
627,211,1,628,2,3492,4,20
628,211,1,629,3,3495,1,30
629,211,1,630,9,3504,1,90
630,211,1,631,7,3511,1,70
631,211,1,632,4,3515,1,40
632,211,1,633,2,3517,1,20
633,211,1,634,3,3520,1,30
634,211,1,635,8,3528,1,80
635,211,1,636,6,3534,1,60
636,211,1,637,3,3537,6,30
637,211,1,638,4,3541,1,40
638,211,1,639,7,3548,1,70
639,211,1,640,3,3551,1,30
640,211,1,641,2,3553,1,20
641,211,1,642,7,3560,5,70
642,211,1,643,8,3568,4,80
643,211,1,644,5,3573,1,50
644,211,1,645,4,3577,1,40
645,211,1,646,5,3582,4,50
646,211,1,647,5,3587,3,50
647,211,1,648,8,3595,1,80
648,211,1,649,6,3601,1,60
649,211,1,650,6,3607,1,60
650,211,1,651,8,3615,1,80
651,211,1,652,4,3619,1,40
652,211,1,653,5,3624,1,50
653,211,1,654,7,3631,3,70
654,211,1,655,5,3636,6,50
655,211,1,656,5,3641,1,50
656,211,1,657,6,3647,1,60
657,211,1,658,8,3655,8,80
658,211,1,659,4,3659,1,40
659,211,1,660,3,3662,1,30
660,211,1,661,4,3666,1,40
661,211,1,662,8,3674,10,80
662,211,1,663,4,3678,2,40
663,211,1,664,7,3685,1,70
664,211,1,665,6,3691,12,60
665,211,1,666,3,3694,1,30
666,211,1,667,6,3700,1,60
667,211,1,668,4,3704,1,40
668,211,1,669,6,3710,1,60
669,211,1,670,9,3719,6,90
670,211,1,671,7,3726,9,70
671,211,1,672,5,3731,4,50
672,211,1,673,4,3735,4,40
673,211,1,674,4,3739,5,40
674,211,1,675,5,3744,3,50
675,211,1,676,9,3753,1,90
676,211,1,677,4,3757,7,40
677,211,1,678,9,3766,1,90
678,211,1,679,7,3773,1,70
679,211,1,680,4,3777,1,40
680,211,1,681,3,3780,3,30
681,211,1,682,7,3787,1,70
682,211,1,683,4,3791,1,40
683,211,1,684,7,3798,1,70
684,211,1,685,7,3805,1,70
685,211,1,686,9,3814,4,90
686,211,1,687,6,3820,1,60
687,211,1,688,9,3829,1,90
688,211,1,689,2,3831,1,20
689,211,1,690,5,3836,1,50
690,211,1,691,2,3838,6,20
691,211,1,692,6,3844,1,60
692,211,1,693,9,3853,7,90
693,211,1,694,4,3857,1,40
694,211,1,695,4,3861,1,40
695,211,1,696,5,3866,1,50
696,211,1,697,3,3869,1,30
697,211,1,698,2,3871,1,20
698,211,1,699,5,3876,4,50
699,211,1,700,8,3884,6,80
700,211,1,701,5,3889,1,50
701,211,1,702,2,3891,5,20
702,211,1,703,7,3898,1,70
703,211,1,704,3,3901,3,30
704,211,1,705,4,3905,10,40
705,211,1,706,6,3911,4,60
706,211,1,707,5,3916,1,50
707,211,1,708,4,3920,1,40
708,211,1,709,6,3926,1,60
709,211,1,710,8,3934,5,80
710,211,1,711,8,3942,1,80
711,211,1,712,5,3947,1,50
712,211,1,713,2,3949,1,20
713,211,1,714,4,3953,3,40
714,211,1,715,9,3962,5,90
715,211,1,716,3,3965,5,30
716,211,1,717,7,3972,1,70
717,211,1,718,2,3974,6,20
718,211,1,719,6,3980,1,60
719,211,1,720,7,3987,1,70
720,211,1,721,9,3996,3,90
721,211,1,722,2,3998,1,20
722,211,1,723,2,4000,1,20
723,211,1,724,6,4006,5,60
724,211,1,725,6,4012,1,60
725,211,1,726,5,4017,1,50
726,211,1,727,4,4021,9,40
727,211,1,728,8,4029,1,80
728,211,1,729,4,4033,1,40
729,211,1,730,9,4042,1,90
730,211,1,731,8,4050,1,80
731,211,1,732,9,4059,1,90
732,211,1,733,7,4066,6,70
733,211,1,734,4,4070,1,40
734,211,1,735,4,4074,6,40
735,211,1,736,4,4078,1,40
736,211,1,737,2,4080,1,20
737,211,1,738,4,4084,5,40
738,211,1,739,2,4086,1,20
739,211,1,740,6,4092,1,60
740,211,1,741,9,4101,2,90
741,211,1,742,7,4108,1,70
742,211,1,743,7,4115,7,70
743,211,1,744,6,4121,1,60
744,211,1,745,4,4125,1,40
745,211,1,746,2,4127,6,20
746,211,1,747,8,4135,9,80
747,211,1,748,4,4139,4,40
748,211,1,749,9,4148,1,90
749,211,1,750,3,4151,0,30
750,211,1,751,2,4153,1,20
751,211,1,752,6,4159,1,60
752,211,1,753,3,4162,1,30
753,211,1,754,6,4168,1,60
754,211,1,755,3,4171,4,30
755,211,1,756,9,4180,1,90
756,211,1,757,4,4184,1,40
757,211,1,758,8,4192,1,80
758,211,1,759,2,4194,4,20
759,211,1,760,7,4201,1,70
760,211,1,761,6,4207,1,60
761,211,1,762,9,4216,6,90
762,211,1,763,3,4219,3,30
763,211,1,764,8,4227,1,80
764,211,1,765,7,4234,1,70
765,211,1,766,9,4243,1,90
766,211,1,767,5,4248,4,50
767,211,1,768,2,4250,1,20
768,211,1,769,6,4256,5,60
769,211,1,770,2,4258,1,20
770,211,1,771,5,4263,3,50
771,211,1,772,5,4268,1,50
772,211,1,773,2,4270,5,20
773,211,1,774,7,4277,1,70
774,211,1,775,4,4281,1,40
775,211,1,776,2,4283,1,20
776,211,1,777,9,4292,1,90
777,211,1,778,7,4299,5,70
778,211,1,779,4,4303,1,40
779,211,1,780,7,4310,1,70
780,211,1,781,7,4317,5,70
781,211,1,782,5,4322,1,50
782,211,1,783,5,4327,4,50
783,211,1,784,4,4331,7,40
784,211,1,785,9,4340,1,90
785,211,1,786,2,4342,1,20
786,211,1,787,6,4348,5,60
787,211,1,788,8,4356,1,80
788,211,1,789,6,4362,1,60
789,211,1,790,7,4369,1,70
790,211,1,791,7,4376,1,70
791,211,1,792,6,4382,1,60
792,211,1,793,5,4387,1,50
793,211,1,794,4,4391,7,40
794,211,1,795,9,4400,1,90
795,211,1,796,2,4402,1,20
796,211,1,797,4,4406,1,40
797,211,1,798,8,4414,7,80
798,211,1,799,5,4419,1,50
799,211,1,800,3,4422,1,30
800,211,1,801,2,4424,1,20
801,211,1,802,3,4427,1,30
802,211,1,803,5,4432,5,50
803,211,1,804,5,4437,11,50
804,211,1,805,9,4446,1,90
805,211,1,806,8,4454,1,80
806,211,1,807,4,4458,1,40
807,211,1,808,6,4464,8,60
808,211,1,809,4,4468,1,40
809,211,1,810,6,4474,1,60
810,211,1,811,5,4479,2,50
811,211,1,812,4,4483,1,40
812,211,1,813,4,4487,1,40
813,211,1,814,2,4489,1,20
814,211,1,815,2,4491,1,20
815,211,1,816,8,4499,1,80
816,211,1,817,5,4504,1,50
817,211,1,818,5,4509,1,50
818,211,1,819,6,4515,1,60
819,211,1,820,7,4522,6,70
820,211,1,821,8,4530,1,80
821,211,1,822,2,4532,1,20
822,211,1,823,3,4535,1,30
823,211,1,824,5,4540,7,50
824,211,1,825,8,4548,1,80
825,211,1,826,3,4551,1,30
826,211,1,827,8,4559,1,80
827,211,1,828,9,4568,10,90
828,211,1,829,8,4576,1,80
829,211,1,830,3,4579,1,30
830,211,1,831,4,4583,1,40
831,211,1,832,9,4592,7,90
832,211,1,833,4,4596,1,40
833,211,1,834,3,4599,1,30
834,211,1,835,8,4607,1,80
835,211,1,836,7,4614,1,70
836,211,1,837,5,4619,9,50
837,211,1,838,7,4626,1,70
838,211,1,839,9,4635,1,90
839,211,1,840,8,4643,5,80
840,211,1,841,9,4652,10,90
841,211,1,842,6,4658,1,60
842,211,1,843,2,4660,1,20
843,211,1,844,4,4664,1,40
844,211,1,845,5,4669,1,50
845,211,1,846,5,4674,1,50
846,211,1,847,7,4681,9,70
847,211,1,848,6,4687,1,60
848,211,1,849,9,4696,1,90
849,211,1,850,7,4703,6,70
850,211,1,851,4,4707,10,40
851,211,1,852,8,4715,1,80
852,211,1,853,7,4722,1,70
853,211,1,854,5,4727,4,50
854,211,1,855,8,4735,6,80
855,211,1,856,9,4744,1,90
856,211,1,857,4,4748,4,40
857,211,1,858,6,4754,11,60
858,211,1,859,5,4759,8,50
859,211,1,860,9,4768,7,90
860,211,1,861,9,4777,5,90
861,211,1,862,2,4779,7,20
862,211,1,863,4,4783,1,40
863,211,1,864,7,4790,1,70
864,211,1,865,3,4793,4,30
865,211,1,866,8,4801,2,80
866,211,1,867,2,4803,8,20
867,211,1,868,7,4810,4,70
868,211,1,869,2,4812,1,20
869,211,1,870,7,4819,6,70
870,211,1,871,2,4821,5,20
871,211,1,872,3,4824,1,30
872,211,1,873,6,4830,7,60
873,211,1,874,5,4835,1,50
874,211,1,875,9,4844,4,90
875,211,1,876,3,4847,1,30
876,211,1,877,5,4852,3,50
877,211,1,878,8,4860,1,80
878,211,1,879,8,4868,1,80
879,211,1,880,9,4877,1,90
880,211,1,881,8,4885,6,80
881,211,1,882,9,4894,1,90
882,211,1,883,6,4900,8,60
883,211,1,884,5,4905,7,50
884,211,1,885,8,4913,8,80
885,211,1,886,3,4916,1,30
886,211,1,887,3,4919,1,30
887,211,1,888,3,4922,1,30
888,211,1,889,4,4926,4,40
889,211,1,890,8,4934,1,80
890,211,1,891,6,4940,1,60
891,211,1,892,9,4949,1,90
892,211,1,893,9,4958,6,90
893,211,1,894,6,4964,1,60
894,211,1,895,9,4973,8,90
895,211,1,896,4,4977,1,40
896,211,1,897,5,4982,5,50
897,211,1,898,9,4991,8,90
898,211,1,899,3,4994,7,30
899,211,2,1,4,4,0,40
900,211,2,2,7,11,1,70
901,211,2,3,5,16,0,50
902,211,2,4,2,18,1,20
903,211,2,5,3,21,0,30
904,211,2,6,4,25,1,40
905,211,2,7,2,27,1,20
906,211,2,8,2,29,1,20
907,211,2,9,6,35,1,60
908,211,2,10,6,41,1,60
909,211,2,11,9,50,2,90
910,211,2,12,8,58,1,80
911,211,2,13,4,62,1,40
912,211,2,14,6,68,1,60
913,211,2,15,5,73,1,50
914,211,2,16,7,80,1,70
915,211,2,17,6,86,1,60
916,211,2,18,5,91,1,50
917,211,2,19,5,96,1,50
918,211,2,20,3,99,1,30
919,211,2,21,4,103,1,40
920,211,2,22,4,107,3,40
921,211,2,23,8,115,1,80
922,211,2,24,2,117,1,20
923,211,2,25,7,124,1,70
924,211,2,26,8,132,0,80
925,211,2,27,9,141,1,90
926,211,2,28,9,150,3,90
927,211,2,29,6,156,3,60
928,211,2,30,3,159,4,30
929,211,2,31,5,164,1,50
930,211,2,32,5,169,1,50
931,211,2,33,3,172,1,30
932,211,2,34,3,175,1,30
933,211,2,35,5,180,5,50
934,211,2,36,5,185,6,50
935,211,2,37,4,189,1,40
936,211,2,38,8,197,1,80
937,211,2,39,2,199,3,20
938,211,2,40,3,202,1,30
939,211,2,41,5,207,1,50
940,211,2,42,4,211,1,40
941,211,2,43,5,216,1,50
942,211,2,44,6,222,1,60
943,211,2,45,3,225,1,30
944,211,2,46,6,231,1,60
945,211,2,47,9,240,3,90
946,211,2,48,8,248,1,80
947,211,2,49,2,250,1,20
948,211,2,50,3,253,1,30
949,211,2,51,9,262,5,90
950,211,2,52,8,270,1,80
951,211,2,53,4,274,1,40
952,211,2,54,9,283,6,90
953,211,2,55,4,287,4,40
954,211,2,56,2,289,6,20
955,211,2,57,9,298,1,90
956,211,2,58,5,303,6,50
957,211,2,59,4,307,2,40
958,211,2,60,9,316,6,90
959,211,2,61,8,324,1,80
960,211,2,62,4,328,2,40
961,211,2,63,4,332,1,40
962,211,2,64,5,337,3,50
963,211,2,65,6,343,2,60
964,211,2,66,7,350,1,70
965,211,2,67,9,359,1,90
966,211,2,68,7,366,5,70
967,211,2,69,8,374,1,80
968,211,2,70,8,382,1,80
969,211,2,71,9,391,1,90
970,211,2,72,8,399,10,80
971,211,2,73,6,405,2,60
972,211,2,74,6,411,1,60
973,211,2,75,2,413,1,20
974,211,2,76,2,415,1,20
975,211,2,77,9,424,1,90
976,211,2,78,8,432,1,80
977,211,2,79,9,441,1,90
978,211,2,80,3,444,1,30
979,211,2,81,7,451,1,70
980,211,2,82,7,458,1,70
981,211,2,83,8,466,4,80
982,211,2,84,7,473,1,70
983,211,2,85,2,475,7,20
984,211,2,86,4,479,12,40
985,211,2,87,4,483,8,40
986,211,2,88,5,488,2,50
987,211,2,89,7,495,1,70
988,211,2,90,5,500,1,50
989,211,2,91,7,507,1,70
990,211,2,92,9,516,9,90
991,211,2,93,2,518,8,20
992,211,2,94,3,521,6,30
993,211,2,95,5,526,3,50
994,211,2,96,6,532,1,60
995,211,2,97,2,534,6,20
996,211,2,98,4,538,3,40
997,211,2,99,7,545,1,70
998,211,2,100,2,547,1,20
999,211,2,101,8,555,1,80
1000,211,2,102,2,557,1,20
1001,211,2,103,9,566,1,90
1002,211,2,104,5,571,7,50
1003,211,2,105,8,579,12,80
1004,211,2,106,7,586,4,70
1005,211,2,107,6,592,1,60
1006,211,2,108,8,600,4,80
1007,211,2,109,6,606,1,60
1008,211,2,110,6,612,1,60
1009,211,2,111,9,621,2,90
1010,211,2,112,9,630,1,90
1011,211,2,113,4,634,1,40
1012,211,2,114,9,643,1,90
1013,211,2,115,4,647,8,40
1014,211,2,116,3,650,10,30
1015,211,2,117,5,655,1,50
1016,211,2,118,6,661,1,60
1017,211,2,119,8,669,1,80
1018,211,2,120,4,673,7,40
1019,211,2,121,9,682,1,90
1020,211,2,122,2,684,4,20
1021,211,2,123,9,693,5,90
1022,211,2,124,5,698,6,50
1023,211,2,125,4,702,1,40
1024,211,2,126,5,707,1,50
1025,211,2,127,6,713,1,60
1026,211,2,128,8,721,1,80
1027,211,2,129,9,730,1,90
1028,211,2,130,2,732,1,20
1029,211,2,131,9,741,11,90
1030,211,2,132,4,745,5,40
1031,211,2,133,8,753,11,80
1032,211,2,134,5,758,1,50
1033,211,2,135,9,767,1,90
1034,211,2,136,5,772,1,50
1035,211,2,137,5,777,1,50
1036,211,2,138,8,785,1,80
1037,211,2,139,6,791,8,60
1038,211,2,140,2,793,2,20
1039,211,2,141,8,801,1,80
1040,211,2,142,6,807,4,60
1041,211,2,143,3,810,6,30
1042,211,2,144,4,814,4,40
1043,211,2,145,3,817,1,30
1044,211,2,146,3,820,5,30
1045,211,2,147,4,824,5,40
1046,211,2,148,2,826,1,20
1047,211,2,149,5,831,1,50
1048,211,2,150,3,834,1,30
1049,211,2,151,6,840,1,60
1050,211,2,152,7,847,1,70
1051,211,2,153,5,852,7,50
1052,211,2,154,7,859,1,70
1053,211,2,155,5,864,1,50
1054,211,2,156,2,866,1,20
1055,211,2,157,2,868,1,20
1056,211,2,158,6,874,1,60
1057,211,2,159,6,880,1,60
1058,211,2,160,3,883,8,30
1059,211,2,161,4,887,6,40
1060,211,2,162,8,895,6,80
1061,211,2,163,6,901,5,60
1062,211,2,164,7,908,7,70
1063,211,2,165,9,917,1,90
1064,211,2,166,6,923,1,60
1065,211,2,167,6,929,1,60
1066,211,2,168,6,935,1,60
1067,211,2,169,7,942,1,70
1068,211,2,170,5,947,1,50
1069,211,2,171,9,956,1,90
1070,211,2,172,7,963,1,70
1071,211,2,173,9,972,4,90
1072,211,2,174,3,975,1,30
1073,211,2,175,9,984,1,90
1074,211,2,176,6,990,1,60
1075,211,2,177,6,996,1,60
1076,211,2,178,9,1005,7,90
1077,211,2,179,8,1013,3,80
1078,211,2,180,7,1020,1,70
1079,211,2,181,5,1025,4,50
1080,211,2,182,6,1031,9,60
1081,211,2,183,6,1037,1,60
1082,211,2,184,3,1040,1,30
1083,211,2,185,9,1049,7,90
1084,211,2,186,6,1055,5,60
1085,211,2,187,4,1059,1,40
1086,211,2,188,2,1061,9,20
1087,211,2,189,5,1066,1,50
1088,211,2,190,8,1074,1,80
1089,211,2,191,7,1081,1,70
1090,211,2,192,2,1083,7,20
1091,211,2,193,9,1092,1,90
1092,211,2,194,8,1100,1,80
1093,211,2,195,8,1108,1,80
1094,211,2,196,7,1115,12,70
1095,211,2,197,8,1123,1,80
1096,211,2,198,6,1129,1,60
1097,211,2,199,9,1138,1,90
1098,211,2,200,6,1144,1,60
1099,211,2,201,2,1146,4,20
1100,211,2,202,5,1151,4,50
1101,211,2,203,5,1156,3,50
1102,211,2,204,3,1159,1,30
1103,211,2,205,4,1163,1,40
1104,211,2,206,8,1171,1,80
1105,211,2,207,3,1174,1,30
1106,211,2,208,4,1178,1,40
1107,211,2,209,6,1184,1,60
1108,211,2,210,3,1187,1,30
1109,211,2,211,4,1191,5,40
1110,211,2,212,4,1195,1,40
1111,211,2,213,8,1203,1,80
1112,211,2,214,4,1207,4,40
1113,211,2,215,5,1212,7,50
1114,211,2,216,4,1216,3,40
1115,211,2,217,3,1219,1,30
1116,211,2,218,2,1221,1,20
1117,211,2,219,8,1229,5,80
1118,211,2,220,2,1231,1,20
1119,211,2,221,6,1237,5,60
1120,211,2,222,8,1245,1,80
1121,211,2,223,9,1254,4,90
1122,211,2,224,2,1256,1,20
1123,211,2,225,6,1262,6,60
1124,211,2,226,7,1269,5,70
1125,211,2,227,2,1271,1,20
1126,211,2,228,4,1275,1,40
1127,211,2,229,9,1284,1,90
1128,211,2,230,3,1287,1,30
1129,211,2,231,5,1292,1,50
1130,211,2,232,2,1294,1,20
1131,211,2,233,8,1302,6,80
1132,211,2,234,7,1309,1,70
1133,211,2,235,9,1318,6,90
1134,211,2,236,9,1327,7,90
1135,211,2,237,4,1331,1,40
1136,211,2,238,8,1339,2,80
1137,211,2,239,3,1342,1,30
1138,211,2,240,7,1349,3,70
1139,211,2,241,6,1355,1,60
1140,211,2,242,6,1361,8,60
1141,211,2,243,3,1364,1,30
1142,211,2,244,7,1371,4,70
1143,211,2,245,6,1377,1,60
1144,211,2,246,7,1384,1,70
1145,211,2,247,6,1390,5,60
1146,211,2,248,6,1396,1,60
1147,211,2,249,4,1400,4,40
1148,211,2,250,4,1404,7,40
1149,211,2,251,9,1413,1,90
1150,211,2,252,3,1416,1,30
1151,211,2,253,3,1419,1,30
1152,211,2,254,9,1428,1,90
1153,211,2,255,5,1433,6,50
1154,211,2,256,4,1437,1,40
1155,211,2,257,3,1440,5,30
1156,211,2,258,3,1443,1,30
1157,211,2,259,9,1452,1,90
1158,211,2,260,7,1459,1,70
1159,211,2,261,2,1461,4,20
1160,211,2,262,7,1468,3,70
1161,211,2,263,7,1475,1,70
1162,211,2,264,9,1484,11,90
1163,211,2,265,2,1486,4,20
1164,211,2,266,3,1489,1,30
1165,211,2,267,2,1491,1,20
1166,211,2,268,7,1498,4,70
1167,211,2,269,9,1507,1,90
1168,211,2,270,2,1509,6,20
1169,211,2,271,8,1517,1,80
1170,211,2,272,9,1526,10,90
1171,211,2,273,2,1528,4,20
1172,211,2,274,3,1531,1,30
1173,211,2,275,5,1536,6,50
1174,211,2,276,6,1542,1,60
1175,211,2,277,7,1549,1,70
1176,211,2,278,4,1553,1,40
1177,211,2,279,8,1561,4,80
1178,211,2,280,9,1570,1,90
1179,211,2,281,2,1572,1,20
1180,211,2,282,6,1578,1,60
1181,211,2,283,7,1585,1,70
1182,211,2,284,4,1589,6,40
1183,211,2,285,5,1594,4,50
1184,211,2,286,5,1599,1,50
1185,211,2,287,9,1608,1,90
1186,211,2,288,9,1617,9,90
1187,211,2,289,5,1622,3,50
1188,211,2,290,3,1625,1,30
1189,211,2,291,7,1632,3,70
1190,211,2,292,7,1639,5,70
1191,211,2,293,5,1644,3,50
1192,211,2,294,8,1652,10,80
1193,211,2,295,3,1655,1,30
1194,211,2,296,5,1660,6,50
1195,211,2,297,2,1662,1,20
1196,211,2,298,3,1665,1,30
1197,211,2,299,4,1669,1,40
1198,211,2,300,5,1674,1,50
1199,211,2,301,5,1679,2,50
1200,211,2,302,8,1687,1,80
1201,211,2,303,4,1691,1,40
1202,211,2,304,6,1697,7,60
1203,211,2,305,2,1699,1,20
1204,211,2,306,4,1703,2,40
1205,211,2,307,3,1706,3,30
1206,211,2,308,7,1713,1,70
1207,211,2,309,4,1717,5,40
1208,211,2,310,3,1720,1,30
1209,211,2,311,9,1729,1,90
1210,211,2,312,3,1732,1,30
1211,211,2,313,8,1740,3,80
1212,211,2,314,5,1745,1,50
1213,211,2,315,6,1751,6,60
1214,211,2,316,4,1755,5,40
1215,211,2,317,2,1757,5,20
1216,211,2,318,4,1761,1,40
1217,211,2,319,4,1765,1,40
1218,211,2,320,2,1767,1,20
1219,211,2,321,9,1776,2,90
1220,211,2,322,5,1781,4,50
1221,211,2,323,3,1784,2,30
1222,211,2,324,8,1792,4,80
1223,211,2,325,2,1794,7,20
1224,211,2,326,6,1800,1,60
1225,211,2,327,8,1808,1,80
1226,211,2,328,6,1814,1,60
1227,211,2,329,2,1816,1,20
1228,211,2,330,4,1820,1,40
1229,211,2,331,4,1824,2,40
1230,211,2,332,2,1826,1,20
1231,211,2,333,2,1828,4,20
1232,211,2,334,4,1832,1,40
1233,211,2,335,2,1834,1,20
1234,211,2,336,6,1840,1,60
1235,211,2,337,5,1845,1,50
1236,211,2,338,7,1852,1,70
1237,211,2,339,8,1860,1,80
1238,211,2,340,6,1866,1,60
1239,211,2,341,6,1872,6,60
1240,211,2,342,9,1881,1,90
1241,211,2,343,7,1888,1,70
1242,211,2,344,8,1896,1,80
1243,211,2,345,7,1903,1,70
1244,211,2,346,8,1911,1,80
1245,211,2,347,3,1914,1,30
1246,211,2,348,6,1920,1,60
1247,211,2,349,7,1927,1,70
1248,211,2,350,3,1930,1,30
1249,211,2,351,6,1936,6,60
1250,211,2,352,8,1944,4,80
1251,211,2,353,7,1951,1,70
1252,211,2,354,6,1957,8,60
1253,211,2,355,4,1961,1,40
1254,211,2,356,4,1965,5,40
1255,211,2,357,5,1970,5,50
1256,211,2,358,3,1973,4,30
1257,211,2,359,3,1976,4,30
1258,211,2,360,7,1983,7,70
1259,211,2,361,5,1988,1,50
1260,211,2,362,8,1996,3,80
1261,211,2,363,3,1999,6,30
1262,211,2,364,2,2001,1,20
1263,211,2,365,7,2008,2,70
1264,211,2,366,9,2017,1,90
1265,211,2,367,9,2026,1,90
1266,211,2,368,8,2034,1,80
1267,211,2,369,8,2042,1,80
1268,211,2,370,7,2049,1,70
1269,211,2,371,8,2057,1,80
1270,211,2,372,8,2065,1,80
1271,211,2,373,7,2072,7,70
1272,211,2,374,2,2074,1,20
1273,211,2,375,5,2079,3,50
1274,211,2,376,4,2083,7,40
1275,211,2,377,7,2090,1,70
1276,211,2,378,4,2094,1,40
1277,211,2,379,5,2099,1,50
1278,211,2,380,9,2108,1,90
1279,211,2,381,4,2112,3,40
1280,211,2,382,4,2116,1,40
1281,211,2,383,8,2124,1,80
1282,211,2,384,9,2133,1,90
1283,211,2,385,8,2141,1,80
1284,211,2,386,3,2144,1,30
1285,211,2,387,9,2153,1,90
1286,211,2,388,9,2162,8,90
1287,211,2,389,8,2170,5,80
1288,211,2,390,4,2174,9,40
1289,211,2,391,2,2176,1,20
1290,211,2,392,2,2178,1,20
1291,211,2,393,3,2181,3,30
1292,211,2,394,9,2190,1,90
1293,211,2,395,9,2199,8,90
1294,211,2,396,9,2208,1,90
1295,211,2,397,8,2216,8,80
1296,211,2,398,9,2225,1,90
1297,211,2,399,5,2230,5,50
1298,211,2,400,8,2238,1,80
1299,211,2,401,3,2241,1,30
1300,211,2,402,7,2248,1,70
1301,211,2,403,6,2254,1,60
1302,211,2,404,7,2261,1,70
1303,211,2,405,2,2263,13,20
1304,211,2,406,4,2267,1,40
1305,211,2,407,8,2275,7,80
1306,211,2,408,3,2278,1,30
1307,211,2,409,4,2282,1,40
1308,211,2,410,5,2287,1,50
1309,211,2,411,3,2290,3,30
1310,211,2,412,5,2295,1,50
1311,211,2,413,9,2304,1,90
1312,211,2,414,2,2306,1,20
1313,211,2,415,9,2315,1,90
1314,211,2,416,6,2321,11,60
1315,211,2,417,6,2327,1,60
1316,211,2,418,3,2330,1,30
1317,211,2,419,3,2333,1,30
1318,211,2,420,3,2336,1,30
1319,211,2,421,4,2340,1,40
1320,211,2,422,8,2348,1,80
1321,211,2,423,3,2351,1,30
1322,211,2,424,2,2353,1,20
1323,211,2,425,7,2360,7,70
1324,211,2,426,8,2368,8,80
1325,211,2,427,4,2372,8,40
1326,211,2,428,4,2376,5,40
1327,211,2,429,3,2379,1,30
1328,211,2,430,3,2382,1,30
1329,211,2,431,9,2391,1,90
1330,211,2,432,8,2399,1,80
1331,211,2,433,6,2405,3,60
1332,211,2,434,2,2407,7,20
1333,211,2,435,3,2410,1,30
1334,211,2,436,5,2415,1,50
1335,211,2,437,5,2420,7,50
1336,211,2,438,4,2424,5,40
1337,211,2,439,6,2430,1,60
1338,211,2,440,8,2438,1,80
1339,211,2,441,7,2445,6,70
1340,211,2,442,4,2449,1,40
1341,211,2,443,9,2458,3,90
1342,211,2,444,5,2463,10,50
1343,211,2,445,8,2471,2,80
1344,211,2,446,4,2475,1,40
1345,211,2,447,6,2481,6,60
1346,211,2,448,3,2484,1,30
1347,211,2,449,9,2493,1,90
1348,211,2,450,9,2502,1,90
1349,211,2,451,7,2509,2,70
1350,211,2,452,4,2513,7,40
1351,211,2,453,5,2518,3,50
1352,211,2,454,4,2522,1,40
1353,211,2,455,9,2531,1,90
1354,211,2,456,4,2535,4,40
1355,211,2,457,9,2544,1,90
1356,211,2,458,4,2548,1,40
1357,211,2,459,5,2553,1,50
1358,211,2,460,6,2559,1,60
1359,211,2,461,5,2564,1,50
1360,211,2,462,2,2566,1,20
1361,211,2,463,2,2568,1,20
1362,211,2,464,4,2572,1,40
1363,211,2,465,2,2574,1,20
1364,211,2,466,2,2576,1,20
1365,211,2,467,8,2584,1,80
1366,211,2,468,7,2591,8,70
1367,211,2,469,5,2596,11,50
1368,211,2,470,8,2604,1,80
1369,211,2,471,5,2609,3,50
1370,211,2,472,4,2613,3,40
1371,211,2,473,3,2616,1,30
1372,211,2,474,2,2618,7,20
1373,211,2,475,7,2625,1,70
1374,211,2,476,8,2633,1,80
1375,211,2,477,3,2636,6,30
1376,211,2,478,7,2643,1,70
1377,211,2,479,8,2651,1,80
1378,211,2,480,9,2660,1,90
1379,211,2,481,5,2665,8,50
1380,211,2,482,2,2667,1,20
1381,211,2,483,5,2672,8,50
1382,211,2,484,8,2680,7,80
1383,211,2,485,3,2683,1,30
1384,211,2,486,7,2690,6,70
1385,211,2,487,4,2694,1,40
1386,211,2,488,8,2702,1,80
1387,211,2,489,9,2711,1,90
1388,211,2,490,4,2715,3,40
1389,211,2,491,2,2717,4,20
1390,211,2,492,4,2721,1,40
1391,211,2,493,8,2729,3,80
1392,211,2,494,5,2734,5,50
1393,211,2,495,6,2740,5,60
1394,211,2,496,6,2746,1,60
1395,211,2,497,9,2755,1,90
1396,211,2,498,8,2763,6,80
1397,211,2,499,4,2767,1,40
1398,211,2,500,2,2769,1,20
1399,211,2,501,9,2778,4,90
1400,211,2,502,3,2781,1,30
1401,211,2,503,6,2787,4,60
1402,211,2,504,7,2794,1,70
1403,211,2,505,5,2799,1,50
1404,211,2,506,8,2807,1,80
1405,211,2,507,8,2815,1,80
1406,211,2,508,2,2817,1,20
1407,211,2,509,8,2825,5,80
1408,211,2,510,7,2832,1,70
1409,211,2,511,4,2836,1,40
1410,211,2,512,6,2842,1,60
1411,211,2,513,7,2849,1,70
1412,211,2,514,7,2856,1,70
1413,211,2,515,3,2859,1,30
1414,211,2,516,5,2864,1,50
1415,211,2,517,9,2873,1,90
1416,211,2,518,8,2881,1,80
1417,211,2,519,5,2886,1,50
1418,211,2,520,9,2895,6,90
1419,211,2,521,6,2901,9,60
1420,211,2,522,8,2909,7,80
1421,211,2,523,3,2912,1,30
1422,211,2,524,3,2915,1,30
1423,211,2,525,7,2922,8,70
1424,211,2,526,3,2925,5,30
1425,211,2,527,3,2928,8,30
1426,211,2,528,3,2931,1,30
1427,211,2,529,7,2938,8,70
1428,211,2,530,7,2945,1,70
1429,211,2,531,2,2947,1,20
1430,211,2,532,2,2949,4,20
1431,211,2,533,4,2953,1,40
1432,211,2,534,4,2957,1,40
1433,211,2,535,9,2966,1,90
1434,211,2,536,2,2968,1,20
1435,211,2,537,3,2971,1,30
1436,211,2,538,8,2979,7,80
1437,211,2,539,7,2986,1,70
1438,211,2,540,9,2995,1,90
1439,211,2,541,4,2999,10,40
1440,211,2,542,4,3003,1,40
1441,211,2,543,9,3012,5,90
1442,211,2,544,4,3016,5,40
1443,211,2,545,9,3025,6,90
1444,211,2,546,7,3032,1,70
1445,211,2,547,4,3036,1,40
1446,211,2,548,5,3041,1,50
1447,211,2,549,3,3044,1,30
1448,211,2,550,5,3049,1,50
1449,211,2,551,2,3051,3,20
1450,211,2,552,4,3055,1,40
1451,211,2,553,9,3064,3,90
1452,211,2,554,6,3070,1,60
1453,211,2,555,3,3073,1,30
1454,211,2,556,9,3082,4,90
1455,211,2,557,7,3089,1,70
1456,211,2,558,8,3097,1,80
1457,211,2,559,5,3102,1,50
1458,211,2,560,8,3110,1,80
1459,211,2,561,6,3116,1,60
1460,211,2,562,9,3125,7,90
1461,211,2,563,3,3128,1,30
1462,211,2,564,7,3135,11,70
1463,211,2,565,8,3143,1,80
1464,211,2,566,3,3146,10,30
1465,211,2,567,4,3150,7,40
1466,211,2,568,4,3154,1,40
1467,211,2,569,5,3159,6,50
1468,211,2,570,4,3163,1,40
1469,211,2,571,2,3165,1,20
1470,211,2,572,9,3174,8,90
1471,211,2,573,5,3179,1,50
1472,211,2,574,4,3183,1,40
1473,211,2,575,5,3188,1,50
1474,211,2,576,8,3196,1,80
1475,211,2,577,6,3202,8,60
1476,211,2,578,6,3208,6,60
1477,211,2,579,4,3212,5,40
1478,211,2,580,2,3214,1,20
1479,211,2,581,3,3217,1,30
1480,211,2,582,6,3223,5,60
1481,211,2,583,7,3230,1,70
1482,211,2,584,2,3232,1,20
1483,211,2,585,8,3240,1,80
1484,211,2,586,5,3245,1,50
1485,211,2,587,3,3248,1,30
1486,211,2,588,3,3251,1,30
1487,211,2,589,7,3258,1,70
1488,211,2,590,6,3264,1,60
1489,211,2,591,4,3268,1,40
1490,211,2,592,4,3272,1,40
1491,211,2,593,7,3279,1,70
1492,211,2,594,2,3281,1,20
1493,211,2,595,7,3288,1,70
1494,211,2,596,9,3297,1,90
1495,211,2,597,9,3306,1,90
1496,211,2,598,5,3311,1,50
1497,211,2,599,6,3317,1,60
1498,211,2,600,7,3324,10,70
1499,211,2,601,6,3330,1,60
1500,211,2,602,4,3334,1,40
1501,211,2,603,5,3339,1,50
1502,211,2,604,5,3344,4,50
1503,211,2,605,3,3347,1,30
1504,211,2,606,8,3355,1,80
1505,211,2,607,3,3358,1,30
1506,211,2,608,2,3360,1,20
1507,211,2,609,7,3367,1,70
1508,211,2,610,4,3371,5,40
1509,211,2,611,3,3374,1,30
1510,211,2,612,9,3383,1,90
1511,211,2,613,4,3387,9,40
1512,211,2,614,4,3391,9,40
1513,211,2,615,2,3393,1,20
1514,211,2,616,8,3401,1,80
1515,211,2,617,5,3406,1,50
1516,211,2,618,4,3410,1,40
1517,211,2,619,3,3413,1,30
1518,211,2,620,5,3418,8,50
1519,211,2,621,7,3425,4,70
1520,211,2,622,9,3434,12,90
1521,211,2,623,5,3439,9,50
1522,211,2,624,9,3448,1,90
1523,211,2,625,6,3454,1,60
1524,211,2,626,9,3463,10,90
1525,211,2,627,2,3465,6,20
1526,211,2,628,7,3472,4,70
1527,211,2,629,4,3476,1,40
1528,211,2,630,3,3479,1,30
1529,211,2,631,9,3488,3,90
1530,211,2,632,7,3495,10,70
1531,211,2,633,5,3500,1,50
1532,211,2,634,5,3505,1,50
1533,211,2,635,8,3513,6,80
1534,211,2,636,9,3522,1,90
1535,211,2,637,4,3526,1,40
1536,211,2,638,3,3529,1,30
1537,211,2,639,4,3533,1,40
1538,211,2,640,9,3542,1,90
1539,211,2,641,4,3546,1,40
1540,211,2,642,3,3549,1,30
1541,211,2,643,2,3551,8,20
1542,211,2,644,4,3555,1,40
1543,211,2,645,9,3564,8,90
1544,211,2,646,6,3570,1,60
1545,211,2,647,6,3576,1,60
1546,211,2,648,7,3583,1,70
1547,211,2,649,3,3586,1,30
1548,211,2,650,6,3592,11,60
1549,211,2,651,3,3595,11,30
1550,211,2,652,2,3597,1,20
1551,211,2,653,8,3605,1,80
1552,211,2,654,3,3608,1,30
1553,211,2,655,6,3614,1,60
1554,211,2,656,2,3616,1,20
1555,211,2,657,9,3625,1,90
1556,211,2,658,5,3630,1,50
1557,211,2,659,6,3636,1,60
1558,211,2,660,8,3644,1,80
1559,211,2,661,5,3649,1,50
1560,211,2,662,3,3652,1,30
1561,211,2,663,7,3659,9,70
1562,211,2,664,4,3663,1,40
1563,211,2,665,2,3665,7,20
1564,211,2,666,4,3669,3,40
1565,211,2,667,4,3673,2,40
1566,211,2,668,7,3680,8,70
1567,211,2,669,4,3684,1,40
1568,211,2,670,9,3693,12,90
1569,211,2,671,3,3696,1,30
1570,211,2,672,5,3701,1,50
1571,211,2,673,9,3710,5,90
1572,211,2,674,7,3717,1,70
1573,211,2,675,9,3726,1,90
1574,211,2,676,7,3733,13,70
1575,211,2,677,4,3737,7,40
1576,211,2,678,8,3745,1,80
1577,211,2,679,3,3748,8,30
1578,211,2,680,6,3754,3,60
1579,211,2,681,5,3759,4,50
1580,211,2,682,5,3764,1,50
1581,211,2,683,9,3773,1,90
1582,211,2,684,2,3775,5,20
1583,211,2,685,8,3783,5,80
1584,211,2,686,2,3785,1,20
1585,211,2,687,6,3791,1,60
1586,211,2,688,4,3795,1,40
1587,211,2,689,9,3804,1,90
1588,211,2,690,4,3808,3,40
1589,211,2,691,6,3814,3,60
1590,211,2,692,6,3820,1,60
1591,211,2,693,4,3824,7,40
1592,211,2,694,6,3830,1,60
1593,211,2,695,6,3836,1,60
1594,211,2,696,4,3840,5,40
1595,211,2,697,9,3849,6,90
1596,211,2,698,9,3858,1,90
1597,211,2,699,9,3867,1,90
1598,211,2,700,8,3875,4,80
1599,211,2,701,6,3881,1,60
1600,211,2,702,8,3889,8,80
1601,211,2,703,5,3894,1,50
1602,211,2,704,5,3899,6,50
1603,211,2,705,4,3903,5,40
1604,211,2,706,2,3905,1,20
1605,211,2,707,2,3907,6,20
1606,211,2,708,6,3913,1,60
1607,211,2,709,4,3917,1,40
1608,211,2,710,6,3923,8,60
1609,211,2,711,6,3929,4,60
1610,211,2,712,2,3931,1,20
1611,211,2,713,9,3940,1,90
1612,211,2,714,6,3946,3,60
1613,211,2,715,2,3948,3,20
1614,211,2,716,2,3950,1,20
1615,211,2,717,5,3955,1,50
1616,211,2,718,4,3959,1,40
1617,211,2,719,7,3966,1,70
1618,211,2,720,9,3975,7,90
1619,211,2,721,5,3980,1,50
1620,211,2,722,2,3982,1,20
1621,211,2,723,7,3989,1,70
1622,211,2,724,2,3991,1,20
1623,211,2,725,3,3994,1,30
1624,211,2,726,7,4001,1,70
1625,211,2,727,7,4008,1,70
1626,211,2,728,6,4014,1,60
1627,211,2,729,3,4017,4,30
1628,211,2,730,4,4021,1,40
1629,211,2,731,3,4024,6,30
1630,211,2,732,9,4033,6,90
1631,211,2,733,8,4041,1,80
1632,211,2,734,7,4048,6,70
1633,211,2,735,5,4053,1,50
1634,211,2,736,6,4059,4,60
1635,211,2,737,6,4065,1,60
1636,211,2,738,7,4072,4,70
1637,211,2,739,9,4081,4,90
1638,211,2,740,5,4086,1,50
1639,211,2,741,7,4093,6,70
1640,211,2,742,9,4102,6,90
1641,211,2,743,2,4104,2,20
1642,211,2,744,9,4113,1,90
1643,211,2,745,8,4121,1,80
1644,211,2,746,9,4130,1,90
1645,211,2,747,2,4132,1,20
1646,211,2,748,2,4134,7,20
1647,211,2,749,5,4139,1,50
1648,211,2,750,6,4145,1,60
1649,211,2,751,5,4150,1,50
1650,211,2,752,2,4152,1,20
1651,211,2,753,8,4160,1,80
1652,211,2,754,8,4168,5,80
1653,211,2,755,7,4175,9,70
1654,211,2,756,7,4182,1,70
1655,211,2,757,8,4190,1,80
1656,211,2,758,7,4197,7,70
1657,211,2,759,7,4204,6,70
1658,211,2,760,9,4213,3,90
1659,211,2,761,2,4215,1,20
1660,211,2,762,6,4221,1,60
1661,211,2,763,6,4227,1,60
1662,211,2,764,6,4233,1,60
1663,211,2,765,3,4236,1,30
1664,211,2,766,6,4242,1,60
1665,211,2,767,2,4244,1,20
1666,211,2,768,5,4249,8,50
1667,211,2,769,2,4251,1,20
1668,211,2,770,9,4260,4,90
1669,211,2,771,4,4264,1,40
1670,211,2,772,5,4269,1,50
1671,211,2,773,3,4272,1,30
1672,211,2,774,5,4277,1,50
1673,211,2,775,8,4285,1,80
1674,211,2,776,4,4289,1,40
1675,211,2,777,3,4292,1,30
1676,211,2,778,3,4295,1,30
1677,211,2,779,8,4303,3,80
1678,211,2,780,2,4305,1,20
1679,211,2,781,4,4309,1,40
1680,211,2,782,4,4313,1,40
1681,211,2,783,3,4316,1,30
1682,211,2,784,6,4322,1,60
1683,211,2,785,4,4326,8,40
1684,211,2,786,2,4328,3,20
1685,211,2,787,5,4333,4,50
1686,211,2,788,9,4342,1,90
1687,211,2,789,8,4350,1,80
1688,211,2,790,6,4356,1,60
1689,211,2,791,6,4362,7,60
1690,211,2,792,4,4366,1,40
1691,211,2,793,2,4368,1,20
1692,211,2,794,4,4372,1,40
1693,211,2,795,6,4378,1,60
1694,211,2,796,5,4383,1,50
1695,211,2,797,7,4390,1,70
1696,211,2,798,7,4397,6,70
1697,211,2,799,2,4399,1,20
1698,211,2,800,5,4404,1,50
1699,211,2,801,2,4406,1,20
1700,211,2,802,5,4411,1,50
1701,211,2,803,4,4415,1,40
1702,211,2,804,3,4418,1,30
1703,211,2,805,2,4420,1,20
1704,211,2,806,8,4428,1,80
1705,211,2,807,7,4435,1,70
1706,211,2,808,4,4439,4,40
1707,211,2,809,5,4444,1,50
1708,211,2,810,6,4450,1,60
1709,211,2,811,6,4456,7,60
1710,211,2,812,8,4464,1,80
1711,211,2,813,5,4469,9,50
1712,211,2,814,9,4478,6,90
1713,211,2,815,5,4483,1,50
1714,211,2,816,5,4488,1,50
1715,211,2,817,6,4494,1,60
1716,211,2,818,6,4500,10,60
1717,211,2,819,3,4503,1,30
1718,211,2,820,6,4509,2,60
1719,211,2,821,8,4517,1,80
1720,211,2,822,2,4519,3,20
1721,211,2,823,6,4525,1,60
1722,211,2,824,9,4534,12,90
1723,211,2,825,4,4538,8,40
1724,211,2,826,9,4547,1,90
1725,211,2,827,4,4551,6,40
1726,211,2,828,7,4558,1,70
1727,211,2,829,9,4567,4,90
1728,211,2,830,9,4576,5,90
1729,211,2,831,7,4583,1,70
1730,211,2,832,6,4589,1,60
1731,211,2,833,9,4598,1,90
1732,211,2,834,5,4603,1,50
1733,211,2,835,2,4605,5,20
1734,211,2,836,9,4614,6,90
1735,211,2,837,4,4618,5,40
1736,211,2,838,7,4625,1,70
1737,211,2,839,5,4630,6,50
1738,211,2,840,9,4639,1,90
1739,211,2,841,5,4644,1,50
1740,211,2,842,5,4649,1,50
1741,211,2,843,9,4658,1,90
1742,211,2,844,8,4666,7,80
1743,211,2,845,7,4673,1,70
1744,211,2,846,9,4682,1,90
1745,211,2,847,3,4685,1,30
1746,211,2,848,7,4692,8,70
1747,211,2,849,8,4700,1,80
1748,211,2,850,9,4709,8,90
1749,211,2,851,9,4718,1,90
1750,211,2,852,8,4726,1,80
1751,211,2,853,9,4735,8,90
1752,211,2,854,9,4744,1,90
1753,211,2,855,3,4747,1,30
1754,211,2,856,8,4755,1,80
1755,211,2,857,8,4763,1,80
1756,211,2,858,7,4770,1,70
1757,211,2,859,2,4772,1,20
1758,211,2,860,9,4781,11,90
1759,211,2,861,6,4787,1,60
1760,211,2,862,9,4796,1,90
1761,211,2,863,2,4798,9,20
1762,211,2,864,2,4800,1,20
1763,211,2,865,3,4803,1,30
1764,211,2,866,2,4805,11,20
1765,211,2,867,2,4807,1,20
1766,211,2,868,7,4814,1,70
1767,211,2,869,7,4821,1,70
1768,211,2,870,4,4825,1,40
1769,211,2,871,2,4827,6,20
1770,211,2,872,9,4836,1,90
1771,211,2,873,6,4842,1,60
1772,211,2,874,7,4849,8,70
1773,211,2,875,4,4853,1,40
1774,211,2,876,5,4858,1,50
1775,211,2,877,7,4865,13,70
1776,211,2,878,5,4870,7,50
1777,211,2,879,6,4876,10,60
1778,211,2,880,8,4884,1,80
1779,211,2,881,2,4886,1,20
1780,211,2,882,6,4892,1,60
1781,211,2,883,8,4900,1,80
1782,211,2,884,3,4903,1,30
1783,211,2,885,5,4908,6,50
1784,211,2,886,4,4912,1,40
1785,211,2,887,3,4915,6,30
1786,211,2,888,9,4924,1,90
1787,211,2,889,5,4929,8,50
1788,211,2,890,3,4932,1,30
1789,211,2,891,7,4939,1,70
1790,211,2,892,6,4945,5,60
1791,211,2,893,8,4953,7,80
1792,211,2,894,5,4958,1,50
1793,211,2,895,5,4963,1,50
1794,211,2,896,6,4969,11,60
1795,211,2,897,6,4975,1,60
1796,211,2,898,9,4984,1,90
1797,211,2,899,9,4993,5,90
1798,211,2,900,4,4997,1,40
1799,211,3,1,9,9,1,90
1800,211,3,2,8,17,1,80
1801,211,3,3,9,26,1,90
1802,211,3,4,4,30,1,40
1803,211,3,5,7,37,0,70
1804,211,3,6,2,39,2,20
1805,211,3,7,6,45,1,60
1806,211,3,8,4,49,0,40
1807,211,3,9,4,53,2,40
1808,211,3,10,2,55,1,20
1809,211,3,11,3,58,1,30
1810,211,3,12,7,65,2,70
1811,211,3,13,2,67,1,20
1812,211,3,14,6,73,0,60
1813,211,3,15,9,82,1,90
1814,211,3,16,3,85,1,30
1815,211,3,17,7,92,1,70
1816,211,3,18,8,100,1,80
1817,211,3,19,6,106,2,60
1818,211,3,20,4,110,1,40
1819,211,3,21,9,119,1,90
1820,211,3,22,3,122,1,30
1821,211,3,23,7,129,2,70
1822,211,3,24,4,133,7,40
1823,211,3,25,8,141,1,80
1824,211,3,26,7,148,6,70
1825,211,3,27,9,157,3,90
1826,211,3,28,2,159,1,20
1827,211,3,29,6,165,1,60
1828,211,3,30,4,169,1,40
1829,211,3,31,3,172,5,30
1830,211,3,32,7,179,3,70
1831,211,3,33,3,182,1,30
1832,211,3,34,9,191,1,90
1833,211,3,35,3,194,3,30
1834,211,3,36,9,203,1,90
1835,211,3,37,3,206,1,30
1836,211,3,38,2,208,1,20
1837,211,3,39,5,213,1,50
1838,211,3,40,3,216,4,30
1839,211,3,41,8,224,3,80
1840,211,3,42,2,226,1,20
1841,211,3,43,9,235,3,90
1842,211,3,44,8,243,1,80
1843,211,3,45,7,250,1,70
1844,211,3,46,4,254,4,40
1845,211,3,47,6,260,1,60
1846,211,3,48,9,269,1,90
1847,211,3,49,8,277,1,80
1848,211,3,50,9,286,1,90
1849,211,3,51,5,291,1,50
1850,211,3,52,3,294,1,30
1851,211,3,53,2,296,1,20
1852,211,3,54,5,301,1,50
1853,211,3,55,4,305,1,40
1854,211,3,56,9,314,11,90
1855,211,3,57,4,318,8,40
1856,211,3,58,4,322,1,40
1857,211,3,59,2,324,1,20
1858,211,3,60,3,327,1,30
1859,211,3,61,9,336,11,90
1860,211,3,62,4,340,1,40
1861,211,3,63,4,344,1,40
1862,211,3,64,7,351,1,70
1863,211,3,65,2,353,10,20
1864,211,3,66,4,357,6,40
1865,211,3,67,5,362,1,50
1866,211,3,68,6,368,3,60
1867,211,3,69,9,377,6,90
1868,211,3,70,5,382,1,50
1869,211,3,71,5,387,1,50
1870,211,3,72,7,394,1,70
1871,211,3,73,9,403,6,90
1872,211,3,74,8,411,1,80
1873,211,3,75,3,414,1,30
1874,211,3,76,2,416,9,20
1875,211,3,77,9,425,1,90
1876,211,3,78,6,431,1,60
1877,211,3,79,3,434,4,30
1878,211,3,80,2,436,1,20
1879,211,3,81,9,445,1,90
1880,211,3,82,5,450,1,50
1881,211,3,83,7,457,1,70
1882,211,3,84,9,466,1,90
1883,211,3,85,7,473,1,70
1884,211,3,86,4,477,6,40
1885,211,3,87,3,480,9,30
1886,211,3,88,3,483,1,30
1887,211,3,89,7,490,1,70
1888,211,3,90,4,494,1,40
1889,211,3,91,8,502,6,80
1890,211,3,92,3,505,1,30
1891,211,3,93,6,511,1,60
1892,211,3,94,6,517,1,60
1893,211,3,95,6,523,1,60
1894,211,3,96,5,528,1,50
1895,211,3,97,5,533,1,50
1896,211,3,98,6,539,1,60
1897,211,3,99,7,546,1,70
1898,211,3,100,8,554,9,80
1899,211,3,101,4,558,5,40
1900,211,3,102,3,561,10,30
1901,211,3,103,8,569,1,80
1902,211,3,104,5,574,8,50
1903,211,3,105,5,579,1,50
1904,211,3,106,4,583,11,40
1905,211,3,107,3,586,1,30
1906,211,3,108,7,593,2,70
1907,211,3,109,9,602,9,90
1908,211,3,110,8,610,1,80
1909,211,3,111,5,615,1,50
1910,211,3,112,7,622,1,70
1911,211,3,113,5,627,6,50
1912,211,3,114,4,631,7,40
1913,211,3,115,5,636,1,50
1914,211,3,116,5,641,1,50
1915,211,3,117,2,643,7,20
1916,211,3,118,6,649,8,60
1917,211,3,119,3,652,2,30
1918,211,3,120,5,657,1,50
1919,211,3,121,4,661,5,40
1920,211,3,122,8,669,1,80
1921,211,3,123,2,671,1,20
1922,211,3,124,2,673,5,20
1923,211,3,125,8,681,4,80
1924,211,3,126,7,688,1,70
1925,211,3,127,2,690,1,20
1926,211,3,128,5,695,1,50
1927,211,3,129,8,703,3,80
1928,211,3,130,9,712,4,90
1929,211,3,131,7,719,1,70
1930,211,3,132,7,726,1,70
1931,211,3,133,7,733,1,70
1932,211,3,134,3,736,1,30
1933,211,3,135,7,743,4,70
1934,211,3,136,8,751,8,80
1935,211,3,137,3,754,1,30
1936,211,3,138,9,763,1,90
1937,211,3,139,5,768,1,50
1938,211,3,140,3,771,6,30
1939,211,3,141,9,780,1,90
1940,211,3,142,2,782,1,20
1941,211,3,143,4,786,1,40
1942,211,3,144,4,790,1,40
1943,211,3,145,4,794,1,40
1944,211,3,146,9,803,1,90
1945,211,3,147,9,812,1,90
1946,211,3,148,2,814,5,20
1947,211,3,149,5,819,10,50
1948,211,3,150,3,822,1,30
1949,211,3,151,6,828,9,60
1950,211,3,152,4,832,3,40
1951,211,3,153,9,841,1,90
1952,211,3,154,4,845,4,40
1953,211,3,155,8,853,1,80
1954,211,3,156,2,855,1,20
1955,211,3,157,4,859,1,40
1956,211,3,158,4,863,1,40
1957,211,3,159,8,871,1,80
1958,211,3,160,9,880,6,90
1959,211,3,161,7,887,7,70
1960,211,3,162,2,889,1,20
1961,211,3,163,6,895,5,60
1962,211,3,164,4,899,1,40
1963,211,3,165,6,905,1,60
1964,211,3,166,8,913,1,80
1965,211,3,167,5,918,4,50
1966,211,3,168,8,926,4,80
1967,211,3,169,4,930,6,40
1968,211,3,170,7,937,6,70
1969,211,3,171,3,940,3,30
1970,211,3,172,7,947,1,70
1971,211,3,173,4,951,5,40
1972,211,3,174,3,954,1,30
1973,211,3,175,9,963,1,90
1974,211,3,176,2,965,1,20
1975,211,3,177,8,973,6,80
1976,211,3,178,4,977,5,40
1977,211,3,179,2,979,1,20
1978,211,3,180,6,985,1,60
1979,211,3,181,4,989,6,40
1980,211,3,182,6,995,1,60
1981,211,3,183,6,1001,4,60
1982,211,3,184,9,1010,2,90
1983,211,3,185,6,1016,3,60
1984,211,3,186,4,1020,1,40
1985,211,3,187,2,1022,5,20
1986,211,3,188,3,1025,1,30
1987,211,3,189,2,1027,8,20
1988,211,3,190,8,1035,1,80
1989,211,3,191,8,1043,1,80
1990,211,3,192,3,1046,6,30
1991,211,3,193,3,1049,1,30
1992,211,3,194,9,1058,1,90
1993,211,3,195,6,1064,9,60
1994,211,3,196,3,1067,1,30
1995,211,3,197,3,1070,3,30
1996,211,3,198,2,1072,1,20
1997,211,3,199,4,1076,3,40
1998,211,3,200,5,1081,1,50
1999,211,3,201,6,1087,3,60
2000,211,3,202,5,1092,1,50
2001,211,3,203,4,1096,1,40
2002,211,3,204,4,1100,3,40
2003,211,3,205,6,1106,4,60
2004,211,3,206,5,1111,1,50
2005,211,3,207,2,1113,1,20
2006,211,3,208,8,1121,1,80
2007,211,3,209,6,1127,1,60
2008,211,3,210,8,1135,1,80
2009,211,3,211,2,1137,1,20
2010,211,3,212,7,1144,1,70
2011,211,3,213,7,1151,5,70
2012,211,3,214,5,1156,2,50
2013,211,3,215,9,1165,1,90
2014,211,3,216,5,1170,1,50
2015,211,3,217,7,1177,1,70
2016,211,3,218,3,1180,1,30
2017,211,3,219,3,1183,4,30
2018,211,3,220,6,1189,3,60
2019,211,3,221,7,1196,1,70
2020,211,3,222,3,1199,5,30
2021,211,3,223,4,1203,1,40
2022,211,3,224,2,1205,2,20
2023,211,3,225,7,1212,1,70
2024,211,3,226,4,1216,1,40
2025,211,3,227,8,1224,2,80
2026,211,3,228,5,1229,1,50
2027,211,3,229,4,1233,1,40
2028,211,3,230,2,1235,1,20
2029,211,3,231,9,1244,1,90
2030,211,3,232,4,1248,1,40
2031,211,3,233,9,1257,1,90
2032,211,3,234,9,1266,1,90
2033,211,3,235,5,1271,1,50
2034,211,3,236,7,1278,1,70
2035,211,3,237,6,1284,1,60
2036,211,3,238,2,1286,1,20
2037,211,3,239,2,1288,1,20
2038,211,3,240,4,1292,4,40
2039,211,3,241,4,1296,5,40
2040,211,3,242,4,1300,3,40
2041,211,3,243,7,1307,4,70
2042,211,3,244,5,1312,1,50
2043,211,3,245,6,1318,1,60
2044,211,3,246,7,1325,1,70
2045,211,3,247,6,1331,1,60
2046,211,3,248,6,1337,1,60
2047,211,3,249,3,1340,1,30
2048,211,3,250,7,1347,6,70
2049,211,3,251,4,1351,1,40
2050,211,3,252,4,1355,1,40
2051,211,3,253,9,1364,1,90
2052,211,3,254,9,1373,1,90
2053,211,3,255,5,1378,1,50
2054,211,3,256,5,1383,1,50
2055,211,3,257,6,1389,1,60
2056,211,3,258,4,1393,1,40
2057,211,3,259,6,1399,8,60
2058,211,3,260,5,1404,1,50
2059,211,3,261,4,1408,9,40
2060,211,3,262,5,1413,1,50
2061,211,3,263,8,1421,1,80
2062,211,3,264,7,1428,10,70
2063,211,3,265,2,1430,1,20
2064,211,3,266,4,1434,1,40
2065,211,3,267,9,1443,1,90
2066,211,3,268,6,1449,1,60
2067,211,3,269,3,1452,1,30
2068,211,3,270,4,1456,1,40
2069,211,3,271,6,1462,1,60
2070,211,3,272,2,1464,1,20
2071,211,3,273,9,1473,1,90
2072,211,3,274,7,1480,1,70
2073,211,3,275,5,1485,8,50
2074,211,3,276,8,1493,1,80
2075,211,3,277,2,1495,1,20
2076,211,3,278,6,1501,7,60
2077,211,3,279,5,1506,1,50
2078,211,3,280,5,1511,1,50
2079,211,3,281,5,1516,1,50
2080,211,3,282,4,1520,4,40
2081,211,3,283,2,1522,1,20
2082,211,3,284,9,1531,1,90
2083,211,3,285,4,1535,1,40
2084,211,3,286,3,1538,10,30
2085,211,3,287,3,1541,9,30
2086,211,3,288,9,1550,5,90
2087,211,3,289,6,1556,1,60
2088,211,3,290,9,1565,6,90
2089,211,3,291,2,1567,5,20
2090,211,3,292,3,1570,9,30
2091,211,3,293,8,1578,1,80
2092,211,3,294,2,1580,1,20
2093,211,3,295,4,1584,4,40
2094,211,3,296,5,1589,2,50
2095,211,3,297,3,1592,3,30
2096,211,3,298,3,1595,7,30
2097,211,3,299,5,1600,1,50
2098,211,3,300,6,1606,1,60
2099,211,3,301,4,1610,1,40
2100,211,3,302,5,1615,7,50
2101,211,3,303,7,1622,5,70
2102,211,3,304,5,1627,1,50
2103,211,3,305,3,1630,1,30
2104,211,3,306,6,1636,1,60
2105,211,3,307,2,1638,6,20
2106,211,3,308,2,1640,1,20
2107,211,3,309,2,1642,1,20
2108,211,3,310,9,1651,1,90
2109,211,3,311,5,1656,1,50
2110,211,3,312,9,1665,1,90
2111,211,3,313,5,1670,1,50
2112,211,3,314,6,1676,1,60
2113,211,3,315,8,1684,1,80
2114,211,3,316,9,1693,1,90
2115,211,3,317,9,1702,1,90
2116,211,3,318,9,1711,1,90
2117,211,3,319,4,1715,1,40
2118,211,3,320,4,1719,5,40
2119,211,3,321,6,1725,1,60
2120,211,3,322,5,1730,1,50
2121,211,3,323,2,1732,9,20
2122,211,3,324,3,1735,1,30
2123,211,3,325,4,1739,1,40
2124,211,3,326,9,1748,3,90
2125,211,3,327,3,1751,1,30
2126,211,3,328,7,1758,11,70
2127,211,3,329,9,1767,6,90
2128,211,3,330,7,1774,10,70
2129,211,3,331,7,1781,1,70
2130,211,3,332,3,1784,5,30
2131,211,3,333,6,1790,1,60
2132,211,3,334,6,1796,1,60
2133,211,3,335,9,1805,4,90
2134,211,3,336,2,1807,1,20
2135,211,3,337,8,1815,3,80
2136,211,3,338,7,1822,1,70
2137,211,3,339,9,1831,1,90
2138,211,3,340,3,1834,8,30
2139,211,3,341,3,1837,1,30
2140,211,3,342,2,1839,1,20
2141,211,3,343,7,1846,6,70
2142,211,3,344,6,1852,1,60
2143,211,3,345,3,1855,1,30
2144,211,3,346,5,1860,1,50
2145,211,3,347,8,1868,1,80
2146,211,3,348,4,1872,1,40
2147,211,3,349,2,1874,6,20
2148,211,3,350,8,1882,1,80
2149,211,3,351,9,1891,1,90
2150,211,3,352,9,1900,1,90
2151,211,3,353,3,1903,1,30
2152,211,3,354,3,1906,1,30
2153,211,3,355,6,1912,1,60
2154,211,3,356,6,1918,1,60
2155,211,3,357,3,1921,1,30
2156,211,3,358,6,1927,7,60
2157,211,3,359,8,1935,1,80
2158,211,3,360,3,1938,1,30
2159,211,3,361,9,1947,1,90
2160,211,3,362,2,1949,1,20
2161,211,3,363,2,1951,1,20
2162,211,3,364,6,1957,1,60
2163,211,3,365,4,1961,1,40
2164,211,3,366,9,1970,5,90
2165,211,3,367,5,1975,1,50
2166,211,3,368,7,1982,1,70
2167,211,3,369,9,1991,1,90
2168,211,3,370,3,1994,8,30
2169,211,3,371,8,2002,1,80
2170,211,3,372,8,2010,1,80
2171,211,3,373,5,2015,8,50
2172,211,3,374,9,2024,8,90
2173,211,3,375,2,2026,8,20
2174,211,3,376,9,2035,1,90
2175,211,3,377,8,2043,1,80
2176,211,3,378,6,2049,7,60
2177,211,3,379,6,2055,14,60
2178,211,3,380,3,2058,4,30
2179,211,3,381,2,2060,5,20
2180,211,3,382,7,2067,1,70
2181,211,3,383,9,2076,6,90
2182,211,3,384,3,2079,1,30
2183,211,3,385,9,2088,3,90
2184,211,3,386,8,2096,1,80
2185,211,3,387,5,2101,1,50
2186,211,3,388,4,2105,5,40
2187,211,3,389,8,2113,1,80
2188,211,3,390,6,2119,11,60
2189,211,3,391,5,2124,2,50
2190,211,3,392,8,2132,6,80
2191,211,3,393,9,2141,1,90
2192,211,3,394,4,2145,5,40
2193,211,3,395,8,2153,1,80
2194,211,3,396,4,2157,1,40
2195,211,3,397,9,2166,1,90
2196,211,3,398,7,2173,6,70
2197,211,3,399,5,2178,2,50
2198,211,3,400,4,2182,6,40
2199,211,3,401,6,2188,4,60
2200,211,3,402,5,2193,1,50
2201,211,3,403,3,2196,5,30
2202,211,3,404,7,2203,1,70
2203,211,3,405,4,2207,3,40
2204,211,3,406,9,2216,1,90
2205,211,3,407,6,2222,3,60
2206,211,3,408,9,2231,1,90
2207,211,3,409,7,2238,1,70
2208,211,3,410,3,2241,1,30
2209,211,3,411,4,2245,1,40
2210,211,3,412,5,2250,1,50
2211,211,3,413,7,2257,7,70
2212,211,3,414,9,2266,4,90
2213,211,3,415,8,2274,5,80
2214,211,3,416,6,2280,4,60
2215,211,3,417,9,2289,6,90
2216,211,3,418,8,2297,1,80
2217,211,3,419,4,2301,1,40
2218,211,3,420,2,2303,1,20
2219,211,3,421,9,2312,1,90
2220,211,3,422,9,2321,1,90
2221,211,3,423,6,2327,1,60
2222,211,3,424,7,2334,3,70
2223,211,3,425,7,2341,1,70
2224,211,3,426,4,2345,1,40
2225,211,3,427,2,2347,1,20
2226,211,3,428,8,2355,8,80
2227,211,3,429,9,2364,1,90
2228,211,3,430,7,2371,1,70
2229,211,3,431,9,2380,1,90
2230,211,3,432,5,2385,3,50
2231,211,3,433,7,2392,1,70
2232,211,3,434,5,2397,1,50
2233,211,3,435,4,2401,6,40
2234,211,3,436,9,2410,3,90
2235,211,3,437,8,2418,3,80
2236,211,3,438,8,2426,1,80
2237,211,3,439,2,2428,1,20
2238,211,3,440,7,2435,7,70
2239,211,3,441,5,2440,4,50
2240,211,3,442,2,2442,7,20
2241,211,3,443,9,2451,4,90
2242,211,3,444,8,2459,1,80
2243,211,3,445,8,2467,3,80
2244,211,3,446,5,2472,1,50
2245,211,3,447,7,2479,1,70
2246,211,3,448,5,2484,1,50
2247,211,3,449,7,2491,1,70
2248,211,3,450,5,2496,1,50
2249,211,3,451,9,2505,8,90
2250,211,3,452,5,2510,1,50
2251,211,3,453,6,2516,1,60
2252,211,3,454,8,2524,1,80
2253,211,3,455,8,2532,1,80
2254,211,3,456,8,2540,1,80
2255,211,3,457,9,2549,1,90
2256,211,3,458,6,2555,1,60
2257,211,3,459,8,2563,1,80
2258,211,3,460,3,2566,1,30
2259,211,3,461,4,2570,1,40
2260,211,3,462,2,2572,1,20
2261,211,3,463,4,2576,1,40
2262,211,3,464,7,2583,8,70
2263,211,3,465,7,2590,10,70
2264,211,3,466,2,2592,1,20
2265,211,3,467,6,2598,1,60
2266,211,3,468,8,2606,1,80
2267,211,3,469,5,2611,1,50
2268,211,3,470,3,2614,1,30
2269,211,3,471,7,2621,7,70
2270,211,3,472,9,2630,1,90
2271,211,3,473,9,2639,5,90
2272,211,3,474,2,2641,8,20
2273,211,3,475,3,2644,1,30
2274,211,3,476,3,2647,1,30
2275,211,3,477,9,2656,1,90
2276,211,3,478,4,2660,1,40
2277,211,3,479,3,2663,1,30
2278,211,3,480,4,2667,9,40
2279,211,3,481,7,2674,1,70
2280,211,3,482,6,2680,6,60
2281,211,3,483,5,2685,1,50
2282,211,3,484,4,2689,1,40
2283,211,3,485,8,2697,4,80
2284,211,3,486,9,2706,11,90
2285,211,3,487,2,2708,1,20
2286,211,3,488,8,2716,1,80
2287,211,3,489,5,2721,7,50
2288,211,3,490,2,2723,1,20
2289,211,3,491,4,2727,1,40
2290,211,3,492,3,2730,1,30
2291,211,3,493,9,2739,6,90
2292,211,3,494,2,2741,1,20
2293,211,3,495,9,2750,7,90
2294,211,3,496,6,2756,1,60
2295,211,3,497,4,2760,2,40
2296,211,3,498,3,2763,1,30
2297,211,3,499,5,2768,8,50
2298,211,3,500,2,2770,1,20
2299,211,3,501,7,2777,1,70
2300,211,3,502,9,2786,1,90
2301,211,3,503,5,2791,8,50
2302,211,3,504,7,2798,9,70
2303,211,3,505,9,2807,1,90
2304,211,3,506,2,2809,9,20
2305,211,3,507,8,2817,1,80
2306,211,3,508,4,2821,6,40
2307,211,3,509,8,2829,1,80
2308,211,3,510,5,2834,1,50
2309,211,3,511,2,2836,6,20
2310,211,3,512,2,2838,1,20
2311,211,3,513,6,2844,1,60
2312,211,3,514,3,2847,1,30
2313,211,3,515,8,2855,4,80
2314,211,3,516,6,2861,1,60
2315,211,3,517,5,2866,1,50
2316,211,3,518,8,2874,1,80
2317,211,3,519,3,2877,5,30
2318,211,3,520,9,2886,6,90
2319,211,3,521,8,2894,7,80
2320,211,3,522,8,2902,1,80
2321,211,3,523,5,2907,1,50
2322,211,3,524,8,2915,1,80
2323,211,3,525,5,2920,10,50
2324,211,3,526,3,2923,1,30
2325,211,3,527,5,2928,1,50
2326,211,3,528,6,2934,5,60
2327,211,3,529,4,2938,6,40
2328,211,3,530,4,2942,2,40
2329,211,3,531,9,2951,1,90
2330,211,3,532,6,2957,7,60
2331,211,3,533,6,2963,3,60
2332,211,3,534,2,2965,8,20
2333,211,3,535,6,2971,3,60
2334,211,3,536,9,2980,1,90
2335,211,3,537,4,2984,1,40
2336,211,3,538,5,2989,1,50
2337,211,3,539,2,2991,1,20
2338,211,3,540,4,2995,3,40
2339,211,3,541,8,3003,12,80
2340,211,3,542,7,3010,5,70
2341,211,3,543,8,3018,1,80
2342,211,3,544,7,3025,1,70
2343,211,3,545,4,3029,5,40
2344,211,3,546,7,3036,1,70
2345,211,3,547,3,3039,1,30
2346,211,3,548,4,3043,3,40
2347,211,3,549,4,3047,5,40
2348,211,3,550,2,3049,1,20
2349,211,3,551,5,3054,3,50
2350,211,3,552,9,3063,4,90
2351,211,3,553,7,3070,1,70
2352,211,3,554,9,3079,1,90
2353,211,3,555,9,3088,5,90
2354,211,3,556,4,3092,1,40
2355,211,3,557,4,3096,1,40
2356,211,3,558,3,3099,1,30
2357,211,3,559,8,3107,1,80
2358,211,3,560,2,3109,1,20
2359,211,3,561,3,3112,6,30
2360,211,3,562,8,3120,1,80
2361,211,3,563,5,3125,1,50
2362,211,3,564,2,3127,1,20
2363,211,3,565,4,3131,1,40
2364,211,3,566,2,3133,1,20
2365,211,3,567,8,3141,1,80
2366,211,3,568,9,3150,1,90
2367,211,3,569,2,3152,1,20
2368,211,3,570,2,3154,1,20
2369,211,3,571,4,3158,1,40
2370,211,3,572,4,3162,1,40
2371,211,3,573,4,3166,1,40
2372,211,3,574,7,3173,4,70
2373,211,3,575,6,3179,5,60
2374,211,3,576,4,3183,1,40
2375,211,3,577,4,3187,3,40
2376,211,3,578,3,3190,1,30
2377,211,3,579,4,3194,8,40
2378,211,3,580,5,3199,1,50
2379,211,3,581,8,3207,5,80
2380,211,3,582,6,3213,1,60
2381,211,3,583,7,3220,1,70
2382,211,3,584,2,3222,4,20
2383,211,3,585,4,3226,1,40
2384,211,3,586,7,3233,1,70
2385,211,3,587,6,3239,1,60
2386,211,3,588,4,3243,1,40
2387,211,3,589,4,3247,3,40
2388,211,3,590,9,3256,1,90
2389,211,3,591,2,3258,6,20
2390,211,3,592,6,3264,3,60
2391,211,3,593,8,3272,5,80
2392,211,3,594,7,3279,1,70
2393,211,3,595,4,3283,7,40
2394,211,3,596,2,3285,3,20
2395,211,3,597,3,3288,6,30
2396,211,3,598,4,3292,1,40
2397,211,3,599,6,3298,3,60
2398,211,3,600,3,3301,1,30
2399,211,3,601,5,3306,1,50
2400,211,3,602,8,3314,5,80
2401,211,3,603,5,3319,5,50
2402,211,3,604,6,3325,1,60
2403,211,3,605,3,3328,1,30
2404,211,3,606,8,3336,2,80
2405,211,3,607,6,3342,1,60
2406,211,3,608,2,3344,1,20
2407,211,3,609,7,3351,1,70
2408,211,3,610,5,3356,1,50
2409,211,3,611,6,3362,3,60
2410,211,3,612,5,3367,1,50
2411,211,3,613,4,3371,1,40
2412,211,3,614,5,3376,5,50
2413,211,3,615,6,3382,1,60
2414,211,3,616,2,3384,4,20
2415,211,3,617,4,3388,1,40
2416,211,3,618,9,3397,6,90
2417,211,3,619,4,3401,3,40
2418,211,3,620,7,3408,1,70
2419,211,3,621,6,3414,1,60
2420,211,3,622,8,3422,3,80
2421,211,3,623,2,3424,4,20
2422,211,3,624,4,3428,1,40
2423,211,3,625,7,3435,4,70
2424,211,3,626,4,3439,1,40
2425,211,3,627,8,3447,1,80
2426,211,3,628,9,3456,3,90
2427,211,3,629,6,3462,1,60
2428,211,3,630,3,3465,4,30
2429,211,3,631,3,3468,1,30
2430,211,3,632,8,3476,5,80
2431,211,3,633,7,3483,1,70
2432,211,3,634,8,3491,1,80
2433,211,3,635,9,3500,2,90
2434,211,3,636,3,3503,1,30
2435,211,3,637,8,3511,4,80
2436,211,3,638,6,3517,4,60
2437,211,3,639,7,3524,1,70
2438,211,3,640,8,3532,1,80
2439,211,3,641,9,3541,1,90
2440,211,3,642,4,3545,1,40
2441,211,3,643,6,3551,1,60
2442,211,3,644,5,3556,7,50
2443,211,3,645,2,3558,4,20
2444,211,3,646,4,3562,1,40
2445,211,3,647,3,3565,1,30
2446,211,3,648,2,3567,13,20
2447,211,3,649,6,3573,7,60
2448,211,3,650,6,3579,1,60
2449,211,3,651,7,3586,1,70
2450,211,3,652,5,3591,1,50
2451,211,3,653,2,3593,1,20
2452,211,3,654,7,3600,1,70
2453,211,3,655,9,3609,1,90
2454,211,3,656,3,3612,1,30
2455,211,3,657,2,3614,1,20
2456,211,3,658,6,3620,1,60
2457,211,3,659,4,3624,1,40
2458,211,3,660,8,3632,2,80
2459,211,3,661,6,3638,8,60
2460,211,3,662,8,3646,3,80
2461,211,3,663,2,3648,6,20
2462,211,3,664,4,3652,9,40
2463,211,3,665,8,3660,9,80
2464,211,3,666,6,3666,1,60
2465,211,3,667,6,3672,1,60
2466,211,3,668,7,3679,1,70
2467,211,3,669,7,3686,1,70
2468,211,3,670,5,3691,1,50
2469,211,3,671,3,3694,1,30
2470,211,3,672,8,3702,8,80
2471,211,3,673,8,3710,1,80
2472,211,3,674,9,3719,11,90
2473,211,3,675,3,3722,1,30
2474,211,3,676,7,3729,9,70
2475,211,3,677,3,3732,1,30
2476,211,3,678,4,3736,1,40
2477,211,3,679,8,3744,5,80
2478,211,3,680,6,3750,5,60
2479,211,3,681,7,3757,1,70
2480,211,3,682,8,3765,1,80
2481,211,3,683,9,3774,3,90
2482,211,3,684,6,3780,1,60
2483,211,3,685,9,3789,4,90
2484,211,3,686,6,3795,10,60
2485,211,3,687,5,3800,1,50
2486,211,3,688,7,3807,4,70
2487,211,3,689,5,3812,1,50
2488,211,3,690,8,3820,4,80
2489,211,3,691,9,3829,1,90
2490,211,3,692,5,3834,4,50
2491,211,3,693,8,3842,1,80
2492,211,3,694,2,3844,1,20
2493,211,3,695,4,3848,3,40
2494,211,3,696,2,3850,6,20
2495,211,3,697,8,3858,1,80
2496,211,3,698,5,3863,1,50
2497,211,3,699,7,3870,4,70
2498,211,3,700,2,3872,1,20
2499,211,3,701,5,3877,1,50
2500,211,3,702,2,3879,1,20
2501,211,3,703,4,3883,7,40
2502,211,3,704,7,3890,1,70
2503,211,3,705,7,3897,1,70
2504,211,3,706,8,3905,5,80
2505,211,3,707,7,3912,7,70
2506,211,3,708,8,3920,7,80
2507,211,3,709,4,3924,3,40
2508,211,3,710,2,3926,5,20
2509,211,3,711,8,3934,3,80
2510,211,3,712,6,3940,7,60
2511,211,3,713,8,3948,3,80
2512,211,3,714,5,3953,3,50
2513,211,3,715,7,3960,1,70
2514,211,3,716,5,3965,1,50
2515,211,3,717,5,3970,5,50
2516,211,3,718,3,3973,3,30
2517,211,3,719,5,3978,7,50
2518,211,3,720,5,3983,1,50
2519,211,3,721,5,3988,1,50
2520,211,3,722,6,3994,9,60
2521,211,3,723,2,3996,1,20
2522,211,3,724,3,3999,2,30
2523,211,3,725,5,4004,2,50
2524,211,3,726,3,4007,3,30
2525,211,3,727,7,4014,1,70
2526,211,3,728,6,4020,3,60
2527,211,3,729,7,4027,1,70
2528,211,3,730,3,4030,1,30
2529,211,3,731,5,4035,1,50
2530,211,3,732,5,4040,7,50
2531,211,3,733,2,4042,1,20
2532,211,3,734,7,4049,1,70
2533,211,3,735,9,4058,4,90
2534,211,3,736,8,4066,1,80
2535,211,3,737,6,4072,1,60
2536,211,3,738,7,4079,1,70
2537,211,3,739,8,4087,1,80
2538,211,3,740,3,4090,1,30
2539,211,3,741,5,4095,8,50
2540,211,3,742,8,4103,1,80
2541,211,3,743,4,4107,5,40
2542,211,3,744,2,4109,5,20
2543,211,3,745,6,4115,1,60
2544,211,3,746,2,4117,1,20
2545,211,3,747,3,4120,4,30
2546,211,3,748,7,4127,1,70
2547,211,3,749,8,4135,1,80
2548,211,3,750,3,4138,9,30
2549,211,3,751,2,4140,2,20
2550,211,3,752,5,4145,1,50
2551,211,3,753,9,4154,1,90
2552,211,3,754,6,4160,1,60
2553,211,3,755,5,4165,1,50
2554,211,3,756,6,4171,1,60
2555,211,3,757,6,4177,7,60
2556,211,3,758,9,4186,1,90
2557,211,3,759,3,4189,1,30
2558,211,3,760,8,4197,2,80
2559,211,3,761,5,4202,1,50
2560,211,3,762,4,4206,2,40
2561,211,3,763,4,4210,1,40
2562,211,3,764,3,4213,1,30
2563,211,3,765,3,4216,1,30
2564,211,3,766,6,4222,1,60
2565,211,3,767,9,4231,3,90
2566,211,3,768,3,4234,1,30
2567,211,3,769,2,4236,4,20
2568,211,3,770,3,4239,1,30
2569,211,3,771,8,4247,1,80
2570,211,3,772,3,4250,1,30
2571,211,3,773,9,4259,1,90
2572,211,3,774,9,4268,1,90
2573,211,3,775,9,4277,5,90
2574,211,3,776,8,4285,7,80
2575,211,3,777,5,4290,3,50
2576,211,3,778,4,4294,1,40
2577,211,3,779,2,4296,1,20
2578,211,3,780,9,4305,1,90
2579,211,3,781,2,4307,1,20
2580,211,3,782,2,4309,1,20
2581,211,3,783,3,4312,1,30
2582,211,3,784,7,4319,2,70
2583,211,3,785,6,4325,1,60
2584,211,3,786,6,4331,10,60
2585,211,3,787,4,4335,10,40
2586,211,3,788,6,4341,4,60
2587,211,3,789,2,4343,2,20
2588,211,3,790,7,4350,1,70
2589,211,3,791,9,4359,1,90
2590,211,3,792,6,4365,5,60
2591,211,3,793,8,4373,1,80
2592,211,3,794,5,4378,1,50
2593,211,3,795,2,4380,1,20
2594,211,3,796,6,4386,1,60
2595,211,3,797,9,4395,8,90
2596,211,3,798,8,4403,1,80
2597,211,3,799,5,4408,1,50
2598,211,3,800,7,4415,3,70
2599,211,3,801,6,4421,1,60
2600,211,3,802,5,4426,3,50
2601,211,3,803,4,4430,1,40
2602,211,3,804,2,4432,1,20
2603,211,3,805,5,4437,6,50
2604,211,3,806,5,4442,1,50
2605,211,3,807,3,4445,1,30
2606,211,3,808,8,4453,7,80
2607,211,3,809,4,4457,1,40
2608,211,3,810,6,4463,5,60
2609,211,3,811,9,4472,1,90
2610,211,3,812,2,4474,1,20
2611,211,3,813,2,4476,5,20
2612,211,3,814,6,4482,9,60
2613,211,3,815,4,4486,1,40
2614,211,3,816,3,4489,6,30
2615,211,3,817,4,4493,1,40
2616,211,3,818,5,4498,1,50
2617,211,3,819,8,4506,4,80
2618,211,3,820,9,4515,4,90
2619,211,3,821,4,4519,2,40
2620,211,3,822,8,4527,8,80
2621,211,3,823,3,4530,1,30
2622,211,3,824,5,4535,1,50
2623,211,3,825,8,4543,3,80
2624,211,3,826,8,4551,1,80
2625,211,3,827,9,4560,4,90
2626,211,3,828,2,4562,1,20
2627,211,3,829,8,4570,1,80
2628,211,3,830,3,4573,1,30
2629,211,3,831,6,4579,12,60
2630,211,3,832,7,4586,2,70
2631,211,3,833,7,4593,1,70
2632,211,3,834,3,4596,1,30
2633,211,3,835,6,4602,5,60
2634,211,3,836,9,4611,6,90
2635,211,3,837,5,4616,3,50
2636,211,3,838,5,4621,5,50
2637,211,3,839,6,4627,2,60
2638,211,3,840,4,4631,8,40
2639,211,3,841,5,4636,1,50
2640,211,3,842,6,4642,4,60
2641,211,3,843,4,4646,1,40
2642,211,3,844,4,4650,1,40
2643,211,3,845,9,4659,6,90
2644,211,3,846,7,4666,1,70
2645,211,3,847,6,4672,1,60
2646,211,3,848,5,4677,1,50
2647,211,3,849,5,4682,2,50
2648,211,3,850,4,4686,1,40
2649,211,3,851,8,4694,6,80
2650,211,3,852,7,4701,1,70
2651,211,3,853,6,4707,4,60
2652,211,3,854,3,4710,3,30
2653,211,3,855,8,4718,1,80
2654,211,3,856,8,4726,1,80
2655,211,3,857,7,4733,8,70
2656,211,3,858,4,4737,2,40
2657,211,3,859,8,4745,2,80
2658,211,3,860,8,4753,5,80
2659,211,3,861,5,4758,1,50
2660,211,3,862,8,4766,1,80
2661,211,3,863,9,4775,1,90
2662,211,3,864,7,4782,1,70
2663,211,3,865,3,4785,1,30
2664,211,3,866,9,4794,5,90
2665,211,3,867,9,4803,3,90
2666,211,3,868,2,4805,1,20
2667,211,3,869,4,4809,1,40
2668,211,3,870,6,4815,1,60
2669,211,3,871,4,4819,4,40
2670,211,3,872,2,4821,3,20
2671,211,3,873,9,4830,1,90
2672,211,3,874,4,4834,5,40
2673,211,3,875,2,4836,1,20
2674,211,3,876,6,4842,3,60
2675,211,3,877,3,4845,1,30
2676,211,3,878,8,4853,1,80
2677,211,3,879,9,4862,2,90
2678,211,3,880,4,4866,3,40
2679,211,3,881,9,4875,1,90
2680,211,3,882,9,4884,5,90
2681,211,3,883,7,4891,6,70
2682,211,3,884,8,4899,4,80
2683,211,3,885,2,4901,1,20
2684,211,3,886,2,4903,5,20
2685,211,3,887,3,4906,4,30
2686,211,3,888,9,4915,4,90
2687,211,3,889,6,4921,1,60
2688,211,3,890,9,4930,1,90
2689,211,3,891,9,4939,7,90
2690,211,3,892,3,4942,1,30
2691,211,3,893,9,4951,1,90
2692,211,3,894,7,4958,4,70
2693,211,3,895,5,4963,1,50
2694,211,3,896,4,4967,4,40
2695,211,3,897,3,4970,1,30
2696,211,3,898,4,4974,5,40
2697,211,3,899,3,4977,1,30
2698,211,3,900,3,4980,7,30
2699,211,3,901,3,4983,1,30
2700,211,3,902,3,4986,1,30
2701,211,3,903,3,4989,1,30
2702,211,3,904,5,4994,3,50
