,Scenario,Trial,Inspection,Interval,Time,Defects,Rate
0,118,1,1,9,9,1,90
1,118,1,2,8,17,4,80
2,118,1,3,8,25,1,80
3,118,1,4,7,32,1,70
4,118,1,5,6,38,2,60
5,118,1,6,9,47,2,90
6,118,1,7,9,56,1,90
7,118,1,8,8,64,1,80
8,118,1,9,6,70,1,60
9,118,1,10,8,78,1,80
10,118,1,11,9,87,7,90
11,118,1,12,2,89,1,20
12,118,1,13,8,97,9,80
13,118,1,14,7,104,7,70
14,118,1,15,4,108,1,40
15,118,1,16,6,114,1,60
16,118,1,17,5,119,4,50
17,118,1,18,8,127,8,80
18,118,1,19,9,136,5,90
19,118,1,20,4,140,2,40
20,118,1,21,8,148,1,80
21,118,1,22,6,154,6,60
22,118,1,23,6,160,4,60
23,118,1,24,3,163,1,30
24,118,1,25,5,168,9,50
25,118,1,26,3,171,4,30
26,118,1,27,2,173,0,20
27,118,1,28,9,182,1,90
28,118,1,29,9,191,3,90
29,118,1,30,4,195,1,40
30,118,1,31,7,202,4,70
31,118,1,32,3,205,1,30
32,118,1,33,9,214,6,90
33,118,1,34,3,217,5,30
34,118,1,35,9,226,2,90
35,118,1,36,4,230,1,40
36,118,1,37,9,239,8,90
37,118,1,38,9,248,1,90
38,118,1,39,3,251,8,30
39,118,1,40,5,256,1,50
40,118,1,41,2,258,3,20
41,118,1,42,3,261,4,30
42,118,1,43,6,267,11,60
43,118,1,44,8,275,1,80
44,118,1,45,5,280,1,50
45,118,1,46,8,288,1,80
46,118,1,47,3,291,1,30
47,118,1,48,8,299,5,80
48,118,1,49,4,303,3,40
49,118,1,50,8,311,7,80
50,118,1,51,4,315,5,40
51,118,1,52,5,320,1,50
52,118,1,53,4,324,1,40
53,118,1,54,7,331,5,70
54,118,1,55,8,339,3,80
55,118,1,56,5,344,4,50
56,118,1,57,6,350,2,60
57,118,1,58,3,353,4,30
58,118,1,59,4,357,3,40
59,118,1,60,3,360,3,30
60,118,1,61,8,368,1,80
61,118,1,62,2,370,1,20
62,118,1,63,6,376,2,60
63,118,1,64,8,384,8,80
64,118,1,65,8,392,1,80
65,118,1,66,6,398,1,60
66,118,1,67,5,403,1,50
67,118,1,68,8,411,1,80
68,118,1,69,6,417,1,60
69,118,1,70,7,424,1,70
70,118,1,71,7,431,12,70
71,118,1,72,2,433,1,20
72,118,1,73,9,442,4,90
73,118,1,74,2,444,7,20
74,118,1,75,2,446,4,20
75,118,1,76,9,455,2,90
76,118,1,77,7,462,11,70
77,118,1,78,4,466,1,40
78,118,1,79,8,474,3,80
79,118,1,80,8,482,6,80
80,118,1,81,9,491,9,90
81,118,1,82,5,496,1,50
82,118,1,83,4,500,1,40
83,118,1,84,6,506,4,60
84,118,1,85,2,508,3,20
85,118,1,86,9,517,4,90
86,118,1,87,7,524,3,70
87,118,1,88,8,532,1,80
88,118,1,89,8,540,5,80
89,118,1,90,2,542,2,20
90,118,1,91,9,551,1,90
91,118,1,92,3,554,6,30
92,118,1,93,3,557,1,30
93,118,1,94,5,562,2,50
94,118,1,95,6,568,1,60
95,118,1,96,4,572,3,40
96,118,1,97,3,575,1,30
97,118,1,98,4,579,1,40
98,118,1,99,5,584,3,50
99,118,1,100,4,588,1,40
100,118,1,101,5,593,3,50
101,118,1,102,5,598,4,50
102,118,1,103,2,600,1,20
103,118,1,104,8,608,6,80
104,118,1,105,5,613,1,50
105,118,1,106,7,620,4,70
106,118,1,107,6,626,1,60
107,118,1,108,2,628,1,20
108,118,1,109,8,636,3,80
109,118,1,110,7,643,1,70
110,118,1,111,6,649,6,60
111,118,1,112,5,654,1,50
112,118,1,113,8,662,4,80
113,118,1,114,6,668,4,60
114,118,1,115,4,672,1,40
115,118,1,116,8,680,1,80
116,118,1,117,2,682,4,20
117,118,1,118,7,689,3,70
118,118,1,119,5,694,4,50
119,118,1,120,5,699,3,50
120,118,1,121,3,702,3,30
121,118,1,122,9,711,1,90
122,118,1,123,4,715,1,40
123,118,1,124,5,720,3,50
124,118,1,125,2,722,4,20
125,118,1,126,2,724,0,20
126,118,1,127,9,733,1,90
127,118,1,128,2,735,8,20
128,118,1,129,9,744,3,90
129,118,1,130,5,749,3,50
130,118,1,131,7,756,2,70
131,118,1,132,6,762,3,60
132,118,1,133,2,764,1,20
133,118,1,134,9,773,5,90
134,118,1,135,7,780,2,70
135,118,1,136,9,789,3,90
136,118,1,137,8,797,5,80
137,118,1,138,6,803,4,60
138,118,1,139,5,808,7,50
139,118,1,140,4,812,1,40
140,118,1,141,3,815,1,30
141,118,1,142,7,822,5,70
142,118,1,143,5,827,3,50
143,118,1,144,6,833,0,60
144,118,1,145,3,836,1,30
145,118,1,146,5,841,4,50
146,118,1,147,9,850,1,90
147,118,1,148,2,852,3,20
148,118,1,149,7,859,1,70
149,118,1,150,9,868,1,90
150,118,1,151,5,873,6,50
151,118,1,152,4,877,5,40
152,118,1,153,4,881,1,40
153,118,1,154,4,885,0,40
154,118,1,155,4,889,2,40
155,118,1,156,3,892,6,30
156,118,1,157,8,900,4,80
157,118,1,158,6,906,0,60
158,118,1,159,4,910,1,40
159,118,1,160,9,919,1,90
160,118,1,161,9,928,5,90
161,118,1,162,9,937,1,90
162,118,1,163,2,939,4,20
163,118,1,164,3,942,6,30
164,118,1,165,2,944,2,20
165,118,1,166,8,952,1,80
166,118,1,167,6,958,2,60
167,118,1,168,5,963,1,50
168,118,1,169,2,965,1,20
169,118,1,170,4,969,2,40
170,118,1,171,6,975,5,60
171,118,1,172,5,980,3,50
172,118,1,173,7,987,2,70
173,118,1,174,2,989,3,20
174,118,1,175,7,996,2,70
175,118,1,176,8,1004,5,80
176,118,1,177,6,1010,5,60
177,118,1,178,2,1012,1,20
178,118,1,179,3,1015,4,30
179,118,1,180,3,1018,1,30
180,118,1,181,3,1021,0,30
181,118,1,182,3,1024,5,30
182,118,1,183,8,1032,3,80
183,118,1,184,2,1034,1,20
184,118,1,185,8,1042,1,80
185,118,1,186,4,1046,1,40
186,118,1,187,6,1052,5,60
187,118,1,188,3,1055,1,30
188,118,1,189,4,1059,2,40
189,118,1,190,4,1063,1,40
190,118,1,191,2,1065,1,20
191,118,1,192,6,1071,7,60
192,118,1,193,2,1073,2,20
193,118,1,194,7,1080,1,70
194,118,1,195,8,1088,1,80
195,118,1,196,4,1092,1,40
196,118,1,197,9,1101,5,90
197,118,1,198,9,1110,5,90
198,118,1,199,7,1117,1,70
199,118,1,200,3,1120,1,30
200,118,1,201,7,1127,4,70
201,118,1,202,7,1134,1,70
202,118,1,203,4,1138,5,40
203,118,1,204,5,1143,1,50
204,118,1,205,6,1149,1,60
205,118,1,206,6,1155,1,60
206,118,1,207,2,1157,1,20
207,118,1,208,5,1162,1,50
208,118,1,209,5,1167,1,50
209,118,1,210,4,1171,2,40
210,118,1,211,4,1175,7,40
211,118,1,212,2,1177,1,20
212,118,1,213,8,1185,5,80
213,118,1,214,9,1194,1,90
214,118,1,215,2,1196,7,20
215,118,1,216,8,1204,1,80
216,118,1,217,7,1211,8,70
217,118,1,218,6,1217,2,60
218,118,1,219,7,1224,1,70
219,118,1,220,3,1227,6,30
220,118,1,221,2,1229,4,20
221,118,1,222,5,1234,1,50
222,118,1,223,9,1243,3,90
223,118,1,224,6,1249,2,60
224,118,1,225,5,1254,3,50
225,118,1,226,5,1259,1,50
226,118,1,227,4,1263,1,40
227,118,1,228,8,1271,1,80
228,118,1,229,9,1280,4,90
229,118,1,230,8,1288,2,80
230,118,1,231,9,1297,1,90
231,118,1,232,9,1306,4,90
232,118,1,233,6,1312,1,60
233,118,1,234,6,1318,7,60
234,118,1,235,9,1327,1,90
235,118,1,236,9,1336,1,90
236,118,1,237,6,1342,8,60
237,118,1,238,2,1344,1,20
238,118,1,239,9,1353,1,90
239,118,1,240,6,1359,1,60
240,118,1,241,5,1364,3,50
241,118,1,242,6,1370,4,60
242,118,1,243,5,1375,1,50
243,118,1,244,5,1380,1,50
244,118,1,245,9,1389,6,90
245,118,1,246,4,1393,1,40
246,118,1,247,2,1395,5,20
247,118,1,248,2,1397,2,20
248,118,1,249,9,1406,2,90
249,118,1,250,3,1409,1,30
250,118,1,251,2,1411,3,20
251,118,1,252,5,1416,11,50
252,118,1,253,7,1423,1,70
253,118,1,254,2,1425,6,20
254,118,1,255,3,1428,6,30
255,118,1,256,9,1437,1,90
256,118,1,257,5,1442,3,50
257,118,1,258,7,1449,3,70
258,118,1,259,8,1457,1,80
259,118,1,260,3,1460,3,30
260,118,1,261,6,1466,1,60
261,118,1,262,6,1472,1,60
262,118,1,263,4,1476,1,40
263,118,1,264,2,1478,5,20
264,118,1,265,2,1480,1,20
265,118,1,266,8,1488,3,80
266,118,1,267,5,1493,2,50
267,118,1,268,5,1498,2,50
268,118,1,269,8,1506,4,80
269,118,1,270,8,1514,1,80
270,118,1,271,9,1523,1,90
271,118,1,272,4,1527,2,40
272,118,1,273,5,1532,8,50
273,118,1,274,3,1535,4,30
274,118,1,275,3,1538,2,30
275,118,1,276,7,1545,1,70
276,118,1,277,8,1553,3,80
277,118,1,278,6,1559,4,60
278,118,1,279,6,1565,4,60
279,118,1,280,3,1568,4,30
280,118,1,281,2,1570,1,20
281,118,1,282,8,1578,3,80
282,118,1,283,2,1580,1,20
283,118,1,284,4,1584,5,40
284,118,1,285,5,1589,4,50
285,118,1,286,3,1592,1,30
286,118,1,287,8,1600,4,80
287,118,1,288,9,1609,1,90
288,118,1,289,6,1615,5,60
289,118,1,290,7,1622,1,70
290,118,1,291,4,1626,1,40
291,118,1,292,2,1628,5,20
292,118,1,293,6,1634,1,60
293,118,1,294,4,1638,7,40
294,118,1,295,6,1644,4,60
295,118,1,296,9,1653,1,90
296,118,1,297,2,1655,1,20
297,118,1,298,4,1659,1,40
298,118,1,299,6,1665,1,60
299,118,1,300,4,1669,6,40
300,118,1,301,3,1672,1,30
301,118,1,302,4,1676,4,40
302,118,1,303,4,1680,1,40
303,118,1,304,5,1685,3,50
304,118,1,305,5,1690,6,50
305,118,1,306,3,1693,1,30
306,118,1,307,5,1698,2,50
307,118,1,308,6,1704,7,60
308,118,1,309,7,1711,1,70
309,118,1,310,4,1715,2,40
310,118,1,311,3,1718,1,30
311,118,1,312,8,1726,6,80
312,118,1,313,6,1732,4,60
313,118,1,314,6,1738,1,60
314,118,1,315,4,1742,1,40
315,118,1,316,9,1751,4,90
316,118,1,317,4,1755,1,40
317,118,1,318,2,1757,5,20
318,118,1,319,6,1763,5,60
319,118,1,320,5,1768,1,50
320,118,1,321,6,1774,1,60
321,118,1,322,9,1783,4,90
322,118,1,323,2,1785,3,20
323,118,1,324,9,1794,1,90
324,118,1,325,5,1799,1,50
325,118,1,326,4,1803,1,40
326,118,1,327,5,1808,1,50
327,118,1,328,5,1813,2,50
328,118,1,329,9,1822,6,90
329,118,1,330,8,1830,1,80
330,118,1,331,7,1837,1,70
331,118,1,332,9,1846,1,90
332,118,1,333,5,1851,4,50
333,118,1,334,4,1855,1,40
334,118,1,335,6,1861,1,60
335,118,1,336,8,1869,1,80
336,118,1,337,4,1873,7,40
337,118,1,338,2,1875,6,20
338,118,1,339,9,1884,1,90
339,118,1,340,8,1892,7,80
340,118,1,341,6,1898,1,60
341,118,1,342,6,1904,5,60
342,118,1,343,7,1911,9,70
343,118,1,344,3,1914,5,30
344,118,1,345,4,1918,2,40
345,118,1,346,5,1923,1,50
346,118,1,347,2,1925,3,20
347,118,1,348,3,1928,1,30
348,118,1,349,7,1935,1,70
349,118,1,350,4,1939,3,40
350,118,1,351,6,1945,7,60
351,118,1,352,6,1951,4,60
352,118,1,353,9,1960,5,90
353,118,1,354,8,1968,8,80
354,118,1,355,8,1976,1,80
355,118,1,356,5,1981,3,50
356,118,1,357,2,1983,4,20
357,118,1,358,7,1990,4,70
358,118,1,359,5,1995,1,50
359,118,1,360,2,1997,3,20
360,118,1,361,6,2003,0,60
361,118,1,362,9,2012,4,90
362,118,1,363,6,2018,5,60
363,118,1,364,4,2022,1,40
364,118,1,365,3,2025,1,30
365,118,1,366,4,2029,1,40
366,118,1,367,3,2032,3,30
367,118,1,368,6,2038,2,60
368,118,1,369,4,2042,3,40
369,118,1,370,7,2049,4,70
370,118,1,371,4,2053,0,40
371,118,1,372,3,2056,2,30
372,118,1,373,5,2061,1,50
373,118,1,374,7,2068,4,70
374,118,1,375,8,2076,1,80
375,118,1,376,4,2080,1,40
376,118,1,377,9,2089,1,90
377,118,1,378,8,2097,3,80
378,118,1,379,2,2099,1,20
379,118,1,380,3,2102,1,30
380,118,1,381,7,2109,1,70
381,118,1,382,2,2111,3,20
382,118,1,383,4,2115,4,40
383,118,1,384,4,2119,1,40
384,118,1,385,4,2123,1,40
385,118,1,386,6,2129,1,60
386,118,1,387,5,2134,1,50
387,118,1,388,4,2138,1,40
388,118,1,389,3,2141,3,30
389,118,1,390,8,2149,5,80
390,118,1,391,8,2157,1,80
391,118,1,392,2,2159,5,20
392,118,1,393,8,2167,1,80
393,118,1,394,6,2173,7,60
394,118,1,395,3,2176,1,30
395,118,1,396,3,2179,1,30
396,118,1,397,2,2181,1,20
397,118,1,398,4,2185,5,40
398,118,1,399,9,2194,2,90
399,118,1,400,9,2203,1,90
400,118,1,401,5,2208,1,50
401,118,1,402,2,2210,1,20
402,118,1,403,8,2218,4,80
403,118,1,404,4,2222,6,40
404,118,1,405,9,2231,4,90
405,118,1,406,9,2240,1,90
406,118,1,407,4,2244,4,40
407,118,1,408,5,2249,3,50
408,118,1,409,4,2253,1,40
409,118,1,410,8,2261,1,80
410,118,1,411,6,2267,8,60
411,118,1,412,7,2274,6,70
412,118,1,413,5,2279,1,50
413,118,1,414,6,2285,4,60
414,118,1,415,6,2291,1,60
415,118,1,416,2,2293,1,20
416,118,1,417,8,2301,6,80
417,118,1,418,9,2310,1,90
418,118,1,419,7,2317,1,70
419,118,1,420,3,2320,7,30
420,118,1,421,6,2326,1,60
421,118,1,422,9,2335,4,90
422,118,1,423,4,2339,3,40
423,118,1,424,2,2341,2,20
424,118,1,425,7,2348,1,70
425,118,1,426,7,2355,4,70
426,118,1,427,5,2360,2,50
427,118,1,428,4,2364,2,40
428,118,1,429,9,2373,1,90
429,118,1,430,9,2382,8,90
430,118,1,431,4,2386,2,40
431,118,1,432,8,2394,1,80
432,118,1,433,8,2402,3,80
433,118,1,434,4,2406,4,40
434,118,1,435,2,2408,3,20
435,118,1,436,8,2416,5,80
436,118,1,437,3,2419,3,30
437,118,1,438,2,2421,1,20
438,118,1,439,5,2426,1,50
439,118,1,440,7,2433,1,70
440,118,1,441,6,2439,4,60
441,118,1,442,4,2443,1,40
442,118,1,443,7,2450,3,70
443,118,1,444,6,2456,1,60
444,118,1,445,6,2462,3,60
445,118,1,446,2,2464,1,20
446,118,1,447,8,2472,6,80
447,118,1,448,7,2479,5,70
448,118,1,449,6,2485,2,60
449,118,1,450,8,2493,1,80
450,118,1,451,6,2499,4,60
451,118,1,452,3,2502,4,30
452,118,1,453,5,2507,1,50
453,118,1,454,4,2511,3,40
454,118,1,455,7,2518,5,70
455,118,1,456,4,2522,1,40
456,118,1,457,5,2527,3,50
457,118,1,458,3,2530,1,30
458,118,1,459,5,2535,1,50
459,118,1,460,7,2542,1,70
460,118,1,461,4,2546,6,40
461,118,1,462,7,2553,1,70
462,118,1,463,7,2560,6,70
463,118,1,464,7,2567,1,70
464,118,1,465,9,2576,3,90
465,118,1,466,6,2582,4,60
466,118,1,467,7,2589,1,70
467,118,1,468,2,2591,4,20
468,118,1,469,9,2600,3,90
469,118,1,470,5,2605,3,50
470,118,1,471,5,2610,2,50
471,118,1,472,4,2614,3,40
472,118,1,473,3,2617,4,30
473,118,1,474,2,2619,5,20
474,118,1,475,6,2625,2,60
475,118,1,476,8,2633,3,80
476,118,1,477,9,2642,2,90
477,118,1,478,2,2644,4,20
478,118,1,479,4,2648,3,40
479,118,1,480,8,2656,1,80
480,118,1,481,2,2658,1,20
481,118,1,482,2,2660,1,20
482,118,1,483,4,2664,1,40
483,118,1,484,4,2668,3,40
484,118,1,485,9,2677,3,90
485,118,1,486,7,2684,2,70
486,118,1,487,3,2687,1,30
487,118,1,488,9,2696,2,90
488,118,1,489,3,2699,1,30
489,118,1,490,6,2705,1,60
490,118,1,491,6,2711,2,60
491,118,1,492,8,2719,0,80
492,118,1,493,7,2726,3,70
493,118,1,494,4,2730,2,40
494,118,1,495,9,2739,5,90
495,118,1,496,9,2748,1,90
496,118,1,497,4,2752,3,40
497,118,1,498,3,2755,4,30
498,118,1,499,6,2761,3,60
499,118,1,500,5,2766,5,50
500,118,1,501,6,2772,1,60
501,118,1,502,8,2780,3,80
502,118,1,503,7,2787,4,70
503,118,1,504,6,2793,5,60
504,118,1,505,7,2800,4,70
505,118,1,506,6,2806,2,60
506,118,1,507,8,2814,1,80
507,118,1,508,4,2818,2,40
508,118,1,509,3,2821,4,30
509,118,1,510,4,2825,4,40
510,118,1,511,5,2830,1,50
511,118,1,512,2,2832,4,20
512,118,1,513,4,2836,1,40
513,118,1,514,9,2845,3,90
514,118,1,515,3,2848,2,30
515,118,1,516,4,2852,1,40
516,118,1,517,9,2861,3,90
517,118,1,518,6,2867,1,60
518,118,1,519,3,2870,3,30
519,118,1,520,6,2876,7,60
520,118,1,521,8,2884,3,80
521,118,1,522,2,2886,4,20
522,118,1,523,6,2892,4,60
523,118,1,524,2,2894,1,20
524,118,1,525,3,2897,1,30
525,118,1,526,3,2900,3,30
526,118,1,527,4,2904,1,40
527,118,1,528,8,2912,4,80
528,118,1,529,2,2914,3,20
529,118,1,530,4,2918,1,40
530,118,1,531,8,2926,4,80
531,118,1,532,3,2929,3,30
532,118,1,533,2,2931,1,20
533,118,1,534,4,2935,3,40
534,118,1,535,8,2943,1,80
535,118,1,536,7,2950,1,70
536,118,1,537,8,2958,1,80
537,118,1,538,6,2964,4,60
538,118,1,539,3,2967,1,30
539,118,1,540,8,2975,6,80
540,118,1,541,5,2980,2,50
541,118,1,542,6,2986,2,60
542,118,1,543,7,2993,1,70
543,118,1,544,5,2998,4,50
544,118,1,545,9,3007,2,90
545,118,1,546,6,3013,3,60
546,118,1,547,2,3015,6,20
547,118,1,548,6,3021,5,60
548,118,1,549,5,3026,1,50
549,118,1,550,5,3031,3,50
550,118,1,551,7,3038,4,70
551,118,1,552,8,3046,4,80
552,118,1,553,4,3050,1,40
553,118,1,554,8,3058,3,80
554,118,1,555,4,3062,1,40
555,118,1,556,5,3067,1,50
556,118,1,557,5,3072,7,50
557,118,1,558,6,3078,5,60
558,118,1,559,7,3085,1,70
559,118,1,560,6,3091,4,60
560,118,1,561,2,3093,6,20
561,118,1,562,8,3101,2,80
562,118,1,563,7,3108,1,70
563,118,1,564,8,3116,1,80
564,118,1,565,7,3123,1,70
565,118,1,566,9,3132,1,90
566,118,1,567,7,3139,5,70
567,118,1,568,8,3147,2,80
568,118,1,569,9,3156,2,90
569,118,1,570,2,3158,5,20
570,118,1,571,7,3165,2,70
571,118,1,572,8,3173,1,80
572,118,1,573,2,3175,2,20
573,118,1,574,7,3182,8,70
574,118,1,575,9,3191,6,90
575,118,1,576,7,3198,0,70
576,118,1,577,7,3205,1,70
577,118,1,578,7,3212,2,70
578,118,1,579,5,3217,1,50
579,118,1,580,4,3221,4,40
580,118,1,581,3,3224,1,30
581,118,1,582,6,3230,1,60
582,118,1,583,5,3235,1,50
583,118,1,584,5,3240,1,50
584,118,1,585,3,3243,1,30
585,118,1,586,2,3245,1,20
586,118,1,587,5,3250,1,50
587,118,1,588,4,3254,1,40
588,118,1,589,4,3258,1,40
589,118,1,590,5,3263,1,50
590,118,1,591,5,3268,8,50
591,118,1,592,8,3276,5,80
592,118,1,593,8,3284,9,80
593,118,1,594,9,3293,5,90
594,118,1,595,8,3301,1,80
595,118,1,596,2,3303,7,20
596,118,1,597,6,3309,3,60
597,118,1,598,8,3317,1,80
598,118,1,599,9,3326,8,90
599,118,1,600,6,3332,1,60
600,118,1,601,5,3337,5,50
601,118,1,602,6,3343,6,60
602,118,1,603,9,3352,1,90
603,118,1,604,4,3356,6,40
604,118,1,605,2,3358,1,20
605,118,1,606,7,3365,4,70
606,118,1,607,9,3374,1,90
607,118,1,608,3,3377,1,30
608,118,1,609,8,3385,1,80
609,118,1,610,4,3389,1,40
610,118,1,611,2,3391,7,20
611,118,1,612,2,3393,1,20
612,118,1,613,2,3395,1,20
613,118,1,614,3,3398,4,30
614,118,1,615,3,3401,1,30
615,118,1,616,8,3409,3,80
616,118,1,617,3,3412,4,30
617,118,1,618,4,3416,1,40
618,118,1,619,9,3425,6,90
619,118,1,620,8,3433,3,80
620,118,1,621,6,3439,5,60
621,118,1,622,8,3447,2,80
622,118,1,623,2,3449,3,20
623,118,1,624,2,3451,4,20
624,118,1,625,3,3454,1,30
625,118,1,626,6,3460,1,60
626,118,1,627,9,3469,2,90
627,118,1,628,4,3473,1,40
628,118,1,629,8,3481,1,80
629,118,1,630,3,3484,6,30
630,118,1,631,7,3491,3,70
631,118,1,632,4,3495,3,40
632,118,1,633,5,3500,1,50
633,118,1,634,3,3503,5,30
634,118,1,635,9,3512,1,90
635,118,1,636,6,3518,2,60
636,118,1,637,4,3522,1,40
637,118,1,638,4,3526,4,40
638,118,1,639,3,3529,1,30
639,118,1,640,4,3533,1,40
640,118,1,641,4,3537,1,40
641,118,1,642,8,3545,5,80
642,118,1,643,3,3548,6,30
643,118,1,644,7,3555,1,70
644,118,1,645,8,3563,2,80
645,118,1,646,8,3571,1,80
646,118,1,647,2,3573,1,20
647,118,1,648,7,3580,0,70
648,118,1,649,8,3588,2,80
649,118,1,650,3,3591,3,30
650,118,1,651,8,3599,0,80
651,118,1,652,6,3605,4,60
652,118,1,653,2,3607,1,20
653,118,1,654,6,3613,1,60
654,118,1,655,2,3615,2,20
655,118,1,656,2,3617,1,20
656,118,1,657,5,3622,2,50
657,118,1,658,7,3629,1,70
658,118,1,659,4,3633,1,40
659,118,1,660,5,3638,1,50
660,118,1,661,8,3646,4,80
661,118,1,662,5,3651,1,50
662,118,1,663,5,3656,3,50
663,118,1,664,9,3665,2,90
664,118,1,665,7,3672,6,70
665,118,1,666,4,3676,3,40
666,118,1,667,9,3685,6,90
667,118,1,668,9,3694,2,90
668,118,1,669,5,3699,1,50
669,118,1,670,3,3702,6,30
670,118,1,671,9,3711,4,90
671,118,1,672,4,3715,3,40
672,118,1,673,7,3722,1,70
673,118,1,674,5,3727,1,50
674,118,1,675,8,3735,1,80
675,118,1,676,2,3737,4,20
676,118,1,677,4,3741,1,40
677,118,1,678,3,3744,1,30
678,118,1,679,5,3749,9,50
679,118,1,680,7,3756,1,70
680,118,1,681,3,3759,1,30
681,118,1,682,9,3768,1,90
682,118,1,683,5,3773,6,50
683,118,1,684,7,3780,7,70
684,118,1,685,6,3786,9,60
685,118,1,686,4,3790,1,40
686,118,1,687,3,3793,4,30
687,118,1,688,4,3797,1,40
688,118,1,689,5,3802,1,50
689,118,1,690,2,3804,3,20
690,118,1,691,9,3813,1,90
691,118,1,692,6,3819,2,60
692,118,1,693,7,3826,1,70
693,118,1,694,2,3828,1,20
694,118,1,695,2,3830,1,20
695,118,1,696,7,3837,1,70
696,118,1,697,8,3845,5,80
697,118,1,698,3,3848,3,30
698,118,1,699,6,3854,3,60
699,118,1,700,8,3862,5,80
700,118,1,701,4,3866,1,40
701,118,1,702,6,3872,4,60
702,118,1,703,2,3874,2,20
703,118,1,704,7,3881,4,70
704,118,1,705,8,3889,8,80
705,118,1,706,4,3893,1,40
706,118,1,707,7,3900,2,70
707,118,1,708,6,3906,1,60
708,118,1,709,4,3910,3,40
709,118,1,710,3,3913,1,30
710,118,1,711,5,3918,2,50
711,118,1,712,3,3921,1,30
712,118,1,713,9,3930,4,90
713,118,1,714,2,3932,4,20
714,118,1,715,2,3934,3,20
715,118,1,716,8,3942,2,80
716,118,1,717,3,3945,1,30
717,118,1,718,6,3951,1,60
718,118,1,719,7,3958,1,70
719,118,1,720,6,3964,1,60
720,118,1,721,3,3967,4,30
721,118,1,722,8,3975,5,80
722,118,1,723,5,3980,6,50
723,118,1,724,8,3988,5,80
724,118,1,725,2,3990,5,20
725,118,1,726,3,3993,1,30
726,118,1,727,7,4000,1,70
727,118,1,728,9,4009,1,90
728,118,1,729,5,4014,3,50
729,118,1,730,4,4018,1,40
730,118,1,731,7,4025,5,70
731,118,1,732,2,4027,1,20
732,118,1,733,5,4032,5,50
733,118,1,734,6,4038,1,60
734,118,1,735,9,4047,1,90
735,118,1,736,8,4055,4,80
736,118,1,737,9,4064,6,90
737,118,1,738,9,4073,4,90
738,118,1,739,6,4079,3,60
739,118,1,740,5,4084,4,50
740,118,1,741,8,4092,1,80
741,118,1,742,7,4099,1,70
742,118,1,743,4,4103,1,40
743,118,1,744,4,4107,1,40
744,118,1,745,7,4114,5,70
745,118,1,746,8,4122,3,80
746,118,1,747,3,4125,1,30
747,118,1,748,5,4130,1,50
748,118,1,749,4,4134,6,40
749,118,1,750,6,4140,3,60
750,118,1,751,5,4145,2,50
751,118,1,752,6,4151,4,60
752,118,1,753,6,4157,2,60
753,118,1,754,7,4164,2,70
754,118,1,755,3,4167,1,30
755,118,1,756,3,4170,0,30
756,118,1,757,9,4179,1,90
757,118,1,758,9,4188,2,90
758,118,1,759,5,4193,4,50
759,118,1,760,9,4202,3,90
760,118,1,761,7,4209,1,70
761,118,1,762,6,4215,5,60
762,118,1,763,8,4223,5,80
763,118,1,764,8,4231,1,80
764,118,1,765,8,4239,3,80
765,118,1,766,8,4247,1,80
766,118,1,767,4,4251,10,40
767,118,1,768,8,4259,2,80
768,118,1,769,5,4264,1,50
769,118,1,770,5,4269,5,50
770,118,1,771,4,4273,1,40
771,118,1,772,9,4282,1,90
772,118,1,773,4,4286,1,40
773,118,1,774,6,4292,5,60
774,118,1,775,6,4298,4,60
775,118,1,776,7,4305,8,70
776,118,1,777,6,4311,1,60
777,118,1,778,7,4318,1,70
778,118,1,779,3,4321,1,30
779,118,1,780,5,4326,5,50
780,118,1,781,8,4334,4,80
781,118,1,782,4,4338,1,40
782,118,1,783,4,4342,5,40
783,118,1,784,6,4348,2,60
784,118,1,785,3,4351,4,30
785,118,1,786,6,4357,1,60
786,118,1,787,7,4364,1,70
787,118,1,788,7,4371,7,70
788,118,1,789,5,4376,4,50
789,118,1,790,6,4382,5,60
790,118,1,791,8,4390,4,80
791,118,1,792,2,4392,1,20
792,118,1,793,4,4396,2,40
793,118,1,794,9,4405,1,90
794,118,1,795,3,4408,6,30
795,118,1,796,9,4417,1,90
796,118,1,797,7,4424,1,70
797,118,1,798,6,4430,1,60
798,118,1,799,3,4433,3,30
799,118,1,800,7,4440,1,70
800,118,1,801,4,4444,1,40
801,118,1,802,4,4448,6,40
802,118,1,803,6,4454,0,60
803,118,1,804,3,4457,5,30
804,118,1,805,2,4459,1,20
805,118,1,806,6,4465,1,60
806,118,1,807,3,4468,3,30
807,118,1,808,8,4476,4,80
808,118,1,809,2,4478,1,20
809,118,1,810,9,4487,3,90
810,118,1,811,9,4496,4,90
811,118,1,812,6,4502,6,60
812,118,1,813,7,4509,1,70
813,118,1,814,4,4513,6,40
814,118,1,815,4,4517,3,40
815,118,1,816,7,4524,5,70
816,118,1,817,7,4531,3,70
817,118,1,818,8,4539,7,80
818,118,1,819,4,4543,3,40
819,118,1,820,8,4551,4,80
820,118,1,821,4,4555,1,40
821,118,1,822,5,4560,7,50
822,118,1,823,5,4565,1,50
823,118,1,824,5,4570,1,50
824,118,1,825,6,4576,1,60
825,118,1,826,2,4578,0,20
826,118,1,827,4,4582,2,40
827,118,1,828,4,4586,1,40
828,118,1,829,9,4595,1,90
829,118,1,830,8,4603,1,80
830,118,1,831,8,4611,1,80
831,118,1,832,5,4616,6,50
832,118,1,833,9,4625,8,90
833,118,1,834,2,4627,1,20
834,118,1,835,3,4630,1,30
835,118,1,836,6,4636,7,60
836,118,1,837,7,4643,3,70
837,118,1,838,3,4646,1,30
838,118,1,839,3,4649,3,30
839,118,1,840,8,4657,1,80
840,118,1,841,5,4662,3,50
841,118,1,842,4,4666,1,40
842,118,1,843,2,4668,1,20
843,118,1,844,4,4672,1,40
844,118,1,845,8,4680,1,80
845,118,1,846,2,4682,4,20
846,118,1,847,5,4687,1,50
847,118,1,848,6,4693,1,60
848,118,1,849,5,4698,1,50
849,118,1,850,6,4704,4,60
850,118,1,851,2,4706,1,20
851,118,1,852,4,4710,3,40
852,118,1,853,3,4713,2,30
853,118,1,854,2,4715,1,20
854,118,1,855,9,4724,1,90
855,118,1,856,5,4729,3,50
856,118,1,857,2,4731,1,20
857,118,1,858,3,4734,2,30
858,118,1,859,7,4741,2,70
859,118,1,860,5,4746,4,50
860,118,1,861,9,4755,4,90
861,118,1,862,6,4761,2,60
862,118,1,863,9,4770,2,90
863,118,1,864,7,4777,1,70
864,118,1,865,3,4780,1,30
865,118,1,866,4,4784,3,40
866,118,1,867,7,4791,3,70
867,118,1,868,9,4800,5,90
868,118,1,869,6,4806,1,60
869,118,1,870,6,4812,1,60
870,118,1,871,6,4818,4,60
871,118,1,872,9,4827,1,90
872,118,1,873,7,4834,1,70
873,118,1,874,7,4841,4,70
874,118,1,875,8,4849,8,80
875,118,1,876,8,4857,3,80
876,118,1,877,8,4865,1,80
877,118,1,878,7,4872,1,70
878,118,1,879,3,4875,6,30
879,118,1,880,4,4879,4,40
880,118,1,881,2,4881,7,20
881,118,1,882,5,4886,1,50
882,118,1,883,9,4895,0,90
883,118,1,884,6,4901,1,60
884,118,1,885,5,4906,5,50
885,118,1,886,8,4914,4,80
886,118,1,887,8,4922,5,80
887,118,1,888,7,4929,3,70
888,118,1,889,2,4931,3,20
889,118,1,890,8,4939,5,80
890,118,1,891,7,4946,1,70
891,118,1,892,3,4949,1,30
892,118,1,893,8,4957,6,80
893,118,1,894,7,4964,5,70
894,118,1,895,2,4966,3,20
895,118,1,896,4,4970,5,40
896,118,1,897,7,4977,4,70
897,118,1,898,4,4981,2,40
898,118,1,899,8,4989,1,80
899,118,1,900,7,4996,3,70
900,118,2,1,2,2,0,20
901,118,2,2,6,8,0,60
902,118,2,3,8,16,1,80
903,118,2,4,7,23,1,70
904,118,2,5,8,31,3,80
905,118,2,6,5,36,1,50
906,118,2,7,9,45,1,90
907,118,2,8,4,49,1,40
908,118,2,9,8,57,4,80
909,118,2,10,8,65,1,80
910,118,2,11,5,70,8,50
911,118,2,12,8,78,2,80
912,118,2,13,8,86,1,80
913,118,2,14,5,91,7,50
914,118,2,15,6,97,3,60
915,118,2,16,8,105,5,80
916,118,2,17,9,114,1,90
917,118,2,18,3,117,2,30
918,118,2,19,6,123,3,60
919,118,2,20,9,132,1,90
920,118,2,21,8,140,8,80
921,118,2,22,6,146,1,60
922,118,2,23,3,149,1,30
923,118,2,24,8,157,6,80
924,118,2,25,2,159,1,20
925,118,2,26,9,168,1,90
926,118,2,27,9,177,1,90
927,118,2,28,7,184,1,70
928,118,2,29,4,188,1,40
929,118,2,30,6,194,1,60
930,118,2,31,6,200,1,60
931,118,2,32,8,208,1,80
932,118,2,33,3,211,7,30
933,118,2,34,6,217,1,60
934,118,2,35,3,220,7,30
935,118,2,36,4,224,3,40
936,118,2,37,5,229,1,50
937,118,2,38,4,233,3,40
938,118,2,39,7,240,3,70
939,118,2,40,4,244,6,40
940,118,2,41,3,247,4,30
941,118,2,42,3,250,5,30
942,118,2,43,5,255,3,50
943,118,2,44,7,262,5,70
944,118,2,45,5,267,1,50
945,118,2,46,2,269,5,20
946,118,2,47,3,272,4,30
947,118,2,48,8,280,3,80
948,118,2,49,4,284,2,40
949,118,2,50,4,288,2,40
950,118,2,51,4,292,1,40
951,118,2,52,5,297,3,50
952,118,2,53,3,300,1,30
953,118,2,54,4,304,3,40
954,118,2,55,8,312,5,80
955,118,2,56,5,317,5,50
956,118,2,57,2,319,1,20
957,118,2,58,2,321,0,20
958,118,2,59,4,325,1,40
959,118,2,60,8,333,1,80
960,118,2,61,7,340,1,70
961,118,2,62,4,344,4,40
962,118,2,63,3,347,5,30
963,118,2,64,6,353,1,60
964,118,2,65,5,358,1,50
965,118,2,66,2,360,2,20
966,118,2,67,3,363,4,30
967,118,2,68,8,371,1,80
968,118,2,69,9,380,0,90
969,118,2,70,4,384,1,40
970,118,2,71,4,388,2,40
971,118,2,72,2,390,0,20
972,118,2,73,9,399,1,90
973,118,2,74,7,406,2,70
974,118,2,75,4,410,7,40
975,118,2,76,5,415,0,50
976,118,2,77,3,418,2,30
977,118,2,78,5,423,1,50
978,118,2,79,8,431,1,80
979,118,2,80,5,436,3,50
980,118,2,81,2,438,1,20
981,118,2,82,8,446,5,80
982,118,2,83,6,452,4,60
983,118,2,84,7,459,2,70
984,118,2,85,4,463,1,40
985,118,2,86,5,468,3,50
986,118,2,87,8,476,4,80
987,118,2,88,6,482,1,60
988,118,2,89,6,488,1,60
989,118,2,90,3,491,4,30
990,118,2,91,3,494,4,30
991,118,2,92,9,503,2,90
992,118,2,93,3,506,1,30
993,118,2,94,6,512,1,60
994,118,2,95,6,518,4,60
995,118,2,96,5,523,3,50
996,118,2,97,4,527,1,40
997,118,2,98,8,535,2,80
998,118,2,99,4,539,1,40
999,118,2,100,6,545,5,60
1000,118,2,101,6,551,8,60
1001,118,2,102,6,557,1,60
1002,118,2,103,8,565,6,80
1003,118,2,104,4,569,1,40
1004,118,2,105,9,578,1,90
1005,118,2,106,5,583,5,50
1006,118,2,107,6,589,10,60
1007,118,2,108,4,593,4,40
1008,118,2,109,5,598,3,50
1009,118,2,110,7,605,7,70
1010,118,2,111,3,608,6,30
1011,118,2,112,8,616,3,80
1012,118,2,113,4,620,2,40
1013,118,2,114,9,629,1,90
1014,118,2,115,8,637,7,80
1015,118,2,116,4,641,1,40
1016,118,2,117,2,643,1,20
1017,118,2,118,8,651,5,80
1018,118,2,119,4,655,1,40
1019,118,2,120,2,657,4,20
1020,118,2,121,3,660,1,30
1021,118,2,122,8,668,1,80
1022,118,2,123,8,676,3,80
1023,118,2,124,9,685,3,90
1024,118,2,125,9,694,1,90
1025,118,2,126,2,696,6,20
1026,118,2,127,6,702,2,60
1027,118,2,128,2,704,2,20
1028,118,2,129,2,706,1,20
1029,118,2,130,2,708,1,20
1030,118,2,131,2,710,0,20
1031,118,2,132,6,716,0,60
1032,118,2,133,9,725,3,90
1033,118,2,134,6,731,1,60
1034,118,2,135,3,734,3,30
1035,118,2,136,5,739,3,50
1036,118,2,137,3,742,0,30
1037,118,2,138,9,751,1,90
1038,118,2,139,8,759,7,80
1039,118,2,140,4,763,1,40
1040,118,2,141,6,769,2,60
1041,118,2,142,8,777,3,80
1042,118,2,143,5,782,4,50
1043,118,2,144,6,788,1,60
1044,118,2,145,7,795,3,70
1045,118,2,146,3,798,1,30
1046,118,2,147,6,804,6,60
1047,118,2,148,9,813,6,90
1048,118,2,149,4,817,2,40
1049,118,2,150,5,822,1,50
1050,118,2,151,2,824,1,20
1051,118,2,152,6,830,5,60
1052,118,2,153,7,837,3,70
1053,118,2,154,6,843,1,60
1054,118,2,155,7,850,1,70
1055,118,2,156,5,855,7,50
1056,118,2,157,6,861,4,60
1057,118,2,158,4,865,7,40
1058,118,2,159,2,867,3,20
1059,118,2,160,4,871,3,40
1060,118,2,161,5,876,3,50
1061,118,2,162,7,883,6,70
1062,118,2,163,3,886,1,30
1063,118,2,164,4,890,1,40
1064,118,2,165,6,896,1,60
1065,118,2,166,5,901,4,50
1066,118,2,167,7,908,3,70
1067,118,2,168,6,914,4,60
1068,118,2,169,3,917,1,30
1069,118,2,170,6,923,3,60
1070,118,2,171,8,931,1,80
1071,118,2,172,3,934,4,30
1072,118,2,173,7,941,1,70
1073,118,2,174,5,946,1,50
1074,118,2,175,5,951,5,50
1075,118,2,176,5,956,4,50
1076,118,2,177,2,958,6,20
1077,118,2,178,5,963,1,50
1078,118,2,179,9,972,1,90
1079,118,2,180,2,974,4,20
1080,118,2,181,8,982,2,80
1081,118,2,182,8,990,4,80
1082,118,2,183,9,999,1,90
1083,118,2,184,2,1001,1,20
1084,118,2,185,9,1010,5,90
1085,118,2,186,7,1017,6,70
1086,118,2,187,3,1020,2,30
1087,118,2,188,9,1029,5,90
1088,118,2,189,8,1037,4,80
1089,118,2,190,3,1040,0,30
1090,118,2,191,6,1046,2,60
1091,118,2,192,4,1050,1,40
1092,118,2,193,3,1053,1,30
1093,118,2,194,8,1061,1,80
1094,118,2,195,4,1065,6,40
1095,118,2,196,3,1068,2,30
1096,118,2,197,2,1070,4,20
1097,118,2,198,8,1078,1,80
1098,118,2,199,5,1083,1,50
1099,118,2,200,2,1085,3,20
1100,118,2,201,2,1087,1,20
1101,118,2,202,4,1091,1,40
1102,118,2,203,3,1094,1,30
1103,118,2,204,5,1099,1,50
1104,118,2,205,7,1106,2,70
1105,118,2,206,5,1111,3,50
1106,118,2,207,3,1114,0,30
1107,118,2,208,6,1120,3,60
1108,118,2,209,9,1129,3,90
1109,118,2,210,6,1135,5,60
1110,118,2,211,8,1143,1,80
1111,118,2,212,6,1149,1,60
1112,118,2,213,5,1154,1,50
1113,118,2,214,4,1158,1,40
1114,118,2,215,9,1167,5,90
1115,118,2,216,2,1169,2,20
1116,118,2,217,6,1175,4,60
1117,118,2,218,4,1179,1,40
1118,118,2,219,6,1185,4,60
1119,118,2,220,3,1188,3,30
1120,118,2,221,3,1191,1,30
1121,118,2,222,5,1196,2,50
1122,118,2,223,9,1205,4,90
1123,118,2,224,9,1214,3,90
1124,118,2,225,3,1217,4,30
1125,118,2,226,6,1223,1,60
1126,118,2,227,8,1231,3,80
1127,118,2,228,2,1233,1,20
1128,118,2,229,5,1238,4,50
1129,118,2,230,5,1243,1,50
1130,118,2,231,2,1245,1,20
1131,118,2,232,4,1249,1,40
1132,118,2,233,8,1257,2,80
1133,118,2,234,7,1264,2,70
1134,118,2,235,7,1271,1,70
1135,118,2,236,8,1279,3,80
1136,118,2,237,7,1286,3,70
1137,118,2,238,2,1288,1,20
1138,118,2,239,7,1295,5,70
1139,118,2,240,2,1297,5,20
1140,118,2,241,6,1303,1,60
1141,118,2,242,5,1308,4,50
1142,118,2,243,2,1310,6,20
1143,118,2,244,5,1315,1,50
1144,118,2,245,3,1318,2,30
1145,118,2,246,5,1323,0,50
1146,118,2,247,6,1329,6,60
1147,118,2,248,6,1335,1,60
1148,118,2,249,5,1340,1,50
1149,118,2,250,6,1346,3,60
1150,118,2,251,7,1353,1,70
1151,118,2,252,9,1362,2,90
1152,118,2,253,7,1369,1,70
1153,118,2,254,8,1377,3,80
1154,118,2,255,5,1382,1,50
1155,118,2,256,9,1391,2,90
1156,118,2,257,3,1394,1,30
1157,118,2,258,4,1398,4,40
1158,118,2,259,3,1401,1,30
1159,118,2,260,3,1404,6,30
1160,118,2,261,3,1407,5,30
1161,118,2,262,2,1409,0,20
1162,118,2,263,6,1415,1,60
1163,118,2,264,7,1422,5,70
1164,118,2,265,5,1427,3,50
1165,118,2,266,7,1434,3,70
1166,118,2,267,3,1437,3,30
1167,118,2,268,5,1442,4,50
1168,118,2,269,2,1444,2,20
1169,118,2,270,6,1450,0,60
1170,118,2,271,3,1453,1,30
1171,118,2,272,4,1457,1,40
1172,118,2,273,7,1464,1,70
1173,118,2,274,4,1468,1,40
1174,118,2,275,4,1472,1,40
1175,118,2,276,9,1481,4,90
1176,118,2,277,2,1483,1,20
1177,118,2,278,8,1491,4,80
1178,118,2,279,7,1498,2,70
1179,118,2,280,4,1502,7,40
1180,118,2,281,8,1510,1,80
1181,118,2,282,2,1512,5,20
1182,118,2,283,7,1519,1,70
1183,118,2,284,4,1523,1,40
1184,118,2,285,8,1531,1,80
1185,118,2,286,4,1535,3,40
1186,118,2,287,3,1538,7,30
1187,118,2,288,3,1541,1,30
1188,118,2,289,7,1548,2,70
1189,118,2,290,2,1550,1,20
1190,118,2,291,4,1554,1,40
1191,118,2,292,8,1562,7,80
1192,118,2,293,4,1566,1,40
1193,118,2,294,6,1572,1,60
1194,118,2,295,4,1576,1,40
1195,118,2,296,2,1578,3,20
1196,118,2,297,3,1581,1,30
1197,118,2,298,2,1583,4,20
1198,118,2,299,5,1588,0,50
1199,118,2,300,8,1596,1,80
1200,118,2,301,8,1604,1,80
1201,118,2,302,4,1608,6,40
1202,118,2,303,2,1610,1,20
1203,118,2,304,4,1614,0,40
1204,118,2,305,4,1618,1,40
1205,118,2,306,8,1626,1,80
1206,118,2,307,9,1635,6,90
1207,118,2,308,2,1637,1,20
1208,118,2,309,2,1639,5,20
1209,118,2,310,9,1648,3,90
1210,118,2,311,2,1650,1,20
1211,118,2,312,7,1657,2,70
1212,118,2,313,9,1666,1,90
1213,118,2,314,2,1668,2,20
1214,118,2,315,6,1674,6,60
1215,118,2,316,7,1681,3,70
1216,118,2,317,2,1683,1,20
1217,118,2,318,7,1690,6,70
1218,118,2,319,8,1698,6,80
1219,118,2,320,6,1704,4,60
1220,118,2,321,5,1709,1,50
1221,118,2,322,8,1717,4,80
1222,118,2,323,8,1725,6,80
1223,118,2,324,9,1734,6,90
1224,118,2,325,7,1741,1,70
1225,118,2,326,8,1749,1,80
1226,118,2,327,9,1758,1,90
1227,118,2,328,4,1762,1,40
1228,118,2,329,5,1767,1,50
1229,118,2,330,9,1776,6,90
1230,118,2,331,6,1782,6,60
1231,118,2,332,3,1785,7,30
1232,118,2,333,2,1787,2,20
1233,118,2,334,4,1791,1,40
1234,118,2,335,4,1795,8,40
1235,118,2,336,5,1800,7,50
1236,118,2,337,5,1805,2,50
1237,118,2,338,5,1810,1,50
1238,118,2,339,9,1819,1,90
1239,118,2,340,4,1823,1,40
1240,118,2,341,7,1830,1,70
1241,118,2,342,4,1834,4,40
1242,118,2,343,4,1838,3,40
1243,118,2,344,2,1840,2,20
1244,118,2,345,6,1846,4,60
1245,118,2,346,8,1854,1,80
1246,118,2,347,3,1857,1,30
1247,118,2,348,4,1861,3,40
1248,118,2,349,8,1869,1,80
1249,118,2,350,8,1877,1,80
1250,118,2,351,9,1886,1,90
1251,118,2,352,5,1891,1,50
1252,118,2,353,6,1897,1,60
1253,118,2,354,6,1903,1,60
1254,118,2,355,8,1911,1,80
1255,118,2,356,8,1919,1,80
1256,118,2,357,7,1926,1,70
1257,118,2,358,5,1931,9,50
1258,118,2,359,2,1933,3,20
1259,118,2,360,9,1942,2,90
1260,118,2,361,3,1945,1,30
1261,118,2,362,6,1951,1,60
1262,118,2,363,4,1955,2,40
1263,118,2,364,9,1964,6,90
1264,118,2,365,9,1973,1,90
1265,118,2,366,2,1975,1,20
1266,118,2,367,3,1978,2,30
1267,118,2,368,9,1987,6,90
1268,118,2,369,2,1989,1,20
1269,118,2,370,7,1996,2,70
1270,118,2,371,4,2000,2,40
1271,118,2,372,8,2008,4,80
1272,118,2,373,7,2015,5,70
1273,118,2,374,5,2020,1,50
1274,118,2,375,3,2023,4,30
1275,118,2,376,5,2028,3,50
1276,118,2,377,2,2030,2,20
1277,118,2,378,3,2033,3,30
1278,118,2,379,9,2042,1,90
1279,118,2,380,3,2045,1,30
1280,118,2,381,9,2054,5,90
1281,118,2,382,5,2059,4,50
1282,118,2,383,8,2067,1,80
1283,118,2,384,4,2071,4,40
1284,118,2,385,9,2080,1,90
1285,118,2,386,9,2089,6,90
1286,118,2,387,8,2097,1,80
1287,118,2,388,2,2099,7,20
1288,118,2,389,6,2105,3,60
1289,118,2,390,4,2109,1,40
1290,118,2,391,9,2118,4,90
1291,118,2,392,2,2120,3,20
1292,118,2,393,6,2126,2,60
1293,118,2,394,8,2134,1,80
1294,118,2,395,5,2139,1,50
1295,118,2,396,8,2147,5,80
1296,118,2,397,7,2154,4,70
1297,118,2,398,5,2159,1,50
1298,118,2,399,6,2165,1,60
1299,118,2,400,3,2168,0,30
1300,118,2,401,7,2175,5,70
1301,118,2,402,7,2182,1,70
1302,118,2,403,2,2184,5,20
1303,118,2,404,6,2190,3,60
1304,118,2,405,5,2195,4,50
1305,118,2,406,8,2203,1,80
1306,118,2,407,9,2212,7,90
1307,118,2,408,4,2216,5,40
1308,118,2,409,7,2223,3,70
1309,118,2,410,4,2227,1,40
1310,118,2,411,3,2230,1,30
1311,118,2,412,3,2233,1,30
1312,118,2,413,7,2240,3,70
1313,118,2,414,4,2244,1,40
1314,118,2,415,2,2246,1,20
1315,118,2,416,8,2254,1,80
1316,118,2,417,2,2256,0,20
1317,118,2,418,5,2261,1,50
1318,118,2,419,7,2268,3,70
1319,118,2,420,5,2273,4,50
1320,118,2,421,2,2275,1,20
1321,118,2,422,9,2284,2,90
1322,118,2,423,4,2288,5,40
1323,118,2,424,7,2295,4,70
1324,118,2,425,8,2303,4,80
1325,118,2,426,4,2307,1,40
1326,118,2,427,3,2310,1,30
1327,118,2,428,2,2312,1,20
1328,118,2,429,4,2316,1,40
1329,118,2,430,5,2321,3,50
1330,118,2,431,4,2325,2,40
1331,118,2,432,7,2332,6,70
1332,118,2,433,2,2334,1,20
1333,118,2,434,2,2336,2,20
1334,118,2,435,7,2343,2,70
1335,118,2,436,6,2349,1,60
1336,118,2,437,6,2355,7,60
1337,118,2,438,4,2359,5,40
1338,118,2,439,5,2364,1,50
1339,118,2,440,5,2369,1,50
1340,118,2,441,6,2375,1,60
1341,118,2,442,6,2381,3,60
1342,118,2,443,5,2386,3,50
1343,118,2,444,3,2389,1,30
1344,118,2,445,9,2398,4,90
1345,118,2,446,8,2406,1,80
1346,118,2,447,5,2411,1,50
1347,118,2,448,7,2418,6,70
1348,118,2,449,9,2427,8,90
1349,118,2,450,2,2429,2,20
1350,118,2,451,8,2437,1,80
1351,118,2,452,6,2443,1,60
1352,118,2,453,6,2449,2,60
1353,118,2,454,4,2453,7,40
1354,118,2,455,3,2456,5,30
1355,118,2,456,3,2459,1,30
1356,118,2,457,8,2467,1,80
1357,118,2,458,5,2472,1,50
1358,118,2,459,3,2475,7,30
1359,118,2,460,6,2481,4,60
1360,118,2,461,3,2484,2,30
1361,118,2,462,4,2488,5,40
1362,118,2,463,7,2495,1,70
1363,118,2,464,9,2504,1,90
1364,118,2,465,4,2508,1,40
1365,118,2,466,2,2510,2,20
1366,118,2,467,9,2519,1,90
1367,118,2,468,4,2523,1,40
1368,118,2,469,7,2530,1,70
1369,118,2,470,4,2534,1,40
1370,118,2,471,4,2538,1,40
1371,118,2,472,7,2545,7,70
1372,118,2,473,4,2549,0,40
1373,118,2,474,4,2553,1,40
1374,118,2,475,5,2558,3,50
1375,118,2,476,6,2564,2,60
1376,118,2,477,6,2570,3,60
1377,118,2,478,4,2574,3,40
1378,118,2,479,7,2581,6,70
1379,118,2,480,7,2588,3,70
1380,118,2,481,5,2593,1,50
1381,118,2,482,2,2595,3,20
1382,118,2,483,3,2598,2,30
1383,118,2,484,3,2601,1,30
1384,118,2,485,5,2606,6,50
1385,118,2,486,3,2609,1,30
1386,118,2,487,6,2615,1,60
1387,118,2,488,5,2620,0,50
1388,118,2,489,6,2626,2,60
1389,118,2,490,5,2631,1,50
1390,118,2,491,6,2637,2,60
1391,118,2,492,5,2642,1,50
1392,118,2,493,7,2649,7,70
1393,118,2,494,5,2654,1,50
1394,118,2,495,9,2663,1,90
1395,118,2,496,6,2669,3,60
1396,118,2,497,4,2673,6,40
1397,118,2,498,2,2675,3,20
1398,118,2,499,4,2679,4,40
1399,118,2,500,5,2684,1,50
1400,118,2,501,3,2687,2,30
1401,118,2,502,7,2694,5,70
1402,118,2,503,4,2698,1,40
1403,118,2,504,3,2701,1,30
1404,118,2,505,9,2710,2,90
1405,118,2,506,8,2718,1,80
1406,118,2,507,6,2724,4,60
1407,118,2,508,7,2731,1,70
1408,118,2,509,6,2737,5,60
1409,118,2,510,4,2741,4,40
1410,118,2,511,8,2749,1,80
1411,118,2,512,3,2752,4,30
1412,118,2,513,8,2760,5,80
1413,118,2,514,4,2764,5,40
1414,118,2,515,8,2772,7,80
1415,118,2,516,9,2781,6,90
1416,118,2,517,2,2783,1,20
1417,118,2,518,4,2787,1,40
1418,118,2,519,6,2793,2,60
1419,118,2,520,2,2795,3,20
1420,118,2,521,6,2801,6,60
1421,118,2,522,8,2809,1,80
1422,118,2,523,2,2811,5,20
1423,118,2,524,4,2815,3,40
1424,118,2,525,2,2817,2,20
1425,118,2,526,6,2823,3,60
1426,118,2,527,4,2827,3,40
1427,118,2,528,3,2830,1,30
1428,118,2,529,2,2832,1,20
1429,118,2,530,2,2834,0,20
1430,118,2,531,3,2837,1,30
1431,118,2,532,6,2843,2,60
1432,118,2,533,5,2848,1,50
1433,118,2,534,9,2857,4,90
1434,118,2,535,5,2862,1,50
1435,118,2,536,7,2869,1,70
1436,118,2,537,3,2872,4,30
1437,118,2,538,6,2878,4,60
1438,118,2,539,2,2880,1,20
1439,118,2,540,2,2882,1,20
1440,118,2,541,4,2886,1,40
1441,118,2,542,9,2895,1,90
1442,118,2,543,3,2898,3,30
1443,118,2,544,4,2902,2,40
1444,118,2,545,8,2910,4,80
1445,118,2,546,8,2918,1,80
1446,118,2,547,5,2923,1,50
1447,118,2,548,9,2932,1,90
1448,118,2,549,2,2934,8,20
1449,118,2,550,7,2941,6,70
1450,118,2,551,9,2950,1,90
1451,118,2,552,9,2959,1,90
1452,118,2,553,4,2963,2,40
1453,118,2,554,3,2966,1,30
1454,118,2,555,4,2970,5,40
1455,118,2,556,8,2978,2,80
1456,118,2,557,4,2982,3,40
1457,118,2,558,4,2986,1,40
1458,118,2,559,4,2990,2,40
1459,118,2,560,6,2996,1,60
1460,118,2,561,6,3002,2,60
1461,118,2,562,7,3009,2,70
1462,118,2,563,8,3017,4,80
1463,118,2,564,4,3021,2,40
1464,118,2,565,3,3024,1,30
1465,118,2,566,5,3029,2,50
1466,118,2,567,5,3034,1,50
1467,118,2,568,8,3042,1,80
1468,118,2,569,7,3049,2,70
1469,118,2,570,4,3053,4,40
1470,118,2,571,6,3059,1,60
1471,118,2,572,3,3062,6,30
1472,118,2,573,8,3070,1,80
1473,118,2,574,8,3078,5,80
1474,118,2,575,7,3085,5,70
1475,118,2,576,9,3094,1,90
1476,118,2,577,7,3101,9,70
1477,118,2,578,4,3105,4,40
1478,118,2,579,3,3108,1,30
1479,118,2,580,9,3117,1,90
1480,118,2,581,4,3121,1,40
1481,118,2,582,7,3128,1,70
1482,118,2,583,9,3137,1,90
1483,118,2,584,4,3141,3,40
1484,118,2,585,6,3147,9,60
1485,118,2,586,8,3155,6,80
1486,118,2,587,8,3163,1,80
1487,118,2,588,2,3165,1,20
1488,118,2,589,4,3169,5,40
1489,118,2,590,4,3173,7,40
1490,118,2,591,6,3179,4,60
1491,118,2,592,7,3186,2,70
1492,118,2,593,9,3195,1,90
1493,118,2,594,3,3198,8,30
1494,118,2,595,9,3207,6,90
1495,118,2,596,7,3214,4,70
1496,118,2,597,4,3218,3,40
1497,118,2,598,3,3221,1,30
1498,118,2,599,4,3225,3,40
1499,118,2,600,7,3232,1,70
1500,118,2,601,8,3240,2,80
1501,118,2,602,4,3244,3,40
1502,118,2,603,5,3249,1,50
1503,118,2,604,7,3256,2,70
1504,118,2,605,7,3263,4,70
1505,118,2,606,6,3269,1,60
1506,118,2,607,3,3272,1,30
1507,118,2,608,3,3275,2,30
1508,118,2,609,7,3282,4,70
1509,118,2,610,6,3288,5,60
1510,118,2,611,7,3295,1,70
1511,118,2,612,8,3303,8,80
1512,118,2,613,7,3310,2,70
1513,118,2,614,4,3314,1,40
1514,118,2,615,3,3317,1,30
1515,118,2,616,7,3324,1,70
1516,118,2,617,8,3332,1,80
1517,118,2,618,6,3338,1,60
1518,118,2,619,7,3345,4,70
1519,118,2,620,5,3350,5,50
1520,118,2,621,8,3358,2,80
1521,118,2,622,2,3360,2,20
1522,118,2,623,6,3366,4,60
1523,118,2,624,7,3373,4,70
1524,118,2,625,4,3377,1,40
1525,118,2,626,6,3383,3,60
1526,118,2,627,2,3385,3,20
1527,118,2,628,5,3390,2,50
1528,118,2,629,6,3396,4,60
1529,118,2,630,6,3402,2,60
1530,118,2,631,7,3409,4,70
1531,118,2,632,5,3414,2,50
1532,118,2,633,7,3421,6,70
1533,118,2,634,7,3428,1,70
1534,118,2,635,3,3431,3,30
1535,118,2,636,9,3440,3,90
1536,118,2,637,2,3442,5,20
1537,118,2,638,6,3448,1,60
1538,118,2,639,2,3450,0,20
1539,118,2,640,6,3456,2,60
1540,118,2,641,4,3460,1,40
1541,118,2,642,4,3464,4,40
1542,118,2,643,6,3470,5,60
1543,118,2,644,7,3477,1,70
1544,118,2,645,9,3486,6,90
1545,118,2,646,7,3493,4,70
1546,118,2,647,8,3501,1,80
1547,118,2,648,2,3503,1,20
1548,118,2,649,9,3512,1,90
1549,118,2,650,5,3517,7,50
1550,118,2,651,4,3521,4,40
1551,118,2,652,8,3529,1,80
1552,118,2,653,9,3538,1,90
1553,118,2,654,2,3540,6,20
1554,118,2,655,5,3545,5,50
1555,118,2,656,8,3553,3,80
1556,118,2,657,7,3560,1,70
1557,118,2,658,9,3569,1,90
1558,118,2,659,2,3571,1,20
1559,118,2,660,2,3573,2,20
1560,118,2,661,3,3576,2,30
1561,118,2,662,3,3579,3,30
1562,118,2,663,8,3587,1,80
1563,118,2,664,8,3595,6,80
1564,118,2,665,4,3599,5,40
1565,118,2,666,6,3605,3,60
1566,118,2,667,5,3610,1,50
1567,118,2,668,8,3618,2,80
1568,118,2,669,9,3627,3,90
1569,118,2,670,9,3636,1,90
1570,118,2,671,5,3641,1,50
1571,118,2,672,5,3646,1,50
1572,118,2,673,3,3649,1,30
1573,118,2,674,7,3656,1,70
1574,118,2,675,8,3664,6,80
1575,118,2,676,4,3668,5,40
1576,118,2,677,2,3670,5,20
1577,118,2,678,8,3678,4,80
1578,118,2,679,3,3681,6,30
1579,118,2,680,7,3688,1,70
1580,118,2,681,8,3696,2,80
1581,118,2,682,2,3698,1,20
1582,118,2,683,8,3706,5,80
1583,118,2,684,4,3710,6,40
1584,118,2,685,4,3714,3,40
1585,118,2,686,7,3721,4,70
1586,118,2,687,7,3728,1,70
1587,118,2,688,6,3734,7,60
1588,118,2,689,6,3740,1,60
1589,118,2,690,5,3745,6,50
1590,118,2,691,4,3749,1,40
1591,118,2,692,4,3753,6,40
1592,118,2,693,6,3759,4,60
1593,118,2,694,3,3762,1,30
1594,118,2,695,4,3766,1,40
1595,118,2,696,7,3773,1,70
1596,118,2,697,5,3778,1,50
1597,118,2,698,2,3780,1,20
1598,118,2,699,8,3788,1,80
1599,118,2,700,4,3792,6,40
1600,118,2,701,5,3797,9,50
1601,118,2,702,9,3806,4,90
1602,118,2,703,8,3814,1,80
1603,118,2,704,4,3818,1,40
1604,118,2,705,4,3822,1,40
1605,118,2,706,7,3829,1,70
1606,118,2,707,5,3834,5,50
1607,118,2,708,4,3838,1,40
1608,118,2,709,4,3842,8,40
1609,118,2,710,5,3847,3,50
1610,118,2,711,8,3855,4,80
1611,118,2,712,4,3859,1,40
1612,118,2,713,5,3864,4,50
1613,118,2,714,7,3871,1,70
1614,118,2,715,5,3876,1,50
1615,118,2,716,4,3880,6,40
1616,118,2,717,3,3883,4,30
1617,118,2,718,5,3888,1,50
1618,118,2,719,9,3897,4,90
1619,118,2,720,9,3906,1,90
1620,118,2,721,7,3913,1,70
1621,118,2,722,7,3920,2,70
1622,118,2,723,2,3922,1,20
1623,118,2,724,7,3929,3,70
1624,118,2,725,7,3936,1,70
1625,118,2,726,9,3945,3,90
1626,118,2,727,8,3953,1,80
1627,118,2,728,3,3956,2,30
1628,118,2,729,8,3964,6,80
1629,118,2,730,4,3968,3,40
1630,118,2,731,7,3975,1,70
1631,118,2,732,4,3979,5,40
1632,118,2,733,8,3987,3,80
1633,118,2,734,3,3990,6,30
1634,118,2,735,2,3992,1,20
1635,118,2,736,3,3995,1,30
1636,118,2,737,5,4000,2,50
1637,118,2,738,8,4008,1,80
1638,118,2,739,5,4013,4,50
1639,118,2,740,3,4016,1,30
1640,118,2,741,7,4023,1,70
1641,118,2,742,5,4028,4,50
1642,118,2,743,4,4032,1,40
1643,118,2,744,7,4039,4,70
1644,118,2,745,3,4042,3,30
1645,118,2,746,7,4049,1,70
1646,118,2,747,8,4057,4,80
1647,118,2,748,7,4064,0,70
1648,118,2,749,5,4069,1,50
1649,118,2,750,2,4071,0,20
1650,118,2,751,2,4073,3,20
1651,118,2,752,2,4075,2,20
1652,118,2,753,4,4079,3,40
1653,118,2,754,8,4087,5,80
1654,118,2,755,5,4092,1,50
1655,118,2,756,5,4097,1,50
1656,118,2,757,7,4104,1,70
1657,118,2,758,8,4112,1,80
1658,118,2,759,6,4118,6,60
1659,118,2,760,8,4126,4,80
1660,118,2,761,9,4135,5,90
1661,118,2,762,4,4139,3,40
1662,118,2,763,7,4146,1,70
1663,118,2,764,6,4152,1,60
1664,118,2,765,3,4155,1,30
1665,118,2,766,2,4157,1,20
1666,118,2,767,4,4161,1,40
1667,118,2,768,6,4167,1,60
1668,118,2,769,3,4170,1,30
1669,118,2,770,5,4175,10,50
1670,118,2,771,7,4182,6,70
1671,118,2,772,3,4185,1,30
1672,118,2,773,5,4190,4,50
1673,118,2,774,6,4196,5,60
1674,118,2,775,8,4204,1,80
1675,118,2,776,6,4210,1,60
1676,118,2,777,6,4216,4,60
1677,118,2,778,8,4224,4,80
1678,118,2,779,6,4230,7,60
1679,118,2,780,8,4238,6,80
1680,118,2,781,8,4246,5,80
1681,118,2,782,7,4253,2,70
1682,118,2,783,9,4262,1,90
1683,118,2,784,4,4266,1,40
1684,118,2,785,7,4273,5,70
1685,118,2,786,3,4276,3,30
1686,118,2,787,7,4283,1,70
1687,118,2,788,7,4290,5,70
1688,118,2,789,7,4297,2,70
1689,118,2,790,2,4299,2,20
1690,118,2,791,7,4306,1,70
1691,118,2,792,7,4313,1,70
1692,118,2,793,8,4321,1,80
1693,118,2,794,3,4324,1,30
1694,118,2,795,8,4332,1,80
1695,118,2,796,9,4341,7,90
1696,118,2,797,3,4344,3,30
1697,118,2,798,9,4353,3,90
1698,118,2,799,3,4356,3,30
1699,118,2,800,6,4362,3,60
1700,118,2,801,3,4365,1,30
1701,118,2,802,6,4371,4,60
1702,118,2,803,8,4379,1,80
1703,118,2,804,7,4386,1,70
1704,118,2,805,9,4395,7,90
1705,118,2,806,7,4402,1,70
1706,118,2,807,6,4408,6,60
1707,118,2,808,2,4410,8,20
1708,118,2,809,4,4414,1,40
1709,118,2,810,7,4421,1,70
1710,118,2,811,6,4427,6,60
1711,118,2,812,9,4436,1,90
1712,118,2,813,9,4445,5,90
1713,118,2,814,5,4450,4,50
1714,118,2,815,9,4459,5,90
1715,118,2,816,8,4467,2,80
1716,118,2,817,3,4470,1,30
1717,118,2,818,5,4475,1,50
1718,118,2,819,6,4481,1,60
1719,118,2,820,5,4486,5,50
1720,118,2,821,4,4490,1,40
1721,118,2,822,4,4494,3,40
1722,118,2,823,7,4501,4,70
1723,118,2,824,9,4510,4,90
1724,118,2,825,5,4515,2,50
1725,118,2,826,8,4523,1,80
1726,118,2,827,6,4529,6,60
1727,118,2,828,2,4531,1,20
1728,118,2,829,2,4533,2,20
1729,118,2,830,7,4540,3,70
1730,118,2,831,6,4546,1,60
1731,118,2,832,3,4549,5,30
1732,118,2,833,5,4554,1,50
1733,118,2,834,5,4559,1,50
1734,118,2,835,4,4563,1,40
1735,118,2,836,5,4568,6,50
1736,118,2,837,9,4577,5,90
1737,118,2,838,6,4583,9,60
1738,118,2,839,9,4592,1,90
1739,118,2,840,3,4595,1,30
1740,118,2,841,7,4602,1,70
1741,118,2,842,5,4607,3,50
1742,118,2,843,9,4616,8,90
1743,118,2,844,8,4624,9,80
1744,118,2,845,4,4628,5,40
1745,118,2,846,4,4632,5,40
1746,118,2,847,9,4641,6,90
1747,118,2,848,5,4646,4,50
1748,118,2,849,3,4649,1,30
1749,118,2,850,7,4656,5,70
1750,118,2,851,2,4658,0,20
1751,118,2,852,4,4662,2,40
1752,118,2,853,3,4665,5,30
1753,118,2,854,9,4674,1,90
1754,118,2,855,7,4681,7,70
1755,118,2,856,4,4685,1,40
1756,118,2,857,2,4687,7,20
1757,118,2,858,7,4694,3,70
1758,118,2,859,9,4703,1,90
1759,118,2,860,4,4707,5,40
1760,118,2,861,8,4715,4,80
1761,118,2,862,8,4723,1,80
1762,118,2,863,7,4730,3,70
1763,118,2,864,5,4735,1,50
1764,118,2,865,2,4737,1,20
1765,118,2,866,4,4741,5,40
1766,118,2,867,8,4749,1,80
1767,118,2,868,9,4758,6,90
1768,118,2,869,8,4766,3,80
1769,118,2,870,5,4771,1,50
1770,118,2,871,8,4779,4,80
1771,118,2,872,4,4783,1,40
1772,118,2,873,9,4792,4,90
1773,118,2,874,4,4796,1,40
1774,118,2,875,6,4802,4,60
1775,118,2,876,4,4806,4,40
1776,118,2,877,7,4813,6,70
1777,118,2,878,6,4819,5,60
1778,118,2,879,6,4825,2,60
1779,118,2,880,2,4827,3,20
1780,118,2,881,8,4835,7,80
1781,118,2,882,3,4838,2,30
1782,118,2,883,7,4845,3,70
1783,118,2,884,4,4849,1,40
1784,118,2,885,2,4851,0,20
1785,118,2,886,6,4857,6,60
1786,118,2,887,3,4860,4,30
1787,118,2,888,2,4862,1,20
1788,118,2,889,9,4871,3,90
1789,118,2,890,6,4877,1,60
1790,118,2,891,6,4883,3,60
1791,118,2,892,9,4892,9,90
1792,118,2,893,8,4900,1,80
1793,118,2,894,2,4902,1,20
1794,118,2,895,5,4907,4,50
1795,118,2,896,9,4916,1,90
1796,118,2,897,8,4924,4,80
1797,118,2,898,5,4929,5,50
1798,118,2,899,2,4931,6,20
1799,118,2,900,9,4940,1,90
1800,118,2,901,4,4944,3,40
1801,118,2,902,8,4952,2,80
1802,118,2,903,9,4961,3,90
1803,118,2,904,4,4965,4,40
1804,118,2,905,2,4967,0,20
1805,118,2,906,8,4975,5,80
1806,118,2,907,9,4984,2,90
1807,118,2,908,8,4992,1,80
1808,118,2,909,2,4994,1,20
1809,118,3,1,3,3,1,30
1810,118,3,2,5,8,0,50
1811,118,3,3,9,17,0,90
1812,118,3,4,9,26,0,90
1813,118,3,5,8,34,3,80
1814,118,3,6,7,41,1,70
1815,118,3,7,2,43,1,20
1816,118,3,8,4,47,3,40
1817,118,3,9,8,55,1,80
1818,118,3,10,9,64,1,90
1819,118,3,11,7,71,3,70
1820,118,3,12,7,78,1,70
1821,118,3,13,5,83,4,50
1822,118,3,14,7,90,1,70
1823,118,3,15,4,94,3,40
1824,118,3,16,3,97,1,30
1825,118,3,17,5,102,2,50
1826,118,3,18,2,104,2,20
1827,118,3,19,9,113,4,90
1828,118,3,20,9,122,1,90
1829,118,3,21,8,130,1,80
1830,118,3,22,2,132,2,20
1831,118,3,23,2,134,5,20
1832,118,3,24,6,140,6,60
1833,118,3,25,2,142,1,20
1834,118,3,26,2,144,2,20
1835,118,3,27,9,153,3,90
1836,118,3,28,8,161,1,80
1837,118,3,29,2,163,1,20
1838,118,3,30,5,168,7,50
1839,118,3,31,2,170,2,20
1840,118,3,32,7,177,4,70
1841,118,3,33,9,186,1,90
1842,118,3,34,2,188,1,20
1843,118,3,35,6,194,4,60
1844,118,3,36,6,200,1,60
1845,118,3,37,4,204,3,40
1846,118,3,38,6,210,4,60
1847,118,3,39,6,216,7,60
1848,118,3,40,5,221,4,50
1849,118,3,41,4,225,1,40
1850,118,3,42,8,233,1,80
1851,118,3,43,5,238,2,50
1852,118,3,44,8,246,2,80
1853,118,3,45,5,251,1,50
1854,118,3,46,6,257,1,60
1855,118,3,47,4,261,6,40
1856,118,3,48,3,264,1,30
1857,118,3,49,5,269,1,50
1858,118,3,50,9,278,1,90
1859,118,3,51,3,281,1,30
1860,118,3,52,9,290,4,90
1861,118,3,53,6,296,1,60
1862,118,3,54,5,301,1,50
1863,118,3,55,9,310,1,90
1864,118,3,56,2,312,1,20
1865,118,3,57,9,321,1,90
1866,118,3,58,9,330,1,90
1867,118,3,59,3,333,1,30
1868,118,3,60,8,341,10,80
1869,118,3,61,5,346,1,50
1870,118,3,62,9,355,1,90
1871,118,3,63,2,357,1,20
1872,118,3,64,2,359,1,20
1873,118,3,65,9,368,8,90
1874,118,3,66,6,374,1,60
1875,118,3,67,9,383,1,90
1876,118,3,68,9,392,1,90
1877,118,3,69,5,397,1,50
1878,118,3,70,8,405,12,80
1879,118,3,71,7,412,1,70
1880,118,3,72,8,420,11,80
1881,118,3,73,2,422,6,20
1882,118,3,74,7,429,7,70
1883,118,3,75,5,434,8,50
1884,118,3,76,2,436,6,20
1885,118,3,77,3,439,7,30
1886,118,3,78,4,443,2,40
1887,118,3,79,5,448,1,50
1888,118,3,80,4,452,9,40
1889,118,3,81,5,457,1,50
1890,118,3,82,2,459,4,20
1891,118,3,83,7,466,1,70
1892,118,3,84,4,470,1,40
1893,118,3,85,9,479,1,90
1894,118,3,86,8,487,1,80
1895,118,3,87,3,490,2,30
1896,118,3,88,7,497,3,70
1897,118,3,89,3,500,2,30
1898,118,3,90,9,509,1,90
1899,118,3,91,9,518,8,90
1900,118,3,92,9,527,7,90
1901,118,3,93,2,529,3,20
1902,118,3,94,9,538,1,90
1903,118,3,95,2,540,4,20
1904,118,3,96,3,543,1,30
1905,118,3,97,2,545,5,20
1906,118,3,98,6,551,1,60
1907,118,3,99,7,558,5,70
1908,118,3,100,3,561,2,30
1909,118,3,101,2,563,1,20
1910,118,3,102,9,572,1,90
1911,118,3,103,7,579,3,70
1912,118,3,104,3,582,1,30
1913,118,3,105,5,587,3,50
1914,118,3,106,9,596,6,90
1915,118,3,107,9,605,1,90
1916,118,3,108,4,609,6,40
1917,118,3,109,5,614,1,50
1918,118,3,110,6,620,1,60
1919,118,3,111,2,622,5,20
1920,118,3,112,2,624,9,20
1921,118,3,113,2,626,2,20
1922,118,3,114,2,628,1,20
1923,118,3,115,3,631,1,30
1924,118,3,116,7,638,1,70
1925,118,3,117,3,641,1,30
1926,118,3,118,6,647,5,60
1927,118,3,119,2,649,4,20
1928,118,3,120,2,651,1,20
1929,118,3,121,6,657,3,60
1930,118,3,122,5,662,4,50
1931,118,3,123,5,667,0,50
1932,118,3,124,2,669,3,20
1933,118,3,125,8,677,1,80
1934,118,3,126,4,681,6,40
1935,118,3,127,6,687,1,60
1936,118,3,128,3,690,6,30
1937,118,3,129,8,698,1,80
1938,118,3,130,5,703,3,50
1939,118,3,131,3,706,1,30
1940,118,3,132,9,715,8,90
1941,118,3,133,3,718,3,30
1942,118,3,134,9,727,1,90
1943,118,3,135,2,729,1,20
1944,118,3,136,2,731,1,20
1945,118,3,137,4,735,1,40
1946,118,3,138,4,739,1,40
1947,118,3,139,2,741,7,20
1948,118,3,140,8,749,1,80
1949,118,3,141,7,756,1,70
1950,118,3,142,4,760,1,40
1951,118,3,143,8,768,8,80
1952,118,3,144,8,776,8,80
1953,118,3,145,8,784,1,80
1954,118,3,146,7,791,3,70
1955,118,3,147,7,798,2,70
1956,118,3,148,3,801,5,30
1957,118,3,149,3,804,1,30
1958,118,3,150,7,811,1,70
1959,118,3,151,9,820,4,90
1960,118,3,152,8,828,1,80
1961,118,3,153,6,834,2,60
1962,118,3,154,6,840,1,60
1963,118,3,155,9,849,5,90
1964,118,3,156,3,852,3,30
1965,118,3,157,4,856,5,40
1966,118,3,158,2,858,1,20
1967,118,3,159,8,866,1,80
1968,118,3,160,9,875,1,90
1969,118,3,161,8,883,3,80
1970,118,3,162,5,888,1,50
1971,118,3,163,5,893,6,50
1972,118,3,164,9,902,1,90
1973,118,3,165,9,911,1,90
1974,118,3,166,7,918,6,70
1975,118,3,167,7,925,7,70
1976,118,3,168,8,933,1,80
1977,118,3,169,7,940,2,70
1978,118,3,170,3,943,1,30
1979,118,3,171,4,947,2,40
1980,118,3,172,5,952,2,50
1981,118,3,173,6,958,1,60
1982,118,3,174,8,966,4,80
1983,118,3,175,4,970,1,40
1984,118,3,176,2,972,1,20
1985,118,3,177,3,975,2,30
1986,118,3,178,5,980,3,50
1987,118,3,179,3,983,1,30
1988,118,3,180,3,986,0,30
1989,118,3,181,4,990,4,40
1990,118,3,182,3,993,4,30
1991,118,3,183,3,996,2,30
1992,118,3,184,6,1002,1,60
1993,118,3,185,2,1004,1,20
1994,118,3,186,9,1013,4,90
1995,118,3,187,5,1018,4,50
1996,118,3,188,7,1025,5,70
1997,118,3,189,4,1029,3,40
1998,118,3,190,3,1032,3,30
1999,118,3,191,4,1036,1,40
2000,118,3,192,5,1041,1,50
2001,118,3,193,9,1050,3,90
2002,118,3,194,6,1056,0,60
2003,118,3,195,8,1064,4,80
2004,118,3,196,5,1069,6,50
2005,118,3,197,4,1073,3,40
2006,118,3,198,8,1081,10,80
2007,118,3,199,8,1089,5,80
2008,118,3,200,4,1093,2,40
2009,118,3,201,4,1097,5,40
2010,118,3,202,3,1100,1,30
2011,118,3,203,5,1105,1,50
2012,118,3,204,2,1107,1,20
2013,118,3,205,6,1113,1,60
2014,118,3,206,3,1116,4,30
2015,118,3,207,7,1123,2,70
2016,118,3,208,6,1129,5,60
2017,118,3,209,2,1131,1,20
2018,118,3,210,2,1133,4,20
2019,118,3,211,4,1137,4,40
2020,118,3,212,2,1139,2,20
2021,118,3,213,8,1147,1,80
2022,118,3,214,4,1151,3,40
2023,118,3,215,6,1157,1,60
2024,118,3,216,2,1159,1,20
2025,118,3,217,6,1165,1,60
2026,118,3,218,4,1169,3,40
2027,118,3,219,4,1173,2,40
2028,118,3,220,7,1180,5,70
2029,118,3,221,7,1187,4,70
2030,118,3,222,4,1191,4,40
2031,118,3,223,9,1200,2,90
2032,118,3,224,6,1206,1,60
2033,118,3,225,3,1209,1,30
2034,118,3,226,2,1211,4,20
2035,118,3,227,7,1218,2,70
2036,118,3,228,7,1225,2,70
2037,118,3,229,7,1232,2,70
2038,118,3,230,3,1235,1,30
2039,118,3,231,3,1238,1,30
2040,118,3,232,6,1244,1,60
2041,118,3,233,6,1250,1,60
2042,118,3,234,5,1255,2,50
2043,118,3,235,7,1262,4,70
2044,118,3,236,4,1266,1,40
2045,118,3,237,4,1270,3,40
2046,118,3,238,2,1272,5,20
2047,118,3,239,2,1274,0,20
2048,118,3,240,2,1276,1,20
2049,118,3,241,2,1278,0,20
2050,118,3,242,8,1286,4,80
2051,118,3,243,7,1293,1,70
2052,118,3,244,4,1297,1,40
2053,118,3,245,7,1304,2,70
2054,118,3,246,9,1313,4,90
2055,118,3,247,9,1322,4,90
2056,118,3,248,5,1327,3,50
2057,118,3,249,6,1333,2,60
2058,118,3,250,7,1340,1,70
2059,118,3,251,8,1348,1,80
2060,118,3,252,3,1351,6,30
2061,118,3,253,5,1356,3,50
2062,118,3,254,7,1363,4,70
2063,118,3,255,6,1369,1,60
2064,118,3,256,8,1377,2,80
2065,118,3,257,5,1382,3,50
2066,118,3,258,4,1386,1,40
2067,118,3,259,3,1389,0,30
2068,118,3,260,9,1398,6,90
2069,118,3,261,2,1400,7,20
2070,118,3,262,9,1409,1,90
2071,118,3,263,2,1411,1,20
2072,118,3,264,7,1418,6,70
2073,118,3,265,4,1422,2,40
2074,118,3,266,6,1428,1,60
2075,118,3,267,5,1433,1,50
2076,118,3,268,7,1440,4,70
2077,118,3,269,5,1445,1,50
2078,118,3,270,3,1448,1,30
2079,118,3,271,9,1457,2,90
2080,118,3,272,8,1465,3,80
2081,118,3,273,7,1472,3,70
2082,118,3,274,6,1478,2,60
2083,118,3,275,3,1481,3,30
2084,118,3,276,9,1490,6,90
2085,118,3,277,4,1494,2,40
2086,118,3,278,3,1497,1,30
2087,118,3,279,4,1501,5,40
2088,118,3,280,4,1505,1,40
2089,118,3,281,6,1511,1,60
2090,118,3,282,5,1516,5,50
2091,118,3,283,4,1520,4,40
2092,118,3,284,7,1527,1,70
2093,118,3,285,6,1533,2,60
2094,118,3,286,7,1540,1,70
2095,118,3,287,9,1549,4,90
2096,118,3,288,6,1555,1,60
2097,118,3,289,4,1559,7,40
2098,118,3,290,8,1567,3,80
2099,118,3,291,8,1575,6,80
2100,118,3,292,5,1580,2,50
2101,118,3,293,2,1582,0,20
2102,118,3,294,3,1585,1,30
2103,118,3,295,8,1593,1,80
2104,118,3,296,4,1597,1,40
2105,118,3,297,3,1600,1,30
2106,118,3,298,2,1602,1,20
2107,118,3,299,4,1606,4,40
2108,118,3,300,8,1614,1,80
2109,118,3,301,5,1619,6,50
2110,118,3,302,4,1623,4,40
2111,118,3,303,2,1625,2,20
2112,118,3,304,4,1629,2,40
2113,118,3,305,3,1632,1,30
2114,118,3,306,5,1637,4,50
2115,118,3,307,5,1642,4,50
2116,118,3,308,4,1646,1,40
2117,118,3,309,5,1651,6,50
2118,118,3,310,7,1658,4,70
2119,118,3,311,5,1663,1,50
2120,118,3,312,2,1665,3,20
2121,118,3,313,9,1674,1,90
2122,118,3,314,5,1679,1,50
2123,118,3,315,7,1686,1,70
2124,118,3,316,3,1689,4,30
2125,118,3,317,2,1691,2,20
2126,118,3,318,8,1699,3,80
2127,118,3,319,9,1708,3,90
2128,118,3,320,9,1717,4,90
2129,118,3,321,2,1719,1,20
2130,118,3,322,5,1724,2,50
2131,118,3,323,2,1726,1,20
2132,118,3,324,8,1734,1,80
2133,118,3,325,6,1740,5,60
2134,118,3,326,4,1744,9,40
2135,118,3,327,3,1747,3,30
2136,118,3,328,9,1756,1,90
2137,118,3,329,4,1760,7,40
2138,118,3,330,4,1764,4,40
2139,118,3,331,6,1770,4,60
2140,118,3,332,5,1775,1,50
2141,118,3,333,3,1778,1,30
2142,118,3,334,9,1787,1,90
2143,118,3,335,7,1794,4,70
2144,118,3,336,8,1802,1,80
2145,118,3,337,8,1810,1,80
2146,118,3,338,4,1814,1,40
2147,118,3,339,6,1820,1,60
2148,118,3,340,6,1826,6,60
2149,118,3,341,6,1832,4,60
2150,118,3,342,9,1841,4,90
2151,118,3,343,9,1850,8,90
2152,118,3,344,7,1857,5,70
2153,118,3,345,3,1860,1,30
2154,118,3,346,4,1864,5,40
2155,118,3,347,8,1872,4,80
2156,118,3,348,5,1877,2,50
2157,118,3,349,9,1886,1,90
2158,118,3,350,6,1892,1,60
2159,118,3,351,2,1894,13,20
2160,118,3,352,8,1902,3,80
2161,118,3,353,2,1904,4,20
2162,118,3,354,7,1911,4,70
2163,118,3,355,6,1917,2,60
2164,118,3,356,5,1922,1,50
2165,118,3,357,2,1924,5,20
2166,118,3,358,9,1933,1,90
2167,118,3,359,8,1941,6,80
2168,118,3,360,4,1945,1,40
2169,118,3,361,9,1954,4,90
2170,118,3,362,3,1957,4,30
2171,118,3,363,5,1962,3,50
2172,118,3,364,5,1967,3,50
2173,118,3,365,8,1975,2,80
2174,118,3,366,8,1983,3,80
2175,118,3,367,7,1990,7,70
2176,118,3,368,6,1996,2,60
2177,118,3,369,7,2003,5,70
2178,118,3,370,7,2010,2,70
2179,118,3,371,8,2018,4,80
2180,118,3,372,3,2021,1,30
2181,118,3,373,4,2025,1,40
2182,118,3,374,7,2032,1,70
2183,118,3,375,4,2036,7,40
2184,118,3,376,8,2044,2,80
2185,118,3,377,2,2046,1,20
2186,118,3,378,7,2053,1,70
2187,118,3,379,6,2059,7,60
2188,118,3,380,5,2064,4,50
2189,118,3,381,7,2071,7,70
2190,118,3,382,3,2074,1,30
2191,118,3,383,3,2077,2,30
2192,118,3,384,3,2080,3,30
2193,118,3,385,6,2086,3,60
2194,118,3,386,8,2094,8,80
2195,118,3,387,3,2097,2,30
2196,118,3,388,2,2099,1,20
2197,118,3,389,4,2103,2,40
2198,118,3,390,7,2110,2,70
2199,118,3,391,3,2113,2,30
2200,118,3,392,4,2117,1,40
2201,118,3,393,2,2119,2,20
2202,118,3,394,5,2124,1,50
2203,118,3,395,9,2133,6,90
2204,118,3,396,5,2138,1,50
2205,118,3,397,3,2141,1,30
2206,118,3,398,8,2149,4,80
2207,118,3,399,3,2152,3,30
2208,118,3,400,7,2159,5,70
2209,118,3,401,9,2168,8,90
2210,118,3,402,3,2171,1,30
2211,118,3,403,4,2175,1,40
2212,118,3,404,8,2183,3,80
2213,118,3,405,4,2187,3,40
2214,118,3,406,8,2195,7,80
2215,118,3,407,3,2198,1,30
2216,118,3,408,8,2206,6,80
2217,118,3,409,3,2209,1,30
2218,118,3,410,3,2212,6,30
2219,118,3,411,8,2220,3,80
2220,118,3,412,6,2226,2,60
2221,118,3,413,7,2233,1,70
2222,118,3,414,5,2238,1,50
2223,118,3,415,7,2245,1,70
2224,118,3,416,9,2254,8,90
2225,118,3,417,7,2261,3,70
2226,118,3,418,5,2266,7,50
2227,118,3,419,5,2271,3,50
2228,118,3,420,9,2280,5,90
2229,118,3,421,7,2287,5,70
2230,118,3,422,9,2296,2,90
2231,118,3,423,2,2298,1,20
2232,118,3,424,4,2302,1,40
2233,118,3,425,7,2309,1,70
2234,118,3,426,9,2318,1,90
2235,118,3,427,6,2324,5,60
2236,118,3,428,5,2329,1,50
2237,118,3,429,2,2331,4,20
2238,118,3,430,5,2336,3,50
2239,118,3,431,9,2345,9,90
2240,118,3,432,7,2352,3,70
2241,118,3,433,8,2360,1,80
2242,118,3,434,7,2367,1,70
2243,118,3,435,7,2374,1,70
2244,118,3,436,5,2379,2,50
2245,118,3,437,2,2381,1,20
2246,118,3,438,2,2383,4,20
2247,118,3,439,2,2385,1,20
2248,118,3,440,7,2392,5,70
2249,118,3,441,5,2397,1,50
2250,118,3,442,5,2402,1,50
2251,118,3,443,3,2405,1,30
2252,118,3,444,6,2411,4,60
2253,118,3,445,2,2413,1,20
2254,118,3,446,3,2416,6,30
2255,118,3,447,6,2422,2,60
2256,118,3,448,9,2431,2,90
2257,118,3,449,2,2433,1,20
2258,118,3,450,3,2436,1,30
2259,118,3,451,2,2438,3,20
2260,118,3,452,3,2441,1,30
2261,118,3,453,7,2448,1,70
2262,118,3,454,7,2455,3,70
2263,118,3,455,5,2460,3,50
2264,118,3,456,9,2469,4,90
2265,118,3,457,7,2476,3,70
2266,118,3,458,7,2483,7,70
2267,118,3,459,2,2485,1,20
2268,118,3,460,7,2492,3,70
2269,118,3,461,7,2499,5,70
2270,118,3,462,6,2505,1,60
2271,118,3,463,5,2510,2,50
2272,118,3,464,7,2517,3,70
2273,118,3,465,2,2519,1,20
2274,118,3,466,6,2525,3,60
2275,118,3,467,6,2531,4,60
2276,118,3,468,6,2537,1,60
2277,118,3,469,4,2541,1,40
2278,118,3,470,4,2545,1,40
2279,118,3,471,2,2547,1,20
2280,118,3,472,7,2554,8,70
2281,118,3,473,5,2559,3,50
2282,118,3,474,7,2566,3,70
2283,118,3,475,4,2570,4,40
2284,118,3,476,6,2576,2,60
2285,118,3,477,9,2585,3,90
2286,118,3,478,9,2594,6,90
2287,118,3,479,2,2596,1,20
2288,118,3,480,2,2598,3,20
2289,118,3,481,3,2601,1,30
2290,118,3,482,3,2604,4,30
2291,118,3,483,2,2606,1,20
2292,118,3,484,7,2613,6,70
2293,118,3,485,8,2621,2,80
2294,118,3,486,3,2624,2,30
2295,118,3,487,6,2630,1,60
2296,118,3,488,8,2638,1,80
2297,118,3,489,6,2644,1,60
2298,118,3,490,4,2648,1,40
2299,118,3,491,2,2650,1,20
2300,118,3,492,8,2658,5,80
2301,118,3,493,5,2663,5,50
2302,118,3,494,5,2668,5,50
2303,118,3,495,4,2672,1,40
2304,118,3,496,7,2679,5,70
2305,118,3,497,3,2682,1,30
2306,118,3,498,2,2684,4,20
2307,118,3,499,4,2688,1,40
2308,118,3,500,3,2691,5,30
2309,118,3,501,9,2700,1,90
2310,118,3,502,8,2708,3,80
2311,118,3,503,8,2716,1,80
2312,118,3,504,8,2724,1,80
2313,118,3,505,7,2731,7,70
2314,118,3,506,8,2739,8,80
2315,118,3,507,6,2745,3,60
2316,118,3,508,5,2750,1,50
2317,118,3,509,5,2755,2,50
2318,118,3,510,7,2762,1,70
2319,118,3,511,2,2764,7,20
2320,118,3,512,3,2767,5,30
2321,118,3,513,7,2774,1,70
2322,118,3,514,3,2777,1,30
2323,118,3,515,7,2784,1,70
2324,118,3,516,6,2790,1,60
2325,118,3,517,8,2798,2,80
2326,118,3,518,6,2804,4,60
2327,118,3,519,8,2812,1,80
2328,118,3,520,5,2817,1,50
2329,118,3,521,9,2826,6,90
2330,118,3,522,7,2833,3,70
2331,118,3,523,9,2842,3,90
2332,118,3,524,8,2850,7,80
2333,118,3,525,3,2853,1,30
2334,118,3,526,9,2862,4,90
2335,118,3,527,6,2868,7,60
2336,118,3,528,5,2873,1,50
2337,118,3,529,6,2879,1,60
2338,118,3,530,7,2886,7,70
2339,118,3,531,5,2891,0,50
2340,118,3,532,7,2898,1,70
2341,118,3,533,4,2902,2,40
2342,118,3,534,5,2907,1,50
2343,118,3,535,3,2910,1,30
2344,118,3,536,3,2913,5,30
2345,118,3,537,8,2921,3,80
2346,118,3,538,5,2926,2,50
2347,118,3,539,7,2933,3,70
2348,118,3,540,2,2935,3,20
2349,118,3,541,3,2938,5,30
2350,118,3,542,4,2942,3,40
2351,118,3,543,7,2949,1,70
2352,118,3,544,6,2955,1,60
2353,118,3,545,6,2961,6,60
2354,118,3,546,5,2966,4,50
2355,118,3,547,4,2970,8,40
2356,118,3,548,7,2977,0,70
2357,118,3,549,6,2983,4,60
2358,118,3,550,3,2986,3,30
2359,118,3,551,5,2991,3,50
2360,118,3,552,7,2998,3,70
2361,118,3,553,3,3001,2,30
2362,118,3,554,7,3008,1,70
2363,118,3,555,5,3013,1,50
2364,118,3,556,6,3019,3,60
2365,118,3,557,7,3026,6,70
2366,118,3,558,8,3034,7,80
2367,118,3,559,8,3042,1,80
2368,118,3,560,8,3050,6,80
2369,118,3,561,9,3059,2,90
2370,118,3,562,7,3066,1,70
2371,118,3,563,6,3072,1,60
2372,118,3,564,3,3075,1,30
2373,118,3,565,6,3081,3,60
2374,118,3,566,3,3084,4,30
2375,118,3,567,9,3093,5,90
2376,118,3,568,3,3096,1,30
2377,118,3,569,6,3102,1,60
2378,118,3,570,7,3109,1,70
2379,118,3,571,4,3113,1,40
2380,118,3,572,5,3118,3,50
2381,118,3,573,4,3122,4,40
2382,118,3,574,9,3131,4,90
2383,118,3,575,9,3140,1,90
2384,118,3,576,4,3144,6,40
2385,118,3,577,6,3150,1,60
2386,118,3,578,2,3152,5,20
2387,118,3,579,3,3155,3,30
2388,118,3,580,5,3160,1,50
2389,118,3,581,5,3165,1,50
2390,118,3,582,8,3173,3,80
2391,118,3,583,8,3181,1,80
2392,118,3,584,5,3186,4,50
2393,118,3,585,2,3188,1,20
2394,118,3,586,7,3195,2,70
2395,118,3,587,4,3199,3,40
2396,118,3,588,6,3205,4,60
2397,118,3,589,4,3209,1,40
2398,118,3,590,9,3218,6,90
2399,118,3,591,4,3222,1,40
2400,118,3,592,2,3224,1,20
2401,118,3,593,2,3226,1,20
2402,118,3,594,2,3228,1,20
2403,118,3,595,7,3235,0,70
2404,118,3,596,4,3239,1,40
2405,118,3,597,2,3241,4,20
2406,118,3,598,2,3243,4,20
2407,118,3,599,8,3251,1,80
2408,118,3,600,9,3260,4,90
2409,118,3,601,6,3266,1,60
2410,118,3,602,4,3270,2,40
2411,118,3,603,4,3274,4,40
2412,118,3,604,9,3283,1,90
2413,118,3,605,8,3291,2,80
2414,118,3,606,7,3298,5,70
2415,118,3,607,8,3306,3,80
2416,118,3,608,4,3310,1,40
2417,118,3,609,6,3316,4,60
2418,118,3,610,8,3324,8,80
2419,118,3,611,3,3327,1,30
2420,118,3,612,8,3335,1,80
2421,118,3,613,5,3340,1,50
2422,118,3,614,4,3344,6,40
2423,118,3,615,4,3348,1,40
2424,118,3,616,6,3354,7,60
2425,118,3,617,5,3359,3,50
2426,118,3,618,6,3365,1,60
2427,118,3,619,3,3368,4,30
2428,118,3,620,8,3376,3,80
2429,118,3,621,4,3380,1,40
2430,118,3,622,9,3389,1,90
2431,118,3,623,5,3394,1,50
2432,118,3,624,2,3396,1,20
2433,118,3,625,5,3401,1,50
2434,118,3,626,7,3408,1,70
2435,118,3,627,9,3417,6,90
2436,118,3,628,7,3424,8,70
2437,118,3,629,9,3433,10,90
2438,118,3,630,8,3441,1,80
2439,118,3,631,3,3444,1,30
2440,118,3,632,9,3453,1,90
2441,118,3,633,5,3458,6,50
2442,118,3,634,9,3467,1,90
2443,118,3,635,5,3472,1,50
2444,118,3,636,2,3474,5,20
2445,118,3,637,6,3480,5,60
2446,118,3,638,3,3483,6,30
2447,118,3,639,7,3490,3,70
2448,118,3,640,7,3497,4,70
2449,118,3,641,4,3501,1,40
2450,118,3,642,4,3505,6,40
2451,118,3,643,9,3514,8,90
2452,118,3,644,2,3516,1,20
2453,118,3,645,7,3523,1,70
2454,118,3,646,2,3525,1,20
2455,118,3,647,6,3531,4,60
2456,118,3,648,6,3537,7,60
2457,118,3,649,8,3545,7,80
2458,118,3,650,4,3549,1,40
2459,118,3,651,8,3557,1,80
2460,118,3,652,9,3566,5,90
2461,118,3,653,4,3570,6,40
2462,118,3,654,3,3573,4,30
2463,118,3,655,5,3578,0,50
2464,118,3,656,8,3586,3,80
2465,118,3,657,7,3593,1,70
2466,118,3,658,6,3599,3,60
2467,118,3,659,8,3607,1,80
2468,118,3,660,5,3612,1,50
2469,118,3,661,7,3619,4,70
2470,118,3,662,8,3627,3,80
2471,118,3,663,2,3629,1,20
2472,118,3,664,5,3634,4,50
2473,118,3,665,8,3642,1,80
2474,118,3,666,4,3646,5,40
2475,118,3,667,2,3648,1,20
2476,118,3,668,6,3654,6,60
2477,118,3,669,2,3656,1,20
2478,118,3,670,3,3659,1,30
2479,118,3,671,2,3661,4,20
2480,118,3,672,3,3664,1,30
2481,118,3,673,2,3666,2,20
2482,118,3,674,2,3668,0,20
2483,118,3,675,7,3675,1,70
2484,118,3,676,2,3677,1,20
2485,118,3,677,9,3686,1,90
2486,118,3,678,6,3692,4,60
2487,118,3,679,5,3697,1,50
2488,118,3,680,9,3706,1,90
2489,118,3,681,4,3710,3,40
2490,118,3,682,6,3716,2,60
2491,118,3,683,6,3722,2,60
2492,118,3,684,7,3729,1,70
2493,118,3,685,3,3732,1,30
2494,118,3,686,4,3736,1,40
2495,118,3,687,5,3741,1,50
2496,118,3,688,9,3750,1,90
2497,118,3,689,7,3757,1,70
2498,118,3,690,7,3764,2,70
2499,118,3,691,2,3766,1,20
2500,118,3,692,3,3769,6,30
2501,118,3,693,6,3775,1,60
2502,118,3,694,2,3777,10,20
2503,118,3,695,3,3780,6,30
2504,118,3,696,2,3782,1,20
2505,118,3,697,7,3789,9,70
2506,118,3,698,3,3792,4,30
2507,118,3,699,8,3800,4,80
2508,118,3,700,5,3805,0,50
2509,118,3,701,8,3813,1,80
2510,118,3,702,7,3820,6,70
2511,118,3,703,9,3829,1,90
2512,118,3,704,5,3834,3,50
2513,118,3,705,6,3840,1,60
2514,118,3,706,6,3846,1,60
2515,118,3,707,7,3853,5,70
2516,118,3,708,7,3860,1,70
2517,118,3,709,8,3868,6,80
2518,118,3,710,2,3870,1,20
2519,118,3,711,3,3873,1,30
2520,118,3,712,3,3876,4,30
2521,118,3,713,4,3880,2,40
2522,118,3,714,5,3885,4,50
2523,118,3,715,6,3891,1,60
2524,118,3,716,3,3894,3,30
2525,118,3,717,5,3899,7,50
2526,118,3,718,4,3903,2,40
2527,118,3,719,4,3907,7,40
2528,118,3,720,7,3914,5,70
2529,118,3,721,2,3916,1,20
2530,118,3,722,9,3925,2,90
2531,118,3,723,4,3929,1,40
2532,118,3,724,2,3931,1,20
2533,118,3,725,4,3935,1,40
2534,118,3,726,6,3941,4,60
2535,118,3,727,2,3943,5,20
2536,118,3,728,8,3951,3,80
2537,118,3,729,6,3957,1,60
2538,118,3,730,5,3962,3,50
2539,118,3,731,3,3965,3,30
2540,118,3,732,4,3969,1,40
2541,118,3,733,7,3976,4,70
2542,118,3,734,3,3979,2,30
2543,118,3,735,6,3985,2,60
2544,118,3,736,4,3989,4,40
2545,118,3,737,5,3994,1,50
2546,118,3,738,8,4002,1,80
2547,118,3,739,7,4009,1,70
2548,118,3,740,8,4017,7,80
2549,118,3,741,9,4026,2,90
2550,118,3,742,5,4031,4,50
2551,118,3,743,4,4035,2,40
2552,118,3,744,9,4044,3,90
2553,118,3,745,7,4051,1,70
2554,118,3,746,6,4057,1,60
2555,118,3,747,3,4060,4,30
2556,118,3,748,7,4067,1,70
2557,118,3,749,9,4076,0,90
2558,118,3,750,3,4079,1,30
2559,118,3,751,2,4081,1,20
2560,118,3,752,7,4088,1,70
2561,118,3,753,5,4093,1,50
2562,118,3,754,4,4097,5,40
2563,118,3,755,7,4104,4,70
2564,118,3,756,4,4108,1,40
2565,118,3,757,3,4111,1,30
2566,118,3,758,2,4113,4,20
2567,118,3,759,6,4119,1,60
2568,118,3,760,4,4123,6,40
2569,118,3,761,7,4130,2,70
2570,118,3,762,7,4137,3,70
2571,118,3,763,6,4143,3,60
2572,118,3,764,3,4146,3,30
2573,118,3,765,8,4154,5,80
2574,118,3,766,9,4163,1,90
2575,118,3,767,2,4165,4,20
2576,118,3,768,7,4172,2,70
2577,118,3,769,3,4175,1,30
2578,118,3,770,4,4179,1,40
2579,118,3,771,5,4184,1,50
2580,118,3,772,7,4191,9,70
2581,118,3,773,2,4193,8,20
2582,118,3,774,4,4197,5,40
2583,118,3,775,4,4201,7,40
2584,118,3,776,2,4203,3,20
2585,118,3,777,8,4211,3,80
2586,118,3,778,8,4219,2,80
2587,118,3,779,2,4221,1,20
2588,118,3,780,6,4227,3,60
2589,118,3,781,4,4231,1,40
2590,118,3,782,2,4233,3,20
2591,118,3,783,9,4242,3,90
2592,118,3,784,5,4247,2,50
2593,118,3,785,2,4249,4,20
2594,118,3,786,7,4256,1,70
2595,118,3,787,4,4260,1,40
2596,118,3,788,3,4263,1,30
2597,118,3,789,9,4272,1,90
2598,118,3,790,9,4281,4,90
2599,118,3,791,7,4288,3,70
2600,118,3,792,7,4295,4,70
2601,118,3,793,2,4297,6,20
2602,118,3,794,8,4305,2,80
2603,118,3,795,4,4309,2,40
2604,118,3,796,3,4312,4,30
2605,118,3,797,5,4317,7,50
2606,118,3,798,6,4323,1,60
2607,118,3,799,3,4326,1,30
2608,118,3,800,2,4328,2,20
2609,118,3,801,6,4334,3,60
2610,118,3,802,5,4339,1,50
2611,118,3,803,6,4345,3,60
2612,118,3,804,4,4349,6,40
2613,118,3,805,8,4357,4,80
2614,118,3,806,8,4365,2,80
2615,118,3,807,7,4372,3,70
2616,118,3,808,7,4379,7,70
2617,118,3,809,6,4385,1,60
2618,118,3,810,9,4394,3,90
2619,118,3,811,4,4398,3,40
2620,118,3,812,5,4403,5,50
2621,118,3,813,3,4406,1,30
2622,118,3,814,8,4414,2,80
2623,118,3,815,5,4419,1,50
2624,118,3,816,2,4421,4,20
2625,118,3,817,7,4428,1,70
2626,118,3,818,8,4436,1,80
2627,118,3,819,2,4438,2,20
2628,118,3,820,2,4440,1,20
2629,118,3,821,3,4443,11,30
2630,118,3,822,4,4447,2,40
2631,118,3,823,7,4454,1,70
2632,118,3,824,8,4462,8,80
2633,118,3,825,4,4466,3,40
2634,118,3,826,7,4473,3,70
2635,118,3,827,4,4477,7,40
2636,118,3,828,5,4482,1,50
2637,118,3,829,7,4489,5,70
2638,118,3,830,2,4491,1,20
2639,118,3,831,4,4495,2,40
2640,118,3,832,8,4503,1,80
2641,118,3,833,7,4510,3,70
2642,118,3,834,7,4517,4,70
2643,118,3,835,7,4524,2,70
2644,118,3,836,8,4532,1,80
2645,118,3,837,5,4537,4,50
2646,118,3,838,2,4539,1,20
2647,118,3,839,5,4544,5,50
2648,118,3,840,7,4551,1,70
2649,118,3,841,7,4558,4,70
2650,118,3,842,4,4562,3,40
2651,118,3,843,5,4567,2,50
2652,118,3,844,3,4570,3,30
2653,118,3,845,9,4579,3,90
2654,118,3,846,9,4588,3,90
2655,118,3,847,8,4596,2,80
2656,118,3,848,5,4601,3,50
2657,118,3,849,4,4605,2,40
2658,118,3,850,6,4611,1,60
2659,118,3,851,7,4618,1,70
2660,118,3,852,9,4627,1,90
2661,118,3,853,5,4632,1,50
2662,118,3,854,8,4640,7,80
2663,118,3,855,2,4642,1,20
2664,118,3,856,4,4646,2,40
2665,118,3,857,6,4652,1,60
2666,118,3,858,5,4657,1,50
2667,118,3,859,2,4659,6,20
2668,118,3,860,2,4661,1,20
2669,118,3,861,5,4666,1,50
2670,118,3,862,6,4672,5,60
2671,118,3,863,2,4674,1,20
2672,118,3,864,6,4680,1,60
2673,118,3,865,4,4684,3,40
2674,118,3,866,4,4688,6,40
2675,118,3,867,7,4695,1,70
2676,118,3,868,9,4704,2,90
2677,118,3,869,7,4711,7,70
2678,118,3,870,2,4713,2,20
2679,118,3,871,4,4717,2,40
2680,118,3,872,4,4721,3,40
2681,118,3,873,8,4729,1,80
2682,118,3,874,4,4733,0,40
2683,118,3,875,3,4736,2,30
2684,118,3,876,3,4739,1,30
2685,118,3,877,4,4743,3,40
2686,118,3,878,5,4748,6,50
2687,118,3,879,3,4751,2,30
2688,118,3,880,2,4753,1,20
2689,118,3,881,6,4759,2,60
2690,118,3,882,2,4761,2,20
2691,118,3,883,7,4768,3,70
2692,118,3,884,4,4772,3,40
2693,118,3,885,5,4777,1,50
2694,118,3,886,2,4779,2,20
2695,118,3,887,4,4783,2,40
2696,118,3,888,3,4786,3,30
2697,118,3,889,7,4793,1,70
2698,118,3,890,7,4800,3,70
2699,118,3,891,9,4809,1,90
2700,118,3,892,6,4815,5,60
2701,118,3,893,9,4824,1,90
2702,118,3,894,3,4827,1,30
2703,118,3,895,9,4836,3,90
2704,118,3,896,6,4842,6,60
2705,118,3,897,2,4844,1,20
2706,118,3,898,2,4846,2,20
2707,118,3,899,7,4853,1,70
2708,118,3,900,4,4857,4,40
2709,118,3,901,4,4861,3,40
2710,118,3,902,2,4863,2,20
2711,118,3,903,9,4872,4,90
2712,118,3,904,5,4877,1,50
2713,118,3,905,9,4886,4,90
2714,118,3,906,6,4892,4,60
2715,118,3,907,5,4897,7,50
2716,118,3,908,6,4903,1,60
2717,118,3,909,8,4911,1,80
2718,118,3,910,5,4916,1,50
2719,118,3,911,7,4923,5,70
2720,118,3,912,2,4925,2,20
2721,118,3,913,2,4927,1,20
2722,118,3,914,5,4932,1,50
2723,118,3,915,9,4941,5,90
2724,118,3,916,8,4949,3,80
2725,118,3,917,3,4952,4,30
2726,118,3,918,5,4957,3,50
2727,118,3,919,9,4966,1,90
2728,118,3,920,9,4975,3,90
2729,118,3,921,2,4977,6,20
2730,118,3,922,8,4985,1,80
2731,118,3,923,9,4994,7,90
2732,118,3,924,4,4998,1,40
