,Scenario,Trial,Inspection,Interval,Time,Defects,Rate
0,60,1,1,8,8,1,80
1,60,1,2,7,15,0,70
2,60,1,3,3,18,1,30
3,60,1,4,8,26,1,80
4,60,1,5,6,32,2,60
5,60,1,6,6,38,1,60
6,60,1,7,2,40,1,20
7,60,1,8,7,47,1,70
8,60,1,9,5,52,3,50
9,60,1,10,9,61,0,90
10,60,1,11,4,65,1,40
11,60,1,12,5,70,1,50
12,60,1,13,6,76,3,60
13,60,1,14,9,85,3,90
14,60,1,15,7,92,1,70
15,60,1,16,6,98,3,60
16,60,1,17,7,105,3,70
17,60,1,18,8,113,5,80
18,60,1,19,9,122,2,90
19,60,1,20,8,130,2,80
20,60,1,21,7,137,4,70
21,60,1,22,7,144,7,70
22,60,1,23,8,152,5,80
23,60,1,24,9,161,3,90
24,60,1,25,8,169,6,80
25,60,1,26,7,176,1,70
26,60,1,27,8,184,10,80
27,60,1,28,3,187,4,30
28,60,1,29,8,195,5,80
29,60,1,30,7,202,4,70
30,60,1,31,5,207,1,50
31,60,1,32,9,216,6,90
32,60,1,33,2,218,2,20
33,60,1,34,6,224,5,60
34,60,1,35,9,233,1,90
35,60,1,36,4,237,2,40
36,60,1,37,4,241,3,40
37,60,1,38,7,248,7,70
38,60,1,39,6,254,1,60
39,60,1,40,5,259,3,50
40,60,1,41,2,261,4,20
41,60,1,42,6,267,2,60
42,60,1,43,4,271,1,40
43,60,1,44,2,273,1,20
44,60,1,45,4,277,0,40
45,60,1,46,3,280,1,30
46,60,1,47,4,284,1,40
47,60,1,48,6,290,1,60
48,60,1,49,7,297,2,70
49,60,1,50,4,301,2,40
50,60,1,51,9,310,1,90
51,60,1,52,2,312,1,20
52,60,1,53,9,321,2,90
53,60,1,54,7,328,3,70
54,60,1,55,6,334,2,60
55,60,1,56,7,341,2,70
56,60,1,57,8,349,1,80
57,60,1,58,6,355,5,60
58,60,1,59,9,364,3,90
59,60,1,60,2,366,6,20
60,60,1,61,7,373,1,70
61,60,1,62,8,381,2,80
62,60,1,63,7,388,2,70
63,60,1,64,2,390,3,20
64,60,1,65,4,394,6,40
65,60,1,66,3,397,5,30
66,60,1,67,3,400,2,30
67,60,1,68,6,406,4,60
68,60,1,69,2,408,2,20
69,60,1,70,4,412,2,40
70,60,1,71,9,421,4,90
71,60,1,72,6,427,2,60
72,60,1,73,9,436,3,90
73,60,1,74,3,439,1,30
74,60,1,75,4,443,3,40
75,60,1,76,9,452,4,90
76,60,1,77,2,454,3,20
77,60,1,78,7,461,1,70
78,60,1,79,7,468,0,70
79,60,1,80,7,475,4,70
80,60,1,81,5,480,4,50
81,60,1,82,6,486,5,60
82,60,1,83,4,490,0,40
83,60,1,84,6,496,0,60
84,60,1,85,8,504,1,80
85,60,1,86,8,512,1,80
86,60,1,87,4,516,5,40
87,60,1,88,9,525,1,90
88,60,1,89,3,528,7,30
89,60,1,90,8,536,1,80
90,60,1,91,5,541,4,50
91,60,1,92,5,546,1,50
92,60,1,93,3,549,8,30
93,60,1,94,3,552,1,30
94,60,1,95,8,560,6,80
95,60,1,96,4,564,1,40
96,60,1,97,7,571,4,70
97,60,1,98,8,579,6,80
98,60,1,99,6,585,1,60
99,60,1,100,8,593,4,80
100,60,1,101,8,601,2,80
101,60,1,102,2,603,2,20
102,60,1,103,5,608,1,50
103,60,1,104,9,617,1,90
104,60,1,105,7,624,2,70
105,60,1,106,4,628,3,40
106,60,1,107,3,631,1,30
107,60,1,108,3,634,2,30
108,60,1,109,3,637,4,30
109,60,1,110,3,640,1,30
110,60,1,111,8,648,1,80
111,60,1,112,5,653,3,50
112,60,1,113,5,658,5,50
113,60,1,114,8,666,2,80
114,60,1,115,4,670,3,40
115,60,1,116,5,675,6,50
116,60,1,117,7,682,5,70
117,60,1,118,7,689,1,70
118,60,1,119,5,694,1,50
119,60,1,120,4,698,2,40
120,60,1,121,9,707,2,90
121,60,1,122,6,713,5,60
122,60,1,123,9,722,5,90
123,60,1,124,8,730,1,80
124,60,1,125,3,733,1,30
125,60,1,126,2,735,2,20
126,60,1,127,3,738,1,30
127,60,1,128,7,745,4,70
128,60,1,129,2,747,5,20
129,60,1,130,8,755,1,80
130,60,1,131,5,760,1,50
131,60,1,132,3,763,1,30
132,60,1,133,7,770,7,70
133,60,1,134,8,778,5,80
134,60,1,135,5,783,2,50
135,60,1,136,2,785,5,20
136,60,1,137,3,788,2,30
137,60,1,138,8,796,1,80
138,60,1,139,5,801,6,50
139,60,1,140,9,810,3,90
140,60,1,141,3,813,5,30
141,60,1,142,9,822,6,90
142,60,1,143,3,825,3,30
143,60,1,144,6,831,4,60
144,60,1,145,8,839,6,80
145,60,1,146,5,844,5,50
146,60,1,147,4,848,1,40
147,60,1,148,9,857,5,90
148,60,1,149,8,865,1,80
149,60,1,150,2,867,1,20
150,60,1,151,7,874,4,70
151,60,1,152,6,880,1,60
152,60,1,153,8,888,4,80
153,60,1,154,5,893,3,50
154,60,1,155,2,895,3,20
155,60,1,156,4,899,1,40
156,60,1,157,4,903,2,40
157,60,1,158,5,908,1,50
158,60,1,159,6,914,1,60
159,60,1,160,5,919,1,50
160,60,1,161,5,924,2,50
161,60,1,162,6,930,1,60
162,60,1,163,3,933,2,30
163,60,1,164,8,941,3,80
164,60,1,165,4,945,0,40
165,60,1,166,9,954,2,90
166,60,1,167,9,963,2,90
167,60,1,168,8,971,3,80
168,60,1,169,8,979,5,80
169,60,1,170,7,986,2,70
170,60,1,171,6,992,1,60
171,60,1,172,5,997,1,50
172,60,1,173,9,1006,5,90
173,60,1,174,3,1009,3,30
174,60,1,175,7,1016,1,70
175,60,1,176,8,1024,4,80
176,60,1,177,6,1030,5,60
177,60,1,178,3,1033,3,30
178,60,1,179,2,1035,2,20
179,60,1,180,3,1038,3,30
180,60,1,181,5,1043,2,50
181,60,1,182,3,1046,2,30
182,60,1,183,4,1050,4,40
183,60,1,184,3,1053,1,30
184,60,1,185,7,1060,5,70
185,60,1,186,7,1067,3,70
186,60,1,187,5,1072,1,50
187,60,1,188,6,1078,1,60
188,60,1,189,8,1086,2,80
189,60,1,190,4,1090,0,40
190,60,1,191,7,1097,4,70
191,60,1,192,8,1105,4,80
192,60,1,193,7,1112,1,70
193,60,1,194,4,1116,1,40
194,60,1,195,6,1122,9,60
195,60,1,196,7,1129,2,70
196,60,1,197,7,1136,5,70
197,60,1,198,9,1145,4,90
198,60,1,199,4,1149,7,40
199,60,1,200,9,1158,3,90
200,60,1,201,8,1166,5,80
201,60,1,202,9,1175,1,90
202,60,1,203,6,1181,2,60
203,60,1,204,6,1187,3,60
204,60,1,205,5,1192,1,50
205,60,1,206,4,1196,2,40
206,60,1,207,2,1198,1,20
207,60,1,208,8,1206,0,80
208,60,1,209,6,1212,1,60
209,60,1,210,7,1219,3,70
210,60,1,211,6,1225,1,60
211,60,1,212,7,1232,1,70
212,60,1,213,9,1241,3,90
213,60,1,214,7,1248,1,70
214,60,1,215,9,1257,2,90
215,60,1,216,2,1259,3,20
216,60,1,217,2,1261,4,20
217,60,1,218,2,1263,1,20
218,60,1,219,7,1270,1,70
219,60,1,220,4,1274,7,40
220,60,1,221,6,1280,2,60
221,60,1,222,9,1289,6,90
222,60,1,223,7,1296,1,70
223,60,1,224,4,1300,1,40
224,60,1,225,6,1306,6,60
225,60,1,226,4,1310,1,40
226,60,1,227,5,1315,1,50
227,60,1,228,4,1319,2,40
228,60,1,229,9,1328,3,90
229,60,1,230,6,1334,7,60
230,60,1,231,3,1337,1,30
231,60,1,232,8,1345,2,80
232,60,1,233,8,1353,6,80
233,60,1,234,6,1359,2,60
234,60,1,235,6,1365,5,60
235,60,1,236,2,1367,5,20
236,60,1,237,3,1370,3,30
237,60,1,238,3,1373,1,30
238,60,1,239,6,1379,3,60
239,60,1,240,5,1384,3,50
240,60,1,241,4,1388,2,40
241,60,1,242,3,1391,1,30
242,60,1,243,6,1397,5,60
243,60,1,244,6,1403,1,60
244,60,1,245,8,1411,1,80
245,60,1,246,3,1414,2,30
246,60,1,247,9,1423,6,90
247,60,1,248,3,1426,3,30
248,60,1,249,5,1431,6,50
249,60,1,250,5,1436,1,50
250,60,1,251,3,1439,8,30
251,60,1,252,9,1448,2,90
252,60,1,253,6,1454,3,60
253,60,1,254,8,1462,1,80
254,60,1,255,8,1470,4,80
255,60,1,256,9,1479,2,90
256,60,1,257,5,1484,3,50
257,60,1,258,8,1492,1,80
258,60,1,259,8,1500,5,80
259,60,1,260,9,1509,6,90
260,60,1,261,4,1513,6,40
261,60,1,262,8,1521,1,80
262,60,1,263,2,1523,1,20
263,60,1,264,3,1526,4,30
264,60,1,265,2,1528,4,20
265,60,1,266,8,1536,2,80
266,60,1,267,5,1541,1,50
267,60,1,268,3,1544,7,30
268,60,1,269,8,1552,1,80
269,60,1,270,4,1556,6,40
270,60,1,271,3,1559,6,30
271,60,1,272,9,1568,3,90
272,60,1,273,4,1572,1,40
273,60,1,274,4,1576,5,40
274,60,1,275,6,1582,4,60
275,60,1,276,6,1588,0,60
276,60,1,277,9,1597,4,90
277,60,1,278,9,1606,2,90
278,60,1,279,5,1611,2,50
279,60,1,280,2,1613,4,20
280,60,1,281,2,1615,4,20
281,60,1,282,9,1624,4,90
282,60,1,283,4,1628,4,40
283,60,1,284,5,1633,2,50
284,60,1,285,5,1638,1,50
285,60,1,286,8,1646,2,80
286,60,1,287,3,1649,5,30
287,60,1,288,9,1658,4,90
288,60,1,289,3,1661,0,30
289,60,1,290,6,1667,2,60
290,60,1,291,9,1676,8,90
291,60,1,292,8,1684,5,80
292,60,1,293,5,1689,2,50
293,60,1,294,8,1697,1,80
294,60,1,295,3,1700,2,30
295,60,1,296,9,1709,2,90
296,60,1,297,8,1717,3,80
297,60,1,298,3,1720,2,30
298,60,1,299,7,1727,4,70
299,60,1,300,9,1736,4,90
300,60,1,301,9,1745,6,90
301,60,1,302,5,1750,4,50
302,60,1,303,2,1752,5,20
303,60,1,304,2,1754,3,20
304,60,1,305,6,1760,2,60
305,60,1,306,9,1769,6,90
306,60,1,307,7,1776,5,70
307,60,1,308,4,1780,4,40
308,60,1,309,5,1785,3,50
309,60,1,310,2,1787,3,20
310,60,1,311,4,1791,1,40
311,60,1,312,2,1793,5,20
312,60,1,313,3,1796,1,30
313,60,1,314,6,1802,2,60
314,60,1,315,4,1806,1,40
315,60,1,316,9,1815,2,90
316,60,1,317,2,1817,1,20
317,60,1,318,8,1825,1,80
318,60,1,319,8,1833,2,80
319,60,1,320,7,1840,0,70
320,60,1,321,3,1843,6,30
321,60,1,322,6,1849,1,60
322,60,1,323,5,1854,3,50
323,60,1,324,8,1862,3,80
324,60,1,325,6,1868,1,60
325,60,1,326,6,1874,3,60
326,60,1,327,6,1880,2,60
327,60,1,328,5,1885,1,50
328,60,1,329,7,1892,3,70
329,60,1,330,6,1898,4,60
330,60,1,331,6,1904,0,60
331,60,1,332,8,1912,6,80
332,60,1,333,4,1916,0,40
333,60,1,334,9,1925,5,90
334,60,1,335,3,1928,1,30
335,60,1,336,3,1931,9,30
336,60,1,337,6,1937,8,60
337,60,1,338,2,1939,8,20
338,60,1,339,6,1945,4,60
339,60,1,340,9,1954,7,90
340,60,1,341,6,1960,1,60
341,60,1,342,8,1968,7,80
342,60,1,343,8,1976,2,80
343,60,1,344,2,1978,4,20
344,60,1,345,3,1981,3,30
345,60,1,346,4,1985,4,40
346,60,1,347,3,1988,1,30
347,60,1,348,9,1997,1,90
348,60,1,349,2,1999,1,20
349,60,1,350,8,2007,2,80
350,60,1,351,8,2015,1,80
351,60,1,352,5,2020,3,50
352,60,1,353,4,2024,1,40
353,60,1,354,9,2033,4,90
354,60,1,355,2,2035,4,20
355,60,1,356,3,2038,4,30
356,60,1,357,9,2047,3,90
357,60,1,358,3,2050,3,30
358,60,1,359,3,2053,3,30
359,60,1,360,7,2060,9,70
360,60,1,361,6,2066,5,60
361,60,1,362,9,2075,5,90
362,60,1,363,5,2080,5,50
363,60,1,364,2,2082,1,20
364,60,1,365,8,2090,8,80
365,60,1,366,3,2093,1,30
366,60,1,367,2,2095,4,20
367,60,1,368,6,2101,1,60
368,60,1,369,7,2108,5,70
369,60,1,370,3,2111,3,30
370,60,1,371,8,2119,1,80
371,60,1,372,9,2128,2,90
372,60,1,373,2,2130,1,20
373,60,1,374,4,2134,5,40
374,60,1,375,7,2141,6,70
375,60,1,376,5,2146,4,50
376,60,1,377,8,2154,1,80
377,60,1,378,7,2161,1,70
378,60,1,379,4,2165,1,40
379,60,1,380,8,2173,4,80
380,60,1,381,6,2179,2,60
381,60,1,382,3,2182,4,30
382,60,1,383,3,2185,2,30
383,60,1,384,2,2187,3,20
384,60,1,385,7,2194,1,70
385,60,1,386,8,2202,1,80
386,60,1,387,5,2207,2,50
387,60,1,388,9,2216,1,90
388,60,1,389,7,2223,1,70
389,60,1,390,9,2232,3,90
390,60,1,391,3,2235,2,30
391,60,1,392,6,2241,6,60
392,60,1,393,4,2245,6,40
393,60,1,394,8,2253,2,80
394,60,1,395,4,2257,1,40
395,60,1,396,8,2265,2,80
396,60,1,397,7,2272,6,70
397,60,1,398,2,2274,2,20
398,60,1,399,2,2276,1,20
399,60,1,400,3,2279,8,30
400,60,1,401,2,2281,3,20
401,60,1,402,3,2284,4,30
402,60,1,403,6,2290,2,60
403,60,1,404,7,2297,4,70
404,60,1,405,5,2302,3,50
405,60,1,406,9,2311,2,90
406,60,1,407,9,2320,4,90
407,60,1,408,4,2324,4,40
408,60,1,409,8,2332,3,80
409,60,1,410,8,2340,4,80
410,60,1,411,5,2345,3,50
411,60,1,412,4,2349,2,40
412,60,1,413,7,2356,5,70
413,60,1,414,8,2364,3,80
414,60,1,415,6,2370,2,60
415,60,1,416,2,2372,1,20
416,60,1,417,5,2377,4,50
417,60,1,418,8,2385,1,80
418,60,1,419,5,2390,1,50
419,60,1,420,8,2398,8,80
420,60,1,421,6,2404,6,60
421,60,1,422,9,2413,1,90
422,60,1,423,6,2419,4,60
423,60,1,424,4,2423,1,40
424,60,1,425,5,2428,1,50
425,60,1,426,8,2436,1,80
426,60,1,427,9,2445,6,90
427,60,1,428,4,2449,1,40
428,60,1,429,8,2457,7,80
429,60,1,430,6,2463,7,60
430,60,1,431,5,2468,3,50
431,60,1,432,9,2477,6,90
432,60,1,433,9,2486,1,90
433,60,1,434,9,2495,5,90
434,60,1,435,6,2501,3,60
435,60,1,436,8,2509,2,80
436,60,1,437,4,2513,6,40
437,60,1,438,7,2520,4,70
438,60,1,439,6,2526,5,60
439,60,1,440,4,2530,1,40
440,60,1,441,9,2539,4,90
441,60,1,442,3,2542,1,30
442,60,1,443,7,2549,2,70
443,60,1,444,3,2552,2,30
444,60,1,445,3,2555,4,30
445,60,1,446,9,2564,1,90
446,60,1,447,2,2566,4,20
447,60,1,448,8,2574,4,80
448,60,1,449,2,2576,1,20
449,60,1,450,2,2578,3,20
450,60,1,451,9,2587,6,90
451,60,1,452,4,2591,6,40
452,60,1,453,6,2597,1,60
453,60,1,454,6,2603,2,60
454,60,1,455,4,2607,1,40
455,60,1,456,8,2615,1,80
456,60,1,457,8,2623,3,80
457,60,1,458,5,2628,5,50
458,60,1,459,5,2633,9,50
459,60,1,460,8,2641,1,80
460,60,1,461,5,2646,3,50
461,60,1,462,5,2651,1,50
462,60,1,463,4,2655,2,40
463,60,1,464,9,2664,1,90
464,60,1,465,2,2666,4,20
465,60,1,466,8,2674,3,80
466,60,1,467,7,2681,4,70
467,60,1,468,6,2687,1,60
468,60,1,469,7,2694,7,70
469,60,1,470,6,2700,2,60
470,60,1,471,2,2702,1,20
471,60,1,472,9,2711,4,90
472,60,1,473,5,2716,1,50
473,60,1,474,6,2722,1,60
474,60,1,475,4,2726,4,40
475,60,1,476,6,2732,4,60
476,60,1,477,9,2741,5,90
477,60,1,478,6,2747,6,60
478,60,1,479,4,2751,1,40
479,60,1,480,8,2759,9,80
480,60,1,481,3,2762,3,30
481,60,1,482,9,2771,6,90
482,60,1,483,5,2776,3,50
483,60,1,484,9,2785,1,90
484,60,1,485,8,2793,2,80
485,60,1,486,2,2795,1,20
486,60,1,487,4,2799,5,40
487,60,1,488,3,2802,1,30
488,60,1,489,4,2806,1,40
489,60,1,490,2,2808,1,20
490,60,1,491,5,2813,1,50
491,60,1,492,3,2816,2,30
492,60,1,493,3,2819,1,30
493,60,1,494,2,2821,3,20
494,60,1,495,4,2825,1,40
495,60,1,496,4,2829,2,40
496,60,1,497,6,2835,4,60
497,60,1,498,9,2844,1,90
498,60,1,499,4,2848,2,40
499,60,1,500,4,2852,2,40
500,60,1,501,7,2859,1,70
501,60,1,502,5,2864,3,50
502,60,1,503,2,2866,2,20
503,60,1,504,3,2869,1,30
504,60,1,505,6,2875,1,60
505,60,1,506,9,2884,1,90
506,60,1,507,3,2887,4,30
507,60,1,508,5,2892,1,50
508,60,1,509,5,2897,4,50
509,60,1,510,5,2902,3,50
510,60,1,511,6,2908,1,60
511,60,1,512,4,2912,3,40
512,60,1,513,8,2920,2,80
513,60,1,514,5,2925,1,50
514,60,1,515,2,2927,1,20
515,60,1,516,9,2936,1,90
516,60,1,517,9,2945,6,90
517,60,1,518,6,2951,3,60
518,60,1,519,8,2959,5,80
519,60,1,520,9,2968,1,90
520,60,1,521,7,2975,1,70
521,60,1,522,7,2982,7,70
522,60,1,523,8,2990,7,80
523,60,1,524,4,2994,6,40
524,60,1,525,6,3000,0,60
525,60,1,526,8,3008,4,80
526,60,1,527,7,3015,4,70
527,60,1,528,8,3023,5,80
528,60,1,529,2,3025,4,20
529,60,1,530,6,3031,6,60
530,60,1,531,9,3040,5,90
531,60,1,532,6,3046,3,60
532,60,1,533,4,3050,1,40
533,60,1,534,3,3053,1,30
534,60,1,535,3,3056,4,30
535,60,1,536,4,3060,1,40
536,60,1,537,2,3062,2,20
537,60,1,538,9,3071,4,90
538,60,1,539,9,3080,3,90
539,60,1,540,9,3089,0,90
540,60,1,541,3,3092,7,30
541,60,1,542,4,3096,5,40
542,60,1,543,7,3103,3,70
543,60,1,544,7,3110,4,70
544,60,1,545,3,3113,5,30
545,60,1,546,8,3121,1,80
546,60,1,547,5,3126,4,50
547,60,1,548,9,3135,7,90
548,60,1,549,6,3141,2,60
549,60,1,550,3,3144,2,30
550,60,1,551,5,3149,1,50
551,60,1,552,4,3153,3,40
552,60,1,553,4,3157,1,40
553,60,1,554,7,3164,6,70
554,60,1,555,4,3168,1,40
555,60,1,556,3,3171,1,30
556,60,1,557,4,3175,5,40
557,60,1,558,2,3177,1,20
558,60,1,559,9,3186,1,90
559,60,1,560,4,3190,3,40
560,60,1,561,3,3193,5,30
561,60,1,562,9,3202,3,90
562,60,1,563,8,3210,1,80
563,60,1,564,4,3214,5,40
564,60,1,565,6,3220,4,60
565,60,1,566,5,3225,3,50
566,60,1,567,3,3228,2,30
567,60,1,568,8,3236,5,80
568,60,1,569,6,3242,4,60
569,60,1,570,4,3246,1,40
570,60,1,571,4,3250,1,40
571,60,1,572,4,3254,3,40
572,60,1,573,2,3256,3,20
573,60,1,574,7,3263,3,70
574,60,1,575,4,3267,0,40
575,60,1,576,9,3276,1,90
576,60,1,577,5,3281,2,50
577,60,1,578,9,3290,2,90
578,60,1,579,2,3292,1,20
579,60,1,580,8,3300,1,80
580,60,1,581,6,3306,1,60
581,60,1,582,3,3309,1,30
582,60,1,583,2,3311,5,20
583,60,1,584,7,3318,1,70
584,60,1,585,4,3322,2,40
585,60,1,586,4,3326,6,40
586,60,1,587,9,3335,4,90
587,60,1,588,9,3344,1,90
588,60,1,589,4,3348,2,40
589,60,1,590,7,3355,0,70
590,60,1,591,2,3357,1,20
591,60,1,592,8,3365,1,80
592,60,1,593,7,3372,7,70
593,60,1,594,8,3380,1,80
594,60,1,595,5,3385,5,50
595,60,1,596,6,3391,1,60
596,60,1,597,9,3400,3,90
597,60,1,598,3,3403,2,30
598,60,1,599,6,3409,6,60
599,60,1,600,4,3413,5,40
600,60,1,601,5,3418,3,50
601,60,1,602,8,3426,4,80
602,60,1,603,7,3433,1,70
603,60,1,604,9,3442,4,90
604,60,1,605,3,3445,1,30
605,60,1,606,9,3454,3,90
606,60,1,607,3,3457,4,30
607,60,1,608,3,3460,1,30
608,60,1,609,3,3463,3,30
609,60,1,610,6,3469,3,60
610,60,1,611,8,3477,2,80
611,60,1,612,9,3486,4,90
612,60,1,613,5,3491,3,50
613,60,1,614,3,3494,4,30
614,60,1,615,8,3502,3,80
615,60,1,616,9,3511,5,90
616,60,1,617,6,3517,3,60
617,60,1,618,4,3521,1,40
618,60,1,619,9,3530,1,90
619,60,1,620,8,3538,3,80
620,60,1,621,6,3544,0,60
621,60,1,622,3,3547,2,30
622,60,1,623,7,3554,1,70
623,60,1,624,4,3558,6,40
624,60,1,625,2,3560,4,20
625,60,1,626,7,3567,1,70
626,60,1,627,6,3573,2,60
627,60,1,628,4,3577,3,40
628,60,1,629,5,3582,1,50
629,60,1,630,9,3591,3,90
630,60,1,631,9,3600,3,90
631,60,1,632,3,3603,1,30
632,60,1,633,5,3608,4,50
633,60,1,634,5,3613,1,50
634,60,1,635,3,3616,8,30
635,60,1,636,3,3619,1,30
636,60,1,637,7,3626,3,70
637,60,1,638,2,3628,1,20
638,60,1,639,5,3633,5,50
639,60,1,640,8,3641,3,80
640,60,1,641,8,3649,1,80
641,60,1,642,4,3653,4,40
642,60,1,643,8,3661,3,80
643,60,1,644,2,3663,4,20
644,60,1,645,3,3666,0,30
645,60,1,646,8,3674,3,80
646,60,1,647,7,3681,6,70
647,60,1,648,6,3687,1,60
648,60,1,649,3,3690,7,30
649,60,1,650,7,3697,0,70
650,60,1,651,2,3699,2,20
651,60,1,652,7,3706,1,70
652,60,1,653,4,3710,1,40
653,60,1,654,6,3716,1,60
654,60,1,655,5,3721,5,50
655,60,1,656,4,3725,4,40
656,60,1,657,4,3729,1,40
657,60,1,658,3,3732,5,30
658,60,1,659,8,3740,4,80
659,60,1,660,9,3749,1,90
660,60,1,661,7,3756,0,70
661,60,1,662,5,3761,2,50
662,60,1,663,6,3767,1,60
663,60,1,664,2,3769,6,20
664,60,1,665,5,3774,1,50
665,60,1,666,4,3778,5,40
666,60,1,667,2,3780,1,20
667,60,1,668,7,3787,1,70
668,60,1,669,4,3791,3,40
669,60,1,670,3,3794,1,30
670,60,1,671,8,3802,1,80
671,60,1,672,7,3809,1,70
672,60,1,673,7,3816,3,70
673,60,1,674,3,3819,1,30
674,60,1,675,5,3824,1,50
675,60,1,676,4,3828,2,40
676,60,1,677,6,3834,2,60
677,60,1,678,8,3842,4,80
678,60,1,679,3,3845,5,30
679,60,1,680,6,3851,1,60
680,60,1,681,3,3854,2,30
681,60,1,682,7,3861,4,70
682,60,1,683,2,3863,3,20
683,60,1,684,9,3872,1,90
684,60,1,685,9,3881,3,90
685,60,1,686,4,3885,6,40
686,60,1,687,3,3888,0,30
687,60,1,688,5,3893,2,50
688,60,1,689,7,3900,6,70
689,60,1,690,8,3908,7,80
690,60,1,691,3,3911,5,30
691,60,1,692,5,3916,1,50
692,60,1,693,4,3920,1,40
693,60,1,694,5,3925,1,50
694,60,1,695,8,3933,6,80
695,60,1,696,7,3940,2,70
696,60,1,697,5,3945,3,50
697,60,1,698,3,3948,3,30
698,60,1,699,6,3954,1,60
699,60,1,700,5,3959,1,50
700,60,1,701,8,3967,5,80
701,60,1,702,2,3969,4,20
702,60,1,703,4,3973,1,40
703,60,1,704,8,3981,1,80
704,60,1,705,5,3986,2,50
705,60,1,706,5,3991,3,50
706,60,1,707,7,3998,6,70
707,60,1,708,6,4004,1,60
708,60,1,709,6,4010,3,60
709,60,1,710,4,4014,5,40
710,60,1,711,3,4017,1,30
711,60,1,712,9,4026,3,90
712,60,1,713,7,4033,4,70
713,60,1,714,5,4038,3,50
714,60,1,715,9,4047,3,90
715,60,1,716,7,4054,1,70
716,60,1,717,9,4063,3,90
717,60,1,718,4,4067,5,40
718,60,1,719,3,4070,1,30
719,60,1,720,5,4075,5,50
720,60,1,721,6,4081,6,60
721,60,1,722,4,4085,2,40
722,60,1,723,9,4094,6,90
723,60,1,724,7,4101,1,70
724,60,1,725,9,4110,5,90
725,60,1,726,8,4118,1,80
726,60,1,727,6,4124,1,60
727,60,1,728,4,4128,2,40
728,60,1,729,4,4132,8,40
729,60,1,730,7,4139,10,70
730,60,1,731,8,4147,3,80
731,60,1,732,6,4153,1,60
732,60,1,733,3,4156,6,30
733,60,1,734,3,4159,4,30
734,60,1,735,4,4163,1,40
735,60,1,736,7,4170,3,70
736,60,1,737,3,4173,2,30
737,60,1,738,8,4181,1,80
738,60,1,739,5,4186,5,50
739,60,1,740,5,4191,4,50
740,60,1,741,4,4195,1,40
741,60,1,742,2,4197,3,20
742,60,1,743,8,4205,1,80
743,60,1,744,5,4210,8,50
744,60,1,745,4,4214,1,40
745,60,1,746,4,4218,2,40
746,60,1,747,2,4220,1,20
747,60,1,748,3,4223,3,30
748,60,1,749,5,4228,1,50
749,60,1,750,5,4233,1,50
750,60,1,751,8,4241,5,80
751,60,1,752,3,4244,1,30
752,60,1,753,3,4247,3,30
753,60,1,754,8,4255,0,80
754,60,1,755,9,4264,1,90
755,60,1,756,4,4268,3,40
756,60,1,757,3,4271,4,30
757,60,1,758,4,4275,5,40
758,60,1,759,2,4277,1,20
759,60,1,760,3,4280,1,30
760,60,1,761,8,4288,1,80
761,60,1,762,5,4293,1,50
762,60,1,763,2,4295,1,20
763,60,1,764,2,4297,3,20
764,60,1,765,9,4306,1,90
765,60,1,766,6,4312,3,60
766,60,1,767,8,4320,0,80
767,60,1,768,2,4322,1,20
768,60,1,769,9,4331,2,90
769,60,1,770,8,4339,1,80
770,60,1,771,3,4342,1,30
771,60,1,772,6,4348,1,60
772,60,1,773,9,4357,5,90
773,60,1,774,3,4360,1,30
774,60,1,775,6,4366,5,60
775,60,1,776,2,4368,1,20
776,60,1,777,9,4377,4,90
777,60,1,778,4,4381,1,40
778,60,1,779,4,4385,7,40
779,60,1,780,5,4390,6,50
780,60,1,781,4,4394,1,40
781,60,1,782,5,4399,1,50
782,60,1,783,7,4406,6,70
783,60,1,784,9,4415,5,90
784,60,1,785,4,4419,4,40
785,60,1,786,8,4427,3,80
786,60,1,787,7,4434,9,70
787,60,1,788,9,4443,5,90
788,60,1,789,6,4449,0,60
789,60,1,790,2,4451,3,20
790,60,1,791,8,4459,1,80
791,60,1,792,9,4468,4,90
792,60,1,793,2,4470,3,20
793,60,1,794,3,4473,5,30
794,60,1,795,9,4482,4,90
795,60,1,796,6,4488,1,60
796,60,1,797,4,4492,4,40
797,60,1,798,5,4497,6,50
798,60,1,799,4,4501,2,40
799,60,1,800,2,4503,1,20
800,60,1,801,4,4507,0,40
801,60,1,802,5,4512,3,50
802,60,1,803,5,4517,1,50
803,60,1,804,7,4524,1,70
804,60,1,805,7,4531,3,70
805,60,1,806,6,4537,1,60
806,60,1,807,5,4542,3,50
807,60,1,808,2,4544,7,20
808,60,1,809,5,4549,2,50
809,60,1,810,5,4554,0,50
810,60,1,811,2,4556,1,20
811,60,1,812,4,4560,4,40
812,60,1,813,5,4565,1,50
813,60,1,814,9,4574,4,90
814,60,1,815,3,4577,5,30
815,60,1,816,4,4581,2,40
816,60,1,817,3,4584,4,30
817,60,1,818,2,4586,1,20
818,60,1,819,3,4589,1,30
819,60,1,820,2,4591,1,20
820,60,1,821,5,4596,1,50
821,60,1,822,2,4598,1,20
822,60,1,823,2,4600,1,20
823,60,1,824,3,4603,2,30
824,60,1,825,6,4609,2,60
825,60,1,826,8,4617,1,80
826,60,1,827,3,4620,0,30
827,60,1,828,8,4628,4,80
828,60,1,829,8,4636,1,80
829,60,1,830,8,4644,1,80
830,60,1,831,4,4648,5,40
831,60,1,832,2,4650,1,20
832,60,1,833,3,4653,1,30
833,60,1,834,2,4655,3,20
834,60,1,835,3,4658,0,30
835,60,1,836,6,4664,2,60
836,60,1,837,2,4666,6,20
837,60,1,838,3,4669,2,30
838,60,1,839,4,4673,1,40
839,60,1,840,4,4677,2,40
840,60,1,841,6,4683,3,60
841,60,1,842,8,4691,8,80
842,60,1,843,9,4700,1,90
843,60,1,844,6,4706,3,60
844,60,1,845,9,4715,4,90
845,60,1,846,6,4721,6,60
846,60,1,847,4,4725,1,40
847,60,1,848,4,4729,1,40
848,60,1,849,8,4737,5,80
849,60,1,850,2,4739,1,20
850,60,1,851,9,4748,1,90
851,60,1,852,6,4754,3,60
852,60,1,853,3,4757,8,30
853,60,1,854,2,4759,3,20
854,60,1,855,7,4766,2,70
855,60,1,856,2,4768,1,20
856,60,1,857,9,4777,1,90
857,60,1,858,4,4781,1,40
858,60,1,859,3,4784,1,30
859,60,1,860,9,4793,5,90
860,60,1,861,6,4799,5,60
861,60,1,862,8,4807,8,80
862,60,1,863,8,4815,2,80
863,60,1,864,9,4824,3,90
864,60,1,865,5,4829,3,50
865,60,1,866,3,4832,1,30
866,60,1,867,2,4834,3,20
867,60,1,868,7,4841,6,70
868,60,1,869,7,4848,2,70
869,60,1,870,2,4850,1,20
870,60,1,871,6,4856,4,60
871,60,1,872,2,4858,3,20
872,60,1,873,4,4862,1,40
873,60,1,874,6,4868,1,60
874,60,1,875,8,4876,2,80
875,60,1,876,8,4884,3,80
876,60,1,877,4,4888,2,40
877,60,1,878,9,4897,4,90
878,60,1,879,6,4903,2,60
879,60,1,880,7,4910,3,70
880,60,1,881,9,4919,3,90
881,60,1,882,3,4922,1,30
882,60,1,883,2,4924,3,20
883,60,1,884,4,4928,2,40
884,60,1,885,4,4932,4,40
885,60,1,886,8,4940,2,80
886,60,1,887,3,4943,5,30
887,60,1,888,7,4950,3,70
888,60,1,889,4,4954,1,40
889,60,1,890,7,4961,4,70
890,60,1,891,5,4966,3,50
891,60,1,892,8,4974,1,80
892,60,1,893,8,4982,6,80
893,60,1,894,5,4987,1,50
894,60,1,895,5,4992,0,50
895,60,1,896,2,4994,3,20
896,60,2,1,9,9,1,90
897,60,2,2,2,11,1,20
898,60,2,3,9,20,0,90
899,60,2,4,2,22,1,20
900,60,2,5,2,24,1,20
901,60,2,6,8,32,2,80
902,60,2,7,7,39,2,70
903,60,2,8,3,42,2,30
904,60,2,9,8,50,2,80
905,60,2,10,8,58,2,80
906,60,2,11,4,62,1,40
907,60,2,12,9,71,1,90
908,60,2,13,7,78,1,70
909,60,2,14,4,82,6,40
910,60,2,15,9,91,5,90
911,60,2,16,2,93,4,20
912,60,2,17,3,96,1,30
913,60,2,18,4,100,0,40
914,60,2,19,4,104,4,40
915,60,2,20,3,107,3,30
916,60,2,21,5,112,2,50
917,60,2,22,8,120,4,80
918,60,2,23,4,124,2,40
919,60,2,24,4,128,4,40
920,60,2,25,8,136,1,80
921,60,2,26,7,143,4,70
922,60,2,27,6,149,5,60
923,60,2,28,9,158,3,90
924,60,2,29,6,164,3,60
925,60,2,30,8,172,4,80
926,60,2,31,2,174,2,20
927,60,2,32,4,178,5,40
928,60,2,33,5,183,2,50
929,60,2,34,4,187,1,40
930,60,2,35,8,195,1,80
931,60,2,36,2,197,6,20
932,60,2,37,4,201,4,40
933,60,2,38,8,209,0,80
934,60,2,39,7,216,3,70
935,60,2,40,6,222,2,60
936,60,2,41,3,225,1,30
937,60,2,42,5,230,3,50
938,60,2,43,3,233,2,30
939,60,2,44,7,240,3,70
940,60,2,45,8,248,1,80
941,60,2,46,7,255,2,70
942,60,2,47,9,264,4,90
943,60,2,48,5,269,3,50
944,60,2,49,4,273,2,40
945,60,2,50,3,276,1,30
946,60,2,51,6,282,1,60
947,60,2,52,9,291,1,90
948,60,2,53,8,299,4,80
949,60,2,54,8,307,5,80
950,60,2,55,7,314,9,70
951,60,2,56,8,322,3,80
952,60,2,57,7,329,6,70
953,60,2,58,3,332,1,30
954,60,2,59,6,338,1,60
955,60,2,60,6,344,3,60
956,60,2,61,6,350,4,60
957,60,2,62,9,359,1,90
958,60,2,63,6,365,4,60
959,60,2,64,3,368,2,30
960,60,2,65,3,371,6,30
961,60,2,66,3,374,2,30
962,60,2,67,9,383,1,90
963,60,2,68,5,388,4,50
964,60,2,69,9,397,3,90
965,60,2,70,5,402,1,50
966,60,2,71,7,409,6,70
967,60,2,72,9,418,4,90
968,60,2,73,7,425,1,70
969,60,2,74,4,429,2,40
970,60,2,75,6,435,3,60
971,60,2,76,3,438,2,30
972,60,2,77,3,441,1,30
973,60,2,78,9,450,1,90
974,60,2,79,3,453,3,30
975,60,2,80,2,455,1,20
976,60,2,81,5,460,5,50
977,60,2,82,9,469,5,90
978,60,2,83,8,477,1,80
979,60,2,84,6,483,5,60
980,60,2,85,9,492,1,90
981,60,2,86,7,499,5,70
982,60,2,87,4,503,4,40
983,60,2,88,2,505,3,20
984,60,2,89,3,508,3,30
985,60,2,90,6,514,4,60
986,60,2,91,2,516,3,20
987,60,2,92,9,525,4,90
988,60,2,93,8,533,3,80
989,60,2,94,4,537,4,40
990,60,2,95,9,546,6,90
991,60,2,96,5,551,3,50
992,60,2,97,2,553,2,20
993,60,2,98,4,557,1,40
994,60,2,99,4,561,2,40
995,60,2,100,7,568,5,70
996,60,2,101,9,577,6,90
997,60,2,102,7,584,3,70
998,60,2,103,9,593,5,90
999,60,2,104,9,602,1,90
1000,60,2,105,3,605,5,30
1001,60,2,106,4,609,4,40
1002,60,2,107,6,615,1,60
1003,60,2,108,8,623,1,80
1004,60,2,109,5,628,5,50
1005,60,2,110,9,637,1,90
1006,60,2,111,4,641,3,40
1007,60,2,112,4,645,4,40
1008,60,2,113,8,653,1,80
1009,60,2,114,4,657,6,40
1010,60,2,115,7,664,1,70
1011,60,2,116,2,666,2,20
1012,60,2,117,4,670,3,40
1013,60,2,118,2,672,2,20
1014,60,2,119,2,674,4,20
1015,60,2,120,3,677,2,30
1016,60,2,121,5,682,3,50
1017,60,2,122,2,684,1,20
1018,60,2,123,2,686,3,20
1019,60,2,124,5,691,0,50
1020,60,2,125,9,700,0,90
1021,60,2,126,5,705,5,50
1022,60,2,127,8,713,1,80
1023,60,2,128,2,715,3,20
1024,60,2,129,8,723,4,80
1025,60,2,130,9,732,4,90
1026,60,2,131,8,740,7,80
1027,60,2,132,5,745,3,50
1028,60,2,133,3,748,3,30
1029,60,2,134,5,753,2,50
1030,60,2,135,2,755,5,20
1031,60,2,136,2,757,4,20
1032,60,2,137,2,759,1,20
1033,60,2,138,8,767,0,80
1034,60,2,139,9,776,2,90
1035,60,2,140,8,784,3,80
1036,60,2,141,7,791,4,70
1037,60,2,142,4,795,3,40
1038,60,2,143,3,798,0,30
1039,60,2,144,4,802,3,40
1040,60,2,145,6,808,4,60
1041,60,2,146,4,812,1,40
1042,60,2,147,8,820,2,80
1043,60,2,148,4,824,0,40
1044,60,2,149,6,830,5,60
1045,60,2,150,7,837,1,70
1046,60,2,151,5,842,3,50
1047,60,2,152,2,844,1,20
1048,60,2,153,2,846,3,20
1049,60,2,154,8,854,2,80
1050,60,2,155,9,863,7,90
1051,60,2,156,9,872,4,90
1052,60,2,157,2,874,1,20
1053,60,2,158,7,881,3,70
1054,60,2,159,7,888,2,70
1055,60,2,160,4,892,1,40
1056,60,2,161,6,898,0,60
1057,60,2,162,3,901,6,30
1058,60,2,163,6,907,1,60
1059,60,2,164,6,913,7,60
1060,60,2,165,4,917,8,40
1061,60,2,166,3,920,5,30
1062,60,2,167,6,926,7,60
1063,60,2,168,7,933,3,70
1064,60,2,169,7,940,3,70
1065,60,2,170,7,947,1,70
1066,60,2,171,9,956,1,90
1067,60,2,172,5,961,3,50
1068,60,2,173,5,966,2,50
1069,60,2,174,5,971,6,50
1070,60,2,175,9,980,2,90
1071,60,2,176,3,983,6,30
1072,60,2,177,6,989,0,60
1073,60,2,178,4,993,1,40
1074,60,2,179,6,999,2,60
1075,60,2,180,2,1001,7,20
1076,60,2,181,3,1004,0,30
1077,60,2,182,2,1006,3,20
1078,60,2,183,3,1009,1,30
1079,60,2,184,2,1011,2,20
1080,60,2,185,5,1016,2,50
1081,60,2,186,7,1023,3,70
1082,60,2,187,5,1028,0,50
1083,60,2,188,6,1034,4,60
1084,60,2,189,5,1039,1,50
1085,60,2,190,8,1047,2,80
1086,60,2,191,8,1055,4,80
1087,60,2,192,5,1060,1,50
1088,60,2,193,7,1067,3,70
1089,60,2,194,4,1071,4,40
1090,60,2,195,5,1076,3,50
1091,60,2,196,9,1085,1,90
1092,60,2,197,6,1091,2,60
1093,60,2,198,9,1100,4,90
1094,60,2,199,6,1106,3,60
1095,60,2,200,9,1115,3,90
1096,60,2,201,5,1120,5,50
1097,60,2,202,8,1128,0,80
1098,60,2,203,6,1134,4,60
1099,60,2,204,3,1137,3,30
1100,60,2,205,9,1146,5,90
1101,60,2,206,5,1151,1,50
1102,60,2,207,7,1158,1,70
1103,60,2,208,3,1161,1,30
1104,60,2,209,5,1166,3,50
1105,60,2,210,4,1170,1,40
1106,60,2,211,3,1173,4,30
1107,60,2,212,7,1180,4,70
1108,60,2,213,5,1185,4,50
1109,60,2,214,2,1187,4,20
1110,60,2,215,9,1196,5,90
1111,60,2,216,7,1203,6,70
1112,60,2,217,6,1209,1,60
1113,60,2,218,9,1218,2,90
1114,60,2,219,9,1227,1,90
1115,60,2,220,9,1236,1,90
1116,60,2,221,4,1240,1,40
1117,60,2,222,7,1247,2,70
1118,60,2,223,3,1250,7,30
1119,60,2,224,8,1258,6,80
1120,60,2,225,4,1262,3,40
1121,60,2,226,4,1266,1,40
1122,60,2,227,9,1275,2,90
1123,60,2,228,3,1278,5,30
1124,60,2,229,9,1287,0,90
1125,60,2,230,2,1289,1,20
1126,60,2,231,3,1292,1,30
1127,60,2,232,6,1298,2,60
1128,60,2,233,9,1307,1,90
1129,60,2,234,3,1310,1,30
1130,60,2,235,5,1315,2,50
1131,60,2,236,8,1323,1,80
1132,60,2,237,6,1329,6,60
1133,60,2,238,6,1335,1,60
1134,60,2,239,5,1340,4,50
1135,60,2,240,5,1345,2,50
1136,60,2,241,9,1354,3,90
1137,60,2,242,4,1358,2,40
1138,60,2,243,6,1364,3,60
1139,60,2,244,7,1371,6,70
1140,60,2,245,3,1374,1,30
1141,60,2,246,7,1381,3,70
1142,60,2,247,4,1385,2,40
1143,60,2,248,9,1394,1,90
1144,60,2,249,7,1401,2,70
1145,60,2,250,3,1404,1,30
1146,60,2,251,3,1407,1,30
1147,60,2,252,4,1411,2,40
1148,60,2,253,5,1416,1,50
1149,60,2,254,2,1418,7,20
1150,60,2,255,8,1426,1,80
1151,60,2,256,5,1431,3,50
1152,60,2,257,3,1434,4,30
1153,60,2,258,5,1439,1,50
1154,60,2,259,9,1448,4,90
1155,60,2,260,8,1456,4,80
1156,60,2,261,4,1460,4,40
1157,60,2,262,9,1469,4,90
1158,60,2,263,6,1475,1,60
1159,60,2,264,7,1482,1,70
1160,60,2,265,7,1489,3,70
1161,60,2,266,9,1498,1,90
1162,60,2,267,8,1506,6,80
1163,60,2,268,7,1513,1,70
1164,60,2,269,7,1520,6,70
1165,60,2,270,7,1527,6,70
1166,60,2,271,7,1534,4,70
1167,60,2,272,7,1541,2,70
1168,60,2,273,3,1544,4,30
1169,60,2,274,4,1548,4,40
1170,60,2,275,6,1554,9,60
1171,60,2,276,9,1563,4,90
1172,60,2,277,3,1566,4,30
1173,60,2,278,2,1568,3,20
1174,60,2,279,2,1570,8,20
1175,60,2,280,9,1579,3,90
1176,60,2,281,4,1583,3,40
1177,60,2,282,3,1586,1,30
1178,60,2,283,3,1589,0,30
1179,60,2,284,5,1594,1,50
1180,60,2,285,9,1603,2,90
1181,60,2,286,6,1609,3,60
1182,60,2,287,8,1617,2,80
1183,60,2,288,5,1622,1,50
1184,60,2,289,9,1631,1,90
1185,60,2,290,8,1639,1,80
1186,60,2,291,7,1646,1,70
1187,60,2,292,7,1653,4,70
1188,60,2,293,9,1662,1,90
1189,60,2,294,3,1665,1,30
1190,60,2,295,3,1668,2,30
1191,60,2,296,6,1674,3,60
1192,60,2,297,9,1683,2,90
1193,60,2,298,2,1685,2,20
1194,60,2,299,5,1690,3,50
1195,60,2,300,8,1698,5,80
1196,60,2,301,7,1705,3,70
1197,60,2,302,9,1714,1,90
1198,60,2,303,5,1719,3,50
1199,60,2,304,3,1722,1,30
1200,60,2,305,7,1729,5,70
1201,60,2,306,9,1738,4,90
1202,60,2,307,4,1742,1,40
1203,60,2,308,4,1746,5,40
1204,60,2,309,3,1749,2,30
1205,60,2,310,5,1754,3,50
1206,60,2,311,3,1757,2,30
1207,60,2,312,3,1760,2,30
1208,60,2,313,4,1764,2,40
1209,60,2,314,2,1766,3,20
1210,60,2,315,7,1773,4,70
1211,60,2,316,9,1782,1,90
1212,60,2,317,4,1786,0,40
1213,60,2,318,6,1792,3,60
1214,60,2,319,7,1799,4,70
1215,60,2,320,2,1801,1,20
1216,60,2,321,8,1809,1,80
1217,60,2,322,7,1816,5,70
1218,60,2,323,6,1822,6,60
1219,60,2,324,8,1830,1,80
1220,60,2,325,9,1839,6,90
1221,60,2,326,2,1841,4,20
1222,60,2,327,7,1848,5,70
1223,60,2,328,6,1854,5,60
1224,60,2,329,8,1862,1,80
1225,60,2,330,6,1868,3,60
1226,60,2,331,7,1875,2,70
1227,60,2,332,8,1883,3,80
1228,60,2,333,7,1890,1,70
1229,60,2,334,2,1892,1,20
1230,60,2,335,8,1900,1,80
1231,60,2,336,6,1906,5,60
1232,60,2,337,3,1909,1,30
1233,60,2,338,8,1917,3,80
1234,60,2,339,6,1923,3,60
1235,60,2,340,4,1927,1,40
1236,60,2,341,4,1931,3,40
1237,60,2,342,3,1934,2,30
1238,60,2,343,4,1938,1,40
1239,60,2,344,2,1940,1,20
1240,60,2,345,4,1944,4,40
1241,60,2,346,9,1953,4,90
1242,60,2,347,4,1957,2,40
1243,60,2,348,4,1961,1,40
1244,60,2,349,3,1964,2,30
1245,60,2,350,5,1969,3,50
1246,60,2,351,3,1972,2,30
1247,60,2,352,5,1977,3,50
1248,60,2,353,8,1985,1,80
1249,60,2,354,2,1987,4,20
1250,60,2,355,2,1989,6,20
1251,60,2,356,9,1998,1,90
1252,60,2,357,4,2002,2,40
1253,60,2,358,4,2006,2,40
1254,60,2,359,6,2012,2,60
1255,60,2,360,2,2014,1,20
1256,60,2,361,2,2016,3,20
1257,60,2,362,7,2023,2,70
1258,60,2,363,2,2025,1,20
1259,60,2,364,9,2034,4,90
1260,60,2,365,7,2041,1,70
1261,60,2,366,8,2049,2,80
1262,60,2,367,9,2058,5,90
1263,60,2,368,6,2064,1,60
1264,60,2,369,5,2069,4,50
1265,60,2,370,2,2071,2,20
1266,60,2,371,6,2077,1,60
1267,60,2,372,9,2086,1,90
1268,60,2,373,3,2089,1,30
1269,60,2,374,6,2095,7,60
1270,60,2,375,2,2097,8,20
1271,60,2,376,4,2101,2,40
1272,60,2,377,5,2106,3,50
1273,60,2,378,3,2109,1,30
1274,60,2,379,6,2115,1,60
1275,60,2,380,9,2124,1,90
1276,60,2,381,5,2129,2,50
1277,60,2,382,8,2137,1,80
1278,60,2,383,2,2139,1,20
1279,60,2,384,9,2148,6,90
1280,60,2,385,4,2152,4,40
1281,60,2,386,2,2154,3,20
1282,60,2,387,4,2158,1,40
1283,60,2,388,9,2167,3,90
1284,60,2,389,6,2173,3,60
1285,60,2,390,7,2180,2,70
1286,60,2,391,5,2185,5,50
1287,60,2,392,7,2192,1,70
1288,60,2,393,2,2194,3,20
1289,60,2,394,6,2200,1,60
1290,60,2,395,2,2202,1,20
1291,60,2,396,6,2208,4,60
1292,60,2,397,6,2214,1,60
1293,60,2,398,8,2222,5,80
1294,60,2,399,9,2231,1,90
1295,60,2,400,8,2239,4,80
1296,60,2,401,3,2242,7,30
1297,60,2,402,4,2246,4,40
1298,60,2,403,8,2254,3,80
1299,60,2,404,6,2260,4,60
1300,60,2,405,9,2269,1,90
1301,60,2,406,4,2273,6,40
1302,60,2,407,6,2279,3,60
1303,60,2,408,9,2288,5,90
1304,60,2,409,3,2291,4,30
1305,60,2,410,7,2298,3,70
1306,60,2,411,7,2305,2,70
1307,60,2,412,9,2314,1,90
1308,60,2,413,5,2319,2,50
1309,60,2,414,5,2324,3,50
1310,60,2,415,8,2332,5,80
1311,60,2,416,9,2341,1,90
1312,60,2,417,7,2348,3,70
1313,60,2,418,9,2357,5,90
1314,60,2,419,7,2364,4,70
1315,60,2,420,6,2370,1,60
1316,60,2,421,5,2375,1,50
1317,60,2,422,2,2377,3,20
1318,60,2,423,5,2382,3,50
1319,60,2,424,4,2386,4,40
1320,60,2,425,3,2389,1,30
1321,60,2,426,7,2396,3,70
1322,60,2,427,2,2398,3,20
1323,60,2,428,8,2406,1,80
1324,60,2,429,2,2408,3,20
1325,60,2,430,8,2416,0,80
1326,60,2,431,2,2418,2,20
1327,60,2,432,8,2426,4,80
1328,60,2,433,7,2433,4,70
1329,60,2,434,9,2442,1,90
1330,60,2,435,7,2449,1,70
1331,60,2,436,5,2454,3,50
1332,60,2,437,8,2462,4,80
1333,60,2,438,5,2467,1,50
1334,60,2,439,3,2470,3,30
1335,60,2,440,2,2472,5,20
1336,60,2,441,9,2481,3,90
1337,60,2,442,8,2489,1,80
1338,60,2,443,7,2496,5,70
1339,60,2,444,3,2499,2,30
1340,60,2,445,7,2506,3,70
1341,60,2,446,7,2513,6,70
1342,60,2,447,3,2516,0,30
1343,60,2,448,3,2519,1,30
1344,60,2,449,3,2522,1,30
1345,60,2,450,7,2529,2,70
1346,60,2,451,5,2534,3,50
1347,60,2,452,5,2539,3,50
1348,60,2,453,6,2545,7,60
1349,60,2,454,5,2550,1,50
1350,60,2,455,4,2554,3,40
1351,60,2,456,3,2557,1,30
1352,60,2,457,3,2560,2,30
1353,60,2,458,7,2567,3,70
1354,60,2,459,5,2572,4,50
1355,60,2,460,7,2579,4,70
1356,60,2,461,6,2585,1,60
1357,60,2,462,8,2593,1,80
1358,60,2,463,2,2595,3,20
1359,60,2,464,3,2598,5,30
1360,60,2,465,7,2605,1,70
1361,60,2,466,3,2608,1,30
1362,60,2,467,5,2613,3,50
1363,60,2,468,6,2619,2,60
1364,60,2,469,5,2624,1,50
1365,60,2,470,2,2626,1,20
1366,60,2,471,2,2628,1,20
1367,60,2,472,6,2634,3,60
1368,60,2,473,5,2639,3,50
1369,60,2,474,2,2641,3,20
1370,60,2,475,5,2646,3,50
1371,60,2,476,3,2649,2,30
1372,60,2,477,7,2656,1,70
1373,60,2,478,3,2659,5,30
1374,60,2,479,5,2664,1,50
1375,60,2,480,5,2669,3,50
1376,60,2,481,3,2672,1,30
1377,60,2,482,8,2680,4,80
1378,60,2,483,8,2688,4,80
1379,60,2,484,8,2696,1,80
1380,60,2,485,8,2704,1,80
1381,60,2,486,5,2709,3,50
1382,60,2,487,2,2711,4,20
1383,60,2,488,2,2713,2,20
1384,60,2,489,3,2716,3,30
1385,60,2,490,6,2722,3,60
1386,60,2,491,6,2728,1,60
1387,60,2,492,8,2736,2,80
1388,60,2,493,5,2741,3,50
1389,60,2,494,2,2743,1,20
1390,60,2,495,9,2752,5,90
1391,60,2,496,8,2760,7,80
1392,60,2,497,8,2768,1,80
1393,60,2,498,7,2775,1,70
1394,60,2,499,8,2783,1,80
1395,60,2,500,4,2787,5,40
1396,60,2,501,4,2791,5,40
1397,60,2,502,5,2796,8,50
1398,60,2,503,3,2799,4,30
1399,60,2,504,7,2806,1,70
1400,60,2,505,5,2811,1,50
1401,60,2,506,8,2819,4,80
1402,60,2,507,8,2827,2,80
1403,60,2,508,4,2831,3,40
1404,60,2,509,5,2836,5,50
1405,60,2,510,8,2844,1,80
1406,60,2,511,7,2851,7,70
1407,60,2,512,4,2855,3,40
1408,60,2,513,2,2857,4,20
1409,60,2,514,8,2865,1,80
1410,60,2,515,4,2869,2,40
1411,60,2,516,7,2876,2,70
1412,60,2,517,4,2880,3,40
1413,60,2,518,2,2882,3,20
1414,60,2,519,2,2884,3,20
1415,60,2,520,6,2890,1,60
1416,60,2,521,3,2893,1,30
1417,60,2,522,2,2895,3,20
1418,60,2,523,4,2899,3,40
1419,60,2,524,7,2906,1,70
1420,60,2,525,6,2912,2,60
1421,60,2,526,5,2917,2,50
1422,60,2,527,5,2922,2,50
1423,60,2,528,8,2930,1,80
1424,60,2,529,6,2936,1,60
1425,60,2,530,7,2943,2,70
1426,60,2,531,2,2945,2,20
1427,60,2,532,2,2947,3,20
1428,60,2,533,8,2955,3,80
1429,60,2,534,6,2961,3,60
1430,60,2,535,2,2963,2,20
1431,60,2,536,9,2972,5,90
1432,60,2,537,3,2975,4,30
1433,60,2,538,4,2979,2,40
1434,60,2,539,5,2984,2,50
1435,60,2,540,2,2986,3,20
1436,60,2,541,7,2993,4,70
1437,60,2,542,2,2995,1,20
1438,60,2,543,8,3003,3,80
1439,60,2,544,8,3011,3,80
1440,60,2,545,3,3014,3,30
1441,60,2,546,9,3023,2,90
1442,60,2,547,4,3027,1,40
1443,60,2,548,5,3032,1,50
1444,60,2,549,3,3035,2,30
1445,60,2,550,9,3044,4,90
1446,60,2,551,2,3046,4,20
1447,60,2,552,9,3055,2,90
1448,60,2,553,6,3061,2,60
1449,60,2,554,8,3069,1,80
1450,60,2,555,7,3076,2,70
1451,60,2,556,4,3080,2,40
1452,60,2,557,7,3087,1,70
1453,60,2,558,8,3095,3,80
1454,60,2,559,8,3103,2,80
1455,60,2,560,9,3112,3,90
1456,60,2,561,8,3120,3,80
1457,60,2,562,2,3122,1,20
1458,60,2,563,7,3129,1,70
1459,60,2,564,9,3138,3,90
1460,60,2,565,2,3140,4,20
1461,60,2,566,7,3147,6,70
1462,60,2,567,7,3154,1,70
1463,60,2,568,6,3160,6,60
1464,60,2,569,6,3166,2,60
1465,60,2,570,9,3175,1,90
1466,60,2,571,4,3179,2,40
1467,60,2,572,5,3184,1,50
1468,60,2,573,2,3186,1,20
1469,60,2,574,4,3190,5,40
1470,60,2,575,7,3197,1,70
1471,60,2,576,8,3205,5,80
1472,60,2,577,2,3207,6,20
1473,60,2,578,6,3213,1,60
1474,60,2,579,6,3219,1,60
1475,60,2,580,7,3226,5,70
1476,60,2,581,7,3233,0,70
1477,60,2,582,9,3242,4,90
1478,60,2,583,5,3247,2,50
1479,60,2,584,7,3254,5,70
1480,60,2,585,8,3262,3,80
1481,60,2,586,4,3266,3,40
1482,60,2,587,7,3273,4,70
1483,60,2,588,3,3276,1,30
1484,60,2,589,9,3285,1,90
1485,60,2,590,3,3288,5,30
1486,60,2,591,2,3290,2,20
1487,60,2,592,6,3296,7,60
1488,60,2,593,6,3302,1,60
1489,60,2,594,3,3305,4,30
1490,60,2,595,3,3308,2,30
1491,60,2,596,8,3316,3,80
1492,60,2,597,2,3318,5,20
1493,60,2,598,9,3327,6,90
1494,60,2,599,8,3335,1,80
1495,60,2,600,5,3340,2,50
1496,60,2,601,3,3343,3,30
1497,60,2,602,4,3347,1,40
1498,60,2,603,8,3355,5,80
1499,60,2,604,5,3360,4,50
1500,60,2,605,8,3368,5,80
1501,60,2,606,9,3377,4,90
1502,60,2,607,2,3379,4,20
1503,60,2,608,3,3382,1,30
1504,60,2,609,6,3388,2,60
1505,60,2,610,6,3394,1,60
1506,60,2,611,3,3397,2,30
1507,60,2,612,6,3403,1,60
1508,60,2,613,6,3409,7,60
1509,60,2,614,5,3414,4,50
1510,60,2,615,9,3423,2,90
1511,60,2,616,2,3425,6,20
1512,60,2,617,3,3428,1,30
1513,60,2,618,3,3431,5,30
1514,60,2,619,2,3433,1,20
1515,60,2,620,5,3438,2,50
1516,60,2,621,9,3447,1,90
1517,60,2,622,2,3449,1,20
1518,60,2,623,7,3456,1,70
1519,60,2,624,8,3464,2,80
1520,60,2,625,2,3466,5,20
1521,60,2,626,3,3469,1,30
1522,60,2,627,3,3472,5,30
1523,60,2,628,4,3476,1,40
1524,60,2,629,3,3479,8,30
1525,60,2,630,7,3486,1,70
1526,60,2,631,3,3489,2,30
1527,60,2,632,4,3493,1,40
1528,60,2,633,5,3498,1,50
1529,60,2,634,6,3504,1,60
1530,60,2,635,6,3510,3,60
1531,60,2,636,8,3518,4,80
1532,60,2,637,6,3524,1,60
1533,60,2,638,3,3527,2,30
1534,60,2,639,4,3531,2,40
1535,60,2,640,7,3538,1,70
1536,60,2,641,7,3545,7,70
1537,60,2,642,5,3550,3,50
1538,60,2,643,8,3558,5,80
1539,60,2,644,2,3560,0,20
1540,60,2,645,2,3562,2,20
1541,60,2,646,4,3566,3,40
1542,60,2,647,3,3569,7,30
1543,60,2,648,9,3578,3,90
1544,60,2,649,5,3583,5,50
1545,60,2,650,6,3589,3,60
1546,60,2,651,2,3591,1,20
1547,60,2,652,8,3599,6,80
1548,60,2,653,5,3604,1,50
1549,60,2,654,8,3612,2,80
1550,60,2,655,7,3619,3,70
1551,60,2,656,2,3621,1,20
1552,60,2,657,7,3628,4,70
1553,60,2,658,9,3637,3,90
1554,60,2,659,3,3640,3,30
1555,60,2,660,9,3649,9,90
1556,60,2,661,2,3651,3,20
1557,60,2,662,3,3654,0,30
1558,60,2,663,4,3658,4,40
1559,60,2,664,5,3663,1,50
1560,60,2,665,9,3672,3,90
1561,60,2,666,3,3675,1,30
1562,60,2,667,6,3681,1,60
1563,60,2,668,4,3685,2,40
1564,60,2,669,7,3692,3,70
1565,60,2,670,9,3701,1,90
1566,60,2,671,5,3706,4,50
1567,60,2,672,6,3712,3,60
1568,60,2,673,7,3719,5,70
1569,60,2,674,9,3728,2,90
1570,60,2,675,2,3730,5,20
1571,60,2,676,6,3736,5,60
1572,60,2,677,9,3745,4,90
1573,60,2,678,2,3747,1,20
1574,60,2,679,2,3749,4,20
1575,60,2,680,7,3756,5,70
1576,60,2,681,7,3763,4,70
1577,60,2,682,9,3772,7,90
1578,60,2,683,9,3781,3,90
1579,60,2,684,2,3783,3,20
1580,60,2,685,8,3791,2,80
1581,60,2,686,7,3798,3,70
1582,60,2,687,3,3801,2,30
1583,60,2,688,7,3808,5,70
1584,60,2,689,7,3815,0,70
1585,60,2,690,7,3822,1,70
1586,60,2,691,9,3831,5,90
1587,60,2,692,9,3840,6,90
1588,60,2,693,2,3842,0,20
1589,60,2,694,2,3844,1,20
1590,60,2,695,9,3853,1,90
1591,60,2,696,8,3861,1,80
1592,60,2,697,3,3864,2,30
1593,60,2,698,9,3873,1,90
1594,60,2,699,5,3878,3,50
1595,60,2,700,5,3883,4,50
1596,60,2,701,2,3885,2,20
1597,60,2,702,6,3891,3,60
1598,60,2,703,9,3900,9,90
1599,60,2,704,9,3909,3,90
1600,60,2,705,8,3917,5,80
1601,60,2,706,2,3919,1,20
1602,60,2,707,3,3922,2,30
1603,60,2,708,9,3931,2,90
1604,60,2,709,9,3940,1,90
1605,60,2,710,8,3948,3,80
1606,60,2,711,7,3955,7,70
1607,60,2,712,3,3958,5,30
1608,60,2,713,8,3966,1,80
1609,60,2,714,9,3975,6,90
1610,60,2,715,4,3979,2,40
1611,60,2,716,5,3984,6,50
1612,60,2,717,6,3990,3,60
1613,60,2,718,3,3993,2,30
1614,60,2,719,5,3998,5,50
1615,60,2,720,8,4006,0,80
1616,60,2,721,6,4012,1,60
1617,60,2,722,6,4018,2,60
1618,60,2,723,8,4026,9,80
1619,60,2,724,6,4032,4,60
1620,60,2,725,4,4036,1,40
1621,60,2,726,2,4038,2,20
1622,60,2,727,9,4047,4,90
1623,60,2,728,4,4051,3,40
1624,60,2,729,3,4054,1,30
1625,60,2,730,8,4062,1,80
1626,60,2,731,6,4068,4,60
1627,60,2,732,8,4076,3,80
1628,60,2,733,3,4079,5,30
1629,60,2,734,8,4087,1,80
1630,60,2,735,5,4092,4,50
1631,60,2,736,5,4097,4,50
1632,60,2,737,8,4105,0,80
1633,60,2,738,5,4110,4,50
1634,60,2,739,5,4115,1,50
1635,60,2,740,4,4119,3,40
1636,60,2,741,5,4124,1,50
1637,60,2,742,2,4126,1,20
1638,60,2,743,5,4131,1,50
1639,60,2,744,5,4136,0,50
1640,60,2,745,5,4141,3,50
1641,60,2,746,5,4146,3,50
1642,60,2,747,7,4153,2,70
1643,60,2,748,9,4162,4,90
1644,60,2,749,3,4165,5,30
1645,60,2,750,9,4174,5,90
1646,60,2,751,4,4178,1,40
1647,60,2,752,7,4185,4,70
1648,60,2,753,7,4192,3,70
1649,60,2,754,2,4194,1,20
1650,60,2,755,3,4197,1,30
1651,60,2,756,7,4204,1,70
1652,60,2,757,9,4213,8,90
1653,60,2,758,6,4219,3,60
1654,60,2,759,4,4223,1,40
1655,60,2,760,6,4229,1,60
1656,60,2,761,2,4231,2,20
1657,60,2,762,8,4239,2,80
1658,60,2,763,6,4245,1,60
1659,60,2,764,9,4254,5,90
1660,60,2,765,7,4261,2,70
1661,60,2,766,7,4268,0,70
1662,60,2,767,9,4277,7,90
1663,60,2,768,5,4282,5,50
1664,60,2,769,9,4291,7,90
1665,60,2,770,4,4295,3,40
1666,60,2,771,8,4303,5,80
1667,60,2,772,7,4310,3,70
1668,60,2,773,6,4316,2,60
1669,60,2,774,4,4320,7,40
1670,60,2,775,2,4322,3,20
1671,60,2,776,6,4328,2,60
1672,60,2,777,4,4332,6,40
1673,60,2,778,5,4337,2,50
1674,60,2,779,9,4346,3,90
1675,60,2,780,9,4355,5,90
1676,60,2,781,6,4361,2,60
1677,60,2,782,5,4366,4,50
1678,60,2,783,4,4370,7,40
1679,60,2,784,8,4378,4,80
1680,60,2,785,2,4380,1,20
1681,60,2,786,2,4382,3,20
1682,60,2,787,8,4390,5,80
1683,60,2,788,7,4397,2,70
1684,60,2,789,5,4402,5,50
1685,60,2,790,2,4404,2,20
1686,60,2,791,3,4407,1,30
1687,60,2,792,6,4413,2,60
1688,60,2,793,4,4417,2,40
1689,60,2,794,5,4422,1,50
1690,60,2,795,5,4427,1,50
1691,60,2,796,9,4436,4,90
1692,60,2,797,3,4439,3,30
1693,60,2,798,8,4447,3,80
1694,60,2,799,2,4449,2,20
1695,60,2,800,5,4454,1,50
1696,60,2,801,8,4462,4,80
1697,60,2,802,5,4467,4,50
1698,60,2,803,7,4474,2,70
1699,60,2,804,4,4478,6,40
1700,60,2,805,6,4484,1,60
1701,60,2,806,5,4489,1,50
1702,60,2,807,6,4495,3,60
1703,60,2,808,9,4504,0,90
1704,60,2,809,3,4507,3,30
1705,60,2,810,2,4509,1,20
1706,60,2,811,2,4511,1,20
1707,60,2,812,7,4518,2,70
1708,60,2,813,4,4522,1,40
1709,60,2,814,6,4528,1,60
1710,60,2,815,3,4531,0,30
1711,60,2,816,6,4537,1,60
1712,60,2,817,3,4540,2,30
1713,60,2,818,5,4545,2,50
1714,60,2,819,9,4554,1,90
1715,60,2,820,3,4557,2,30
1716,60,2,821,2,4559,4,20
1717,60,2,822,2,4561,0,20
1718,60,2,823,6,4567,3,60
1719,60,2,824,5,4572,2,50
1720,60,2,825,9,4581,3,90
1721,60,2,826,8,4589,1,80
1722,60,2,827,3,4592,5,30
1723,60,2,828,2,4594,2,20
1724,60,2,829,8,4602,7,80
1725,60,2,830,8,4610,5,80
1726,60,2,831,8,4618,1,80
1727,60,2,832,5,4623,1,50
1728,60,2,833,5,4628,1,50
1729,60,2,834,7,4635,5,70
1730,60,2,835,8,4643,1,80
1731,60,2,836,5,4648,3,50
1732,60,2,837,9,4657,5,90
1733,60,2,838,6,4663,1,60
1734,60,2,839,5,4668,4,50
1735,60,2,840,4,4672,1,40
1736,60,2,841,7,4679,3,70
1737,60,2,842,6,4685,1,60
1738,60,2,843,3,4688,1,30
1739,60,2,844,4,4692,4,40
1740,60,2,845,5,4697,6,50
1741,60,2,846,4,4701,2,40
1742,60,2,847,9,4710,1,90
1743,60,2,848,8,4718,2,80
1744,60,2,849,6,4724,2,60
1745,60,2,850,2,4726,1,20
1746,60,2,851,9,4735,6,90
1747,60,2,852,8,4743,3,80
1748,60,2,853,5,4748,1,50
1749,60,2,854,6,4754,2,60
1750,60,2,855,9,4763,1,90
1751,60,2,856,6,4769,7,60
1752,60,2,857,6,4775,3,60
1753,60,2,858,7,4782,2,70
1754,60,2,859,9,4791,2,90
1755,60,2,860,6,4797,6,60
1756,60,2,861,6,4803,1,60
1757,60,2,862,5,4808,2,50
1758,60,2,863,8,4816,7,80
1759,60,2,864,8,4824,3,80
1760,60,2,865,3,4827,4,30
1761,60,2,866,5,4832,2,50
1762,60,2,867,6,4838,2,60
1763,60,2,868,8,4846,1,80
1764,60,2,869,3,4849,4,30
1765,60,2,870,2,4851,2,20
1766,60,2,871,9,4860,1,90
1767,60,2,872,3,4863,5,30
1768,60,2,873,9,4872,0,90
1769,60,2,874,7,4879,1,70
1770,60,2,875,2,4881,1,20
1771,60,2,876,7,4888,2,70
1772,60,2,877,6,4894,1,60
1773,60,2,878,9,4903,3,90
1774,60,2,879,5,4908,6,50
1775,60,2,880,7,4915,4,70
1776,60,2,881,5,4920,1,50
1777,60,2,882,9,4929,1,90
1778,60,2,883,6,4935,4,60
1779,60,2,884,5,4940,1,50
1780,60,2,885,2,4942,1,20
1781,60,2,886,2,4944,1,20
1782,60,2,887,5,4949,2,50
1783,60,2,888,9,4958,3,90
1784,60,2,889,6,4964,1,60
1785,60,2,890,5,4969,7,50
1786,60,2,891,7,4976,2,70
1787,60,2,892,7,4983,1,70
1788,60,2,893,4,4987,2,40
1789,60,2,894,8,4995,3,80
1790,60,3,1,2,2,1,20
1791,60,3,2,9,11,0,90
1792,60,3,3,4,15,1,40
1793,60,3,4,3,18,0,30
1794,60,3,5,9,27,1,90
1795,60,3,6,5,32,1,50
1796,60,3,7,9,41,2,90
1797,60,3,8,2,43,1,20
1798,60,3,9,6,49,1,60
1799,60,3,10,9,58,1,90
1800,60,3,11,5,63,3,50
1801,60,3,12,6,69,2,60
1802,60,3,13,4,73,6,40
1803,60,3,14,6,79,2,60
1804,60,3,15,7,86,1,70
1805,60,3,16,4,90,4,40
1806,60,3,17,7,97,5,70
1807,60,3,18,6,103,2,60
1808,60,3,19,8,111,3,80
1809,60,3,20,5,116,3,50
1810,60,3,21,9,125,0,90
1811,60,3,22,4,129,1,40
1812,60,3,23,6,135,1,60
1813,60,3,24,4,139,4,40
1814,60,3,25,8,147,3,80
1815,60,3,26,9,156,1,90
1816,60,3,27,8,164,2,80
1817,60,3,28,6,170,1,60
1818,60,3,29,3,173,1,30
1819,60,3,30,3,176,2,30
1820,60,3,31,9,185,6,90
1821,60,3,32,7,192,2,70
1822,60,3,33,2,194,7,20
1823,60,3,34,5,199,2,50
1824,60,3,35,3,202,3,30
1825,60,3,36,9,211,5,90
1826,60,3,37,3,214,6,30
1827,60,3,38,8,222,6,80
1828,60,3,39,2,224,5,20
1829,60,3,40,5,229,0,50
1830,60,3,41,3,232,3,30
1831,60,3,42,7,239,1,70
1832,60,3,43,6,245,4,60
1833,60,3,44,5,250,1,50
1834,60,3,45,7,257,4,70
1835,60,3,46,2,259,4,20
1836,60,3,47,2,261,3,20
1837,60,3,48,8,269,2,80
1838,60,3,49,9,278,3,90
1839,60,3,50,8,286,4,80
1840,60,3,51,9,295,3,90
1841,60,3,52,6,301,2,60
1842,60,3,53,7,308,1,70
1843,60,3,54,5,313,4,50
1844,60,3,55,9,322,4,90
1845,60,3,56,4,326,5,40
1846,60,3,57,7,333,1,70
1847,60,3,58,5,338,7,50
1848,60,3,59,8,346,1,80
1849,60,3,60,2,348,2,20
1850,60,3,61,7,355,1,70
1851,60,3,62,4,359,2,40
1852,60,3,63,5,364,5,50
1853,60,3,64,8,372,2,80
1854,60,3,65,5,377,4,50
1855,60,3,66,3,380,6,30
1856,60,3,67,2,382,1,20
1857,60,3,68,3,385,4,30
1858,60,3,69,3,388,2,30
1859,60,3,70,2,390,1,20
1860,60,3,71,2,392,2,20
1861,60,3,72,7,399,4,70
1862,60,3,73,7,406,3,70
1863,60,3,74,9,415,1,90
1864,60,3,75,3,418,5,30
1865,60,3,76,7,425,1,70
1866,60,3,77,6,431,4,60
1867,60,3,78,5,436,3,50
1868,60,3,79,5,441,3,50
1869,60,3,80,5,446,2,50
1870,60,3,81,8,454,1,80
1871,60,3,82,3,457,4,30
1872,60,3,83,3,460,1,30
1873,60,3,84,9,469,1,90
1874,60,3,85,6,475,3,60
1875,60,3,86,8,483,1,80
1876,60,3,87,3,486,2,30
1877,60,3,88,2,488,3,20
1878,60,3,89,2,490,1,20
1879,60,3,90,2,492,1,20
1880,60,3,91,3,495,3,30
1881,60,3,92,4,499,0,40
1882,60,3,93,6,505,3,60
1883,60,3,94,7,512,1,70
1884,60,3,95,7,519,2,70
1885,60,3,96,5,524,1,50
1886,60,3,97,8,532,5,80
1887,60,3,98,8,540,1,80
1888,60,3,99,8,548,1,80
1889,60,3,100,5,553,6,50
1890,60,3,101,2,555,2,20
1891,60,3,102,3,558,2,30
1892,60,3,103,2,560,3,20
1893,60,3,104,4,564,1,40
1894,60,3,105,2,566,0,20
1895,60,3,106,4,570,4,40
1896,60,3,107,9,579,2,90
1897,60,3,108,8,587,4,80
1898,60,3,109,7,594,2,70
1899,60,3,110,4,598,2,40
1900,60,3,111,7,605,4,70
1901,60,3,112,3,608,2,30
1902,60,3,113,4,612,1,40
1903,60,3,114,2,614,3,20
1904,60,3,115,4,618,0,40
1905,60,3,116,3,621,3,30
1906,60,3,117,5,626,2,50
1907,60,3,118,4,630,1,40
1908,60,3,119,5,635,0,50
1909,60,3,120,7,642,8,70
1910,60,3,121,2,644,4,20
1911,60,3,122,2,646,2,20
1912,60,3,123,6,652,1,60
1913,60,3,124,8,660,2,80
1914,60,3,125,7,667,4,70
1915,60,3,126,9,676,2,90
1916,60,3,127,8,684,1,80
1917,60,3,128,2,686,1,20
1918,60,3,129,2,688,3,20
1919,60,3,130,4,692,2,40
1920,60,3,131,3,695,0,30
1921,60,3,132,5,700,4,50
1922,60,3,133,8,708,1,80
1923,60,3,134,6,714,3,60
1924,60,3,135,2,716,4,20
1925,60,3,136,8,724,1,80
1926,60,3,137,9,733,0,90
1927,60,3,138,8,741,1,80
1928,60,3,139,8,749,1,80
1929,60,3,140,9,758,7,90
1930,60,3,141,2,760,1,20
1931,60,3,142,8,768,1,80
1932,60,3,143,2,770,1,20
1933,60,3,144,2,772,10,20
1934,60,3,145,3,775,3,30
1935,60,3,146,2,777,6,20
1936,60,3,147,5,782,1,50
1937,60,3,148,2,784,1,20
1938,60,3,149,8,792,5,80
1939,60,3,150,9,801,7,90
1940,60,3,151,3,804,2,30
1941,60,3,152,4,808,0,40
1942,60,3,153,3,811,4,30
1943,60,3,154,6,817,2,60
1944,60,3,155,3,820,1,30
1945,60,3,156,3,823,2,30
1946,60,3,157,9,832,3,90
1947,60,3,158,3,835,1,30
1948,60,3,159,5,840,3,50
1949,60,3,160,8,848,1,80
1950,60,3,161,9,857,2,90
1951,60,3,162,2,859,3,20
1952,60,3,163,6,865,1,60
1953,60,3,164,5,870,1,50
1954,60,3,165,6,876,4,60
1955,60,3,166,2,878,1,20
1956,60,3,167,3,881,2,30
1957,60,3,168,4,885,1,40
1958,60,3,169,4,889,3,40
1959,60,3,170,5,894,2,50
1960,60,3,171,4,898,1,40
1961,60,3,172,4,902,2,40
1962,60,3,173,8,910,1,80
1963,60,3,174,2,912,2,20
1964,60,3,175,8,920,4,80
1965,60,3,176,4,924,3,40
1966,60,3,177,6,930,1,60
1967,60,3,178,7,937,4,70
1968,60,3,179,6,943,4,60
1969,60,3,180,9,952,3,90
1970,60,3,181,2,954,2,20
1971,60,3,182,5,959,2,50
1972,60,3,183,8,967,3,80
1973,60,3,184,7,974,5,70
1974,60,3,185,5,979,8,50
1975,60,3,186,5,984,1,50
1976,60,3,187,3,987,5,30
1977,60,3,188,9,996,4,90
1978,60,3,189,3,999,2,30
1979,60,3,190,8,1007,9,80
1980,60,3,191,5,1012,1,50
1981,60,3,192,4,1016,3,40
1982,60,3,193,6,1022,2,60
1983,60,3,194,7,1029,6,70
1984,60,3,195,3,1032,2,30
1985,60,3,196,9,1041,1,90
1986,60,3,197,7,1048,2,70
1987,60,3,198,2,1050,4,20
1988,60,3,199,4,1054,6,40
1989,60,3,200,2,1056,1,20
1990,60,3,201,4,1060,2,40
1991,60,3,202,2,1062,0,20
1992,60,3,203,8,1070,3,80
1993,60,3,204,7,1077,5,70
1994,60,3,205,6,1083,5,60
1995,60,3,206,3,1086,1,30
1996,60,3,207,8,1094,3,80
1997,60,3,208,9,1103,3,90
1998,60,3,209,7,1110,5,70
1999,60,3,210,2,1112,4,20
2000,60,3,211,5,1117,4,50
2001,60,3,212,4,1121,4,40
2002,60,3,213,8,1129,1,80
2003,60,3,214,2,1131,1,20
2004,60,3,215,9,1140,3,90
2005,60,3,216,5,1145,3,50
2006,60,3,217,2,1147,4,20
2007,60,3,218,6,1153,1,60
2008,60,3,219,7,1160,4,70
2009,60,3,220,9,1169,1,90
2010,60,3,221,2,1171,3,20
2011,60,3,222,7,1178,5,70
2012,60,3,223,3,1181,1,30
2013,60,3,224,2,1183,3,20
2014,60,3,225,4,1187,2,40
2015,60,3,226,2,1189,4,20
2016,60,3,227,4,1193,1,40
2017,60,3,228,2,1195,2,20
2018,60,3,229,8,1203,1,80
2019,60,3,230,7,1210,3,70
2020,60,3,231,3,1213,3,30
2021,60,3,232,4,1217,3,40
2022,60,3,233,7,1224,1,70
2023,60,3,234,2,1226,3,20
2024,60,3,235,8,1234,1,80
2025,60,3,236,2,1236,1,20
2026,60,3,237,2,1238,1,20
2027,60,3,238,4,1242,3,40
2028,60,3,239,9,1251,6,90
2029,60,3,240,5,1256,3,50
2030,60,3,241,6,1262,6,60
2031,60,3,242,6,1268,2,60
2032,60,3,243,7,1275,2,70
2033,60,3,244,6,1281,3,60
2034,60,3,245,8,1289,4,80
2035,60,3,246,8,1297,4,80
2036,60,3,247,6,1303,5,60
2037,60,3,248,9,1312,2,90
2038,60,3,249,8,1320,2,80
2039,60,3,250,9,1329,3,90
2040,60,3,251,6,1335,1,60
2041,60,3,252,6,1341,1,60
2042,60,3,253,4,1345,1,40
2043,60,3,254,8,1353,2,80
2044,60,3,255,3,1356,5,30
2045,60,3,256,7,1363,4,70
2046,60,3,257,2,1365,2,20
2047,60,3,258,5,1370,3,50
2048,60,3,259,9,1379,1,90
2049,60,3,260,7,1386,1,70
2050,60,3,261,7,1393,1,70
2051,60,3,262,9,1402,3,90
2052,60,3,263,6,1408,2,60
2053,60,3,264,8,1416,1,80
2054,60,3,265,6,1422,6,60
2055,60,3,266,5,1427,2,50
2056,60,3,267,7,1434,6,70
2057,60,3,268,6,1440,4,60
2058,60,3,269,5,1445,4,50
2059,60,3,270,7,1452,2,70
2060,60,3,271,8,1460,3,80
2061,60,3,272,6,1466,4,60
2062,60,3,273,8,1474,1,80
2063,60,3,274,6,1480,1,60
2064,60,3,275,8,1488,4,80
2065,60,3,276,3,1491,1,30
2066,60,3,277,2,1493,4,20
2067,60,3,278,2,1495,3,20
2068,60,3,279,2,1497,5,20
2069,60,3,280,8,1505,3,80
2070,60,3,281,7,1512,5,70
2071,60,3,282,9,1521,4,90
2072,60,3,283,9,1530,3,90
2073,60,3,284,5,1535,4,50
2074,60,3,285,2,1537,3,20
2075,60,3,286,3,1540,1,30
2076,60,3,287,8,1548,4,80
2077,60,3,288,5,1553,3,50
2078,60,3,289,7,1560,5,70
2079,60,3,290,5,1565,4,50
2080,60,3,291,7,1572,6,70
2081,60,3,292,6,1578,1,60
2082,60,3,293,3,1581,4,30
2083,60,3,294,9,1590,1,90
2084,60,3,295,7,1597,3,70
2085,60,3,296,7,1604,5,70
2086,60,3,297,9,1613,3,90
2087,60,3,298,5,1618,2,50
2088,60,3,299,2,1620,5,20
2089,60,3,300,6,1626,3,60
2090,60,3,301,6,1632,1,60
2091,60,3,302,6,1638,4,60
2092,60,3,303,8,1646,3,80
2093,60,3,304,6,1652,1,60
2094,60,3,305,8,1660,1,80
2095,60,3,306,4,1664,1,40
2096,60,3,307,3,1667,4,30
2097,60,3,308,4,1671,6,40
2098,60,3,309,2,1673,1,20
2099,60,3,310,7,1680,3,70
2100,60,3,311,9,1689,13,90
2101,60,3,312,3,1692,3,30
2102,60,3,313,8,1700,2,80
2103,60,3,314,5,1705,2,50
2104,60,3,315,6,1711,5,60
2105,60,3,316,2,1713,4,20
2106,60,3,317,8,1721,1,80
2107,60,3,318,9,1730,0,90
2108,60,3,319,6,1736,4,60
2109,60,3,320,3,1739,3,30
2110,60,3,321,2,1741,7,20
2111,60,3,322,3,1744,1,30
2112,60,3,323,5,1749,1,50
2113,60,3,324,6,1755,1,60
2114,60,3,325,6,1761,2,60
2115,60,3,326,9,1770,3,90
2116,60,3,327,6,1776,1,60
2117,60,3,328,4,1780,1,40
2118,60,3,329,4,1784,1,40
2119,60,3,330,3,1787,7,30
2120,60,3,331,5,1792,6,50
2121,60,3,332,9,1801,4,90
2122,60,3,333,9,1810,5,90
2123,60,3,334,3,1813,1,30
2124,60,3,335,5,1818,6,50
2125,60,3,336,5,1823,3,50
2126,60,3,337,5,1828,2,50
2127,60,3,338,7,1835,7,70
2128,60,3,339,8,1843,6,80
2129,60,3,340,6,1849,1,60
2130,60,3,341,6,1855,1,60
2131,60,3,342,2,1857,4,20
2132,60,3,343,9,1866,1,90
2133,60,3,344,9,1875,4,90
2134,60,3,345,5,1880,3,50
2135,60,3,346,5,1885,1,50
2136,60,3,347,4,1889,1,40
2137,60,3,348,4,1893,3,40
2138,60,3,349,9,1902,3,90
2139,60,3,350,4,1906,1,40
2140,60,3,351,6,1912,5,60
2141,60,3,352,5,1917,4,50
2142,60,3,353,3,1920,2,30
2143,60,3,354,4,1924,4,40
2144,60,3,355,5,1929,1,50
2145,60,3,356,4,1933,6,40
2146,60,3,357,2,1935,0,20
2147,60,3,358,9,1944,1,90
2148,60,3,359,6,1950,3,60
2149,60,3,360,6,1956,2,60
2150,60,3,361,2,1958,5,20
2151,60,3,362,2,1960,0,20
2152,60,3,363,7,1967,1,70
2153,60,3,364,9,1976,6,90
2154,60,3,365,4,1980,1,40
2155,60,3,366,4,1984,5,40
2156,60,3,367,8,1992,2,80
2157,60,3,368,4,1996,1,40
2158,60,3,369,2,1998,3,20
2159,60,3,370,3,2001,3,30
2160,60,3,371,2,2003,5,20
2161,60,3,372,7,2010,4,70
2162,60,3,373,5,2015,4,50
2163,60,3,374,8,2023,2,80
2164,60,3,375,8,2031,0,80
2165,60,3,376,5,2036,1,50
2166,60,3,377,5,2041,1,50
2167,60,3,378,8,2049,3,80
2168,60,3,379,3,2052,3,30
2169,60,3,380,4,2056,4,40
2170,60,3,381,6,2062,5,60
2171,60,3,382,7,2069,5,70
2172,60,3,383,6,2075,2,60
2173,60,3,384,2,2077,2,20
2174,60,3,385,4,2081,2,40
2175,60,3,386,3,2084,1,30
2176,60,3,387,3,2087,1,30
2177,60,3,388,9,2096,1,90
2178,60,3,389,4,2100,2,40
2179,60,3,390,6,2106,7,60
2180,60,3,391,2,2108,0,20
2181,60,3,392,7,2115,1,70
2182,60,3,393,8,2123,1,80
2183,60,3,394,5,2128,1,50
2184,60,3,395,8,2136,3,80
2185,60,3,396,2,2138,2,20
2186,60,3,397,4,2142,2,40
2187,60,3,398,7,2149,1,70
2188,60,3,399,6,2155,5,60
2189,60,3,400,8,2163,2,80
2190,60,3,401,5,2168,1,50
2191,60,3,402,8,2176,2,80
2192,60,3,403,6,2182,0,60
2193,60,3,404,4,2186,7,40
2194,60,3,405,5,2191,3,50
2195,60,3,406,8,2199,6,80
2196,60,3,407,6,2205,1,60
2197,60,3,408,2,2207,1,20
2198,60,3,409,3,2210,3,30
2199,60,3,410,6,2216,2,60
2200,60,3,411,3,2219,4,30
2201,60,3,412,3,2222,1,30
2202,60,3,413,5,2227,2,50
2203,60,3,414,8,2235,3,80
2204,60,3,415,4,2239,4,40
2205,60,3,416,8,2247,2,80
2206,60,3,417,8,2255,1,80
2207,60,3,418,2,2257,3,20
2208,60,3,419,4,2261,7,40
2209,60,3,420,8,2269,5,80
2210,60,3,421,2,2271,3,20
2211,60,3,422,5,2276,5,50
2212,60,3,423,7,2283,4,70
2213,60,3,424,2,2285,1,20
2214,60,3,425,7,2292,4,70
2215,60,3,426,8,2300,4,80
2216,60,3,427,3,2303,2,30
2217,60,3,428,7,2310,4,70
2218,60,3,429,8,2318,4,80
2219,60,3,430,5,2323,2,50
2220,60,3,431,6,2329,2,60
2221,60,3,432,5,2334,1,50
2222,60,3,433,6,2340,1,60
2223,60,3,434,5,2345,3,50
2224,60,3,435,6,2351,3,60
2225,60,3,436,9,2360,1,90
2226,60,3,437,3,2363,6,30
2227,60,3,438,5,2368,1,50
2228,60,3,439,9,2377,1,90
2229,60,3,440,3,2380,1,30
2230,60,3,441,5,2385,0,50
2231,60,3,442,6,2391,6,60
2232,60,3,443,2,2393,1,20
2233,60,3,444,3,2396,1,30
2234,60,3,445,2,2398,1,20
2235,60,3,446,8,2406,6,80
2236,60,3,447,8,2414,5,80
2237,60,3,448,6,2420,3,60
2238,60,3,449,6,2426,6,60
2239,60,3,450,8,2434,1,80
2240,60,3,451,7,2441,1,70
2241,60,3,452,8,2449,5,80
2242,60,3,453,9,2458,5,90
2243,60,3,454,9,2467,4,90
2244,60,3,455,5,2472,3,50
2245,60,3,456,8,2480,4,80
2246,60,3,457,8,2488,2,80
2247,60,3,458,5,2493,5,50
2248,60,3,459,5,2498,2,50
2249,60,3,460,5,2503,3,50
2250,60,3,461,2,2505,2,20
2251,60,3,462,5,2510,1,50
2252,60,3,463,5,2515,1,50
2253,60,3,464,4,2519,4,40
2254,60,3,465,5,2524,8,50
2255,60,3,466,4,2528,4,40
2256,60,3,467,7,2535,0,70
2257,60,3,468,8,2543,5,80
2258,60,3,469,3,2546,3,30
2259,60,3,470,7,2553,1,70
2260,60,3,471,2,2555,2,20
2261,60,3,472,3,2558,2,30
2262,60,3,473,8,2566,1,80
2263,60,3,474,3,2569,8,30
2264,60,3,475,7,2576,2,70
2265,60,3,476,5,2581,2,50
2266,60,3,477,3,2584,5,30
2267,60,3,478,2,2586,2,20
2268,60,3,479,6,2592,3,60
2269,60,3,480,7,2599,4,70
2270,60,3,481,6,2605,1,60
2271,60,3,482,3,2608,2,30
2272,60,3,483,3,2611,1,30
2273,60,3,484,7,2618,4,70
2274,60,3,485,6,2624,1,60
2275,60,3,486,7,2631,3,70
2276,60,3,487,5,2636,4,50
2277,60,3,488,9,2645,1,90
2278,60,3,489,2,2647,0,20
2279,60,3,490,9,2656,4,90
2280,60,3,491,6,2662,4,60
2281,60,3,492,9,2671,2,90
2282,60,3,493,8,2679,7,80
2283,60,3,494,9,2688,2,90
2284,60,3,495,3,2691,3,30
2285,60,3,496,9,2700,2,90
2286,60,3,497,4,2704,1,40
2287,60,3,498,5,2709,3,50
2288,60,3,499,8,2717,4,80
2289,60,3,500,3,2720,4,30
2290,60,3,501,3,2723,6,30
2291,60,3,502,7,2730,1,70
2292,60,3,503,7,2737,6,70
2293,60,3,504,5,2742,3,50
2294,60,3,505,5,2747,2,50
2295,60,3,506,7,2754,1,70
2296,60,3,507,4,2758,4,40
2297,60,3,508,6,2764,4,60
2298,60,3,509,4,2768,3,40
2299,60,3,510,7,2775,1,70
2300,60,3,511,9,2784,1,90
2301,60,3,512,5,2789,0,50
2302,60,3,513,6,2795,1,60
2303,60,3,514,8,2803,1,80
2304,60,3,515,4,2807,1,40
2305,60,3,516,4,2811,4,40
2306,60,3,517,3,2814,2,30
2307,60,3,518,8,2822,6,80
2308,60,3,519,4,2826,3,40
2309,60,3,520,9,2835,2,90
2310,60,3,521,4,2839,3,40
2311,60,3,522,9,2848,2,90
2312,60,3,523,8,2856,0,80
2313,60,3,524,9,2865,1,90
2314,60,3,525,7,2872,3,70
2315,60,3,526,6,2878,3,60
2316,60,3,527,3,2881,7,30
2317,60,3,528,8,2889,1,80
2318,60,3,529,7,2896,1,70
2319,60,3,530,8,2904,1,80
2320,60,3,531,4,2908,5,40
2321,60,3,532,7,2915,6,70
2322,60,3,533,5,2920,7,50
2323,60,3,534,6,2926,1,60
2324,60,3,535,8,2934,1,80
2325,60,3,536,5,2939,4,50
2326,60,3,537,9,2948,6,90
2327,60,3,538,6,2954,1,60
2328,60,3,539,7,2961,4,70
2329,60,3,540,8,2969,5,80
2330,60,3,541,2,2971,1,20
2331,60,3,542,6,2977,2,60
2332,60,3,543,5,2982,1,50
2333,60,3,544,3,2985,1,30
2334,60,3,545,3,2988,1,30
2335,60,3,546,9,2997,5,90
2336,60,3,547,3,3000,5,30
2337,60,3,548,5,3005,1,50
2338,60,3,549,4,3009,1,40
2339,60,3,550,7,3016,4,70
2340,60,3,551,7,3023,3,70
2341,60,3,552,6,3029,7,60
2342,60,3,553,9,3038,9,90
2343,60,3,554,2,3040,2,20
2344,60,3,555,5,3045,6,50
2345,60,3,556,9,3054,1,90
2346,60,3,557,9,3063,7,90
2347,60,3,558,5,3068,4,50
2348,60,3,559,8,3076,1,80
2349,60,3,560,3,3079,4,30
2350,60,3,561,3,3082,2,30
2351,60,3,562,6,3088,6,60
2352,60,3,563,8,3096,2,80
2353,60,3,564,5,3101,1,50
2354,60,3,565,4,3105,4,40
2355,60,3,566,6,3111,5,60
2356,60,3,567,6,3117,1,60
2357,60,3,568,8,3125,5,80
2358,60,3,569,9,3134,2,90
2359,60,3,570,2,3136,1,20
2360,60,3,571,2,3138,1,20
2361,60,3,572,5,3143,5,50
2362,60,3,573,7,3150,2,70
2363,60,3,574,3,3153,4,30
2364,60,3,575,5,3158,5,50
2365,60,3,576,7,3165,1,70
2366,60,3,577,5,3170,1,50
2367,60,3,578,3,3173,3,30
2368,60,3,579,3,3176,4,30
2369,60,3,580,6,3182,6,60
2370,60,3,581,9,3191,1,90
2371,60,3,582,3,3194,2,30
2372,60,3,583,7,3201,1,70
2373,60,3,584,5,3206,1,50
2374,60,3,585,3,3209,0,30
2375,60,3,586,2,3211,1,20
2376,60,3,587,6,3217,4,60
2377,60,3,588,6,3223,2,60
2378,60,3,589,6,3229,1,60
2379,60,3,590,8,3237,5,80
2380,60,3,591,2,3239,1,20
2381,60,3,592,7,3246,5,70
2382,60,3,593,8,3254,2,80
2383,60,3,594,4,3258,3,40
2384,60,3,595,5,3263,1,50
2385,60,3,596,6,3269,2,60
2386,60,3,597,5,3274,3,50
2387,60,3,598,4,3278,1,40
2388,60,3,599,2,3280,5,20
2389,60,3,600,6,3286,7,60
2390,60,3,601,9,3295,5,90
2391,60,3,602,7,3302,5,70
2392,60,3,603,4,3306,1,40
2393,60,3,604,5,3311,10,50
2394,60,3,605,6,3317,1,60
2395,60,3,606,8,3325,6,80
2396,60,3,607,3,3328,6,30
2397,60,3,608,3,3331,5,30
2398,60,3,609,4,3335,7,40
2399,60,3,610,9,3344,1,90
2400,60,3,611,6,3350,5,60
2401,60,3,612,4,3354,3,40
2402,60,3,613,8,3362,5,80
2403,60,3,614,5,3367,3,50
2404,60,3,615,9,3376,1,90
2405,60,3,616,8,3384,4,80
2406,60,3,617,6,3390,1,60
2407,60,3,618,3,3393,3,30
2408,60,3,619,9,3402,5,90
2409,60,3,620,5,3407,2,50
2410,60,3,621,6,3413,6,60
2411,60,3,622,5,3418,5,50
2412,60,3,623,3,3421,2,30
2413,60,3,624,7,3428,3,70
2414,60,3,625,3,3431,2,30
2415,60,3,626,4,3435,3,40
2416,60,3,627,4,3439,1,40
2417,60,3,628,3,3442,1,30
2418,60,3,629,3,3445,3,30
2419,60,3,630,9,3454,5,90
2420,60,3,631,7,3461,4,70
2421,60,3,632,2,3463,2,20
2422,60,3,633,5,3468,1,50
2423,60,3,634,9,3477,3,90
2424,60,3,635,7,3484,3,70
2425,60,3,636,2,3486,1,20
2426,60,3,637,5,3491,3,50
2427,60,3,638,5,3496,1,50
2428,60,3,639,5,3501,4,50
2429,60,3,640,3,3504,4,30
2430,60,3,641,6,3510,1,60
2431,60,3,642,8,3518,2,80
2432,60,3,643,2,3520,1,20
2433,60,3,644,7,3527,2,70
2434,60,3,645,9,3536,1,90
2435,60,3,646,6,3542,6,60
2436,60,3,647,9,3551,2,90
2437,60,3,648,3,3554,4,30
2438,60,3,649,5,3559,2,50
2439,60,3,650,2,3561,6,20
2440,60,3,651,3,3564,1,30
2441,60,3,652,3,3567,5,30
2442,60,3,653,3,3570,4,30
2443,60,3,654,2,3572,1,20
2444,60,3,655,5,3577,2,50
2445,60,3,656,9,3586,3,90
2446,60,3,657,5,3591,0,50
2447,60,3,658,9,3600,1,90
2448,60,3,659,9,3609,2,90
2449,60,3,660,7,3616,1,70
2450,60,3,661,4,3620,3,40
2451,60,3,662,9,3629,4,90
2452,60,3,663,3,3632,4,30
2453,60,3,664,9,3641,1,90
2454,60,3,665,7,3648,1,70
2455,60,3,666,3,3651,8,30
2456,60,3,667,2,3653,1,20
2457,60,3,668,6,3659,1,60
2458,60,3,669,6,3665,1,60
2459,60,3,670,6,3671,1,60
2460,60,3,671,4,3675,3,40
2461,60,3,672,8,3683,2,80
2462,60,3,673,7,3690,2,70
2463,60,3,674,3,3693,3,30
2464,60,3,675,4,3697,1,40
2465,60,3,676,5,3702,2,50
2466,60,3,677,9,3711,5,90
2467,60,3,678,8,3719,4,80
2468,60,3,679,4,3723,2,40
2469,60,3,680,9,3732,5,90
2470,60,3,681,2,3734,1,20
2471,60,3,682,2,3736,2,20
2472,60,3,683,9,3745,1,90
2473,60,3,684,6,3751,5,60
2474,60,3,685,8,3759,7,80
2475,60,3,686,6,3765,3,60
2476,60,3,687,3,3768,4,30
2477,60,3,688,7,3775,5,70
2478,60,3,689,3,3778,1,30
2479,60,3,690,5,3783,5,50
2480,60,3,691,2,3785,1,20
2481,60,3,692,6,3791,1,60
2482,60,3,693,4,3795,6,40
2483,60,3,694,5,3800,4,50
2484,60,3,695,6,3806,3,60
2485,60,3,696,9,3815,1,90
2486,60,3,697,5,3820,3,50
2487,60,3,698,7,3827,4,70
2488,60,3,699,3,3830,6,30
2489,60,3,700,8,3838,1,80
2490,60,3,701,7,3845,1,70
2491,60,3,702,6,3851,2,60
2492,60,3,703,6,3857,7,60
2493,60,3,704,5,3862,3,50
2494,60,3,705,9,3871,2,90
2495,60,3,706,3,3874,5,30
2496,60,3,707,3,3877,1,30
2497,60,3,708,6,3883,1,60
2498,60,3,709,6,3889,5,60
2499,60,3,710,7,3896,5,70
2500,60,3,711,8,3904,4,80
2501,60,3,712,2,3906,1,20
2502,60,3,713,3,3909,0,30
2503,60,3,714,2,3911,1,20
2504,60,3,715,5,3916,2,50
2505,60,3,716,6,3922,0,60
2506,60,3,717,4,3926,2,40
2507,60,3,718,7,3933,1,70
2508,60,3,719,7,3940,1,70
2509,60,3,720,4,3944,1,40
2510,60,3,721,6,3950,1,60
2511,60,3,722,2,3952,4,20
2512,60,3,723,6,3958,3,60
2513,60,3,724,7,3965,2,70
2514,60,3,725,8,3973,4,80
2515,60,3,726,2,3975,2,20
2516,60,3,727,5,3980,4,50
2517,60,3,728,9,3989,5,90
2518,60,3,729,6,3995,2,60
2519,60,3,730,3,3998,1,30
2520,60,3,731,8,4006,8,80
2521,60,3,732,2,4008,1,20
2522,60,3,733,7,4015,2,70
2523,60,3,734,4,4019,4,40
2524,60,3,735,9,4028,1,90
2525,60,3,736,7,4035,5,70
2526,60,3,737,7,4042,2,70
2527,60,3,738,8,4050,4,80
2528,60,3,739,2,4052,2,20
2529,60,3,740,6,4058,2,60
2530,60,3,741,2,4060,2,20
2531,60,3,742,8,4068,1,80
2532,60,3,743,8,4076,3,80
2533,60,3,744,5,4081,0,50
2534,60,3,745,6,4087,4,60
2535,60,3,746,4,4091,2,40
2536,60,3,747,8,4099,8,80
2537,60,3,748,3,4102,4,30
2538,60,3,749,2,4104,1,20
2539,60,3,750,5,4109,1,50
2540,60,3,751,8,4117,1,80
2541,60,3,752,2,4119,1,20
2542,60,3,753,4,4123,1,40
2543,60,3,754,8,4131,2,80
2544,60,3,755,4,4135,2,40
2545,60,3,756,2,4137,7,20
2546,60,3,757,5,4142,5,50
2547,60,3,758,3,4145,0,30
2548,60,3,759,6,4151,1,60
2549,60,3,760,5,4156,1,50
2550,60,3,761,6,4162,2,60
2551,60,3,762,3,4165,1,30
2552,60,3,763,6,4171,0,60
2553,60,3,764,7,4178,2,70
2554,60,3,765,9,4187,1,90
2555,60,3,766,3,4190,1,30
2556,60,3,767,7,4197,3,70
2557,60,3,768,4,4201,5,40
2558,60,3,769,2,4203,1,20
2559,60,3,770,3,4206,7,30
2560,60,3,771,2,4208,1,20
2561,60,3,772,6,4214,7,60
2562,60,3,773,6,4220,1,60
2563,60,3,774,8,4228,4,80
2564,60,3,775,4,4232,2,40
2565,60,3,776,4,4236,0,40
2566,60,3,777,8,4244,1,80
2567,60,3,778,4,4248,2,40
2568,60,3,779,6,4254,1,60
2569,60,3,780,7,4261,6,70
2570,60,3,781,9,4270,3,90
2571,60,3,782,9,4279,1,90
2572,60,3,783,3,4282,1,30
2573,60,3,784,7,4289,3,70
2574,60,3,785,5,4294,1,50
2575,60,3,786,4,4298,2,40
2576,60,3,787,7,4305,3,70
2577,60,3,788,4,4309,2,40
2578,60,3,789,3,4312,2,30
2579,60,3,790,9,4321,1,90
2580,60,3,791,4,4325,4,40
2581,60,3,792,6,4331,3,60
2582,60,3,793,8,4339,1,80
2583,60,3,794,8,4347,8,80
2584,60,3,795,9,4356,1,90
2585,60,3,796,7,4363,5,70
2586,60,3,797,3,4366,5,30
2587,60,3,798,6,4372,1,60
2588,60,3,799,9,4381,5,90
2589,60,3,800,5,4386,6,50
2590,60,3,801,2,4388,8,20
2591,60,3,802,9,4397,3,90
2592,60,3,803,5,4402,1,50
2593,60,3,804,7,4409,0,70
2594,60,3,805,6,4415,2,60
2595,60,3,806,6,4421,1,60
2596,60,3,807,3,4424,1,30
2597,60,3,808,6,4430,3,60
2598,60,3,809,4,4434,4,40
2599,60,3,810,7,4441,1,70
2600,60,3,811,9,4450,4,90
2601,60,3,812,9,4459,4,90
2602,60,3,813,8,4467,1,80
2603,60,3,814,8,4475,5,80
2604,60,3,815,5,4480,3,50
2605,60,3,816,4,4484,6,40
2606,60,3,817,3,4487,1,30
2607,60,3,818,5,4492,6,50
2608,60,3,819,5,4497,5,50
2609,60,3,820,5,4502,2,50
2610,60,3,821,9,4511,1,90
2611,60,3,822,7,4518,1,70
2612,60,3,823,2,4520,4,20
2613,60,3,824,3,4523,1,30
2614,60,3,825,5,4528,3,50
2615,60,3,826,2,4530,3,20
2616,60,3,827,9,4539,1,90
2617,60,3,828,7,4546,7,70
2618,60,3,829,3,4549,4,30
2619,60,3,830,8,4557,3,80
2620,60,3,831,5,4562,1,50
2621,60,3,832,3,4565,3,30
2622,60,3,833,4,4569,5,40
2623,60,3,834,4,4573,5,40
2624,60,3,835,2,4575,5,20
2625,60,3,836,2,4577,3,20
2626,60,3,837,2,4579,1,20
2627,60,3,838,2,4581,2,20
2628,60,3,839,5,4586,4,50
2629,60,3,840,4,4590,4,40
2630,60,3,841,6,4596,1,60
2631,60,3,842,4,4600,1,40
2632,60,3,843,3,4603,1,30
2633,60,3,844,3,4606,0,30
2634,60,3,845,2,4608,2,20
2635,60,3,846,5,4613,1,50
2636,60,3,847,2,4615,1,20
2637,60,3,848,8,4623,0,80
2638,60,3,849,8,4631,2,80
2639,60,3,850,9,4640,5,90
2640,60,3,851,5,4645,0,50
2641,60,3,852,8,4653,1,80
2642,60,3,853,2,4655,4,20
2643,60,3,854,4,4659,3,40
2644,60,3,855,4,4663,3,40
2645,60,3,856,6,4669,3,60
2646,60,3,857,4,4673,4,40
2647,60,3,858,3,4676,8,30
2648,60,3,859,3,4679,2,30
2649,60,3,860,3,4682,1,30
2650,60,3,861,6,4688,1,60
2651,60,3,862,5,4693,7,50
2652,60,3,863,3,4696,1,30
2653,60,3,864,5,4701,1,50
2654,60,3,865,7,4708,3,70
2655,60,3,866,2,4710,4,20
2656,60,3,867,2,4712,0,20
2657,60,3,868,6,4718,7,60
2658,60,3,869,7,4725,1,70
2659,60,3,870,9,4734,2,90
2660,60,3,871,8,4742,5,80
2661,60,3,872,4,4746,6,40
2662,60,3,873,6,4752,3,60
2663,60,3,874,6,4758,0,60
2664,60,3,875,8,4766,1,80
2665,60,3,876,2,4768,1,20
2666,60,3,877,8,4776,3,80
2667,60,3,878,4,4780,1,40
2668,60,3,879,2,4782,1,20
2669,60,3,880,6,4788,2,60
2670,60,3,881,5,4793,1,50
2671,60,3,882,2,4795,1,20
2672,60,3,883,2,4797,1,20
2673,60,3,884,2,4799,1,20
2674,60,3,885,7,4806,2,70
2675,60,3,886,7,4813,2,70
2676,60,3,887,8,4821,5,80
2677,60,3,888,6,4827,1,60
2678,60,3,889,7,4834,3,70
2679,60,3,890,4,4838,1,40
2680,60,3,891,4,4842,1,40
2681,60,3,892,4,4846,2,40
2682,60,3,893,3,4849,1,30
2683,60,3,894,6,4855,1,60
2684,60,3,895,4,4859,1,40
2685,60,3,896,9,4868,3,90
2686,60,3,897,4,4872,1,40
2687,60,3,898,2,4874,3,20
2688,60,3,899,9,4883,5,90
2689,60,3,900,5,4888,3,50
2690,60,3,901,3,4891,1,30
2691,60,3,902,9,4900,1,90
2692,60,3,903,9,4909,3,90
2693,60,3,904,9,4918,1,90
2694,60,3,905,3,4921,2,30
2695,60,3,906,4,4925,4,40
2696,60,3,907,2,4927,1,20
2697,60,3,908,4,4931,3,40
2698,60,3,909,9,4940,1,90
2699,60,3,910,9,4949,3,90
2700,60,3,911,7,4956,5,70
2701,60,3,912,9,4965,1,90
2702,60,3,913,5,4970,3,50
2703,60,3,914,7,4977,1,70
2704,60,3,915,4,4981,1,40
2705,60,3,916,6,4987,8,60
2706,60,3,917,8,4995,3,80
