,Scenario,Trial,Inspection,Interval,Time,Defects,Rate
0,234,1,1,7,7,1,70
1,234,1,2,8,15,1,80
2,234,1,3,4,19,1,40
3,234,1,4,7,26,4,70
4,234,1,5,3,29,1,30
5,234,1,6,8,37,1,80
6,234,1,7,5,42,1,50
7,234,1,8,8,50,2,80
8,234,1,9,2,52,1,20
9,234,1,10,9,61,1,90
10,234,1,11,3,64,1,30
11,234,1,12,3,67,1,30
12,234,1,13,3,70,8,30
13,234,1,14,5,75,1,50
14,234,1,15,5,80,1,50
15,234,1,16,5,85,1,50
16,234,1,17,9,94,1,90
17,234,1,18,8,102,1,80
18,234,1,19,3,105,13,30
19,234,1,20,5,110,7,50
20,234,1,21,3,113,5,30
21,234,1,22,3,116,1,30
22,234,1,23,6,122,1,60
23,234,1,24,3,125,3,30
24,234,1,25,7,132,1,70
25,234,1,26,9,141,1,90
26,234,1,27,5,146,1,50
27,234,1,28,8,154,1,80
28,234,1,29,7,161,1,70
29,234,1,30,7,168,6,70
30,234,1,31,3,171,1,30
31,234,1,32,2,173,1,20
32,234,1,33,5,178,1,50
33,234,1,34,5,183,1,50
34,234,1,35,8,191,1,80
35,234,1,36,6,197,1,60
36,234,1,37,9,206,1,90
37,234,1,38,3,209,1,30
38,234,1,39,7,216,10,70
39,234,1,40,2,218,1,20
40,234,1,41,8,226,1,80
41,234,1,42,8,234,1,80
42,234,1,43,5,239,1,50
43,234,1,44,2,241,14,20
44,234,1,45,7,248,1,70
45,234,1,46,6,254,7,60
46,234,1,47,6,260,1,60
47,234,1,48,9,269,1,90
48,234,1,49,9,278,3,90
49,234,1,50,8,286,1,80
50,234,1,51,9,295,7,90
51,234,1,52,3,298,1,30
52,234,1,53,3,301,1,30
53,234,1,54,4,305,1,40
54,234,1,55,3,308,1,30
55,234,1,56,7,315,1,70
56,234,1,57,6,321,1,60
57,234,1,58,8,329,12,80
58,234,1,59,4,333,8,40
59,234,1,60,3,336,1,30
60,234,1,61,7,343,1,70
61,234,1,62,9,352,8,90
62,234,1,63,5,357,1,50
63,234,1,64,3,360,5,30
64,234,1,65,8,368,1,80
65,234,1,66,9,377,1,90
66,234,1,67,6,383,4,60
67,234,1,68,7,390,1,70
68,234,1,69,5,395,1,50
69,234,1,70,2,397,1,20
70,234,1,71,9,406,1,90
71,234,1,72,9,415,1,90
72,234,1,73,6,421,1,60
73,234,1,74,3,424,1,30
74,234,1,75,4,428,1,40
75,234,1,76,8,436,7,80
76,234,1,77,2,438,1,20
77,234,1,78,4,442,1,40
78,234,1,79,6,448,1,60
79,234,1,80,2,450,1,20
80,234,1,81,3,453,1,30
81,234,1,82,8,461,1,80
82,234,1,83,8,469,1,80
83,234,1,84,4,473,8,40
84,234,1,85,4,477,1,40
85,234,1,86,6,483,1,60
86,234,1,87,2,485,1,20
87,234,1,88,4,489,1,40
88,234,1,89,7,496,3,70
89,234,1,90,5,501,1,50
90,234,1,91,2,503,1,20
91,234,1,92,2,505,1,20
92,234,1,93,4,509,1,40
93,234,1,94,4,513,1,40
94,234,1,95,5,518,1,50
95,234,1,96,5,523,3,50
96,234,1,97,8,531,1,80
97,234,1,98,8,539,9,80
98,234,1,99,9,548,1,90
99,234,1,100,4,552,10,40
100,234,1,101,4,556,1,40
101,234,1,102,4,560,1,40
102,234,1,103,6,566,1,60
103,234,1,104,4,570,3,40
104,234,1,105,4,574,1,40
105,234,1,106,9,583,1,90
106,234,1,107,5,588,1,50
107,234,1,108,4,592,6,40
108,234,1,109,3,595,9,30
109,234,1,110,9,604,3,90
110,234,1,111,9,613,5,90
111,234,1,112,4,617,1,40
112,234,1,113,5,622,1,50
113,234,1,114,7,629,1,70
114,234,1,115,5,634,1,50
115,234,1,116,5,639,1,50
116,234,1,117,3,642,1,30
117,234,1,118,9,651,13,90
118,234,1,119,5,656,1,50
119,234,1,120,4,660,6,40
120,234,1,121,9,669,1,90
121,234,1,122,6,675,5,60
122,234,1,123,8,683,1,80
123,234,1,124,9,692,1,90
124,234,1,125,4,696,6,40
125,234,1,126,2,698,1,20
126,234,1,127,9,707,1,90
127,234,1,128,6,713,11,60
128,234,1,129,8,721,6,80
129,234,1,130,6,727,1,60
130,234,1,131,6,733,1,60
131,234,1,132,6,739,3,60
132,234,1,133,2,741,1,20
133,234,1,134,2,743,4,20
134,234,1,135,3,746,1,30
135,234,1,136,3,749,0,30
136,234,1,137,5,754,1,50
137,234,1,138,7,761,7,70
138,234,1,139,5,766,2,50
139,234,1,140,4,770,3,40
140,234,1,141,4,774,1,40
141,234,1,142,6,780,1,60
142,234,1,143,8,788,1,80
143,234,1,144,3,791,2,30
144,234,1,145,6,797,9,60
145,234,1,146,2,799,5,20
146,234,1,147,8,807,1,80
147,234,1,148,8,815,5,80
148,234,1,149,9,824,6,90
149,234,1,150,7,831,6,70
150,234,1,151,4,835,7,40
151,234,1,152,7,842,4,70
152,234,1,153,6,848,1,60
153,234,1,154,3,851,1,30
154,234,1,155,3,854,1,30
155,234,1,156,7,861,1,70
156,234,1,157,7,868,1,70
157,234,1,158,4,872,1,40
158,234,1,159,2,874,5,20
159,234,1,160,9,883,1,90
160,234,1,161,4,887,1,40
161,234,1,162,2,889,8,20
162,234,1,163,7,896,1,70
163,234,1,164,2,898,1,20
164,234,1,165,3,901,3,30
165,234,1,166,4,905,1,40
166,234,1,167,3,908,1,30
167,234,1,168,8,916,1,80
168,234,1,169,9,925,1,90
169,234,1,170,6,931,6,60
170,234,1,171,3,934,1,30
171,234,1,172,3,937,1,30
172,234,1,173,8,945,1,80
173,234,1,174,7,952,5,70
174,234,1,175,4,956,1,40
175,234,1,176,6,962,1,60
176,234,1,177,3,965,1,30
177,234,1,178,6,971,1,60
178,234,1,179,5,976,1,50
179,234,1,180,4,980,1,40
180,234,1,181,4,984,1,40
181,234,1,182,2,986,1,20
182,234,1,183,3,989,1,30
183,234,1,184,7,996,1,70
184,234,1,185,2,998,1,20
185,234,1,186,4,1002,5,40
186,234,1,187,2,1004,1,20
187,234,1,188,9,1013,1,90
188,234,1,189,9,1022,2,90
189,234,1,190,7,1029,1,70
190,234,1,191,3,1032,1,30
191,234,1,192,4,1036,1,40
192,234,1,193,6,1042,1,60
193,234,1,194,4,1046,1,40
194,234,1,195,5,1051,4,50
195,234,1,196,5,1056,1,50
196,234,1,197,2,1058,9,20
197,234,1,198,6,1064,1,60
198,234,1,199,5,1069,1,50
199,234,1,200,5,1074,2,50
200,234,1,201,9,1083,1,90
201,234,1,202,4,1087,1,40
202,234,1,203,8,1095,8,80
203,234,1,204,7,1102,1,70
204,234,1,205,8,1110,1,80
205,234,1,206,5,1115,7,50
206,234,1,207,2,1117,1,20
207,234,1,208,9,1126,1,90
208,234,1,209,9,1135,7,90
209,234,1,210,3,1138,1,30
210,234,1,211,9,1147,1,90
211,234,1,212,4,1151,1,40
212,234,1,213,3,1154,1,30
213,234,1,214,5,1159,11,50
214,234,1,215,9,1168,1,90
215,234,1,216,6,1174,12,60
216,234,1,217,8,1182,7,80
217,234,1,218,8,1190,1,80
218,234,1,219,5,1195,9,50
219,234,1,220,9,1204,1,90
220,234,1,221,2,1206,6,20
221,234,1,222,6,1212,1,60
222,234,1,223,7,1219,3,70
223,234,1,224,7,1226,4,70
224,234,1,225,8,1234,5,80
225,234,1,226,5,1239,7,50
226,234,1,227,8,1247,5,80
227,234,1,228,5,1252,1,50
228,234,1,229,5,1257,1,50
229,234,1,230,5,1262,1,50
230,234,1,231,6,1268,1,60
231,234,1,232,3,1271,1,30
232,234,1,233,2,1273,1,20
233,234,1,234,4,1277,1,40
234,234,1,235,5,1282,3,50
235,234,1,236,9,1291,1,90
236,234,1,237,8,1299,8,80
237,234,1,238,3,1302,1,30
238,234,1,239,5,1307,1,50
239,234,1,240,4,1311,1,40
240,234,1,241,5,1316,1,50
241,234,1,242,2,1318,1,20
242,234,1,243,3,1321,1,30
243,234,1,244,2,1323,6,20
244,234,1,245,8,1331,3,80
245,234,1,246,7,1338,1,70
246,234,1,247,5,1343,1,50
247,234,1,248,4,1347,1,40
248,234,1,249,6,1353,1,60
249,234,1,250,7,1360,1,70
250,234,1,251,8,1368,8,80
251,234,1,252,5,1373,1,50
252,234,1,253,7,1380,2,70
253,234,1,254,7,1387,1,70
254,234,1,255,2,1389,3,20
255,234,1,256,7,1396,10,70
256,234,1,257,7,1403,9,70
257,234,1,258,5,1408,5,50
258,234,1,259,2,1410,2,20
259,234,1,260,4,1414,1,40
260,234,1,261,3,1417,1,30
261,234,1,262,4,1421,1,40
262,234,1,263,8,1429,1,80
263,234,1,264,6,1435,1,60
264,234,1,265,9,1444,7,90
265,234,1,266,7,1451,1,70
266,234,1,267,9,1460,1,90
267,234,1,268,4,1464,1,40
268,234,1,269,2,1466,1,20
269,234,1,270,2,1468,1,20
270,234,1,271,8,1476,6,80
271,234,1,272,7,1483,1,70
272,234,1,273,4,1487,1,40
273,234,1,274,5,1492,1,50
274,234,1,275,3,1495,1,30
275,234,1,276,5,1500,1,50
276,234,1,277,6,1506,1,60
277,234,1,278,8,1514,1,80
278,234,1,279,4,1518,1,40
279,234,1,280,5,1523,1,50
280,234,1,281,4,1527,1,40
281,234,1,282,3,1530,12,30
282,234,1,283,3,1533,1,30
283,234,1,284,7,1540,5,70
284,234,1,285,2,1542,1,20
285,234,1,286,2,1544,1,20
286,234,1,287,3,1547,5,30
287,234,1,288,2,1549,1,20
288,234,1,289,3,1552,1,30
289,234,1,290,3,1555,1,30
290,234,1,291,6,1561,7,60
291,234,1,292,9,1570,1,90
292,234,1,293,9,1579,9,90
293,234,1,294,5,1584,1,50
294,234,1,295,6,1590,6,60
295,234,1,296,3,1593,1,30
296,234,1,297,2,1595,1,20
297,234,1,298,3,1598,1,30
298,234,1,299,9,1607,3,90
299,234,1,300,4,1611,5,40
300,234,1,301,3,1614,6,30
301,234,1,302,9,1623,1,90
302,234,1,303,2,1625,1,20
303,234,1,304,4,1629,2,40
304,234,1,305,7,1636,1,70
305,234,1,306,2,1638,6,20
306,234,1,307,8,1646,1,80
307,234,1,308,9,1655,1,90
308,234,1,309,2,1657,7,20
309,234,1,310,2,1659,1,20
310,234,1,311,6,1665,1,60
311,234,1,312,7,1672,4,70
312,234,1,313,4,1676,5,40
313,234,1,314,6,1682,1,60
314,234,1,315,2,1684,1,20
315,234,1,316,7,1691,4,70
316,234,1,317,7,1698,1,70
317,234,1,318,6,1704,1,60
318,234,1,319,2,1706,7,20
319,234,1,320,9,1715,7,90
320,234,1,321,6,1721,3,60
321,234,1,322,6,1727,1,60
322,234,1,323,6,1733,1,60
323,234,1,324,2,1735,5,20
324,234,1,325,6,1741,1,60
325,234,1,326,6,1747,1,60
326,234,1,327,2,1749,1,20
327,234,1,328,5,1754,1,50
328,234,1,329,8,1762,1,80
329,234,1,330,8,1770,1,80
330,234,1,331,8,1778,1,80
331,234,1,332,2,1780,15,20
332,234,1,333,8,1788,1,80
333,234,1,334,6,1794,13,60
334,234,1,335,5,1799,7,50
335,234,1,336,2,1801,1,20
336,234,1,337,4,1805,1,40
337,234,1,338,9,1814,1,90
338,234,1,339,3,1817,1,30
339,234,1,340,5,1822,1,50
340,234,1,341,8,1830,1,80
341,234,1,342,5,1835,11,50
342,234,1,343,6,1841,9,60
343,234,1,344,4,1845,1,40
344,234,1,345,5,1850,1,50
345,234,1,346,4,1854,7,40
346,234,1,347,7,1861,6,70
347,234,1,348,9,1870,1,90
348,234,1,349,2,1872,1,20
349,234,1,350,9,1881,1,90
350,234,1,351,3,1884,9,30
351,234,1,352,2,1886,1,20
352,234,1,353,8,1894,1,80
353,234,1,354,2,1896,1,20
354,234,1,355,3,1899,7,30
355,234,1,356,8,1907,1,80
356,234,1,357,6,1913,5,60
357,234,1,358,3,1916,1,30
358,234,1,359,4,1920,1,40
359,234,1,360,4,1924,1,40
360,234,1,361,8,1932,6,80
361,234,1,362,3,1935,1,30
362,234,1,363,4,1939,1,40
363,234,1,364,6,1945,3,60
364,234,1,365,2,1947,1,20
365,234,1,366,5,1952,1,50
366,234,1,367,2,1954,1,20
367,234,1,368,5,1959,5,50
368,234,1,369,4,1963,1,40
369,234,1,370,2,1965,1,20
370,234,1,371,7,1972,1,70
371,234,1,372,5,1977,1,50
372,234,1,373,8,1985,1,80
373,234,1,374,4,1989,1,40
374,234,1,375,5,1994,1,50
375,234,1,376,4,1998,6,40
376,234,1,377,5,2003,4,50
377,234,1,378,7,2010,1,70
378,234,1,379,7,2017,6,70
379,234,1,380,8,2025,8,80
380,234,1,381,5,2030,1,50
381,234,1,382,8,2038,8,80
382,234,1,383,4,2042,4,40
383,234,1,384,5,2047,1,50
384,234,1,385,6,2053,1,60
385,234,1,386,6,2059,1,60
386,234,1,387,5,2064,1,50
387,234,1,388,6,2070,1,60
388,234,1,389,7,2077,1,70
389,234,1,390,9,2086,8,90
390,234,1,391,8,2094,1,80
391,234,1,392,3,2097,5,30
392,234,1,393,2,2099,1,20
393,234,1,394,5,2104,1,50
394,234,1,395,7,2111,1,70
395,234,1,396,3,2114,1,30
396,234,1,397,2,2116,1,20
397,234,1,398,3,2119,1,30
398,234,1,399,6,2125,9,60
399,234,1,400,7,2132,1,70
400,234,1,401,6,2138,1,60
401,234,1,402,6,2144,1,60
402,234,1,403,2,2146,1,20
403,234,1,404,4,2150,1,40
404,234,1,405,3,2153,1,30
405,234,1,406,5,2158,1,50
406,234,1,407,8,2166,1,80
407,234,1,408,8,2174,1,80
408,234,1,409,8,2182,8,80
409,234,1,410,7,2189,7,70
410,234,1,411,2,2191,1,20
411,234,1,412,6,2197,1,60
412,234,1,413,8,2205,12,80
413,234,1,414,5,2210,4,50
414,234,1,415,7,2217,1,70
415,234,1,416,4,2221,1,40
416,234,1,417,2,2223,1,20
417,234,1,418,6,2229,1,60
418,234,1,419,3,2232,1,30
419,234,1,420,9,2241,1,90
420,234,1,421,5,2246,1,50
421,234,1,422,9,2255,4,90
422,234,1,423,8,2263,1,80
423,234,1,424,4,2267,1,40
424,234,1,425,8,2275,10,80
425,234,1,426,9,2284,1,90
426,234,1,427,3,2287,1,30
427,234,1,428,8,2295,11,80
428,234,1,429,2,2297,1,20
429,234,1,430,2,2299,11,20
430,234,1,431,4,2303,7,40
431,234,1,432,3,2306,3,30
432,234,1,433,6,2312,1,60
433,234,1,434,6,2318,1,60
434,234,1,435,3,2321,1,30
435,234,1,436,7,2328,1,70
436,234,1,437,9,2337,1,90
437,234,1,438,6,2343,9,60
438,234,1,439,7,2350,2,70
439,234,1,440,7,2357,1,70
440,234,1,441,6,2363,6,60
441,234,1,442,5,2368,1,50
442,234,1,443,9,2377,1,90
443,234,1,444,7,2384,1,70
444,234,1,445,8,2392,1,80
445,234,1,446,8,2400,1,80
446,234,1,447,8,2408,1,80
447,234,1,448,3,2411,1,30
448,234,1,449,9,2420,1,90
449,234,1,450,5,2425,1,50
450,234,1,451,6,2431,1,60
451,234,1,452,5,2436,1,50
452,234,1,453,3,2439,9,30
453,234,1,454,5,2444,1,50
454,234,1,455,7,2451,1,70
455,234,1,456,9,2460,1,90
456,234,1,457,8,2468,1,80
457,234,1,458,9,2477,1,90
458,234,1,459,8,2485,1,80
459,234,1,460,8,2493,19,80
460,234,1,461,2,2495,1,20
461,234,1,462,4,2499,13,40
462,234,1,463,3,2502,1,30
463,234,1,464,5,2507,1,50
464,234,1,465,7,2514,1,70
465,234,1,466,8,2522,1,80
466,234,1,467,2,2524,1,20
467,234,1,468,6,2530,1,60
468,234,1,469,5,2535,1,50
469,234,1,470,7,2542,1,70
470,234,1,471,2,2544,7,20
471,234,1,472,6,2550,1,60
472,234,1,473,5,2555,10,50
473,234,1,474,5,2560,1,50
474,234,1,475,8,2568,8,80
475,234,1,476,3,2571,1,30
476,234,1,477,8,2579,1,80
477,234,1,478,7,2586,1,70
478,234,1,479,8,2594,12,80
479,234,1,480,6,2600,1,60
480,234,1,481,9,2609,1,90
481,234,1,482,5,2614,8,50
482,234,1,483,6,2620,1,60
483,234,1,484,8,2628,1,80
484,234,1,485,3,2631,1,30
485,234,1,486,4,2635,1,40
486,234,1,487,6,2641,1,60
487,234,1,488,3,2644,11,30
488,234,1,489,9,2653,3,90
489,234,1,490,7,2660,3,70
490,234,1,491,5,2665,1,50
491,234,1,492,3,2668,1,30
492,234,1,493,8,2676,1,80
493,234,1,494,9,2685,1,90
494,234,1,495,7,2692,9,70
495,234,1,496,6,2698,1,60
496,234,1,497,3,2701,1,30
497,234,1,498,9,2710,1,90
498,234,1,499,6,2716,11,60
499,234,1,500,2,2718,1,20
500,234,1,501,8,2726,2,80
501,234,1,502,7,2733,7,70
502,234,1,503,7,2740,1,70
503,234,1,504,2,2742,1,20
504,234,1,505,3,2745,3,30
505,234,1,506,6,2751,1,60
506,234,1,507,3,2754,2,30
507,234,1,508,9,2763,1,90
508,234,1,509,8,2771,8,80
509,234,1,510,6,2777,1,60
510,234,1,511,3,2780,4,30
511,234,1,512,8,2788,8,80
512,234,1,513,3,2791,1,30
513,234,1,514,6,2797,1,60
514,234,1,515,6,2803,2,60
515,234,1,516,2,2805,1,20
516,234,1,517,3,2808,1,30
517,234,1,518,9,2817,2,90
518,234,1,519,5,2822,1,50
519,234,1,520,2,2824,1,20
520,234,1,521,4,2828,6,40
521,234,1,522,9,2837,1,90
522,234,1,523,5,2842,1,50
523,234,1,524,2,2844,1,20
524,234,1,525,2,2846,1,20
525,234,1,526,4,2850,1,40
526,234,1,527,4,2854,3,40
527,234,1,528,3,2857,4,30
528,234,1,529,8,2865,1,80
529,234,1,530,8,2873,1,80
530,234,1,531,5,2878,4,50
531,234,1,532,6,2884,5,60
532,234,1,533,3,2887,3,30
533,234,1,534,4,2891,1,40
534,234,1,535,3,2894,1,30
535,234,1,536,8,2902,1,80
536,234,1,537,8,2910,6,80
537,234,1,538,6,2916,11,60
538,234,1,539,2,2918,1,20
539,234,1,540,8,2926,1,80
540,234,1,541,6,2932,6,60
541,234,1,542,3,2935,1,30
542,234,1,543,6,2941,5,60
543,234,1,544,5,2946,6,50
544,234,1,545,7,2953,3,70
545,234,1,546,8,2961,1,80
546,234,1,547,8,2969,1,80
547,234,1,548,2,2971,4,20
548,234,1,549,2,2973,1,20
549,234,1,550,6,2979,3,60
550,234,1,551,4,2983,5,40
551,234,1,552,8,2991,1,80
552,234,1,553,6,2997,1,60
553,234,1,554,9,3006,5,90
554,234,1,555,5,3011,6,50
555,234,1,556,2,3013,1,20
556,234,1,557,9,3022,4,90
557,234,1,558,4,3026,1,40
558,234,1,559,3,3029,1,30
559,234,1,560,2,3031,1,20
560,234,1,561,4,3035,1,40
561,234,1,562,5,3040,3,50
562,234,1,563,8,3048,3,80
563,234,1,564,8,3056,1,80
564,234,1,565,4,3060,5,40
565,234,1,566,7,3067,2,70
566,234,1,567,5,3072,1,50
567,234,1,568,8,3080,5,80
568,234,1,569,8,3088,1,80
569,234,1,570,3,3091,1,30
570,234,1,571,4,3095,4,40
571,234,1,572,6,3101,1,60
572,234,1,573,2,3103,5,20
573,234,1,574,3,3106,1,30
574,234,1,575,5,3111,1,50
575,234,1,576,7,3118,1,70
576,234,1,577,9,3127,1,90
577,234,1,578,4,3131,1,40
578,234,1,579,8,3139,4,80
579,234,1,580,8,3147,5,80
580,234,1,581,5,3152,5,50
581,234,1,582,6,3158,1,60
582,234,1,583,3,3161,1,30
583,234,1,584,5,3166,1,50
584,234,1,585,4,3170,1,40
585,234,1,586,7,3177,1,70
586,234,1,587,4,3181,2,40
587,234,1,588,7,3188,1,70
588,234,1,589,8,3196,1,80
589,234,1,590,6,3202,5,60
590,234,1,591,3,3205,7,30
591,234,1,592,7,3212,1,70
592,234,1,593,8,3220,1,80
593,234,1,594,5,3225,1,50
594,234,1,595,5,3230,1,50
595,234,1,596,9,3239,1,90
596,234,1,597,5,3244,1,50
597,234,1,598,3,3247,1,30
598,234,1,599,7,3254,1,70
599,234,1,600,7,3261,8,70
600,234,1,601,9,3270,7,90
601,234,1,602,4,3274,1,40
602,234,1,603,9,3283,1,90
603,234,1,604,8,3291,11,80
604,234,1,605,7,3298,1,70
605,234,1,606,2,3300,1,20
606,234,1,607,3,3303,9,30
607,234,1,608,3,3306,6,30
608,234,1,609,3,3309,5,30
609,234,1,610,3,3312,1,30
610,234,1,611,5,3317,4,50
611,234,1,612,4,3321,5,40
612,234,1,613,3,3324,1,30
613,234,1,614,4,3328,3,40
614,234,1,615,4,3332,1,40
615,234,1,616,5,3337,5,50
616,234,1,617,7,3344,1,70
617,234,1,618,3,3347,2,30
618,234,1,619,3,3350,5,30
619,234,1,620,3,3353,1,30
620,234,1,621,3,3356,1,30
621,234,1,622,3,3359,1,30
622,234,1,623,6,3365,1,60
623,234,1,624,6,3371,1,60
624,234,1,625,8,3379,1,80
625,234,1,626,3,3382,8,30
626,234,1,627,6,3388,1,60
627,234,1,628,2,3390,1,20
628,234,1,629,3,3393,1,30
629,234,1,630,8,3401,1,80
630,234,1,631,4,3405,1,40
631,234,1,632,9,3414,4,90
632,234,1,633,6,3420,8,60
633,234,1,634,8,3428,2,80
634,234,1,635,6,3434,1,60
635,234,1,636,3,3437,6,30
636,234,1,637,7,3444,6,70
637,234,1,638,6,3450,1,60
638,234,1,639,4,3454,1,40
639,234,1,640,8,3462,1,80
640,234,1,641,3,3465,1,30
641,234,1,642,6,3471,1,60
642,234,1,643,8,3479,6,80
643,234,1,644,7,3486,1,70
644,234,1,645,3,3489,1,30
645,234,1,646,9,3498,1,90
646,234,1,647,8,3506,10,80
647,234,1,648,2,3508,1,20
648,234,1,649,8,3516,1,80
649,234,1,650,9,3525,1,90
650,234,1,651,7,3532,1,70
651,234,1,652,2,3534,1,20
652,234,1,653,2,3536,1,20
653,234,1,654,8,3544,16,80
654,234,1,655,9,3553,1,90
655,234,1,656,7,3560,1,70
656,234,1,657,3,3563,1,30
657,234,1,658,7,3570,1,70
658,234,1,659,3,3573,13,30
659,234,1,660,3,3576,12,30
660,234,1,661,3,3579,1,30
661,234,1,662,3,3582,1,30
662,234,1,663,9,3591,1,90
663,234,1,664,5,3596,1,50
664,234,1,665,4,3600,12,40
665,234,1,666,7,3607,5,70
666,234,1,667,5,3612,5,50
667,234,1,668,9,3621,1,90
668,234,1,669,4,3625,1,40
669,234,1,670,8,3633,6,80
670,234,1,671,6,3639,1,60
671,234,1,672,6,3645,1,60
672,234,1,673,9,3654,1,90
673,234,1,674,2,3656,1,20
674,234,1,675,5,3661,1,50
675,234,1,676,2,3663,8,20
676,234,1,677,7,3670,1,70
677,234,1,678,4,3674,1,40
678,234,1,679,6,3680,9,60
679,234,1,680,8,3688,1,80
680,234,1,681,5,3693,1,50
681,234,1,682,5,3698,1,50
682,234,1,683,6,3704,9,60
683,234,1,684,9,3713,1,90
684,234,1,685,4,3717,9,40
685,234,1,686,4,3721,5,40
686,234,1,687,7,3728,1,70
687,234,1,688,5,3733,6,50
688,234,1,689,3,3736,1,30
689,234,1,690,5,3741,6,50
690,234,1,691,7,3748,1,70
691,234,1,692,7,3755,1,70
692,234,1,693,8,3763,1,80
693,234,1,694,4,3767,10,40
694,234,1,695,7,3774,3,70
695,234,1,696,9,3783,5,90
696,234,1,697,6,3789,1,60
697,234,1,698,8,3797,1,80
698,234,1,699,3,3800,1,30
699,234,1,700,7,3807,1,70
700,234,1,701,8,3815,1,80
701,234,1,702,9,3824,1,90
702,234,1,703,6,3830,3,60
703,234,1,704,4,3834,1,40
704,234,1,705,8,3842,5,80
705,234,1,706,6,3848,3,60
706,234,1,707,6,3854,8,60
707,234,1,708,4,3858,7,40
708,234,1,709,4,3862,1,40
709,234,1,710,3,3865,1,30
710,234,1,711,8,3873,2,80
711,234,1,712,7,3880,1,70
712,234,1,713,2,3882,1,20
713,234,1,714,4,3886,1,40
714,234,1,715,5,3891,1,50
715,234,1,716,9,3900,7,90
716,234,1,717,4,3904,1,40
717,234,1,718,5,3909,1,50
718,234,1,719,4,3913,1,40
719,234,1,720,3,3916,1,30
720,234,1,721,5,3921,9,50
721,234,1,722,7,3928,1,70
722,234,1,723,3,3931,1,30
723,234,1,724,4,3935,1,40
724,234,1,725,5,3940,8,50
725,234,1,726,2,3942,1,20
726,234,1,727,4,3946,1,40
727,234,1,728,7,3953,3,70
728,234,1,729,9,3962,1,90
729,234,1,730,6,3968,1,60
730,234,1,731,2,3970,10,20
731,234,1,732,8,3978,7,80
732,234,1,733,3,3981,1,30
733,234,1,734,5,3986,1,50
734,234,1,735,4,3990,1,40
735,234,1,736,7,3997,1,70
736,234,1,737,5,4002,1,50
737,234,1,738,7,4009,1,70
738,234,1,739,3,4012,1,30
739,234,1,740,5,4017,9,50
740,234,1,741,8,4025,1,80
741,234,1,742,5,4030,1,50
742,234,1,743,8,4038,1,80
743,234,1,744,2,4040,4,20
744,234,1,745,5,4045,1,50
745,234,1,746,9,4054,1,90
746,234,1,747,2,4056,1,20
747,234,1,748,9,4065,1,90
748,234,1,749,7,4072,3,70
749,234,1,750,6,4078,1,60
750,234,1,751,8,4086,1,80
751,234,1,752,3,4089,1,30
752,234,1,753,2,4091,6,20
753,234,1,754,9,4100,1,90
754,234,1,755,6,4106,1,60
755,234,1,756,8,4114,1,80
756,234,1,757,2,4116,1,20
757,234,1,758,8,4124,11,80
758,234,1,759,3,4127,1,30
759,234,1,760,9,4136,8,90
760,234,1,761,3,4139,4,30
761,234,1,762,8,4147,1,80
762,234,1,763,2,4149,7,20
763,234,1,764,6,4155,1,60
764,234,1,765,3,4158,1,30
765,234,1,766,3,4161,4,30
766,234,1,767,2,4163,6,20
767,234,1,768,4,4167,1,40
768,234,1,769,7,4174,1,70
769,234,1,770,5,4179,1,50
770,234,1,771,8,4187,1,80
771,234,1,772,2,4189,1,20
772,234,1,773,2,4191,6,20
773,234,1,774,2,4193,1,20
774,234,1,775,8,4201,1,80
775,234,1,776,6,4207,6,60
776,234,1,777,4,4211,1,40
777,234,1,778,5,4216,4,50
778,234,1,779,3,4219,2,30
779,234,1,780,3,4222,1,30
780,234,1,781,3,4225,1,30
781,234,1,782,9,4234,1,90
782,234,1,783,2,4236,7,20
783,234,1,784,6,4242,4,60
784,234,1,785,7,4249,1,70
785,234,1,786,5,4254,1,50
786,234,1,787,8,4262,1,80
787,234,1,788,9,4271,1,90
788,234,1,789,2,4273,10,20
789,234,1,790,8,4281,1,80
790,234,1,791,2,4283,5,20
791,234,1,792,2,4285,8,20
792,234,1,793,3,4288,1,30
793,234,1,794,8,4296,1,80
794,234,1,795,6,4302,5,60
795,234,1,796,3,4305,1,30
796,234,1,797,3,4308,4,30
797,234,1,798,7,4315,1,70
798,234,1,799,5,4320,1,50
799,234,1,800,2,4322,6,20
800,234,1,801,2,4324,1,20
801,234,1,802,7,4331,3,70
802,234,1,803,4,4335,1,40
803,234,1,804,2,4337,1,20
804,234,1,805,7,4344,1,70
805,234,1,806,7,4351,4,70
806,234,1,807,8,4359,1,80
807,234,1,808,7,4366,5,70
808,234,1,809,6,4372,2,60
809,234,1,810,3,4375,1,30
810,234,1,811,5,4380,1,50
811,234,1,812,5,4385,6,50
812,234,1,813,7,4392,6,70
813,234,1,814,4,4396,1,40
814,234,1,815,2,4398,1,20
815,234,1,816,6,4404,1,60
816,234,1,817,7,4411,1,70
817,234,1,818,3,4414,4,30
818,234,1,819,3,4417,1,30
819,234,1,820,3,4420,1,30
820,234,1,821,4,4424,2,40
821,234,1,822,5,4429,2,50
822,234,1,823,5,4434,1,50
823,234,1,824,4,4438,1,40
824,234,1,825,8,4446,1,80
825,234,1,826,5,4451,1,50
826,234,1,827,7,4458,1,70
827,234,1,828,5,4463,3,50
828,234,1,829,4,4467,1,40
829,234,1,830,5,4472,1,50
830,234,1,831,2,4474,1,20
831,234,1,832,5,4479,3,50
832,234,1,833,5,4484,1,50
833,234,1,834,2,4486,4,20
834,234,1,835,6,4492,1,60
835,234,1,836,2,4494,2,20
836,234,1,837,7,4501,1,70
837,234,1,838,3,4504,1,30
838,234,1,839,3,4507,1,30
839,234,1,840,6,4513,1,60
840,234,1,841,2,4515,1,20
841,234,1,842,2,4517,1,20
842,234,1,843,8,4525,1,80
843,234,1,844,8,4533,1,80
844,234,1,845,5,4538,1,50
845,234,1,846,4,4542,1,40
846,234,1,847,4,4546,1,40
847,234,1,848,9,4555,9,90
848,234,1,849,7,4562,1,70
849,234,1,850,2,4564,5,20
850,234,1,851,6,4570,1,60
851,234,1,852,5,4575,3,50
852,234,1,853,9,4584,1,90
853,234,1,854,3,4587,1,30
854,234,1,855,5,4592,8,50
855,234,1,856,5,4597,1,50
856,234,1,857,7,4604,1,70
857,234,1,858,7,4611,1,70
858,234,1,859,9,4620,1,90
859,234,1,860,8,4628,6,80
860,234,1,861,2,4630,1,20
861,234,1,862,9,4639,1,90
862,234,1,863,9,4648,1,90
863,234,1,864,9,4657,1,90
864,234,1,865,7,4664,1,70
865,234,1,866,3,4667,1,30
866,234,1,867,2,4669,6,20
867,234,1,868,8,4677,1,80
868,234,1,869,4,4681,1,40
869,234,1,870,7,4688,1,70
870,234,1,871,2,4690,1,20
871,234,1,872,4,4694,1,40
872,234,1,873,5,4699,7,50
873,234,1,874,7,4706,7,70
874,234,1,875,2,4708,2,20
875,234,1,876,7,4715,2,70
876,234,1,877,9,4724,1,90
877,234,1,878,6,4730,1,60
878,234,1,879,6,4736,1,60
879,234,1,880,4,4740,1,40
880,234,1,881,8,4748,1,80
881,234,1,882,6,4754,1,60
882,234,1,883,7,4761,1,70
883,234,1,884,7,4768,1,70
884,234,1,885,9,4777,1,90
885,234,1,886,8,4785,9,80
886,234,1,887,7,4792,5,70
887,234,1,888,4,4796,1,40
888,234,1,889,5,4801,1,50
889,234,1,890,3,4804,1,30
890,234,1,891,2,4806,1,20
891,234,1,892,7,4813,1,70
892,234,1,893,9,4822,13,90
893,234,1,894,6,4828,3,60
894,234,1,895,2,4830,1,20
895,234,1,896,7,4837,7,70
896,234,1,897,9,4846,7,90
897,234,1,898,3,4849,7,30
898,234,1,899,7,4856,1,70
899,234,1,900,5,4861,1,50
900,234,1,901,9,4870,1,90
901,234,1,902,9,4879,1,90
902,234,1,903,4,4883,6,40
903,234,1,904,5,4888,1,50
904,234,1,905,7,4895,1,70
905,234,1,906,2,4897,3,20
906,234,1,907,9,4906,5,90
907,234,1,908,8,4914,1,80
908,234,1,909,5,4919,4,50
909,234,1,910,9,4928,1,90
910,234,1,911,7,4935,4,70
911,234,1,912,7,4942,1,70
912,234,1,913,7,4949,1,70
913,234,1,914,7,4956,4,70
914,234,1,915,8,4964,1,80
915,234,1,916,6,4970,1,60
916,234,1,917,4,4974,4,40
917,234,1,918,7,4981,1,70
918,234,1,919,3,4984,1,30
919,234,1,920,2,4986,1,20
920,234,1,921,5,4991,5,50
921,234,1,922,7,4998,1,70
922,234,2,1,8,8,1,80
923,234,2,2,2,10,1,20
924,234,2,3,2,12,2,20
925,234,2,4,4,16,1,40
926,234,2,5,3,19,1,30
927,234,2,6,8,27,3,80
928,234,2,7,5,32,1,50
929,234,2,8,8,40,5,80
930,234,2,9,4,44,4,40
931,234,2,10,8,52,4,80
932,234,2,11,4,56,1,40
933,234,2,12,7,63,2,70
934,234,2,13,5,68,1,50
935,234,2,14,7,75,6,70
936,234,2,15,4,79,1,40
937,234,2,16,8,87,1,80
938,234,2,17,5,92,1,50
939,234,2,18,4,96,1,40
940,234,2,19,2,98,1,20
941,234,2,20,9,107,1,90
942,234,2,21,8,115,1,80
943,234,2,22,2,117,5,20
944,234,2,23,7,124,1,70
945,234,2,24,8,132,1,80
946,234,2,25,2,134,1,20
947,234,2,26,3,137,1,30
948,234,2,27,2,139,1,20
949,234,2,28,7,146,1,70
950,234,2,29,8,154,1,80
951,234,2,30,9,163,1,90
952,234,2,31,7,170,10,70
953,234,2,32,7,177,6,70
954,234,2,33,2,179,1,20
955,234,2,34,3,182,1,30
956,234,2,35,4,186,6,40
957,234,2,36,5,191,1,50
958,234,2,37,9,200,1,90
959,234,2,38,5,205,8,50
960,234,2,39,3,208,1,30
961,234,2,40,2,210,1,20
962,234,2,41,8,218,1,80
963,234,2,42,9,227,10,90
964,234,2,43,3,230,11,30
965,234,2,44,3,233,1,30
966,234,2,45,5,238,7,50
967,234,2,46,7,245,1,70
968,234,2,47,3,248,4,30
969,234,2,48,5,253,1,50
970,234,2,49,2,255,1,20
971,234,2,50,7,262,1,70
972,234,2,51,8,270,1,80
973,234,2,52,9,279,4,90
974,234,2,53,6,285,4,60
975,234,2,54,2,287,7,20
976,234,2,55,2,289,5,20
977,234,2,56,5,294,1,50
978,234,2,57,6,300,1,60
979,234,2,58,5,305,1,50
980,234,2,59,4,309,1,40
981,234,2,60,9,318,1,90
982,234,2,61,9,327,1,90
983,234,2,62,4,331,1,40
984,234,2,63,4,335,1,40
985,234,2,64,2,337,1,20
986,234,2,65,7,344,1,70
987,234,2,66,3,347,1,30
988,234,2,67,4,351,1,40
989,234,2,68,7,358,7,70
990,234,2,69,2,360,1,20
991,234,2,70,5,365,1,50
992,234,2,71,7,372,1,70
993,234,2,72,5,377,1,50
994,234,2,73,7,384,1,70
995,234,2,74,6,390,1,60
996,234,2,75,4,394,1,40
997,234,2,76,7,401,1,70
998,234,2,77,9,410,1,90
999,234,2,78,4,414,1,40
1000,234,2,79,9,423,17,90
1001,234,2,80,2,425,1,20
1002,234,2,81,4,429,1,40
1003,234,2,82,9,438,1,90
1004,234,2,83,5,443,1,50
1005,234,2,84,7,450,9,70
1006,234,2,85,4,454,1,40
1007,234,2,86,4,458,8,40
1008,234,2,87,3,461,1,30
1009,234,2,88,6,467,1,60
1010,234,2,89,5,472,1,50
1011,234,2,90,7,479,1,70
1012,234,2,91,8,487,1,80
1013,234,2,92,4,491,1,40
1014,234,2,93,9,500,1,90
1015,234,2,94,5,505,18,50
1016,234,2,95,6,511,12,60
1017,234,2,96,2,513,1,20
1018,234,2,97,4,517,1,40
1019,234,2,98,9,526,7,90
1020,234,2,99,5,531,1,50
1021,234,2,100,8,539,7,80
1022,234,2,101,2,541,3,20
1023,234,2,102,9,550,4,90
1024,234,2,103,5,555,1,50
1025,234,2,104,4,559,4,40
1026,234,2,105,5,564,1,50
1027,234,2,106,8,572,3,80
1028,234,2,107,3,575,1,30
1029,234,2,108,4,579,2,40
1030,234,2,109,7,586,1,70
1031,234,2,110,2,588,1,20
1032,234,2,111,8,596,1,80
1033,234,2,112,7,603,6,70
1034,234,2,113,3,606,1,30
1035,234,2,114,4,610,1,40
1036,234,2,115,2,612,1,20
1037,234,2,116,7,619,1,70
1038,234,2,117,9,628,1,90
1039,234,2,118,9,637,1,90
1040,234,2,119,5,642,1,50
1041,234,2,120,3,645,1,30
1042,234,2,121,5,650,11,50
1043,234,2,122,3,653,7,30
1044,234,2,123,4,657,1,40
1045,234,2,124,3,660,1,30
1046,234,2,125,9,669,1,90
1047,234,2,126,5,674,1,50
1048,234,2,127,9,683,1,90
1049,234,2,128,4,687,4,40
1050,234,2,129,9,696,1,90
1051,234,2,130,2,698,1,20
1052,234,2,131,3,701,1,30
1053,234,2,132,5,706,3,50
1054,234,2,133,6,712,1,60
1055,234,2,134,8,720,1,80
1056,234,2,135,4,724,1,40
1057,234,2,136,6,730,9,60
1058,234,2,137,8,738,1,80
1059,234,2,138,7,745,1,70
1060,234,2,139,2,747,8,20
1061,234,2,140,8,755,1,80
1062,234,2,141,7,762,1,70
1063,234,2,142,2,764,1,20
1064,234,2,143,2,766,1,20
1065,234,2,144,5,771,1,50
1066,234,2,145,8,779,1,80
1067,234,2,146,8,787,10,80
1068,234,2,147,2,789,1,20
1069,234,2,148,5,794,10,50
1070,234,2,149,6,800,1,60
1071,234,2,150,2,802,1,20
1072,234,2,151,3,805,1,30
1073,234,2,152,8,813,1,80
1074,234,2,153,4,817,1,40
1075,234,2,154,9,826,6,90
1076,234,2,155,3,829,1,30
1077,234,2,156,6,835,1,60
1078,234,2,157,7,842,1,70
1079,234,2,158,9,851,7,90
1080,234,2,159,2,853,6,20
1081,234,2,160,8,861,6,80
1082,234,2,161,4,865,1,40
1083,234,2,162,5,870,1,50
1084,234,2,163,4,874,1,40
1085,234,2,164,8,882,1,80
1086,234,2,165,5,887,15,50
1087,234,2,166,3,890,1,30
1088,234,2,167,9,899,3,90
1089,234,2,168,2,901,1,20
1090,234,2,169,3,904,8,30
1091,234,2,170,3,907,3,30
1092,234,2,171,4,911,1,40
1093,234,2,172,9,920,1,90
1094,234,2,173,9,929,1,90
1095,234,2,174,5,934,1,50
1096,234,2,175,8,942,1,80
1097,234,2,176,9,951,1,90
1098,234,2,177,5,956,1,50
1099,234,2,178,5,961,1,50
1100,234,2,179,4,965,1,40
1101,234,2,180,5,970,1,50
1102,234,2,181,3,973,1,30
1103,234,2,182,5,978,3,50
1104,234,2,183,5,983,1,50
1105,234,2,184,2,985,8,20
1106,234,2,185,6,991,8,60
1107,234,2,186,8,999,11,80
1108,234,2,187,3,1002,1,30
1109,234,2,188,8,1010,8,80
1110,234,2,189,2,1012,1,20
1111,234,2,190,8,1020,10,80
1112,234,2,191,3,1023,1,30
1113,234,2,192,5,1028,4,50
1114,234,2,193,8,1036,4,80
1115,234,2,194,5,1041,1,50
1116,234,2,195,8,1049,3,80
1117,234,2,196,7,1056,1,70
1118,234,2,197,5,1061,4,50
1119,234,2,198,3,1064,1,30
1120,234,2,199,3,1067,1,30
1121,234,2,200,9,1076,1,90
1122,234,2,201,2,1078,1,20
1123,234,2,202,6,1084,1,60
1124,234,2,203,5,1089,2,50
1125,234,2,204,6,1095,1,60
1126,234,2,205,6,1101,1,60
1127,234,2,206,8,1109,8,80
1128,234,2,207,3,1112,10,30
1129,234,2,208,7,1119,1,70
1130,234,2,209,7,1126,1,70
1131,234,2,210,6,1132,1,60
1132,234,2,211,8,1140,10,80
1133,234,2,212,9,1149,1,90
1134,234,2,213,2,1151,8,20
1135,234,2,214,6,1157,1,60
1136,234,2,215,2,1159,1,20
1137,234,2,216,9,1168,1,90
1138,234,2,217,3,1171,1,30
1139,234,2,218,5,1176,6,50
1140,234,2,219,6,1182,1,60
1141,234,2,220,5,1187,1,50
1142,234,2,221,6,1193,4,60
1143,234,2,222,9,1202,4,90
1144,234,2,223,2,1204,1,20
1145,234,2,224,5,1209,4,50
1146,234,2,225,5,1214,1,50
1147,234,2,226,6,1220,2,60
1148,234,2,227,8,1228,1,80
1149,234,2,228,9,1237,1,90
1150,234,2,229,5,1242,1,50
1151,234,2,230,5,1247,6,50
1152,234,2,231,3,1250,1,30
1153,234,2,232,5,1255,1,50
1154,234,2,233,6,1261,1,60
1155,234,2,234,3,1264,2,30
1156,234,2,235,4,1268,1,40
1157,234,2,236,9,1277,6,90
1158,234,2,237,8,1285,1,80
1159,234,2,238,4,1289,1,40
1160,234,2,239,5,1294,7,50
1161,234,2,240,4,1298,1,40
1162,234,2,241,6,1304,7,60
1163,234,2,242,9,1313,1,90
1164,234,2,243,8,1321,8,80
1165,234,2,244,4,1325,1,40
1166,234,2,245,7,1332,9,70
1167,234,2,246,7,1339,1,70
1168,234,2,247,7,1346,1,70
1169,234,2,248,8,1354,5,80
1170,234,2,249,9,1363,1,90
1171,234,2,250,7,1370,5,70
1172,234,2,251,3,1373,1,30
1173,234,2,252,7,1380,5,70
1174,234,2,253,4,1384,1,40
1175,234,2,254,2,1386,1,20
1176,234,2,255,2,1388,4,20
1177,234,2,256,7,1395,1,70
1178,234,2,257,9,1404,2,90
1179,234,2,258,5,1409,1,50
1180,234,2,259,7,1416,8,70
1181,234,2,260,2,1418,4,20
1182,234,2,261,6,1424,5,60
1183,234,2,262,9,1433,1,90
1184,234,2,263,7,1440,1,70
1185,234,2,264,9,1449,1,90
1186,234,2,265,2,1451,1,20
1187,234,2,266,8,1459,10,80
1188,234,2,267,6,1465,6,60
1189,234,2,268,8,1473,3,80
1190,234,2,269,3,1476,1,30
1191,234,2,270,9,1485,9,90
1192,234,2,271,2,1487,1,20
1193,234,2,272,3,1490,1,30
1194,234,2,273,3,1493,1,30
1195,234,2,274,4,1497,1,40
1196,234,2,275,9,1506,1,90
1197,234,2,276,4,1510,1,40
1198,234,2,277,7,1517,1,70
1199,234,2,278,7,1524,1,70
1200,234,2,279,4,1528,1,40
1201,234,2,280,7,1535,1,70
1202,234,2,281,2,1537,10,20
1203,234,2,282,8,1545,1,80
1204,234,2,283,6,1551,1,60
1205,234,2,284,6,1557,8,60
1206,234,2,285,9,1566,4,90
1207,234,2,286,9,1575,1,90
1208,234,2,287,7,1582,8,70
1209,234,2,288,6,1588,2,60
1210,234,2,289,4,1592,1,40
1211,234,2,290,4,1596,1,40
1212,234,2,291,5,1601,3,50
1213,234,2,292,3,1604,1,30
1214,234,2,293,8,1612,1,80
1215,234,2,294,9,1621,7,90
1216,234,2,295,4,1625,1,40
1217,234,2,296,4,1629,2,40
1218,234,2,297,8,1637,3,80
1219,234,2,298,8,1645,6,80
1220,234,2,299,3,1648,1,30
1221,234,2,300,2,1650,1,20
1222,234,2,301,6,1656,1,60
1223,234,2,302,3,1659,1,30
1224,234,2,303,4,1663,7,40
1225,234,2,304,6,1669,5,60
1226,234,2,305,2,1671,1,20
1227,234,2,306,8,1679,7,80
1228,234,2,307,6,1685,1,60
1229,234,2,308,4,1689,1,40
1230,234,2,309,2,1691,1,20
1231,234,2,310,2,1693,3,20
1232,234,2,311,3,1696,1,30
1233,234,2,312,7,1703,1,70
1234,234,2,313,8,1711,1,80
1235,234,2,314,2,1713,1,20
1236,234,2,315,5,1718,1,50
1237,234,2,316,6,1724,1,60
1238,234,2,317,3,1727,1,30
1239,234,2,318,4,1731,9,40
1240,234,2,319,6,1737,8,60
1241,234,2,320,8,1745,1,80
1242,234,2,321,7,1752,1,70
1243,234,2,322,6,1758,8,60
1244,234,2,323,4,1762,8,40
1245,234,2,324,8,1770,1,80
1246,234,2,325,7,1777,5,70
1247,234,2,326,5,1782,1,50
1248,234,2,327,7,1789,1,70
1249,234,2,328,8,1797,8,80
1250,234,2,329,4,1801,1,40
1251,234,2,330,4,1805,1,40
1252,234,2,331,2,1807,3,20
1253,234,2,332,7,1814,1,70
1254,234,2,333,2,1816,9,20
1255,234,2,334,7,1823,4,70
1256,234,2,335,5,1828,1,50
1257,234,2,336,9,1837,4,90
1258,234,2,337,5,1842,1,50
1259,234,2,338,2,1844,2,20
1260,234,2,339,3,1847,1,30
1261,234,2,340,8,1855,1,80
1262,234,2,341,4,1859,3,40
1263,234,2,342,8,1867,2,80
1264,234,2,343,4,1871,4,40
1265,234,2,344,7,1878,1,70
1266,234,2,345,5,1883,1,50
1267,234,2,346,4,1887,1,40
1268,234,2,347,7,1894,7,70
1269,234,2,348,3,1897,1,30
1270,234,2,349,5,1902,7,50
1271,234,2,350,9,1911,1,90
1272,234,2,351,8,1919,1,80
1273,234,2,352,6,1925,1,60
1274,234,2,353,3,1928,4,30
1275,234,2,354,8,1936,7,80
1276,234,2,355,9,1945,1,90
1277,234,2,356,7,1952,1,70
1278,234,2,357,4,1956,1,40
1279,234,2,358,8,1964,11,80
1280,234,2,359,9,1973,7,90
1281,234,2,360,4,1977,1,40
1282,234,2,361,9,1986,1,90
1283,234,2,362,8,1994,8,80
1284,234,2,363,6,2000,6,60
1285,234,2,364,6,2006,1,60
1286,234,2,365,5,2011,1,50
1287,234,2,366,8,2019,1,80
1288,234,2,367,4,2023,1,40
1289,234,2,368,9,2032,10,90
1290,234,2,369,6,2038,1,60
1291,234,2,370,2,2040,1,20
1292,234,2,371,5,2045,1,50
1293,234,2,372,9,2054,8,90
1294,234,2,373,6,2060,5,60
1295,234,2,374,2,2062,1,20
1296,234,2,375,2,2064,1,20
1297,234,2,376,3,2067,1,30
1298,234,2,377,3,2070,1,30
1299,234,2,378,8,2078,1,80
1300,234,2,379,6,2084,1,60
1301,234,2,380,2,2086,1,20
1302,234,2,381,7,2093,1,70
1303,234,2,382,9,2102,1,90
1304,234,2,383,5,2107,1,50
1305,234,2,384,7,2114,1,70
1306,234,2,385,8,2122,1,80
1307,234,2,386,8,2130,10,80
1308,234,2,387,8,2138,1,80
1309,234,2,388,4,2142,1,40
1310,234,2,389,9,2151,1,90
1311,234,2,390,3,2154,1,30
1312,234,2,391,8,2162,1,80
1313,234,2,392,9,2171,1,90
1314,234,2,393,8,2179,1,80
1315,234,2,394,8,2187,1,80
1316,234,2,395,7,2194,1,70
1317,234,2,396,9,2203,1,90
1318,234,2,397,2,2205,1,20
1319,234,2,398,9,2214,1,90
1320,234,2,399,5,2219,19,50
1321,234,2,400,9,2228,1,90
1322,234,2,401,8,2236,9,80
1323,234,2,402,8,2244,1,80
1324,234,2,403,9,2253,18,90
1325,234,2,404,9,2262,9,90
1326,234,2,405,7,2269,1,70
1327,234,2,406,7,2276,1,70
1328,234,2,407,7,2283,9,70
1329,234,2,408,2,2285,8,20
1330,234,2,409,2,2287,1,20
1331,234,2,410,5,2292,4,50
1332,234,2,411,8,2300,1,80
1333,234,2,412,5,2305,7,50
1334,234,2,413,3,2308,1,30
1335,234,2,414,9,2317,5,90
1336,234,2,415,4,2321,1,40
1337,234,2,416,4,2325,6,40
1338,234,2,417,7,2332,7,70
1339,234,2,418,7,2339,1,70
1340,234,2,419,6,2345,1,60
1341,234,2,420,7,2352,1,70
1342,234,2,421,2,2354,1,20
1343,234,2,422,4,2358,1,40
1344,234,2,423,6,2364,5,60
1345,234,2,424,8,2372,1,80
1346,234,2,425,5,2377,7,50
1347,234,2,426,3,2380,1,30
1348,234,2,427,5,2385,1,50
1349,234,2,428,3,2388,6,30
1350,234,2,429,4,2392,5,40
1351,234,2,430,2,2394,1,20
1352,234,2,431,5,2399,3,50
1353,234,2,432,7,2406,2,70
1354,234,2,433,3,2409,1,30
1355,234,2,434,4,2413,5,40
1356,234,2,435,7,2420,7,70
1357,234,2,436,3,2423,0,30
1358,234,2,437,8,2431,4,80
1359,234,2,438,7,2438,1,70
1360,234,2,439,2,2440,4,20
1361,234,2,440,2,2442,1,20
1362,234,2,441,2,2444,1,20
1363,234,2,442,3,2447,1,30
1364,234,2,443,7,2454,3,70
1365,234,2,444,3,2457,1,30
1366,234,2,445,7,2464,1,70
1367,234,2,446,6,2470,1,60
1368,234,2,447,6,2476,7,60
1369,234,2,448,5,2481,1,50
1370,234,2,449,6,2487,5,60
1371,234,2,450,3,2490,1,30
1372,234,2,451,8,2498,2,80
1373,234,2,452,4,2502,1,40
1374,234,2,453,4,2506,1,40
1375,234,2,454,9,2515,2,90
1376,234,2,455,9,2524,3,90
1377,234,2,456,3,2527,0,30
1378,234,2,457,9,2536,1,90
1379,234,2,458,7,2543,1,70
1380,234,2,459,3,2546,1,30
1381,234,2,460,2,2548,1,20
1382,234,2,461,7,2555,1,70
1383,234,2,462,8,2563,1,80
1384,234,2,463,2,2565,1,20
1385,234,2,464,7,2572,1,70
1386,234,2,465,5,2577,5,50
1387,234,2,466,7,2584,8,70
1388,234,2,467,9,2593,1,90
1389,234,2,468,2,2595,6,20
1390,234,2,469,4,2599,1,40
1391,234,2,470,5,2604,1,50
1392,234,2,471,4,2608,1,40
1393,234,2,472,8,2616,1,80
1394,234,2,473,5,2621,1,50
1395,234,2,474,9,2630,1,90
1396,234,2,475,2,2632,3,20
1397,234,2,476,2,2634,6,20
1398,234,2,477,7,2641,1,70
1399,234,2,478,6,2647,3,60
1400,234,2,479,4,2651,1,40
1401,234,2,480,5,2656,3,50
1402,234,2,481,3,2659,1,30
1403,234,2,482,8,2667,1,80
1404,234,2,483,4,2671,3,40
1405,234,2,484,8,2679,1,80
1406,234,2,485,9,2688,4,90
1407,234,2,486,3,2691,1,30
1408,234,2,487,5,2696,2,50
1409,234,2,488,3,2699,4,30
1410,234,2,489,9,2708,1,90
1411,234,2,490,7,2715,1,70
1412,234,2,491,5,2720,1,50
1413,234,2,492,3,2723,1,30
1414,234,2,493,2,2725,7,20
1415,234,2,494,2,2727,1,20
1416,234,2,495,7,2734,6,70
1417,234,2,496,6,2740,1,60
1418,234,2,497,7,2747,1,70
1419,234,2,498,6,2753,1,60
1420,234,2,499,9,2762,4,90
1421,234,2,500,3,2765,1,30
1422,234,2,501,9,2774,1,90
1423,234,2,502,8,2782,9,80
1424,234,2,503,2,2784,5,20
1425,234,2,504,3,2787,5,30
1426,234,2,505,7,2794,1,70
1427,234,2,506,8,2802,6,80
1428,234,2,507,5,2807,4,50
1429,234,2,508,4,2811,1,40
1430,234,2,509,5,2816,4,50
1431,234,2,510,5,2821,1,50
1432,234,2,511,2,2823,1,20
1433,234,2,512,4,2827,4,40
1434,234,2,513,4,2831,1,40
1435,234,2,514,9,2840,1,90
1436,234,2,515,7,2847,1,70
1437,234,2,516,7,2854,1,70
1438,234,2,517,7,2861,5,70
1439,234,2,518,8,2869,1,80
1440,234,2,519,4,2873,4,40
1441,234,2,520,8,2881,1,80
1442,234,2,521,8,2889,1,80
1443,234,2,522,2,2891,1,20
1444,234,2,523,5,2896,1,50
1445,234,2,524,7,2903,8,70
1446,234,2,525,6,2909,1,60
1447,234,2,526,3,2912,1,30
1448,234,2,527,2,2914,1,20
1449,234,2,528,7,2921,1,70
1450,234,2,529,2,2923,1,20
1451,234,2,530,8,2931,7,80
1452,234,2,531,7,2938,1,70
1453,234,2,532,2,2940,1,20
1454,234,2,533,4,2944,1,40
1455,234,2,534,5,2949,12,50
1456,234,2,535,3,2952,7,30
1457,234,2,536,4,2956,3,40
1458,234,2,537,8,2964,3,80
1459,234,2,538,3,2967,5,30
1460,234,2,539,6,2973,3,60
1461,234,2,540,4,2977,1,40
1462,234,2,541,2,2979,1,20
1463,234,2,542,6,2985,1,60
1464,234,2,543,9,2994,1,90
1465,234,2,544,5,2999,1,50
1466,234,2,545,7,3006,1,70
1467,234,2,546,4,3010,8,40
1468,234,2,547,4,3014,1,40
1469,234,2,548,7,3021,1,70
1470,234,2,549,4,3025,1,40
1471,234,2,550,9,3034,1,90
1472,234,2,551,9,3043,1,90
1473,234,2,552,6,3049,1,60
1474,234,2,553,5,3054,11,50
1475,234,2,554,4,3058,9,40
1476,234,2,555,7,3065,1,70
1477,234,2,556,5,3070,2,50
1478,234,2,557,5,3075,7,50
1479,234,2,558,8,3083,1,80
1480,234,2,559,8,3091,6,80
1481,234,2,560,8,3099,1,80
1482,234,2,561,2,3101,8,20
1483,234,2,562,2,3103,1,20
1484,234,2,563,7,3110,1,70
1485,234,2,564,4,3114,4,40
1486,234,2,565,2,3116,1,20
1487,234,2,566,9,3125,1,90
1488,234,2,567,3,3128,5,30
1489,234,2,568,8,3136,1,80
1490,234,2,569,7,3143,6,70
1491,234,2,570,9,3152,1,90
1492,234,2,571,5,3157,1,50
1493,234,2,572,8,3165,1,80
1494,234,2,573,8,3173,1,80
1495,234,2,574,5,3178,1,50
1496,234,2,575,7,3185,10,70
1497,234,2,576,8,3193,1,80
1498,234,2,577,3,3196,8,30
1499,234,2,578,5,3201,1,50
1500,234,2,579,4,3205,1,40
1501,234,2,580,5,3210,1,50
1502,234,2,581,2,3212,1,20
1503,234,2,582,9,3221,8,90
1504,234,2,583,4,3225,1,40
1505,234,2,584,8,3233,1,80
1506,234,2,585,7,3240,5,70
1507,234,2,586,7,3247,1,70
1508,234,2,587,2,3249,1,20
1509,234,2,588,8,3257,6,80
1510,234,2,589,2,3259,1,20
1511,234,2,590,6,3265,2,60
1512,234,2,591,8,3273,1,80
1513,234,2,592,6,3279,1,60
1514,234,2,593,2,3281,3,20
1515,234,2,594,3,3284,1,30
1516,234,2,595,9,3293,4,90
1517,234,2,596,5,3298,1,50
1518,234,2,597,7,3305,1,70
1519,234,2,598,2,3307,1,20
1520,234,2,599,9,3316,1,90
1521,234,2,600,4,3320,1,40
1522,234,2,601,7,3327,1,70
1523,234,2,602,9,3336,1,90
1524,234,2,603,3,3339,1,30
1525,234,2,604,2,3341,1,20
1526,234,2,605,5,3346,6,50
1527,234,2,606,5,3351,1,50
1528,234,2,607,9,3360,1,90
1529,234,2,608,3,3363,8,30
1530,234,2,609,5,3368,3,50
1531,234,2,610,7,3375,1,70
1532,234,2,611,7,3382,1,70
1533,234,2,612,6,3388,7,60
1534,234,2,613,6,3394,11,60
1535,234,2,614,3,3397,1,30
1536,234,2,615,2,3399,4,20
1537,234,2,616,9,3408,1,90
1538,234,2,617,4,3412,1,40
1539,234,2,618,6,3418,1,60
1540,234,2,619,9,3427,5,90
1541,234,2,620,5,3432,1,50
1542,234,2,621,5,3437,1,50
1543,234,2,622,5,3442,1,50
1544,234,2,623,9,3451,1,90
1545,234,2,624,2,3453,7,20
1546,234,2,625,8,3461,1,80
1547,234,2,626,8,3469,1,80
1548,234,2,627,4,3473,1,40
1549,234,2,628,4,3477,14,40
1550,234,2,629,6,3483,7,60
1551,234,2,630,2,3485,1,20
1552,234,2,631,4,3489,1,40
1553,234,2,632,2,3491,1,20
1554,234,2,633,8,3499,1,80
1555,234,2,634,7,3506,6,70
1556,234,2,635,2,3508,11,20
1557,234,2,636,7,3515,1,70
1558,234,2,637,9,3524,1,90
1559,234,2,638,4,3528,2,40
1560,234,2,639,6,3534,1,60
1561,234,2,640,2,3536,1,20
1562,234,2,641,3,3539,7,30
1563,234,2,642,3,3542,2,30
1564,234,2,643,6,3548,1,60
1565,234,2,644,5,3553,1,50
1566,234,2,645,4,3557,4,40
1567,234,2,646,2,3559,1,20
1568,234,2,647,5,3564,4,50
1569,234,2,648,3,3567,1,30
1570,234,2,649,6,3573,1,60
1571,234,2,650,6,3579,1,60
1572,234,2,651,9,3588,1,90
1573,234,2,652,4,3592,1,40
1574,234,2,653,9,3601,6,90
1575,234,2,654,4,3605,1,40
1576,234,2,655,8,3613,9,80
1577,234,2,656,9,3622,1,90
1578,234,2,657,7,3629,1,70
1579,234,2,658,2,3631,1,20
1580,234,2,659,9,3640,6,90
1581,234,2,660,8,3648,1,80
1582,234,2,661,6,3654,1,60
1583,234,2,662,8,3662,8,80
1584,234,2,663,8,3670,8,80
1585,234,2,664,3,3673,1,30
1586,234,2,665,3,3676,2,30
1587,234,2,666,3,3679,2,30
1588,234,2,667,5,3684,4,50
1589,234,2,668,3,3687,6,30
1590,234,2,669,3,3690,1,30
1591,234,2,670,9,3699,1,90
1592,234,2,671,4,3703,1,40
1593,234,2,672,8,3711,2,80
1594,234,2,673,4,3715,1,40
1595,234,2,674,2,3717,1,20
1596,234,2,675,7,3724,3,70
1597,234,2,676,4,3728,2,40
1598,234,2,677,2,3730,1,20
1599,234,2,678,3,3733,1,30
1600,234,2,679,6,3739,1,60
1601,234,2,680,3,3742,4,30
1602,234,2,681,7,3749,1,70
1603,234,2,682,7,3756,2,70
1604,234,2,683,7,3763,2,70
1605,234,2,684,3,3766,1,30
1606,234,2,685,9,3775,1,90
1607,234,2,686,2,3777,7,20
1608,234,2,687,5,3782,1,50
1609,234,2,688,4,3786,1,40
1610,234,2,689,3,3789,5,30
1611,234,2,690,7,3796,1,70
1612,234,2,691,9,3805,1,90
1613,234,2,692,7,3812,8,70
1614,234,2,693,3,3815,1,30
1615,234,2,694,7,3822,1,70
1616,234,2,695,7,3829,1,70
1617,234,2,696,9,3838,1,90
1618,234,2,697,6,3844,9,60
1619,234,2,698,4,3848,4,40
1620,234,2,699,9,3857,1,90
1621,234,2,700,5,3862,1,50
1622,234,2,701,3,3865,1,30
1623,234,2,702,7,3872,1,70
1624,234,2,703,3,3875,1,30
1625,234,2,704,8,3883,1,80
1626,234,2,705,4,3887,8,40
1627,234,2,706,9,3896,1,90
1628,234,2,707,3,3899,1,30
1629,234,2,708,6,3905,1,60
1630,234,2,709,2,3907,1,20
1631,234,2,710,9,3916,15,90
1632,234,2,711,4,3920,6,40
1633,234,2,712,5,3925,4,50
1634,234,2,713,5,3930,1,50
1635,234,2,714,3,3933,1,30
1636,234,2,715,6,3939,5,60
1637,234,2,716,7,3946,2,70
1638,234,2,717,7,3953,1,70
1639,234,2,718,4,3957,4,40
1640,234,2,719,2,3959,3,20
1641,234,2,720,8,3967,1,80
1642,234,2,721,5,3972,5,50
1643,234,2,722,7,3979,4,70
1644,234,2,723,7,3986,0,70
1645,234,2,724,9,3995,1,90
1646,234,2,725,8,4003,1,80
1647,234,2,726,9,4012,1,90
1648,234,2,727,8,4020,8,80
1649,234,2,728,9,4029,1,90
1650,234,2,729,2,4031,1,20
1651,234,2,730,8,4039,1,80
1652,234,2,731,6,4045,1,60
1653,234,2,732,6,4051,1,60
1654,234,2,733,4,4055,1,40
1655,234,2,734,8,4063,7,80
1656,234,2,735,7,4070,1,70
1657,234,2,736,2,4072,1,20
1658,234,2,737,9,4081,9,90
1659,234,2,738,2,4083,1,20
1660,234,2,739,6,4089,10,60
1661,234,2,740,3,4092,1,30
1662,234,2,741,2,4094,1,20
1663,234,2,742,2,4096,1,20
1664,234,2,743,4,4100,1,40
1665,234,2,744,2,4102,3,20
1666,234,2,745,3,4105,1,30
1667,234,2,746,7,4112,5,70
1668,234,2,747,5,4117,1,50
1669,234,2,748,7,4124,1,70
1670,234,2,749,7,4131,1,70
1671,234,2,750,6,4137,4,60
1672,234,2,751,3,4140,6,30
1673,234,2,752,2,4142,1,20
1674,234,2,753,5,4147,1,50
1675,234,2,754,2,4149,1,20
1676,234,2,755,6,4155,1,60
1677,234,2,756,4,4159,1,40
1678,234,2,757,9,4168,1,90
1679,234,2,758,7,4175,1,70
1680,234,2,759,3,4178,1,30
1681,234,2,760,2,4180,1,20
1682,234,2,761,3,4183,1,30
1683,234,2,762,9,4192,5,90
1684,234,2,763,6,4198,1,60
1685,234,2,764,4,4202,10,40
1686,234,2,765,7,4209,1,70
1687,234,2,766,8,4217,6,80
1688,234,2,767,3,4220,1,30
1689,234,2,768,4,4224,1,40
1690,234,2,769,4,4228,1,40
1691,234,2,770,4,4232,5,40
1692,234,2,771,9,4241,1,90
1693,234,2,772,7,4248,1,70
1694,234,2,773,3,4251,1,30
1695,234,2,774,3,4254,1,30
1696,234,2,775,7,4261,1,70
1697,234,2,776,3,4264,11,30
1698,234,2,777,5,4269,5,50
1699,234,2,778,2,4271,1,20
1700,234,2,779,3,4274,4,30
1701,234,2,780,5,4279,1,50
1702,234,2,781,8,4287,1,80
1703,234,2,782,8,4295,1,80
1704,234,2,783,4,4299,4,40
1705,234,2,784,6,4305,1,60
1706,234,2,785,6,4311,1,60
1707,234,2,786,6,4317,4,60
1708,234,2,787,6,4323,6,60
1709,234,2,788,5,4328,1,50
1710,234,2,789,4,4332,1,40
1711,234,2,790,2,4334,1,20
1712,234,2,791,4,4338,1,40
1713,234,2,792,3,4341,8,30
1714,234,2,793,4,4345,1,40
1715,234,2,794,7,4352,2,70
1716,234,2,795,7,4359,1,70
1717,234,2,796,9,4368,1,90
1718,234,2,797,8,4376,6,80
1719,234,2,798,3,4379,1,30
1720,234,2,799,4,4383,1,40
1721,234,2,800,8,4391,7,80
1722,234,2,801,3,4394,1,30
1723,234,2,802,3,4397,1,30
1724,234,2,803,3,4400,7,30
1725,234,2,804,7,4407,1,70
1726,234,2,805,7,4414,1,70
1727,234,2,806,4,4418,1,40
1728,234,2,807,3,4421,1,30
1729,234,2,808,5,4426,7,50
1730,234,2,809,7,4433,1,70
1731,234,2,810,9,4442,7,90
1732,234,2,811,7,4449,1,70
1733,234,2,812,7,4456,1,70
1734,234,2,813,3,4459,7,30
1735,234,2,814,6,4465,1,60
1736,234,2,815,2,4467,1,20
1737,234,2,816,3,4470,1,30
1738,234,2,817,2,4472,1,20
1739,234,2,818,6,4478,6,60
1740,234,2,819,7,4485,1,70
1741,234,2,820,7,4492,1,70
1742,234,2,821,6,4498,6,60
1743,234,2,822,7,4505,1,70
1744,234,2,823,9,4514,1,90
1745,234,2,824,5,4519,1,50
1746,234,2,825,5,4524,9,50
1747,234,2,826,3,4527,1,30
1748,234,2,827,2,4529,5,20
1749,234,2,828,2,4531,1,20
1750,234,2,829,5,4536,3,50
1751,234,2,830,3,4539,1,30
1752,234,2,831,2,4541,3,20
1753,234,2,832,5,4546,1,50
1754,234,2,833,8,4554,1,80
1755,234,2,834,7,4561,1,70
1756,234,2,835,6,4567,9,60
1757,234,2,836,7,4574,1,70
1758,234,2,837,5,4579,1,50
1759,234,2,838,2,4581,1,20
1760,234,2,839,2,4583,5,20
1761,234,2,840,5,4588,1,50
1762,234,2,841,8,4596,1,80
1763,234,2,842,6,4602,1,60
1764,234,2,843,2,4604,1,20
1765,234,2,844,3,4607,1,30
1766,234,2,845,5,4612,11,50
1767,234,2,846,2,4614,6,20
1768,234,2,847,6,4620,4,60
1769,234,2,848,6,4626,1,60
1770,234,2,849,5,4631,1,50
1771,234,2,850,8,4639,1,80
1772,234,2,851,9,4648,1,90
1773,234,2,852,7,4655,1,70
1774,234,2,853,9,4664,1,90
1775,234,2,854,7,4671,12,70
1776,234,2,855,7,4678,1,70
1777,234,2,856,5,4683,10,50
1778,234,2,857,9,4692,8,90
1779,234,2,858,8,4700,1,80
1780,234,2,859,2,4702,1,20
1781,234,2,860,3,4705,1,30
1782,234,2,861,5,4710,5,50
1783,234,2,862,4,4714,1,40
1784,234,2,863,8,4722,1,80
1785,234,2,864,6,4728,1,60
1786,234,2,865,4,4732,1,40
1787,234,2,866,9,4741,1,90
1788,234,2,867,7,4748,1,70
1789,234,2,868,8,4756,1,80
1790,234,2,869,7,4763,11,70
1791,234,2,870,2,4765,1,20
1792,234,2,871,3,4768,1,30
1793,234,2,872,4,4772,1,40
1794,234,2,873,7,4779,16,70
1795,234,2,874,7,4786,4,70
1796,234,2,875,9,4795,1,90
1797,234,2,876,5,4800,3,50
1798,234,2,877,8,4808,1,80
1799,234,2,878,6,4814,2,60
1800,234,2,879,4,4818,1,40
1801,234,2,880,4,4822,4,40
1802,234,2,881,2,4824,1,20
1803,234,2,882,2,4826,3,20
1804,234,2,883,8,4834,2,80
1805,234,2,884,9,4843,4,90
1806,234,2,885,5,4848,3,50
1807,234,2,886,6,4854,1,60
1808,234,2,887,2,4856,1,20
1809,234,2,888,6,4862,1,60
1810,234,2,889,6,4868,5,60
1811,234,2,890,5,4873,1,50
1812,234,2,891,3,4876,1,30
1813,234,2,892,7,4883,1,70
1814,234,2,893,2,4885,0,20
1815,234,2,894,3,4888,1,30
1816,234,2,895,3,4891,4,30
1817,234,2,896,4,4895,1,40
1818,234,2,897,2,4897,1,20
1819,234,2,898,3,4900,5,30
1820,234,2,899,5,4905,1,50
1821,234,2,900,6,4911,1,60
1822,234,2,901,4,4915,1,40
1823,234,2,902,8,4923,5,80
1824,234,2,903,3,4926,5,30
1825,234,2,904,7,4933,2,70
1826,234,2,905,8,4941,1,80
1827,234,2,906,8,4949,1,80
1828,234,2,907,7,4956,3,70
1829,234,2,908,8,4964,1,80
1830,234,2,909,2,4966,6,20
1831,234,2,910,9,4975,1,90
1832,234,2,911,2,4977,1,20
1833,234,2,912,6,4983,1,60
1834,234,2,913,7,4990,1,70
1835,234,2,914,4,4994,1,40
1836,234,3,1,5,5,1,50
1837,234,3,2,9,14,3,90
1838,234,3,3,8,22,1,80
1839,234,3,4,8,30,1,80
1840,234,3,5,9,39,4,90
1841,234,3,6,5,44,1,50
1842,234,3,7,5,49,6,50
1843,234,3,8,2,51,4,20
1844,234,3,9,8,59,1,80
1845,234,3,10,7,66,2,70
1846,234,3,11,7,73,3,70
1847,234,3,12,9,82,5,90
1848,234,3,13,7,89,1,70
1849,234,3,14,7,96,1,70
1850,234,3,15,7,103,6,70
1851,234,3,16,3,106,1,30
1852,234,3,17,7,113,9,70
1853,234,3,18,9,122,1,90
1854,234,3,19,6,128,1,60
1855,234,3,20,5,133,1,50
1856,234,3,21,2,135,7,20
1857,234,3,22,6,141,1,60
1858,234,3,23,7,148,1,70
1859,234,3,24,7,155,9,70
1860,234,3,25,3,158,1,30
1861,234,3,26,8,166,1,80
1862,234,3,27,6,172,1,60
1863,234,3,28,6,178,1,60
1864,234,3,29,8,186,7,80
1865,234,3,30,2,188,6,20
1866,234,3,31,8,196,1,80
1867,234,3,32,6,202,1,60
1868,234,3,33,8,210,5,80
1869,234,3,34,2,212,1,20
1870,234,3,35,2,214,1,20
1871,234,3,36,3,217,1,30
1872,234,3,37,9,226,1,90
1873,234,3,38,9,235,1,90
1874,234,3,39,2,237,1,20
1875,234,3,40,8,245,1,80
1876,234,3,41,6,251,1,60
1877,234,3,42,9,260,8,90
1878,234,3,43,7,267,9,70
1879,234,3,44,9,276,11,90
1880,234,3,45,8,284,10,80
1881,234,3,46,3,287,6,30
1882,234,3,47,8,295,1,80
1883,234,3,48,5,300,1,50
1884,234,3,49,9,309,1,90
1885,234,3,50,3,312,1,30
1886,234,3,51,8,320,1,80
1887,234,3,52,3,323,1,30
1888,234,3,53,3,326,1,30
1889,234,3,54,3,329,1,30
1890,234,3,55,8,337,12,80
1891,234,3,56,2,339,1,20
1892,234,3,57,9,348,1,90
1893,234,3,58,8,356,1,80
1894,234,3,59,6,362,1,60
1895,234,3,60,7,369,1,70
1896,234,3,61,9,378,1,90
1897,234,3,62,3,381,16,30
1898,234,3,63,2,383,10,20
1899,234,3,64,6,389,1,60
1900,234,3,65,7,396,6,70
1901,234,3,66,3,399,6,30
1902,234,3,67,6,405,1,60
1903,234,3,68,5,410,5,50
1904,234,3,69,7,417,1,70
1905,234,3,70,8,425,5,80
1906,234,3,71,3,428,1,30
1907,234,3,72,5,433,8,50
1908,234,3,73,8,441,1,80
1909,234,3,74,7,448,1,70
1910,234,3,75,9,457,5,90
1911,234,3,76,5,462,5,50
1912,234,3,77,4,466,1,40
1913,234,3,78,2,468,1,20
1914,234,3,79,5,473,1,50
1915,234,3,80,9,482,1,90
1916,234,3,81,9,491,1,90
1917,234,3,82,4,495,9,40
1918,234,3,83,5,500,1,50
1919,234,3,84,2,502,1,20
1920,234,3,85,8,510,9,80
1921,234,3,86,6,516,1,60
1922,234,3,87,9,525,7,90
1923,234,3,88,7,532,1,70
1924,234,3,89,9,541,1,90
1925,234,3,90,5,546,1,50
1926,234,3,91,4,550,1,40
1927,234,3,92,8,558,1,80
1928,234,3,93,5,563,1,50
1929,234,3,94,5,568,12,50
1930,234,3,95,3,571,1,30
1931,234,3,96,3,574,1,30
1932,234,3,97,4,578,7,40
1933,234,3,98,3,581,4,30
1934,234,3,99,3,584,1,30
1935,234,3,100,7,591,5,70
1936,234,3,101,4,595,1,40
1937,234,3,102,3,598,1,30
1938,234,3,103,8,606,1,80
1939,234,3,104,6,612,1,60
1940,234,3,105,9,621,4,90
1941,234,3,106,7,628,8,70
1942,234,3,107,3,631,1,30
1943,234,3,108,3,634,1,30
1944,234,3,109,3,637,6,30
1945,234,3,110,6,643,1,60
1946,234,3,111,7,650,1,70
1947,234,3,112,3,653,6,30
1948,234,3,113,5,658,1,50
1949,234,3,114,5,663,0,50
1950,234,3,115,5,668,1,50
1951,234,3,116,9,677,6,90
1952,234,3,117,4,681,1,40
1953,234,3,118,5,686,3,50
1954,234,3,119,7,693,1,70
1955,234,3,120,6,699,1,60
1956,234,3,121,8,707,1,80
1957,234,3,122,2,709,1,20
1958,234,3,123,6,715,1,60
1959,234,3,124,8,723,1,80
1960,234,3,125,2,725,8,20
1961,234,3,126,2,727,6,20
1962,234,3,127,8,735,1,80
1963,234,3,128,2,737,1,20
1964,234,3,129,5,742,1,50
1965,234,3,130,9,751,1,90
1966,234,3,131,2,753,3,20
1967,234,3,132,9,762,1,90
1968,234,3,133,4,766,1,40
1969,234,3,134,8,774,1,80
1970,234,3,135,6,780,1,60
1971,234,3,136,5,785,8,50
1972,234,3,137,4,789,1,40
1973,234,3,138,9,798,1,90
1974,234,3,139,6,804,1,60
1975,234,3,140,5,809,1,50
1976,234,3,141,7,816,2,70
1977,234,3,142,2,818,1,20
1978,234,3,143,5,823,1,50
1979,234,3,144,9,832,1,90
1980,234,3,145,3,835,1,30
1981,234,3,146,4,839,1,40
1982,234,3,147,9,848,1,90
1983,234,3,148,6,854,11,60
1984,234,3,149,6,860,11,60
1985,234,3,150,7,867,1,70
1986,234,3,151,8,875,1,80
1987,234,3,152,6,881,9,60
1988,234,3,153,7,888,1,70
1989,234,3,154,4,892,1,40
1990,234,3,155,4,896,8,40
1991,234,3,156,5,901,1,50
1992,234,3,157,6,907,1,60
1993,234,3,158,7,914,1,70
1994,234,3,159,2,916,1,20
1995,234,3,160,6,922,7,60
1996,234,3,161,9,931,1,90
1997,234,3,162,4,935,9,40
1998,234,3,163,5,940,8,50
1999,234,3,164,2,942,1,20
2000,234,3,165,3,945,1,30
2001,234,3,166,2,947,1,20
2002,234,3,167,6,953,2,60
2003,234,3,168,9,962,1,90
2004,234,3,169,2,964,1,20
2005,234,3,170,7,971,1,70
2006,234,3,171,4,975,5,40
2007,234,3,172,3,978,3,30
2008,234,3,173,5,983,5,50
2009,234,3,174,9,992,9,90
2010,234,3,175,5,997,1,50
2011,234,3,176,8,1005,4,80
2012,234,3,177,9,1014,1,90
2013,234,3,178,9,1023,5,90
2014,234,3,179,9,1032,1,90
2015,234,3,180,4,1036,1,40
2016,234,3,181,3,1039,1,30
2017,234,3,182,5,1044,1,50
2018,234,3,183,8,1052,1,80
2019,234,3,184,7,1059,1,70
2020,234,3,185,6,1065,1,60
2021,234,3,186,3,1068,11,30
2022,234,3,187,6,1074,1,60
2023,234,3,188,6,1080,1,60
2024,234,3,189,9,1089,1,90
2025,234,3,190,3,1092,12,30
2026,234,3,191,5,1097,1,50
2027,234,3,192,8,1105,1,80
2028,234,3,193,5,1110,4,50
2029,234,3,194,8,1118,1,80
2030,234,3,195,2,1120,7,20
2031,234,3,196,9,1129,1,90
2032,234,3,197,4,1133,1,40
2033,234,3,198,9,1142,1,90
2034,234,3,199,8,1150,9,80
2035,234,3,200,3,1153,1,30
2036,234,3,201,8,1161,1,80
2037,234,3,202,6,1167,1,60
2038,234,3,203,5,1172,8,50
2039,234,3,204,8,1180,1,80
2040,234,3,205,6,1186,5,60
2041,234,3,206,2,1188,1,20
2042,234,3,207,4,1192,1,40
2043,234,3,208,6,1198,3,60
2044,234,3,209,7,1205,1,70
2045,234,3,210,3,1208,5,30
2046,234,3,211,2,1210,1,20
2047,234,3,212,2,1212,1,20
2048,234,3,213,8,1220,1,80
2049,234,3,214,7,1227,1,70
2050,234,3,215,7,1234,1,70
2051,234,3,216,3,1237,2,30
2052,234,3,217,2,1239,2,20
2053,234,3,218,4,1243,1,40
2054,234,3,219,6,1249,1,60
2055,234,3,220,9,1258,1,90
2056,234,3,221,3,1261,1,30
2057,234,3,222,4,1265,1,40
2058,234,3,223,9,1274,1,90
2059,234,3,224,6,1280,1,60
2060,234,3,225,3,1283,8,30
2061,234,3,226,5,1288,1,50
2062,234,3,227,2,1290,1,20
2063,234,3,228,9,1299,2,90
2064,234,3,229,2,1301,7,20
2065,234,3,230,6,1307,2,60
2066,234,3,231,7,1314,1,70
2067,234,3,232,2,1316,1,20
2068,234,3,233,9,1325,1,90
2069,234,3,234,9,1334,1,90
2070,234,3,235,6,1340,7,60
2071,234,3,236,3,1343,7,30
2072,234,3,237,6,1349,5,60
2073,234,3,238,5,1354,3,50
2074,234,3,239,7,1361,4,70
2075,234,3,240,7,1368,1,70
2076,234,3,241,6,1374,1,60
2077,234,3,242,4,1378,1,40
2078,234,3,243,9,1387,1,90
2079,234,3,244,5,1392,5,50
2080,234,3,245,8,1400,1,80
2081,234,3,246,3,1403,1,30
2082,234,3,247,6,1409,1,60
2083,234,3,248,5,1414,1,50
2084,234,3,249,6,1420,1,60
2085,234,3,250,8,1428,1,80
2086,234,3,251,7,1435,1,70
2087,234,3,252,6,1441,7,60
2088,234,3,253,2,1443,5,20
2089,234,3,254,5,1448,1,50
2090,234,3,255,5,1453,1,50
2091,234,3,256,3,1456,1,30
2092,234,3,257,8,1464,1,80
2093,234,3,258,9,1473,1,90
2094,234,3,259,4,1477,1,40
2095,234,3,260,9,1486,5,90
2096,234,3,261,5,1491,1,50
2097,234,3,262,6,1497,1,60
2098,234,3,263,7,1504,11,70
2099,234,3,264,3,1507,8,30
2100,234,3,265,6,1513,7,60
2101,234,3,266,5,1518,1,50
2102,234,3,267,9,1527,6,90
2103,234,3,268,2,1529,1,20
2104,234,3,269,2,1531,1,20
2105,234,3,270,2,1533,5,20
2106,234,3,271,9,1542,2,90
2107,234,3,272,3,1545,1,30
2108,234,3,273,9,1554,1,90
2109,234,3,274,2,1556,1,20
2110,234,3,275,4,1560,1,40
2111,234,3,276,5,1565,1,50
2112,234,3,277,7,1572,6,70
2113,234,3,278,3,1575,1,30
2114,234,3,279,7,1582,1,70
2115,234,3,280,2,1584,1,20
2116,234,3,281,5,1589,1,50
2117,234,3,282,9,1598,1,90
2118,234,3,283,7,1605,1,70
2119,234,3,284,4,1609,1,40
2120,234,3,285,7,1616,1,70
2121,234,3,286,3,1619,1,30
2122,234,3,287,3,1622,1,30
2123,234,3,288,7,1629,9,70
2124,234,3,289,2,1631,1,20
2125,234,3,290,4,1635,7,40
2126,234,3,291,8,1643,1,80
2127,234,3,292,7,1650,1,70
2128,234,3,293,2,1652,5,20
2129,234,3,294,8,1660,8,80
2130,234,3,295,4,1664,6,40
2131,234,3,296,4,1668,1,40
2132,234,3,297,9,1677,1,90
2133,234,3,298,4,1681,5,40
2134,234,3,299,7,1688,1,70
2135,234,3,300,5,1693,2,50
2136,234,3,301,7,1700,5,70
2137,234,3,302,9,1709,1,90
2138,234,3,303,2,1711,1,20
2139,234,3,304,5,1716,1,50
2140,234,3,305,2,1718,10,20
2141,234,3,306,3,1721,1,30
2142,234,3,307,9,1730,1,90
2143,234,3,308,9,1739,1,90
2144,234,3,309,8,1747,1,80
2145,234,3,310,2,1749,1,20
2146,234,3,311,9,1758,5,90
2147,234,3,312,9,1767,1,90
2148,234,3,313,9,1776,1,90
2149,234,3,314,2,1778,10,20
2150,234,3,315,5,1783,6,50
2151,234,3,316,8,1791,1,80
2152,234,3,317,9,1800,3,90
2153,234,3,318,8,1808,1,80
2154,234,3,319,2,1810,1,20
2155,234,3,320,4,1814,1,40
2156,234,3,321,2,1816,1,20
2157,234,3,322,8,1824,1,80
2158,234,3,323,8,1832,6,80
2159,234,3,324,3,1835,1,30
2160,234,3,325,9,1844,1,90
2161,234,3,326,2,1846,1,20
2162,234,3,327,7,1853,1,70
2163,234,3,328,9,1862,1,90
2164,234,3,329,7,1869,9,70
2165,234,3,330,3,1872,1,30
2166,234,3,331,9,1881,12,90
2167,234,3,332,2,1883,7,20
2168,234,3,333,7,1890,2,70
2169,234,3,334,8,1898,4,80
2170,234,3,335,8,1906,1,80
2171,234,3,336,7,1913,1,70
2172,234,3,337,3,1916,1,30
2173,234,3,338,3,1919,1,30
2174,234,3,339,3,1922,6,30
2175,234,3,340,3,1925,1,30
2176,234,3,341,8,1933,6,80
2177,234,3,342,8,1941,1,80
2178,234,3,343,2,1943,1,20
2179,234,3,344,8,1951,1,80
2180,234,3,345,7,1958,1,70
2181,234,3,346,2,1960,6,20
2182,234,3,347,5,1965,2,50
2183,234,3,348,8,1973,1,80
2184,234,3,349,7,1980,1,70
2185,234,3,350,4,1984,1,40
2186,234,3,351,2,1986,1,20
2187,234,3,352,7,1993,1,70
2188,234,3,353,2,1995,1,20
2189,234,3,354,4,1999,8,40
2190,234,3,355,2,2001,4,20
2191,234,3,356,5,2006,1,50
2192,234,3,357,6,2012,1,60
2193,234,3,358,5,2017,3,50
2194,234,3,359,6,2023,1,60
2195,234,3,360,5,2028,1,50
2196,234,3,361,8,2036,1,80
2197,234,3,362,4,2040,1,40
2198,234,3,363,3,2043,1,30
2199,234,3,364,7,2050,1,70
2200,234,3,365,8,2058,11,80
2201,234,3,366,3,2061,1,30
2202,234,3,367,3,2064,1,30
2203,234,3,368,8,2072,6,80
2204,234,3,369,7,2079,5,70
2205,234,3,370,8,2087,1,80
2206,234,3,371,4,2091,1,40
2207,234,3,372,4,2095,5,40
2208,234,3,373,3,2098,1,30
2209,234,3,374,5,2103,9,50
2210,234,3,375,7,2110,1,70
2211,234,3,376,9,2119,8,90
2212,234,3,377,3,2122,1,30
2213,234,3,378,5,2127,1,50
2214,234,3,379,3,2130,1,30
2215,234,3,380,2,2132,1,20
2216,234,3,381,5,2137,1,50
2217,234,3,382,2,2139,1,20
2218,234,3,383,6,2145,1,60
2219,234,3,384,9,2154,9,90
2220,234,3,385,8,2162,2,80
2221,234,3,386,9,2171,1,90
2222,234,3,387,5,2176,1,50
2223,234,3,388,3,2179,6,30
2224,234,3,389,4,2183,1,40
2225,234,3,390,9,2192,1,90
2226,234,3,391,7,2199,1,70
2227,234,3,392,7,2206,1,70
2228,234,3,393,4,2210,1,40
2229,234,3,394,9,2219,11,90
2230,234,3,395,6,2225,1,60
2231,234,3,396,5,2230,1,50
2232,234,3,397,2,2232,1,20
2233,234,3,398,3,2235,1,30
2234,234,3,399,5,2240,12,50
2235,234,3,400,3,2243,1,30
2236,234,3,401,8,2251,17,80
2237,234,3,402,8,2259,1,80
2238,234,3,403,5,2264,7,50
2239,234,3,404,8,2272,1,80
2240,234,3,405,4,2276,1,40
2241,234,3,406,2,2278,1,20
2242,234,3,407,6,2284,8,60
2243,234,3,408,2,2286,1,20
2244,234,3,409,6,2292,1,60
2245,234,3,410,2,2294,5,20
2246,234,3,411,8,2302,1,80
2247,234,3,412,6,2308,3,60
2248,234,3,413,5,2313,5,50
2249,234,3,414,3,2316,4,30
2250,234,3,415,2,2318,1,20
2251,234,3,416,7,2325,1,70
2252,234,3,417,6,2331,1,60
2253,234,3,418,6,2337,1,60
2254,234,3,419,9,2346,1,90
2255,234,3,420,4,2350,1,40
2256,234,3,421,5,2355,1,50
2257,234,3,422,8,2363,7,80
2258,234,3,423,2,2365,5,20
2259,234,3,424,6,2371,7,60
2260,234,3,425,2,2373,2,20
2261,234,3,426,7,2380,1,70
2262,234,3,427,4,2384,4,40
2263,234,3,428,6,2390,5,60
2264,234,3,429,3,2393,2,30
2265,234,3,430,7,2400,1,70
2266,234,3,431,5,2405,1,50
2267,234,3,432,9,2414,1,90
2268,234,3,433,4,2418,3,40
2269,234,3,434,3,2421,3,30
2270,234,3,435,3,2424,3,30
2271,234,3,436,3,2427,1,30
2272,234,3,437,6,2433,1,60
2273,234,3,438,7,2440,1,70
2274,234,3,439,5,2445,4,50
2275,234,3,440,8,2453,1,80
2276,234,3,441,7,2460,1,70
2277,234,3,442,6,2466,1,60
2278,234,3,443,3,2469,1,30
2279,234,3,444,3,2472,1,30
2280,234,3,445,2,2474,1,20
2281,234,3,446,6,2480,3,60
2282,234,3,447,6,2486,1,60
2283,234,3,448,3,2489,1,30
2284,234,3,449,2,2491,1,20
2285,234,3,450,8,2499,1,80
2286,234,3,451,8,2507,1,80
2287,234,3,452,4,2511,12,40
2288,234,3,453,4,2515,1,40
2289,234,3,454,8,2523,1,80
2290,234,3,455,4,2527,1,40
2291,234,3,456,8,2535,14,80
2292,234,3,457,6,2541,1,60
2293,234,3,458,6,2547,1,60
2294,234,3,459,3,2550,1,30
2295,234,3,460,7,2557,1,70
2296,234,3,461,7,2564,1,70
2297,234,3,462,3,2567,19,30
2298,234,3,463,5,2572,1,50
2299,234,3,464,8,2580,7,80
2300,234,3,465,3,2583,1,30
2301,234,3,466,6,2589,1,60
2302,234,3,467,4,2593,6,40
2303,234,3,468,2,2595,1,20
2304,234,3,469,3,2598,1,30
2305,234,3,470,6,2604,1,60
2306,234,3,471,9,2613,1,90
2307,234,3,472,8,2621,11,80
2308,234,3,473,5,2626,1,50
2309,234,3,474,9,2635,1,90
2310,234,3,475,7,2642,3,70
2311,234,3,476,5,2647,1,50
2312,234,3,477,8,2655,8,80
2313,234,3,478,8,2663,5,80
2314,234,3,479,5,2668,1,50
2315,234,3,480,3,2671,6,30
2316,234,3,481,7,2678,1,70
2317,234,3,482,6,2684,1,60
2318,234,3,483,8,2692,1,80
2319,234,3,484,6,2698,1,60
2320,234,3,485,5,2703,1,50
2321,234,3,486,9,2712,7,90
2322,234,3,487,8,2720,8,80
2323,234,3,488,6,2726,1,60
2324,234,3,489,7,2733,1,70
2325,234,3,490,5,2738,1,50
2326,234,3,491,9,2747,3,90
2327,234,3,492,9,2756,1,90
2328,234,3,493,9,2765,1,90
2329,234,3,494,9,2774,1,90
2330,234,3,495,2,2776,10,20
2331,234,3,496,9,2785,1,90
2332,234,3,497,5,2790,1,50
2333,234,3,498,5,2795,1,50
2334,234,3,499,8,2803,1,80
2335,234,3,500,6,2809,15,60
2336,234,3,501,6,2815,1,60
2337,234,3,502,7,2822,1,70
2338,234,3,503,5,2827,1,50
2339,234,3,504,8,2835,1,80
2340,234,3,505,3,2838,1,30
2341,234,3,506,8,2846,1,80
2342,234,3,507,9,2855,9,90
2343,234,3,508,7,2862,1,70
2344,234,3,509,9,2871,1,90
2345,234,3,510,5,2876,1,50
2346,234,3,511,9,2885,11,90
2347,234,3,512,9,2894,15,90
2348,234,3,513,6,2900,7,60
2349,234,3,514,8,2908,1,80
2350,234,3,515,8,2916,9,80
2351,234,3,516,9,2925,1,90
2352,234,3,517,5,2930,1,50
2353,234,3,518,3,2933,1,30
2354,234,3,519,6,2939,1,60
2355,234,3,520,2,2941,1,20
2356,234,3,521,5,2946,1,50
2357,234,3,522,7,2953,9,70
2358,234,3,523,7,2960,1,70
2359,234,3,524,8,2968,5,80
2360,234,3,525,8,2976,6,80
2361,234,3,526,2,2978,1,20
2362,234,3,527,5,2983,1,50
2363,234,3,528,8,2991,4,80
2364,234,3,529,5,2996,1,50
2365,234,3,530,9,3005,1,90
2366,234,3,531,9,3014,1,90
2367,234,3,532,4,3018,1,40
2368,234,3,533,4,3022,7,40
2369,234,3,534,2,3024,1,20
2370,234,3,535,5,3029,5,50
2371,234,3,536,6,3035,8,60
2372,234,3,537,3,3038,1,30
2373,234,3,538,6,3044,2,60
2374,234,3,539,5,3049,1,50
2375,234,3,540,8,3057,4,80
2376,234,3,541,8,3065,4,80
2377,234,3,542,2,3067,1,20
2378,234,3,543,6,3073,2,60
2379,234,3,544,6,3079,1,60
2380,234,3,545,4,3083,1,40
2381,234,3,546,9,3092,8,90
2382,234,3,547,2,3094,1,20
2383,234,3,548,6,3100,5,60
2384,234,3,549,6,3106,1,60
2385,234,3,550,7,3113,1,70
2386,234,3,551,6,3119,1,60
2387,234,3,552,7,3126,1,70
2388,234,3,553,6,3132,1,60
2389,234,3,554,3,3135,10,30
2390,234,3,555,6,3141,7,60
2391,234,3,556,9,3150,9,90
2392,234,3,557,3,3153,1,30
2393,234,3,558,4,3157,1,40
2394,234,3,559,2,3159,1,20
2395,234,3,560,9,3168,5,90
2396,234,3,561,3,3171,1,30
2397,234,3,562,6,3177,5,60
2398,234,3,563,5,3182,1,50
2399,234,3,564,8,3190,10,80
2400,234,3,565,3,3193,1,30
2401,234,3,566,7,3200,1,70
2402,234,3,567,5,3205,1,50
2403,234,3,568,5,3210,1,50
2404,234,3,569,5,3215,1,50
2405,234,3,570,5,3220,1,50
2406,234,3,571,2,3222,1,20
2407,234,3,572,9,3231,1,90
2408,234,3,573,5,3236,1,50
2409,234,3,574,2,3238,1,20
2410,234,3,575,7,3245,7,70
2411,234,3,576,3,3248,1,30
2412,234,3,577,4,3252,9,40
2413,234,3,578,6,3258,1,60
2414,234,3,579,5,3263,1,50
2415,234,3,580,8,3271,1,80
2416,234,3,581,5,3276,5,50
2417,234,3,582,3,3279,1,30
2418,234,3,583,8,3287,1,80
2419,234,3,584,5,3292,8,50
2420,234,3,585,6,3298,1,60
2421,234,3,586,7,3305,1,70
2422,234,3,587,5,3310,5,50
2423,234,3,588,9,3319,1,90
2424,234,3,589,5,3324,6,50
2425,234,3,590,7,3331,5,70
2426,234,3,591,7,3338,6,70
2427,234,3,592,3,3341,1,30
2428,234,3,593,4,3345,1,40
2429,234,3,594,7,3352,1,70
2430,234,3,595,7,3359,3,70
2431,234,3,596,7,3366,1,70
2432,234,3,597,8,3374,4,80
2433,234,3,598,7,3381,5,70
2434,234,3,599,8,3389,1,80
2435,234,3,600,9,3398,6,90
2436,234,3,601,2,3400,1,20
2437,234,3,602,2,3402,1,20
2438,234,3,603,8,3410,1,80
2439,234,3,604,8,3418,1,80
2440,234,3,605,6,3424,9,60
2441,234,3,606,7,3431,1,70
2442,234,3,607,9,3440,10,90
2443,234,3,608,6,3446,1,60
2444,234,3,609,6,3452,1,60
2445,234,3,610,9,3461,6,90
2446,234,3,611,6,3467,1,60
2447,234,3,612,2,3469,1,20
2448,234,3,613,4,3473,6,40
2449,234,3,614,6,3479,1,60
2450,234,3,615,9,3488,7,90
2451,234,3,616,7,3495,8,70
2452,234,3,617,2,3497,1,20
2453,234,3,618,4,3501,1,40
2454,234,3,619,8,3509,1,80
2455,234,3,620,5,3514,7,50
2456,234,3,621,7,3521,6,70
2457,234,3,622,2,3523,1,20
2458,234,3,623,4,3527,1,40
2459,234,3,624,6,3533,1,60
2460,234,3,625,5,3538,1,50
2461,234,3,626,7,3545,6,70
2462,234,3,627,6,3551,1,60
2463,234,3,628,8,3559,7,80
2464,234,3,629,7,3566,1,70
2465,234,3,630,7,3573,1,70
2466,234,3,631,3,3576,1,30
2467,234,3,632,6,3582,1,60
2468,234,3,633,9,3591,10,90
2469,234,3,634,2,3593,1,20
2470,234,3,635,3,3596,9,30
2471,234,3,636,7,3603,1,70
2472,234,3,637,8,3611,1,80
2473,234,3,638,8,3619,1,80
2474,234,3,639,3,3622,1,30
2475,234,3,640,8,3630,1,80
2476,234,3,641,3,3633,1,30
2477,234,3,642,5,3638,12,50
2478,234,3,643,8,3646,1,80
2479,234,3,644,6,3652,1,60
2480,234,3,645,4,3656,1,40
2481,234,3,646,9,3665,7,90
2482,234,3,647,7,3672,8,70
2483,234,3,648,3,3675,1,30
2484,234,3,649,9,3684,1,90
2485,234,3,650,6,3690,7,60
2486,234,3,651,6,3696,8,60
2487,234,3,652,7,3703,1,70
2488,234,3,653,2,3705,1,20
2489,234,3,654,4,3709,1,40
2490,234,3,655,9,3718,1,90
2491,234,3,656,8,3726,1,80
2492,234,3,657,9,3735,1,90
2493,234,3,658,9,3744,1,90
2494,234,3,659,6,3750,1,60
2495,234,3,660,3,3753,1,30
2496,234,3,661,9,3762,11,90
2497,234,3,662,2,3764,1,20
2498,234,3,663,4,3768,1,40
2499,234,3,664,7,3775,10,70
2500,234,3,665,5,3780,1,50
2501,234,3,666,3,3783,8,30
2502,234,3,667,4,3787,1,40
2503,234,3,668,9,3796,6,90
2504,234,3,669,7,3803,1,70
2505,234,3,670,4,3807,1,40
2506,234,3,671,4,3811,1,40
2507,234,3,672,7,3818,1,70
2508,234,3,673,9,3827,1,90
2509,234,3,674,2,3829,1,20
2510,234,3,675,6,3835,1,60
2511,234,3,676,2,3837,8,20
2512,234,3,677,8,3845,8,80
2513,234,3,678,2,3847,1,20
2514,234,3,679,3,3850,10,30
2515,234,3,680,8,3858,1,80
2516,234,3,681,7,3865,1,70
2517,234,3,682,8,3873,10,80
2518,234,3,683,5,3878,1,50
2519,234,3,684,2,3880,1,20
2520,234,3,685,9,3889,2,90
2521,234,3,686,3,3892,1,30
2522,234,3,687,5,3897,1,50
2523,234,3,688,2,3899,1,20
2524,234,3,689,3,3902,1,30
2525,234,3,690,7,3909,1,70
2526,234,3,691,4,3913,7,40
2527,234,3,692,7,3920,1,70
2528,234,3,693,4,3924,1,40
2529,234,3,694,9,3933,1,90
2530,234,3,695,7,3940,5,70
2531,234,3,696,8,3948,1,80
2532,234,3,697,3,3951,7,30
2533,234,3,698,7,3958,1,70
2534,234,3,699,8,3966,1,80
2535,234,3,700,8,3974,7,80
2536,234,3,701,9,3983,1,90
2537,234,3,702,5,3988,7,50
2538,234,3,703,2,3990,1,20
2539,234,3,704,8,3998,6,80
2540,234,3,705,9,4007,1,90
2541,234,3,706,2,4009,1,20
2542,234,3,707,8,4017,1,80
2543,234,3,708,3,4020,1,30
2544,234,3,709,5,4025,1,50
2545,234,3,710,9,4034,1,90
2546,234,3,711,2,4036,8,20
2547,234,3,712,7,4043,1,70
2548,234,3,713,6,4049,1,60
2549,234,3,714,6,4055,1,60
2550,234,3,715,2,4057,7,20
2551,234,3,716,3,4060,1,30
2552,234,3,717,3,4063,1,30
2553,234,3,718,3,4066,1,30
2554,234,3,719,8,4074,1,80
2555,234,3,720,7,4081,1,70
2556,234,3,721,9,4090,1,90
2557,234,3,722,8,4098,1,80
2558,234,3,723,6,4104,9,60
2559,234,3,724,3,4107,6,30
2560,234,3,725,9,4116,1,90
2561,234,3,726,9,4125,1,90
2562,234,3,727,8,4133,1,80
2563,234,3,728,6,4139,1,60
2564,234,3,729,6,4145,1,60
2565,234,3,730,4,4149,1,40
2566,234,3,731,5,4154,1,50
2567,234,3,732,5,4159,1,50
2568,234,3,733,9,4168,1,90
2569,234,3,734,7,4175,1,70
2570,234,3,735,8,4183,1,80
2571,234,3,736,8,4191,1,80
2572,234,3,737,6,4197,1,60
2573,234,3,738,6,4203,7,60
2574,234,3,739,5,4208,1,50
2575,234,3,740,3,4211,1,30
2576,234,3,741,2,4213,8,20
2577,234,3,742,6,4219,1,60
2578,234,3,743,9,4228,10,90
2579,234,3,744,6,4234,1,60
2580,234,3,745,4,4238,1,40
2581,234,3,746,4,4242,1,40
2582,234,3,747,4,4246,1,40
2583,234,3,748,5,4251,4,50
2584,234,3,749,6,4257,1,60
2585,234,3,750,7,4264,7,70
2586,234,3,751,9,4273,1,90
2587,234,3,752,6,4279,7,60
2588,234,3,753,5,4284,1,50
2589,234,3,754,3,4287,7,30
2590,234,3,755,9,4296,8,90
2591,234,3,756,2,4298,1,20
2592,234,3,757,9,4307,1,90
2593,234,3,758,9,4316,1,90
2594,234,3,759,5,4321,1,50
2595,234,3,760,3,4324,6,30
2596,234,3,761,7,4331,1,70
2597,234,3,762,5,4336,7,50
2598,234,3,763,8,4344,1,80
2599,234,3,764,7,4351,1,70
2600,234,3,765,5,4356,1,50
2601,234,3,766,9,4365,10,90
2602,234,3,767,5,4370,1,50
2603,234,3,768,3,4373,1,30
2604,234,3,769,4,4377,1,40
2605,234,3,770,4,4381,1,40
2606,234,3,771,8,4389,1,80
2607,234,3,772,4,4393,1,40
2608,234,3,773,8,4401,1,80
2609,234,3,774,9,4410,1,90
2610,234,3,775,8,4418,1,80
2611,234,3,776,4,4422,1,40
2612,234,3,777,6,4428,9,60
2613,234,3,778,2,4430,1,20
2614,234,3,779,6,4436,1,60
2615,234,3,780,8,4444,6,80
2616,234,3,781,4,4448,1,40
2617,234,3,782,6,4454,5,60
2618,234,3,783,7,4461,1,70
2619,234,3,784,3,4464,1,30
2620,234,3,785,2,4466,1,20
2621,234,3,786,9,4475,1,90
2622,234,3,787,2,4477,7,20
2623,234,3,788,8,4485,1,80
2624,234,3,789,6,4491,1,60
2625,234,3,790,6,4497,1,60
2626,234,3,791,7,4504,8,70
2627,234,3,792,9,4513,1,90
2628,234,3,793,9,4522,1,90
2629,234,3,794,5,4527,1,50
2630,234,3,795,4,4531,1,40
2631,234,3,796,8,4539,1,80
2632,234,3,797,9,4548,1,90
2633,234,3,798,3,4551,1,30
2634,234,3,799,5,4556,1,50
2635,234,3,800,3,4559,1,30
2636,234,3,801,2,4561,1,20
2637,234,3,802,9,4570,1,90
2638,234,3,803,6,4576,10,60
2639,234,3,804,4,4580,1,40
2640,234,3,805,8,4588,9,80
2641,234,3,806,9,4597,1,90
2642,234,3,807,3,4600,1,30
2643,234,3,808,4,4604,1,40
2644,234,3,809,8,4612,10,80
2645,234,3,810,3,4615,1,30
2646,234,3,811,6,4621,1,60
2647,234,3,812,4,4625,1,40
2648,234,3,813,4,4629,1,40
2649,234,3,814,5,4634,1,50
2650,234,3,815,2,4636,13,20
2651,234,3,816,9,4645,1,90
2652,234,3,817,9,4654,1,90
2653,234,3,818,3,4657,1,30
2654,234,3,819,6,4663,1,60
2655,234,3,820,4,4667,1,40
2656,234,3,821,2,4669,1,20
2657,234,3,822,3,4672,1,30
2658,234,3,823,4,4676,12,40
2659,234,3,824,9,4685,5,90
2660,234,3,825,8,4693,1,80
2661,234,3,826,8,4701,1,80
2662,234,3,827,5,4706,11,50
2663,234,3,828,8,4714,11,80
2664,234,3,829,2,4716,1,20
2665,234,3,830,4,4720,1,40
2666,234,3,831,4,4724,1,40
2667,234,3,832,6,4730,1,60
2668,234,3,833,9,4739,1,90
2669,234,3,834,2,4741,1,20
2670,234,3,835,5,4746,1,50
2671,234,3,836,4,4750,1,40
2672,234,3,837,9,4759,1,90
2673,234,3,838,7,4766,1,70
2674,234,3,839,7,4773,1,70
2675,234,3,840,5,4778,15,50
2676,234,3,841,8,4786,1,80
2677,234,3,842,7,4793,10,70
2678,234,3,843,5,4798,8,50
2679,234,3,844,3,4801,1,30
2680,234,3,845,3,4804,1,30
2681,234,3,846,5,4809,1,50
2682,234,3,847,8,4817,1,80
2683,234,3,848,2,4819,1,20
2684,234,3,849,9,4828,1,90
2685,234,3,850,8,4836,1,80
2686,234,3,851,8,4844,7,80
2687,234,3,852,5,4849,2,50
2688,234,3,853,8,4857,6,80
2689,234,3,854,5,4862,1,50
2690,234,3,855,4,4866,1,40
2691,234,3,856,5,4871,1,50
2692,234,3,857,8,4879,1,80
2693,234,3,858,6,4885,1,60
2694,234,3,859,6,4891,14,60
2695,234,3,860,7,4898,1,70
2696,234,3,861,6,4904,6,60
2697,234,3,862,9,4913,1,90
2698,234,3,863,8,4921,1,80
2699,234,3,864,2,4923,1,20
2700,234,3,865,7,4930,4,70
2701,234,3,866,4,4934,1,40
2702,234,3,867,9,4943,4,90
2703,234,3,868,9,4952,1,90
2704,234,3,869,7,4959,11,70
2705,234,3,870,3,4962,1,30
2706,234,3,871,8,4970,1,80
2707,234,3,872,8,4978,6,80
2708,234,3,873,4,4982,1,40
2709,234,3,874,3,4985,1,30
2710,234,3,875,6,4991,3,60
2711,234,3,876,7,4998,6,70
