,Scenario,Trial,Inspection,Interval,Time,Defects,Rate
0,308,1,1,5,5,1,50
1,308,1,2,6,11,1,60
2,308,1,3,7,18,1,70
3,308,1,4,3,21,1,30
4,308,1,5,9,30,1,90
5,308,1,6,8,38,1,80
6,308,1,7,6,44,1,60
7,308,1,8,2,46,1,20
8,308,1,9,6,52,1,60
9,308,1,10,7,59,1,70
10,308,1,11,2,61,1,20
11,308,1,12,3,64,1,30
12,308,1,13,2,66,1,20
13,308,1,14,6,72,1,60
14,308,1,15,8,80,1,80
15,308,1,16,9,89,1,90
16,308,1,17,7,96,1,70
17,308,1,18,8,104,6,80
18,308,1,19,2,106,1,20
19,308,1,20,5,111,1,50
20,308,1,21,5,116,1,50
21,308,1,22,2,118,1,20
22,308,1,23,2,120,5,20
23,308,1,24,5,125,1,50
24,308,1,25,2,127,8,20
25,308,1,26,3,130,4,30
26,308,1,27,2,132,1,20
27,308,1,28,2,134,1,20
28,308,1,29,7,141,1,70
29,308,1,30,4,145,1,40
30,308,1,31,3,148,1,30
31,308,1,32,4,152,1,40
32,308,1,33,9,161,1,90
33,308,1,34,2,163,1,20
34,308,1,35,9,172,1,90
35,308,1,36,5,177,1,50
36,308,1,37,6,183,5,60
37,308,1,38,5,188,1,50
38,308,1,39,9,197,1,90
39,308,1,40,3,200,1,30
40,308,1,41,5,205,1,50
41,308,1,42,5,210,1,50
42,308,1,43,4,214,1,40
43,308,1,44,7,221,1,70
44,308,1,45,7,228,1,70
45,308,1,46,7,235,1,70
46,308,1,47,2,237,1,20
47,308,1,48,7,244,1,70
48,308,1,49,3,247,1,30
49,308,1,50,7,254,1,70
50,308,1,51,4,258,1,40
51,308,1,52,4,262,1,40
52,308,1,53,8,270,1,80
53,308,1,54,9,279,1,90
54,308,1,55,8,287,1,80
55,308,1,56,3,290,1,30
56,308,1,57,2,292,1,20
57,308,1,58,8,300,1,80
58,308,1,59,9,309,1,90
59,308,1,60,9,318,1,90
60,308,1,61,2,320,1,20
61,308,1,62,4,324,1,40
62,308,1,63,9,333,1,90
63,308,1,64,3,336,13,30
64,308,1,65,4,340,1,40
65,308,1,66,5,345,1,50
66,308,1,67,2,347,1,20
67,308,1,68,9,356,1,90
68,308,1,69,8,364,1,80
69,308,1,70,9,373,1,90
70,308,1,71,9,382,1,90
71,308,1,72,5,387,1,50
72,308,1,73,8,395,1,80
73,308,1,74,5,400,1,50
74,308,1,75,8,408,1,80
75,308,1,76,9,417,1,90
76,308,1,77,6,423,1,60
77,308,1,78,8,431,1,80
78,308,1,79,5,436,1,50
79,308,1,80,8,444,1,80
80,308,1,81,2,446,1,20
81,308,1,82,3,449,16,30
82,308,1,83,2,451,1,20
83,308,1,84,5,456,1,50
84,308,1,85,4,460,1,40
85,308,1,86,4,464,1,40
86,308,1,87,6,470,1,60
87,308,1,88,6,476,1,60
88,308,1,89,6,482,1,60
89,308,1,90,9,491,29,90
90,308,1,91,9,500,1,90
91,308,1,92,9,509,1,90
92,308,1,93,5,514,1,50
93,308,1,94,4,518,1,40
94,308,1,95,3,521,1,30
95,308,1,96,4,525,11,40
96,308,1,97,8,533,1,80
97,308,1,98,2,535,1,20
98,308,1,99,3,538,1,30
99,308,1,100,3,541,1,30
100,308,1,101,3,544,1,30
101,308,1,102,7,551,1,70
102,308,1,103,4,555,13,40
103,308,1,104,3,558,7,30
104,308,1,105,3,561,1,30
105,308,1,106,2,563,1,20
106,308,1,107,7,570,1,70
107,308,1,108,7,577,1,70
108,308,1,109,5,582,1,50
109,308,1,110,7,589,1,70
110,308,1,111,9,598,1,90
111,308,1,112,6,604,1,60
112,308,1,113,2,606,1,20
113,308,1,114,5,611,23,50
114,308,1,115,4,615,7,40
115,308,1,116,6,621,1,60
116,308,1,117,7,628,12,70
117,308,1,118,2,630,1,20
118,308,1,119,3,633,10,30
119,308,1,120,2,635,1,20
120,308,1,121,7,642,2,70
121,308,1,122,4,646,1,40
122,308,1,123,2,648,1,20
123,308,1,124,4,652,1,40
124,308,1,125,2,654,1,20
125,308,1,126,3,657,1,30
126,308,1,127,5,662,1,50
127,308,1,128,7,669,1,70
128,308,1,129,6,675,1,60
129,308,1,130,4,679,1,40
130,308,1,131,4,683,6,40
131,308,1,132,2,685,1,20
132,308,1,133,9,694,1,90
133,308,1,134,8,702,1,80
134,308,1,135,5,707,1,50
135,308,1,136,4,711,1,40
136,308,1,137,2,713,1,20
137,308,1,138,3,716,1,30
138,308,1,139,5,721,1,50
139,308,1,140,7,728,1,70
140,308,1,141,7,735,12,70
141,308,1,142,8,743,1,80
142,308,1,143,7,750,1,70
143,308,1,144,6,756,1,60
144,308,1,145,3,759,1,30
145,308,1,146,5,764,1,50
146,308,1,147,5,769,1,50
147,308,1,148,3,772,17,30
148,308,1,149,6,778,1,60
149,308,1,150,5,783,1,50
150,308,1,151,9,792,1,90
151,308,1,152,8,800,1,80
152,308,1,153,9,809,1,90
153,308,1,154,7,816,1,70
154,308,1,155,5,821,1,50
155,308,1,156,8,829,1,80
156,308,1,157,3,832,1,30
157,308,1,158,3,835,1,30
158,308,1,159,4,839,16,40
159,308,1,160,6,845,1,60
160,308,1,161,3,848,19,30
161,308,1,162,3,851,1,30
162,308,1,163,5,856,1,50
163,308,1,164,3,859,1,30
164,308,1,165,6,865,1,60
165,308,1,166,4,869,1,40
166,308,1,167,5,874,1,50
167,308,1,168,5,879,1,50
168,308,1,169,4,883,1,40
169,308,1,170,4,887,12,40
170,308,1,171,9,896,1,90
171,308,1,172,7,903,1,70
172,308,1,173,5,908,1,50
173,308,1,174,2,910,1,20
174,308,1,175,7,917,1,70
175,308,1,176,6,923,1,60
176,308,1,177,2,925,1,20
177,308,1,178,5,930,13,50
178,308,1,179,3,933,1,30
179,308,1,180,3,936,1,30
180,308,1,181,4,940,1,40
181,308,1,182,3,943,14,30
182,308,1,183,5,948,1,50
183,308,1,184,7,955,1,70
184,308,1,185,3,958,1,30
185,308,1,186,7,965,12,70
186,308,1,187,5,970,7,50
187,308,1,188,7,977,9,70
188,308,1,189,6,983,1,60
189,308,1,190,5,988,1,50
190,308,1,191,4,992,1,40
191,308,1,192,5,997,7,50
192,308,1,193,3,1000,6,30
193,308,1,194,6,1006,1,60
194,308,1,195,4,1010,1,40
195,308,1,196,2,1012,1,20
196,308,1,197,2,1014,1,20
197,308,1,198,4,1018,1,40
198,308,1,199,2,1020,1,20
199,308,1,200,4,1024,7,40
200,308,1,201,4,1028,1,40
201,308,1,202,7,1035,1,70
202,308,1,203,3,1038,1,30
203,308,1,204,7,1045,1,70
204,308,1,205,3,1048,1,30
205,308,1,206,7,1055,8,70
206,308,1,207,8,1063,1,80
207,308,1,208,7,1070,1,70
208,308,1,209,4,1074,1,40
209,308,1,210,7,1081,5,70
210,308,1,211,4,1085,1,40
211,308,1,212,3,1088,1,30
212,308,1,213,7,1095,1,70
213,308,1,214,5,1100,1,50
214,308,1,215,3,1103,1,30
215,308,1,216,9,1112,1,90
216,308,1,217,5,1117,1,50
217,308,1,218,4,1121,1,40
218,308,1,219,8,1129,1,80
219,308,1,220,5,1134,1,50
220,308,1,221,6,1140,1,60
221,308,1,222,7,1147,1,70
222,308,1,223,7,1154,1,70
223,308,1,224,5,1159,1,50
224,308,1,225,7,1166,1,70
225,308,1,226,3,1169,14,30
226,308,1,227,9,1178,1,90
227,308,1,228,5,1183,1,50
228,308,1,229,8,1191,1,80
229,308,1,230,6,1197,1,60
230,308,1,231,7,1204,1,70
231,308,1,232,3,1207,14,30
232,308,1,233,3,1210,1,30
233,308,1,234,9,1219,11,90
234,308,1,235,7,1226,1,70
235,308,1,236,6,1232,1,60
236,308,1,237,6,1238,1,60
237,308,1,238,9,1247,1,90
238,308,1,239,6,1253,1,60
239,308,1,240,2,1255,1,20
240,308,1,241,8,1263,1,80
241,308,1,242,9,1272,1,90
242,308,1,243,8,1280,1,80
243,308,1,244,7,1287,10,70
244,308,1,245,9,1296,1,90
245,308,1,246,7,1303,20,70
246,308,1,247,9,1312,11,90
247,308,1,248,6,1318,1,60
248,308,1,249,4,1322,1,40
249,308,1,250,6,1328,1,60
250,308,1,251,3,1331,1,30
251,308,1,252,3,1334,1,30
252,308,1,253,9,1343,1,90
253,308,1,254,2,1345,1,20
254,308,1,255,9,1354,1,90
255,308,1,256,6,1360,1,60
256,308,1,257,6,1366,1,60
257,308,1,258,4,1370,1,40
258,308,1,259,8,1378,1,80
259,308,1,260,4,1382,1,40
260,308,1,261,9,1391,1,90
261,308,1,262,2,1393,1,20
262,308,1,263,4,1397,1,40
263,308,1,264,5,1402,1,50
264,308,1,265,4,1406,1,40
265,308,1,266,3,1409,15,30
266,308,1,267,6,1415,1,60
267,308,1,268,7,1422,1,70
268,308,1,269,9,1431,1,90
269,308,1,270,5,1436,1,50
270,308,1,271,2,1438,1,20
271,308,1,272,5,1443,1,50
272,308,1,273,8,1451,1,80
273,308,1,274,8,1459,1,80
274,308,1,275,9,1468,19,90
275,308,1,276,5,1473,12,50
276,308,1,277,2,1475,1,20
277,308,1,278,6,1481,1,60
278,308,1,279,2,1483,16,20
279,308,1,280,8,1491,10,80
280,308,1,281,8,1499,7,80
281,308,1,282,6,1505,1,60
282,308,1,283,9,1514,1,90
283,308,1,284,9,1523,1,90
284,308,1,285,3,1526,1,30
285,308,1,286,9,1535,1,90
286,308,1,287,8,1543,1,80
287,308,1,288,6,1549,9,60
288,308,1,289,2,1551,1,20
289,308,1,290,9,1560,1,90
290,308,1,291,5,1565,1,50
291,308,1,292,8,1573,1,80
292,308,1,293,4,1577,1,40
293,308,1,294,9,1586,1,90
294,308,1,295,7,1593,1,70
295,308,1,296,3,1596,1,30
296,308,1,297,8,1604,1,80
297,308,1,298,2,1606,1,20
298,308,1,299,9,1615,1,90
299,308,1,300,2,1617,1,20
300,308,1,301,9,1626,1,90
301,308,1,302,6,1632,1,60
302,308,1,303,9,1641,1,90
303,308,1,304,2,1643,1,20
304,308,1,305,4,1647,1,40
305,308,1,306,2,1649,1,20
306,308,1,307,7,1656,1,70
307,308,1,308,4,1660,1,40
308,308,1,309,8,1668,1,80
309,308,1,310,7,1675,17,70
310,308,1,311,3,1678,1,30
311,308,1,312,6,1684,1,60
312,308,1,313,7,1691,1,70
313,308,1,314,9,1700,15,90
314,308,1,315,8,1708,1,80
315,308,1,316,4,1712,17,40
316,308,1,317,9,1721,1,90
317,308,1,318,9,1730,1,90
318,308,1,319,7,1737,1,70
319,308,1,320,3,1740,1,30
320,308,1,321,8,1748,1,80
321,308,1,322,4,1752,1,40
322,308,1,323,2,1754,1,20
323,308,1,324,4,1758,1,40
324,308,1,325,7,1765,1,70
325,308,1,326,9,1774,26,90
326,308,1,327,3,1777,1,30
327,308,1,328,4,1781,1,40
328,308,1,329,5,1786,15,50
329,308,1,330,2,1788,1,20
330,308,1,331,7,1795,1,70
331,308,1,332,4,1799,1,40
332,308,1,333,2,1801,1,20
333,308,1,334,5,1806,16,50
334,308,1,335,6,1812,1,60
335,308,1,336,8,1820,1,80
336,308,1,337,8,1828,1,80
337,308,1,338,4,1832,1,40
338,308,1,339,5,1837,1,50
339,308,1,340,2,1839,19,20
340,308,1,341,5,1844,1,50
341,308,1,342,6,1850,1,60
342,308,1,343,5,1855,1,50
343,308,1,344,4,1859,1,40
344,308,1,345,6,1865,1,60
345,308,1,346,5,1870,1,50
346,308,1,347,8,1878,1,80
347,308,1,348,9,1887,1,90
348,308,1,349,4,1891,1,40
349,308,1,350,6,1897,1,60
350,308,1,351,7,1904,12,70
351,308,1,352,8,1912,1,80
352,308,1,353,2,1914,10,20
353,308,1,354,2,1916,1,20
354,308,1,355,3,1919,1,30
355,308,1,356,9,1928,1,90
356,308,1,357,5,1933,1,50
357,308,1,358,4,1937,1,40
358,308,1,359,9,1946,1,90
359,308,1,360,6,1952,1,60
360,308,1,361,4,1956,1,40
361,308,1,362,8,1964,1,80
362,308,1,363,4,1968,1,40
363,308,1,364,2,1970,1,20
364,308,1,365,7,1977,12,70
365,308,1,366,6,1983,1,60
366,308,1,367,9,1992,1,90
367,308,1,368,5,1997,1,50
368,308,1,369,8,2005,1,80
369,308,1,370,2,2007,1,20
370,308,1,371,2,2009,1,20
371,308,1,372,9,2018,1,90
372,308,1,373,6,2024,1,60
373,308,1,374,6,2030,1,60
374,308,1,375,8,2038,1,80
375,308,1,376,4,2042,1,40
376,308,1,377,5,2047,16,50
377,308,1,378,4,2051,11,40
378,308,1,379,3,2054,1,30
379,308,1,380,5,2059,1,50
380,308,1,381,4,2063,1,40
381,308,1,382,3,2066,1,30
382,308,1,383,8,2074,1,80
383,308,1,384,4,2078,1,40
384,308,1,385,5,2083,1,50
385,308,1,386,6,2089,1,60
386,308,1,387,5,2094,1,50
387,308,1,388,6,2100,1,60
388,308,1,389,4,2104,1,40
389,308,1,390,6,2110,1,60
390,308,1,391,8,2118,15,80
391,308,1,392,8,2126,19,80
392,308,1,393,3,2129,1,30
393,308,1,394,5,2134,1,50
394,308,1,395,8,2142,1,80
395,308,1,396,2,2144,1,20
396,308,1,397,5,2149,1,50
397,308,1,398,8,2157,1,80
398,308,1,399,5,2162,1,50
399,308,1,400,8,2170,1,80
400,308,1,401,3,2173,1,30
401,308,1,402,4,2177,1,40
402,308,1,403,8,2185,12,80
403,308,1,404,7,2192,1,70
404,308,1,405,7,2199,14,70
405,308,1,406,6,2205,1,60
406,308,1,407,2,2207,1,20
407,308,1,408,5,2212,1,50
408,308,1,409,6,2218,1,60
409,308,1,410,3,2221,1,30
410,308,1,411,9,2230,1,90
411,308,1,412,4,2234,1,40
412,308,1,413,5,2239,13,50
413,308,1,414,8,2247,1,80
414,308,1,415,8,2255,1,80
415,308,1,416,9,2264,1,90
416,308,1,417,2,2266,1,20
417,308,1,418,8,2274,1,80
418,308,1,419,6,2280,1,60
419,308,1,420,6,2286,1,60
420,308,1,421,3,2289,1,30
421,308,1,422,8,2297,1,80
422,308,1,423,6,2303,1,60
423,308,1,424,3,2306,1,30
424,308,1,425,4,2310,1,40
425,308,1,426,9,2319,1,90
426,308,1,427,3,2322,1,30
427,308,1,428,2,2324,1,20
428,308,1,429,6,2330,1,60
429,308,1,430,4,2334,1,40
430,308,1,431,8,2342,1,80
431,308,1,432,4,2346,1,40
432,308,1,433,2,2348,1,20
433,308,1,434,2,2350,1,20
434,308,1,435,4,2354,1,40
435,308,1,436,7,2361,1,70
436,308,1,437,3,2364,1,30
437,308,1,438,3,2367,1,30
438,308,1,439,3,2370,19,30
439,308,1,440,3,2373,1,30
440,308,1,441,7,2380,1,70
441,308,1,442,3,2383,1,30
442,308,1,443,8,2391,1,80
443,308,1,444,6,2397,26,60
444,308,1,445,7,2404,1,70
445,308,1,446,2,2406,1,20
446,308,1,447,2,2408,1,20
447,308,1,448,3,2411,1,30
448,308,1,449,8,2419,19,80
449,308,1,450,8,2427,1,80
450,308,1,451,7,2434,1,70
451,308,1,452,3,2437,1,30
452,308,1,453,6,2443,1,60
453,308,1,454,5,2448,17,50
454,308,1,455,3,2451,1,30
455,308,1,456,2,2453,1,20
456,308,1,457,5,2458,1,50
457,308,1,458,3,2461,1,30
458,308,1,459,2,2463,1,20
459,308,1,460,9,2472,1,90
460,308,1,461,5,2477,1,50
461,308,1,462,3,2480,1,30
462,308,1,463,2,2482,1,20
463,308,1,464,2,2484,13,20
464,308,1,465,2,2486,1,20
465,308,1,466,7,2493,1,70
466,308,1,467,5,2498,1,50
467,308,1,468,5,2503,1,50
468,308,1,469,5,2508,1,50
469,308,1,470,6,2514,4,60
470,308,1,471,5,2519,1,50
471,308,1,472,2,2521,1,20
472,308,1,473,9,2530,1,90
473,308,1,474,2,2532,1,20
474,308,1,475,4,2536,1,40
475,308,1,476,7,2543,1,70
476,308,1,477,6,2549,14,60
477,308,1,478,8,2557,1,80
478,308,1,479,8,2565,1,80
479,308,1,480,3,2568,1,30
480,308,1,481,9,2577,1,90
481,308,1,482,8,2585,1,80
482,308,1,483,7,2592,1,70
483,308,1,484,4,2596,1,40
484,308,1,485,7,2603,1,70
485,308,1,486,6,2609,1,60
486,308,1,487,7,2616,1,70
487,308,1,488,4,2620,1,40
488,308,1,489,9,2629,1,90
489,308,1,490,6,2635,1,60
490,308,1,491,2,2637,1,20
491,308,1,492,9,2646,1,90
492,308,1,493,5,2651,1,50
493,308,1,494,4,2655,1,40
494,308,1,495,4,2659,1,40
495,308,1,496,7,2666,1,70
496,308,1,497,6,2672,1,60
497,308,1,498,4,2676,1,40
498,308,1,499,8,2684,1,80
499,308,1,500,7,2691,1,70
500,308,1,501,2,2693,1,20
501,308,1,502,2,2695,1,20
502,308,1,503,2,2697,1,20
503,308,1,504,4,2701,20,40
504,308,1,505,6,2707,1,60
505,308,1,506,8,2715,1,80
506,308,1,507,3,2718,1,30
507,308,1,508,6,2724,1,60
508,308,1,509,6,2730,1,60
509,308,1,510,3,2733,1,30
510,308,1,511,3,2736,1,30
511,308,1,512,4,2740,1,40
512,308,1,513,4,2744,1,40
513,308,1,514,2,2746,1,20
514,308,1,515,9,2755,1,90
515,308,1,516,2,2757,1,20
516,308,1,517,4,2761,1,40
517,308,1,518,9,2770,1,90
518,308,1,519,9,2779,1,90
519,308,1,520,9,2788,1,90
520,308,1,521,9,2797,1,90
521,308,1,522,6,2803,1,60
522,308,1,523,9,2812,1,90
523,308,1,524,8,2820,1,80
524,308,1,525,5,2825,1,50
525,308,1,526,6,2831,1,60
526,308,1,527,7,2838,1,70
527,308,1,528,5,2843,1,50
528,308,1,529,9,2852,1,90
529,308,1,530,6,2858,1,60
530,308,1,531,8,2866,1,80
531,308,1,532,3,2869,1,30
532,308,1,533,3,2872,1,30
533,308,1,534,4,2876,1,40
534,308,1,535,3,2879,1,30
535,308,1,536,4,2883,1,40
536,308,1,537,4,2887,1,40
537,308,1,538,2,2889,1,20
538,308,1,539,9,2898,36,90
539,308,1,540,5,2903,1,50
540,308,1,541,5,2908,1,50
541,308,1,542,7,2915,23,70
542,308,1,543,5,2920,26,50
543,308,1,544,5,2925,1,50
544,308,1,545,4,2929,1,40
545,308,1,546,5,2934,1,50
546,308,1,547,8,2942,1,80
547,308,1,548,4,2946,22,40
548,308,1,549,9,2955,1,90
549,308,1,550,8,2963,1,80
550,308,1,551,9,2972,14,90
551,308,1,552,3,2975,1,30
552,308,1,553,3,2978,1,30
553,308,1,554,6,2984,14,60
554,308,1,555,8,2992,1,80
555,308,1,556,6,2998,1,60
556,308,1,557,2,3000,1,20
557,308,1,558,6,3006,1,60
558,308,1,559,9,3015,1,90
559,308,1,560,7,3022,1,70
560,308,1,561,4,3026,1,40
561,308,1,562,3,3029,1,30
562,308,1,563,6,3035,1,60
563,308,1,564,7,3042,1,70
564,308,1,565,9,3051,1,90
565,308,1,566,6,3057,15,60
566,308,1,567,7,3064,1,70
567,308,1,568,4,3068,1,40
568,308,1,569,4,3072,1,40
569,308,1,570,7,3079,1,70
570,308,1,571,6,3085,1,60
571,308,1,572,2,3087,1,20
572,308,1,573,4,3091,1,40
573,308,1,574,6,3097,20,60
574,308,1,575,9,3106,1,90
575,308,1,576,8,3114,1,80
576,308,1,577,8,3122,1,80
577,308,1,578,8,3130,17,80
578,308,1,579,8,3138,1,80
579,308,1,580,3,3141,1,30
580,308,1,581,4,3145,1,40
581,308,1,582,7,3152,1,70
582,308,1,583,4,3156,1,40
583,308,1,584,5,3161,1,50
584,308,1,585,8,3169,1,80
585,308,1,586,7,3176,17,70
586,308,1,587,6,3182,1,60
587,308,1,588,5,3187,1,50
588,308,1,589,6,3193,1,60
589,308,1,590,4,3197,1,40
590,308,1,591,8,3205,1,80
591,308,1,592,2,3207,1,20
592,308,1,593,9,3216,1,90
593,308,1,594,7,3223,18,70
594,308,1,595,4,3227,1,40
595,308,1,596,2,3229,1,20
596,308,1,597,7,3236,8,70
597,308,1,598,9,3245,1,90
598,308,1,599,9,3254,1,90
599,308,1,600,6,3260,1,60
600,308,1,601,6,3266,1,60
601,308,1,602,4,3270,1,40
602,308,1,603,2,3272,1,20
603,308,1,604,5,3277,1,50
604,308,1,605,7,3284,17,70
605,308,1,606,2,3286,1,20
606,308,1,607,2,3288,1,20
607,308,1,608,6,3294,10,60
608,308,1,609,3,3297,1,30
609,308,1,610,4,3301,1,40
610,308,1,611,3,3304,1,30
611,308,1,612,5,3309,1,50
612,308,1,613,3,3312,1,30
613,308,1,614,3,3315,1,30
614,308,1,615,4,3319,1,40
615,308,1,616,8,3327,1,80
616,308,1,617,4,3331,10,40
617,308,1,618,2,3333,1,20
618,308,1,619,3,3336,1,30
619,308,1,620,5,3341,1,50
620,308,1,621,7,3348,1,70
621,308,1,622,2,3350,1,20
622,308,1,623,5,3355,1,50
623,308,1,624,2,3357,1,20
624,308,1,625,5,3362,1,50
625,308,1,626,9,3371,1,90
626,308,1,627,6,3377,1,60
627,308,1,628,2,3379,1,20
628,308,1,629,8,3387,16,80
629,308,1,630,9,3396,1,90
630,308,1,631,5,3401,1,50
631,308,1,632,8,3409,1,80
632,308,1,633,9,3418,20,90
633,308,1,634,6,3424,1,60
634,308,1,635,9,3433,1,90
635,308,1,636,7,3440,1,70
636,308,1,637,8,3448,1,80
637,308,1,638,5,3453,1,50
638,308,1,639,7,3460,1,70
639,308,1,640,3,3463,1,30
640,308,1,641,5,3468,1,50
641,308,1,642,2,3470,1,20
642,308,1,643,9,3479,1,90
643,308,1,644,9,3488,1,90
644,308,1,645,6,3494,1,60
645,308,1,646,5,3499,1,50
646,308,1,647,6,3505,1,60
647,308,1,648,6,3511,1,60
648,308,1,649,8,3519,1,80
649,308,1,650,7,3526,1,70
650,308,1,651,4,3530,1,40
651,308,1,652,5,3535,1,50
652,308,1,653,7,3542,1,70
653,308,1,654,5,3547,1,50
654,308,1,655,4,3551,17,40
655,308,1,656,8,3559,1,80
656,308,1,657,5,3564,1,50
657,308,1,658,4,3568,1,40
658,308,1,659,2,3570,1,20
659,308,1,660,2,3572,1,20
660,308,1,661,6,3578,1,60
661,308,1,662,6,3584,1,60
662,308,1,663,7,3591,1,70
663,308,1,664,7,3598,1,70
664,308,1,665,6,3604,1,60
665,308,1,666,5,3609,1,50
666,308,1,667,4,3613,1,40
667,308,1,668,5,3618,1,50
668,308,1,669,7,3625,23,70
669,308,1,670,5,3630,1,50
670,308,1,671,3,3633,1,30
671,308,1,672,5,3638,1,50
672,308,1,673,8,3646,1,80
673,308,1,674,2,3648,1,20
674,308,1,675,9,3657,19,90
675,308,1,676,5,3662,1,50
676,308,1,677,2,3664,1,20
677,308,1,678,4,3668,1,40
678,308,1,679,8,3676,1,80
679,308,1,680,5,3681,1,50
680,308,1,681,8,3689,1,80
681,308,1,682,7,3696,1,70
682,308,1,683,7,3703,23,70
683,308,1,684,4,3707,1,40
684,308,1,685,7,3714,18,70
685,308,1,686,7,3721,1,70
686,308,1,687,8,3729,1,80
687,308,1,688,4,3733,1,40
688,308,1,689,2,3735,11,20
689,308,1,690,9,3744,16,90
690,308,1,691,4,3748,1,40
691,308,1,692,2,3750,1,20
692,308,1,693,4,3754,1,40
693,308,1,694,3,3757,1,30
694,308,1,695,5,3762,1,50
695,308,1,696,9,3771,1,90
696,308,1,697,5,3776,1,50
697,308,1,698,6,3782,1,60
698,308,1,699,5,3787,1,50
699,308,1,700,4,3791,1,40
700,308,1,701,6,3797,1,60
701,308,1,702,5,3802,1,50
702,308,1,703,6,3808,14,60
703,308,1,704,9,3817,1,90
704,308,1,705,4,3821,17,40
705,308,1,706,8,3829,1,80
706,308,1,707,9,3838,1,90
707,308,1,708,2,3840,19,20
708,308,1,709,9,3849,1,90
709,308,1,710,4,3853,1,40
710,308,1,711,3,3856,1,30
711,308,1,712,6,3862,1,60
712,308,1,713,2,3864,12,20
713,308,1,714,4,3868,1,40
714,308,1,715,7,3875,1,70
715,308,1,716,3,3878,1,30
716,308,1,717,9,3887,1,90
717,308,1,718,6,3893,9,60
718,308,1,719,9,3902,1,90
719,308,1,720,5,3907,1,50
720,308,1,721,6,3913,1,60
721,308,1,722,7,3920,1,70
722,308,1,723,4,3924,1,40
723,308,1,724,9,3933,1,90
724,308,1,725,7,3940,1,70
725,308,1,726,2,3942,1,20
726,308,1,727,3,3945,1,30
727,308,1,728,9,3954,1,90
728,308,1,729,4,3958,1,40
729,308,1,730,5,3963,1,50
730,308,1,731,8,3971,1,80
731,308,1,732,9,3980,11,90
732,308,1,733,7,3987,1,70
733,308,1,734,3,3990,1,30
734,308,1,735,6,3996,1,60
735,308,1,736,7,4003,1,70
736,308,1,737,2,4005,13,20
737,308,1,738,2,4007,1,20
738,308,1,739,8,4015,1,80
739,308,1,740,3,4018,1,30
740,308,1,741,7,4025,1,70
741,308,1,742,6,4031,1,60
742,308,1,743,4,4035,1,40
743,308,1,744,6,4041,1,60
744,308,1,745,4,4045,1,40
745,308,1,746,9,4054,15,90
746,308,1,747,4,4058,1,40
747,308,1,748,2,4060,1,20
748,308,1,749,2,4062,1,20
749,308,1,750,7,4069,11,70
750,308,1,751,6,4075,7,60
751,308,1,752,3,4078,1,30
752,308,1,753,5,4083,1,50
753,308,1,754,7,4090,1,70
754,308,1,755,2,4092,1,20
755,308,1,756,9,4101,1,90
756,308,1,757,8,4109,1,80
757,308,1,758,5,4114,1,50
758,308,1,759,5,4119,1,50
759,308,1,760,3,4122,1,30
760,308,1,761,2,4124,1,20
761,308,1,762,3,4127,1,30
762,308,1,763,9,4136,1,90
763,308,1,764,4,4140,1,40
764,308,1,765,9,4149,1,90
765,308,1,766,3,4152,1,30
766,308,1,767,9,4161,1,90
767,308,1,768,4,4165,1,40
768,308,1,769,3,4168,1,30
769,308,1,770,3,4171,1,30
770,308,1,771,3,4174,1,30
771,308,1,772,8,4182,14,80
772,308,1,773,6,4188,1,60
773,308,1,774,6,4194,1,60
774,308,1,775,3,4197,1,30
775,308,1,776,4,4201,1,40
776,308,1,777,7,4208,1,70
777,308,1,778,9,4217,1,90
778,308,1,779,6,4223,1,60
779,308,1,780,8,4231,1,80
780,308,1,781,8,4239,1,80
781,308,1,782,6,4245,1,60
782,308,1,783,8,4253,20,80
783,308,1,784,8,4261,1,80
784,308,1,785,6,4267,1,60
785,308,1,786,2,4269,1,20
786,308,1,787,7,4276,1,70
787,308,1,788,8,4284,1,80
788,308,1,789,5,4289,1,50
789,308,1,790,5,4294,1,50
790,308,1,791,5,4299,1,50
791,308,1,792,3,4302,1,30
792,308,1,793,2,4304,1,20
793,308,1,794,7,4311,1,70
794,308,1,795,2,4313,1,20
795,308,1,796,8,4321,1,80
796,308,1,797,5,4326,1,50
797,308,1,798,6,4332,1,60
798,308,1,799,3,4335,1,30
799,308,1,800,2,4337,1,20
800,308,1,801,6,4343,1,60
801,308,1,802,7,4350,1,70
802,308,1,803,7,4357,1,70
803,308,1,804,9,4366,1,90
804,308,1,805,7,4373,1,70
805,308,1,806,8,4381,1,80
806,308,1,807,8,4389,1,80
807,308,1,808,3,4392,15,30
808,308,1,809,4,4396,1,40
809,308,1,810,2,4398,20,20
810,308,1,811,3,4401,1,30
811,308,1,812,4,4405,1,40
812,308,1,813,8,4413,1,80
813,308,1,814,7,4420,1,70
814,308,1,815,9,4429,1,90
815,308,1,816,5,4434,1,50
816,308,1,817,7,4441,20,70
817,308,1,818,8,4449,1,80
818,308,1,819,6,4455,1,60
819,308,1,820,2,4457,1,20
820,308,1,821,7,4464,1,70
821,308,1,822,2,4466,1,20
822,308,1,823,8,4474,1,80
823,308,1,824,9,4483,1,90
824,308,1,825,7,4490,1,70
825,308,1,826,2,4492,1,20
826,308,1,827,3,4495,16,30
827,308,1,828,7,4502,1,70
828,308,1,829,5,4507,1,50
829,308,1,830,8,4515,1,80
830,308,1,831,7,4522,1,70
831,308,1,832,4,4526,14,40
832,308,1,833,4,4530,11,40
833,308,1,834,5,4535,12,50
834,308,1,835,8,4543,1,80
835,308,1,836,8,4551,1,80
836,308,1,837,4,4555,1,40
837,308,1,838,2,4557,1,20
838,308,1,839,5,4562,1,50
839,308,1,840,8,4570,1,80
840,308,1,841,6,4576,1,60
841,308,1,842,2,4578,1,20
842,308,1,843,9,4587,12,90
843,308,1,844,9,4596,1,90
844,308,1,845,3,4599,1,30
845,308,1,846,7,4606,1,70
846,308,1,847,8,4614,1,80
847,308,1,848,8,4622,13,80
848,308,1,849,2,4624,6,20
849,308,1,850,3,4627,14,30
850,308,1,851,4,4631,1,40
851,308,1,852,8,4639,1,80
852,308,1,853,7,4646,12,70
853,308,1,854,9,4655,1,90
854,308,1,855,9,4664,1,90
855,308,1,856,3,4667,4,30
856,308,1,857,5,4672,1,50
857,308,1,858,2,4674,1,20
858,308,1,859,7,4681,1,70
859,308,1,860,3,4684,1,30
860,308,1,861,3,4687,9,30
861,308,1,862,8,4695,1,80
862,308,1,863,3,4698,1,30
863,308,1,864,8,4706,1,80
864,308,1,865,2,4708,1,20
865,308,1,866,7,4715,1,70
866,308,1,867,2,4717,1,20
867,308,1,868,2,4719,1,20
868,308,1,869,8,4727,1,80
869,308,1,870,4,4731,1,40
870,308,1,871,4,4735,1,40
871,308,1,872,7,4742,1,70
872,308,1,873,9,4751,1,90
873,308,1,874,2,4753,14,20
874,308,1,875,2,4755,10,20
875,308,1,876,2,4757,1,20
876,308,1,877,3,4760,1,30
877,308,1,878,7,4767,1,70
878,308,1,879,4,4771,1,40
879,308,1,880,6,4777,1,60
880,308,1,881,6,4783,1,60
881,308,1,882,2,4785,1,20
882,308,1,883,7,4792,10,70
883,308,1,884,8,4800,1,80
884,308,1,885,2,4802,1,20
885,308,1,886,7,4809,1,70
886,308,1,887,7,4816,13,70
887,308,1,888,8,4824,1,80
888,308,1,889,7,4831,1,70
889,308,1,890,9,4840,1,90
890,308,1,891,4,4844,6,40
891,308,1,892,4,4848,1,40
892,308,1,893,3,4851,1,30
893,308,1,894,2,4853,1,20
894,308,1,895,9,4862,12,90
895,308,1,896,4,4866,1,40
896,308,1,897,2,4868,1,20
897,308,1,898,6,4874,1,60
898,308,1,899,8,4882,1,80
899,308,1,900,3,4885,6,30
900,308,1,901,6,4891,1,60
901,308,1,902,2,4893,1,20
902,308,1,903,4,4897,1,40
903,308,1,904,2,4899,1,20
904,308,1,905,7,4906,10,70
905,308,1,906,4,4910,1,40
906,308,1,907,3,4913,1,30
907,308,1,908,2,4915,1,20
908,308,1,909,4,4919,1,40
909,308,1,910,3,4922,1,30
910,308,1,911,8,4930,1,80
911,308,1,912,2,4932,9,20
912,308,1,913,5,4937,1,50
913,308,1,914,3,4940,1,30
914,308,1,915,2,4942,1,20
915,308,1,916,4,4946,1,40
916,308,1,917,5,4951,1,50
917,308,1,918,5,4956,1,50
918,308,1,919,8,4964,1,80
919,308,1,920,3,4967,1,30
920,308,1,921,3,4970,1,30
921,308,1,922,6,4976,1,60
922,308,1,923,4,4980,1,40
923,308,1,924,3,4983,7,30
924,308,1,925,8,4991,1,80
925,308,1,926,6,4997,5,60
926,308,2,1,5,5,1,50
927,308,2,2,3,8,1,30
928,308,2,3,5,13,1,50
929,308,2,4,8,21,1,80
930,308,2,5,3,24,1,30
931,308,2,6,2,26,1,20
932,308,2,7,9,35,1,90
933,308,2,8,6,41,1,60
934,308,2,9,5,46,1,50
935,308,2,10,4,50,1,40
936,308,2,11,5,55,1,50
937,308,2,12,8,63,1,80
938,308,2,13,5,68,5,50
939,308,2,14,7,75,1,70
940,308,2,15,4,79,1,40
941,308,2,16,7,86,1,70
942,308,2,17,7,93,5,70
943,308,2,18,5,98,1,50
944,308,2,19,2,100,1,20
945,308,2,20,2,102,1,20
946,308,2,21,3,105,1,30
947,308,2,22,4,109,1,40
948,308,2,23,9,118,1,90
949,308,2,24,2,120,1,20
950,308,2,25,8,128,4,80
951,308,2,26,5,133,1,50
952,308,2,27,5,138,1,50
953,308,2,28,8,146,1,80
954,308,2,29,6,152,5,60
955,308,2,30,5,157,1,50
956,308,2,31,3,160,1,30
957,308,2,32,3,163,1,30
958,308,2,33,4,167,4,40
959,308,2,34,6,173,1,60
960,308,2,35,7,180,1,70
961,308,2,36,4,184,4,40
962,308,2,37,7,191,1,70
963,308,2,38,3,194,1,30
964,308,2,39,9,203,1,90
965,308,2,40,3,206,1,30
966,308,2,41,5,211,5,50
967,308,2,42,7,218,7,70
968,308,2,43,6,224,1,60
969,308,2,44,5,229,1,50
970,308,2,45,7,236,1,70
971,308,2,46,5,241,1,50
972,308,2,47,9,250,1,90
973,308,2,48,8,258,1,80
974,308,2,49,5,263,9,50
975,308,2,50,2,265,1,20
976,308,2,51,3,268,1,30
977,308,2,52,4,272,6,40
978,308,2,53,6,278,3,60
979,308,2,54,3,281,6,30
980,308,2,55,4,285,1,40
981,308,2,56,7,292,3,70
982,308,2,57,5,297,1,50
983,308,2,58,6,303,1,60
984,308,2,59,3,306,1,30
985,308,2,60,9,315,1,90
986,308,2,61,7,322,1,70
987,308,2,62,6,328,1,60
988,308,2,63,9,337,1,90
989,308,2,64,3,340,1,30
990,308,2,65,5,345,1,50
991,308,2,66,4,349,1,40
992,308,2,67,7,356,5,70
993,308,2,68,5,361,1,50
994,308,2,69,5,366,1,50
995,308,2,70,5,371,7,50
996,308,2,71,6,377,1,60
997,308,2,72,4,381,9,40
998,308,2,73,6,387,1,60
999,308,2,74,2,389,1,20
1000,308,2,75,8,397,3,80
1001,308,2,76,8,405,1,80
1002,308,2,77,2,407,7,20
1003,308,2,78,8,415,1,80
1004,308,2,79,5,420,1,50
1005,308,2,80,9,429,1,90
1006,308,2,81,2,431,1,20
1007,308,2,82,4,435,1,40
1008,308,2,83,6,441,1,60
1009,308,2,84,3,444,1,30
1010,308,2,85,6,450,1,60
1011,308,2,86,9,459,1,90
1012,308,2,87,4,463,1,40
1013,308,2,88,2,465,1,20
1014,308,2,89,4,469,1,40
1015,308,2,90,5,474,1,50
1016,308,2,91,6,480,9,60
1017,308,2,92,4,484,1,40
1018,308,2,93,7,491,1,70
1019,308,2,94,4,495,1,40
1020,308,2,95,6,501,1,60
1021,308,2,96,3,504,3,30
1022,308,2,97,3,507,1,30
1023,308,2,98,9,516,1,90
1024,308,2,99,6,522,1,60
1025,308,2,100,4,526,1,40
1026,308,2,101,3,529,1,30
1027,308,2,102,3,532,1,30
1028,308,2,103,4,536,1,40
1029,308,2,104,8,544,1,80
1030,308,2,105,3,547,6,30
1031,308,2,106,7,554,1,70
1032,308,2,107,9,563,1,90
1033,308,2,108,4,567,1,40
1034,308,2,109,6,573,1,60
1035,308,2,110,5,578,1,50
1036,308,2,111,3,581,1,30
1037,308,2,112,7,588,1,70
1038,308,2,113,7,595,1,70
1039,308,2,114,8,603,14,80
1040,308,2,115,7,610,1,70
1041,308,2,116,9,619,1,90
1042,308,2,117,9,628,1,90
1043,308,2,118,4,632,1,40
1044,308,2,119,8,640,1,80
1045,308,2,120,7,647,1,70
1046,308,2,121,2,649,1,20
1047,308,2,122,8,657,1,80
1048,308,2,123,2,659,14,20
1049,308,2,124,9,668,12,90
1050,308,2,125,2,670,6,20
1051,308,2,126,5,675,1,50
1052,308,2,127,3,678,1,30
1053,308,2,128,5,683,1,50
1054,308,2,129,8,691,1,80
1055,308,2,130,4,695,7,40
1056,308,2,131,3,698,1,30
1057,308,2,132,4,702,1,40
1058,308,2,133,9,711,1,90
1059,308,2,134,9,720,1,90
1060,308,2,135,9,729,7,90
1061,308,2,136,2,731,1,20
1062,308,2,137,7,738,1,70
1063,308,2,138,2,740,1,20
1064,308,2,139,6,746,6,60
1065,308,2,140,6,752,1,60
1066,308,2,141,7,759,1,70
1067,308,2,142,9,768,1,90
1068,308,2,143,4,772,1,40
1069,308,2,144,2,774,1,20
1070,308,2,145,4,778,1,40
1071,308,2,146,3,781,1,30
1072,308,2,147,9,790,1,90
1073,308,2,148,2,792,1,20
1074,308,2,149,4,796,10,40
1075,308,2,150,4,800,1,40
1076,308,2,151,4,804,1,40
1077,308,2,152,7,811,1,70
1078,308,2,153,3,814,1,30
1079,308,2,154,6,820,1,60
1080,308,2,155,9,829,1,90
1081,308,2,156,7,836,1,70
1082,308,2,157,6,842,1,60
1083,308,2,158,5,847,1,50
1084,308,2,159,9,856,1,90
1085,308,2,160,7,863,13,70
1086,308,2,161,9,872,1,90
1087,308,2,162,9,881,1,90
1088,308,2,163,4,885,11,40
1089,308,2,164,8,893,1,80
1090,308,2,165,4,897,1,40
1091,308,2,166,8,905,11,80
1092,308,2,167,8,913,1,80
1093,308,2,168,8,921,1,80
1094,308,2,169,2,923,1,20
1095,308,2,170,8,931,1,80
1096,308,2,171,6,937,13,60
1097,308,2,172,3,940,1,30
1098,308,2,173,4,944,1,40
1099,308,2,174,8,952,1,80
1100,308,2,175,5,957,1,50
1101,308,2,176,8,965,1,80
1102,308,2,177,7,972,1,70
1103,308,2,178,7,979,1,70
1104,308,2,179,8,987,1,80
1105,308,2,180,7,994,1,70
1106,308,2,181,9,1003,1,90
1107,308,2,182,9,1012,1,90
1108,308,2,183,3,1015,1,30
1109,308,2,184,2,1017,1,20
1110,308,2,185,8,1025,1,80
1111,308,2,186,4,1029,10,40
1112,308,2,187,2,1031,1,20
1113,308,2,188,9,1040,1,90
1114,308,2,189,6,1046,1,60
1115,308,2,190,9,1055,1,90
1116,308,2,191,4,1059,1,40
1117,308,2,192,2,1061,1,20
1118,308,2,193,8,1069,1,80
1119,308,2,194,4,1073,22,40
1120,308,2,195,5,1078,1,50
1121,308,2,196,5,1083,1,50
1122,308,2,197,9,1092,10,90
1123,308,2,198,7,1099,1,70
1124,308,2,199,4,1103,1,40
1125,308,2,200,5,1108,1,50
1126,308,2,201,9,1117,1,90
1127,308,2,202,2,1119,1,20
1128,308,2,203,7,1126,1,70
1129,308,2,204,2,1128,17,20
1130,308,2,205,6,1134,1,60
1131,308,2,206,5,1139,1,50
1132,308,2,207,3,1142,11,30
1133,308,2,208,8,1150,1,80
1134,308,2,209,2,1152,1,20
1135,308,2,210,3,1155,1,30
1136,308,2,211,9,1164,1,90
1137,308,2,212,5,1169,5,50
1138,308,2,213,2,1171,1,20
1139,308,2,214,4,1175,1,40
1140,308,2,215,2,1177,1,20
1141,308,2,216,6,1183,1,60
1142,308,2,217,5,1188,1,50
1143,308,2,218,2,1190,1,20
1144,308,2,219,9,1199,1,90
1145,308,2,220,6,1205,1,60
1146,308,2,221,3,1208,1,30
1147,308,2,222,9,1217,1,90
1148,308,2,223,8,1225,1,80
1149,308,2,224,4,1229,1,40
1150,308,2,225,6,1235,1,60
1151,308,2,226,6,1241,1,60
1152,308,2,227,6,1247,14,60
1153,308,2,228,9,1256,1,90
1154,308,2,229,9,1265,8,90
1155,308,2,230,8,1273,1,80
1156,308,2,231,4,1277,1,40
1157,308,2,232,4,1281,1,40
1158,308,2,233,5,1286,1,50
1159,308,2,234,5,1291,1,50
1160,308,2,235,7,1298,1,70
1161,308,2,236,5,1303,1,50
1162,308,2,237,6,1309,1,60
1163,308,2,238,2,1311,11,20
1164,308,2,239,2,1313,4,20
1165,308,2,240,7,1320,1,70
1166,308,2,241,2,1322,1,20
1167,308,2,242,3,1325,1,30
1168,308,2,243,9,1334,1,90
1169,308,2,244,2,1336,1,20
1170,308,2,245,6,1342,1,60
1171,308,2,246,3,1345,1,30
1172,308,2,247,8,1353,1,80
1173,308,2,248,9,1362,8,90
1174,308,2,249,2,1364,12,20
1175,308,2,250,4,1368,4,40
1176,308,2,251,7,1375,1,70
1177,308,2,252,4,1379,7,40
1178,308,2,253,9,1388,1,90
1179,308,2,254,8,1396,1,80
1180,308,2,255,6,1402,1,60
1181,308,2,256,3,1405,1,30
1182,308,2,257,2,1407,1,20
1183,308,2,258,8,1415,1,80
1184,308,2,259,3,1418,1,30
1185,308,2,260,6,1424,1,60
1186,308,2,261,8,1432,9,80
1187,308,2,262,6,1438,1,60
1188,308,2,263,2,1440,4,20
1189,308,2,264,7,1447,1,70
1190,308,2,265,6,1453,1,60
1191,308,2,266,3,1456,9,30
1192,308,2,267,3,1459,1,30
1193,308,2,268,8,1467,1,80
1194,308,2,269,3,1470,1,30
1195,308,2,270,9,1479,1,90
1196,308,2,271,8,1487,1,80
1197,308,2,272,8,1495,1,80
1198,308,2,273,9,1504,1,90
1199,308,2,274,4,1508,1,40
1200,308,2,275,9,1517,1,90
1201,308,2,276,2,1519,1,20
1202,308,2,277,2,1521,1,20
1203,308,2,278,7,1528,1,70
1204,308,2,279,5,1533,1,50
1205,308,2,280,9,1542,13,90
1206,308,2,281,2,1544,1,20
1207,308,2,282,8,1552,1,80
1208,308,2,283,5,1557,11,50
1209,308,2,284,6,1563,1,60
1210,308,2,285,9,1572,1,90
1211,308,2,286,3,1575,14,30
1212,308,2,287,7,1582,1,70
1213,308,2,288,3,1585,1,30
1214,308,2,289,7,1592,1,70
1215,308,2,290,5,1597,1,50
1216,308,2,291,3,1600,1,30
1217,308,2,292,4,1604,1,40
1218,308,2,293,4,1608,1,40
1219,308,2,294,6,1614,1,60
1220,308,2,295,5,1619,1,50
1221,308,2,296,5,1624,1,50
1222,308,2,297,9,1633,1,90
1223,308,2,298,4,1637,1,40
1224,308,2,299,5,1642,1,50
1225,308,2,300,6,1648,1,60
1226,308,2,301,5,1653,14,50
1227,308,2,302,3,1656,1,30
1228,308,2,303,2,1658,1,20
1229,308,2,304,6,1664,1,60
1230,308,2,305,2,1666,1,20
1231,308,2,306,6,1672,1,60
1232,308,2,307,5,1677,1,50
1233,308,2,308,4,1681,1,40
1234,308,2,309,8,1689,1,80
1235,308,2,310,5,1694,1,50
1236,308,2,311,5,1699,1,50
1237,308,2,312,4,1703,1,40
1238,308,2,313,9,1712,1,90
1239,308,2,314,3,1715,1,30
1240,308,2,315,2,1717,1,20
1241,308,2,316,5,1722,1,50
1242,308,2,317,2,1724,1,20
1243,308,2,318,4,1728,1,40
1244,308,2,319,4,1732,1,40
1245,308,2,320,7,1739,1,70
1246,308,2,321,7,1746,1,70
1247,308,2,322,4,1750,1,40
1248,308,2,323,9,1759,1,90
1249,308,2,324,8,1767,1,80
1250,308,2,325,4,1771,1,40
1251,308,2,326,4,1775,1,40
1252,308,2,327,2,1777,1,20
1253,308,2,328,3,1780,1,30
1254,308,2,329,3,1783,13,30
1255,308,2,330,2,1785,1,20
1256,308,2,331,8,1793,1,80
1257,308,2,332,2,1795,1,20
1258,308,2,333,2,1797,1,20
1259,308,2,334,4,1801,1,40
1260,308,2,335,9,1810,1,90
1261,308,2,336,2,1812,1,20
1262,308,2,337,6,1818,1,60
1263,308,2,338,6,1824,1,60
1264,308,2,339,8,1832,1,80
1265,308,2,340,6,1838,1,60
1266,308,2,341,6,1844,1,60
1267,308,2,342,4,1848,1,40
1268,308,2,343,2,1850,1,20
1269,308,2,344,5,1855,1,50
1270,308,2,345,3,1858,18,30
1271,308,2,346,5,1863,1,50
1272,308,2,347,8,1871,1,80
1273,308,2,348,7,1878,1,70
1274,308,2,349,9,1887,1,90
1275,308,2,350,8,1895,1,80
1276,308,2,351,4,1899,1,40
1277,308,2,352,6,1905,1,60
1278,308,2,353,9,1914,1,90
1279,308,2,354,6,1920,1,60
1280,308,2,355,3,1923,1,30
1281,308,2,356,6,1929,1,60
1282,308,2,357,7,1936,1,70
1283,308,2,358,9,1945,23,90
1284,308,2,359,8,1953,1,80
1285,308,2,360,7,1960,1,70
1286,308,2,361,7,1967,1,70
1287,308,2,362,6,1973,1,60
1288,308,2,363,9,1982,1,90
1289,308,2,364,6,1988,1,60
1290,308,2,365,9,1997,1,90
1291,308,2,366,3,2000,1,30
1292,308,2,367,5,2005,1,50
1293,308,2,368,7,2012,1,70
1294,308,2,369,7,2019,1,70
1295,308,2,370,7,2026,1,70
1296,308,2,371,9,2035,1,90
1297,308,2,372,7,2042,1,70
1298,308,2,373,4,2046,1,40
1299,308,2,374,8,2054,1,80
1300,308,2,375,2,2056,1,20
1301,308,2,376,4,2060,1,40
1302,308,2,377,7,2067,27,70
1303,308,2,378,3,2070,1,30
1304,308,2,379,3,2073,25,30
1305,308,2,380,6,2079,1,60
1306,308,2,381,8,2087,1,80
1307,308,2,382,7,2094,1,70
1308,308,2,383,6,2100,1,60
1309,308,2,384,6,2106,14,60
1310,308,2,385,5,2111,1,50
1311,308,2,386,2,2113,1,20
1312,308,2,387,3,2116,1,30
1313,308,2,388,7,2123,16,70
1314,308,2,389,4,2127,1,40
1315,308,2,390,4,2131,1,40
1316,308,2,391,8,2139,1,80
1317,308,2,392,7,2146,1,70
1318,308,2,393,4,2150,1,40
1319,308,2,394,2,2152,1,20
1320,308,2,395,4,2156,1,40
1321,308,2,396,7,2163,1,70
1322,308,2,397,3,2166,1,30
1323,308,2,398,6,2172,1,60
1324,308,2,399,5,2177,1,50
1325,308,2,400,6,2183,1,60
1326,308,2,401,6,2189,1,60
1327,308,2,402,4,2193,1,40
1328,308,2,403,7,2200,1,70
1329,308,2,404,7,2207,1,70
1330,308,2,405,3,2210,1,30
1331,308,2,406,4,2214,1,40
1332,308,2,407,8,2222,1,80
1333,308,2,408,3,2225,1,30
1334,308,2,409,5,2230,1,50
1335,308,2,410,9,2239,1,90
1336,308,2,411,2,2241,1,20
1337,308,2,412,3,2244,1,30
1338,308,2,413,7,2251,1,70
1339,308,2,414,9,2260,1,90
1340,308,2,415,9,2269,1,90
1341,308,2,416,3,2272,1,30
1342,308,2,417,9,2281,1,90
1343,308,2,418,5,2286,1,50
1344,308,2,419,8,2294,1,80
1345,308,2,420,5,2299,20,50
1346,308,2,421,5,2304,1,50
1347,308,2,422,8,2312,14,80
1348,308,2,423,6,2318,15,60
1349,308,2,424,3,2321,1,30
1350,308,2,425,2,2323,1,20
1351,308,2,426,5,2328,1,50
1352,308,2,427,4,2332,1,40
1353,308,2,428,5,2337,1,50
1354,308,2,429,7,2344,1,70
1355,308,2,430,4,2348,1,40
1356,308,2,431,8,2356,1,80
1357,308,2,432,9,2365,1,90
1358,308,2,433,7,2372,1,70
1359,308,2,434,3,2375,1,30
1360,308,2,435,7,2382,1,70
1361,308,2,436,8,2390,1,80
1362,308,2,437,5,2395,1,50
1363,308,2,438,4,2399,16,40
1364,308,2,439,2,2401,18,20
1365,308,2,440,7,2408,1,70
1366,308,2,441,5,2413,1,50
1367,308,2,442,7,2420,1,70
1368,308,2,443,4,2424,1,40
1369,308,2,444,3,2427,1,30
1370,308,2,445,5,2432,1,50
1371,308,2,446,5,2437,1,50
1372,308,2,447,2,2439,1,20
1373,308,2,448,2,2441,1,20
1374,308,2,449,8,2449,1,80
1375,308,2,450,5,2454,1,50
1376,308,2,451,4,2458,16,40
1377,308,2,452,5,2463,1,50
1378,308,2,453,5,2468,9,50
1379,308,2,454,9,2477,1,90
1380,308,2,455,3,2480,1,30
1381,308,2,456,6,2486,1,60
1382,308,2,457,6,2492,1,60
1383,308,2,458,6,2498,6,60
1384,308,2,459,4,2502,1,40
1385,308,2,460,9,2511,1,90
1386,308,2,461,5,2516,1,50
1387,308,2,462,3,2519,1,30
1388,308,2,463,5,2524,16,50
1389,308,2,464,4,2528,1,40
1390,308,2,465,8,2536,1,80
1391,308,2,466,5,2541,7,50
1392,308,2,467,2,2543,1,20
1393,308,2,468,2,2545,1,20
1394,308,2,469,4,2549,5,40
1395,308,2,470,3,2552,1,30
1396,308,2,471,9,2561,1,90
1397,308,2,472,5,2566,1,50
1398,308,2,473,7,2573,8,70
1399,308,2,474,2,2575,1,20
1400,308,2,475,8,2583,3,80
1401,308,2,476,9,2592,1,90
1402,308,2,477,8,2600,1,80
1403,308,2,478,8,2608,1,80
1404,308,2,479,5,2613,1,50
1405,308,2,480,5,2618,12,50
1406,308,2,481,2,2620,1,20
1407,308,2,482,3,2623,1,30
1408,308,2,483,4,2627,1,40
1409,308,2,484,4,2631,1,40
1410,308,2,485,9,2640,13,90
1411,308,2,486,4,2644,1,40
1412,308,2,487,8,2652,1,80
1413,308,2,488,6,2658,9,60
1414,308,2,489,8,2666,1,80
1415,308,2,490,5,2671,1,50
1416,308,2,491,7,2678,1,70
1417,308,2,492,8,2686,7,80
1418,308,2,493,7,2693,1,70
1419,308,2,494,4,2697,1,40
1420,308,2,495,6,2703,1,60
1421,308,2,496,9,2712,11,90
1422,308,2,497,3,2715,1,30
1423,308,2,498,5,2720,1,50
1424,308,2,499,8,2728,1,80
1425,308,2,500,5,2733,1,50
1426,308,2,501,7,2740,1,70
1427,308,2,502,4,2744,1,40
1428,308,2,503,6,2750,1,60
1429,308,2,504,3,2753,1,30
1430,308,2,505,9,2762,1,90
1431,308,2,506,5,2767,1,50
1432,308,2,507,7,2774,1,70
1433,308,2,508,6,2780,1,60
1434,308,2,509,7,2787,1,70
1435,308,2,510,6,2793,1,60
1436,308,2,511,8,2801,1,80
1437,308,2,512,7,2808,1,70
1438,308,2,513,4,2812,10,40
1439,308,2,514,9,2821,1,90
1440,308,2,515,8,2829,1,80
1441,308,2,516,9,2838,1,90
1442,308,2,517,5,2843,13,50
1443,308,2,518,3,2846,1,30
1444,308,2,519,5,2851,1,50
1445,308,2,520,8,2859,10,80
1446,308,2,521,9,2868,1,90
1447,308,2,522,5,2873,1,50
1448,308,2,523,7,2880,1,70
1449,308,2,524,5,2885,1,50
1450,308,2,525,8,2893,1,80
1451,308,2,526,2,2895,1,20
1452,308,2,527,9,2904,1,90
1453,308,2,528,9,2913,13,90
1454,308,2,529,9,2922,1,90
1455,308,2,530,9,2931,1,90
1456,308,2,531,7,2938,1,70
1457,308,2,532,4,2942,1,40
1458,308,2,533,3,2945,1,30
1459,308,2,534,5,2950,1,50
1460,308,2,535,4,2954,1,40
1461,308,2,536,8,2962,16,80
1462,308,2,537,4,2966,1,40
1463,308,2,538,6,2972,1,60
1464,308,2,539,4,2976,1,40
1465,308,2,540,7,2983,1,70
1466,308,2,541,4,2987,1,40
1467,308,2,542,8,2995,1,80
1468,308,2,543,4,2999,1,40
1469,308,2,544,4,3003,1,40
1470,308,2,545,5,3008,1,50
1471,308,2,546,2,3010,1,20
1472,308,2,547,7,3017,1,70
1473,308,2,548,6,3023,1,60
1474,308,2,549,4,3027,1,40
1475,308,2,550,2,3029,1,20
1476,308,2,551,9,3038,18,90
1477,308,2,552,4,3042,1,40
1478,308,2,553,4,3046,1,40
1479,308,2,554,2,3048,1,20
1480,308,2,555,4,3052,1,40
1481,308,2,556,2,3054,13,20
1482,308,2,557,7,3061,1,70
1483,308,2,558,5,3066,1,50
1484,308,2,559,9,3075,8,90
1485,308,2,560,3,3078,1,30
1486,308,2,561,6,3084,1,60
1487,308,2,562,6,3090,1,60
1488,308,2,563,9,3099,1,90
1489,308,2,564,8,3107,1,80
1490,308,2,565,7,3114,14,70
1491,308,2,566,8,3122,1,80
1492,308,2,567,8,3130,1,80
1493,308,2,568,8,3138,1,80
1494,308,2,569,6,3144,14,60
1495,308,2,570,8,3152,1,80
1496,308,2,571,6,3158,1,60
1497,308,2,572,4,3162,1,40
1498,308,2,573,8,3170,1,80
1499,308,2,574,7,3177,1,70
1500,308,2,575,6,3183,16,60
1501,308,2,576,7,3190,1,70
1502,308,2,577,9,3199,1,90
1503,308,2,578,6,3205,1,60
1504,308,2,579,7,3212,18,70
1505,308,2,580,8,3220,7,80
1506,308,2,581,5,3225,1,50
1507,308,2,582,3,3228,1,30
1508,308,2,583,8,3236,1,80
1509,308,2,584,2,3238,1,20
1510,308,2,585,6,3244,1,60
1511,308,2,586,5,3249,1,50
1512,308,2,587,2,3251,1,20
1513,308,2,588,2,3253,1,20
1514,308,2,589,4,3257,1,40
1515,308,2,590,5,3262,1,50
1516,308,2,591,8,3270,1,80
1517,308,2,592,3,3273,16,30
1518,308,2,593,5,3278,9,50
1519,308,2,594,9,3287,1,90
1520,308,2,595,5,3292,1,50
1521,308,2,596,3,3295,1,30
1522,308,2,597,3,3298,1,30
1523,308,2,598,2,3300,1,20
1524,308,2,599,8,3308,1,80
1525,308,2,600,3,3311,1,30
1526,308,2,601,9,3320,14,90
1527,308,2,602,4,3324,11,40
1528,308,2,603,2,3326,1,20
1529,308,2,604,7,3333,1,70
1530,308,2,605,2,3335,1,20
1531,308,2,606,9,3344,1,90
1532,308,2,607,8,3352,1,80
1533,308,2,608,6,3358,1,60
1534,308,2,609,8,3366,6,80
1535,308,2,610,9,3375,1,90
1536,308,2,611,9,3384,1,90
1537,308,2,612,6,3390,1,60
1538,308,2,613,5,3395,1,50
1539,308,2,614,5,3400,1,50
1540,308,2,615,2,3402,1,20
1541,308,2,616,8,3410,1,80
1542,308,2,617,9,3419,9,90
1543,308,2,618,9,3428,1,90
1544,308,2,619,6,3434,1,60
1545,308,2,620,7,3441,1,70
1546,308,2,621,9,3450,1,90
1547,308,2,622,8,3458,1,80
1548,308,2,623,3,3461,1,30
1549,308,2,624,7,3468,1,70
1550,308,2,625,5,3473,1,50
1551,308,2,626,4,3477,1,40
1552,308,2,627,3,3480,1,30
1553,308,2,628,5,3485,13,50
1554,308,2,629,5,3490,1,50
1555,308,2,630,6,3496,1,60
1556,308,2,631,8,3504,1,80
1557,308,2,632,6,3510,16,60
1558,308,2,633,3,3513,1,30
1559,308,2,634,5,3518,1,50
1560,308,2,635,5,3523,1,50
1561,308,2,636,2,3525,1,20
1562,308,2,637,6,3531,9,60
1563,308,2,638,7,3538,1,70
1564,308,2,639,7,3545,18,70
1565,308,2,640,2,3547,1,20
1566,308,2,641,9,3556,1,90
1567,308,2,642,4,3560,1,40
1568,308,2,643,2,3562,1,20
1569,308,2,644,7,3569,1,70
1570,308,2,645,2,3571,6,20
1571,308,2,646,6,3577,1,60
1572,308,2,647,9,3586,1,90
1573,308,2,648,3,3589,13,30
1574,308,2,649,2,3591,1,20
1575,308,2,650,4,3595,1,40
1576,308,2,651,3,3598,1,30
1577,308,2,652,8,3606,1,80
1578,308,2,653,2,3608,1,20
1579,308,2,654,9,3617,1,90
1580,308,2,655,6,3623,1,60
1581,308,2,656,9,3632,1,90
1582,308,2,657,7,3639,1,70
1583,308,2,658,7,3646,1,70
1584,308,2,659,3,3649,1,30
1585,308,2,660,5,3654,1,50
1586,308,2,661,3,3657,1,30
1587,308,2,662,4,3661,1,40
1588,308,2,663,4,3665,1,40
1589,308,2,664,8,3673,20,80
1590,308,2,665,3,3676,1,30
1591,308,2,666,4,3680,1,40
1592,308,2,667,3,3683,1,30
1593,308,2,668,4,3687,3,40
1594,308,2,669,6,3693,1,60
1595,308,2,670,8,3701,1,80
1596,308,2,671,9,3710,1,90
1597,308,2,672,7,3717,1,70
1598,308,2,673,2,3719,1,20
1599,308,2,674,8,3727,11,80
1600,308,2,675,2,3729,1,20
1601,308,2,676,7,3736,1,70
1602,308,2,677,7,3743,1,70
1603,308,2,678,7,3750,7,70
1604,308,2,679,2,3752,1,20
1605,308,2,680,5,3757,1,50
1606,308,2,681,3,3760,1,30
1607,308,2,682,9,3769,1,90
1608,308,2,683,9,3778,1,90
1609,308,2,684,5,3783,1,50
1610,308,2,685,3,3786,1,30
1611,308,2,686,7,3793,12,70
1612,308,2,687,8,3801,1,80
1613,308,2,688,3,3804,1,30
1614,308,2,689,5,3809,1,50
1615,308,2,690,8,3817,1,80
1616,308,2,691,4,3821,1,40
1617,308,2,692,8,3829,1,80
1618,308,2,693,2,3831,1,20
1619,308,2,694,5,3836,14,50
1620,308,2,695,8,3844,1,80
1621,308,2,696,8,3852,1,80
1622,308,2,697,2,3854,1,20
1623,308,2,698,5,3859,1,50
1624,308,2,699,8,3867,1,80
1625,308,2,700,8,3875,1,80
1626,308,2,701,5,3880,1,50
1627,308,2,702,5,3885,14,50
1628,308,2,703,4,3889,1,40
1629,308,2,704,4,3893,1,40
1630,308,2,705,5,3898,1,50
1631,308,2,706,5,3903,1,50
1632,308,2,707,5,3908,1,50
1633,308,2,708,7,3915,1,70
1634,308,2,709,4,3919,1,40
1635,308,2,710,7,3926,1,70
1636,308,2,711,7,3933,1,70
1637,308,2,712,6,3939,1,60
1638,308,2,713,4,3943,1,40
1639,308,2,714,9,3952,1,90
1640,308,2,715,9,3961,15,90
1641,308,2,716,2,3963,1,20
1642,308,2,717,9,3972,1,90
1643,308,2,718,6,3978,1,60
1644,308,2,719,8,3986,1,80
1645,308,2,720,7,3993,1,70
1646,308,2,721,9,4002,1,90
1647,308,2,722,3,4005,1,30
1648,308,2,723,5,4010,1,50
1649,308,2,724,2,4012,1,20
1650,308,2,725,5,4017,1,50
1651,308,2,726,3,4020,1,30
1652,308,2,727,7,4027,1,70
1653,308,2,728,8,4035,1,80
1654,308,2,729,6,4041,15,60
1655,308,2,730,5,4046,12,50
1656,308,2,731,2,4048,1,20
1657,308,2,732,4,4052,1,40
1658,308,2,733,8,4060,8,80
1659,308,2,734,7,4067,1,70
1660,308,2,735,6,4073,1,60
1661,308,2,736,3,4076,1,30
1662,308,2,737,5,4081,1,50
1663,308,2,738,8,4089,1,80
1664,308,2,739,5,4094,1,50
1665,308,2,740,8,4102,1,80
1666,308,2,741,8,4110,1,80
1667,308,2,742,9,4119,1,90
1668,308,2,743,4,4123,1,40
1669,308,2,744,2,4125,1,20
1670,308,2,745,9,4134,1,90
1671,308,2,746,8,4142,15,80
1672,308,2,747,3,4145,1,30
1673,308,2,748,2,4147,1,20
1674,308,2,749,5,4152,1,50
1675,308,2,750,3,4155,1,30
1676,308,2,751,6,4161,1,60
1677,308,2,752,6,4167,1,60
1678,308,2,753,7,4174,1,70
1679,308,2,754,6,4180,1,60
1680,308,2,755,2,4182,16,20
1681,308,2,756,8,4190,1,80
1682,308,2,757,7,4197,10,70
1683,308,2,758,6,4203,1,60
1684,308,2,759,2,4205,1,20
1685,308,2,760,8,4213,1,80
1686,308,2,761,5,4218,1,50
1687,308,2,762,5,4223,1,50
1688,308,2,763,6,4229,1,60
1689,308,2,764,7,4236,1,70
1690,308,2,765,6,4242,1,60
1691,308,2,766,8,4250,1,80
1692,308,2,767,2,4252,1,20
1693,308,2,768,3,4255,1,30
1694,308,2,769,4,4259,1,40
1695,308,2,770,5,4264,1,50
1696,308,2,771,4,4268,1,40
1697,308,2,772,7,4275,1,70
1698,308,2,773,8,4283,1,80
1699,308,2,774,2,4285,1,20
1700,308,2,775,3,4288,1,30
1701,308,2,776,4,4292,1,40
1702,308,2,777,9,4301,1,90
1703,308,2,778,6,4307,1,60
1704,308,2,779,6,4313,1,60
1705,308,2,780,9,4322,12,90
1706,308,2,781,5,4327,1,50
1707,308,2,782,7,4334,1,70
1708,308,2,783,6,4340,1,60
1709,308,2,784,4,4344,19,40
1710,308,2,785,5,4349,1,50
1711,308,2,786,6,4355,1,60
1712,308,2,787,4,4359,7,40
1713,308,2,788,8,4367,11,80
1714,308,2,789,6,4373,1,60
1715,308,2,790,4,4377,15,40
1716,308,2,791,6,4383,1,60
1717,308,2,792,2,4385,1,20
1718,308,2,793,6,4391,1,60
1719,308,2,794,4,4395,1,40
1720,308,2,795,6,4401,1,60
1721,308,2,796,3,4404,1,30
1722,308,2,797,7,4411,1,70
1723,308,2,798,8,4419,11,80
1724,308,2,799,6,4425,11,60
1725,308,2,800,7,4432,7,70
1726,308,2,801,5,4437,6,50
1727,308,2,802,8,4445,1,80
1728,308,2,803,2,4447,1,20
1729,308,2,804,4,4451,1,40
1730,308,2,805,8,4459,1,80
1731,308,2,806,4,4463,1,40
1732,308,2,807,4,4467,1,40
1733,308,2,808,2,4469,1,20
1734,308,2,809,2,4471,1,20
1735,308,2,810,8,4479,1,80
1736,308,2,811,8,4487,1,80
1737,308,2,812,4,4491,12,40
1738,308,2,813,7,4498,1,70
1739,308,2,814,6,4504,12,60
1740,308,2,815,8,4512,1,80
1741,308,2,816,5,4517,1,50
1742,308,2,817,6,4523,1,60
1743,308,2,818,3,4526,12,30
1744,308,2,819,8,4534,1,80
1745,308,2,820,8,4542,1,80
1746,308,2,821,5,4547,1,50
1747,308,2,822,3,4550,1,30
1748,308,2,823,9,4559,1,90
1749,308,2,824,7,4566,1,70
1750,308,2,825,9,4575,1,90
1751,308,2,826,6,4581,1,60
1752,308,2,827,7,4588,15,70
1753,308,2,828,9,4597,1,90
1754,308,2,829,2,4599,1,20
1755,308,2,830,7,4606,8,70
1756,308,2,831,7,4613,1,70
1757,308,2,832,7,4620,1,70
1758,308,2,833,9,4629,1,90
1759,308,2,834,7,4636,1,70
1760,308,2,835,8,4644,1,80
1761,308,2,836,5,4649,1,50
1762,308,2,837,9,4658,1,90
1763,308,2,838,7,4665,1,70
1764,308,2,839,8,4673,1,80
1765,308,2,840,4,4677,1,40
1766,308,2,841,3,4680,1,30
1767,308,2,842,5,4685,1,50
1768,308,2,843,9,4694,15,90
1769,308,2,844,9,4703,14,90
1770,308,2,845,3,4706,1,30
1771,308,2,846,7,4713,9,70
1772,308,2,847,7,4720,1,70
1773,308,2,848,4,4724,7,40
1774,308,2,849,7,4731,1,70
1775,308,2,850,9,4740,1,90
1776,308,2,851,6,4746,1,60
1777,308,2,852,3,4749,1,30
1778,308,2,853,7,4756,1,70
1779,308,2,854,3,4759,1,30
1780,308,2,855,3,4762,1,30
1781,308,2,856,5,4767,7,50
1782,308,2,857,5,4772,1,50
1783,308,2,858,8,4780,1,80
1784,308,2,859,4,4784,1,40
1785,308,2,860,8,4792,1,80
1786,308,2,861,2,4794,1,20
1787,308,2,862,7,4801,1,70
1788,308,2,863,2,4803,1,20
1789,308,2,864,8,4811,1,80
1790,308,2,865,8,4819,1,80
1791,308,2,866,5,4824,1,50
1792,308,2,867,8,4832,1,80
1793,308,2,868,5,4837,1,50
1794,308,2,869,6,4843,1,60
1795,308,2,870,7,4850,1,70
1796,308,2,871,6,4856,14,60
1797,308,2,872,6,4862,11,60
1798,308,2,873,5,4867,1,50
1799,308,2,874,4,4871,1,40
1800,308,2,875,9,4880,1,90
1801,308,2,876,2,4882,1,20
1802,308,2,877,4,4886,1,40
1803,308,2,878,9,4895,1,90
1804,308,2,879,3,4898,1,30
1805,308,2,880,4,4902,10,40
1806,308,2,881,9,4911,1,90
1807,308,2,882,8,4919,1,80
1808,308,2,883,4,4923,1,40
1809,308,2,884,3,4926,1,30
1810,308,2,885,6,4932,1,60
1811,308,2,886,4,4936,1,40
1812,308,2,887,3,4939,1,30
1813,308,2,888,8,4947,17,80
1814,308,2,889,4,4951,1,40
1815,308,2,890,9,4960,1,90
1816,308,2,891,6,4966,1,60
1817,308,2,892,7,4973,1,70
1818,308,2,893,3,4976,13,30
1819,308,2,894,8,4984,1,80
1820,308,2,895,8,4992,1,80
1821,308,2,896,7,4999,1,70
1822,308,3,1,3,3,1,30
1823,308,3,2,7,10,0,70
1824,308,3,3,3,13,1,30
1825,308,3,4,9,22,1,90
1826,308,3,5,3,25,1,30
1827,308,3,6,5,30,1,50
1828,308,3,7,2,32,1,20
1829,308,3,8,8,40,1,80
1830,308,3,9,6,46,1,60
1831,308,3,10,9,55,1,90
1832,308,3,11,6,61,1,60
1833,308,3,12,4,65,1,40
1834,308,3,13,3,68,1,30
1835,308,3,14,8,76,1,80
1836,308,3,15,5,81,1,50
1837,308,3,16,8,89,1,80
1838,308,3,17,4,93,1,40
1839,308,3,18,2,95,1,20
1840,308,3,19,8,103,1,80
1841,308,3,20,7,110,1,70
1842,308,3,21,8,118,1,80
1843,308,3,22,3,121,1,30
1844,308,3,23,5,126,1,50
1845,308,3,24,7,133,1,70
1846,308,3,25,4,137,1,40
1847,308,3,26,5,142,1,50
1848,308,3,27,9,151,1,90
1849,308,3,28,9,160,1,90
1850,308,3,29,5,165,1,50
1851,308,3,30,5,170,1,50
1852,308,3,31,7,177,1,70
1853,308,3,32,2,179,8,20
1854,308,3,33,7,186,1,70
1855,308,3,34,3,189,1,30
1856,308,3,35,8,197,1,80
1857,308,3,36,9,206,1,90
1858,308,3,37,7,213,1,70
1859,308,3,38,8,221,1,80
1860,308,3,39,7,228,1,70
1861,308,3,40,6,234,1,60
1862,308,3,41,6,240,1,60
1863,308,3,42,4,244,1,40
1864,308,3,43,9,253,1,90
1865,308,3,44,6,259,1,60
1866,308,3,45,5,264,1,50
1867,308,3,46,9,273,12,90
1868,308,3,47,6,279,1,60
1869,308,3,48,7,286,1,70
1870,308,3,49,3,289,1,30
1871,308,3,50,3,292,11,30
1872,308,3,51,2,294,1,20
1873,308,3,52,9,303,1,90
1874,308,3,53,8,311,1,80
1875,308,3,54,9,320,1,90
1876,308,3,55,7,327,1,70
1877,308,3,56,8,335,14,80
1878,308,3,57,6,341,1,60
1879,308,3,58,2,343,1,20
1880,308,3,59,5,348,1,50
1881,308,3,60,2,350,1,20
1882,308,3,61,5,355,15,50
1883,308,3,62,9,364,1,90
1884,308,3,63,4,368,1,40
1885,308,3,64,6,374,1,60
1886,308,3,65,9,383,1,90
1887,308,3,66,5,388,1,50
1888,308,3,67,8,396,1,80
1889,308,3,68,4,400,1,40
1890,308,3,69,6,406,1,60
1891,308,3,70,4,410,1,40
1892,308,3,71,5,415,1,50
1893,308,3,72,6,421,13,60
1894,308,3,73,7,428,1,70
1895,308,3,74,6,434,1,60
1896,308,3,75,3,437,1,30
1897,308,3,76,2,439,1,20
1898,308,3,77,6,445,1,60
1899,308,3,78,3,448,1,30
1900,308,3,79,8,456,15,80
1901,308,3,80,6,462,1,60
1902,308,3,81,5,467,1,50
1903,308,3,82,2,469,1,20
1904,308,3,83,6,475,1,60
1905,308,3,84,2,477,13,20
1906,308,3,85,8,485,7,80
1907,308,3,86,7,492,1,70
1908,308,3,87,2,494,1,20
1909,308,3,88,6,500,1,60
1910,308,3,89,5,505,1,50
1911,308,3,90,9,514,1,90
1912,308,3,91,9,523,1,90
1913,308,3,92,9,532,1,90
1914,308,3,93,5,537,14,50
1915,308,3,94,9,546,1,90
1916,308,3,95,8,554,1,80
1917,308,3,96,8,562,1,80
1918,308,3,97,7,569,1,70
1919,308,3,98,8,577,1,80
1920,308,3,99,5,582,1,50
1921,308,3,100,7,589,1,70
1922,308,3,101,9,598,1,90
1923,308,3,102,6,604,1,60
1924,308,3,103,4,608,1,40
1925,308,3,104,4,612,1,40
1926,308,3,105,5,617,1,50
1927,308,3,106,3,620,1,30
1928,308,3,107,9,629,1,90
1929,308,3,108,2,631,1,20
1930,308,3,109,8,639,1,80
1931,308,3,110,6,645,14,60
1932,308,3,111,9,654,1,90
1933,308,3,112,2,656,1,20
1934,308,3,113,2,658,1,20
1935,308,3,114,2,660,1,20
1936,308,3,115,2,662,1,20
1937,308,3,116,9,671,1,90
1938,308,3,117,5,676,1,50
1939,308,3,118,6,682,1,60
1940,308,3,119,3,685,1,30
1941,308,3,120,3,688,1,30
1942,308,3,121,2,690,1,20
1943,308,3,122,6,696,1,60
1944,308,3,123,9,705,1,90
1945,308,3,124,8,713,1,80
1946,308,3,125,9,722,1,90
1947,308,3,126,9,731,1,90
1948,308,3,127,7,738,1,70
1949,308,3,128,5,743,1,50
1950,308,3,129,7,750,1,70
1951,308,3,130,4,754,1,40
1952,308,3,131,3,757,1,30
1953,308,3,132,4,761,1,40
1954,308,3,133,8,769,1,80
1955,308,3,134,6,775,1,60
1956,308,3,135,5,780,19,50
1957,308,3,136,9,789,1,90
1958,308,3,137,7,796,1,70
1959,308,3,138,8,804,1,80
1960,308,3,139,2,806,1,20
1961,308,3,140,7,813,1,70
1962,308,3,141,4,817,1,40
1963,308,3,142,8,825,1,80
1964,308,3,143,5,830,1,50
1965,308,3,144,4,834,1,40
1966,308,3,145,3,837,1,30
1967,308,3,146,8,845,33,80
1968,308,3,147,8,853,1,80
1969,308,3,148,3,856,1,30
1970,308,3,149,3,859,1,30
1971,308,3,150,9,868,21,90
1972,308,3,151,6,874,1,60
1973,308,3,152,2,876,1,20
1974,308,3,153,9,885,1,90
1975,308,3,154,6,891,1,60
1976,308,3,155,8,899,14,80
1977,308,3,156,2,901,1,20
1978,308,3,157,8,909,1,80
1979,308,3,158,4,913,1,40
1980,308,3,159,6,919,1,60
1981,308,3,160,2,921,1,20
1982,308,3,161,8,929,1,80
1983,308,3,162,3,932,17,30
1984,308,3,163,2,934,1,20
1985,308,3,164,2,936,15,20
1986,308,3,165,9,945,1,90
1987,308,3,166,5,950,10,50
1988,308,3,167,4,954,1,40
1989,308,3,168,4,958,12,40
1990,308,3,169,5,963,7,50
1991,308,3,170,4,967,1,40
1992,308,3,171,4,971,1,40
1993,308,3,172,2,973,4,20
1994,308,3,173,8,981,1,80
1995,308,3,174,2,983,9,20
1996,308,3,175,5,988,1,50
1997,308,3,176,4,992,8,40
1998,308,3,177,9,1001,1,90
1999,308,3,178,5,1006,1,50
2000,308,3,179,6,1012,1,60
2001,308,3,180,9,1021,1,90
2002,308,3,181,7,1028,1,70
2003,308,3,182,2,1030,1,20
2004,308,3,183,2,1032,1,20
2005,308,3,184,8,1040,10,80
2006,308,3,185,8,1048,1,80
2007,308,3,186,6,1054,1,60
2008,308,3,187,2,1056,1,20
2009,308,3,188,7,1063,1,70
2010,308,3,189,2,1065,1,20
2011,308,3,190,8,1073,1,80
2012,308,3,191,8,1081,1,80
2013,308,3,192,7,1088,1,70
2014,308,3,193,2,1090,1,20
2015,308,3,194,9,1099,18,90
2016,308,3,195,4,1103,1,40
2017,308,3,196,7,1110,8,70
2018,308,3,197,3,1113,1,30
2019,308,3,198,5,1118,1,50
2020,308,3,199,6,1124,1,60
2021,308,3,200,7,1131,1,70
2022,308,3,201,7,1138,12,70
2023,308,3,202,7,1145,1,70
2024,308,3,203,4,1149,1,40
2025,308,3,204,4,1153,1,40
2026,308,3,205,5,1158,1,50
2027,308,3,206,3,1161,8,30
2028,308,3,207,2,1163,1,20
2029,308,3,208,6,1169,1,60
2030,308,3,209,2,1171,1,20
2031,308,3,210,4,1175,1,40
2032,308,3,211,2,1177,1,20
2033,308,3,212,3,1180,1,30
2034,308,3,213,2,1182,8,20
2035,308,3,214,8,1190,1,80
2036,308,3,215,5,1195,8,50
2037,308,3,216,9,1204,1,90
2038,308,3,217,9,1213,10,90
2039,308,3,218,6,1219,1,60
2040,308,3,219,2,1221,1,20
2041,308,3,220,9,1230,9,90
2042,308,3,221,3,1233,1,30
2043,308,3,222,9,1242,8,90
2044,308,3,223,9,1251,1,90
2045,308,3,224,3,1254,1,30
2046,308,3,225,9,1263,1,90
2047,308,3,226,2,1265,1,20
2048,308,3,227,7,1272,1,70
2049,308,3,228,2,1274,1,20
2050,308,3,229,2,1276,1,20
2051,308,3,230,6,1282,1,60
2052,308,3,231,5,1287,1,50
2053,308,3,232,5,1292,5,50
2054,308,3,233,8,1300,1,80
2055,308,3,234,5,1305,1,50
2056,308,3,235,7,1312,1,70
2057,308,3,236,5,1317,1,50
2058,308,3,237,6,1323,1,60
2059,308,3,238,5,1328,9,50
2060,308,3,239,8,1336,1,80
2061,308,3,240,3,1339,11,30
2062,308,3,241,6,1345,1,60
2063,308,3,242,5,1350,1,50
2064,308,3,243,9,1359,1,90
2065,308,3,244,6,1365,1,60
2066,308,3,245,6,1371,1,60
2067,308,3,246,2,1373,1,20
2068,308,3,247,8,1381,16,80
2069,308,3,248,7,1388,1,70
2070,308,3,249,4,1392,10,40
2071,308,3,250,6,1398,1,60
2072,308,3,251,6,1404,3,60
2073,308,3,252,5,1409,1,50
2074,308,3,253,3,1412,1,30
2075,308,3,254,3,1415,1,30
2076,308,3,255,5,1420,1,50
2077,308,3,256,5,1425,1,50
2078,308,3,257,3,1428,1,30
2079,308,3,258,6,1434,12,60
2080,308,3,259,5,1439,1,50
2081,308,3,260,6,1445,1,60
2082,308,3,261,6,1451,1,60
2083,308,3,262,6,1457,1,60
2084,308,3,263,5,1462,1,50
2085,308,3,264,6,1468,10,60
2086,308,3,265,4,1472,1,40
2087,308,3,266,3,1475,1,30
2088,308,3,267,7,1482,1,70
2089,308,3,268,9,1491,9,90
2090,308,3,269,8,1499,1,80
2091,308,3,270,8,1507,1,80
2092,308,3,271,3,1510,1,30
2093,308,3,272,6,1516,1,60
2094,308,3,273,5,1521,1,50
2095,308,3,274,8,1529,1,80
2096,308,3,275,6,1535,13,60
2097,308,3,276,5,1540,1,50
2098,308,3,277,8,1548,8,80
2099,308,3,278,4,1552,1,40
2100,308,3,279,8,1560,1,80
2101,308,3,280,8,1568,8,80
2102,308,3,281,4,1572,1,40
2103,308,3,282,5,1577,1,50
2104,308,3,283,8,1585,1,80
2105,308,3,284,3,1588,1,30
2106,308,3,285,5,1593,1,50
2107,308,3,286,6,1599,1,60
2108,308,3,287,9,1608,1,90
2109,308,3,288,9,1617,1,90
2110,308,3,289,5,1622,1,50
2111,308,3,290,7,1629,1,70
2112,308,3,291,8,1637,1,80
2113,308,3,292,6,1643,1,60
2114,308,3,293,4,1647,1,40
2115,308,3,294,4,1651,1,40
2116,308,3,295,2,1653,1,20
2117,308,3,296,5,1658,1,50
2118,308,3,297,5,1663,1,50
2119,308,3,298,7,1670,1,70
2120,308,3,299,6,1676,1,60
2121,308,3,300,5,1681,1,50
2122,308,3,301,2,1683,1,20
2123,308,3,302,4,1687,1,40
2124,308,3,303,6,1693,19,60
2125,308,3,304,7,1700,1,70
2126,308,3,305,2,1702,1,20
2127,308,3,306,5,1707,1,50
2128,308,3,307,2,1709,1,20
2129,308,3,308,2,1711,1,20
2130,308,3,309,7,1718,1,70
2131,308,3,310,8,1726,14,80
2132,308,3,311,7,1733,1,70
2133,308,3,312,7,1740,9,70
2134,308,3,313,7,1747,1,70
2135,308,3,314,7,1754,1,70
2136,308,3,315,4,1758,1,40
2137,308,3,316,4,1762,1,40
2138,308,3,317,6,1768,1,60
2139,308,3,318,8,1776,1,80
2140,308,3,319,7,1783,1,70
2141,308,3,320,4,1787,1,40
2142,308,3,321,8,1795,1,80
2143,308,3,322,9,1804,1,90
2144,308,3,323,6,1810,1,60
2145,308,3,324,4,1814,1,40
2146,308,3,325,4,1818,1,40
2147,308,3,326,3,1821,1,30
2148,308,3,327,7,1828,1,70
2149,308,3,328,4,1832,1,40
2150,308,3,329,5,1837,1,50
2151,308,3,330,3,1840,1,30
2152,308,3,331,9,1849,1,90
2153,308,3,332,9,1858,1,90
2154,308,3,333,3,1861,18,30
2155,308,3,334,6,1867,1,60
2156,308,3,335,9,1876,11,90
2157,308,3,336,6,1882,14,60
2158,308,3,337,6,1888,1,60
2159,308,3,338,3,1891,1,30
2160,308,3,339,4,1895,1,40
2161,308,3,340,8,1903,1,80
2162,308,3,341,8,1911,11,80
2163,308,3,342,9,1920,1,90
2164,308,3,343,9,1929,13,90
2165,308,3,344,9,1938,12,90
2166,308,3,345,3,1941,1,30
2167,308,3,346,8,1949,7,80
2168,308,3,347,6,1955,1,60
2169,308,3,348,6,1961,1,60
2170,308,3,349,8,1969,1,80
2171,308,3,350,3,1972,1,30
2172,308,3,351,2,1974,1,20
2173,308,3,352,6,1980,1,60
2174,308,3,353,8,1988,1,80
2175,308,3,354,6,1994,1,60
2176,308,3,355,3,1997,1,30
2177,308,3,356,2,1999,1,20
2178,308,3,357,8,2007,1,80
2179,308,3,358,2,2009,1,20
2180,308,3,359,7,2016,1,70
2181,308,3,360,9,2025,1,90
2182,308,3,361,5,2030,1,50
2183,308,3,362,4,2034,1,40
2184,308,3,363,6,2040,1,60
2185,308,3,364,7,2047,1,70
2186,308,3,365,7,2054,1,70
2187,308,3,366,5,2059,1,50
2188,308,3,367,5,2064,1,50
2189,308,3,368,9,2073,1,90
2190,308,3,369,2,2075,1,20
2191,308,3,370,9,2084,1,90
2192,308,3,371,5,2089,1,50
2193,308,3,372,2,2091,1,20
2194,308,3,373,3,2094,1,30
2195,308,3,374,4,2098,15,40
2196,308,3,375,5,2103,17,50
2197,308,3,376,6,2109,1,60
2198,308,3,377,3,2112,1,30
2199,308,3,378,5,2117,1,50
2200,308,3,379,7,2124,1,70
2201,308,3,380,5,2129,1,50
2202,308,3,381,2,2131,1,20
2203,308,3,382,3,2134,1,30
2204,308,3,383,5,2139,15,50
2205,308,3,384,4,2143,1,40
2206,308,3,385,7,2150,7,70
2207,308,3,386,8,2158,1,80
2208,308,3,387,7,2165,1,70
2209,308,3,388,5,2170,1,50
2210,308,3,389,2,2172,1,20
2211,308,3,390,8,2180,1,80
2212,308,3,391,4,2184,1,40
2213,308,3,392,4,2188,1,40
2214,308,3,393,7,2195,1,70
2215,308,3,394,5,2200,1,50
2216,308,3,395,6,2206,1,60
2217,308,3,396,8,2214,1,80
2218,308,3,397,5,2219,1,50
2219,308,3,398,4,2223,15,40
2220,308,3,399,9,2232,1,90
2221,308,3,400,4,2236,1,40
2222,308,3,401,3,2239,1,30
2223,308,3,402,7,2246,1,70
2224,308,3,403,9,2255,12,90
2225,308,3,404,8,2263,1,80
2226,308,3,405,6,2269,17,60
2227,308,3,406,2,2271,1,20
2228,308,3,407,6,2277,1,60
2229,308,3,408,4,2281,1,40
2230,308,3,409,7,2288,1,70
2231,308,3,410,7,2295,1,70
2232,308,3,411,3,2298,1,30
2233,308,3,412,3,2301,1,30
2234,308,3,413,9,2310,1,90
2235,308,3,414,2,2312,1,20
2236,308,3,415,2,2314,1,20
2237,308,3,416,2,2316,1,20
2238,308,3,417,3,2319,1,30
2239,308,3,418,9,2328,1,90
2240,308,3,419,2,2330,1,20
2241,308,3,420,4,2334,1,40
2242,308,3,421,4,2338,12,40
2243,308,3,422,4,2342,1,40
2244,308,3,423,8,2350,1,80
2245,308,3,424,3,2353,11,30
2246,308,3,425,9,2362,1,90
2247,308,3,426,9,2371,1,90
2248,308,3,427,5,2376,1,50
2249,308,3,428,7,2383,1,70
2250,308,3,429,7,2390,1,70
2251,308,3,430,5,2395,1,50
2252,308,3,431,5,2400,1,50
2253,308,3,432,3,2403,1,30
2254,308,3,433,4,2407,1,40
2255,308,3,434,2,2409,1,20
2256,308,3,435,8,2417,1,80
2257,308,3,436,3,2420,1,30
2258,308,3,437,9,2429,1,90
2259,308,3,438,2,2431,1,20
2260,308,3,439,8,2439,1,80
2261,308,3,440,8,2447,14,80
2262,308,3,441,5,2452,1,50
2263,308,3,442,7,2459,1,70
2264,308,3,443,2,2461,1,20
2265,308,3,444,2,2463,1,20
2266,308,3,445,6,2469,1,60
2267,308,3,446,8,2477,1,80
2268,308,3,447,4,2481,1,40
2269,308,3,448,5,2486,1,50
2270,308,3,449,6,2492,1,60
2271,308,3,450,3,2495,1,30
2272,308,3,451,5,2500,1,50
2273,308,3,452,7,2507,1,70
2274,308,3,453,4,2511,1,40
2275,308,3,454,8,2519,1,80
2276,308,3,455,4,2523,1,40
2277,308,3,456,8,2531,14,80
2278,308,3,457,9,2540,1,90
2279,308,3,458,6,2546,1,60
2280,308,3,459,2,2548,11,20
2281,308,3,460,5,2553,1,50
2282,308,3,461,3,2556,1,30
2283,308,3,462,4,2560,1,40
2284,308,3,463,5,2565,1,50
2285,308,3,464,3,2568,1,30
2286,308,3,465,2,2570,1,20
2287,308,3,466,3,2573,19,30
2288,308,3,467,7,2580,1,70
2289,308,3,468,7,2587,24,70
2290,308,3,469,2,2589,1,20
2291,308,3,470,9,2598,1,90
2292,308,3,471,2,2600,1,20
2293,308,3,472,4,2604,1,40
2294,308,3,473,6,2610,1,60
2295,308,3,474,7,2617,1,70
2296,308,3,475,6,2623,1,60
2297,308,3,476,2,2625,1,20
2298,308,3,477,2,2627,1,20
2299,308,3,478,4,2631,1,40
2300,308,3,479,3,2634,1,30
2301,308,3,480,8,2642,11,80
2302,308,3,481,4,2646,1,40
2303,308,3,482,6,2652,1,60
2304,308,3,483,9,2661,1,90
2305,308,3,484,2,2663,1,20
2306,308,3,485,8,2671,1,80
2307,308,3,486,5,2676,1,50
2308,308,3,487,7,2683,1,70
2309,308,3,488,2,2685,1,20
2310,308,3,489,3,2688,1,30
2311,308,3,490,6,2694,1,60
2312,308,3,491,3,2697,1,30
2313,308,3,492,6,2703,1,60
2314,308,3,493,9,2712,1,90
2315,308,3,494,4,2716,20,40
2316,308,3,495,9,2725,1,90
2317,308,3,496,8,2733,1,80
2318,308,3,497,5,2738,1,50
2319,308,3,498,3,2741,1,30
2320,308,3,499,4,2745,1,40
2321,308,3,500,9,2754,1,90
2322,308,3,501,5,2759,1,50
2323,308,3,502,4,2763,1,40
2324,308,3,503,7,2770,1,70
2325,308,3,504,4,2774,19,40
2326,308,3,505,3,2777,1,30
2327,308,3,506,2,2779,20,20
2328,308,3,507,2,2781,1,20
2329,308,3,508,4,2785,1,40
2330,308,3,509,9,2794,1,90
2331,308,3,510,9,2803,1,90
2332,308,3,511,7,2810,1,70
2333,308,3,512,8,2818,1,80
2334,308,3,513,4,2822,1,40
2335,308,3,514,2,2824,1,20
2336,308,3,515,7,2831,1,70
2337,308,3,516,6,2837,1,60
2338,308,3,517,5,2842,1,50
2339,308,3,518,2,2844,1,20
2340,308,3,519,3,2847,1,30
2341,308,3,520,4,2851,1,40
2342,308,3,521,5,2856,1,50
2343,308,3,522,2,2858,1,20
2344,308,3,523,6,2864,1,60
2345,308,3,524,2,2866,1,20
2346,308,3,525,4,2870,1,40
2347,308,3,526,6,2876,1,60
2348,308,3,527,8,2884,1,80
2349,308,3,528,6,2890,1,60
2350,308,3,529,6,2896,1,60
2351,308,3,530,2,2898,1,20
2352,308,3,531,8,2906,1,80
2353,308,3,532,8,2914,1,80
2354,308,3,533,9,2923,1,90
2355,308,3,534,5,2928,1,50
2356,308,3,535,5,2933,1,50
2357,308,3,536,7,2940,1,70
2358,308,3,537,6,2946,1,60
2359,308,3,538,6,2952,1,60
2360,308,3,539,8,2960,1,80
2361,308,3,540,2,2962,1,20
2362,308,3,541,7,2969,20,70
2363,308,3,542,9,2978,1,90
2364,308,3,543,5,2983,1,50
2365,308,3,544,8,2991,1,80
2366,308,3,545,8,2999,19,80
2367,308,3,546,5,3004,1,50
2368,308,3,547,5,3009,1,50
2369,308,3,548,4,3013,1,40
2370,308,3,549,7,3020,1,70
2371,308,3,550,5,3025,1,50
2372,308,3,551,7,3032,1,70
2373,308,3,552,7,3039,1,70
2374,308,3,553,7,3046,1,70
2375,308,3,554,7,3053,1,70
2376,308,3,555,6,3059,22,60
2377,308,3,556,2,3061,1,20
2378,308,3,557,5,3066,1,50
2379,308,3,558,7,3073,1,70
2380,308,3,559,8,3081,1,80
2381,308,3,560,7,3088,1,70
2382,308,3,561,7,3095,1,70
2383,308,3,562,4,3099,1,40
2384,308,3,563,7,3106,1,70
2385,308,3,564,3,3109,1,30
2386,308,3,565,5,3114,1,50
2387,308,3,566,7,3121,1,70
2388,308,3,567,7,3128,1,70
2389,308,3,568,6,3134,21,60
2390,308,3,569,3,3137,1,30
2391,308,3,570,8,3145,12,80
2392,308,3,571,2,3147,1,20
2393,308,3,572,9,3156,1,90
2394,308,3,573,6,3162,23,60
2395,308,3,574,7,3169,1,70
2396,308,3,575,9,3178,1,90
2397,308,3,576,4,3182,16,40
2398,308,3,577,5,3187,1,50
2399,308,3,578,9,3196,1,90
2400,308,3,579,8,3204,1,80
2401,308,3,580,8,3212,1,80
2402,308,3,581,9,3221,1,90
2403,308,3,582,9,3230,13,90
2404,308,3,583,2,3232,1,20
2405,308,3,584,2,3234,1,20
2406,308,3,585,6,3240,16,60
2407,308,3,586,7,3247,1,70
2408,308,3,587,2,3249,1,20
2409,308,3,588,7,3256,1,70
2410,308,3,589,7,3263,1,70
2411,308,3,590,9,3272,1,90
2412,308,3,591,8,3280,1,80
2413,308,3,592,8,3288,1,80
2414,308,3,593,2,3290,1,20
2415,308,3,594,4,3294,1,40
2416,308,3,595,2,3296,1,20
2417,308,3,596,7,3303,1,70
2418,308,3,597,2,3305,8,20
2419,308,3,598,6,3311,1,60
2420,308,3,599,8,3319,1,80
2421,308,3,600,9,3328,1,90
2422,308,3,601,9,3337,1,90
2423,308,3,602,3,3340,20,30
2424,308,3,603,9,3349,1,90
2425,308,3,604,7,3356,1,70
2426,308,3,605,8,3364,1,80
2427,308,3,606,4,3368,1,40
2428,308,3,607,4,3372,1,40
2429,308,3,608,6,3378,11,60
2430,308,3,609,3,3381,1,30
2431,308,3,610,5,3386,1,50
2432,308,3,611,3,3389,1,30
2433,308,3,612,2,3391,1,20
2434,308,3,613,6,3397,1,60
2435,308,3,614,3,3400,1,30
2436,308,3,615,6,3406,1,60
2437,308,3,616,2,3408,1,20
2438,308,3,617,2,3410,1,20
2439,308,3,618,6,3416,1,60
2440,308,3,619,2,3418,1,20
2441,308,3,620,9,3427,1,90
2442,308,3,621,7,3434,1,70
2443,308,3,622,2,3436,1,20
2444,308,3,623,7,3443,1,70
2445,308,3,624,3,3446,1,30
2446,308,3,625,5,3451,1,50
2447,308,3,626,6,3457,1,60
2448,308,3,627,5,3462,1,50
2449,308,3,628,7,3469,1,70
2450,308,3,629,3,3472,1,30
2451,308,3,630,2,3474,1,20
2452,308,3,631,9,3483,1,90
2453,308,3,632,4,3487,1,40
2454,308,3,633,5,3492,1,50
2455,308,3,634,5,3497,1,50
2456,308,3,635,7,3504,1,70
2457,308,3,636,3,3507,1,30
2458,308,3,637,8,3515,1,80
2459,308,3,638,6,3521,1,60
2460,308,3,639,2,3523,23,20
2461,308,3,640,2,3525,1,20
2462,308,3,641,4,3529,1,40
2463,308,3,642,4,3533,1,40
2464,308,3,643,5,3538,1,50
2465,308,3,644,2,3540,1,20
2466,308,3,645,4,3544,14,40
2467,308,3,646,4,3548,1,40
2468,308,3,647,9,3557,1,90
2469,308,3,648,4,3561,1,40
2470,308,3,649,2,3563,1,20
2471,308,3,650,8,3571,1,80
2472,308,3,651,8,3579,1,80
2473,308,3,652,6,3585,1,60
2474,308,3,653,3,3588,1,30
2475,308,3,654,7,3595,1,70
2476,308,3,655,6,3601,1,60
2477,308,3,656,9,3610,1,90
2478,308,3,657,3,3613,1,30
2479,308,3,658,9,3622,1,90
2480,308,3,659,7,3629,19,70
2481,308,3,660,5,3634,1,50
2482,308,3,661,7,3641,21,70
2483,308,3,662,9,3650,1,90
2484,308,3,663,4,3654,1,40
2485,308,3,664,2,3656,1,20
2486,308,3,665,6,3662,1,60
2487,308,3,666,6,3668,1,60
2488,308,3,667,7,3675,20,70
2489,308,3,668,5,3680,9,50
2490,308,3,669,3,3683,1,30
2491,308,3,670,9,3692,1,90
2492,308,3,671,6,3698,1,60
2493,308,3,672,3,3701,5,30
2494,308,3,673,6,3707,15,60
2495,308,3,674,9,3716,1,90
2496,308,3,675,7,3723,1,70
2497,308,3,676,5,3728,1,50
2498,308,3,677,3,3731,1,30
2499,308,3,678,6,3737,1,60
2500,308,3,679,7,3744,1,70
2501,308,3,680,4,3748,1,40
2502,308,3,681,7,3755,1,70
2503,308,3,682,3,3758,1,30
2504,308,3,683,7,3765,1,70
2505,308,3,684,8,3773,1,80
2506,308,3,685,4,3777,1,40
2507,308,3,686,3,3780,1,30
2508,308,3,687,4,3784,1,40
2509,308,3,688,6,3790,1,60
2510,308,3,689,4,3794,1,40
2511,308,3,690,5,3799,1,50
2512,308,3,691,7,3806,1,70
2513,308,3,692,6,3812,1,60
2514,308,3,693,2,3814,1,20
2515,308,3,694,4,3818,1,40
2516,308,3,695,8,3826,1,80
2517,308,3,696,4,3830,1,40
2518,308,3,697,5,3835,1,50
2519,308,3,698,7,3842,16,70
2520,308,3,699,4,3846,1,40
2521,308,3,700,4,3850,1,40
2522,308,3,701,6,3856,1,60
2523,308,3,702,6,3862,1,60
2524,308,3,703,9,3871,1,90
2525,308,3,704,7,3878,1,70
2526,308,3,705,5,3883,1,50
2527,308,3,706,7,3890,1,70
2528,308,3,707,4,3894,1,40
2529,308,3,708,4,3898,1,40
2530,308,3,709,5,3903,12,50
2531,308,3,710,4,3907,1,40
2532,308,3,711,4,3911,1,40
2533,308,3,712,7,3918,12,70
2534,308,3,713,6,3924,1,60
2535,308,3,714,9,3933,1,90
2536,308,3,715,6,3939,12,60
2537,308,3,716,2,3941,1,20
2538,308,3,717,4,3945,1,40
2539,308,3,718,7,3952,10,70
2540,308,3,719,2,3954,1,20
2541,308,3,720,7,3961,1,70
2542,308,3,721,5,3966,1,50
2543,308,3,722,3,3969,1,30
2544,308,3,723,7,3976,10,70
2545,308,3,724,8,3984,1,80
2546,308,3,725,6,3990,11,60
2547,308,3,726,6,3996,1,60
2548,308,3,727,3,3999,5,30
2549,308,3,728,2,4001,1,20
2550,308,3,729,3,4004,1,30
2551,308,3,730,5,4009,8,50
2552,308,3,731,5,4014,1,50
2553,308,3,732,6,4020,1,60
2554,308,3,733,5,4025,1,50
2555,308,3,734,6,4031,5,60
2556,308,3,735,3,4034,9,30
2557,308,3,736,2,4036,1,20
2558,308,3,737,4,4040,4,40
2559,308,3,738,8,4048,1,80
2560,308,3,739,7,4055,1,70
2561,308,3,740,4,4059,1,40
2562,308,3,741,7,4066,1,70
2563,308,3,742,5,4071,1,50
2564,308,3,743,6,4077,10,60
2565,308,3,744,2,4079,1,20
2566,308,3,745,7,4086,1,70
2567,308,3,746,7,4093,1,70
2568,308,3,747,8,4101,1,80
2569,308,3,748,3,4104,1,30
2570,308,3,749,3,4107,1,30
2571,308,3,750,6,4113,1,60
2572,308,3,751,7,4120,1,70
2573,308,3,752,9,4129,1,90
2574,308,3,753,9,4138,1,90
2575,308,3,754,2,4140,9,20
2576,308,3,755,6,4146,12,60
2577,308,3,756,3,4149,1,30
2578,308,3,757,6,4155,1,60
2579,308,3,758,3,4158,1,30
2580,308,3,759,3,4161,1,30
2581,308,3,760,5,4166,1,50
2582,308,3,761,8,4174,1,80
2583,308,3,762,7,4181,1,70
2584,308,3,763,6,4187,1,60
2585,308,3,764,9,4196,1,90
2586,308,3,765,9,4205,1,90
2587,308,3,766,7,4212,1,70
2588,308,3,767,2,4214,1,20
2589,308,3,768,4,4218,1,40
2590,308,3,769,3,4221,1,30
2591,308,3,770,3,4224,1,30
2592,308,3,771,9,4233,1,90
2593,308,3,772,5,4238,1,50
2594,308,3,773,6,4244,1,60
2595,308,3,774,4,4248,1,40
2596,308,3,775,5,4253,1,50
2597,308,3,776,2,4255,1,20
2598,308,3,777,5,4260,1,50
2599,308,3,778,7,4267,1,70
2600,308,3,779,8,4275,1,80
2601,308,3,780,7,4282,1,70
2602,308,3,781,2,4284,16,20
2603,308,3,782,3,4287,11,30
2604,308,3,783,8,4295,1,80
2605,308,3,784,8,4303,1,80
2606,308,3,785,6,4309,1,60
2607,308,3,786,9,4318,9,90
2608,308,3,787,4,4322,1,40
2609,308,3,788,7,4329,1,70
2610,308,3,789,3,4332,1,30
2611,308,3,790,9,4341,1,90
2612,308,3,791,4,4345,1,40
2613,308,3,792,3,4348,1,30
2614,308,3,793,9,4357,7,90
2615,308,3,794,7,4364,1,70
2616,308,3,795,6,4370,1,60
2617,308,3,796,5,4375,1,50
2618,308,3,797,2,4377,20,20
2619,308,3,798,7,4384,1,70
2620,308,3,799,3,4387,1,30
2621,308,3,800,9,4396,1,90
2622,308,3,801,2,4398,1,20
2623,308,3,802,8,4406,1,80
2624,308,3,803,9,4415,10,90
2625,308,3,804,4,4419,13,40
2626,308,3,805,2,4421,1,20
2627,308,3,806,2,4423,1,20
2628,308,3,807,4,4427,1,40
2629,308,3,808,7,4434,1,70
2630,308,3,809,6,4440,1,60
2631,308,3,810,8,4448,1,80
2632,308,3,811,3,4451,11,30
2633,308,3,812,4,4455,1,40
2634,308,3,813,3,4458,7,30
2635,308,3,814,9,4467,1,90
2636,308,3,815,2,4469,1,20
2637,308,3,816,2,4471,1,20
2638,308,3,817,9,4480,1,90
2639,308,3,818,3,4483,1,30
2640,308,3,819,4,4487,8,40
2641,308,3,820,2,4489,1,20
2642,308,3,821,6,4495,1,60
2643,308,3,822,5,4500,1,50
2644,308,3,823,6,4506,1,60
2645,308,3,824,2,4508,1,20
2646,308,3,825,7,4515,1,70
2647,308,3,826,3,4518,1,30
2648,308,3,827,4,4522,1,40
2649,308,3,828,7,4529,1,70
2650,308,3,829,6,4535,1,60
2651,308,3,830,7,4542,1,70
2652,308,3,831,7,4549,1,70
2653,308,3,832,6,4555,1,60
2654,308,3,833,2,4557,1,20
2655,308,3,834,4,4561,1,40
2656,308,3,835,3,4564,1,30
2657,308,3,836,7,4571,1,70
2658,308,3,837,4,4575,16,40
2659,308,3,838,6,4581,1,60
2660,308,3,839,6,4587,1,60
2661,308,3,840,8,4595,1,80
2662,308,3,841,3,4598,1,30
2663,308,3,842,5,4603,1,50
2664,308,3,843,7,4610,1,70
2665,308,3,844,4,4614,1,40
2666,308,3,845,4,4618,1,40
2667,308,3,846,3,4621,1,30
2668,308,3,847,9,4630,1,90
2669,308,3,848,9,4639,1,90
2670,308,3,849,8,4647,1,80
2671,308,3,850,2,4649,1,20
2672,308,3,851,4,4653,1,40
2673,308,3,852,3,4656,1,30
2674,308,3,853,9,4665,1,90
2675,308,3,854,8,4673,1,80
2676,308,3,855,9,4682,24,90
2677,308,3,856,9,4691,1,90
2678,308,3,857,4,4695,1,40
2679,308,3,858,3,4698,1,30
2680,308,3,859,5,4703,1,50
2681,308,3,860,3,4706,1,30
2682,308,3,861,9,4715,1,90
2683,308,3,862,2,4717,1,20
2684,308,3,863,3,4720,1,30
2685,308,3,864,8,4728,1,80
2686,308,3,865,2,4730,1,20
2687,308,3,866,6,4736,1,60
2688,308,3,867,3,4739,23,30
2689,308,3,868,4,4743,23,40
2690,308,3,869,9,4752,1,90
2691,308,3,870,8,4760,1,80
2692,308,3,871,6,4766,1,60
2693,308,3,872,7,4773,1,70
2694,308,3,873,8,4781,1,80
2695,308,3,874,3,4784,1,30
2696,308,3,875,9,4793,1,90
2697,308,3,876,4,4797,14,40
2698,308,3,877,5,4802,1,50
2699,308,3,878,2,4804,1,20
2700,308,3,879,6,4810,1,60
2701,308,3,880,7,4817,1,70
2702,308,3,881,2,4819,1,20
2703,308,3,882,4,4823,17,40
2704,308,3,883,3,4826,1,30
2705,308,3,884,7,4833,16,70
2706,308,3,885,6,4839,1,60
2707,308,3,886,8,4847,1,80
2708,308,3,887,2,4849,1,20
2709,308,3,888,6,4855,1,60
2710,308,3,889,6,4861,9,60
2711,308,3,890,3,4864,1,30
2712,308,3,891,2,4866,1,20
2713,308,3,892,2,4868,1,20
2714,308,3,893,5,4873,1,50
2715,308,3,894,2,4875,1,20
2716,308,3,895,3,4878,1,30
2717,308,3,896,3,4881,1,30
2718,308,3,897,6,4887,1,60
2719,308,3,898,4,4891,1,40
2720,308,3,899,3,4894,1,30
2721,308,3,900,8,4902,7,80
2722,308,3,901,6,4908,9,60
2723,308,3,902,3,4911,1,30
2724,308,3,903,9,4920,5,90
2725,308,3,904,6,4926,1,60
2726,308,3,905,4,4930,1,40
2727,308,3,906,9,4939,1,90
2728,308,3,907,6,4945,1,60
2729,308,3,908,8,4953,1,80
2730,308,3,909,6,4959,1,60
2731,308,3,910,3,4962,1,30
2732,308,3,911,3,4965,1,30
2733,308,3,912,8,4973,1,80
2734,308,3,913,5,4978,9,50
2735,308,3,914,7,4985,1,70
2736,308,3,915,5,4990,12,50
2737,308,3,916,7,4997,8,70
