,Scenario,Trial,Inspection,Interval,Time,Defects,Rate
0,135,1,1,9,9,0,90
1,135,1,2,7,16,0,70
2,135,1,3,2,18,0,20
3,135,1,4,5,23,1,50
4,135,1,5,8,31,1,80
5,135,1,6,7,38,1,70
6,135,1,7,5,43,1,50
7,135,1,8,8,51,2,80
8,135,1,9,6,57,1,60
9,135,1,10,9,66,2,90
10,135,1,11,4,70,1,40
11,135,1,12,2,72,2,20
12,135,1,13,3,75,1,30
13,135,1,14,4,79,1,40
14,135,1,15,2,81,1,20
15,135,1,16,2,83,6,20
16,135,1,17,6,89,1,60
17,135,1,18,3,92,5,30
18,135,1,19,7,99,1,70
19,135,1,20,5,104,1,50
20,135,1,21,6,110,1,60
21,135,1,22,4,114,1,40
22,135,1,23,2,116,4,20
23,135,1,24,5,121,6,50
24,135,1,25,2,123,1,20
25,135,1,26,2,125,6,20
26,135,1,27,9,134,1,90
27,135,1,28,9,143,1,90
28,135,1,29,5,148,1,50
29,135,1,30,8,156,5,80
30,135,1,31,2,158,2,20
31,135,1,32,7,165,2,70
32,135,1,33,4,169,4,40
33,135,1,34,6,175,3,60
34,135,1,35,7,182,2,70
35,135,1,36,5,187,1,50
36,135,1,37,9,196,1,90
37,135,1,38,9,205,1,90
38,135,1,39,9,214,4,90
39,135,1,40,5,219,1,50
40,135,1,41,6,225,4,60
41,135,1,42,8,233,1,80
42,135,1,43,9,242,5,90
43,135,1,44,2,244,3,20
44,135,1,45,5,249,1,50
45,135,1,46,4,253,1,40
46,135,1,47,3,256,1,30
47,135,1,48,7,263,5,70
48,135,1,49,4,267,9,40
49,135,1,50,2,269,5,20
50,135,1,51,5,274,1,50
51,135,1,52,9,283,1,90
52,135,1,53,5,288,3,50
53,135,1,54,6,294,1,60
54,135,1,55,6,300,1,60
55,135,1,56,4,304,4,40
56,135,1,57,8,312,8,80
57,135,1,58,3,315,0,30
58,135,1,59,8,323,1,80
59,135,1,60,4,327,1,40
60,135,1,61,3,330,1,30
61,135,1,62,3,333,2,30
62,135,1,63,6,339,1,60
63,135,1,64,6,345,4,60
64,135,1,65,7,352,3,70
65,135,1,66,2,354,4,20
66,135,1,67,3,357,4,30
67,135,1,68,6,363,5,60
68,135,1,69,3,366,1,30
69,135,1,70,6,372,1,60
70,135,1,71,7,379,2,70
71,135,1,72,4,383,2,40
72,135,1,73,3,386,1,30
73,135,1,74,9,395,1,90
74,135,1,75,8,403,2,80
75,135,1,76,8,411,2,80
76,135,1,77,9,420,2,90
77,135,1,78,8,428,3,80
78,135,1,79,2,430,1,20
79,135,1,80,4,434,1,40
80,135,1,81,8,442,1,80
81,135,1,82,8,450,5,80
82,135,1,83,5,455,3,50
83,135,1,84,9,464,2,90
84,135,1,85,5,469,1,50
85,135,1,86,6,475,6,60
86,135,1,87,7,482,2,70
87,135,1,88,5,487,1,50
88,135,1,89,6,493,1,60
89,135,1,90,2,495,1,20
90,135,1,91,7,502,5,70
91,135,1,92,2,504,5,20
92,135,1,93,8,512,1,80
93,135,1,94,2,514,1,20
94,135,1,95,7,521,1,70
95,135,1,96,4,525,1,40
96,135,1,97,3,528,1,30
97,135,1,98,3,531,4,30
98,135,1,99,4,535,1,40
99,135,1,100,4,539,1,40
100,135,1,101,8,547,2,80
101,135,1,102,7,554,1,70
102,135,1,103,4,558,9,40
103,135,1,104,6,564,5,60
104,135,1,105,2,566,0,20
105,135,1,106,9,575,2,90
106,135,1,107,2,577,2,20
107,135,1,108,5,582,1,50
108,135,1,109,6,588,5,60
109,135,1,110,8,596,4,80
110,135,1,111,2,598,1,20
111,135,1,112,4,602,7,40
112,135,1,113,5,607,1,50
113,135,1,114,6,613,7,60
114,135,1,115,5,618,1,50
115,135,1,116,3,621,6,30
116,135,1,117,6,627,1,60
117,135,1,118,9,636,3,90
118,135,1,119,7,643,1,70
119,135,1,120,3,646,5,30
120,135,1,121,8,654,1,80
121,135,1,122,7,661,5,70
122,135,1,123,9,670,2,90
123,135,1,124,9,679,1,90
124,135,1,125,5,684,2,50
125,135,1,126,6,690,3,60
126,135,1,127,3,693,2,30
127,135,1,128,9,702,1,90
128,135,1,129,9,711,1,90
129,135,1,130,8,719,1,80
130,135,1,131,2,721,1,20
131,135,1,132,7,728,1,70
132,135,1,133,7,735,6,70
133,135,1,134,6,741,4,60
134,135,1,135,4,745,6,40
135,135,1,136,2,747,1,20
136,135,1,137,8,755,1,80
137,135,1,138,5,760,1,50
138,135,1,139,3,763,4,30
139,135,1,140,7,770,3,70
140,135,1,141,3,773,3,30
141,135,1,142,7,780,6,70
142,135,1,143,7,787,1,70
143,135,1,144,8,795,1,80
144,135,1,145,3,798,3,30
145,135,1,146,9,807,1,90
146,135,1,147,5,812,5,50
147,135,1,148,7,819,3,70
148,135,1,149,6,825,1,60
149,135,1,150,3,828,1,30
150,135,1,151,6,834,3,60
151,135,1,152,6,840,4,60
152,135,1,153,9,849,1,90
153,135,1,154,3,852,1,30
154,135,1,155,2,854,0,20
155,135,1,156,2,856,1,20
156,135,1,157,8,864,2,80
157,135,1,158,9,873,3,90
158,135,1,159,3,876,7,30
159,135,1,160,3,879,2,30
160,135,1,161,8,887,5,80
161,135,1,162,8,895,1,80
162,135,1,163,3,898,5,30
163,135,1,164,2,900,2,20
164,135,1,165,9,909,4,90
165,135,1,166,5,914,6,50
166,135,1,167,2,916,1,20
167,135,1,168,2,918,1,20
168,135,1,169,7,925,3,70
169,135,1,170,4,929,1,40
170,135,1,171,5,934,5,50
171,135,1,172,9,943,1,90
172,135,1,173,8,951,2,80
173,135,1,174,5,956,1,50
174,135,1,175,3,959,4,30
175,135,1,176,3,962,1,30
176,135,1,177,7,969,2,70
177,135,1,178,9,978,3,90
178,135,1,179,4,982,3,40
179,135,1,180,3,985,1,30
180,135,1,181,6,991,1,60
181,135,1,182,6,997,4,60
182,135,1,183,5,1002,8,50
183,135,1,184,9,1011,1,90
184,135,1,185,9,1020,4,90
185,135,1,186,3,1023,3,30
186,135,1,187,4,1027,6,40
187,135,1,188,6,1033,1,60
188,135,1,189,7,1040,4,70
189,135,1,190,5,1045,1,50
190,135,1,191,5,1050,1,50
191,135,1,192,5,1055,3,50
192,135,1,193,5,1060,2,50
193,135,1,194,2,1062,1,20
194,135,1,195,2,1064,3,20
195,135,1,196,7,1071,1,70
196,135,1,197,8,1079,4,80
197,135,1,198,7,1086,1,70
198,135,1,199,5,1091,1,50
199,135,1,200,8,1099,5,80
200,135,1,201,4,1103,4,40
201,135,1,202,4,1107,2,40
202,135,1,203,7,1114,5,70
203,135,1,204,8,1122,6,80
204,135,1,205,5,1127,5,50
205,135,1,206,7,1134,4,70
206,135,1,207,2,1136,3,20
207,135,1,208,8,1144,1,80
208,135,1,209,7,1151,1,70
209,135,1,210,3,1154,4,30
210,135,1,211,2,1156,6,20
211,135,1,212,8,1164,1,80
212,135,1,213,2,1166,4,20
213,135,1,214,9,1175,6,90
214,135,1,215,8,1183,4,80
215,135,1,216,6,1189,1,60
216,135,1,217,4,1193,2,40
217,135,1,218,6,1199,5,60
218,135,1,219,6,1205,1,60
219,135,1,220,5,1210,1,50
220,135,1,221,9,1219,2,90
221,135,1,222,8,1227,1,80
222,135,1,223,6,1233,1,60
223,135,1,224,9,1242,3,90
224,135,1,225,8,1250,4,80
225,135,1,226,5,1255,4,50
226,135,1,227,9,1264,1,90
227,135,1,228,6,1270,1,60
228,135,1,229,7,1277,6,70
229,135,1,230,6,1283,1,60
230,135,1,231,6,1289,4,60
231,135,1,232,3,1292,3,30
232,135,1,233,8,1300,7,80
233,135,1,234,6,1306,1,60
234,135,1,235,3,1309,1,30
235,135,1,236,7,1316,6,70
236,135,1,237,4,1320,1,40
237,135,1,238,3,1323,1,30
238,135,1,239,7,1330,1,70
239,135,1,240,2,1332,2,20
240,135,1,241,5,1337,8,50
241,135,1,242,7,1344,1,70
242,135,1,243,3,1347,1,30
243,135,1,244,9,1356,3,90
244,135,1,245,7,1363,2,70
245,135,1,246,7,1370,5,70
246,135,1,247,3,1373,1,30
247,135,1,248,3,1376,9,30
248,135,1,249,9,1385,3,90
249,135,1,250,4,1389,1,40
250,135,1,251,8,1397,4,80
251,135,1,252,4,1401,1,40
252,135,1,253,9,1410,1,90
253,135,1,254,9,1419,1,90
254,135,1,255,6,1425,1,60
255,135,1,256,4,1429,6,40
256,135,1,257,9,1438,1,90
257,135,1,258,7,1445,7,70
258,135,1,259,9,1454,9,90
259,135,1,260,4,1458,4,40
260,135,1,261,2,1460,2,20
261,135,1,262,7,1467,5,70
262,135,1,263,5,1472,1,50
263,135,1,264,5,1477,1,50
264,135,1,265,9,1486,5,90
265,135,1,266,3,1489,1,30
266,135,1,267,8,1497,1,80
267,135,1,268,8,1505,2,80
268,135,1,269,6,1511,1,60
269,135,1,270,8,1519,1,80
270,135,1,271,8,1527,1,80
271,135,1,272,7,1534,8,70
272,135,1,273,2,1536,4,20
273,135,1,274,5,1541,1,50
274,135,1,275,6,1547,6,60
275,135,1,276,7,1554,1,70
276,135,1,277,3,1557,4,30
277,135,1,278,5,1562,9,50
278,135,1,279,9,1571,1,90
279,135,1,280,2,1573,5,20
280,135,1,281,4,1577,1,40
281,135,1,282,4,1581,3,40
282,135,1,283,5,1586,2,50
283,135,1,284,4,1590,7,40
284,135,1,285,5,1595,1,50
285,135,1,286,8,1603,3,80
286,135,1,287,7,1610,1,70
287,135,1,288,8,1618,6,80
288,135,1,289,3,1621,1,30
289,135,1,290,7,1628,2,70
290,135,1,291,6,1634,6,60
291,135,1,292,4,1638,6,40
292,135,1,293,7,1645,1,70
293,135,1,294,3,1648,1,30
294,135,1,295,5,1653,5,50
295,135,1,296,2,1655,3,20
296,135,1,297,7,1662,1,70
297,135,1,298,6,1668,1,60
298,135,1,299,6,1674,1,60
299,135,1,300,7,1681,8,70
300,135,1,301,5,1686,1,50
301,135,1,302,6,1692,5,60
302,135,1,303,7,1699,1,70
303,135,1,304,5,1704,4,50
304,135,1,305,4,1708,1,40
305,135,1,306,7,1715,1,70
306,135,1,307,2,1717,8,20
307,135,1,308,8,1725,5,80
308,135,1,309,4,1729,1,40
309,135,1,310,8,1737,2,80
310,135,1,311,9,1746,3,90
311,135,1,312,9,1755,1,90
312,135,1,313,8,1763,1,80
313,135,1,314,7,1770,4,70
314,135,1,315,4,1774,1,40
315,135,1,316,9,1783,1,90
316,135,1,317,8,1791,5,80
317,135,1,318,2,1793,1,20
318,135,1,319,9,1802,1,90
319,135,1,320,8,1810,1,80
320,135,1,321,5,1815,3,50
321,135,1,322,3,1818,3,30
322,135,1,323,3,1821,1,30
323,135,1,324,6,1827,1,60
324,135,1,325,9,1836,1,90
325,135,1,326,6,1842,7,60
326,135,1,327,9,1851,8,90
327,135,1,328,9,1860,10,90
328,135,1,329,2,1862,1,20
329,135,1,330,5,1867,7,50
330,135,1,331,4,1871,1,40
331,135,1,332,9,1880,1,90
332,135,1,333,9,1889,4,90
333,135,1,334,2,1891,5,20
334,135,1,335,3,1894,1,30
335,135,1,336,5,1899,1,50
336,135,1,337,3,1902,1,30
337,135,1,338,5,1907,2,50
338,135,1,339,2,1909,5,20
339,135,1,340,9,1918,1,90
340,135,1,341,2,1920,3,20
341,135,1,342,6,1926,8,60
342,135,1,343,8,1934,1,80
343,135,1,344,7,1941,1,70
344,135,1,345,8,1949,2,80
345,135,1,346,8,1957,3,80
346,135,1,347,3,1960,5,30
347,135,1,348,5,1965,1,50
348,135,1,349,2,1967,6,20
349,135,1,350,2,1969,1,20
350,135,1,351,3,1972,1,30
351,135,1,352,9,1981,5,90
352,135,1,353,4,1985,1,40
353,135,1,354,2,1987,1,20
354,135,1,355,2,1989,4,20
355,135,1,356,8,1997,0,80
356,135,1,357,6,2003,5,60
357,135,1,358,2,2005,7,20
358,135,1,359,6,2011,1,60
359,135,1,360,9,2020,4,90
360,135,1,361,9,2029,1,90
361,135,1,362,4,2033,1,40
362,135,1,363,6,2039,1,60
363,135,1,364,3,2042,6,30
364,135,1,365,8,2050,1,80
365,135,1,366,4,2054,1,40
366,135,1,367,9,2063,8,90
367,135,1,368,4,2067,5,40
368,135,1,369,5,2072,9,50
369,135,1,370,7,2079,2,70
370,135,1,371,7,2086,6,70
371,135,1,372,7,2093,1,70
372,135,1,373,4,2097,4,40
373,135,1,374,4,2101,2,40
374,135,1,375,7,2108,1,70
375,135,1,376,5,2113,3,50
376,135,1,377,8,2121,5,80
377,135,1,378,3,2124,7,30
378,135,1,379,5,2129,1,50
379,135,1,380,5,2134,1,50
380,135,1,381,8,2142,1,80
381,135,1,382,8,2150,6,80
382,135,1,383,5,2155,1,50
383,135,1,384,7,2162,1,70
384,135,1,385,6,2168,10,60
385,135,1,386,7,2175,7,70
386,135,1,387,5,2180,1,50
387,135,1,388,3,2183,1,30
388,135,1,389,4,2187,7,40
389,135,1,390,2,2189,1,20
390,135,1,391,8,2197,1,80
391,135,1,392,9,2206,1,90
392,135,1,393,7,2213,1,70
393,135,1,394,5,2218,4,50
394,135,1,395,7,2225,6,70
395,135,1,396,5,2230,1,50
396,135,1,397,9,2239,5,90
397,135,1,398,2,2241,6,20
398,135,1,399,8,2249,9,80
399,135,1,400,7,2256,5,70
400,135,1,401,9,2265,1,90
401,135,1,402,3,2268,1,30
402,135,1,403,8,2276,1,80
403,135,1,404,8,2284,4,80
404,135,1,405,4,2288,1,40
405,135,1,406,2,2290,1,20
406,135,1,407,7,2297,5,70
407,135,1,408,9,2306,3,90
408,135,1,409,9,2315,4,90
409,135,1,410,7,2322,5,70
410,135,1,411,7,2329,1,70
411,135,1,412,3,2332,5,30
412,135,1,413,5,2337,7,50
413,135,1,414,7,2344,6,70
414,135,1,415,2,2346,1,20
415,135,1,416,2,2348,7,20
416,135,1,417,8,2356,4,80
417,135,1,418,8,2364,1,80
418,135,1,419,8,2372,9,80
419,135,1,420,5,2377,1,50
420,135,1,421,5,2382,1,50
421,135,1,422,3,2385,1,30
422,135,1,423,4,2389,1,40
423,135,1,424,6,2395,3,60
424,135,1,425,2,2397,1,20
425,135,1,426,4,2401,4,40
426,135,1,427,3,2404,1,30
427,135,1,428,6,2410,1,60
428,135,1,429,7,2417,5,70
429,135,1,430,7,2424,1,70
430,135,1,431,7,2431,1,70
431,135,1,432,3,2434,1,30
432,135,1,433,3,2437,5,30
433,135,1,434,7,2444,5,70
434,135,1,435,4,2448,5,40
435,135,1,436,6,2454,1,60
436,135,1,437,9,2463,1,90
437,135,1,438,6,2469,3,60
438,135,1,439,6,2475,1,60
439,135,1,440,9,2484,3,90
440,135,1,441,2,2486,3,20
441,135,1,442,5,2491,9,50
442,135,1,443,9,2500,2,90
443,135,1,444,2,2502,3,20
444,135,1,445,8,2510,1,80
445,135,1,446,5,2515,5,50
446,135,1,447,4,2519,2,40
447,135,1,448,9,2528,7,90
448,135,1,449,9,2537,1,90
449,135,1,450,4,2541,1,40
450,135,1,451,7,2548,1,70
451,135,1,452,7,2555,7,70
452,135,1,453,7,2562,1,70
453,135,1,454,5,2567,7,50
454,135,1,455,9,2576,7,90
455,135,1,456,8,2584,4,80
456,135,1,457,3,2587,2,30
457,135,1,458,6,2593,4,60
458,135,1,459,2,2595,4,20
459,135,1,460,5,2600,2,50
460,135,1,461,9,2609,6,90
461,135,1,462,5,2614,5,50
462,135,1,463,2,2616,3,20
463,135,1,464,4,2620,1,40
464,135,1,465,8,2628,5,80
465,135,1,466,5,2633,1,50
466,135,1,467,7,2640,1,70
467,135,1,468,6,2646,0,60
468,135,1,469,6,2652,1,60
469,135,1,470,7,2659,1,70
470,135,1,471,6,2665,2,60
471,135,1,472,8,2673,6,80
472,135,1,473,5,2678,3,50
473,135,1,474,3,2681,1,30
474,135,1,475,9,2690,5,90
475,135,1,476,4,2694,7,40
476,135,1,477,8,2702,1,80
477,135,1,478,2,2704,5,20
478,135,1,479,2,2706,6,20
479,135,1,480,9,2715,4,90
480,135,1,481,4,2719,1,40
481,135,1,482,7,2726,1,70
482,135,1,483,5,2731,1,50
483,135,1,484,6,2737,4,60
484,135,1,485,4,2741,1,40
485,135,1,486,3,2744,3,30
486,135,1,487,6,2750,1,60
487,135,1,488,9,2759,4,90
488,135,1,489,6,2765,3,60
489,135,1,490,5,2770,6,50
490,135,1,491,8,2778,0,80
491,135,1,492,3,2781,1,30
492,135,1,493,8,2789,5,80
493,135,1,494,5,2794,3,50
494,135,1,495,2,2796,6,20
495,135,1,496,9,2805,1,90
496,135,1,497,8,2813,4,80
497,135,1,498,4,2817,4,40
498,135,1,499,6,2823,1,60
499,135,1,500,2,2825,1,20
500,135,1,501,6,2831,4,60
501,135,1,502,4,2835,4,40
502,135,1,503,9,2844,1,90
503,135,1,504,9,2853,5,90
504,135,1,505,7,2860,1,70
505,135,1,506,4,2864,4,40
506,135,1,507,2,2866,1,20
507,135,1,508,3,2869,1,30
508,135,1,509,4,2873,9,40
509,135,1,510,3,2876,2,30
510,135,1,511,8,2884,7,80
511,135,1,512,6,2890,5,60
512,135,1,513,5,2895,1,50
513,135,1,514,4,2899,1,40
514,135,1,515,8,2907,3,80
515,135,1,516,9,2916,1,90
516,135,1,517,2,2918,4,20
517,135,1,518,4,2922,5,40
518,135,1,519,7,2929,3,70
519,135,1,520,8,2937,1,80
520,135,1,521,4,2941,6,40
521,135,1,522,6,2947,4,60
522,135,1,523,3,2950,2,30
523,135,1,524,7,2957,1,70
524,135,1,525,3,2960,5,30
525,135,1,526,2,2962,1,20
526,135,1,527,2,2964,4,20
527,135,1,528,3,2967,7,30
528,135,1,529,7,2974,1,70
529,135,1,530,3,2977,3,30
530,135,1,531,3,2980,1,30
531,135,1,532,6,2986,2,60
532,135,1,533,5,2991,6,50
533,135,1,534,7,2998,0,70
534,135,1,535,7,3005,3,70
535,135,1,536,2,3007,3,20
536,135,1,537,6,3013,1,60
537,135,1,538,7,3020,2,70
538,135,1,539,6,3026,2,60
539,135,1,540,3,3029,4,30
540,135,1,541,3,3032,1,30
541,135,1,542,4,3036,3,40
542,135,1,543,4,3040,1,40
543,135,1,544,4,3044,3,40
544,135,1,545,6,3050,4,60
545,135,1,546,7,3057,1,70
546,135,1,547,8,3065,1,80
547,135,1,548,2,3067,1,20
548,135,1,549,4,3071,2,40
549,135,1,550,9,3080,6,90
550,135,1,551,3,3083,1,30
551,135,1,552,5,3088,6,50
552,135,1,553,8,3096,1,80
553,135,1,554,4,3100,1,40
554,135,1,555,9,3109,1,90
555,135,1,556,8,3117,4,80
556,135,1,557,5,3122,2,50
557,135,1,558,8,3130,6,80
558,135,1,559,7,3137,2,70
559,135,1,560,2,3139,3,20
560,135,1,561,7,3146,1,70
561,135,1,562,6,3152,3,60
562,135,1,563,3,3155,5,30
563,135,1,564,9,3164,2,90
564,135,1,565,5,3169,2,50
565,135,1,566,3,3172,1,30
566,135,1,567,2,3174,1,20
567,135,1,568,5,3179,1,50
568,135,1,569,6,3185,2,60
569,135,1,570,7,3192,1,70
570,135,1,571,7,3199,1,70
571,135,1,572,4,3203,1,40
572,135,1,573,6,3209,4,60
573,135,1,574,2,3211,5,20
574,135,1,575,6,3217,1,60
575,135,1,576,4,3221,2,40
576,135,1,577,6,3227,4,60
577,135,1,578,4,3231,3,40
578,135,1,579,6,3237,1,60
579,135,1,580,8,3245,1,80
580,135,1,581,7,3252,2,70
581,135,1,582,2,3254,4,20
582,135,1,583,5,3259,1,50
583,135,1,584,9,3268,5,90
584,135,1,585,4,3272,5,40
585,135,1,586,6,3278,2,60
586,135,1,587,4,3282,1,40
587,135,1,588,3,3285,1,30
588,135,1,589,9,3294,1,90
589,135,1,590,4,3298,2,40
590,135,1,591,5,3303,7,50
591,135,1,592,9,3312,1,90
592,135,1,593,9,3321,5,90
593,135,1,594,6,3327,1,60
594,135,1,595,7,3334,2,70
595,135,1,596,8,3342,1,80
596,135,1,597,8,3350,5,80
597,135,1,598,7,3357,3,70
598,135,1,599,2,3359,5,20
599,135,1,600,9,3368,6,90
600,135,1,601,4,3372,4,40
601,135,1,602,2,3374,1,20
602,135,1,603,4,3378,2,40
603,135,1,604,6,3384,4,60
604,135,1,605,2,3386,1,20
605,135,1,606,7,3393,3,70
606,135,1,607,6,3399,1,60
607,135,1,608,2,3401,1,20
608,135,1,609,6,3407,3,60
609,135,1,610,4,3411,7,40
610,135,1,611,5,3416,3,50
611,135,1,612,5,3421,4,50
612,135,1,613,8,3429,1,80
613,135,1,614,2,3431,3,20
614,135,1,615,2,3433,1,20
615,135,1,616,8,3441,1,80
616,135,1,617,8,3449,1,80
617,135,1,618,7,3456,1,70
618,135,1,619,7,3463,3,70
619,135,1,620,3,3466,1,30
620,135,1,621,2,3468,1,20
621,135,1,622,6,3474,1,60
622,135,1,623,9,3483,4,90
623,135,1,624,4,3487,4,40
624,135,1,625,5,3492,3,50
625,135,1,626,8,3500,3,80
626,135,1,627,4,3504,1,40
627,135,1,628,8,3512,5,80
628,135,1,629,6,3518,1,60
629,135,1,630,2,3520,3,20
630,135,1,631,4,3524,4,40
631,135,1,632,2,3526,1,20
632,135,1,633,8,3534,1,80
633,135,1,634,3,3537,1,30
634,135,1,635,2,3539,4,20
635,135,1,636,6,3545,4,60
636,135,1,637,7,3552,3,70
637,135,1,638,9,3561,1,90
638,135,1,639,5,3566,3,50
639,135,1,640,7,3573,1,70
640,135,1,641,9,3582,2,90
641,135,1,642,6,3588,1,60
642,135,1,643,2,3590,1,20
643,135,1,644,4,3594,4,40
644,135,1,645,9,3603,2,90
645,135,1,646,2,3605,1,20
646,135,1,647,4,3609,5,40
647,135,1,648,5,3614,1,50
648,135,1,649,7,3621,5,70
649,135,1,650,7,3628,3,70
650,135,1,651,9,3637,2,90
651,135,1,652,9,3646,1,90
652,135,1,653,9,3655,2,90
653,135,1,654,2,3657,4,20
654,135,1,655,5,3662,1,50
655,135,1,656,6,3668,1,60
656,135,1,657,7,3675,5,70
657,135,1,658,8,3683,1,80
658,135,1,659,8,3691,4,80
659,135,1,660,3,3694,7,30
660,135,1,661,3,3697,3,30
661,135,1,662,7,3704,2,70
662,135,1,663,4,3708,1,40
663,135,1,664,4,3712,4,40
664,135,1,665,4,3716,9,40
665,135,1,666,8,3724,1,80
666,135,1,667,2,3726,1,20
667,135,1,668,2,3728,4,20
668,135,1,669,5,3733,2,50
669,135,1,670,8,3741,1,80
670,135,1,671,2,3743,2,20
671,135,1,672,2,3745,1,20
672,135,1,673,2,3747,5,20
673,135,1,674,2,3749,1,20
674,135,1,675,8,3757,2,80
675,135,1,676,5,3762,3,50
676,135,1,677,8,3770,2,80
677,135,1,678,2,3772,1,20
678,135,1,679,9,3781,4,90
679,135,1,680,7,3788,1,70
680,135,1,681,3,3791,6,30
681,135,1,682,9,3800,1,90
682,135,1,683,9,3809,1,90
683,135,1,684,9,3818,0,90
684,135,1,685,6,3824,2,60
685,135,1,686,5,3829,0,50
686,135,1,687,3,3832,2,30
687,135,1,688,5,3837,2,50
688,135,1,689,9,3846,2,90
689,135,1,690,2,3848,1,20
690,135,1,691,7,3855,0,70
691,135,1,692,4,3859,3,40
692,135,1,693,4,3863,3,40
693,135,1,694,4,3867,6,40
694,135,1,695,5,3872,1,50
695,135,1,696,9,3881,1,90
696,135,1,697,7,3888,6,70
697,135,1,698,8,3896,1,80
698,135,1,699,8,3904,7,80
699,135,1,700,7,3911,1,70
700,135,1,701,5,3916,2,50
701,135,1,702,3,3919,1,30
702,135,1,703,5,3924,1,50
703,135,1,704,3,3927,1,30
704,135,1,705,2,3929,1,20
705,135,1,706,7,3936,5,70
706,135,1,707,2,3938,1,20
707,135,1,708,8,3946,2,80
708,135,1,709,7,3953,1,70
709,135,1,710,4,3957,4,40
710,135,1,711,9,3966,1,90
711,135,1,712,7,3973,5,70
712,135,1,713,7,3980,4,70
713,135,1,714,2,3982,1,20
714,135,1,715,6,3988,1,60
715,135,1,716,8,3996,4,80
716,135,1,717,7,4003,1,70
717,135,1,718,4,4007,1,40
718,135,1,719,8,4015,1,80
719,135,1,720,5,4020,5,50
720,135,1,721,9,4029,1,90
721,135,1,722,4,4033,1,40
722,135,1,723,7,4040,4,70
723,135,1,724,7,4047,1,70
724,135,1,725,6,4053,1,60
725,135,1,726,6,4059,3,60
726,135,1,727,6,4065,2,60
727,135,1,728,2,4067,5,20
728,135,1,729,5,4072,1,50
729,135,1,730,9,4081,1,90
730,135,1,731,4,4085,1,40
731,135,1,732,4,4089,1,40
732,135,1,733,2,4091,6,20
733,135,1,734,6,4097,6,60
734,135,1,735,6,4103,1,60
735,135,1,736,9,4112,8,90
736,135,1,737,2,4114,1,20
737,135,1,738,6,4120,5,60
738,135,1,739,6,4126,9,60
739,135,1,740,5,4131,1,50
740,135,1,741,3,4134,7,30
741,135,1,742,9,4143,1,90
742,135,1,743,8,4151,1,80
743,135,1,744,4,4155,1,40
744,135,1,745,5,4160,4,50
745,135,1,746,4,4164,1,40
746,135,1,747,7,4171,1,70
747,135,1,748,4,4175,7,40
748,135,1,749,6,4181,8,60
749,135,1,750,9,4190,4,90
750,135,1,751,9,4199,1,90
751,135,1,752,5,4204,1,50
752,135,1,753,5,4209,3,50
753,135,1,754,8,4217,1,80
754,135,1,755,5,4222,1,50
755,135,1,756,5,4227,4,50
756,135,1,757,6,4233,4,60
757,135,1,758,4,4237,1,40
758,135,1,759,4,4241,1,40
759,135,1,760,3,4244,2,30
760,135,1,761,9,4253,1,90
761,135,1,762,5,4258,1,50
762,135,1,763,8,4266,1,80
763,135,1,764,6,4272,1,60
764,135,1,765,2,4274,3,20
765,135,1,766,7,4281,7,70
766,135,1,767,6,4287,1,60
767,135,1,768,7,4294,8,70
768,135,1,769,5,4299,1,50
769,135,1,770,4,4303,3,40
770,135,1,771,6,4309,6,60
771,135,1,772,6,4315,1,60
772,135,1,773,6,4321,1,60
773,135,1,774,4,4325,6,40
774,135,1,775,7,4332,1,70
775,135,1,776,4,4336,1,40
776,135,1,777,7,4343,9,70
777,135,1,778,5,4348,1,50
778,135,1,779,4,4352,4,40
779,135,1,780,9,4361,1,90
780,135,1,781,8,4369,1,80
781,135,1,782,6,4375,4,60
782,135,1,783,2,4377,1,20
783,135,1,784,4,4381,5,40
784,135,1,785,6,4387,1,60
785,135,1,786,8,4395,4,80
786,135,1,787,3,4398,4,30
787,135,1,788,9,4407,3,90
788,135,1,789,5,4412,4,50
789,135,1,790,6,4418,6,60
790,135,1,791,7,4425,4,70
791,135,1,792,2,4427,6,20
792,135,1,793,2,4429,2,20
793,135,1,794,2,4431,1,20
794,135,1,795,8,4439,4,80
795,135,1,796,7,4446,1,70
796,135,1,797,7,4453,1,70
797,135,1,798,7,4460,4,70
798,135,1,799,7,4467,3,70
799,135,1,800,3,4470,1,30
800,135,1,801,9,4479,1,90
801,135,1,802,3,4482,3,30
802,135,1,803,7,4489,1,70
803,135,1,804,6,4495,8,60
804,135,1,805,7,4502,1,70
805,135,1,806,4,4506,1,40
806,135,1,807,2,4508,5,20
807,135,1,808,3,4511,4,30
808,135,1,809,6,4517,8,60
809,135,1,810,3,4520,1,30
810,135,1,811,3,4523,3,30
811,135,1,812,2,4525,1,20
812,135,1,813,4,4529,1,40
813,135,1,814,5,4534,1,50
814,135,1,815,2,4536,3,20
815,135,1,816,8,4544,2,80
816,135,1,817,4,4548,1,40
817,135,1,818,6,4554,5,60
818,135,1,819,8,4562,0,80
819,135,1,820,3,4565,1,30
820,135,1,821,8,4573,4,80
821,135,1,822,4,4577,1,40
822,135,1,823,6,4583,4,60
823,135,1,824,6,4589,3,60
824,135,1,825,6,4595,5,60
825,135,1,826,4,4599,1,40
826,135,1,827,4,4603,3,40
827,135,1,828,7,4610,1,70
828,135,1,829,9,4619,1,90
829,135,1,830,8,4627,1,80
830,135,1,831,6,4633,6,60
831,135,1,832,9,4642,1,90
832,135,1,833,5,4647,4,50
833,135,1,834,7,4654,3,70
834,135,1,835,3,4657,1,30
835,135,1,836,9,4666,1,90
836,135,1,837,4,4670,1,40
837,135,1,838,2,4672,5,20
838,135,1,839,9,4681,1,90
839,135,1,840,7,4688,8,70
840,135,1,841,2,4690,3,20
841,135,1,842,6,4696,5,60
842,135,1,843,6,4702,1,60
843,135,1,844,2,4704,5,20
844,135,1,845,3,4707,4,30
845,135,1,846,4,4711,1,40
846,135,1,847,5,4716,8,50
847,135,1,848,7,4723,3,70
848,135,1,849,8,4731,4,80
849,135,1,850,5,4736,6,50
850,135,1,851,6,4742,4,60
851,135,1,852,6,4748,1,60
852,135,1,853,2,4750,5,20
853,135,1,854,9,4759,1,90
854,135,1,855,7,4766,6,70
855,135,1,856,8,4774,8,80
856,135,1,857,6,4780,3,60
857,135,1,858,5,4785,3,50
858,135,1,859,4,4789,1,40
859,135,1,860,4,4793,1,40
860,135,1,861,4,4797,1,40
861,135,1,862,4,4801,1,40
862,135,1,863,7,4808,4,70
863,135,1,864,6,4814,3,60
864,135,1,865,6,4820,1,60
865,135,1,866,3,4823,6,30
866,135,1,867,7,4830,6,70
867,135,1,868,4,4834,3,40
868,135,1,869,4,4838,5,40
869,135,1,870,9,4847,1,90
870,135,1,871,3,4850,1,30
871,135,1,872,6,4856,1,60
872,135,1,873,3,4859,1,30
873,135,1,874,3,4862,6,30
874,135,1,875,8,4870,1,80
875,135,1,876,7,4877,3,70
876,135,1,877,6,4883,1,60
877,135,1,878,5,4888,1,50
878,135,1,879,9,4897,7,90
879,135,1,880,7,4904,2,70
880,135,1,881,9,4913,1,90
881,135,1,882,7,4920,4,70
882,135,1,883,4,4924,1,40
883,135,1,884,5,4929,1,50
884,135,1,885,2,4931,5,20
885,135,1,886,7,4938,4,70
886,135,1,887,8,4946,4,80
887,135,1,888,7,4953,1,70
888,135,1,889,3,4956,1,30
889,135,1,890,2,4958,1,20
890,135,1,891,2,4960,1,20
891,135,1,892,6,4966,2,60
892,135,1,893,5,4971,1,50
893,135,1,894,2,4973,3,20
894,135,1,895,7,4980,1,70
895,135,1,896,6,4986,2,60
896,135,1,897,8,4994,1,80
897,135,2,1,3,3,0,30
898,135,2,2,3,6,0,30
899,135,2,3,6,12,0,60
900,135,2,4,5,17,2,50
901,135,2,5,3,20,1,30
902,135,2,6,6,26,1,60
903,135,2,7,9,35,1,90
904,135,2,8,2,37,1,20
905,135,2,9,4,41,1,40
906,135,2,10,3,44,1,30
907,135,2,11,4,48,1,40
908,135,2,12,5,53,1,50
909,135,2,13,8,61,2,80
910,135,2,14,7,68,1,70
911,135,2,15,6,74,1,60
912,135,2,16,8,82,5,80
913,135,2,17,6,88,4,60
914,135,2,18,5,93,1,50
915,135,2,19,6,99,1,60
916,135,2,20,3,102,1,30
917,135,2,21,8,110,2,80
918,135,2,22,2,112,4,20
919,135,2,23,9,121,1,90
920,135,2,24,6,127,5,60
921,135,2,25,9,136,5,90
922,135,2,26,4,140,1,40
923,135,2,27,6,146,6,60
924,135,2,28,5,151,2,50
925,135,2,29,6,157,1,60
926,135,2,30,8,165,4,80
927,135,2,31,4,169,3,40
928,135,2,32,2,171,4,20
929,135,2,33,4,175,4,40
930,135,2,34,9,184,1,90
931,135,2,35,9,193,6,90
932,135,2,36,8,201,1,80
933,135,2,37,4,205,1,40
934,135,2,38,9,214,1,90
935,135,2,39,3,217,1,30
936,135,2,40,2,219,3,20
937,135,2,41,6,225,1,60
938,135,2,42,5,230,6,50
939,135,2,43,3,233,5,30
940,135,2,44,4,237,3,40
941,135,2,45,6,243,1,60
942,135,2,46,4,247,1,40
943,135,2,47,5,252,3,50
944,135,2,48,8,260,3,80
945,135,2,49,8,268,1,80
946,135,2,50,3,271,4,30
947,135,2,51,6,277,2,60
948,135,2,52,3,280,1,30
949,135,2,53,4,284,5,40
950,135,2,54,2,286,3,20
951,135,2,55,3,289,3,30
952,135,2,56,7,296,1,70
953,135,2,57,2,298,1,20
954,135,2,58,3,301,3,30
955,135,2,59,5,306,0,50
956,135,2,60,8,314,1,80
957,135,2,61,5,319,1,50
958,135,2,62,8,327,5,80
959,135,2,63,6,333,1,60
960,135,2,64,7,340,1,70
961,135,2,65,8,348,3,80
962,135,2,66,6,354,1,60
963,135,2,67,5,359,5,50
964,135,2,68,3,362,1,30
965,135,2,69,8,370,0,80
966,135,2,70,4,374,3,40
967,135,2,71,4,378,9,40
968,135,2,72,2,380,4,20
969,135,2,73,7,387,5,70
970,135,2,74,6,393,1,60
971,135,2,75,5,398,5,50
972,135,2,76,4,402,6,40
973,135,2,77,9,411,1,90
974,135,2,78,7,418,1,70
975,135,2,79,3,421,5,30
976,135,2,80,4,425,3,40
977,135,2,81,4,429,3,40
978,135,2,82,5,434,3,50
979,135,2,83,4,438,2,40
980,135,2,84,9,447,3,90
981,135,2,85,6,453,3,60
982,135,2,86,8,461,2,80
983,135,2,87,2,463,1,20
984,135,2,88,3,466,1,30
985,135,2,89,7,473,6,70
986,135,2,90,8,481,3,80
987,135,2,91,8,489,1,80
988,135,2,92,9,498,1,90
989,135,2,93,6,504,1,60
990,135,2,94,5,509,1,50
991,135,2,95,4,513,1,40
992,135,2,96,7,520,3,70
993,135,2,97,8,528,1,80
994,135,2,98,5,533,5,50
995,135,2,99,2,535,6,20
996,135,2,100,2,537,1,20
997,135,2,101,3,540,1,30
998,135,2,102,9,549,1,90
999,135,2,103,6,555,1,60
1000,135,2,104,6,561,6,60
1001,135,2,105,9,570,1,90
1002,135,2,106,5,575,1,50
1003,135,2,107,8,583,3,80
1004,135,2,108,5,588,4,50
1005,135,2,109,3,591,3,30
1006,135,2,110,9,600,5,90
1007,135,2,111,2,602,5,20
1008,135,2,112,7,609,1,70
1009,135,2,113,2,611,1,20
1010,135,2,114,6,617,4,60
1011,135,2,115,5,622,1,50
1012,135,2,116,8,630,1,80
1013,135,2,117,6,636,7,60
1014,135,2,118,5,641,4,50
1015,135,2,119,5,646,5,50
1016,135,2,120,5,651,1,50
1017,135,2,121,4,655,3,40
1018,135,2,122,6,661,1,60
1019,135,2,123,9,670,1,90
1020,135,2,124,7,677,6,70
1021,135,2,125,7,684,4,70
1022,135,2,126,7,691,1,70
1023,135,2,127,8,699,1,80
1024,135,2,128,9,708,1,90
1025,135,2,129,5,713,1,50
1026,135,2,130,5,718,5,50
1027,135,2,131,4,722,7,40
1028,135,2,132,6,728,5,60
1029,135,2,133,9,737,1,90
1030,135,2,134,3,740,4,30
1031,135,2,135,7,747,1,70
1032,135,2,136,3,750,1,30
1033,135,2,137,9,759,4,90
1034,135,2,138,4,763,3,40
1035,135,2,139,6,769,1,60
1036,135,2,140,9,778,5,90
1037,135,2,141,7,785,3,70
1038,135,2,142,8,793,1,80
1039,135,2,143,9,802,1,90
1040,135,2,144,4,806,1,40
1041,135,2,145,3,809,1,30
1042,135,2,146,5,814,7,50
1043,135,2,147,9,823,3,90
1044,135,2,148,9,832,1,90
1045,135,2,149,5,837,1,50
1046,135,2,150,8,845,1,80
1047,135,2,151,9,854,9,90
1048,135,2,152,9,863,1,90
1049,135,2,153,7,870,1,70
1050,135,2,154,2,872,1,20
1051,135,2,155,7,879,3,70
1052,135,2,156,3,882,1,30
1053,135,2,157,3,885,1,30
1054,135,2,158,4,889,2,40
1055,135,2,159,9,898,1,90
1056,135,2,160,5,903,1,50
1057,135,2,161,3,906,1,30
1058,135,2,162,3,909,1,30
1059,135,2,163,5,914,2,50
1060,135,2,164,4,918,10,40
1061,135,2,165,4,922,5,40
1062,135,2,166,6,928,1,60
1063,135,2,167,8,936,1,80
1064,135,2,168,8,944,6,80
1065,135,2,169,7,951,1,70
1066,135,2,170,3,954,3,30
1067,135,2,171,4,958,7,40
1068,135,2,172,4,962,1,40
1069,135,2,173,8,970,3,80
1070,135,2,174,8,978,2,80
1071,135,2,175,5,983,5,50
1072,135,2,176,3,986,1,30
1073,135,2,177,8,994,3,80
1074,135,2,178,7,1001,8,70
1075,135,2,179,9,1010,4,90
1076,135,2,180,4,1014,1,40
1077,135,2,181,8,1022,1,80
1078,135,2,182,6,1028,4,60
1079,135,2,183,5,1033,1,50
1080,135,2,184,3,1036,2,30
1081,135,2,185,7,1043,3,70
1082,135,2,186,6,1049,1,60
1083,135,2,187,8,1057,1,80
1084,135,2,188,9,1066,3,90
1085,135,2,189,8,1074,1,80
1086,135,2,190,2,1076,1,20
1087,135,2,191,7,1083,2,70
1088,135,2,192,2,1085,7,20
1089,135,2,193,6,1091,2,60
1090,135,2,194,2,1093,1,20
1091,135,2,195,4,1097,8,40
1092,135,2,196,5,1102,2,50
1093,135,2,197,3,1105,1,30
1094,135,2,198,8,1113,1,80
1095,135,2,199,6,1119,1,60
1096,135,2,200,7,1126,4,70
1097,135,2,201,6,1132,1,60
1098,135,2,202,3,1135,1,30
1099,135,2,203,2,1137,1,20
1100,135,2,204,9,1146,4,90
1101,135,2,205,2,1148,6,20
1102,135,2,206,3,1151,1,30
1103,135,2,207,8,1159,3,80
1104,135,2,208,4,1163,5,40
1105,135,2,209,7,1170,3,70
1106,135,2,210,3,1173,1,30
1107,135,2,211,6,1179,4,60
1108,135,2,212,6,1185,1,60
1109,135,2,213,9,1194,1,90
1110,135,2,214,9,1203,3,90
1111,135,2,215,8,1211,1,80
1112,135,2,216,9,1220,3,90
1113,135,2,217,8,1228,2,80
1114,135,2,218,9,1237,6,90
1115,135,2,219,7,1244,1,70
1116,135,2,220,4,1248,5,40
1117,135,2,221,5,1253,1,50
1118,135,2,222,7,1260,7,70
1119,135,2,223,3,1263,4,30
1120,135,2,224,6,1269,3,60
1121,135,2,225,5,1274,1,50
1122,135,2,226,3,1277,4,30
1123,135,2,227,9,1286,1,90
1124,135,2,228,4,1290,1,40
1125,135,2,229,2,1292,4,20
1126,135,2,230,6,1298,1,60
1127,135,2,231,9,1307,6,90
1128,135,2,232,3,1310,1,30
1129,135,2,233,4,1314,5,40
1130,135,2,234,3,1317,3,30
1131,135,2,235,8,1325,1,80
1132,135,2,236,3,1328,4,30
1133,135,2,237,6,1334,4,60
1134,135,2,238,4,1338,3,40
1135,135,2,239,9,1347,1,90
1136,135,2,240,2,1349,1,20
1137,135,2,241,9,1358,1,90
1138,135,2,242,7,1365,3,70
1139,135,2,243,9,1374,3,90
1140,135,2,244,5,1379,1,50
1141,135,2,245,8,1387,1,80
1142,135,2,246,7,1394,1,70
1143,135,2,247,7,1401,1,70
1144,135,2,248,8,1409,8,80
1145,135,2,249,8,1417,1,80
1146,135,2,250,8,1425,5,80
1147,135,2,251,9,1434,10,90
1148,135,2,252,8,1442,1,80
1149,135,2,253,3,1445,1,30
1150,135,2,254,4,1449,2,40
1151,135,2,255,9,1458,7,90
1152,135,2,256,2,1460,6,20
1153,135,2,257,4,1464,1,40
1154,135,2,258,9,1473,1,90
1155,135,2,259,9,1482,8,90
1156,135,2,260,6,1488,5,60
1157,135,2,261,6,1494,9,60
1158,135,2,262,3,1497,5,30
1159,135,2,263,5,1502,1,50
1160,135,2,264,6,1508,1,60
1161,135,2,265,3,1511,1,30
1162,135,2,266,7,1518,1,70
1163,135,2,267,7,1525,3,70
1164,135,2,268,3,1528,2,30
1165,135,2,269,6,1534,6,60
1166,135,2,270,3,1537,5,30
1167,135,2,271,2,1539,1,20
1168,135,2,272,7,1546,1,70
1169,135,2,273,4,1550,1,40
1170,135,2,274,4,1554,1,40
1171,135,2,275,6,1560,1,60
1172,135,2,276,2,1562,3,20
1173,135,2,277,8,1570,1,80
1174,135,2,278,6,1576,7,60
1175,135,2,279,4,1580,1,40
1176,135,2,280,3,1583,2,30
1177,135,2,281,2,1585,4,20
1178,135,2,282,5,1590,1,50
1179,135,2,283,9,1599,2,90
1180,135,2,284,7,1606,3,70
1181,135,2,285,3,1609,1,30
1182,135,2,286,8,1617,1,80
1183,135,2,287,7,1624,2,70
1184,135,2,288,9,1633,1,90
1185,135,2,289,6,1639,5,60
1186,135,2,290,4,1643,5,40
1187,135,2,291,5,1648,5,50
1188,135,2,292,8,1656,1,80
1189,135,2,293,2,1658,1,20
1190,135,2,294,7,1665,4,70
1191,135,2,295,7,1672,1,70
1192,135,2,296,6,1678,3,60
1193,135,2,297,8,1686,2,80
1194,135,2,298,9,1695,1,90
1195,135,2,299,9,1704,6,90
1196,135,2,300,2,1706,5,20
1197,135,2,301,5,1711,4,50
1198,135,2,302,3,1714,1,30
1199,135,2,303,7,1721,3,70
1200,135,2,304,9,1730,2,90
1201,135,2,305,3,1733,3,30
1202,135,2,306,2,1735,1,20
1203,135,2,307,4,1739,0,40
1204,135,2,308,4,1743,3,40
1205,135,2,309,3,1746,1,30
1206,135,2,310,4,1750,1,40
1207,135,2,311,3,1753,7,30
1208,135,2,312,6,1759,1,60
1209,135,2,313,6,1765,5,60
1210,135,2,314,5,1770,6,50
1211,135,2,315,5,1775,1,50
1212,135,2,316,3,1778,1,30
1213,135,2,317,5,1783,3,50
1214,135,2,318,4,1787,1,40
1215,135,2,319,5,1792,6,50
1216,135,2,320,2,1794,1,20
1217,135,2,321,6,1800,6,60
1218,135,2,322,8,1808,1,80
1219,135,2,323,5,1813,1,50
1220,135,2,324,2,1815,1,20
1221,135,2,325,5,1820,5,50
1222,135,2,326,5,1825,1,50
1223,135,2,327,3,1828,1,30
1224,135,2,328,7,1835,2,70
1225,135,2,329,3,1838,1,30
1226,135,2,330,9,1847,5,90
1227,135,2,331,4,1851,1,40
1228,135,2,332,7,1858,3,70
1229,135,2,333,3,1861,1,30
1230,135,2,334,2,1863,6,20
1231,135,2,335,8,1871,1,80
1232,135,2,336,9,1880,1,90
1233,135,2,337,9,1889,1,90
1234,135,2,338,2,1891,1,20
1235,135,2,339,5,1896,1,50
1236,135,2,340,9,1905,2,90
1237,135,2,341,8,1913,1,80
1238,135,2,342,8,1921,1,80
1239,135,2,343,3,1924,1,30
1240,135,2,344,4,1928,1,40
1241,135,2,345,9,1937,1,90
1242,135,2,346,7,1944,1,70
1243,135,2,347,2,1946,1,20
1244,135,2,348,9,1955,8,90
1245,135,2,349,5,1960,6,50
1246,135,2,350,5,1965,7,50
1247,135,2,351,9,1974,8,90
1248,135,2,352,6,1980,7,60
1249,135,2,353,3,1983,3,30
1250,135,2,354,2,1985,2,20
1251,135,2,355,9,1994,1,90
1252,135,2,356,2,1996,1,20
1253,135,2,357,2,1998,11,20
1254,135,2,358,9,2007,10,90
1255,135,2,359,3,2010,1,30
1256,135,2,360,3,2013,8,30
1257,135,2,361,6,2019,1,60
1258,135,2,362,5,2024,5,50
1259,135,2,363,5,2029,1,50
1260,135,2,364,4,2033,2,40
1261,135,2,365,3,2036,3,30
1262,135,2,366,3,2039,2,30
1263,135,2,367,8,2047,6,80
1264,135,2,368,2,2049,0,20
1265,135,2,369,7,2056,1,70
1266,135,2,370,3,2059,7,30
1267,135,2,371,3,2062,3,30
1268,135,2,372,7,2069,6,70
1269,135,2,373,8,2077,3,80
1270,135,2,374,8,2085,2,80
1271,135,2,375,4,2089,1,40
1272,135,2,376,2,2091,9,20
1273,135,2,377,5,2096,1,50
1274,135,2,378,6,2102,3,60
1275,135,2,379,7,2109,2,70
1276,135,2,380,7,2116,1,70
1277,135,2,381,4,2120,1,40
1278,135,2,382,4,2124,1,40
1279,135,2,383,8,2132,4,80
1280,135,2,384,3,2135,1,30
1281,135,2,385,9,2144,1,90
1282,135,2,386,2,2146,6,20
1283,135,2,387,4,2150,1,40
1284,135,2,388,6,2156,1,60
1285,135,2,389,4,2160,6,40
1286,135,2,390,4,2164,4,40
1287,135,2,391,7,2171,1,70
1288,135,2,392,2,2173,1,20
1289,135,2,393,9,2182,2,90
1290,135,2,394,7,2189,1,70
1291,135,2,395,9,2198,4,90
1292,135,2,396,4,2202,5,40
1293,135,2,397,4,2206,1,40
1294,135,2,398,6,2212,1,60
1295,135,2,399,2,2214,1,20
1296,135,2,400,4,2218,1,40
1297,135,2,401,8,2226,3,80
1298,135,2,402,3,2229,1,30
1299,135,2,403,4,2233,4,40
1300,135,2,404,5,2238,1,50
1301,135,2,405,4,2242,1,40
1302,135,2,406,3,2245,4,30
1303,135,2,407,5,2250,4,50
1304,135,2,408,9,2259,1,90
1305,135,2,409,6,2265,1,60
1306,135,2,410,5,2270,1,50
1307,135,2,411,7,2277,5,70
1308,135,2,412,5,2282,1,50
1309,135,2,413,4,2286,4,40
1310,135,2,414,5,2291,1,50
1311,135,2,415,7,2298,1,70
1312,135,2,416,3,2301,4,30
1313,135,2,417,2,2303,6,20
1314,135,2,418,4,2307,1,40
1315,135,2,419,4,2311,3,40
1316,135,2,420,5,2316,1,50
1317,135,2,421,4,2320,5,40
1318,135,2,422,9,2329,1,90
1319,135,2,423,4,2333,6,40
1320,135,2,424,3,2336,4,30
1321,135,2,425,8,2344,3,80
1322,135,2,426,7,2351,1,70
1323,135,2,427,6,2357,4,60
1324,135,2,428,6,2363,1,60
1325,135,2,429,2,2365,1,20
1326,135,2,430,9,2374,4,90
1327,135,2,431,4,2378,1,40
1328,135,2,432,7,2385,1,70
1329,135,2,433,8,2393,1,80
1330,135,2,434,7,2400,2,70
1331,135,2,435,4,2404,1,40
1332,135,2,436,7,2411,3,70
1333,135,2,437,2,2413,9,20
1334,135,2,438,7,2420,1,70
1335,135,2,439,2,2422,3,20
1336,135,2,440,5,2427,3,50
1337,135,2,441,4,2431,1,40
1338,135,2,442,6,2437,3,60
1339,135,2,443,9,2446,6,90
1340,135,2,444,6,2452,9,60
1341,135,2,445,3,2455,1,30
1342,135,2,446,2,2457,3,20
1343,135,2,447,6,2463,5,60
1344,135,2,448,3,2466,2,30
1345,135,2,449,2,2468,1,20
1346,135,2,450,3,2471,3,30
1347,135,2,451,2,2473,1,20
1348,135,2,452,6,2479,1,60
1349,135,2,453,8,2487,4,80
1350,135,2,454,4,2491,1,40
1351,135,2,455,3,2494,2,30
1352,135,2,456,3,2497,2,30
1353,135,2,457,6,2503,0,60
1354,135,2,458,7,2510,3,70
1355,135,2,459,2,2512,1,20
1356,135,2,460,8,2520,3,80
1357,135,2,461,9,2529,3,90
1358,135,2,462,9,2538,0,90
1359,135,2,463,5,2543,1,50
1360,135,2,464,4,2547,1,40
1361,135,2,465,8,2555,2,80
1362,135,2,466,8,2563,1,80
1363,135,2,467,7,2570,1,70
1364,135,2,468,4,2574,1,40
1365,135,2,469,8,2582,1,80
1366,135,2,470,6,2588,1,60
1367,135,2,471,9,2597,5,90
1368,135,2,472,9,2606,1,90
1369,135,2,473,3,2609,8,30
1370,135,2,474,6,2615,3,60
1371,135,2,475,4,2619,1,40
1372,135,2,476,7,2626,0,70
1373,135,2,477,4,2630,1,40
1374,135,2,478,9,2639,7,90
1375,135,2,479,4,2643,2,40
1376,135,2,480,3,2646,1,30
1377,135,2,481,7,2653,1,70
1378,135,2,482,9,2662,6,90
1379,135,2,483,4,2666,5,40
1380,135,2,484,9,2675,2,90
1381,135,2,485,2,2677,5,20
1382,135,2,486,4,2681,2,40
1383,135,2,487,8,2689,1,80
1384,135,2,488,3,2692,4,30
1385,135,2,489,8,2700,6,80
1386,135,2,490,9,2709,2,90
1387,135,2,491,7,2716,1,70
1388,135,2,492,4,2720,6,40
1389,135,2,493,7,2727,1,70
1390,135,2,494,3,2730,5,30
1391,135,2,495,8,2738,1,80
1392,135,2,496,9,2747,1,90
1393,135,2,497,3,2750,4,30
1394,135,2,498,5,2755,6,50
1395,135,2,499,6,2761,1,60
1396,135,2,500,7,2768,1,70
1397,135,2,501,8,2776,1,80
1398,135,2,502,6,2782,6,60
1399,135,2,503,9,2791,4,90
1400,135,2,504,5,2796,4,50
1401,135,2,505,3,2799,6,30
1402,135,2,506,7,2806,1,70
1403,135,2,507,8,2814,1,80
1404,135,2,508,5,2819,7,50
1405,135,2,509,4,2823,3,40
1406,135,2,510,5,2828,5,50
1407,135,2,511,4,2832,1,40
1408,135,2,512,6,2838,4,60
1409,135,2,513,7,2845,5,70
1410,135,2,514,2,2847,4,20
1411,135,2,515,3,2850,3,30
1412,135,2,516,8,2858,7,80
1413,135,2,517,8,2866,5,80
1414,135,2,518,5,2871,6,50
1415,135,2,519,6,2877,3,60
1416,135,2,520,7,2884,4,70
1417,135,2,521,3,2887,6,30
1418,135,2,522,7,2894,3,70
1419,135,2,523,3,2897,1,30
1420,135,2,524,9,2906,2,90
1421,135,2,525,7,2913,3,70
1422,135,2,526,4,2917,2,40
1423,135,2,527,4,2921,1,40
1424,135,2,528,2,2923,2,20
1425,135,2,529,4,2927,1,40
1426,135,2,530,6,2933,1,60
1427,135,2,531,2,2935,1,20
1428,135,2,532,8,2943,3,80
1429,135,2,533,7,2950,0,70
1430,135,2,534,3,2953,1,30
1431,135,2,535,9,2962,1,90
1432,135,2,536,7,2969,4,70
1433,135,2,537,8,2977,1,80
1434,135,2,538,5,2982,4,50
1435,135,2,539,7,2989,1,70
1436,135,2,540,5,2994,1,50
1437,135,2,541,8,3002,1,80
1438,135,2,542,2,3004,1,20
1439,135,2,543,5,3009,5,50
1440,135,2,544,2,3011,1,20
1441,135,2,545,5,3016,1,50
1442,135,2,546,8,3024,5,80
1443,135,2,547,4,3028,1,40
1444,135,2,548,7,3035,1,70
1445,135,2,549,6,3041,6,60
1446,135,2,550,3,3044,4,30
1447,135,2,551,7,3051,4,70
1448,135,2,552,7,3058,7,70
1449,135,2,553,6,3064,6,60
1450,135,2,554,7,3071,1,70
1451,135,2,555,9,3080,1,90
1452,135,2,556,7,3087,1,70
1453,135,2,557,2,3089,1,20
1454,135,2,558,5,3094,1,50
1455,135,2,559,4,3098,9,40
1456,135,2,560,4,3102,2,40
1457,135,2,561,9,3111,6,90
1458,135,2,562,3,3114,6,30
1459,135,2,563,2,3116,3,20
1460,135,2,564,9,3125,1,90
1461,135,2,565,4,3129,12,40
1462,135,2,566,8,3137,2,80
1463,135,2,567,9,3146,1,90
1464,135,2,568,6,3152,4,60
1465,135,2,569,7,3159,1,70
1466,135,2,570,4,3163,1,40
1467,135,2,571,6,3169,6,60
1468,135,2,572,6,3175,2,60
1469,135,2,573,5,3180,3,50
1470,135,2,574,4,3184,1,40
1471,135,2,575,8,3192,6,80
1472,135,2,576,8,3200,8,80
1473,135,2,577,3,3203,2,30
1474,135,2,578,5,3208,7,50
1475,135,2,579,7,3215,7,70
1476,135,2,580,2,3217,1,20
1477,135,2,581,9,3226,1,90
1478,135,2,582,9,3235,4,90
1479,135,2,583,2,3237,1,20
1480,135,2,584,9,3246,1,90
1481,135,2,585,3,3249,1,30
1482,135,2,586,4,3253,6,40
1483,135,2,587,2,3255,1,20
1484,135,2,588,6,3261,6,60
1485,135,2,589,6,3267,1,60
1486,135,2,590,4,3271,1,40
1487,135,2,591,6,3277,4,60
1488,135,2,592,4,3281,1,40
1489,135,2,593,2,3283,1,20
1490,135,2,594,9,3292,3,90
1491,135,2,595,7,3299,1,70
1492,135,2,596,5,3304,3,50
1493,135,2,597,9,3313,6,90
1494,135,2,598,2,3315,1,20
1495,135,2,599,9,3324,1,90
1496,135,2,600,9,3333,1,90
1497,135,2,601,8,3341,1,80
1498,135,2,602,6,3347,1,60
1499,135,2,603,8,3355,1,80
1500,135,2,604,6,3361,1,60
1501,135,2,605,4,3365,2,40
1502,135,2,606,9,3374,3,90
1503,135,2,607,5,3379,1,50
1504,135,2,608,7,3386,4,70
1505,135,2,609,2,3388,1,20
1506,135,2,610,7,3395,5,70
1507,135,2,611,5,3400,2,50
1508,135,2,612,6,3406,1,60
1509,135,2,613,3,3409,4,30
1510,135,2,614,8,3417,1,80
1511,135,2,615,6,3423,3,60
1512,135,2,616,5,3428,1,50
1513,135,2,617,3,3431,4,30
1514,135,2,618,2,3433,1,20
1515,135,2,619,4,3437,5,40
1516,135,2,620,8,3445,1,80
1517,135,2,621,3,3448,2,30
1518,135,2,622,9,3457,3,90
1519,135,2,623,8,3465,5,80
1520,135,2,624,8,3473,1,80
1521,135,2,625,7,3480,3,70
1522,135,2,626,7,3487,3,70
1523,135,2,627,4,3491,1,40
1524,135,2,628,8,3499,1,80
1525,135,2,629,8,3507,5,80
1526,135,2,630,2,3509,9,20
1527,135,2,631,7,3516,4,70
1528,135,2,632,2,3518,10,20
1529,135,2,633,4,3522,1,40
1530,135,2,634,9,3531,2,90
1531,135,2,635,4,3535,5,40
1532,135,2,636,4,3539,1,40
1533,135,2,637,7,3546,1,70
1534,135,2,638,2,3548,2,20
1535,135,2,639,7,3555,1,70
1536,135,2,640,6,3561,3,60
1537,135,2,641,9,3570,4,90
1538,135,2,642,9,3579,3,90
1539,135,2,643,5,3584,2,50
1540,135,2,644,4,3588,1,40
1541,135,2,645,4,3592,3,40
1542,135,2,646,4,3596,1,40
1543,135,2,647,9,3605,1,90
1544,135,2,648,7,3612,3,70
1545,135,2,649,4,3616,5,40
1546,135,2,650,5,3621,4,50
1547,135,2,651,3,3624,1,30
1548,135,2,652,6,3630,1,60
1549,135,2,653,4,3634,1,40
1550,135,2,654,7,3641,3,70
1551,135,2,655,4,3645,1,40
1552,135,2,656,6,3651,4,60
1553,135,2,657,3,3654,1,30
1554,135,2,658,4,3658,1,40
1555,135,2,659,7,3665,1,70
1556,135,2,660,8,3673,5,80
1557,135,2,661,4,3677,5,40
1558,135,2,662,9,3686,1,90
1559,135,2,663,5,3691,1,50
1560,135,2,664,3,3694,1,30
1561,135,2,665,3,3697,4,30
1562,135,2,666,2,3699,1,20
1563,135,2,667,7,3706,8,70
1564,135,2,668,9,3715,1,90
1565,135,2,669,9,3724,1,90
1566,135,2,670,6,3730,1,60
1567,135,2,671,9,3739,1,90
1568,135,2,672,9,3748,6,90
1569,135,2,673,2,3750,1,20
1570,135,2,674,6,3756,7,60
1571,135,2,675,6,3762,4,60
1572,135,2,676,6,3768,2,60
1573,135,2,677,4,3772,8,40
1574,135,2,678,6,3778,5,60
1575,135,2,679,8,3786,1,80
1576,135,2,680,4,3790,2,40
1577,135,2,681,6,3796,1,60
1578,135,2,682,9,3805,1,90
1579,135,2,683,7,3812,1,70
1580,135,2,684,3,3815,1,30
1581,135,2,685,4,3819,1,40
1582,135,2,686,5,3824,1,50
1583,135,2,687,4,3828,4,40
1584,135,2,688,4,3832,1,40
1585,135,2,689,2,3834,1,20
1586,135,2,690,7,3841,1,70
1587,135,2,691,7,3848,1,70
1588,135,2,692,5,3853,1,50
1589,135,2,693,9,3862,7,90
1590,135,2,694,3,3865,6,30
1591,135,2,695,9,3874,1,90
1592,135,2,696,5,3879,5,50
1593,135,2,697,6,3885,8,60
1594,135,2,698,5,3890,1,50
1595,135,2,699,6,3896,5,60
1596,135,2,700,7,3903,1,70
1597,135,2,701,7,3910,1,70
1598,135,2,702,6,3916,2,60
1599,135,2,703,9,3925,1,90
1600,135,2,704,5,3930,5,50
1601,135,2,705,8,3938,5,80
1602,135,2,706,4,3942,6,40
1603,135,2,707,2,3944,1,20
1604,135,2,708,2,3946,1,20
1605,135,2,709,9,3955,2,90
1606,135,2,710,2,3957,3,20
1607,135,2,711,5,3962,1,50
1608,135,2,712,7,3969,5,70
1609,135,2,713,5,3974,1,50
1610,135,2,714,4,3978,1,40
1611,135,2,715,3,3981,4,30
1612,135,2,716,4,3985,1,40
1613,135,2,717,5,3990,5,50
1614,135,2,718,2,3992,8,20
1615,135,2,719,8,4000,2,80
1616,135,2,720,7,4007,1,70
1617,135,2,721,8,4015,1,80
1618,135,2,722,6,4021,2,60
1619,135,2,723,3,4024,5,30
1620,135,2,724,7,4031,2,70
1621,135,2,725,3,4034,1,30
1622,135,2,726,4,4038,3,40
1623,135,2,727,9,4047,3,90
1624,135,2,728,4,4051,3,40
1625,135,2,729,3,4054,5,30
1626,135,2,730,5,4059,3,50
1627,135,2,731,9,4068,1,90
1628,135,2,732,2,4070,7,20
1629,135,2,733,6,4076,4,60
1630,135,2,734,9,4085,3,90
1631,135,2,735,4,4089,1,40
1632,135,2,736,3,4092,2,30
1633,135,2,737,8,4100,1,80
1634,135,2,738,6,4106,1,60
1635,135,2,739,6,4112,2,60
1636,135,2,740,8,4120,1,80
1637,135,2,741,7,4127,1,70
1638,135,2,742,4,4131,4,40
1639,135,2,743,7,4138,1,70
1640,135,2,744,9,4147,10,90
1641,135,2,745,6,4153,1,60
1642,135,2,746,7,4160,7,70
1643,135,2,747,6,4166,1,60
1644,135,2,748,9,4175,2,90
1645,135,2,749,2,4177,5,20
1646,135,2,750,7,4184,6,70
1647,135,2,751,5,4189,8,50
1648,135,2,752,7,4196,3,70
1649,135,2,753,9,4205,1,90
1650,135,2,754,9,4214,1,90
1651,135,2,755,6,4220,1,60
1652,135,2,756,9,4229,2,90
1653,135,2,757,3,4232,2,30
1654,135,2,758,8,4240,5,80
1655,135,2,759,3,4243,3,30
1656,135,2,760,6,4249,1,60
1657,135,2,761,5,4254,7,50
1658,135,2,762,4,4258,4,40
1659,135,2,763,7,4265,6,70
1660,135,2,764,3,4268,1,30
1661,135,2,765,4,4272,1,40
1662,135,2,766,2,4274,1,20
1663,135,2,767,4,4278,2,40
1664,135,2,768,8,4286,4,80
1665,135,2,769,2,4288,3,20
1666,135,2,770,7,4295,6,70
1667,135,2,771,5,4300,1,50
1668,135,2,772,5,4305,4,50
1669,135,2,773,8,4313,4,80
1670,135,2,774,6,4319,9,60
1671,135,2,775,9,4328,2,90
1672,135,2,776,8,4336,6,80
1673,135,2,777,9,4345,1,90
1674,135,2,778,3,4348,6,30
1675,135,2,779,3,4351,1,30
1676,135,2,780,8,4359,1,80
1677,135,2,781,2,4361,3,20
1678,135,2,782,5,4366,3,50
1679,135,2,783,6,4372,1,60
1680,135,2,784,9,4381,2,90
1681,135,2,785,3,4384,1,30
1682,135,2,786,9,4393,3,90
1683,135,2,787,2,4395,1,20
1684,135,2,788,9,4404,1,90
1685,135,2,789,5,4409,1,50
1686,135,2,790,8,4417,6,80
1687,135,2,791,7,4424,1,70
1688,135,2,792,8,4432,1,80
1689,135,2,793,8,4440,1,80
1690,135,2,794,4,4444,2,40
1691,135,2,795,2,4446,3,20
1692,135,2,796,8,4454,3,80
1693,135,2,797,3,4457,7,30
1694,135,2,798,8,4465,1,80
1695,135,2,799,5,4470,1,50
1696,135,2,800,7,4477,3,70
1697,135,2,801,9,4486,2,90
1698,135,2,802,4,4490,4,40
1699,135,2,803,7,4497,1,70
1700,135,2,804,8,4505,4,80
1701,135,2,805,4,4509,2,40
1702,135,2,806,6,4515,1,60
1703,135,2,807,6,4521,1,60
1704,135,2,808,5,4526,4,50
1705,135,2,809,5,4531,1,50
1706,135,2,810,4,4535,3,40
1707,135,2,811,6,4541,2,60
1708,135,2,812,7,4548,1,70
1709,135,2,813,9,4557,5,90
1710,135,2,814,4,4561,1,40
1711,135,2,815,3,4564,1,30
1712,135,2,816,6,4570,1,60
1713,135,2,817,6,4576,7,60
1714,135,2,818,9,4585,4,90
1715,135,2,819,5,4590,6,50
1716,135,2,820,8,4598,1,80
1717,135,2,821,4,4602,3,40
1718,135,2,822,8,4610,7,80
1719,135,2,823,8,4618,1,80
1720,135,2,824,5,4623,1,50
1721,135,2,825,8,4631,6,80
1722,135,2,826,7,4638,2,70
1723,135,2,827,4,4642,1,40
1724,135,2,828,6,4648,5,60
1725,135,2,829,5,4653,4,50
1726,135,2,830,5,4658,3,50
1727,135,2,831,4,4662,3,40
1728,135,2,832,3,4665,1,30
1729,135,2,833,3,4668,1,30
1730,135,2,834,7,4675,4,70
1731,135,2,835,8,4683,6,80
1732,135,2,836,9,4692,1,90
1733,135,2,837,2,4694,3,20
1734,135,2,838,6,4700,2,60
1735,135,2,839,2,4702,1,20
1736,135,2,840,4,4706,1,40
1737,135,2,841,3,4709,1,30
1738,135,2,842,7,4716,1,70
1739,135,2,843,9,4725,7,90
1740,135,2,844,8,4733,2,80
1741,135,2,845,6,4739,1,60
1742,135,2,846,9,4748,1,90
1743,135,2,847,5,4753,6,50
1744,135,2,848,9,4762,1,90
1745,135,2,849,6,4768,13,60
1746,135,2,850,3,4771,1,30
1747,135,2,851,5,4776,5,50
1748,135,2,852,8,4784,4,80
1749,135,2,853,8,4792,1,80
1750,135,2,854,3,4795,3,30
1751,135,2,855,6,4801,4,60
1752,135,2,856,8,4809,1,80
1753,135,2,857,6,4815,1,60
1754,135,2,858,4,4819,5,40
1755,135,2,859,6,4825,1,60
1756,135,2,860,5,4830,8,50
1757,135,2,861,8,4838,3,80
1758,135,2,862,6,4844,3,60
1759,135,2,863,4,4848,8,40
1760,135,2,864,3,4851,1,30
1761,135,2,865,5,4856,5,50
1762,135,2,866,2,4858,4,20
1763,135,2,867,6,4864,6,60
1764,135,2,868,9,4873,1,90
1765,135,2,869,2,4875,1,20
1766,135,2,870,8,4883,1,80
1767,135,2,871,6,4889,3,60
1768,135,2,872,2,4891,5,20
1769,135,2,873,3,4894,4,30
1770,135,2,874,8,4902,6,80
1771,135,2,875,5,4907,3,50
1772,135,2,876,3,4910,1,30
1773,135,2,877,3,4913,3,30
1774,135,2,878,3,4916,4,30
1775,135,2,879,3,4919,6,30
1776,135,2,880,3,4922,1,30
1777,135,2,881,4,4926,1,40
1778,135,2,882,9,4935,5,90
1779,135,2,883,5,4940,4,50
1780,135,2,884,7,4947,6,70
1781,135,2,885,5,4952,1,50
1782,135,2,886,7,4959,1,70
1783,135,2,887,8,4967,1,80
1784,135,2,888,2,4969,3,20
1785,135,2,889,3,4972,2,30
1786,135,2,890,8,4980,4,80
1787,135,2,891,3,4983,4,30
1788,135,2,892,8,4991,4,80
1789,135,2,893,7,4998,4,70
1790,135,3,1,5,5,0,50
1791,135,3,2,8,13,1,80
1792,135,3,3,8,21,2,80
1793,135,3,4,3,24,2,30
1794,135,3,5,4,28,1,40
1795,135,3,6,3,31,1,30
1796,135,3,7,8,39,2,80
1797,135,3,8,7,46,3,70
1798,135,3,9,5,51,0,50
1799,135,3,10,8,59,4,80
1800,135,3,11,8,67,1,80
1801,135,3,12,5,72,1,50
1802,135,3,13,6,78,0,60
1803,135,3,14,6,84,1,60
1804,135,3,15,2,86,2,20
1805,135,3,16,5,91,2,50
1806,135,3,17,7,98,1,70
1807,135,3,18,3,101,2,30
1808,135,3,19,2,103,4,20
1809,135,3,20,2,105,1,20
1810,135,3,21,2,107,1,20
1811,135,3,22,9,116,1,90
1812,135,3,23,3,119,4,30
1813,135,3,24,7,126,1,70
1814,135,3,25,9,135,2,90
1815,135,3,26,8,143,4,80
1816,135,3,27,9,152,1,90
1817,135,3,28,2,154,2,20
1818,135,3,29,5,159,1,50
1819,135,3,30,7,166,1,70
1820,135,3,31,4,170,2,40
1821,135,3,32,5,175,1,50
1822,135,3,33,9,184,3,90
1823,135,3,34,5,189,1,50
1824,135,3,35,9,198,1,90
1825,135,3,36,5,203,1,50
1826,135,3,37,8,211,6,80
1827,135,3,38,3,214,1,30
1828,135,3,39,6,220,1,60
1829,135,3,40,5,225,2,50
1830,135,3,41,8,233,7,80
1831,135,3,42,8,241,8,80
1832,135,3,43,3,244,4,30
1833,135,3,44,8,252,2,80
1834,135,3,45,5,257,6,50
1835,135,3,46,6,263,2,60
1836,135,3,47,3,266,1,30
1837,135,3,48,9,275,5,90
1838,135,3,49,3,278,1,30
1839,135,3,50,2,280,6,20
1840,135,3,51,9,289,6,90
1841,135,3,52,5,294,0,50
1842,135,3,53,7,301,5,70
1843,135,3,54,8,309,1,80
1844,135,3,55,3,312,2,30
1845,135,3,56,5,317,7,50
1846,135,3,57,4,321,2,40
1847,135,3,58,3,324,4,30
1848,135,3,59,2,326,1,20
1849,135,3,60,3,329,1,30
1850,135,3,61,6,335,1,60
1851,135,3,62,2,337,5,20
1852,135,3,63,7,344,9,70
1853,135,3,64,5,349,1,50
1854,135,3,65,8,357,2,80
1855,135,3,66,5,362,1,50
1856,135,3,67,5,367,1,50
1857,135,3,68,6,373,4,60
1858,135,3,69,8,381,8,80
1859,135,3,70,2,383,2,20
1860,135,3,71,5,388,1,50
1861,135,3,72,6,394,1,60
1862,135,3,73,3,397,1,30
1863,135,3,74,4,401,1,40
1864,135,3,75,4,405,1,40
1865,135,3,76,8,413,4,80
1866,135,3,77,5,418,3,50
1867,135,3,78,6,424,2,60
1868,135,3,79,4,428,3,40
1869,135,3,80,6,434,5,60
1870,135,3,81,2,436,1,20
1871,135,3,82,7,443,2,70
1872,135,3,83,8,451,6,80
1873,135,3,84,2,453,8,20
1874,135,3,85,4,457,1,40
1875,135,3,86,2,459,2,20
1876,135,3,87,7,466,7,70
1877,135,3,88,7,473,7,70
1878,135,3,89,8,481,1,80
1879,135,3,90,5,486,1,50
1880,135,3,91,3,489,8,30
1881,135,3,92,6,495,1,60
1882,135,3,93,6,501,1,60
1883,135,3,94,2,503,1,20
1884,135,3,95,4,507,1,40
1885,135,3,96,2,509,1,20
1886,135,3,97,6,515,1,60
1887,135,3,98,8,523,7,80
1888,135,3,99,7,530,6,70
1889,135,3,100,2,532,1,20
1890,135,3,101,9,541,1,90
1891,135,3,102,5,546,1,50
1892,135,3,103,2,548,2,20
1893,135,3,104,2,550,4,20
1894,135,3,105,7,557,3,70
1895,135,3,106,6,563,1,60
1896,135,3,107,8,571,6,80
1897,135,3,108,7,578,5,70
1898,135,3,109,3,581,3,30
1899,135,3,110,3,584,1,30
1900,135,3,111,5,589,6,50
1901,135,3,112,4,593,1,40
1902,135,3,113,8,601,6,80
1903,135,3,114,2,603,3,20
1904,135,3,115,8,611,4,80
1905,135,3,116,8,619,1,80
1906,135,3,117,4,623,1,40
1907,135,3,118,5,628,2,50
1908,135,3,119,2,630,1,20
1909,135,3,120,3,633,1,30
1910,135,3,121,5,638,1,50
1911,135,3,122,2,640,5,20
1912,135,3,123,7,647,1,70
1913,135,3,124,3,650,1,30
1914,135,3,125,6,656,1,60
1915,135,3,126,3,659,3,30
1916,135,3,127,2,661,2,20
1917,135,3,128,4,665,1,40
1918,135,3,129,7,672,3,70
1919,135,3,130,3,675,4,30
1920,135,3,131,9,684,1,90
1921,135,3,132,8,692,1,80
1922,135,3,133,9,701,6,90
1923,135,3,134,8,709,6,80
1924,135,3,135,8,717,1,80
1925,135,3,136,7,724,2,70
1926,135,3,137,3,727,7,30
1927,135,3,138,8,735,1,80
1928,135,3,139,3,738,1,30
1929,135,3,140,2,740,3,20
1930,135,3,141,9,749,6,90
1931,135,3,142,5,754,6,50
1932,135,3,143,3,757,1,30
1933,135,3,144,8,765,1,80
1934,135,3,145,6,771,5,60
1935,135,3,146,8,779,1,80
1936,135,3,147,5,784,1,50
1937,135,3,148,8,792,1,80
1938,135,3,149,4,796,2,40
1939,135,3,150,9,805,3,90
1940,135,3,151,8,813,5,80
1941,135,3,152,6,819,2,60
1942,135,3,153,9,828,7,90
1943,135,3,154,4,832,1,40
1944,135,3,155,8,840,4,80
1945,135,3,156,2,842,4,20
1946,135,3,157,6,848,1,60
1947,135,3,158,2,850,6,20
1948,135,3,159,7,857,4,70
1949,135,3,160,8,865,4,80
1950,135,3,161,6,871,5,60
1951,135,3,162,7,878,3,70
1952,135,3,163,6,884,4,60
1953,135,3,164,4,888,4,40
1954,135,3,165,7,895,1,70
1955,135,3,166,8,903,2,80
1956,135,3,167,5,908,1,50
1957,135,3,168,6,914,5,60
1958,135,3,169,2,916,3,20
1959,135,3,170,7,923,1,70
1960,135,3,171,5,928,2,50
1961,135,3,172,2,930,4,20
1962,135,3,173,4,934,7,40
1963,135,3,174,8,942,6,80
1964,135,3,175,3,945,5,30
1965,135,3,176,8,953,1,80
1966,135,3,177,4,957,1,40
1967,135,3,178,3,960,1,30
1968,135,3,179,3,963,4,30
1969,135,3,180,6,969,3,60
1970,135,3,181,3,972,1,30
1971,135,3,182,7,979,6,70
1972,135,3,183,4,983,1,40
1973,135,3,184,5,988,2,50
1974,135,3,185,9,997,3,90
1975,135,3,186,8,1005,3,80
1976,135,3,187,2,1007,1,20
1977,135,3,188,8,1015,4,80
1978,135,3,189,4,1019,1,40
1979,135,3,190,8,1027,4,80
1980,135,3,191,6,1033,4,60
1981,135,3,192,5,1038,1,50
1982,135,3,193,7,1045,1,70
1983,135,3,194,3,1048,5,30
1984,135,3,195,8,1056,1,80
1985,135,3,196,5,1061,3,50
1986,135,3,197,6,1067,1,60
1987,135,3,198,6,1073,3,60
1988,135,3,199,8,1081,1,80
1989,135,3,200,9,1090,1,90
1990,135,3,201,5,1095,1,50
1991,135,3,202,9,1104,3,90
1992,135,3,203,8,1112,6,80
1993,135,3,204,7,1119,3,70
1994,135,3,205,5,1124,1,50
1995,135,3,206,6,1130,1,60
1996,135,3,207,4,1134,1,40
1997,135,3,208,8,1142,3,80
1998,135,3,209,3,1145,2,30
1999,135,3,210,6,1151,4,60
2000,135,3,211,8,1159,1,80
2001,135,3,212,7,1166,3,70
2002,135,3,213,2,1168,5,20
2003,135,3,214,8,1176,7,80
2004,135,3,215,5,1181,1,50
2005,135,3,216,2,1183,1,20
2006,135,3,217,2,1185,1,20
2007,135,3,218,2,1187,8,20
2008,135,3,219,7,1194,3,70
2009,135,3,220,9,1203,4,90
2010,135,3,221,7,1210,6,70
2011,135,3,222,9,1219,4,90
2012,135,3,223,6,1225,1,60
2013,135,3,224,4,1229,3,40
2014,135,3,225,8,1237,1,80
2015,135,3,226,2,1239,4,20
2016,135,3,227,9,1248,1,90
2017,135,3,228,2,1250,5,20
2018,135,3,229,8,1258,3,80
2019,135,3,230,3,1261,1,30
2020,135,3,231,9,1270,1,90
2021,135,3,232,2,1272,4,20
2022,135,3,233,7,1279,5,70
2023,135,3,234,8,1287,1,80
2024,135,3,235,7,1294,3,70
2025,135,3,236,4,1298,1,40
2026,135,3,237,7,1305,3,70
2027,135,3,238,3,1308,3,30
2028,135,3,239,3,1311,4,30
2029,135,3,240,9,1320,1,90
2030,135,3,241,3,1323,1,30
2031,135,3,242,7,1330,1,70
2032,135,3,243,8,1338,4,80
2033,135,3,244,4,1342,2,40
2034,135,3,245,8,1350,1,80
2035,135,3,246,4,1354,6,40
2036,135,3,247,9,1363,7,90
2037,135,3,248,6,1369,1,60
2038,135,3,249,6,1375,1,60
2039,135,3,250,5,1380,6,50
2040,135,3,251,3,1383,5,30
2041,135,3,252,4,1387,9,40
2042,135,3,253,2,1389,1,20
2043,135,3,254,9,1398,0,90
2044,135,3,255,7,1405,6,70
2045,135,3,256,4,1409,6,40
2046,135,3,257,6,1415,1,60
2047,135,3,258,7,1422,4,70
2048,135,3,259,7,1429,1,70
2049,135,3,260,4,1433,2,40
2050,135,3,261,4,1437,1,40
2051,135,3,262,7,1444,2,70
2052,135,3,263,6,1450,1,60
2053,135,3,264,4,1454,1,40
2054,135,3,265,9,1463,6,90
2055,135,3,266,5,1468,1,50
2056,135,3,267,3,1471,1,30
2057,135,3,268,7,1478,1,70
2058,135,3,269,9,1487,4,90
2059,135,3,270,5,1492,4,50
2060,135,3,271,4,1496,6,40
2061,135,3,272,4,1500,1,40
2062,135,3,273,5,1505,5,50
2063,135,3,274,5,1510,1,50
2064,135,3,275,5,1515,1,50
2065,135,3,276,4,1519,1,40
2066,135,3,277,3,1522,4,30
2067,135,3,278,8,1530,3,80
2068,135,3,279,2,1532,3,20
2069,135,3,280,3,1535,2,30
2070,135,3,281,2,1537,3,20
2071,135,3,282,8,1545,0,80
2072,135,3,283,2,1547,1,20
2073,135,3,284,5,1552,1,50
2074,135,3,285,2,1554,3,20
2075,135,3,286,6,1560,0,60
2076,135,3,287,3,1563,1,30
2077,135,3,288,4,1567,2,40
2078,135,3,289,7,1574,6,70
2079,135,3,290,9,1583,3,90
2080,135,3,291,6,1589,1,60
2081,135,3,292,9,1598,4,90
2082,135,3,293,7,1605,5,70
2083,135,3,294,7,1612,4,70
2084,135,3,295,3,1615,1,30
2085,135,3,296,2,1617,6,20
2086,135,3,297,5,1622,1,50
2087,135,3,298,9,1631,2,90
2088,135,3,299,2,1633,1,20
2089,135,3,300,7,1640,1,70
2090,135,3,301,3,1643,4,30
2091,135,3,302,9,1652,1,90
2092,135,3,303,3,1655,3,30
2093,135,3,304,3,1658,1,30
2094,135,3,305,7,1665,1,70
2095,135,3,306,9,1674,3,90
2096,135,3,307,6,1680,4,60
2097,135,3,308,5,1685,1,50
2098,135,3,309,5,1690,3,50
2099,135,3,310,5,1695,2,50
2100,135,3,311,9,1704,1,90
2101,135,3,312,4,1708,10,40
2102,135,3,313,5,1713,5,50
2103,135,3,314,4,1717,4,40
2104,135,3,315,3,1720,1,30
2105,135,3,316,6,1726,1,60
2106,135,3,317,5,1731,1,50
2107,135,3,318,2,1733,1,20
2108,135,3,319,2,1735,2,20
2109,135,3,320,5,1740,7,50
2110,135,3,321,5,1745,4,50
2111,135,3,322,9,1754,3,90
2112,135,3,323,9,1763,1,90
2113,135,3,324,5,1768,1,50
2114,135,3,325,2,1770,2,20
2115,135,3,326,6,1776,1,60
2116,135,3,327,5,1781,1,50
2117,135,3,328,7,1788,3,70
2118,135,3,329,9,1797,5,90
2119,135,3,330,6,1803,1,60
2120,135,3,331,7,1810,1,70
2121,135,3,332,2,1812,5,20
2122,135,3,333,2,1814,1,20
2123,135,3,334,5,1819,5,50
2124,135,3,335,3,1822,3,30
2125,135,3,336,6,1828,1,60
2126,135,3,337,5,1833,1,50
2127,135,3,338,2,1835,6,20
2128,135,3,339,5,1840,1,50
2129,135,3,340,6,1846,1,60
2130,135,3,341,5,1851,1,50
2131,135,3,342,4,1855,1,40
2132,135,3,343,6,1861,1,60
2133,135,3,344,7,1868,5,70
2134,135,3,345,9,1877,10,90
2135,135,3,346,8,1885,2,80
2136,135,3,347,5,1890,1,50
2137,135,3,348,9,1899,1,90
2138,135,3,349,3,1902,3,30
2139,135,3,350,8,1910,1,80
2140,135,3,351,5,1915,12,50
2141,135,3,352,8,1923,4,80
2142,135,3,353,5,1928,1,50
2143,135,3,354,9,1937,1,90
2144,135,3,355,9,1946,2,90
2145,135,3,356,5,1951,3,50
2146,135,3,357,4,1955,4,40
2147,135,3,358,2,1957,7,20
2148,135,3,359,7,1964,1,70
2149,135,3,360,2,1966,2,20
2150,135,3,361,5,1971,4,50
2151,135,3,362,3,1974,3,30
2152,135,3,363,5,1979,1,50
2153,135,3,364,3,1982,1,30
2154,135,3,365,2,1984,1,20
2155,135,3,366,9,1993,4,90
2156,135,3,367,4,1997,2,40
2157,135,3,368,4,2001,3,40
2158,135,3,369,6,2007,4,60
2159,135,3,370,3,2010,3,30
2160,135,3,371,7,2017,1,70
2161,135,3,372,2,2019,1,20
2162,135,3,373,5,2024,1,50
2163,135,3,374,3,2027,2,30
2164,135,3,375,9,2036,0,90
2165,135,3,376,5,2041,1,50
2166,135,3,377,5,2046,4,50
2167,135,3,378,5,2051,1,50
2168,135,3,379,4,2055,5,40
2169,135,3,380,5,2060,3,50
2170,135,3,381,5,2065,3,50
2171,135,3,382,5,2070,0,50
2172,135,3,383,7,2077,1,70
2173,135,3,384,9,2086,1,90
2174,135,3,385,7,2093,4,70
2175,135,3,386,8,2101,1,80
2176,135,3,387,3,2104,4,30
2177,135,3,388,6,2110,7,60
2178,135,3,389,8,2118,3,80
2179,135,3,390,6,2124,3,60
2180,135,3,391,3,2127,1,30
2181,135,3,392,3,2130,1,30
2182,135,3,393,2,2132,1,20
2183,135,3,394,6,2138,4,60
2184,135,3,395,7,2145,1,70
2185,135,3,396,7,2152,3,70
2186,135,3,397,9,2161,4,90
2187,135,3,398,6,2167,4,60
2188,135,3,399,6,2173,1,60
2189,135,3,400,7,2180,1,70
2190,135,3,401,9,2189,8,90
2191,135,3,402,2,2191,3,20
2192,135,3,403,7,2198,2,70
2193,135,3,404,4,2202,6,40
2194,135,3,405,2,2204,1,20
2195,135,3,406,9,2213,5,90
2196,135,3,407,4,2217,0,40
2197,135,3,408,8,2225,7,80
2198,135,3,409,2,2227,1,20
2199,135,3,410,2,2229,1,20
2200,135,3,411,3,2232,1,30
2201,135,3,412,5,2237,1,50
2202,135,3,413,7,2244,1,70
2203,135,3,414,4,2248,11,40
2204,135,3,415,2,2250,1,20
2205,135,3,416,8,2258,6,80
2206,135,3,417,6,2264,8,60
2207,135,3,418,3,2267,1,30
2208,135,3,419,2,2269,1,20
2209,135,3,420,7,2276,1,70
2210,135,3,421,5,2281,3,50
2211,135,3,422,2,2283,1,20
2212,135,3,423,6,2289,4,60
2213,135,3,424,8,2297,5,80
2214,135,3,425,6,2303,3,60
2215,135,3,426,9,2312,2,90
2216,135,3,427,3,2315,1,30
2217,135,3,428,3,2318,1,30
2218,135,3,429,2,2320,1,20
2219,135,3,430,3,2323,4,30
2220,135,3,431,7,2330,1,70
2221,135,3,432,3,2333,1,30
2222,135,3,433,7,2340,1,70
2223,135,3,434,3,2343,1,30
2224,135,3,435,8,2351,4,80
2225,135,3,436,3,2354,1,30
2226,135,3,437,4,2358,5,40
2227,135,3,438,4,2362,9,40
2228,135,3,439,6,2368,1,60
2229,135,3,440,9,2377,3,90
2230,135,3,441,3,2380,2,30
2231,135,3,442,3,2383,1,30
2232,135,3,443,5,2388,1,50
2233,135,3,444,3,2391,3,30
2234,135,3,445,3,2394,3,30
2235,135,3,446,3,2397,2,30
2236,135,3,447,4,2401,1,40
2237,135,3,448,5,2406,7,50
2238,135,3,449,5,2411,1,50
2239,135,3,450,3,2414,6,30
2240,135,3,451,4,2418,5,40
2241,135,3,452,4,2422,4,40
2242,135,3,453,4,2426,2,40
2243,135,3,454,8,2434,1,80
2244,135,3,455,3,2437,1,30
2245,135,3,456,5,2442,1,50
2246,135,3,457,5,2447,1,50
2247,135,3,458,4,2451,8,40
2248,135,3,459,2,2453,2,20
2249,135,3,460,3,2456,1,30
2250,135,3,461,9,2465,1,90
2251,135,3,462,6,2471,1,60
2252,135,3,463,9,2480,1,90
2253,135,3,464,2,2482,3,20
2254,135,3,465,2,2484,3,20
2255,135,3,466,4,2488,1,40
2256,135,3,467,9,2497,5,90
2257,135,3,468,7,2504,4,70
2258,135,3,469,8,2512,3,80
2259,135,3,470,5,2517,1,50
2260,135,3,471,4,2521,1,40
2261,135,3,472,8,2529,4,80
2262,135,3,473,3,2532,1,30
2263,135,3,474,3,2535,6,30
2264,135,3,475,7,2542,1,70
2265,135,3,476,7,2549,1,70
2266,135,3,477,6,2555,1,60
2267,135,3,478,9,2564,1,90
2268,135,3,479,7,2571,4,70
2269,135,3,480,7,2578,1,70
2270,135,3,481,6,2584,8,60
2271,135,3,482,3,2587,8,30
2272,135,3,483,5,2592,1,50
2273,135,3,484,4,2596,1,40
2274,135,3,485,8,2604,2,80
2275,135,3,486,8,2612,4,80
2276,135,3,487,4,2616,1,40
2277,135,3,488,7,2623,5,70
2278,135,3,489,2,2625,4,20
2279,135,3,490,6,2631,1,60
2280,135,3,491,2,2633,5,20
2281,135,3,492,2,2635,1,20
2282,135,3,493,4,2639,7,40
2283,135,3,494,4,2643,1,40
2284,135,3,495,4,2647,1,40
2285,135,3,496,3,2650,1,30
2286,135,3,497,3,2653,1,30
2287,135,3,498,6,2659,2,60
2288,135,3,499,8,2667,9,80
2289,135,3,500,7,2674,5,70
2290,135,3,501,2,2676,4,20
2291,135,3,502,3,2679,3,30
2292,135,3,503,5,2684,2,50
2293,135,3,504,6,2690,1,60
2294,135,3,505,5,2695,1,50
2295,135,3,506,2,2697,8,20
2296,135,3,507,6,2703,6,60
2297,135,3,508,4,2707,5,40
2298,135,3,509,4,2711,4,40
2299,135,3,510,7,2718,4,70
2300,135,3,511,8,2726,3,80
2301,135,3,512,6,2732,7,60
2302,135,3,513,7,2739,1,70
2303,135,3,514,5,2744,1,50
2304,135,3,515,2,2746,1,20
2305,135,3,516,4,2750,1,40
2306,135,3,517,7,2757,1,70
2307,135,3,518,5,2762,2,50
2308,135,3,519,7,2769,2,70
2309,135,3,520,4,2773,2,40
2310,135,3,521,8,2781,1,80
2311,135,3,522,6,2787,4,60
2312,135,3,523,3,2790,1,30
2313,135,3,524,2,2792,1,20
2314,135,3,525,5,2797,1,50
2315,135,3,526,9,2806,4,90
2316,135,3,527,3,2809,1,30
2317,135,3,528,2,2811,1,20
2318,135,3,529,2,2813,2,20
2319,135,3,530,3,2816,3,30
2320,135,3,531,5,2821,6,50
2321,135,3,532,7,2828,1,70
2322,135,3,533,5,2833,1,50
2323,135,3,534,9,2842,9,90
2324,135,3,535,5,2847,4,50
2325,135,3,536,2,2849,4,20
2326,135,3,537,6,2855,5,60
2327,135,3,538,5,2860,1,50
2328,135,3,539,6,2866,1,60
2329,135,3,540,5,2871,5,50
2330,135,3,541,2,2873,2,20
2331,135,3,542,6,2879,0,60
2332,135,3,543,7,2886,1,70
2333,135,3,544,8,2894,1,80
2334,135,3,545,8,2902,6,80
2335,135,3,546,2,2904,3,20
2336,135,3,547,6,2910,1,60
2337,135,3,548,4,2914,1,40
2338,135,3,549,7,2921,4,70
2339,135,3,550,8,2929,4,80
2340,135,3,551,6,2935,1,60
2341,135,3,552,5,2940,2,50
2342,135,3,553,5,2945,7,50
2343,135,3,554,3,2948,6,30
2344,135,3,555,7,2955,5,70
2345,135,3,556,6,2961,2,60
2346,135,3,557,2,2963,3,20
2347,135,3,558,4,2967,5,40
2348,135,3,559,4,2971,3,40
2349,135,3,560,7,2978,4,70
2350,135,3,561,3,2981,1,30
2351,135,3,562,4,2985,1,40
2352,135,3,563,3,2988,4,30
2353,135,3,564,4,2992,1,40
2354,135,3,565,5,2997,1,50
2355,135,3,566,6,3003,6,60
2356,135,3,567,5,3008,5,50
2357,135,3,568,8,3016,3,80
2358,135,3,569,2,3018,1,20
2359,135,3,570,5,3023,1,50
2360,135,3,571,6,3029,1,60
2361,135,3,572,2,3031,6,20
2362,135,3,573,2,3033,1,20
2363,135,3,574,5,3038,1,50
2364,135,3,575,3,3041,6,30
2365,135,3,576,5,3046,5,50
2366,135,3,577,5,3051,6,50
2367,135,3,578,6,3057,2,60
2368,135,3,579,7,3064,3,70
2369,135,3,580,6,3070,3,60
2370,135,3,581,5,3075,1,50
2371,135,3,582,7,3082,0,70
2372,135,3,583,6,3088,1,60
2373,135,3,584,3,3091,5,30
2374,135,3,585,4,3095,3,40
2375,135,3,586,2,3097,4,20
2376,135,3,587,3,3100,1,30
2377,135,3,588,6,3106,1,60
2378,135,3,589,4,3110,2,40
2379,135,3,590,6,3116,5,60
2380,135,3,591,5,3121,1,50
2381,135,3,592,7,3128,3,70
2382,135,3,593,8,3136,2,80
2383,135,3,594,4,3140,1,40
2384,135,3,595,2,3142,0,20
2385,135,3,596,5,3147,1,50
2386,135,3,597,9,3156,0,90
2387,135,3,598,9,3165,4,90
2388,135,3,599,7,3172,1,70
2389,135,3,600,9,3181,1,90
2390,135,3,601,9,3190,7,90
2391,135,3,602,3,3193,1,30
2392,135,3,603,3,3196,4,30
2393,135,3,604,9,3205,1,90
2394,135,3,605,5,3210,1,50
2395,135,3,606,7,3217,3,70
2396,135,3,607,4,3221,1,40
2397,135,3,608,4,3225,3,40
2398,135,3,609,2,3227,6,20
2399,135,3,610,4,3231,5,40
2400,135,3,611,7,3238,1,70
2401,135,3,612,6,3244,1,60
2402,135,3,613,6,3250,3,60
2403,135,3,614,8,3258,2,80
2404,135,3,615,3,3261,5,30
2405,135,3,616,3,3264,2,30
2406,135,3,617,8,3272,7,80
2407,135,3,618,8,3280,1,80
2408,135,3,619,3,3283,1,30
2409,135,3,620,3,3286,1,30
2410,135,3,621,4,3290,1,40
2411,135,3,622,6,3296,1,60
2412,135,3,623,7,3303,3,70
2413,135,3,624,4,3307,1,40
2414,135,3,625,4,3311,1,40
2415,135,3,626,4,3315,1,40
2416,135,3,627,4,3319,1,40
2417,135,3,628,7,3326,5,70
2418,135,3,629,6,3332,3,60
2419,135,3,630,5,3337,6,50
2420,135,3,631,3,3340,5,30
2421,135,3,632,3,3343,9,30
2422,135,3,633,8,3351,5,80
2423,135,3,634,9,3360,3,90
2424,135,3,635,5,3365,1,50
2425,135,3,636,8,3373,5,80
2426,135,3,637,9,3382,3,90
2427,135,3,638,6,3388,7,60
2428,135,3,639,4,3392,3,40
2429,135,3,640,9,3401,5,90
2430,135,3,641,4,3405,4,40
2431,135,3,642,3,3408,1,30
2432,135,3,643,9,3417,1,90
2433,135,3,644,8,3425,4,80
2434,135,3,645,3,3428,3,30
2435,135,3,646,5,3433,1,50
2436,135,3,647,3,3436,1,30
2437,135,3,648,6,3442,1,60
2438,135,3,649,2,3444,2,20
2439,135,3,650,2,3446,1,20
2440,135,3,651,2,3448,1,20
2441,135,3,652,2,3450,1,20
2442,135,3,653,5,3455,8,50
2443,135,3,654,7,3462,1,70
2444,135,3,655,5,3467,4,50
2445,135,3,656,2,3469,1,20
2446,135,3,657,5,3474,7,50
2447,135,3,658,2,3476,2,20
2448,135,3,659,8,3484,1,80
2449,135,3,660,2,3486,1,20
2450,135,3,661,4,3490,2,40
2451,135,3,662,9,3499,1,90
2452,135,3,663,2,3501,4,20
2453,135,3,664,5,3506,1,50
2454,135,3,665,5,3511,1,50
2455,135,3,666,9,3520,1,90
2456,135,3,667,8,3528,5,80
2457,135,3,668,8,3536,3,80
2458,135,3,669,2,3538,4,20
2459,135,3,670,8,3546,4,80
2460,135,3,671,7,3553,3,70
2461,135,3,672,8,3561,6,80
2462,135,3,673,5,3566,6,50
2463,135,3,674,4,3570,6,40
2464,135,3,675,5,3575,1,50
2465,135,3,676,2,3577,1,20
2466,135,3,677,9,3586,3,90
2467,135,3,678,6,3592,2,60
2468,135,3,679,5,3597,1,50
2469,135,3,680,6,3603,1,60
2470,135,3,681,8,3611,4,80
2471,135,3,682,3,3614,4,30
2472,135,3,683,8,3622,2,80
2473,135,3,684,2,3624,2,20
2474,135,3,685,8,3632,1,80
2475,135,3,686,5,3637,4,50
2476,135,3,687,8,3645,2,80
2477,135,3,688,7,3652,2,70
2478,135,3,689,4,3656,3,40
2479,135,3,690,4,3660,1,40
2480,135,3,691,7,3667,1,70
2481,135,3,692,2,3669,1,20
2482,135,3,693,5,3674,1,50
2483,135,3,694,4,3678,1,40
2484,135,3,695,2,3680,1,20
2485,135,3,696,5,3685,1,50
2486,135,3,697,6,3691,3,60
2487,135,3,698,4,3695,1,40
2488,135,3,699,8,3703,4,80
2489,135,3,700,7,3710,2,70
2490,135,3,701,7,3717,2,70
2491,135,3,702,8,3725,1,80
2492,135,3,703,7,3732,4,70
2493,135,3,704,8,3740,1,80
2494,135,3,705,4,3744,5,40
2495,135,3,706,7,3751,1,70
2496,135,3,707,4,3755,1,40
2497,135,3,708,7,3762,1,70
2498,135,3,709,8,3770,7,80
2499,135,3,710,4,3774,4,40
2500,135,3,711,9,3783,1,90
2501,135,3,712,2,3785,1,20
2502,135,3,713,5,3790,2,50
2503,135,3,714,2,3792,1,20
2504,135,3,715,4,3796,3,40
2505,135,3,716,8,3804,1,80
2506,135,3,717,4,3808,5,40
2507,135,3,718,4,3812,1,40
2508,135,3,719,2,3814,4,20
2509,135,3,720,4,3818,1,40
2510,135,3,721,4,3822,2,40
2511,135,3,722,5,3827,2,50
2512,135,3,723,9,3836,1,90
2513,135,3,724,7,3843,2,70
2514,135,3,725,5,3848,4,50
2515,135,3,726,3,3851,3,30
2516,135,3,727,6,3857,3,60
2517,135,3,728,2,3859,4,20
2518,135,3,729,8,3867,4,80
2519,135,3,730,9,3876,0,90
2520,135,3,731,6,3882,2,60
2521,135,3,732,8,3890,3,80
2522,135,3,733,8,3898,7,80
2523,135,3,734,5,3903,1,50
2524,135,3,735,8,3911,4,80
2525,135,3,736,6,3917,1,60
2526,135,3,737,3,3920,1,30
2527,135,3,738,6,3926,2,60
2528,135,3,739,2,3928,1,20
2529,135,3,740,7,3935,2,70
2530,135,3,741,4,3939,3,40
2531,135,3,742,7,3946,6,70
2532,135,3,743,5,3951,1,50
2533,135,3,744,3,3954,3,30
2534,135,3,745,4,3958,2,40
2535,135,3,746,3,3961,3,30
2536,135,3,747,2,3963,1,20
2537,135,3,748,3,3966,1,30
2538,135,3,749,2,3968,3,20
2539,135,3,750,5,3973,1,50
2540,135,3,751,7,3980,1,70
2541,135,3,752,6,3986,1,60
2542,135,3,753,9,3995,3,90
2543,135,3,754,5,4000,3,50
2544,135,3,755,6,4006,2,60
2545,135,3,756,9,4015,2,90
2546,135,3,757,5,4020,1,50
2547,135,3,758,2,4022,4,20
2548,135,3,759,5,4027,1,50
2549,135,3,760,4,4031,2,40
2550,135,3,761,9,4040,1,90
2551,135,3,762,5,4045,1,50
2552,135,3,763,6,4051,3,60
2553,135,3,764,5,4056,1,50
2554,135,3,765,3,4059,4,30
2555,135,3,766,2,4061,3,20
2556,135,3,767,3,4064,1,30
2557,135,3,768,4,4068,3,40
2558,135,3,769,3,4071,1,30
2559,135,3,770,6,4077,4,60
2560,135,3,771,8,4085,3,80
2561,135,3,772,9,4094,1,90
2562,135,3,773,9,4103,4,90
2563,135,3,774,9,4112,4,90
2564,135,3,775,2,4114,5,20
2565,135,3,776,9,4123,4,90
2566,135,3,777,8,4131,5,80
2567,135,3,778,3,4134,1,30
2568,135,3,779,9,4143,7,90
2569,135,3,780,3,4146,1,30
2570,135,3,781,2,4148,3,20
2571,135,3,782,7,4155,7,70
2572,135,3,783,9,4164,3,90
2573,135,3,784,3,4167,1,30
2574,135,3,785,6,4173,2,60
2575,135,3,786,7,4180,4,70
2576,135,3,787,9,4189,4,90
2577,135,3,788,2,4191,4,20
2578,135,3,789,3,4194,1,30
2579,135,3,790,9,4203,1,90
2580,135,3,791,8,4211,3,80
2581,135,3,792,4,4215,4,40
2582,135,3,793,3,4218,1,30
2583,135,3,794,4,4222,1,40
2584,135,3,795,3,4225,4,30
2585,135,3,796,7,4232,1,70
2586,135,3,797,3,4235,1,30
2587,135,3,798,7,4242,1,70
2588,135,3,799,3,4245,1,30
2589,135,3,800,7,4252,1,70
2590,135,3,801,9,4261,6,90
2591,135,3,802,5,4266,6,50
2592,135,3,803,2,4268,1,20
2593,135,3,804,3,4271,6,30
2594,135,3,805,6,4277,1,60
2595,135,3,806,2,4279,1,20
2596,135,3,807,5,4284,1,50
2597,135,3,808,6,4290,6,60
2598,135,3,809,9,4299,3,90
2599,135,3,810,4,4303,1,40
2600,135,3,811,5,4308,3,50
2601,135,3,812,4,4312,2,40
2602,135,3,813,9,4321,1,90
2603,135,3,814,2,4323,8,20
2604,135,3,815,4,4327,1,40
2605,135,3,816,3,4330,1,30
2606,135,3,817,2,4332,1,20
2607,135,3,818,6,4338,2,60
2608,135,3,819,6,4344,6,60
2609,135,3,820,2,4346,1,20
2610,135,3,821,9,4355,4,90
2611,135,3,822,9,4364,5,90
2612,135,3,823,5,4369,2,50
2613,135,3,824,2,4371,4,20
2614,135,3,825,7,4378,1,70
2615,135,3,826,4,4382,4,40
2616,135,3,827,4,4386,1,40
2617,135,3,828,8,4394,6,80
2618,135,3,829,8,4402,1,80
2619,135,3,830,5,4407,1,50
2620,135,3,831,2,4409,8,20
2621,135,3,832,8,4417,2,80
2622,135,3,833,5,4422,2,50
2623,135,3,834,5,4427,1,50
2624,135,3,835,4,4431,5,40
2625,135,3,836,7,4438,1,70
2626,135,3,837,2,4440,0,20
2627,135,3,838,5,4445,1,50
2628,135,3,839,2,4447,1,20
2629,135,3,840,8,4455,1,80
2630,135,3,841,2,4457,4,20
2631,135,3,842,5,4462,0,50
2632,135,3,843,6,4468,1,60
2633,135,3,844,7,4475,1,70
2634,135,3,845,8,4483,4,80
2635,135,3,846,9,4492,4,90
2636,135,3,847,4,4496,1,40
2637,135,3,848,5,4501,1,50
2638,135,3,849,7,4508,4,70
2639,135,3,850,4,4512,6,40
2640,135,3,851,7,4519,1,70
2641,135,3,852,3,4522,1,30
2642,135,3,853,5,4527,6,50
2643,135,3,854,8,4535,6,80
2644,135,3,855,2,4537,1,20
2645,135,3,856,8,4545,6,80
2646,135,3,857,5,4550,5,50
2647,135,3,858,8,4558,4,80
2648,135,3,859,7,4565,1,70
2649,135,3,860,7,4572,1,70
2650,135,3,861,3,4575,6,30
2651,135,3,862,6,4581,4,60
2652,135,3,863,7,4588,1,70
2653,135,3,864,3,4591,1,30
2654,135,3,865,4,4595,4,40
2655,135,3,866,8,4603,6,80
2656,135,3,867,6,4609,2,60
2657,135,3,868,8,4617,9,80
2658,135,3,869,3,4620,4,30
2659,135,3,870,3,4623,1,30
2660,135,3,871,2,4625,1,20
2661,135,3,872,3,4628,1,30
2662,135,3,873,7,4635,5,70
2663,135,3,874,6,4641,1,60
2664,135,3,875,4,4645,1,40
2665,135,3,876,3,4648,1,30
2666,135,3,877,5,4653,5,50
2667,135,3,878,9,4662,1,90
2668,135,3,879,7,4669,1,70
2669,135,3,880,9,4678,1,90
2670,135,3,881,8,4686,1,80
2671,135,3,882,5,4691,3,50
2672,135,3,883,6,4697,6,60
2673,135,3,884,9,4706,1,90
2674,135,3,885,8,4714,2,80
2675,135,3,886,4,4718,1,40
2676,135,3,887,8,4726,1,80
2677,135,3,888,2,4728,1,20
2678,135,3,889,8,4736,5,80
2679,135,3,890,9,4745,2,90
2680,135,3,891,6,4751,1,60
2681,135,3,892,8,4759,4,80
2682,135,3,893,7,4766,1,70
2683,135,3,894,6,4772,7,60
2684,135,3,895,8,4780,8,80
2685,135,3,896,2,4782,5,20
2686,135,3,897,4,4786,1,40
2687,135,3,898,4,4790,4,40
2688,135,3,899,5,4795,3,50
2689,135,3,900,9,4804,1,90
2690,135,3,901,4,4808,1,40
2691,135,3,902,4,4812,9,40
2692,135,3,903,8,4820,1,80
2693,135,3,904,7,4827,7,70
2694,135,3,905,5,4832,5,50
2695,135,3,906,6,4838,1,60
2696,135,3,907,4,4842,2,40
2697,135,3,908,5,4847,3,50
2698,135,3,909,3,4850,1,30
2699,135,3,910,6,4856,1,60
2700,135,3,911,8,4864,4,80
2701,135,3,912,6,4870,1,60
2702,135,3,913,6,4876,4,60
2703,135,3,914,8,4884,7,80
2704,135,3,915,2,4886,6,20
2705,135,3,916,9,4895,5,90
2706,135,3,917,8,4903,1,80
2707,135,3,918,5,4908,1,50
2708,135,3,919,4,4912,1,40
2709,135,3,920,2,4914,2,20
2710,135,3,921,5,4919,1,50
2711,135,3,922,7,4926,9,70
2712,135,3,923,6,4932,3,60
2713,135,3,924,2,4934,2,20
2714,135,3,925,9,4943,6,90
2715,135,3,926,4,4947,5,40
2716,135,3,927,9,4956,3,90
2717,135,3,928,5,4961,0,50
2718,135,3,929,3,4964,2,30
2719,135,3,930,2,4966,4,20
2720,135,3,931,7,4973,1,70
2721,135,3,932,2,4975,1,20
2722,135,3,933,9,4984,4,90
2723,135,3,934,4,4988,1,40
2724,135,3,935,6,4994,1,60
