,Scenario,Trial,Inspection,Interval,Time,Defects,Rate
0,119,1,1,7,7,0,70
1,119,1,2,5,12,1,50
2,119,1,3,8,20,1,80
3,119,1,4,9,29,0,90
4,119,1,5,7,36,3,70
5,119,1,6,6,42,1,60
6,119,1,7,3,45,1,30
7,119,1,8,7,52,1,70
8,119,1,9,8,60,1,80
9,119,1,10,6,66,7,60
10,119,1,11,9,75,1,90
11,119,1,12,9,84,10,90
12,119,1,13,8,92,1,80
13,119,1,14,4,96,1,40
14,119,1,15,5,101,9,50
15,119,1,16,3,104,4,30
16,119,1,17,4,108,1,40
17,119,1,18,7,115,2,70
18,119,1,19,9,124,1,90
19,119,1,20,5,129,1,50
20,119,1,21,2,131,2,20
21,119,1,22,4,135,1,40
22,119,1,23,6,141,1,60
23,119,1,24,4,145,1,40
24,119,1,25,4,149,4,40
25,119,1,26,6,155,1,60
26,119,1,27,8,163,5,80
27,119,1,28,3,166,6,30
28,119,1,29,6,172,1,60
29,119,1,30,2,174,6,20
30,119,1,31,2,176,1,20
31,119,1,32,6,182,4,60
32,119,1,33,5,187,3,50
33,119,1,34,9,196,3,90
34,119,1,35,9,205,3,90
35,119,1,36,6,211,3,60
36,119,1,37,6,217,3,60
37,119,1,38,6,223,5,60
38,119,1,39,7,230,5,70
39,119,1,40,4,234,1,40
40,119,1,41,8,242,1,80
41,119,1,42,4,246,4,40
42,119,1,43,4,250,1,40
43,119,1,44,7,257,0,70
44,119,1,45,9,266,5,90
45,119,1,46,4,270,1,40
46,119,1,47,7,277,4,70
47,119,1,48,4,281,1,40
48,119,1,49,6,287,3,60
49,119,1,50,2,289,3,20
50,119,1,51,8,297,1,80
51,119,1,52,9,306,3,90
52,119,1,53,5,311,1,50
53,119,1,54,4,315,1,40
54,119,1,55,8,323,1,80
55,119,1,56,5,328,1,50
56,119,1,57,9,337,1,90
57,119,1,58,4,341,4,40
58,119,1,59,9,350,1,90
59,119,1,60,5,355,2,50
60,119,1,61,8,363,1,80
61,119,1,62,3,366,6,30
62,119,1,63,4,370,1,40
63,119,1,64,4,374,4,40
64,119,1,65,4,378,1,40
65,119,1,66,6,384,1,60
66,119,1,67,5,389,1,50
67,119,1,68,6,395,1,60
68,119,1,69,8,403,3,80
69,119,1,70,9,412,6,90
70,119,1,71,7,419,4,70
71,119,1,72,7,426,1,70
72,119,1,73,7,433,3,70
73,119,1,74,6,439,1,60
74,119,1,75,5,444,1,50
75,119,1,76,7,451,6,70
76,119,1,77,3,454,4,30
77,119,1,78,5,459,1,50
78,119,1,79,4,463,5,40
79,119,1,80,3,466,5,30
80,119,1,81,9,475,4,90
81,119,1,82,5,480,7,50
82,119,1,83,6,486,4,60
83,119,1,84,7,493,3,70
84,119,1,85,6,499,3,60
85,119,1,86,2,501,1,20
86,119,1,87,7,508,3,70
87,119,1,88,3,511,0,30
88,119,1,89,7,518,3,70
89,119,1,90,2,520,1,20
90,119,1,91,4,524,3,40
91,119,1,92,9,533,1,90
92,119,1,93,9,542,1,90
93,119,1,94,6,548,5,60
94,119,1,95,2,550,1,20
95,119,1,96,3,553,3,30
96,119,1,97,7,560,1,70
97,119,1,98,8,568,1,80
98,119,1,99,3,571,1,30
99,119,1,100,3,574,2,30
100,119,1,101,4,578,1,40
101,119,1,102,9,587,0,90
102,119,1,103,7,594,1,70
103,119,1,104,4,598,4,40
104,119,1,105,2,600,1,20
105,119,1,106,3,603,2,30
106,119,1,107,4,607,2,40
107,119,1,108,7,614,5,70
108,119,1,109,5,619,1,50
109,119,1,110,5,624,3,50
110,119,1,111,4,628,4,40
111,119,1,112,2,630,3,20
112,119,1,113,9,639,1,90
113,119,1,114,2,641,1,20
114,119,1,115,7,648,6,70
115,119,1,116,9,657,2,90
116,119,1,117,9,666,6,90
117,119,1,118,5,671,1,50
118,119,1,119,2,673,1,20
119,119,1,120,5,678,7,50
120,119,1,121,9,687,1,90
121,119,1,122,6,693,1,60
122,119,1,123,9,702,1,90
123,119,1,124,3,705,6,30
124,119,1,125,2,707,2,20
125,119,1,126,9,716,3,90
126,119,1,127,6,722,1,60
127,119,1,128,2,724,6,20
128,119,1,129,8,732,5,80
129,119,1,130,6,738,6,60
130,119,1,131,9,747,13,90
131,119,1,132,2,749,2,20
132,119,1,133,6,755,5,60
133,119,1,134,6,761,1,60
134,119,1,135,9,770,2,90
135,119,1,136,4,774,4,40
136,119,1,137,3,777,1,30
137,119,1,138,2,779,4,20
138,119,1,139,6,785,6,60
139,119,1,140,3,788,2,30
140,119,1,141,6,794,2,60
141,119,1,142,2,796,2,20
142,119,1,143,4,800,1,40
143,119,1,144,8,808,1,80
144,119,1,145,4,812,4,40
145,119,1,146,5,817,1,50
146,119,1,147,7,824,4,70
147,119,1,148,6,830,6,60
148,119,1,149,7,837,6,70
149,119,1,150,4,841,1,40
150,119,1,151,7,848,6,70
151,119,1,152,9,857,2,90
152,119,1,153,7,864,1,70
153,119,1,154,4,868,2,40
154,119,1,155,7,875,1,70
155,119,1,156,6,881,1,60
156,119,1,157,8,889,1,80
157,119,1,158,3,892,5,30
158,119,1,159,3,895,1,30
159,119,1,160,4,899,10,40
160,119,1,161,2,901,6,20
161,119,1,162,8,909,3,80
162,119,1,163,3,912,1,30
163,119,1,164,6,918,4,60
164,119,1,165,9,927,1,90
165,119,1,166,7,934,4,70
166,119,1,167,3,937,2,30
167,119,1,168,2,939,4,20
168,119,1,169,3,942,1,30
169,119,1,170,9,951,2,90
170,119,1,171,7,958,1,70
171,119,1,172,7,965,6,70
172,119,1,173,8,973,3,80
173,119,1,174,7,980,1,70
174,119,1,175,9,989,3,90
175,119,1,176,3,992,7,30
176,119,1,177,9,1001,1,90
177,119,1,178,3,1004,2,30
178,119,1,179,9,1013,2,90
179,119,1,180,5,1018,3,50
180,119,1,181,9,1027,1,90
181,119,1,182,4,1031,1,40
182,119,1,183,5,1036,1,50
183,119,1,184,6,1042,8,60
184,119,1,185,4,1046,1,40
185,119,1,186,3,1049,4,30
186,119,1,187,9,1058,9,90
187,119,1,188,6,1064,1,60
188,119,1,189,3,1067,1,30
189,119,1,190,4,1071,1,40
190,119,1,191,9,1080,8,90
191,119,1,192,9,1089,1,90
192,119,1,193,7,1096,8,70
193,119,1,194,5,1101,9,50
194,119,1,195,8,1109,4,80
195,119,1,196,9,1118,1,90
196,119,1,197,4,1122,7,40
197,119,1,198,8,1130,1,80
198,119,1,199,5,1135,4,50
199,119,1,200,6,1141,6,60
200,119,1,201,2,1143,1,20
201,119,1,202,6,1149,3,60
202,119,1,203,2,1151,1,20
203,119,1,204,2,1153,3,20
204,119,1,205,9,1162,1,90
205,119,1,206,7,1169,5,70
206,119,1,207,6,1175,4,60
207,119,1,208,8,1183,4,80
208,119,1,209,6,1189,2,60
209,119,1,210,4,1193,6,40
210,119,1,211,9,1202,1,90
211,119,1,212,6,1208,5,60
212,119,1,213,9,1217,3,90
213,119,1,214,2,1219,3,20
214,119,1,215,7,1226,3,70
215,119,1,216,4,1230,1,40
216,119,1,217,8,1238,1,80
217,119,1,218,5,1243,1,50
218,119,1,219,2,1245,5,20
219,119,1,220,2,1247,0,20
220,119,1,221,2,1249,2,20
221,119,1,222,2,1251,2,20
222,119,1,223,6,1257,1,60
223,119,1,224,4,1261,1,40
224,119,1,225,9,1270,6,90
225,119,1,226,3,1273,3,30
226,119,1,227,9,1282,4,90
227,119,1,228,5,1287,1,50
228,119,1,229,3,1290,2,30
229,119,1,230,5,1295,1,50
230,119,1,231,2,1297,1,20
231,119,1,232,2,1299,1,20
232,119,1,233,5,1304,2,50
233,119,1,234,3,1307,1,30
234,119,1,235,3,1310,0,30
235,119,1,236,9,1319,2,90
236,119,1,237,3,1322,1,30
237,119,1,238,4,1326,2,40
238,119,1,239,5,1331,2,50
239,119,1,240,7,1338,4,70
240,119,1,241,3,1341,3,30
241,119,1,242,3,1344,1,30
242,119,1,243,9,1353,1,90
243,119,1,244,4,1357,1,40
244,119,1,245,6,1363,8,60
245,119,1,246,4,1367,5,40
246,119,1,247,4,1371,1,40
247,119,1,248,4,1375,1,40
248,119,1,249,7,1382,0,70
249,119,1,250,4,1386,3,40
250,119,1,251,5,1391,1,50
251,119,1,252,5,1396,3,50
252,119,1,253,2,1398,6,20
253,119,1,254,3,1401,3,30
254,119,1,255,9,1410,2,90
255,119,1,256,4,1414,5,40
256,119,1,257,9,1423,2,90
257,119,1,258,6,1429,5,60
258,119,1,259,6,1435,2,60
259,119,1,260,5,1440,1,50
260,119,1,261,2,1442,3,20
261,119,1,262,8,1450,2,80
262,119,1,263,8,1458,3,80
263,119,1,264,5,1463,8,50
264,119,1,265,2,1465,2,20
265,119,1,266,4,1469,3,40
266,119,1,267,6,1475,7,60
267,119,1,268,8,1483,1,80
268,119,1,269,7,1490,1,70
269,119,1,270,3,1493,2,30
270,119,1,271,4,1497,3,40
271,119,1,272,7,1504,2,70
272,119,1,273,7,1511,4,70
273,119,1,274,8,1519,5,80
274,119,1,275,6,1525,2,60
275,119,1,276,4,1529,0,40
276,119,1,277,8,1537,1,80
277,119,1,278,9,1546,1,90
278,119,1,279,8,1554,5,80
279,119,1,280,6,1560,1,60
280,119,1,281,5,1565,1,50
281,119,1,282,8,1573,1,80
282,119,1,283,7,1580,11,70
283,119,1,284,2,1582,1,20
284,119,1,285,8,1590,4,80
285,119,1,286,5,1595,3,50
286,119,1,287,7,1602,1,70
287,119,1,288,3,1605,4,30
288,119,1,289,5,1610,1,50
289,119,1,290,6,1616,2,60
290,119,1,291,7,1623,1,70
291,119,1,292,3,1626,9,30
292,119,1,293,9,1635,1,90
293,119,1,294,8,1643,2,80
294,119,1,295,4,1647,1,40
295,119,1,296,6,1653,9,60
296,119,1,297,4,1657,2,40
297,119,1,298,6,1663,1,60
298,119,1,299,6,1669,1,60
299,119,1,300,8,1677,1,80
300,119,1,301,4,1681,1,40
301,119,1,302,7,1688,7,70
302,119,1,303,3,1691,2,30
303,119,1,304,5,1696,1,50
304,119,1,305,3,1699,1,30
305,119,1,306,6,1705,4,60
306,119,1,307,4,1709,2,40
307,119,1,308,5,1714,4,50
308,119,1,309,5,1719,2,50
309,119,1,310,3,1722,1,30
310,119,1,311,8,1730,4,80
311,119,1,312,5,1735,1,50
312,119,1,313,4,1739,4,40
313,119,1,314,6,1745,3,60
314,119,1,315,5,1750,4,50
315,119,1,316,9,1759,4,90
316,119,1,317,7,1766,5,70
317,119,1,318,5,1771,1,50
318,119,1,319,4,1775,2,40
319,119,1,320,2,1777,4,20
320,119,1,321,5,1782,1,50
321,119,1,322,2,1784,3,20
322,119,1,323,8,1792,2,80
323,119,1,324,9,1801,4,90
324,119,1,325,6,1807,1,60
325,119,1,326,7,1814,1,70
326,119,1,327,2,1816,2,20
327,119,1,328,8,1824,10,80
328,119,1,329,9,1833,7,90
329,119,1,330,5,1838,1,50
330,119,1,331,9,1847,1,90
331,119,1,332,5,1852,3,50
332,119,1,333,3,1855,5,30
333,119,1,334,4,1859,1,40
334,119,1,335,8,1867,2,80
335,119,1,336,9,1876,3,90
336,119,1,337,2,1878,3,20
337,119,1,338,3,1881,0,30
338,119,1,339,3,1884,1,30
339,119,1,340,3,1887,2,30
340,119,1,341,8,1895,1,80
341,119,1,342,3,1898,1,30
342,119,1,343,6,1904,2,60
343,119,1,344,2,1906,1,20
344,119,1,345,7,1913,1,70
345,119,1,346,5,1918,2,50
346,119,1,347,3,1921,1,30
347,119,1,348,3,1924,3,30
348,119,1,349,5,1929,1,50
349,119,1,350,3,1932,2,30
350,119,1,351,7,1939,1,70
351,119,1,352,8,1947,3,80
352,119,1,353,6,1953,1,60
353,119,1,354,3,1956,5,30
354,119,1,355,7,1963,1,70
355,119,1,356,6,1969,2,60
356,119,1,357,4,1973,1,40
357,119,1,358,2,1975,3,20
358,119,1,359,5,1980,3,50
359,119,1,360,4,1984,1,40
360,119,1,361,6,1990,1,60
361,119,1,362,4,1994,1,40
362,119,1,363,8,2002,4,80
363,119,1,364,9,2011,4,90
364,119,1,365,6,2017,4,60
365,119,1,366,2,2019,3,20
366,119,1,367,4,2023,1,40
367,119,1,368,3,2026,1,30
368,119,1,369,6,2032,1,60
369,119,1,370,3,2035,4,30
370,119,1,371,2,2037,1,20
371,119,1,372,3,2040,2,30
372,119,1,373,9,2049,4,90
373,119,1,374,5,2054,2,50
374,119,1,375,7,2061,1,70
375,119,1,376,4,2065,7,40
376,119,1,377,3,2068,2,30
377,119,1,378,4,2072,2,40
378,119,1,379,8,2080,1,80
379,119,1,380,5,2085,3,50
380,119,1,381,7,2092,1,70
381,119,1,382,7,2099,3,70
382,119,1,383,7,2106,2,70
383,119,1,384,5,2111,1,50
384,119,1,385,3,2114,1,30
385,119,1,386,7,2121,2,70
386,119,1,387,6,2127,1,60
387,119,1,388,7,2134,3,70
388,119,1,389,7,2141,4,70
389,119,1,390,8,2149,1,80
390,119,1,391,7,2156,3,70
391,119,1,392,4,2160,1,40
392,119,1,393,5,2165,6,50
393,119,1,394,3,2168,1,30
394,119,1,395,3,2171,1,30
395,119,1,396,2,2173,3,20
396,119,1,397,3,2176,4,30
397,119,1,398,7,2183,1,70
398,119,1,399,9,2192,1,90
399,119,1,400,7,2199,1,70
400,119,1,401,4,2203,1,40
401,119,1,402,3,2206,1,30
402,119,1,403,7,2213,7,70
403,119,1,404,3,2216,1,30
404,119,1,405,4,2220,4,40
405,119,1,406,6,2226,5,60
406,119,1,407,2,2228,4,20
407,119,1,408,2,2230,1,20
408,119,1,409,3,2233,1,30
409,119,1,410,3,2236,1,30
410,119,1,411,4,2240,4,40
411,119,1,412,7,2247,1,70
412,119,1,413,3,2250,5,30
413,119,1,414,2,2252,1,20
414,119,1,415,3,2255,0,30
415,119,1,416,8,2263,1,80
416,119,1,417,5,2268,0,50
417,119,1,418,4,2272,3,40
418,119,1,419,7,2279,1,70
419,119,1,420,7,2286,1,70
420,119,1,421,8,2294,5,80
421,119,1,422,3,2297,6,30
422,119,1,423,3,2300,1,30
423,119,1,424,9,2309,1,90
424,119,1,425,5,2314,1,50
425,119,1,426,2,2316,2,20
426,119,1,427,7,2323,3,70
427,119,1,428,4,2327,6,40
428,119,1,429,9,2336,1,90
429,119,1,430,6,2342,1,60
430,119,1,431,9,2351,6,90
431,119,1,432,7,2358,2,70
432,119,1,433,2,2360,3,20
433,119,1,434,8,2368,1,80
434,119,1,435,5,2373,6,50
435,119,1,436,2,2375,2,20
436,119,1,437,5,2380,1,50
437,119,1,438,4,2384,1,40
438,119,1,439,3,2387,6,30
439,119,1,440,5,2392,1,50
440,119,1,441,6,2398,1,60
441,119,1,442,5,2403,1,50
442,119,1,443,5,2408,5,50
443,119,1,444,8,2416,1,80
444,119,1,445,9,2425,5,90
445,119,1,446,7,2432,2,70
446,119,1,447,8,2440,1,80
447,119,1,448,7,2447,1,70
448,119,1,449,7,2454,9,70
449,119,1,450,3,2457,3,30
450,119,1,451,5,2462,5,50
451,119,1,452,2,2464,1,20
452,119,1,453,9,2473,0,90
453,119,1,454,2,2475,1,20
454,119,1,455,2,2477,1,20
455,119,1,456,6,2483,3,60
456,119,1,457,8,2491,1,80
457,119,1,458,8,2499,2,80
458,119,1,459,7,2506,1,70
459,119,1,460,9,2515,5,90
460,119,1,461,6,2521,1,60
461,119,1,462,6,2527,5,60
462,119,1,463,2,2529,2,20
463,119,1,464,9,2538,5,90
464,119,1,465,4,2542,3,40
465,119,1,466,4,2546,2,40
466,119,1,467,8,2554,5,80
467,119,1,468,2,2556,5,20
468,119,1,469,8,2564,1,80
469,119,1,470,3,2567,2,30
470,119,1,471,5,2572,1,50
471,119,1,472,2,2574,1,20
472,119,1,473,5,2579,1,50
473,119,1,474,7,2586,2,70
474,119,1,475,2,2588,5,20
475,119,1,476,4,2592,3,40
476,119,1,477,7,2599,2,70
477,119,1,478,9,2608,4,90
478,119,1,479,6,2614,3,60
479,119,1,480,3,2617,6,30
480,119,1,481,3,2620,2,30
481,119,1,482,3,2623,2,30
482,119,1,483,5,2628,2,50
483,119,1,484,8,2636,2,80
484,119,1,485,3,2639,4,30
485,119,1,486,4,2643,2,40
486,119,1,487,9,2652,1,90
487,119,1,488,7,2659,2,70
488,119,1,489,8,2667,4,80
489,119,1,490,2,2669,1,20
490,119,1,491,7,2676,3,70
491,119,1,492,7,2683,3,70
492,119,1,493,4,2687,1,40
493,119,1,494,8,2695,1,80
494,119,1,495,2,2697,1,20
495,119,1,496,5,2702,5,50
496,119,1,497,4,2706,3,40
497,119,1,498,6,2712,1,60
498,119,1,499,9,2721,5,90
499,119,1,500,9,2730,10,90
500,119,1,501,9,2739,6,90
501,119,1,502,2,2741,1,20
502,119,1,503,3,2744,1,30
503,119,1,504,8,2752,5,80
504,119,1,505,9,2761,4,90
505,119,1,506,8,2769,4,80
506,119,1,507,4,2773,5,40
507,119,1,508,3,2776,1,30
508,119,1,509,2,2778,1,20
509,119,1,510,3,2781,3,30
510,119,1,511,5,2786,2,50
511,119,1,512,3,2789,2,30
512,119,1,513,6,2795,1,60
513,119,1,514,7,2802,1,70
514,119,1,515,3,2805,2,30
515,119,1,516,8,2813,4,80
516,119,1,517,7,2820,0,70
517,119,1,518,6,2826,1,60
518,119,1,519,4,2830,1,40
519,119,1,520,9,2839,2,90
520,119,1,521,6,2845,1,60
521,119,1,522,5,2850,2,50
522,119,1,523,6,2856,1,60
523,119,1,524,2,2858,1,20
524,119,1,525,4,2862,1,40
525,119,1,526,6,2868,1,60
526,119,1,527,4,2872,4,40
527,119,1,528,9,2881,1,90
528,119,1,529,9,2890,4,90
529,119,1,530,2,2892,1,20
530,119,1,531,6,2898,1,60
531,119,1,532,6,2904,4,60
532,119,1,533,4,2908,4,40
533,119,1,534,2,2910,1,20
534,119,1,535,5,2915,3,50
535,119,1,536,8,2923,1,80
536,119,1,537,9,2932,5,90
537,119,1,538,5,2937,1,50
538,119,1,539,5,2942,4,50
539,119,1,540,5,2947,3,50
540,119,1,541,6,2953,5,60
541,119,1,542,8,2961,1,80
542,119,1,543,5,2966,1,50
543,119,1,544,6,2972,8,60
544,119,1,545,8,2980,5,80
545,119,1,546,6,2986,1,60
546,119,1,547,8,2994,4,80
547,119,1,548,4,2998,3,40
548,119,1,549,7,3005,3,70
549,119,1,550,8,3013,2,80
550,119,1,551,2,3015,4,20
551,119,1,552,3,3018,1,30
552,119,1,553,5,3023,1,50
553,119,1,554,2,3025,1,20
554,119,1,555,2,3027,3,20
555,119,1,556,4,3031,1,40
556,119,1,557,6,3037,3,60
557,119,1,558,2,3039,1,20
558,119,1,559,8,3047,0,80
559,119,1,560,8,3055,5,80
560,119,1,561,2,3057,2,20
561,119,1,562,3,3060,1,30
562,119,1,563,8,3068,1,80
563,119,1,564,7,3075,2,70
564,119,1,565,6,3081,2,60
565,119,1,566,7,3088,4,70
566,119,1,567,9,3097,1,90
567,119,1,568,9,3106,4,90
568,119,1,569,2,3108,3,20
569,119,1,570,8,3116,1,80
570,119,1,571,9,3125,1,90
571,119,1,572,2,3127,5,20
572,119,1,573,9,3136,6,90
573,119,1,574,3,3139,1,30
574,119,1,575,7,3146,5,70
575,119,1,576,3,3149,2,30
576,119,1,577,2,3151,5,20
577,119,1,578,4,3155,1,40
578,119,1,579,6,3161,1,60
579,119,1,580,4,3165,4,40
580,119,1,581,2,3167,1,20
581,119,1,582,3,3170,5,30
582,119,1,583,6,3176,4,60
583,119,1,584,3,3179,0,30
584,119,1,585,2,3181,2,20
585,119,1,586,3,3184,2,30
586,119,1,587,7,3191,1,70
587,119,1,588,6,3197,4,60
588,119,1,589,7,3204,1,70
589,119,1,590,4,3208,0,40
590,119,1,591,9,3217,6,90
591,119,1,592,4,3221,5,40
592,119,1,593,7,3228,2,70
593,119,1,594,4,3232,1,40
594,119,1,595,6,3238,1,60
595,119,1,596,6,3244,5,60
596,119,1,597,8,3252,2,80
597,119,1,598,2,3254,3,20
598,119,1,599,3,3257,1,30
599,119,1,600,9,3266,1,90
600,119,1,601,2,3268,4,20
601,119,1,602,7,3275,1,70
602,119,1,603,5,3280,1,50
603,119,1,604,2,3282,1,20
604,119,1,605,8,3290,1,80
605,119,1,606,3,3293,2,30
606,119,1,607,8,3301,4,80
607,119,1,608,3,3304,1,30
608,119,1,609,8,3312,1,80
609,119,1,610,9,3321,8,90
610,119,1,611,3,3324,6,30
611,119,1,612,3,3327,3,30
612,119,1,613,9,3336,1,90
613,119,1,614,9,3345,1,90
614,119,1,615,7,3352,1,70
615,119,1,616,7,3359,8,70
616,119,1,617,2,3361,6,20
617,119,1,618,5,3366,1,50
618,119,1,619,4,3370,1,40
619,119,1,620,7,3377,1,70
620,119,1,621,8,3385,8,80
621,119,1,622,5,3390,1,50
622,119,1,623,6,3396,4,60
623,119,1,624,5,3401,4,50
624,119,1,625,8,3409,8,80
625,119,1,626,9,3418,6,90
626,119,1,627,7,3425,3,70
627,119,1,628,8,3433,4,80
628,119,1,629,7,3440,7,70
629,119,1,630,8,3448,4,80
630,119,1,631,5,3453,4,50
631,119,1,632,8,3461,1,80
632,119,1,633,9,3470,6,90
633,119,1,634,2,3472,4,20
634,119,1,635,4,3476,1,40
635,119,1,636,2,3478,1,20
636,119,1,637,9,3487,1,90
637,119,1,638,5,3492,7,50
638,119,1,639,6,3498,5,60
639,119,1,640,3,3501,5,30
640,119,1,641,6,3507,1,60
641,119,1,642,9,3516,1,90
642,119,1,643,6,3522,5,60
643,119,1,644,7,3529,2,70
644,119,1,645,5,3534,1,50
645,119,1,646,6,3540,1,60
646,119,1,647,7,3547,7,70
647,119,1,648,7,3554,2,70
648,119,1,649,8,3562,1,80
649,119,1,650,6,3568,3,60
650,119,1,651,4,3572,1,40
651,119,1,652,7,3579,1,70
652,119,1,653,7,3586,5,70
653,119,1,654,7,3593,1,70
654,119,1,655,8,3601,8,80
655,119,1,656,9,3610,5,90
656,119,1,657,2,3612,8,20
657,119,1,658,6,3618,3,60
658,119,1,659,2,3620,2,20
659,119,1,660,5,3625,3,50
660,119,1,661,4,3629,5,40
661,119,1,662,4,3633,2,40
662,119,1,663,3,3636,1,30
663,119,1,664,7,3643,2,70
664,119,1,665,5,3648,5,50
665,119,1,666,9,3657,4,90
666,119,1,667,5,3662,3,50
667,119,1,668,5,3667,5,50
668,119,1,669,9,3676,4,90
669,119,1,670,4,3680,1,40
670,119,1,671,7,3687,3,70
671,119,1,672,5,3692,2,50
672,119,1,673,4,3696,4,40
673,119,1,674,4,3700,1,40
674,119,1,675,7,3707,5,70
675,119,1,676,4,3711,1,40
676,119,1,677,4,3715,5,40
677,119,1,678,4,3719,3,40
678,119,1,679,6,3725,1,60
679,119,1,680,4,3729,1,40
680,119,1,681,7,3736,3,70
681,119,1,682,7,3743,7,70
682,119,1,683,6,3749,8,60
683,119,1,684,9,3758,1,90
684,119,1,685,3,3761,2,30
685,119,1,686,5,3766,1,50
686,119,1,687,6,3772,1,60
687,119,1,688,9,3781,1,90
688,119,1,689,8,3789,9,80
689,119,1,690,6,3795,5,60
690,119,1,691,2,3797,4,20
691,119,1,692,6,3803,5,60
692,119,1,693,3,3806,4,30
693,119,1,694,7,3813,3,70
694,119,1,695,2,3815,3,20
695,119,1,696,5,3820,5,50
696,119,1,697,9,3829,1,90
697,119,1,698,8,3837,5,80
698,119,1,699,2,3839,1,20
699,119,1,700,4,3843,4,40
700,119,1,701,4,3847,1,40
701,119,1,702,6,3853,6,60
702,119,1,703,8,3861,3,80
703,119,1,704,3,3864,0,30
704,119,1,705,3,3867,2,30
705,119,1,706,7,3874,1,70
706,119,1,707,6,3880,0,60
707,119,1,708,6,3886,4,60
708,119,1,709,9,3895,1,90
709,119,1,710,8,3903,4,80
710,119,1,711,4,3907,4,40
711,119,1,712,5,3912,6,50
712,119,1,713,2,3914,2,20
713,119,1,714,6,3920,3,60
714,119,1,715,2,3922,1,20
715,119,1,716,4,3926,1,40
716,119,1,717,8,3934,3,80
717,119,1,718,8,3942,4,80
718,119,1,719,5,3947,1,50
719,119,1,720,5,3952,1,50
720,119,1,721,2,3954,2,20
721,119,1,722,9,3963,3,90
722,119,1,723,7,3970,1,70
723,119,1,724,7,3977,1,70
724,119,1,725,5,3982,9,50
725,119,1,726,7,3989,3,70
726,119,1,727,3,3992,5,30
727,119,1,728,9,4001,4,90
728,119,1,729,7,4008,6,70
729,119,1,730,3,4011,1,30
730,119,1,731,2,4013,2,20
731,119,1,732,6,4019,1,60
732,119,1,733,4,4023,2,40
733,119,1,734,2,4025,3,20
734,119,1,735,7,4032,1,70
735,119,1,736,6,4038,4,60
736,119,1,737,4,4042,1,40
737,119,1,738,6,4048,3,60
738,119,1,739,5,4053,1,50
739,119,1,740,7,4060,1,70
740,119,1,741,3,4063,1,30
741,119,1,742,8,4071,1,80
742,119,1,743,9,4080,3,90
743,119,1,744,8,4088,7,80
744,119,1,745,9,4097,9,90
745,119,1,746,8,4105,5,80
746,119,1,747,4,4109,1,40
747,119,1,748,2,4111,5,20
748,119,1,749,7,4118,1,70
749,119,1,750,3,4121,1,30
750,119,1,751,6,4127,1,60
751,119,1,752,3,4130,1,30
752,119,1,753,9,4139,2,90
753,119,1,754,8,4147,1,80
754,119,1,755,9,4156,7,90
755,119,1,756,9,4165,1,90
756,119,1,757,7,4172,6,70
757,119,1,758,5,4177,4,50
758,119,1,759,7,4184,6,70
759,119,1,760,3,4187,3,30
760,119,1,761,7,4194,4,70
761,119,1,762,4,4198,3,40
762,119,1,763,4,4202,5,40
763,119,1,764,4,4206,0,40
764,119,1,765,5,4211,1,50
765,119,1,766,6,4217,3,60
766,119,1,767,7,4224,1,70
767,119,1,768,4,4228,7,40
768,119,1,769,3,4231,3,30
769,119,1,770,8,4239,1,80
770,119,1,771,5,4244,1,50
771,119,1,772,7,4251,1,70
772,119,1,773,3,4254,5,30
773,119,1,774,3,4257,1,30
774,119,1,775,3,4260,5,30
775,119,1,776,2,4262,7,20
776,119,1,777,5,4267,0,50
777,119,1,778,6,4273,1,60
778,119,1,779,7,4280,6,70
779,119,1,780,3,4283,5,30
780,119,1,781,9,4292,2,90
781,119,1,782,5,4297,1,50
782,119,1,783,8,4305,3,80
783,119,1,784,8,4313,3,80
784,119,1,785,5,4318,4,50
785,119,1,786,9,4327,4,90
786,119,1,787,9,4336,1,90
787,119,1,788,6,4342,1,60
788,119,1,789,5,4347,3,50
789,119,1,790,5,4352,1,50
790,119,1,791,9,4361,1,90
791,119,1,792,6,4367,1,60
792,119,1,793,5,4372,4,50
793,119,1,794,4,4376,4,40
794,119,1,795,7,4383,5,70
795,119,1,796,6,4389,6,60
796,119,1,797,8,4397,1,80
797,119,1,798,2,4399,6,20
798,119,1,799,7,4406,6,70
799,119,1,800,8,4414,6,80
800,119,1,801,3,4417,3,30
801,119,1,802,8,4425,7,80
802,119,1,803,7,4432,1,70
803,119,1,804,5,4437,1,50
804,119,1,805,8,4445,4,80
805,119,1,806,9,4454,1,90
806,119,1,807,8,4462,9,80
807,119,1,808,6,4468,5,60
808,119,1,809,7,4475,4,70
809,119,1,810,9,4484,1,90
810,119,1,811,3,4487,1,30
811,119,1,812,8,4495,8,80
812,119,1,813,9,4504,8,90
813,119,1,814,5,4509,8,50
814,119,1,815,3,4512,3,30
815,119,1,816,2,4514,3,20
816,119,1,817,7,4521,1,70
817,119,1,818,2,4523,1,20
818,119,1,819,7,4530,1,70
819,119,1,820,2,4532,1,20
820,119,1,821,3,4535,2,30
821,119,1,822,2,4537,8,20
822,119,1,823,8,4545,3,80
823,119,1,824,5,4550,3,50
824,119,1,825,9,4559,3,90
825,119,1,826,4,4563,6,40
826,119,1,827,9,4572,4,90
827,119,1,828,6,4578,1,60
828,119,1,829,8,4586,3,80
829,119,1,830,8,4594,0,80
830,119,1,831,8,4602,4,80
831,119,1,832,3,4605,3,30
832,119,1,833,2,4607,1,20
833,119,1,834,4,4611,5,40
834,119,1,835,5,4616,3,50
835,119,1,836,2,4618,1,20
836,119,1,837,4,4622,2,40
837,119,1,838,3,4625,0,30
838,119,1,839,3,4628,1,30
839,119,1,840,2,4630,1,20
840,119,1,841,5,4635,1,50
841,119,1,842,8,4643,1,80
842,119,1,843,7,4650,1,70
843,119,1,844,7,4657,2,70
844,119,1,845,2,4659,0,20
845,119,1,846,5,4664,4,50
846,119,1,847,6,4670,1,60
847,119,1,848,6,4676,5,60
848,119,1,849,6,4682,1,60
849,119,1,850,3,4685,1,30
850,119,1,851,6,4691,1,60
851,119,1,852,5,4696,1,50
852,119,1,853,8,4704,3,80
853,119,1,854,2,4706,5,20
854,119,1,855,3,4709,7,30
855,119,1,856,7,4716,1,70
856,119,1,857,2,4718,2,20
857,119,1,858,2,4720,1,20
858,119,1,859,4,4724,2,40
859,119,1,860,8,4732,3,80
860,119,1,861,6,4738,2,60
861,119,1,862,3,4741,1,30
862,119,1,863,4,4745,1,40
863,119,1,864,4,4749,1,40
864,119,1,865,3,4752,1,30
865,119,1,866,7,4759,1,70
866,119,1,867,4,4763,4,40
867,119,1,868,9,4772,6,90
868,119,1,869,5,4777,2,50
869,119,1,870,2,4779,3,20
870,119,1,871,5,4784,4,50
871,119,1,872,5,4789,1,50
872,119,1,873,5,4794,2,50
873,119,1,874,4,4798,1,40
874,119,1,875,3,4801,1,30
875,119,1,876,7,4808,2,70
876,119,1,877,3,4811,2,30
877,119,1,878,5,4816,2,50
878,119,1,879,2,4818,0,20
879,119,1,880,6,4824,2,60
880,119,1,881,6,4830,4,60
881,119,1,882,9,4839,6,90
882,119,1,883,3,4842,3,30
883,119,1,884,5,4847,2,50
884,119,1,885,3,4850,1,30
885,119,1,886,5,4855,3,50
886,119,1,887,3,4858,1,30
887,119,1,888,8,4866,2,80
888,119,1,889,6,4872,1,60
889,119,1,890,2,4874,1,20
890,119,1,891,3,4877,3,30
891,119,1,892,8,4885,2,80
892,119,1,893,6,4891,4,60
893,119,1,894,3,4894,1,30
894,119,1,895,9,4903,1,90
895,119,1,896,8,4911,1,80
896,119,1,897,7,4918,7,70
897,119,1,898,9,4927,1,90
898,119,1,899,3,4930,1,30
899,119,1,900,7,4937,6,70
900,119,1,901,4,4941,8,40
901,119,1,902,6,4947,1,60
902,119,1,903,5,4952,1,50
903,119,1,904,2,4954,3,20
904,119,1,905,8,4962,0,80
905,119,1,906,8,4970,1,80
906,119,1,907,8,4978,6,80
907,119,1,908,4,4982,6,40
908,119,1,909,8,4990,1,80
909,119,1,910,9,4999,1,90
910,119,2,1,8,8,0,80
911,119,2,2,5,13,2,50
912,119,2,3,2,15,1,20
913,119,2,4,8,23,1,80
914,119,2,5,3,26,1,30
915,119,2,6,5,31,0,50
916,119,2,7,4,35,1,40
917,119,2,8,8,43,1,80
918,119,2,9,9,52,1,90
919,119,2,10,6,58,1,60
920,119,2,11,5,63,4,50
921,119,2,12,6,69,1,60
922,119,2,13,2,71,3,20
923,119,2,14,2,73,0,20
924,119,2,15,9,82,3,90
925,119,2,16,9,91,1,90
926,119,2,17,3,94,7,30
927,119,2,18,6,100,2,60
928,119,2,19,2,102,1,20
929,119,2,20,9,111,3,90
930,119,2,21,9,120,3,90
931,119,2,22,9,129,7,90
932,119,2,23,6,135,2,60
933,119,2,24,4,139,1,40
934,119,2,25,8,147,1,80
935,119,2,26,4,151,1,40
936,119,2,27,6,157,9,60
937,119,2,28,8,165,1,80
938,119,2,29,8,173,1,80
939,119,2,30,4,177,1,40
940,119,2,31,5,182,5,50
941,119,2,32,4,186,1,40
942,119,2,33,3,189,8,30
943,119,2,34,9,198,8,90
944,119,2,35,3,201,2,30
945,119,2,36,2,203,2,20
946,119,2,37,5,208,6,50
947,119,2,38,7,215,4,70
948,119,2,39,2,217,1,20
949,119,2,40,9,226,2,90
950,119,2,41,7,233,5,70
951,119,2,42,9,242,1,90
952,119,2,43,2,244,3,20
953,119,2,44,6,250,2,60
954,119,2,45,9,259,4,90
955,119,2,46,8,267,6,80
956,119,2,47,4,271,3,40
957,119,2,48,5,276,1,50
958,119,2,49,2,278,2,20
959,119,2,50,9,287,2,90
960,119,2,51,9,296,1,90
961,119,2,52,3,299,1,30
962,119,2,53,4,303,3,40
963,119,2,54,5,308,3,50
964,119,2,55,9,317,3,90
965,119,2,56,3,320,2,30
966,119,2,57,7,327,1,70
967,119,2,58,2,329,7,20
968,119,2,59,4,333,1,40
969,119,2,60,7,340,1,70
970,119,2,61,6,346,3,60
971,119,2,62,7,353,3,70
972,119,2,63,3,356,5,30
973,119,2,64,9,365,10,90
974,119,2,65,7,372,1,70
975,119,2,66,5,377,2,50
976,119,2,67,8,385,1,80
977,119,2,68,7,392,1,70
978,119,2,69,2,394,1,20
979,119,2,70,6,400,1,60
980,119,2,71,7,407,1,70
981,119,2,72,2,409,1,20
982,119,2,73,7,416,7,70
983,119,2,74,8,424,1,80
984,119,2,75,3,427,4,30
985,119,2,76,4,431,2,40
986,119,2,77,8,439,3,80
987,119,2,78,7,446,1,70
988,119,2,79,5,451,2,50
989,119,2,80,9,460,1,90
990,119,2,81,6,466,5,60
991,119,2,82,3,469,3,30
992,119,2,83,4,473,3,40
993,119,2,84,8,481,3,80
994,119,2,85,9,490,1,90
995,119,2,86,9,499,1,90
996,119,2,87,3,502,4,30
997,119,2,88,3,505,6,30
998,119,2,89,2,507,1,20
999,119,2,90,9,516,1,90
1000,119,2,91,3,519,1,30
1001,119,2,92,9,528,6,90
1002,119,2,93,6,534,1,60
1003,119,2,94,9,543,8,90
1004,119,2,95,2,545,6,20
1005,119,2,96,5,550,1,50
1006,119,2,97,8,558,1,80
1007,119,2,98,2,560,4,20
1008,119,2,99,5,565,8,50
1009,119,2,100,6,571,8,60
1010,119,2,101,2,573,1,20
1011,119,2,102,8,581,1,80
1012,119,2,103,6,587,8,60
1013,119,2,104,8,595,4,80
1014,119,2,105,8,603,5,80
1015,119,2,106,8,611,3,80
1016,119,2,107,8,619,1,80
1017,119,2,108,8,627,1,80
1018,119,2,109,5,632,1,50
1019,119,2,110,5,637,1,50
1020,119,2,111,8,645,3,80
1021,119,2,112,8,653,1,80
1022,119,2,113,4,657,8,40
1023,119,2,114,3,660,3,30
1024,119,2,115,4,664,4,40
1025,119,2,116,7,671,3,70
1026,119,2,117,5,676,3,50
1027,119,2,118,3,679,2,30
1028,119,2,119,8,687,4,80
1029,119,2,120,9,696,1,90
1030,119,2,121,8,704,1,80
1031,119,2,122,8,712,4,80
1032,119,2,123,9,721,5,90
1033,119,2,124,8,729,1,80
1034,119,2,125,6,735,3,60
1035,119,2,126,5,740,1,50
1036,119,2,127,7,747,7,70
1037,119,2,128,8,755,1,80
1038,119,2,129,3,758,5,30
1039,119,2,130,5,763,1,50
1040,119,2,131,9,772,11,90
1041,119,2,132,4,776,1,40
1042,119,2,133,9,785,8,90
1043,119,2,134,2,787,3,20
1044,119,2,135,9,796,1,90
1045,119,2,136,5,801,4,50
1046,119,2,137,7,808,4,70
1047,119,2,138,2,810,3,20
1048,119,2,139,9,819,2,90
1049,119,2,140,6,825,4,60
1050,119,2,141,4,829,4,40
1051,119,2,142,2,831,5,20
1052,119,2,143,7,838,6,70
1053,119,2,144,5,843,6,50
1054,119,2,145,5,848,1,50
1055,119,2,146,7,855,4,70
1056,119,2,147,3,858,1,30
1057,119,2,148,2,860,1,20
1058,119,2,149,3,863,2,30
1059,119,2,150,8,871,5,80
1060,119,2,151,9,880,2,90
1061,119,2,152,8,888,1,80
1062,119,2,153,6,894,3,60
1063,119,2,154,7,901,2,70
1064,119,2,155,3,904,3,30
1065,119,2,156,6,910,3,60
1066,119,2,157,4,914,1,40
1067,119,2,158,7,921,8,70
1068,119,2,159,6,927,1,60
1069,119,2,160,8,935,3,80
1070,119,2,161,9,944,5,90
1071,119,2,162,3,947,1,30
1072,119,2,163,2,949,2,20
1073,119,2,164,4,953,3,40
1074,119,2,165,8,961,1,80
1075,119,2,166,7,968,4,70
1076,119,2,167,9,977,1,90
1077,119,2,168,3,980,2,30
1078,119,2,169,4,984,5,40
1079,119,2,170,3,987,2,30
1080,119,2,171,7,994,5,70
1081,119,2,172,7,1001,2,70
1082,119,2,173,5,1006,1,50
1083,119,2,174,4,1010,5,40
1084,119,2,175,5,1015,3,50
1085,119,2,176,6,1021,2,60
1086,119,2,177,7,1028,3,70
1087,119,2,178,5,1033,3,50
1088,119,2,179,2,1035,1,20
1089,119,2,180,4,1039,3,40
1090,119,2,181,5,1044,2,50
1091,119,2,182,7,1051,1,70
1092,119,2,183,3,1054,1,30
1093,119,2,184,7,1061,2,70
1094,119,2,185,8,1069,1,80
1095,119,2,186,2,1071,2,20
1096,119,2,187,3,1074,1,30
1097,119,2,188,3,1077,1,30
1098,119,2,189,7,1084,2,70
1099,119,2,190,9,1093,4,90
1100,119,2,191,4,1097,4,40
1101,119,2,192,9,1106,2,90
1102,119,2,193,5,1111,1,50
1103,119,2,194,7,1118,4,70
1104,119,2,195,3,1121,1,30
1105,119,2,196,7,1128,1,70
1106,119,2,197,7,1135,2,70
1107,119,2,198,8,1143,5,80
1108,119,2,199,3,1146,2,30
1109,119,2,200,3,1149,4,30
1110,119,2,201,9,1158,3,90
1111,119,2,202,8,1166,3,80
1112,119,2,203,8,1174,1,80
1113,119,2,204,2,1176,1,20
1114,119,2,205,5,1181,1,50
1115,119,2,206,3,1184,6,30
1116,119,2,207,5,1189,1,50
1117,119,2,208,2,1191,2,20
1118,119,2,209,2,1193,3,20
1119,119,2,210,2,1195,1,20
1120,119,2,211,4,1199,1,40
1121,119,2,212,8,1207,1,80
1122,119,2,213,5,1212,5,50
1123,119,2,214,9,1221,2,90
1124,119,2,215,3,1224,2,30
1125,119,2,216,4,1228,1,40
1126,119,2,217,5,1233,1,50
1127,119,2,218,9,1242,5,90
1128,119,2,219,2,1244,2,20
1129,119,2,220,6,1250,2,60
1130,119,2,221,2,1252,1,20
1131,119,2,222,5,1257,3,50
1132,119,2,223,8,1265,7,80
1133,119,2,224,2,1267,4,20
1134,119,2,225,5,1272,1,50
1135,119,2,226,7,1279,2,70
1136,119,2,227,9,1288,1,90
1137,119,2,228,5,1293,2,50
1138,119,2,229,6,1299,2,60
1139,119,2,230,8,1307,3,80
1140,119,2,231,3,1310,1,30
1141,119,2,232,2,1312,5,20
1142,119,2,233,5,1317,5,50
1143,119,2,234,3,1320,1,30
1144,119,2,235,2,1322,4,20
1145,119,2,236,3,1325,2,30
1146,119,2,237,9,1334,3,90
1147,119,2,238,3,1337,2,30
1148,119,2,239,4,1341,1,40
1149,119,2,240,4,1345,3,40
1150,119,2,241,6,1351,2,60
1151,119,2,242,6,1357,1,60
1152,119,2,243,2,1359,4,20
1153,119,2,244,6,1365,2,60
1154,119,2,245,6,1371,1,60
1155,119,2,246,2,1373,1,20
1156,119,2,247,7,1380,5,70
1157,119,2,248,9,1389,1,90
1158,119,2,249,6,1395,4,60
1159,119,2,250,3,1398,2,30
1160,119,2,251,4,1402,1,40
1161,119,2,252,2,1404,1,20
1162,119,2,253,3,1407,4,30
1163,119,2,254,3,1410,4,30
1164,119,2,255,9,1419,2,90
1165,119,2,256,9,1428,2,90
1166,119,2,257,8,1436,2,80
1167,119,2,258,8,1444,4,80
1168,119,2,259,4,1448,4,40
1169,119,2,260,2,1450,1,20
1170,119,2,261,9,1459,11,90
1171,119,2,262,6,1465,2,60
1172,119,2,263,9,1474,7,90
1173,119,2,264,5,1479,3,50
1174,119,2,265,3,1482,4,30
1175,119,2,266,4,1486,1,40
1176,119,2,267,9,1495,4,90
1177,119,2,268,3,1498,1,30
1178,119,2,269,2,1500,1,20
1179,119,2,270,2,1502,1,20
1180,119,2,271,3,1505,1,30
1181,119,2,272,3,1508,5,30
1182,119,2,273,6,1514,1,60
1183,119,2,274,7,1521,4,70
1184,119,2,275,9,1530,1,90
1185,119,2,276,6,1536,5,60
1186,119,2,277,5,1541,6,50
1187,119,2,278,5,1546,1,50
1188,119,2,279,7,1553,3,70
1189,119,2,280,9,1562,1,90
1190,119,2,281,9,1571,1,90
1191,119,2,282,3,1574,9,30
1192,119,2,283,3,1577,1,30
1193,119,2,284,7,1584,5,70
1194,119,2,285,6,1590,5,60
1195,119,2,286,2,1592,1,20
1196,119,2,287,8,1600,7,80
1197,119,2,288,8,1608,2,80
1198,119,2,289,6,1614,3,60
1199,119,2,290,6,1620,1,60
1200,119,2,291,7,1627,3,70
1201,119,2,292,9,1636,3,90
1202,119,2,293,9,1645,1,90
1203,119,2,294,9,1654,1,90
1204,119,2,295,5,1659,8,50
1205,119,2,296,9,1668,1,90
1206,119,2,297,8,1676,1,80
1207,119,2,298,8,1684,8,80
1208,119,2,299,7,1691,1,70
1209,119,2,300,8,1699,1,80
1210,119,2,301,2,1701,5,20
1211,119,2,302,5,1706,1,50
1212,119,2,303,5,1711,1,50
1213,119,2,304,6,1717,7,60
1214,119,2,305,8,1725,1,80
1215,119,2,306,3,1728,1,30
1216,119,2,307,7,1735,3,70
1217,119,2,308,6,1741,1,60
1218,119,2,309,2,1743,8,20
1219,119,2,310,4,1747,1,40
1220,119,2,311,3,1750,5,30
1221,119,2,312,9,1759,6,90
1222,119,2,313,6,1765,1,60
1223,119,2,314,9,1774,4,90
1224,119,2,315,6,1780,1,60
1225,119,2,316,9,1789,4,90
1226,119,2,317,7,1796,1,70
1227,119,2,318,6,1802,1,60
1228,119,2,319,8,1810,9,80
1229,119,2,320,3,1813,1,30
1230,119,2,321,4,1817,0,40
1231,119,2,322,7,1824,4,70
1232,119,2,323,9,1833,3,90
1233,119,2,324,3,1836,1,30
1234,119,2,325,4,1840,1,40
1235,119,2,326,9,1849,4,90
1236,119,2,327,2,1851,1,20
1237,119,2,328,2,1853,8,20
1238,119,2,329,3,1856,1,30
1239,119,2,330,9,1865,0,90
1240,119,2,331,8,1873,1,80
1241,119,2,332,6,1879,4,60
1242,119,2,333,7,1886,2,70
1243,119,2,334,8,1894,2,80
1244,119,2,335,6,1900,3,60
1245,119,2,336,9,1909,1,90
1246,119,2,337,5,1914,1,50
1247,119,2,338,3,1917,6,30
1248,119,2,339,8,1925,1,80
1249,119,2,340,2,1927,2,20
1250,119,2,341,6,1933,1,60
1251,119,2,342,4,1937,1,40
1252,119,2,343,5,1942,2,50
1253,119,2,344,9,1951,4,90
1254,119,2,345,4,1955,3,40
1255,119,2,346,2,1957,6,20
1256,119,2,347,4,1961,2,40
1257,119,2,348,6,1967,1,60
1258,119,2,349,4,1971,1,40
1259,119,2,350,4,1975,1,40
1260,119,2,351,5,1980,2,50
1261,119,2,352,2,1982,3,20
1262,119,2,353,9,1991,3,90
1263,119,2,354,3,1994,2,30
1264,119,2,355,4,1998,2,40
1265,119,2,356,4,2002,1,40
1266,119,2,357,7,2009,4,70
1267,119,2,358,7,2016,1,70
1268,119,2,359,5,2021,2,50
1269,119,2,360,3,2024,1,30
1270,119,2,361,5,2029,5,50
1271,119,2,362,7,2036,2,70
1272,119,2,363,9,2045,6,90
1273,119,2,364,7,2052,5,70
1274,119,2,365,9,2061,1,90
1275,119,2,366,3,2064,4,30
1276,119,2,367,4,2068,2,40
1277,119,2,368,6,2074,1,60
1278,119,2,369,8,2082,1,80
1279,119,2,370,7,2089,7,70
1280,119,2,371,3,2092,2,30
1281,119,2,372,4,2096,1,40
1282,119,2,373,7,2103,1,70
1283,119,2,374,7,2110,5,70
1284,119,2,375,8,2118,3,80
1285,119,2,376,8,2126,2,80
1286,119,2,377,9,2135,6,90
1287,119,2,378,3,2138,5,30
1288,119,2,379,6,2144,1,60
1289,119,2,380,3,2147,4,30
1290,119,2,381,3,2150,2,30
1291,119,2,382,9,2159,1,90
1292,119,2,383,9,2168,1,90
1293,119,2,384,3,2171,6,30
1294,119,2,385,3,2174,5,30
1295,119,2,386,5,2179,1,50
1296,119,2,387,3,2182,1,30
1297,119,2,388,3,2185,4,30
1298,119,2,389,2,2187,1,20
1299,119,2,390,9,2196,6,90
1300,119,2,391,4,2200,1,40
1301,119,2,392,7,2207,4,70
1302,119,2,393,2,2209,1,20
1303,119,2,394,9,2218,4,90
1304,119,2,395,6,2224,1,60
1305,119,2,396,2,2226,0,20
1306,119,2,397,8,2234,2,80
1307,119,2,398,3,2237,2,30
1308,119,2,399,9,2246,1,90
1309,119,2,400,9,2255,1,90
1310,119,2,401,6,2261,1,60
1311,119,2,402,5,2266,3,50
1312,119,2,403,7,2273,5,70
1313,119,2,404,5,2278,7,50
1314,119,2,405,5,2283,1,50
1315,119,2,406,9,2292,12,90
1316,119,2,407,7,2299,6,70
1317,119,2,408,6,2305,1,60
1318,119,2,409,7,2312,4,70
1319,119,2,410,4,2316,8,40
1320,119,2,411,3,2319,2,30
1321,119,2,412,4,2323,1,40
1322,119,2,413,9,2332,3,90
1323,119,2,414,7,2339,8,70
1324,119,2,415,3,2342,1,30
1325,119,2,416,9,2351,3,90
1326,119,2,417,5,2356,5,50
1327,119,2,418,8,2364,3,80
1328,119,2,419,5,2369,3,50
1329,119,2,420,2,2371,1,20
1330,119,2,421,9,2380,3,90
1331,119,2,422,7,2387,1,70
1332,119,2,423,5,2392,4,50
1333,119,2,424,3,2395,1,30
1334,119,2,425,8,2403,6,80
1335,119,2,426,3,2406,3,30
1336,119,2,427,8,2414,1,80
1337,119,2,428,3,2417,3,30
1338,119,2,429,8,2425,3,80
1339,119,2,430,9,2434,4,90
1340,119,2,431,7,2441,7,70
1341,119,2,432,8,2449,4,80
1342,119,2,433,3,2452,1,30
1343,119,2,434,5,2457,3,50
1344,119,2,435,5,2462,1,50
1345,119,2,436,9,2471,2,90
1346,119,2,437,9,2480,6,90
1347,119,2,438,7,2487,3,70
1348,119,2,439,3,2490,3,30
1349,119,2,440,6,2496,1,60
1350,119,2,441,6,2502,3,60
1351,119,2,442,8,2510,2,80
1352,119,2,443,2,2512,0,20
1353,119,2,444,4,2516,1,40
1354,119,2,445,8,2524,1,80
1355,119,2,446,7,2531,2,70
1356,119,2,447,7,2538,4,70
1357,119,2,448,3,2541,3,30
1358,119,2,449,2,2543,1,20
1359,119,2,450,3,2546,6,30
1360,119,2,451,4,2550,3,40
1361,119,2,452,4,2554,1,40
1362,119,2,453,6,2560,5,60
1363,119,2,454,5,2565,1,50
1364,119,2,455,9,2574,1,90
1365,119,2,456,7,2581,1,70
1366,119,2,457,2,2583,1,20
1367,119,2,458,5,2588,4,50
1368,119,2,459,5,2593,1,50
1369,119,2,460,9,2602,7,90
1370,119,2,461,8,2610,2,80
1371,119,2,462,9,2619,4,90
1372,119,2,463,4,2623,4,40
1373,119,2,464,2,2625,3,20
1374,119,2,465,4,2629,2,40
1375,119,2,466,5,2634,5,50
1376,119,2,467,4,2638,1,40
1377,119,2,468,2,2640,1,20
1378,119,2,469,7,2647,1,70
1379,119,2,470,3,2650,5,30
1380,119,2,471,3,2653,4,30
1381,119,2,472,6,2659,3,60
1382,119,2,473,5,2664,1,50
1383,119,2,474,4,2668,1,40
1384,119,2,475,7,2675,3,70
1385,119,2,476,9,2684,5,90
1386,119,2,477,8,2692,1,80
1387,119,2,478,5,2697,1,50
1388,119,2,479,2,2699,7,20
1389,119,2,480,6,2705,7,60
1390,119,2,481,5,2710,1,50
1391,119,2,482,2,2712,1,20
1392,119,2,483,7,2719,8,70
1393,119,2,484,7,2726,1,70
1394,119,2,485,3,2729,6,30
1395,119,2,486,2,2731,2,20
1396,119,2,487,8,2739,1,80
1397,119,2,488,4,2743,5,40
1398,119,2,489,5,2748,5,50
1399,119,2,490,7,2755,1,70
1400,119,2,491,4,2759,1,40
1401,119,2,492,5,2764,1,50
1402,119,2,493,4,2768,7,40
1403,119,2,494,5,2773,4,50
1404,119,2,495,6,2779,1,60
1405,119,2,496,2,2781,3,20
1406,119,2,497,8,2789,1,80
1407,119,2,498,5,2794,4,50
1408,119,2,499,9,2803,2,90
1409,119,2,500,8,2811,6,80
1410,119,2,501,9,2820,1,90
1411,119,2,502,5,2825,4,50
1412,119,2,503,5,2830,2,50
1413,119,2,504,8,2838,1,80
1414,119,2,505,3,2841,2,30
1415,119,2,506,9,2850,1,90
1416,119,2,507,5,2855,6,50
1417,119,2,508,4,2859,1,40
1418,119,2,509,6,2865,1,60
1419,119,2,510,5,2870,1,50
1420,119,2,511,9,2879,1,90
1421,119,2,512,6,2885,5,60
1422,119,2,513,8,2893,5,80
1423,119,2,514,8,2901,1,80
1424,119,2,515,2,2903,5,20
1425,119,2,516,4,2907,4,40
1426,119,2,517,8,2915,1,80
1427,119,2,518,4,2919,1,40
1428,119,2,519,5,2924,1,50
1429,119,2,520,4,2928,1,40
1430,119,2,521,6,2934,1,60
1431,119,2,522,6,2940,5,60
1432,119,2,523,9,2949,2,90
1433,119,2,524,9,2958,8,90
1434,119,2,525,6,2964,4,60
1435,119,2,526,4,2968,2,40
1436,119,2,527,8,2976,3,80
1437,119,2,528,8,2984,1,80
1438,119,2,529,6,2990,3,60
1439,119,2,530,7,2997,1,70
1440,119,2,531,8,3005,1,80
1441,119,2,532,4,3009,4,40
1442,119,2,533,6,3015,5,60
1443,119,2,534,5,3020,1,50
1444,119,2,535,6,3026,6,60
1445,119,2,536,4,3030,1,40
1446,119,2,537,4,3034,3,40
1447,119,2,538,8,3042,3,80
1448,119,2,539,4,3046,3,40
1449,119,2,540,6,3052,9,60
1450,119,2,541,4,3056,1,40
1451,119,2,542,3,3059,1,30
1452,119,2,543,3,3062,1,30
1453,119,2,544,8,3070,1,80
1454,119,2,545,4,3074,5,40
1455,119,2,546,4,3078,4,40
1456,119,2,547,2,3080,4,20
1457,119,2,548,7,3087,7,70
1458,119,2,549,8,3095,1,80
1459,119,2,550,9,3104,1,90
1460,119,2,551,7,3111,1,70
1461,119,2,552,6,3117,4,60
1462,119,2,553,9,3126,3,90
1463,119,2,554,8,3134,7,80
1464,119,2,555,3,3137,1,30
1465,119,2,556,8,3145,4,80
1466,119,2,557,8,3153,4,80
1467,119,2,558,2,3155,1,20
1468,119,2,559,2,3157,3,20
1469,119,2,560,3,3160,5,30
1470,119,2,561,5,3165,6,50
1471,119,2,562,3,3168,1,30
1472,119,2,563,9,3177,1,90
1473,119,2,564,4,3181,3,40
1474,119,2,565,5,3186,3,50
1475,119,2,566,5,3191,1,50
1476,119,2,567,8,3199,2,80
1477,119,2,568,8,3207,6,80
1478,119,2,569,2,3209,3,20
1479,119,2,570,7,3216,2,70
1480,119,2,571,5,3221,1,50
1481,119,2,572,9,3230,9,90
1482,119,2,573,9,3239,1,90
1483,119,2,574,4,3243,1,40
1484,119,2,575,7,3250,4,70
1485,119,2,576,5,3255,9,50
1486,119,2,577,8,3263,1,80
1487,119,2,578,5,3268,4,50
1488,119,2,579,7,3275,5,70
1489,119,2,580,2,3277,1,20
1490,119,2,581,2,3279,4,20
1491,119,2,582,4,3283,4,40
1492,119,2,583,2,3285,1,20
1493,119,2,584,6,3291,1,60
1494,119,2,585,2,3293,2,20
1495,119,2,586,4,3297,4,40
1496,119,2,587,5,3302,1,50
1497,119,2,588,5,3307,1,50
1498,119,2,589,4,3311,1,40
1499,119,2,590,2,3313,1,20
1500,119,2,591,9,3322,1,90
1501,119,2,592,6,3328,3,60
1502,119,2,593,5,3333,2,50
1503,119,2,594,6,3339,1,60
1504,119,2,595,4,3343,1,40
1505,119,2,596,3,3346,1,30
1506,119,2,597,2,3348,1,20
1507,119,2,598,2,3350,1,20
1508,119,2,599,3,3353,1,30
1509,119,2,600,3,3356,1,30
1510,119,2,601,6,3362,1,60
1511,119,2,602,6,3368,1,60
1512,119,2,603,6,3374,2,60
1513,119,2,604,6,3380,5,60
1514,119,2,605,2,3382,1,20
1515,119,2,606,9,3391,1,90
1516,119,2,607,9,3400,8,90
1517,119,2,608,9,3409,4,90
1518,119,2,609,3,3412,4,30
1519,119,2,610,4,3416,4,40
1520,119,2,611,4,3420,2,40
1521,119,2,612,8,3428,2,80
1522,119,2,613,7,3435,1,70
1523,119,2,614,6,3441,5,60
1524,119,2,615,5,3446,4,50
1525,119,2,616,6,3452,5,60
1526,119,2,617,6,3458,1,60
1527,119,2,618,8,3466,1,80
1528,119,2,619,2,3468,2,20
1529,119,2,620,5,3473,6,50
1530,119,2,621,6,3479,1,60
1531,119,2,622,7,3486,1,70
1532,119,2,623,3,3489,1,30
1533,119,2,624,3,3492,1,30
1534,119,2,625,9,3501,7,90
1535,119,2,626,7,3508,7,70
1536,119,2,627,5,3513,6,50
1537,119,2,628,2,3515,3,20
1538,119,2,629,7,3522,5,70
1539,119,2,630,4,3526,2,40
1540,119,2,631,3,3529,5,30
1541,119,2,632,5,3534,1,50
1542,119,2,633,8,3542,1,80
1543,119,2,634,3,3545,4,30
1544,119,2,635,3,3548,1,30
1545,119,2,636,2,3550,2,20
1546,119,2,637,4,3554,3,40
1547,119,2,638,6,3560,1,60
1548,119,2,639,3,3563,1,30
1549,119,2,640,3,3566,2,30
1550,119,2,641,9,3575,6,90
1551,119,2,642,3,3578,2,30
1552,119,2,643,2,3580,5,20
1553,119,2,644,8,3588,1,80
1554,119,2,645,7,3595,1,70
1555,119,2,646,9,3604,2,90
1556,119,2,647,2,3606,1,20
1557,119,2,648,5,3611,1,50
1558,119,2,649,9,3620,1,90
1559,119,2,650,5,3625,4,50
1560,119,2,651,8,3633,2,80
1561,119,2,652,2,3635,5,20
1562,119,2,653,9,3644,6,90
1563,119,2,654,5,3649,4,50
1564,119,2,655,5,3654,1,50
1565,119,2,656,7,3661,3,70
1566,119,2,657,9,3670,3,90
1567,119,2,658,7,3677,1,70
1568,119,2,659,7,3684,3,70
1569,119,2,660,4,3688,1,40
1570,119,2,661,5,3693,6,50
1571,119,2,662,8,3701,3,80
1572,119,2,663,5,3706,2,50
1573,119,2,664,4,3710,5,40
1574,119,2,665,9,3719,1,90
1575,119,2,666,2,3721,1,20
1576,119,2,667,7,3728,3,70
1577,119,2,668,5,3733,4,50
1578,119,2,669,6,3739,4,60
1579,119,2,670,2,3741,6,20
1580,119,2,671,3,3744,3,30
1581,119,2,672,8,3752,5,80
1582,119,2,673,8,3760,2,80
1583,119,2,674,5,3765,1,50
1584,119,2,675,3,3768,2,30
1585,119,2,676,9,3777,3,90
1586,119,2,677,9,3786,3,90
1587,119,2,678,6,3792,8,60
1588,119,2,679,3,3795,2,30
1589,119,2,680,5,3800,1,50
1590,119,2,681,7,3807,4,70
1591,119,2,682,8,3815,1,80
1592,119,2,683,8,3823,3,80
1593,119,2,684,3,3826,7,30
1594,119,2,685,4,3830,1,40
1595,119,2,686,6,3836,2,60
1596,119,2,687,9,3845,1,90
1597,119,2,688,4,3849,2,40
1598,119,2,689,7,3856,2,70
1599,119,2,690,5,3861,1,50
1600,119,2,691,7,3868,5,70
1601,119,2,692,7,3875,5,70
1602,119,2,693,6,3881,4,60
1603,119,2,694,5,3886,8,50
1604,119,2,695,3,3889,1,30
1605,119,2,696,2,3891,4,20
1606,119,2,697,6,3897,5,60
1607,119,2,698,4,3901,1,40
1608,119,2,699,6,3907,4,60
1609,119,2,700,4,3911,1,40
1610,119,2,701,4,3915,2,40
1611,119,2,702,5,3920,3,50
1612,119,2,703,6,3926,1,60
1613,119,2,704,8,3934,6,80
1614,119,2,705,8,3942,1,80
1615,119,2,706,2,3944,2,20
1616,119,2,707,5,3949,2,50
1617,119,2,708,4,3953,1,40
1618,119,2,709,9,3962,1,90
1619,119,2,710,3,3965,1,30
1620,119,2,711,4,3969,2,40
1621,119,2,712,3,3972,7,30
1622,119,2,713,5,3977,1,50
1623,119,2,714,7,3984,3,70
1624,119,2,715,3,3987,5,30
1625,119,2,716,3,3990,2,30
1626,119,2,717,3,3993,0,30
1627,119,2,718,9,4002,1,90
1628,119,2,719,8,4010,2,80
1629,119,2,720,5,4015,5,50
1630,119,2,721,2,4017,0,20
1631,119,2,722,6,4023,2,60
1632,119,2,723,5,4028,3,50
1633,119,2,724,6,4034,1,60
1634,119,2,725,7,4041,3,70
1635,119,2,726,8,4049,3,80
1636,119,2,727,8,4057,1,80
1637,119,2,728,7,4064,4,70
1638,119,2,729,8,4072,5,80
1639,119,2,730,7,4079,1,70
1640,119,2,731,4,4083,3,40
1641,119,2,732,7,4090,2,70
1642,119,2,733,4,4094,0,40
1643,119,2,734,8,4102,3,80
1644,119,2,735,8,4110,1,80
1645,119,2,736,3,4113,6,30
1646,119,2,737,2,4115,1,20
1647,119,2,738,7,4122,2,70
1648,119,2,739,9,4131,1,90
1649,119,2,740,4,4135,1,40
1650,119,2,741,7,4142,1,70
1651,119,2,742,4,4146,2,40
1652,119,2,743,4,4150,1,40
1653,119,2,744,4,4154,1,40
1654,119,2,745,9,4163,1,90
1655,119,2,746,8,4171,1,80
1656,119,2,747,9,4180,3,90
1657,119,2,748,9,4189,6,90
1658,119,2,749,9,4198,6,90
1659,119,2,750,5,4203,1,50
1660,119,2,751,3,4206,5,30
1661,119,2,752,4,4210,4,40
1662,119,2,753,6,4216,1,60
1663,119,2,754,3,4219,4,30
1664,119,2,755,7,4226,2,70
1665,119,2,756,9,4235,3,90
1666,119,2,757,3,4238,1,30
1667,119,2,758,2,4240,1,20
1668,119,2,759,7,4247,1,70
1669,119,2,760,6,4253,6,60
1670,119,2,761,2,4255,1,20
1671,119,2,762,6,4261,1,60
1672,119,2,763,7,4268,1,70
1673,119,2,764,2,4270,3,20
1674,119,2,765,2,4272,1,20
1675,119,2,766,5,4277,1,50
1676,119,2,767,4,4281,7,40
1677,119,2,768,9,4290,1,90
1678,119,2,769,9,4299,13,90
1679,119,2,770,2,4301,5,20
1680,119,2,771,7,4308,2,70
1681,119,2,772,6,4314,1,60
1682,119,2,773,9,4323,4,90
1683,119,2,774,9,4332,1,90
1684,119,2,775,4,4336,4,40
1685,119,2,776,6,4342,1,60
1686,119,2,777,3,4345,6,30
1687,119,2,778,6,4351,1,60
1688,119,2,779,2,4353,1,20
1689,119,2,780,4,4357,8,40
1690,119,2,781,4,4361,5,40
1691,119,2,782,9,4370,3,90
1692,119,2,783,5,4375,0,50
1693,119,2,784,8,4383,1,80
1694,119,2,785,4,4387,1,40
1695,119,2,786,4,4391,1,40
1696,119,2,787,5,4396,1,50
1697,119,2,788,5,4401,0,50
1698,119,2,789,2,4403,5,20
1699,119,2,790,9,4412,1,90
1700,119,2,791,3,4415,1,30
1701,119,2,792,4,4419,1,40
1702,119,2,793,5,4424,1,50
1703,119,2,794,5,4429,1,50
1704,119,2,795,3,4432,5,30
1705,119,2,796,3,4435,4,30
1706,119,2,797,6,4441,5,60
1707,119,2,798,6,4447,7,60
1708,119,2,799,2,4449,5,20
1709,119,2,800,4,4453,1,40
1710,119,2,801,8,4461,0,80
1711,119,2,802,8,4469,1,80
1712,119,2,803,2,4471,3,20
1713,119,2,804,5,4476,1,50
1714,119,2,805,7,4483,1,70
1715,119,2,806,2,4485,3,20
1716,119,2,807,7,4492,11,70
1717,119,2,808,2,4494,3,20
1718,119,2,809,2,4496,3,20
1719,119,2,810,4,4500,1,40
1720,119,2,811,7,4507,1,70
1721,119,2,812,7,4514,2,70
1722,119,2,813,3,4517,1,30
1723,119,2,814,8,4525,7,80
1724,119,2,815,9,4534,3,90
1725,119,2,816,2,4536,6,20
1726,119,2,817,6,4542,1,60
1727,119,2,818,8,4550,1,80
1728,119,2,819,9,4559,5,90
1729,119,2,820,8,4567,5,80
1730,119,2,821,7,4574,6,70
1731,119,2,822,3,4577,4,30
1732,119,2,823,4,4581,6,40
1733,119,2,824,4,4585,1,40
1734,119,2,825,7,4592,1,70
1735,119,2,826,2,4594,5,20
1736,119,2,827,3,4597,3,30
1737,119,2,828,4,4601,0,40
1738,119,2,829,4,4605,1,40
1739,119,2,830,6,4611,2,60
1740,119,2,831,3,4614,1,30
1741,119,2,832,7,4621,3,70
1742,119,2,833,4,4625,1,40
1743,119,2,834,8,4633,1,80
1744,119,2,835,2,4635,4,20
1745,119,2,836,6,4641,5,60
1746,119,2,837,7,4648,5,70
1747,119,2,838,2,4650,1,20
1748,119,2,839,7,4657,1,70
1749,119,2,840,3,4660,2,30
1750,119,2,841,3,4663,1,30
1751,119,2,842,5,4668,1,50
1752,119,2,843,8,4676,5,80
1753,119,2,844,7,4683,6,70
1754,119,2,845,6,4689,4,60
1755,119,2,846,5,4694,5,50
1756,119,2,847,8,4702,3,80
1757,119,2,848,3,4705,1,30
1758,119,2,849,4,4709,1,40
1759,119,2,850,9,4718,6,90
1760,119,2,851,5,4723,1,50
1761,119,2,852,3,4726,3,30
1762,119,2,853,9,4735,1,90
1763,119,2,854,7,4742,1,70
1764,119,2,855,4,4746,5,40
1765,119,2,856,2,4748,1,20
1766,119,2,857,8,4756,1,80
1767,119,2,858,7,4763,5,70
1768,119,2,859,7,4770,5,70
1769,119,2,860,2,4772,3,20
1770,119,2,861,9,4781,7,90
1771,119,2,862,9,4790,1,90
1772,119,2,863,9,4799,1,90
1773,119,2,864,3,4802,1,30
1774,119,2,865,5,4807,6,50
1775,119,2,866,7,4814,2,70
1776,119,2,867,7,4821,5,70
1777,119,2,868,4,4825,6,40
1778,119,2,869,7,4832,3,70
1779,119,2,870,8,4840,1,80
1780,119,2,871,4,4844,5,40
1781,119,2,872,9,4853,4,90
1782,119,2,873,3,4856,6,30
1783,119,2,874,6,4862,9,60
1784,119,2,875,2,4864,6,20
1785,119,2,876,8,4872,1,80
1786,119,2,877,2,4874,6,20
1787,119,2,878,9,4883,1,90
1788,119,2,879,3,4886,1,30
1789,119,2,880,6,4892,1,60
1790,119,2,881,8,4900,6,80
1791,119,2,882,8,4908,3,80
1792,119,2,883,4,4912,1,40
1793,119,2,884,2,4914,1,20
1794,119,2,885,5,4919,2,50
1795,119,2,886,6,4925,6,60
1796,119,2,887,8,4933,1,80
1797,119,2,888,8,4941,7,80
1798,119,2,889,7,4948,6,70
1799,119,2,890,8,4956,5,80
1800,119,2,891,4,4960,2,40
1801,119,2,892,2,4962,1,20
1802,119,2,893,4,4966,5,40
1803,119,2,894,4,4970,3,40
1804,119,2,895,8,4978,4,80
1805,119,2,896,5,4983,1,50
1806,119,2,897,4,4987,4,40
1807,119,2,898,9,4996,3,90
1808,119,3,1,6,6,1,60
1809,119,3,2,3,9,1,30
1810,119,3,3,9,18,3,90
1811,119,3,4,4,22,0,40
1812,119,3,5,8,30,1,80
1813,119,3,6,3,33,1,30
1814,119,3,7,3,36,3,30
1815,119,3,8,7,43,1,70
1816,119,3,9,5,48,1,50
1817,119,3,10,7,55,6,70
1818,119,3,11,9,64,3,90
1819,119,3,12,2,66,5,20
1820,119,3,13,8,74,2,80
1821,119,3,14,8,82,3,80
1822,119,3,15,3,85,6,30
1823,119,3,16,2,87,1,20
1824,119,3,17,7,94,5,70
1825,119,3,18,2,96,2,20
1826,119,3,19,8,104,4,80
1827,119,3,20,7,111,1,70
1828,119,3,21,3,114,1,30
1829,119,3,22,7,121,1,70
1830,119,3,23,5,126,4,50
1831,119,3,24,8,134,1,80
1832,119,3,25,8,142,10,80
1833,119,3,26,3,145,4,30
1834,119,3,27,3,148,1,30
1835,119,3,28,2,150,3,20
1836,119,3,29,6,156,4,60
1837,119,3,30,5,161,3,50
1838,119,3,31,4,165,0,40
1839,119,3,32,8,173,2,80
1840,119,3,33,8,181,6,80
1841,119,3,34,2,183,5,20
1842,119,3,35,9,192,1,90
1843,119,3,36,4,196,0,40
1844,119,3,37,6,202,2,60
1845,119,3,38,2,204,3,20
1846,119,3,39,5,209,5,50
1847,119,3,40,4,213,3,40
1848,119,3,41,5,218,2,50
1849,119,3,42,4,222,5,40
1850,119,3,43,7,229,1,70
1851,119,3,44,6,235,1,60
1852,119,3,45,5,240,1,50
1853,119,3,46,2,242,1,20
1854,119,3,47,4,246,1,40
1855,119,3,48,7,253,4,70
1856,119,3,49,8,261,4,80
1857,119,3,50,8,269,2,80
1858,119,3,51,8,277,1,80
1859,119,3,52,9,286,5,90
1860,119,3,53,3,289,1,30
1861,119,3,54,8,297,3,80
1862,119,3,55,9,306,1,90
1863,119,3,56,9,315,7,90
1864,119,3,57,2,317,8,20
1865,119,3,58,2,319,4,20
1866,119,3,59,4,323,7,40
1867,119,3,60,5,328,1,50
1868,119,3,61,9,337,2,90
1869,119,3,62,3,340,1,30
1870,119,3,63,8,348,2,80
1871,119,3,64,2,350,1,20
1872,119,3,65,8,358,2,80
1873,119,3,66,9,367,1,90
1874,119,3,67,6,373,2,60
1875,119,3,68,7,380,1,70
1876,119,3,69,2,382,1,20
1877,119,3,70,8,390,1,80
1878,119,3,71,9,399,1,90
1879,119,3,72,3,402,2,30
1880,119,3,73,3,405,3,30
1881,119,3,74,5,410,4,50
1882,119,3,75,5,415,1,50
1883,119,3,76,5,420,1,50
1884,119,3,77,9,429,5,90
1885,119,3,78,4,433,1,40
1886,119,3,79,9,442,3,90
1887,119,3,80,9,451,5,90
1888,119,3,81,5,456,4,50
1889,119,3,82,4,460,1,40
1890,119,3,83,3,463,1,30
1891,119,3,84,3,466,2,30
1892,119,3,85,2,468,5,20
1893,119,3,86,9,477,2,90
1894,119,3,87,3,480,1,30
1895,119,3,88,2,482,1,20
1896,119,3,89,4,486,1,40
1897,119,3,90,8,494,3,80
1898,119,3,91,7,501,1,70
1899,119,3,92,5,506,1,50
1900,119,3,93,3,509,4,30
1901,119,3,94,3,512,5,30
1902,119,3,95,7,519,1,70
1903,119,3,96,3,522,6,30
1904,119,3,97,8,530,1,80
1905,119,3,98,7,537,1,70
1906,119,3,99,6,543,1,60
1907,119,3,100,2,545,3,20
1908,119,3,101,5,550,1,50
1909,119,3,102,3,553,3,30
1910,119,3,103,5,558,1,50
1911,119,3,104,3,561,1,30
1912,119,3,105,4,565,5,40
1913,119,3,106,8,573,5,80
1914,119,3,107,7,580,1,70
1915,119,3,108,2,582,5,20
1916,119,3,109,4,586,6,40
1917,119,3,110,6,592,8,60
1918,119,3,111,8,600,1,80
1919,119,3,112,8,608,2,80
1920,119,3,113,8,616,3,80
1921,119,3,114,4,620,1,40
1922,119,3,115,3,623,9,30
1923,119,3,116,9,632,1,90
1924,119,3,117,4,636,1,40
1925,119,3,118,4,640,1,40
1926,119,3,119,2,642,1,20
1927,119,3,120,3,645,1,30
1928,119,3,121,6,651,4,60
1929,119,3,122,5,656,3,50
1930,119,3,123,7,663,6,70
1931,119,3,124,3,666,1,30
1932,119,3,125,9,675,1,90
1933,119,3,126,4,679,1,40
1934,119,3,127,9,688,5,90
1935,119,3,128,3,691,2,30
1936,119,3,129,9,700,4,90
1937,119,3,130,3,703,6,30
1938,119,3,131,5,708,1,50
1939,119,3,132,4,712,1,40
1940,119,3,133,5,717,3,50
1941,119,3,134,7,724,1,70
1942,119,3,135,2,726,4,20
1943,119,3,136,7,733,2,70
1944,119,3,137,7,740,2,70
1945,119,3,138,8,748,7,80
1946,119,3,139,2,750,1,20
1947,119,3,140,6,756,1,60
1948,119,3,141,9,765,2,90
1949,119,3,142,9,774,1,90
1950,119,3,143,6,780,1,60
1951,119,3,144,5,785,4,50
1952,119,3,145,3,788,1,30
1953,119,3,146,3,791,3,30
1954,119,3,147,9,800,1,90
1955,119,3,148,5,805,1,50
1956,119,3,149,3,808,0,30
1957,119,3,150,4,812,3,40
1958,119,3,151,9,821,1,90
1959,119,3,152,8,829,6,80
1960,119,3,153,5,834,4,50
1961,119,3,154,3,837,6,30
1962,119,3,155,9,846,6,90
1963,119,3,156,8,854,3,80
1964,119,3,157,3,857,3,30
1965,119,3,158,7,864,2,70
1966,119,3,159,4,868,1,40
1967,119,3,160,4,872,4,40
1968,119,3,161,6,878,1,60
1969,119,3,162,7,885,3,70
1970,119,3,163,4,889,1,40
1971,119,3,164,5,894,1,50
1972,119,3,165,7,901,5,70
1973,119,3,166,6,907,2,60
1974,119,3,167,2,909,5,20
1975,119,3,168,2,911,2,20
1976,119,3,169,9,920,3,90
1977,119,3,170,2,922,2,20
1978,119,3,171,6,928,7,60
1979,119,3,172,7,935,1,70
1980,119,3,173,2,937,4,20
1981,119,3,174,2,939,3,20
1982,119,3,175,6,945,1,60
1983,119,3,176,4,949,1,40
1984,119,3,177,6,955,0,60
1985,119,3,178,3,958,1,30
1986,119,3,179,8,966,4,80
1987,119,3,180,9,975,1,90
1988,119,3,181,9,984,4,90
1989,119,3,182,9,993,1,90
1990,119,3,183,6,999,3,60
1991,119,3,184,3,1002,1,30
1992,119,3,185,3,1005,1,30
1993,119,3,186,9,1014,2,90
1994,119,3,187,3,1017,1,30
1995,119,3,188,9,1026,3,90
1996,119,3,189,9,1035,3,90
1997,119,3,190,6,1041,3,60
1998,119,3,191,3,1044,5,30
1999,119,3,192,4,1048,2,40
2000,119,3,193,8,1056,1,80
2001,119,3,194,6,1062,1,60
2002,119,3,195,6,1068,5,60
2003,119,3,196,9,1077,4,90
2004,119,3,197,9,1086,1,90
2005,119,3,198,2,1088,4,20
2006,119,3,199,6,1094,1,60
2007,119,3,200,9,1103,3,90
2008,119,3,201,3,1106,2,30
2009,119,3,202,9,1115,7,90
2010,119,3,203,3,1118,5,30
2011,119,3,204,9,1127,6,90
2012,119,3,205,6,1133,1,60
2013,119,3,206,9,1142,1,90
2014,119,3,207,7,1149,8,70
2015,119,3,208,3,1152,1,30
2016,119,3,209,3,1155,1,30
2017,119,3,210,4,1159,1,40
2018,119,3,211,7,1166,6,70
2019,119,3,212,8,1174,6,80
2020,119,3,213,2,1176,7,20
2021,119,3,214,3,1179,3,30
2022,119,3,215,3,1182,1,30
2023,119,3,216,2,1184,1,20
2024,119,3,217,8,1192,7,80
2025,119,3,218,8,1200,2,80
2026,119,3,219,7,1207,4,70
2027,119,3,220,5,1212,6,50
2028,119,3,221,4,1216,4,40
2029,119,3,222,9,1225,3,90
2030,119,3,223,4,1229,4,40
2031,119,3,224,7,1236,3,70
2032,119,3,225,2,1238,4,20
2033,119,3,226,2,1240,1,20
2034,119,3,227,8,1248,1,80
2035,119,3,228,2,1250,3,20
2036,119,3,229,5,1255,1,50
2037,119,3,230,8,1263,1,80
2038,119,3,231,8,1271,5,80
2039,119,3,232,3,1274,3,30
2040,119,3,233,2,1276,1,20
2041,119,3,234,3,1279,1,30
2042,119,3,235,6,1285,1,60
2043,119,3,236,5,1290,1,50
2044,119,3,237,7,1297,1,70
2045,119,3,238,3,1300,0,30
2046,119,3,239,4,1304,3,40
2047,119,3,240,3,1307,1,30
2048,119,3,241,9,1316,1,90
2049,119,3,242,8,1324,4,80
2050,119,3,243,6,1330,3,60
2051,119,3,244,7,1337,3,70
2052,119,3,245,3,1340,1,30
2053,119,3,246,3,1343,3,30
2054,119,3,247,2,1345,4,20
2055,119,3,248,4,1349,1,40
2056,119,3,249,7,1356,3,70
2057,119,3,250,4,1360,4,40
2058,119,3,251,6,1366,2,60
2059,119,3,252,6,1372,2,60
2060,119,3,253,3,1375,3,30
2061,119,3,254,8,1383,5,80
2062,119,3,255,3,1386,1,30
2063,119,3,256,8,1394,4,80
2064,119,3,257,4,1398,1,40
2065,119,3,258,2,1400,4,20
2066,119,3,259,2,1402,2,20
2067,119,3,260,9,1411,1,90
2068,119,3,261,3,1414,5,30
2069,119,3,262,8,1422,3,80
2070,119,3,263,7,1429,1,70
2071,119,3,264,8,1437,4,80
2072,119,3,265,6,1443,6,60
2073,119,3,266,4,1447,1,40
2074,119,3,267,6,1453,1,60
2075,119,3,268,5,1458,7,50
2076,119,3,269,8,1466,5,80
2077,119,3,270,3,1469,5,30
2078,119,3,271,9,1478,3,90
2079,119,3,272,9,1487,5,90
2080,119,3,273,9,1496,1,90
2081,119,3,274,2,1498,0,20
2082,119,3,275,2,1500,1,20
2083,119,3,276,3,1503,1,30
2084,119,3,277,8,1511,4,80
2085,119,3,278,9,1520,1,90
2086,119,3,279,2,1522,1,20
2087,119,3,280,7,1529,2,70
2088,119,3,281,6,1535,3,60
2089,119,3,282,4,1539,5,40
2090,119,3,283,9,1548,3,90
2091,119,3,284,2,1550,0,20
2092,119,3,285,9,1559,1,90
2093,119,3,286,6,1565,3,60
2094,119,3,287,3,1568,1,30
2095,119,3,288,4,1572,1,40
2096,119,3,289,6,1578,5,60
2097,119,3,290,3,1581,1,30
2098,119,3,291,5,1586,5,50
2099,119,3,292,7,1593,6,70
2100,119,3,293,6,1599,5,60
2101,119,3,294,8,1607,2,80
2102,119,3,295,7,1614,1,70
2103,119,3,296,3,1617,4,30
2104,119,3,297,6,1623,1,60
2105,119,3,298,9,1632,9,90
2106,119,3,299,2,1634,4,20
2107,119,3,300,6,1640,5,60
2108,119,3,301,3,1643,2,30
2109,119,3,302,6,1649,4,60
2110,119,3,303,8,1657,1,80
2111,119,3,304,7,1664,2,70
2112,119,3,305,6,1670,1,60
2113,119,3,306,4,1674,7,40
2114,119,3,307,6,1680,3,60
2115,119,3,308,3,1683,1,30
2116,119,3,309,8,1691,2,80
2117,119,3,310,6,1697,2,60
2118,119,3,311,3,1700,1,30
2119,119,3,312,5,1705,1,50
2120,119,3,313,4,1709,2,40
2121,119,3,314,3,1712,3,30
2122,119,3,315,8,1720,1,80
2123,119,3,316,3,1723,1,30
2124,119,3,317,5,1728,1,50
2125,119,3,318,3,1731,3,30
2126,119,3,319,2,1733,3,20
2127,119,3,320,4,1737,3,40
2128,119,3,321,3,1740,2,30
2129,119,3,322,6,1746,1,60
2130,119,3,323,9,1755,3,90
2131,119,3,324,5,1760,2,50
2132,119,3,325,5,1765,3,50
2133,119,3,326,7,1772,3,70
2134,119,3,327,6,1778,5,60
2135,119,3,328,3,1781,3,30
2136,119,3,329,7,1788,3,70
2137,119,3,330,5,1793,1,50
2138,119,3,331,7,1800,1,70
2139,119,3,332,3,1803,4,30
2140,119,3,333,6,1809,8,60
2141,119,3,334,6,1815,1,60
2142,119,3,335,9,1824,5,90
2143,119,3,336,2,1826,4,20
2144,119,3,337,2,1828,7,20
2145,119,3,338,4,1832,1,40
2146,119,3,339,9,1841,2,90
2147,119,3,340,7,1848,3,70
2148,119,3,341,2,1850,2,20
2149,119,3,342,4,1854,1,40
2150,119,3,343,5,1859,3,50
2151,119,3,344,2,1861,2,20
2152,119,3,345,3,1864,1,30
2153,119,3,346,4,1868,2,40
2154,119,3,347,4,1872,0,40
2155,119,3,348,7,1879,1,70
2156,119,3,349,8,1887,1,80
2157,119,3,350,3,1890,3,30
2158,119,3,351,6,1896,1,60
2159,119,3,352,3,1899,1,30
2160,119,3,353,5,1904,3,50
2161,119,3,354,6,1910,1,60
2162,119,3,355,4,1914,4,40
2163,119,3,356,4,1918,0,40
2164,119,3,357,7,1925,5,70
2165,119,3,358,5,1930,1,50
2166,119,3,359,4,1934,11,40
2167,119,3,360,4,1938,3,40
2168,119,3,361,8,1946,4,80
2169,119,3,362,7,1953,3,70
2170,119,3,363,7,1960,1,70
2171,119,3,364,3,1963,1,30
2172,119,3,365,4,1967,1,40
2173,119,3,366,5,1972,1,50
2174,119,3,367,7,1979,1,70
2175,119,3,368,4,1983,1,40
2176,119,3,369,4,1987,1,40
2177,119,3,370,8,1995,7,80
2178,119,3,371,6,2001,1,60
2179,119,3,372,9,2010,7,90
2180,119,3,373,9,2019,6,90
2181,119,3,374,2,2021,3,20
2182,119,3,375,4,2025,1,40
2183,119,3,376,2,2027,4,20
2184,119,3,377,9,2036,1,90
2185,119,3,378,8,2044,4,80
2186,119,3,379,2,2046,6,20
2187,119,3,380,7,2053,1,70
2188,119,3,381,9,2062,7,90
2189,119,3,382,8,2070,1,80
2190,119,3,383,6,2076,3,60
2191,119,3,384,3,2079,1,30
2192,119,3,385,6,2085,1,60
2193,119,3,386,9,2094,4,90
2194,119,3,387,3,2097,3,30
2195,119,3,388,6,2103,1,60
2196,119,3,389,3,2106,5,30
2197,119,3,390,7,2113,1,70
2198,119,3,391,6,2119,4,60
2199,119,3,392,9,2128,5,90
2200,119,3,393,7,2135,6,70
2201,119,3,394,8,2143,1,80
2202,119,3,395,2,2145,1,20
2203,119,3,396,3,2148,6,30
2204,119,3,397,3,2151,4,30
2205,119,3,398,3,2154,5,30
2206,119,3,399,8,2162,1,80
2207,119,3,400,7,2169,3,70
2208,119,3,401,9,2178,1,90
2209,119,3,402,2,2180,1,20
2210,119,3,403,9,2189,5,90
2211,119,3,404,4,2193,1,40
2212,119,3,405,5,2198,5,50
2213,119,3,406,9,2207,3,90
2214,119,3,407,6,2213,1,60
2215,119,3,408,4,2217,6,40
2216,119,3,409,5,2222,1,50
2217,119,3,410,2,2224,4,20
2218,119,3,411,8,2232,1,80
2219,119,3,412,7,2239,3,70
2220,119,3,413,7,2246,3,70
2221,119,3,414,3,2249,3,30
2222,119,3,415,4,2253,0,40
2223,119,3,416,2,2255,1,20
2224,119,3,417,8,2263,3,80
2225,119,3,418,2,2265,6,20
2226,119,3,419,7,2272,2,70
2227,119,3,420,7,2279,8,70
2228,119,3,421,7,2286,0,70
2229,119,3,422,5,2291,5,50
2230,119,3,423,9,2300,4,90
2231,119,3,424,4,2304,0,40
2232,119,3,425,8,2312,4,80
2233,119,3,426,9,2321,1,90
2234,119,3,427,7,2328,1,70
2235,119,3,428,8,2336,6,80
2236,119,3,429,6,2342,3,60
2237,119,3,430,2,2344,4,20
2238,119,3,431,8,2352,3,80
2239,119,3,432,3,2355,7,30
2240,119,3,433,4,2359,2,40
2241,119,3,434,2,2361,1,20
2242,119,3,435,7,2368,1,70
2243,119,3,436,7,2375,3,70
2244,119,3,437,6,2381,2,60
2245,119,3,438,6,2387,0,60
2246,119,3,439,4,2391,1,40
2247,119,3,440,4,2395,4,40
2248,119,3,441,7,2402,4,70
2249,119,3,442,8,2410,1,80
2250,119,3,443,5,2415,4,50
2251,119,3,444,9,2424,2,90
2252,119,3,445,7,2431,5,70
2253,119,3,446,4,2435,1,40
2254,119,3,447,2,2437,7,20
2255,119,3,448,2,2439,4,20
2256,119,3,449,8,2447,6,80
2257,119,3,450,4,2451,1,40
2258,119,3,451,6,2457,5,60
2259,119,3,452,4,2461,2,40
2260,119,3,453,5,2466,4,50
2261,119,3,454,4,2470,1,40
2262,119,3,455,3,2473,0,30
2263,119,3,456,7,2480,0,70
2264,119,3,457,4,2484,3,40
2265,119,3,458,8,2492,1,80
2266,119,3,459,5,2497,2,50
2267,119,3,460,3,2500,1,30
2268,119,3,461,4,2504,1,40
2269,119,3,462,8,2512,1,80
2270,119,3,463,3,2515,3,30
2271,119,3,464,9,2524,1,90
2272,119,3,465,9,2533,3,90
2273,119,3,466,9,2542,7,90
2274,119,3,467,7,2549,8,70
2275,119,3,468,5,2554,2,50
2276,119,3,469,3,2557,1,30
2277,119,3,470,3,2560,3,30
2278,119,3,471,2,2562,1,20
2279,119,3,472,3,2565,1,30
2280,119,3,473,6,2571,4,60
2281,119,3,474,9,2580,1,90
2282,119,3,475,2,2582,1,20
2283,119,3,476,9,2591,5,90
2284,119,3,477,2,2593,1,20
2285,119,3,478,8,2601,4,80
2286,119,3,479,3,2604,5,30
2287,119,3,480,9,2613,3,90
2288,119,3,481,8,2621,1,80
2289,119,3,482,3,2624,2,30
2290,119,3,483,2,2626,3,20
2291,119,3,484,7,2633,1,70
2292,119,3,485,6,2639,5,60
2293,119,3,486,4,2643,1,40
2294,119,3,487,5,2648,6,50
2295,119,3,488,4,2652,4,40
2296,119,3,489,4,2656,3,40
2297,119,3,490,3,2659,1,30
2298,119,3,491,4,2663,1,40
2299,119,3,492,7,2670,5,70
2300,119,3,493,2,2672,1,20
2301,119,3,494,4,2676,1,40
2302,119,3,495,6,2682,4,60
2303,119,3,496,7,2689,2,70
2304,119,3,497,5,2694,1,50
2305,119,3,498,3,2697,4,30
2306,119,3,499,4,2701,1,40
2307,119,3,500,9,2710,7,90
2308,119,3,501,6,2716,6,60
2309,119,3,502,4,2720,1,40
2310,119,3,503,3,2723,1,30
2311,119,3,504,2,2725,3,20
2312,119,3,505,9,2734,2,90
2313,119,3,506,9,2743,1,90
2314,119,3,507,9,2752,5,90
2315,119,3,508,7,2759,3,70
2316,119,3,509,4,2763,3,40
2317,119,3,510,3,2766,1,30
2318,119,3,511,6,2772,4,60
2319,119,3,512,9,2781,1,90
2320,119,3,513,5,2786,1,50
2321,119,3,514,9,2795,1,90
2322,119,3,515,2,2797,1,20
2323,119,3,516,6,2803,7,60
2324,119,3,517,8,2811,1,80
2325,119,3,518,8,2819,3,80
2326,119,3,519,8,2827,1,80
2327,119,3,520,3,2830,1,30
2328,119,3,521,5,2835,3,50
2329,119,3,522,3,2838,1,30
2330,119,3,523,2,2840,5,20
2331,119,3,524,8,2848,1,80
2332,119,3,525,5,2853,7,50
2333,119,3,526,8,2861,1,80
2334,119,3,527,7,2868,1,70
2335,119,3,528,8,2876,7,80
2336,119,3,529,3,2879,1,30
2337,119,3,530,3,2882,4,30
2338,119,3,531,4,2886,3,40
2339,119,3,532,9,2895,1,90
2340,119,3,533,7,2902,1,70
2341,119,3,534,8,2910,6,80
2342,119,3,535,2,2912,1,20
2343,119,3,536,2,2914,5,20
2344,119,3,537,4,2918,4,40
2345,119,3,538,5,2923,2,50
2346,119,3,539,8,2931,1,80
2347,119,3,540,4,2935,7,40
2348,119,3,541,5,2940,6,50
2349,119,3,542,3,2943,1,30
2350,119,3,543,2,2945,1,20
2351,119,3,544,6,2951,2,60
2352,119,3,545,6,2957,1,60
2353,119,3,546,4,2961,3,40
2354,119,3,547,5,2966,1,50
2355,119,3,548,4,2970,1,40
2356,119,3,549,2,2972,1,20
2357,119,3,550,6,2978,2,60
2358,119,3,551,2,2980,1,20
2359,119,3,552,9,2989,2,90
2360,119,3,553,9,2998,2,90
2361,119,3,554,6,3004,1,60
2362,119,3,555,8,3012,7,80
2363,119,3,556,2,3014,1,20
2364,119,3,557,9,3023,5,90
2365,119,3,558,6,3029,1,60
2366,119,3,559,3,3032,6,30
2367,119,3,560,2,3034,7,20
2368,119,3,561,8,3042,1,80
2369,119,3,562,3,3045,1,30
2370,119,3,563,4,3049,1,40
2371,119,3,564,5,3054,1,50
2372,119,3,565,8,3062,6,80
2373,119,3,566,4,3066,4,40
2374,119,3,567,2,3068,4,20
2375,119,3,568,6,3074,1,60
2376,119,3,569,6,3080,4,60
2377,119,3,570,4,3084,4,40
2378,119,3,571,9,3093,0,90
2379,119,3,572,8,3101,6,80
2380,119,3,573,5,3106,2,50
2381,119,3,574,8,3114,2,80
2382,119,3,575,5,3119,1,50
2383,119,3,576,7,3126,1,70
2384,119,3,577,4,3130,3,40
2385,119,3,578,7,3137,1,70
2386,119,3,579,9,3146,7,90
2387,119,3,580,4,3150,1,40
2388,119,3,581,8,3158,1,80
2389,119,3,582,3,3161,1,30
2390,119,3,583,4,3165,4,40
2391,119,3,584,6,3171,1,60
2392,119,3,585,4,3175,9,40
2393,119,3,586,9,3184,6,90
2394,119,3,587,6,3190,1,60
2395,119,3,588,4,3194,4,40
2396,119,3,589,2,3196,5,20
2397,119,3,590,3,3199,0,30
2398,119,3,591,2,3201,2,20
2399,119,3,592,8,3209,4,80
2400,119,3,593,6,3215,2,60
2401,119,3,594,4,3219,1,40
2402,119,3,595,6,3225,1,60
2403,119,3,596,3,3228,1,30
2404,119,3,597,8,3236,5,80
2405,119,3,598,5,3241,2,50
2406,119,3,599,2,3243,1,20
2407,119,3,600,6,3249,1,60
2408,119,3,601,2,3251,3,20
2409,119,3,602,5,3256,1,50
2410,119,3,603,9,3265,1,90
2411,119,3,604,5,3270,1,50
2412,119,3,605,2,3272,6,20
2413,119,3,606,6,3278,7,60
2414,119,3,607,5,3283,7,50
2415,119,3,608,4,3287,9,40
2416,119,3,609,8,3295,5,80
2417,119,3,610,4,3299,1,40
2418,119,3,611,2,3301,1,20
2419,119,3,612,4,3305,2,40
2420,119,3,613,4,3309,2,40
2421,119,3,614,8,3317,2,80
2422,119,3,615,4,3321,1,40
2423,119,3,616,3,3324,4,30
2424,119,3,617,2,3326,1,20
2425,119,3,618,6,3332,1,60
2426,119,3,619,3,3335,3,30
2427,119,3,620,5,3340,3,50
2428,119,3,621,3,3343,1,30
2429,119,3,622,7,3350,3,70
2430,119,3,623,9,3359,2,90
2431,119,3,624,7,3366,1,70
2432,119,3,625,2,3368,1,20
2433,119,3,626,5,3373,1,50
2434,119,3,627,9,3382,1,90
2435,119,3,628,8,3390,7,80
2436,119,3,629,9,3399,5,90
2437,119,3,630,7,3406,6,70
2438,119,3,631,2,3408,1,20
2439,119,3,632,5,3413,3,50
2440,119,3,633,2,3415,3,20
2441,119,3,634,9,3424,4,90
2442,119,3,635,7,3431,4,70
2443,119,3,636,2,3433,5,20
2444,119,3,637,3,3436,0,30
2445,119,3,638,7,3443,2,70
2446,119,3,639,4,3447,1,40
2447,119,3,640,7,3454,8,70
2448,119,3,641,7,3461,3,70
2449,119,3,642,6,3467,3,60
2450,119,3,643,3,3470,1,30
2451,119,3,644,9,3479,1,90
2452,119,3,645,4,3483,1,40
2453,119,3,646,4,3487,1,40
2454,119,3,647,8,3495,6,80
2455,119,3,648,2,3497,1,20
2456,119,3,649,3,3500,5,30
2457,119,3,650,9,3509,2,90
2458,119,3,651,9,3518,1,90
2459,119,3,652,9,3527,5,90
2460,119,3,653,7,3534,3,70
2461,119,3,654,6,3540,3,60
2462,119,3,655,5,3545,10,50
2463,119,3,656,7,3552,3,70
2464,119,3,657,9,3561,2,90
2465,119,3,658,6,3567,1,60
2466,119,3,659,6,3573,0,60
2467,119,3,660,6,3579,1,60
2468,119,3,661,8,3587,4,80
2469,119,3,662,9,3596,1,90
2470,119,3,663,9,3605,9,90
2471,119,3,664,9,3614,6,90
2472,119,3,665,9,3623,1,90
2473,119,3,666,7,3630,1,70
2474,119,3,667,6,3636,7,60
2475,119,3,668,7,3643,3,70
2476,119,3,669,2,3645,1,20
2477,119,3,670,9,3654,1,90
2478,119,3,671,5,3659,1,50
2479,119,3,672,8,3667,1,80
2480,119,3,673,2,3669,2,20
2481,119,3,674,3,3672,1,30
2482,119,3,675,7,3679,5,70
2483,119,3,676,5,3684,5,50
2484,119,3,677,5,3689,1,50
2485,119,3,678,7,3696,3,70
2486,119,3,679,9,3705,6,90
2487,119,3,680,8,3713,4,80
2488,119,3,681,8,3721,4,80
2489,119,3,682,9,3730,5,90
2490,119,3,683,7,3737,1,70
2491,119,3,684,7,3744,1,70
2492,119,3,685,9,3753,1,90
2493,119,3,686,4,3757,3,40
2494,119,3,687,7,3764,0,70
2495,119,3,688,4,3768,1,40
2496,119,3,689,2,3770,1,20
2497,119,3,690,3,3773,1,30
2498,119,3,691,5,3778,1,50
2499,119,3,692,3,3781,2,30
2500,119,3,693,5,3786,1,50
2501,119,3,694,8,3794,1,80
2502,119,3,695,6,3800,1,60
2503,119,3,696,4,3804,4,40
2504,119,3,697,5,3809,3,50
2505,119,3,698,6,3815,1,60
2506,119,3,699,6,3821,3,60
2507,119,3,700,6,3827,2,60
2508,119,3,701,8,3835,1,80
2509,119,3,702,9,3844,6,90
2510,119,3,703,6,3850,1,60
2511,119,3,704,9,3859,4,90
2512,119,3,705,6,3865,6,60
2513,119,3,706,4,3869,6,40
2514,119,3,707,7,3876,1,70
2515,119,3,708,5,3881,4,50
2516,119,3,709,4,3885,3,40
2517,119,3,710,2,3887,3,20
2518,119,3,711,7,3894,3,70
2519,119,3,712,3,3897,3,30
2520,119,3,713,6,3903,2,60
2521,119,3,714,7,3910,4,70
2522,119,3,715,5,3915,3,50
2523,119,3,716,4,3919,1,40
2524,119,3,717,6,3925,8,60
2525,119,3,718,7,3932,1,70
2526,119,3,719,3,3935,1,30
2527,119,3,720,8,3943,2,80
2528,119,3,721,9,3952,1,90
2529,119,3,722,9,3961,3,90
2530,119,3,723,3,3964,4,30
2531,119,3,724,3,3967,3,30
2532,119,3,725,4,3971,3,40
2533,119,3,726,8,3979,1,80
2534,119,3,727,2,3981,5,20
2535,119,3,728,4,3985,0,40
2536,119,3,729,7,3992,1,70
2537,119,3,730,3,3995,7,30
2538,119,3,731,3,3998,1,30
2539,119,3,732,4,4002,1,40
2540,119,3,733,5,4007,1,50
2541,119,3,734,9,4016,2,90
2542,119,3,735,8,4024,1,80
2543,119,3,736,6,4030,1,60
2544,119,3,737,8,4038,4,80
2545,119,3,738,5,4043,5,50
2546,119,3,739,8,4051,2,80
2547,119,3,740,5,4056,1,50
2548,119,3,741,3,4059,5,30
2549,119,3,742,7,4066,3,70
2550,119,3,743,3,4069,1,30
2551,119,3,744,5,4074,1,50
2552,119,3,745,8,4082,4,80
2553,119,3,746,5,4087,2,50
2554,119,3,747,2,4089,3,20
2555,119,3,748,4,4093,3,40
2556,119,3,749,7,4100,2,70
2557,119,3,750,2,4102,2,20
2558,119,3,751,2,4104,0,20
2559,119,3,752,9,4113,1,90
2560,119,3,753,9,4122,6,90
2561,119,3,754,3,4125,2,30
2562,119,3,755,2,4127,1,20
2563,119,3,756,3,4130,4,30
2564,119,3,757,5,4135,1,50
2565,119,3,758,9,4144,1,90
2566,119,3,759,6,4150,1,60
2567,119,3,760,6,4156,1,60
2568,119,3,761,5,4161,4,50
2569,119,3,762,7,4168,3,70
2570,119,3,763,9,4177,6,90
2571,119,3,764,4,4181,1,40
2572,119,3,765,7,4188,4,70
2573,119,3,766,2,4190,6,20
2574,119,3,767,2,4192,4,20
2575,119,3,768,3,4195,1,30
2576,119,3,769,9,4204,1,90
2577,119,3,770,8,4212,1,80
2578,119,3,771,6,4218,3,60
2579,119,3,772,4,4222,1,40
2580,119,3,773,3,4225,1,30
2581,119,3,774,9,4234,0,90
2582,119,3,775,2,4236,2,20
2583,119,3,776,4,4240,2,40
2584,119,3,777,7,4247,3,70
2585,119,3,778,4,4251,2,40
2586,119,3,779,2,4253,1,20
2587,119,3,780,9,4262,7,90
2588,119,3,781,9,4271,4,90
2589,119,3,782,6,4277,2,60
2590,119,3,783,2,4279,5,20
2591,119,3,784,6,4285,1,60
2592,119,3,785,4,4289,1,40
2593,119,3,786,3,4292,5,30
2594,119,3,787,6,4298,3,60
2595,119,3,788,6,4304,1,60
2596,119,3,789,2,4306,1,20
2597,119,3,790,2,4308,4,20
2598,119,3,791,6,4314,4,60
2599,119,3,792,4,4318,1,40
2600,119,3,793,3,4321,3,30
2601,119,3,794,2,4323,1,20
2602,119,3,795,3,4326,1,30
2603,119,3,796,6,4332,1,60
2604,119,3,797,4,4336,6,40
2605,119,3,798,5,4341,0,50
2606,119,3,799,2,4343,1,20
2607,119,3,800,4,4347,2,40
2608,119,3,801,5,4352,2,50
2609,119,3,802,2,4354,1,20
2610,119,3,803,4,4358,1,40
2611,119,3,804,5,4363,1,50
2612,119,3,805,4,4367,1,40
2613,119,3,806,9,4376,2,90
2614,119,3,807,6,4382,7,60
2615,119,3,808,2,4384,2,20
2616,119,3,809,5,4389,4,50
2617,119,3,810,5,4394,1,50
2618,119,3,811,7,4401,3,70
2619,119,3,812,9,4410,3,90
2620,119,3,813,8,4418,7,80
2621,119,3,814,4,4422,8,40
2622,119,3,815,3,4425,2,30
2623,119,3,816,2,4427,5,20
2624,119,3,817,5,4432,3,50
2625,119,3,818,3,4435,1,30
2626,119,3,819,2,4437,1,20
2627,119,3,820,8,4445,1,80
2628,119,3,821,5,4450,3,50
2629,119,3,822,2,4452,1,20
2630,119,3,823,5,4457,4,50
2631,119,3,824,3,4460,2,30
2632,119,3,825,2,4462,1,20
2633,119,3,826,5,4467,1,50
2634,119,3,827,4,4471,1,40
2635,119,3,828,6,4477,1,60
2636,119,3,829,9,4486,2,90
2637,119,3,830,7,4493,0,70
2638,119,3,831,7,4500,4,70
2639,119,3,832,5,4505,3,50
2640,119,3,833,2,4507,3,20
2641,119,3,834,6,4513,4,60
2642,119,3,835,9,4522,1,90
2643,119,3,836,9,4531,3,90
2644,119,3,837,5,4536,2,50
2645,119,3,838,9,4545,1,90
2646,119,3,839,9,4554,7,90
2647,119,3,840,5,4559,7,50
2648,119,3,841,3,4562,1,30
2649,119,3,842,4,4566,5,40
2650,119,3,843,2,4568,2,20
2651,119,3,844,9,4577,1,90
2652,119,3,845,3,4580,6,30
2653,119,3,846,4,4584,4,40
2654,119,3,847,8,4592,1,80
2655,119,3,848,3,4595,1,30
2656,119,3,849,6,4601,1,60
2657,119,3,850,4,4605,0,40
2658,119,3,851,2,4607,0,20
2659,119,3,852,5,4612,1,50
2660,119,3,853,7,4619,1,70
2661,119,3,854,8,4627,1,80
2662,119,3,855,7,4634,1,70
2663,119,3,856,2,4636,7,20
2664,119,3,857,4,4640,6,40
2665,119,3,858,7,4647,1,70
2666,119,3,859,4,4651,5,40
2667,119,3,860,4,4655,3,40
2668,119,3,861,9,4664,2,90
2669,119,3,862,6,4670,3,60
2670,119,3,863,5,4675,3,50
2671,119,3,864,5,4680,1,50
2672,119,3,865,9,4689,6,90
2673,119,3,866,6,4695,3,60
2674,119,3,867,7,4702,3,70
2675,119,3,868,6,4708,1,60
2676,119,3,869,9,4717,1,90
2677,119,3,870,8,4725,4,80
2678,119,3,871,9,4734,4,90
2679,119,3,872,6,4740,3,60
2680,119,3,873,2,4742,2,20
2681,119,3,874,9,4751,2,90
2682,119,3,875,5,4756,4,50
2683,119,3,876,3,4759,1,30
2684,119,3,877,3,4762,3,30
2685,119,3,878,3,4765,2,30
2686,119,3,879,4,4769,1,40
2687,119,3,880,8,4777,1,80
2688,119,3,881,3,4780,1,30
2689,119,3,882,6,4786,1,60
2690,119,3,883,9,4795,1,90
2691,119,3,884,3,4798,4,30
2692,119,3,885,4,4802,1,40
2693,119,3,886,2,4804,1,20
2694,119,3,887,9,4813,2,90
2695,119,3,888,2,4815,1,20
2696,119,3,889,9,4824,2,90
2697,119,3,890,5,4829,4,50
2698,119,3,891,3,4832,0,30
2699,119,3,892,8,4840,5,80
2700,119,3,893,2,4842,1,20
2701,119,3,894,3,4845,1,30
2702,119,3,895,4,4849,3,40
2703,119,3,896,9,4858,1,90
2704,119,3,897,3,4861,6,30
2705,119,3,898,8,4869,6,80
2706,119,3,899,6,4875,1,60
2707,119,3,900,2,4877,3,20
2708,119,3,901,8,4885,1,80
2709,119,3,902,2,4887,3,20
2710,119,3,903,6,4893,3,60
2711,119,3,904,7,4900,6,70
2712,119,3,905,2,4902,1,20
2713,119,3,906,7,4909,1,70
2714,119,3,907,5,4914,3,50
2715,119,3,908,3,4917,4,30
2716,119,3,909,2,4919,1,20
2717,119,3,910,6,4925,1,60
2718,119,3,911,7,4932,1,70
2719,119,3,912,4,4936,1,40
2720,119,3,913,6,4942,1,60
2721,119,3,914,8,4950,1,80
2722,119,3,915,4,4954,1,40
2723,119,3,916,6,4960,9,60
2724,119,3,917,6,4966,1,60
2725,119,3,918,3,4969,2,30
2726,119,3,919,7,4976,3,70
2727,119,3,920,4,4980,2,40
2728,119,3,921,4,4984,3,40
2729,119,3,922,2,4986,1,20
2730,119,3,923,6,4992,1,60
2731,119,3,924,2,4994,5,20
