,Scenario,Trial,Inspection,Interval,Time,Defects,Rate
0,351,1,1,4,4,1,40
1,351,1,2,6,10,1,60
2,351,1,3,4,14,1,40
3,351,1,4,9,23,1,90
4,351,1,5,7,30,1,70
5,351,1,6,7,37,1,70
6,351,1,7,8,45,1,80
7,351,1,8,6,51,1,60
8,351,1,9,7,58,1,70
9,351,1,10,6,64,1,60
10,351,1,11,2,66,1,20
11,351,1,12,7,73,1,70
12,351,1,13,7,80,1,70
13,351,1,14,8,88,1,80
14,351,1,15,4,92,1,40
15,351,1,16,4,96,1,40
16,351,1,17,9,105,1,90
17,351,1,18,2,107,1,20
18,351,1,19,5,112,1,50
19,351,1,20,4,116,1,40
20,351,1,21,9,125,1,90
21,351,1,22,4,129,1,40
22,351,1,23,2,131,1,20
23,351,1,24,7,138,1,70
24,351,1,25,5,143,1,50
25,351,1,26,8,151,1,80
26,351,1,27,5,156,1,50
27,351,1,28,8,164,1,80
28,351,1,29,6,170,1,60
29,351,1,30,3,173,1,30
30,351,1,31,8,181,1,80
31,351,1,32,8,189,1,80
32,351,1,33,8,197,1,80
33,351,1,34,6,203,1,60
34,351,1,35,7,210,32,70
35,351,1,36,3,213,1,30
36,351,1,37,5,218,1,50
37,351,1,38,8,226,1,80
38,351,1,39,8,234,1,80
39,351,1,40,5,239,1,50
40,351,1,41,9,248,1,90
41,351,1,42,4,252,1,40
42,351,1,43,5,257,1,50
43,351,1,44,4,261,1,40
44,351,1,45,6,267,1,60
45,351,1,46,7,274,1,70
46,351,1,47,6,280,1,60
47,351,1,48,8,288,1,80
48,351,1,49,2,290,1,20
49,351,1,50,9,299,1,90
50,351,1,51,9,308,1,90
51,351,1,52,3,311,1,30
52,351,1,53,4,315,1,40
53,351,1,54,6,321,1,60
54,351,1,55,3,324,1,30
55,351,1,56,6,330,1,60
56,351,1,57,7,337,1,70
57,351,1,58,7,344,1,70
58,351,1,59,2,346,1,20
59,351,1,60,5,351,1,50
60,351,1,61,7,358,1,70
61,351,1,62,6,364,1,60
62,351,1,63,8,372,1,80
63,351,1,64,3,375,1,30
64,351,1,65,3,378,1,30
65,351,1,66,2,380,1,20
66,351,1,67,6,386,1,60
67,351,1,68,6,392,1,60
68,351,1,69,3,395,1,30
69,351,1,70,9,404,1,90
70,351,1,71,7,411,1,70
71,351,1,72,4,415,1,40
72,351,1,73,4,419,1,40
73,351,1,74,6,425,1,60
74,351,1,75,4,429,1,40
75,351,1,76,5,434,1,50
76,351,1,77,9,443,1,90
77,351,1,78,9,452,1,90
78,351,1,79,4,456,1,40
79,351,1,80,9,465,1,90
80,351,1,81,9,474,1,90
81,351,1,82,5,479,1,50
82,351,1,83,9,488,1,90
83,351,1,84,3,491,1,30
84,351,1,85,5,496,1,50
85,351,1,86,8,504,1,80
86,351,1,87,9,513,1,90
87,351,1,88,2,515,1,20
88,351,1,89,3,518,1,30
89,351,1,90,5,523,1,50
90,351,1,91,8,531,75,80
91,351,1,92,4,535,1,40
92,351,1,93,3,538,1,30
93,351,1,94,9,547,1,90
94,351,1,95,8,555,1,80
95,351,1,96,6,561,1,60
96,351,1,97,6,567,1,60
97,351,1,98,3,570,1,30
98,351,1,99,2,572,1,20
99,351,1,100,5,577,1,50
100,351,1,101,6,583,1,60
101,351,1,102,5,588,1,50
102,351,1,103,6,594,1,60
103,351,1,104,3,597,1,30
104,351,1,105,7,604,1,70
105,351,1,106,6,610,1,60
106,351,1,107,5,615,1,50
107,351,1,108,4,619,1,40
108,351,1,109,3,622,1,30
109,351,1,110,8,630,1,80
110,351,1,111,4,634,1,40
111,351,1,112,7,641,1,70
112,351,1,113,5,646,1,50
113,351,1,114,6,652,1,60
114,351,1,115,9,661,1,90
115,351,1,116,5,666,1,50
116,351,1,117,9,675,1,90
117,351,1,118,6,681,1,60
118,351,1,119,4,685,1,40
119,351,1,120,9,694,1,90
120,351,1,121,6,700,1,60
121,351,1,122,5,705,1,50
122,351,1,123,9,714,1,90
123,351,1,124,3,717,1,30
124,351,1,125,2,719,1,20
125,351,1,126,5,724,1,50
126,351,1,127,8,732,1,80
127,351,1,128,6,738,1,60
128,351,1,129,9,747,1,90
129,351,1,130,6,753,1,60
130,351,1,131,5,758,1,50
131,351,1,132,2,760,72,20
132,351,1,133,4,764,1,40
133,351,1,134,4,768,1,40
134,351,1,135,7,775,1,70
135,351,1,136,7,782,1,70
136,351,1,137,9,791,1,90
137,351,1,138,8,799,1,80
138,351,1,139,8,807,1,80
139,351,1,140,6,813,1,60
140,351,1,141,8,821,1,80
141,351,1,142,7,828,1,70
142,351,1,143,9,837,1,90
143,351,1,144,9,846,1,90
144,351,1,145,7,853,1,70
145,351,1,146,3,856,1,30
146,351,1,147,7,863,1,70
147,351,1,148,3,866,1,30
148,351,1,149,9,875,1,90
149,351,1,150,5,880,1,50
150,351,1,151,5,885,1,50
151,351,1,152,7,892,1,70
152,351,1,153,8,900,1,80
153,351,1,154,4,904,83,40
154,351,1,155,7,911,1,70
155,351,1,156,4,915,1,40
156,351,1,157,4,919,1,40
157,351,1,158,8,927,1,80
158,351,1,159,2,929,1,20
159,351,1,160,8,937,1,80
160,351,1,161,9,946,1,90
161,351,1,162,8,954,1,80
162,351,1,163,9,963,41,90
163,351,1,164,3,966,1,30
164,351,1,165,9,975,1,90
165,351,1,166,7,982,1,70
166,351,1,167,6,988,1,60
167,351,1,168,6,994,1,60
168,351,1,169,2,996,1,20
169,351,1,170,8,1004,1,80
170,351,1,171,2,1006,1,20
171,351,1,172,4,1010,28,40
172,351,1,173,8,1018,1,80
173,351,1,174,6,1024,1,60
174,351,1,175,6,1030,1,60
175,351,1,176,6,1036,1,60
176,351,1,177,9,1045,1,90
177,351,1,178,5,1050,1,50
178,351,1,179,5,1055,24,50
179,351,1,180,4,1059,1,40
180,351,1,181,8,1067,1,80
181,351,1,182,9,1076,1,90
182,351,1,183,6,1082,1,60
183,351,1,184,5,1087,1,50
184,351,1,185,5,1092,1,50
185,351,1,186,2,1094,1,20
186,351,1,187,4,1098,1,40
187,351,1,188,2,1100,1,20
188,351,1,189,4,1104,1,40
189,351,1,190,7,1111,1,70
190,351,1,191,2,1113,1,20
191,351,1,192,8,1121,1,80
192,351,1,193,8,1129,1,80
193,351,1,194,7,1136,1,70
194,351,1,195,5,1141,1,50
195,351,1,196,3,1144,1,30
196,351,1,197,8,1152,1,80
197,351,1,198,7,1159,1,70
198,351,1,199,4,1163,1,40
199,351,1,200,7,1170,1,70
200,351,1,201,4,1174,1,40
201,351,1,202,5,1179,1,50
202,351,1,203,6,1185,1,60
203,351,1,204,9,1194,40,90
204,351,1,205,9,1203,1,90
205,351,1,206,6,1209,1,60
206,351,1,207,9,1218,1,90
207,351,1,208,9,1227,1,90
208,351,1,209,8,1235,24,80
209,351,1,210,6,1241,19,60
210,351,1,211,9,1250,1,90
211,351,1,212,5,1255,1,50
212,351,1,213,6,1261,1,60
213,351,1,214,2,1263,1,20
214,351,1,215,5,1268,1,50
215,351,1,216,3,1271,1,30
216,351,1,217,7,1278,1,70
217,351,1,218,6,1284,17,60
218,351,1,219,3,1287,1,30
219,351,1,220,7,1294,1,70
220,351,1,221,3,1297,1,30
221,351,1,222,2,1299,1,20
222,351,1,223,5,1304,1,50
223,351,1,224,5,1309,1,50
224,351,1,225,2,1311,1,20
225,351,1,226,7,1318,1,70
226,351,1,227,8,1326,1,80
227,351,1,228,5,1331,1,50
228,351,1,229,4,1335,1,40
229,351,1,230,3,1338,1,30
230,351,1,231,8,1346,1,80
231,351,1,232,6,1352,1,60
232,351,1,233,7,1359,1,70
233,351,1,234,2,1361,1,20
234,351,1,235,8,1369,35,80
235,351,1,236,4,1373,1,40
236,351,1,237,8,1381,1,80
237,351,1,238,9,1390,1,90
238,351,1,239,6,1396,1,60
239,351,1,240,4,1400,1,40
240,351,1,241,5,1405,1,50
241,351,1,242,3,1408,1,30
242,351,1,243,7,1415,1,70
243,351,1,244,4,1419,25,40
244,351,1,245,4,1423,1,40
245,351,1,246,6,1429,1,60
246,351,1,247,6,1435,1,60
247,351,1,248,2,1437,1,20
248,351,1,249,4,1441,1,40
249,351,1,250,9,1450,1,90
250,351,1,251,3,1453,1,30
251,351,1,252,5,1458,1,50
252,351,1,253,4,1462,1,40
253,351,1,254,3,1465,1,30
254,351,1,255,5,1470,1,50
255,351,1,256,9,1479,1,90
256,351,1,257,6,1485,20,60
257,351,1,258,9,1494,1,90
258,351,1,259,7,1501,1,70
259,351,1,260,2,1503,1,20
260,351,1,261,6,1509,1,60
261,351,1,262,3,1512,24,30
262,351,1,263,2,1514,1,20
263,351,1,264,5,1519,1,50
264,351,1,265,8,1527,1,80
265,351,1,266,3,1530,1,30
266,351,1,267,2,1532,1,20
267,351,1,268,9,1541,1,90
268,351,1,269,9,1550,1,90
269,351,1,270,6,1556,1,60
270,351,1,271,6,1562,1,60
271,351,1,272,4,1566,1,40
272,351,1,273,8,1574,1,80
273,351,1,274,5,1579,1,50
274,351,1,275,2,1581,1,20
275,351,1,276,8,1589,1,80
276,351,1,277,8,1597,1,80
277,351,1,278,9,1606,28,90
278,351,1,279,9,1615,1,90
279,351,1,280,9,1624,1,90
280,351,1,281,4,1628,12,40
281,351,1,282,9,1637,1,90
282,351,1,283,9,1646,1,90
283,351,1,284,6,1652,1,60
284,351,1,285,6,1658,1,60
285,351,1,286,9,1667,1,90
286,351,1,287,2,1669,1,20
287,351,1,288,7,1676,1,70
288,351,1,289,7,1683,1,70
289,351,1,290,3,1686,1,30
290,351,1,291,9,1695,1,90
291,351,1,292,6,1701,1,60
292,351,1,293,6,1707,1,60
293,351,1,294,3,1710,22,30
294,351,1,295,9,1719,9,90
295,351,1,296,3,1722,1,30
296,351,1,297,8,1730,1,80
297,351,1,298,6,1736,1,60
298,351,1,299,7,1743,1,70
299,351,1,300,5,1748,1,50
300,351,1,301,7,1755,1,70
301,351,1,302,9,1764,1,90
302,351,1,303,2,1766,1,20
303,351,1,304,4,1770,1,40
304,351,1,305,4,1774,1,40
305,351,1,306,4,1778,1,40
306,351,1,307,7,1785,1,70
307,351,1,308,2,1787,1,20
308,351,1,309,8,1795,1,80
309,351,1,310,4,1799,1,40
310,351,1,311,9,1808,25,90
311,351,1,312,2,1810,1,20
312,351,1,313,2,1812,1,20
313,351,1,314,4,1816,1,40
314,351,1,315,4,1820,1,40
315,351,1,316,4,1824,1,40
316,351,1,317,6,1830,1,60
317,351,1,318,8,1838,1,80
318,351,1,319,9,1847,1,90
319,351,1,320,3,1850,1,30
320,351,1,321,6,1856,1,60
321,351,1,322,8,1864,1,80
322,351,1,323,5,1869,1,50
323,351,1,324,3,1872,1,30
324,351,1,325,7,1879,1,70
325,351,1,326,3,1882,1,30
326,351,1,327,7,1889,13,70
327,351,1,328,3,1892,19,30
328,351,1,329,4,1896,1,40
329,351,1,330,7,1903,1,70
330,351,1,331,4,1907,1,40
331,351,1,332,7,1914,1,70
332,351,1,333,8,1922,1,80
333,351,1,334,6,1928,6,60
334,351,1,335,8,1936,1,80
335,351,1,336,7,1943,1,70
336,351,1,337,5,1948,1,50
337,351,1,338,4,1952,1,40
338,351,1,339,9,1961,1,90
339,351,1,340,3,1964,1,30
340,351,1,341,6,1970,1,60
341,351,1,342,6,1976,1,60
342,351,1,343,4,1980,1,40
343,351,1,344,2,1982,1,20
344,351,1,345,9,1991,1,90
345,351,1,346,7,1998,16,70
346,351,1,347,5,2003,1,50
347,351,1,348,4,2007,1,40
348,351,1,349,2,2009,1,20
349,351,1,350,9,2018,1,90
350,351,1,351,4,2022,1,40
351,351,1,352,5,2027,1,50
352,351,1,353,4,2031,1,40
353,351,1,354,3,2034,1,30
354,351,1,355,6,2040,1,60
355,351,1,356,3,2043,1,30
356,351,1,357,7,2050,1,70
357,351,1,358,6,2056,1,60
358,351,1,359,2,2058,1,20
359,351,1,360,3,2061,1,30
360,351,1,361,2,2063,1,20
361,351,1,362,3,2066,1,30
362,351,1,363,9,2075,1,90
363,351,1,364,4,2079,1,40
364,351,1,365,3,2082,1,30
365,351,1,366,2,2084,1,20
366,351,1,367,7,2091,1,70
367,351,1,368,3,2094,1,30
368,351,1,369,9,2103,1,90
369,351,1,370,8,2111,1,80
370,351,1,371,4,2115,1,40
371,351,1,372,4,2119,1,40
372,351,1,373,3,2122,1,30
373,351,1,374,6,2128,1,60
374,351,1,375,6,2134,1,60
375,351,1,376,2,2136,1,20
376,351,1,377,7,2143,1,70
377,351,1,378,5,2148,1,50
378,351,1,379,3,2151,1,30
379,351,1,380,3,2154,1,30
380,351,1,381,7,2161,1,70
381,351,1,382,2,2163,1,20
382,351,1,383,5,2168,1,50
383,351,1,384,7,2175,1,70
384,351,1,385,5,2180,1,50
385,351,1,386,8,2188,1,80
386,351,1,387,7,2195,1,70
387,351,1,388,5,2200,1,50
388,351,1,389,3,2203,1,30
389,351,1,390,6,2209,1,60
390,351,1,391,4,2213,1,40
391,351,1,392,7,2220,1,70
392,351,1,393,2,2222,45,20
393,351,1,394,3,2225,1,30
394,351,1,395,5,2230,1,50
395,351,1,396,7,2237,1,70
396,351,1,397,2,2239,1,20
397,351,1,398,8,2247,1,80
398,351,1,399,7,2254,1,70
399,351,1,400,2,2256,28,20
400,351,1,401,4,2260,1,40
401,351,1,402,9,2269,1,90
402,351,1,403,5,2274,1,50
403,351,1,404,7,2281,1,70
404,351,1,405,2,2283,1,20
405,351,1,406,5,2288,1,50
406,351,1,407,9,2297,1,90
407,351,1,408,9,2306,1,90
408,351,1,409,8,2314,1,80
409,351,1,410,5,2319,1,50
410,351,1,411,4,2323,1,40
411,351,1,412,9,2332,1,90
412,351,1,413,2,2334,1,20
413,351,1,414,9,2343,1,90
414,351,1,415,3,2346,1,30
415,351,1,416,6,2352,1,60
416,351,1,417,2,2354,1,20
417,351,1,418,8,2362,1,80
418,351,1,419,3,2365,1,30
419,351,1,420,9,2374,1,90
420,351,1,421,4,2378,1,40
421,351,1,422,4,2382,1,40
422,351,1,423,9,2391,1,90
423,351,1,424,8,2399,1,80
424,351,1,425,6,2405,1,60
425,351,1,426,3,2408,1,30
426,351,1,427,5,2413,1,50
427,351,1,428,5,2418,1,50
428,351,1,429,6,2424,1,60
429,351,1,430,4,2428,1,40
430,351,1,431,4,2432,1,40
431,351,1,432,9,2441,1,90
432,351,1,433,5,2446,1,50
433,351,1,434,8,2454,1,80
434,351,1,435,6,2460,1,60
435,351,1,436,5,2465,57,50
436,351,1,437,6,2471,30,60
437,351,1,438,5,2476,1,50
438,351,1,439,6,2482,1,60
439,351,1,440,2,2484,1,20
440,351,1,441,4,2488,1,40
441,351,1,442,7,2495,1,70
442,351,1,443,9,2504,1,90
443,351,1,444,5,2509,1,50
444,351,1,445,7,2516,1,70
445,351,1,446,7,2523,1,70
446,351,1,447,8,2531,1,80
447,351,1,448,2,2533,1,20
448,351,1,449,8,2541,1,80
449,351,1,450,3,2544,1,30
450,351,1,451,8,2552,1,80
451,351,1,452,4,2556,1,40
452,351,1,453,2,2558,1,20
453,351,1,454,6,2564,1,60
454,351,1,455,3,2567,1,30
455,351,1,456,8,2575,29,80
456,351,1,457,2,2577,1,20
457,351,1,458,2,2579,1,20
458,351,1,459,3,2582,1,30
459,351,1,460,8,2590,1,80
460,351,1,461,9,2599,1,90
461,351,1,462,7,2606,1,70
462,351,1,463,2,2608,1,20
463,351,1,464,2,2610,1,20
464,351,1,465,3,2613,1,30
465,351,1,466,9,2622,1,90
466,351,1,467,3,2625,1,30
467,351,1,468,3,2628,1,30
468,351,1,469,2,2630,19,20
469,351,1,470,3,2633,1,30
470,351,1,471,7,2640,18,70
471,351,1,472,3,2643,1,30
472,351,1,473,6,2649,1,60
473,351,1,474,2,2651,1,20
474,351,1,475,4,2655,12,40
475,351,1,476,3,2658,4,30
476,351,1,477,2,2660,1,20
477,351,1,478,7,2667,1,70
478,351,1,479,6,2673,1,60
479,351,1,480,4,2677,1,40
480,351,1,481,3,2680,1,30
481,351,1,482,7,2687,1,70
482,351,1,483,9,2696,1,90
483,351,1,484,2,2698,1,20
484,351,1,485,5,2703,1,50
485,351,1,486,8,2711,1,80
486,351,1,487,7,2718,1,70
487,351,1,488,7,2725,1,70
488,351,1,489,4,2729,1,40
489,351,1,490,9,2738,1,90
490,351,1,491,7,2745,1,70
491,351,1,492,9,2754,1,90
492,351,1,493,7,2761,1,70
493,351,1,494,9,2770,1,90
494,351,1,495,7,2777,1,70
495,351,1,496,2,2779,1,20
496,351,1,497,3,2782,1,30
497,351,1,498,7,2789,1,70
498,351,1,499,5,2794,1,50
499,351,1,500,6,2800,1,60
500,351,1,501,4,2804,1,40
501,351,1,502,5,2809,1,50
502,351,1,503,2,2811,1,20
503,351,1,504,3,2814,1,30
504,351,1,505,6,2820,1,60
505,351,1,506,6,2826,1,60
506,351,1,507,9,2835,1,90
507,351,1,508,9,2844,1,90
508,351,1,509,5,2849,1,50
509,351,1,510,9,2858,1,90
510,351,1,511,5,2863,1,50
511,351,1,512,8,2871,1,80
512,351,1,513,6,2877,1,60
513,351,1,514,2,2879,1,20
514,351,1,515,5,2884,1,50
515,351,1,516,3,2887,1,30
516,351,1,517,4,2891,1,40
517,351,1,518,8,2899,1,80
518,351,1,519,6,2905,1,60
519,351,1,520,4,2909,1,40
520,351,1,521,2,2911,1,20
521,351,1,522,9,2920,1,90
522,351,1,523,6,2926,1,60
523,351,1,524,9,2935,1,90
524,351,1,525,7,2942,1,70
525,351,1,526,3,2945,1,30
526,351,1,527,2,2947,1,20
527,351,1,528,4,2951,1,40
528,351,1,529,6,2957,1,60
529,351,1,530,7,2964,1,70
530,351,1,531,2,2966,1,20
531,351,1,532,4,2970,1,40
532,351,1,533,2,2972,1,20
533,351,1,534,8,2980,1,80
534,351,1,535,4,2984,1,40
535,351,1,536,4,2988,1,40
536,351,1,537,3,2991,1,30
537,351,1,538,4,2995,1,40
538,351,1,539,2,2997,53,20
539,351,1,540,6,3003,1,60
540,351,1,541,9,3012,1,90
541,351,1,542,3,3015,1,30
542,351,1,543,2,3017,1,20
543,351,1,544,2,3019,1,20
544,351,1,545,9,3028,1,90
545,351,1,546,3,3031,1,30
546,351,1,547,9,3040,1,90
547,351,1,548,3,3043,1,30
548,351,1,549,7,3050,1,70
549,351,1,550,5,3055,1,50
550,351,1,551,6,3061,1,60
551,351,1,552,6,3067,26,60
552,351,1,553,3,3070,1,30
553,351,1,554,8,3078,1,80
554,351,1,555,2,3080,1,20
555,351,1,556,9,3089,1,90
556,351,1,557,5,3094,1,50
557,351,1,558,8,3102,1,80
558,351,1,559,8,3110,1,80
559,351,1,560,5,3115,1,50
560,351,1,561,5,3120,1,50
561,351,1,562,9,3129,1,90
562,351,1,563,9,3138,1,90
563,351,1,564,9,3147,1,90
564,351,1,565,5,3152,1,50
565,351,1,566,6,3158,1,60
566,351,1,567,2,3160,1,20
567,351,1,568,3,3163,1,30
568,351,1,569,6,3169,1,60
569,351,1,570,9,3178,1,90
570,351,1,571,7,3185,1,70
571,351,1,572,5,3190,1,50
572,351,1,573,8,3198,1,80
573,351,1,574,9,3207,1,90
574,351,1,575,7,3214,48,70
575,351,1,576,5,3219,1,50
576,351,1,577,4,3223,1,40
577,351,1,578,6,3229,1,60
578,351,1,579,4,3233,1,40
579,351,1,580,4,3237,1,40
580,351,1,581,8,3245,1,80
581,351,1,582,5,3250,1,50
582,351,1,583,6,3256,1,60
583,351,1,584,7,3263,1,70
584,351,1,585,5,3268,1,50
585,351,1,586,7,3275,1,70
586,351,1,587,5,3280,1,50
587,351,1,588,3,3283,1,30
588,351,1,589,4,3287,1,40
589,351,1,590,4,3291,1,40
590,351,1,591,3,3294,1,30
591,351,1,592,5,3299,1,50
592,351,1,593,5,3304,1,50
593,351,1,594,3,3307,1,30
594,351,1,595,4,3311,1,40
595,351,1,596,3,3314,1,30
596,351,1,597,7,3321,1,70
597,351,1,598,2,3323,1,20
598,351,1,599,6,3329,1,60
599,351,1,600,5,3334,1,50
600,351,1,601,8,3342,1,80
601,351,1,602,8,3350,1,80
602,351,1,603,2,3352,1,20
603,351,1,604,9,3361,1,90
604,351,1,605,6,3367,1,60
605,351,1,606,5,3372,1,50
606,351,1,607,6,3378,1,60
607,351,1,608,8,3386,1,80
608,351,1,609,3,3389,1,30
609,351,1,610,9,3398,1,90
610,351,1,611,7,3405,1,70
611,351,1,612,3,3408,1,30
612,351,1,613,9,3417,1,90
613,351,1,614,9,3426,1,90
614,351,1,615,6,3432,1,60
615,351,1,616,3,3435,1,30
616,351,1,617,8,3443,1,80
617,351,1,618,2,3445,1,20
618,351,1,619,2,3447,1,20
619,351,1,620,5,3452,1,50
620,351,1,621,2,3454,1,20
621,351,1,622,5,3459,1,50
622,351,1,623,9,3468,44,90
623,351,1,624,4,3472,1,40
624,351,1,625,5,3477,1,50
625,351,1,626,9,3486,1,90
626,351,1,627,4,3490,1,40
627,351,1,628,7,3497,1,70
628,351,1,629,5,3502,1,50
629,351,1,630,2,3504,1,20
630,351,1,631,2,3506,1,20
631,351,1,632,6,3512,1,60
632,351,1,633,4,3516,1,40
633,351,1,634,3,3519,1,30
634,351,1,635,5,3524,1,50
635,351,1,636,9,3533,1,90
636,351,1,637,6,3539,1,60
637,351,1,638,7,3546,1,70
638,351,1,639,7,3553,1,70
639,351,1,640,2,3555,1,20
640,351,1,641,8,3563,1,80
641,351,1,642,5,3568,1,50
642,351,1,643,4,3572,1,40
643,351,1,644,5,3577,1,50
644,351,1,645,9,3586,1,90
645,351,1,646,5,3591,1,50
646,351,1,647,8,3599,1,80
647,351,1,648,2,3601,1,20
648,351,1,649,7,3608,1,70
649,351,1,650,8,3616,1,80
650,351,1,651,7,3623,1,70
651,351,1,652,6,3629,1,60
652,351,1,653,7,3636,1,70
653,351,1,654,6,3642,1,60
654,351,1,655,3,3645,52,30
655,351,1,656,6,3651,1,60
656,351,1,657,4,3655,1,40
657,351,1,658,8,3663,1,80
658,351,1,659,4,3667,1,40
659,351,1,660,7,3674,1,70
660,351,1,661,9,3683,1,90
661,351,1,662,9,3692,1,90
662,351,1,663,2,3694,1,20
663,351,1,664,5,3699,1,50
664,351,1,665,6,3705,1,60
665,351,1,666,2,3707,1,20
666,351,1,667,4,3711,1,40
667,351,1,668,2,3713,1,20
668,351,1,669,9,3722,1,90
669,351,1,670,6,3728,1,60
670,351,1,671,7,3735,1,70
671,351,1,672,4,3739,1,40
672,351,1,673,2,3741,1,20
673,351,1,674,2,3743,1,20
674,351,1,675,3,3746,1,30
675,351,1,676,9,3755,36,90
676,351,1,677,3,3758,1,30
677,351,1,678,2,3760,1,20
678,351,1,679,9,3769,1,90
679,351,1,680,5,3774,1,50
680,351,1,681,2,3776,1,20
681,351,1,682,7,3783,1,70
682,351,1,683,3,3786,1,30
683,351,1,684,7,3793,1,70
684,351,1,685,4,3797,1,40
685,351,1,686,8,3805,1,80
686,351,1,687,4,3809,1,40
687,351,1,688,4,3813,1,40
688,351,1,689,6,3819,1,60
689,351,1,690,2,3821,1,20
690,351,1,691,9,3830,1,90
691,351,1,692,6,3836,1,60
692,351,1,693,3,3839,1,30
693,351,1,694,7,3846,1,70
694,351,1,695,6,3852,1,60
695,351,1,696,6,3858,1,60
696,351,1,697,7,3865,1,70
697,351,1,698,7,3872,1,70
698,351,1,699,3,3875,39,30
699,351,1,700,4,3879,1,40
700,351,1,701,7,3886,1,70
701,351,1,702,5,3891,29,50
702,351,1,703,6,3897,1,60
703,351,1,704,9,3906,1,90
704,351,1,705,2,3908,1,20
705,351,1,706,6,3914,1,60
706,351,1,707,8,3922,1,80
707,351,1,708,5,3927,1,50
708,351,1,709,6,3933,1,60
709,351,1,710,3,3936,1,30
710,351,1,711,5,3941,1,50
711,351,1,712,6,3947,1,60
712,351,1,713,3,3950,1,30
713,351,1,714,5,3955,1,50
714,351,1,715,4,3959,1,40
715,351,1,716,3,3962,1,30
716,351,1,717,3,3965,1,30
717,351,1,718,2,3967,1,20
718,351,1,719,7,3974,1,70
719,351,1,720,4,3978,1,40
720,351,1,721,7,3985,1,70
721,351,1,722,8,3993,31,80
722,351,1,723,9,4002,1,90
723,351,1,724,6,4008,1,60
724,351,1,725,7,4015,1,70
725,351,1,726,4,4019,1,40
726,351,1,727,6,4025,1,60
727,351,1,728,7,4032,1,70
728,351,1,729,9,4041,1,90
729,351,1,730,6,4047,1,60
730,351,1,731,8,4055,1,80
731,351,1,732,5,4060,1,50
732,351,1,733,2,4062,1,20
733,351,1,734,2,4064,1,20
734,351,1,735,9,4073,1,90
735,351,1,736,4,4077,1,40
736,351,1,737,2,4079,1,20
737,351,1,738,9,4088,1,90
738,351,1,739,2,4090,1,20
739,351,1,740,4,4094,1,40
740,351,1,741,5,4099,1,50
741,351,1,742,7,4106,1,70
742,351,1,743,2,4108,1,20
743,351,1,744,2,4110,1,20
744,351,1,745,6,4116,1,60
745,351,1,746,5,4121,1,50
746,351,1,747,3,4124,1,30
747,351,1,748,3,4127,1,30
748,351,1,749,7,4134,1,70
749,351,1,750,6,4140,1,60
750,351,1,751,9,4149,1,90
751,351,1,752,7,4156,1,70
752,351,1,753,6,4162,1,60
753,351,1,754,2,4164,1,20
754,351,1,755,7,4171,1,70
755,351,1,756,3,4174,1,30
756,351,1,757,9,4183,1,90
757,351,1,758,9,4192,1,90
758,351,1,759,9,4201,1,90
759,351,1,760,3,4204,1,30
760,351,1,761,9,4213,1,90
761,351,1,762,2,4215,1,20
762,351,1,763,6,4221,1,60
763,351,1,764,8,4229,44,80
764,351,1,765,3,4232,1,30
765,351,1,766,2,4234,1,20
766,351,1,767,9,4243,1,90
767,351,1,768,3,4246,1,30
768,351,1,769,7,4253,1,70
769,351,1,770,5,4258,1,50
770,351,1,771,6,4264,1,60
771,351,1,772,8,4272,1,80
772,351,1,773,8,4280,1,80
773,351,1,774,4,4284,1,40
774,351,1,775,7,4291,1,70
775,351,1,776,5,4296,1,50
776,351,1,777,5,4301,1,50
777,351,1,778,4,4305,1,40
778,351,1,779,6,4311,1,60
779,351,1,780,4,4315,1,40
780,351,1,781,5,4320,48,50
781,351,1,782,6,4326,1,60
782,351,1,783,5,4331,1,50
783,351,1,784,6,4337,1,60
784,351,1,785,9,4346,1,90
785,351,1,786,9,4355,1,90
786,351,1,787,4,4359,1,40
787,351,1,788,7,4366,30,70
788,351,1,789,5,4371,1,50
789,351,1,790,6,4377,1,60
790,351,1,791,8,4385,1,80
791,351,1,792,2,4387,1,20
792,351,1,793,2,4389,1,20
793,351,1,794,2,4391,1,20
794,351,1,795,7,4398,1,70
795,351,1,796,8,4406,1,80
796,351,1,797,2,4408,1,20
797,351,1,798,8,4416,1,80
798,351,1,799,9,4425,1,90
799,351,1,800,8,4433,1,80
800,351,1,801,2,4435,1,20
801,351,1,802,5,4440,1,50
802,351,1,803,9,4449,1,90
803,351,1,804,3,4452,1,30
804,351,1,805,9,4461,1,90
805,351,1,806,7,4468,1,70
806,351,1,807,4,4472,1,40
807,351,1,808,9,4481,1,90
808,351,1,809,6,4487,1,60
809,351,1,810,8,4495,1,80
810,351,1,811,5,4500,1,50
811,351,1,812,9,4509,1,90
812,351,1,813,9,4518,1,90
813,351,1,814,2,4520,1,20
814,351,1,815,6,4526,1,60
815,351,1,816,4,4530,1,40
816,351,1,817,2,4532,1,20
817,351,1,818,3,4535,1,30
818,351,1,819,3,4538,1,30
819,351,1,820,5,4543,1,50
820,351,1,821,7,4550,1,70
821,351,1,822,8,4558,1,80
822,351,1,823,3,4561,1,30
823,351,1,824,6,4567,1,60
824,351,1,825,2,4569,1,20
825,351,1,826,6,4575,1,60
826,351,1,827,6,4581,1,60
827,351,1,828,5,4586,1,50
828,351,1,829,4,4590,1,40
829,351,1,830,4,4594,1,40
830,351,1,831,4,4598,1,40
831,351,1,832,7,4605,1,70
832,351,1,833,3,4608,1,30
833,351,1,834,7,4615,1,70
834,351,1,835,4,4619,1,40
835,351,1,836,7,4626,1,70
836,351,1,837,6,4632,1,60
837,351,1,838,3,4635,1,30
838,351,1,839,5,4640,1,50
839,351,1,840,2,4642,1,20
840,351,1,841,4,4646,1,40
841,351,1,842,3,4649,1,30
842,351,1,843,8,4657,1,80
843,351,1,844,4,4661,1,40
844,351,1,845,7,4668,1,70
845,351,1,846,2,4670,1,20
846,351,1,847,8,4678,1,80
847,351,1,848,3,4681,1,30
848,351,1,849,4,4685,1,40
849,351,1,850,3,4688,1,30
850,351,1,851,9,4697,1,90
851,351,1,852,3,4700,1,30
852,351,1,853,5,4705,1,50
853,351,1,854,5,4710,1,50
854,351,1,855,2,4712,1,20
855,351,1,856,4,4716,1,40
856,351,1,857,9,4725,1,90
857,351,1,858,7,4732,1,70
858,351,1,859,3,4735,1,30
859,351,1,860,9,4744,1,90
860,351,1,861,6,4750,1,60
861,351,1,862,7,4757,1,70
862,351,1,863,3,4760,1,30
863,351,1,864,6,4766,1,60
864,351,1,865,8,4774,1,80
865,351,1,866,2,4776,1,20
866,351,1,867,5,4781,1,50
867,351,1,868,2,4783,1,20
868,351,1,869,8,4791,1,80
869,351,1,870,3,4794,1,30
870,351,1,871,9,4803,1,90
871,351,1,872,2,4805,1,20
872,351,1,873,4,4809,1,40
873,351,1,874,6,4815,1,60
874,351,1,875,3,4818,1,30
875,351,1,876,6,4824,1,60
876,351,1,877,2,4826,1,20
877,351,1,878,3,4829,1,30
878,351,1,879,3,4832,1,30
879,351,1,880,4,4836,1,40
880,351,1,881,9,4845,1,90
881,351,1,882,4,4849,1,40
882,351,1,883,7,4856,1,70
883,351,1,884,3,4859,1,30
884,351,1,885,4,4863,1,40
885,351,1,886,7,4870,1,70
886,351,1,887,8,4878,1,80
887,351,1,888,4,4882,1,40
888,351,1,889,3,4885,1,30
889,351,1,890,7,4892,1,70
890,351,1,891,5,4897,1,50
891,351,1,892,4,4901,1,40
892,351,1,893,5,4906,1,50
893,351,1,894,3,4909,1,30
894,351,1,895,7,4916,1,70
895,351,1,896,6,4922,1,60
896,351,1,897,9,4931,1,90
897,351,1,898,8,4939,1,80
898,351,1,899,8,4947,1,80
899,351,1,900,4,4951,1,40
900,351,1,901,6,4957,1,60
901,351,1,902,9,4966,1,90
902,351,1,903,3,4969,1,30
903,351,1,904,5,4974,1,50
904,351,1,905,6,4980,1,60
905,351,1,906,7,4987,1,70
906,351,1,907,6,4993,1,60
907,351,1,908,3,4996,1,30
908,351,2,1,2,2,1,20
909,351,2,2,3,5,1,30
910,351,2,3,6,11,1,60
911,351,2,4,4,15,1,40
912,351,2,5,8,23,1,80
913,351,2,6,2,25,1,20
914,351,2,7,9,34,1,90
915,351,2,8,7,41,1,70
916,351,2,9,3,44,1,30
917,351,2,10,6,50,1,60
918,351,2,11,4,54,1,40
919,351,2,12,3,57,1,30
920,351,2,13,2,59,1,20
921,351,2,14,6,65,1,60
922,351,2,15,3,68,1,30
923,351,2,16,7,75,1,70
924,351,2,17,2,77,1,20
925,351,2,18,5,82,1,50
926,351,2,19,8,90,1,80
927,351,2,20,9,99,1,90
928,351,2,21,7,106,1,70
929,351,2,22,6,112,1,60
930,351,2,23,6,118,1,60
931,351,2,24,3,121,1,30
932,351,2,25,4,125,1,40
933,351,2,26,3,128,1,30
934,351,2,27,2,130,1,20
935,351,2,28,3,133,1,30
936,351,2,29,2,135,1,20
937,351,2,30,2,137,1,20
938,351,2,31,6,143,1,60
939,351,2,32,5,148,1,50
940,351,2,33,6,154,1,60
941,351,2,34,9,163,1,90
942,351,2,35,6,169,1,60
943,351,2,36,4,173,1,40
944,351,2,37,6,179,14,60
945,351,2,38,5,184,1,50
946,351,2,39,2,186,1,20
947,351,2,40,4,190,1,40
948,351,2,41,2,192,1,20
949,351,2,42,8,200,1,80
950,351,2,43,7,207,8,70
951,351,2,44,9,216,1,90
952,351,2,45,8,224,1,80
953,351,2,46,8,232,1,80
954,351,2,47,6,238,1,60
955,351,2,48,4,242,1,40
956,351,2,49,4,246,1,40
957,351,2,50,7,253,1,70
958,351,2,51,9,262,1,90
959,351,2,52,2,264,1,20
960,351,2,53,6,270,1,60
961,351,2,54,2,272,1,20
962,351,2,55,4,276,1,40
963,351,2,56,2,278,1,20
964,351,2,57,5,283,1,50
965,351,2,58,7,290,1,70
966,351,2,59,7,297,1,70
967,351,2,60,8,305,1,80
968,351,2,61,8,313,1,80
969,351,2,62,4,317,1,40
970,351,2,63,3,320,1,30
971,351,2,64,9,329,1,90
972,351,2,65,8,337,1,80
973,351,2,66,6,343,1,60
974,351,2,67,7,350,1,70
975,351,2,68,6,356,1,60
976,351,2,69,9,365,1,90
977,351,2,70,6,371,1,60
978,351,2,71,3,374,1,30
979,351,2,72,5,379,1,50
980,351,2,73,2,381,1,20
981,351,2,74,5,386,1,50
982,351,2,75,9,395,1,90
983,351,2,76,6,401,1,60
984,351,2,77,5,406,1,50
985,351,2,78,7,413,1,70
986,351,2,79,5,418,1,50
987,351,2,80,6,424,1,60
988,351,2,81,4,428,1,40
989,351,2,82,8,436,1,80
990,351,2,83,9,445,1,90
991,351,2,84,4,449,1,40
992,351,2,85,4,453,1,40
993,351,2,86,8,461,1,80
994,351,2,87,3,464,1,30
995,351,2,88,6,470,1,60
996,351,2,89,3,473,1,30
997,351,2,90,3,476,1,30
998,351,2,91,3,479,1,30
999,351,2,92,8,487,1,80
1000,351,2,93,7,494,1,70
1001,351,2,94,2,496,1,20
1002,351,2,95,2,498,1,20
1003,351,2,96,5,503,1,50
1004,351,2,97,8,511,1,80
1005,351,2,98,7,518,1,70
1006,351,2,99,6,524,1,60
1007,351,2,100,7,531,1,70
1008,351,2,101,3,534,1,30
1009,351,2,102,7,541,1,70
1010,351,2,103,2,543,1,20
1011,351,2,104,8,551,1,80
1012,351,2,105,9,560,1,90
1013,351,2,106,7,567,1,70
1014,351,2,107,6,573,1,60
1015,351,2,108,9,582,1,90
1016,351,2,109,5,587,1,50
1017,351,2,110,2,589,1,20
1018,351,2,111,7,596,1,70
1019,351,2,112,8,604,1,80
1020,351,2,113,5,609,68,50
1021,351,2,114,5,614,1,50
1022,351,2,115,2,616,1,20
1023,351,2,116,7,623,40,70
1024,351,2,117,8,631,1,80
1025,351,2,118,5,636,1,50
1026,351,2,119,7,643,1,70
1027,351,2,120,7,650,1,70
1028,351,2,121,4,654,16,40
1029,351,2,122,9,663,1,90
1030,351,2,123,8,671,1,80
1031,351,2,124,4,675,1,40
1032,351,2,125,3,678,19,30
1033,351,2,126,2,680,1,20
1034,351,2,127,3,683,1,30
1035,351,2,128,6,689,1,60
1036,351,2,129,9,698,1,90
1037,351,2,130,4,702,1,40
1038,351,2,131,3,705,1,30
1039,351,2,132,5,710,1,50
1040,351,2,133,2,712,1,20
1041,351,2,134,7,719,1,70
1042,351,2,135,2,721,1,20
1043,351,2,136,6,727,1,60
1044,351,2,137,6,733,1,60
1045,351,2,138,9,742,1,90
1046,351,2,139,7,749,1,70
1047,351,2,140,4,753,1,40
1048,351,2,141,2,755,1,20
1049,351,2,142,6,761,1,60
1050,351,2,143,8,769,1,80
1051,351,2,144,9,778,1,90
1052,351,2,145,6,784,1,60
1053,351,2,146,5,789,1,50
1054,351,2,147,2,791,1,20
1055,351,2,148,2,793,1,20
1056,351,2,149,5,798,1,50
1057,351,2,150,7,805,1,70
1058,351,2,151,3,808,1,30
1059,351,2,152,7,815,1,70
1060,351,2,153,4,819,1,40
1061,351,2,154,9,828,1,90
1062,351,2,155,7,835,1,70
1063,351,2,156,3,838,1,30
1064,351,2,157,5,843,1,50
1065,351,2,158,6,849,1,60
1066,351,2,159,7,856,1,70
1067,351,2,160,3,859,1,30
1068,351,2,161,8,867,1,80
1069,351,2,162,3,870,1,30
1070,351,2,163,9,879,1,90
1071,351,2,164,2,881,1,20
1072,351,2,165,2,883,1,20
1073,351,2,166,3,886,1,30
1074,351,2,167,3,889,1,30
1075,351,2,168,3,892,1,30
1076,351,2,169,8,900,1,80
1077,351,2,170,7,907,1,70
1078,351,2,171,9,916,1,90
1079,351,2,172,9,925,37,90
1080,351,2,173,3,928,1,30
1081,351,2,174,8,936,1,80
1082,351,2,175,5,941,1,50
1083,351,2,176,4,945,1,40
1084,351,2,177,5,950,1,50
1085,351,2,178,8,958,1,80
1086,351,2,179,4,962,1,40
1087,351,2,180,5,967,1,50
1088,351,2,181,9,976,1,90
1089,351,2,182,8,984,1,80
1090,351,2,183,2,986,1,20
1091,351,2,184,5,991,1,50
1092,351,2,185,7,998,1,70
1093,351,2,186,5,1003,1,50
1094,351,2,187,5,1008,1,50
1095,351,2,188,2,1010,1,20
1096,351,2,189,6,1016,1,60
1097,351,2,190,6,1022,1,60
1098,351,2,191,5,1027,1,50
1099,351,2,192,3,1030,1,30
1100,351,2,193,4,1034,1,40
1101,351,2,194,3,1037,1,30
1102,351,2,195,6,1043,35,60
1103,351,2,196,7,1050,22,70
1104,351,2,197,6,1056,1,60
1105,351,2,198,5,1061,1,50
1106,351,2,199,6,1067,1,60
1107,351,2,200,7,1074,1,70
1108,351,2,201,4,1078,18,40
1109,351,2,202,2,1080,1,20
1110,351,2,203,7,1087,1,70
1111,351,2,204,5,1092,1,50
1112,351,2,205,8,1100,1,80
1113,351,2,206,9,1109,1,90
1114,351,2,207,8,1117,1,80
1115,351,2,208,6,1123,1,60
1116,351,2,209,2,1125,23,20
1117,351,2,210,7,1132,1,70
1118,351,2,211,4,1136,1,40
1119,351,2,212,7,1143,1,70
1120,351,2,213,6,1149,1,60
1121,351,2,214,7,1156,1,70
1122,351,2,215,4,1160,1,40
1123,351,2,216,3,1163,1,30
1124,351,2,217,6,1169,1,60
1125,351,2,218,6,1175,1,60
1126,351,2,219,4,1179,1,40
1127,351,2,220,3,1182,1,30
1128,351,2,221,9,1191,1,90
1129,351,2,222,8,1199,1,80
1130,351,2,223,4,1203,1,40
1131,351,2,224,5,1208,1,50
1132,351,2,225,3,1211,1,30
1133,351,2,226,9,1220,1,90
1134,351,2,227,4,1224,1,40
1135,351,2,228,8,1232,1,80
1136,351,2,229,2,1234,1,20
1137,351,2,230,3,1237,1,30
1138,351,2,231,3,1240,1,30
1139,351,2,232,7,1247,1,70
1140,351,2,233,3,1250,1,30
1141,351,2,234,6,1256,1,60
1142,351,2,235,8,1264,1,80
1143,351,2,236,2,1266,1,20
1144,351,2,237,7,1273,34,70
1145,351,2,238,3,1276,1,30
1146,351,2,239,6,1282,1,60
1147,351,2,240,5,1287,1,50
1148,351,2,241,8,1295,1,80
1149,351,2,242,2,1297,1,20
1150,351,2,243,3,1300,1,30
1151,351,2,244,8,1308,1,80
1152,351,2,245,7,1315,1,70
1153,351,2,246,6,1321,1,60
1154,351,2,247,3,1324,1,30
1155,351,2,248,4,1328,1,40
1156,351,2,249,2,1330,1,20
1157,351,2,250,8,1338,1,80
1158,351,2,251,7,1345,1,70
1159,351,2,252,3,1348,1,30
1160,351,2,253,4,1352,1,40
1161,351,2,254,4,1356,1,40
1162,351,2,255,9,1365,1,90
1163,351,2,256,3,1368,1,30
1164,351,2,257,3,1371,1,30
1165,351,2,258,2,1373,1,20
1166,351,2,259,6,1379,1,60
1167,351,2,260,6,1385,1,60
1168,351,2,261,3,1388,1,30
1169,351,2,262,3,1391,1,30
1170,351,2,263,2,1393,1,20
1171,351,2,264,3,1396,1,30
1172,351,2,265,5,1401,1,50
1173,351,2,266,4,1405,1,40
1174,351,2,267,8,1413,1,80
1175,351,2,268,7,1420,1,70
1176,351,2,269,9,1429,1,90
1177,351,2,270,9,1438,1,90
1178,351,2,271,5,1443,36,50
1179,351,2,272,3,1446,1,30
1180,351,2,273,4,1450,1,40
1181,351,2,274,6,1456,1,60
1182,351,2,275,9,1465,1,90
1183,351,2,276,7,1472,1,70
1184,351,2,277,7,1479,1,70
1185,351,2,278,7,1486,23,70
1186,351,2,279,7,1493,1,70
1187,351,2,280,8,1501,1,80
1188,351,2,281,9,1510,1,90
1189,351,2,282,7,1517,1,70
1190,351,2,283,7,1524,1,70
1191,351,2,284,5,1529,1,50
1192,351,2,285,3,1532,1,30
1193,351,2,286,5,1537,1,50
1194,351,2,287,5,1542,1,50
1195,351,2,288,3,1545,1,30
1196,351,2,289,5,1550,1,50
1197,351,2,290,4,1554,1,40
1198,351,2,291,5,1559,1,50
1199,351,2,292,5,1564,1,50
1200,351,2,293,7,1571,1,70
1201,351,2,294,8,1579,1,80
1202,351,2,295,9,1588,1,90
1203,351,2,296,8,1596,1,80
1204,351,2,297,5,1601,1,50
1205,351,2,298,4,1605,28,40
1206,351,2,299,2,1607,21,20
1207,351,2,300,8,1615,1,80
1208,351,2,301,2,1617,1,20
1209,351,2,302,7,1624,1,70
1210,351,2,303,3,1627,1,30
1211,351,2,304,4,1631,1,40
1212,351,2,305,7,1638,1,70
1213,351,2,306,6,1644,1,60
1214,351,2,307,6,1650,1,60
1215,351,2,308,3,1653,1,30
1216,351,2,309,3,1656,1,30
1217,351,2,310,5,1661,1,50
1218,351,2,311,6,1667,1,60
1219,351,2,312,3,1670,1,30
1220,351,2,313,2,1672,1,20
1221,351,2,314,2,1674,1,20
1222,351,2,315,9,1683,1,90
1223,351,2,316,4,1687,22,40
1224,351,2,317,2,1689,1,20
1225,351,2,318,4,1693,14,40
1226,351,2,319,2,1695,10,20
1227,351,2,320,9,1704,1,90
1228,351,2,321,3,1707,1,30
1229,351,2,322,3,1710,1,30
1230,351,2,323,8,1718,1,80
1231,351,2,324,3,1721,1,30
1232,351,2,325,9,1730,1,90
1233,351,2,326,2,1732,1,20
1234,351,2,327,7,1739,22,70
1235,351,2,328,4,1743,1,40
1236,351,2,329,3,1746,1,30
1237,351,2,330,8,1754,1,80
1238,351,2,331,4,1758,1,40
1239,351,2,332,3,1761,1,30
1240,351,2,333,3,1764,1,30
1241,351,2,334,2,1766,1,20
1242,351,2,335,3,1769,1,30
1243,351,2,336,8,1777,1,80
1244,351,2,337,8,1785,1,80
1245,351,2,338,3,1788,1,30
1246,351,2,339,4,1792,1,40
1247,351,2,340,8,1800,1,80
1248,351,2,341,5,1805,1,50
1249,351,2,342,9,1814,1,90
1250,351,2,343,7,1821,1,70
1251,351,2,344,5,1826,1,50
1252,351,2,345,5,1831,1,50
1253,351,2,346,3,1834,1,30
1254,351,2,347,8,1842,18,80
1255,351,2,348,4,1846,1,40
1256,351,2,349,6,1852,1,60
1257,351,2,350,3,1855,1,30
1258,351,2,351,5,1860,1,50
1259,351,2,352,6,1866,1,60
1260,351,2,353,2,1868,1,20
1261,351,2,354,3,1871,1,30
1262,351,2,355,6,1877,1,60
1263,351,2,356,3,1880,1,30
1264,351,2,357,8,1888,1,80
1265,351,2,358,6,1894,1,60
1266,351,2,359,5,1899,1,50
1267,351,2,360,7,1906,1,70
1268,351,2,361,9,1915,1,90
1269,351,2,362,3,1918,1,30
1270,351,2,363,3,1921,1,30
1271,351,2,364,2,1923,1,20
1272,351,2,365,4,1927,1,40
1273,351,2,366,8,1935,1,80
1274,351,2,367,6,1941,1,60
1275,351,2,368,2,1943,1,20
1276,351,2,369,8,1951,1,80
1277,351,2,370,6,1957,1,60
1278,351,2,371,8,1965,1,80
1279,351,2,372,2,1967,1,20
1280,351,2,373,7,1974,1,70
1281,351,2,374,4,1978,1,40
1282,351,2,375,9,1987,1,90
1283,351,2,376,3,1990,1,30
1284,351,2,377,7,1997,1,70
1285,351,2,378,9,2006,1,90
1286,351,2,379,9,2015,1,90
1287,351,2,380,8,2023,1,80
1288,351,2,381,9,2032,1,90
1289,351,2,382,4,2036,1,40
1290,351,2,383,4,2040,1,40
1291,351,2,384,6,2046,1,60
1292,351,2,385,7,2053,1,70
1293,351,2,386,4,2057,1,40
1294,351,2,387,2,2059,1,20
1295,351,2,388,5,2064,1,50
1296,351,2,389,9,2073,1,90
1297,351,2,390,8,2081,1,80
1298,351,2,391,4,2085,1,40
1299,351,2,392,8,2093,1,80
1300,351,2,393,9,2102,1,90
1301,351,2,394,2,2104,1,20
1302,351,2,395,2,2106,1,20
1303,351,2,396,7,2113,1,70
1304,351,2,397,2,2115,1,20
1305,351,2,398,3,2118,1,30
1306,351,2,399,2,2120,1,20
1307,351,2,400,3,2123,1,30
1308,351,2,401,6,2129,1,60
1309,351,2,402,2,2131,1,20
1310,351,2,403,8,2139,1,80
1311,351,2,404,7,2146,1,70
1312,351,2,405,5,2151,1,50
1313,351,2,406,7,2158,1,70
1314,351,2,407,4,2162,1,40
1315,351,2,408,7,2169,1,70
1316,351,2,409,3,2172,1,30
1317,351,2,410,9,2181,1,90
1318,351,2,411,6,2187,1,60
1319,351,2,412,5,2192,1,50
1320,351,2,413,6,2198,1,60
1321,351,2,414,5,2203,1,50
1322,351,2,415,8,2211,1,80
1323,351,2,416,2,2213,1,20
1324,351,2,417,8,2221,1,80
1325,351,2,418,5,2226,1,50
1326,351,2,419,2,2228,1,20
1327,351,2,420,4,2232,1,40
1328,351,2,421,4,2236,1,40
1329,351,2,422,2,2238,1,20
1330,351,2,423,7,2245,1,70
1331,351,2,424,8,2253,1,80
1332,351,2,425,3,2256,1,30
1333,351,2,426,5,2261,1,50
1334,351,2,427,5,2266,1,50
1335,351,2,428,6,2272,1,60
1336,351,2,429,4,2276,1,40
1337,351,2,430,3,2279,1,30
1338,351,2,431,9,2288,1,90
1339,351,2,432,6,2294,1,60
1340,351,2,433,9,2303,1,90
1341,351,2,434,4,2307,1,40
1342,351,2,435,7,2314,1,70
1343,351,2,436,8,2322,1,80
1344,351,2,437,3,2325,1,30
1345,351,2,438,7,2332,1,70
1346,351,2,439,3,2335,1,30
1347,351,2,440,2,2337,1,20
1348,351,2,441,2,2339,1,20
1349,351,2,442,4,2343,1,40
1350,351,2,443,5,2348,1,50
1351,351,2,444,6,2354,1,60
1352,351,2,445,4,2358,1,40
1353,351,2,446,2,2360,1,20
1354,351,2,447,2,2362,1,20
1355,351,2,448,2,2364,1,20
1356,351,2,449,4,2368,1,40
1357,351,2,450,5,2373,1,50
1358,351,2,451,2,2375,1,20
1359,351,2,452,4,2379,1,40
1360,351,2,453,5,2384,1,50
1361,351,2,454,2,2386,1,20
1362,351,2,455,2,2388,1,20
1363,351,2,456,9,2397,1,90
1364,351,2,457,2,2399,1,20
1365,351,2,458,6,2405,1,60
1366,351,2,459,6,2411,1,60
1367,351,2,460,5,2416,1,50
1368,351,2,461,4,2420,1,40
1369,351,2,462,5,2425,1,50
1370,351,2,463,8,2433,1,80
1371,351,2,464,3,2436,1,30
1372,351,2,465,9,2445,1,90
1373,351,2,466,7,2452,1,70
1374,351,2,467,5,2457,1,50
1375,351,2,468,5,2462,1,50
1376,351,2,469,9,2471,1,90
1377,351,2,470,6,2477,1,60
1378,351,2,471,8,2485,1,80
1379,351,2,472,4,2489,1,40
1380,351,2,473,8,2497,1,80
1381,351,2,474,5,2502,1,50
1382,351,2,475,8,2510,1,80
1383,351,2,476,8,2518,1,80
1384,351,2,477,6,2524,1,60
1385,351,2,478,4,2528,1,40
1386,351,2,479,5,2533,1,50
1387,351,2,480,2,2535,1,20
1388,351,2,481,5,2540,1,50
1389,351,2,482,4,2544,1,40
1390,351,2,483,8,2552,1,80
1391,351,2,484,9,2561,1,90
1392,351,2,485,5,2566,1,50
1393,351,2,486,9,2575,1,90
1394,351,2,487,5,2580,1,50
1395,351,2,488,5,2585,1,50
1396,351,2,489,4,2589,1,40
1397,351,2,490,4,2593,1,40
1398,351,2,491,3,2596,1,30
1399,351,2,492,3,2599,1,30
1400,351,2,493,7,2606,1,70
1401,351,2,494,4,2610,127,40
1402,351,2,495,3,2613,1,30
1403,351,2,496,8,2621,1,80
1404,351,2,497,3,2624,1,30
1405,351,2,498,8,2632,1,80
1406,351,2,499,7,2639,1,70
1407,351,2,500,2,2641,1,20
1408,351,2,501,4,2645,1,40
1409,351,2,502,6,2651,1,60
1410,351,2,503,2,2653,1,20
1411,351,2,504,3,2656,61,30
1412,351,2,505,7,2663,1,70
1413,351,2,506,5,2668,1,50
1414,351,2,507,8,2676,1,80
1415,351,2,508,2,2678,1,20
1416,351,2,509,3,2681,1,30
1417,351,2,510,4,2685,1,40
1418,351,2,511,4,2689,1,40
1419,351,2,512,4,2693,1,40
1420,351,2,513,2,2695,1,20
1421,351,2,514,4,2699,46,40
1422,351,2,515,8,2707,1,80
1423,351,2,516,6,2713,28,60
1424,351,2,517,4,2717,1,40
1425,351,2,518,9,2726,1,90
1426,351,2,519,5,2731,1,50
1427,351,2,520,2,2733,1,20
1428,351,2,521,8,2741,1,80
1429,351,2,522,8,2749,1,80
1430,351,2,523,2,2751,1,20
1431,351,2,524,6,2757,1,60
1432,351,2,525,7,2764,1,70
1433,351,2,526,3,2767,1,30
1434,351,2,527,4,2771,1,40
1435,351,2,528,8,2779,1,80
1436,351,2,529,5,2784,1,50
1437,351,2,530,2,2786,1,20
1438,351,2,531,4,2790,1,40
1439,351,2,532,8,2798,1,80
1440,351,2,533,8,2806,1,80
1441,351,2,534,2,2808,1,20
1442,351,2,535,8,2816,1,80
1443,351,2,536,8,2824,1,80
1444,351,2,537,2,2826,1,20
1445,351,2,538,5,2831,1,50
1446,351,2,539,5,2836,1,50
1447,351,2,540,6,2842,1,60
1448,351,2,541,9,2851,1,90
1449,351,2,542,2,2853,1,20
1450,351,2,543,6,2859,1,60
1451,351,2,544,9,2868,1,90
1452,351,2,545,6,2874,1,60
1453,351,2,546,4,2878,1,40
1454,351,2,547,3,2881,1,30
1455,351,2,548,7,2888,1,70
1456,351,2,549,2,2890,1,20
1457,351,2,550,4,2894,1,40
1458,351,2,551,3,2897,1,30
1459,351,2,552,3,2900,1,30
1460,351,2,553,2,2902,1,20
1461,351,2,554,9,2911,1,90
1462,351,2,555,8,2919,1,80
1463,351,2,556,9,2928,1,90
1464,351,2,557,4,2932,1,40
1465,351,2,558,5,2937,1,50
1466,351,2,559,5,2942,1,50
1467,351,2,560,6,2948,1,60
1468,351,2,561,7,2955,1,70
1469,351,2,562,8,2963,1,80
1470,351,2,563,3,2966,1,30
1471,351,2,564,8,2974,1,80
1472,351,2,565,7,2981,1,70
1473,351,2,566,6,2987,1,60
1474,351,2,567,2,2989,1,20
1475,351,2,568,6,2995,1,60
1476,351,2,569,5,3000,1,50
1477,351,2,570,4,3004,1,40
1478,351,2,571,3,3007,1,30
1479,351,2,572,2,3009,1,20
1480,351,2,573,6,3015,1,60
1481,351,2,574,8,3023,1,80
1482,351,2,575,4,3027,1,40
1483,351,2,576,3,3030,1,30
1484,351,2,577,3,3033,1,30
1485,351,2,578,6,3039,1,60
1486,351,2,579,7,3046,1,70
1487,351,2,580,8,3054,1,80
1488,351,2,581,7,3061,1,70
1489,351,2,582,4,3065,60,40
1490,351,2,583,2,3067,1,20
1491,351,2,584,4,3071,26,40
1492,351,2,585,3,3074,1,30
1493,351,2,586,5,3079,1,50
1494,351,2,587,8,3087,1,80
1495,351,2,588,2,3089,1,20
1496,351,2,589,7,3096,1,70
1497,351,2,590,6,3102,1,60
1498,351,2,591,6,3108,1,60
1499,351,2,592,3,3111,1,30
1500,351,2,593,7,3118,1,70
1501,351,2,594,2,3120,1,20
1502,351,2,595,4,3124,1,40
1503,351,2,596,4,3128,1,40
1504,351,2,597,3,3131,1,30
1505,351,2,598,6,3137,1,60
1506,351,2,599,3,3140,1,30
1507,351,2,600,9,3149,1,90
1508,351,2,601,4,3153,1,40
1509,351,2,602,7,3160,1,70
1510,351,2,603,9,3169,1,90
1511,351,2,604,6,3175,1,60
1512,351,2,605,7,3182,1,70
1513,351,2,606,7,3189,1,70
1514,351,2,607,7,3196,1,70
1515,351,2,608,9,3205,1,90
1516,351,2,609,3,3208,1,30
1517,351,2,610,9,3217,1,90
1518,351,2,611,4,3221,1,40
1519,351,2,612,3,3224,36,30
1520,351,2,613,4,3228,1,40
1521,351,2,614,7,3235,1,70
1522,351,2,615,8,3243,1,80
1523,351,2,616,3,3246,1,30
1524,351,2,617,6,3252,1,60
1525,351,2,618,9,3261,1,90
1526,351,2,619,2,3263,1,20
1527,351,2,620,8,3271,1,80
1528,351,2,621,4,3275,1,40
1529,351,2,622,6,3281,1,60
1530,351,2,623,5,3286,1,50
1531,351,2,624,2,3288,1,20
1532,351,2,625,2,3290,1,20
1533,351,2,626,2,3292,1,20
1534,351,2,627,2,3294,1,20
1535,351,2,628,9,3303,1,90
1536,351,2,629,7,3310,1,70
1537,351,2,630,5,3315,1,50
1538,351,2,631,3,3318,1,30
1539,351,2,632,6,3324,1,60
1540,351,2,633,8,3332,1,80
1541,351,2,634,8,3340,1,80
1542,351,2,635,3,3343,1,30
1543,351,2,636,5,3348,1,50
1544,351,2,637,6,3354,1,60
1545,351,2,638,8,3362,1,80
1546,351,2,639,7,3369,1,70
1547,351,2,640,9,3378,1,90
1548,351,2,641,9,3387,1,90
1549,351,2,642,6,3393,1,60
1550,351,2,643,8,3401,1,80
1551,351,2,644,9,3410,1,90
1552,351,2,645,6,3416,1,60
1553,351,2,646,8,3424,1,80
1554,351,2,647,3,3427,1,30
1555,351,2,648,4,3431,1,40
1556,351,2,649,5,3436,1,50
1557,351,2,650,4,3440,1,40
1558,351,2,651,4,3444,1,40
1559,351,2,652,3,3447,1,30
1560,351,2,653,6,3453,1,60
1561,351,2,654,3,3456,1,30
1562,351,2,655,6,3462,1,60
1563,351,2,656,7,3469,1,70
1564,351,2,657,9,3478,1,90
1565,351,2,658,6,3484,1,60
1566,351,2,659,4,3488,1,40
1567,351,2,660,8,3496,1,80
1568,351,2,661,3,3499,1,30
1569,351,2,662,5,3504,1,50
1570,351,2,663,8,3512,1,80
1571,351,2,664,7,3519,1,70
1572,351,2,665,4,3523,1,40
1573,351,2,666,7,3530,1,70
1574,351,2,667,6,3536,1,60
1575,351,2,668,2,3538,64,20
1576,351,2,669,2,3540,1,20
1577,351,2,670,4,3544,1,40
1578,351,2,671,9,3553,1,90
1579,351,2,672,9,3562,1,90
1580,351,2,673,7,3569,1,70
1581,351,2,674,3,3572,1,30
1582,351,2,675,4,3576,1,40
1583,351,2,676,4,3580,1,40
1584,351,2,677,2,3582,1,20
1585,351,2,678,9,3591,1,90
1586,351,2,679,5,3596,1,50
1587,351,2,680,9,3605,1,90
1588,351,2,681,2,3607,1,20
1589,351,2,682,2,3609,1,20
1590,351,2,683,4,3613,1,40
1591,351,2,684,7,3620,42,70
1592,351,2,685,7,3627,1,70
1593,351,2,686,7,3634,1,70
1594,351,2,687,4,3638,1,40
1595,351,2,688,7,3645,1,70
1596,351,2,689,5,3650,1,50
1597,351,2,690,8,3658,1,80
1598,351,2,691,7,3665,1,70
1599,351,2,692,9,3674,1,90
1600,351,2,693,6,3680,1,60
1601,351,2,694,5,3685,1,50
1602,351,2,695,2,3687,1,20
1603,351,2,696,5,3692,1,50
1604,351,2,697,8,3700,30,80
1605,351,2,698,7,3707,1,70
1606,351,2,699,9,3716,1,90
1607,351,2,700,4,3720,1,40
1608,351,2,701,3,3723,1,30
1609,351,2,702,9,3732,1,90
1610,351,2,703,4,3736,18,40
1611,351,2,704,7,3743,1,70
1612,351,2,705,4,3747,1,40
1613,351,2,706,5,3752,1,50
1614,351,2,707,4,3756,1,40
1615,351,2,708,7,3763,1,70
1616,351,2,709,7,3770,1,70
1617,351,2,710,9,3779,1,90
1618,351,2,711,3,3782,1,30
1619,351,2,712,4,3786,1,40
1620,351,2,713,9,3795,1,90
1621,351,2,714,8,3803,1,80
1622,351,2,715,2,3805,1,20
1623,351,2,716,3,3808,1,30
1624,351,2,717,8,3816,1,80
1625,351,2,718,9,3825,1,90
1626,351,2,719,7,3832,1,70
1627,351,2,720,8,3840,1,80
1628,351,2,721,3,3843,1,30
1629,351,2,722,8,3851,1,80
1630,351,2,723,8,3859,1,80
1631,351,2,724,4,3863,1,40
1632,351,2,725,2,3865,1,20
1633,351,2,726,9,3874,1,90
1634,351,2,727,6,3880,1,60
1635,351,2,728,4,3884,1,40
1636,351,2,729,6,3890,1,60
1637,351,2,730,9,3899,1,90
1638,351,2,731,7,3906,1,70
1639,351,2,732,3,3909,1,30
1640,351,2,733,7,3916,1,70
1641,351,2,734,3,3919,1,30
1642,351,2,735,5,3924,1,50
1643,351,2,736,7,3931,41,70
1644,351,2,737,6,3937,1,60
1645,351,2,738,9,3946,1,90
1646,351,2,739,5,3951,1,50
1647,351,2,740,9,3960,1,90
1648,351,2,741,2,3962,1,20
1649,351,2,742,2,3964,1,20
1650,351,2,743,9,3973,1,90
1651,351,2,744,3,3976,1,30
1652,351,2,745,9,3985,32,90
1653,351,2,746,8,3993,1,80
1654,351,2,747,9,4002,1,90
1655,351,2,748,7,4009,1,70
1656,351,2,749,9,4018,1,90
1657,351,2,750,4,4022,1,40
1658,351,2,751,5,4027,1,50
1659,351,2,752,5,4032,1,50
1660,351,2,753,5,4037,1,50
1661,351,2,754,4,4041,1,40
1662,351,2,755,8,4049,1,80
1663,351,2,756,9,4058,1,90
1664,351,2,757,4,4062,1,40
1665,351,2,758,7,4069,1,70
1666,351,2,759,7,4076,1,70
1667,351,2,760,9,4085,1,90
1668,351,2,761,9,4094,1,90
1669,351,2,762,5,4099,49,50
1670,351,2,763,9,4108,1,90
1671,351,2,764,7,4115,1,70
1672,351,2,765,9,4124,1,90
1673,351,2,766,9,4133,1,90
1674,351,2,767,2,4135,24,20
1675,351,2,768,2,4137,1,20
1676,351,2,769,8,4145,1,80
1677,351,2,770,6,4151,1,60
1678,351,2,771,4,4155,1,40
1679,351,2,772,2,4157,1,20
1680,351,2,773,3,4160,1,30
1681,351,2,774,2,4162,1,20
1682,351,2,775,7,4169,1,70
1683,351,2,776,2,4171,1,20
1684,351,2,777,7,4178,1,70
1685,351,2,778,7,4185,1,70
1686,351,2,779,7,4192,1,70
1687,351,2,780,6,4198,1,60
1688,351,2,781,3,4201,1,30
1689,351,2,782,3,4204,1,30
1690,351,2,783,9,4213,1,90
1691,351,2,784,6,4219,1,60
1692,351,2,785,9,4228,1,90
1693,351,2,786,8,4236,1,80
1694,351,2,787,4,4240,1,40
1695,351,2,788,6,4246,1,60
1696,351,2,789,6,4252,1,60
1697,351,2,790,3,4255,1,30
1698,351,2,791,4,4259,1,40
1699,351,2,792,3,4262,1,30
1700,351,2,793,9,4271,1,90
1701,351,2,794,6,4277,1,60
1702,351,2,795,2,4279,1,20
1703,351,2,796,3,4282,1,30
1704,351,2,797,7,4289,1,70
1705,351,2,798,8,4297,1,80
1706,351,2,799,2,4299,1,20
1707,351,2,800,4,4303,1,40
1708,351,2,801,5,4308,1,50
1709,351,2,802,9,4317,1,90
1710,351,2,803,8,4325,1,80
1711,351,2,804,2,4327,1,20
1712,351,2,805,3,4330,1,30
1713,351,2,806,6,4336,43,60
1714,351,2,807,2,4338,1,20
1715,351,2,808,8,4346,24,80
1716,351,2,809,8,4354,1,80
1717,351,2,810,2,4356,1,20
1718,351,2,811,4,4360,1,40
1719,351,2,812,8,4368,1,80
1720,351,2,813,4,4372,1,40
1721,351,2,814,5,4377,1,50
1722,351,2,815,6,4383,1,60
1723,351,2,816,3,4386,1,30
1724,351,2,817,2,4388,18,20
1725,351,2,818,7,4395,1,70
1726,351,2,819,5,4400,1,50
1727,351,2,820,5,4405,1,50
1728,351,2,821,2,4407,1,20
1729,351,2,822,5,4412,1,50
1730,351,2,823,4,4416,1,40
1731,351,2,824,3,4419,1,30
1732,351,2,825,8,4427,1,80
1733,351,2,826,9,4436,1,90
1734,351,2,827,5,4441,1,50
1735,351,2,828,8,4449,1,80
1736,351,2,829,5,4454,1,50
1737,351,2,830,9,4463,1,90
1738,351,2,831,5,4468,1,50
1739,351,2,832,9,4477,1,90
1740,351,2,833,7,4484,1,70
1741,351,2,834,8,4492,1,80
1742,351,2,835,5,4497,1,50
1743,351,2,836,5,4502,1,50
1744,351,2,837,7,4509,1,70
1745,351,2,838,3,4512,1,30
1746,351,2,839,2,4514,1,20
1747,351,2,840,3,4517,1,30
1748,351,2,841,4,4521,28,40
1749,351,2,842,9,4530,21,90
1750,351,2,843,6,4536,1,60
1751,351,2,844,3,4539,1,30
1752,351,2,845,3,4542,1,30
1753,351,2,846,3,4545,1,30
1754,351,2,847,4,4549,1,40
1755,351,2,848,3,4552,1,30
1756,351,2,849,8,4560,1,80
1757,351,2,850,5,4565,1,50
1758,351,2,851,7,4572,17,70
1759,351,2,852,7,4579,4,70
1760,351,2,853,3,4582,11,30
1761,351,2,854,7,4589,1,70
1762,351,2,855,3,4592,1,30
1763,351,2,856,7,4599,4,70
1764,351,2,857,7,4606,1,70
1765,351,2,858,8,4614,1,80
1766,351,2,859,3,4617,1,30
1767,351,2,860,2,4619,1,20
1768,351,2,861,7,4626,1,70
1769,351,2,862,8,4634,1,80
1770,351,2,863,3,4637,1,30
1771,351,2,864,9,4646,1,90
1772,351,2,865,2,4648,1,20
1773,351,2,866,3,4651,1,30
1774,351,2,867,8,4659,1,80
1775,351,2,868,6,4665,1,60
1776,351,2,869,9,4674,1,90
1777,351,2,870,7,4681,15,70
1778,351,2,871,2,4683,1,20
1779,351,2,872,2,4685,1,20
1780,351,2,873,7,4692,1,70
1781,351,2,874,4,4696,1,40
1782,351,2,875,7,4703,1,70
1783,351,2,876,4,4707,1,40
1784,351,2,877,6,4713,1,60
1785,351,2,878,5,4718,1,50
1786,351,2,879,4,4722,1,40
1787,351,2,880,4,4726,1,40
1788,351,2,881,2,4728,1,20
1789,351,2,882,7,4735,1,70
1790,351,2,883,9,4744,1,90
1791,351,2,884,3,4747,1,30
1792,351,2,885,7,4754,1,70
1793,351,2,886,5,4759,1,50
1794,351,2,887,8,4767,1,80
1795,351,2,888,4,4771,1,40
1796,351,2,889,2,4773,1,20
1797,351,2,890,7,4780,1,70
1798,351,2,891,3,4783,1,30
1799,351,2,892,2,4785,1,20
1800,351,2,893,5,4790,1,50
1801,351,2,894,4,4794,1,40
1802,351,2,895,8,4802,1,80
1803,351,2,896,9,4811,1,90
1804,351,2,897,9,4820,18,90
1805,351,2,898,9,4829,1,90
1806,351,2,899,4,4833,1,40
1807,351,2,900,3,4836,1,30
1808,351,2,901,3,4839,1,30
1809,351,2,902,4,4843,1,40
1810,351,2,903,8,4851,1,80
1811,351,2,904,5,4856,1,50
1812,351,2,905,7,4863,1,70
1813,351,2,906,4,4867,1,40
1814,351,2,907,4,4871,1,40
1815,351,2,908,6,4877,1,60
1816,351,2,909,5,4882,1,50
1817,351,2,910,6,4888,1,60
1818,351,2,911,4,4892,31,40
1819,351,2,912,8,4900,1,80
1820,351,2,913,6,4906,1,60
1821,351,2,914,4,4910,1,40
1822,351,2,915,6,4916,1,60
1823,351,2,916,8,4924,1,80
1824,351,2,917,5,4929,1,50
1825,351,2,918,5,4934,1,50
1826,351,2,919,9,4943,1,90
1827,351,2,920,7,4950,1,70
1828,351,2,921,7,4957,1,70
1829,351,2,922,4,4961,1,40
1830,351,2,923,3,4964,1,30
1831,351,2,924,7,4971,1,70
1832,351,2,925,5,4976,27,50
1833,351,2,926,9,4985,1,90
1834,351,2,927,2,4987,1,20
1835,351,2,928,8,4995,1,80
1836,351,3,1,8,8,1,80
1837,351,3,2,5,13,1,50
1838,351,3,3,5,18,1,50
1839,351,3,4,8,26,1,80
1840,351,3,5,7,33,1,70
1841,351,3,6,3,36,1,30
1842,351,3,7,6,42,1,60
1843,351,3,8,3,45,1,30
1844,351,3,9,9,54,1,90
1845,351,3,10,8,62,1,80
1846,351,3,11,2,64,1,20
1847,351,3,12,5,69,1,50
1848,351,3,13,5,74,1,50
1849,351,3,14,4,78,1,40
1850,351,3,15,9,87,1,90
1851,351,3,16,8,95,1,80
1852,351,3,17,5,100,1,50
1853,351,3,18,5,105,1,50
1854,351,3,19,6,111,1,60
1855,351,3,20,5,116,1,50
1856,351,3,21,3,119,1,30
1857,351,3,22,6,125,1,60
1858,351,3,23,6,131,1,60
1859,351,3,24,6,137,1,60
1860,351,3,25,5,142,1,50
1861,351,3,26,7,149,1,70
1862,351,3,27,8,157,1,80
1863,351,3,28,7,164,1,70
1864,351,3,29,5,169,1,50
1865,351,3,30,5,174,1,50
1866,351,3,31,4,178,30,40
1867,351,3,32,6,184,1,60
1868,351,3,33,2,186,1,20
1869,351,3,34,7,193,1,70
1870,351,3,35,2,195,1,20
1871,351,3,36,2,197,1,20
1872,351,3,37,5,202,1,50
1873,351,3,38,8,210,1,80
1874,351,3,39,2,212,1,20
1875,351,3,40,5,217,1,50
1876,351,3,41,8,225,1,80
1877,351,3,42,6,231,1,60
1878,351,3,43,7,238,1,70
1879,351,3,44,3,241,1,30
1880,351,3,45,9,250,1,90
1881,351,3,46,7,257,1,70
1882,351,3,47,3,260,1,30
1883,351,3,48,4,264,1,40
1884,351,3,49,5,269,1,50
1885,351,3,50,5,274,1,50
1886,351,3,51,7,281,1,70
1887,351,3,52,7,288,1,70
1888,351,3,53,5,293,1,50
1889,351,3,54,4,297,1,40
1890,351,3,55,6,303,1,60
1891,351,3,56,8,311,1,80
1892,351,3,57,9,320,1,90
1893,351,3,58,3,323,1,30
1894,351,3,59,6,329,1,60
1895,351,3,60,5,334,1,50
1896,351,3,61,4,338,1,40
1897,351,3,62,9,347,1,90
1898,351,3,63,3,350,1,30
1899,351,3,64,6,356,1,60
1900,351,3,65,2,358,1,20
1901,351,3,66,6,364,1,60
1902,351,3,67,2,366,1,20
1903,351,3,68,7,373,1,70
1904,351,3,69,8,381,1,80
1905,351,3,70,7,388,1,70
1906,351,3,71,3,391,1,30
1907,351,3,72,5,396,1,50
1908,351,3,73,8,404,1,80
1909,351,3,74,3,407,1,30
1910,351,3,75,2,409,1,20
1911,351,3,76,3,412,1,30
1912,351,3,77,5,417,1,50
1913,351,3,78,8,425,1,80
1914,351,3,79,6,431,1,60
1915,351,3,80,3,434,1,30
1916,351,3,81,6,440,1,60
1917,351,3,82,2,442,1,20
1918,351,3,83,4,446,59,40
1919,351,3,84,3,449,1,30
1920,351,3,85,8,457,1,80
1921,351,3,86,7,464,1,70
1922,351,3,87,5,469,1,50
1923,351,3,88,6,475,1,60
1924,351,3,89,3,478,1,30
1925,351,3,90,4,482,1,40
1926,351,3,91,6,488,1,60
1927,351,3,92,7,495,1,70
1928,351,3,93,7,502,1,70
1929,351,3,94,6,508,1,60
1930,351,3,95,6,514,1,60
1931,351,3,96,5,519,1,50
1932,351,3,97,9,528,1,90
1933,351,3,98,3,531,1,30
1934,351,3,99,6,537,1,60
1935,351,3,100,4,541,1,40
1936,351,3,101,4,545,37,40
1937,351,3,102,3,548,1,30
1938,351,3,103,6,554,1,60
1939,351,3,104,4,558,1,40
1940,351,3,105,6,564,1,60
1941,351,3,106,8,572,40,80
1942,351,3,107,9,581,1,90
1943,351,3,108,2,583,1,20
1944,351,3,109,6,589,1,60
1945,351,3,110,7,596,1,70
1946,351,3,111,8,604,1,80
1947,351,3,112,6,610,1,60
1948,351,3,113,3,613,1,30
1949,351,3,114,6,619,1,60
1950,351,3,115,7,626,1,70
1951,351,3,116,9,635,1,90
1952,351,3,117,4,639,1,40
1953,351,3,118,7,646,28,70
1954,351,3,119,4,650,1,40
1955,351,3,120,7,657,1,70
1956,351,3,121,6,663,1,60
1957,351,3,122,5,668,1,50
1958,351,3,123,5,673,1,50
1959,351,3,124,9,682,1,90
1960,351,3,125,5,687,1,50
1961,351,3,126,4,691,1,40
1962,351,3,127,7,698,1,70
1963,351,3,128,3,701,1,30
1964,351,3,129,9,710,1,90
1965,351,3,130,3,713,26,30
1966,351,3,131,6,719,1,60
1967,351,3,132,5,724,1,50
1968,351,3,133,8,732,1,80
1969,351,3,134,4,736,1,40
1970,351,3,135,6,742,1,60
1971,351,3,136,3,745,1,30
1972,351,3,137,6,751,19,60
1973,351,3,138,7,758,1,70
1974,351,3,139,5,763,1,50
1975,351,3,140,8,771,1,80
1976,351,3,141,7,778,1,70
1977,351,3,142,4,782,1,40
1978,351,3,143,8,790,1,80
1979,351,3,144,8,798,1,80
1980,351,3,145,5,803,24,50
1981,351,3,146,7,810,1,70
1982,351,3,147,2,812,1,20
1983,351,3,148,4,816,1,40
1984,351,3,149,7,823,1,70
1985,351,3,150,5,828,1,50
1986,351,3,151,4,832,1,40
1987,351,3,152,7,839,1,70
1988,351,3,153,4,843,1,40
1989,351,3,154,9,852,1,90
1990,351,3,155,9,861,1,90
1991,351,3,156,7,868,1,70
1992,351,3,157,5,873,1,50
1993,351,3,158,6,879,1,60
1994,351,3,159,5,884,1,50
1995,351,3,160,4,888,1,40
1996,351,3,161,9,897,1,90
1997,351,3,162,4,901,1,40
1998,351,3,163,8,909,1,80
1999,351,3,164,6,915,1,60
2000,351,3,165,6,921,1,60
2001,351,3,166,9,930,1,90
2002,351,3,167,7,937,1,70
2003,351,3,168,8,945,1,80
2004,351,3,169,3,948,1,30
2005,351,3,170,7,955,36,70
2006,351,3,171,5,960,1,50
2007,351,3,172,6,966,1,60
2008,351,3,173,5,971,1,50
2009,351,3,174,3,974,1,30
2010,351,3,175,7,981,1,70
2011,351,3,176,8,989,1,80
2012,351,3,177,4,993,1,40
2013,351,3,178,2,995,1,20
2014,351,3,179,6,1001,1,60
2015,351,3,180,3,1004,1,30
2016,351,3,181,8,1012,1,80
2017,351,3,182,4,1016,1,40
2018,351,3,183,8,1024,1,80
2019,351,3,184,3,1027,1,30
2020,351,3,185,9,1036,1,90
2021,351,3,186,8,1044,1,80
2022,351,3,187,4,1048,1,40
2023,351,3,188,2,1050,1,20
2024,351,3,189,7,1057,1,70
2025,351,3,190,8,1065,1,80
2026,351,3,191,5,1070,1,50
2027,351,3,192,3,1073,1,30
2028,351,3,193,7,1080,1,70
2029,351,3,194,5,1085,1,50
2030,351,3,195,9,1094,45,90
2031,351,3,196,4,1098,1,40
2032,351,3,197,4,1102,1,40
2033,351,3,198,9,1111,1,90
2034,351,3,199,9,1120,1,90
2035,351,3,200,2,1122,1,20
2036,351,3,201,4,1126,1,40
2037,351,3,202,5,1131,1,50
2038,351,3,203,7,1138,1,70
2039,351,3,204,9,1147,1,90
2040,351,3,205,5,1152,1,50
2041,351,3,206,3,1155,1,30
2042,351,3,207,2,1157,1,20
2043,351,3,208,7,1164,1,70
2044,351,3,209,8,1172,1,80
2045,351,3,210,7,1179,1,70
2046,351,3,211,5,1184,1,50
2047,351,3,212,4,1188,1,40
2048,351,3,213,8,1196,1,80
2049,351,3,214,3,1199,1,30
2050,351,3,215,7,1206,1,70
2051,351,3,216,4,1210,1,40
2052,351,3,217,3,1213,1,30
2053,351,3,218,2,1215,1,20
2054,351,3,219,9,1224,1,90
2055,351,3,220,6,1230,1,60
2056,351,3,221,6,1236,1,60
2057,351,3,222,5,1241,1,50
2058,351,3,223,7,1248,1,70
2059,351,3,224,5,1253,1,50
2060,351,3,225,7,1260,1,70
2061,351,3,226,5,1265,1,50
2062,351,3,227,8,1273,1,80
2063,351,3,228,3,1276,1,30
2064,351,3,229,9,1285,60,90
2065,351,3,230,7,1292,1,70
2066,351,3,231,4,1296,27,40
2067,351,3,232,9,1305,1,90
2068,351,3,233,3,1308,1,30
2069,351,3,234,9,1317,1,90
2070,351,3,235,6,1323,1,60
2071,351,3,236,7,1330,1,70
2072,351,3,237,4,1334,1,40
2073,351,3,238,4,1338,1,40
2074,351,3,239,9,1347,1,90
2075,351,3,240,7,1354,1,70
2076,351,3,241,7,1361,1,70
2077,351,3,242,4,1365,1,40
2078,351,3,243,7,1372,1,70
2079,351,3,244,6,1378,1,60
2080,351,3,245,8,1386,1,80
2081,351,3,246,9,1395,1,90
2082,351,3,247,9,1404,46,90
2083,351,3,248,7,1411,1,70
2084,351,3,249,7,1418,1,70
2085,351,3,250,4,1422,1,40
2086,351,3,251,8,1430,1,80
2087,351,3,252,3,1433,1,30
2088,351,3,253,2,1435,1,20
2089,351,3,254,6,1441,1,60
2090,351,3,255,2,1443,1,20
2091,351,3,256,6,1449,1,60
2092,351,3,257,8,1457,1,80
2093,351,3,258,7,1464,1,70
2094,351,3,259,6,1470,1,60
2095,351,3,260,8,1478,1,80
2096,351,3,261,3,1481,1,30
2097,351,3,262,3,1484,1,30
2098,351,3,263,3,1487,1,30
2099,351,3,264,5,1492,1,50
2100,351,3,265,5,1497,1,50
2101,351,3,266,9,1506,1,90
2102,351,3,267,9,1515,1,90
2103,351,3,268,6,1521,1,60
2104,351,3,269,4,1525,1,40
2105,351,3,270,9,1534,1,90
2106,351,3,271,5,1539,1,50
2107,351,3,272,2,1541,1,20
2108,351,3,273,9,1550,1,90
2109,351,3,274,8,1558,1,80
2110,351,3,275,5,1563,1,50
2111,351,3,276,9,1572,1,90
2112,351,3,277,4,1576,1,40
2113,351,3,278,9,1585,1,90
2114,351,3,279,8,1593,1,80
2115,351,3,280,6,1599,1,60
2116,351,3,281,2,1601,1,20
2117,351,3,282,5,1606,1,50
2118,351,3,283,3,1609,1,30
2119,351,3,284,5,1614,1,50
2120,351,3,285,9,1623,1,90
2121,351,3,286,4,1627,62,40
2122,351,3,287,5,1632,1,50
2123,351,3,288,2,1634,1,20
2124,351,3,289,8,1642,1,80
2125,351,3,290,7,1649,1,70
2126,351,3,291,4,1653,1,40
2127,351,3,292,7,1660,1,70
2128,351,3,293,7,1667,1,70
2129,351,3,294,4,1671,1,40
2130,351,3,295,5,1676,1,50
2131,351,3,296,6,1682,1,60
2132,351,3,297,2,1684,1,20
2133,351,3,298,3,1687,1,30
2134,351,3,299,2,1689,1,20
2135,351,3,300,5,1694,1,50
2136,351,3,301,6,1700,1,60
2137,351,3,302,2,1702,1,20
2138,351,3,303,6,1708,1,60
2139,351,3,304,5,1713,1,50
2140,351,3,305,7,1720,1,70
2141,351,3,306,6,1726,1,60
2142,351,3,307,2,1728,1,20
2143,351,3,308,8,1736,1,80
2144,351,3,309,6,1742,1,60
2145,351,3,310,6,1748,1,60
2146,351,3,311,7,1755,1,70
2147,351,3,312,3,1758,1,30
2148,351,3,313,3,1761,1,30
2149,351,3,314,6,1767,1,60
2150,351,3,315,2,1769,1,20
2151,351,3,316,5,1774,1,50
2152,351,3,317,4,1778,1,40
2153,351,3,318,8,1786,1,80
2154,351,3,319,4,1790,1,40
2155,351,3,320,6,1796,1,60
2156,351,3,321,6,1802,1,60
2157,351,3,322,2,1804,1,20
2158,351,3,323,7,1811,1,70
2159,351,3,324,5,1816,1,50
2160,351,3,325,7,1823,1,70
2161,351,3,326,4,1827,1,40
2162,351,3,327,3,1830,1,30
2163,351,3,328,6,1836,1,60
2164,351,3,329,5,1841,1,50
2165,351,3,330,4,1845,1,40
2166,351,3,331,5,1850,1,50
2167,351,3,332,8,1858,1,80
2168,351,3,333,4,1862,1,40
2169,351,3,334,2,1864,1,20
2170,351,3,335,4,1868,1,40
2171,351,3,336,5,1873,1,50
2172,351,3,337,6,1879,1,60
2173,351,3,338,3,1882,1,30
2174,351,3,339,8,1890,1,80
2175,351,3,340,5,1895,1,50
2176,351,3,341,3,1898,1,30
2177,351,3,342,7,1905,1,70
2178,351,3,343,3,1908,1,30
2179,351,3,344,8,1916,1,80
2180,351,3,345,6,1922,1,60
2181,351,3,346,9,1931,1,90
2182,351,3,347,8,1939,80,80
2183,351,3,348,7,1946,1,70
2184,351,3,349,3,1949,1,30
2185,351,3,350,8,1957,1,80
2186,351,3,351,6,1963,1,60
2187,351,3,352,5,1968,1,50
2188,351,3,353,4,1972,1,40
2189,351,3,354,5,1977,1,50
2190,351,3,355,3,1980,1,30
2191,351,3,356,6,1986,1,60
2192,351,3,357,6,1992,1,60
2193,351,3,358,5,1997,1,50
2194,351,3,359,9,2006,1,90
2195,351,3,360,8,2014,1,80
2196,351,3,361,8,2022,1,80
2197,351,3,362,9,2031,65,90
2198,351,3,363,6,2037,1,60
2199,351,3,364,4,2041,1,40
2200,351,3,365,6,2047,1,60
2201,351,3,366,7,2054,1,70
2202,351,3,367,4,2058,1,40
2203,351,3,368,2,2060,1,20
2204,351,3,369,2,2062,1,20
2205,351,3,370,3,2065,1,30
2206,351,3,371,5,2070,1,50
2207,351,3,372,5,2075,1,50
2208,351,3,373,4,2079,1,40
2209,351,3,374,2,2081,1,20
2210,351,3,375,9,2090,1,90
2211,351,3,376,4,2094,1,40
2212,351,3,377,7,2101,1,70
2213,351,3,378,9,2110,1,90
2214,351,3,379,3,2113,1,30
2215,351,3,380,9,2122,1,90
2216,351,3,381,7,2129,1,70
2217,351,3,382,2,2131,1,20
2218,351,3,383,9,2140,1,90
2219,351,3,384,6,2146,1,60
2220,351,3,385,4,2150,1,40
2221,351,3,386,6,2156,1,60
2222,351,3,387,4,2160,1,40
2223,351,3,388,9,2169,1,90
2224,351,3,389,8,2177,1,80
2225,351,3,390,3,2180,1,30
2226,351,3,391,8,2188,1,80
2227,351,3,392,8,2196,1,80
2228,351,3,393,3,2199,1,30
2229,351,3,394,6,2205,1,60
2230,351,3,395,9,2214,1,90
2231,351,3,396,6,2220,1,60
2232,351,3,397,4,2224,71,40
2233,351,3,398,3,2227,1,30
2234,351,3,399,3,2230,1,30
2235,351,3,400,9,2239,1,90
2236,351,3,401,5,2244,1,50
2237,351,3,402,8,2252,1,80
2238,351,3,403,2,2254,1,20
2239,351,3,404,3,2257,1,30
2240,351,3,405,6,2263,1,60
2241,351,3,406,9,2272,1,90
2242,351,3,407,2,2274,1,20
2243,351,3,408,3,2277,1,30
2244,351,3,409,2,2279,1,20
2245,351,3,410,9,2288,1,90
2246,351,3,411,6,2294,1,60
2247,351,3,412,8,2302,1,80
2248,351,3,413,5,2307,1,50
2249,351,3,414,8,2315,1,80
2250,351,3,415,5,2320,1,50
2251,351,3,416,7,2327,1,70
2252,351,3,417,9,2336,1,90
2253,351,3,418,2,2338,1,20
2254,351,3,419,4,2342,1,40
2255,351,3,420,3,2345,1,30
2256,351,3,421,5,2350,1,50
2257,351,3,422,6,2356,1,60
2258,351,3,423,8,2364,1,80
2259,351,3,424,3,2367,1,30
2260,351,3,425,9,2376,1,90
2261,351,3,426,4,2380,1,40
2262,351,3,427,5,2385,1,50
2263,351,3,428,4,2389,1,40
2264,351,3,429,4,2393,1,40
2265,351,3,430,7,2400,1,70
2266,351,3,431,3,2403,1,30
2267,351,3,432,7,2410,1,70
2268,351,3,433,9,2419,1,90
2269,351,3,434,6,2425,1,60
2270,351,3,435,7,2432,1,70
2271,351,3,436,5,2437,1,50
2272,351,3,437,2,2439,1,20
2273,351,3,438,2,2441,1,20
2274,351,3,439,6,2447,1,60
2275,351,3,440,5,2452,67,50
2276,351,3,441,3,2455,40,30
2277,351,3,442,5,2460,1,50
2278,351,3,443,8,2468,1,80
2279,351,3,444,5,2473,1,50
2280,351,3,445,5,2478,28,50
2281,351,3,446,4,2482,1,40
2282,351,3,447,2,2484,1,20
2283,351,3,448,2,2486,1,20
2284,351,3,449,9,2495,1,90
2285,351,3,450,4,2499,1,40
2286,351,3,451,5,2504,1,50
2287,351,3,452,3,2507,1,30
2288,351,3,453,2,2509,1,20
2289,351,3,454,8,2517,1,80
2290,351,3,455,4,2521,1,40
2291,351,3,456,3,2524,1,30
2292,351,3,457,7,2531,1,70
2293,351,3,458,6,2537,1,60
2294,351,3,459,8,2545,1,80
2295,351,3,460,2,2547,1,20
2296,351,3,461,7,2554,1,70
2297,351,3,462,8,2562,1,80
2298,351,3,463,2,2564,1,20
2299,351,3,464,9,2573,1,90
2300,351,3,465,4,2577,1,40
2301,351,3,466,6,2583,1,60
2302,351,3,467,5,2588,1,50
2303,351,3,468,9,2597,1,90
2304,351,3,469,8,2605,1,80
2305,351,3,470,4,2609,1,40
2306,351,3,471,4,2613,1,40
2307,351,3,472,8,2621,1,80
2308,351,3,473,3,2624,1,30
2309,351,3,474,4,2628,1,40
2310,351,3,475,8,2636,1,80
2311,351,3,476,4,2640,1,40
2312,351,3,477,4,2644,1,40
2313,351,3,478,3,2647,1,30
2314,351,3,479,7,2654,1,70
2315,351,3,480,4,2658,1,40
2316,351,3,481,8,2666,1,80
2317,351,3,482,3,2669,1,30
2318,351,3,483,3,2672,1,30
2319,351,3,484,6,2678,1,60
2320,351,3,485,4,2682,1,40
2321,351,3,486,5,2687,1,50
2322,351,3,487,8,2695,1,80
2323,351,3,488,2,2697,1,20
2324,351,3,489,6,2703,1,60
2325,351,3,490,7,2710,1,70
2326,351,3,491,7,2717,1,70
2327,351,3,492,2,2719,39,20
2328,351,3,493,5,2724,1,50
2329,351,3,494,8,2732,1,80
2330,351,3,495,3,2735,1,30
2331,351,3,496,9,2744,1,90
2332,351,3,497,3,2747,1,30
2333,351,3,498,9,2756,1,90
2334,351,3,499,9,2765,1,90
2335,351,3,500,4,2769,1,40
2336,351,3,501,8,2777,1,80
2337,351,3,502,9,2786,36,90
2338,351,3,503,9,2795,1,90
2339,351,3,504,7,2802,1,70
2340,351,3,505,6,2808,32,60
2341,351,3,506,6,2814,1,60
2342,351,3,507,4,2818,1,40
2343,351,3,508,2,2820,1,20
2344,351,3,509,9,2829,1,90
2345,351,3,510,5,2834,1,50
2346,351,3,511,4,2838,1,40
2347,351,3,512,8,2846,1,80
2348,351,3,513,9,2855,1,90
2349,351,3,514,7,2862,1,70
2350,351,3,515,7,2869,1,70
2351,351,3,516,5,2874,1,50
2352,351,3,517,9,2883,1,90
2353,351,3,518,6,2889,29,60
2354,351,3,519,2,2891,1,20
2355,351,3,520,6,2897,1,60
2356,351,3,521,2,2899,1,20
2357,351,3,522,4,2903,1,40
2358,351,3,523,5,2908,1,50
2359,351,3,524,5,2913,1,50
2360,351,3,525,4,2917,1,40
2361,351,3,526,3,2920,1,30
2362,351,3,527,2,2922,1,20
2363,351,3,528,5,2927,1,50
2364,351,3,529,8,2935,1,80
2365,351,3,530,2,2937,1,20
2366,351,3,531,8,2945,1,80
2367,351,3,532,8,2953,1,80
2368,351,3,533,7,2960,1,70
2369,351,3,534,4,2964,1,40
2370,351,3,535,5,2969,1,50
2371,351,3,536,6,2975,1,60
2372,351,3,537,2,2977,1,20
2373,351,3,538,8,2985,1,80
2374,351,3,539,5,2990,1,50
2375,351,3,540,5,2995,1,50
2376,351,3,541,5,3000,1,50
2377,351,3,542,2,3002,1,20
2378,351,3,543,7,3009,1,70
2379,351,3,544,4,3013,1,40
2380,351,3,545,9,3022,1,90
2381,351,3,546,4,3026,1,40
2382,351,3,547,2,3028,1,20
2383,351,3,548,8,3036,1,80
2384,351,3,549,8,3044,1,80
2385,351,3,550,3,3047,1,30
2386,351,3,551,3,3050,1,30
2387,351,3,552,8,3058,1,80
2388,351,3,553,8,3066,1,80
2389,351,3,554,6,3072,1,60
2390,351,3,555,8,3080,49,80
2391,351,3,556,4,3084,1,40
2392,351,3,557,2,3086,1,20
2393,351,3,558,8,3094,22,80
2394,351,3,559,6,3100,1,60
2395,351,3,560,5,3105,18,50
2396,351,3,561,4,3109,12,40
2397,351,3,562,2,3111,1,20
2398,351,3,563,6,3117,10,60
2399,351,3,564,7,3124,2,70
2400,351,3,565,9,3133,1,90
2401,351,3,566,9,3142,1,90
2402,351,3,567,5,3147,1,50
2403,351,3,568,4,3151,1,40
2404,351,3,569,3,3154,1,30
2405,351,3,570,3,3157,1,30
2406,351,3,571,8,3165,1,80
2407,351,3,572,2,3167,1,20
2408,351,3,573,4,3171,1,40
2409,351,3,574,9,3180,1,90
2410,351,3,575,4,3184,1,40
2411,351,3,576,8,3192,1,80
2412,351,3,577,8,3200,1,80
2413,351,3,578,2,3202,1,20
2414,351,3,579,2,3204,1,20
2415,351,3,580,7,3211,1,70
2416,351,3,581,6,3217,1,60
2417,351,3,582,2,3219,1,20
2418,351,3,583,6,3225,1,60
2419,351,3,584,8,3233,1,80
2420,351,3,585,5,3238,1,50
2421,351,3,586,4,3242,1,40
2422,351,3,587,8,3250,1,80
2423,351,3,588,9,3259,1,90
2424,351,3,589,4,3263,1,40
2425,351,3,590,6,3269,1,60
2426,351,3,591,3,3272,1,30
2427,351,3,592,3,3275,1,30
2428,351,3,593,5,3280,1,50
2429,351,3,594,8,3288,1,80
2430,351,3,595,7,3295,1,70
2431,351,3,596,4,3299,1,40
2432,351,3,597,5,3304,1,50
2433,351,3,598,3,3307,1,30
2434,351,3,599,8,3315,1,80
2435,351,3,600,3,3318,1,30
2436,351,3,601,4,3322,1,40
2437,351,3,602,9,3331,1,90
2438,351,3,603,2,3333,1,20
2439,351,3,604,8,3341,1,80
2440,351,3,605,3,3344,1,30
2441,351,3,606,9,3353,1,90
2442,351,3,607,6,3359,37,60
2443,351,3,608,6,3365,1,60
2444,351,3,609,7,3372,1,70
2445,351,3,610,7,3379,1,70
2446,351,3,611,4,3383,1,40
2447,351,3,612,5,3388,1,50
2448,351,3,613,4,3392,1,40
2449,351,3,614,8,3400,1,80
2450,351,3,615,6,3406,1,60
2451,351,3,616,4,3410,1,40
2452,351,3,617,3,3413,1,30
2453,351,3,618,3,3416,1,30
2454,351,3,619,4,3420,1,40
2455,351,3,620,2,3422,1,20
2456,351,3,621,3,3425,1,30
2457,351,3,622,6,3431,1,60
2458,351,3,623,8,3439,1,80
2459,351,3,624,4,3443,1,40
2460,351,3,625,3,3446,1,30
2461,351,3,626,5,3451,1,50
2462,351,3,627,6,3457,1,60
2463,351,3,628,8,3465,1,80
2464,351,3,629,5,3470,1,50
2465,351,3,630,7,3477,1,70
2466,351,3,631,2,3479,1,20
2467,351,3,632,6,3485,1,60
2468,351,3,633,3,3488,1,30
2469,351,3,634,9,3497,42,90
2470,351,3,635,3,3500,1,30
2471,351,3,636,3,3503,1,30
2472,351,3,637,2,3505,1,20
2473,351,3,638,8,3513,28,80
2474,351,3,639,3,3516,12,30
2475,351,3,640,6,3522,1,60
2476,351,3,641,8,3530,1,80
2477,351,3,642,2,3532,10,20
2478,351,3,643,7,3539,1,70
2479,351,3,644,2,3541,1,20
2480,351,3,645,9,3550,1,90
2481,351,3,646,6,3556,1,60
2482,351,3,647,4,3560,1,40
2483,351,3,648,8,3568,1,80
2484,351,3,649,7,3575,1,70
2485,351,3,650,5,3580,1,50
2486,351,3,651,6,3586,1,60
2487,351,3,652,4,3590,1,40
2488,351,3,653,5,3595,1,50
2489,351,3,654,3,3598,1,30
2490,351,3,655,9,3607,1,90
2491,351,3,656,2,3609,1,20
2492,351,3,657,9,3618,1,90
2493,351,3,658,7,3625,1,70
2494,351,3,659,5,3630,1,50
2495,351,3,660,4,3634,1,40
2496,351,3,661,5,3639,1,50
2497,351,3,662,4,3643,1,40
2498,351,3,663,7,3650,1,70
2499,351,3,664,4,3654,1,40
2500,351,3,665,6,3660,1,60
2501,351,3,666,6,3666,1,60
2502,351,3,667,4,3670,1,40
2503,351,3,668,3,3673,1,30
2504,351,3,669,5,3678,1,50
2505,351,3,670,4,3682,1,40
2506,351,3,671,4,3686,1,40
2507,351,3,672,4,3690,1,40
2508,351,3,673,6,3696,1,60
2509,351,3,674,9,3705,1,90
2510,351,3,675,9,3714,1,90
2511,351,3,676,2,3716,1,20
2512,351,3,677,9,3725,1,90
2513,351,3,678,9,3734,1,90
2514,351,3,679,5,3739,1,50
2515,351,3,680,4,3743,1,40
2516,351,3,681,7,3750,1,70
2517,351,3,682,6,3756,1,60
2518,351,3,683,8,3764,1,80
2519,351,3,684,8,3772,1,80
2520,351,3,685,4,3776,1,40
2521,351,3,686,5,3781,1,50
2522,351,3,687,3,3784,42,30
2523,351,3,688,8,3792,1,80
2524,351,3,689,8,3800,1,80
2525,351,3,690,5,3805,1,50
2526,351,3,691,4,3809,1,40
2527,351,3,692,4,3813,1,40
2528,351,3,693,7,3820,1,70
2529,351,3,694,3,3823,1,30
2530,351,3,695,6,3829,1,60
2531,351,3,696,8,3837,1,80
2532,351,3,697,9,3846,23,90
2533,351,3,698,2,3848,1,20
2534,351,3,699,2,3850,1,20
2535,351,3,700,2,3852,1,20
2536,351,3,701,7,3859,1,70
2537,351,3,702,3,3862,1,30
2538,351,3,703,2,3864,1,20
2539,351,3,704,9,3873,1,90
2540,351,3,705,8,3881,1,80
2541,351,3,706,3,3884,1,30
2542,351,3,707,6,3890,1,60
2543,351,3,708,6,3896,1,60
2544,351,3,709,7,3903,1,70
2545,351,3,710,4,3907,1,40
2546,351,3,711,9,3916,1,90
2547,351,3,712,4,3920,1,40
2548,351,3,713,6,3926,1,60
2549,351,3,714,7,3933,1,70
2550,351,3,715,6,3939,1,60
2551,351,3,716,5,3944,1,50
2552,351,3,717,3,3947,1,30
2553,351,3,718,8,3955,1,80
2554,351,3,719,8,3963,1,80
2555,351,3,720,4,3967,1,40
2556,351,3,721,9,3976,1,90
2557,351,3,722,5,3981,1,50
2558,351,3,723,7,3988,1,70
2559,351,3,724,8,3996,1,80
2560,351,3,725,7,4003,1,70
2561,351,3,726,9,4012,1,90
2562,351,3,727,8,4020,1,80
2563,351,3,728,9,4029,1,90
2564,351,3,729,3,4032,1,30
2565,351,3,730,5,4037,1,50
2566,351,3,731,2,4039,1,20
2567,351,3,732,8,4047,1,80
2568,351,3,733,4,4051,1,40
2569,351,3,734,4,4055,1,40
2570,351,3,735,6,4061,1,60
2571,351,3,736,6,4067,1,60
2572,351,3,737,2,4069,1,20
2573,351,3,738,5,4074,1,50
2574,351,3,739,5,4079,1,50
2575,351,3,740,3,4082,1,30
2576,351,3,741,2,4084,1,20
2577,351,3,742,9,4093,1,90
2578,351,3,743,4,4097,1,40
2579,351,3,744,5,4102,1,50
2580,351,3,745,2,4104,1,20
2581,351,3,746,2,4106,1,20
2582,351,3,747,5,4111,1,50
2583,351,3,748,9,4120,1,90
2584,351,3,749,4,4124,1,40
2585,351,3,750,6,4130,1,60
2586,351,3,751,3,4133,1,30
2587,351,3,752,9,4142,1,90
2588,351,3,753,5,4147,1,50
2589,351,3,754,4,4151,1,40
2590,351,3,755,3,4154,1,30
2591,351,3,756,9,4163,1,90
2592,351,3,757,4,4167,1,40
2593,351,3,758,7,4174,1,70
2594,351,3,759,9,4183,1,90
2595,351,3,760,2,4185,1,20
2596,351,3,761,5,4190,1,50
2597,351,3,762,7,4197,1,70
2598,351,3,763,2,4199,1,20
2599,351,3,764,4,4203,1,40
2600,351,3,765,7,4210,1,70
2601,351,3,766,8,4218,1,80
2602,351,3,767,7,4225,1,70
2603,351,3,768,4,4229,1,40
2604,351,3,769,4,4233,1,40
2605,351,3,770,2,4235,1,20
2606,351,3,771,9,4244,1,90
2607,351,3,772,5,4249,1,50
2608,351,3,773,6,4255,1,60
2609,351,3,774,2,4257,1,20
2610,351,3,775,5,4262,1,50
2611,351,3,776,6,4268,1,60
2612,351,3,777,2,4270,1,20
2613,351,3,778,9,4279,1,90
2614,351,3,779,6,4285,1,60
2615,351,3,780,3,4288,1,30
2616,351,3,781,4,4292,1,40
2617,351,3,782,9,4301,1,90
2618,351,3,783,9,4310,1,90
2619,351,3,784,2,4312,1,20
2620,351,3,785,8,4320,1,80
2621,351,3,786,7,4327,1,70
2622,351,3,787,2,4329,1,20
2623,351,3,788,2,4331,1,20
2624,351,3,789,9,4340,1,90
2625,351,3,790,8,4348,1,80
2626,351,3,791,2,4350,1,20
2627,351,3,792,9,4359,1,90
2628,351,3,793,7,4366,1,70
2629,351,3,794,3,4369,1,30
2630,351,3,795,3,4372,1,30
2631,351,3,796,5,4377,1,50
2632,351,3,797,3,4380,1,30
2633,351,3,798,9,4389,1,90
2634,351,3,799,2,4391,1,20
2635,351,3,800,7,4398,1,70
2636,351,3,801,4,4402,1,40
2637,351,3,802,9,4411,1,90
2638,351,3,803,2,4413,1,20
2639,351,3,804,3,4416,1,30
2640,351,3,805,6,4422,1,60
2641,351,3,806,5,4427,1,50
2642,351,3,807,7,4434,1,70
2643,351,3,808,9,4443,1,90
2644,351,3,809,7,4450,1,70
2645,351,3,810,3,4453,1,30
2646,351,3,811,4,4457,1,40
2647,351,3,812,5,4462,1,50
2648,351,3,813,7,4469,1,70
2649,351,3,814,5,4474,1,50
2650,351,3,815,7,4481,1,70
2651,351,3,816,7,4488,1,70
2652,351,3,817,2,4490,1,20
2653,351,3,818,5,4495,1,50
2654,351,3,819,3,4498,1,30
2655,351,3,820,5,4503,1,50
2656,351,3,821,7,4510,1,70
2657,351,3,822,6,4516,1,60
2658,351,3,823,4,4520,1,40
2659,351,3,824,7,4527,1,70
2660,351,3,825,2,4529,1,20
2661,351,3,826,2,4531,1,20
2662,351,3,827,8,4539,1,80
2663,351,3,828,7,4546,1,70
2664,351,3,829,7,4553,1,70
2665,351,3,830,7,4560,1,70
2666,351,3,831,3,4563,1,30
2667,351,3,832,6,4569,1,60
2668,351,3,833,9,4578,1,90
2669,351,3,834,4,4582,1,40
2670,351,3,835,4,4586,1,40
2671,351,3,836,8,4594,1,80
2672,351,3,837,3,4597,1,30
2673,351,3,838,7,4604,1,70
2674,351,3,839,2,4606,1,20
2675,351,3,840,6,4612,1,60
2676,351,3,841,6,4618,1,60
2677,351,3,842,2,4620,1,20
2678,351,3,843,8,4628,1,80
2679,351,3,844,6,4634,1,60
2680,351,3,845,5,4639,1,50
2681,351,3,846,8,4647,1,80
2682,351,3,847,5,4652,1,50
2683,351,3,848,9,4661,1,90
2684,351,3,849,6,4667,1,60
2685,351,3,850,8,4675,1,80
2686,351,3,851,4,4679,1,40
2687,351,3,852,8,4687,1,80
2688,351,3,853,6,4693,1,60
2689,351,3,854,4,4697,1,40
2690,351,3,855,5,4702,1,50
2691,351,3,856,3,4705,1,30
2692,351,3,857,2,4707,1,20
2693,351,3,858,3,4710,1,30
2694,351,3,859,9,4719,1,90
2695,351,3,860,5,4724,1,50
2696,351,3,861,6,4730,1,60
2697,351,3,862,4,4734,1,40
2698,351,3,863,4,4738,1,40
2699,351,3,864,9,4747,1,90
2700,351,3,865,3,4750,1,30
2701,351,3,866,9,4759,1,90
2702,351,3,867,8,4767,1,80
2703,351,3,868,3,4770,1,30
2704,351,3,869,6,4776,1,60
2705,351,3,870,9,4785,1,90
2706,351,3,871,7,4792,1,70
2707,351,3,872,9,4801,1,90
2708,351,3,873,4,4805,1,40
2709,351,3,874,2,4807,1,20
2710,351,3,875,5,4812,1,50
2711,351,3,876,6,4818,1,60
2712,351,3,877,3,4821,1,30
2713,351,3,878,7,4828,1,70
2714,351,3,879,6,4834,1,60
2715,351,3,880,4,4838,1,40
2716,351,3,881,7,4845,1,70
2717,351,3,882,6,4851,1,60
2718,351,3,883,4,4855,1,40
2719,351,3,884,7,4862,1,70
2720,351,3,885,4,4866,1,40
2721,351,3,886,8,4874,1,80
2722,351,3,887,7,4881,1,70
2723,351,3,888,8,4889,1,80
2724,351,3,889,7,4896,1,70
2725,351,3,890,4,4900,1,40
2726,351,3,891,2,4902,1,20
2727,351,3,892,9,4911,1,90
2728,351,3,893,9,4920,1,90
2729,351,3,894,7,4927,1,70
2730,351,3,895,7,4934,1,70
2731,351,3,896,5,4939,1,50
2732,351,3,897,8,4947,1,80
2733,351,3,898,2,4949,1,20
2734,351,3,899,8,4957,1,80
2735,351,3,900,6,4963,1,60
2736,351,3,901,9,4972,1,90
2737,351,3,902,7,4979,1,70
2738,351,3,903,9,4988,1,90
2739,351,3,904,6,4994,1,60
2740,351,3,905,4,4998,1,40
