,Scenario,Trial,Inspection,Interval,Time,Defects,Rate
0,78,1,1,5,5,1,50
1,78,1,2,5,10,0,50
2,78,1,3,3,13,1,30
3,78,1,4,7,20,0,70
4,78,1,5,7,27,1,70
5,78,1,6,5,32,1,50
6,78,1,7,3,35,1,30
7,78,1,8,3,38,1,30
8,78,1,9,5,43,2,50
9,78,1,10,4,47,1,40
10,78,1,11,3,50,2,30
11,78,1,12,8,58,3,80
12,78,1,13,9,67,1,90
13,78,1,14,8,75,3,80
14,78,1,15,5,80,1,50
15,78,1,16,7,87,3,70
16,78,1,17,7,94,1,70
17,78,1,18,7,101,1,70
18,78,1,19,6,107,4,60
19,78,1,20,9,116,1,90
20,78,1,21,8,124,3,80
21,78,1,22,2,126,4,20
22,78,1,23,7,133,5,70
23,78,1,24,5,138,0,50
24,78,1,25,2,140,5,20
25,78,1,26,9,149,1,90
26,78,1,27,8,157,4,80
27,78,1,28,2,159,5,20
28,78,1,29,6,165,3,60
29,78,1,30,5,170,1,50
30,78,1,31,8,178,3,80
31,78,1,32,4,182,4,40
32,78,1,33,7,189,1,70
33,78,1,34,8,197,2,80
34,78,1,35,2,199,3,20
35,78,1,36,4,203,2,40
36,78,1,37,6,209,5,60
37,78,1,38,9,218,4,90
38,78,1,39,7,225,1,70
39,78,1,40,4,229,2,40
40,78,1,41,5,234,2,50
41,78,1,42,6,240,4,60
42,78,1,43,6,246,1,60
43,78,1,44,6,252,3,60
44,78,1,45,4,256,1,40
45,78,1,46,4,260,1,40
46,78,1,47,6,266,2,60
47,78,1,48,4,270,2,40
48,78,1,49,8,278,1,80
49,78,1,50,8,286,2,80
50,78,1,51,7,293,6,70
51,78,1,52,8,301,4,80
52,78,1,53,8,309,2,80
53,78,1,54,6,315,6,60
54,78,1,55,4,319,1,40
55,78,1,56,8,327,1,80
56,78,1,57,4,331,1,40
57,78,1,58,6,337,7,60
58,78,1,59,2,339,1,20
59,78,1,60,4,343,2,40
60,78,1,61,3,346,4,30
61,78,1,62,8,354,1,80
62,78,1,63,3,357,0,30
63,78,1,64,4,361,3,40
64,78,1,65,2,363,1,20
65,78,1,66,4,367,5,40
66,78,1,67,6,373,5,60
67,78,1,68,6,379,3,60
68,78,1,69,9,388,1,90
69,78,1,70,7,395,1,70
70,78,1,71,8,403,1,80
71,78,1,72,4,407,2,40
72,78,1,73,3,410,2,30
73,78,1,74,6,416,3,60
74,78,1,75,2,418,3,20
75,78,1,76,4,422,4,40
76,78,1,77,3,425,1,30
77,78,1,78,2,427,5,20
78,78,1,79,2,429,6,20
79,78,1,80,2,431,5,20
80,78,1,81,5,436,2,50
81,78,1,82,9,445,2,90
82,78,1,83,2,447,1,20
83,78,1,84,6,453,5,60
84,78,1,85,8,461,6,80
85,78,1,86,8,469,0,80
86,78,1,87,5,474,1,50
87,78,1,88,7,481,1,70
88,78,1,89,9,490,1,90
89,78,1,90,7,497,1,70
90,78,1,91,2,499,1,20
91,78,1,92,2,501,2,20
92,78,1,93,8,509,1,80
93,78,1,94,6,515,4,60
94,78,1,95,6,521,1,60
95,78,1,96,9,530,1,90
96,78,1,97,5,535,6,50
97,78,1,98,3,538,3,30
98,78,1,99,5,543,6,50
99,78,1,100,2,545,1,20
100,78,1,101,5,550,1,50
101,78,1,102,2,552,5,20
102,78,1,103,7,559,1,70
103,78,1,104,2,561,4,20
104,78,1,105,6,567,6,60
105,78,1,106,3,570,2,30
106,78,1,107,2,572,4,20
107,78,1,108,2,574,1,20
108,78,1,109,4,578,1,40
109,78,1,110,2,580,1,20
110,78,1,111,3,583,2,30
111,78,1,112,6,589,2,60
112,78,1,113,2,591,2,20
113,78,1,114,5,596,4,50
114,78,1,115,2,598,3,20
115,78,1,116,5,603,0,50
116,78,1,117,9,612,6,90
117,78,1,118,8,620,2,80
118,78,1,119,7,627,1,70
119,78,1,120,7,634,3,70
120,78,1,121,5,639,1,50
121,78,1,122,8,647,5,80
122,78,1,123,7,654,6,70
123,78,1,124,9,663,1,90
124,78,1,125,2,665,1,20
125,78,1,126,5,670,1,50
126,78,1,127,4,674,4,40
127,78,1,128,8,682,2,80
128,78,1,129,2,684,1,20
129,78,1,130,6,690,7,60
130,78,1,131,2,692,7,20
131,78,1,132,7,699,1,70
132,78,1,133,6,705,6,60
133,78,1,134,8,713,2,80
134,78,1,135,5,718,5,50
135,78,1,136,9,727,5,90
136,78,1,137,3,730,1,30
137,78,1,138,2,732,2,20
138,78,1,139,3,735,4,30
139,78,1,140,3,738,2,30
140,78,1,141,6,744,1,60
141,78,1,142,3,747,4,30
142,78,1,143,6,753,1,60
143,78,1,144,4,757,2,40
144,78,1,145,8,765,1,80
145,78,1,146,4,769,2,40
146,78,1,147,8,777,3,80
147,78,1,148,8,785,2,80
148,78,1,149,9,794,4,90
149,78,1,150,3,797,3,30
150,78,1,151,7,804,1,70
151,78,1,152,3,807,2,30
152,78,1,153,2,809,0,20
153,78,1,154,4,813,2,40
154,78,1,155,4,817,2,40
155,78,1,156,9,826,1,90
156,78,1,157,2,828,1,20
157,78,1,158,2,830,1,20
158,78,1,159,5,835,4,50
159,78,1,160,6,841,2,60
160,78,1,161,2,843,0,20
161,78,1,162,3,846,1,30
162,78,1,163,9,855,0,90
163,78,1,164,9,864,3,90
164,78,1,165,6,870,1,60
165,78,1,166,6,876,3,60
166,78,1,167,3,879,2,30
167,78,1,168,6,885,7,60
168,78,1,169,2,887,1,20
169,78,1,170,2,889,1,20
170,78,1,171,2,891,4,20
171,78,1,172,9,900,2,90
172,78,1,173,9,909,1,90
173,78,1,174,2,911,1,20
174,78,1,175,9,920,2,90
175,78,1,176,6,926,1,60
176,78,1,177,6,932,4,60
177,78,1,178,4,936,3,40
178,78,1,179,4,940,4,40
179,78,1,180,3,943,6,30
180,78,1,181,5,948,2,50
181,78,1,182,7,955,1,70
182,78,1,183,2,957,1,20
183,78,1,184,2,959,1,20
184,78,1,185,4,963,3,40
185,78,1,186,2,965,5,20
186,78,1,187,6,971,1,60
187,78,1,188,6,977,2,60
188,78,1,189,5,982,1,50
189,78,1,190,3,985,1,30
190,78,1,191,9,994,3,90
191,78,1,192,2,996,1,20
192,78,1,193,2,998,1,20
193,78,1,194,3,1001,1,30
194,78,1,195,3,1004,1,30
195,78,1,196,9,1013,1,90
196,78,1,197,5,1018,3,50
197,78,1,198,8,1026,3,80
198,78,1,199,5,1031,3,50
199,78,1,200,6,1037,7,60
200,78,1,201,9,1046,4,90
201,78,1,202,7,1053,4,70
202,78,1,203,9,1062,3,90
203,78,1,204,4,1066,1,40
204,78,1,205,2,1068,3,20
205,78,1,206,2,1070,1,20
206,78,1,207,8,1078,5,80
207,78,1,208,8,1086,3,80
208,78,1,209,9,1095,1,90
209,78,1,210,6,1101,2,60
210,78,1,211,8,1109,7,80
211,78,1,212,7,1116,4,70
212,78,1,213,3,1119,1,30
213,78,1,214,7,1126,1,70
214,78,1,215,2,1128,5,20
215,78,1,216,4,1132,5,40
216,78,1,217,6,1138,2,60
217,78,1,218,7,1145,1,70
218,78,1,219,8,1153,6,80
219,78,1,220,2,1155,2,20
220,78,1,221,6,1161,4,60
221,78,1,222,9,1170,7,90
222,78,1,223,6,1176,4,60
223,78,1,224,3,1179,3,30
224,78,1,225,3,1182,3,30
225,78,1,226,6,1188,1,60
226,78,1,227,6,1194,1,60
227,78,1,228,9,1203,1,90
228,78,1,229,4,1207,6,40
229,78,1,230,3,1210,4,30
230,78,1,231,8,1218,2,80
231,78,1,232,4,1222,2,40
232,78,1,233,5,1227,0,50
233,78,1,234,4,1231,2,40
234,78,1,235,7,1238,1,70
235,78,1,236,2,1240,1,20
236,78,1,237,6,1246,2,60
237,78,1,238,5,1251,1,50
238,78,1,239,2,1253,3,20
239,78,1,240,7,1260,1,70
240,78,1,241,4,1264,1,40
241,78,1,242,2,1266,0,20
242,78,1,243,9,1275,5,90
243,78,1,244,4,1279,6,40
244,78,1,245,4,1283,1,40
245,78,1,246,5,1288,2,50
246,78,1,247,6,1294,1,60
247,78,1,248,7,1301,6,70
248,78,1,249,3,1304,3,30
249,78,1,250,4,1308,2,40
250,78,1,251,2,1310,2,20
251,78,1,252,7,1317,1,70
252,78,1,253,8,1325,1,80
253,78,1,254,6,1331,5,60
254,78,1,255,2,1333,1,20
255,78,1,256,3,1336,5,30
256,78,1,257,6,1342,1,60
257,78,1,258,8,1350,4,80
258,78,1,259,4,1354,1,40
259,78,1,260,3,1357,1,30
260,78,1,261,7,1364,3,70
261,78,1,262,7,1371,1,70
262,78,1,263,5,1376,4,50
263,78,1,264,5,1381,1,50
264,78,1,265,7,1388,4,70
265,78,1,266,2,1390,1,20
266,78,1,267,8,1398,3,80
267,78,1,268,3,1401,8,30
268,78,1,269,5,1406,2,50
269,78,1,270,8,1414,6,80
270,78,1,271,9,1423,7,90
271,78,1,272,4,1427,1,40
272,78,1,273,8,1435,3,80
273,78,1,274,5,1440,6,50
274,78,1,275,6,1446,1,60
275,78,1,276,2,1448,3,20
276,78,1,277,9,1457,1,90
277,78,1,278,7,1464,3,70
278,78,1,279,3,1467,3,30
279,78,1,280,2,1469,4,20
280,78,1,281,7,1476,2,70
281,78,1,282,6,1482,6,60
282,78,1,283,4,1486,6,40
283,78,1,284,2,1488,2,20
284,78,1,285,6,1494,1,60
285,78,1,286,7,1501,1,70
286,78,1,287,6,1507,1,60
287,78,1,288,9,1516,1,90
288,78,1,289,4,1520,2,40
289,78,1,290,7,1527,2,70
290,78,1,291,3,1530,2,30
291,78,1,292,7,1537,3,70
292,78,1,293,3,1540,5,30
293,78,1,294,9,1549,3,90
294,78,1,295,9,1558,3,90
295,78,1,296,3,1561,1,30
296,78,1,297,4,1565,1,40
297,78,1,298,8,1573,1,80
298,78,1,299,7,1580,5,70
299,78,1,300,4,1584,5,40
300,78,1,301,8,1592,2,80
301,78,1,302,6,1598,2,60
302,78,1,303,3,1601,1,30
303,78,1,304,2,1603,8,20
304,78,1,305,4,1607,4,40
305,78,1,306,2,1609,3,20
306,78,1,307,4,1613,1,40
307,78,1,308,2,1615,5,20
308,78,1,309,4,1619,2,40
309,78,1,310,8,1627,0,80
310,78,1,311,2,1629,2,20
311,78,1,312,4,1633,2,40
312,78,1,313,7,1640,5,70
313,78,1,314,8,1648,1,80
314,78,1,315,9,1657,1,90
315,78,1,316,6,1663,1,60
316,78,1,317,5,1668,1,50
317,78,1,318,7,1675,1,70
318,78,1,319,7,1682,1,70
319,78,1,320,6,1688,1,60
320,78,1,321,7,1695,4,70
321,78,1,322,4,1699,2,40
322,78,1,323,3,1702,1,30
323,78,1,324,2,1704,5,20
324,78,1,325,8,1712,1,80
325,78,1,326,7,1719,1,70
326,78,1,327,4,1723,1,40
327,78,1,328,9,1732,11,90
328,78,1,329,5,1737,1,50
329,78,1,330,8,1745,2,80
330,78,1,331,7,1752,6,70
331,78,1,332,7,1759,4,70
332,78,1,333,4,1763,5,40
333,78,1,334,2,1765,3,20
334,78,1,335,5,1770,7,50
335,78,1,336,6,1776,3,60
336,78,1,337,5,1781,3,50
337,78,1,338,3,1784,3,30
338,78,1,339,4,1788,3,40
339,78,1,340,4,1792,2,40
340,78,1,341,7,1799,2,70
341,78,1,342,2,1801,4,20
342,78,1,343,2,1803,5,20
343,78,1,344,4,1807,1,40
344,78,1,345,6,1813,6,60
345,78,1,346,8,1821,3,80
346,78,1,347,6,1827,2,60
347,78,1,348,5,1832,5,50
348,78,1,349,6,1838,5,60
349,78,1,350,2,1840,1,20
350,78,1,351,7,1847,4,70
351,78,1,352,8,1855,2,80
352,78,1,353,9,1864,4,90
353,78,1,354,4,1868,4,40
354,78,1,355,6,1874,5,60
355,78,1,356,4,1878,2,40
356,78,1,357,8,1886,3,80
357,78,1,358,6,1892,1,60
358,78,1,359,9,1901,7,90
359,78,1,360,7,1908,3,70
360,78,1,361,8,1916,1,80
361,78,1,362,2,1918,2,20
362,78,1,363,4,1922,1,40
363,78,1,364,7,1929,1,70
364,78,1,365,2,1931,3,20
365,78,1,366,7,1938,4,70
366,78,1,367,8,1946,3,80
367,78,1,368,2,1948,7,20
368,78,1,369,6,1954,1,60
369,78,1,370,6,1960,1,60
370,78,1,371,6,1966,1,60
371,78,1,372,6,1972,1,60
372,78,1,373,9,1981,1,90
373,78,1,374,6,1987,5,60
374,78,1,375,4,1991,2,40
375,78,1,376,2,1993,4,20
376,78,1,377,5,1998,5,50
377,78,1,378,7,2005,1,70
378,78,1,379,7,2012,3,70
379,78,1,380,4,2016,1,40
380,78,1,381,3,2019,4,30
381,78,1,382,6,2025,1,60
382,78,1,383,7,2032,4,70
383,78,1,384,6,2038,1,60
384,78,1,385,8,2046,4,80
385,78,1,386,7,2053,1,70
386,78,1,387,8,2061,1,80
387,78,1,388,2,2063,5,20
388,78,1,389,9,2072,1,90
389,78,1,390,6,2078,1,60
390,78,1,391,8,2086,6,80
391,78,1,392,9,2095,3,90
392,78,1,393,9,2104,1,90
393,78,1,394,9,2113,3,90
394,78,1,395,2,2115,6,20
395,78,1,396,7,2122,2,70
396,78,1,397,3,2125,1,30
397,78,1,398,6,2131,1,60
398,78,1,399,3,2134,1,30
399,78,1,400,9,2143,1,90
400,78,1,401,7,2150,2,70
401,78,1,402,4,2154,4,40
402,78,1,403,5,2159,1,50
403,78,1,404,8,2167,3,80
404,78,1,405,3,2170,5,30
405,78,1,406,4,2174,0,40
406,78,1,407,7,2181,6,70
407,78,1,408,6,2187,1,60
408,78,1,409,8,2195,1,80
409,78,1,410,9,2204,1,90
410,78,1,411,2,2206,1,20
411,78,1,412,5,2211,5,50
412,78,1,413,5,2216,1,50
413,78,1,414,2,2218,6,20
414,78,1,415,5,2223,5,50
415,78,1,416,2,2225,3,20
416,78,1,417,8,2233,2,80
417,78,1,418,8,2241,2,80
418,78,1,419,5,2246,3,50
419,78,1,420,6,2252,5,60
420,78,1,421,9,2261,4,90
421,78,1,422,9,2270,1,90
422,78,1,423,6,2276,1,60
423,78,1,424,3,2279,12,30
424,78,1,425,3,2282,1,30
425,78,1,426,9,2291,5,90
426,78,1,427,5,2296,1,50
427,78,1,428,4,2300,3,40
428,78,1,429,9,2309,2,90
429,78,1,430,2,2311,3,20
430,78,1,431,9,2320,3,90
431,78,1,432,2,2322,1,20
432,78,1,433,8,2330,1,80
433,78,1,434,3,2333,5,30
434,78,1,435,2,2335,4,20
435,78,1,436,8,2343,1,80
436,78,1,437,7,2350,3,70
437,78,1,438,8,2358,1,80
438,78,1,439,3,2361,6,30
439,78,1,440,8,2369,4,80
440,78,1,441,5,2374,1,50
441,78,1,442,7,2381,4,70
442,78,1,443,2,2383,4,20
443,78,1,444,5,2388,1,50
444,78,1,445,9,2397,3,90
445,78,1,446,3,2400,1,30
446,78,1,447,6,2406,1,60
447,78,1,448,4,2410,1,40
448,78,1,449,2,2412,4,20
449,78,1,450,4,2416,1,40
450,78,1,451,5,2421,5,50
451,78,1,452,9,2430,1,90
452,78,1,453,9,2439,1,90
453,78,1,454,4,2443,1,40
454,78,1,455,5,2448,3,50
455,78,1,456,5,2453,5,50
456,78,1,457,6,2459,3,60
457,78,1,458,7,2466,2,70
458,78,1,459,7,2473,1,70
459,78,1,460,3,2476,2,30
460,78,1,461,6,2482,1,60
461,78,1,462,7,2489,1,70
462,78,1,463,8,2497,8,80
463,78,1,464,2,2499,1,20
464,78,1,465,8,2507,6,80
465,78,1,466,9,2516,3,90
466,78,1,467,6,2522,5,60
467,78,1,468,3,2525,0,30
468,78,1,469,3,2528,1,30
469,78,1,470,7,2535,6,70
470,78,1,471,8,2543,2,80
471,78,1,472,2,2545,2,20
472,78,1,473,6,2551,1,60
473,78,1,474,2,2553,2,20
474,78,1,475,4,2557,5,40
475,78,1,476,2,2559,4,20
476,78,1,477,4,2563,1,40
477,78,1,478,4,2567,2,40
478,78,1,479,8,2575,1,80
479,78,1,480,3,2578,1,30
480,78,1,481,8,2586,4,80
481,78,1,482,5,2591,2,50
482,78,1,483,2,2593,1,20
483,78,1,484,9,2602,5,90
484,78,1,485,5,2607,1,50
485,78,1,486,3,2610,1,30
486,78,1,487,8,2618,2,80
487,78,1,488,2,2620,1,20
488,78,1,489,8,2628,5,80
489,78,1,490,6,2634,1,60
490,78,1,491,5,2639,1,50
491,78,1,492,4,2643,1,40
492,78,1,493,6,2649,1,60
493,78,1,494,8,2657,4,80
494,78,1,495,9,2666,3,90
495,78,1,496,8,2674,4,80
496,78,1,497,6,2680,2,60
497,78,1,498,2,2682,3,20
498,78,1,499,9,2691,1,90
499,78,1,500,7,2698,5,70
500,78,1,501,9,2707,6,90
501,78,1,502,4,2711,8,40
502,78,1,503,7,2718,3,70
503,78,1,504,8,2726,2,80
504,78,1,505,3,2729,2,30
505,78,1,506,8,2737,4,80
506,78,1,507,7,2744,1,70
507,78,1,508,3,2747,6,30
508,78,1,509,7,2754,5,70
509,78,1,510,5,2759,1,50
510,78,1,511,7,2766,2,70
511,78,1,512,3,2769,8,30
512,78,1,513,3,2772,2,30
513,78,1,514,4,2776,9,40
514,78,1,515,9,2785,6,90
515,78,1,516,8,2793,2,80
516,78,1,517,3,2796,1,30
517,78,1,518,9,2805,6,90
518,78,1,519,9,2814,3,90
519,78,1,520,5,2819,9,50
520,78,1,521,7,2826,1,70
521,78,1,522,3,2829,4,30
522,78,1,523,6,2835,5,60
523,78,1,524,4,2839,5,40
524,78,1,525,5,2844,7,50
525,78,1,526,5,2849,1,50
526,78,1,527,8,2857,4,80
527,78,1,528,3,2860,3,30
528,78,1,529,2,2862,1,20
529,78,1,530,5,2867,1,50
530,78,1,531,6,2873,5,60
531,78,1,532,7,2880,7,70
532,78,1,533,6,2886,1,60
533,78,1,534,7,2893,3,70
534,78,1,535,8,2901,4,80
535,78,1,536,2,2903,2,20
536,78,1,537,9,2912,3,90
537,78,1,538,2,2914,1,20
538,78,1,539,4,2918,3,40
539,78,1,540,3,2921,2,30
540,78,1,541,9,2930,6,90
541,78,1,542,8,2938,3,80
542,78,1,543,9,2947,3,90
543,78,1,544,6,2953,1,60
544,78,1,545,2,2955,1,20
545,78,1,546,4,2959,3,40
546,78,1,547,4,2963,4,40
547,78,1,548,6,2969,3,60
548,78,1,549,8,2977,1,80
549,78,1,550,6,2983,4,60
550,78,1,551,7,2990,1,70
551,78,1,552,4,2994,7,40
552,78,1,553,5,2999,1,50
553,78,1,554,3,3002,0,30
554,78,1,555,2,3004,3,20
555,78,1,556,2,3006,1,20
556,78,1,557,7,3013,2,70
557,78,1,558,4,3017,3,40
558,78,1,559,7,3024,4,70
559,78,1,560,3,3027,1,30
560,78,1,561,9,3036,5,90
561,78,1,562,6,3042,4,60
562,78,1,563,6,3048,2,60
563,78,1,564,6,3054,1,60
564,78,1,565,7,3061,1,70
565,78,1,566,2,3063,1,20
566,78,1,567,7,3070,2,70
567,78,1,568,2,3072,4,20
568,78,1,569,3,3075,3,30
569,78,1,570,7,3082,1,70
570,78,1,571,4,3086,1,40
571,78,1,572,5,3091,2,50
572,78,1,573,9,3100,0,90
573,78,1,574,4,3104,1,40
574,78,1,575,5,3109,1,50
575,78,1,576,3,3112,5,30
576,78,1,577,7,3119,1,70
577,78,1,578,7,3126,2,70
578,78,1,579,2,3128,5,20
579,78,1,580,6,3134,2,60
580,78,1,581,4,3138,2,40
581,78,1,582,5,3143,0,50
582,78,1,583,5,3148,1,50
583,78,1,584,5,3153,5,50
584,78,1,585,2,3155,4,20
585,78,1,586,4,3159,1,40
586,78,1,587,9,3168,1,90
587,78,1,588,3,3171,4,30
588,78,1,589,9,3180,2,90
589,78,1,590,8,3188,4,80
590,78,1,591,2,3190,3,20
591,78,1,592,5,3195,1,50
592,78,1,593,3,3198,3,30
593,78,1,594,8,3206,1,80
594,78,1,595,6,3212,3,60
595,78,1,596,5,3217,2,50
596,78,1,597,2,3219,1,20
597,78,1,598,9,3228,0,90
598,78,1,599,4,3232,1,40
599,78,1,600,8,3240,4,80
600,78,1,601,3,3243,3,30
601,78,1,602,2,3245,1,20
602,78,1,603,5,3250,5,50
603,78,1,604,8,3258,1,80
604,78,1,605,6,3264,2,60
605,78,1,606,3,3267,3,30
606,78,1,607,3,3270,1,30
607,78,1,608,8,3278,2,80
608,78,1,609,7,3285,2,70
609,78,1,610,2,3287,1,20
610,78,1,611,4,3291,1,40
611,78,1,612,3,3294,1,30
612,78,1,613,3,3297,4,30
613,78,1,614,4,3301,1,40
614,78,1,615,6,3307,1,60
615,78,1,616,2,3309,1,20
616,78,1,617,9,3318,4,90
617,78,1,618,6,3324,2,60
618,78,1,619,6,3330,3,60
619,78,1,620,2,3332,4,20
620,78,1,621,8,3340,0,80
621,78,1,622,6,3346,0,60
622,78,1,623,4,3350,1,40
623,78,1,624,9,3359,4,90
624,78,1,625,8,3367,2,80
625,78,1,626,7,3374,5,70
626,78,1,627,3,3377,2,30
627,78,1,628,8,3385,3,80
628,78,1,629,6,3391,2,60
629,78,1,630,4,3395,1,40
630,78,1,631,3,3398,1,30
631,78,1,632,2,3400,2,20
632,78,1,633,8,3408,4,80
633,78,1,634,6,3414,4,60
634,78,1,635,6,3420,5,60
635,78,1,636,8,3428,1,80
636,78,1,637,6,3434,1,60
637,78,1,638,9,3443,7,90
638,78,1,639,9,3452,1,90
639,78,1,640,8,3460,1,80
640,78,1,641,4,3464,5,40
641,78,1,642,6,3470,2,60
642,78,1,643,7,3477,2,70
643,78,1,644,8,3485,1,80
644,78,1,645,8,3493,2,80
645,78,1,646,9,3502,4,90
646,78,1,647,7,3509,8,70
647,78,1,648,2,3511,1,20
648,78,1,649,7,3518,7,70
649,78,1,650,9,3527,4,90
650,78,1,651,2,3529,6,20
651,78,1,652,3,3532,6,30
652,78,1,653,7,3539,1,70
653,78,1,654,3,3542,4,30
654,78,1,655,4,3546,1,40
655,78,1,656,2,3548,4,20
656,78,1,657,4,3552,1,40
657,78,1,658,5,3557,3,50
658,78,1,659,4,3561,3,40
659,78,1,660,2,3563,3,20
660,78,1,661,7,3570,2,70
661,78,1,662,3,3573,6,30
662,78,1,663,4,3577,0,40
663,78,1,664,2,3579,3,20
664,78,1,665,8,3587,5,80
665,78,1,666,6,3593,3,60
666,78,1,667,4,3597,4,40
667,78,1,668,2,3599,1,20
668,78,1,669,6,3605,2,60
669,78,1,670,6,3611,2,60
670,78,1,671,2,3613,3,20
671,78,1,672,3,3616,0,30
672,78,1,673,8,3624,1,80
673,78,1,674,7,3631,2,70
674,78,1,675,2,3633,3,20
675,78,1,676,8,3641,2,80
676,78,1,677,4,3645,1,40
677,78,1,678,9,3654,3,90
678,78,1,679,5,3659,1,50
679,78,1,680,2,3661,1,20
680,78,1,681,3,3664,1,30
681,78,1,682,7,3671,3,70
682,78,1,683,8,3679,2,80
683,78,1,684,2,3681,4,20
684,78,1,685,5,3686,1,50
685,78,1,686,9,3695,1,90
686,78,1,687,6,3701,3,60
687,78,1,688,8,3709,2,80
688,78,1,689,5,3714,1,50
689,78,1,690,9,3723,1,90
690,78,1,691,4,3727,1,40
691,78,1,692,6,3733,5,60
692,78,1,693,4,3737,1,40
693,78,1,694,5,3742,5,50
694,78,1,695,2,3744,1,20
695,78,1,696,5,3749,1,50
696,78,1,697,6,3755,4,60
697,78,1,698,3,3758,1,30
698,78,1,699,4,3762,4,40
699,78,1,700,6,3768,1,60
700,78,1,701,5,3773,3,50
701,78,1,702,8,3781,5,80
702,78,1,703,2,3783,3,20
703,78,1,704,8,3791,4,80
704,78,1,705,4,3795,6,40
705,78,1,706,5,3800,4,50
706,78,1,707,6,3806,4,60
707,78,1,708,4,3810,1,40
708,78,1,709,7,3817,1,70
709,78,1,710,4,3821,1,40
710,78,1,711,8,3829,5,80
711,78,1,712,2,3831,1,20
712,78,1,713,9,3840,3,90
713,78,1,714,4,3844,8,40
714,78,1,715,9,3853,3,90
715,78,1,716,2,3855,3,20
716,78,1,717,5,3860,1,50
717,78,1,718,9,3869,4,90
718,78,1,719,5,3874,5,50
719,78,1,720,4,3878,1,40
720,78,1,721,3,3881,2,30
721,78,1,722,7,3888,4,70
722,78,1,723,5,3893,5,50
723,78,1,724,6,3899,1,60
724,78,1,725,9,3908,5,90
725,78,1,726,3,3911,5,30
726,78,1,727,9,3920,2,90
727,78,1,728,3,3923,3,30
728,78,1,729,6,3929,1,60
729,78,1,730,5,3934,1,50
730,78,1,731,8,3942,5,80
731,78,1,732,8,3950,2,80
732,78,1,733,5,3955,2,50
733,78,1,734,6,3961,9,60
734,78,1,735,3,3964,4,30
735,78,1,736,5,3969,4,50
736,78,1,737,8,3977,1,80
737,78,1,738,6,3983,1,60
738,78,1,739,7,3990,4,70
739,78,1,740,7,3997,1,70
740,78,1,741,9,4006,4,90
741,78,1,742,5,4011,1,50
742,78,1,743,5,4016,1,50
743,78,1,744,6,4022,3,60
744,78,1,745,4,4026,3,40
745,78,1,746,3,4029,4,30
746,78,1,747,9,4038,1,90
747,78,1,748,8,4046,4,80
748,78,1,749,6,4052,6,60
749,78,1,750,2,4054,2,20
750,78,1,751,3,4057,1,30
751,78,1,752,4,4061,6,40
752,78,1,753,4,4065,1,40
753,78,1,754,8,4073,3,80
754,78,1,755,5,4078,1,50
755,78,1,756,2,4080,4,20
756,78,1,757,7,4087,1,70
757,78,1,758,9,4096,2,90
758,78,1,759,9,4105,3,90
759,78,1,760,4,4109,3,40
760,78,1,761,3,4112,3,30
761,78,1,762,4,4116,4,40
762,78,1,763,7,4123,2,70
763,78,1,764,4,4127,3,40
764,78,1,765,3,4130,3,30
765,78,1,766,3,4133,1,30
766,78,1,767,5,4138,3,50
767,78,1,768,6,4144,1,60
768,78,1,769,8,4152,1,80
769,78,1,770,5,4157,1,50
770,78,1,771,8,4165,6,80
771,78,1,772,8,4173,5,80
772,78,1,773,8,4181,1,80
773,78,1,774,7,4188,1,70
774,78,1,775,8,4196,5,80
775,78,1,776,6,4202,1,60
776,78,1,777,2,4204,1,20
777,78,1,778,7,4211,4,70
778,78,1,779,4,4215,2,40
779,78,1,780,9,4224,2,90
780,78,1,781,5,4229,5,50
781,78,1,782,2,4231,5,20
782,78,1,783,9,4240,1,90
783,78,1,784,9,4249,1,90
784,78,1,785,9,4258,6,90
785,78,1,786,3,4261,7,30
786,78,1,787,4,4265,1,40
787,78,1,788,5,4270,4,50
788,78,1,789,3,4273,9,30
789,78,1,790,5,4278,4,50
790,78,1,791,7,4285,1,70
791,78,1,792,9,4294,1,90
792,78,1,793,6,4300,4,60
793,78,1,794,6,4306,1,60
794,78,1,795,9,4315,1,90
795,78,1,796,5,4320,1,50
796,78,1,797,4,4324,1,40
797,78,1,798,2,4326,3,20
798,78,1,799,2,4328,1,20
799,78,1,800,3,4331,1,30
800,78,1,801,5,4336,3,50
801,78,1,802,6,4342,1,60
802,78,1,803,7,4349,1,70
803,78,1,804,9,4358,4,90
804,78,1,805,6,4364,3,60
805,78,1,806,6,4370,4,60
806,78,1,807,3,4373,1,30
807,78,1,808,2,4375,3,20
808,78,1,809,4,4379,6,40
809,78,1,810,7,4386,1,70
810,78,1,811,7,4393,4,70
811,78,1,812,8,4401,7,80
812,78,1,813,4,4405,2,40
813,78,1,814,7,4412,1,70
814,78,1,815,2,4414,5,20
815,78,1,816,5,4419,3,50
816,78,1,817,8,4427,1,80
817,78,1,818,7,4434,1,70
818,78,1,819,7,4441,1,70
819,78,1,820,3,4444,1,30
820,78,1,821,9,4453,2,90
821,78,1,822,9,4462,4,90
822,78,1,823,4,4466,1,40
823,78,1,824,9,4475,6,90
824,78,1,825,6,4481,6,60
825,78,1,826,7,4488,6,70
826,78,1,827,5,4493,3,50
827,78,1,828,2,4495,1,20
828,78,1,829,5,4500,6,50
829,78,1,830,6,4506,1,60
830,78,1,831,2,4508,5,20
831,78,1,832,2,4510,4,20
832,78,1,833,7,4517,3,70
833,78,1,834,9,4526,1,90
834,78,1,835,7,4533,6,70
835,78,1,836,3,4536,3,30
836,78,1,837,2,4538,3,20
837,78,1,838,9,4547,4,90
838,78,1,839,4,4551,1,40
839,78,1,840,2,4553,6,20
840,78,1,841,7,4560,3,70
841,78,1,842,6,4566,1,60
842,78,1,843,2,4568,2,20
843,78,1,844,9,4577,4,90
844,78,1,845,3,4580,2,30
845,78,1,846,6,4586,1,60
846,78,1,847,8,4594,2,80
847,78,1,848,2,4596,5,20
848,78,1,849,9,4605,2,90
849,78,1,850,3,4608,4,30
850,78,1,851,6,4614,5,60
851,78,1,852,3,4617,1,30
852,78,1,853,5,4622,2,50
853,78,1,854,7,4629,1,70
854,78,1,855,7,4636,3,70
855,78,1,856,2,4638,1,20
856,78,1,857,4,4642,2,40
857,78,1,858,7,4649,6,70
858,78,1,859,5,4654,1,50
859,78,1,860,3,4657,3,30
860,78,1,861,3,4660,2,30
861,78,1,862,8,4668,6,80
862,78,1,863,4,4672,1,40
863,78,1,864,4,4676,1,40
864,78,1,865,7,4683,2,70
865,78,1,866,3,4686,2,30
866,78,1,867,7,4693,3,70
867,78,1,868,4,4697,1,40
868,78,1,869,8,4705,4,80
869,78,1,870,9,4714,1,90
870,78,1,871,9,4723,1,90
871,78,1,872,2,4725,1,20
872,78,1,873,3,4728,1,30
873,78,1,874,4,4732,1,40
874,78,1,875,7,4739,6,70
875,78,1,876,5,4744,5,50
876,78,1,877,7,4751,1,70
877,78,1,878,5,4756,0,50
878,78,1,879,4,4760,4,40
879,78,1,880,7,4767,1,70
880,78,1,881,2,4769,4,20
881,78,1,882,7,4776,5,70
882,78,1,883,2,4778,5,20
883,78,1,884,5,4783,1,50
884,78,1,885,6,4789,4,60
885,78,1,886,4,4793,1,40
886,78,1,887,5,4798,1,50
887,78,1,888,5,4803,3,50
888,78,1,889,4,4807,4,40
889,78,1,890,3,4810,1,30
890,78,1,891,7,4817,5,70
891,78,1,892,6,4823,1,60
892,78,1,893,3,4826,4,30
893,78,1,894,2,4828,0,20
894,78,1,895,5,4833,6,50
895,78,1,896,5,4838,1,50
896,78,1,897,3,4841,1,30
897,78,1,898,6,4847,2,60
898,78,1,899,3,4850,0,30
899,78,1,900,7,4857,4,70
900,78,1,901,5,4862,4,50
901,78,1,902,7,4869,5,70
902,78,1,903,2,4871,1,20
903,78,1,904,9,4880,3,90
904,78,1,905,6,4886,3,60
905,78,1,906,2,4888,3,20
906,78,1,907,8,4896,5,80
907,78,1,908,5,4901,1,50
908,78,1,909,2,4903,2,20
909,78,1,910,2,4905,5,20
910,78,1,911,3,4908,1,30
911,78,1,912,5,4913,4,50
912,78,1,913,9,4922,1,90
913,78,1,914,4,4926,6,40
914,78,1,915,8,4934,1,80
915,78,1,916,7,4941,5,70
916,78,1,917,8,4949,2,80
917,78,1,918,9,4958,5,90
918,78,1,919,4,4962,1,40
919,78,1,920,9,4971,3,90
920,78,1,921,6,4977,6,60
921,78,1,922,6,4983,6,60
922,78,1,923,6,4989,3,60
923,78,1,924,9,4998,5,90
924,78,2,1,9,9,0,90
925,78,2,2,7,16,1,70
926,78,2,3,6,22,1,60
927,78,2,4,2,24,1,20
928,78,2,5,6,30,1,60
929,78,2,6,7,37,0,70
930,78,2,7,7,44,4,70
931,78,2,8,9,53,2,90
932,78,2,9,9,62,1,90
933,78,2,10,8,70,3,80
934,78,2,11,2,72,0,20
935,78,2,12,2,74,1,20
936,78,2,13,4,78,2,40
937,78,2,14,6,84,4,60
938,78,2,15,4,88,1,40
939,78,2,16,9,97,3,90
940,78,2,17,5,102,0,50
941,78,2,18,3,105,0,30
942,78,2,19,4,109,1,40
943,78,2,20,2,111,3,20
944,78,2,21,8,119,0,80
945,78,2,22,6,125,1,60
946,78,2,23,5,130,1,50
947,78,2,24,5,135,4,50
948,78,2,25,8,143,4,80
949,78,2,26,5,148,0,50
950,78,2,27,5,153,1,50
951,78,2,28,9,162,1,90
952,78,2,29,7,169,1,70
953,78,2,30,3,172,6,30
954,78,2,31,3,175,2,30
955,78,2,32,4,179,1,40
956,78,2,33,9,188,2,90
957,78,2,34,5,193,1,50
958,78,2,35,6,199,9,60
959,78,2,36,5,204,7,50
960,78,2,37,8,212,1,80
961,78,2,38,6,218,4,60
962,78,2,39,4,222,0,40
963,78,2,40,8,230,5,80
964,78,2,41,4,234,3,40
965,78,2,42,7,241,8,70
966,78,2,43,4,245,2,40
967,78,2,44,2,247,0,20
968,78,2,45,3,250,0,30
969,78,2,46,3,253,1,30
970,78,2,47,6,259,2,60
971,78,2,48,4,263,1,40
972,78,2,49,5,268,3,50
973,78,2,50,7,275,4,70
974,78,2,51,5,280,8,50
975,78,2,52,9,289,5,90
976,78,2,53,8,297,4,80
977,78,2,54,6,303,2,60
978,78,2,55,8,311,4,80
979,78,2,56,6,317,0,60
980,78,2,57,5,322,2,50
981,78,2,58,8,330,6,80
982,78,2,59,2,332,1,20
983,78,2,60,2,334,1,20
984,78,2,61,4,338,2,40
985,78,2,62,9,347,1,90
986,78,2,63,6,353,2,60
987,78,2,64,8,361,3,80
988,78,2,65,7,368,1,70
989,78,2,66,3,371,3,30
990,78,2,67,4,375,3,40
991,78,2,68,8,383,1,80
992,78,2,69,5,388,3,50
993,78,2,70,3,391,1,30
994,78,2,71,6,397,1,60
995,78,2,72,3,400,3,30
996,78,2,73,8,408,1,80
997,78,2,74,7,415,5,70
998,78,2,75,9,424,3,90
999,78,2,76,4,428,2,40
1000,78,2,77,4,432,5,40
1001,78,2,78,5,437,5,50
1002,78,2,79,8,445,8,80
1003,78,2,80,8,453,3,80
1004,78,2,81,6,459,1,60
1005,78,2,82,7,466,1,70
1006,78,2,83,2,468,7,20
1007,78,2,84,2,470,2,20
1008,78,2,85,6,476,1,60
1009,78,2,86,2,478,3,20
1010,78,2,87,7,485,4,70
1011,78,2,88,8,493,4,80
1012,78,2,89,5,498,8,50
1013,78,2,90,9,507,9,90
1014,78,2,91,3,510,2,30
1015,78,2,92,4,514,3,40
1016,78,2,93,9,523,1,90
1017,78,2,94,5,528,3,50
1018,78,2,95,8,536,6,80
1019,78,2,96,9,545,1,90
1020,78,2,97,8,553,1,80
1021,78,2,98,7,560,1,70
1022,78,2,99,6,566,4,60
1023,78,2,100,3,569,5,30
1024,78,2,101,4,573,1,40
1025,78,2,102,7,580,6,70
1026,78,2,103,6,586,7,60
1027,78,2,104,7,593,5,70
1028,78,2,105,8,601,3,80
1029,78,2,106,2,603,1,20
1030,78,2,107,5,608,3,50
1031,78,2,108,7,615,4,70
1032,78,2,109,9,624,4,90
1033,78,2,110,4,628,2,40
1034,78,2,111,5,633,1,50
1035,78,2,112,4,637,5,40
1036,78,2,113,2,639,4,20
1037,78,2,114,9,648,1,90
1038,78,2,115,9,657,1,90
1039,78,2,116,2,659,4,20
1040,78,2,117,5,664,3,50
1041,78,2,118,3,667,5,30
1042,78,2,119,5,672,1,50
1043,78,2,120,6,678,5,60
1044,78,2,121,8,686,3,80
1045,78,2,122,7,693,3,70
1046,78,2,123,6,699,1,60
1047,78,2,124,7,706,1,70
1048,78,2,125,2,708,4,20
1049,78,2,126,6,714,1,60
1050,78,2,127,4,718,2,40
1051,78,2,128,8,726,4,80
1052,78,2,129,5,731,3,50
1053,78,2,130,5,736,1,50
1054,78,2,131,7,743,2,70
1055,78,2,132,4,747,1,40
1056,78,2,133,3,750,3,30
1057,78,2,134,6,756,6,60
1058,78,2,135,8,764,1,80
1059,78,2,136,2,766,4,20
1060,78,2,137,9,775,2,90
1061,78,2,138,8,783,3,80
1062,78,2,139,6,789,4,60
1063,78,2,140,9,798,3,90
1064,78,2,141,6,804,6,60
1065,78,2,142,5,809,1,50
1066,78,2,143,7,816,3,70
1067,78,2,144,4,820,3,40
1068,78,2,145,9,829,1,90
1069,78,2,146,5,834,2,50
1070,78,2,147,2,836,3,20
1071,78,2,148,4,840,1,40
1072,78,2,149,5,845,1,50
1073,78,2,150,5,850,9,50
1074,78,2,151,2,852,2,20
1075,78,2,152,2,854,1,20
1076,78,2,153,2,856,2,20
1077,78,2,154,4,860,3,40
1078,78,2,155,8,868,5,80
1079,78,2,156,5,873,1,50
1080,78,2,157,6,879,1,60
1081,78,2,158,7,886,1,70
1082,78,2,159,8,894,5,80
1083,78,2,160,4,898,4,40
1084,78,2,161,8,906,1,80
1085,78,2,162,6,912,7,60
1086,78,2,163,7,919,1,70
1087,78,2,164,2,921,4,20
1088,78,2,165,6,927,1,60
1089,78,2,166,2,929,3,20
1090,78,2,167,2,931,2,20
1091,78,2,168,7,938,5,70
1092,78,2,169,8,946,2,80
1093,78,2,170,3,949,3,30
1094,78,2,171,5,954,4,50
1095,78,2,172,4,958,3,40
1096,78,2,173,5,963,1,50
1097,78,2,174,4,967,1,40
1098,78,2,175,2,969,3,20
1099,78,2,176,8,977,3,80
1100,78,2,177,4,981,1,40
1101,78,2,178,2,983,1,20
1102,78,2,179,5,988,2,50
1103,78,2,180,5,993,1,50
1104,78,2,181,8,1001,3,80
1105,78,2,182,4,1005,2,40
1106,78,2,183,7,1012,1,70
1107,78,2,184,6,1018,1,60
1108,78,2,185,8,1026,8,80
1109,78,2,186,9,1035,3,90
1110,78,2,187,6,1041,2,60
1111,78,2,188,9,1050,2,90
1112,78,2,189,8,1058,1,80
1113,78,2,190,9,1067,1,90
1114,78,2,191,9,1076,3,90
1115,78,2,192,7,1083,3,70
1116,78,2,193,9,1092,3,90
1117,78,2,194,6,1098,1,60
1118,78,2,195,2,1100,2,20
1119,78,2,196,9,1109,6,90
1120,78,2,197,9,1118,2,90
1121,78,2,198,9,1127,6,90
1122,78,2,199,3,1130,2,30
1123,78,2,200,3,1133,3,30
1124,78,2,201,2,1135,3,20
1125,78,2,202,6,1141,2,60
1126,78,2,203,7,1148,1,70
1127,78,2,204,9,1157,1,90
1128,78,2,205,2,1159,1,20
1129,78,2,206,8,1167,2,80
1130,78,2,207,7,1174,7,70
1131,78,2,208,7,1181,4,70
1132,78,2,209,4,1185,1,40
1133,78,2,210,8,1193,5,80
1134,78,2,211,5,1198,7,50
1135,78,2,212,2,1200,1,20
1136,78,2,213,8,1208,6,80
1137,78,2,214,7,1215,4,70
1138,78,2,215,9,1224,1,90
1139,78,2,216,5,1229,3,50
1140,78,2,217,2,1231,3,20
1141,78,2,218,7,1238,7,70
1142,78,2,219,7,1245,1,70
1143,78,2,220,3,1248,2,30
1144,78,2,221,3,1251,4,30
1145,78,2,222,2,1253,4,20
1146,78,2,223,2,1255,6,20
1147,78,2,224,6,1261,2,60
1148,78,2,225,4,1265,4,40
1149,78,2,226,2,1267,3,20
1150,78,2,227,4,1271,2,40
1151,78,2,228,2,1273,1,20
1152,78,2,229,4,1277,2,40
1153,78,2,230,3,1280,3,30
1154,78,2,231,5,1285,1,50
1155,78,2,232,5,1290,3,50
1156,78,2,233,6,1296,0,60
1157,78,2,234,2,1298,2,20
1158,78,2,235,6,1304,2,60
1159,78,2,236,2,1306,1,20
1160,78,2,237,6,1312,3,60
1161,78,2,238,8,1320,4,80
1162,78,2,239,4,1324,1,40
1163,78,2,240,8,1332,1,80
1164,78,2,241,2,1334,1,20
1165,78,2,242,9,1343,4,90
1166,78,2,243,3,1346,1,30
1167,78,2,244,5,1351,5,50
1168,78,2,245,5,1356,2,50
1169,78,2,246,8,1364,2,80
1170,78,2,247,2,1366,4,20
1171,78,2,248,5,1371,1,50
1172,78,2,249,9,1380,4,90
1173,78,2,250,9,1389,3,90
1174,78,2,251,5,1394,3,50
1175,78,2,252,2,1396,4,20
1176,78,2,253,4,1400,4,40
1177,78,2,254,3,1403,2,30
1178,78,2,255,4,1407,2,40
1179,78,2,256,8,1415,2,80
1180,78,2,257,9,1424,1,90
1181,78,2,258,4,1428,1,40
1182,78,2,259,9,1437,4,90
1183,78,2,260,3,1440,1,30
1184,78,2,261,9,1449,3,90
1185,78,2,262,6,1455,2,60
1186,78,2,263,4,1459,1,40
1187,78,2,264,9,1468,1,90
1188,78,2,265,2,1470,1,20
1189,78,2,266,8,1478,1,80
1190,78,2,267,8,1486,1,80
1191,78,2,268,3,1489,2,30
1192,78,2,269,3,1492,1,30
1193,78,2,270,4,1496,1,40
1194,78,2,271,9,1505,4,90
1195,78,2,272,3,1508,4,30
1196,78,2,273,6,1514,1,60
1197,78,2,274,9,1523,3,90
1198,78,2,275,2,1525,5,20
1199,78,2,276,3,1528,3,30
1200,78,2,277,8,1536,8,80
1201,78,2,278,8,1544,9,80
1202,78,2,279,2,1546,3,20
1203,78,2,280,3,1549,5,30
1204,78,2,281,5,1554,5,50
1205,78,2,282,6,1560,3,60
1206,78,2,283,3,1563,5,30
1207,78,2,284,3,1566,2,30
1208,78,2,285,2,1568,1,20
1209,78,2,286,7,1575,4,70
1210,78,2,287,4,1579,1,40
1211,78,2,288,9,1588,3,90
1212,78,2,289,7,1595,2,70
1213,78,2,290,3,1598,5,30
1214,78,2,291,2,1600,1,20
1215,78,2,292,2,1602,1,20
1216,78,2,293,4,1606,1,40
1217,78,2,294,7,1613,1,70
1218,78,2,295,6,1619,2,60
1219,78,2,296,6,1625,2,60
1220,78,2,297,5,1630,4,50
1221,78,2,298,4,1634,0,40
1222,78,2,299,7,1641,4,70
1223,78,2,300,4,1645,0,40
1224,78,2,301,5,1650,2,50
1225,78,2,302,5,1655,2,50
1226,78,2,303,3,1658,3,30
1227,78,2,304,4,1662,3,40
1228,78,2,305,6,1668,3,60
1229,78,2,306,5,1673,2,50
1230,78,2,307,3,1676,2,30
1231,78,2,308,5,1681,1,50
1232,78,2,309,8,1689,1,80
1233,78,2,310,4,1693,3,40
1234,78,2,311,3,1696,1,30
1235,78,2,312,2,1698,2,20
1236,78,2,313,4,1702,1,40
1237,78,2,314,2,1704,2,20
1238,78,2,315,6,1710,0,60
1239,78,2,316,9,1719,4,90
1240,78,2,317,4,1723,3,40
1241,78,2,318,2,1725,1,20
1242,78,2,319,9,1734,1,90
1243,78,2,320,6,1740,2,60
1244,78,2,321,7,1747,1,70
1245,78,2,322,8,1755,1,80
1246,78,2,323,4,1759,2,40
1247,78,2,324,5,1764,1,50
1248,78,2,325,6,1770,2,60
1249,78,2,326,3,1773,4,30
1250,78,2,327,6,1779,3,60
1251,78,2,328,7,1786,2,70
1252,78,2,329,4,1790,4,40
1253,78,2,330,2,1792,1,20
1254,78,2,331,5,1797,4,50
1255,78,2,332,4,1801,1,40
1256,78,2,333,3,1804,4,30
1257,78,2,334,5,1809,1,50
1258,78,2,335,7,1816,4,70
1259,78,2,336,6,1822,0,60
1260,78,2,337,4,1826,1,40
1261,78,2,338,3,1829,1,30
1262,78,2,339,8,1837,3,80
1263,78,2,340,2,1839,3,20
1264,78,2,341,3,1842,2,30
1265,78,2,342,5,1847,1,50
1266,78,2,343,9,1856,1,90
1267,78,2,344,3,1859,3,30
1268,78,2,345,8,1867,5,80
1269,78,2,346,7,1874,2,70
1270,78,2,347,8,1882,2,80
1271,78,2,348,4,1886,2,40
1272,78,2,349,2,1888,4,20
1273,78,2,350,5,1893,1,50
1274,78,2,351,8,1901,4,80
1275,78,2,352,2,1903,2,20
1276,78,2,353,8,1911,3,80
1277,78,2,354,7,1918,2,70
1278,78,2,355,6,1924,5,60
1279,78,2,356,3,1927,2,30
1280,78,2,357,9,1936,4,90
1281,78,2,358,3,1939,1,30
1282,78,2,359,7,1946,4,70
1283,78,2,360,6,1952,2,60
1284,78,2,361,2,1954,4,20
1285,78,2,362,4,1958,3,40
1286,78,2,363,4,1962,4,40
1287,78,2,364,9,1971,1,90
1288,78,2,365,9,1980,2,90
1289,78,2,366,4,1984,1,40
1290,78,2,367,3,1987,0,30
1291,78,2,368,3,1990,2,30
1292,78,2,369,6,1996,4,60
1293,78,2,370,9,2005,2,90
1294,78,2,371,3,2008,1,30
1295,78,2,372,7,2015,1,70
1296,78,2,373,9,2024,1,90
1297,78,2,374,9,2033,2,90
1298,78,2,375,2,2035,1,20
1299,78,2,376,3,2038,4,30
1300,78,2,377,2,2040,3,20
1301,78,2,378,9,2049,4,90
1302,78,2,379,7,2056,1,70
1303,78,2,380,3,2059,4,30
1304,78,2,381,3,2062,4,30
1305,78,2,382,6,2068,1,60
1306,78,2,383,7,2075,2,70
1307,78,2,384,8,2083,3,80
1308,78,2,385,2,2085,1,20
1309,78,2,386,7,2092,7,70
1310,78,2,387,5,2097,3,50
1311,78,2,388,3,2100,2,30
1312,78,2,389,2,2102,3,20
1313,78,2,390,4,2106,3,40
1314,78,2,391,4,2110,1,40
1315,78,2,392,8,2118,6,80
1316,78,2,393,4,2122,3,40
1317,78,2,394,4,2126,1,40
1318,78,2,395,6,2132,2,60
1319,78,2,396,6,2138,2,60
1320,78,2,397,4,2142,4,40
1321,78,2,398,5,2147,1,50
1322,78,2,399,8,2155,0,80
1323,78,2,400,4,2159,3,40
1324,78,2,401,8,2167,2,80
1325,78,2,402,6,2173,3,60
1326,78,2,403,5,2178,3,50
1327,78,2,404,4,2182,5,40
1328,78,2,405,6,2188,6,60
1329,78,2,406,9,2197,4,90
1330,78,2,407,2,2199,1,20
1331,78,2,408,5,2204,4,50
1332,78,2,409,6,2210,3,60
1333,78,2,410,3,2213,0,30
1334,78,2,411,7,2220,1,70
1335,78,2,412,9,2229,4,90
1336,78,2,413,2,2231,0,20
1337,78,2,414,5,2236,3,50
1338,78,2,415,5,2241,3,50
1339,78,2,416,2,2243,4,20
1340,78,2,417,7,2250,4,70
1341,78,2,418,4,2254,1,40
1342,78,2,419,6,2260,0,60
1343,78,2,420,7,2267,4,70
1344,78,2,421,4,2271,2,40
1345,78,2,422,8,2279,1,80
1346,78,2,423,6,2285,1,60
1347,78,2,424,9,2294,4,90
1348,78,2,425,5,2299,4,50
1349,78,2,426,5,2304,0,50
1350,78,2,427,7,2311,1,70
1351,78,2,428,5,2316,3,50
1352,78,2,429,9,2325,1,90
1353,78,2,430,4,2329,5,40
1354,78,2,431,5,2334,1,50
1355,78,2,432,4,2338,5,40
1356,78,2,433,4,2342,4,40
1357,78,2,434,5,2347,3,50
1358,78,2,435,6,2353,1,60
1359,78,2,436,4,2357,2,40
1360,78,2,437,8,2365,3,80
1361,78,2,438,5,2370,8,50
1362,78,2,439,6,2376,3,60
1363,78,2,440,6,2382,1,60
1364,78,2,441,8,2390,4,80
1365,78,2,442,8,2398,2,80
1366,78,2,443,7,2405,1,70
1367,78,2,444,2,2407,1,20
1368,78,2,445,8,2415,2,80
1369,78,2,446,9,2424,8,90
1370,78,2,447,9,2433,3,90
1371,78,2,448,6,2439,10,60
1372,78,2,449,7,2446,1,70
1373,78,2,450,7,2453,3,70
1374,78,2,451,7,2460,1,70
1375,78,2,452,5,2465,1,50
1376,78,2,453,8,2473,4,80
1377,78,2,454,6,2479,3,60
1378,78,2,455,6,2485,1,60
1379,78,2,456,3,2488,5,30
1380,78,2,457,4,2492,0,40
1381,78,2,458,7,2499,3,70
1382,78,2,459,7,2506,1,70
1383,78,2,460,3,2509,1,30
1384,78,2,461,9,2518,3,90
1385,78,2,462,3,2521,3,30
1386,78,2,463,6,2527,7,60
1387,78,2,464,4,2531,2,40
1388,78,2,465,6,2537,5,60
1389,78,2,466,4,2541,2,40
1390,78,2,467,5,2546,1,50
1391,78,2,468,3,2549,1,30
1392,78,2,469,6,2555,3,60
1393,78,2,470,4,2559,5,40
1394,78,2,471,8,2567,6,80
1395,78,2,472,3,2570,1,30
1396,78,2,473,4,2574,2,40
1397,78,2,474,6,2580,2,60
1398,78,2,475,2,2582,3,20
1399,78,2,476,8,2590,5,80
1400,78,2,477,9,2599,1,90
1401,78,2,478,6,2605,1,60
1402,78,2,479,2,2607,1,20
1403,78,2,480,3,2610,1,30
1404,78,2,481,3,2613,3,30
1405,78,2,482,3,2616,4,30
1406,78,2,483,8,2624,3,80
1407,78,2,484,6,2630,1,60
1408,78,2,485,8,2638,4,80
1409,78,2,486,5,2643,4,50
1410,78,2,487,2,2645,0,20
1411,78,2,488,3,2648,4,30
1412,78,2,489,8,2656,4,80
1413,78,2,490,2,2658,1,20
1414,78,2,491,8,2666,1,80
1415,78,2,492,9,2675,2,90
1416,78,2,493,2,2677,1,20
1417,78,2,494,8,2685,1,80
1418,78,2,495,3,2688,1,30
1419,78,2,496,9,2697,5,90
1420,78,2,497,9,2706,6,90
1421,78,2,498,8,2714,2,80
1422,78,2,499,5,2719,4,50
1423,78,2,500,3,2722,1,30
1424,78,2,501,6,2728,1,60
1425,78,2,502,4,2732,1,40
1426,78,2,503,7,2739,4,70
1427,78,2,504,2,2741,6,20
1428,78,2,505,3,2744,1,30
1429,78,2,506,9,2753,1,90
1430,78,2,507,4,2757,1,40
1431,78,2,508,9,2766,1,90
1432,78,2,509,8,2774,3,80
1433,78,2,510,8,2782,3,80
1434,78,2,511,6,2788,2,60
1435,78,2,512,7,2795,1,70
1436,78,2,513,3,2798,6,30
1437,78,2,514,7,2805,1,70
1438,78,2,515,9,2814,1,90
1439,78,2,516,8,2822,1,80
1440,78,2,517,7,2829,5,70
1441,78,2,518,3,2832,9,30
1442,78,2,519,7,2839,1,70
1443,78,2,520,6,2845,4,60
1444,78,2,521,6,2851,1,60
1445,78,2,522,7,2858,1,70
1446,78,2,523,5,2863,1,50
1447,78,2,524,9,2872,1,90
1448,78,2,525,3,2875,1,30
1449,78,2,526,7,2882,4,70
1450,78,2,527,5,2887,7,50
1451,78,2,528,3,2890,3,30
1452,78,2,529,9,2899,4,90
1453,78,2,530,5,2904,1,50
1454,78,2,531,9,2913,4,90
1455,78,2,532,8,2921,5,80
1456,78,2,533,6,2927,2,60
1457,78,2,534,9,2936,1,90
1458,78,2,535,9,2945,3,90
1459,78,2,536,6,2951,1,60
1460,78,2,537,8,2959,1,80
1461,78,2,538,6,2965,1,60
1462,78,2,539,4,2969,1,40
1463,78,2,540,3,2972,3,30
1464,78,2,541,9,2981,3,90
1465,78,2,542,5,2986,9,50
1466,78,2,543,7,2993,2,70
1467,78,2,544,2,2995,3,20
1468,78,2,545,3,2998,1,30
1469,78,2,546,4,3002,4,40
1470,78,2,547,3,3005,2,30
1471,78,2,548,7,3012,6,70
1472,78,2,549,6,3018,1,60
1473,78,2,550,2,3020,5,20
1474,78,2,551,9,3029,3,90
1475,78,2,552,7,3036,6,70
1476,78,2,553,7,3043,3,70
1477,78,2,554,4,3047,1,40
1478,78,2,555,9,3056,3,90
1479,78,2,556,5,3061,4,50
1480,78,2,557,2,3063,1,20
1481,78,2,558,5,3068,2,50
1482,78,2,559,9,3077,1,90
1483,78,2,560,3,3080,2,30
1484,78,2,561,3,3083,2,30
1485,78,2,562,6,3089,1,60
1486,78,2,563,3,3092,6,30
1487,78,2,564,9,3101,4,90
1488,78,2,565,5,3106,6,50
1489,78,2,566,8,3114,1,80
1490,78,2,567,2,3116,6,20
1491,78,2,568,3,3119,1,30
1492,78,2,569,5,3124,2,50
1493,78,2,570,9,3133,4,90
1494,78,2,571,3,3136,2,30
1495,78,2,572,7,3143,3,70
1496,78,2,573,8,3151,3,80
1497,78,2,574,7,3158,9,70
1498,78,2,575,5,3163,1,50
1499,78,2,576,5,3168,1,50
1500,78,2,577,6,3174,1,60
1501,78,2,578,3,3177,4,30
1502,78,2,579,5,3182,4,50
1503,78,2,580,4,3186,1,40
1504,78,2,581,7,3193,4,70
1505,78,2,582,4,3197,4,40
1506,78,2,583,2,3199,2,20
1507,78,2,584,5,3204,1,50
1508,78,2,585,9,3213,1,90
1509,78,2,586,5,3218,1,50
1510,78,2,587,3,3221,6,30
1511,78,2,588,7,3228,2,70
1512,78,2,589,6,3234,3,60
1513,78,2,590,7,3241,1,70
1514,78,2,591,7,3248,2,70
1515,78,2,592,2,3250,4,20
1516,78,2,593,4,3254,1,40
1517,78,2,594,9,3263,1,90
1518,78,2,595,7,3270,3,70
1519,78,2,596,2,3272,2,20
1520,78,2,597,2,3274,2,20
1521,78,2,598,7,3281,1,70
1522,78,2,599,8,3289,1,80
1523,78,2,600,6,3295,3,60
1524,78,2,601,5,3300,2,50
1525,78,2,602,3,3303,3,30
1526,78,2,603,7,3310,3,70
1527,78,2,604,6,3316,1,60
1528,78,2,605,9,3325,0,90
1529,78,2,606,7,3332,4,70
1530,78,2,607,7,3339,3,70
1531,78,2,608,9,3348,1,90
1532,78,2,609,3,3351,2,30
1533,78,2,610,4,3355,1,40
1534,78,2,611,5,3360,3,50
1535,78,2,612,2,3362,4,20
1536,78,2,613,6,3368,3,60
1537,78,2,614,4,3372,5,40
1538,78,2,615,5,3377,4,50
1539,78,2,616,4,3381,3,40
1540,78,2,617,8,3389,4,80
1541,78,2,618,4,3393,1,40
1542,78,2,619,8,3401,3,80
1543,78,2,620,8,3409,3,80
1544,78,2,621,2,3411,4,20
1545,78,2,622,2,3413,1,20
1546,78,2,623,2,3415,1,20
1547,78,2,624,2,3417,3,20
1548,78,2,625,3,3420,4,30
1549,78,2,626,5,3425,1,50
1550,78,2,627,7,3432,3,70
1551,78,2,628,8,3440,1,80
1552,78,2,629,9,3449,1,90
1553,78,2,630,4,3453,5,40
1554,78,2,631,7,3460,3,70
1555,78,2,632,9,3469,1,90
1556,78,2,633,5,3474,4,50
1557,78,2,634,7,3481,3,70
1558,78,2,635,6,3487,4,60
1559,78,2,636,9,3496,4,90
1560,78,2,637,9,3505,1,90
1561,78,2,638,9,3514,0,90
1562,78,2,639,8,3522,6,80
1563,78,2,640,5,3527,1,50
1564,78,2,641,6,3533,5,60
1565,78,2,642,9,3542,6,90
1566,78,2,643,8,3550,7,80
1567,78,2,644,6,3556,7,60
1568,78,2,645,3,3559,3,30
1569,78,2,646,7,3566,0,70
1570,78,2,647,6,3572,1,60
1571,78,2,648,4,3576,1,40
1572,78,2,649,7,3583,3,70
1573,78,2,650,2,3585,2,20
1574,78,2,651,2,3587,3,20
1575,78,2,652,4,3591,2,40
1576,78,2,653,2,3593,1,20
1577,78,2,654,7,3600,2,70
1578,78,2,655,8,3608,3,80
1579,78,2,656,7,3615,1,70
1580,78,2,657,5,3620,3,50
1581,78,2,658,4,3624,1,40
1582,78,2,659,8,3632,5,80
1583,78,2,660,9,3641,3,90
1584,78,2,661,4,3645,3,40
1585,78,2,662,3,3648,4,30
1586,78,2,663,6,3654,5,60
1587,78,2,664,2,3656,1,20
1588,78,2,665,2,3658,1,20
1589,78,2,666,8,3666,1,80
1590,78,2,667,7,3673,3,70
1591,78,2,668,6,3679,2,60
1592,78,2,669,4,3683,2,40
1593,78,2,670,6,3689,5,60
1594,78,2,671,2,3691,5,20
1595,78,2,672,3,3694,3,30
1596,78,2,673,9,3703,1,90
1597,78,2,674,7,3710,1,70
1598,78,2,675,8,3718,1,80
1599,78,2,676,9,3727,1,90
1600,78,2,677,5,3732,4,50
1601,78,2,678,8,3740,1,80
1602,78,2,679,9,3749,4,90
1603,78,2,680,2,3751,1,20
1604,78,2,681,7,3758,5,70
1605,78,2,682,4,3762,1,40
1606,78,2,683,2,3764,1,20
1607,78,2,684,9,3773,3,90
1608,78,2,685,8,3781,1,80
1609,78,2,686,8,3789,4,80
1610,78,2,687,9,3798,1,90
1611,78,2,688,4,3802,1,40
1612,78,2,689,6,3808,5,60
1613,78,2,690,8,3816,1,80
1614,78,2,691,7,3823,3,70
1615,78,2,692,8,3831,2,80
1616,78,2,693,5,3836,5,50
1617,78,2,694,6,3842,1,60
1618,78,2,695,7,3849,2,70
1619,78,2,696,3,3852,3,30
1620,78,2,697,2,3854,3,20
1621,78,2,698,3,3857,4,30
1622,78,2,699,4,3861,2,40
1623,78,2,700,8,3869,2,80
1624,78,2,701,4,3873,2,40
1625,78,2,702,4,3877,2,40
1626,78,2,703,5,3882,1,50
1627,78,2,704,5,3887,1,50
1628,78,2,705,8,3895,3,80
1629,78,2,706,8,3903,4,80
1630,78,2,707,7,3910,3,70
1631,78,2,708,7,3917,4,70
1632,78,2,709,7,3924,4,70
1633,78,2,710,4,3928,4,40
1634,78,2,711,9,3937,4,90
1635,78,2,712,6,3943,1,60
1636,78,2,713,4,3947,3,40
1637,78,2,714,9,3956,2,90
1638,78,2,715,3,3959,3,30
1639,78,2,716,4,3963,1,40
1640,78,2,717,9,3972,3,90
1641,78,2,718,8,3980,6,80
1642,78,2,719,6,3986,1,60
1643,78,2,720,3,3989,2,30
1644,78,2,721,9,3998,1,90
1645,78,2,722,3,4001,2,30
1646,78,2,723,4,4005,4,40
1647,78,2,724,9,4014,1,90
1648,78,2,725,2,4016,1,20
1649,78,2,726,4,4020,8,40
1650,78,2,727,6,4026,4,60
1651,78,2,728,6,4032,4,60
1652,78,2,729,9,4041,4,90
1653,78,2,730,4,4045,1,40
1654,78,2,731,3,4048,3,30
1655,78,2,732,3,4051,2,30
1656,78,2,733,4,4055,1,40
1657,78,2,734,3,4058,4,30
1658,78,2,735,7,4065,2,70
1659,78,2,736,6,4071,2,60
1660,78,2,737,5,4076,3,50
1661,78,2,738,9,4085,4,90
1662,78,2,739,8,4093,2,80
1663,78,2,740,8,4101,1,80
1664,78,2,741,8,4109,4,80
1665,78,2,742,2,4111,1,20
1666,78,2,743,8,4119,4,80
1667,78,2,744,6,4125,1,60
1668,78,2,745,8,4133,4,80
1669,78,2,746,6,4139,1,60
1670,78,2,747,3,4142,5,30
1671,78,2,748,9,4151,5,90
1672,78,2,749,9,4160,3,90
1673,78,2,750,7,4167,1,70
1674,78,2,751,8,4175,1,80
1675,78,2,752,8,4183,4,80
1676,78,2,753,8,4191,7,80
1677,78,2,754,7,4198,5,70
1678,78,2,755,7,4205,6,70
1679,78,2,756,3,4208,4,30
1680,78,2,757,6,4214,1,60
1681,78,2,758,8,4222,5,80
1682,78,2,759,2,4224,1,20
1683,78,2,760,2,4226,5,20
1684,78,2,761,7,4233,2,70
1685,78,2,762,5,4238,4,50
1686,78,2,763,7,4245,6,70
1687,78,2,764,4,4249,0,40
1688,78,2,765,5,4254,1,50
1689,78,2,766,8,4262,4,80
1690,78,2,767,7,4269,1,70
1691,78,2,768,7,4276,1,70
1692,78,2,769,9,4285,4,90
1693,78,2,770,7,4292,4,70
1694,78,2,771,9,4301,1,90
1695,78,2,772,7,4308,4,70
1696,78,2,773,3,4311,5,30
1697,78,2,774,5,4316,0,50
1698,78,2,775,8,4324,5,80
1699,78,2,776,9,4333,1,90
1700,78,2,777,9,4342,4,90
1701,78,2,778,4,4346,8,40
1702,78,2,779,3,4349,1,30
1703,78,2,780,8,4357,7,80
1704,78,2,781,7,4364,3,70
1705,78,2,782,4,4368,1,40
1706,78,2,783,3,4371,2,30
1707,78,2,784,3,4374,4,30
1708,78,2,785,5,4379,1,50
1709,78,2,786,9,4388,1,90
1710,78,2,787,2,4390,2,20
1711,78,2,788,5,4395,2,50
1712,78,2,789,3,4398,3,30
1713,78,2,790,6,4404,1,60
1714,78,2,791,3,4407,5,30
1715,78,2,792,5,4412,5,50
1716,78,2,793,3,4415,1,30
1717,78,2,794,8,4423,3,80
1718,78,2,795,6,4429,1,60
1719,78,2,796,3,4432,1,30
1720,78,2,797,7,4439,2,70
1721,78,2,798,7,4446,6,70
1722,78,2,799,8,4454,3,80
1723,78,2,800,9,4463,8,90
1724,78,2,801,8,4471,4,80
1725,78,2,802,4,4475,5,40
1726,78,2,803,3,4478,1,30
1727,78,2,804,5,4483,1,50
1728,78,2,805,4,4487,1,40
1729,78,2,806,5,4492,1,50
1730,78,2,807,3,4495,1,30
1731,78,2,808,5,4500,6,50
1732,78,2,809,6,4506,5,60
1733,78,2,810,9,4515,4,90
1734,78,2,811,4,4519,2,40
1735,78,2,812,5,4524,4,50
1736,78,2,813,4,4528,3,40
1737,78,2,814,2,4530,1,20
1738,78,2,815,6,4536,1,60
1739,78,2,816,8,4544,1,80
1740,78,2,817,7,4551,1,70
1741,78,2,818,4,4555,7,40
1742,78,2,819,4,4559,2,40
1743,78,2,820,2,4561,2,20
1744,78,2,821,5,4566,1,50
1745,78,2,822,5,4571,3,50
1746,78,2,823,6,4577,4,60
1747,78,2,824,3,4580,1,30
1748,78,2,825,7,4587,5,70
1749,78,2,826,9,4596,0,90
1750,78,2,827,3,4599,4,30
1751,78,2,828,8,4607,1,80
1752,78,2,829,2,4609,4,20
1753,78,2,830,6,4615,3,60
1754,78,2,831,3,4618,5,30
1755,78,2,832,5,4623,1,50
1756,78,2,833,9,4632,5,90
1757,78,2,834,7,4639,1,70
1758,78,2,835,7,4646,1,70
1759,78,2,836,4,4650,3,40
1760,78,2,837,6,4656,1,60
1761,78,2,838,7,4663,1,70
1762,78,2,839,3,4666,2,30
1763,78,2,840,6,4672,1,60
1764,78,2,841,7,4679,5,70
1765,78,2,842,2,4681,4,20
1766,78,2,843,7,4688,3,70
1767,78,2,844,2,4690,4,20
1768,78,2,845,7,4697,5,70
1769,78,2,846,8,4705,1,80
1770,78,2,847,8,4713,3,80
1771,78,2,848,3,4716,1,30
1772,78,2,849,4,4720,1,40
1773,78,2,850,8,4728,1,80
1774,78,2,851,3,4731,6,30
1775,78,2,852,7,4738,1,70
1776,78,2,853,5,4743,3,50
1777,78,2,854,6,4749,2,60
1778,78,2,855,4,4753,5,40
1779,78,2,856,6,4759,4,60
1780,78,2,857,2,4761,1,20
1781,78,2,858,6,4767,1,60
1782,78,2,859,5,4772,6,50
1783,78,2,860,2,4774,1,20
1784,78,2,861,7,4781,1,70
1785,78,2,862,7,4788,2,70
1786,78,2,863,7,4795,2,70
1787,78,2,864,6,4801,1,60
1788,78,2,865,5,4806,1,50
1789,78,2,866,4,4810,1,40
1790,78,2,867,7,4817,8,70
1791,78,2,868,4,4821,3,40
1792,78,2,869,6,4827,3,60
1793,78,2,870,5,4832,2,50
1794,78,2,871,6,4838,3,60
1795,78,2,872,2,4840,6,20
1796,78,2,873,9,4849,4,90
1797,78,2,874,4,4853,2,40
1798,78,2,875,5,4858,1,50
1799,78,2,876,7,4865,2,70
1800,78,2,877,6,4871,4,60
1801,78,2,878,4,4875,6,40
1802,78,2,879,9,4884,2,90
1803,78,2,880,9,4893,4,90
1804,78,2,881,4,4897,4,40
1805,78,2,882,7,4904,1,70
1806,78,2,883,3,4907,7,30
1807,78,2,884,6,4913,4,60
1808,78,2,885,9,4922,1,90
1809,78,2,886,5,4927,2,50
1810,78,2,887,6,4933,4,60
1811,78,2,888,6,4939,3,60
1812,78,2,889,6,4945,3,60
1813,78,2,890,9,4954,4,90
1814,78,2,891,8,4962,2,80
1815,78,2,892,7,4969,2,70
1816,78,2,893,8,4977,0,80
1817,78,2,894,2,4979,4,20
1818,78,2,895,7,4986,6,70
1819,78,2,896,3,4989,1,30
1820,78,2,897,9,4998,1,90
1821,78,3,1,2,2,1,20
1822,78,3,2,8,10,1,80
1823,78,3,3,5,15,0,50
1824,78,3,4,5,20,0,50
1825,78,3,5,5,25,1,50
1826,78,3,6,8,33,1,80
1827,78,3,7,4,37,2,40
1828,78,3,8,3,40,1,30
1829,78,3,9,4,44,1,40
1830,78,3,10,5,49,1,50
1831,78,3,11,9,58,1,90
1832,78,3,12,7,65,0,70
1833,78,3,13,2,67,1,20
1834,78,3,14,3,70,0,30
1835,78,3,15,7,77,3,70
1836,78,3,16,4,81,1,40
1837,78,3,17,6,87,3,60
1838,78,3,18,5,92,5,50
1839,78,3,19,7,99,1,70
1840,78,3,20,4,103,5,40
1841,78,3,21,2,105,1,20
1842,78,3,22,4,109,1,40
1843,78,3,23,5,114,2,50
1844,78,3,24,9,123,1,90
1845,78,3,25,7,130,2,70
1846,78,3,26,3,133,2,30
1847,78,3,27,9,142,1,90
1848,78,3,28,5,147,5,50
1849,78,3,29,6,153,5,60
1850,78,3,30,7,160,1,70
1851,78,3,31,7,167,1,70
1852,78,3,32,9,176,5,90
1853,78,3,33,5,181,2,50
1854,78,3,34,6,187,2,60
1855,78,3,35,4,191,2,40
1856,78,3,36,7,198,1,70
1857,78,3,37,6,204,4,60
1858,78,3,38,6,210,1,60
1859,78,3,39,7,217,1,70
1860,78,3,40,3,220,6,30
1861,78,3,41,4,224,4,40
1862,78,3,42,8,232,3,80
1863,78,3,43,7,239,4,70
1864,78,3,44,8,247,1,80
1865,78,3,45,5,252,4,50
1866,78,3,46,7,259,6,70
1867,78,3,47,7,266,1,70
1868,78,3,48,2,268,1,20
1869,78,3,49,3,271,5,30
1870,78,3,50,4,275,1,40
1871,78,3,51,7,282,3,70
1872,78,3,52,9,291,1,90
1873,78,3,53,2,293,1,20
1874,78,3,54,5,298,3,50
1875,78,3,55,7,305,2,70
1876,78,3,56,2,307,1,20
1877,78,3,57,4,311,5,40
1878,78,3,58,4,315,5,40
1879,78,3,59,2,317,3,20
1880,78,3,60,5,322,2,50
1881,78,3,61,5,327,1,50
1882,78,3,62,8,335,3,80
1883,78,3,63,7,342,1,70
1884,78,3,64,7,349,6,70
1885,78,3,65,7,356,3,70
1886,78,3,66,3,359,3,30
1887,78,3,67,2,361,2,20
1888,78,3,68,7,368,0,70
1889,78,3,69,8,376,8,80
1890,78,3,70,3,379,1,30
1891,78,3,71,6,385,1,60
1892,78,3,72,9,394,3,90
1893,78,3,73,5,399,1,50
1894,78,3,74,2,401,1,20
1895,78,3,75,5,406,0,50
1896,78,3,76,6,412,1,60
1897,78,3,77,2,414,1,20
1898,78,3,78,2,416,1,20
1899,78,3,79,8,424,1,80
1900,78,3,80,9,433,5,90
1901,78,3,81,2,435,3,20
1902,78,3,82,4,439,3,40
1903,78,3,83,9,448,1,90
1904,78,3,84,6,454,4,60
1905,78,3,85,3,457,0,30
1906,78,3,86,9,466,1,90
1907,78,3,87,6,472,7,60
1908,78,3,88,5,477,1,50
1909,78,3,89,3,480,4,30
1910,78,3,90,6,486,2,60
1911,78,3,91,7,493,4,70
1912,78,3,92,9,502,6,90
1913,78,3,93,6,508,8,60
1914,78,3,94,2,510,1,20
1915,78,3,95,8,518,1,80
1916,78,3,96,2,520,1,20
1917,78,3,97,7,527,3,70
1918,78,3,98,4,531,2,40
1919,78,3,99,5,536,1,50
1920,78,3,100,7,543,3,70
1921,78,3,101,5,548,4,50
1922,78,3,102,6,554,2,60
1923,78,3,103,4,558,4,40
1924,78,3,104,9,567,4,90
1925,78,3,105,5,572,1,50
1926,78,3,106,5,577,4,50
1927,78,3,107,3,580,2,30
1928,78,3,108,9,589,3,90
1929,78,3,109,6,595,5,60
1930,78,3,110,2,597,4,20
1931,78,3,111,3,600,0,30
1932,78,3,112,8,608,2,80
1933,78,3,113,3,611,2,30
1934,78,3,114,9,620,3,90
1935,78,3,115,7,627,2,70
1936,78,3,116,5,632,1,50
1937,78,3,117,5,637,3,50
1938,78,3,118,4,641,5,40
1939,78,3,119,7,648,1,70
1940,78,3,120,6,654,1,60
1941,78,3,121,6,660,4,60
1942,78,3,122,4,664,2,40
1943,78,3,123,3,667,1,30
1944,78,3,124,7,674,1,70
1945,78,3,125,6,680,0,60
1946,78,3,126,5,685,5,50
1947,78,3,127,2,687,5,20
1948,78,3,128,6,693,1,60
1949,78,3,129,7,700,2,70
1950,78,3,130,5,705,1,50
1951,78,3,131,6,711,7,60
1952,78,3,132,2,713,7,20
1953,78,3,133,8,721,1,80
1954,78,3,134,4,725,0,40
1955,78,3,135,2,727,1,20
1956,78,3,136,9,736,1,90
1957,78,3,137,3,739,6,30
1958,78,3,138,9,748,6,90
1959,78,3,139,3,751,7,30
1960,78,3,140,7,758,1,70
1961,78,3,141,2,760,1,20
1962,78,3,142,8,768,4,80
1963,78,3,143,5,773,6,50
1964,78,3,144,7,780,5,70
1965,78,3,145,7,787,5,70
1966,78,3,146,8,795,1,80
1967,78,3,147,6,801,3,60
1968,78,3,148,7,808,3,70
1969,78,3,149,6,814,1,60
1970,78,3,150,3,817,4,30
1971,78,3,151,7,824,1,70
1972,78,3,152,5,829,1,50
1973,78,3,153,4,833,3,40
1974,78,3,154,4,837,5,40
1975,78,3,155,8,845,1,80
1976,78,3,156,2,847,6,20
1977,78,3,157,2,849,1,20
1978,78,3,158,5,854,2,50
1979,78,3,159,8,862,4,80
1980,78,3,160,3,865,1,30
1981,78,3,161,3,868,5,30
1982,78,3,162,8,876,3,80
1983,78,3,163,5,881,4,50
1984,78,3,164,6,887,2,60
1985,78,3,165,4,891,1,40
1986,78,3,166,3,894,2,30
1987,78,3,167,7,901,3,70
1988,78,3,168,8,909,2,80
1989,78,3,169,9,918,3,90
1990,78,3,170,7,925,4,70
1991,78,3,171,4,929,4,40
1992,78,3,172,9,938,1,90
1993,78,3,173,5,943,4,50
1994,78,3,174,4,947,3,40
1995,78,3,175,5,952,5,50
1996,78,3,176,9,961,4,90
1997,78,3,177,8,969,5,80
1998,78,3,178,3,972,2,30
1999,78,3,179,3,975,3,30
2000,78,3,180,2,977,5,20
2001,78,3,181,3,980,1,30
2002,78,3,182,9,989,2,90
2003,78,3,183,5,994,1,50
2004,78,3,184,2,996,1,20
2005,78,3,185,2,998,3,20
2006,78,3,186,3,1001,1,30
2007,78,3,187,6,1007,1,60
2008,78,3,188,3,1010,1,30
2009,78,3,189,7,1017,3,70
2010,78,3,190,9,1026,1,90
2011,78,3,191,4,1030,5,40
2012,78,3,192,4,1034,1,40
2013,78,3,193,2,1036,2,20
2014,78,3,194,8,1044,5,80
2015,78,3,195,5,1049,2,50
2016,78,3,196,8,1057,6,80
2017,78,3,197,4,1061,5,40
2018,78,3,198,7,1068,5,70
2019,78,3,199,6,1074,1,60
2020,78,3,200,2,1076,1,20
2021,78,3,201,7,1083,3,70
2022,78,3,202,6,1089,1,60
2023,78,3,203,5,1094,0,50
2024,78,3,204,3,1097,7,30
2025,78,3,205,8,1105,1,80
2026,78,3,206,2,1107,2,20
2027,78,3,207,2,1109,1,20
2028,78,3,208,2,1111,1,20
2029,78,3,209,9,1120,1,90
2030,78,3,210,5,1125,3,50
2031,78,3,211,3,1128,1,30
2032,78,3,212,3,1131,5,30
2033,78,3,213,3,1134,3,30
2034,78,3,214,9,1143,1,90
2035,78,3,215,2,1145,2,20
2036,78,3,216,7,1152,2,70
2037,78,3,217,4,1156,1,40
2038,78,3,218,6,1162,2,60
2039,78,3,219,3,1165,2,30
2040,78,3,220,6,1171,1,60
2041,78,3,221,8,1179,1,80
2042,78,3,222,4,1183,2,40
2043,78,3,223,3,1186,3,30
2044,78,3,224,2,1188,1,20
2045,78,3,225,9,1197,4,90
2046,78,3,226,2,1199,8,20
2047,78,3,227,2,1201,1,20
2048,78,3,228,8,1209,2,80
2049,78,3,229,4,1213,4,40
2050,78,3,230,5,1218,4,50
2051,78,3,231,5,1223,1,50
2052,78,3,232,8,1231,1,80
2053,78,3,233,3,1234,3,30
2054,78,3,234,6,1240,1,60
2055,78,3,235,5,1245,2,50
2056,78,3,236,7,1252,2,70
2057,78,3,237,8,1260,5,80
2058,78,3,238,5,1265,2,50
2059,78,3,239,7,1272,2,70
2060,78,3,240,7,1279,4,70
2061,78,3,241,8,1287,1,80
2062,78,3,242,5,1292,2,50
2063,78,3,243,4,1296,5,40
2064,78,3,244,4,1300,1,40
2065,78,3,245,6,1306,3,60
2066,78,3,246,2,1308,3,20
2067,78,3,247,6,1314,1,60
2068,78,3,248,9,1323,1,90
2069,78,3,249,4,1327,0,40
2070,78,3,250,9,1336,1,90
2071,78,3,251,7,1343,5,70
2072,78,3,252,5,1348,2,50
2073,78,3,253,5,1353,1,50
2074,78,3,254,4,1357,1,40
2075,78,3,255,2,1359,1,20
2076,78,3,256,6,1365,2,60
2077,78,3,257,2,1367,6,20
2078,78,3,258,5,1372,1,50
2079,78,3,259,9,1381,1,90
2080,78,3,260,9,1390,1,90
2081,78,3,261,7,1397,2,70
2082,78,3,262,8,1405,5,80
2083,78,3,263,2,1407,1,20
2084,78,3,264,8,1415,4,80
2085,78,3,265,6,1421,4,60
2086,78,3,266,8,1429,0,80
2087,78,3,267,6,1435,1,60
2088,78,3,268,8,1443,3,80
2089,78,3,269,6,1449,1,60
2090,78,3,270,5,1454,1,50
2091,78,3,271,4,1458,0,40
2092,78,3,272,3,1461,1,30
2093,78,3,273,9,1470,4,90
2094,78,3,274,6,1476,4,60
2095,78,3,275,6,1482,2,60
2096,78,3,276,8,1490,1,80
2097,78,3,277,2,1492,4,20
2098,78,3,278,2,1494,3,20
2099,78,3,279,9,1503,6,90
2100,78,3,280,8,1511,1,80
2101,78,3,281,2,1513,5,20
2102,78,3,282,5,1518,1,50
2103,78,3,283,7,1525,1,70
2104,78,3,284,5,1530,4,50
2105,78,3,285,7,1537,5,70
2106,78,3,286,8,1545,4,80
2107,78,3,287,9,1554,4,90
2108,78,3,288,7,1561,3,70
2109,78,3,289,6,1567,5,60
2110,78,3,290,8,1575,4,80
2111,78,3,291,9,1584,3,90
2112,78,3,292,4,1588,2,40
2113,78,3,293,3,1591,2,30
2114,78,3,294,2,1593,3,20
2115,78,3,295,8,1601,1,80
2116,78,3,296,3,1604,1,30
2117,78,3,297,5,1609,1,50
2118,78,3,298,3,1612,2,30
2119,78,3,299,6,1618,5,60
2120,78,3,300,7,1625,3,70
2121,78,3,301,3,1628,3,30
2122,78,3,302,3,1631,1,30
2123,78,3,303,9,1640,5,90
2124,78,3,304,8,1648,1,80
2125,78,3,305,3,1651,2,30
2126,78,3,306,7,1658,1,70
2127,78,3,307,6,1664,5,60
2128,78,3,308,8,1672,1,80
2129,78,3,309,3,1675,1,30
2130,78,3,310,5,1680,1,50
2131,78,3,311,3,1683,2,30
2132,78,3,312,8,1691,2,80
2133,78,3,313,5,1696,1,50
2134,78,3,314,6,1702,7,60
2135,78,3,315,6,1708,0,60
2136,78,3,316,5,1713,1,50
2137,78,3,317,9,1722,1,90
2138,78,3,318,6,1728,9,60
2139,78,3,319,5,1733,3,50
2140,78,3,320,8,1741,1,80
2141,78,3,321,5,1746,1,50
2142,78,3,322,2,1748,3,20
2143,78,3,323,4,1752,4,40
2144,78,3,324,8,1760,4,80
2145,78,3,325,8,1768,3,80
2146,78,3,326,2,1770,7,20
2147,78,3,327,3,1773,1,30
2148,78,3,328,4,1777,3,40
2149,78,3,329,7,1784,2,70
2150,78,3,330,9,1793,3,90
2151,78,3,331,5,1798,1,50
2152,78,3,332,4,1802,1,40
2153,78,3,333,6,1808,2,60
2154,78,3,334,2,1810,1,20
2155,78,3,335,6,1816,1,60
2156,78,3,336,7,1823,1,70
2157,78,3,337,8,1831,4,80
2158,78,3,338,8,1839,5,80
2159,78,3,339,9,1848,2,90
2160,78,3,340,5,1853,4,50
2161,78,3,341,9,1862,0,90
2162,78,3,342,4,1866,0,40
2163,78,3,343,3,1869,2,30
2164,78,3,344,9,1878,2,90
2165,78,3,345,5,1883,1,50
2166,78,3,346,4,1887,4,40
2167,78,3,347,9,1896,7,90
2168,78,3,348,5,1901,3,50
2169,78,3,349,4,1905,1,40
2170,78,3,350,8,1913,1,80
2171,78,3,351,6,1919,5,60
2172,78,3,352,8,1927,3,80
2173,78,3,353,8,1935,7,80
2174,78,3,354,7,1942,4,70
2175,78,3,355,3,1945,1,30
2176,78,3,356,2,1947,5,20
2177,78,3,357,4,1951,1,40
2178,78,3,358,8,1959,3,80
2179,78,3,359,8,1967,4,80
2180,78,3,360,4,1971,9,40
2181,78,3,361,5,1976,1,50
2182,78,3,362,8,1984,1,80
2183,78,3,363,3,1987,6,30
2184,78,3,364,4,1991,4,40
2185,78,3,365,3,1994,3,30
2186,78,3,366,3,1997,3,30
2187,78,3,367,5,2002,4,50
2188,78,3,368,2,2004,1,20
2189,78,3,369,9,2013,2,90
2190,78,3,370,4,2017,2,40
2191,78,3,371,7,2024,5,70
2192,78,3,372,5,2029,1,50
2193,78,3,373,6,2035,5,60
2194,78,3,374,8,2043,6,80
2195,78,3,375,3,2046,4,30
2196,78,3,376,5,2051,4,50
2197,78,3,377,3,2054,2,30
2198,78,3,378,6,2060,1,60
2199,78,3,379,3,2063,1,30
2200,78,3,380,9,2072,1,90
2201,78,3,381,3,2075,2,30
2202,78,3,382,3,2078,4,30
2203,78,3,383,4,2082,1,40
2204,78,3,384,5,2087,3,50
2205,78,3,385,6,2093,1,60
2206,78,3,386,4,2097,1,40
2207,78,3,387,5,2102,5,50
2208,78,3,388,9,2111,1,90
2209,78,3,389,4,2115,1,40
2210,78,3,390,2,2117,1,20
2211,78,3,391,2,2119,1,20
2212,78,3,392,4,2123,4,40
2213,78,3,393,9,2132,2,90
2214,78,3,394,9,2141,1,90
2215,78,3,395,7,2148,5,70
2216,78,3,396,8,2156,1,80
2217,78,3,397,8,2164,0,80
2218,78,3,398,4,2168,1,40
2219,78,3,399,2,2170,5,20
2220,78,3,400,9,2179,8,90
2221,78,3,401,4,2183,2,40
2222,78,3,402,3,2186,1,30
2223,78,3,403,8,2194,5,80
2224,78,3,404,3,2197,5,30
2225,78,3,405,6,2203,3,60
2226,78,3,406,5,2208,1,50
2227,78,3,407,7,2215,5,70
2228,78,3,408,8,2223,1,80
2229,78,3,409,6,2229,0,60
2230,78,3,410,8,2237,4,80
2231,78,3,411,4,2241,1,40
2232,78,3,412,9,2250,4,90
2233,78,3,413,9,2259,1,90
2234,78,3,414,9,2268,1,90
2235,78,3,415,5,2273,15,50
2236,78,3,416,9,2282,4,90
2237,78,3,417,6,2288,4,60
2238,78,3,418,7,2295,1,70
2239,78,3,419,3,2298,6,30
2240,78,3,420,4,2302,4,40
2241,78,3,421,9,2311,4,90
2242,78,3,422,7,2318,6,70
2243,78,3,423,8,2326,7,80
2244,78,3,424,7,2333,3,70
2245,78,3,425,2,2335,1,20
2246,78,3,426,6,2341,2,60
2247,78,3,427,7,2348,2,70
2248,78,3,428,7,2355,2,70
2249,78,3,429,8,2363,5,80
2250,78,3,430,8,2371,5,80
2251,78,3,431,3,2374,4,30
2252,78,3,432,2,2376,1,20
2253,78,3,433,9,2385,6,90
2254,78,3,434,9,2394,3,90
2255,78,3,435,8,2402,6,80
2256,78,3,436,2,2404,1,20
2257,78,3,437,3,2407,1,30
2258,78,3,438,9,2416,1,90
2259,78,3,439,4,2420,3,40
2260,78,3,440,8,2428,3,80
2261,78,3,441,9,2437,4,90
2262,78,3,442,2,2439,6,20
2263,78,3,443,5,2444,6,50
2264,78,3,444,5,2449,6,50
2265,78,3,445,8,2457,6,80
2266,78,3,446,2,2459,2,20
2267,78,3,447,6,2465,4,60
2268,78,3,448,3,2468,2,30
2269,78,3,449,8,2476,1,80
2270,78,3,450,7,2483,5,70
2271,78,3,451,6,2489,3,60
2272,78,3,452,9,2498,5,90
2273,78,3,453,6,2504,4,60
2274,78,3,454,3,2507,5,30
2275,78,3,455,7,2514,5,70
2276,78,3,456,7,2521,1,70
2277,78,3,457,9,2530,3,90
2278,78,3,458,6,2536,5,60
2279,78,3,459,3,2539,6,30
2280,78,3,460,2,2541,7,20
2281,78,3,461,7,2548,1,70
2282,78,3,462,8,2556,3,80
2283,78,3,463,2,2558,3,20
2284,78,3,464,4,2562,5,40
2285,78,3,465,6,2568,4,60
2286,78,3,466,6,2574,5,60
2287,78,3,467,8,2582,1,80
2288,78,3,468,6,2588,1,60
2289,78,3,469,2,2590,3,20
2290,78,3,470,6,2596,3,60
2291,78,3,471,8,2604,1,80
2292,78,3,472,7,2611,4,70
2293,78,3,473,8,2619,1,80
2294,78,3,474,6,2625,1,60
2295,78,3,475,3,2628,2,30
2296,78,3,476,8,2636,4,80
2297,78,3,477,9,2645,4,90
2298,78,3,478,8,2653,4,80
2299,78,3,479,4,2657,3,40
2300,78,3,480,6,2663,8,60
2301,78,3,481,6,2669,7,60
2302,78,3,482,5,2674,4,50
2303,78,3,483,8,2682,1,80
2304,78,3,484,5,2687,3,50
2305,78,3,485,3,2690,0,30
2306,78,3,486,9,2699,1,90
2307,78,3,487,2,2701,4,20
2308,78,3,488,2,2703,8,20
2309,78,3,489,9,2712,1,90
2310,78,3,490,5,2717,1,50
2311,78,3,491,6,2723,4,60
2312,78,3,492,3,2726,2,30
2313,78,3,493,7,2733,3,70
2314,78,3,494,5,2738,2,50
2315,78,3,495,3,2741,2,30
2316,78,3,496,3,2744,1,30
2317,78,3,497,3,2747,4,30
2318,78,3,498,5,2752,1,50
2319,78,3,499,8,2760,2,80
2320,78,3,500,3,2763,5,30
2321,78,3,501,3,2766,2,30
2322,78,3,502,2,2768,1,20
2323,78,3,503,4,2772,4,40
2324,78,3,504,9,2781,4,90
2325,78,3,505,8,2789,1,80
2326,78,3,506,3,2792,2,30
2327,78,3,507,4,2796,4,40
2328,78,3,508,3,2799,3,30
2329,78,3,509,3,2802,0,30
2330,78,3,510,6,2808,5,60
2331,78,3,511,8,2816,1,80
2332,78,3,512,9,2825,1,90
2333,78,3,513,7,2832,2,70
2334,78,3,514,2,2834,2,20
2335,78,3,515,3,2837,1,30
2336,78,3,516,3,2840,0,30
2337,78,3,517,6,2846,1,60
2338,78,3,518,8,2854,2,80
2339,78,3,519,2,2856,3,20
2340,78,3,520,6,2862,1,60
2341,78,3,521,2,2864,6,20
2342,78,3,522,6,2870,4,60
2343,78,3,523,5,2875,3,50
2344,78,3,524,3,2878,1,30
2345,78,3,525,9,2887,4,90
2346,78,3,526,7,2894,1,70
2347,78,3,527,5,2899,5,50
2348,78,3,528,4,2903,5,40
2349,78,3,529,8,2911,4,80
2350,78,3,530,8,2919,1,80
2351,78,3,531,9,2928,1,90
2352,78,3,532,2,2930,4,20
2353,78,3,533,4,2934,0,40
2354,78,3,534,5,2939,1,50
2355,78,3,535,8,2947,4,80
2356,78,3,536,8,2955,1,80
2357,78,3,537,3,2958,5,30
2358,78,3,538,3,2961,1,30
2359,78,3,539,9,2970,1,90
2360,78,3,540,6,2976,8,60
2361,78,3,541,6,2982,4,60
2362,78,3,542,6,2988,3,60
2363,78,3,543,2,2990,3,20
2364,78,3,544,5,2995,2,50
2365,78,3,545,9,3004,1,90
2366,78,3,546,2,3006,5,20
2367,78,3,547,4,3010,1,40
2368,78,3,548,5,3015,1,50
2369,78,3,549,6,3021,4,60
2370,78,3,550,3,3024,8,30
2371,78,3,551,7,3031,2,70
2372,78,3,552,3,3034,1,30
2373,78,3,553,5,3039,2,50
2374,78,3,554,4,3043,4,40
2375,78,3,555,5,3048,5,50
2376,78,3,556,9,3057,1,90
2377,78,3,557,6,3063,4,60
2378,78,3,558,3,3066,1,30
2379,78,3,559,2,3068,1,20
2380,78,3,560,5,3073,3,50
2381,78,3,561,6,3079,2,60
2382,78,3,562,9,3088,1,90
2383,78,3,563,6,3094,2,60
2384,78,3,564,4,3098,4,40
2385,78,3,565,4,3102,3,40
2386,78,3,566,8,3110,4,80
2387,78,3,567,6,3116,3,60
2388,78,3,568,4,3120,1,40
2389,78,3,569,4,3124,3,40
2390,78,3,570,3,3127,4,30
2391,78,3,571,6,3133,1,60
2392,78,3,572,3,3136,0,30
2393,78,3,573,4,3140,1,40
2394,78,3,574,7,3147,5,70
2395,78,3,575,7,3154,1,70
2396,78,3,576,2,3156,1,20
2397,78,3,577,5,3161,6,50
2398,78,3,578,6,3167,1,60
2399,78,3,579,8,3175,1,80
2400,78,3,580,9,3184,3,90
2401,78,3,581,3,3187,1,30
2402,78,3,582,8,3195,1,80
2403,78,3,583,5,3200,1,50
2404,78,3,584,3,3203,5,30
2405,78,3,585,3,3206,3,30
2406,78,3,586,2,3208,1,20
2407,78,3,587,2,3210,1,20
2408,78,3,588,2,3212,2,20
2409,78,3,589,3,3215,0,30
2410,78,3,590,6,3221,1,60
2411,78,3,591,7,3228,6,70
2412,78,3,592,5,3233,1,50
2413,78,3,593,6,3239,4,60
2414,78,3,594,8,3247,1,80
2415,78,3,595,9,3256,3,90
2416,78,3,596,4,3260,2,40
2417,78,3,597,2,3262,1,20
2418,78,3,598,9,3271,6,90
2419,78,3,599,2,3273,2,20
2420,78,3,600,2,3275,1,20
2421,78,3,601,5,3280,3,50
2422,78,3,602,2,3282,0,20
2423,78,3,603,6,3288,2,60
2424,78,3,604,6,3294,4,60
2425,78,3,605,2,3296,5,20
2426,78,3,606,4,3300,1,40
2427,78,3,607,7,3307,0,70
2428,78,3,608,2,3309,1,20
2429,78,3,609,6,3315,5,60
2430,78,3,610,7,3322,1,70
2431,78,3,611,6,3328,3,60
2432,78,3,612,3,3331,5,30
2433,78,3,613,2,3333,3,20
2434,78,3,614,6,3339,1,60
2435,78,3,615,2,3341,2,20
2436,78,3,616,6,3347,3,60
2437,78,3,617,5,3352,1,50
2438,78,3,618,4,3356,2,40
2439,78,3,619,6,3362,0,60
2440,78,3,620,9,3371,1,90
2441,78,3,621,8,3379,2,80
2442,78,3,622,9,3388,4,90
2443,78,3,623,4,3392,4,40
2444,78,3,624,4,3396,4,40
2445,78,3,625,9,3405,4,90
2446,78,3,626,4,3409,2,40
2447,78,3,627,5,3414,0,50
2448,78,3,628,2,3416,1,20
2449,78,3,629,3,3419,1,30
2450,78,3,630,5,3424,3,50
2451,78,3,631,7,3431,4,70
2452,78,3,632,3,3434,1,30
2453,78,3,633,4,3438,0,40
2454,78,3,634,6,3444,1,60
2455,78,3,635,7,3451,5,70
2456,78,3,636,6,3457,3,60
2457,78,3,637,7,3464,2,70
2458,78,3,638,8,3472,1,80
2459,78,3,639,3,3475,1,30
2460,78,3,640,2,3477,1,20
2461,78,3,641,5,3482,2,50
2462,78,3,642,9,3491,0,90
2463,78,3,643,5,3496,1,50
2464,78,3,644,5,3501,1,50
2465,78,3,645,3,3504,1,30
2466,78,3,646,6,3510,5,60
2467,78,3,647,3,3513,2,30
2468,78,3,648,8,3521,1,80
2469,78,3,649,9,3530,5,90
2470,78,3,650,5,3535,1,50
2471,78,3,651,7,3542,1,70
2472,78,3,652,5,3547,1,50
2473,78,3,653,4,3551,2,40
2474,78,3,654,3,3554,3,30
2475,78,3,655,5,3559,3,50
2476,78,3,656,5,3564,7,50
2477,78,3,657,5,3569,4,50
2478,78,3,658,9,3578,1,90
2479,78,3,659,3,3581,2,30
2480,78,3,660,2,3583,1,20
2481,78,3,661,6,3589,1,60
2482,78,3,662,8,3597,3,80
2483,78,3,663,7,3604,7,70
2484,78,3,664,7,3611,1,70
2485,78,3,665,9,3620,6,90
2486,78,3,666,2,3622,1,20
2487,78,3,667,3,3625,1,30
2488,78,3,668,8,3633,2,80
2489,78,3,669,9,3642,5,90
2490,78,3,670,4,3646,4,40
2491,78,3,671,7,3653,4,70
2492,78,3,672,7,3660,5,70
2493,78,3,673,9,3669,1,90
2494,78,3,674,6,3675,7,60
2495,78,3,675,3,3678,8,30
2496,78,3,676,8,3686,4,80
2497,78,3,677,9,3695,4,90
2498,78,3,678,3,3698,2,30
2499,78,3,679,5,3703,4,50
2500,78,3,680,6,3709,4,60
2501,78,3,681,4,3713,1,40
2502,78,3,682,4,3717,3,40
2503,78,3,683,8,3725,5,80
2504,78,3,684,8,3733,2,80
2505,78,3,685,8,3741,0,80
2506,78,3,686,5,3746,1,50
2507,78,3,687,9,3755,4,90
2508,78,3,688,2,3757,1,20
2509,78,3,689,2,3759,3,20
2510,78,3,690,9,3768,1,90
2511,78,3,691,9,3777,1,90
2512,78,3,692,2,3779,4,20
2513,78,3,693,7,3786,1,70
2514,78,3,694,2,3788,4,20
2515,78,3,695,4,3792,1,40
2516,78,3,696,3,3795,1,30
2517,78,3,697,4,3799,1,40
2518,78,3,698,3,3802,4,30
2519,78,3,699,8,3810,1,80
2520,78,3,700,6,3816,1,60
2521,78,3,701,7,3823,5,70
2522,78,3,702,9,3832,1,90
2523,78,3,703,6,3838,9,60
2524,78,3,704,7,3845,1,70
2525,78,3,705,2,3847,4,20
2526,78,3,706,3,3850,5,30
2527,78,3,707,5,3855,1,50
2528,78,3,708,4,3859,6,40
2529,78,3,709,5,3864,2,50
2530,78,3,710,5,3869,7,50
2531,78,3,711,5,3874,3,50
2532,78,3,712,6,3880,1,60
2533,78,3,713,4,3884,3,40
2534,78,3,714,5,3889,3,50
2535,78,3,715,7,3896,3,70
2536,78,3,716,6,3902,3,60
2537,78,3,717,8,3910,1,80
2538,78,3,718,8,3918,4,80
2539,78,3,719,2,3920,1,20
2540,78,3,720,6,3926,1,60
2541,78,3,721,4,3930,3,40
2542,78,3,722,5,3935,3,50
2543,78,3,723,8,3943,1,80
2544,78,3,724,7,3950,7,70
2545,78,3,725,7,3957,1,70
2546,78,3,726,6,3963,4,60
2547,78,3,727,2,3965,2,20
2548,78,3,728,4,3969,3,40
2549,78,3,729,6,3975,2,60
2550,78,3,730,2,3977,6,20
2551,78,3,731,4,3981,2,40
2552,78,3,732,6,3987,2,60
2553,78,3,733,9,3996,1,90
2554,78,3,734,2,3998,4,20
2555,78,3,735,6,4004,6,60
2556,78,3,736,3,4007,4,30
2557,78,3,737,2,4009,1,20
2558,78,3,738,8,4017,4,80
2559,78,3,739,3,4020,3,30
2560,78,3,740,4,4024,1,40
2561,78,3,741,8,4032,0,80
2562,78,3,742,3,4035,1,30
2563,78,3,743,2,4037,3,20
2564,78,3,744,4,4041,4,40
2565,78,3,745,5,4046,1,50
2566,78,3,746,8,4054,5,80
2567,78,3,747,9,4063,2,90
2568,78,3,748,8,4071,2,80
2569,78,3,749,2,4073,2,20
2570,78,3,750,5,4078,1,50
2571,78,3,751,4,4082,3,40
2572,78,3,752,3,4085,2,30
2573,78,3,753,8,4093,7,80
2574,78,3,754,9,4102,4,90
2575,78,3,755,3,4105,1,30
2576,78,3,756,7,4112,5,70
2577,78,3,757,6,4118,1,60
2578,78,3,758,4,4122,3,40
2579,78,3,759,5,4127,2,50
2580,78,3,760,3,4130,1,30
2581,78,3,761,9,4139,5,90
2582,78,3,762,2,4141,2,20
2583,78,3,763,4,4145,1,40
2584,78,3,764,2,4147,3,20
2585,78,3,765,7,4154,1,70
2586,78,3,766,5,4159,2,50
2587,78,3,767,2,4161,2,20
2588,78,3,768,3,4164,3,30
2589,78,3,769,8,4172,3,80
2590,78,3,770,4,4176,0,40
2591,78,3,771,2,4178,3,20
2592,78,3,772,4,4182,1,40
2593,78,3,773,4,4186,1,40
2594,78,3,774,3,4189,1,30
2595,78,3,775,6,4195,3,60
2596,78,3,776,4,4199,0,40
2597,78,3,777,5,4204,0,50
2598,78,3,778,9,4213,4,90
2599,78,3,779,2,4215,0,20
2600,78,3,780,4,4219,5,40
2601,78,3,781,6,4225,1,60
2602,78,3,782,4,4229,1,40
2603,78,3,783,8,4237,1,80
2604,78,3,784,4,4241,3,40
2605,78,3,785,6,4247,4,60
2606,78,3,786,9,4256,2,90
2607,78,3,787,2,4258,1,20
2608,78,3,788,9,4267,1,90
2609,78,3,789,3,4270,1,30
2610,78,3,790,5,4275,3,50
2611,78,3,791,4,4279,8,40
2612,78,3,792,4,4283,3,40
2613,78,3,793,6,4289,5,60
2614,78,3,794,8,4297,1,80
2615,78,3,795,2,4299,1,20
2616,78,3,796,6,4305,1,60
2617,78,3,797,8,4313,1,80
2618,78,3,798,3,4316,3,30
2619,78,3,799,2,4318,1,20
2620,78,3,800,6,4324,1,60
2621,78,3,801,7,4331,1,70
2622,78,3,802,4,4335,3,40
2623,78,3,803,8,4343,3,80
2624,78,3,804,6,4349,4,60
2625,78,3,805,4,4353,1,40
2626,78,3,806,8,4361,1,80
2627,78,3,807,6,4367,1,60
2628,78,3,808,4,4371,2,40
2629,78,3,809,7,4378,1,70
2630,78,3,810,9,4387,4,90
2631,78,3,811,9,4396,4,90
2632,78,3,812,6,4402,1,60
2633,78,3,813,5,4407,2,50
2634,78,3,814,9,4416,1,90
2635,78,3,815,5,4421,1,50
2636,78,3,816,3,4424,1,30
2637,78,3,817,9,4433,1,90
2638,78,3,818,3,4436,1,30
2639,78,3,819,8,4444,1,80
2640,78,3,820,5,4449,1,50
2641,78,3,821,4,4453,2,40
2642,78,3,822,6,4459,6,60
2643,78,3,823,2,4461,1,20
2644,78,3,824,7,4468,2,70
2645,78,3,825,8,4476,6,80
2646,78,3,826,3,4479,2,30
2647,78,3,827,8,4487,3,80
2648,78,3,828,5,4492,1,50
2649,78,3,829,8,4500,5,80
2650,78,3,830,8,4508,1,80
2651,78,3,831,7,4515,6,70
2652,78,3,832,3,4518,1,30
2653,78,3,833,5,4523,6,50
2654,78,3,834,3,4526,1,30
2655,78,3,835,9,4535,1,90
2656,78,3,836,5,4540,6,50
2657,78,3,837,3,4543,1,30
2658,78,3,838,8,4551,1,80
2659,78,3,839,3,4554,4,30
2660,78,3,840,6,4560,4,60
2661,78,3,841,7,4567,1,70
2662,78,3,842,2,4569,3,20
2663,78,3,843,7,4576,5,70
2664,78,3,844,3,4579,1,30
2665,78,3,845,6,4585,1,60
2666,78,3,846,4,4589,1,40
2667,78,3,847,4,4593,6,40
2668,78,3,848,5,4598,4,50
2669,78,3,849,8,4606,3,80
2670,78,3,850,4,4610,4,40
2671,78,3,851,6,4616,1,60
2672,78,3,852,2,4618,1,20
2673,78,3,853,8,4626,3,80
2674,78,3,854,8,4634,9,80
2675,78,3,855,2,4636,5,20
2676,78,3,856,2,4638,1,20
2677,78,3,857,8,4646,2,80
2678,78,3,858,6,4652,3,60
2679,78,3,859,2,4654,1,20
2680,78,3,860,4,4658,4,40
2681,78,3,861,3,4661,3,30
2682,78,3,862,4,4665,1,40
2683,78,3,863,9,4674,1,90
2684,78,3,864,5,4679,1,50
2685,78,3,865,2,4681,4,20
2686,78,3,866,5,4686,1,50
2687,78,3,867,6,4692,4,60
2688,78,3,868,2,4694,3,20
2689,78,3,869,9,4703,1,90
2690,78,3,870,3,4706,1,30
2691,78,3,871,5,4711,5,50
2692,78,3,872,5,4716,7,50
2693,78,3,873,5,4721,5,50
2694,78,3,874,7,4728,1,70
2695,78,3,875,4,4732,3,40
2696,78,3,876,5,4737,2,50
2697,78,3,877,7,4744,1,70
2698,78,3,878,8,4752,8,80
2699,78,3,879,6,4758,2,60
2700,78,3,880,8,4766,3,80
2701,78,3,881,3,4769,3,30
2702,78,3,882,4,4773,2,40
2703,78,3,883,6,4779,2,60
2704,78,3,884,2,4781,1,20
2705,78,3,885,4,4785,2,40
2706,78,3,886,6,4791,3,60
2707,78,3,887,4,4795,1,40
2708,78,3,888,3,4798,1,30
2709,78,3,889,8,4806,1,80
2710,78,3,890,6,4812,4,60
2711,78,3,891,4,4816,1,40
2712,78,3,892,8,4824,6,80
2713,78,3,893,4,4828,1,40
2714,78,3,894,9,4837,0,90
2715,78,3,895,9,4846,1,90
2716,78,3,896,8,4854,5,80
2717,78,3,897,7,4861,3,70
2718,78,3,898,4,4865,4,40
2719,78,3,899,9,4874,3,90
2720,78,3,900,9,4883,4,90
2721,78,3,901,3,4886,1,30
2722,78,3,902,5,4891,5,50
2723,78,3,903,6,4897,2,60
2724,78,3,904,4,4901,1,40
2725,78,3,905,7,4908,1,70
2726,78,3,906,9,4917,4,90
2727,78,3,907,6,4923,3,60
2728,78,3,908,8,4931,9,80
2729,78,3,909,8,4939,2,80
2730,78,3,910,5,4944,5,50
2731,78,3,911,9,4953,12,90
2732,78,3,912,2,4955,1,20
2733,78,3,913,3,4958,1,30
2734,78,3,914,3,4961,1,30
2735,78,3,915,7,4968,1,70
2736,78,3,916,2,4970,3,20
2737,78,3,917,4,4974,1,40
2738,78,3,918,9,4983,3,90
2739,78,3,919,7,4990,1,70
2740,78,3,920,9,4999,1,90
