,Scenario,Trial,Inspection,Interval,Time,Defects,Rate
0,68,1,1,9,9,2,90
1,68,1,2,9,18,2,90
2,68,1,3,4,22,3,40
3,68,1,4,7,29,1,70
4,68,1,5,6,35,5,60
5,68,1,6,2,37,1,20
6,68,1,7,2,39,1,20
7,68,1,8,2,41,1,20
8,68,1,9,6,47,2,60
9,68,1,10,6,53,1,60
10,68,1,11,6,59,7,60
11,68,1,12,7,66,1,70
12,68,1,13,6,72,4,60
13,68,1,14,2,74,1,20
14,68,1,15,3,77,5,30
15,68,1,16,5,82,1,50
16,68,1,17,7,89,4,70
17,68,1,18,5,94,3,50
18,68,1,19,5,99,2,50
19,68,1,20,5,104,1,50
20,68,1,21,5,109,1,50
21,68,1,22,5,114,1,50
22,68,1,23,6,120,4,60
23,68,1,24,7,127,6,70
24,68,1,25,8,135,6,80
25,68,1,26,9,144,5,90
26,68,1,27,5,149,6,50
27,68,1,28,5,154,1,50
28,68,1,29,3,157,1,30
29,68,1,30,7,164,1,70
30,68,1,31,9,173,3,90
31,68,1,32,8,181,3,80
32,68,1,33,6,187,6,60
33,68,1,34,7,194,3,70
34,68,1,35,8,202,1,80
35,68,1,36,9,211,1,90
36,68,1,37,6,217,1,60
37,68,1,38,6,223,8,60
38,68,1,39,4,227,1,40
39,68,1,40,3,230,9,30
40,68,1,41,9,239,1,90
41,68,1,42,8,247,3,80
42,68,1,43,7,254,1,70
43,68,1,44,8,262,3,80
44,68,1,45,3,265,8,30
45,68,1,46,6,271,1,60
46,68,1,47,7,278,3,70
47,68,1,48,9,287,5,90
48,68,1,49,2,289,4,20
49,68,1,50,4,293,1,40
50,68,1,51,3,296,0,30
51,68,1,52,5,301,2,50
52,68,1,53,4,305,1,40
53,68,1,54,2,307,1,20
54,68,1,55,9,316,2,90
55,68,1,56,2,318,3,20
56,68,1,57,7,325,2,70
57,68,1,58,7,332,6,70
58,68,1,59,7,339,3,70
59,68,1,60,7,346,1,70
60,68,1,61,6,352,1,60
61,68,1,62,4,356,1,40
62,68,1,63,8,364,1,80
63,68,1,64,7,371,1,70
64,68,1,65,6,377,4,60
65,68,1,66,4,381,3,40
66,68,1,67,5,386,2,50
67,68,1,68,4,390,3,40
68,68,1,69,2,392,1,20
69,68,1,70,8,400,3,80
70,68,1,71,6,406,1,60
71,68,1,72,7,413,4,70
72,68,1,73,2,415,1,20
73,68,1,74,3,418,2,30
74,68,1,75,2,420,1,20
75,68,1,76,4,424,1,40
76,68,1,77,5,429,4,50
77,68,1,78,2,431,0,20
78,68,1,79,3,434,1,30
79,68,1,80,9,443,3,90
80,68,1,81,4,447,1,40
81,68,1,82,5,452,3,50
82,68,1,83,8,460,1,80
83,68,1,84,7,467,4,70
84,68,1,85,6,473,5,60
85,68,1,86,2,475,2,20
86,68,1,87,8,483,2,80
87,68,1,88,7,490,3,70
88,68,1,89,6,496,4,60
89,68,1,90,6,502,4,60
90,68,1,91,7,509,4,70
91,68,1,92,5,514,2,50
92,68,1,93,4,518,1,40
93,68,1,94,5,523,4,50
94,68,1,95,7,530,5,70
95,68,1,96,3,533,1,30
96,68,1,97,5,538,4,50
97,68,1,98,7,545,4,70
98,68,1,99,6,551,3,60
99,68,1,100,7,558,4,70
100,68,1,101,2,560,3,20
101,68,1,102,7,567,1,70
102,68,1,103,7,574,5,70
103,68,1,104,7,581,4,70
104,68,1,105,4,585,0,40
105,68,1,106,9,594,5,90
106,68,1,107,6,600,3,60
107,68,1,108,2,602,1,20
108,68,1,109,7,609,4,70
109,68,1,110,6,615,5,60
110,68,1,111,6,621,2,60
111,68,1,112,5,626,3,50
112,68,1,113,7,633,1,70
113,68,1,114,8,641,1,80
114,68,1,115,3,644,2,30
115,68,1,116,8,652,3,80
116,68,1,117,2,654,3,20
117,68,1,118,7,661,3,70
118,68,1,119,3,664,1,30
119,68,1,120,3,667,2,30
120,68,1,121,9,676,1,90
121,68,1,122,5,681,6,50
122,68,1,123,4,685,3,40
123,68,1,124,9,694,4,90
124,68,1,125,7,701,1,70
125,68,1,126,7,708,0,70
126,68,1,127,5,713,5,50
127,68,1,128,7,720,3,70
128,68,1,129,9,729,3,90
129,68,1,130,7,736,1,70
130,68,1,131,2,738,3,20
131,68,1,132,8,746,3,80
132,68,1,133,3,749,1,30
133,68,1,134,5,754,5,50
134,68,1,135,6,760,1,60
135,68,1,136,3,763,8,30
136,68,1,137,5,768,1,50
137,68,1,138,5,773,6,50
138,68,1,139,3,776,1,30
139,68,1,140,3,779,1,30
140,68,1,141,9,788,4,90
141,68,1,142,2,790,1,20
142,68,1,143,9,799,1,90
143,68,1,144,3,802,1,30
144,68,1,145,3,805,4,30
145,68,1,146,2,807,1,20
146,68,1,147,3,810,2,30
147,68,1,148,4,814,1,40
148,68,1,149,3,817,1,30
149,68,1,150,4,821,0,40
150,68,1,151,3,824,3,30
151,68,1,152,5,829,5,50
152,68,1,153,6,835,1,60
153,68,1,154,4,839,4,40
154,68,1,155,9,848,3,90
155,68,1,156,9,857,1,90
156,68,1,157,9,866,5,90
157,68,1,158,4,870,2,40
158,68,1,159,4,874,2,40
159,68,1,160,9,883,4,90
160,68,1,161,3,886,4,30
161,68,1,162,2,888,1,20
162,68,1,163,4,892,1,40
163,68,1,164,7,899,1,70
164,68,1,165,3,902,1,30
165,68,1,166,7,909,1,70
166,68,1,167,4,913,4,40
167,68,1,168,5,918,4,50
168,68,1,169,8,926,5,80
169,68,1,170,4,930,3,40
170,68,1,171,8,938,7,80
171,68,1,172,6,944,1,60
172,68,1,173,7,951,2,70
173,68,1,174,7,958,4,70
174,68,1,175,5,963,2,50
175,68,1,176,8,971,1,80
176,68,1,177,6,977,2,60
177,68,1,178,7,984,5,70
178,68,1,179,8,992,4,80
179,68,1,180,2,994,4,20
180,68,1,181,2,996,3,20
181,68,1,182,8,1004,2,80
182,68,1,183,6,1010,1,60
183,68,1,184,2,1012,2,20
184,68,1,185,5,1017,1,50
185,68,1,186,4,1021,5,40
186,68,1,187,9,1030,1,90
187,68,1,188,5,1035,8,50
188,68,1,189,2,1037,5,20
189,68,1,190,2,1039,2,20
190,68,1,191,5,1044,5,50
191,68,1,192,7,1051,6,70
192,68,1,193,5,1056,3,50
193,68,1,194,7,1063,1,70
194,68,1,195,4,1067,3,40
195,68,1,196,8,1075,1,80
196,68,1,197,4,1079,2,40
197,68,1,198,8,1087,2,80
198,68,1,199,9,1096,5,90
199,68,1,200,7,1103,3,70
200,68,1,201,7,1110,3,70
201,68,1,202,8,1118,2,80
202,68,1,203,9,1127,4,90
203,68,1,204,8,1135,7,80
204,68,1,205,5,1140,4,50
205,68,1,206,8,1148,1,80
206,68,1,207,9,1157,1,90
207,68,1,208,3,1160,1,30
208,68,1,209,5,1165,1,50
209,68,1,210,7,1172,7,70
210,68,1,211,4,1176,10,40
211,68,1,212,3,1179,1,30
212,68,1,213,2,1181,4,20
213,68,1,214,6,1187,3,60
214,68,1,215,8,1195,4,80
215,68,1,216,9,1204,1,90
216,68,1,217,4,1208,2,40
217,68,1,218,2,1210,1,20
218,68,1,219,2,1212,0,20
219,68,1,220,7,1219,1,70
220,68,1,221,9,1228,5,90
221,68,1,222,7,1235,1,70
222,68,1,223,5,1240,4,50
223,68,1,224,5,1245,1,50
224,68,1,225,5,1250,4,50
225,68,1,226,2,1252,4,20
226,68,1,227,2,1254,1,20
227,68,1,228,9,1263,6,90
228,68,1,229,9,1272,6,90
229,68,1,230,9,1281,1,90
230,68,1,231,3,1284,2,30
231,68,1,232,4,1288,4,40
232,68,1,233,7,1295,4,70
233,68,1,234,9,1304,4,90
234,68,1,235,6,1310,3,60
235,68,1,236,6,1316,5,60
236,68,1,237,5,1321,1,50
237,68,1,238,4,1325,4,40
238,68,1,239,4,1329,1,40
239,68,1,240,2,1331,0,20
240,68,1,241,6,1337,4,60
241,68,1,242,6,1343,1,60
242,68,1,243,6,1349,5,60
243,68,1,244,4,1353,1,40
244,68,1,245,2,1355,5,20
245,68,1,246,6,1361,5,60
246,68,1,247,7,1368,2,70
247,68,1,248,8,1376,6,80
248,68,1,249,2,1378,1,20
249,68,1,250,7,1385,1,70
250,68,1,251,5,1390,4,50
251,68,1,252,2,1392,1,20
252,68,1,253,2,1394,2,20
253,68,1,254,8,1402,2,80
254,68,1,255,9,1411,1,90
255,68,1,256,9,1420,6,90
256,68,1,257,4,1424,5,40
257,68,1,258,9,1433,5,90
258,68,1,259,5,1438,0,50
259,68,1,260,2,1440,3,20
260,68,1,261,9,1449,5,90
261,68,1,262,9,1458,6,90
262,68,1,263,9,1467,1,90
263,68,1,264,7,1474,7,70
264,68,1,265,4,1478,1,40
265,68,1,266,9,1487,3,90
266,68,1,267,5,1492,1,50
267,68,1,268,5,1497,3,50
268,68,1,269,3,1500,0,30
269,68,1,270,5,1505,1,50
270,68,1,271,5,1510,3,50
271,68,1,272,7,1517,3,70
272,68,1,273,8,1525,3,80
273,68,1,274,8,1533,3,80
274,68,1,275,6,1539,2,60
275,68,1,276,9,1548,1,90
276,68,1,277,6,1554,9,60
277,68,1,278,5,1559,1,50
278,68,1,279,3,1562,1,30
279,68,1,280,9,1571,10,90
280,68,1,281,8,1579,2,80
281,68,1,282,5,1584,4,50
282,68,1,283,3,1587,1,30
283,68,1,284,4,1591,4,40
284,68,1,285,8,1599,4,80
285,68,1,286,9,1608,4,90
286,68,1,287,7,1615,1,70
287,68,1,288,5,1620,1,50
288,68,1,289,3,1623,1,30
289,68,1,290,7,1630,5,70
290,68,1,291,8,1638,7,80
291,68,1,292,2,1640,0,20
292,68,1,293,9,1649,2,90
293,68,1,294,2,1651,1,20
294,68,1,295,7,1658,3,70
295,68,1,296,3,1661,0,30
296,68,1,297,3,1664,3,30
297,68,1,298,3,1667,2,30
298,68,1,299,4,1671,1,40
299,68,1,300,9,1680,4,90
300,68,1,301,9,1689,3,90
301,68,1,302,9,1698,1,90
302,68,1,303,4,1702,2,40
303,68,1,304,2,1704,5,20
304,68,1,305,3,1707,1,30
305,68,1,306,5,1712,3,50
306,68,1,307,5,1717,1,50
307,68,1,308,9,1726,2,90
308,68,1,309,4,1730,4,40
309,68,1,310,9,1739,1,90
310,68,1,311,2,1741,2,20
311,68,1,312,4,1745,2,40
312,68,1,313,8,1753,5,80
313,68,1,314,2,1755,2,20
314,68,1,315,2,1757,3,20
315,68,1,316,6,1763,5,60
316,68,1,317,7,1770,2,70
317,68,1,318,2,1772,2,20
318,68,1,319,3,1775,0,30
319,68,1,320,7,1782,2,70
320,68,1,321,3,1785,2,30
321,68,1,322,5,1790,4,50
322,68,1,323,5,1795,1,50
323,68,1,324,4,1799,1,40
324,68,1,325,6,1805,5,60
325,68,1,326,5,1810,4,50
326,68,1,327,8,1818,5,80
327,68,1,328,7,1825,1,70
328,68,1,329,9,1834,1,90
329,68,1,330,4,1838,1,40
330,68,1,331,8,1846,1,80
331,68,1,332,9,1855,9,90
332,68,1,333,2,1857,5,20
333,68,1,334,7,1864,4,70
334,68,1,335,2,1866,1,20
335,68,1,336,4,1870,1,40
336,68,1,337,2,1872,1,20
337,68,1,338,7,1879,1,70
338,68,1,339,3,1882,3,30
339,68,1,340,8,1890,3,80
340,68,1,341,7,1897,1,70
341,68,1,342,3,1900,2,30
342,68,1,343,8,1908,1,80
343,68,1,344,3,1911,6,30
344,68,1,345,8,1919,4,80
345,68,1,346,5,1924,1,50
346,68,1,347,5,1929,4,50
347,68,1,348,2,1931,1,20
348,68,1,349,8,1939,6,80
349,68,1,350,3,1942,3,30
350,68,1,351,5,1947,1,50
351,68,1,352,5,1952,1,50
352,68,1,353,4,1956,3,40
353,68,1,354,3,1959,2,30
354,68,1,355,8,1967,2,80
355,68,1,356,4,1971,1,40
356,68,1,357,6,1977,8,60
357,68,1,358,2,1979,1,20
358,68,1,359,6,1985,1,60
359,68,1,360,7,1992,4,70
360,68,1,361,6,1998,1,60
361,68,1,362,4,2002,3,40
362,68,1,363,9,2011,1,90
363,68,1,364,6,2017,5,60
364,68,1,365,4,2021,1,40
365,68,1,366,6,2027,5,60
366,68,1,367,2,2029,1,20
367,68,1,368,6,2035,1,60
368,68,1,369,6,2041,0,60
369,68,1,370,7,2048,2,70
370,68,1,371,9,2057,4,90
371,68,1,372,8,2065,4,80
372,68,1,373,5,2070,1,50
373,68,1,374,6,2076,3,60
374,68,1,375,4,2080,1,40
375,68,1,376,6,2086,1,60
376,68,1,377,3,2089,1,30
377,68,1,378,2,2091,9,20
378,68,1,379,4,2095,3,40
379,68,1,380,6,2101,3,60
380,68,1,381,2,2103,2,20
381,68,1,382,9,2112,1,90
382,68,1,383,6,2118,1,60
383,68,1,384,8,2126,1,80
384,68,1,385,7,2133,8,70
385,68,1,386,7,2140,3,70
386,68,1,387,4,2144,5,40
387,68,1,388,6,2150,5,60
388,68,1,389,2,2152,0,20
389,68,1,390,9,2161,5,90
390,68,1,391,4,2165,4,40
391,68,1,392,7,2172,3,70
392,68,1,393,7,2179,0,70
393,68,1,394,3,2182,1,30
394,68,1,395,9,2191,2,90
395,68,1,396,9,2200,3,90
396,68,1,397,5,2205,1,50
397,68,1,398,2,2207,1,20
398,68,1,399,5,2212,1,50
399,68,1,400,5,2217,3,50
400,68,1,401,3,2220,1,30
401,68,1,402,9,2229,3,90
402,68,1,403,2,2231,2,20
403,68,1,404,2,2233,1,20
404,68,1,405,4,2237,2,40
405,68,1,406,9,2246,3,90
406,68,1,407,9,2255,8,90
407,68,1,408,8,2263,3,80
408,68,1,409,7,2270,3,70
409,68,1,410,6,2276,1,60
410,68,1,411,6,2282,7,60
411,68,1,412,2,2284,1,20
412,68,1,413,4,2288,1,40
413,68,1,414,6,2294,1,60
414,68,1,415,7,2301,4,70
415,68,1,416,6,2307,3,60
416,68,1,417,4,2311,3,40
417,68,1,418,3,2314,2,30
418,68,1,419,6,2320,1,60
419,68,1,420,7,2327,5,70
420,68,1,421,7,2334,4,70
421,68,1,422,8,2342,3,80
422,68,1,423,3,2345,5,30
423,68,1,424,5,2350,3,50
424,68,1,425,8,2358,3,80
425,68,1,426,2,2360,7,20
426,68,1,427,7,2367,0,70
427,68,1,428,9,2376,1,90
428,68,1,429,4,2380,6,40
429,68,1,430,2,2382,2,20
430,68,1,431,4,2386,3,40
431,68,1,432,9,2395,5,90
432,68,1,433,8,2403,3,80
433,68,1,434,6,2409,3,60
434,68,1,435,9,2418,2,90
435,68,1,436,2,2420,1,20
436,68,1,437,5,2425,0,50
437,68,1,438,9,2434,1,90
438,68,1,439,2,2436,2,20
439,68,1,440,4,2440,2,40
440,68,1,441,4,2444,3,40
441,68,1,442,4,2448,2,40
442,68,1,443,2,2450,3,20
443,68,1,444,3,2453,0,30
444,68,1,445,8,2461,4,80
445,68,1,446,3,2464,1,30
446,68,1,447,3,2467,0,30
447,68,1,448,6,2473,1,60
448,68,1,449,7,2480,2,70
449,68,1,450,7,2487,1,70
450,68,1,451,4,2491,2,40
451,68,1,452,2,2493,2,20
452,68,1,453,9,2502,4,90
453,68,1,454,5,2507,1,50
454,68,1,455,8,2515,6,80
455,68,1,456,3,2518,1,30
456,68,1,457,8,2526,1,80
457,68,1,458,4,2530,1,40
458,68,1,459,9,2539,8,90
459,68,1,460,5,2544,3,50
460,68,1,461,8,2552,5,80
461,68,1,462,2,2554,2,20
462,68,1,463,9,2563,1,90
463,68,1,464,9,2572,1,90
464,68,1,465,5,2577,1,50
465,68,1,466,7,2584,6,70
466,68,1,467,9,2593,1,90
467,68,1,468,5,2598,7,50
468,68,1,469,7,2605,5,70
469,68,1,470,8,2613,9,80
470,68,1,471,9,2622,1,90
471,68,1,472,7,2629,8,70
472,68,1,473,6,2635,5,60
473,68,1,474,6,2641,3,60
474,68,1,475,7,2648,1,70
475,68,1,476,2,2650,4,20
476,68,1,477,9,2659,1,90
477,68,1,478,3,2662,1,30
478,68,1,479,5,2667,1,50
479,68,1,480,5,2672,3,50
480,68,1,481,4,2676,5,40
481,68,1,482,7,2683,6,70
482,68,1,483,5,2688,3,50
483,68,1,484,5,2693,5,50
484,68,1,485,5,2698,0,50
485,68,1,486,7,2705,2,70
486,68,1,487,6,2711,4,60
487,68,1,488,3,2714,3,30
488,68,1,489,3,2717,2,30
489,68,1,490,4,2721,1,40
490,68,1,491,3,2724,2,30
491,68,1,492,3,2727,1,30
492,68,1,493,3,2730,0,30
493,68,1,494,6,2736,3,60
494,68,1,495,7,2743,4,70
495,68,1,496,9,2752,2,90
496,68,1,497,5,2757,5,50
497,68,1,498,7,2764,2,70
498,68,1,499,8,2772,2,80
499,68,1,500,8,2780,5,80
500,68,1,501,5,2785,1,50
501,68,1,502,3,2788,4,30
502,68,1,503,8,2796,6,80
503,68,1,504,9,2805,1,90
504,68,1,505,8,2813,7,80
505,68,1,506,6,2819,1,60
506,68,1,507,9,2828,5,90
507,68,1,508,7,2835,3,70
508,68,1,509,5,2840,2,50
509,68,1,510,8,2848,5,80
510,68,1,511,8,2856,5,80
511,68,1,512,4,2860,2,40
512,68,1,513,9,2869,1,90
513,68,1,514,5,2874,3,50
514,68,1,515,3,2877,3,30
515,68,1,516,8,2885,1,80
516,68,1,517,9,2894,3,90
517,68,1,518,4,2898,6,40
518,68,1,519,7,2905,5,70
519,68,1,520,8,2913,2,80
520,68,1,521,4,2917,1,40
521,68,1,522,6,2923,3,60
522,68,1,523,2,2925,1,20
523,68,1,524,5,2930,2,50
524,68,1,525,5,2935,4,50
525,68,1,526,4,2939,2,40
526,68,1,527,2,2941,1,20
527,68,1,528,5,2946,2,50
528,68,1,529,7,2953,3,70
529,68,1,530,6,2959,1,60
530,68,1,531,9,2968,4,90
531,68,1,532,6,2974,1,60
532,68,1,533,7,2981,7,70
533,68,1,534,3,2984,2,30
534,68,1,535,8,2992,1,80
535,68,1,536,8,3000,7,80
536,68,1,537,8,3008,7,80
537,68,1,538,3,3011,2,30
538,68,1,539,4,3015,4,40
539,68,1,540,5,3020,1,50
540,68,1,541,8,3028,1,80
541,68,1,542,8,3036,1,80
542,68,1,543,2,3038,10,20
543,68,1,544,5,3043,2,50
544,68,1,545,2,3045,2,20
545,68,1,546,3,3048,1,30
546,68,1,547,3,3051,0,30
547,68,1,548,5,3056,2,50
548,68,1,549,6,3062,1,60
549,68,1,550,8,3070,1,80
550,68,1,551,6,3076,1,60
551,68,1,552,7,3083,4,70
552,68,1,553,4,3087,4,40
553,68,1,554,5,3092,3,50
554,68,1,555,6,3098,2,60
555,68,1,556,9,3107,1,90
556,68,1,557,4,3111,3,40
557,68,1,558,5,3116,1,50
558,68,1,559,6,3122,5,60
559,68,1,560,8,3130,4,80
560,68,1,561,6,3136,4,60
561,68,1,562,5,3141,1,50
562,68,1,563,2,3143,0,20
563,68,1,564,9,3152,2,90
564,68,1,565,8,3160,1,80
565,68,1,566,7,3167,1,70
566,68,1,567,7,3174,3,70
567,68,1,568,6,3180,1,60
568,68,1,569,6,3186,8,60
569,68,1,570,6,3192,4,60
570,68,1,571,8,3200,1,80
571,68,1,572,3,3203,1,30
572,68,1,573,5,3208,1,50
573,68,1,574,9,3217,2,90
574,68,1,575,3,3220,2,30
575,68,1,576,9,3229,3,90
576,68,1,577,3,3232,1,30
577,68,1,578,5,3237,6,50
578,68,1,579,5,3242,1,50
579,68,1,580,8,3250,1,80
580,68,1,581,4,3254,9,40
581,68,1,582,6,3260,7,60
582,68,1,583,4,3264,2,40
583,68,1,584,6,3270,1,60
584,68,1,585,6,3276,3,60
585,68,1,586,7,3283,4,70
586,68,1,587,8,3291,5,80
587,68,1,588,3,3294,4,30
588,68,1,589,2,3296,1,20
589,68,1,590,8,3304,2,80
590,68,1,591,4,3308,3,40
591,68,1,592,9,3317,5,90
592,68,1,593,6,3323,2,60
593,68,1,594,7,3330,3,70
594,68,1,595,3,3333,4,30
595,68,1,596,5,3338,3,50
596,68,1,597,9,3347,6,90
597,68,1,598,3,3350,1,30
598,68,1,599,3,3353,3,30
599,68,1,600,7,3360,4,70
600,68,1,601,4,3364,2,40
601,68,1,602,2,3366,2,20
602,68,1,603,4,3370,3,40
603,68,1,604,8,3378,3,80
604,68,1,605,3,3381,1,30
605,68,1,606,2,3383,1,20
606,68,1,607,9,3392,3,90
607,68,1,608,2,3394,1,20
608,68,1,609,6,3400,0,60
609,68,1,610,4,3404,3,40
610,68,1,611,6,3410,4,60
611,68,1,612,5,3415,2,50
612,68,1,613,5,3420,3,50
613,68,1,614,2,3422,1,20
614,68,1,615,3,3425,4,30
615,68,1,616,3,3428,1,30
616,68,1,617,4,3432,1,40
617,68,1,618,8,3440,1,80
618,68,1,619,2,3442,2,20
619,68,1,620,8,3450,1,80
620,68,1,621,4,3454,0,40
621,68,1,622,7,3461,10,70
622,68,1,623,2,3463,3,20
623,68,1,624,4,3467,3,40
624,68,1,625,3,3470,1,30
625,68,1,626,9,3479,2,90
626,68,1,627,7,3486,3,70
627,68,1,628,7,3493,1,70
628,68,1,629,6,3499,1,60
629,68,1,630,2,3501,1,20
630,68,1,631,6,3507,5,60
631,68,1,632,7,3514,10,70
632,68,1,633,5,3519,5,50
633,68,1,634,9,3528,5,90
634,68,1,635,4,3532,2,40
635,68,1,636,9,3541,2,90
636,68,1,637,5,3546,1,50
637,68,1,638,3,3549,1,30
638,68,1,639,5,3554,1,50
639,68,1,640,3,3557,7,30
640,68,1,641,3,3560,5,30
641,68,1,642,2,3562,4,20
642,68,1,643,3,3565,3,30
643,68,1,644,4,3569,1,40
644,68,1,645,8,3577,5,80
645,68,1,646,9,3586,3,90
646,68,1,647,5,3591,3,50
647,68,1,648,6,3597,1,60
648,68,1,649,5,3602,2,50
649,68,1,650,7,3609,2,70
650,68,1,651,6,3615,6,60
651,68,1,652,4,3619,1,40
652,68,1,653,8,3627,4,80
653,68,1,654,9,3636,4,90
654,68,1,655,8,3644,6,80
655,68,1,656,7,3651,0,70
656,68,1,657,7,3658,1,70
657,68,1,658,8,3666,7,80
658,68,1,659,3,3669,4,30
659,68,1,660,3,3672,1,30
660,68,1,661,2,3674,4,20
661,68,1,662,3,3677,1,30
662,68,1,663,9,3686,7,90
663,68,1,664,2,3688,3,20
664,68,1,665,4,3692,1,40
665,68,1,666,3,3695,3,30
666,68,1,667,3,3698,0,30
667,68,1,668,7,3705,1,70
668,68,1,669,5,3710,4,50
669,68,1,670,3,3713,1,30
670,68,1,671,2,3715,2,20
671,68,1,672,5,3720,1,50
672,68,1,673,9,3729,2,90
673,68,1,674,2,3731,1,20
674,68,1,675,4,3735,1,40
675,68,1,676,7,3742,3,70
676,68,1,677,9,3751,5,90
677,68,1,678,4,3755,2,40
678,68,1,679,4,3759,4,40
679,68,1,680,6,3765,1,60
680,68,1,681,5,3770,1,50
681,68,1,682,9,3779,6,90
682,68,1,683,6,3785,5,60
683,68,1,684,6,3791,4,60
684,68,1,685,7,3798,4,70
685,68,1,686,2,3800,2,20
686,68,1,687,2,3802,1,20
687,68,1,688,4,3806,3,40
688,68,1,689,4,3810,1,40
689,68,1,690,8,3818,4,80
690,68,1,691,5,3823,1,50
691,68,1,692,7,3830,4,70
692,68,1,693,9,3839,1,90
693,68,1,694,4,3843,2,40
694,68,1,695,3,3846,1,30
695,68,1,696,4,3850,1,40
696,68,1,697,3,3853,3,30
697,68,1,698,2,3855,1,20
698,68,1,699,6,3861,1,60
699,68,1,700,5,3866,1,50
700,68,1,701,3,3869,2,30
701,68,1,702,4,3873,2,40
702,68,1,703,3,3876,0,30
703,68,1,704,9,3885,5,90
704,68,1,705,5,3890,2,50
705,68,1,706,8,3898,1,80
706,68,1,707,4,3902,2,40
707,68,1,708,9,3911,3,90
708,68,1,709,9,3920,0,90
709,68,1,710,3,3923,6,30
710,68,1,711,7,3930,4,70
711,68,1,712,2,3932,1,20
712,68,1,713,7,3939,1,70
713,68,1,714,6,3945,1,60
714,68,1,715,8,3953,4,80
715,68,1,716,5,3958,1,50
716,68,1,717,7,3965,4,70
717,68,1,718,2,3967,2,20
718,68,1,719,5,3972,5,50
719,68,1,720,3,3975,2,30
720,68,1,721,8,3983,1,80
721,68,1,722,4,3987,3,40
722,68,1,723,8,3995,1,80
723,68,1,724,5,4000,6,50
724,68,1,725,3,4003,4,30
725,68,1,726,4,4007,0,40
726,68,1,727,7,4014,3,70
727,68,1,728,8,4022,4,80
728,68,1,729,7,4029,3,70
729,68,1,730,6,4035,5,60
730,68,1,731,7,4042,3,70
731,68,1,732,2,4044,3,20
732,68,1,733,4,4048,4,40
733,68,1,734,8,4056,7,80
734,68,1,735,9,4065,1,90
735,68,1,736,3,4068,3,30
736,68,1,737,2,4070,2,20
737,68,1,738,2,4072,2,20
738,68,1,739,6,4078,2,60
739,68,1,740,5,4083,4,50
740,68,1,741,5,4088,0,50
741,68,1,742,6,4094,4,60
742,68,1,743,4,4098,4,40
743,68,1,744,8,4106,1,80
744,68,1,745,6,4112,6,60
745,68,1,746,3,4115,9,30
746,68,1,747,3,4118,1,30
747,68,1,748,7,4125,3,70
748,68,1,749,5,4130,2,50
749,68,1,750,7,4137,6,70
750,68,1,751,3,4140,0,30
751,68,1,752,6,4146,1,60
752,68,1,753,9,4155,2,90
753,68,1,754,2,4157,1,20
754,68,1,755,9,4166,2,90
755,68,1,756,7,4173,2,70
756,68,1,757,3,4176,1,30
757,68,1,758,7,4183,6,70
758,68,1,759,8,4191,0,80
759,68,1,760,2,4193,1,20
760,68,1,761,7,4200,6,70
761,68,1,762,5,4205,3,50
762,68,1,763,5,4210,3,50
763,68,1,764,5,4215,3,50
764,68,1,765,9,4224,1,90
765,68,1,766,4,4228,0,40
766,68,1,767,7,4235,1,70
767,68,1,768,4,4239,5,40
768,68,1,769,8,4247,9,80
769,68,1,770,8,4255,6,80
770,68,1,771,6,4261,1,60
771,68,1,772,9,4270,6,90
772,68,1,773,5,4275,1,50
773,68,1,774,7,4282,1,70
774,68,1,775,6,4288,2,60
775,68,1,776,6,4294,1,60
776,68,1,777,9,4303,5,90
777,68,1,778,3,4306,5,30
778,68,1,779,3,4309,3,30
779,68,1,780,3,4312,1,30
780,68,1,781,9,4321,4,90
781,68,1,782,4,4325,1,40
782,68,1,783,4,4329,1,40
783,68,1,784,6,4335,2,60
784,68,1,785,4,4339,2,40
785,68,1,786,2,4341,2,20
786,68,1,787,4,4345,2,40
787,68,1,788,3,4348,1,30
788,68,1,789,2,4350,0,20
789,68,1,790,9,4359,1,90
790,68,1,791,9,4368,6,90
791,68,1,792,3,4371,0,30
792,68,1,793,5,4376,1,50
793,68,1,794,7,4383,1,70
794,68,1,795,7,4390,4,70
795,68,1,796,4,4394,3,40
796,68,1,797,5,4399,2,50
797,68,1,798,5,4404,1,50
798,68,1,799,9,4413,1,90
799,68,1,800,4,4417,6,40
800,68,1,801,2,4419,4,20
801,68,1,802,5,4424,6,50
802,68,1,803,2,4426,0,20
803,68,1,804,9,4435,8,90
804,68,1,805,2,4437,5,20
805,68,1,806,2,4439,1,20
806,68,1,807,4,4443,1,40
807,68,1,808,9,4452,5,90
808,68,1,809,2,4454,2,20
809,68,1,810,3,4457,0,30
810,68,1,811,4,4461,1,40
811,68,1,812,4,4465,7,40
812,68,1,813,5,4470,1,50
813,68,1,814,6,4476,4,60
814,68,1,815,3,4479,4,30
815,68,1,816,9,4488,1,90
816,68,1,817,4,4492,5,40
817,68,1,818,5,4497,1,50
818,68,1,819,5,4502,4,50
819,68,1,820,3,4505,6,30
820,68,1,821,3,4508,1,30
821,68,1,822,4,4512,8,40
822,68,1,823,4,4516,2,40
823,68,1,824,3,4519,0,30
824,68,1,825,4,4523,2,40
825,68,1,826,3,4526,1,30
826,68,1,827,7,4533,5,70
827,68,1,828,3,4536,1,30
828,68,1,829,6,4542,4,60
829,68,1,830,5,4547,4,50
830,68,1,831,4,4551,1,40
831,68,1,832,5,4556,4,50
832,68,1,833,4,4560,0,40
833,68,1,834,7,4567,0,70
834,68,1,835,8,4575,1,80
835,68,1,836,9,4584,1,90
836,68,1,837,4,4588,6,40
837,68,1,838,2,4590,2,20
838,68,1,839,7,4597,2,70
839,68,1,840,6,4603,1,60
840,68,1,841,9,4612,9,90
841,68,1,842,3,4615,4,30
842,68,1,843,8,4623,7,80
843,68,1,844,7,4630,4,70
844,68,1,845,8,4638,3,80
845,68,1,846,8,4646,2,80
846,68,1,847,9,4655,7,90
847,68,1,848,8,4663,3,80
848,68,1,849,3,4666,1,30
849,68,1,850,6,4672,1,60
850,68,1,851,7,4679,8,70
851,68,1,852,6,4685,5,60
852,68,1,853,8,4693,6,80
853,68,1,854,3,4696,1,30
854,68,1,855,5,4701,3,50
855,68,1,856,6,4707,1,60
856,68,1,857,6,4713,1,60
857,68,1,858,9,4722,7,90
858,68,1,859,8,4730,1,80
859,68,1,860,7,4737,4,70
860,68,1,861,9,4746,4,90
861,68,1,862,6,4752,6,60
862,68,1,863,5,4757,2,50
863,68,1,864,8,4765,5,80
864,68,1,865,9,4774,4,90
865,68,1,866,9,4783,1,90
866,68,1,867,6,4789,7,60
867,68,1,868,3,4792,2,30
868,68,1,869,9,4801,1,90
869,68,1,870,4,4805,4,40
870,68,1,871,9,4814,2,90
871,68,1,872,2,4816,3,20
872,68,1,873,4,4820,1,40
873,68,1,874,3,4823,0,30
874,68,1,875,4,4827,1,40
875,68,1,876,2,4829,1,20
876,68,1,877,9,4838,1,90
877,68,1,878,8,4846,7,80
878,68,1,879,2,4848,3,20
879,68,1,880,7,4855,4,70
880,68,1,881,2,4857,1,20
881,68,1,882,5,4862,1,50
882,68,1,883,8,4870,10,80
883,68,1,884,4,4874,1,40
884,68,1,885,6,4880,5,60
885,68,1,886,5,4885,2,50
886,68,1,887,8,4893,3,80
887,68,1,888,5,4898,3,50
888,68,1,889,5,4903,2,50
889,68,1,890,6,4909,4,60
890,68,1,891,9,4918,9,90
891,68,1,892,4,4922,2,40
892,68,1,893,6,4928,2,60
893,68,1,894,8,4936,1,80
894,68,1,895,7,4943,2,70
895,68,1,896,2,4945,5,20
896,68,1,897,7,4952,3,70
897,68,1,898,2,4954,2,20
898,68,1,899,7,4961,2,70
899,68,1,900,3,4964,1,30
900,68,1,901,4,4968,2,40
901,68,1,902,2,4970,1,20
902,68,1,903,6,4976,3,60
903,68,1,904,2,4978,0,20
904,68,1,905,7,4985,3,70
905,68,1,906,5,4990,1,50
906,68,1,907,5,4995,6,50
907,68,1,908,4,4999,4,40
908,68,2,1,2,2,1,20
909,68,2,2,5,7,2,50
910,68,2,3,8,15,4,80
911,68,2,4,9,24,5,90
912,68,2,5,7,31,3,70
913,68,2,6,4,35,4,40
914,68,2,7,5,40,1,50
915,68,2,8,8,48,5,80
916,68,2,9,9,57,3,90
917,68,2,10,6,63,5,60
918,68,2,11,3,66,0,30
919,68,2,12,5,71,1,50
920,68,2,13,9,80,3,90
921,68,2,14,3,83,1,30
922,68,2,15,7,90,3,70
923,68,2,16,7,97,6,70
924,68,2,17,4,101,2,40
925,68,2,18,5,106,0,50
926,68,2,19,6,112,3,60
927,68,2,20,3,115,1,30
928,68,2,21,3,118,1,30
929,68,2,22,2,120,0,20
930,68,2,23,5,125,1,50
931,68,2,24,8,133,5,80
932,68,2,25,7,140,1,70
933,68,2,26,5,145,1,50
934,68,2,27,2,147,0,20
935,68,2,28,3,150,2,30
936,68,2,29,2,152,2,20
937,68,2,30,2,154,1,20
938,68,2,31,3,157,1,30
939,68,2,32,4,161,1,40
940,68,2,33,8,169,1,80
941,68,2,34,7,176,4,70
942,68,2,35,4,180,1,40
943,68,2,36,9,189,2,90
944,68,2,37,7,196,5,70
945,68,2,38,7,203,1,70
946,68,2,39,8,211,8,80
947,68,2,40,9,220,5,90
948,68,2,41,2,222,2,20
949,68,2,42,2,224,1,20
950,68,2,43,3,227,4,30
951,68,2,44,7,234,2,70
952,68,2,45,8,242,2,80
953,68,2,46,7,249,4,70
954,68,2,47,3,252,5,30
955,68,2,48,6,258,1,60
956,68,2,49,3,261,1,30
957,68,2,50,6,267,1,60
958,68,2,51,5,272,6,50
959,68,2,52,6,278,4,60
960,68,2,53,6,284,1,60
961,68,2,54,3,287,3,30
962,68,2,55,6,293,1,60
963,68,2,56,9,302,1,90
964,68,2,57,9,311,5,90
965,68,2,58,3,314,5,30
966,68,2,59,6,320,2,60
967,68,2,60,2,322,1,20
968,68,2,61,9,331,5,90
969,68,2,62,2,333,5,20
970,68,2,63,2,335,0,20
971,68,2,64,6,341,2,60
972,68,2,65,6,347,1,60
973,68,2,66,8,355,4,80
974,68,2,67,2,357,3,20
975,68,2,68,8,365,1,80
976,68,2,69,6,371,6,60
977,68,2,70,8,379,9,80
978,68,2,71,8,387,4,80
979,68,2,72,6,393,4,60
980,68,2,73,8,401,5,80
981,68,2,74,2,403,1,20
982,68,2,75,3,406,1,30
983,68,2,76,5,411,1,50
984,68,2,77,4,415,1,40
985,68,2,78,7,422,3,70
986,68,2,79,8,430,1,80
987,68,2,80,6,436,4,60
988,68,2,81,3,439,1,30
989,68,2,82,7,446,1,70
990,68,2,83,4,450,6,40
991,68,2,84,8,458,4,80
992,68,2,85,2,460,3,20
993,68,2,86,3,463,3,30
994,68,2,87,3,466,1,30
995,68,2,88,7,473,1,70
996,68,2,89,2,475,2,20
997,68,2,90,6,481,3,60
998,68,2,91,7,488,5,70
999,68,2,92,9,497,2,90
1000,68,2,93,8,505,2,80
1001,68,2,94,5,510,3,50
1002,68,2,95,4,514,5,40
1003,68,2,96,4,518,3,40
1004,68,2,97,8,526,4,80
1005,68,2,98,4,530,2,40
1006,68,2,99,8,538,3,80
1007,68,2,100,5,543,2,50
1008,68,2,101,2,545,2,20
1009,68,2,102,5,550,1,50
1010,68,2,103,6,556,1,60
1011,68,2,104,6,562,10,60
1012,68,2,105,3,565,4,30
1013,68,2,106,9,574,4,90
1014,68,2,107,8,582,3,80
1015,68,2,108,2,584,2,20
1016,68,2,109,3,587,1,30
1017,68,2,110,3,590,1,30
1018,68,2,111,7,597,2,70
1019,68,2,112,9,606,1,90
1020,68,2,113,6,612,1,60
1021,68,2,114,7,619,10,70
1022,68,2,115,4,623,1,40
1023,68,2,116,5,628,6,50
1024,68,2,117,9,637,4,90
1025,68,2,118,4,641,1,40
1026,68,2,119,8,649,7,80
1027,68,2,120,3,652,4,30
1028,68,2,121,3,655,1,30
1029,68,2,122,5,660,1,50
1030,68,2,123,6,666,4,60
1031,68,2,124,7,673,1,70
1032,68,2,125,9,682,3,90
1033,68,2,126,6,688,1,60
1034,68,2,127,3,691,3,30
1035,68,2,128,4,695,1,40
1036,68,2,129,5,700,1,50
1037,68,2,130,2,702,1,20
1038,68,2,131,2,704,8,20
1039,68,2,132,6,710,2,60
1040,68,2,133,9,719,4,90
1041,68,2,134,2,721,2,20
1042,68,2,135,8,729,5,80
1043,68,2,136,5,734,2,50
1044,68,2,137,6,740,2,60
1045,68,2,138,6,746,1,60
1046,68,2,139,8,754,2,80
1047,68,2,140,6,760,1,60
1048,68,2,141,7,767,6,70
1049,68,2,142,7,774,3,70
1050,68,2,143,3,777,4,30
1051,68,2,144,8,785,3,80
1052,68,2,145,8,793,11,80
1053,68,2,146,4,797,4,40
1054,68,2,147,7,804,2,70
1055,68,2,148,3,807,2,30
1056,68,2,149,2,809,0,20
1057,68,2,150,2,811,0,20
1058,68,2,151,6,817,1,60
1059,68,2,152,7,824,2,70
1060,68,2,153,6,830,1,60
1061,68,2,154,4,834,1,40
1062,68,2,155,4,838,3,40
1063,68,2,156,3,841,6,30
1064,68,2,157,8,849,5,80
1065,68,2,158,7,856,3,70
1066,68,2,159,3,859,4,30
1067,68,2,160,5,864,4,50
1068,68,2,161,7,871,3,70
1069,68,2,162,7,878,1,70
1070,68,2,163,2,880,0,20
1071,68,2,164,7,887,3,70
1072,68,2,165,5,892,3,50
1073,68,2,166,3,895,2,30
1074,68,2,167,6,901,1,60
1075,68,2,168,6,907,1,60
1076,68,2,169,3,910,5,30
1077,68,2,170,4,914,2,40
1078,68,2,171,8,922,3,80
1079,68,2,172,9,931,2,90
1080,68,2,173,2,933,2,20
1081,68,2,174,3,936,1,30
1082,68,2,175,6,942,1,60
1083,68,2,176,4,946,2,40
1084,68,2,177,3,949,1,30
1085,68,2,178,4,953,1,40
1086,68,2,179,9,962,5,90
1087,68,2,180,6,968,1,60
1088,68,2,181,7,975,3,70
1089,68,2,182,9,984,3,90
1090,68,2,183,7,991,5,70
1091,68,2,184,7,998,4,70
1092,68,2,185,4,1002,0,40
1093,68,2,186,6,1008,4,60
1094,68,2,187,7,1015,1,70
1095,68,2,188,7,1022,3,70
1096,68,2,189,6,1028,1,60
1097,68,2,190,3,1031,7,30
1098,68,2,191,2,1033,1,20
1099,68,2,192,9,1042,1,90
1100,68,2,193,9,1051,6,90
1101,68,2,194,8,1059,4,80
1102,68,2,195,5,1064,5,50
1103,68,2,196,8,1072,1,80
1104,68,2,197,9,1081,7,90
1105,68,2,198,6,1087,8,60
1106,68,2,199,3,1090,1,30
1107,68,2,200,6,1096,4,60
1108,68,2,201,9,1105,0,90
1109,68,2,202,7,1112,3,70
1110,68,2,203,4,1116,5,40
1111,68,2,204,7,1123,3,70
1112,68,2,205,4,1127,2,40
1113,68,2,206,6,1133,2,60
1114,68,2,207,7,1140,1,70
1115,68,2,208,2,1142,3,20
1116,68,2,209,4,1146,5,40
1117,68,2,210,6,1152,4,60
1118,68,2,211,2,1154,5,20
1119,68,2,212,7,1161,1,70
1120,68,2,213,2,1163,6,20
1121,68,2,214,4,1167,1,40
1122,68,2,215,5,1172,1,50
1123,68,2,216,3,1175,2,30
1124,68,2,217,4,1179,3,40
1125,68,2,218,8,1187,3,80
1126,68,2,219,8,1195,1,80
1127,68,2,220,3,1198,4,30
1128,68,2,221,7,1205,6,70
1129,68,2,222,2,1207,0,20
1130,68,2,223,5,1212,5,50
1131,68,2,224,4,1216,3,40
1132,68,2,225,4,1220,1,40
1133,68,2,226,5,1225,3,50
1134,68,2,227,4,1229,3,40
1135,68,2,228,8,1237,2,80
1136,68,2,229,5,1242,4,50
1137,68,2,230,8,1250,5,80
1138,68,2,231,7,1257,1,70
1139,68,2,232,3,1260,3,30
1140,68,2,233,9,1269,4,90
1141,68,2,234,7,1276,2,70
1142,68,2,235,9,1285,4,90
1143,68,2,236,2,1287,0,20
1144,68,2,237,3,1290,1,30
1145,68,2,238,8,1298,2,80
1146,68,2,239,5,1303,2,50
1147,68,2,240,2,1305,1,20
1148,68,2,241,7,1312,1,70
1149,68,2,242,2,1314,3,20
1150,68,2,243,5,1319,5,50
1151,68,2,244,7,1326,4,70
1152,68,2,245,2,1328,0,20
1153,68,2,246,9,1337,1,90
1154,68,2,247,9,1346,8,90
1155,68,2,248,2,1348,2,20
1156,68,2,249,8,1356,8,80
1157,68,2,250,8,1364,2,80
1158,68,2,251,6,1370,3,60
1159,68,2,252,6,1376,1,60
1160,68,2,253,2,1378,1,20
1161,68,2,254,2,1380,1,20
1162,68,2,255,3,1383,1,30
1163,68,2,256,7,1390,1,70
1164,68,2,257,5,1395,1,50
1165,68,2,258,6,1401,1,60
1166,68,2,259,8,1409,1,80
1167,68,2,260,8,1417,3,80
1168,68,2,261,5,1422,1,50
1169,68,2,262,3,1425,1,30
1170,68,2,263,9,1434,1,90
1171,68,2,264,4,1438,2,40
1172,68,2,265,8,1446,1,80
1173,68,2,266,8,1454,5,80
1174,68,2,267,8,1462,1,80
1175,68,2,268,6,1468,3,60
1176,68,2,269,4,1472,1,40
1177,68,2,270,6,1478,2,60
1178,68,2,271,2,1480,1,20
1179,68,2,272,8,1488,5,80
1180,68,2,273,7,1495,1,70
1181,68,2,274,2,1497,1,20
1182,68,2,275,9,1506,5,90
1183,68,2,276,2,1508,1,20
1184,68,2,277,2,1510,3,20
1185,68,2,278,2,1512,1,20
1186,68,2,279,8,1520,3,80
1187,68,2,280,6,1526,3,60
1188,68,2,281,4,1530,1,40
1189,68,2,282,2,1532,1,20
1190,68,2,283,5,1537,1,50
1191,68,2,284,9,1546,6,90
1192,68,2,285,3,1549,1,30
1193,68,2,286,8,1557,5,80
1194,68,2,287,4,1561,2,40
1195,68,2,288,4,1565,0,40
1196,68,2,289,8,1573,1,80
1197,68,2,290,3,1576,1,30
1198,68,2,291,7,1583,3,70
1199,68,2,292,7,1590,1,70
1200,68,2,293,2,1592,4,20
1201,68,2,294,8,1600,1,80
1202,68,2,295,5,1605,5,50
1203,68,2,296,8,1613,5,80
1204,68,2,297,2,1615,2,20
1205,68,2,298,7,1622,4,70
1206,68,2,299,8,1630,3,80
1207,68,2,300,8,1638,4,80
1208,68,2,301,7,1645,2,70
1209,68,2,302,4,1649,3,40
1210,68,2,303,6,1655,3,60
1211,68,2,304,7,1662,3,70
1212,68,2,305,5,1667,1,50
1213,68,2,306,7,1674,3,70
1214,68,2,307,5,1679,1,50
1215,68,2,308,7,1686,1,70
1216,68,2,309,7,1693,5,70
1217,68,2,310,8,1701,1,80
1218,68,2,311,8,1709,6,80
1219,68,2,312,7,1716,3,70
1220,68,2,313,5,1721,5,50
1221,68,2,314,6,1727,2,60
1222,68,2,315,4,1731,3,40
1223,68,2,316,7,1738,7,70
1224,68,2,317,5,1743,4,50
1225,68,2,318,3,1746,1,30
1226,68,2,319,7,1753,3,70
1227,68,2,320,4,1757,3,40
1228,68,2,321,3,1760,1,30
1229,68,2,322,2,1762,3,20
1230,68,2,323,7,1769,1,70
1231,68,2,324,2,1771,0,20
1232,68,2,325,5,1776,1,50
1233,68,2,326,9,1785,4,90
1234,68,2,327,4,1789,1,40
1235,68,2,328,8,1797,3,80
1236,68,2,329,7,1804,1,70
1237,68,2,330,6,1810,7,60
1238,68,2,331,7,1817,4,70
1239,68,2,332,4,1821,3,40
1240,68,2,333,6,1827,1,60
1241,68,2,334,9,1836,2,90
1242,68,2,335,8,1844,4,80
1243,68,2,336,2,1846,1,20
1244,68,2,337,6,1852,4,60
1245,68,2,338,8,1860,2,80
1246,68,2,339,3,1863,1,30
1247,68,2,340,2,1865,2,20
1248,68,2,341,5,1870,0,50
1249,68,2,342,6,1876,3,60
1250,68,2,343,6,1882,3,60
1251,68,2,344,9,1891,1,90
1252,68,2,345,7,1898,1,70
1253,68,2,346,5,1903,6,50
1254,68,2,347,2,1905,2,20
1255,68,2,348,6,1911,3,60
1256,68,2,349,7,1918,3,70
1257,68,2,350,6,1924,1,60
1258,68,2,351,8,1932,1,80
1259,68,2,352,7,1939,5,70
1260,68,2,353,9,1948,4,90
1261,68,2,354,3,1951,2,30
1262,68,2,355,3,1954,1,30
1263,68,2,356,5,1959,0,50
1264,68,2,357,7,1966,1,70
1265,68,2,358,8,1974,4,80
1266,68,2,359,3,1977,1,30
1267,68,2,360,7,1984,1,70
1268,68,2,361,4,1988,3,40
1269,68,2,362,3,1991,1,30
1270,68,2,363,9,2000,3,90
1271,68,2,364,2,2002,4,20
1272,68,2,365,2,2004,0,20
1273,68,2,366,9,2013,3,90
1274,68,2,367,3,2016,2,30
1275,68,2,368,2,2018,1,20
1276,68,2,369,7,2025,3,70
1277,68,2,370,8,2033,3,80
1278,68,2,371,7,2040,1,70
1279,68,2,372,7,2047,5,70
1280,68,2,373,2,2049,3,20
1281,68,2,374,4,2053,1,40
1282,68,2,375,4,2057,5,40
1283,68,2,376,6,2063,4,60
1284,68,2,377,7,2070,4,70
1285,68,2,378,4,2074,2,40
1286,68,2,379,6,2080,2,60
1287,68,2,380,9,2089,5,90
1288,68,2,381,3,2092,1,30
1289,68,2,382,6,2098,4,60
1290,68,2,383,2,2100,8,20
1291,68,2,384,6,2106,1,60
1292,68,2,385,8,2114,4,80
1293,68,2,386,3,2117,2,30
1294,68,2,387,6,2123,1,60
1295,68,2,388,7,2130,4,70
1296,68,2,389,4,2134,1,40
1297,68,2,390,8,2142,1,80
1298,68,2,391,2,2144,2,20
1299,68,2,392,5,2149,1,50
1300,68,2,393,6,2155,1,60
1301,68,2,394,4,2159,2,40
1302,68,2,395,9,2168,1,90
1303,68,2,396,6,2174,1,60
1304,68,2,397,8,2182,5,80
1305,68,2,398,8,2190,1,80
1306,68,2,399,6,2196,8,60
1307,68,2,400,9,2205,6,90
1308,68,2,401,9,2214,3,90
1309,68,2,402,4,2218,4,40
1310,68,2,403,9,2227,3,90
1311,68,2,404,2,2229,4,20
1312,68,2,405,2,2231,3,20
1313,68,2,406,7,2238,1,70
1314,68,2,407,2,2240,3,20
1315,68,2,408,6,2246,1,60
1316,68,2,409,7,2253,8,70
1317,68,2,410,6,2259,2,60
1318,68,2,411,4,2263,3,40
1319,68,2,412,5,2268,1,50
1320,68,2,413,2,2270,2,20
1321,68,2,414,5,2275,3,50
1322,68,2,415,6,2281,2,60
1323,68,2,416,6,2287,4,60
1324,68,2,417,3,2290,0,30
1325,68,2,418,9,2299,2,90
1326,68,2,419,2,2301,1,20
1327,68,2,420,6,2307,1,60
1328,68,2,421,3,2310,2,30
1329,68,2,422,4,2314,3,40
1330,68,2,423,7,2321,2,70
1331,68,2,424,3,2324,3,30
1332,68,2,425,3,2327,1,30
1333,68,2,426,2,2329,1,20
1334,68,2,427,9,2338,3,90
1335,68,2,428,4,2342,3,40
1336,68,2,429,6,2348,1,60
1337,68,2,430,9,2357,6,90
1338,68,2,431,6,2363,1,60
1339,68,2,432,2,2365,6,20
1340,68,2,433,3,2368,3,30
1341,68,2,434,4,2372,1,40
1342,68,2,435,7,2379,2,70
1343,68,2,436,6,2385,4,60
1344,68,2,437,2,2387,0,20
1345,68,2,438,9,2396,4,90
1346,68,2,439,8,2404,3,80
1347,68,2,440,8,2412,4,80
1348,68,2,441,6,2418,7,60
1349,68,2,442,2,2420,4,20
1350,68,2,443,4,2424,1,40
1351,68,2,444,9,2433,7,90
1352,68,2,445,3,2436,3,30
1353,68,2,446,8,2444,3,80
1354,68,2,447,5,2449,3,50
1355,68,2,448,3,2452,0,30
1356,68,2,449,6,2458,7,60
1357,68,2,450,7,2465,4,70
1358,68,2,451,2,2467,3,20
1359,68,2,452,4,2471,3,40
1360,68,2,453,4,2475,2,40
1361,68,2,454,8,2483,3,80
1362,68,2,455,4,2487,3,40
1363,68,2,456,5,2492,1,50
1364,68,2,457,8,2500,2,80
1365,68,2,458,3,2503,2,30
1366,68,2,459,2,2505,2,20
1367,68,2,460,5,2510,1,50
1368,68,2,461,7,2517,0,70
1369,68,2,462,3,2520,2,30
1370,68,2,463,7,2527,5,70
1371,68,2,464,4,2531,4,40
1372,68,2,465,6,2537,3,60
1373,68,2,466,2,2539,1,20
1374,68,2,467,2,2541,1,20
1375,68,2,468,2,2543,1,20
1376,68,2,469,4,2547,2,40
1377,68,2,470,5,2552,1,50
1378,68,2,471,4,2556,1,40
1379,68,2,472,7,2563,0,70
1380,68,2,473,4,2567,4,40
1381,68,2,474,7,2574,2,70
1382,68,2,475,4,2578,2,40
1383,68,2,476,9,2587,4,90
1384,68,2,477,5,2592,1,50
1385,68,2,478,6,2598,5,60
1386,68,2,479,7,2605,1,70
1387,68,2,480,2,2607,4,20
1388,68,2,481,6,2613,4,60
1389,68,2,482,3,2616,4,30
1390,68,2,483,9,2625,5,90
1391,68,2,484,3,2628,1,30
1392,68,2,485,7,2635,6,70
1393,68,2,486,6,2641,1,60
1394,68,2,487,5,2646,3,50
1395,68,2,488,6,2652,8,60
1396,68,2,489,4,2656,2,40
1397,68,2,490,9,2665,2,90
1398,68,2,491,6,2671,4,60
1399,68,2,492,3,2674,3,30
1400,68,2,493,7,2681,2,70
1401,68,2,494,2,2683,1,20
1402,68,2,495,5,2688,3,50
1403,68,2,496,8,2696,3,80
1404,68,2,497,7,2703,4,70
1405,68,2,498,2,2705,1,20
1406,68,2,499,7,2712,2,70
1407,68,2,500,2,2714,0,20
1408,68,2,501,2,2716,1,20
1409,68,2,502,6,2722,2,60
1410,68,2,503,7,2729,1,70
1411,68,2,504,3,2732,0,30
1412,68,2,505,2,2734,0,20
1413,68,2,506,3,2737,1,30
1414,68,2,507,5,2742,1,50
1415,68,2,508,3,2745,5,30
1416,68,2,509,3,2748,2,30
1417,68,2,510,9,2757,2,90
1418,68,2,511,8,2765,4,80
1419,68,2,512,8,2773,1,80
1420,68,2,513,2,2775,3,20
1421,68,2,514,4,2779,2,40
1422,68,2,515,9,2788,8,90
1423,68,2,516,6,2794,1,60
1424,68,2,517,2,2796,1,20
1425,68,2,518,7,2803,2,70
1426,68,2,519,9,2812,1,90
1427,68,2,520,4,2816,4,40
1428,68,2,521,9,2825,1,90
1429,68,2,522,8,2833,8,80
1430,68,2,523,2,2835,4,20
1431,68,2,524,3,2838,2,30
1432,68,2,525,7,2845,3,70
1433,68,2,526,9,2854,5,90
1434,68,2,527,3,2857,1,30
1435,68,2,528,9,2866,1,90
1436,68,2,529,7,2873,1,70
1437,68,2,530,3,2876,8,30
1438,68,2,531,5,2881,3,50
1439,68,2,532,5,2886,4,50
1440,68,2,533,8,2894,4,80
1441,68,2,534,9,2903,3,90
1442,68,2,535,6,2909,4,60
1443,68,2,536,6,2915,2,60
1444,68,2,537,7,2922,0,70
1445,68,2,538,7,2929,1,70
1446,68,2,539,3,2932,6,30
1447,68,2,540,5,2937,3,50
1448,68,2,541,5,2942,1,50
1449,68,2,542,4,2946,1,40
1450,68,2,543,3,2949,1,30
1451,68,2,544,5,2954,3,50
1452,68,2,545,3,2957,1,30
1453,68,2,546,7,2964,5,70
1454,68,2,547,3,2967,1,30
1455,68,2,548,8,2975,2,80
1456,68,2,549,6,2981,4,60
1457,68,2,550,6,2987,2,60
1458,68,2,551,8,2995,1,80
1459,68,2,552,2,2997,1,20
1460,68,2,553,7,3004,2,70
1461,68,2,554,4,3008,5,40
1462,68,2,555,5,3013,4,50
1463,68,2,556,6,3019,4,60
1464,68,2,557,9,3028,1,90
1465,68,2,558,4,3032,4,40
1466,68,2,559,7,3039,4,70
1467,68,2,560,6,3045,2,60
1468,68,2,561,8,3053,3,80
1469,68,2,562,2,3055,3,20
1470,68,2,563,3,3058,1,30
1471,68,2,564,6,3064,1,60
1472,68,2,565,7,3071,2,70
1473,68,2,566,5,3076,1,50
1474,68,2,567,8,3084,1,80
1475,68,2,568,4,3088,2,40
1476,68,2,569,8,3096,1,80
1477,68,2,570,6,3102,1,60
1478,68,2,571,2,3104,0,20
1479,68,2,572,6,3110,2,60
1480,68,2,573,7,3117,2,70
1481,68,2,574,8,3125,3,80
1482,68,2,575,7,3132,5,70
1483,68,2,576,6,3138,2,60
1484,68,2,577,6,3144,1,60
1485,68,2,578,6,3150,1,60
1486,68,2,579,6,3156,4,60
1487,68,2,580,5,3161,1,50
1488,68,2,581,3,3164,7,30
1489,68,2,582,8,3172,4,80
1490,68,2,583,7,3179,4,70
1491,68,2,584,8,3187,2,80
1492,68,2,585,7,3194,2,70
1493,68,2,586,8,3202,6,80
1494,68,2,587,7,3209,2,70
1495,68,2,588,8,3217,0,80
1496,68,2,589,4,3221,6,40
1497,68,2,590,5,3226,3,50
1498,68,2,591,4,3230,3,40
1499,68,2,592,7,3237,1,70
1500,68,2,593,3,3240,3,30
1501,68,2,594,2,3242,3,20
1502,68,2,595,6,3248,2,60
1503,68,2,596,8,3256,1,80
1504,68,2,597,3,3259,2,30
1505,68,2,598,2,3261,0,20
1506,68,2,599,5,3266,3,50
1507,68,2,600,2,3268,0,20
1508,68,2,601,8,3276,1,80
1509,68,2,602,8,3284,2,80
1510,68,2,603,6,3290,3,60
1511,68,2,604,6,3296,1,60
1512,68,2,605,3,3299,1,30
1513,68,2,606,6,3305,4,60
1514,68,2,607,7,3312,4,70
1515,68,2,608,2,3314,2,20
1516,68,2,609,2,3316,1,20
1517,68,2,610,9,3325,0,90
1518,68,2,611,4,3329,3,40
1519,68,2,612,5,3334,0,50
1520,68,2,613,3,3337,1,30
1521,68,2,614,6,3343,1,60
1522,68,2,615,8,3351,4,80
1523,68,2,616,9,3360,2,90
1524,68,2,617,7,3367,6,70
1525,68,2,618,5,3372,3,50
1526,68,2,619,3,3375,3,30
1527,68,2,620,2,3377,1,20
1528,68,2,621,3,3380,1,30
1529,68,2,622,7,3387,3,70
1530,68,2,623,7,3394,2,70
1531,68,2,624,5,3399,1,50
1532,68,2,625,8,3407,7,80
1533,68,2,626,5,3412,2,50
1534,68,2,627,8,3420,4,80
1535,68,2,628,2,3422,0,20
1536,68,2,629,8,3430,1,80
1537,68,2,630,4,3434,6,40
1538,68,2,631,2,3436,1,20
1539,68,2,632,6,3442,1,60
1540,68,2,633,4,3446,5,40
1541,68,2,634,2,3448,2,20
1542,68,2,635,9,3457,1,90
1543,68,2,636,7,3464,7,70
1544,68,2,637,3,3467,4,30
1545,68,2,638,5,3472,1,50
1546,68,2,639,6,3478,5,60
1547,68,2,640,7,3485,4,70
1548,68,2,641,9,3494,1,90
1549,68,2,642,7,3501,3,70
1550,68,2,643,5,3506,4,50
1551,68,2,644,6,3512,2,60
1552,68,2,645,6,3518,4,60
1553,68,2,646,4,3522,2,40
1554,68,2,647,6,3528,3,60
1555,68,2,648,7,3535,4,70
1556,68,2,649,9,3544,4,90
1557,68,2,650,3,3547,4,30
1558,68,2,651,8,3555,1,80
1559,68,2,652,2,3557,4,20
1560,68,2,653,6,3563,1,60
1561,68,2,654,4,3567,2,40
1562,68,2,655,5,3572,1,50
1563,68,2,656,3,3575,2,30
1564,68,2,657,8,3583,4,80
1565,68,2,658,8,3591,1,80
1566,68,2,659,4,3595,2,40
1567,68,2,660,8,3603,1,80
1568,68,2,661,4,3607,1,40
1569,68,2,662,6,3613,1,60
1570,68,2,663,4,3617,1,40
1571,68,2,664,6,3623,6,60
1572,68,2,665,6,3629,8,60
1573,68,2,666,7,3636,4,70
1574,68,2,667,4,3640,4,40
1575,68,2,668,5,3645,1,50
1576,68,2,669,5,3650,4,50
1577,68,2,670,5,3655,1,50
1578,68,2,671,2,3657,1,20
1579,68,2,672,6,3663,3,60
1580,68,2,673,7,3670,5,70
1581,68,2,674,2,3672,3,20
1582,68,2,675,3,3675,2,30
1583,68,2,676,6,3681,2,60
1584,68,2,677,8,3689,4,80
1585,68,2,678,5,3694,1,50
1586,68,2,679,6,3700,3,60
1587,68,2,680,5,3705,4,50
1588,68,2,681,8,3713,1,80
1589,68,2,682,3,3716,1,30
1590,68,2,683,4,3720,6,40
1591,68,2,684,5,3725,2,50
1592,68,2,685,3,3728,1,30
1593,68,2,686,6,3734,1,60
1594,68,2,687,6,3740,1,60
1595,68,2,688,7,3747,6,70
1596,68,2,689,3,3750,4,30
1597,68,2,690,8,3758,7,80
1598,68,2,691,4,3762,1,40
1599,68,2,692,2,3764,0,20
1600,68,2,693,8,3772,2,80
1601,68,2,694,8,3780,0,80
1602,68,2,695,2,3782,0,20
1603,68,2,696,4,3786,1,40
1604,68,2,697,2,3788,4,20
1605,68,2,698,3,3791,3,30
1606,68,2,699,7,3798,4,70
1607,68,2,700,3,3801,3,30
1608,68,2,701,6,3807,1,60
1609,68,2,702,2,3809,1,20
1610,68,2,703,2,3811,1,20
1611,68,2,704,7,3818,1,70
1612,68,2,705,9,3827,3,90
1613,68,2,706,4,3831,4,40
1614,68,2,707,2,3833,1,20
1615,68,2,708,6,3839,1,60
1616,68,2,709,9,3848,4,90
1617,68,2,710,4,3852,3,40
1618,68,2,711,8,3860,1,80
1619,68,2,712,5,3865,4,50
1620,68,2,713,8,3873,2,80
1621,68,2,714,4,3877,2,40
1622,68,2,715,8,3885,2,80
1623,68,2,716,6,3891,1,60
1624,68,2,717,6,3897,1,60
1625,68,2,718,7,3904,1,70
1626,68,2,719,9,3913,9,90
1627,68,2,720,3,3916,1,30
1628,68,2,721,6,3922,4,60
1629,68,2,722,3,3925,1,30
1630,68,2,723,7,3932,1,70
1631,68,2,724,8,3940,7,80
1632,68,2,725,9,3949,5,90
1633,68,2,726,4,3953,0,40
1634,68,2,727,2,3955,0,20
1635,68,2,728,6,3961,1,60
1636,68,2,729,7,3968,9,70
1637,68,2,730,4,3972,1,40
1638,68,2,731,4,3976,4,40
1639,68,2,732,7,3983,2,70
1640,68,2,733,2,3985,1,20
1641,68,2,734,7,3992,6,70
1642,68,2,735,9,4001,3,90
1643,68,2,736,7,4008,1,70
1644,68,2,737,8,4016,1,80
1645,68,2,738,3,4019,2,30
1646,68,2,739,3,4022,1,30
1647,68,2,740,4,4026,1,40
1648,68,2,741,8,4034,6,80
1649,68,2,742,8,4042,5,80
1650,68,2,743,8,4050,5,80
1651,68,2,744,8,4058,3,80
1652,68,2,745,9,4067,1,90
1653,68,2,746,5,4072,5,50
1654,68,2,747,8,4080,7,80
1655,68,2,748,9,4089,5,90
1656,68,2,749,2,4091,1,20
1657,68,2,750,3,4094,1,30
1658,68,2,751,3,4097,3,30
1659,68,2,752,3,4100,1,30
1660,68,2,753,3,4103,3,30
1661,68,2,754,9,4112,6,90
1662,68,2,755,2,4114,3,20
1663,68,2,756,5,4119,1,50
1664,68,2,757,9,4128,2,90
1665,68,2,758,2,4130,3,20
1666,68,2,759,9,4139,1,90
1667,68,2,760,2,4141,3,20
1668,68,2,761,6,4147,0,60
1669,68,2,762,5,4152,2,50
1670,68,2,763,4,4156,4,40
1671,68,2,764,4,4160,1,40
1672,68,2,765,7,4167,1,70
1673,68,2,766,6,4173,2,60
1674,68,2,767,4,4177,2,40
1675,68,2,768,7,4184,2,70
1676,68,2,769,9,4193,3,90
1677,68,2,770,6,4199,1,60
1678,68,2,771,4,4203,5,40
1679,68,2,772,9,4212,3,90
1680,68,2,773,3,4215,4,30
1681,68,2,774,4,4219,1,40
1682,68,2,775,9,4228,1,90
1683,68,2,776,4,4232,1,40
1684,68,2,777,4,4236,2,40
1685,68,2,778,5,4241,3,50
1686,68,2,779,5,4246,6,50
1687,68,2,780,3,4249,1,30
1688,68,2,781,2,4251,2,20
1689,68,2,782,8,4259,4,80
1690,68,2,783,2,4261,3,20
1691,68,2,784,5,4266,1,50
1692,68,2,785,2,4268,1,20
1693,68,2,786,5,4273,1,50
1694,68,2,787,2,4275,5,20
1695,68,2,788,7,4282,1,70
1696,68,2,789,8,4290,1,80
1697,68,2,790,7,4297,7,70
1698,68,2,791,8,4305,6,80
1699,68,2,792,6,4311,2,60
1700,68,2,793,4,4315,1,40
1701,68,2,794,6,4321,1,60
1702,68,2,795,4,4325,1,40
1703,68,2,796,2,4327,3,20
1704,68,2,797,8,4335,2,80
1705,68,2,798,4,4339,0,40
1706,68,2,799,3,4342,2,30
1707,68,2,800,9,4351,3,90
1708,68,2,801,3,4354,1,30
1709,68,2,802,8,4362,5,80
1710,68,2,803,7,4369,5,70
1711,68,2,804,6,4375,3,60
1712,68,2,805,8,4383,3,80
1713,68,2,806,3,4386,4,30
1714,68,2,807,6,4392,2,60
1715,68,2,808,8,4400,3,80
1716,68,2,809,9,4409,5,90
1717,68,2,810,9,4418,4,90
1718,68,2,811,5,4423,4,50
1719,68,2,812,8,4431,1,80
1720,68,2,813,4,4435,1,40
1721,68,2,814,6,4441,2,60
1722,68,2,815,2,4443,1,20
1723,68,2,816,2,4445,1,20
1724,68,2,817,2,4447,1,20
1725,68,2,818,9,4456,2,90
1726,68,2,819,5,4461,2,50
1727,68,2,820,3,4464,1,30
1728,68,2,821,3,4467,3,30
1729,68,2,822,6,4473,1,60
1730,68,2,823,3,4476,3,30
1731,68,2,824,8,4484,1,80
1732,68,2,825,2,4486,3,20
1733,68,2,826,6,4492,1,60
1734,68,2,827,4,4496,3,40
1735,68,2,828,5,4501,8,50
1736,68,2,829,9,4510,5,90
1737,68,2,830,5,4515,2,50
1738,68,2,831,4,4519,1,40
1739,68,2,832,4,4523,5,40
1740,68,2,833,4,4527,1,40
1741,68,2,834,6,4533,0,60
1742,68,2,835,8,4541,1,80
1743,68,2,836,7,4548,2,70
1744,68,2,837,5,4553,3,50
1745,68,2,838,8,4561,5,80
1746,68,2,839,3,4564,1,30
1747,68,2,840,4,4568,2,40
1748,68,2,841,5,4573,3,50
1749,68,2,842,7,4580,2,70
1750,68,2,843,3,4583,5,30
1751,68,2,844,6,4589,1,60
1752,68,2,845,6,4595,1,60
1753,68,2,846,3,4598,4,30
1754,68,2,847,2,4600,1,20
1755,68,2,848,4,4604,3,40
1756,68,2,849,4,4608,1,40
1757,68,2,850,4,4612,1,40
1758,68,2,851,5,4617,3,50
1759,68,2,852,4,4621,0,40
1760,68,2,853,2,4623,1,20
1761,68,2,854,3,4626,0,30
1762,68,2,855,7,4633,1,70
1763,68,2,856,6,4639,2,60
1764,68,2,857,5,4644,1,50
1765,68,2,858,4,4648,2,40
1766,68,2,859,4,4652,1,40
1767,68,2,860,8,4660,2,80
1768,68,2,861,4,4664,2,40
1769,68,2,862,2,4666,2,20
1770,68,2,863,4,4670,2,40
1771,68,2,864,2,4672,0,20
1772,68,2,865,9,4681,1,90
1773,68,2,866,4,4685,1,40
1774,68,2,867,5,4690,6,50
1775,68,2,868,9,4699,3,90
1776,68,2,869,3,4702,1,30
1777,68,2,870,7,4709,2,70
1778,68,2,871,6,4715,3,60
1779,68,2,872,6,4721,3,60
1780,68,2,873,6,4727,5,60
1781,68,2,874,3,4730,0,30
1782,68,2,875,8,4738,5,80
1783,68,2,876,4,4742,4,40
1784,68,2,877,9,4751,1,90
1785,68,2,878,7,4758,8,70
1786,68,2,879,4,4762,4,40
1787,68,2,880,9,4771,1,90
1788,68,2,881,6,4777,11,60
1789,68,2,882,4,4781,2,40
1790,68,2,883,9,4790,6,90
1791,68,2,884,9,4799,8,90
1792,68,2,885,3,4802,2,30
1793,68,2,886,4,4806,1,40
1794,68,2,887,5,4811,1,50
1795,68,2,888,7,4818,4,70
1796,68,2,889,9,4827,3,90
1797,68,2,890,3,4830,4,30
1798,68,2,891,6,4836,0,60
1799,68,2,892,6,4842,2,60
1800,68,2,893,2,4844,1,20
1801,68,2,894,2,4846,1,20
1802,68,2,895,7,4853,3,70
1803,68,2,896,7,4860,4,70
1804,68,2,897,2,4862,2,20
1805,68,2,898,3,4865,1,30
1806,68,2,899,2,4867,7,20
1807,68,2,900,3,4870,1,30
1808,68,2,901,6,4876,1,60
1809,68,2,902,9,4885,2,90
1810,68,2,903,4,4889,0,40
1811,68,2,904,8,4897,1,80
1812,68,2,905,3,4900,2,30
1813,68,2,906,2,4902,2,20
1814,68,2,907,8,4910,1,80
1815,68,2,908,7,4917,2,70
1816,68,2,909,8,4925,2,80
1817,68,2,910,5,4930,2,50
1818,68,2,911,9,4939,5,90
1819,68,2,912,3,4942,1,30
1820,68,2,913,6,4948,3,60
1821,68,2,914,4,4952,2,40
1822,68,2,915,3,4955,5,30
1823,68,2,916,4,4959,4,40
1824,68,2,917,3,4962,3,30
1825,68,2,918,5,4967,2,50
1826,68,2,919,9,4976,2,90
1827,68,2,920,7,4983,8,70
1828,68,2,921,7,4990,1,70
1829,68,2,922,3,4993,3,30
1830,68,3,1,6,6,0,60
1831,68,3,2,4,10,4,40
1832,68,3,3,3,13,2,30
1833,68,3,4,2,15,1,20
1834,68,3,5,2,17,1,20
1835,68,3,6,5,22,1,50
1836,68,3,7,2,24,2,20
1837,68,3,8,4,28,1,40
1838,68,3,9,4,32,5,40
1839,68,3,10,5,37,4,50
1840,68,3,11,9,46,4,90
1841,68,3,12,6,52,4,60
1842,68,3,13,5,57,2,50
1843,68,3,14,5,62,3,50
1844,68,3,15,9,71,5,90
1845,68,3,16,9,80,4,90
1846,68,3,17,4,84,1,40
1847,68,3,18,6,90,6,60
1848,68,3,19,6,96,3,60
1849,68,3,20,9,105,1,90
1850,68,3,21,9,114,5,90
1851,68,3,22,7,121,5,70
1852,68,3,23,9,130,6,90
1853,68,3,24,3,133,5,30
1854,68,3,25,6,139,2,60
1855,68,3,26,5,144,4,50
1856,68,3,27,6,150,3,60
1857,68,3,28,6,156,1,60
1858,68,3,29,2,158,2,20
1859,68,3,30,9,167,10,90
1860,68,3,31,6,173,2,60
1861,68,3,32,7,180,2,70
1862,68,3,33,6,186,1,60
1863,68,3,34,5,191,2,50
1864,68,3,35,9,200,1,90
1865,68,3,36,7,207,4,70
1866,68,3,37,5,212,2,50
1867,68,3,38,2,214,5,20
1868,68,3,39,9,223,8,90
1869,68,3,40,2,225,3,20
1870,68,3,41,3,228,1,30
1871,68,3,42,7,235,1,70
1872,68,3,43,3,238,1,30
1873,68,3,44,5,243,4,50
1874,68,3,45,7,250,2,70
1875,68,3,46,2,252,2,20
1876,68,3,47,3,255,0,30
1877,68,3,48,8,263,1,80
1878,68,3,49,4,267,3,40
1879,68,3,50,8,275,1,80
1880,68,3,51,2,277,4,20
1881,68,3,52,7,284,3,70
1882,68,3,53,3,287,3,30
1883,68,3,54,9,296,1,90
1884,68,3,55,6,302,3,60
1885,68,3,56,5,307,3,50
1886,68,3,57,3,310,4,30
1887,68,3,58,8,318,1,80
1888,68,3,59,6,324,6,60
1889,68,3,60,9,333,5,90
1890,68,3,61,6,339,3,60
1891,68,3,62,6,345,6,60
1892,68,3,63,7,352,1,70
1893,68,3,64,2,354,1,20
1894,68,3,65,9,363,1,90
1895,68,3,66,6,369,2,60
1896,68,3,67,9,378,5,90
1897,68,3,68,4,382,2,40
1898,68,3,69,3,385,0,30
1899,68,3,70,6,391,1,60
1900,68,3,71,7,398,5,70
1901,68,3,72,2,400,2,20
1902,68,3,73,4,404,2,40
1903,68,3,74,5,409,4,50
1904,68,3,75,4,413,1,40
1905,68,3,76,8,421,3,80
1906,68,3,77,2,423,2,20
1907,68,3,78,7,430,1,70
1908,68,3,79,3,433,3,30
1909,68,3,80,2,435,2,20
1910,68,3,81,2,437,0,20
1911,68,3,82,9,446,6,90
1912,68,3,83,8,454,1,80
1913,68,3,84,8,462,4,80
1914,68,3,85,9,471,9,90
1915,68,3,86,5,476,2,50
1916,68,3,87,4,480,2,40
1917,68,3,88,9,489,1,90
1918,68,3,89,9,498,4,90
1919,68,3,90,4,502,1,40
1920,68,3,91,8,510,1,80
1921,68,3,92,3,513,8,30
1922,68,3,93,9,522,9,90
1923,68,3,94,6,528,3,60
1924,68,3,95,3,531,0,30
1925,68,3,96,5,536,0,50
1926,68,3,97,5,541,2,50
1927,68,3,98,7,548,2,70
1928,68,3,99,5,553,1,50
1929,68,3,100,2,555,0,20
1930,68,3,101,7,562,2,70
1931,68,3,102,5,567,1,50
1932,68,3,103,6,573,2,60
1933,68,3,104,3,576,2,30
1934,68,3,105,2,578,3,20
1935,68,3,106,7,585,1,70
1936,68,3,107,6,591,1,60
1937,68,3,108,6,597,1,60
1938,68,3,109,5,602,4,50
1939,68,3,110,7,609,2,70
1940,68,3,111,4,613,4,40
1941,68,3,112,5,618,1,50
1942,68,3,113,8,626,3,80
1943,68,3,114,5,631,1,50
1944,68,3,115,3,634,1,30
1945,68,3,116,7,641,1,70
1946,68,3,117,6,647,1,60
1947,68,3,118,9,656,8,90
1948,68,3,119,7,663,7,70
1949,68,3,120,8,671,1,80
1950,68,3,121,9,680,8,90
1951,68,3,122,5,685,1,50
1952,68,3,123,7,692,2,70
1953,68,3,124,7,699,7,70
1954,68,3,125,3,702,2,30
1955,68,3,126,5,707,1,50
1956,68,3,127,9,716,7,90
1957,68,3,128,2,718,2,20
1958,68,3,129,9,727,3,90
1959,68,3,130,9,736,7,90
1960,68,3,131,6,742,4,60
1961,68,3,132,8,750,4,80
1962,68,3,133,8,758,2,80
1963,68,3,134,6,764,3,60
1964,68,3,135,5,769,4,50
1965,68,3,136,9,778,5,90
1966,68,3,137,4,782,1,40
1967,68,3,138,8,790,1,80
1968,68,3,139,8,798,9,80
1969,68,3,140,2,800,2,20
1970,68,3,141,6,806,5,60
1971,68,3,142,8,814,1,80
1972,68,3,143,4,818,4,40
1973,68,3,144,8,826,4,80
1974,68,3,145,3,829,4,30
1975,68,3,146,2,831,2,20
1976,68,3,147,6,837,2,60
1977,68,3,148,3,840,1,30
1978,68,3,149,6,846,2,60
1979,68,3,150,7,853,2,70
1980,68,3,151,7,860,3,70
1981,68,3,152,2,862,3,20
1982,68,3,153,3,865,1,30
1983,68,3,154,2,867,2,20
1984,68,3,155,6,873,2,60
1985,68,3,156,5,878,2,50
1986,68,3,157,5,883,4,50
1987,68,3,158,2,885,1,20
1988,68,3,159,8,893,5,80
1989,68,3,160,5,898,2,50
1990,68,3,161,8,906,5,80
1991,68,3,162,9,915,1,90
1992,68,3,163,5,920,1,50
1993,68,3,164,8,928,2,80
1994,68,3,165,2,930,3,20
1995,68,3,166,7,937,2,70
1996,68,3,167,8,945,3,80
1997,68,3,168,7,952,3,70
1998,68,3,169,9,961,6,90
1999,68,3,170,9,970,5,90
2000,68,3,171,9,979,1,90
2001,68,3,172,2,981,5,20
2002,68,3,173,7,988,2,70
2003,68,3,174,5,993,1,50
2004,68,3,175,5,998,5,50
2005,68,3,176,9,1007,6,90
2006,68,3,177,6,1013,3,60
2007,68,3,178,2,1015,1,20
2008,68,3,179,2,1017,2,20
2009,68,3,180,9,1026,1,90
2010,68,3,181,6,1032,1,60
2011,68,3,182,5,1037,3,50
2012,68,3,183,8,1045,7,80
2013,68,3,184,7,1052,4,70
2014,68,3,185,8,1060,4,80
2015,68,3,186,6,1066,3,60
2016,68,3,187,5,1071,9,50
2017,68,3,188,4,1075,1,40
2018,68,3,189,6,1081,0,60
2019,68,3,190,6,1087,3,60
2020,68,3,191,7,1094,3,70
2021,68,3,192,9,1103,4,90
2022,68,3,193,5,1108,3,50
2023,68,3,194,2,1110,2,20
2024,68,3,195,9,1119,2,90
2025,68,3,196,8,1127,5,80
2026,68,3,197,2,1129,6,20
2027,68,3,198,2,1131,3,20
2028,68,3,199,2,1133,0,20
2029,68,3,200,8,1141,6,80
2030,68,3,201,6,1147,0,60
2031,68,3,202,4,1151,2,40
2032,68,3,203,8,1159,1,80
2033,68,3,204,2,1161,0,20
2034,68,3,205,8,1169,6,80
2035,68,3,206,5,1174,4,50
2036,68,3,207,9,1183,4,90
2037,68,3,208,6,1189,4,60
2038,68,3,209,2,1191,2,20
2039,68,3,210,5,1196,2,50
2040,68,3,211,4,1200,1,40
2041,68,3,212,5,1205,1,50
2042,68,3,213,2,1207,2,20
2043,68,3,214,2,1209,1,20
2044,68,3,215,4,1213,1,40
2045,68,3,216,5,1218,1,50
2046,68,3,217,3,1221,1,30
2047,68,3,218,3,1224,1,30
2048,68,3,219,7,1231,2,70
2049,68,3,220,5,1236,7,50
2050,68,3,221,6,1242,2,60
2051,68,3,222,5,1247,1,50
2052,68,3,223,4,1251,1,40
2053,68,3,224,7,1258,4,70
2054,68,3,225,2,1260,1,20
2055,68,3,226,2,1262,1,20
2056,68,3,227,3,1265,5,30
2057,68,3,228,4,1269,1,40
2058,68,3,229,7,1276,7,70
2059,68,3,230,5,1281,5,50
2060,68,3,231,8,1289,1,80
2061,68,3,232,2,1291,4,20
2062,68,3,233,2,1293,1,20
2063,68,3,234,5,1298,1,50
2064,68,3,235,5,1303,2,50
2065,68,3,236,3,1306,1,30
2066,68,3,237,6,1312,1,60
2067,68,3,238,3,1315,2,30
2068,68,3,239,6,1321,4,60
2069,68,3,240,6,1327,1,60
2070,68,3,241,6,1333,1,60
2071,68,3,242,5,1338,4,50
2072,68,3,243,8,1346,0,80
2073,68,3,244,7,1353,2,70
2074,68,3,245,8,1361,5,80
2075,68,3,246,4,1365,2,40
2076,68,3,247,6,1371,3,60
2077,68,3,248,5,1376,7,50
2078,68,3,249,2,1378,1,20
2079,68,3,250,6,1384,1,60
2080,68,3,251,3,1387,7,30
2081,68,3,252,5,1392,1,50
2082,68,3,253,6,1398,1,60
2083,68,3,254,4,1402,3,40
2084,68,3,255,4,1406,4,40
2085,68,3,256,9,1415,0,90
2086,68,3,257,9,1424,4,90
2087,68,3,258,5,1429,3,50
2088,68,3,259,4,1433,1,40
2089,68,3,260,7,1440,1,70
2090,68,3,261,8,1448,6,80
2091,68,3,262,9,1457,7,90
2092,68,3,263,9,1466,4,90
2093,68,3,264,3,1469,3,30
2094,68,3,265,8,1477,3,80
2095,68,3,266,9,1486,3,90
2096,68,3,267,4,1490,4,40
2097,68,3,268,4,1494,4,40
2098,68,3,269,8,1502,1,80
2099,68,3,270,7,1509,1,70
2100,68,3,271,9,1518,5,90
2101,68,3,272,3,1521,2,30
2102,68,3,273,4,1525,4,40
2103,68,3,274,3,1528,2,30
2104,68,3,275,9,1537,2,90
2105,68,3,276,3,1540,1,30
2106,68,3,277,2,1542,1,20
2107,68,3,278,9,1551,6,90
2108,68,3,279,5,1556,4,50
2109,68,3,280,4,1560,0,40
2110,68,3,281,5,1565,3,50
2111,68,3,282,5,1570,1,50
2112,68,3,283,8,1578,1,80
2113,68,3,284,4,1582,9,40
2114,68,3,285,2,1584,1,20
2115,68,3,286,4,1588,1,40
2116,68,3,287,8,1596,4,80
2117,68,3,288,3,1599,2,30
2118,68,3,289,9,1608,3,90
2119,68,3,290,9,1617,1,90
2120,68,3,291,8,1625,6,80
2121,68,3,292,6,1631,4,60
2122,68,3,293,4,1635,2,40
2123,68,3,294,7,1642,1,70
2124,68,3,295,7,1649,1,70
2125,68,3,296,5,1654,6,50
2126,68,3,297,5,1659,2,50
2127,68,3,298,5,1664,0,50
2128,68,3,299,8,1672,6,80
2129,68,3,300,7,1679,4,70
2130,68,3,301,6,1685,5,60
2131,68,3,302,3,1688,1,30
2132,68,3,303,8,1696,4,80
2133,68,3,304,8,1704,1,80
2134,68,3,305,2,1706,2,20
2135,68,3,306,5,1711,1,50
2136,68,3,307,4,1715,1,40
2137,68,3,308,9,1724,3,90
2138,68,3,309,4,1728,3,40
2139,68,3,310,6,1734,1,60
2140,68,3,311,5,1739,3,50
2141,68,3,312,3,1742,2,30
2142,68,3,313,4,1746,1,40
2143,68,3,314,9,1755,1,90
2144,68,3,315,6,1761,1,60
2145,68,3,316,8,1769,6,80
2146,68,3,317,5,1774,5,50
2147,68,3,318,2,1776,2,20
2148,68,3,319,9,1785,1,90
2149,68,3,320,4,1789,1,40
2150,68,3,321,9,1798,1,90
2151,68,3,322,5,1803,8,50
2152,68,3,323,4,1807,9,40
2153,68,3,324,4,1811,2,40
2154,68,3,325,5,1816,1,50
2155,68,3,326,3,1819,4,30
2156,68,3,327,4,1823,1,40
2157,68,3,328,4,1827,1,40
2158,68,3,329,8,1835,4,80
2159,68,3,330,6,1841,1,60
2160,68,3,331,3,1844,5,30
2161,68,3,332,5,1849,5,50
2162,68,3,333,7,1856,4,70
2163,68,3,334,4,1860,0,40
2164,68,3,335,2,1862,2,20
2165,68,3,336,5,1867,1,50
2166,68,3,337,9,1876,2,90
2167,68,3,338,6,1882,10,60
2168,68,3,339,6,1888,5,60
2169,68,3,340,8,1896,5,80
2170,68,3,341,2,1898,1,20
2171,68,3,342,5,1903,1,50
2172,68,3,343,7,1910,3,70
2173,68,3,344,6,1916,5,60
2174,68,3,345,8,1924,1,80
2175,68,3,346,3,1927,1,30
2176,68,3,347,3,1930,2,30
2177,68,3,348,8,1938,6,80
2178,68,3,349,4,1942,5,40
2179,68,3,350,9,1951,6,90
2180,68,3,351,7,1958,5,70
2181,68,3,352,3,1961,1,30
2182,68,3,353,2,1963,4,20
2183,68,3,354,7,1970,2,70
2184,68,3,355,5,1975,4,50
2185,68,3,356,6,1981,1,60
2186,68,3,357,6,1987,1,60
2187,68,3,358,5,1992,1,50
2188,68,3,359,6,1998,3,60
2189,68,3,360,6,2004,2,60
2190,68,3,361,6,2010,6,60
2191,68,3,362,9,2019,4,90
2192,68,3,363,7,2026,3,70
2193,68,3,364,4,2030,2,40
2194,68,3,365,4,2034,2,40
2195,68,3,366,7,2041,5,70
2196,68,3,367,2,2043,2,20
2197,68,3,368,6,2049,1,60
2198,68,3,369,3,2052,1,30
2199,68,3,370,7,2059,2,70
2200,68,3,371,7,2066,1,70
2201,68,3,372,4,2070,1,40
2202,68,3,373,3,2073,4,30
2203,68,3,374,3,2076,3,30
2204,68,3,375,5,2081,1,50
2205,68,3,376,5,2086,4,50
2206,68,3,377,9,2095,6,90
2207,68,3,378,3,2098,0,30
2208,68,3,379,8,2106,3,80
2209,68,3,380,3,2109,1,30
2210,68,3,381,5,2114,2,50
2211,68,3,382,3,2117,0,30
2212,68,3,383,8,2125,1,80
2213,68,3,384,9,2134,6,90
2214,68,3,385,6,2140,1,60
2215,68,3,386,3,2143,1,30
2216,68,3,387,7,2150,3,70
2217,68,3,388,5,2155,8,50
2218,68,3,389,3,2158,2,30
2219,68,3,390,6,2164,1,60
2220,68,3,391,7,2171,3,70
2221,68,3,392,7,2178,6,70
2222,68,3,393,8,2186,7,80
2223,68,3,394,9,2195,1,90
2224,68,3,395,8,2203,4,80
2225,68,3,396,9,2212,4,90
2226,68,3,397,2,2214,0,20
2227,68,3,398,3,2217,1,30
2228,68,3,399,9,2226,2,90
2229,68,3,400,9,2235,9,90
2230,68,3,401,2,2237,4,20
2231,68,3,402,2,2239,3,20
2232,68,3,403,8,2247,1,80
2233,68,3,404,6,2253,0,60
2234,68,3,405,3,2256,1,30
2235,68,3,406,5,2261,7,50
2236,68,3,407,2,2263,2,20
2237,68,3,408,6,2269,2,60
2238,68,3,409,4,2273,1,40
2239,68,3,410,9,2282,1,90
2240,68,3,411,5,2287,8,50
2241,68,3,412,9,2296,1,90
2242,68,3,413,2,2298,4,20
2243,68,3,414,9,2307,1,90
2244,68,3,415,9,2316,6,90
2245,68,3,416,6,2322,3,60
2246,68,3,417,2,2324,1,20
2247,68,3,418,6,2330,2,60
2248,68,3,419,3,2333,4,30
2249,68,3,420,9,2342,1,90
2250,68,3,421,5,2347,3,50
2251,68,3,422,4,2351,3,40
2252,68,3,423,5,2356,1,50
2253,68,3,424,7,2363,1,70
2254,68,3,425,3,2366,1,30
2255,68,3,426,9,2375,3,90
2256,68,3,427,6,2381,2,60
2257,68,3,428,2,2383,0,20
2258,68,3,429,5,2388,3,50
2259,68,3,430,3,2391,4,30
2260,68,3,431,9,2400,2,90
2261,68,3,432,3,2403,1,30
2262,68,3,433,6,2409,2,60
2263,68,3,434,4,2413,4,40
2264,68,3,435,7,2420,2,70
2265,68,3,436,3,2423,1,30
2266,68,3,437,4,2427,0,40
2267,68,3,438,6,2433,2,60
2268,68,3,439,3,2436,2,30
2269,68,3,440,5,2441,3,50
2270,68,3,441,8,2449,1,80
2271,68,3,442,9,2458,8,90
2272,68,3,443,9,2467,4,90
2273,68,3,444,6,2473,3,60
2274,68,3,445,4,2477,2,40
2275,68,3,446,7,2484,0,70
2276,68,3,447,6,2490,1,60
2277,68,3,448,8,2498,1,80
2278,68,3,449,9,2507,5,90
2279,68,3,450,6,2513,6,60
2280,68,3,451,9,2522,3,90
2281,68,3,452,5,2527,1,50
2282,68,3,453,7,2534,5,70
2283,68,3,454,4,2538,1,40
2284,68,3,455,4,2542,5,40
2285,68,3,456,5,2547,4,50
2286,68,3,457,4,2551,1,40
2287,68,3,458,8,2559,7,80
2288,68,3,459,4,2563,2,40
2289,68,3,460,9,2572,1,90
2290,68,3,461,9,2581,1,90
2291,68,3,462,8,2589,1,80
2292,68,3,463,3,2592,3,30
2293,68,3,464,8,2600,6,80
2294,68,3,465,3,2603,1,30
2295,68,3,466,4,2607,1,40
2296,68,3,467,9,2616,3,90
2297,68,3,468,8,2624,1,80
2298,68,3,469,3,2627,8,30
2299,68,3,470,3,2630,1,30
2300,68,3,471,9,2639,1,90
2301,68,3,472,9,2648,10,90
2302,68,3,473,2,2650,4,20
2303,68,3,474,6,2656,5,60
2304,68,3,475,8,2664,1,80
2305,68,3,476,3,2667,2,30
2306,68,3,477,7,2674,1,70
2307,68,3,478,6,2680,2,60
2308,68,3,479,4,2684,0,40
2309,68,3,480,4,2688,5,40
2310,68,3,481,4,2692,1,40
2311,68,3,482,4,2696,3,40
2312,68,3,483,2,2698,1,20
2313,68,3,484,4,2702,3,40
2314,68,3,485,8,2710,4,80
2315,68,3,486,4,2714,0,40
2316,68,3,487,8,2722,4,80
2317,68,3,488,8,2730,1,80
2318,68,3,489,5,2735,2,50
2319,68,3,490,9,2744,5,90
2320,68,3,491,9,2753,3,90
2321,68,3,492,8,2761,5,80
2322,68,3,493,3,2764,3,30
2323,68,3,494,8,2772,4,80
2324,68,3,495,7,2779,1,70
2325,68,3,496,2,2781,4,20
2326,68,3,497,7,2788,2,70
2327,68,3,498,3,2791,0,30
2328,68,3,499,5,2796,0,50
2329,68,3,500,5,2801,1,50
2330,68,3,501,6,2807,2,60
2331,68,3,502,4,2811,4,40
2332,68,3,503,8,2819,1,80
2333,68,3,504,3,2822,5,30
2334,68,3,505,5,2827,7,50
2335,68,3,506,6,2833,5,60
2336,68,3,507,3,2836,0,30
2337,68,3,508,5,2841,1,50
2338,68,3,509,4,2845,1,40
2339,68,3,510,9,2854,1,90
2340,68,3,511,2,2856,1,20
2341,68,3,512,6,2862,6,60
2342,68,3,513,4,2866,7,40
2343,68,3,514,7,2873,1,70
2344,68,3,515,5,2878,7,50
2345,68,3,516,3,2881,1,30
2346,68,3,517,6,2887,4,60
2347,68,3,518,4,2891,2,40
2348,68,3,519,7,2898,2,70
2349,68,3,520,3,2901,1,30
2350,68,3,521,6,2907,5,60
2351,68,3,522,7,2914,3,70
2352,68,3,523,7,2921,3,70
2353,68,3,524,2,2923,1,20
2354,68,3,525,6,2929,3,60
2355,68,3,526,7,2936,0,70
2356,68,3,527,2,2938,2,20
2357,68,3,528,5,2943,2,50
2358,68,3,529,9,2952,3,90
2359,68,3,530,8,2960,1,80
2360,68,3,531,8,2968,5,80
2361,68,3,532,6,2974,5,60
2362,68,3,533,3,2977,1,30
2363,68,3,534,8,2985,5,80
2364,68,3,535,3,2988,1,30
2365,68,3,536,6,2994,4,60
2366,68,3,537,7,3001,4,70
2367,68,3,538,4,3005,5,40
2368,68,3,539,4,3009,0,40
2369,68,3,540,7,3016,3,70
2370,68,3,541,4,3020,2,40
2371,68,3,542,7,3027,1,70
2372,68,3,543,2,3029,1,20
2373,68,3,544,6,3035,1,60
2374,68,3,545,5,3040,2,50
2375,68,3,546,5,3045,1,50
2376,68,3,547,8,3053,6,80
2377,68,3,548,4,3057,1,40
2378,68,3,549,7,3064,4,70
2379,68,3,550,8,3072,1,80
2380,68,3,551,5,3077,1,50
2381,68,3,552,8,3085,1,80
2382,68,3,553,3,3088,3,30
2383,68,3,554,8,3096,7,80
2384,68,3,555,4,3100,4,40
2385,68,3,556,4,3104,3,40
2386,68,3,557,8,3112,3,80
2387,68,3,558,6,3118,1,60
2388,68,3,559,5,3123,2,50
2389,68,3,560,9,3132,6,90
2390,68,3,561,2,3134,4,20
2391,68,3,562,7,3141,2,70
2392,68,3,563,3,3144,3,30
2393,68,3,564,2,3146,3,20
2394,68,3,565,4,3150,2,40
2395,68,3,566,3,3153,1,30
2396,68,3,567,7,3160,5,70
2397,68,3,568,8,3168,2,80
2398,68,3,569,2,3170,1,20
2399,68,3,570,7,3177,2,70
2400,68,3,571,3,3180,1,30
2401,68,3,572,6,3186,2,60
2402,68,3,573,3,3189,1,30
2403,68,3,574,2,3191,0,20
2404,68,3,575,2,3193,1,20
2405,68,3,576,6,3199,3,60
2406,68,3,577,7,3206,4,70
2407,68,3,578,5,3211,3,50
2408,68,3,579,7,3218,4,70
2409,68,3,580,2,3220,2,20
2410,68,3,581,8,3228,1,80
2411,68,3,582,8,3236,4,80
2412,68,3,583,5,3241,1,50
2413,68,3,584,8,3249,1,80
2414,68,3,585,8,3257,1,80
2415,68,3,586,2,3259,3,20
2416,68,3,587,8,3267,1,80
2417,68,3,588,7,3274,8,70
2418,68,3,589,9,3283,4,90
2419,68,3,590,3,3286,5,30
2420,68,3,591,9,3295,1,90
2421,68,3,592,9,3304,3,90
2422,68,3,593,8,3312,4,80
2423,68,3,594,2,3314,2,20
2424,68,3,595,7,3321,2,70
2425,68,3,596,6,3327,4,60
2426,68,3,597,8,3335,3,80
2427,68,3,598,3,3338,1,30
2428,68,3,599,7,3345,4,70
2429,68,3,600,4,3349,2,40
2430,68,3,601,9,3358,3,90
2431,68,3,602,2,3360,3,20
2432,68,3,603,6,3366,1,60
2433,68,3,604,8,3374,3,80
2434,68,3,605,6,3380,3,60
2435,68,3,606,2,3382,0,20
2436,68,3,607,9,3391,7,90
2437,68,3,608,5,3396,1,50
2438,68,3,609,4,3400,4,40
2439,68,3,610,4,3404,2,40
2440,68,3,611,3,3407,1,30
2441,68,3,612,6,3413,1,60
2442,68,3,613,3,3416,1,30
2443,68,3,614,4,3420,0,40
2444,68,3,615,3,3423,1,30
2445,68,3,616,3,3426,1,30
2446,68,3,617,2,3428,1,20
2447,68,3,618,7,3435,1,70
2448,68,3,619,3,3438,1,30
2449,68,3,620,4,3442,5,40
2450,68,3,621,4,3446,6,40
2451,68,3,622,4,3450,3,40
2452,68,3,623,8,3458,6,80
2453,68,3,624,3,3461,5,30
2454,68,3,625,4,3465,8,40
2455,68,3,626,2,3467,0,20
2456,68,3,627,7,3474,4,70
2457,68,3,628,9,3483,1,90
2458,68,3,629,9,3492,8,90
2459,68,3,630,3,3495,3,30
2460,68,3,631,5,3500,4,50
2461,68,3,632,4,3504,1,40
2462,68,3,633,4,3508,2,40
2463,68,3,634,9,3517,2,90
2464,68,3,635,5,3522,1,50
2465,68,3,636,6,3528,2,60
2466,68,3,637,3,3531,1,30
2467,68,3,638,8,3539,1,80
2468,68,3,639,6,3545,1,60
2469,68,3,640,3,3548,3,30
2470,68,3,641,4,3552,4,40
2471,68,3,642,3,3555,1,30
2472,68,3,643,3,3558,1,30
2473,68,3,644,4,3562,1,40
2474,68,3,645,7,3569,1,70
2475,68,3,646,7,3576,1,70
2476,68,3,647,4,3580,4,40
2477,68,3,648,3,3583,1,30
2478,68,3,649,7,3590,3,70
2479,68,3,650,2,3592,4,20
2480,68,3,651,7,3599,2,70
2481,68,3,652,6,3605,2,60
2482,68,3,653,3,3608,1,30
2483,68,3,654,6,3614,1,60
2484,68,3,655,5,3619,8,50
2485,68,3,656,5,3624,1,50
2486,68,3,657,3,3627,2,30
2487,68,3,658,5,3632,4,50
2488,68,3,659,6,3638,6,60
2489,68,3,660,4,3642,1,40
2490,68,3,661,8,3650,4,80
2491,68,3,662,7,3657,2,70
2492,68,3,663,5,3662,1,50
2493,68,3,664,5,3667,6,50
2494,68,3,665,2,3669,3,20
2495,68,3,666,3,3672,0,30
2496,68,3,667,5,3677,1,50
2497,68,3,668,4,3681,5,40
2498,68,3,669,5,3686,3,50
2499,68,3,670,8,3694,4,80
2500,68,3,671,2,3696,0,20
2501,68,3,672,9,3705,3,90
2502,68,3,673,6,3711,1,60
2503,68,3,674,7,3718,4,70
2504,68,3,675,8,3726,6,80
2505,68,3,676,4,3730,2,40
2506,68,3,677,3,3733,2,30
2507,68,3,678,3,3736,1,30
2508,68,3,679,2,3738,3,20
2509,68,3,680,5,3743,1,50
2510,68,3,681,7,3750,1,70
2511,68,3,682,6,3756,6,60
2512,68,3,683,2,3758,6,20
2513,68,3,684,9,3767,1,90
2514,68,3,685,8,3775,7,80
2515,68,3,686,7,3782,2,70
2516,68,3,687,6,3788,2,60
2517,68,3,688,8,3796,1,80
2518,68,3,689,4,3800,6,40
2519,68,3,690,7,3807,2,70
2520,68,3,691,7,3814,7,70
2521,68,3,692,8,3822,1,80
2522,68,3,693,9,3831,3,90
2523,68,3,694,9,3840,4,90
2524,68,3,695,6,3846,2,60
2525,68,3,696,6,3852,4,60
2526,68,3,697,9,3861,1,90
2527,68,3,698,8,3869,7,80
2528,68,3,699,8,3877,4,80
2529,68,3,700,6,3883,4,60
2530,68,3,701,9,3892,7,90
2531,68,3,702,4,3896,3,40
2532,68,3,703,3,3899,2,30
2533,68,3,704,3,3902,5,30
2534,68,3,705,3,3905,3,30
2535,68,3,706,2,3907,1,20
2536,68,3,707,9,3916,1,90
2537,68,3,708,7,3923,5,70
2538,68,3,709,7,3930,5,70
2539,68,3,710,7,3937,8,70
2540,68,3,711,3,3940,4,30
2541,68,3,712,8,3948,5,80
2542,68,3,713,8,3956,4,80
2543,68,3,714,2,3958,2,20
2544,68,3,715,9,3967,6,90
2545,68,3,716,7,3974,4,70
2546,68,3,717,9,3983,1,90
2547,68,3,718,9,3992,4,90
2548,68,3,719,2,3994,3,20
2549,68,3,720,3,3997,2,30
2550,68,3,721,3,4000,1,30
2551,68,3,722,5,4005,2,50
2552,68,3,723,5,4010,4,50
2553,68,3,724,2,4012,1,20
2554,68,3,725,7,4019,0,70
2555,68,3,726,3,4022,2,30
2556,68,3,727,7,4029,3,70
2557,68,3,728,8,4037,1,80
2558,68,3,729,8,4045,5,80
2559,68,3,730,5,4050,1,50
2560,68,3,731,4,4054,1,40
2561,68,3,732,9,4063,7,90
2562,68,3,733,8,4071,5,80
2563,68,3,734,9,4080,8,90
2564,68,3,735,4,4084,1,40
2565,68,3,736,2,4086,1,20
2566,68,3,737,7,4093,1,70
2567,68,3,738,6,4099,1,60
2568,68,3,739,7,4106,3,70
2569,68,3,740,9,4115,2,90
2570,68,3,741,3,4118,3,30
2571,68,3,742,3,4121,0,30
2572,68,3,743,7,4128,1,70
2573,68,3,744,2,4130,2,20
2574,68,3,745,2,4132,4,20
2575,68,3,746,2,4134,0,20
2576,68,3,747,2,4136,0,20
2577,68,3,748,7,4143,3,70
2578,68,3,749,6,4149,7,60
2579,68,3,750,4,4153,4,40
2580,68,3,751,6,4159,1,60
2581,68,3,752,7,4166,6,70
2582,68,3,753,9,4175,5,90
2583,68,3,754,5,4180,2,50
2584,68,3,755,2,4182,1,20
2585,68,3,756,9,4191,5,90
2586,68,3,757,4,4195,3,40
2587,68,3,758,4,4199,1,40
2588,68,3,759,4,4203,3,40
2589,68,3,760,7,4210,2,70
2590,68,3,761,9,4219,3,90
2591,68,3,762,6,4225,2,60
2592,68,3,763,6,4231,5,60
2593,68,3,764,6,4237,1,60
2594,68,3,765,2,4239,4,20
2595,68,3,766,5,4244,6,50
2596,68,3,767,3,4247,1,30
2597,68,3,768,8,4255,1,80
2598,68,3,769,5,4260,5,50
2599,68,3,770,8,4268,1,80
2600,68,3,771,2,4270,2,20
2601,68,3,772,9,4279,1,90
2602,68,3,773,3,4282,4,30
2603,68,3,774,4,4286,1,40
2604,68,3,775,8,4294,6,80
2605,68,3,776,9,4303,1,90
2606,68,3,777,5,4308,6,50
2607,68,3,778,9,4317,4,90
2608,68,3,779,2,4319,5,20
2609,68,3,780,9,4328,1,90
2610,68,3,781,8,4336,5,80
2611,68,3,782,8,4344,6,80
2612,68,3,783,4,4348,5,40
2613,68,3,784,3,4351,1,30
2614,68,3,785,6,4357,1,60
2615,68,3,786,6,4363,3,60
2616,68,3,787,6,4369,2,60
2617,68,3,788,6,4375,1,60
2618,68,3,789,3,4378,4,30
2619,68,3,790,6,4384,4,60
2620,68,3,791,8,4392,1,80
2621,68,3,792,8,4400,5,80
2622,68,3,793,6,4406,2,60
2623,68,3,794,9,4415,5,90
2624,68,3,795,3,4418,1,30
2625,68,3,796,8,4426,4,80
2626,68,3,797,5,4431,2,50
2627,68,3,798,5,4436,2,50
2628,68,3,799,2,4438,1,20
2629,68,3,800,6,4444,3,60
2630,68,3,801,8,4452,5,80
2631,68,3,802,4,4456,4,40
2632,68,3,803,6,4462,2,60
2633,68,3,804,7,4469,4,70
2634,68,3,805,3,4472,3,30
2635,68,3,806,3,4475,0,30
2636,68,3,807,7,4482,2,70
2637,68,3,808,2,4484,4,20
2638,68,3,809,4,4488,3,40
2639,68,3,810,4,4492,2,40
2640,68,3,811,5,4497,2,50
2641,68,3,812,5,4502,1,50
2642,68,3,813,4,4506,6,40
2643,68,3,814,9,4515,3,90
2644,68,3,815,9,4524,1,90
2645,68,3,816,7,4531,2,70
2646,68,3,817,8,4539,3,80
2647,68,3,818,3,4542,1,30
2648,68,3,819,9,4551,1,90
2649,68,3,820,3,4554,4,30
2650,68,3,821,3,4557,0,30
2651,68,3,822,3,4560,0,30
2652,68,3,823,5,4565,0,50
2653,68,3,824,2,4567,2,20
2654,68,3,825,7,4574,2,70
2655,68,3,826,9,4583,1,90
2656,68,3,827,4,4587,3,40
2657,68,3,828,2,4589,0,20
2658,68,3,829,5,4594,0,50
2659,68,3,830,2,4596,1,20
2660,68,3,831,5,4601,2,50
2661,68,3,832,4,4605,1,40
2662,68,3,833,7,4612,2,70
2663,68,3,834,6,4618,0,60
2664,68,3,835,2,4620,2,20
2665,68,3,836,6,4626,6,60
2666,68,3,837,5,4631,1,50
2667,68,3,838,2,4633,2,20
2668,68,3,839,9,4642,3,90
2669,68,3,840,7,4649,3,70
2670,68,3,841,6,4655,0,60
2671,68,3,842,3,4658,1,30
2672,68,3,843,2,4660,1,20
2673,68,3,844,3,4663,1,30
2674,68,3,845,7,4670,2,70
2675,68,3,846,2,4672,1,20
2676,68,3,847,8,4680,1,80
2677,68,3,848,5,4685,3,50
2678,68,3,849,2,4687,2,20
2679,68,3,850,6,4693,2,60
2680,68,3,851,5,4698,4,50
2681,68,3,852,3,4701,1,30
2682,68,3,853,9,4710,6,90
2683,68,3,854,3,4713,4,30
2684,68,3,855,8,4721,1,80
2685,68,3,856,2,4723,4,20
2686,68,3,857,3,4726,3,30
2687,68,3,858,6,4732,1,60
2688,68,3,859,4,4736,6,40
2689,68,3,860,5,4741,5,50
2690,68,3,861,3,4744,1,30
2691,68,3,862,5,4749,1,50
2692,68,3,863,5,4754,2,50
2693,68,3,864,5,4759,4,50
2694,68,3,865,6,4765,1,60
2695,68,3,866,5,4770,6,50
2696,68,3,867,8,4778,1,80
2697,68,3,868,2,4780,2,20
2698,68,3,869,8,4788,4,80
2699,68,3,870,8,4796,4,80
2700,68,3,871,6,4802,1,60
2701,68,3,872,8,4810,4,80
2702,68,3,873,2,4812,1,20
2703,68,3,874,4,4816,0,40
2704,68,3,875,4,4820,2,40
2705,68,3,876,5,4825,1,50
2706,68,3,877,7,4832,3,70
2707,68,3,878,5,4837,2,50
2708,68,3,879,2,4839,1,20
2709,68,3,880,2,4841,3,20
2710,68,3,881,2,4843,0,20
2711,68,3,882,5,4848,1,50
2712,68,3,883,2,4850,3,20
2713,68,3,884,5,4855,1,50
2714,68,3,885,9,4864,6,90
2715,68,3,886,6,4870,3,60
2716,68,3,887,2,4872,0,20
2717,68,3,888,4,4876,1,40
2718,68,3,889,4,4880,4,40
2719,68,3,890,7,4887,1,70
2720,68,3,891,9,4896,6,90
2721,68,3,892,8,4904,5,80
2722,68,3,893,5,4909,3,50
2723,68,3,894,9,4918,3,90
2724,68,3,895,6,4924,5,60
2725,68,3,896,7,4931,7,70
2726,68,3,897,3,4934,2,30
2727,68,3,898,5,4939,1,50
2728,68,3,899,2,4941,1,20
2729,68,3,900,2,4943,2,20
2730,68,3,901,5,4948,1,50
2731,68,3,902,7,4955,1,70
2732,68,3,903,6,4961,2,60
2733,68,3,904,8,4969,5,80
2734,68,3,905,8,4977,5,80
2735,68,3,906,3,4980,4,30
2736,68,3,907,4,4984,4,40
2737,68,3,908,3,4987,3,30
2738,68,3,909,3,4990,2,30
2739,68,3,910,7,4997,2,70
