,Scenario,Trial,Inspection,Interval,Time,Defects,Rate
0,282,1,1,8,8,1,80
1,282,1,2,3,11,1,30
2,282,1,3,9,20,1,90
3,282,1,4,2,22,1,20
4,282,1,5,7,29,1,70
5,282,1,6,3,32,7,30
6,282,1,7,2,34,1,20
7,282,1,8,7,41,3,70
8,282,1,9,3,44,1,30
9,282,1,10,4,48,1,40
10,282,1,11,7,55,3,70
11,282,1,12,2,57,3,20
12,282,1,13,8,65,1,80
13,282,1,14,5,70,1,50
14,282,1,15,8,78,1,80
15,282,1,16,7,85,1,70
16,282,1,17,2,87,7,20
17,282,1,18,7,94,1,70
18,282,1,19,4,98,1,40
19,282,1,20,5,103,3,50
20,282,1,21,3,106,1,30
21,282,1,22,5,111,1,50
22,282,1,23,2,113,1,20
23,282,1,24,8,121,1,80
24,282,1,25,3,124,1,30
25,282,1,26,8,132,5,80
26,282,1,27,5,137,1,50
27,282,1,28,5,142,4,50
28,282,1,29,5,147,1,50
29,282,1,30,8,155,7,80
30,282,1,31,3,158,1,30
31,282,1,32,5,163,3,50
32,282,1,33,7,170,1,70
33,282,1,34,8,178,1,80
34,282,1,35,4,182,1,40
35,282,1,36,2,184,1,20
36,282,1,37,9,193,4,90
37,282,1,38,5,198,1,50
38,282,1,39,3,201,1,30
39,282,1,40,5,206,1,50
40,282,1,41,8,214,1,80
41,282,1,42,5,219,1,50
42,282,1,43,9,228,1,90
43,282,1,44,7,235,1,70
44,282,1,45,5,240,1,50
45,282,1,46,8,248,1,80
46,282,1,47,7,255,12,70
47,282,1,48,4,259,5,40
48,282,1,49,9,268,1,90
49,282,1,50,6,274,6,60
50,282,1,51,7,281,0,70
51,282,1,52,6,287,1,60
52,282,1,53,7,294,1,70
53,282,1,54,4,298,1,40
54,282,1,55,6,304,1,60
55,282,1,56,4,308,1,40
56,282,1,57,6,314,1,60
57,282,1,58,8,322,1,80
58,282,1,59,6,328,1,60
59,282,1,60,8,336,28,80
60,282,1,61,9,345,1,90
61,282,1,62,5,350,1,50
62,282,1,63,9,359,9,90
63,282,1,64,6,365,1,60
64,282,1,65,5,370,3,50
65,282,1,66,5,375,1,50
66,282,1,67,2,377,1,20
67,282,1,68,8,385,9,80
68,282,1,69,9,394,1,90
69,282,1,70,5,399,6,50
70,282,1,71,7,406,1,70
71,282,1,72,3,409,1,30
72,282,1,73,4,413,1,40
73,282,1,74,9,422,1,90
74,282,1,75,9,431,1,90
75,282,1,76,3,434,1,30
76,282,1,77,9,443,14,90
77,282,1,78,6,449,1,60
78,282,1,79,4,453,1,40
79,282,1,80,4,457,1,40
80,282,1,81,2,459,4,20
81,282,1,82,4,463,2,40
82,282,1,83,7,470,2,70
83,282,1,84,2,472,0,20
84,282,1,85,9,481,1,90
85,282,1,86,3,484,1,30
86,282,1,87,9,493,1,90
87,282,1,88,9,502,1,90
88,282,1,89,9,511,1,90
89,282,1,90,3,514,1,30
90,282,1,91,6,520,13,60
91,282,1,92,6,526,1,60
92,282,1,93,9,535,5,90
93,282,1,94,6,541,2,60
94,282,1,95,8,549,2,80
95,282,1,96,8,557,1,80
96,282,1,97,4,561,1,40
97,282,1,98,3,564,1,30
98,282,1,99,3,567,1,30
99,282,1,100,9,576,10,90
100,282,1,101,5,581,1,50
101,282,1,102,5,586,1,50
102,282,1,103,4,590,1,40
103,282,1,104,7,597,8,70
104,282,1,105,6,603,1,60
105,282,1,106,8,611,1,80
106,282,1,107,3,614,1,30
107,282,1,108,9,623,1,90
108,282,1,109,8,631,1,80
109,282,1,110,6,637,1,60
110,282,1,111,3,640,1,30
111,282,1,112,4,644,1,40
112,282,1,113,6,650,1,60
113,282,1,114,9,659,1,90
114,282,1,115,7,666,1,70
115,282,1,116,6,672,35,60
116,282,1,117,2,674,1,20
117,282,1,118,9,683,1,90
118,282,1,119,2,685,1,20
119,282,1,120,5,690,1,50
120,282,1,121,6,696,1,60
121,282,1,122,4,700,12,40
122,282,1,123,2,702,3,20
123,282,1,124,2,704,1,20
124,282,1,125,5,709,1,50
125,282,1,126,8,717,1,80
126,282,1,127,3,720,1,30
127,282,1,128,9,729,1,90
128,282,1,129,6,735,11,60
129,282,1,130,9,744,6,90
130,282,1,131,6,750,3,60
131,282,1,132,2,752,1,20
132,282,1,133,8,760,1,80
133,282,1,134,3,763,1,30
134,282,1,135,6,769,1,60
135,282,1,136,9,778,1,90
136,282,1,137,2,780,7,20
137,282,1,138,3,783,1,30
138,282,1,139,7,790,1,70
139,282,1,140,7,797,2,70
140,282,1,141,4,801,1,40
141,282,1,142,4,805,1,40
142,282,1,143,6,811,1,60
143,282,1,144,8,819,1,80
144,282,1,145,3,822,1,30
145,282,1,146,2,824,7,20
146,282,1,147,7,831,1,70
147,282,1,148,7,838,1,70
148,282,1,149,4,842,1,40
149,282,1,150,5,847,1,50
150,282,1,151,7,854,1,70
151,282,1,152,5,859,16,50
152,282,1,153,5,864,1,50
153,282,1,154,2,866,5,20
154,282,1,155,2,868,1,20
155,282,1,156,7,875,1,70
156,282,1,157,3,878,1,30
157,282,1,158,2,880,1,20
158,282,1,159,8,888,1,80
159,282,1,160,4,892,1,40
160,282,1,161,8,900,10,80
161,282,1,162,9,909,1,90
162,282,1,163,9,918,12,90
163,282,1,164,3,921,1,30
164,282,1,165,7,928,1,70
165,282,1,166,3,931,7,30
166,282,1,167,2,933,1,20
167,282,1,168,5,938,1,50
168,282,1,169,9,947,1,90
169,282,1,170,4,951,1,40
170,282,1,171,5,956,7,50
171,282,1,172,5,961,1,50
172,282,1,173,3,964,1,30
173,282,1,174,2,966,6,20
174,282,1,175,4,970,1,40
175,282,1,176,6,976,5,60
176,282,1,177,5,981,1,50
177,282,1,178,5,986,1,50
178,282,1,179,5,991,4,50
179,282,1,180,4,995,5,40
180,282,1,181,7,1002,1,70
181,282,1,182,7,1009,1,70
182,282,1,183,3,1012,1,30
183,282,1,184,2,1014,1,20
184,282,1,185,2,1016,1,20
185,282,1,186,6,1022,1,60
186,282,1,187,7,1029,10,70
187,282,1,188,8,1037,1,80
188,282,1,189,8,1045,1,80
189,282,1,190,9,1054,1,90
190,282,1,191,5,1059,10,50
191,282,1,192,6,1065,1,60
192,282,1,193,2,1067,1,20
193,282,1,194,8,1075,1,80
194,282,1,195,2,1077,8,20
195,282,1,196,6,1083,1,60
196,282,1,197,8,1091,1,80
197,282,1,198,2,1093,1,20
198,282,1,199,2,1095,7,20
199,282,1,200,9,1104,1,90
200,282,1,201,8,1112,8,80
201,282,1,202,6,1118,1,60
202,282,1,203,4,1122,6,40
203,282,1,204,8,1130,1,80
204,282,1,205,5,1135,1,50
205,282,1,206,3,1138,7,30
206,282,1,207,2,1140,1,20
207,282,1,208,6,1146,1,60
208,282,1,209,7,1153,1,70
209,282,1,210,9,1162,1,90
210,282,1,211,2,1164,1,20
211,282,1,212,2,1166,1,20
212,282,1,213,9,1175,1,90
213,282,1,214,4,1179,1,40
214,282,1,215,7,1186,1,70
215,282,1,216,6,1192,1,60
216,282,1,217,3,1195,1,30
217,282,1,218,7,1202,1,70
218,282,1,219,4,1206,32,40
219,282,1,220,7,1213,1,70
220,282,1,221,7,1220,13,70
221,282,1,222,5,1225,1,50
222,282,1,223,4,1229,1,40
223,282,1,224,6,1235,1,60
224,282,1,225,6,1241,1,60
225,282,1,226,4,1245,1,40
226,282,1,227,6,1251,1,60
227,282,1,228,8,1259,1,80
228,282,1,229,2,1261,1,20
229,282,1,230,8,1269,1,80
230,282,1,231,9,1278,1,90
231,282,1,232,8,1286,25,80
232,282,1,233,2,1288,4,20
233,282,1,234,8,1296,1,80
234,282,1,235,3,1299,1,30
235,282,1,236,6,1305,4,60
236,282,1,237,8,1313,1,80
237,282,1,238,4,1317,8,40
238,282,1,239,6,1323,1,60
239,282,1,240,6,1329,1,60
240,282,1,241,3,1332,1,30
241,282,1,242,6,1338,1,60
242,282,1,243,7,1345,13,70
243,282,1,244,9,1354,4,90
244,282,1,245,3,1357,1,30
245,282,1,246,5,1362,1,50
246,282,1,247,3,1365,1,30
247,282,1,248,7,1372,7,70
248,282,1,249,8,1380,5,80
249,282,1,250,8,1388,1,80
250,282,1,251,8,1396,2,80
251,282,1,252,3,1399,1,30
252,282,1,253,2,1401,1,20
253,282,1,254,2,1403,1,20
254,282,1,255,2,1405,0,20
255,282,1,256,3,1408,1,30
256,282,1,257,4,1412,2,40
257,282,1,258,9,1421,4,90
258,282,1,259,8,1429,1,80
259,282,1,260,8,1437,1,80
260,282,1,261,8,1445,1,80
261,282,1,262,9,1454,1,90
262,282,1,263,4,1458,1,40
263,282,1,264,6,1464,1,60
264,282,1,265,4,1468,1,40
265,282,1,266,4,1472,1,40
266,282,1,267,7,1479,17,70
267,282,1,268,4,1483,6,40
268,282,1,269,2,1485,1,20
269,282,1,270,3,1488,1,30
270,282,1,271,3,1491,5,30
271,282,1,272,2,1493,1,20
272,282,1,273,6,1499,1,60
273,282,1,274,3,1502,1,30
274,282,1,275,6,1508,1,60
275,282,1,276,2,1510,1,20
276,282,1,277,4,1514,2,40
277,282,1,278,6,1520,1,60
278,282,1,279,3,1523,0,30
279,282,1,280,4,1527,1,40
280,282,1,281,5,1532,1,50
281,282,1,282,9,1541,6,90
282,282,1,283,7,1548,1,70
283,282,1,284,8,1556,1,80
284,282,1,285,7,1563,1,70
285,282,1,286,4,1567,1,40
286,282,1,287,5,1572,1,50
287,282,1,288,9,1581,1,90
288,282,1,289,3,1584,1,30
289,282,1,290,3,1587,21,30
290,282,1,291,9,1596,1,90
291,282,1,292,8,1604,1,80
292,282,1,293,8,1612,1,80
293,282,1,294,4,1616,1,40
294,282,1,295,6,1622,1,60
295,282,1,296,7,1629,1,70
296,282,1,297,3,1632,1,30
297,282,1,298,9,1641,1,90
298,282,1,299,8,1649,1,80
299,282,1,300,2,1651,31,20
300,282,1,301,8,1659,1,80
301,282,1,302,3,1662,1,30
302,282,1,303,2,1664,5,20
303,282,1,304,8,1672,1,80
304,282,1,305,8,1680,1,80
305,282,1,306,3,1683,1,30
306,282,1,307,9,1692,1,90
307,282,1,308,7,1699,1,70
308,282,1,309,2,1701,1,20
309,282,1,310,6,1707,1,60
310,282,1,311,6,1713,1,60
311,282,1,312,6,1719,1,60
312,282,1,313,9,1728,1,90
313,282,1,314,8,1736,1,80
314,282,1,315,9,1745,1,90
315,282,1,316,4,1749,1,40
316,282,1,317,2,1751,16,20
317,282,1,318,2,1753,3,20
318,282,1,319,5,1758,1,50
319,282,1,320,6,1764,1,60
320,282,1,321,6,1770,1,60
321,282,1,322,5,1775,1,50
322,282,1,323,9,1784,1,90
323,282,1,324,8,1792,1,80
324,282,1,325,3,1795,1,30
325,282,1,326,6,1801,1,60
326,282,1,327,4,1805,1,40
327,282,1,328,3,1808,1,30
328,282,1,329,4,1812,1,40
329,282,1,330,3,1815,1,30
330,282,1,331,5,1820,1,50
331,282,1,332,6,1826,1,60
332,282,1,333,2,1828,1,20
333,282,1,334,7,1835,29,70
334,282,1,335,5,1840,1,50
335,282,1,336,6,1846,1,60
336,282,1,337,4,1850,1,40
337,282,1,338,4,1854,1,40
338,282,1,339,5,1859,1,50
339,282,1,340,3,1862,1,30
340,282,1,341,8,1870,1,80
341,282,1,342,8,1878,1,80
342,282,1,343,2,1880,19,20
343,282,1,344,6,1886,1,60
344,282,1,345,6,1892,5,60
345,282,1,346,2,1894,1,20
346,282,1,347,4,1898,1,40
347,282,1,348,7,1905,1,70
348,282,1,349,7,1912,4,70
349,282,1,350,7,1919,5,70
350,282,1,351,4,1923,4,40
351,282,1,352,6,1929,2,60
352,282,1,353,4,1933,1,40
353,282,1,354,2,1935,1,20
354,282,1,355,4,1939,1,40
355,282,1,356,2,1941,1,20
356,282,1,357,9,1950,1,90
357,282,1,358,3,1953,1,30
358,282,1,359,4,1957,1,40
359,282,1,360,5,1962,1,50
360,282,1,361,3,1965,1,30
361,282,1,362,9,1974,1,90
362,282,1,363,4,1978,1,40
363,282,1,364,3,1981,1,30
364,282,1,365,3,1984,1,30
365,282,1,366,8,1992,1,80
366,282,1,367,2,1994,16,20
367,282,1,368,5,1999,1,50
368,282,1,369,2,2001,1,20
369,282,1,370,3,2004,5,30
370,282,1,371,7,2011,1,70
371,282,1,372,6,2017,1,60
372,282,1,373,4,2021,1,40
373,282,1,374,5,2026,1,50
374,282,1,375,9,2035,1,90
375,282,1,376,7,2042,1,70
376,282,1,377,9,2051,1,90
377,282,1,378,4,2055,1,40
378,282,1,379,3,2058,1,30
379,282,1,380,3,2061,17,30
380,282,1,381,2,2063,1,20
381,282,1,382,9,2072,5,90
382,282,1,383,9,2081,6,90
383,282,1,384,6,2087,1,60
384,282,1,385,4,2091,1,40
385,282,1,386,7,2098,1,70
386,282,1,387,8,2106,1,80
387,282,1,388,3,2109,1,30
388,282,1,389,7,2116,11,70
389,282,1,390,2,2118,1,20
390,282,1,391,9,2127,8,90
391,282,1,392,4,2131,1,40
392,282,1,393,6,2137,7,60
393,282,1,394,9,2146,1,90
394,282,1,395,5,2151,1,50
395,282,1,396,6,2157,1,60
396,282,1,397,7,2164,1,70
397,282,1,398,4,2168,1,40
398,282,1,399,5,2173,1,50
399,282,1,400,2,2175,1,20
400,282,1,401,9,2184,1,90
401,282,1,402,4,2188,14,40
402,282,1,403,7,2195,1,70
403,282,1,404,6,2201,1,60
404,282,1,405,5,2206,1,50
405,282,1,406,6,2212,11,60
406,282,1,407,3,2215,4,30
407,282,1,408,5,2220,3,50
408,282,1,409,5,2225,1,50
409,282,1,410,3,2228,1,30
410,282,1,411,8,2236,1,80
411,282,1,412,3,2239,1,30
412,282,1,413,3,2242,2,30
413,282,1,414,2,2244,1,20
414,282,1,415,5,2249,1,50
415,282,1,416,7,2256,1,70
416,282,1,417,6,2262,1,60
417,282,1,418,5,2267,6,50
418,282,1,419,5,2272,1,50
419,282,1,420,7,2279,1,70
420,282,1,421,4,2283,1,40
421,282,1,422,8,2291,1,80
422,282,1,423,4,2295,9,40
423,282,1,424,7,2302,1,70
424,282,1,425,9,2311,7,90
425,282,1,426,8,2319,1,80
426,282,1,427,7,2326,6,70
427,282,1,428,2,2328,1,20
428,282,1,429,9,2337,1,90
429,282,1,430,6,2343,1,60
430,282,1,431,4,2347,4,40
431,282,1,432,8,2355,1,80
432,282,1,433,3,2358,1,30
433,282,1,434,6,2364,8,60
434,282,1,435,8,2372,0,80
435,282,1,436,3,2375,3,30
436,282,1,437,2,2377,2,20
437,282,1,438,5,2382,1,50
438,282,1,439,7,2389,3,70
439,282,1,440,5,2394,1,50
440,282,1,441,3,2397,2,30
441,282,1,442,8,2405,1,80
442,282,1,443,3,2408,1,30
443,282,1,444,8,2416,1,80
444,282,1,445,5,2421,1,50
445,282,1,446,6,2427,1,60
446,282,1,447,4,2431,1,40
447,282,1,448,6,2437,1,60
448,282,1,449,6,2443,1,60
449,282,1,450,7,2450,1,70
450,282,1,451,4,2454,22,40
451,282,1,452,5,2459,1,50
452,282,1,453,2,2461,1,20
453,282,1,454,5,2466,1,50
454,282,1,455,4,2470,1,40
455,282,1,456,7,2477,12,70
456,282,1,457,2,2479,1,20
457,282,1,458,6,2485,1,60
458,282,1,459,4,2489,1,40
459,282,1,460,2,2491,1,20
460,282,1,461,3,2494,1,30
461,282,1,462,6,2500,1,60
462,282,1,463,9,2509,1,90
463,282,1,464,7,2516,1,70
464,282,1,465,8,2524,1,80
465,282,1,466,4,2528,1,40
466,282,1,467,5,2533,1,50
467,282,1,468,2,2535,1,20
468,282,1,469,9,2544,1,90
469,282,1,470,5,2549,21,50
470,282,1,471,5,2554,1,50
471,282,1,472,5,2559,1,50
472,282,1,473,5,2564,1,50
473,282,1,474,8,2572,4,80
474,282,1,475,6,2578,1,60
475,282,1,476,8,2586,8,80
476,282,1,477,2,2588,1,20
477,282,1,478,8,2596,1,80
478,282,1,479,3,2599,1,30
479,282,1,480,5,2604,1,50
480,282,1,481,5,2609,1,50
481,282,1,482,2,2611,1,20
482,282,1,483,6,2617,1,60
483,282,1,484,3,2620,1,30
484,282,1,485,6,2626,12,60
485,282,1,486,6,2632,1,60
486,282,1,487,9,2641,6,90
487,282,1,488,2,2643,1,20
488,282,1,489,6,2649,1,60
489,282,1,490,5,2654,1,50
490,282,1,491,3,2657,3,30
491,282,1,492,2,2659,1,20
492,282,1,493,6,2665,1,60
493,282,1,494,8,2673,1,80
494,282,1,495,6,2679,1,60
495,282,1,496,5,2684,8,50
496,282,1,497,6,2690,2,60
497,282,1,498,9,2699,1,90
498,282,1,499,7,2706,6,70
499,282,1,500,6,2712,4,60
500,282,1,501,7,2719,5,70
501,282,1,502,4,2723,2,40
502,282,1,503,5,2728,1,50
503,282,1,504,3,2731,1,30
504,282,1,505,2,2733,2,20
505,282,1,506,3,2736,1,30
506,282,1,507,4,2740,1,40
507,282,1,508,7,2747,1,70
508,282,1,509,7,2754,8,70
509,282,1,510,2,2756,1,20
510,282,1,511,8,2764,1,80
511,282,1,512,4,2768,1,40
512,282,1,513,8,2776,1,80
513,282,1,514,8,2784,5,80
514,282,1,515,6,2790,1,60
515,282,1,516,8,2798,1,80
516,282,1,517,7,2805,1,70
517,282,1,518,6,2811,11,60
518,282,1,519,7,2818,1,70
519,282,1,520,6,2824,1,60
520,282,1,521,8,2832,13,80
521,282,1,522,9,2841,3,90
522,282,1,523,4,2845,3,40
523,282,1,524,8,2853,1,80
524,282,1,525,7,2860,1,70
525,282,1,526,4,2864,1,40
526,282,1,527,9,2873,10,90
527,282,1,528,2,2875,1,20
528,282,1,529,8,2883,1,80
529,282,1,530,4,2887,8,40
530,282,1,531,7,2894,1,70
531,282,1,532,6,2900,1,60
532,282,1,533,7,2907,1,70
533,282,1,534,3,2910,11,30
534,282,1,535,8,2918,1,80
535,282,1,536,3,2921,1,30
536,282,1,537,9,2930,1,90
537,282,1,538,8,2938,1,80
538,282,1,539,7,2945,1,70
539,282,1,540,4,2949,1,40
540,282,1,541,3,2952,11,30
541,282,1,542,5,2957,1,50
542,282,1,543,2,2959,2,20
543,282,1,544,6,2965,4,60
544,282,1,545,2,2967,1,20
545,282,1,546,6,2973,5,60
546,282,1,547,6,2979,1,60
547,282,1,548,5,2984,1,50
548,282,1,549,5,2989,1,50
549,282,1,550,4,2993,8,40
550,282,1,551,8,3001,1,80
551,282,1,552,2,3003,1,20
552,282,1,553,9,3012,6,90
553,282,1,554,3,3015,1,30
554,282,1,555,7,3022,1,70
555,282,1,556,8,3030,1,80
556,282,1,557,5,3035,10,50
557,282,1,558,3,3038,1,30
558,282,1,559,2,3040,1,20
559,282,1,560,6,3046,1,60
560,282,1,561,5,3051,1,50
561,282,1,562,4,3055,4,40
562,282,1,563,4,3059,1,40
563,282,1,564,5,3064,1,50
564,282,1,565,7,3071,4,70
565,282,1,566,3,3074,1,30
566,282,1,567,6,3080,9,60
567,282,1,568,7,3087,3,70
568,282,1,569,8,3095,1,80
569,282,1,570,2,3097,1,20
570,282,1,571,8,3105,7,80
571,282,1,572,9,3114,1,90
572,282,1,573,2,3116,1,20
573,282,1,574,5,3121,1,50
574,282,1,575,3,3124,1,30
575,282,1,576,7,3131,7,70
576,282,1,577,7,3138,4,70
577,282,1,578,5,3143,1,50
578,282,1,579,9,3152,1,90
579,282,1,580,7,3159,1,70
580,282,1,581,4,3163,1,40
581,282,1,582,9,3172,1,90
582,282,1,583,3,3175,1,30
583,282,1,584,3,3178,10,30
584,282,1,585,2,3180,1,20
585,282,1,586,2,3182,0,20
586,282,1,587,4,3186,1,40
587,282,1,588,6,3192,2,60
588,282,1,589,8,3200,1,80
589,282,1,590,8,3208,1,80
590,282,1,591,2,3210,8,20
591,282,1,592,7,3217,2,70
592,282,1,593,9,3226,1,90
593,282,1,594,7,3233,1,70
594,282,1,595,3,3236,1,30
595,282,1,596,6,3242,10,60
596,282,1,597,6,3248,1,60
597,282,1,598,9,3257,13,90
598,282,1,599,6,3263,1,60
599,282,1,600,2,3265,2,20
600,282,1,601,6,3271,1,60
601,282,1,602,4,3275,1,40
602,282,1,603,2,3277,1,20
603,282,1,604,7,3284,1,70
604,282,1,605,6,3290,1,60
605,282,1,606,7,3297,1,70
606,282,1,607,2,3299,1,20
607,282,1,608,5,3304,1,50
608,282,1,609,8,3312,1,80
609,282,1,610,8,3320,18,80
610,282,1,611,5,3325,1,50
611,282,1,612,5,3330,1,50
612,282,1,613,8,3338,1,80
613,282,1,614,2,3340,12,20
614,282,1,615,9,3349,1,90
615,282,1,616,4,3353,1,40
616,282,1,617,7,3360,8,70
617,282,1,618,4,3364,3,40
618,282,1,619,3,3367,1,30
619,282,1,620,8,3375,8,80
620,282,1,621,5,3380,4,50
621,282,1,622,8,3388,1,80
622,282,1,623,8,3396,1,80
623,282,1,624,8,3404,1,80
624,282,1,625,6,3410,1,60
625,282,1,626,8,3418,1,80
626,282,1,627,4,3422,17,40
627,282,1,628,9,3431,7,90
628,282,1,629,5,3436,1,50
629,282,1,630,7,3443,1,70
630,282,1,631,8,3451,1,80
631,282,1,632,2,3453,1,20
632,282,1,633,4,3457,1,40
633,282,1,634,6,3463,1,60
634,282,1,635,4,3467,1,40
635,282,1,636,8,3475,1,80
636,282,1,637,9,3484,1,90
637,282,1,638,9,3493,1,90
638,282,1,639,8,3501,1,80
639,282,1,640,9,3510,1,90
640,282,1,641,6,3516,1,60
641,282,1,642,5,3521,1,50
642,282,1,643,7,3528,33,70
643,282,1,644,4,3532,1,40
644,282,1,645,3,3535,1,30
645,282,1,646,4,3539,1,40
646,282,1,647,2,3541,12,20
647,282,1,648,8,3549,1,80
648,282,1,649,7,3556,1,70
649,282,1,650,7,3563,1,70
650,282,1,651,4,3567,1,40
651,282,1,652,2,3569,8,20
652,282,1,653,9,3578,1,90
653,282,1,654,7,3585,1,70
654,282,1,655,9,3594,1,90
655,282,1,656,7,3601,1,70
656,282,1,657,3,3604,1,30
657,282,1,658,4,3608,13,40
658,282,1,659,6,3614,1,60
659,282,1,660,9,3623,1,90
660,282,1,661,8,3631,1,80
661,282,1,662,8,3639,1,80
662,282,1,663,8,3647,14,80
663,282,1,664,6,3653,5,60
664,282,1,665,3,3656,1,30
665,282,1,666,4,3660,7,40
666,282,1,667,9,3669,1,90
667,282,1,668,7,3676,1,70
668,282,1,669,9,3685,1,90
669,282,1,670,9,3694,11,90
670,282,1,671,8,3702,8,80
671,282,1,672,3,3705,1,30
672,282,1,673,9,3714,1,90
673,282,1,674,9,3723,1,90
674,282,1,675,7,3730,1,70
675,282,1,676,7,3737,1,70
676,282,1,677,6,3743,16,60
677,282,1,678,3,3746,1,30
678,282,1,679,5,3751,1,50
679,282,1,680,4,3755,1,40
680,282,1,681,6,3761,1,60
681,282,1,682,9,3770,1,90
682,282,1,683,3,3773,1,30
683,282,1,684,6,3779,1,60
684,282,1,685,5,3784,1,50
685,282,1,686,9,3793,1,90
686,282,1,687,5,3798,11,50
687,282,1,688,4,3802,1,40
688,282,1,689,5,3807,1,50
689,282,1,690,9,3816,1,90
690,282,1,691,4,3820,1,40
691,282,1,692,4,3824,9,40
692,282,1,693,6,3830,1,60
693,282,1,694,5,3835,1,50
694,282,1,695,8,3843,1,80
695,282,1,696,6,3849,1,60
696,282,1,697,9,3858,10,90
697,282,1,698,4,3862,1,40
698,282,1,699,2,3864,1,20
699,282,1,700,4,3868,3,40
700,282,1,701,6,3874,1,60
701,282,1,702,4,3878,1,40
702,282,1,703,4,3882,1,40
703,282,1,704,2,3884,1,20
704,282,1,705,5,3889,1,50
705,282,1,706,6,3895,12,60
706,282,1,707,9,3904,1,90
707,282,1,708,2,3906,1,20
708,282,1,709,3,3909,7,30
709,282,1,710,4,3913,2,40
710,282,1,711,2,3915,1,20
711,282,1,712,3,3918,0,30
712,282,1,713,7,3925,1,70
713,282,1,714,9,3934,1,90
714,282,1,715,5,3939,8,50
715,282,1,716,3,3942,0,30
716,282,1,717,2,3944,1,20
717,282,1,718,7,3951,2,70
718,282,1,719,9,3960,1,90
719,282,1,720,4,3964,1,40
720,282,1,721,7,3971,1,70
721,282,1,722,7,3978,1,70
722,282,1,723,8,3986,14,80
723,282,1,724,8,3994,1,80
724,282,1,725,8,4002,1,80
725,282,1,726,3,4005,7,30
726,282,1,727,6,4011,1,60
727,282,1,728,6,4017,4,60
728,282,1,729,4,4021,1,40
729,282,1,730,6,4027,4,60
730,282,1,731,5,4032,1,50
731,282,1,732,3,4035,0,30
732,282,1,733,9,4044,4,90
733,282,1,734,6,4050,6,60
734,282,1,735,4,4054,1,40
735,282,1,736,3,4057,1,30
736,282,1,737,5,4062,0,50
737,282,1,738,8,4070,1,80
738,282,1,739,6,4076,1,60
739,282,1,740,9,4085,3,90
740,282,1,741,2,4087,1,20
741,282,1,742,2,4089,2,20
742,282,1,743,9,4098,1,90
743,282,1,744,8,4106,1,80
744,282,1,745,5,4111,1,50
745,282,1,746,2,4113,1,20
746,282,1,747,5,4118,1,50
747,282,1,748,6,4124,1,60
748,282,1,749,9,4133,1,90
749,282,1,750,7,4140,1,70
750,282,1,751,2,4142,1,20
751,282,1,752,2,4144,1,20
752,282,1,753,2,4146,18,20
753,282,1,754,5,4151,2,50
754,282,1,755,9,4160,1,90
755,282,1,756,4,4164,1,40
756,282,1,757,5,4169,6,50
757,282,1,758,6,4175,1,60
758,282,1,759,5,4180,1,50
759,282,1,760,2,4182,1,20
760,282,1,761,6,4188,1,60
761,282,1,762,3,4191,1,30
762,282,1,763,9,4200,1,90
763,282,1,764,7,4207,10,70
764,282,1,765,9,4216,1,90
765,282,1,766,2,4218,6,20
766,282,1,767,6,4224,4,60
767,282,1,768,3,4227,1,30
768,282,1,769,6,4233,1,60
769,282,1,770,7,4240,1,70
770,282,1,771,5,4245,7,50
771,282,1,772,6,4251,1,60
772,282,1,773,5,4256,1,50
773,282,1,774,6,4262,8,60
774,282,1,775,5,4267,1,50
775,282,1,776,3,4270,4,30
776,282,1,777,9,4279,1,90
777,282,1,778,4,4283,1,40
778,282,1,779,2,4285,7,20
779,282,1,780,4,4289,3,40
780,282,1,781,6,4295,1,60
781,282,1,782,9,4304,1,90
782,282,1,783,8,4312,1,80
783,282,1,784,6,4318,1,60
784,282,1,785,9,4327,1,90
785,282,1,786,9,4336,1,90
786,282,1,787,9,4345,1,90
787,282,1,788,8,4353,1,80
788,282,1,789,4,4357,23,40
789,282,1,790,4,4361,1,40
790,282,1,791,7,4368,6,70
791,282,1,792,8,4376,2,80
792,282,1,793,2,4378,1,20
793,282,1,794,6,4384,1,60
794,282,1,795,9,4393,1,90
795,282,1,796,9,4402,10,90
796,282,1,797,5,4407,1,50
797,282,1,798,8,4415,1,80
798,282,1,799,3,4418,1,30
799,282,1,800,3,4421,1,30
800,282,1,801,3,4424,1,30
801,282,1,802,4,4428,14,40
802,282,1,803,7,4435,1,70
803,282,1,804,6,4441,1,60
804,282,1,805,7,4448,1,70
805,282,1,806,3,4451,8,30
806,282,1,807,4,4455,1,40
807,282,1,808,8,4463,5,80
808,282,1,809,7,4470,1,70
809,282,1,810,7,4477,1,70
810,282,1,811,8,4485,1,80
811,282,1,812,9,4494,1,90
812,282,1,813,5,4499,17,50
813,282,1,814,6,4505,4,60
814,282,1,815,5,4510,1,50
815,282,1,816,9,4519,4,90
816,282,1,817,9,4528,1,90
817,282,1,818,5,4533,1,50
818,282,1,819,4,4537,1,40
819,282,1,820,7,4544,1,70
820,282,1,821,9,4553,1,90
821,282,1,822,5,4558,1,50
822,282,1,823,4,4562,1,40
823,282,1,824,7,4569,1,70
824,282,1,825,9,4578,1,90
825,282,1,826,7,4585,1,70
826,282,1,827,4,4589,1,40
827,282,1,828,9,4598,29,90
828,282,1,829,4,4602,10,40
829,282,1,830,2,4604,1,20
830,282,1,831,9,4613,1,90
831,282,1,832,8,4621,1,80
832,282,1,833,3,4624,4,30
833,282,1,834,3,4627,1,30
834,282,1,835,8,4635,1,80
835,282,1,836,3,4638,1,30
836,282,1,837,8,4646,1,80
837,282,1,838,2,4648,8,20
838,282,1,839,4,4652,1,40
839,282,1,840,5,4657,4,50
840,282,1,841,5,4662,1,50
841,282,1,842,3,4665,1,30
842,282,1,843,6,4671,3,60
843,282,1,844,9,4680,1,90
844,282,1,845,4,4684,1,40
845,282,1,846,4,4688,1,40
846,282,1,847,8,4696,1,80
847,282,1,848,8,4704,1,80
848,282,1,849,3,4707,1,30
849,282,1,850,7,4714,1,70
850,282,1,851,2,4716,1,20
851,282,1,852,2,4718,1,20
852,282,1,853,6,4724,1,60
853,282,1,854,4,4728,1,40
854,282,1,855,8,4736,1,80
855,282,1,856,6,4742,1,60
856,282,1,857,9,4751,35,90
857,282,1,858,6,4757,1,60
858,282,1,859,9,4766,1,90
859,282,1,860,5,4771,1,50
860,282,1,861,3,4774,15,30
861,282,1,862,8,4782,1,80
862,282,1,863,3,4785,7,30
863,282,1,864,4,4789,9,40
864,282,1,865,6,4795,1,60
865,282,1,866,5,4800,1,50
866,282,1,867,4,4804,1,40
867,282,1,868,7,4811,1,70
868,282,1,869,5,4816,5,50
869,282,1,870,2,4818,1,20
870,282,1,871,5,4823,1,50
871,282,1,872,5,4828,1,50
872,282,1,873,4,4832,5,40
873,282,1,874,6,4838,1,60
874,282,1,875,7,4845,1,70
875,282,1,876,3,4848,1,30
876,282,1,877,6,4854,1,60
877,282,1,878,6,4860,7,60
878,282,1,879,3,4863,4,30
879,282,1,880,4,4867,1,40
880,282,1,881,5,4872,1,50
881,282,1,882,8,4880,9,80
882,282,1,883,5,4885,1,50
883,282,1,884,2,4887,1,20
884,282,1,885,2,4889,1,20
885,282,1,886,9,4898,1,90
886,282,1,887,8,4906,1,80
887,282,1,888,2,4908,1,20
888,282,1,889,4,4912,8,40
889,282,1,890,5,4917,6,50
890,282,1,891,9,4926,1,90
891,282,1,892,8,4934,7,80
892,282,1,893,9,4943,1,90
893,282,1,894,8,4951,10,80
894,282,1,895,2,4953,1,20
895,282,1,896,5,4958,1,50
896,282,1,897,2,4960,1,20
897,282,1,898,7,4967,7,70
898,282,1,899,4,4971,1,40
899,282,1,900,2,4973,3,20
900,282,1,901,2,4975,1,20
901,282,1,902,7,4982,1,70
902,282,1,903,3,4985,1,30
903,282,1,904,3,4988,1,30
904,282,1,905,6,4994,7,60
905,282,2,1,7,7,1,70
906,282,2,2,2,9,1,20
907,282,2,3,6,15,1,60
908,282,2,4,5,20,1,50
909,282,2,5,7,27,1,70
910,282,2,6,3,30,8,30
911,282,2,7,5,35,1,50
912,282,2,8,5,40,1,50
913,282,2,9,6,46,1,60
914,282,2,10,7,53,5,70
915,282,2,11,6,59,1,60
916,282,2,12,2,61,1,20
917,282,2,13,5,66,1,50
918,282,2,14,7,73,1,70
919,282,2,15,4,77,1,40
920,282,2,16,9,86,4,90
921,282,2,17,6,92,1,60
922,282,2,18,5,97,1,50
923,282,2,19,2,99,1,20
924,282,2,20,8,107,1,80
925,282,2,21,5,112,1,50
926,282,2,22,5,117,12,50
927,282,2,23,5,122,1,50
928,282,2,24,2,124,4,20
929,282,2,25,5,129,2,50
930,282,2,26,7,136,5,70
931,282,2,27,5,141,1,50
932,282,2,28,4,145,1,40
933,282,2,29,4,149,5,40
934,282,2,30,7,156,1,70
935,282,2,31,5,161,1,50
936,282,2,32,3,164,1,30
937,282,2,33,6,170,1,60
938,282,2,34,2,172,1,20
939,282,2,35,4,176,1,40
940,282,2,36,4,180,1,40
941,282,2,37,4,184,1,40
942,282,2,38,3,187,1,30
943,282,2,39,5,192,1,50
944,282,2,40,4,196,1,40
945,282,2,41,9,205,1,90
946,282,2,42,4,209,15,40
947,282,2,43,2,211,1,20
948,282,2,44,6,217,1,60
949,282,2,45,2,219,1,20
950,282,2,46,6,225,8,60
951,282,2,47,4,229,1,40
952,282,2,48,7,236,6,70
953,282,2,49,8,244,1,80
954,282,2,50,3,247,1,30
955,282,2,51,5,252,1,50
956,282,2,52,3,255,1,30
957,282,2,53,9,264,1,90
958,282,2,54,6,270,1,60
959,282,2,55,9,279,11,90
960,282,2,56,3,282,1,30
961,282,2,57,4,286,1,40
962,282,2,58,2,288,1,20
963,282,2,59,3,291,1,30
964,282,2,60,6,297,5,60
965,282,2,61,7,304,1,70
966,282,2,62,5,309,1,50
967,282,2,63,2,311,1,20
968,282,2,64,6,317,1,60
969,282,2,65,2,319,8,20
970,282,2,66,5,324,1,50
971,282,2,67,2,326,1,20
972,282,2,68,2,328,2,20
973,282,2,69,9,337,1,90
974,282,2,70,6,343,6,60
975,282,2,71,7,350,1,70
976,282,2,72,8,358,1,80
977,282,2,73,5,363,8,50
978,282,2,74,9,372,6,90
979,282,2,75,9,381,2,90
980,282,2,76,8,389,1,80
981,282,2,77,3,392,1,30
982,282,2,78,2,394,1,20
983,282,2,79,8,402,1,80
984,282,2,80,6,408,1,60
985,282,2,81,6,414,1,60
986,282,2,82,5,419,1,50
987,282,2,83,7,426,1,70
988,282,2,84,8,434,13,80
989,282,2,85,7,441,4,70
990,282,2,86,4,445,1,40
991,282,2,87,5,450,1,50
992,282,2,88,2,452,1,20
993,282,2,89,5,457,10,50
994,282,2,90,3,460,1,30
995,282,2,91,6,466,1,60
996,282,2,92,6,472,1,60
997,282,2,93,2,474,1,20
998,282,2,94,9,483,1,90
999,282,2,95,7,490,18,70
1000,282,2,96,7,497,1,70
1001,282,2,97,2,499,7,20
1002,282,2,98,6,505,1,60
1003,282,2,99,7,512,6,70
1004,282,2,100,6,518,1,60
1005,282,2,101,6,524,1,60
1006,282,2,102,5,529,1,50
1007,282,2,103,3,532,7,30
1008,282,2,104,5,537,1,50
1009,282,2,105,2,539,1,20
1010,282,2,106,5,544,4,50
1011,282,2,107,6,550,1,60
1012,282,2,108,2,552,1,20
1013,282,2,109,9,561,1,90
1014,282,2,110,2,563,1,20
1015,282,2,111,4,567,1,40
1016,282,2,112,4,571,1,40
1017,282,2,113,2,573,1,20
1018,282,2,114,2,575,1,20
1019,282,2,115,7,582,1,70
1020,282,2,116,9,591,1,90
1021,282,2,117,8,599,1,80
1022,282,2,118,7,606,1,70
1023,282,2,119,6,612,21,60
1024,282,2,120,8,620,1,80
1025,282,2,121,8,628,1,80
1026,282,2,122,2,630,1,20
1027,282,2,123,8,638,1,80
1028,282,2,124,5,643,12,50
1029,282,2,125,9,652,1,90
1030,282,2,126,5,657,6,50
1031,282,2,127,7,664,1,70
1032,282,2,128,5,669,1,50
1033,282,2,129,2,671,6,20
1034,282,2,130,5,676,1,50
1035,282,2,131,5,681,1,50
1036,282,2,132,5,686,1,50
1037,282,2,133,7,693,11,70
1038,282,2,134,5,698,5,50
1039,282,2,135,9,707,1,90
1040,282,2,136,7,714,1,70
1041,282,2,137,5,719,7,50
1042,282,2,138,3,722,3,30
1043,282,2,139,5,727,1,50
1044,282,2,140,4,731,1,40
1045,282,2,141,2,733,1,20
1046,282,2,142,2,735,1,20
1047,282,2,143,6,741,5,60
1048,282,2,144,2,743,1,20
1049,282,2,145,7,750,0,70
1050,282,2,146,8,758,1,80
1051,282,2,147,9,767,1,90
1052,282,2,148,2,769,1,20
1053,282,2,149,7,776,1,70
1054,282,2,150,5,781,1,50
1055,282,2,151,7,788,1,70
1056,282,2,152,8,796,19,80
1057,282,2,153,5,801,6,50
1058,282,2,154,2,803,5,20
1059,282,2,155,3,806,1,30
1060,282,2,156,3,809,1,30
1061,282,2,157,9,818,3,90
1062,282,2,158,6,824,1,60
1063,282,2,159,2,826,1,20
1064,282,2,160,3,829,1,30
1065,282,2,161,8,837,6,80
1066,282,2,162,4,841,1,40
1067,282,2,163,8,849,1,80
1068,282,2,164,5,854,1,50
1069,282,2,165,4,858,1,40
1070,282,2,166,9,867,8,90
1071,282,2,167,3,870,1,30
1072,282,2,168,2,872,1,20
1073,282,2,169,5,877,1,50
1074,282,2,170,2,879,1,20
1075,282,2,171,6,885,1,60
1076,282,2,172,2,887,3,20
1077,282,2,173,7,894,3,70
1078,282,2,174,6,900,1,60
1079,282,2,175,3,903,1,30
1080,282,2,176,5,908,3,50
1081,282,2,177,6,914,1,60
1082,282,2,178,4,918,1,40
1083,282,2,179,5,923,1,50
1084,282,2,180,3,926,1,30
1085,282,2,181,3,929,5,30
1086,282,2,182,9,938,1,90
1087,282,2,183,3,941,3,30
1088,282,2,184,8,949,1,80
1089,282,2,185,5,954,1,50
1090,282,2,186,4,958,1,40
1091,282,2,187,2,960,11,20
1092,282,2,188,4,964,1,40
1093,282,2,189,9,973,1,90
1094,282,2,190,6,979,4,60
1095,282,2,191,3,982,1,30
1096,282,2,192,8,990,1,80
1097,282,2,193,5,995,1,50
1098,282,2,194,7,1002,9,70
1099,282,2,195,3,1005,1,30
1100,282,2,196,5,1010,1,50
1101,282,2,197,8,1018,1,80
1102,282,2,198,4,1022,1,40
1103,282,2,199,6,1028,1,60
1104,282,2,200,5,1033,11,50
1105,282,2,201,6,1039,1,60
1106,282,2,202,2,1041,1,20
1107,282,2,203,6,1047,5,60
1108,282,2,204,4,1051,1,40
1109,282,2,205,4,1055,1,40
1110,282,2,206,9,1064,1,90
1111,282,2,207,4,1068,1,40
1112,282,2,208,8,1076,1,80
1113,282,2,209,6,1082,1,60
1114,282,2,210,7,1089,1,70
1115,282,2,211,9,1098,1,90
1116,282,2,212,3,1101,1,30
1117,282,2,213,2,1103,1,20
1118,282,2,214,6,1109,1,60
1119,282,2,215,3,1112,1,30
1120,282,2,216,5,1117,1,50
1121,282,2,217,3,1120,1,30
1122,282,2,218,9,1129,1,90
1123,282,2,219,7,1136,1,70
1124,282,2,220,6,1142,1,60
1125,282,2,221,4,1146,1,40
1126,282,2,222,9,1155,45,90
1127,282,2,223,2,1157,1,20
1128,282,2,224,3,1160,1,30
1129,282,2,225,9,1169,1,90
1130,282,2,226,5,1174,1,50
1131,282,2,227,6,1180,7,60
1132,282,2,228,4,1184,1,40
1133,282,2,229,8,1192,1,80
1134,282,2,230,6,1198,1,60
1135,282,2,231,8,1206,1,80
1136,282,2,232,5,1211,10,50
1137,282,2,233,2,1213,1,20
1138,282,2,234,7,1220,1,70
1139,282,2,235,9,1229,1,90
1140,282,2,236,6,1235,12,60
1141,282,2,237,7,1242,10,70
1142,282,2,238,8,1250,1,80
1143,282,2,239,7,1257,1,70
1144,282,2,240,5,1262,1,50
1145,282,2,241,6,1268,1,60
1146,282,2,242,3,1271,5,30
1147,282,2,243,7,1278,1,70
1148,282,2,244,5,1283,1,50
1149,282,2,245,5,1288,1,50
1150,282,2,246,6,1294,1,60
1151,282,2,247,3,1297,1,30
1152,282,2,248,6,1303,1,60
1153,282,2,249,8,1311,1,80
1154,282,2,250,7,1318,1,70
1155,282,2,251,2,1320,1,20
1156,282,2,252,4,1324,1,40
1157,282,2,253,6,1330,1,60
1158,282,2,254,8,1338,1,80
1159,282,2,255,4,1342,1,40
1160,282,2,256,3,1345,1,30
1161,282,2,257,7,1352,1,70
1162,282,2,258,5,1357,14,50
1163,282,2,259,4,1361,6,40
1164,282,2,260,7,1368,1,70
1165,282,2,261,3,1371,3,30
1166,282,2,262,2,1373,1,20
1167,282,2,263,7,1380,1,70
1168,282,2,264,3,1383,1,30
1169,282,2,265,5,1388,8,50
1170,282,2,266,7,1395,3,70
1171,282,2,267,8,1403,1,80
1172,282,2,268,8,1411,1,80
1173,282,2,269,8,1419,1,80
1174,282,2,270,3,1422,1,30
1175,282,2,271,4,1426,1,40
1176,282,2,272,2,1428,1,20
1177,282,2,273,4,1432,1,40
1178,282,2,274,6,1438,1,60
1179,282,2,275,2,1440,15,20
1180,282,2,276,3,1443,4,30
1181,282,2,277,8,1451,1,80
1182,282,2,278,2,1453,1,20
1183,282,2,279,5,1458,6,50
1184,282,2,280,3,1461,1,30
1185,282,2,281,3,1464,4,30
1186,282,2,282,3,1467,1,30
1187,282,2,283,2,1469,1,20
1188,282,2,284,8,1477,1,80
1189,282,2,285,9,1486,1,90
1190,282,2,286,4,1490,1,40
1191,282,2,287,5,1495,8,50
1192,282,2,288,6,1501,6,60
1193,282,2,289,4,1505,1,40
1194,282,2,290,9,1514,1,90
1195,282,2,291,6,1520,4,60
1196,282,2,292,2,1522,1,20
1197,282,2,293,3,1525,1,30
1198,282,2,294,9,1534,2,90
1199,282,2,295,5,1539,1,50
1200,282,2,296,3,1542,1,30
1201,282,2,297,5,1547,6,50
1202,282,2,298,2,1549,1,20
1203,282,2,299,3,1552,1,30
1204,282,2,300,4,1556,1,40
1205,282,2,301,4,1560,1,40
1206,282,2,302,4,1564,1,40
1207,282,2,303,9,1573,1,90
1208,282,2,304,6,1579,1,60
1209,282,2,305,9,1588,7,90
1210,282,2,306,6,1594,1,60
1211,282,2,307,9,1603,4,90
1212,282,2,308,3,1606,1,30
1213,282,2,309,5,1611,1,50
1214,282,2,310,3,1614,1,30
1215,282,2,311,9,1623,1,90
1216,282,2,312,6,1629,1,60
1217,282,2,313,2,1631,10,20
1218,282,2,314,6,1637,1,60
1219,282,2,315,4,1641,1,40
1220,282,2,316,4,1645,1,40
1221,282,2,317,5,1650,1,50
1222,282,2,318,7,1657,1,70
1223,282,2,319,8,1665,13,80
1224,282,2,320,9,1674,1,90
1225,282,2,321,3,1677,1,30
1226,282,2,322,9,1686,1,90
1227,282,2,323,3,1689,1,30
1228,282,2,324,4,1693,1,40
1229,282,2,325,8,1701,1,80
1230,282,2,326,8,1709,1,80
1231,282,2,327,8,1717,1,80
1232,282,2,328,4,1721,20,40
1233,282,2,329,7,1728,1,70
1234,282,2,330,3,1731,1,30
1235,282,2,331,6,1737,1,60
1236,282,2,332,4,1741,6,40
1237,282,2,333,4,1745,1,40
1238,282,2,334,4,1749,1,40
1239,282,2,335,8,1757,6,80
1240,282,2,336,4,1761,1,40
1241,282,2,337,2,1763,1,20
1242,282,2,338,6,1769,1,60
1243,282,2,339,8,1777,1,80
1244,282,2,340,8,1785,1,80
1245,282,2,341,8,1793,1,80
1246,282,2,342,3,1796,13,30
1247,282,2,343,4,1800,1,40
1248,282,2,344,3,1803,2,30
1249,282,2,345,7,1810,1,70
1250,282,2,346,9,1819,7,90
1251,282,2,347,4,1823,1,40
1252,282,2,348,2,1825,1,20
1253,282,2,349,3,1828,1,30
1254,282,2,350,6,1834,1,60
1255,282,2,351,2,1836,1,20
1256,282,2,352,7,1843,1,70
1257,282,2,353,2,1845,2,20
1258,282,2,354,6,1851,1,60
1259,282,2,355,8,1859,1,80
1260,282,2,356,7,1866,9,70
1261,282,2,357,6,1872,1,60
1262,282,2,358,4,1876,1,40
1263,282,2,359,6,1882,1,60
1264,282,2,360,5,1887,1,50
1265,282,2,361,6,1893,9,60
1266,282,2,362,4,1897,1,40
1267,282,2,363,9,1906,1,90
1268,282,2,364,9,1915,10,90
1269,282,2,365,5,1920,1,50
1270,282,2,366,8,1928,5,80
1271,282,2,367,7,1935,1,70
1272,282,2,368,6,1941,1,60
1273,282,2,369,4,1945,6,40
1274,282,2,370,3,1948,3,30
1275,282,2,371,5,1953,1,50
1276,282,2,372,2,1955,1,20
1277,282,2,373,4,1959,1,40
1278,282,2,374,7,1966,1,70
1279,282,2,375,2,1968,6,20
1280,282,2,376,9,1977,1,90
1281,282,2,377,8,1985,1,80
1282,282,2,378,2,1987,1,20
1283,282,2,379,7,1994,1,70
1284,282,2,380,5,1999,8,50
1285,282,2,381,2,2001,1,20
1286,282,2,382,3,2004,1,30
1287,282,2,383,8,2012,1,80
1288,282,2,384,7,2019,2,70
1289,282,2,385,8,2027,1,80
1290,282,2,386,2,2029,5,20
1291,282,2,387,4,2033,0,40
1292,282,2,388,3,2036,1,30
1293,282,2,389,5,2041,1,50
1294,282,2,390,4,2045,1,40
1295,282,2,391,4,2049,1,40
1296,282,2,392,2,2051,10,20
1297,282,2,393,7,2058,1,70
1298,282,2,394,8,2066,1,80
1299,282,2,395,6,2072,1,60
1300,282,2,396,6,2078,1,60
1301,282,2,397,2,2080,9,20
1302,282,2,398,3,2083,3,30
1303,282,2,399,4,2087,1,40
1304,282,2,400,6,2093,4,60
1305,282,2,401,7,2100,1,70
1306,282,2,402,3,2103,1,30
1307,282,2,403,3,2106,6,30
1308,282,2,404,3,2109,1,30
1309,282,2,405,7,2116,1,70
1310,282,2,406,3,2119,1,30
1311,282,2,407,5,2124,1,50
1312,282,2,408,2,2126,1,20
1313,282,2,409,2,2128,1,20
1314,282,2,410,2,2130,1,20
1315,282,2,411,7,2137,1,70
1316,282,2,412,9,2146,8,90
1317,282,2,413,5,2151,9,50
1318,282,2,414,3,2154,1,30
1319,282,2,415,9,2163,1,90
1320,282,2,416,5,2168,1,50
1321,282,2,417,4,2172,1,40
1322,282,2,418,3,2175,1,30
1323,282,2,419,7,2182,5,70
1324,282,2,420,9,2191,1,90
1325,282,2,421,7,2198,1,70
1326,282,2,422,7,2205,1,70
1327,282,2,423,4,2209,1,40
1328,282,2,424,3,2212,12,30
1329,282,2,425,5,2217,1,50
1330,282,2,426,9,2226,1,90
1331,282,2,427,8,2234,1,80
1332,282,2,428,5,2239,12,50
1333,282,2,429,3,2242,1,30
1334,282,2,430,2,2244,1,20
1335,282,2,431,9,2253,1,90
1336,282,2,432,8,2261,1,80
1337,282,2,433,6,2267,1,60
1338,282,2,434,7,2274,9,70
1339,282,2,435,5,2279,1,50
1340,282,2,436,3,2282,11,30
1341,282,2,437,8,2290,1,80
1342,282,2,438,7,2297,1,70
1343,282,2,439,3,2300,1,30
1344,282,2,440,4,2304,1,40
1345,282,2,441,8,2312,1,80
1346,282,2,442,8,2320,1,80
1347,282,2,443,4,2324,1,40
1348,282,2,444,9,2333,1,90
1349,282,2,445,7,2340,1,70
1350,282,2,446,4,2344,1,40
1351,282,2,447,5,2349,19,50
1352,282,2,448,8,2357,1,80
1353,282,2,449,3,2360,1,30
1354,282,2,450,6,2366,1,60
1355,282,2,451,8,2374,1,80
1356,282,2,452,2,2376,10,20
1357,282,2,453,7,2383,5,70
1358,282,2,454,7,2390,4,70
1359,282,2,455,7,2397,1,70
1360,282,2,456,9,2406,1,90
1361,282,2,457,3,2409,1,30
1362,282,2,458,2,2411,1,20
1363,282,2,459,5,2416,1,50
1364,282,2,460,4,2420,7,40
1365,282,2,461,6,2426,1,60
1366,282,2,462,5,2431,1,50
1367,282,2,463,8,2439,1,80
1368,282,2,464,6,2445,12,60
1369,282,2,465,4,2449,1,40
1370,282,2,466,5,2454,4,50
1371,282,2,467,7,2461,1,70
1372,282,2,468,5,2466,1,50
1373,282,2,469,9,2475,1,90
1374,282,2,470,6,2481,1,60
1375,282,2,471,9,2490,1,90
1376,282,2,472,9,2499,1,90
1377,282,2,473,2,2501,13,20
1378,282,2,474,8,2509,1,80
1379,282,2,475,5,2514,1,50
1380,282,2,476,4,2518,1,40
1381,282,2,477,5,2523,1,50
1382,282,2,478,2,2525,6,20
1383,282,2,479,6,2531,1,60
1384,282,2,480,4,2535,8,40
1385,282,2,481,6,2541,1,60
1386,282,2,482,4,2545,1,40
1387,282,2,483,3,2548,1,30
1388,282,2,484,9,2557,1,90
1389,282,2,485,4,2561,1,40
1390,282,2,486,9,2570,1,90
1391,282,2,487,8,2578,11,80
1392,282,2,488,3,2581,1,30
1393,282,2,489,4,2585,1,40
1394,282,2,490,8,2593,1,80
1395,282,2,491,9,2602,1,90
1396,282,2,492,9,2611,1,90
1397,282,2,493,4,2615,1,40
1398,282,2,494,8,2623,1,80
1399,282,2,495,3,2626,1,30
1400,282,2,496,6,2632,1,60
1401,282,2,497,5,2637,1,50
1402,282,2,498,8,2645,27,80
1403,282,2,499,2,2647,1,20
1404,282,2,500,5,2652,1,50
1405,282,2,501,6,2658,1,60
1406,282,2,502,5,2663,1,50
1407,282,2,503,5,2668,6,50
1408,282,2,504,7,2675,5,70
1409,282,2,505,7,2682,1,70
1410,282,2,506,4,2686,1,40
1411,282,2,507,2,2688,1,20
1412,282,2,508,5,2693,1,50
1413,282,2,509,5,2698,1,50
1414,282,2,510,2,2700,9,20
1415,282,2,511,6,2706,1,60
1416,282,2,512,7,2713,1,70
1417,282,2,513,4,2717,1,40
1418,282,2,514,4,2721,1,40
1419,282,2,515,6,2727,1,60
1420,282,2,516,6,2733,1,60
1421,282,2,517,7,2740,10,70
1422,282,2,518,6,2746,1,60
1423,282,2,519,9,2755,1,90
1424,282,2,520,6,2761,1,60
1425,282,2,521,7,2768,1,70
1426,282,2,522,4,2772,1,40
1427,282,2,523,5,2777,1,50
1428,282,2,524,4,2781,1,40
1429,282,2,525,4,2785,1,40
1430,282,2,526,2,2787,21,20
1431,282,2,527,4,2791,1,40
1432,282,2,528,6,2797,1,60
1433,282,2,529,2,2799,1,20
1434,282,2,530,6,2805,1,60
1435,282,2,531,2,2807,1,20
1436,282,2,532,3,2810,1,30
1437,282,2,533,4,2814,1,40
1438,282,2,534,4,2818,7,40
1439,282,2,535,4,2822,3,40
1440,282,2,536,2,2824,1,20
1441,282,2,537,7,2831,2,70
1442,282,2,538,8,2839,1,80
1443,282,2,539,5,2844,1,50
1444,282,2,540,9,2853,1,90
1445,282,2,541,8,2861,4,80
1446,282,2,542,4,2865,1,40
1447,282,2,543,4,2869,1,40
1448,282,2,544,2,2871,1,20
1449,282,2,545,2,2873,1,20
1450,282,2,546,7,2880,1,70
1451,282,2,547,2,2882,1,20
1452,282,2,548,9,2891,1,90
1453,282,2,549,6,2897,13,60
1454,282,2,550,9,2906,7,90
1455,282,2,551,4,2910,4,40
1456,282,2,552,9,2919,1,90
1457,282,2,553,3,2922,1,30
1458,282,2,554,7,2929,1,70
1459,282,2,555,4,2933,4,40
1460,282,2,556,8,2941,1,80
1461,282,2,557,6,2947,1,60
1462,282,2,558,9,2956,1,90
1463,282,2,559,7,2963,1,70
1464,282,2,560,8,2971,11,80
1465,282,2,561,8,2979,1,80
1466,282,2,562,8,2987,1,80
1467,282,2,563,9,2996,1,90
1468,282,2,564,8,3004,1,80
1469,282,2,565,3,3007,1,30
1470,282,2,566,5,3012,1,50
1471,282,2,567,6,3018,1,60
1472,282,2,568,8,3026,1,80
1473,282,2,569,4,3030,1,40
1474,282,2,570,3,3033,15,30
1475,282,2,571,2,3035,1,20
1476,282,2,572,5,3040,5,50
1477,282,2,573,5,3045,1,50
1478,282,2,574,4,3049,1,40
1479,282,2,575,4,3053,2,40
1480,282,2,576,6,3059,3,60
1481,282,2,577,5,3064,1,50
1482,282,2,578,8,3072,1,80
1483,282,2,579,5,3077,1,50
1484,282,2,580,7,3084,1,70
1485,282,2,581,3,3087,1,30
1486,282,2,582,4,3091,1,40
1487,282,2,583,5,3096,1,50
1488,282,2,584,5,3101,1,50
1489,282,2,585,7,3108,1,70
1490,282,2,586,2,3110,1,20
1491,282,2,587,2,3112,1,20
1492,282,2,588,9,3121,20,90
1493,282,2,589,2,3123,1,20
1494,282,2,590,4,3127,1,40
1495,282,2,591,5,3132,1,50
1496,282,2,592,7,3139,1,70
1497,282,2,593,8,3147,1,80
1498,282,2,594,7,3154,1,70
1499,282,2,595,4,3158,1,40
1500,282,2,596,7,3165,1,70
1501,282,2,597,2,3167,1,20
1502,282,2,598,9,3176,1,90
1503,282,2,599,7,3183,1,70
1504,282,2,600,8,3191,1,80
1505,282,2,601,6,3197,1,60
1506,282,2,602,8,3205,15,80
1507,282,2,603,4,3209,1,40
1508,282,2,604,4,3213,1,40
1509,282,2,605,6,3219,1,60
1510,282,2,606,5,3224,1,50
1511,282,2,607,3,3227,1,30
1512,282,2,608,9,3236,1,90
1513,282,2,609,9,3245,1,90
1514,282,2,610,4,3249,1,40
1515,282,2,611,5,3254,1,50
1516,282,2,612,8,3262,1,80
1517,282,2,613,8,3270,1,80
1518,282,2,614,5,3275,1,50
1519,282,2,615,9,3284,1,90
1520,282,2,616,3,3287,1,30
1521,282,2,617,6,3293,1,60
1522,282,2,618,9,3302,27,90
1523,282,2,619,9,3311,5,90
1524,282,2,620,8,3319,1,80
1525,282,2,621,7,3326,1,70
1526,282,2,622,8,3334,1,80
1527,282,2,623,8,3342,1,80
1528,282,2,624,3,3345,1,30
1529,282,2,625,4,3349,1,40
1530,282,2,626,4,3353,1,40
1531,282,2,627,3,3356,1,30
1532,282,2,628,7,3363,1,70
1533,282,2,629,4,3367,15,40
1534,282,2,630,9,3376,1,90
1535,282,2,631,6,3382,1,60
1536,282,2,632,3,3385,11,30
1537,282,2,633,5,3390,1,50
1538,282,2,634,2,3392,1,20
1539,282,2,635,9,3401,12,90
1540,282,2,636,9,3410,1,90
1541,282,2,637,4,3414,1,40
1542,282,2,638,5,3419,1,50
1543,282,2,639,7,3426,1,70
1544,282,2,640,3,3429,5,30
1545,282,2,641,3,3432,1,30
1546,282,2,642,4,3436,1,40
1547,282,2,643,7,3443,1,70
1548,282,2,644,4,3447,10,40
1549,282,2,645,5,3452,1,50
1550,282,2,646,3,3455,1,30
1551,282,2,647,3,3458,1,30
1552,282,2,648,6,3464,1,60
1553,282,2,649,6,3470,1,60
1554,282,2,650,2,3472,1,20
1555,282,2,651,5,3477,1,50
1556,282,2,652,8,3485,10,80
1557,282,2,653,5,3490,1,50
1558,282,2,654,2,3492,1,20
1559,282,2,655,7,3499,7,70
1560,282,2,656,4,3503,1,40
1561,282,2,657,5,3508,1,50
1562,282,2,658,7,3515,1,70
1563,282,2,659,6,3521,10,60
1564,282,2,660,8,3529,1,80
1565,282,2,661,8,3537,4,80
1566,282,2,662,5,3542,1,50
1567,282,2,663,6,3548,1,60
1568,282,2,664,7,3555,1,70
1569,282,2,665,7,3562,1,70
1570,282,2,666,9,3571,1,90
1571,282,2,667,9,3580,1,90
1572,282,2,668,5,3585,20,50
1573,282,2,669,4,3589,1,40
1574,282,2,670,3,3592,1,30
1575,282,2,671,6,3598,5,60
1576,282,2,672,3,3601,1,30
1577,282,2,673,5,3606,1,50
1578,282,2,674,3,3609,1,30
1579,282,2,675,6,3615,8,60
1580,282,2,676,9,3624,1,90
1581,282,2,677,3,3627,4,30
1582,282,2,678,9,3636,1,90
1583,282,2,679,7,3643,1,70
1584,282,2,680,9,3652,1,90
1585,282,2,681,8,3660,13,80
1586,282,2,682,3,3663,5,30
1587,282,2,683,4,3667,1,40
1588,282,2,684,5,3672,1,50
1589,282,2,685,9,3681,1,90
1590,282,2,686,5,3686,1,50
1591,282,2,687,5,3691,1,50
1592,282,2,688,2,3693,1,20
1593,282,2,689,3,3696,1,30
1594,282,2,690,3,3699,13,30
1595,282,2,691,5,3704,2,50
1596,282,2,692,2,3706,1,20
1597,282,2,693,8,3714,1,80
1598,282,2,694,8,3722,1,80
1599,282,2,695,3,3725,1,30
1600,282,2,696,8,3733,1,80
1601,282,2,697,5,3738,1,50
1602,282,2,698,9,3747,1,90
1603,282,2,699,9,3756,1,90
1604,282,2,700,5,3761,1,50
1605,282,2,701,2,3763,14,20
1606,282,2,702,2,3765,1,20
1607,282,2,703,8,3773,2,80
1608,282,2,704,9,3782,1,90
1609,282,2,705,7,3789,1,70
1610,282,2,706,3,3792,9,30
1611,282,2,707,5,3797,1,50
1612,282,2,708,4,3801,1,40
1613,282,2,709,3,3804,1,30
1614,282,2,710,3,3807,1,30
1615,282,2,711,3,3810,1,30
1616,282,2,712,9,3819,13,90
1617,282,2,713,2,3821,1,20
1618,282,2,714,5,3826,1,50
1619,282,2,715,9,3835,1,90
1620,282,2,716,2,3837,1,20
1621,282,2,717,4,3841,1,40
1622,282,2,718,9,3850,1,90
1623,282,2,719,6,3856,1,60
1624,282,2,720,5,3861,11,50
1625,282,2,721,2,3863,2,20
1626,282,2,722,6,3869,1,60
1627,282,2,723,5,3874,8,50
1628,282,2,724,2,3876,1,20
1629,282,2,725,5,3881,1,50
1630,282,2,726,3,3884,1,30
1631,282,2,727,5,3889,1,50
1632,282,2,728,2,3891,1,20
1633,282,2,729,2,3893,1,20
1634,282,2,730,2,3895,1,20
1635,282,2,731,9,3904,1,90
1636,282,2,732,3,3907,1,30
1637,282,2,733,7,3914,1,70
1638,282,2,734,5,3919,1,50
1639,282,2,735,6,3925,8,60
1640,282,2,736,6,3931,1,60
1641,282,2,737,3,3934,1,30
1642,282,2,738,6,3940,9,60
1643,282,2,739,3,3943,3,30
1644,282,2,740,3,3946,3,30
1645,282,2,741,7,3953,1,70
1646,282,2,742,3,3956,1,30
1647,282,2,743,8,3964,1,80
1648,282,2,744,8,3972,1,80
1649,282,2,745,7,3979,1,70
1650,282,2,746,8,3987,1,80
1651,282,2,747,8,3995,1,80
1652,282,2,748,8,4003,21,80
1653,282,2,749,5,4008,1,50
1654,282,2,750,6,4014,7,60
1655,282,2,751,9,4023,1,90
1656,282,2,752,6,4029,6,60
1657,282,2,753,5,4034,1,50
1658,282,2,754,5,4039,1,50
1659,282,2,755,3,4042,1,30
1660,282,2,756,9,4051,1,90
1661,282,2,757,8,4059,1,80
1662,282,2,758,3,4062,1,30
1663,282,2,759,6,4068,1,60
1664,282,2,760,4,4072,1,40
1665,282,2,761,4,4076,13,40
1666,282,2,762,7,4083,1,70
1667,282,2,763,4,4087,1,40
1668,282,2,764,9,4096,12,90
1669,282,2,765,9,4105,1,90
1670,282,2,766,2,4107,1,20
1671,282,2,767,7,4114,1,70
1672,282,2,768,5,4119,1,50
1673,282,2,769,6,4125,1,60
1674,282,2,770,3,4128,1,30
1675,282,2,771,9,4137,10,90
1676,282,2,772,9,4146,1,90
1677,282,2,773,3,4149,9,30
1678,282,2,774,2,4151,1,20
1679,282,2,775,4,4155,1,40
1680,282,2,776,4,4159,5,40
1681,282,2,777,9,4168,1,90
1682,282,2,778,9,4177,1,90
1683,282,2,779,5,4182,3,50
1684,282,2,780,3,4185,1,30
1685,282,2,781,6,4191,1,60
1686,282,2,782,7,4198,1,70
1687,282,2,783,4,4202,1,40
1688,282,2,784,4,4206,1,40
1689,282,2,785,5,4211,3,50
1690,282,2,786,2,4213,1,20
1691,282,2,787,5,4218,1,50
1692,282,2,788,2,4220,1,20
1693,282,2,789,9,4229,9,90
1694,282,2,790,6,4235,2,60
1695,282,2,791,5,4240,1,50
1696,282,2,792,4,4244,1,40
1697,282,2,793,7,4251,1,70
1698,282,2,794,6,4257,1,60
1699,282,2,795,3,4260,7,30
1700,282,2,796,7,4267,1,70
1701,282,2,797,4,4271,1,40
1702,282,2,798,4,4275,1,40
1703,282,2,799,2,4277,1,20
1704,282,2,800,8,4285,1,80
1705,282,2,801,7,4292,1,70
1706,282,2,802,6,4298,11,60
1707,282,2,803,8,4306,1,80
1708,282,2,804,7,4313,1,70
1709,282,2,805,5,4318,8,50
1710,282,2,806,9,4327,8,90
1711,282,2,807,9,4336,4,90
1712,282,2,808,3,4339,1,30
1713,282,2,809,8,4347,1,80
1714,282,2,810,5,4352,1,50
1715,282,2,811,2,4354,8,20
1716,282,2,812,3,4357,1,30
1717,282,2,813,5,4362,5,50
1718,282,2,814,6,4368,1,60
1719,282,2,815,2,4370,1,20
1720,282,2,816,7,4377,1,70
1721,282,2,817,4,4381,1,40
1722,282,2,818,2,4383,1,20
1723,282,2,819,8,4391,1,80
1724,282,2,820,3,4394,4,30
1725,282,2,821,8,4402,1,80
1726,282,2,822,2,4404,1,20
1727,282,2,823,8,4412,1,80
1728,282,2,824,5,4417,1,50
1729,282,2,825,4,4421,1,40
1730,282,2,826,3,4424,5,30
1731,282,2,827,2,4426,7,20
1732,282,2,828,8,4434,1,80
1733,282,2,829,4,4438,4,40
1734,282,2,830,2,4440,1,20
1735,282,2,831,9,4449,1,90
1736,282,2,832,6,4455,8,60
1737,282,2,833,3,4458,1,30
1738,282,2,834,7,4465,6,70
1739,282,2,835,3,4468,0,30
1740,282,2,836,4,4472,1,40
1741,282,2,837,5,4477,1,50
1742,282,2,838,5,4482,1,50
1743,282,2,839,4,4486,1,40
1744,282,2,840,3,4489,1,30
1745,282,2,841,6,4495,10,60
1746,282,2,842,9,4504,1,90
1747,282,2,843,5,4509,1,50
1748,282,2,844,2,4511,9,20
1749,282,2,845,3,4514,1,30
1750,282,2,846,2,4516,1,20
1751,282,2,847,5,4521,1,50
1752,282,2,848,9,4530,1,90
1753,282,2,849,7,4537,2,70
1754,282,2,850,9,4546,1,90
1755,282,2,851,4,4550,1,40
1756,282,2,852,8,4558,1,80
1757,282,2,853,2,4560,1,20
1758,282,2,854,9,4569,17,90
1759,282,2,855,6,4575,1,60
1760,282,2,856,5,4580,1,50
1761,282,2,857,9,4589,1,90
1762,282,2,858,7,4596,1,70
1763,282,2,859,9,4605,1,90
1764,282,2,860,7,4612,1,70
1765,282,2,861,6,4618,1,60
1766,282,2,862,2,4620,1,20
1767,282,2,863,9,4629,1,90
1768,282,2,864,4,4633,1,40
1769,282,2,865,8,4641,26,80
1770,282,2,866,6,4647,1,60
1771,282,2,867,9,4656,1,90
1772,282,2,868,2,4658,12,20
1773,282,2,869,9,4667,1,90
1774,282,2,870,5,4672,3,50
1775,282,2,871,6,4678,1,60
1776,282,2,872,5,4683,3,50
1777,282,2,873,4,4687,1,40
1778,282,2,874,3,4690,1,30
1779,282,2,875,2,4692,1,20
1780,282,2,876,4,4696,1,40
1781,282,2,877,6,4702,7,60
1782,282,2,878,7,4709,1,70
1783,282,2,879,4,4713,1,40
1784,282,2,880,3,4716,1,30
1785,282,2,881,6,4722,1,60
1786,282,2,882,5,4727,1,50
1787,282,2,883,8,4735,1,80
1788,282,2,884,7,4742,11,70
1789,282,2,885,4,4746,1,40
1790,282,2,886,3,4749,1,30
1791,282,2,887,6,4755,1,60
1792,282,2,888,3,4758,1,30
1793,282,2,889,5,4763,1,50
1794,282,2,890,9,4772,1,90
1795,282,2,891,7,4779,1,70
1796,282,2,892,5,4784,1,50
1797,282,2,893,6,4790,18,60
1798,282,2,894,4,4794,5,40
1799,282,2,895,8,4802,4,80
1800,282,2,896,2,4804,3,20
1801,282,2,897,4,4808,1,40
1802,282,2,898,3,4811,1,30
1803,282,2,899,3,4814,7,30
1804,282,2,900,5,4819,3,50
1805,282,2,901,3,4822,1,30
1806,282,2,902,6,4828,1,60
1807,282,2,903,4,4832,1,40
1808,282,2,904,5,4837,1,50
1809,282,2,905,2,4839,6,20
1810,282,2,906,7,4846,5,70
1811,282,2,907,4,4850,1,40
1812,282,2,908,9,4859,1,90
1813,282,2,909,4,4863,1,40
1814,282,2,910,2,4865,1,20
1815,282,2,911,5,4870,1,50
1816,282,2,912,9,4879,1,90
1817,282,2,913,8,4887,1,80
1818,282,2,914,7,4894,1,70
1819,282,2,915,2,4896,1,20
1820,282,2,916,3,4899,1,30
1821,282,2,917,5,4904,1,50
1822,282,2,918,8,4912,1,80
1823,282,2,919,3,4915,19,30
1824,282,2,920,4,4919,6,40
1825,282,2,921,8,4927,1,80
1826,282,2,922,7,4934,1,70
1827,282,2,923,7,4941,1,70
1828,282,2,924,8,4949,10,80
1829,282,2,925,7,4956,6,70
1830,282,2,926,7,4963,4,70
1831,282,2,927,6,4969,0,60
1832,282,2,928,7,4976,1,70
1833,282,2,929,5,4981,1,50
1834,282,2,930,3,4984,2,30
1835,282,2,931,3,4987,1,30
1836,282,2,932,8,4995,1,80
1837,282,3,1,2,2,1,20
1838,282,3,2,4,6,0,40
1839,282,3,3,4,10,1,40
1840,282,3,4,7,17,1,70
1841,282,3,5,6,23,1,60
1842,282,3,6,9,32,1,90
1843,282,3,7,4,36,1,40
1844,282,3,8,7,43,11,70
1845,282,3,9,4,47,1,40
1846,282,3,10,9,56,1,90
1847,282,3,11,2,58,1,20
1848,282,3,12,4,62,1,40
1849,282,3,13,5,67,1,50
1850,282,3,14,2,69,6,20
1851,282,3,15,8,77,1,80
1852,282,3,16,6,83,1,60
1853,282,3,17,4,87,1,40
1854,282,3,18,8,95,1,80
1855,282,3,19,5,100,1,50
1856,282,3,20,3,103,13,30
1857,282,3,21,3,106,1,30
1858,282,3,22,5,111,1,50
1859,282,3,23,3,114,1,30
1860,282,3,24,2,116,1,20
1861,282,3,25,4,120,3,40
1862,282,3,26,5,125,1,50
1863,282,3,27,7,132,3,70
1864,282,3,28,2,134,1,20
1865,282,3,29,4,138,1,40
1866,282,3,30,9,147,7,90
1867,282,3,31,9,156,1,90
1868,282,3,32,3,159,4,30
1869,282,3,33,7,166,5,70
1870,282,3,34,8,174,4,80
1871,282,3,35,3,177,1,30
1872,282,3,36,5,182,3,50
1873,282,3,37,3,185,1,30
1874,282,3,38,4,189,1,40
1875,282,3,39,6,195,1,60
1876,282,3,40,2,197,1,20
1877,282,3,41,9,206,7,90
1878,282,3,42,7,213,1,70
1879,282,3,43,6,219,1,60
1880,282,3,44,4,223,1,40
1881,282,3,45,7,230,1,70
1882,282,3,46,8,238,1,80
1883,282,3,47,2,240,1,20
1884,282,3,48,8,248,1,80
1885,282,3,49,2,250,1,20
1886,282,3,50,8,258,19,80
1887,282,3,51,4,262,1,40
1888,282,3,52,5,267,1,50
1889,282,3,53,4,271,6,40
1890,282,3,54,6,277,1,60
1891,282,3,55,6,283,7,60
1892,282,3,56,4,287,1,40
1893,282,3,57,4,291,1,40
1894,282,3,58,3,294,1,30
1895,282,3,59,6,300,1,60
1896,282,3,60,6,306,1,60
1897,282,3,61,6,312,1,60
1898,282,3,62,2,314,1,20
1899,282,3,63,6,320,1,60
1900,282,3,64,5,325,1,50
1901,282,3,65,4,329,18,40
1902,282,3,66,3,332,1,30
1903,282,3,67,9,341,1,90
1904,282,3,68,3,344,1,30
1905,282,3,69,6,350,1,60
1906,282,3,70,6,356,1,60
1907,282,3,71,6,362,19,60
1908,282,3,72,2,364,1,20
1909,282,3,73,3,367,1,30
1910,282,3,74,7,374,1,70
1911,282,3,75,6,380,2,60
1912,282,3,76,2,382,1,20
1913,282,3,77,2,384,1,20
1914,282,3,78,2,386,1,20
1915,282,3,79,5,391,1,50
1916,282,3,80,4,395,1,40
1917,282,3,81,9,404,1,90
1918,282,3,82,6,410,7,60
1919,282,3,83,6,416,1,60
1920,282,3,84,6,422,1,60
1921,282,3,85,8,430,8,80
1922,282,3,86,4,434,1,40
1923,282,3,87,4,438,1,40
1924,282,3,88,4,442,1,40
1925,282,3,89,4,446,1,40
1926,282,3,90,9,455,1,90
1927,282,3,91,2,457,4,20
1928,282,3,92,9,466,1,90
1929,282,3,93,7,473,1,70
1930,282,3,94,4,477,1,40
1931,282,3,95,5,482,8,50
1932,282,3,96,7,489,1,70
1933,282,3,97,6,495,1,60
1934,282,3,98,5,500,6,50
1935,282,3,99,4,504,1,40
1936,282,3,100,8,512,1,80
1937,282,3,101,4,516,1,40
1938,282,3,102,9,525,1,90
1939,282,3,103,5,530,1,50
1940,282,3,104,4,534,14,40
1941,282,3,105,6,540,1,60
1942,282,3,106,7,547,1,70
1943,282,3,107,9,556,14,90
1944,282,3,108,9,565,1,90
1945,282,3,109,2,567,1,20
1946,282,3,110,7,574,13,70
1947,282,3,111,3,577,1,30
1948,282,3,112,4,581,6,40
1949,282,3,113,6,587,0,60
1950,282,3,114,2,589,1,20
1951,282,3,115,8,597,3,80
1952,282,3,116,6,603,1,60
1953,282,3,117,4,607,4,40
1954,282,3,118,7,614,0,70
1955,282,3,119,4,618,1,40
1956,282,3,120,7,625,1,70
1957,282,3,121,3,628,1,30
1958,282,3,122,2,630,1,20
1959,282,3,123,3,633,1,30
1960,282,3,124,4,637,9,40
1961,282,3,125,8,645,2,80
1962,282,3,126,2,647,1,20
1963,282,3,127,3,650,2,30
1964,282,3,128,6,656,1,60
1965,282,3,129,5,661,1,50
1966,282,3,130,8,669,1,80
1967,282,3,131,5,674,1,50
1968,282,3,132,5,679,1,50
1969,282,3,133,2,681,1,20
1970,282,3,134,5,686,1,50
1971,282,3,135,3,689,1,30
1972,282,3,136,8,697,1,80
1973,282,3,137,9,706,16,90
1974,282,3,138,8,714,5,80
1975,282,3,139,2,716,1,20
1976,282,3,140,9,725,1,90
1977,282,3,141,3,728,1,30
1978,282,3,142,2,730,1,20
1979,282,3,143,7,737,1,70
1980,282,3,144,5,742,1,50
1981,282,3,145,6,748,5,60
1982,282,3,146,3,751,3,30
1983,282,3,147,6,757,7,60
1984,282,3,148,9,766,1,90
1985,282,3,149,5,771,9,50
1986,282,3,150,6,777,1,60
1987,282,3,151,4,781,1,40
1988,282,3,152,9,790,1,90
1989,282,3,153,8,798,1,80
1990,282,3,154,8,806,1,80
1991,282,3,155,5,811,1,50
1992,282,3,156,6,817,1,60
1993,282,3,157,5,822,1,50
1994,282,3,158,9,831,1,90
1995,282,3,159,9,840,1,90
1996,282,3,160,7,847,1,70
1997,282,3,161,9,856,29,90
1998,282,3,162,4,860,8,40
1999,282,3,163,4,864,3,40
2000,282,3,164,8,872,1,80
2001,282,3,165,8,880,2,80
2002,282,3,166,9,889,5,90
2003,282,3,167,3,892,2,30
2004,282,3,168,8,900,1,80
2005,282,3,169,4,904,1,40
2006,282,3,170,4,908,1,40
2007,282,3,171,4,912,11,40
2008,282,3,172,9,921,1,90
2009,282,3,173,3,924,1,30
2010,282,3,174,2,926,7,20
2011,282,3,175,5,931,1,50
2012,282,3,176,6,937,1,60
2013,282,3,177,7,944,1,70
2014,282,3,178,6,950,6,60
2015,282,3,179,5,955,3,50
2016,282,3,180,7,962,1,70
2017,282,3,181,4,966,1,40
2018,282,3,182,8,974,1,80
2019,282,3,183,7,981,1,70
2020,282,3,184,7,988,1,70
2021,282,3,185,4,992,3,40
2022,282,3,186,2,994,1,20
2023,282,3,187,4,998,5,40
2024,282,3,188,3,1001,1,30
2025,282,3,189,9,1010,4,90
2026,282,3,190,7,1017,1,70
2027,282,3,191,6,1023,1,60
2028,282,3,192,8,1031,1,80
2029,282,3,193,4,1035,1,40
2030,282,3,194,3,1038,1,30
2031,282,3,195,2,1040,1,20
2032,282,3,196,9,1049,1,90
2033,282,3,197,2,1051,1,20
2034,282,3,198,2,1053,1,20
2035,282,3,199,4,1057,1,40
2036,282,3,200,9,1066,1,90
2037,282,3,201,8,1074,28,80
2038,282,3,202,9,1083,1,90
2039,282,3,203,5,1088,1,50
2040,282,3,204,3,1091,1,30
2041,282,3,205,9,1100,1,90
2042,282,3,206,4,1104,1,40
2043,282,3,207,4,1108,1,40
2044,282,3,208,2,1110,1,20
2045,282,3,209,5,1115,1,50
2046,282,3,210,8,1123,11,80
2047,282,3,211,3,1126,1,30
2048,282,3,212,2,1128,1,20
2049,282,3,213,2,1130,2,20
2050,282,3,214,5,1135,1,50
2051,282,3,215,3,1138,1,30
2052,282,3,216,6,1144,1,60
2053,282,3,217,7,1151,1,70
2054,282,3,218,2,1153,1,20
2055,282,3,219,8,1161,1,80
2056,282,3,220,9,1170,1,90
2057,282,3,221,2,1172,1,20
2058,282,3,222,6,1178,1,60
2059,282,3,223,6,1184,1,60
2060,282,3,224,3,1187,1,30
2061,282,3,225,3,1190,17,30
2062,282,3,226,9,1199,6,90
2063,282,3,227,2,1201,1,20
2064,282,3,228,9,1210,1,90
2065,282,3,229,8,1218,1,80
2066,282,3,230,2,1220,1,20
2067,282,3,231,4,1224,1,40
2068,282,3,232,3,1227,1,30
2069,282,3,233,6,1233,1,60
2070,282,3,234,7,1240,1,70
2071,282,3,235,6,1246,1,60
2072,282,3,236,4,1250,1,40
2073,282,3,237,7,1257,1,70
2074,282,3,238,2,1259,1,20
2075,282,3,239,7,1266,1,70
2076,282,3,240,6,1272,19,60
2077,282,3,241,6,1278,1,60
2078,282,3,242,4,1282,9,40
2079,282,3,243,4,1286,6,40
2080,282,3,244,2,1288,1,20
2081,282,3,245,2,1290,1,20
2082,282,3,246,8,1298,1,80
2083,282,3,247,9,1307,1,90
2084,282,3,248,6,1313,1,60
2085,282,3,249,7,1320,1,70
2086,282,3,250,7,1327,7,70
2087,282,3,251,6,1333,1,60
2088,282,3,252,8,1341,1,80
2089,282,3,253,9,1350,1,90
2090,282,3,254,8,1358,1,80
2091,282,3,255,7,1365,21,70
2092,282,3,256,6,1371,1,60
2093,282,3,257,7,1378,1,70
2094,282,3,258,3,1381,1,30
2095,282,3,259,7,1388,1,70
2096,282,3,260,5,1393,1,50
2097,282,3,261,4,1397,1,40
2098,282,3,262,2,1399,16,20
2099,282,3,263,5,1404,1,50
2100,282,3,264,8,1412,1,80
2101,282,3,265,7,1419,7,70
2102,282,3,266,7,1426,1,70
2103,282,3,267,6,1432,1,60
2104,282,3,268,3,1435,1,30
2105,282,3,269,2,1437,1,20
2106,282,3,270,6,1443,1,60
2107,282,3,271,5,1448,1,50
2108,282,3,272,3,1451,1,30
2109,282,3,273,9,1460,1,90
2110,282,3,274,9,1469,16,90
2111,282,3,275,6,1475,9,60
2112,282,3,276,5,1480,1,50
2113,282,3,277,8,1488,1,80
2114,282,3,278,9,1497,1,90
2115,282,3,279,3,1500,1,30
2116,282,3,280,5,1505,1,50
2117,282,3,281,8,1513,1,80
2118,282,3,282,8,1521,13,80
2119,282,3,283,5,1526,1,50
2120,282,3,284,7,1533,7,70
2121,282,3,285,3,1536,4,30
2122,282,3,286,9,1545,5,90
2123,282,3,287,5,1550,1,50
2124,282,3,288,5,1555,1,50
2125,282,3,289,5,1560,1,50
2126,282,3,290,6,1566,1,60
2127,282,3,291,7,1573,1,70
2128,282,3,292,3,1576,1,30
2129,282,3,293,4,1580,1,40
2130,282,3,294,7,1587,1,70
2131,282,3,295,6,1593,1,60
2132,282,3,296,4,1597,12,40
2133,282,3,297,6,1603,4,60
2134,282,3,298,4,1607,1,40
2135,282,3,299,4,1611,1,40
2136,282,3,300,8,1619,4,80
2137,282,3,301,5,1624,1,50
2138,282,3,302,2,1626,3,20
2139,282,3,303,4,1630,1,40
2140,282,3,304,9,1639,3,90
2141,282,3,305,6,1645,1,60
2142,282,3,306,8,1653,1,80
2143,282,3,307,8,1661,7,80
2144,282,3,308,8,1669,1,80
2145,282,3,309,2,1671,1,20
2146,282,3,310,2,1673,1,20
2147,282,3,311,7,1680,1,70
2148,282,3,312,8,1688,10,80
2149,282,3,313,4,1692,1,40
2150,282,3,314,6,1698,1,60
2151,282,3,315,2,1700,1,20
2152,282,3,316,9,1709,1,90
2153,282,3,317,3,1712,8,30
2154,282,3,318,8,1720,1,80
2155,282,3,319,5,1725,1,50
2156,282,3,320,3,1728,1,30
2157,282,3,321,3,1731,1,30
2158,282,3,322,9,1740,1,90
2159,282,3,323,4,1744,9,40
2160,282,3,324,6,1750,6,60
2161,282,3,325,5,1755,1,50
2162,282,3,326,6,1761,1,60
2163,282,3,327,5,1766,10,50
2164,282,3,328,8,1774,1,80
2165,282,3,329,6,1780,1,60
2166,282,3,330,2,1782,1,20
2167,282,3,331,2,1784,7,20
2168,282,3,332,8,1792,1,80
2169,282,3,333,7,1799,1,70
2170,282,3,334,5,1804,1,50
2171,282,3,335,2,1806,1,20
2172,282,3,336,6,1812,4,60
2173,282,3,337,7,1819,1,70
2174,282,3,338,5,1824,1,50
2175,282,3,339,9,1833,1,90
2176,282,3,340,3,1836,1,30
2177,282,3,341,7,1843,1,70
2178,282,3,342,5,1848,1,50
2179,282,3,343,2,1850,1,20
2180,282,3,344,8,1858,1,80
2181,282,3,345,9,1867,1,90
2182,282,3,346,2,1869,17,20
2183,282,3,347,8,1877,1,80
2184,282,3,348,5,1882,1,50
2185,282,3,349,2,1884,1,20
2186,282,3,350,6,1890,1,60
2187,282,3,351,3,1893,1,30
2188,282,3,352,7,1900,1,70
2189,282,3,353,4,1904,1,40
2190,282,3,354,3,1907,1,30
2191,282,3,355,8,1915,1,80
2192,282,3,356,7,1922,1,70
2193,282,3,357,6,1928,1,60
2194,282,3,358,9,1937,1,90
2195,282,3,359,7,1944,1,70
2196,282,3,360,7,1951,1,70
2197,282,3,361,6,1957,1,60
2198,282,3,362,6,1963,1,60
2199,282,3,363,5,1968,1,50
2200,282,3,364,8,1976,1,80
2201,282,3,365,4,1980,1,40
2202,282,3,366,9,1989,1,90
2203,282,3,367,9,1998,45,90
2204,282,3,368,9,2007,7,90
2205,282,3,369,6,2013,1,60
2206,282,3,370,3,2016,1,30
2207,282,3,371,5,2021,1,50
2208,282,3,372,4,2025,1,40
2209,282,3,373,3,2028,1,30
2210,282,3,374,6,2034,1,60
2211,282,3,375,8,2042,1,80
2212,282,3,376,5,2047,1,50
2213,282,3,377,8,2055,1,80
2214,282,3,378,9,2064,1,90
2215,282,3,379,6,2070,1,60
2216,282,3,380,4,2074,1,40
2217,282,3,381,9,2083,25,90
2218,282,3,382,7,2090,6,70
2219,282,3,383,9,2099,9,90
2220,282,3,384,9,2108,1,90
2221,282,3,385,5,2113,1,50
2222,282,3,386,6,2119,1,60
2223,282,3,387,4,2123,1,40
2224,282,3,388,4,2127,15,40
2225,282,3,389,2,2129,1,20
2226,282,3,390,8,2137,1,80
2227,282,3,391,3,2140,1,30
2228,282,3,392,6,2146,8,60
2229,282,3,393,9,2155,1,90
2230,282,3,394,6,2161,1,60
2231,282,3,395,5,2166,2,50
2232,282,3,396,5,2171,1,50
2233,282,3,397,3,2174,1,30
2234,282,3,398,7,2181,1,70
2235,282,3,399,6,2187,1,60
2236,282,3,400,5,2192,5,50
2237,282,3,401,9,2201,1,90
2238,282,3,402,8,2209,1,80
2239,282,3,403,4,2213,1,40
2240,282,3,404,5,2218,1,50
2241,282,3,405,4,2222,1,40
2242,282,3,406,2,2224,1,20
2243,282,3,407,4,2228,1,40
2244,282,3,408,8,2236,22,80
2245,282,3,409,7,2243,1,70
2246,282,3,410,8,2251,1,80
2247,282,3,411,3,2254,12,30
2248,282,3,412,2,2256,1,20
2249,282,3,413,4,2260,1,40
2250,282,3,414,7,2267,1,70
2251,282,3,415,7,2274,12,70
2252,282,3,416,8,2282,6,80
2253,282,3,417,7,2289,1,70
2254,282,3,418,4,2293,1,40
2255,282,3,419,9,2302,1,90
2256,282,3,420,8,2310,1,80
2257,282,3,421,2,2312,1,20
2258,282,3,422,7,2319,1,70
2259,282,3,423,9,2328,1,90
2260,282,3,424,6,2334,1,60
2261,282,3,425,5,2339,1,50
2262,282,3,426,9,2348,15,90
2263,282,3,427,4,2352,11,40
2264,282,3,428,2,2354,1,20
2265,282,3,429,6,2360,1,60
2266,282,3,430,5,2365,0,50
2267,282,3,431,8,2373,1,80
2268,282,3,432,3,2376,1,30
2269,282,3,433,8,2384,6,80
2270,282,3,434,9,2393,6,90
2271,282,3,435,3,2396,2,30
2272,282,3,436,7,2403,1,70
2273,282,3,437,4,2407,1,40
2274,282,3,438,6,2413,1,60
2275,282,3,439,7,2420,3,70
2276,282,3,440,6,2426,1,60
2277,282,3,441,3,2429,1,30
2278,282,3,442,6,2435,7,60
2279,282,3,443,8,2443,1,80
2280,282,3,444,7,2450,1,70
2281,282,3,445,4,2454,1,40
2282,282,3,446,2,2456,1,20
2283,282,3,447,5,2461,1,50
2284,282,3,448,5,2466,10,50
2285,282,3,449,5,2471,1,50
2286,282,3,450,7,2478,5,70
2287,282,3,451,6,2484,1,60
2288,282,3,452,3,2487,1,30
2289,282,3,453,7,2494,1,70
2290,282,3,454,6,2500,3,60
2291,282,3,455,8,2508,1,80
2292,282,3,456,8,2516,1,80
2293,282,3,457,9,2525,1,90
2294,282,3,458,5,2530,1,50
2295,282,3,459,9,2539,13,90
2296,282,3,460,8,2547,3,80
2297,282,3,461,3,2550,1,30
2298,282,3,462,6,2556,4,60
2299,282,3,463,6,2562,1,60
2300,282,3,464,3,2565,1,30
2301,282,3,465,4,2569,1,40
2302,282,3,466,4,2573,2,40
2303,282,3,467,8,2581,1,80
2304,282,3,468,9,2590,1,90
2305,282,3,469,4,2594,1,40
2306,282,3,470,8,2602,8,80
2307,282,3,471,8,2610,1,80
2308,282,3,472,4,2614,1,40
2309,282,3,473,8,2622,1,80
2310,282,3,474,7,2629,1,70
2311,282,3,475,7,2636,19,70
2312,282,3,476,5,2641,1,50
2313,282,3,477,9,2650,1,90
2314,282,3,478,3,2653,1,30
2315,282,3,479,6,2659,1,60
2316,282,3,480,5,2664,1,50
2317,282,3,481,7,2671,1,70
2318,282,3,482,4,2675,1,40
2319,282,3,483,8,2683,15,80
2320,282,3,484,2,2685,1,20
2321,282,3,485,7,2692,1,70
2322,282,3,486,6,2698,5,60
2323,282,3,487,6,2704,1,60
2324,282,3,488,5,2709,1,50
2325,282,3,489,3,2712,1,30
2326,282,3,490,2,2714,1,20
2327,282,3,491,9,2723,9,90
2328,282,3,492,8,2731,1,80
2329,282,3,493,6,2737,1,60
2330,282,3,494,5,2742,10,50
2331,282,3,495,9,2751,1,90
2332,282,3,496,6,2757,1,60
2333,282,3,497,9,2766,1,90
2334,282,3,498,3,2769,7,30
2335,282,3,499,5,2774,1,50
2336,282,3,500,4,2778,4,40
2337,282,3,501,5,2783,1,50
2338,282,3,502,5,2788,1,50
2339,282,3,503,4,2792,1,40
2340,282,3,504,5,2797,1,50
2341,282,3,505,5,2802,1,50
2342,282,3,506,4,2806,1,40
2343,282,3,507,8,2814,1,80
2344,282,3,508,8,2822,1,80
2345,282,3,509,9,2831,1,90
2346,282,3,510,2,2833,20,20
2347,282,3,511,8,2841,1,80
2348,282,3,512,3,2844,1,30
2349,282,3,513,3,2847,8,30
2350,282,3,514,2,2849,1,20
2351,282,3,515,3,2852,1,30
2352,282,3,516,9,2861,1,90
2353,282,3,517,3,2864,1,30
2354,282,3,518,3,2867,1,30
2355,282,3,519,5,2872,4,50
2356,282,3,520,4,2876,1,40
2357,282,3,521,2,2878,3,20
2358,282,3,522,5,2883,2,50
2359,282,3,523,4,2887,1,40
2360,282,3,524,8,2895,1,80
2361,282,3,525,5,2900,1,50
2362,282,3,526,2,2902,1,20
2363,282,3,527,5,2907,5,50
2364,282,3,528,2,2909,0,20
2365,282,3,529,5,2914,1,50
2366,282,3,530,7,2921,1,70
2367,282,3,531,3,2924,3,30
2368,282,3,532,6,2930,3,60
2369,282,3,533,4,2934,1,40
2370,282,3,534,5,2939,1,50
2371,282,3,535,3,2942,1,30
2372,282,3,536,3,2945,0,30
2373,282,3,537,2,2947,1,20
2374,282,3,538,5,2952,2,50
2375,282,3,539,8,2960,1,80
2376,282,3,540,8,2968,3,80
2377,282,3,541,5,2973,1,50
2378,282,3,542,9,2982,1,90
2379,282,3,543,4,2986,2,40
2380,282,3,544,7,2993,4,70
2381,282,3,545,9,3002,4,90
2382,282,3,546,3,3005,1,30
2383,282,3,547,7,3012,7,70
2384,282,3,548,4,3016,1,40
2385,282,3,549,2,3018,2,20
2386,282,3,550,5,3023,1,50
2387,282,3,551,4,3027,1,40
2388,282,3,552,2,3029,1,20
2389,282,3,553,8,3037,1,80
2390,282,3,554,2,3039,1,20
2391,282,3,555,8,3047,1,80
2392,282,3,556,6,3053,1,60
2393,282,3,557,8,3061,8,80
2394,282,3,558,9,3070,5,90
2395,282,3,559,2,3072,1,20
2396,282,3,560,2,3074,1,20
2397,282,3,561,2,3076,0,20
2398,282,3,562,5,3081,0,50
2399,282,3,563,4,3085,1,40
2400,282,3,564,5,3090,1,50
2401,282,3,565,2,3092,1,20
2402,282,3,566,5,3097,1,50
2403,282,3,567,9,3106,1,90
2404,282,3,568,6,3112,1,60
2405,282,3,569,7,3119,1,70
2406,282,3,570,7,3126,1,70
2407,282,3,571,4,3130,1,40
2408,282,3,572,4,3134,1,40
2409,282,3,573,4,3138,1,40
2410,282,3,574,9,3147,1,90
2411,282,3,575,3,3150,26,30
2412,282,3,576,4,3154,1,40
2413,282,3,577,7,3161,5,70
2414,282,3,578,4,3165,1,40
2415,282,3,579,6,3171,11,60
2416,282,3,580,3,3174,3,30
2417,282,3,581,6,3180,1,60
2418,282,3,582,5,3185,1,50
2419,282,3,583,4,3189,1,40
2420,282,3,584,5,3194,5,50
2421,282,3,585,6,3200,1,60
2422,282,3,586,2,3202,1,20
2423,282,3,587,4,3206,1,40
2424,282,3,588,3,3209,3,30
2425,282,3,589,5,3214,1,50
2426,282,3,590,6,3220,1,60
2427,282,3,591,6,3226,1,60
2428,282,3,592,8,3234,1,80
2429,282,3,593,2,3236,10,20
2430,282,3,594,7,3243,7,70
2431,282,3,595,6,3249,4,60
2432,282,3,596,5,3254,3,50
2433,282,3,597,4,3258,1,40
2434,282,3,598,4,3262,1,40
2435,282,3,599,7,3269,1,70
2436,282,3,600,3,3272,1,30
2437,282,3,601,2,3274,1,20
2438,282,3,602,3,3277,1,30
2439,282,3,603,5,3282,1,50
2440,282,3,604,4,3286,1,40
2441,282,3,605,9,3295,19,90
2442,282,3,606,8,3303,1,80
2443,282,3,607,7,3310,1,70
2444,282,3,608,9,3319,1,90
2445,282,3,609,4,3323,1,40
2446,282,3,610,7,3330,1,70
2447,282,3,611,4,3334,1,40
2448,282,3,612,4,3338,1,40
2449,282,3,613,6,3344,1,60
2450,282,3,614,5,3349,1,50
2451,282,3,615,5,3354,1,50
2452,282,3,616,3,3357,25,30
2453,282,3,617,2,3359,1,20
2454,282,3,618,8,3367,1,80
2455,282,3,619,5,3372,1,50
2456,282,3,620,2,3374,11,20
2457,282,3,621,7,3381,1,70
2458,282,3,622,3,3384,1,30
2459,282,3,623,4,3388,1,40
2460,282,3,624,5,3393,1,50
2461,282,3,625,4,3397,8,40
2462,282,3,626,7,3404,1,70
2463,282,3,627,7,3411,1,70
2464,282,3,628,4,3415,1,40
2465,282,3,629,7,3422,1,70
2466,282,3,630,9,3431,1,90
2467,282,3,631,4,3435,1,40
2468,282,3,632,9,3444,1,90
2469,282,3,633,4,3448,9,40
2470,282,3,634,5,3453,1,50
2471,282,3,635,6,3459,1,60
2472,282,3,636,7,3466,1,70
2473,282,3,637,6,3472,1,60
2474,282,3,638,5,3477,1,50
2475,282,3,639,4,3481,1,40
2476,282,3,640,6,3487,1,60
2477,282,3,641,8,3495,19,80
2478,282,3,642,8,3503,1,80
2479,282,3,643,8,3511,1,80
2480,282,3,644,9,3520,11,90
2481,282,3,645,4,3524,1,40
2482,282,3,646,6,3530,1,60
2483,282,3,647,3,3533,1,30
2484,282,3,648,4,3537,11,40
2485,282,3,649,2,3539,1,20
2486,282,3,650,7,3546,9,70
2487,282,3,651,5,3551,1,50
2488,282,3,652,2,3553,1,20
2489,282,3,653,3,3556,1,30
2490,282,3,654,8,3564,1,80
2491,282,3,655,5,3569,3,50
2492,282,3,656,6,3575,4,60
2493,282,3,657,9,3584,1,90
2494,282,3,658,4,3588,3,40
2495,282,3,659,8,3596,1,80
2496,282,3,660,3,3599,1,30
2497,282,3,661,2,3601,1,20
2498,282,3,662,7,3608,1,70
2499,282,3,663,3,3611,1,30
2500,282,3,664,8,3619,9,80
2501,282,3,665,8,3627,1,80
2502,282,3,666,6,3633,1,60
2503,282,3,667,5,3638,7,50
2504,282,3,668,8,3646,1,80
2505,282,3,669,5,3651,5,50
2506,282,3,670,9,3660,6,90
2507,282,3,671,8,3668,1,80
2508,282,3,672,6,3674,1,60
2509,282,3,673,2,3676,1,20
2510,282,3,674,8,3684,1,80
2511,282,3,675,7,3691,1,70
2512,282,3,676,7,3698,1,70
2513,282,3,677,6,3704,1,60
2514,282,3,678,9,3713,13,90
2515,282,3,679,4,3717,1,40
2516,282,3,680,7,3724,1,70
2517,282,3,681,4,3728,1,40
2518,282,3,682,4,3732,1,40
2519,282,3,683,4,3736,1,40
2520,282,3,684,2,3738,1,20
2521,282,3,685,8,3746,12,80
2522,282,3,686,6,3752,1,60
2523,282,3,687,2,3754,1,20
2524,282,3,688,8,3762,1,80
2525,282,3,689,6,3768,1,60
2526,282,3,690,6,3774,1,60
2527,282,3,691,5,3779,13,50
2528,282,3,692,9,3788,1,90
2529,282,3,693,7,3795,1,70
2530,282,3,694,3,3798,1,30
2531,282,3,695,3,3801,1,30
2532,282,3,696,3,3804,1,30
2533,282,3,697,7,3811,1,70
2534,282,3,698,5,3816,1,50
2535,282,3,699,4,3820,10,40
2536,282,3,700,2,3822,1,20
2537,282,3,701,2,3824,4,20
2538,282,3,702,8,3832,7,80
2539,282,3,703,6,3838,1,60
2540,282,3,704,3,3841,1,30
2541,282,3,705,4,3845,8,40
2542,282,3,706,4,3849,1,40
2543,282,3,707,5,3854,4,50
2544,282,3,708,6,3860,1,60
2545,282,3,709,7,3867,8,70
2546,282,3,710,5,3872,1,50
2547,282,3,711,7,3879,1,70
2548,282,3,712,2,3881,1,20
2549,282,3,713,6,3887,1,60
2550,282,3,714,8,3895,1,80
2551,282,3,715,8,3903,1,80
2552,282,3,716,5,3908,1,50
2553,282,3,717,7,3915,17,70
2554,282,3,718,7,3922,1,70
2555,282,3,719,4,3926,1,40
2556,282,3,720,6,3932,1,60
2557,282,3,721,9,3941,1,90
2558,282,3,722,2,3943,1,20
2559,282,3,723,7,3950,1,70
2560,282,3,724,5,3955,1,50
2561,282,3,725,5,3960,1,50
2562,282,3,726,5,3965,1,50
2563,282,3,727,4,3969,1,40
2564,282,3,728,8,3977,1,80
2565,282,3,729,8,3985,1,80
2566,282,3,730,2,3987,1,20
2567,282,3,731,3,3990,19,30
2568,282,3,732,5,3995,1,50
2569,282,3,733,4,3999,1,40
2570,282,3,734,4,4003,1,40
2571,282,3,735,5,4008,1,50
2572,282,3,736,9,4017,13,90
2573,282,3,737,5,4022,1,50
2574,282,3,738,6,4028,6,60
2575,282,3,739,7,4035,1,70
2576,282,3,740,7,4042,1,70
2577,282,3,741,9,4051,1,90
2578,282,3,742,9,4060,1,90
2579,282,3,743,7,4067,1,70
2580,282,3,744,6,4073,1,60
2581,282,3,745,2,4075,1,20
2582,282,3,746,4,4079,1,40
2583,282,3,747,2,4081,1,20
2584,282,3,748,3,4084,1,30
2585,282,3,749,7,4091,1,70
2586,282,3,750,5,4096,1,50
2587,282,3,751,2,4098,23,20
2588,282,3,752,8,4106,1,80
2589,282,3,753,2,4108,11,20
2590,282,3,754,3,4111,1,30
2591,282,3,755,5,4116,4,50
2592,282,3,756,2,4118,1,20
2593,282,3,757,4,4122,3,40
2594,282,3,758,6,4128,3,60
2595,282,3,759,6,4134,1,60
2596,282,3,760,3,4137,3,30
2597,282,3,761,4,4141,1,40
2598,282,3,762,2,4143,1,20
2599,282,3,763,4,4147,1,40
2600,282,3,764,7,4154,1,70
2601,282,3,765,3,4157,1,30
2602,282,3,766,9,4166,1,90
2603,282,3,767,4,4170,1,40
2604,282,3,768,2,4172,8,20
2605,282,3,769,9,4181,1,90
2606,282,3,770,4,4185,1,40
2607,282,3,771,8,4193,1,80
2608,282,3,772,9,4202,1,90
2609,282,3,773,3,4205,1,30
2610,282,3,774,6,4211,1,60
2611,282,3,775,7,4218,15,70
2612,282,3,776,6,4224,1,60
2613,282,3,777,8,4232,1,80
2614,282,3,778,7,4239,10,70
2615,282,3,779,9,4248,1,90
2616,282,3,780,5,4253,1,50
2617,282,3,781,5,4258,1,50
2618,282,3,782,7,4265,1,70
2619,282,3,783,9,4274,1,90
2620,282,3,784,2,4276,1,20
2621,282,3,785,2,4278,1,20
2622,282,3,786,8,4286,1,80
2623,282,3,787,3,4289,12,30
2624,282,3,788,5,4294,1,50
2625,282,3,789,9,4303,1,90
2626,282,3,790,3,4306,13,30
2627,282,3,791,3,4309,3,30
2628,282,3,792,7,4316,1,70
2629,282,3,793,2,4318,2,20
2630,282,3,794,5,4323,1,50
2631,282,3,795,6,4329,1,60
2632,282,3,796,9,4338,1,90
2633,282,3,797,9,4347,1,90
2634,282,3,798,4,4351,1,40
2635,282,3,799,9,4360,1,90
2636,282,3,800,4,4364,1,40
2637,282,3,801,9,4373,1,90
2638,282,3,802,7,4380,1,70
2639,282,3,803,6,4386,1,60
2640,282,3,804,9,4395,1,90
2641,282,3,805,9,4404,1,90
2642,282,3,806,3,4407,1,30
2643,282,3,807,5,4412,33,50
2644,282,3,808,7,4419,1,70
2645,282,3,809,5,4424,1,50
2646,282,3,810,5,4429,1,50
2647,282,3,811,5,4434,1,50
2648,282,3,812,8,4442,1,80
2649,282,3,813,4,4446,9,40
2650,282,3,814,5,4451,1,50
2651,282,3,815,2,4453,1,20
2652,282,3,816,6,4459,1,60
2653,282,3,817,3,4462,7,30
2654,282,3,818,2,4464,1,20
2655,282,3,819,8,4472,1,80
2656,282,3,820,8,4480,3,80
2657,282,3,821,4,4484,1,40
2658,282,3,822,8,4492,3,80
2659,282,3,823,4,4496,1,40
2660,282,3,824,4,4500,1,40
2661,282,3,825,4,4504,1,40
2662,282,3,826,4,4508,14,40
2663,282,3,827,7,4515,1,70
2664,282,3,828,2,4517,1,20
2665,282,3,829,3,4520,1,30
2666,282,3,830,8,4528,6,80
2667,282,3,831,8,4536,1,80
2668,282,3,832,3,4539,1,30
2669,282,3,833,3,4542,3,30
2670,282,3,834,4,4546,2,40
2671,282,3,835,4,4550,1,40
2672,282,3,836,3,4553,1,30
2673,282,3,837,3,4556,5,30
2674,282,3,838,8,4564,1,80
2675,282,3,839,5,4569,1,50
2676,282,3,840,9,4578,10,90
2677,282,3,841,9,4587,1,90
2678,282,3,842,2,4589,1,20
2679,282,3,843,2,4591,1,20
2680,282,3,844,2,4593,4,20
2681,282,3,845,4,4597,1,40
2682,282,3,846,7,4604,4,70
2683,282,3,847,9,4613,1,90
2684,282,3,848,2,4615,1,20
2685,282,3,849,6,4621,1,60
2686,282,3,850,4,4625,1,40
2687,282,3,851,2,4627,1,20
2688,282,3,852,9,4636,1,90
2689,282,3,853,4,4640,1,40
2690,282,3,854,5,4645,1,50
2691,282,3,855,8,4653,1,80
2692,282,3,856,3,4656,1,30
2693,282,3,857,8,4664,1,80
2694,282,3,858,8,4672,1,80
2695,282,3,859,3,4675,17,30
2696,282,3,860,4,4679,1,40
2697,282,3,861,3,4682,1,30
2698,282,3,862,7,4689,1,70
2699,282,3,863,3,4692,8,30
2700,282,3,864,3,4695,1,30
2701,282,3,865,9,4704,1,90
2702,282,3,866,4,4708,1,40
2703,282,3,867,3,4711,1,30
2704,282,3,868,6,4717,1,60
2705,282,3,869,7,4724,1,70
2706,282,3,870,8,4732,1,80
2707,282,3,871,5,4737,1,50
2708,282,3,872,3,4740,1,30
2709,282,3,873,9,4749,1,90
2710,282,3,874,7,4756,21,70
2711,282,3,875,2,4758,1,20
2712,282,3,876,4,4762,1,40
2713,282,3,877,7,4769,1,70
2714,282,3,878,7,4776,1,70
2715,282,3,879,7,4783,1,70
2716,282,3,880,4,4787,1,40
2717,282,3,881,5,4792,19,50
2718,282,3,882,7,4799,1,70
2719,282,3,883,5,4804,6,50
2720,282,3,884,2,4806,1,20
2721,282,3,885,7,4813,1,70
2722,282,3,886,4,4817,2,40
2723,282,3,887,8,4825,1,80
2724,282,3,888,5,4830,1,50
2725,282,3,889,6,4836,1,60
2726,282,3,890,3,4839,1,30
2727,282,3,891,9,4848,1,90
2728,282,3,892,5,4853,1,50
2729,282,3,893,8,4861,1,80
2730,282,3,894,2,4863,1,20
2731,282,3,895,2,4865,1,20
2732,282,3,896,3,4868,1,30
2733,282,3,897,3,4871,12,30
2734,282,3,898,3,4874,1,30
2735,282,3,899,2,4876,1,20
2736,282,3,900,8,4884,4,80
2737,282,3,901,4,4888,2,40
2738,282,3,902,4,4892,1,40
2739,282,3,903,8,4900,1,80
2740,282,3,904,3,4903,3,30
2741,282,3,905,8,4911,1,80
2742,282,3,906,6,4917,1,60
2743,282,3,907,3,4920,1,30
2744,282,3,908,3,4923,1,30
2745,282,3,909,8,4931,1,80
2746,282,3,910,5,4936,1,50
2747,282,3,911,3,4939,10,30
2748,282,3,912,9,4948,1,90
2749,282,3,913,5,4953,1,50
2750,282,3,914,5,4958,15,50
2751,282,3,915,4,4962,1,40
2752,282,3,916,5,4967,1,50
2753,282,3,917,2,4969,1,20
2754,282,3,918,4,4973,1,40
2755,282,3,919,9,4982,1,90
2756,282,3,920,8,4990,1,80
2757,282,3,921,6,4996,10,60
