,Scenario,Trial,Inspection,Interval,Time,Defects,Rate
0,127,1,1,5,5,1,50
1,127,1,2,8,13,1,80
2,127,1,3,6,19,8,60
3,127,1,4,8,27,3,80
4,127,1,5,6,33,1,60
5,127,1,6,9,42,1,90
6,127,1,7,2,44,2,20
7,127,1,8,3,47,2,30
8,127,1,9,2,49,1,20
9,127,1,10,4,53,3,40
10,127,1,11,3,56,1,30
11,127,1,12,9,65,4,90
12,127,1,13,3,68,3,30
13,127,1,14,9,77,3,90
14,127,1,15,4,81,1,40
15,127,1,16,5,86,6,50
16,127,1,17,6,92,1,60
17,127,1,18,2,94,5,20
18,127,1,19,9,103,2,90
19,127,1,20,2,105,2,20
20,127,1,21,3,108,4,30
21,127,1,22,3,111,0,30
22,127,1,23,4,115,1,40
23,127,1,24,9,124,5,90
24,127,1,25,2,126,1,20
25,127,1,26,7,133,4,70
26,127,1,27,5,138,4,50
27,127,1,28,7,145,1,70
28,127,1,29,8,153,8,80
29,127,1,30,8,161,4,80
30,127,1,31,6,167,4,60
31,127,1,32,5,172,0,50
32,127,1,33,6,178,1,60
33,127,1,34,8,186,1,80
34,127,1,35,7,193,4,70
35,127,1,36,3,196,3,30
36,127,1,37,2,198,1,20
37,127,1,38,6,204,3,60
38,127,1,39,9,213,3,90
39,127,1,40,4,217,2,40
40,127,1,41,8,225,1,80
41,127,1,42,3,228,2,30
42,127,1,43,3,231,1,30
43,127,1,44,5,236,2,50
44,127,1,45,4,240,1,40
45,127,1,46,4,244,1,40
46,127,1,47,9,253,1,90
47,127,1,48,8,261,1,80
48,127,1,49,8,269,9,80
49,127,1,50,4,273,5,40
50,127,1,51,7,280,1,70
51,127,1,52,8,288,5,80
52,127,1,53,7,295,5,70
53,127,1,54,2,297,2,20
54,127,1,55,4,301,1,40
55,127,1,56,8,309,4,80
56,127,1,57,3,312,4,30
57,127,1,58,5,317,1,50
58,127,1,59,9,326,3,90
59,127,1,60,6,332,3,60
60,127,1,61,4,336,3,40
61,127,1,62,2,338,0,20
62,127,1,63,6,344,5,60
63,127,1,64,6,350,3,60
64,127,1,65,9,359,2,90
65,127,1,66,5,364,1,50
66,127,1,67,2,366,4,20
67,127,1,68,4,370,1,40
68,127,1,69,8,378,4,80
69,127,1,70,6,384,1,60
70,127,1,71,6,390,1,60
71,127,1,72,6,396,5,60
72,127,1,73,5,401,2,50
73,127,1,74,9,410,1,90
74,127,1,75,5,415,1,50
75,127,1,76,9,424,1,90
76,127,1,77,3,427,1,30
77,127,1,78,9,436,7,90
78,127,1,79,4,440,1,40
79,127,1,80,7,447,2,70
80,127,1,81,7,454,4,70
81,127,1,82,7,461,1,70
82,127,1,83,2,463,1,20
83,127,1,84,9,472,1,90
84,127,1,85,8,480,8,80
85,127,1,86,8,488,6,80
86,127,1,87,5,493,5,50
87,127,1,88,4,497,1,40
88,127,1,89,7,504,2,70
89,127,1,90,6,510,5,60
90,127,1,91,4,514,1,40
91,127,1,92,9,523,6,90
92,127,1,93,6,529,1,60
93,127,1,94,9,538,7,90
94,127,1,95,4,542,1,40
95,127,1,96,3,545,2,30
96,127,1,97,5,550,4,50
97,127,1,98,6,556,6,60
98,127,1,99,3,559,3,30
99,127,1,100,4,563,1,40
100,127,1,101,7,570,5,70
101,127,1,102,7,577,4,70
102,127,1,103,4,581,0,40
103,127,1,104,8,589,1,80
104,127,1,105,6,595,1,60
105,127,1,106,9,604,8,90
106,127,1,107,5,609,1,50
107,127,1,108,5,614,1,50
108,127,1,109,7,621,10,70
109,127,1,110,9,630,10,90
110,127,1,111,6,636,3,60
111,127,1,112,6,642,2,60
112,127,1,113,8,650,5,80
113,127,1,114,4,654,6,40
114,127,1,115,9,663,3,90
115,127,1,116,8,671,1,80
116,127,1,117,9,680,3,90
117,127,1,118,8,688,1,80
118,127,1,119,6,694,7,60
119,127,1,120,7,701,2,70
120,127,1,121,8,709,5,80
121,127,1,122,9,718,3,90
122,127,1,123,7,725,5,70
123,127,1,124,6,731,4,60
124,127,1,125,5,736,1,50
125,127,1,126,3,739,3,30
126,127,1,127,3,742,1,30
127,127,1,128,9,751,1,90
128,127,1,129,6,757,3,60
129,127,1,130,7,764,1,70
130,127,1,131,3,767,1,30
131,127,1,132,4,771,4,40
132,127,1,133,7,778,1,70
133,127,1,134,7,785,3,70
134,127,1,135,4,789,1,40
135,127,1,136,8,797,1,80
136,127,1,137,4,801,3,40
137,127,1,138,8,809,1,80
138,127,1,139,3,812,1,30
139,127,1,140,5,817,1,50
140,127,1,141,3,820,1,30
141,127,1,142,7,827,11,70
142,127,1,143,6,833,1,60
143,127,1,144,2,835,1,20
144,127,1,145,4,839,1,40
145,127,1,146,7,846,7,70
146,127,1,147,9,855,1,90
147,127,1,148,2,857,1,20
148,127,1,149,2,859,7,20
149,127,1,150,8,867,1,80
150,127,1,151,6,873,6,60
151,127,1,152,4,877,4,40
152,127,1,153,8,885,1,80
153,127,1,154,5,890,7,50
154,127,1,155,4,894,4,40
155,127,1,156,9,903,2,90
156,127,1,157,3,906,1,30
157,127,1,158,3,909,1,30
158,127,1,159,6,915,5,60
159,127,1,160,4,919,4,40
160,127,1,161,7,926,4,70
161,127,1,162,9,935,3,90
162,127,1,163,9,944,1,90
163,127,1,164,4,948,3,40
164,127,1,165,3,951,3,30
165,127,1,166,6,957,6,60
166,127,1,167,9,966,1,90
167,127,1,168,6,972,1,60
168,127,1,169,8,980,7,80
169,127,1,170,7,987,6,70
170,127,1,171,5,992,3,50
171,127,1,172,2,994,4,20
172,127,1,173,2,996,1,20
173,127,1,174,3,999,0,30
174,127,1,175,2,1001,1,20
175,127,1,176,3,1004,1,30
176,127,1,177,7,1011,1,70
177,127,1,178,2,1013,5,20
178,127,1,179,9,1022,1,90
179,127,1,180,8,1030,5,80
180,127,1,181,8,1038,1,80
181,127,1,182,2,1040,1,20
182,127,1,183,4,1044,1,40
183,127,1,184,8,1052,2,80
184,127,1,185,8,1060,1,80
185,127,1,186,5,1065,1,50
186,127,1,187,9,1074,1,90
187,127,1,188,6,1080,8,60
188,127,1,189,6,1086,2,60
189,127,1,190,8,1094,1,80
190,127,1,191,3,1097,10,30
191,127,1,192,6,1103,1,60
192,127,1,193,5,1108,5,50
193,127,1,194,4,1112,5,40
194,127,1,195,7,1119,4,70
195,127,1,196,2,1121,1,20
196,127,1,197,5,1126,2,50
197,127,1,198,4,1130,4,40
198,127,1,199,8,1138,1,80
199,127,1,200,2,1140,4,20
200,127,1,201,7,1147,2,70
201,127,1,202,8,1155,2,80
202,127,1,203,7,1162,2,70
203,127,1,204,2,1164,1,20
204,127,1,205,8,1172,1,80
205,127,1,206,2,1174,8,20
206,127,1,207,7,1181,3,70
207,127,1,208,7,1188,1,70
208,127,1,209,6,1194,1,60
209,127,1,210,3,1197,1,30
210,127,1,211,8,1205,6,80
211,127,1,212,3,1208,1,30
212,127,1,213,7,1215,4,70
213,127,1,214,3,1218,1,30
214,127,1,215,4,1222,1,40
215,127,1,216,8,1230,7,80
216,127,1,217,5,1235,1,50
217,127,1,218,3,1238,3,30
218,127,1,219,6,1244,1,60
219,127,1,220,7,1251,4,70
220,127,1,221,7,1258,1,70
221,127,1,222,6,1264,1,60
222,127,1,223,6,1270,4,60
223,127,1,224,9,1279,1,90
224,127,1,225,9,1288,5,90
225,127,1,226,4,1292,6,40
226,127,1,227,6,1298,2,60
227,127,1,228,7,1305,3,70
228,127,1,229,8,1313,5,80
229,127,1,230,4,1317,0,40
230,127,1,231,6,1323,6,60
231,127,1,232,6,1329,1,60
232,127,1,233,9,1338,3,90
233,127,1,234,4,1342,5,40
234,127,1,235,8,1350,4,80
235,127,1,236,3,1353,3,30
236,127,1,237,2,1355,2,20
237,127,1,238,6,1361,5,60
238,127,1,239,9,1370,1,90
239,127,1,240,4,1374,1,40
240,127,1,241,3,1377,1,30
241,127,1,242,9,1386,15,90
242,127,1,243,5,1391,1,50
243,127,1,244,7,1398,1,70
244,127,1,245,5,1403,6,50
245,127,1,246,5,1408,1,50
246,127,1,247,6,1414,1,60
247,127,1,248,2,1416,1,20
248,127,1,249,2,1418,1,20
249,127,1,250,7,1425,5,70
250,127,1,251,4,1429,3,40
251,127,1,252,5,1434,1,50
252,127,1,253,2,1436,2,20
253,127,1,254,2,1438,0,20
254,127,1,255,6,1444,1,60
255,127,1,256,6,1450,1,60
256,127,1,257,2,1452,5,20
257,127,1,258,9,1461,4,90
258,127,1,259,5,1466,1,50
259,127,1,260,8,1474,7,80
260,127,1,261,5,1479,1,50
261,127,1,262,6,1485,1,60
262,127,1,263,4,1489,2,40
263,127,1,264,3,1492,0,30
264,127,1,265,5,1497,1,50
265,127,1,266,3,1500,1,30
266,127,1,267,5,1505,0,50
267,127,1,268,4,1509,3,40
268,127,1,269,7,1516,4,70
269,127,1,270,2,1518,1,20
270,127,1,271,4,1522,1,40
271,127,1,272,8,1530,1,80
272,127,1,273,7,1537,1,70
273,127,1,274,4,1541,1,40
274,127,1,275,7,1548,5,70
275,127,1,276,3,1551,1,30
276,127,1,277,4,1555,2,40
277,127,1,278,4,1559,1,40
278,127,1,279,6,1565,8,60
279,127,1,280,5,1570,4,50
280,127,1,281,5,1575,0,50
281,127,1,282,4,1579,1,40
282,127,1,283,4,1583,4,40
283,127,1,284,5,1588,4,50
284,127,1,285,9,1597,7,90
285,127,1,286,8,1605,1,80
286,127,1,287,7,1612,1,70
287,127,1,288,3,1615,8,30
288,127,1,289,7,1622,1,70
289,127,1,290,8,1630,5,80
290,127,1,291,2,1632,3,20
291,127,1,292,8,1640,1,80
292,127,1,293,3,1643,0,30
293,127,1,294,4,1647,1,40
294,127,1,295,7,1654,6,70
295,127,1,296,6,1660,1,60
296,127,1,297,6,1666,1,60
297,127,1,298,4,1670,0,40
298,127,1,299,7,1677,5,70
299,127,1,300,9,1686,3,90
300,127,1,301,8,1694,4,80
301,127,1,302,6,1700,1,60
302,127,1,303,5,1705,2,50
303,127,1,304,9,1714,1,90
304,127,1,305,8,1722,8,80
305,127,1,306,6,1728,5,60
306,127,1,307,4,1732,4,40
307,127,1,308,8,1740,1,80
308,127,1,309,7,1747,1,70
309,127,1,310,5,1752,7,50
310,127,1,311,6,1758,5,60
311,127,1,312,3,1761,3,30
312,127,1,313,8,1769,1,80
313,127,1,314,3,1772,1,30
314,127,1,315,9,1781,5,90
315,127,1,316,8,1789,5,80
316,127,1,317,5,1794,1,50
317,127,1,318,3,1797,1,30
318,127,1,319,4,1801,2,40
319,127,1,320,3,1804,2,30
320,127,1,321,6,1810,1,60
321,127,1,322,2,1812,2,20
322,127,1,323,3,1815,0,30
323,127,1,324,5,1820,1,50
324,127,1,325,4,1824,1,40
325,127,1,326,4,1828,0,40
326,127,1,327,9,1837,6,90
327,127,1,328,9,1846,1,90
328,127,1,329,3,1849,3,30
329,127,1,330,4,1853,3,40
330,127,1,331,9,1862,4,90
331,127,1,332,7,1869,1,70
332,127,1,333,9,1878,2,90
333,127,1,334,4,1882,4,40
334,127,1,335,4,1886,2,40
335,127,1,336,8,1894,6,80
336,127,1,337,6,1900,5,60
337,127,1,338,5,1905,1,50
338,127,1,339,9,1914,1,90
339,127,1,340,2,1916,1,20
340,127,1,341,2,1918,1,20
341,127,1,342,6,1924,8,60
342,127,1,343,2,1926,4,20
343,127,1,344,6,1932,1,60
344,127,1,345,5,1937,5,50
345,127,1,346,8,1945,3,80
346,127,1,347,9,1954,5,90
347,127,1,348,4,1958,4,40
348,127,1,349,7,1965,3,70
349,127,1,350,7,1972,1,70
350,127,1,351,6,1978,2,60
351,127,1,352,2,1980,1,20
352,127,1,353,8,1988,1,80
353,127,1,354,6,1994,2,60
354,127,1,355,3,1997,3,30
355,127,1,356,5,2002,4,50
356,127,1,357,2,2004,1,20
357,127,1,358,2,2006,3,20
358,127,1,359,7,2013,1,70
359,127,1,360,8,2021,1,80
360,127,1,361,9,2030,8,90
361,127,1,362,4,2034,1,40
362,127,1,363,2,2036,1,20
363,127,1,364,4,2040,5,40
364,127,1,365,2,2042,1,20
365,127,1,366,7,2049,0,70
366,127,1,367,5,2054,3,50
367,127,1,368,4,2058,1,40
368,127,1,369,2,2060,4,20
369,127,1,370,5,2065,2,50
370,127,1,371,4,2069,4,40
371,127,1,372,5,2074,1,50
372,127,1,373,3,2077,1,30
373,127,1,374,4,2081,1,40
374,127,1,375,8,2089,5,80
375,127,1,376,6,2095,1,60
376,127,1,377,9,2104,1,90
377,127,1,378,2,2106,7,20
378,127,1,379,8,2114,1,80
379,127,1,380,4,2118,2,40
380,127,1,381,7,2125,9,70
381,127,1,382,5,2130,1,50
382,127,1,383,9,2139,4,90
383,127,1,384,3,2142,1,30
384,127,1,385,5,2147,4,50
385,127,1,386,6,2153,4,60
386,127,1,387,4,2157,1,40
387,127,1,388,6,2163,1,60
388,127,1,389,7,2170,1,70
389,127,1,390,6,2176,1,60
390,127,1,391,9,2185,8,90
391,127,1,392,6,2191,4,60
392,127,1,393,3,2194,1,30
393,127,1,394,4,2198,1,40
394,127,1,395,6,2204,1,60
395,127,1,396,5,2209,3,50
396,127,1,397,8,2217,1,80
397,127,1,398,8,2225,7,80
398,127,1,399,8,2233,1,80
399,127,1,400,3,2236,1,30
400,127,1,401,3,2239,1,30
401,127,1,402,8,2247,1,80
402,127,1,403,3,2250,1,30
403,127,1,404,7,2257,1,70
404,127,1,405,5,2262,1,50
405,127,1,406,4,2266,2,40
406,127,1,407,9,2275,7,90
407,127,1,408,9,2284,6,90
408,127,1,409,8,2292,5,80
409,127,1,410,3,2295,5,30
410,127,1,411,8,2303,1,80
411,127,1,412,7,2310,4,70
412,127,1,413,9,2319,3,90
413,127,1,414,8,2327,1,80
414,127,1,415,2,2329,1,20
415,127,1,416,3,2332,6,30
416,127,1,417,3,2335,3,30
417,127,1,418,9,2344,2,90
418,127,1,419,3,2347,5,30
419,127,1,420,5,2352,1,50
420,127,1,421,9,2361,1,90
421,127,1,422,3,2364,1,30
422,127,1,423,6,2370,5,60
423,127,1,424,5,2375,3,50
424,127,1,425,6,2381,1,60
425,127,1,426,3,2384,1,30
426,127,1,427,4,2388,10,40
427,127,1,428,8,2396,4,80
428,127,1,429,5,2401,0,50
429,127,1,430,4,2405,1,40
430,127,1,431,3,2408,1,30
431,127,1,432,7,2415,7,70
432,127,1,433,9,2424,4,90
433,127,1,434,2,2426,1,20
434,127,1,435,7,2433,5,70
435,127,1,436,2,2435,3,20
436,127,1,437,6,2441,5,60
437,127,1,438,2,2443,1,20
438,127,1,439,9,2452,5,90
439,127,1,440,8,2460,1,80
440,127,1,441,4,2464,1,40
441,127,1,442,6,2470,1,60
442,127,1,443,3,2473,5,30
443,127,1,444,3,2476,2,30
444,127,1,445,2,2478,1,20
445,127,1,446,3,2481,1,30
446,127,1,447,9,2490,4,90
447,127,1,448,2,2492,3,20
448,127,1,449,5,2497,4,50
449,127,1,450,9,2506,1,90
450,127,1,451,3,2509,1,30
451,127,1,452,2,2511,2,20
452,127,1,453,9,2520,6,90
453,127,1,454,6,2526,5,60
454,127,1,455,3,2529,5,30
455,127,1,456,6,2535,2,60
456,127,1,457,7,2542,0,70
457,127,1,458,9,2551,6,90
458,127,1,459,6,2557,4,60
459,127,1,460,5,2562,1,50
460,127,1,461,5,2567,4,50
461,127,1,462,7,2574,1,70
462,127,1,463,5,2579,5,50
463,127,1,464,8,2587,1,80
464,127,1,465,8,2595,6,80
465,127,1,466,4,2599,3,40
466,127,1,467,7,2606,1,70
467,127,1,468,8,2614,1,80
468,127,1,469,8,2622,6,80
469,127,1,470,9,2631,6,90
470,127,1,471,7,2638,1,70
471,127,1,472,6,2644,2,60
472,127,1,473,6,2650,3,60
473,127,1,474,8,2658,1,80
474,127,1,475,2,2660,5,20
475,127,1,476,9,2669,1,90
476,127,1,477,7,2676,1,70
477,127,1,478,6,2682,3,60
478,127,1,479,4,2686,4,40
479,127,1,480,4,2690,1,40
480,127,1,481,9,2699,4,90
481,127,1,482,9,2708,9,90
482,127,1,483,4,2712,1,40
483,127,1,484,2,2714,2,20
484,127,1,485,8,2722,1,80
485,127,1,486,6,2728,1,60
486,127,1,487,9,2737,1,90
487,127,1,488,5,2742,9,50
488,127,1,489,8,2750,1,80
489,127,1,490,9,2759,1,90
490,127,1,491,6,2765,1,60
491,127,1,492,7,2772,14,70
492,127,1,493,8,2780,1,80
493,127,1,494,5,2785,7,50
494,127,1,495,5,2790,3,50
495,127,1,496,8,2798,7,80
496,127,1,497,5,2803,1,50
497,127,1,498,8,2811,1,80
498,127,1,499,4,2815,1,40
499,127,1,500,4,2819,3,40
500,127,1,501,4,2823,8,40
501,127,1,502,6,2829,1,60
502,127,1,503,2,2831,1,20
503,127,1,504,4,2835,1,40
504,127,1,505,5,2840,1,50
505,127,1,506,5,2845,8,50
506,127,1,507,9,2854,4,90
507,127,1,508,3,2857,2,30
508,127,1,509,3,2860,0,30
509,127,1,510,6,2866,1,60
510,127,1,511,6,2872,2,60
511,127,1,512,2,2874,4,20
512,127,1,513,5,2879,2,50
513,127,1,514,4,2883,0,40
514,127,1,515,9,2892,2,90
515,127,1,516,7,2899,1,70
516,127,1,517,5,2904,5,50
517,127,1,518,7,2911,1,70
518,127,1,519,7,2918,3,70
519,127,1,520,2,2920,1,20
520,127,1,521,9,2929,9,90
521,127,1,522,7,2936,1,70
522,127,1,523,7,2943,1,70
523,127,1,524,8,2951,8,80
524,127,1,525,6,2957,1,60
525,127,1,526,8,2965,1,80
526,127,1,527,4,2969,8,40
527,127,1,528,3,2972,2,30
528,127,1,529,6,2978,2,60
529,127,1,530,3,2981,1,30
530,127,1,531,2,2983,1,20
531,127,1,532,6,2989,1,60
532,127,1,533,6,2995,8,60
533,127,1,534,7,3002,1,70
534,127,1,535,4,3006,4,40
535,127,1,536,6,3012,4,60
536,127,1,537,2,3014,1,20
537,127,1,538,6,3020,1,60
538,127,1,539,2,3022,1,20
539,127,1,540,2,3024,2,20
540,127,1,541,4,3028,3,40
541,127,1,542,4,3032,0,40
542,127,1,543,4,3036,2,40
543,127,1,544,5,3041,1,50
544,127,1,545,2,3043,2,20
545,127,1,546,2,3045,1,20
546,127,1,547,2,3047,2,20
547,127,1,548,5,3052,2,50
548,127,1,549,5,3057,1,50
549,127,1,550,4,3061,1,40
550,127,1,551,3,3064,2,30
551,127,1,552,5,3069,4,50
552,127,1,553,3,3072,1,30
553,127,1,554,8,3080,1,80
554,127,1,555,4,3084,2,40
555,127,1,556,8,3092,2,80
556,127,1,557,4,3096,2,40
557,127,1,558,9,3105,1,90
558,127,1,559,4,3109,5,40
559,127,1,560,4,3113,1,40
560,127,1,561,7,3120,1,70
561,127,1,562,4,3124,1,40
562,127,1,563,8,3132,1,80
563,127,1,564,7,3139,2,70
564,127,1,565,2,3141,3,20
565,127,1,566,8,3149,5,80
566,127,1,567,7,3156,8,70
567,127,1,568,6,3162,5,60
568,127,1,569,7,3169,5,70
569,127,1,570,7,3176,1,70
570,127,1,571,7,3183,1,70
571,127,1,572,5,3188,1,50
572,127,1,573,3,3191,1,30
573,127,1,574,3,3194,10,30
574,127,1,575,3,3197,4,30
575,127,1,576,2,3199,1,20
576,127,1,577,2,3201,1,20
577,127,1,578,8,3209,2,80
578,127,1,579,2,3211,1,20
579,127,1,580,6,3217,4,60
580,127,1,581,6,3223,3,60
581,127,1,582,9,3232,1,90
582,127,1,583,5,3237,10,50
583,127,1,584,7,3244,6,70
584,127,1,585,8,3252,4,80
585,127,1,586,2,3254,2,20
586,127,1,587,7,3261,1,70
587,127,1,588,6,3267,1,60
588,127,1,589,4,3271,5,40
589,127,1,590,7,3278,9,70
590,127,1,591,2,3280,1,20
591,127,1,592,5,3285,4,50
592,127,1,593,4,3289,1,40
593,127,1,594,6,3295,1,60
594,127,1,595,6,3301,7,60
595,127,1,596,8,3309,1,80
596,127,1,597,9,3318,13,90
597,127,1,598,6,3324,7,60
598,127,1,599,7,3331,3,70
599,127,1,600,3,3334,4,30
600,127,1,601,2,3336,2,20
601,127,1,602,5,3341,1,50
602,127,1,603,6,3347,3,60
603,127,1,604,9,3356,2,90
604,127,1,605,4,3360,2,40
605,127,1,606,9,3369,3,90
606,127,1,607,6,3375,1,60
607,127,1,608,7,3382,7,70
608,127,1,609,3,3385,1,30
609,127,1,610,5,3390,1,50
610,127,1,611,7,3397,1,70
611,127,1,612,5,3402,2,50
612,127,1,613,2,3404,1,20
613,127,1,614,4,3408,3,40
614,127,1,615,4,3412,2,40
615,127,1,616,3,3415,2,30
616,127,1,617,6,3421,3,60
617,127,1,618,9,3430,3,90
618,127,1,619,5,3435,5,50
619,127,1,620,6,3441,1,60
620,127,1,621,3,3444,2,30
621,127,1,622,7,3451,1,70
622,127,1,623,4,3455,3,40
623,127,1,624,7,3462,4,70
624,127,1,625,4,3466,1,40
625,127,1,626,4,3470,5,40
626,127,1,627,6,3476,5,60
627,127,1,628,8,3484,4,80
628,127,1,629,2,3486,1,20
629,127,1,630,4,3490,3,40
630,127,1,631,4,3494,5,40
631,127,1,632,3,3497,1,30
632,127,1,633,8,3505,3,80
633,127,1,634,7,3512,1,70
634,127,1,635,5,3517,6,50
635,127,1,636,4,3521,3,40
636,127,1,637,8,3529,1,80
637,127,1,638,2,3531,2,20
638,127,1,639,8,3539,3,80
639,127,1,640,2,3541,1,20
640,127,1,641,5,3546,1,50
641,127,1,642,9,3555,1,90
642,127,1,643,6,3561,1,60
643,127,1,644,8,3569,11,80
644,127,1,645,6,3575,1,60
645,127,1,646,6,3581,1,60
646,127,1,647,6,3587,9,60
647,127,1,648,5,3592,5,50
648,127,1,649,9,3601,1,90
649,127,1,650,8,3609,8,80
650,127,1,651,5,3614,2,50
651,127,1,652,2,3616,1,20
652,127,1,653,4,3620,1,40
653,127,1,654,3,3623,1,30
654,127,1,655,3,3626,1,30
655,127,1,656,2,3628,4,20
656,127,1,657,3,3631,2,30
657,127,1,658,4,3635,0,40
658,127,1,659,2,3637,0,20
659,127,1,660,6,3643,3,60
660,127,1,661,6,3649,1,60
661,127,1,662,4,3653,3,40
662,127,1,663,7,3660,1,70
663,127,1,664,7,3667,6,70
664,127,1,665,2,3669,5,20
665,127,1,666,4,3673,1,40
666,127,1,667,2,3675,1,20
667,127,1,668,3,3678,2,30
668,127,1,669,4,3682,2,40
669,127,1,670,2,3684,1,20
670,127,1,671,4,3688,1,40
671,127,1,672,4,3692,2,40
672,127,1,673,3,3695,1,30
673,127,1,674,4,3699,1,40
674,127,1,675,7,3706,1,70
675,127,1,676,6,3712,10,60
676,127,1,677,3,3715,1,30
677,127,1,678,2,3717,1,20
678,127,1,679,3,3720,4,30
679,127,1,680,6,3726,0,60
680,127,1,681,5,3731,5,50
681,127,1,682,4,3735,4,40
682,127,1,683,9,3744,4,90
683,127,1,684,9,3753,4,90
684,127,1,685,7,3760,3,70
685,127,1,686,6,3766,6,60
686,127,1,687,3,3769,2,30
687,127,1,688,2,3771,1,20
688,127,1,689,2,3773,1,20
689,127,1,690,6,3779,1,60
690,127,1,691,4,3783,0,40
691,127,1,692,9,3792,1,90
692,127,1,693,3,3795,1,30
693,127,1,694,5,3800,4,50
694,127,1,695,8,3808,1,80
695,127,1,696,2,3810,3,20
696,127,1,697,3,3813,1,30
697,127,1,698,6,3819,1,60
698,127,1,699,9,3828,6,90
699,127,1,700,8,3836,4,80
700,127,1,701,4,3840,2,40
701,127,1,702,6,3846,1,60
702,127,1,703,8,3854,5,80
703,127,1,704,9,3863,2,90
704,127,1,705,8,3871,4,80
705,127,1,706,3,3874,4,30
706,127,1,707,9,3883,1,90
707,127,1,708,6,3889,5,60
708,127,1,709,8,3897,1,80
709,127,1,710,3,3900,2,30
710,127,1,711,8,3908,4,80
711,127,1,712,4,3912,1,40
712,127,1,713,7,3919,1,70
713,127,1,714,5,3924,1,50
714,127,1,715,7,3931,1,70
715,127,1,716,8,3939,13,80
716,127,1,717,5,3944,6,50
717,127,1,718,4,3948,1,40
718,127,1,719,2,3950,1,20
719,127,1,720,5,3955,3,50
720,127,1,721,9,3964,2,90
721,127,1,722,2,3966,0,20
722,127,1,723,8,3974,4,80
723,127,1,724,5,3979,1,50
724,127,1,725,3,3982,1,30
725,127,1,726,4,3986,1,40
726,127,1,727,2,3988,1,20
727,127,1,728,5,3993,1,50
728,127,1,729,5,3998,1,50
729,127,1,730,2,4000,0,20
730,127,1,731,6,4006,1,60
731,127,1,732,7,4013,3,70
732,127,1,733,7,4020,3,70
733,127,1,734,3,4023,0,30
734,127,1,735,5,4028,1,50
735,127,1,736,5,4033,1,50
736,127,1,737,2,4035,3,20
737,127,1,738,3,4038,1,30
738,127,1,739,3,4041,4,30
739,127,1,740,4,4045,3,40
740,127,1,741,4,4049,1,40
741,127,1,742,6,4055,3,60
742,127,1,743,4,4059,5,40
743,127,1,744,6,4065,1,60
744,127,1,745,7,4072,4,70
745,127,1,746,9,4081,1,90
746,127,1,747,8,4089,1,80
747,127,1,748,3,4092,9,30
748,127,1,749,3,4095,4,30
749,127,1,750,7,4102,1,70
750,127,1,751,2,4104,1,20
751,127,1,752,6,4110,1,60
752,127,1,753,2,4112,1,20
753,127,1,754,2,4114,1,20
754,127,1,755,8,4122,7,80
755,127,1,756,9,4131,4,90
756,127,1,757,2,4133,1,20
757,127,1,758,9,4142,7,90
758,127,1,759,6,4148,2,60
759,127,1,760,2,4150,0,20
760,127,1,761,4,4154,1,40
761,127,1,762,8,4162,4,80
762,127,1,763,9,4171,1,90
763,127,1,764,7,4178,5,70
764,127,1,765,4,4182,1,40
765,127,1,766,9,4191,4,90
766,127,1,767,2,4193,0,20
767,127,1,768,5,4198,2,50
768,127,1,769,3,4201,1,30
769,127,1,770,9,4210,1,90
770,127,1,771,4,4214,3,40
771,127,1,772,5,4219,1,50
772,127,1,773,5,4224,3,50
773,127,1,774,9,4233,1,90
774,127,1,775,6,4239,7,60
775,127,1,776,5,4244,2,50
776,127,1,777,5,4249,4,50
777,127,1,778,2,4251,1,20
778,127,1,779,3,4254,1,30
779,127,1,780,8,4262,1,80
780,127,1,781,7,4269,15,70
781,127,1,782,8,4277,1,80
782,127,1,783,6,4283,1,60
783,127,1,784,4,4287,10,40
784,127,1,785,4,4291,2,40
785,127,1,786,6,4297,0,60
786,127,1,787,2,4299,0,20
787,127,1,788,3,4302,2,30
788,127,1,789,3,4305,2,30
789,127,1,790,3,4308,1,30
790,127,1,791,9,4317,5,90
791,127,1,792,7,4324,6,70
792,127,1,793,2,4326,2,20
793,127,1,794,6,4332,1,60
794,127,1,795,8,4340,4,80
795,127,1,796,2,4342,1,20
796,127,1,797,6,4348,1,60
797,127,1,798,5,4353,1,50
798,127,1,799,9,4362,5,90
799,127,1,800,7,4369,4,70
800,127,1,801,7,4376,4,70
801,127,1,802,3,4379,4,30
802,127,1,803,6,4385,2,60
803,127,1,804,2,4387,1,20
804,127,1,805,7,4394,1,70
805,127,1,806,6,4400,2,60
806,127,1,807,9,4409,2,90
807,127,1,808,8,4417,3,80
808,127,1,809,7,4424,1,70
809,127,1,810,9,4433,1,90
810,127,1,811,3,4436,9,30
811,127,1,812,8,4444,7,80
812,127,1,813,2,4446,3,20
813,127,1,814,4,4450,2,40
814,127,1,815,7,4457,1,70
815,127,1,816,2,4459,0,20
816,127,1,817,7,4466,1,70
817,127,1,818,3,4469,1,30
818,127,1,819,6,4475,1,60
819,127,1,820,8,4483,7,80
820,127,1,821,9,4492,3,90
821,127,1,822,9,4501,1,90
822,127,1,823,7,4508,3,70
823,127,1,824,3,4511,1,30
824,127,1,825,4,4515,4,40
825,127,1,826,6,4521,1,60
826,127,1,827,2,4523,3,20
827,127,1,828,5,4528,1,50
828,127,1,829,9,4537,5,90
829,127,1,830,3,4540,7,30
830,127,1,831,5,4545,3,50
831,127,1,832,7,4552,1,70
832,127,1,833,9,4561,3,90
833,127,1,834,3,4564,2,30
834,127,1,835,6,4570,2,60
835,127,1,836,2,4572,1,20
836,127,1,837,4,4576,3,40
837,127,1,838,6,4582,1,60
838,127,1,839,8,4590,1,80
839,127,1,840,3,4593,3,30
840,127,1,841,7,4600,4,70
841,127,1,842,7,4607,1,70
842,127,1,843,5,4612,8,50
843,127,1,844,6,4618,0,60
844,127,1,845,9,4627,1,90
845,127,1,846,4,4631,7,40
846,127,1,847,3,4634,3,30
847,127,1,848,6,4640,2,60
848,127,1,849,2,4642,1,20
849,127,1,850,7,4649,4,70
850,127,1,851,4,4653,4,40
851,127,1,852,5,4658,3,50
852,127,1,853,4,4662,1,40
853,127,1,854,7,4669,6,70
854,127,1,855,2,4671,1,20
855,127,1,856,3,4674,4,30
856,127,1,857,4,4678,3,40
857,127,1,858,9,4687,6,90
858,127,1,859,8,4695,1,80
859,127,1,860,3,4698,5,30
860,127,1,861,7,4705,6,70
861,127,1,862,7,4712,1,70
862,127,1,863,4,4716,5,40
863,127,1,864,6,4722,1,60
864,127,1,865,7,4729,1,70
865,127,1,866,9,4738,3,90
866,127,1,867,2,4740,1,20
867,127,1,868,6,4746,2,60
868,127,1,869,5,4751,3,50
869,127,1,870,9,4760,1,90
870,127,1,871,8,4768,9,80
871,127,1,872,6,4774,3,60
872,127,1,873,3,4777,1,30
873,127,1,874,2,4779,0,20
874,127,1,875,5,4784,2,50
875,127,1,876,9,4793,1,90
876,127,1,877,9,4802,6,90
877,127,1,878,9,4811,0,90
878,127,1,879,8,4819,1,80
879,127,1,880,3,4822,4,30
880,127,1,881,5,4827,3,50
881,127,1,882,3,4830,1,30
882,127,1,883,9,4839,3,90
883,127,1,884,6,4845,5,60
884,127,1,885,8,4853,5,80
885,127,1,886,6,4859,1,60
886,127,1,887,2,4861,1,20
887,127,1,888,4,4865,0,40
888,127,1,889,7,4872,1,70
889,127,1,890,2,4874,1,20
890,127,1,891,4,4878,1,40
891,127,1,892,8,4886,1,80
892,127,1,893,9,4895,8,90
893,127,1,894,8,4903,5,80
894,127,1,895,2,4905,1,20
895,127,1,896,9,4914,1,90
896,127,1,897,7,4921,7,70
897,127,1,898,5,4926,3,50
898,127,1,899,8,4934,2,80
899,127,1,900,4,4938,1,40
900,127,1,901,5,4943,1,50
901,127,1,902,7,4950,5,70
902,127,1,903,7,4957,6,70
903,127,1,904,8,4965,3,80
904,127,1,905,4,4969,3,40
905,127,1,906,9,4978,2,90
906,127,1,907,4,4982,2,40
907,127,1,908,5,4987,0,50
908,127,1,909,4,4991,1,40
909,127,1,910,6,4997,3,60
910,127,2,1,3,3,1,30
911,127,2,2,8,11,1,80
912,127,2,3,9,20,2,90
913,127,2,4,2,22,5,20
914,127,2,5,6,28,2,60
915,127,2,6,8,36,1,80
916,127,2,7,5,41,5,50
917,127,2,8,8,49,4,80
918,127,2,9,2,51,0,20
919,127,2,10,9,60,2,90
920,127,2,11,5,65,1,50
921,127,2,12,9,74,1,90
922,127,2,13,5,79,1,50
923,127,2,14,3,82,5,30
924,127,2,15,2,84,1,20
925,127,2,16,2,86,2,20
926,127,2,17,8,94,2,80
927,127,2,18,5,99,5,50
928,127,2,19,3,102,1,30
929,127,2,20,2,104,1,20
930,127,2,21,6,110,1,60
931,127,2,22,6,116,1,60
932,127,2,23,2,118,1,20
933,127,2,24,6,124,13,60
934,127,2,25,6,130,4,60
935,127,2,26,9,139,2,90
936,127,2,27,5,144,1,50
937,127,2,28,9,153,1,90
938,127,2,29,6,159,11,60
939,127,2,30,2,161,1,20
940,127,2,31,6,167,6,60
941,127,2,32,8,175,1,80
942,127,2,33,4,179,3,40
943,127,2,34,3,182,4,30
944,127,2,35,3,185,1,30
945,127,2,36,8,193,2,80
946,127,2,37,6,199,3,60
947,127,2,38,9,208,5,90
948,127,2,39,5,213,3,50
949,127,2,40,6,219,2,60
950,127,2,41,2,221,3,20
951,127,2,42,4,225,2,40
952,127,2,43,2,227,1,20
953,127,2,44,2,229,1,20
954,127,2,45,6,235,1,60
955,127,2,46,8,243,4,80
956,127,2,47,7,250,1,70
957,127,2,48,9,259,9,90
958,127,2,49,4,263,2,40
959,127,2,50,9,272,1,90
960,127,2,51,3,275,1,30
961,127,2,52,6,281,1,60
962,127,2,53,5,286,6,50
963,127,2,54,5,291,2,50
964,127,2,55,7,298,5,70
965,127,2,56,3,301,2,30
966,127,2,57,2,303,0,20
967,127,2,58,3,306,2,30
968,127,2,59,7,313,0,70
969,127,2,60,9,322,1,90
970,127,2,61,2,324,0,20
971,127,2,62,7,331,4,70
972,127,2,63,5,336,0,50
973,127,2,64,5,341,4,50
974,127,2,65,5,346,6,50
975,127,2,66,4,350,3,40
976,127,2,67,3,353,2,30
977,127,2,68,9,362,3,90
978,127,2,69,6,368,1,60
979,127,2,70,9,377,10,90
980,127,2,71,9,386,4,90
981,127,2,72,3,389,1,30
982,127,2,73,7,396,1,70
983,127,2,74,3,399,2,30
984,127,2,75,8,407,4,80
985,127,2,76,2,409,1,20
986,127,2,77,6,415,1,60
987,127,2,78,5,420,4,50
988,127,2,79,5,425,1,50
989,127,2,80,7,432,1,70
990,127,2,81,6,438,3,60
991,127,2,82,9,447,1,90
992,127,2,83,7,454,8,70
993,127,2,84,3,457,1,30
994,127,2,85,2,459,1,20
995,127,2,86,6,465,1,60
996,127,2,87,6,471,3,60
997,127,2,88,7,478,2,70
998,127,2,89,3,481,5,30
999,127,2,90,7,488,3,70
1000,127,2,91,5,493,0,50
1001,127,2,92,9,502,4,90
1002,127,2,93,3,505,1,30
1003,127,2,94,2,507,1,20
1004,127,2,95,6,513,4,60
1005,127,2,96,7,520,5,70
1006,127,2,97,6,526,3,60
1007,127,2,98,5,531,1,50
1008,127,2,99,2,533,9,20
1009,127,2,100,6,539,4,60
1010,127,2,101,4,543,1,40
1011,127,2,102,4,547,4,40
1012,127,2,103,3,550,4,30
1013,127,2,104,9,559,3,90
1014,127,2,105,8,567,1,80
1015,127,2,106,5,572,7,50
1016,127,2,107,7,579,1,70
1017,127,2,108,4,583,3,40
1018,127,2,109,4,587,7,40
1019,127,2,110,5,592,3,50
1020,127,2,111,6,598,1,60
1021,127,2,112,6,604,1,60
1022,127,2,113,6,610,4,60
1023,127,2,114,9,619,2,90
1024,127,2,115,3,622,4,30
1025,127,2,116,4,626,3,40
1026,127,2,117,6,632,6,60
1027,127,2,118,2,634,5,20
1028,127,2,119,9,643,2,90
1029,127,2,120,2,645,1,20
1030,127,2,121,9,654,5,90
1031,127,2,122,7,661,1,70
1032,127,2,123,2,663,1,20
1033,127,2,124,8,671,1,80
1034,127,2,125,9,680,7,90
1035,127,2,126,5,685,0,50
1036,127,2,127,4,689,2,40
1037,127,2,128,5,694,1,50
1038,127,2,129,2,696,2,20
1039,127,2,130,7,703,1,70
1040,127,2,131,6,709,0,60
1041,127,2,132,2,711,1,20
1042,127,2,133,8,719,4,80
1043,127,2,134,5,724,5,50
1044,127,2,135,7,731,4,70
1045,127,2,136,6,737,4,60
1046,127,2,137,4,741,3,40
1047,127,2,138,5,746,1,50
1048,127,2,139,9,755,1,90
1049,127,2,140,4,759,5,40
1050,127,2,141,8,767,11,80
1051,127,2,142,8,775,3,80
1052,127,2,143,5,780,3,50
1053,127,2,144,9,789,1,90
1054,127,2,145,5,794,1,50
1055,127,2,146,6,800,1,60
1056,127,2,147,3,803,9,30
1057,127,2,148,3,806,11,30
1058,127,2,149,5,811,2,50
1059,127,2,150,5,816,0,50
1060,127,2,151,6,822,1,60
1061,127,2,152,2,824,2,20
1062,127,2,153,6,830,1,60
1063,127,2,154,3,833,2,30
1064,127,2,155,5,838,1,50
1065,127,2,156,3,841,2,30
1066,127,2,157,6,847,1,60
1067,127,2,158,3,850,2,30
1068,127,2,159,7,857,1,70
1069,127,2,160,9,866,3,90
1070,127,2,161,3,869,1,30
1071,127,2,162,7,876,1,70
1072,127,2,163,4,880,0,40
1073,127,2,164,8,888,3,80
1074,127,2,165,7,895,4,70
1075,127,2,166,6,901,1,60
1076,127,2,167,5,906,3,50
1077,127,2,168,3,909,1,30
1078,127,2,169,6,915,7,60
1079,127,2,170,8,923,1,80
1080,127,2,171,9,932,10,90
1081,127,2,172,2,934,1,20
1082,127,2,173,3,937,3,30
1083,127,2,174,6,943,2,60
1084,127,2,175,9,952,5,90
1085,127,2,176,5,957,1,50
1086,127,2,177,8,965,1,80
1087,127,2,178,3,968,1,30
1088,127,2,179,3,971,1,30
1089,127,2,180,9,980,3,90
1090,127,2,181,5,985,4,50
1091,127,2,182,6,991,1,60
1092,127,2,183,9,1000,10,90
1093,127,2,184,3,1003,1,30
1094,127,2,185,2,1005,1,20
1095,127,2,186,9,1014,7,90
1096,127,2,187,3,1017,1,30
1097,127,2,188,5,1022,6,50
1098,127,2,189,9,1031,4,90
1099,127,2,190,3,1034,1,30
1100,127,2,191,7,1041,2,70
1101,127,2,192,3,1044,3,30
1102,127,2,193,6,1050,1,60
1103,127,2,194,8,1058,7,80
1104,127,2,195,7,1065,3,70
1105,127,2,196,5,1070,3,50
1106,127,2,197,8,1078,0,80
1107,127,2,198,9,1087,2,90
1108,127,2,199,2,1089,1,20
1109,127,2,200,2,1091,1,20
1110,127,2,201,9,1100,7,90
1111,127,2,202,6,1106,4,60
1112,127,2,203,5,1111,1,50
1113,127,2,204,2,1113,3,20
1114,127,2,205,5,1118,1,50
1115,127,2,206,6,1124,4,60
1116,127,2,207,7,1131,1,70
1117,127,2,208,7,1138,5,70
1118,127,2,209,5,1143,1,50
1119,127,2,210,2,1145,3,20
1120,127,2,211,9,1154,6,90
1121,127,2,212,6,1160,1,60
1122,127,2,213,8,1168,2,80
1123,127,2,214,6,1174,1,60
1124,127,2,215,8,1182,1,80
1125,127,2,216,8,1190,5,80
1126,127,2,217,5,1195,1,50
1127,127,2,218,4,1199,1,40
1128,127,2,219,9,1208,1,90
1129,127,2,220,5,1213,1,50
1130,127,2,221,3,1216,8,30
1131,127,2,222,2,1218,1,20
1132,127,2,223,3,1221,5,30
1133,127,2,224,7,1228,1,70
1134,127,2,225,3,1231,7,30
1135,127,2,226,6,1237,1,60
1136,127,2,227,5,1242,5,50
1137,127,2,228,3,1245,1,30
1138,127,2,229,8,1253,2,80
1139,127,2,230,2,1255,3,20
1140,127,2,231,9,1264,4,90
1141,127,2,232,5,1269,2,50
1142,127,2,233,7,1276,2,70
1143,127,2,234,9,1285,1,90
1144,127,2,235,8,1293,7,80
1145,127,2,236,9,1302,9,90
1146,127,2,237,8,1310,2,80
1147,127,2,238,5,1315,4,50
1148,127,2,239,4,1319,6,40
1149,127,2,240,4,1323,1,40
1150,127,2,241,5,1328,1,50
1151,127,2,242,2,1330,1,20
1152,127,2,243,7,1337,1,70
1153,127,2,244,6,1343,6,60
1154,127,2,245,5,1348,5,50
1155,127,2,246,7,1355,1,70
1156,127,2,247,4,1359,1,40
1157,127,2,248,8,1367,8,80
1158,127,2,249,4,1371,8,40
1159,127,2,250,5,1376,3,50
1160,127,2,251,4,1380,1,40
1161,127,2,252,7,1387,2,70
1162,127,2,253,9,1396,1,90
1163,127,2,254,6,1402,4,60
1164,127,2,255,5,1407,3,50
1165,127,2,256,5,1412,2,50
1166,127,2,257,3,1415,3,30
1167,127,2,258,2,1417,1,20
1168,127,2,259,5,1422,2,50
1169,127,2,260,6,1428,0,60
1170,127,2,261,3,1431,2,30
1171,127,2,262,7,1438,1,70
1172,127,2,263,4,1442,6,40
1173,127,2,264,7,1449,1,70
1174,127,2,265,2,1451,3,20
1175,127,2,266,2,1453,1,20
1176,127,2,267,8,1461,4,80
1177,127,2,268,5,1466,7,50
1178,127,2,269,5,1471,0,50
1179,127,2,270,4,1475,1,40
1180,127,2,271,3,1478,1,30
1181,127,2,272,9,1487,3,90
1182,127,2,273,6,1493,1,60
1183,127,2,274,9,1502,9,90
1184,127,2,275,9,1511,6,90
1185,127,2,276,4,1515,1,40
1186,127,2,277,2,1517,2,20
1187,127,2,278,6,1523,3,60
1188,127,2,279,4,1527,0,40
1189,127,2,280,6,1533,1,60
1190,127,2,281,5,1538,2,50
1191,127,2,282,4,1542,4,40
1192,127,2,283,2,1544,1,20
1193,127,2,284,4,1548,2,40
1194,127,2,285,2,1550,1,20
1195,127,2,286,6,1556,1,60
1196,127,2,287,7,1563,1,70
1197,127,2,288,5,1568,1,50
1198,127,2,289,7,1575,1,70
1199,127,2,290,4,1579,1,40
1200,127,2,291,5,1584,1,50
1201,127,2,292,9,1593,13,90
1202,127,2,293,9,1602,5,90
1203,127,2,294,4,1606,1,40
1204,127,2,295,6,1612,5,60
1205,127,2,296,3,1615,1,30
1206,127,2,297,9,1624,3,90
1207,127,2,298,3,1627,1,30
1208,127,2,299,8,1635,1,80
1209,127,2,300,4,1639,1,40
1210,127,2,301,3,1642,5,30
1211,127,2,302,2,1644,7,20
1212,127,2,303,5,1649,2,50
1213,127,2,304,4,1653,2,40
1214,127,2,305,5,1658,3,50
1215,127,2,306,7,1665,1,70
1216,127,2,307,8,1673,1,80
1217,127,2,308,7,1680,6,70
1218,127,2,309,5,1685,5,50
1219,127,2,310,7,1692,5,70
1220,127,2,311,8,1700,1,80
1221,127,2,312,9,1709,5,90
1222,127,2,313,9,1718,6,90
1223,127,2,314,4,1722,5,40
1224,127,2,315,6,1728,3,60
1225,127,2,316,3,1731,2,30
1226,127,2,317,5,1736,1,50
1227,127,2,318,7,1743,1,70
1228,127,2,319,2,1745,1,20
1229,127,2,320,3,1748,8,30
1230,127,2,321,3,1751,7,30
1231,127,2,322,8,1759,4,80
1232,127,2,323,4,1763,1,40
1233,127,2,324,9,1772,1,90
1234,127,2,325,5,1777,6,50
1235,127,2,326,6,1783,1,60
1236,127,2,327,6,1789,7,60
1237,127,2,328,9,1798,6,90
1238,127,2,329,4,1802,3,40
1239,127,2,330,4,1806,0,40
1240,127,2,331,8,1814,3,80
1241,127,2,332,4,1818,3,40
1242,127,2,333,6,1824,2,60
1243,127,2,334,4,1828,1,40
1244,127,2,335,7,1835,4,70
1245,127,2,336,2,1837,2,20
1246,127,2,337,3,1840,3,30
1247,127,2,338,5,1845,1,50
1248,127,2,339,3,1848,3,30
1249,127,2,340,9,1857,1,90
1250,127,2,341,7,1864,4,70
1251,127,2,342,5,1869,1,50
1252,127,2,343,7,1876,1,70
1253,127,2,344,5,1881,1,50
1254,127,2,345,9,1890,1,90
1255,127,2,346,2,1892,1,20
1256,127,2,347,7,1899,14,70
1257,127,2,348,5,1904,5,50
1258,127,2,349,6,1910,1,60
1259,127,2,350,9,1919,1,90
1260,127,2,351,7,1926,4,70
1261,127,2,352,4,1930,1,40
1262,127,2,353,9,1939,1,90
1263,127,2,354,2,1941,1,20
1264,127,2,355,5,1946,10,50
1265,127,2,356,8,1954,1,80
1266,127,2,357,2,1956,1,20
1267,127,2,358,3,1959,1,30
1268,127,2,359,3,1962,1,30
1269,127,2,360,7,1969,6,70
1270,127,2,361,4,1973,0,40
1271,127,2,362,3,1976,1,30
1272,127,2,363,5,1981,1,50
1273,127,2,364,8,1989,7,80
1274,127,2,365,4,1993,5,40
1275,127,2,366,2,1995,1,20
1276,127,2,367,8,2003,8,80
1277,127,2,368,8,2011,1,80
1278,127,2,369,3,2014,5,30
1279,127,2,370,8,2022,1,80
1280,127,2,371,6,2028,3,60
1281,127,2,372,4,2032,3,40
1282,127,2,373,9,2041,1,90
1283,127,2,374,4,2045,4,40
1284,127,2,375,7,2052,3,70
1285,127,2,376,7,2059,1,70
1286,127,2,377,8,2067,1,80
1287,127,2,378,3,2070,1,30
1288,127,2,379,5,2075,1,50
1289,127,2,380,7,2082,12,70
1290,127,2,381,7,2089,1,70
1291,127,2,382,3,2092,1,30
1292,127,2,383,7,2099,1,70
1293,127,2,384,3,2102,1,30
1294,127,2,385,9,2111,1,90
1295,127,2,386,2,2113,5,20
1296,127,2,387,4,2117,6,40
1297,127,2,388,7,2124,2,70
1298,127,2,389,7,2131,2,70
1299,127,2,390,4,2135,2,40
1300,127,2,391,7,2142,3,70
1301,127,2,392,5,2147,1,50
1302,127,2,393,5,2152,4,50
1303,127,2,394,4,2156,1,40
1304,127,2,395,6,2162,6,60
1305,127,2,396,2,2164,2,20
1306,127,2,397,9,2173,1,90
1307,127,2,398,7,2180,2,70
1308,127,2,399,9,2189,6,90
1309,127,2,400,9,2198,1,90
1310,127,2,401,5,2203,7,50
1311,127,2,402,9,2212,5,90
1312,127,2,403,7,2219,4,70
1313,127,2,404,6,2225,1,60
1314,127,2,405,9,2234,1,90
1315,127,2,406,6,2240,1,60
1316,127,2,407,2,2242,6,20
1317,127,2,408,6,2248,3,60
1318,127,2,409,5,2253,6,50
1319,127,2,410,2,2255,0,20
1320,127,2,411,9,2264,1,90
1321,127,2,412,6,2270,1,60
1322,127,2,413,2,2272,0,20
1323,127,2,414,7,2279,1,70
1324,127,2,415,4,2283,1,40
1325,127,2,416,4,2287,5,40
1326,127,2,417,6,2293,1,60
1327,127,2,418,5,2298,1,50
1328,127,2,419,3,2301,1,30
1329,127,2,420,2,2303,7,20
1330,127,2,421,5,2308,3,50
1331,127,2,422,3,2311,1,30
1332,127,2,423,7,2318,4,70
1333,127,2,424,5,2323,2,50
1334,127,2,425,6,2329,1,60
1335,127,2,426,5,2334,3,50
1336,127,2,427,2,2336,2,20
1337,127,2,428,5,2341,1,50
1338,127,2,429,7,2348,4,70
1339,127,2,430,2,2350,2,20
1340,127,2,431,9,2359,8,90
1341,127,2,432,5,2364,5,50
1342,127,2,433,3,2367,0,30
1343,127,2,434,3,2370,3,30
1344,127,2,435,7,2377,1,70
1345,127,2,436,9,2386,1,90
1346,127,2,437,7,2393,0,70
1347,127,2,438,3,2396,1,30
1348,127,2,439,6,2402,1,60
1349,127,2,440,4,2406,3,40
1350,127,2,441,8,2414,5,80
1351,127,2,442,9,2423,3,90
1352,127,2,443,9,2432,1,90
1353,127,2,444,8,2440,3,80
1354,127,2,445,7,2447,2,70
1355,127,2,446,2,2449,4,20
1356,127,2,447,9,2458,3,90
1357,127,2,448,5,2463,3,50
1358,127,2,449,8,2471,6,80
1359,127,2,450,2,2473,3,20
1360,127,2,451,3,2476,2,30
1361,127,2,452,8,2484,1,80
1362,127,2,453,3,2487,6,30
1363,127,2,454,8,2495,5,80
1364,127,2,455,6,2501,2,60
1365,127,2,456,4,2505,2,40
1366,127,2,457,4,2509,1,40
1367,127,2,458,3,2512,1,30
1368,127,2,459,9,2521,1,90
1369,127,2,460,6,2527,1,60
1370,127,2,461,2,2529,1,20
1371,127,2,462,3,2532,8,30
1372,127,2,463,9,2541,1,90
1373,127,2,464,5,2546,7,50
1374,127,2,465,9,2555,1,90
1375,127,2,466,2,2557,1,20
1376,127,2,467,4,2561,7,40
1377,127,2,468,8,2569,3,80
1378,127,2,469,6,2575,4,60
1379,127,2,470,2,2577,0,20
1380,127,2,471,4,2581,1,40
1381,127,2,472,6,2587,5,60
1382,127,2,473,8,2595,1,80
1383,127,2,474,7,2602,7,70
1384,127,2,475,8,2610,3,80
1385,127,2,476,6,2616,1,60
1386,127,2,477,2,2618,1,20
1387,127,2,478,4,2622,4,40
1388,127,2,479,5,2627,1,50
1389,127,2,480,2,2629,1,20
1390,127,2,481,9,2638,2,90
1391,127,2,482,5,2643,2,50
1392,127,2,483,2,2645,2,20
1393,127,2,484,8,2653,4,80
1394,127,2,485,2,2655,4,20
1395,127,2,486,5,2660,2,50
1396,127,2,487,6,2666,1,60
1397,127,2,488,8,2674,1,80
1398,127,2,489,5,2679,6,50
1399,127,2,490,9,2688,10,90
1400,127,2,491,3,2691,1,30
1401,127,2,492,9,2700,5,90
1402,127,2,493,8,2708,5,80
1403,127,2,494,3,2711,1,30
1404,127,2,495,3,2714,1,30
1405,127,2,496,4,2718,3,40
1406,127,2,497,8,2726,1,80
1407,127,2,498,7,2733,2,70
1408,127,2,499,3,2736,1,30
1409,127,2,500,5,2741,2,50
1410,127,2,501,9,2750,2,90
1411,127,2,502,7,2757,1,70
1412,127,2,503,9,2766,4,90
1413,127,2,504,3,2769,1,30
1414,127,2,505,9,2778,1,90
1415,127,2,506,2,2780,4,20
1416,127,2,507,8,2788,3,80
1417,127,2,508,7,2795,1,70
1418,127,2,509,8,2803,5,80
1419,127,2,510,6,2809,1,60
1420,127,2,511,5,2814,1,50
1421,127,2,512,7,2821,2,70
1422,127,2,513,4,2825,2,40
1423,127,2,514,5,2830,2,50
1424,127,2,515,8,2838,1,80
1425,127,2,516,2,2840,4,20
1426,127,2,517,8,2848,3,80
1427,127,2,518,5,2853,1,50
1428,127,2,519,9,2862,2,90
1429,127,2,520,7,2869,1,70
1430,127,2,521,5,2874,1,50
1431,127,2,522,4,2878,9,40
1432,127,2,523,2,2880,3,20
1433,127,2,524,6,2886,4,60
1434,127,2,525,6,2892,2,60
1435,127,2,526,7,2899,1,70
1436,127,2,527,6,2905,1,60
1437,127,2,528,9,2914,2,90
1438,127,2,529,6,2920,0,60
1439,127,2,530,8,2928,5,80
1440,127,2,531,6,2934,6,60
1441,127,2,532,8,2942,5,80
1442,127,2,533,4,2946,1,40
1443,127,2,534,6,2952,1,60
1444,127,2,535,5,2957,1,50
1445,127,2,536,4,2961,7,40
1446,127,2,537,7,2968,7,70
1447,127,2,538,9,2977,5,90
1448,127,2,539,6,2983,1,60
1449,127,2,540,4,2987,6,40
1450,127,2,541,6,2993,1,60
1451,127,2,542,9,3002,9,90
1452,127,2,543,5,3007,6,50
1453,127,2,544,7,3014,4,70
1454,127,2,545,6,3020,1,60
1455,127,2,546,8,3028,6,80
1456,127,2,547,5,3033,1,50
1457,127,2,548,8,3041,1,80
1458,127,2,549,3,3044,1,30
1459,127,2,550,9,3053,6,90
1460,127,2,551,5,3058,3,50
1461,127,2,552,5,3063,8,50
1462,127,2,553,7,3070,1,70
1463,127,2,554,8,3078,1,80
1464,127,2,555,8,3086,8,80
1465,127,2,556,2,3088,3,20
1466,127,2,557,8,3096,5,80
1467,127,2,558,9,3105,2,90
1468,127,2,559,5,3110,1,50
1469,127,2,560,5,3115,3,50
1470,127,2,561,8,3123,1,80
1471,127,2,562,8,3131,5,80
1472,127,2,563,8,3139,7,80
1473,127,2,564,4,3143,2,40
1474,127,2,565,7,3150,3,70
1475,127,2,566,7,3157,4,70
1476,127,2,567,6,3163,1,60
1477,127,2,568,2,3165,3,20
1478,127,2,569,7,3172,1,70
1479,127,2,570,2,3174,5,20
1480,127,2,571,5,3179,1,50
1481,127,2,572,6,3185,3,60
1482,127,2,573,4,3189,2,40
1483,127,2,574,8,3197,1,80
1484,127,2,575,2,3199,4,20
1485,127,2,576,4,3203,2,40
1486,127,2,577,4,3207,1,40
1487,127,2,578,2,3209,1,20
1488,127,2,579,8,3217,1,80
1489,127,2,580,8,3225,7,80
1490,127,2,581,3,3228,1,30
1491,127,2,582,9,3237,4,90
1492,127,2,583,5,3242,4,50
1493,127,2,584,2,3244,1,20
1494,127,2,585,9,3253,5,90
1495,127,2,586,5,3258,1,50
1496,127,2,587,6,3264,2,60
1497,127,2,588,9,3273,5,90
1498,127,2,589,8,3281,1,80
1499,127,2,590,6,3287,5,60
1500,127,2,591,3,3290,2,30
1501,127,2,592,4,3294,2,40
1502,127,2,593,4,3298,1,40
1503,127,2,594,9,3307,2,90
1504,127,2,595,3,3310,2,30
1505,127,2,596,8,3318,1,80
1506,127,2,597,6,3324,7,60
1507,127,2,598,5,3329,8,50
1508,127,2,599,7,3336,3,70
1509,127,2,600,6,3342,2,60
1510,127,2,601,3,3345,1,30
1511,127,2,602,5,3350,4,50
1512,127,2,603,5,3355,1,50
1513,127,2,604,9,3364,1,90
1514,127,2,605,3,3367,5,30
1515,127,2,606,7,3374,3,70
1516,127,2,607,7,3381,1,70
1517,127,2,608,2,3383,1,20
1518,127,2,609,4,3387,1,40
1519,127,2,610,8,3395,1,80
1520,127,2,611,2,3397,2,20
1521,127,2,612,3,3400,2,30
1522,127,2,613,6,3406,2,60
1523,127,2,614,5,3411,5,50
1524,127,2,615,7,3418,1,70
1525,127,2,616,4,3422,2,40
1526,127,2,617,6,3428,4,60
1527,127,2,618,4,3432,0,40
1528,127,2,619,3,3435,1,30
1529,127,2,620,7,3442,3,70
1530,127,2,621,7,3449,1,70
1531,127,2,622,7,3456,4,70
1532,127,2,623,5,3461,1,50
1533,127,2,624,4,3465,2,40
1534,127,2,625,5,3470,1,50
1535,127,2,626,7,3477,6,70
1536,127,2,627,5,3482,2,50
1537,127,2,628,2,3484,2,20
1538,127,2,629,6,3490,4,60
1539,127,2,630,6,3496,1,60
1540,127,2,631,2,3498,0,20
1541,127,2,632,3,3501,2,30
1542,127,2,633,5,3506,1,50
1543,127,2,634,7,3513,3,70
1544,127,2,635,4,3517,1,40
1545,127,2,636,6,3523,2,60
1546,127,2,637,8,3531,1,80
1547,127,2,638,4,3535,7,40
1548,127,2,639,5,3540,4,50
1549,127,2,640,6,3546,2,60
1550,127,2,641,2,3548,1,20
1551,127,2,642,3,3551,2,30
1552,127,2,643,2,3553,0,20
1553,127,2,644,4,3557,1,40
1554,127,2,645,6,3563,6,60
1555,127,2,646,7,3570,1,70
1556,127,2,647,3,3573,1,30
1557,127,2,648,9,3582,4,90
1558,127,2,649,6,3588,1,60
1559,127,2,650,2,3590,5,20
1560,127,2,651,9,3599,5,90
1561,127,2,652,4,3603,2,40
1562,127,2,653,8,3611,1,80
1563,127,2,654,2,3613,1,20
1564,127,2,655,5,3618,1,50
1565,127,2,656,2,3620,3,20
1566,127,2,657,2,3622,2,20
1567,127,2,658,7,3629,2,70
1568,127,2,659,6,3635,1,60
1569,127,2,660,9,3644,1,90
1570,127,2,661,5,3649,1,50
1571,127,2,662,7,3656,1,70
1572,127,2,663,3,3659,12,30
1573,127,2,664,9,3668,1,90
1574,127,2,665,3,3671,3,30
1575,127,2,666,4,3675,2,40
1576,127,2,667,9,3684,1,90
1577,127,2,668,7,3691,3,70
1578,127,2,669,5,3696,1,50
1579,127,2,670,9,3705,1,90
1580,127,2,671,9,3714,1,90
1581,127,2,672,6,3720,1,60
1582,127,2,673,9,3729,12,90
1583,127,2,674,8,3737,1,80
1584,127,2,675,4,3741,1,40
1585,127,2,676,5,3746,6,50
1586,127,2,677,7,3753,4,70
1587,127,2,678,3,3756,5,30
1588,127,2,679,4,3760,2,40
1589,127,2,680,8,3768,1,80
1590,127,2,681,4,3772,4,40
1591,127,2,682,5,3777,4,50
1592,127,2,683,8,3785,4,80
1593,127,2,684,4,3789,5,40
1594,127,2,685,3,3792,1,30
1595,127,2,686,5,3797,1,50
1596,127,2,687,3,3800,1,30
1597,127,2,688,9,3809,1,90
1598,127,2,689,6,3815,1,60
1599,127,2,690,7,3822,5,70
1600,127,2,691,3,3825,3,30
1601,127,2,692,5,3830,3,50
1602,127,2,693,5,3835,3,50
1603,127,2,694,7,3842,1,70
1604,127,2,695,6,3848,9,60
1605,127,2,696,3,3851,2,30
1606,127,2,697,6,3857,1,60
1607,127,2,698,2,3859,1,20
1608,127,2,699,2,3861,4,20
1609,127,2,700,9,3870,2,90
1610,127,2,701,4,3874,1,40
1611,127,2,702,6,3880,1,60
1612,127,2,703,9,3889,4,90
1613,127,2,704,9,3898,5,90
1614,127,2,705,2,3900,3,20
1615,127,2,706,8,3908,4,80
1616,127,2,707,6,3914,2,60
1617,127,2,708,7,3921,2,70
1618,127,2,709,3,3924,1,30
1619,127,2,710,9,3933,1,90
1620,127,2,711,8,3941,1,80
1621,127,2,712,7,3948,4,70
1622,127,2,713,3,3951,1,30
1623,127,2,714,9,3960,8,90
1624,127,2,715,4,3964,1,40
1625,127,2,716,5,3969,0,50
1626,127,2,717,2,3971,1,20
1627,127,2,718,8,3979,6,80
1628,127,2,719,7,3986,1,70
1629,127,2,720,5,3991,1,50
1630,127,2,721,3,3994,1,30
1631,127,2,722,8,4002,6,80
1632,127,2,723,7,4009,1,70
1633,127,2,724,8,4017,8,80
1634,127,2,725,8,4025,3,80
1635,127,2,726,2,4027,1,20
1636,127,2,727,3,4030,1,30
1637,127,2,728,5,4035,1,50
1638,127,2,729,5,4040,3,50
1639,127,2,730,2,4042,0,20
1640,127,2,731,6,4048,1,60
1641,127,2,732,2,4050,3,20
1642,127,2,733,6,4056,1,60
1643,127,2,734,4,4060,1,40
1644,127,2,735,2,4062,3,20
1645,127,2,736,7,4069,7,70
1646,127,2,737,6,4075,1,60
1647,127,2,738,3,4078,3,30
1648,127,2,739,4,4082,1,40
1649,127,2,740,4,4086,1,40
1650,127,2,741,7,4093,1,70
1651,127,2,742,4,4097,3,40
1652,127,2,743,9,4106,1,90
1653,127,2,744,7,4113,1,70
1654,127,2,745,9,4122,1,90
1655,127,2,746,4,4126,9,40
1656,127,2,747,5,4131,1,50
1657,127,2,748,3,4134,3,30
1658,127,2,749,9,4143,3,90
1659,127,2,750,2,4145,2,20
1660,127,2,751,9,4154,1,90
1661,127,2,752,7,4161,6,70
1662,127,2,753,6,4167,4,60
1663,127,2,754,9,4176,1,90
1664,127,2,755,5,4181,2,50
1665,127,2,756,3,4184,1,30
1666,127,2,757,2,4186,1,20
1667,127,2,758,4,4190,1,40
1668,127,2,759,4,4194,1,40
1669,127,2,760,8,4202,5,80
1670,127,2,761,5,4207,4,50
1671,127,2,762,2,4209,1,20
1672,127,2,763,7,4216,4,70
1673,127,2,764,8,4224,8,80
1674,127,2,765,8,4232,5,80
1675,127,2,766,4,4236,1,40
1676,127,2,767,8,4244,5,80
1677,127,2,768,9,4253,1,90
1678,127,2,769,4,4257,1,40
1679,127,2,770,6,4263,7,60
1680,127,2,771,2,4265,0,20
1681,127,2,772,8,4273,2,80
1682,127,2,773,9,4282,1,90
1683,127,2,774,9,4291,6,90
1684,127,2,775,4,4295,3,40
1685,127,2,776,7,4302,0,70
1686,127,2,777,7,4309,4,70
1687,127,2,778,9,4318,4,90
1688,127,2,779,3,4321,1,30
1689,127,2,780,2,4323,1,20
1690,127,2,781,4,4327,3,40
1691,127,2,782,2,4329,1,20
1692,127,2,783,3,4332,4,30
1693,127,2,784,3,4335,1,30
1694,127,2,785,4,4339,2,40
1695,127,2,786,2,4341,0,20
1696,127,2,787,7,4348,1,70
1697,127,2,788,5,4353,1,50
1698,127,2,789,7,4360,4,70
1699,127,2,790,2,4362,1,20
1700,127,2,791,7,4369,2,70
1701,127,2,792,7,4376,1,70
1702,127,2,793,3,4379,4,30
1703,127,2,794,9,4388,5,90
1704,127,2,795,7,4395,2,70
1705,127,2,796,8,4403,5,80
1706,127,2,797,4,4407,3,40
1707,127,2,798,5,4412,5,50
1708,127,2,799,8,4420,4,80
1709,127,2,800,2,4422,1,20
1710,127,2,801,3,4425,1,30
1711,127,2,802,4,4429,1,40
1712,127,2,803,4,4433,3,40
1713,127,2,804,4,4437,1,40
1714,127,2,805,8,4445,1,80
1715,127,2,806,4,4449,1,40
1716,127,2,807,2,4451,1,20
1717,127,2,808,9,4460,7,90
1718,127,2,809,8,4468,1,80
1719,127,2,810,9,4477,5,90
1720,127,2,811,9,4486,1,90
1721,127,2,812,8,4494,1,80
1722,127,2,813,8,4502,8,80
1723,127,2,814,7,4509,1,70
1724,127,2,815,3,4512,1,30
1725,127,2,816,5,4517,1,50
1726,127,2,817,9,4526,6,90
1727,127,2,818,8,4534,7,80
1728,127,2,819,3,4537,6,30
1729,127,2,820,2,4539,0,20
1730,127,2,821,2,4541,1,20
1731,127,2,822,3,4544,3,30
1732,127,2,823,4,4548,3,40
1733,127,2,824,3,4551,1,30
1734,127,2,825,8,4559,5,80
1735,127,2,826,7,4566,3,70
1736,127,2,827,9,4575,5,90
1737,127,2,828,2,4577,1,20
1738,127,2,829,5,4582,1,50
1739,127,2,830,8,4590,1,80
1740,127,2,831,7,4597,1,70
1741,127,2,832,6,4603,6,60
1742,127,2,833,7,4610,4,70
1743,127,2,834,9,4619,1,90
1744,127,2,835,7,4626,2,70
1745,127,2,836,4,4630,3,40
1746,127,2,837,2,4632,1,20
1747,127,2,838,6,4638,3,60
1748,127,2,839,3,4641,1,30
1749,127,2,840,6,4647,1,60
1750,127,2,841,6,4653,3,60
1751,127,2,842,3,4656,0,30
1752,127,2,843,4,4660,5,40
1753,127,2,844,9,4669,1,90
1754,127,2,845,3,4672,6,30
1755,127,2,846,5,4677,5,50
1756,127,2,847,6,4683,5,60
1757,127,2,848,2,4685,1,20
1758,127,2,849,8,4693,6,80
1759,127,2,850,6,4699,1,60
1760,127,2,851,2,4701,2,20
1761,127,2,852,3,4704,2,30
1762,127,2,853,9,4713,2,90
1763,127,2,854,4,4717,2,40
1764,127,2,855,7,4724,1,70
1765,127,2,856,2,4726,5,20
1766,127,2,857,3,4729,5,30
1767,127,2,858,6,4735,3,60
1768,127,2,859,5,4740,2,50
1769,127,2,860,2,4742,2,20
1770,127,2,861,3,4745,1,30
1771,127,2,862,8,4753,4,80
1772,127,2,863,5,4758,2,50
1773,127,2,864,7,4765,4,70
1774,127,2,865,6,4771,1,60
1775,127,2,866,3,4774,1,30
1776,127,2,867,7,4781,1,70
1777,127,2,868,3,4784,3,30
1778,127,2,869,8,4792,3,80
1779,127,2,870,6,4798,1,60
1780,127,2,871,5,4803,5,50
1781,127,2,872,8,4811,4,80
1782,127,2,873,4,4815,3,40
1783,127,2,874,4,4819,1,40
1784,127,2,875,4,4823,1,40
1785,127,2,876,4,4827,1,40
1786,127,2,877,3,4830,1,30
1787,127,2,878,2,4832,3,20
1788,127,2,879,3,4835,3,30
1789,127,2,880,7,4842,1,70
1790,127,2,881,3,4845,1,30
1791,127,2,882,2,4847,1,20
1792,127,2,883,2,4849,2,20
1793,127,2,884,5,4854,3,50
1794,127,2,885,4,4858,0,40
1795,127,2,886,6,4864,5,60
1796,127,2,887,3,4867,2,30
1797,127,2,888,9,4876,1,90
1798,127,2,889,9,4885,4,90
1799,127,2,890,8,4893,7,80
1800,127,2,891,5,4898,1,50
1801,127,2,892,7,4905,2,70
1802,127,2,893,9,4914,7,90
1803,127,2,894,5,4919,7,50
1804,127,2,895,2,4921,1,20
1805,127,2,896,7,4928,4,70
1806,127,2,897,9,4937,2,90
1807,127,2,898,5,4942,1,50
1808,127,2,899,6,4948,5,60
1809,127,2,900,5,4953,1,50
1810,127,2,901,6,4959,1,60
1811,127,2,902,3,4962,1,30
1812,127,2,903,9,4971,4,90
1813,127,2,904,3,4974,2,30
1814,127,2,905,4,4978,2,40
1815,127,2,906,3,4981,3,30
1816,127,2,907,3,4984,1,30
1817,127,2,908,5,4989,3,50
1818,127,2,909,3,4992,1,30
1819,127,2,910,5,4997,2,50
1820,127,3,1,7,7,1,70
1821,127,3,2,5,12,1,50
1822,127,3,3,2,14,5,20
1823,127,3,4,6,20,3,60
1824,127,3,5,5,25,2,50
1825,127,3,6,9,34,5,90
1826,127,3,7,2,36,2,20
1827,127,3,8,2,38,3,20
1828,127,3,9,8,46,4,80
1829,127,3,10,3,49,3,30
1830,127,3,11,6,55,1,60
1831,127,3,12,2,57,1,20
1832,127,3,13,4,61,1,40
1833,127,3,14,4,65,0,40
1834,127,3,15,8,73,3,80
1835,127,3,16,9,82,8,90
1836,127,3,17,6,88,7,60
1837,127,3,18,5,93,1,50
1838,127,3,19,4,97,1,40
1839,127,3,20,3,100,1,30
1840,127,3,21,4,104,5,40
1841,127,3,22,7,111,6,70
1842,127,3,23,2,113,1,20
1843,127,3,24,5,118,1,50
1844,127,3,25,8,126,4,80
1845,127,3,26,8,134,2,80
1846,127,3,27,7,141,1,70
1847,127,3,28,5,146,4,50
1848,127,3,29,9,155,3,90
1849,127,3,30,4,159,1,40
1850,127,3,31,9,168,1,90
1851,127,3,32,2,170,1,20
1852,127,3,33,5,175,1,50
1853,127,3,34,7,182,1,70
1854,127,3,35,3,185,4,30
1855,127,3,36,8,193,6,80
1856,127,3,37,3,196,3,30
1857,127,3,38,4,200,1,40
1858,127,3,39,6,206,2,60
1859,127,3,40,7,213,1,70
1860,127,3,41,3,216,4,30
1861,127,3,42,3,219,3,30
1862,127,3,43,4,223,3,40
1863,127,3,44,2,225,1,20
1864,127,3,45,4,229,0,40
1865,127,3,46,4,233,3,40
1866,127,3,47,8,241,4,80
1867,127,3,48,4,245,1,40
1868,127,3,49,2,247,1,20
1869,127,3,50,9,256,1,90
1870,127,3,51,6,262,6,60
1871,127,3,52,7,269,1,70
1872,127,3,53,6,275,1,60
1873,127,3,54,9,284,11,90
1874,127,3,55,2,286,1,20
1875,127,3,56,6,292,1,60
1876,127,3,57,3,295,7,30
1877,127,3,58,6,301,1,60
1878,127,3,59,2,303,1,20
1879,127,3,60,5,308,4,50
1880,127,3,61,5,313,2,50
1881,127,3,62,2,315,2,20
1882,127,3,63,8,323,5,80
1883,127,3,64,8,331,2,80
1884,127,3,65,8,339,5,80
1885,127,3,66,5,344,3,50
1886,127,3,67,3,347,1,30
1887,127,3,68,5,352,5,50
1888,127,3,69,3,355,1,30
1889,127,3,70,3,358,4,30
1890,127,3,71,5,363,1,50
1891,127,3,72,9,372,6,90
1892,127,3,73,4,376,4,40
1893,127,3,74,4,380,3,40
1894,127,3,75,6,386,1,60
1895,127,3,76,3,389,7,30
1896,127,3,77,2,391,2,20
1897,127,3,78,7,398,1,70
1898,127,3,79,5,403,1,50
1899,127,3,80,4,407,5,40
1900,127,3,81,7,414,4,70
1901,127,3,82,2,416,2,20
1902,127,3,83,2,418,1,20
1903,127,3,84,4,422,1,40
1904,127,3,85,2,424,1,20
1905,127,3,86,7,431,4,70
1906,127,3,87,6,437,5,60
1907,127,3,88,8,445,1,80
1908,127,3,89,7,452,1,70
1909,127,3,90,9,461,6,90
1910,127,3,91,3,464,1,30
1911,127,3,92,2,466,1,20
1912,127,3,93,5,471,3,50
1913,127,3,94,3,474,1,30
1914,127,3,95,4,478,1,40
1915,127,3,96,6,484,1,60
1916,127,3,97,4,488,7,40
1917,127,3,98,5,493,1,50
1918,127,3,99,2,495,3,20
1919,127,3,100,9,504,1,90
1920,127,3,101,2,506,1,20
1921,127,3,102,4,510,1,40
1922,127,3,103,5,515,1,50
1923,127,3,104,3,518,6,30
1924,127,3,105,7,525,3,70
1925,127,3,106,2,527,1,20
1926,127,3,107,9,536,1,90
1927,127,3,108,9,545,10,90
1928,127,3,109,6,551,3,60
1929,127,3,110,8,559,2,80
1930,127,3,111,5,564,1,50
1931,127,3,112,2,566,6,20
1932,127,3,113,6,572,5,60
1933,127,3,114,9,581,4,90
1934,127,3,115,8,589,3,80
1935,127,3,116,5,594,1,50
1936,127,3,117,9,603,5,90
1937,127,3,118,8,611,2,80
1938,127,3,119,8,619,2,80
1939,127,3,120,7,626,1,70
1940,127,3,121,7,633,4,70
1941,127,3,122,3,636,2,30
1942,127,3,123,4,640,1,40
1943,127,3,124,5,645,3,50
1944,127,3,125,8,653,5,80
1945,127,3,126,4,657,0,40
1946,127,3,127,5,662,6,50
1947,127,3,128,6,668,2,60
1948,127,3,129,4,672,3,40
1949,127,3,130,8,680,1,80
1950,127,3,131,9,689,5,90
1951,127,3,132,4,693,5,40
1952,127,3,133,2,695,3,20
1953,127,3,134,6,701,1,60
1954,127,3,135,3,704,1,30
1955,127,3,136,7,711,1,70
1956,127,3,137,6,717,2,60
1957,127,3,138,9,726,3,90
1958,127,3,139,2,728,1,20
1959,127,3,140,3,731,1,30
1960,127,3,141,3,734,3,30
1961,127,3,142,3,737,2,30
1962,127,3,143,5,742,1,50
1963,127,3,144,8,750,5,80
1964,127,3,145,7,757,2,70
1965,127,3,146,5,762,2,50
1966,127,3,147,6,768,2,60
1967,127,3,148,4,772,3,40
1968,127,3,149,2,774,2,20
1969,127,3,150,6,780,1,60
1970,127,3,151,5,785,6,50
1971,127,3,152,4,789,4,40
1972,127,3,153,7,796,3,70
1973,127,3,154,7,803,2,70
1974,127,3,155,6,809,3,60
1975,127,3,156,9,818,1,90
1976,127,3,157,7,825,5,70
1977,127,3,158,4,829,2,40
1978,127,3,159,7,836,1,70
1979,127,3,160,9,845,1,90
1980,127,3,161,5,850,7,50
1981,127,3,162,6,856,3,60
1982,127,3,163,4,860,2,40
1983,127,3,164,8,868,1,80
1984,127,3,165,8,876,5,80
1985,127,3,166,4,880,5,40
1986,127,3,167,9,889,3,90
1987,127,3,168,7,896,2,70
1988,127,3,169,4,900,1,40
1989,127,3,170,6,906,4,60
1990,127,3,171,2,908,2,20
1991,127,3,172,5,913,1,50
1992,127,3,173,5,918,0,50
1993,127,3,174,2,920,1,20
1994,127,3,175,9,929,1,90
1995,127,3,176,2,931,1,20
1996,127,3,177,3,934,1,30
1997,127,3,178,2,936,3,20
1998,127,3,179,2,938,1,20
1999,127,3,180,3,941,1,30
2000,127,3,181,8,949,5,80
2001,127,3,182,5,954,1,50
2002,127,3,183,4,958,5,40
2003,127,3,184,3,961,1,30
2004,127,3,185,6,967,1,60
2005,127,3,186,7,974,4,70
2006,127,3,187,7,981,3,70
2007,127,3,188,9,990,5,90
2008,127,3,189,6,996,1,60
2009,127,3,190,6,1002,7,60
2010,127,3,191,9,1011,2,90
2011,127,3,192,8,1019,4,80
2012,127,3,193,2,1021,1,20
2013,127,3,194,7,1028,1,70
2014,127,3,195,5,1033,1,50
2015,127,3,196,4,1037,3,40
2016,127,3,197,2,1039,1,20
2017,127,3,198,7,1046,3,70
2018,127,3,199,7,1053,1,70
2019,127,3,200,7,1060,2,70
2020,127,3,201,9,1069,1,90
2021,127,3,202,4,1073,5,40
2022,127,3,203,6,1079,4,60
2023,127,3,204,6,1085,2,60
2024,127,3,205,3,1088,4,30
2025,127,3,206,7,1095,1,70
2026,127,3,207,3,1098,0,30
2027,127,3,208,7,1105,1,70
2028,127,3,209,5,1110,4,50
2029,127,3,210,8,1118,3,80
2030,127,3,211,3,1121,3,30
2031,127,3,212,8,1129,1,80
2032,127,3,213,7,1136,1,70
2033,127,3,214,4,1140,11,40
2034,127,3,215,4,1144,1,40
2035,127,3,216,2,1146,1,20
2036,127,3,217,2,1148,1,20
2037,127,3,218,8,1156,0,80
2038,127,3,219,5,1161,4,50
2039,127,3,220,2,1163,0,20
2040,127,3,221,7,1170,2,70
2041,127,3,222,2,1172,4,20
2042,127,3,223,3,1175,1,30
2043,127,3,224,6,1181,1,60
2044,127,3,225,4,1185,2,40
2045,127,3,226,2,1187,1,20
2046,127,3,227,8,1195,2,80
2047,127,3,228,2,1197,0,20
2048,127,3,229,4,1201,0,40
2049,127,3,230,6,1207,1,60
2050,127,3,231,4,1211,1,40
2051,127,3,232,3,1214,9,30
2052,127,3,233,4,1218,1,40
2053,127,3,234,7,1225,8,70
2054,127,3,235,4,1229,1,40
2055,127,3,236,3,1232,1,30
2056,127,3,237,6,1238,1,60
2057,127,3,238,3,1241,4,30
2058,127,3,239,7,1248,1,70
2059,127,3,240,4,1252,1,40
2060,127,3,241,6,1258,5,60
2061,127,3,242,3,1261,1,30
2062,127,3,243,9,1270,4,90
2063,127,3,244,6,1276,2,60
2064,127,3,245,3,1279,1,30
2065,127,3,246,7,1286,4,70
2066,127,3,247,9,1295,1,90
2067,127,3,248,8,1303,4,80
2068,127,3,249,4,1307,4,40
2069,127,3,250,3,1310,0,30
2070,127,3,251,4,1314,1,40
2071,127,3,252,2,1316,1,20
2072,127,3,253,9,1325,5,90
2073,127,3,254,6,1331,1,60
2074,127,3,255,6,1337,2,60
2075,127,3,256,8,1345,0,80
2076,127,3,257,9,1354,1,90
2077,127,3,258,6,1360,11,60
2078,127,3,259,6,1366,1,60
2079,127,3,260,3,1369,1,30
2080,127,3,261,9,1378,1,90
2081,127,3,262,5,1383,13,50
2082,127,3,263,6,1389,5,60
2083,127,3,264,6,1395,4,60
2084,127,3,265,2,1397,1,20
2085,127,3,266,5,1402,1,50
2086,127,3,267,7,1409,2,70
2087,127,3,268,3,1412,3,30
2088,127,3,269,6,1418,1,60
2089,127,3,270,5,1423,1,50
2090,127,3,271,5,1428,1,50
2091,127,3,272,9,1437,11,90
2092,127,3,273,4,1441,3,40
2093,127,3,274,3,1444,1,30
2094,127,3,275,7,1451,3,70
2095,127,3,276,4,1455,2,40
2096,127,3,277,3,1458,1,30
2097,127,3,278,8,1466,6,80
2098,127,3,279,6,1472,1,60
2099,127,3,280,6,1478,4,60
2100,127,3,281,6,1484,2,60
2101,127,3,282,9,1493,1,90
2102,127,3,283,5,1498,4,50
2103,127,3,284,4,1502,1,40
2104,127,3,285,2,1504,1,20
2105,127,3,286,7,1511,2,70
2106,127,3,287,8,1519,7,80
2107,127,3,288,4,1523,7,40
2108,127,3,289,9,1532,1,90
2109,127,3,290,5,1537,6,50
2110,127,3,291,8,1545,4,80
2111,127,3,292,9,1554,6,90
2112,127,3,293,9,1563,4,90
2113,127,3,294,4,1567,2,40
2114,127,3,295,7,1574,1,70
2115,127,3,296,9,1583,1,90
2116,127,3,297,3,1586,6,30
2117,127,3,298,5,1591,3,50
2118,127,3,299,6,1597,7,60
2119,127,3,300,2,1599,3,20
2120,127,3,301,7,1606,2,70
2121,127,3,302,7,1613,2,70
2122,127,3,303,8,1621,5,80
2123,127,3,304,2,1623,1,20
2124,127,3,305,5,1628,3,50
2125,127,3,306,3,1631,0,30
2126,127,3,307,4,1635,4,40
2127,127,3,308,6,1641,1,60
2128,127,3,309,7,1648,4,70
2129,127,3,310,2,1650,2,20
2130,127,3,311,8,1658,1,80
2131,127,3,312,3,1661,4,30
2132,127,3,313,2,1663,2,20
2133,127,3,314,6,1669,1,60
2134,127,3,315,4,1673,2,40
2135,127,3,316,8,1681,1,80
2136,127,3,317,6,1687,4,60
2137,127,3,318,2,1689,1,20
2138,127,3,319,2,1691,3,20
2139,127,3,320,4,1695,5,40
2140,127,3,321,7,1702,1,70
2141,127,3,322,7,1709,9,70
2142,127,3,323,4,1713,1,40
2143,127,3,324,2,1715,1,20
2144,127,3,325,6,1721,1,60
2145,127,3,326,7,1728,8,70
2146,127,3,327,6,1734,6,60
2147,127,3,328,7,1741,0,70
2148,127,3,329,8,1749,4,80
2149,127,3,330,4,1753,3,40
2150,127,3,331,3,1756,2,30
2151,127,3,332,5,1761,0,50
2152,127,3,333,8,1769,1,80
2153,127,3,334,8,1777,5,80
2154,127,3,335,2,1779,2,20
2155,127,3,336,5,1784,1,50
2156,127,3,337,2,1786,3,20
2157,127,3,338,5,1791,1,50
2158,127,3,339,5,1796,4,50
2159,127,3,340,5,1801,3,50
2160,127,3,341,4,1805,1,40
2161,127,3,342,9,1814,1,90
2162,127,3,343,2,1816,1,20
2163,127,3,344,4,1820,4,40
2164,127,3,345,2,1822,1,20
2165,127,3,346,4,1826,0,40
2166,127,3,347,4,1830,2,40
2167,127,3,348,3,1833,1,30
2168,127,3,349,7,1840,4,70
2169,127,3,350,5,1845,2,50
2170,127,3,351,7,1852,1,70
2171,127,3,352,3,1855,1,30
2172,127,3,353,3,1858,1,30
2173,127,3,354,5,1863,1,50
2174,127,3,355,4,1867,5,40
2175,127,3,356,9,1876,1,90
2176,127,3,357,7,1883,2,70
2177,127,3,358,2,1885,1,20
2178,127,3,359,7,1892,6,70
2179,127,3,360,2,1894,0,20
2180,127,3,361,5,1899,1,50
2181,127,3,362,7,1906,2,70
2182,127,3,363,7,1913,5,70
2183,127,3,364,7,1920,1,70
2184,127,3,365,3,1923,1,30
2185,127,3,366,5,1928,6,50
2186,127,3,367,7,1935,1,70
2187,127,3,368,3,1938,6,30
2188,127,3,369,4,1942,2,40
2189,127,3,370,8,1950,1,80
2190,127,3,371,9,1959,4,90
2191,127,3,372,5,1964,1,50
2192,127,3,373,2,1966,3,20
2193,127,3,374,4,1970,4,40
2194,127,3,375,7,1977,1,70
2195,127,3,376,6,1983,6,60
2196,127,3,377,8,1991,3,80
2197,127,3,378,9,2000,4,90
2198,127,3,379,7,2007,1,70
2199,127,3,380,2,2009,5,20
2200,127,3,381,4,2013,1,40
2201,127,3,382,6,2019,1,60
2202,127,3,383,4,2023,6,40
2203,127,3,384,4,2027,4,40
2204,127,3,385,6,2033,3,60
2205,127,3,386,8,2041,1,80
2206,127,3,387,7,2048,1,70
2207,127,3,388,6,2054,1,60
2208,127,3,389,8,2062,1,80
2209,127,3,390,4,2066,1,40
2210,127,3,391,7,2073,1,70
2211,127,3,392,4,2077,12,40
2212,127,3,393,4,2081,1,40
2213,127,3,394,5,2086,7,50
2214,127,3,395,6,2092,3,60
2215,127,3,396,6,2098,1,60
2216,127,3,397,3,2101,2,30
2217,127,3,398,9,2110,4,90
2218,127,3,399,2,2112,1,20
2219,127,3,400,4,2116,1,40
2220,127,3,401,4,2120,1,40
2221,127,3,402,3,2123,1,30
2222,127,3,403,4,2127,4,40
2223,127,3,404,4,2131,2,40
2224,127,3,405,6,2137,1,60
2225,127,3,406,8,2145,1,80
2226,127,3,407,2,2147,1,20
2227,127,3,408,3,2150,5,30
2228,127,3,409,9,2159,9,90
2229,127,3,410,3,2162,2,30
2230,127,3,411,6,2168,2,60
2231,127,3,412,8,2176,1,80
2232,127,3,413,6,2182,4,60
2233,127,3,414,6,2188,5,60
2234,127,3,415,3,2191,2,30
2235,127,3,416,9,2200,1,90
2236,127,3,417,7,2207,8,70
2237,127,3,418,3,2210,4,30
2238,127,3,419,9,2219,2,90
2239,127,3,420,2,2221,1,20
2240,127,3,421,8,2229,6,80
2241,127,3,422,7,2236,3,70
2242,127,3,423,5,2241,1,50
2243,127,3,424,4,2245,3,40
2244,127,3,425,8,2253,1,80
2245,127,3,426,6,2259,7,60
2246,127,3,427,4,2263,4,40
2247,127,3,428,3,2266,5,30
2248,127,3,429,7,2273,2,70
2249,127,3,430,5,2278,1,50
2250,127,3,431,5,2283,2,50
2251,127,3,432,2,2285,2,20
2252,127,3,433,2,2287,0,20
2253,127,3,434,2,2289,1,20
2254,127,3,435,9,2298,7,90
2255,127,3,436,8,2306,7,80
2256,127,3,437,7,2313,5,70
2257,127,3,438,8,2321,8,80
2258,127,3,439,2,2323,0,20
2259,127,3,440,2,2325,1,20
2260,127,3,441,9,2334,1,90
2261,127,3,442,3,2337,6,30
2262,127,3,443,2,2339,1,20
2263,127,3,444,7,2346,3,70
2264,127,3,445,4,2350,4,40
2265,127,3,446,6,2356,2,60
2266,127,3,447,6,2362,5,60
2267,127,3,448,9,2371,5,90
2268,127,3,449,2,2373,1,20
2269,127,3,450,3,2376,1,30
2270,127,3,451,6,2382,4,60
2271,127,3,452,4,2386,1,40
2272,127,3,453,5,2391,3,50
2273,127,3,454,8,2399,3,80
2274,127,3,455,8,2407,1,80
2275,127,3,456,8,2415,4,80
2276,127,3,457,4,2419,6,40
2277,127,3,458,7,2426,5,70
2278,127,3,459,7,2433,5,70
2279,127,3,460,5,2438,2,50
2280,127,3,461,7,2445,3,70
2281,127,3,462,7,2452,3,70
2282,127,3,463,8,2460,2,80
2283,127,3,464,4,2464,2,40
2284,127,3,465,4,2468,1,40
2285,127,3,466,4,2472,4,40
2286,127,3,467,7,2479,3,70
2287,127,3,468,9,2488,3,90
2288,127,3,469,4,2492,5,40
2289,127,3,470,6,2498,1,60
2290,127,3,471,2,2500,0,20
2291,127,3,472,6,2506,1,60
2292,127,3,473,6,2512,1,60
2293,127,3,474,4,2516,8,40
2294,127,3,475,9,2525,4,90
2295,127,3,476,2,2527,3,20
2296,127,3,477,5,2532,2,50
2297,127,3,478,4,2536,1,40
2298,127,3,479,5,2541,3,50
2299,127,3,480,9,2550,1,90
2300,127,3,481,9,2559,4,90
2301,127,3,482,6,2565,8,60
2302,127,3,483,9,2574,1,90
2303,127,3,484,6,2580,5,60
2304,127,3,485,3,2583,1,30
2305,127,3,486,7,2590,3,70
2306,127,3,487,4,2594,1,40
2307,127,3,488,9,2603,1,90
2308,127,3,489,7,2610,1,70
2309,127,3,490,9,2619,7,90
2310,127,3,491,2,2621,5,20
2311,127,3,492,8,2629,6,80
2312,127,3,493,7,2636,2,70
2313,127,3,494,5,2641,1,50
2314,127,3,495,6,2647,7,60
2315,127,3,496,2,2649,2,20
2316,127,3,497,2,2651,1,20
2317,127,3,498,5,2656,5,50
2318,127,3,499,7,2663,3,70
2319,127,3,500,9,2672,4,90
2320,127,3,501,5,2677,4,50
2321,127,3,502,2,2679,1,20
2322,127,3,503,7,2686,3,70
2323,127,3,504,6,2692,2,60
2324,127,3,505,3,2695,1,30
2325,127,3,506,7,2702,4,70
2326,127,3,507,5,2707,0,50
2327,127,3,508,6,2713,1,60
2328,127,3,509,9,2722,4,90
2329,127,3,510,3,2725,4,30
2330,127,3,511,3,2728,1,30
2331,127,3,512,2,2730,1,20
2332,127,3,513,4,2734,2,40
2333,127,3,514,4,2738,0,40
2334,127,3,515,6,2744,2,60
2335,127,3,516,9,2753,5,90
2336,127,3,517,6,2759,1,60
2337,127,3,518,8,2767,9,80
2338,127,3,519,8,2775,3,80
2339,127,3,520,5,2780,2,50
2340,127,3,521,2,2782,1,20
2341,127,3,522,7,2789,0,70
2342,127,3,523,6,2795,1,60
2343,127,3,524,3,2798,1,30
2344,127,3,525,6,2804,3,60
2345,127,3,526,8,2812,4,80
2346,127,3,527,5,2817,1,50
2347,127,3,528,8,2825,1,80
2348,127,3,529,7,2832,1,70
2349,127,3,530,2,2834,5,20
2350,127,3,531,5,2839,5,50
2351,127,3,532,6,2845,6,60
2352,127,3,533,4,2849,3,40
2353,127,3,534,2,2851,2,20
2354,127,3,535,4,2855,0,40
2355,127,3,536,9,2864,0,90
2356,127,3,537,9,2873,3,90
2357,127,3,538,6,2879,4,60
2358,127,3,539,5,2884,1,50
2359,127,3,540,4,2888,1,40
2360,127,3,541,7,2895,7,70
2361,127,3,542,8,2903,5,80
2362,127,3,543,5,2908,1,50
2363,127,3,544,7,2915,2,70
2364,127,3,545,5,2920,3,50
2365,127,3,546,2,2922,3,20
2366,127,3,547,6,2928,2,60
2367,127,3,548,3,2931,1,30
2368,127,3,549,3,2934,1,30
2369,127,3,550,5,2939,4,50
2370,127,3,551,5,2944,5,50
2371,127,3,552,4,2948,1,40
2372,127,3,553,4,2952,4,40
2373,127,3,554,6,2958,1,60
2374,127,3,555,5,2963,1,50
2375,127,3,556,9,2972,8,90
2376,127,3,557,8,2980,9,80
2377,127,3,558,3,2983,3,30
2378,127,3,559,7,2990,1,70
2379,127,3,560,6,2996,4,60
2380,127,3,561,8,3004,7,80
2381,127,3,562,8,3012,8,80
2382,127,3,563,7,3019,12,70
2383,127,3,564,6,3025,4,60
2384,127,3,565,8,3033,0,80
2385,127,3,566,8,3041,1,80
2386,127,3,567,8,3049,1,80
2387,127,3,568,7,3056,6,70
2388,127,3,569,6,3062,1,60
2389,127,3,570,5,3067,4,50
2390,127,3,571,6,3073,2,60
2391,127,3,572,8,3081,2,80
2392,127,3,573,5,3086,2,50
2393,127,3,574,2,3088,0,20
2394,127,3,575,9,3097,1,90
2395,127,3,576,3,3100,2,30
2396,127,3,577,9,3109,1,90
2397,127,3,578,7,3116,1,70
2398,127,3,579,4,3120,11,40
2399,127,3,580,7,3127,1,70
2400,127,3,581,9,3136,8,90
2401,127,3,582,6,3142,1,60
2402,127,3,583,5,3147,4,50
2403,127,3,584,3,3150,0,30
2404,127,3,585,5,3155,1,50
2405,127,3,586,5,3160,5,50
2406,127,3,587,8,3168,8,80
2407,127,3,588,6,3174,2,60
2408,127,3,589,9,3183,7,90
2409,127,3,590,3,3186,1,30
2410,127,3,591,2,3188,1,20
2411,127,3,592,8,3196,2,80
2412,127,3,593,9,3205,1,90
2413,127,3,594,8,3213,6,80
2414,127,3,595,4,3217,3,40
2415,127,3,596,7,3224,4,70
2416,127,3,597,5,3229,1,50
2417,127,3,598,5,3234,6,50
2418,127,3,599,5,3239,5,50
2419,127,3,600,2,3241,2,20
2420,127,3,601,6,3247,1,60
2421,127,3,602,5,3252,0,50
2422,127,3,603,3,3255,1,30
2423,127,3,604,4,3259,2,40
2424,127,3,605,3,3262,1,30
2425,127,3,606,9,3271,4,90
2426,127,3,607,2,3273,0,20
2427,127,3,608,2,3275,2,20
2428,127,3,609,9,3284,3,90
2429,127,3,610,9,3293,4,90
2430,127,3,611,6,3299,3,60
2431,127,3,612,3,3302,3,30
2432,127,3,613,6,3308,4,60
2433,127,3,614,8,3316,1,80
2434,127,3,615,3,3319,2,30
2435,127,3,616,8,3327,1,80
2436,127,3,617,2,3329,1,20
2437,127,3,618,7,3336,1,70
2438,127,3,619,9,3345,8,90
2439,127,3,620,5,3350,2,50
2440,127,3,621,4,3354,1,40
2441,127,3,622,5,3359,1,50
2442,127,3,623,8,3367,1,80
2443,127,3,624,6,3373,1,60
2444,127,3,625,6,3379,2,60
2445,127,3,626,9,3388,4,90
2446,127,3,627,2,3390,5,20
2447,127,3,628,9,3399,1,90
2448,127,3,629,3,3402,3,30
2449,127,3,630,7,3409,1,70
2450,127,3,631,9,3418,3,90
2451,127,3,632,8,3426,10,80
2452,127,3,633,2,3428,2,20
2453,127,3,634,5,3433,1,50
2454,127,3,635,8,3441,5,80
2455,127,3,636,4,3445,3,40
2456,127,3,637,4,3449,0,40
2457,127,3,638,4,3453,3,40
2458,127,3,639,6,3459,1,60
2459,127,3,640,7,3466,1,70
2460,127,3,641,5,3471,1,50
2461,127,3,642,2,3473,3,20
2462,127,3,643,3,3476,4,30
2463,127,3,644,5,3481,5,50
2464,127,3,645,2,3483,1,20
2465,127,3,646,9,3492,1,90
2466,127,3,647,3,3495,7,30
2467,127,3,648,6,3501,1,60
2468,127,3,649,8,3509,1,80
2469,127,3,650,9,3518,5,90
2470,127,3,651,4,3522,4,40
2471,127,3,652,5,3527,1,50
2472,127,3,653,6,3533,7,60
2473,127,3,654,2,3535,4,20
2474,127,3,655,4,3539,1,40
2475,127,3,656,8,3547,3,80
2476,127,3,657,5,3552,1,50
2477,127,3,658,4,3556,1,40
2478,127,3,659,8,3564,2,80
2479,127,3,660,3,3567,1,30
2480,127,3,661,6,3573,1,60
2481,127,3,662,6,3579,7,60
2482,127,3,663,6,3585,1,60
2483,127,3,664,2,3587,4,20
2484,127,3,665,2,3589,3,20
2485,127,3,666,2,3591,1,20
2486,127,3,667,2,3593,1,20
2487,127,3,668,2,3595,1,20
2488,127,3,669,7,3602,3,70
2489,127,3,670,4,3606,1,40
2490,127,3,671,4,3610,2,40
2491,127,3,672,6,3616,2,60
2492,127,3,673,9,3625,1,90
2493,127,3,674,5,3630,5,50
2494,127,3,675,4,3634,2,40
2495,127,3,676,7,3641,1,70
2496,127,3,677,6,3647,1,60
2497,127,3,678,7,3654,1,70
2498,127,3,679,7,3661,1,70
2499,127,3,680,4,3665,9,40
2500,127,3,681,4,3669,2,40
2501,127,3,682,6,3675,3,60
2502,127,3,683,9,3684,7,90
2503,127,3,684,4,3688,3,40
2504,127,3,685,5,3693,1,50
2505,127,3,686,7,3700,2,70
2506,127,3,687,7,3707,1,70
2507,127,3,688,4,3711,1,40
2508,127,3,689,5,3716,5,50
2509,127,3,690,9,3725,6,90
2510,127,3,691,7,3732,6,70
2511,127,3,692,4,3736,3,40
2512,127,3,693,9,3745,1,90
2513,127,3,694,3,3748,4,30
2514,127,3,695,8,3756,3,80
2515,127,3,696,3,3759,1,30
2516,127,3,697,2,3761,4,20
2517,127,3,698,4,3765,0,40
2518,127,3,699,8,3773,1,80
2519,127,3,700,6,3779,7,60
2520,127,3,701,9,3788,7,90
2521,127,3,702,5,3793,1,50
2522,127,3,703,8,3801,3,80
2523,127,3,704,2,3803,1,20
2524,127,3,705,9,3812,1,90
2525,127,3,706,7,3819,1,70
2526,127,3,707,4,3823,1,40
2527,127,3,708,9,3832,11,90
2528,127,3,709,9,3841,7,90
2529,127,3,710,2,3843,2,20
2530,127,3,711,3,3846,1,30
2531,127,3,712,8,3854,3,80
2532,127,3,713,9,3863,9,90
2533,127,3,714,5,3868,1,50
2534,127,3,715,6,3874,2,60
2535,127,3,716,7,3881,1,70
2536,127,3,717,7,3888,1,70
2537,127,3,718,3,3891,1,30
2538,127,3,719,8,3899,14,80
2539,127,3,720,9,3908,3,90
2540,127,3,721,8,3916,4,80
2541,127,3,722,6,3922,2,60
2542,127,3,723,7,3929,2,70
2543,127,3,724,6,3935,2,60
2544,127,3,725,9,3944,1,90
2545,127,3,726,7,3951,1,70
2546,127,3,727,4,3955,1,40
2547,127,3,728,9,3964,1,90
2548,127,3,729,4,3968,12,40
2549,127,3,730,6,3974,1,60
2550,127,3,731,2,3976,1,20
2551,127,3,732,7,3983,1,70
2552,127,3,733,9,3992,10,90
2553,127,3,734,9,4001,1,90
2554,127,3,735,6,4007,7,60
2555,127,3,736,3,4010,2,30
2556,127,3,737,7,4017,3,70
2557,127,3,738,2,4019,0,20
2558,127,3,739,6,4025,3,60
2559,127,3,740,4,4029,1,40
2560,127,3,741,6,4035,4,60
2561,127,3,742,9,4044,1,90
2562,127,3,743,3,4047,3,30
2563,127,3,744,2,4049,3,20
2564,127,3,745,7,4056,5,70
2565,127,3,746,2,4058,0,20
2566,127,3,747,2,4060,3,20
2567,127,3,748,9,4069,1,90
2568,127,3,749,2,4071,4,20
2569,127,3,750,6,4077,2,60
2570,127,3,751,8,4085,1,80
2571,127,3,752,9,4094,1,90
2572,127,3,753,9,4103,1,90
2573,127,3,754,4,4107,6,40
2574,127,3,755,8,4115,1,80
2575,127,3,756,3,4118,1,30
2576,127,3,757,3,4121,2,30
2577,127,3,758,8,4129,1,80
2578,127,3,759,7,4136,1,70
2579,127,3,760,6,4142,1,60
2580,127,3,761,9,4151,9,90
2581,127,3,762,2,4153,4,20
2582,127,3,763,9,4162,1,90
2583,127,3,764,5,4167,3,50
2584,127,3,765,5,4172,3,50
2585,127,3,766,7,4179,7,70
2586,127,3,767,8,4187,4,80
2587,127,3,768,2,4189,7,20
2588,127,3,769,6,4195,3,60
2589,127,3,770,2,4197,1,20
2590,127,3,771,6,4203,1,60
2591,127,3,772,3,4206,1,30
2592,127,3,773,8,4214,6,80
2593,127,3,774,7,4221,1,70
2594,127,3,775,7,4228,7,70
2595,127,3,776,6,4234,1,60
2596,127,3,777,9,4243,4,90
2597,127,3,778,4,4247,1,40
2598,127,3,779,4,4251,1,40
2599,127,3,780,6,4257,3,60
2600,127,3,781,8,4265,2,80
2601,127,3,782,9,4274,0,90
2602,127,3,783,2,4276,1,20
2603,127,3,784,3,4279,1,30
2604,127,3,785,7,4286,3,70
2605,127,3,786,6,4292,4,60
2606,127,3,787,4,4296,2,40
2607,127,3,788,2,4298,1,20
2608,127,3,789,2,4300,0,20
2609,127,3,790,6,4306,1,60
2610,127,3,791,7,4313,1,70
2611,127,3,792,9,4322,1,90
2612,127,3,793,4,4326,5,40
2613,127,3,794,9,4335,1,90
2614,127,3,795,8,4343,5,80
2615,127,3,796,4,4347,1,40
2616,127,3,797,9,4356,9,90
2617,127,3,798,8,4364,1,80
2618,127,3,799,8,4372,1,80
2619,127,3,800,2,4374,1,20
2620,127,3,801,5,4379,1,50
2621,127,3,802,3,4382,1,30
2622,127,3,803,6,4388,8,60
2623,127,3,804,8,4396,3,80
2624,127,3,805,4,4400,2,40
2625,127,3,806,2,4402,1,20
2626,127,3,807,2,4404,4,20
2627,127,3,808,3,4407,1,30
2628,127,3,809,3,4410,1,30
2629,127,3,810,9,4419,2,90
2630,127,3,811,2,4421,3,20
2631,127,3,812,4,4425,3,40
2632,127,3,813,4,4429,1,40
2633,127,3,814,8,4437,1,80
2634,127,3,815,8,4445,1,80
2635,127,3,816,4,4449,6,40
2636,127,3,817,8,4457,6,80
2637,127,3,818,2,4459,1,20
2638,127,3,819,9,4468,6,90
2639,127,3,820,7,4475,2,70
2640,127,3,821,6,4481,1,60
2641,127,3,822,2,4483,7,20
2642,127,3,823,4,4487,1,40
2643,127,3,824,7,4494,1,70
2644,127,3,825,9,4503,4,90
2645,127,3,826,4,4507,0,40
2646,127,3,827,3,4510,0,30
2647,127,3,828,7,4517,2,70
2648,127,3,829,8,4525,1,80
2649,127,3,830,3,4528,4,30
2650,127,3,831,3,4531,2,30
2651,127,3,832,6,4537,1,60
2652,127,3,833,2,4539,2,20
2653,127,3,834,2,4541,1,20
2654,127,3,835,5,4546,4,50
2655,127,3,836,3,4549,1,30
2656,127,3,837,2,4551,0,20
2657,127,3,838,4,4555,2,40
2658,127,3,839,7,4562,1,70
2659,127,3,840,8,4570,2,80
2660,127,3,841,2,4572,1,20
2661,127,3,842,8,4580,5,80
2662,127,3,843,5,4585,2,50
2663,127,3,844,5,4590,1,50
2664,127,3,845,7,4597,1,70
2665,127,3,846,3,4600,6,30
2666,127,3,847,7,4607,4,70
2667,127,3,848,2,4609,0,20
2668,127,3,849,8,4617,1,80
2669,127,3,850,8,4625,8,80
2670,127,3,851,3,4628,2,30
2671,127,3,852,3,4631,1,30
2672,127,3,853,2,4633,3,20
2673,127,3,854,6,4639,2,60
2674,127,3,855,2,4641,1,20
2675,127,3,856,9,4650,11,90
2676,127,3,857,2,4652,1,20
2677,127,3,858,6,4658,1,60
2678,127,3,859,6,4664,4,60
2679,127,3,860,8,4672,3,80
2680,127,3,861,9,4681,3,90
2681,127,3,862,2,4683,1,20
2682,127,3,863,8,4691,7,80
2683,127,3,864,6,4697,3,60
2684,127,3,865,9,4706,3,90
2685,127,3,866,8,4714,5,80
2686,127,3,867,3,4717,2,30
2687,127,3,868,4,4721,2,40
2688,127,3,869,5,4726,1,50
2689,127,3,870,7,4733,1,70
2690,127,3,871,4,4737,1,40
2691,127,3,872,7,4744,1,70
2692,127,3,873,7,4751,7,70
2693,127,3,874,7,4758,1,70
2694,127,3,875,5,4763,3,50
2695,127,3,876,4,4767,1,40
2696,127,3,877,5,4772,1,50
2697,127,3,878,4,4776,5,40
2698,127,3,879,4,4780,1,40
2699,127,3,880,9,4789,1,90
2700,127,3,881,3,4792,1,30
2701,127,3,882,8,4800,11,80
2702,127,3,883,4,4804,4,40
2703,127,3,884,6,4810,5,60
2704,127,3,885,4,4814,1,40
2705,127,3,886,3,4817,1,30
2706,127,3,887,2,4819,1,20
2707,127,3,888,2,4821,2,20
2708,127,3,889,9,4830,4,90
2709,127,3,890,6,4836,4,60
2710,127,3,891,7,4843,1,70
2711,127,3,892,3,4846,2,30
2712,127,3,893,4,4850,2,40
2713,127,3,894,5,4855,3,50
2714,127,3,895,9,4864,1,90
2715,127,3,896,9,4873,9,90
2716,127,3,897,4,4877,4,40
2717,127,3,898,4,4881,1,40
2718,127,3,899,9,4890,1,90
2719,127,3,900,9,4899,1,90
2720,127,3,901,5,4904,1,50
2721,127,3,902,3,4907,1,30
2722,127,3,903,8,4915,1,80
2723,127,3,904,2,4917,7,20
2724,127,3,905,2,4919,3,20
2725,127,3,906,4,4923,5,40
2726,127,3,907,8,4931,1,80
2727,127,3,908,6,4937,3,60
2728,127,3,909,2,4939,1,20
2729,127,3,910,9,4948,1,90
2730,127,3,911,3,4951,11,30
2731,127,3,912,5,4956,3,50
2732,127,3,913,5,4961,0,50
2733,127,3,914,6,4967,1,60
2734,127,3,915,9,4976,1,90
2735,127,3,916,9,4985,5,90
2736,127,3,917,3,4988,1,30
2737,127,3,918,7,4995,1,70
