,Scenario,Trial,Inspection,Interval,Time,Defects,Rate
0,116,1,1,3,3,1,30
1,116,1,2,9,12,6,90
2,116,1,3,5,17,1,50
3,116,1,4,9,26,24,90
4,116,1,5,8,34,29,80
5,116,1,6,9,43,1,90
6,116,1,7,9,52,50,90
7,116,1,8,6,58,1,60
8,116,1,9,3,61,63,30
9,116,1,10,6,67,1,60
10,116,1,11,3,70,1,30
11,116,1,12,2,72,55,20
12,116,1,13,7,79,49,70
13,116,1,14,5,84,54,50
14,116,1,15,9,93,58,90
15,116,1,16,4,97,1,40
16,116,1,17,3,100,74,30
17,116,1,18,8,108,55,80
18,116,1,19,7,115,1,70
19,116,1,20,3,118,67,30
20,116,1,21,9,127,75,90
21,116,1,22,7,134,71,70
22,116,1,23,8,142,69,80
23,116,1,24,3,145,1,30
24,116,1,25,4,149,1,40
25,116,1,26,4,153,88,40
26,116,1,27,8,161,60,80
27,116,1,28,2,163,1,20
28,116,1,29,7,170,70,70
29,116,1,30,8,178,68,80
30,116,1,31,4,182,82,40
31,116,1,32,5,187,1,50
32,116,1,33,8,195,74,80
33,116,1,34,5,200,1,50
34,116,1,35,3,203,72,30
35,116,1,36,5,208,86,50
36,116,1,37,2,210,59,20
37,116,1,38,3,213,1,30
38,116,1,39,8,221,70,80
39,116,1,40,5,226,75,50
40,116,1,41,5,231,1,50
41,116,1,42,9,240,83,90
42,116,1,43,6,246,64,60
43,116,1,44,9,255,65,90
44,116,1,45,8,263,1,80
45,116,1,46,2,265,1,20
46,116,1,47,5,270,1,50
47,116,1,48,6,276,84,60
48,116,1,49,2,278,1,20
49,116,1,50,7,285,94,70
50,116,1,51,6,291,83,60
51,116,1,52,8,299,79,80
52,116,1,53,2,301,101,20
53,116,1,54,2,303,66,20
54,116,1,55,7,310,1,70
55,116,1,56,7,317,78,70
56,116,1,57,6,323,1,60
57,116,1,58,4,327,84,40
58,116,1,59,9,336,98,90
59,116,1,60,4,340,1,40
60,116,1,61,6,346,1,60
61,116,1,62,5,351,1,50
62,116,1,63,9,360,100,90
63,116,1,64,6,366,1,60
64,116,1,65,4,370,103,40
65,116,1,66,7,377,77,70
66,116,1,67,7,384,91,70
67,116,1,68,5,389,79,50
68,116,1,69,8,397,1,80
69,116,1,70,5,402,95,50
70,116,1,71,6,408,96,60
71,116,1,72,3,411,1,30
72,116,1,73,3,414,1,30
73,116,1,74,4,418,1,40
74,116,1,75,6,424,114,60
75,116,1,76,9,433,92,90
76,116,1,77,7,440,1,70
77,116,1,78,5,445,1,50
78,116,1,79,4,449,1,40
79,116,1,80,9,458,1,90
80,116,1,81,3,461,125,30
81,116,1,82,6,467,109,60
82,116,1,83,9,476,1,90
83,116,1,84,5,481,114,50
84,116,1,85,9,490,1,90
85,116,1,86,9,499,1,90
86,116,1,87,5,504,124,50
87,116,1,88,3,507,106,30
88,116,1,89,5,512,106,50
89,116,1,90,4,516,102,40
90,116,1,91,5,521,90,50
91,116,1,92,9,530,94,90
92,116,1,93,4,534,83,40
93,116,1,94,6,540,112,60
94,116,1,95,7,547,56,70
95,116,1,96,3,550,77,30
96,116,1,97,6,556,1,60
97,116,1,98,7,563,87,70
98,116,1,99,8,571,1,80
99,116,1,100,9,580,89,90
100,116,1,101,2,582,1,20
101,116,1,102,3,585,78,30
102,116,1,103,5,590,72,50
103,116,1,104,8,598,1,80
104,116,1,105,9,607,1,90
105,116,1,106,8,615,1,80
106,116,1,107,6,621,100,60
107,116,1,108,9,630,100,90
108,116,1,109,3,633,1,30
109,116,1,110,5,638,1,50
110,116,1,111,7,645,120,70
111,116,1,112,9,654,113,90
112,116,1,113,5,659,1,50
113,116,1,114,9,668,121,90
114,116,1,115,6,674,1,60
115,116,1,116,6,680,98,60
116,116,1,117,6,686,1,60
117,116,1,118,2,688,111,20
118,116,1,119,7,695,117,70
119,116,1,120,8,703,107,80
120,116,1,121,6,709,91,60
121,116,1,122,2,711,93,20
122,116,1,123,7,718,1,70
123,116,1,124,9,727,1,90
124,116,1,125,3,730,110,30
125,116,1,126,5,735,109,50
126,116,1,127,4,739,61,40
127,116,1,128,7,746,90,70
128,116,1,129,6,752,99,60
129,116,1,130,4,756,1,40
130,116,1,131,5,761,1,50
131,116,1,132,8,769,104,80
132,116,1,133,3,772,89,30
133,116,1,134,6,778,1,60
134,116,1,135,7,785,1,70
135,116,1,136,7,792,1,70
136,116,1,137,8,800,103,80
137,116,1,138,7,807,107,70
138,116,1,139,2,809,84,20
139,116,1,140,4,813,87,40
140,116,1,141,3,816,83,30
141,116,1,142,3,819,85,30
142,116,1,143,2,821,1,20
143,116,1,144,4,825,1,40
144,116,1,145,7,832,1,70
145,116,1,146,9,841,1,90
146,116,1,147,3,844,111,30
147,116,1,148,2,846,69,20
148,116,1,149,2,848,1,20
149,116,1,150,5,853,1,50
150,116,1,151,5,858,1,50
151,116,1,152,8,866,1,80
152,116,1,153,6,872,1,60
153,116,1,154,8,880,110,80
154,116,1,155,2,882,94,20
155,116,1,156,6,888,74,60
156,116,1,157,3,891,95,30
157,116,1,158,7,898,1,70
158,116,1,159,6,904,101,60
159,116,1,160,8,912,91,80
160,116,1,161,9,921,93,90
161,116,1,162,4,925,1,40
162,116,1,163,3,928,94,30
163,116,1,164,3,931,86,30
164,116,1,165,3,934,1,30
165,116,1,166,3,937,81,30
166,116,1,167,8,945,94,80
167,116,1,168,5,950,64,50
168,116,1,169,6,956,1,60
169,116,1,170,2,958,83,20
170,116,1,171,3,961,1,30
171,116,1,172,3,964,83,30
172,116,1,173,4,968,63,40
173,116,1,174,6,974,68,60
174,116,1,175,9,983,76,90
175,116,1,176,8,991,1,80
176,116,1,177,8,999,85,80
177,116,1,178,9,1008,85,90
178,116,1,179,7,1015,1,70
179,116,1,180,9,1024,89,90
180,116,1,181,9,1033,82,90
181,116,1,182,9,1042,88,90
182,116,1,183,8,1050,79,80
183,116,1,184,4,1054,1,40
184,116,1,185,3,1057,1,30
185,116,1,186,7,1064,90,70
186,116,1,187,6,1070,1,60
187,116,1,188,9,1079,105,90
188,116,1,189,5,1084,1,50
189,116,1,190,8,1092,110,80
190,116,1,191,2,1094,105,20
191,116,1,192,4,1098,72,40
192,116,1,193,3,1101,88,30
193,116,1,194,4,1105,1,40
194,116,1,195,7,1112,88,70
195,116,1,196,8,1120,1,80
196,116,1,197,5,1125,90,50
197,116,1,198,2,1127,73,20
198,116,1,199,6,1133,1,60
199,116,1,200,2,1135,81,20
200,116,1,201,2,1137,76,20
201,116,1,202,4,1141,77,40
202,116,1,203,4,1145,1,40
203,116,1,204,5,1150,1,50
204,116,1,205,5,1155,1,50
205,116,1,206,3,1158,86,30
206,116,1,207,4,1162,72,40
207,116,1,208,3,1165,78,30
208,116,1,209,5,1170,1,50
209,116,1,210,3,1173,64,30
210,116,1,211,3,1176,73,30
211,116,1,212,5,1181,74,50
212,116,1,213,2,1183,81,20
213,116,1,214,7,1190,70,70
214,116,1,215,8,1198,1,80
215,116,1,216,7,1205,1,70
216,116,1,217,2,1207,56,20
217,116,1,218,7,1214,1,70
218,116,1,219,5,1219,77,50
219,116,1,220,2,1221,67,20
220,116,1,221,4,1225,79,40
221,116,1,222,5,1230,1,50
222,116,1,223,9,1239,86,90
223,116,1,224,7,1246,66,70
224,116,1,225,2,1248,56,20
225,116,1,226,5,1253,1,50
226,116,1,227,4,1257,69,40
227,116,1,228,2,1259,84,20
228,116,1,229,7,1266,63,70
229,116,1,230,5,1271,64,50
230,116,1,231,5,1276,1,50
231,116,1,232,6,1282,83,60
232,116,1,233,4,1286,1,40
233,116,1,234,3,1289,1,30
234,116,1,235,3,1292,1,30
235,116,1,236,8,1300,81,80
236,116,1,237,6,1306,77,60
237,116,1,238,3,1309,81,30
238,116,1,239,2,1311,1,20
239,116,1,240,7,1318,69,70
240,116,1,241,2,1320,62,20
241,116,1,242,5,1325,1,50
242,116,1,243,2,1327,76,20
243,116,1,244,8,1335,81,80
244,116,1,245,6,1341,73,60
245,116,1,246,5,1346,1,50
246,116,1,247,7,1353,73,70
247,116,1,248,5,1358,58,50
248,116,1,249,2,1360,1,20
249,116,1,250,6,1366,1,60
250,116,1,251,2,1368,75,20
251,116,1,252,2,1370,75,20
252,116,1,253,3,1373,1,30
253,116,1,254,2,1375,64,20
254,116,1,255,3,1378,55,30
255,116,1,256,3,1381,59,30
256,116,1,257,8,1389,65,80
257,116,1,258,8,1397,52,80
258,116,1,259,5,1402,60,50
259,116,1,260,5,1407,46,50
260,116,1,261,7,1414,54,70
261,116,1,262,7,1421,1,70
262,116,1,263,7,1428,1,70
263,116,1,264,2,1430,73,20
264,116,1,265,8,1438,68,80
265,116,1,266,2,1440,72,20
266,116,1,267,5,1445,1,50
267,116,1,268,8,1453,73,80
268,116,1,269,5,1458,72,50
269,116,1,270,8,1466,69,80
270,116,1,271,9,1475,1,90
271,116,1,272,5,1480,71,50
272,116,1,273,8,1488,85,80
273,116,1,274,3,1491,70,30
274,116,1,275,5,1496,70,50
275,116,1,276,4,1500,73,40
276,116,1,277,6,1506,59,60
277,116,1,278,8,1514,73,80
278,116,1,279,6,1520,69,60
279,116,1,280,8,1528,1,80
280,116,1,281,7,1535,69,70
281,116,1,282,7,1542,62,70
282,116,1,283,5,1547,1,50
283,116,1,284,7,1554,83,70
284,116,1,285,9,1563,84,90
285,116,1,286,3,1566,1,30
286,116,1,287,4,1570,82,40
287,116,1,288,4,1574,77,40
288,116,1,289,4,1578,1,40
289,116,1,290,9,1587,92,90
290,116,1,291,9,1596,70,90
291,116,1,292,7,1603,1,70
292,116,1,293,8,1611,85,80
293,116,1,294,2,1613,75,20
294,116,1,295,9,1622,1,90
295,116,1,296,7,1629,88,70
296,116,1,297,5,1634,92,50
297,116,1,298,3,1637,73,30
298,116,1,299,8,1645,1,80
299,116,1,300,2,1647,90,20
300,116,1,301,9,1656,76,90
301,116,1,302,7,1663,80,70
302,116,1,303,8,1671,82,80
303,116,1,304,6,1677,78,60
304,116,1,305,6,1683,1,60
305,116,1,306,5,1688,1,50
306,116,1,307,8,1696,1,80
307,116,1,308,4,1700,1,40
308,116,1,309,9,1709,108,90
309,116,1,310,8,1717,92,80
310,116,1,311,3,1720,93,30
311,116,1,312,4,1724,88,40
312,116,1,313,5,1729,1,50
313,116,1,314,9,1738,1,90
314,116,1,315,9,1747,1,90
315,116,1,316,4,1751,123,40
316,116,1,317,6,1757,1,60
317,116,1,318,2,1759,1,20
318,116,1,319,2,1761,110,20
319,116,1,320,8,1769,110,80
320,116,1,321,3,1772,93,30
321,116,1,322,5,1777,1,50
322,116,1,323,6,1783,108,60
323,116,1,324,2,1785,98,20
324,116,1,325,7,1792,93,70
325,116,1,326,4,1796,1,40
326,116,1,327,5,1801,86,50
327,116,1,328,3,1804,89,30
328,116,1,329,3,1807,89,30
329,116,1,330,4,1811,71,40
330,116,1,331,3,1814,59,30
331,116,1,332,9,1823,60,90
332,116,1,333,7,1830,81,70
333,116,1,334,9,1839,76,90
334,116,1,335,3,1842,52,30
335,116,1,336,6,1848,80,60
336,116,1,337,5,1853,66,50
337,116,1,338,2,1855,55,20
338,116,1,339,6,1861,66,60
339,116,1,340,7,1868,1,70
340,116,1,341,2,1870,1,20
341,116,1,342,3,1873,1,30
342,116,1,343,7,1880,1,70
343,116,1,344,3,1883,76,30
344,116,1,345,5,1888,87,50
345,116,1,346,3,1891,1,30
346,116,1,347,4,1895,62,40
347,116,1,348,6,1901,72,60
348,116,1,349,7,1908,68,70
349,116,1,350,6,1914,81,60
350,116,1,351,9,1923,69,90
351,116,1,352,8,1931,71,80
352,116,1,353,5,1936,1,50
353,116,1,354,7,1943,86,70
354,116,1,355,8,1951,1,80
355,116,1,356,3,1954,80,30
356,116,1,357,8,1962,81,80
357,116,1,358,2,1964,1,20
358,116,1,359,2,1966,1,20
359,116,1,360,4,1970,75,40
360,116,1,361,7,1977,84,70
361,116,1,362,7,1984,1,70
362,116,1,363,7,1991,1,70
363,116,1,364,6,1997,81,60
364,116,1,365,5,2002,1,50
365,116,1,366,9,2011,107,90
366,116,1,367,7,2018,88,70
367,116,1,368,6,2024,95,60
368,116,1,369,5,2029,1,50
369,116,1,370,9,2038,1,90
370,116,1,371,8,2046,1,80
371,116,1,372,7,2053,1,70
372,116,1,373,6,2059,1,60
373,116,1,374,5,2064,125,50
374,116,1,375,6,2070,100,60
375,116,1,376,7,2077,96,70
376,116,1,377,3,2080,1,30
377,116,1,378,4,2084,1,40
378,116,1,379,6,2090,133,60
379,116,1,380,6,2096,90,60
380,116,1,381,2,2098,107,20
381,116,1,382,5,2103,110,50
382,116,1,383,9,2112,103,90
383,116,1,384,7,2119,88,70
384,116,1,385,4,2123,89,40
385,116,1,386,4,2127,78,40
386,116,1,387,2,2129,80,20
387,116,1,388,2,2131,1,20
388,116,1,389,7,2138,89,70
389,116,1,390,2,2140,70,20
390,116,1,391,5,2145,73,50
391,116,1,392,2,2147,59,20
392,116,1,393,5,2152,57,50
393,116,1,394,2,2154,51,20
394,116,1,395,5,2159,1,50
395,116,1,396,3,2162,55,30
396,116,1,397,7,2169,57,70
397,116,1,398,2,2171,1,20
398,116,1,399,5,2176,59,50
399,116,1,400,5,2181,1,50
400,116,1,401,2,2183,58,20
401,116,1,402,6,2189,1,60
402,116,1,403,2,2191,54,20
403,116,1,404,2,2193,1,20
404,116,1,405,6,2199,1,60
405,116,1,406,5,2204,69,50
406,116,1,407,2,2206,64,20
407,116,1,408,3,2209,78,30
408,116,1,409,3,2212,1,30
409,116,1,410,3,2215,62,30
410,116,1,411,3,2218,52,30
411,116,1,412,6,2224,59,60
412,116,1,413,6,2230,1,60
413,116,1,414,9,2239,66,90
414,116,1,415,7,2246,67,70
415,116,1,416,5,2251,1,50
416,116,1,417,8,2259,71,80
417,116,1,418,7,2266,75,70
418,116,1,419,8,2274,75,80
419,116,1,420,6,2280,84,60
420,116,1,421,9,2289,68,90
421,116,1,422,8,2297,73,80
422,116,1,423,9,2306,1,90
423,116,1,424,6,2312,1,60
424,116,1,425,2,2314,74,20
425,116,1,426,5,2319,1,50
426,116,1,427,3,2322,1,30
427,116,1,428,8,2330,1,80
428,116,1,429,3,2333,95,30
429,116,1,430,4,2337,90,40
430,116,1,431,7,2344,81,70
431,116,1,432,8,2352,101,80
432,116,1,433,3,2355,88,30
433,116,1,434,2,2357,1,20
434,116,1,435,8,2365,74,80
435,116,1,436,3,2368,1,30
436,116,1,437,5,2373,98,50
437,116,1,438,2,2375,87,20
438,116,1,439,5,2380,79,50
439,116,1,440,4,2384,71,40
440,116,1,441,7,2391,60,70
441,116,1,442,7,2398,71,70
442,116,1,443,8,2406,1,80
443,116,1,444,4,2410,1,40
444,116,1,445,5,2415,84,50
445,116,1,446,9,2424,85,90
446,116,1,447,4,2428,75,40
447,116,1,448,8,2436,82,80
448,116,1,449,3,2439,66,30
449,116,1,450,6,2445,1,60
450,116,1,451,9,2454,69,90
451,116,1,452,5,2459,94,50
452,116,1,453,2,2461,1,20
453,116,1,454,3,2464,61,30
454,116,1,455,3,2467,69,30
455,116,1,456,2,2469,67,20
456,116,1,457,9,2478,1,90
457,116,1,458,8,2486,1,80
458,116,1,459,7,2493,88,70
459,116,1,460,2,2495,65,20
460,116,1,461,7,2502,66,70
461,116,1,462,9,2511,95,90
462,116,1,463,7,2518,86,70
463,116,1,464,5,2523,1,50
464,116,1,465,8,2531,72,80
465,116,1,466,2,2533,87,20
466,116,1,467,8,2541,1,80
467,116,1,468,2,2543,90,20
468,116,1,469,7,2550,85,70
469,116,1,470,3,2553,70,30
470,116,1,471,6,2559,1,60
471,116,1,472,7,2566,62,70
472,116,1,473,6,2572,69,60
473,116,1,474,8,2580,72,80
474,116,1,475,2,2582,77,20
475,116,1,476,2,2584,57,20
476,116,1,477,4,2588,70,40
477,116,1,478,8,2596,53,80
478,116,1,479,9,2605,70,90
479,116,1,480,4,2609,65,40
480,116,1,481,9,2618,65,90
481,116,1,482,5,2623,64,50
482,116,1,483,4,2627,72,40
483,116,1,484,4,2631,64,40
484,116,1,485,5,2636,1,50
485,116,1,486,8,2644,76,80
486,116,1,487,9,2653,74,90
487,116,1,488,4,2657,1,40
488,116,1,489,7,2664,1,70
489,116,1,490,6,2670,77,60
490,116,1,491,5,2675,1,50
491,116,1,492,4,2679,86,40
492,116,1,493,9,2688,1,90
493,116,1,494,3,2691,1,30
494,116,1,495,3,2694,1,30
495,116,1,496,3,2697,90,30
496,116,1,497,4,2701,92,40
497,116,1,498,6,2707,78,60
498,116,1,499,7,2714,73,70
499,116,1,500,7,2721,1,70
500,116,1,501,9,2730,89,90
501,116,1,502,7,2737,83,70
502,116,1,503,3,2740,76,30
503,116,1,504,3,2743,74,30
504,116,1,505,4,2747,69,40
505,116,1,506,9,2756,71,90
506,116,1,507,7,2763,1,70
507,116,1,508,6,2769,1,60
508,116,1,509,6,2775,96,60
509,116,1,510,6,2781,77,60
510,116,1,511,6,2787,1,60
511,116,1,512,9,2796,87,90
512,116,1,513,3,2799,1,30
513,116,1,514,6,2805,1,60
514,116,1,515,9,2814,113,90
515,116,1,516,3,2817,93,30
516,116,1,517,8,2825,84,80
517,116,1,518,8,2833,82,80
518,116,1,519,3,2836,84,30
519,116,1,520,9,2845,90,90
520,116,1,521,3,2848,98,30
521,116,1,522,7,2855,1,70
522,116,1,523,3,2858,64,30
523,116,1,524,7,2865,1,70
524,116,1,525,8,2873,85,80
525,116,1,526,5,2878,1,50
526,116,1,527,9,2887,82,90
527,116,1,528,3,2890,1,30
528,116,1,529,9,2899,84,90
529,116,1,530,9,2908,104,90
530,116,1,531,5,2913,101,50
531,116,1,532,2,2915,89,20
532,116,1,533,2,2917,1,20
533,116,1,534,8,2925,1,80
534,116,1,535,4,2929,1,40
535,116,1,536,9,2938,105,90
536,116,1,537,9,2947,93,90
537,116,1,538,8,2955,95,80
538,116,1,539,2,2957,92,20
539,116,1,540,8,2965,1,80
540,116,1,541,7,2972,1,70
541,116,1,542,8,2980,100,80
542,116,1,543,6,2986,1,60
543,116,1,544,3,2989,95,30
544,116,1,545,5,2994,87,50
545,116,1,546,5,2999,1,50
546,116,1,547,2,3001,92,20
547,116,1,548,2,3003,87,20
548,116,1,549,3,3006,1,30
549,116,1,550,9,3015,1,90
550,116,1,551,4,3019,93,40
551,116,1,552,8,3027,1,80
552,116,1,553,7,3034,1,70
553,116,1,554,2,3036,104,20
554,116,1,555,5,3041,1,50
555,116,1,556,7,3048,109,70
556,116,1,557,6,3054,1,60
557,116,1,558,2,3056,89,20
558,116,1,559,9,3065,89,90
559,116,1,560,9,3074,93,90
560,116,1,561,6,3080,1,60
561,116,1,562,8,3088,101,80
562,116,1,563,9,3097,90,90
563,116,1,564,4,3101,1,40
564,116,1,565,7,3108,1,70
565,116,1,566,5,3113,1,50
566,116,1,567,2,3115,1,20
567,116,1,568,4,3119,1,40
568,116,1,569,2,3121,120,20
569,116,1,570,5,3126,123,50
570,116,1,571,6,3132,1,60
571,116,1,572,6,3138,117,60
572,116,1,573,3,3141,107,30
573,116,1,574,9,3150,1,90
574,116,1,575,3,3153,87,30
575,116,1,576,5,3158,1,50
576,116,1,577,2,3160,102,20
577,116,1,578,4,3164,94,40
578,116,1,579,9,3173,1,90
579,116,1,580,9,3182,104,90
580,116,1,581,5,3187,1,50
581,116,1,582,3,3190,121,30
582,116,1,583,6,3196,97,60
583,116,1,584,3,3199,1,30
584,116,1,585,7,3206,1,70
585,116,1,586,2,3208,94,20
586,116,1,587,8,3216,1,80
587,116,1,588,9,3225,102,90
588,116,1,589,8,3233,1,80
589,116,1,590,7,3240,100,70
590,116,1,591,7,3247,106,70
591,116,1,592,7,3254,1,70
592,116,1,593,9,3263,112,90
593,116,1,594,2,3265,89,20
594,116,1,595,8,3273,125,80
595,116,1,596,6,3279,74,60
596,116,1,597,8,3287,113,80
597,116,1,598,9,3296,107,90
598,116,1,599,5,3301,90,50
599,116,1,600,7,3308,94,70
600,116,1,601,5,3313,69,50
601,116,1,602,3,3316,1,30
602,116,1,603,4,3320,84,40
603,116,1,604,8,3328,1,80
604,116,1,605,2,3330,94,20
605,116,1,606,9,3339,72,90
606,116,1,607,5,3344,88,50
607,116,1,608,5,3349,80,50
608,116,1,609,7,3356,76,70
609,116,1,610,2,3358,74,20
610,116,1,611,2,3360,1,20
611,116,1,612,2,3362,1,20
612,116,1,613,7,3369,68,70
613,116,1,614,5,3374,70,50
614,116,1,615,3,3377,73,30
615,116,1,616,4,3381,60,40
616,116,1,617,9,3390,64,90
617,116,1,618,3,3393,77,30
618,116,1,619,3,3396,68,30
619,116,1,620,3,3399,64,30
620,116,1,621,3,3402,1,30
621,116,1,622,2,3404,59,20
622,116,1,623,7,3411,69,70
623,116,1,624,2,3413,52,20
624,116,1,625,4,3417,50,40
625,116,1,626,2,3419,59,20
626,116,1,627,7,3426,50,70
627,116,1,628,2,3428,47,20
628,116,1,629,5,3433,54,50
629,116,1,630,5,3438,50,50
630,116,1,631,4,3442,1,40
631,116,1,632,6,3448,44,60
632,116,1,633,7,3455,49,70
633,116,1,634,2,3457,44,20
634,116,1,635,9,3466,51,90
635,116,1,636,2,3468,1,20
636,116,1,637,3,3471,1,30
637,116,1,638,4,3475,59,40
638,116,1,639,2,3477,63,20
639,116,1,640,8,3485,1,80
640,116,1,641,4,3489,1,40
641,116,1,642,9,3498,63,90
642,116,1,643,3,3501,57,30
643,116,1,644,3,3504,69,30
644,116,1,645,7,3511,65,70
645,116,1,646,7,3518,74,70
646,116,1,647,4,3522,49,40
647,116,1,648,9,3531,53,90
648,116,1,649,7,3538,52,70
649,116,1,650,7,3545,57,70
650,116,1,651,9,3554,65,90
651,116,1,652,8,3562,60,80
652,116,1,653,9,3571,76,90
653,116,1,654,7,3578,1,70
654,116,1,655,3,3581,74,30
655,116,1,656,3,3584,1,30
656,116,1,657,6,3590,74,60
657,116,1,658,6,3596,1,60
658,116,1,659,6,3602,69,60
659,116,1,660,2,3604,70,20
660,116,1,661,3,3607,73,30
661,116,1,662,6,3613,68,60
662,116,1,663,2,3615,69,20
663,116,1,664,6,3621,57,60
664,116,1,665,4,3625,61,40
665,116,1,666,8,3633,1,80
666,116,1,667,8,3641,64,80
667,116,1,668,7,3648,1,70
668,116,1,669,4,3652,86,40
669,116,1,670,5,3657,83,50
670,116,1,671,9,3666,79,90
671,116,1,672,2,3668,68,20
672,116,1,673,5,3673,75,50
673,116,1,674,9,3682,69,90
674,116,1,675,3,3685,1,30
675,116,1,676,3,3688,1,30
676,116,1,677,4,3692,79,40
677,116,1,678,4,3696,1,40
678,116,1,679,9,3705,64,90
679,116,1,680,4,3709,81,40
680,116,1,681,9,3718,80,90
681,116,1,682,6,3724,1,60
682,116,1,683,8,3732,1,80
683,116,1,684,2,3734,85,20
684,116,1,685,5,3739,91,50
685,116,1,686,6,3745,70,60
686,116,1,687,2,3747,82,20
687,116,1,688,4,3751,74,40
688,116,1,689,6,3757,75,60
689,116,1,690,4,3761,61,40
690,116,1,691,6,3767,66,60
691,116,1,692,9,3776,51,90
692,116,1,693,4,3780,61,40
693,116,1,694,2,3782,63,20
694,116,1,695,5,3787,38,50
695,116,1,696,5,3792,1,50
696,116,1,697,6,3798,74,60
697,116,1,698,3,3801,53,30
698,116,1,699,3,3804,59,30
699,116,1,700,5,3809,54,50
700,116,1,701,7,3816,64,70
701,116,1,702,5,3821,47,50
702,116,1,703,8,3829,47,80
703,116,1,704,6,3835,60,60
704,116,1,705,6,3841,66,60
705,116,1,706,7,3848,61,70
706,116,1,707,4,3852,67,40
707,116,1,708,6,3858,61,60
708,116,1,709,3,3861,54,30
709,116,1,710,8,3869,1,80
710,116,1,711,6,3875,65,60
711,116,1,712,9,3884,1,90
712,116,1,713,7,3891,66,70
713,116,1,714,7,3898,1,70
714,116,1,715,2,3900,1,20
715,116,1,716,3,3903,1,30
716,116,1,717,8,3911,74,80
717,116,1,718,9,3920,82,90
718,116,1,719,4,3924,1,40
719,116,1,720,7,3931,1,70
720,116,1,721,6,3937,99,60
721,116,1,722,8,3945,1,80
722,116,1,723,6,3951,102,60
723,116,1,724,4,3955,97,40
724,116,1,725,7,3962,83,70
725,116,1,726,3,3965,91,30
726,116,1,727,6,3971,1,60
727,116,1,728,4,3975,1,40
728,116,1,729,6,3981,89,60
729,116,1,730,6,3987,73,60
730,116,1,731,8,3995,92,80
731,116,1,732,9,4004,80,90
732,116,1,733,3,4007,81,30
733,116,1,734,6,4013,1,60
734,116,1,735,5,4018,101,50
735,116,1,736,6,4024,93,60
736,116,1,737,4,4028,79,40
737,116,1,738,9,4037,83,90
738,116,1,739,5,4042,93,50
739,116,1,740,8,4050,70,80
740,116,1,741,3,4053,1,30
741,116,1,742,7,4060,1,70
742,116,1,743,9,4069,78,90
743,116,1,744,4,4073,1,40
744,116,1,745,6,4079,100,60
745,116,1,746,5,4084,1,50
746,116,1,747,8,4092,98,80
747,116,1,748,6,4098,92,60
748,116,1,749,8,4106,89,80
749,116,1,750,6,4112,70,60
750,116,1,751,4,4116,1,40
751,116,1,752,5,4121,101,50
752,116,1,753,5,4126,101,50
753,116,1,754,5,4131,72,50
754,116,1,755,7,4138,1,70
755,116,1,756,2,4140,74,20
756,116,1,757,2,4142,77,20
757,116,1,758,4,4146,68,40
758,116,1,759,7,4153,1,70
759,116,1,760,2,4155,70,20
760,116,1,761,5,4160,1,50
761,116,1,762,7,4167,80,70
762,116,1,763,2,4169,74,20
763,116,1,764,3,4172,1,30
764,116,1,765,2,4174,74,20
765,116,1,766,6,4180,73,60
766,116,1,767,4,4184,60,40
767,116,1,768,8,4192,57,80
768,116,1,769,8,4200,80,80
769,116,1,770,4,4204,71,40
770,116,1,771,4,4208,68,40
771,116,1,772,9,4217,64,90
772,116,1,773,5,4222,71,50
773,116,1,774,2,4224,1,20
774,116,1,775,5,4229,1,50
775,116,1,776,4,4233,1,40
776,116,1,777,8,4241,68,80
777,116,1,778,6,4247,62,60
778,116,1,779,7,4254,1,70
779,116,1,780,6,4260,1,60
780,116,1,781,4,4264,87,40
781,116,1,782,9,4273,1,90
782,116,1,783,4,4277,93,40
783,116,1,784,2,4279,1,20
784,116,1,785,5,4284,84,50
785,116,1,786,7,4291,101,70
786,116,1,787,7,4298,1,70
787,116,1,788,9,4307,1,90
788,116,1,789,6,4313,105,60
789,116,1,790,9,4322,1,90
790,116,1,791,2,4324,89,20
791,116,1,792,5,4329,91,50
792,116,1,793,9,4338,97,90
793,116,1,794,6,4344,90,60
794,116,1,795,8,4352,87,80
795,116,1,796,5,4357,89,50
796,116,1,797,5,4362,91,50
797,116,1,798,2,4364,73,20
798,116,1,799,9,4373,69,90
799,116,1,800,8,4381,80,80
800,116,1,801,3,4384,1,30
801,116,1,802,8,4392,81,80
802,116,1,803,5,4397,1,50
803,116,1,804,3,4400,88,30
804,116,1,805,2,4402,66,20
805,116,1,806,2,4404,44,20
806,116,1,807,4,4408,68,40
807,116,1,808,8,4416,49,80
808,116,1,809,2,4418,74,20
809,116,1,810,8,4426,1,80
810,116,1,811,8,4434,66,80
811,116,1,812,9,4443,49,90
812,116,1,813,4,4447,76,40
813,116,1,814,9,4456,65,90
814,116,1,815,9,4465,70,90
815,116,1,816,9,4474,1,90
816,116,1,817,6,4480,98,60
817,116,1,818,9,4489,1,90
818,116,1,819,7,4496,85,70
819,116,1,820,2,4498,79,20
820,116,1,821,3,4501,70,30
821,116,1,822,8,4509,1,80
822,116,1,823,5,4514,92,50
823,116,1,824,3,4517,69,30
824,116,1,825,7,4524,88,70
825,116,1,826,4,4528,1,40
826,116,1,827,6,4534,1,60
827,116,1,828,4,4538,72,40
828,116,1,829,3,4541,1,30
829,116,1,830,8,4549,97,80
830,116,1,831,7,4556,86,70
831,116,1,832,4,4560,77,40
832,116,1,833,2,4562,1,20
833,116,1,834,9,4571,86,90
834,116,1,835,6,4577,1,60
835,116,1,836,6,4583,81,60
836,116,1,837,2,4585,82,20
837,116,1,838,9,4594,68,90
838,116,1,839,8,4602,75,80
839,116,1,840,4,4606,61,40
840,116,1,841,2,4608,85,20
841,116,1,842,2,4610,1,20
842,116,1,843,7,4617,1,70
843,116,1,844,9,4626,78,90
844,116,1,845,4,4630,90,40
845,116,1,846,9,4639,82,90
846,116,1,847,2,4641,1,20
847,116,1,848,8,4649,107,80
848,116,1,849,6,4655,1,60
849,116,1,850,5,4660,1,50
850,116,1,851,5,4665,89,50
851,116,1,852,4,4669,83,40
852,116,1,853,4,4673,78,40
853,116,1,854,7,4680,1,70
854,116,1,855,2,4682,96,20
855,116,1,856,4,4686,80,40
856,116,1,857,7,4693,1,70
857,116,1,858,2,4695,79,20
858,116,1,859,8,4703,72,80
859,116,1,860,8,4711,1,80
860,116,1,861,9,4720,87,90
861,116,1,862,9,4729,1,90
862,116,1,863,5,4734,90,50
863,116,1,864,5,4739,80,50
864,116,1,865,5,4744,91,50
865,116,1,866,6,4750,1,60
866,116,1,867,7,4757,1,70
867,116,1,868,4,4761,1,40
868,116,1,869,6,4767,91,60
869,116,1,870,4,4771,1,40
870,116,1,871,6,4777,104,60
871,116,1,872,5,4782,1,50
872,116,1,873,8,4790,119,80
873,116,1,874,8,4798,1,80
874,116,1,875,9,4807,1,90
875,116,1,876,7,4814,1,70
876,116,1,877,4,4818,1,40
877,116,1,878,5,4823,111,50
878,116,1,879,9,4832,1,90
879,116,1,880,5,4837,108,50
880,116,1,881,5,4842,123,50
881,116,1,882,5,4847,130,50
882,116,1,883,4,4851,99,40
883,116,1,884,6,4857,109,60
884,116,1,885,7,4864,97,70
885,116,1,886,2,4866,98,20
886,116,1,887,2,4868,82,20
887,116,1,888,4,4872,77,40
888,116,1,889,4,4876,84,40
889,116,1,890,8,4884,70,80
890,116,1,891,4,4888,77,40
891,116,1,892,9,4897,78,90
892,116,1,893,3,4900,67,30
893,116,1,894,5,4905,1,50
894,116,1,895,5,4910,68,50
895,116,1,896,3,4913,1,30
896,116,1,897,7,4920,1,70
897,116,1,898,4,4924,1,40
898,116,1,899,9,4933,97,90
899,116,1,900,7,4940,92,70
900,116,1,901,4,4944,78,40
901,116,1,902,2,4946,66,20
902,116,1,903,8,4954,75,80
903,116,1,904,7,4961,69,70
904,116,1,905,5,4966,1,50
905,116,1,906,8,4974,82,80
906,116,1,907,3,4977,57,30
907,116,1,908,2,4979,75,20
908,116,1,909,2,4981,66,20
909,116,1,910,9,4990,69,90
910,116,1,911,8,4998,57,80
911,116,2,1,2,2,1,20
912,116,2,2,2,4,4,20
913,116,2,3,6,10,4,60
914,116,2,4,4,14,9,40
915,116,2,5,7,21,19,70
916,116,2,6,3,24,21,30
917,116,2,7,5,29,1,50
918,116,2,8,5,34,16,50
919,116,2,9,3,37,36,30
920,116,2,10,6,43,1,60
921,116,2,11,4,47,42,40
922,116,2,12,3,50,1,30
923,116,2,13,9,59,1,90
924,116,2,14,4,63,52,40
925,116,2,15,9,72,56,90
926,116,2,16,4,76,44,40
927,116,2,17,9,85,53,90
928,116,2,18,7,92,55,70
929,116,2,19,9,101,41,90
930,116,2,20,9,110,72,90
931,116,2,21,2,112,61,20
932,116,2,22,4,116,52,40
933,116,2,23,6,122,66,60
934,116,2,24,2,124,1,20
935,116,2,25,3,127,75,30
936,116,2,26,9,136,1,90
937,116,2,27,7,143,67,70
938,116,2,28,3,146,63,30
939,116,2,29,8,154,70,80
940,116,2,30,2,156,61,20
941,116,2,31,2,158,50,20
942,116,2,32,5,163,1,50
943,116,2,33,6,169,67,60
944,116,2,34,9,178,54,90
945,116,2,35,5,183,1,50
946,116,2,36,7,190,82,70
947,116,2,37,5,195,74,50
948,116,2,38,9,204,80,90
949,116,2,39,9,213,72,90
950,116,2,40,6,219,1,60
951,116,2,41,8,227,86,80
952,116,2,42,7,234,1,70
953,116,2,43,8,242,1,80
954,116,2,44,9,251,97,90
955,116,2,45,3,254,94,30
956,116,2,46,6,260,82,60
957,116,2,47,4,264,1,40
958,116,2,48,8,272,92,80
959,116,2,49,3,275,89,30
960,116,2,50,8,283,70,80
961,116,2,51,8,291,93,80
962,116,2,52,3,294,69,30
963,116,2,53,4,298,1,40
964,116,2,54,7,305,1,70
965,116,2,55,5,310,84,50
966,116,2,56,6,316,71,60
967,116,2,57,5,321,1,50
968,116,2,58,3,324,84,30
969,116,2,59,6,330,70,60
970,116,2,60,3,333,1,30
971,116,2,61,5,338,1,50
972,116,2,62,8,346,113,80
973,116,2,63,8,354,74,80
974,116,2,64,7,361,85,70
975,116,2,65,2,363,87,20
976,116,2,66,9,372,1,90
977,116,2,67,4,376,88,40
978,116,2,68,9,385,81,90
979,116,2,69,3,388,1,30
980,116,2,70,5,393,76,50
981,116,2,71,2,395,82,20
982,116,2,72,9,404,1,90
983,116,2,73,8,412,86,80
984,116,2,74,8,420,1,80
985,116,2,75,2,422,1,20
986,116,2,76,5,427,95,50
987,116,2,77,5,432,81,50
988,116,2,78,4,436,81,40
989,116,2,79,3,439,84,30
990,116,2,80,8,447,86,80
991,116,2,81,3,450,67,30
992,116,2,82,7,457,65,70
993,116,2,83,5,462,70,50
994,116,2,84,6,468,80,60
995,116,2,85,8,476,80,80
996,116,2,86,7,483,1,70
997,116,2,87,8,491,64,80
998,116,2,88,9,500,58,90
999,116,2,89,8,508,81,80
1000,116,2,90,8,516,84,80
1001,116,2,91,4,520,78,40
1002,116,2,92,3,523,66,30
1003,116,2,93,9,532,1,90
1004,116,2,94,4,536,75,40
1005,116,2,95,3,539,66,30
1006,116,2,96,8,547,62,80
1007,116,2,97,8,555,63,80
1008,116,2,98,3,558,1,30
1009,116,2,99,7,565,1,70
1010,116,2,100,8,573,82,80
1011,116,2,101,6,579,92,60
1012,116,2,102,5,584,80,50
1013,116,2,103,8,592,1,80
1014,116,2,104,4,596,1,40
1015,116,2,105,9,605,1,90
1016,116,2,106,4,609,95,40
1017,116,2,107,3,612,1,30
1018,116,2,108,7,619,90,70
1019,116,2,109,3,622,1,30
1020,116,2,110,3,625,98,30
1021,116,2,111,7,632,89,70
1022,116,2,112,6,638,93,60
1023,116,2,113,2,640,1,20
1024,116,2,114,5,645,73,50
1025,116,2,115,4,649,79,40
1026,116,2,116,3,652,76,30
1027,116,2,117,4,656,1,40
1028,116,2,118,7,663,69,70
1029,116,2,119,3,666,1,30
1030,116,2,120,9,675,84,90
1031,116,2,121,8,683,90,80
1032,116,2,122,9,692,83,90
1033,116,2,123,4,696,69,40
1034,116,2,124,9,705,83,90
1035,116,2,125,9,714,1,90
1036,116,2,126,6,720,82,60
1037,116,2,127,3,723,71,30
1038,116,2,128,2,725,1,20
1039,116,2,129,4,729,1,40
1040,116,2,130,3,732,87,30
1041,116,2,131,7,739,80,70
1042,116,2,132,9,748,1,90
1043,116,2,133,4,752,1,40
1044,116,2,134,9,761,1,90
1045,116,2,135,7,768,1,70
1046,116,2,136,4,772,106,40
1047,116,2,137,8,780,103,80
1048,116,2,138,4,784,92,40
1049,116,2,139,8,792,1,80
1050,116,2,140,3,795,111,30
1051,116,2,141,6,801,1,60
1052,116,2,142,5,806,1,50
1053,116,2,143,3,809,96,30
1054,116,2,144,2,811,1,20
1055,116,2,145,2,813,1,20
1056,116,2,146,8,821,94,80
1057,116,2,147,4,825,101,40
1058,116,2,148,2,827,84,20
1059,116,2,149,3,830,69,30
1060,116,2,150,8,838,92,80
1061,116,2,151,9,847,91,90
1062,116,2,152,8,855,79,80
1063,116,2,153,3,858,87,30
1064,116,2,154,4,862,83,40
1065,116,2,155,6,868,65,60
1066,116,2,156,6,874,68,60
1067,116,2,157,7,881,79,70
1068,116,2,158,3,884,60,30
1069,116,2,159,7,891,77,70
1070,116,2,160,3,894,56,30
1071,116,2,161,5,899,61,50
1072,116,2,162,8,907,51,80
1073,116,2,163,5,912,75,50
1074,116,2,164,3,915,65,30
1075,116,2,165,9,924,59,90
1076,116,2,166,7,931,51,70
1077,116,2,167,9,940,71,90
1078,116,2,168,7,947,68,70
1079,116,2,169,5,952,56,50
1080,116,2,170,3,955,76,30
1081,116,2,171,6,961,1,60
1082,116,2,172,2,963,63,20
1083,116,2,173,2,965,52,20
1084,116,2,174,2,967,61,20
1085,116,2,175,9,976,64,90
1086,116,2,176,6,982,63,60
1087,116,2,177,3,985,50,30
1088,116,2,178,5,990,51,50
1089,116,2,179,6,996,70,60
1090,116,2,180,4,1000,67,40
1091,116,2,181,6,1006,59,60
1092,116,2,182,3,1009,1,30
1093,116,2,183,3,1012,45,30
1094,116,2,184,9,1021,48,90
1095,116,2,185,6,1027,72,60
1096,116,2,186,8,1035,68,80
1097,116,2,187,2,1037,60,20
1098,116,2,188,7,1044,1,70
1099,116,2,189,8,1052,1,80
1100,116,2,190,8,1060,1,80
1101,116,2,191,6,1066,84,60
1102,116,2,192,3,1069,1,30
1103,116,2,193,3,1072,77,30
1104,116,2,194,3,1075,63,30
1105,116,2,195,4,1079,57,40
1106,116,2,196,6,1085,54,60
1107,116,2,197,2,1087,1,20
1108,116,2,198,7,1094,1,70
1109,116,2,199,6,1100,71,60
1110,116,2,200,6,1106,1,60
1111,116,2,201,7,1113,83,70
1112,116,2,202,4,1117,76,40
1113,116,2,203,9,1126,86,90
1114,116,2,204,4,1130,1,40
1115,116,2,205,8,1138,82,80
1116,116,2,206,5,1143,97,50
1117,116,2,207,4,1147,84,40
1118,116,2,208,8,1155,59,80
1119,116,2,209,8,1163,69,80
1120,116,2,210,4,1167,69,40
1121,116,2,211,4,1171,1,40
1122,116,2,212,8,1179,95,80
1123,116,2,213,8,1187,87,80
1124,116,2,214,8,1195,75,80
1125,116,2,215,8,1203,72,80
1126,116,2,216,4,1207,80,40
1127,116,2,217,8,1215,78,80
1128,116,2,218,9,1224,83,90
1129,116,2,219,8,1232,1,80
1130,116,2,220,4,1236,76,40
1131,116,2,221,2,1238,72,20
1132,116,2,222,8,1246,1,80
1133,116,2,223,8,1254,77,80
1134,116,2,224,8,1262,87,80
1135,116,2,225,7,1269,72,70
1136,116,2,226,4,1273,1,40
1137,116,2,227,9,1282,96,90
1138,116,2,228,4,1286,71,40
1139,116,2,229,8,1294,74,80
1140,116,2,230,9,1303,87,90
1141,116,2,231,8,1311,77,80
1142,116,2,232,9,1320,78,90
1143,116,2,233,8,1328,89,80
1144,116,2,234,6,1334,1,60
1145,116,2,235,6,1340,1,60
1146,116,2,236,2,1342,1,20
1147,116,2,237,6,1348,1,60
1148,116,2,238,4,1352,1,40
1149,116,2,239,6,1358,114,60
1150,116,2,240,3,1361,71,30
1151,116,2,241,6,1367,101,60
1152,116,2,242,9,1376,84,90
1153,116,2,243,6,1382,90,60
1154,116,2,244,8,1390,83,80
1155,116,2,245,8,1398,85,80
1156,116,2,246,2,1400,70,20
1157,116,2,247,6,1406,93,60
1158,116,2,248,2,1408,68,20
1159,116,2,249,4,1412,61,40
1160,116,2,250,2,1414,67,20
1161,116,2,251,7,1421,61,70
1162,116,2,252,3,1424,60,30
1163,116,2,253,3,1427,51,30
1164,116,2,254,6,1433,1,60
1165,116,2,255,6,1439,69,60
1166,116,2,256,3,1442,1,30
1167,116,2,257,4,1446,65,40
1168,116,2,258,3,1449,1,30
1169,116,2,259,7,1456,1,70
1170,116,2,260,6,1462,90,60
1171,116,2,261,9,1471,1,90
1172,116,2,262,9,1480,79,90
1173,116,2,263,9,1489,83,90
1174,116,2,264,2,1491,79,20
1175,116,2,265,4,1495,77,40
1176,116,2,266,8,1503,83,80
1177,116,2,267,6,1509,72,60
1178,116,2,268,6,1515,63,60
1179,116,2,269,5,1520,79,50
1180,116,2,270,4,1524,64,40
1181,116,2,271,9,1533,1,90
1182,116,2,272,9,1542,70,90
1183,116,2,273,5,1547,78,50
1184,116,2,274,7,1554,1,70
1185,116,2,275,6,1560,1,60
1186,116,2,276,6,1566,77,60
1187,116,2,277,2,1568,1,20
1188,116,2,278,2,1570,98,20
1189,116,2,279,9,1579,76,90
1190,116,2,280,4,1583,72,40
1191,116,2,281,8,1591,1,80
1192,116,2,282,9,1600,1,90
1193,116,2,283,4,1604,1,40
1194,116,2,284,9,1613,99,90
1195,116,2,285,8,1621,110,80
1196,116,2,286,3,1624,98,30
1197,116,2,287,3,1627,91,30
1198,116,2,288,7,1634,1,70
1199,116,2,289,6,1640,1,60
1200,116,2,290,7,1647,92,70
1201,116,2,291,2,1649,1,20
1202,116,2,292,6,1655,1,60
1203,116,2,293,3,1658,1,30
1204,116,2,294,9,1667,129,90
1205,116,2,295,4,1671,1,40
1206,116,2,296,4,1675,1,40
1207,116,2,297,3,1678,1,30
1208,116,2,298,2,1680,1,20
1209,116,2,299,3,1683,1,30
1210,116,2,300,3,1686,141,30
1211,116,2,301,8,1694,99,80
1212,116,2,302,8,1702,99,80
1213,116,2,303,3,1705,100,30
1214,116,2,304,6,1711,103,60
1215,116,2,305,9,1720,95,90
1216,116,2,306,8,1728,94,80
1217,116,2,307,4,1732,1,40
1218,116,2,308,7,1739,1,70
1219,116,2,309,4,1743,93,40
1220,116,2,310,5,1748,1,50
1221,116,2,311,4,1752,93,40
1222,116,2,312,7,1759,99,70
1223,116,2,313,3,1762,69,30
1224,116,2,314,9,1771,87,90
1225,116,2,315,7,1778,71,70
1226,116,2,316,6,1784,90,60
1227,116,2,317,8,1792,85,80
1228,116,2,318,4,1796,74,40
1229,116,2,319,2,1798,67,20
1230,116,2,320,7,1805,82,70
1231,116,2,321,2,1807,68,20
1232,116,2,322,2,1809,67,20
1233,116,2,323,7,1816,62,70
1234,116,2,324,8,1824,69,80
1235,116,2,325,5,1829,77,50
1236,116,2,326,6,1835,1,60
1237,116,2,327,3,1838,77,30
1238,116,2,328,5,1843,69,50
1239,116,2,329,7,1850,1,70
1240,116,2,330,9,1859,74,90
1241,116,2,331,5,1864,1,50
1242,116,2,332,9,1873,1,90
1243,116,2,333,6,1879,1,60
1244,116,2,334,3,1882,95,30
1245,116,2,335,6,1888,87,60
1246,116,2,336,3,1891,1,30
1247,116,2,337,2,1893,76,20
1248,116,2,338,8,1901,91,80
1249,116,2,339,5,1906,71,50
1250,116,2,340,6,1912,62,60
1251,116,2,341,2,1914,63,20
1252,116,2,342,2,1916,71,20
1253,116,2,343,2,1918,68,20
1254,116,2,344,9,1927,43,90
1255,116,2,345,2,1929,56,20
1256,116,2,346,6,1935,45,60
1257,116,2,347,6,1941,74,60
1258,116,2,348,3,1944,57,30
1259,116,2,349,4,1948,53,40
1260,116,2,350,3,1951,56,30
1261,116,2,351,2,1953,59,20
1262,116,2,352,3,1956,45,30
1263,116,2,353,2,1958,1,20
1264,116,2,354,4,1962,1,40
1265,116,2,355,3,1965,1,30
1266,116,2,356,2,1967,43,20
1267,116,2,357,6,1973,59,60
1268,116,2,358,6,1979,61,60
1269,116,2,359,8,1987,59,80
1270,116,2,360,2,1989,1,20
1271,116,2,361,8,1997,57,80
1272,116,2,362,6,2003,53,60
1273,116,2,363,5,2008,1,50
1274,116,2,364,9,2017,79,90
1275,116,2,365,4,2021,1,40
1276,116,2,366,9,2030,94,90
1277,116,2,367,9,2039,87,90
1278,116,2,368,2,2041,69,20
1279,116,2,369,5,2046,52,50
1280,116,2,370,4,2050,71,40
1281,116,2,371,9,2059,72,90
1282,116,2,372,4,2063,78,40
1283,116,2,373,7,2070,55,70
1284,116,2,374,3,2073,66,30
1285,116,2,375,4,2077,66,40
1286,116,2,376,8,2085,1,80
1287,116,2,377,9,2094,61,90
1288,116,2,378,7,2101,75,70
1289,116,2,379,7,2108,1,70
1290,116,2,380,2,2110,1,20
1291,116,2,381,6,2116,86,60
1292,116,2,382,6,2122,1,60
1293,116,2,383,8,2130,1,80
1294,116,2,384,7,2137,1,70
1295,116,2,385,9,2146,102,90
1296,116,2,386,8,2154,87,80
1297,116,2,387,4,2158,93,40
1298,116,2,388,3,2161,1,30
1299,116,2,389,2,2163,86,20
1300,116,2,390,7,2170,81,70
1301,116,2,391,6,2176,1,60
1302,116,2,392,4,2180,1,40
1303,116,2,393,7,2187,81,70
1304,116,2,394,7,2194,109,70
1305,116,2,395,6,2200,1,60
1306,116,2,396,8,2208,98,80
1307,116,2,397,4,2212,104,40
1308,116,2,398,7,2219,1,70
1309,116,2,399,2,2221,1,20
1310,116,2,400,2,2223,1,20
1311,116,2,401,2,2225,110,20
1312,116,2,402,5,2230,99,50
1313,116,2,403,5,2235,87,50
1314,116,2,404,2,2237,82,20
1315,116,2,405,3,2240,90,30
1316,116,2,406,3,2243,68,30
1317,116,2,407,7,2250,73,70
1318,116,2,408,6,2256,58,60
1319,116,2,409,3,2259,55,30
1320,116,2,410,2,2261,50,20
1321,116,2,411,2,2263,1,20
1322,116,2,412,7,2270,53,70
1323,116,2,413,6,2276,62,60
1324,116,2,414,7,2283,1,70
1325,116,2,415,3,2286,80,30
1326,116,2,416,5,2291,53,50
1327,116,2,417,5,2296,72,50
1328,116,2,418,6,2302,1,60
1329,116,2,419,2,2304,50,20
1330,116,2,420,3,2307,1,30
1331,116,2,421,6,2313,67,60
1332,116,2,422,7,2320,1,70
1333,116,2,423,5,2325,65,50
1334,116,2,424,3,2328,1,30
1335,116,2,425,8,2336,74,80
1336,116,2,426,2,2338,68,20
1337,116,2,427,5,2343,66,50
1338,116,2,428,8,2351,1,80
1339,116,2,429,4,2355,86,40
1340,116,2,430,5,2360,1,50
1341,116,2,431,6,2366,83,60
1342,116,2,432,8,2374,1,80
1343,116,2,433,7,2381,90,70
1344,116,2,434,9,2390,1,90
1345,116,2,435,5,2395,1,50
1346,116,2,436,4,2399,1,40
1347,116,2,437,9,2408,119,90
1348,116,2,438,5,2413,96,50
1349,116,2,439,6,2419,92,60
1350,116,2,440,2,2421,85,20
1351,116,2,441,8,2429,1,80
1352,116,2,442,7,2436,1,70
1353,116,2,443,3,2439,1,30
1354,116,2,444,3,2442,98,30
1355,116,2,445,5,2447,88,50
1356,116,2,446,5,2452,81,50
1357,116,2,447,4,2456,85,40
1358,116,2,448,8,2464,87,80
1359,116,2,449,3,2467,66,30
1360,116,2,450,9,2476,1,90
1361,116,2,451,3,2479,80,30
1362,116,2,452,7,2486,72,70
1363,116,2,453,7,2493,1,70
1364,116,2,454,8,2501,74,80
1365,116,2,455,7,2508,1,70
1366,116,2,456,6,2514,1,60
1367,116,2,457,4,2518,107,40
1368,116,2,458,5,2523,84,50
1369,116,2,459,6,2529,83,60
1370,116,2,460,7,2536,1,70
1371,116,2,461,8,2544,1,80
1372,116,2,462,8,2552,1,80
1373,116,2,463,3,2555,1,30
1374,116,2,464,3,2558,120,30
1375,116,2,465,7,2565,98,70
1376,116,2,466,9,2574,1,90
1377,116,2,467,9,2583,1,90
1378,116,2,468,4,2587,127,40
1379,116,2,469,9,2596,1,90
1380,116,2,470,2,2598,119,20
1381,116,2,471,8,2606,100,80
1382,116,2,472,3,2609,93,30
1383,116,2,473,6,2615,1,60
1384,116,2,474,3,2618,109,30
1385,116,2,475,3,2621,1,30
1386,116,2,476,2,2623,1,20
1387,116,2,477,2,2625,1,20
1388,116,2,478,9,2634,101,90
1389,116,2,479,5,2639,93,50
1390,116,2,480,3,2642,93,30
1391,116,2,481,8,2650,1,80
1392,116,2,482,6,2656,82,60
1393,116,2,483,5,2661,103,50
1394,116,2,484,2,2663,81,20
1395,116,2,485,9,2672,74,90
1396,116,2,486,4,2676,95,40
1397,116,2,487,7,2683,1,70
1398,116,2,488,3,2686,84,30
1399,116,2,489,5,2691,1,50
1400,116,2,490,8,2699,1,80
1401,116,2,491,9,2708,97,90
1402,116,2,492,6,2714,107,60
1403,116,2,493,9,2723,95,90
1404,116,2,494,9,2732,89,90
1405,116,2,495,5,2737,94,50
1406,116,2,496,9,2746,84,90
1407,116,2,497,4,2750,1,40
1408,116,2,498,6,2756,89,60
1409,116,2,499,7,2763,1,70
1410,116,2,500,8,2771,108,80
1411,116,2,501,4,2775,78,40
1412,116,2,502,2,2777,74,20
1413,116,2,503,8,2785,89,80
1414,116,2,504,9,2794,1,90
1415,116,2,505,3,2797,1,30
1416,116,2,506,3,2800,93,30
1417,116,2,507,6,2806,1,60
1418,116,2,508,2,2808,85,20
1419,116,2,509,4,2812,1,40
1420,116,2,510,7,2819,1,70
1421,116,2,511,5,2824,106,50
1422,116,2,512,7,2831,87,70
1423,116,2,513,9,2840,97,90
1424,116,2,514,8,2848,94,80
1425,116,2,515,4,2852,86,40
1426,116,2,516,7,2859,89,70
1427,116,2,517,8,2867,1,80
1428,116,2,518,3,2870,1,30
1429,116,2,519,9,2879,1,90
1430,116,2,520,8,2887,121,80
1431,116,2,521,8,2895,1,80
1432,116,2,522,6,2901,1,60
1433,116,2,523,9,2910,116,90
1434,116,2,524,8,2918,118,80
1435,116,2,525,5,2923,101,50
1436,116,2,526,6,2929,99,60
1437,116,2,527,8,2937,1,80
1438,116,2,528,7,2944,115,70
1439,116,2,529,7,2951,103,70
1440,116,2,530,9,2960,91,90
1441,116,2,531,9,2969,111,90
1442,116,2,532,4,2973,1,40
1443,116,2,533,8,2981,1,80
1444,116,2,534,7,2988,85,70
1445,116,2,535,4,2992,95,40
1446,116,2,536,7,2999,79,70
1447,116,2,537,6,3005,1,60
1448,116,2,538,4,3009,1,40
1449,116,2,539,4,3013,1,40
1450,116,2,540,6,3019,96,60
1451,116,2,541,5,3024,95,50
1452,116,2,542,2,3026,88,20
1453,116,2,543,9,3035,1,90
1454,116,2,544,6,3041,1,60
1455,116,2,545,2,3043,1,20
1456,116,2,546,5,3048,93,50
1457,116,2,547,6,3054,109,60
1458,116,2,548,8,3062,1,80
1459,116,2,549,3,3065,85,30
1460,116,2,550,4,3069,1,40
1461,116,2,551,5,3074,113,50
1462,116,2,552,6,3080,113,60
1463,116,2,553,9,3089,110,90
1464,116,2,554,3,3092,76,30
1465,116,2,555,8,3100,84,80
1466,116,2,556,9,3109,1,90
1467,116,2,557,5,3114,112,50
1468,116,2,558,8,3122,94,80
1469,116,2,559,3,3125,1,30
1470,116,2,560,6,3131,67,60
1471,116,2,561,2,3133,85,20
1472,116,2,562,4,3137,1,40
1473,116,2,563,4,3141,1,40
1474,116,2,564,2,3143,75,20
1475,116,2,565,2,3145,77,20
1476,116,2,566,5,3150,67,50
1477,116,2,567,6,3156,1,60
1478,116,2,568,9,3165,1,90
1479,116,2,569,7,3172,106,70
1480,116,2,570,6,3178,85,60
1481,116,2,571,7,3185,77,70
1482,116,2,572,5,3190,88,50
1483,116,2,573,2,3192,88,20
1484,116,2,574,2,3194,1,20
1485,116,2,575,3,3197,1,30
1486,116,2,576,9,3206,84,90
1487,116,2,577,2,3208,64,20
1488,116,2,578,4,3212,75,40
1489,116,2,579,4,3216,72,40
1490,116,2,580,4,3220,61,40
1491,116,2,581,8,3228,84,80
1492,116,2,582,6,3234,1,60
1493,116,2,583,9,3243,1,90
1494,116,2,584,3,3246,71,30
1495,116,2,585,6,3252,73,60
1496,116,2,586,9,3261,1,90
1497,116,2,587,9,3270,1,90
1498,116,2,588,5,3275,72,50
1499,116,2,589,5,3280,80,50
1500,116,2,590,7,3287,1,70
1501,116,2,591,8,3295,90,80
1502,116,2,592,4,3299,111,40
1503,116,2,593,2,3301,1,20
1504,116,2,594,2,3303,81,20
1505,116,2,595,9,3312,88,90
1506,116,2,596,4,3316,1,40
1507,116,2,597,5,3321,1,50
1508,116,2,598,4,3325,1,40
1509,116,2,599,8,3333,97,80
1510,116,2,600,7,3340,1,70
1511,116,2,601,7,3347,1,70
1512,116,2,602,8,3355,1,80
1513,116,2,603,4,3359,1,40
1514,116,2,604,3,3362,120,30
1515,116,2,605,3,3365,123,30
1516,116,2,606,7,3372,104,70
1517,116,2,607,6,3378,99,60
1518,116,2,608,5,3383,1,50
1519,116,2,609,3,3386,94,30
1520,116,2,610,6,3392,103,60
1521,116,2,611,8,3400,98,80
1522,116,2,612,8,3408,83,80
1523,116,2,613,2,3410,1,20
1524,116,2,614,6,3416,106,60
1525,116,2,615,2,3418,1,20
1526,116,2,616,2,3420,1,20
1527,116,2,617,9,3429,95,90
1528,116,2,618,5,3434,1,50
1529,116,2,619,2,3436,1,20
1530,116,2,620,7,3443,85,70
1531,116,2,621,7,3450,92,70
1532,116,2,622,7,3457,1,70
1533,116,2,623,2,3459,88,20
1534,116,2,624,8,3467,97,80
1535,116,2,625,5,3472,1,50
1536,116,2,626,5,3477,1,50
1537,116,2,627,3,3480,92,30
1538,116,2,628,2,3482,1,20
1539,116,2,629,6,3488,98,60
1540,116,2,630,4,3492,95,40
1541,116,2,631,3,3495,1,30
1542,116,2,632,2,3497,61,20
1543,116,2,633,2,3499,63,20
1544,116,2,634,8,3507,1,80
1545,116,2,635,8,3515,1,80
1546,116,2,636,5,3520,82,50
1547,116,2,637,7,3527,96,70
1548,116,2,638,7,3534,90,70
1549,116,2,639,6,3540,1,60
1550,116,2,640,4,3544,1,40
1551,116,2,641,7,3551,119,70
1552,116,2,642,3,3554,1,30
1553,116,2,643,6,3560,1,60
1554,116,2,644,5,3565,96,50
1555,116,2,645,2,3567,101,20
1556,116,2,646,5,3572,85,50
1557,116,2,647,2,3574,1,20
1558,116,2,648,6,3580,1,60
1559,116,2,649,3,3583,1,30
1560,116,2,650,4,3587,108,40
1561,116,2,651,4,3591,1,40
1562,116,2,652,6,3597,1,60
1563,116,2,653,3,3600,89,30
1564,116,2,654,3,3603,1,30
1565,116,2,655,2,3605,100,20
1566,116,2,656,7,3612,88,70
1567,116,2,657,9,3621,89,90
1568,116,2,658,6,3627,85,60
1569,116,2,659,7,3634,1,70
1570,116,2,660,4,3638,77,40
1571,116,2,661,2,3640,82,20
1572,116,2,662,4,3644,77,40
1573,116,2,663,3,3647,1,30
1574,116,2,664,8,3655,1,80
1575,116,2,665,3,3658,1,30
1576,116,2,666,4,3662,94,40
1577,116,2,667,6,3668,1,60
1578,116,2,668,5,3673,1,50
1579,116,2,669,6,3679,88,60
1580,116,2,670,7,3686,1,70
1581,116,2,671,4,3690,1,40
1582,116,2,672,2,3692,1,20
1583,116,2,673,7,3699,102,70
1584,116,2,674,8,3707,100,80
1585,116,2,675,3,3710,1,30
1586,116,2,676,5,3715,1,50
1587,116,2,677,2,3717,98,20
1588,116,2,678,8,3725,1,80
1589,116,2,679,6,3731,1,60
1590,116,2,680,5,3736,121,50
1591,116,2,681,4,3740,112,40
1592,116,2,682,2,3742,1,20
1593,116,2,683,2,3744,91,20
1594,116,2,684,5,3749,1,50
1595,116,2,685,2,3751,78,20
1596,116,2,686,4,3755,98,40
1597,116,2,687,5,3760,84,50
1598,116,2,688,9,3769,1,90
1599,116,2,689,4,3773,1,40
1600,116,2,690,3,3776,91,30
1601,116,2,691,5,3781,81,50
1602,116,2,692,8,3789,1,80
1603,116,2,693,5,3794,1,50
1604,116,2,694,5,3799,98,50
1605,116,2,695,6,3805,1,60
1606,116,2,696,7,3812,1,70
1607,116,2,697,6,3818,107,60
1608,116,2,698,4,3822,111,40
1609,116,2,699,5,3827,1,50
1610,116,2,700,5,3832,107,50
1611,116,2,701,8,3840,1,80
1612,116,2,702,3,3843,123,30
1613,116,2,703,6,3849,1,60
1614,116,2,704,2,3851,80,20
1615,116,2,705,6,3857,76,60
1616,116,2,706,2,3859,58,20
1617,116,2,707,9,3868,1,90
1618,116,2,708,5,3873,108,50
1619,116,2,709,2,3875,75,20
1620,116,2,710,2,3877,73,20
1621,116,2,711,9,3886,1,90
1622,116,2,712,9,3895,1,90
1623,116,2,713,5,3900,1,50
1624,116,2,714,3,3903,1,30
1625,116,2,715,6,3909,93,60
1626,116,2,716,4,3913,98,40
1627,116,2,717,6,3919,1,60
1628,116,2,718,4,3923,96,40
1629,116,2,719,4,3927,82,40
1630,116,2,720,3,3930,82,30
1631,116,2,721,6,3936,86,60
1632,116,2,722,6,3942,1,60
1633,116,2,723,4,3946,77,40
1634,116,2,724,7,3953,77,70
1635,116,2,725,5,3958,66,50
1636,116,2,726,7,3965,82,70
1637,116,2,727,2,3967,74,20
1638,116,2,728,4,3971,1,40
1639,116,2,729,9,3980,1,90
1640,116,2,730,8,3988,73,80
1641,116,2,731,4,3992,77,40
1642,116,2,732,5,3997,73,50
1643,116,2,733,5,4002,1,50
1644,116,2,734,4,4006,92,40
1645,116,2,735,6,4012,82,60
1646,116,2,736,9,4021,1,90
1647,116,2,737,9,4030,80,90
1648,116,2,738,2,4032,80,20
1649,116,2,739,7,4039,82,70
1650,116,2,740,5,4044,87,50
1651,116,2,741,2,4046,1,20
1652,116,2,742,9,4055,1,90
1653,116,2,743,3,4058,1,30
1654,116,2,744,8,4066,96,80
1655,116,2,745,5,4071,1,50
1656,116,2,746,4,4075,96,40
1657,116,2,747,2,4077,71,20
1658,116,2,748,2,4079,64,20
1659,116,2,749,8,4087,1,80
1660,116,2,750,5,4092,95,50
1661,116,2,751,5,4097,97,50
1662,116,2,752,6,4103,83,60
1663,116,2,753,6,4109,83,60
1664,116,2,754,3,4112,1,30
1665,116,2,755,3,4115,64,30
1666,116,2,756,4,4119,70,40
1667,116,2,757,5,4124,1,50
1668,116,2,758,4,4128,71,40
1669,116,2,759,5,4133,71,50
1670,116,2,760,2,4135,68,20
1671,116,2,761,4,4139,74,40
1672,116,2,762,7,4146,73,70
1673,116,2,763,8,4154,1,80
1674,116,2,764,5,4159,1,50
1675,116,2,765,9,4168,1,90
1676,116,2,766,2,4170,74,20
1677,116,2,767,5,4175,1,50
1678,116,2,768,4,4179,81,40
1679,116,2,769,8,4187,1,80
1680,116,2,770,6,4193,86,60
1681,116,2,771,4,4197,80,40
1682,116,2,772,3,4200,88,30
1683,116,2,773,8,4208,64,80
1684,116,2,774,9,4217,1,90
1685,116,2,775,5,4222,87,50
1686,116,2,776,8,4230,78,80
1687,116,2,777,3,4233,77,30
1688,116,2,778,9,4242,75,90
1689,116,2,779,6,4248,75,60
1690,116,2,780,5,4253,1,50
1691,116,2,781,4,4257,85,40
1692,116,2,782,6,4263,77,60
1693,116,2,783,2,4265,1,20
1694,116,2,784,7,4272,72,70
1695,116,2,785,6,4278,1,60
1696,116,2,786,3,4281,1,30
1697,116,2,787,5,4286,90,50
1698,116,2,788,9,4295,87,90
1699,116,2,789,8,4303,1,80
1700,116,2,790,4,4307,80,40
1701,116,2,791,5,4312,1,50
1702,116,2,792,6,4318,96,60
1703,116,2,793,4,4322,72,40
1704,116,2,794,6,4328,88,60
1705,116,2,795,7,4335,85,70
1706,116,2,796,5,4340,82,50
1707,116,2,797,5,4345,79,50
1708,116,2,798,3,4348,1,30
1709,116,2,799,3,4351,1,30
1710,116,2,800,8,4359,78,80
1711,116,2,801,4,4363,90,40
1712,116,2,802,2,4365,72,20
1713,116,2,803,8,4373,79,80
1714,116,2,804,4,4377,76,40
1715,116,2,805,9,4386,62,90
1716,116,2,806,6,4392,73,60
1717,116,2,807,8,4400,71,80
1718,116,2,808,3,4403,1,30
1719,116,2,809,6,4409,69,60
1720,116,2,810,3,4412,1,30
1721,116,2,811,8,4420,73,80
1722,116,2,812,5,4425,85,50
1723,116,2,813,8,4433,69,80
1724,116,2,814,8,4441,1,80
1725,116,2,815,6,4447,84,60
1726,116,2,816,8,4455,67,80
1727,116,2,817,3,4458,68,30
1728,116,2,818,2,4460,74,20
1729,116,2,819,6,4466,75,60
1730,116,2,820,3,4469,1,30
1731,116,2,821,4,4473,1,40
1732,116,2,822,2,4475,69,20
1733,116,2,823,6,4481,58,60
1734,116,2,824,8,4489,1,80
1735,116,2,825,7,4496,97,70
1736,116,2,826,9,4505,85,90
1737,116,2,827,3,4508,66,30
1738,116,2,828,5,4513,84,50
1739,116,2,829,4,4517,70,40
1740,116,2,830,9,4526,80,90
1741,116,2,831,4,4530,77,40
1742,116,2,832,9,4539,70,90
1743,116,2,833,9,4548,1,90
1744,116,2,834,7,4555,76,70
1745,116,2,835,4,4559,72,40
1746,116,2,836,4,4563,68,40
1747,116,2,837,8,4571,77,80
1748,116,2,838,9,4580,1,90
1749,116,2,839,8,4588,91,80
1750,116,2,840,5,4593,63,50
1751,116,2,841,2,4595,1,20
1752,116,2,842,3,4598,1,30
1753,116,2,843,8,4606,1,80
1754,116,2,844,8,4614,91,80
1755,116,2,845,9,4623,93,90
1756,116,2,846,9,4632,1,90
1757,116,2,847,6,4638,82,60
1758,116,2,848,5,4643,81,50
1759,116,2,849,6,4649,1,60
1760,116,2,850,5,4654,1,50
1761,116,2,851,9,4663,107,90
1762,116,2,852,6,4669,101,60
1763,116,2,853,4,4673,76,40
1764,116,2,854,6,4679,1,60
1765,116,2,855,8,4687,1,80
1766,116,2,856,2,4689,1,20
1767,116,2,857,7,4696,106,70
1768,116,2,858,4,4700,1,40
1769,116,2,859,7,4707,96,70
1770,116,2,860,7,4714,105,70
1771,116,2,861,9,4723,100,90
1772,116,2,862,5,4728,76,50
1773,116,2,863,6,4734,96,60
1774,116,2,864,2,4736,76,20
1775,116,2,865,4,4740,1,40
1776,116,2,866,3,4743,1,30
1777,116,2,867,5,4748,92,50
1778,116,2,868,9,4757,87,90
1779,116,2,869,9,4766,87,90
1780,116,2,870,6,4772,88,60
1781,116,2,871,8,4780,78,80
1782,116,2,872,9,4789,89,90
1783,116,2,873,4,4793,1,40
1784,116,2,874,9,4802,1,90
1785,116,2,875,6,4808,1,60
1786,116,2,876,6,4814,103,60
1787,116,2,877,4,4818,1,40
1788,116,2,878,9,4827,97,90
1789,116,2,879,2,4829,1,20
1790,116,2,880,8,4837,93,80
1791,116,2,881,5,4842,1,50
1792,116,2,882,6,4848,1,60
1793,116,2,883,7,4855,101,70
1794,116,2,884,8,4863,1,80
1795,116,2,885,5,4868,1,50
1796,116,2,886,6,4874,1,60
1797,116,2,887,9,4883,1,90
1798,116,2,888,9,4892,1,90
1799,116,2,889,6,4898,132,60
1800,116,2,890,9,4907,1,90
1801,116,2,891,3,4910,1,30
1802,116,2,892,5,4915,1,50
1803,116,2,893,2,4917,1,20
1804,116,2,894,2,4919,1,20
1805,116,2,895,7,4926,1,70
1806,116,2,896,3,4929,1,30
1807,116,2,897,6,4935,1,60
1808,116,2,898,7,4942,166,70
1809,116,2,899,2,4944,166,20
1810,116,2,900,3,4947,150,30
1811,116,2,901,3,4950,119,30
1812,116,2,902,9,4959,117,90
1813,116,2,903,6,4965,1,60
1814,116,2,904,6,4971,133,60
1815,116,2,905,9,4980,127,90
1816,116,2,906,4,4984,128,40
1817,116,2,907,5,4989,108,50
1818,116,2,908,5,4994,1,50
1819,116,2,909,2,4996,114,20
1820,116,3,1,6,6,1,60
1821,116,3,2,9,15,20,90
1822,116,3,3,4,19,1,40
1823,116,3,4,2,21,1,20
1824,116,3,5,4,25,25,40
1825,116,3,6,5,30,1,50
1826,116,3,7,5,35,29,50
1827,116,3,8,3,38,29,30
1828,116,3,9,2,40,1,20
1829,116,3,10,2,42,1,20
1830,116,3,11,6,48,1,60
1831,116,3,12,3,51,40,30
1832,116,3,13,3,54,46,30
1833,116,3,14,4,58,47,40
1834,116,3,15,9,67,41,90
1835,116,3,16,5,72,1,50
1836,116,3,17,2,74,44,20
1837,116,3,18,2,76,46,20
1838,116,3,19,8,84,1,80
1839,116,3,20,6,90,64,60
1840,116,3,21,3,93,1,30
1841,116,3,22,6,99,1,60
1842,116,3,23,8,107,61,80
1843,116,3,24,7,114,75,70
1844,116,3,25,3,117,69,30
1845,116,3,26,4,121,47,40
1846,116,3,27,3,124,1,30
1847,116,3,28,3,127,1,30
1848,116,3,29,8,135,1,80
1849,116,3,30,3,138,77,30
1850,116,3,31,4,142,1,40
1851,116,3,32,8,150,1,80
1852,116,3,33,9,159,89,90
1853,116,3,34,2,161,82,20
1854,116,3,35,7,168,67,70
1855,116,3,36,4,172,78,40
1856,116,3,37,2,174,63,20
1857,116,3,38,8,182,1,80
1858,116,3,39,3,185,74,30
1859,116,3,40,5,190,66,50
1860,116,3,41,9,199,1,90
1861,116,3,42,5,204,68,50
1862,116,3,43,2,206,1,20
1863,116,3,44,4,210,89,40
1864,116,3,45,7,217,1,70
1865,116,3,46,2,219,1,20
1866,116,3,47,9,228,1,90
1867,116,3,48,9,237,92,90
1868,116,3,49,9,246,1,90
1869,116,3,50,9,255,120,90
1870,116,3,51,5,260,1,50
1871,116,3,52,8,268,115,80
1872,116,3,53,5,273,1,50
1873,116,3,54,7,280,1,70
1874,116,3,55,6,286,111,60
1875,116,3,56,9,295,1,90
1876,116,3,57,3,298,114,30
1877,116,3,58,7,305,110,70
1878,116,3,59,7,312,109,70
1879,116,3,60,3,315,1,30
1880,116,3,61,8,323,126,80
1881,116,3,62,6,329,101,60
1882,116,3,63,9,338,1,90
1883,116,3,64,2,340,96,20
1884,116,3,65,9,349,119,90
1885,116,3,66,2,351,87,20
1886,116,3,67,7,358,1,70
1887,116,3,68,5,363,91,50
1888,116,3,69,2,365,86,20
1889,116,3,70,7,372,92,70
1890,116,3,71,8,380,76,80
1891,116,3,72,5,385,1,50
1892,116,3,73,2,387,85,20
1893,116,3,74,4,391,73,40
1894,116,3,75,7,398,1,70
1895,116,3,76,9,407,1,90
1896,116,3,77,4,411,93,40
1897,116,3,78,4,415,85,40
1898,116,3,79,3,418,92,30
1899,116,3,80,5,423,72,50
1900,116,3,81,4,427,1,40
1901,116,3,82,3,430,67,30
1902,116,3,83,6,436,67,60
1903,116,3,84,9,445,1,90
1904,116,3,85,7,452,1,70
1905,116,3,86,6,458,98,60
1906,116,3,87,4,462,1,40
1907,116,3,88,4,466,1,40
1908,116,3,89,3,469,109,30
1909,116,3,90,7,476,87,70
1910,116,3,91,6,482,1,60
1911,116,3,92,4,486,86,40
1912,116,3,93,4,490,68,40
1913,116,3,94,4,494,77,40
1914,116,3,95,8,502,92,80
1915,116,3,96,5,507,1,50
1916,116,3,97,9,516,101,90
1917,116,3,98,3,519,1,30
1918,116,3,99,8,527,65,80
1919,116,3,100,9,536,1,90
1920,116,3,101,2,538,99,20
1921,116,3,102,6,544,97,60
1922,116,3,103,6,550,87,60
1923,116,3,104,8,558,77,80
1924,116,3,105,2,560,80,20
1925,116,3,106,8,568,84,80
1926,116,3,107,9,577,75,90
1927,116,3,108,5,582,1,50
1928,116,3,109,5,587,1,50
1929,116,3,110,4,591,87,40
1930,116,3,111,3,594,80,30
1931,116,3,112,5,599,78,50
1932,116,3,113,8,607,1,80
1933,116,3,114,3,610,76,30
1934,116,3,115,8,618,91,80
1935,116,3,116,2,620,66,20
1936,116,3,117,2,622,1,20
1937,116,3,118,5,627,75,50
1938,116,3,119,7,634,1,70
1939,116,3,120,2,636,1,20
1940,116,3,121,7,643,87,70
1941,116,3,122,6,649,1,60
1942,116,3,123,6,655,1,60
1943,116,3,124,4,659,87,40
1944,116,3,125,2,661,86,20
1945,116,3,126,8,669,69,80
1946,116,3,127,7,676,81,70
1947,116,3,128,3,679,60,30
1948,116,3,129,2,681,69,20
1949,116,3,130,9,690,1,90
1950,116,3,131,3,693,1,30
1951,116,3,132,7,700,1,70
1952,116,3,133,2,702,1,20
1953,116,3,134,2,704,1,20
1954,116,3,135,9,713,96,90
1955,116,3,136,9,722,1,90
1956,116,3,137,7,729,91,70
1957,116,3,138,2,731,83,20
1958,116,3,139,5,736,1,50
1959,116,3,140,5,741,1,50
1960,116,3,141,7,748,110,70
1961,116,3,142,3,751,87,30
1962,116,3,143,3,754,1,30
1963,116,3,144,5,759,92,50
1964,116,3,145,8,767,1,80
1965,116,3,146,3,770,100,30
1966,116,3,147,7,777,82,70
1967,116,3,148,5,782,1,50
1968,116,3,149,7,789,93,70
1969,116,3,150,3,792,1,30
1970,116,3,151,9,801,96,90
1971,116,3,152,4,805,1,40
1972,116,3,153,4,809,1,40
1973,116,3,154,2,811,96,20
1974,116,3,155,5,816,85,50
1975,116,3,156,9,825,1,90
1976,116,3,157,3,828,96,30
1977,116,3,158,8,836,92,80
1978,116,3,159,4,840,106,40
1979,116,3,160,8,848,76,80
1980,116,3,161,5,853,1,50
1981,116,3,162,6,859,88,60
1982,116,3,163,4,863,76,40
1983,116,3,164,3,866,79,30
1984,116,3,165,3,869,1,30
1985,116,3,166,8,877,80,80
1986,116,3,167,2,879,60,20
1987,116,3,168,7,886,72,70
1988,116,3,169,9,895,85,90
1989,116,3,170,9,904,90,90
1990,116,3,171,8,912,64,80
1991,116,3,172,6,918,71,60
1992,116,3,173,7,925,1,70
1993,116,3,174,2,927,1,20
1994,116,3,175,4,931,1,40
1995,116,3,176,8,939,91,80
1996,116,3,177,2,941,80,20
1997,116,3,178,4,945,83,40
1998,116,3,179,3,948,74,30
1999,116,3,180,6,954,84,60
2000,116,3,181,4,958,71,40
2001,116,3,182,2,960,66,20
2002,116,3,183,9,969,71,90
2003,116,3,184,3,972,62,30
2004,116,3,185,9,981,72,90
2005,116,3,186,8,989,65,80
2006,116,3,187,8,997,75,80
2007,116,3,188,6,1003,1,60
2008,116,3,189,3,1006,1,30
2009,116,3,190,8,1014,66,80
2010,116,3,191,8,1022,72,80
2011,116,3,192,4,1026,83,40
2012,116,3,193,6,1032,59,60
2013,116,3,194,6,1038,64,60
2014,116,3,195,2,1040,1,20
2015,116,3,196,2,1042,1,20
2016,116,3,197,4,1046,1,40
2017,116,3,198,4,1050,71,40
2018,116,3,199,5,1055,1,50
2019,116,3,200,7,1062,1,70
2020,116,3,201,5,1067,72,50
2021,116,3,202,2,1069,85,20
2022,116,3,203,7,1076,97,70
2023,116,3,204,2,1078,79,20
2024,116,3,205,5,1083,1,50
2025,116,3,206,7,1090,73,70
2026,116,3,207,3,1093,67,30
2027,116,3,208,2,1095,69,20
2028,116,3,209,9,1104,58,90
2029,116,3,210,9,1113,62,90
2030,116,3,211,9,1122,1,90
2031,116,3,212,8,1130,76,80
2032,116,3,213,7,1137,94,70
2033,116,3,214,2,1139,71,20
2034,116,3,215,8,1147,1,80
2035,116,3,216,8,1155,78,80
2036,116,3,217,3,1158,1,30
2037,116,3,218,7,1165,104,70
2038,116,3,219,7,1172,66,70
2039,116,3,220,3,1175,80,30
2040,116,3,221,5,1180,62,50
2041,116,3,222,5,1185,67,50
2042,116,3,223,8,1193,1,80
2043,116,3,224,8,1201,76,80
2044,116,3,225,9,1210,1,90
2045,116,3,226,3,1213,1,30
2046,116,3,227,5,1218,88,50
2047,116,3,228,4,1222,75,40
2048,116,3,229,2,1224,1,20
2049,116,3,230,4,1228,67,40
2050,116,3,231,9,1237,86,90
2051,116,3,232,4,1241,1,40
2052,116,3,233,2,1243,1,20
2053,116,3,234,2,1245,87,20
2054,116,3,235,9,1254,1,90
2055,116,3,236,4,1258,93,40
2056,116,3,237,8,1266,99,80
2057,116,3,238,3,1269,76,30
2058,116,3,239,9,1278,1,90
2059,116,3,240,2,1280,83,20
2060,116,3,241,8,1288,76,80
2061,116,3,242,7,1295,98,70
2062,116,3,243,7,1302,75,70
2063,116,3,244,8,1310,89,80
2064,116,3,245,6,1316,1,60
2065,116,3,246,4,1320,1,40
2066,116,3,247,9,1329,90,90
2067,116,3,248,2,1331,1,20
2068,116,3,249,8,1339,76,80
2069,116,3,250,7,1346,1,70
2070,116,3,251,6,1352,1,60
2071,116,3,252,4,1356,1,40
2072,116,3,253,6,1362,110,60
2073,116,3,254,8,1370,106,80
2074,116,3,255,3,1373,95,30
2075,116,3,256,7,1380,97,70
2076,116,3,257,7,1387,1,70
2077,116,3,258,9,1396,99,90
2078,116,3,259,8,1404,97,80
2079,116,3,260,5,1409,93,50
2080,116,3,261,2,1411,88,20
2081,116,3,262,7,1418,91,70
2082,116,3,263,2,1420,85,20
2083,116,3,264,5,1425,1,50
2084,116,3,265,2,1427,71,20
2085,116,3,266,5,1432,1,50
2086,116,3,267,5,1437,1,50
2087,116,3,268,5,1442,1,50
2088,116,3,269,5,1447,92,50
2089,116,3,270,9,1456,79,90
2090,116,3,271,4,1460,66,40
2091,116,3,272,5,1465,104,50
2092,116,3,273,2,1467,61,20
2093,116,3,274,4,1471,1,40
2094,116,3,275,7,1478,1,70
2095,116,3,276,9,1487,87,90
2096,116,3,277,6,1493,1,60
2097,116,3,278,6,1499,1,60
2098,116,3,279,2,1501,1,20
2099,116,3,280,9,1510,1,90
2100,116,3,281,3,1513,1,30
2101,116,3,282,7,1520,1,70
2102,116,3,283,4,1524,129,40
2103,116,3,284,4,1528,1,40
2104,116,3,285,7,1535,1,70
2105,116,3,286,7,1542,1,70
2106,116,3,287,8,1550,1,80
2107,116,3,288,3,1553,133,30
2108,116,3,289,2,1555,112,20
2109,116,3,290,2,1557,1,20
2110,116,3,291,7,1564,1,70
2111,116,3,292,3,1567,97,30
2112,116,3,293,3,1570,1,30
2113,116,3,294,9,1579,1,90
2114,116,3,295,3,1582,146,30
2115,116,3,296,4,1586,127,40
2116,116,3,297,2,1588,106,20
2117,116,3,298,9,1597,100,90
2118,116,3,299,5,1602,82,50
2119,116,3,300,8,1610,98,80
2120,116,3,301,8,1618,109,80
2121,116,3,302,9,1627,94,90
2122,116,3,303,9,1636,105,90
2123,116,3,304,6,1642,101,60
2124,116,3,305,4,1646,88,40
2125,116,3,306,6,1652,88,60
2126,116,3,307,4,1656,71,40
2127,116,3,308,7,1663,81,70
2128,116,3,309,3,1666,70,30
2129,116,3,310,6,1672,66,60
2130,116,3,311,3,1675,1,30
2131,116,3,312,2,1677,81,20
2132,116,3,313,2,1679,1,20
2133,116,3,314,4,1683,1,40
2134,116,3,315,8,1691,85,80
2135,116,3,316,4,1695,72,40
2136,116,3,317,2,1697,1,20
2137,116,3,318,7,1704,69,70
2138,116,3,319,7,1711,79,70
2139,116,3,320,6,1717,75,60
2140,116,3,321,7,1724,1,70
2141,116,3,322,4,1728,80,40
2142,116,3,323,2,1730,75,20
2143,116,3,324,5,1735,68,50
2144,116,3,325,6,1741,1,60
2145,116,3,326,7,1748,1,70
2146,116,3,327,4,1752,81,40
2147,116,3,328,6,1758,1,60
2148,116,3,329,7,1765,80,70
2149,116,3,330,4,1769,78,40
2150,116,3,331,7,1776,1,70
2151,116,3,332,6,1782,1,60
2152,116,3,333,3,1785,83,30
2153,116,3,334,5,1790,76,50
2154,116,3,335,6,1796,86,60
2155,116,3,336,4,1800,77,40
2156,116,3,337,9,1809,1,90
2157,116,3,338,5,1814,84,50
2158,116,3,339,2,1816,65,20
2159,116,3,340,7,1823,70,70
2160,116,3,341,6,1829,1,60
2161,116,3,342,8,1837,80,80
2162,116,3,343,2,1839,1,20
2163,116,3,344,8,1847,1,80
2164,116,3,345,6,1853,1,60
2165,116,3,346,2,1855,92,20
2166,116,3,347,7,1862,1,70
2167,116,3,348,7,1869,92,70
2168,116,3,349,8,1877,114,80
2169,116,3,350,7,1884,84,70
2170,116,3,351,5,1889,91,50
2171,116,3,352,3,1892,1,30
2172,116,3,353,7,1899,91,70
2173,116,3,354,6,1905,109,60
2174,116,3,355,6,1911,92,60
2175,116,3,356,3,1914,75,30
2176,116,3,357,3,1917,75,30
2177,116,3,358,8,1925,72,80
2178,116,3,359,4,1929,84,40
2179,116,3,360,3,1932,57,30
2180,116,3,361,8,1940,51,80
2181,116,3,362,2,1942,1,20
2182,116,3,363,5,1947,72,50
2183,116,3,364,6,1953,58,60
2184,116,3,365,7,1960,1,70
2185,116,3,366,8,1968,1,80
2186,116,3,367,2,1970,1,20
2187,116,3,368,6,1976,1,60
2188,116,3,369,8,1984,82,80
2189,116,3,370,6,1990,95,60
2190,116,3,371,8,1998,97,80
2191,116,3,372,7,2005,68,70
2192,116,3,373,4,2009,84,40
2193,116,3,374,9,2018,1,90
2194,116,3,375,9,2027,81,90
2195,116,3,376,8,2035,91,80
2196,116,3,377,4,2039,1,40
2197,116,3,378,5,2044,1,50
2198,116,3,379,2,2046,1,20
2199,116,3,380,9,2055,1,90
2200,116,3,381,2,2057,107,20
2201,116,3,382,7,2064,1,70
2202,116,3,383,6,2070,108,60
2203,116,3,384,3,2073,110,30
2204,116,3,385,8,2081,87,80
2205,116,3,386,6,2087,81,60
2206,116,3,387,3,2090,87,30
2207,116,3,388,4,2094,80,40
2208,116,3,389,8,2102,1,80
2209,116,3,390,8,2110,91,80
2210,116,3,391,8,2118,82,80
2211,116,3,392,3,2121,1,30
2212,116,3,393,8,2129,1,80
2213,116,3,394,9,2138,113,90
2214,116,3,395,7,2145,94,70
2215,116,3,396,5,2150,97,50
2216,116,3,397,5,2155,86,50
2217,116,3,398,5,2160,77,50
2218,116,3,399,8,2168,79,80
2219,116,3,400,3,2171,73,30
2220,116,3,401,4,2175,1,40
2221,116,3,402,5,2180,71,50
2222,116,3,403,7,2187,1,70
2223,116,3,404,3,2190,84,30
2224,116,3,405,9,2199,64,90
2225,116,3,406,8,2207,101,80
2226,116,3,407,4,2211,77,40
2227,116,3,408,6,2217,1,60
2228,116,3,409,4,2221,1,40
2229,116,3,410,7,2228,76,70
2230,116,3,411,8,2236,1,80
2231,116,3,412,7,2243,1,70
2232,116,3,413,2,2245,92,20
2233,116,3,414,4,2249,96,40
2234,116,3,415,4,2253,1,40
2235,116,3,416,6,2259,102,60
2236,116,3,417,9,2268,1,90
2237,116,3,418,5,2273,108,50
2238,116,3,419,7,2280,92,70
2239,116,3,420,2,2282,1,20
2240,116,3,421,3,2285,89,30
2241,116,3,422,2,2287,1,20
2242,116,3,423,9,2296,81,90
2243,116,3,424,9,2305,75,90
2244,116,3,425,8,2313,98,80
2245,116,3,426,4,2317,88,40
2246,116,3,427,7,2324,70,70
2247,116,3,428,3,2327,1,30
2248,116,3,429,9,2336,88,90
2249,116,3,430,6,2342,84,60
2250,116,3,431,9,2351,97,90
2251,116,3,432,9,2360,89,90
2252,116,3,433,6,2366,98,60
2253,116,3,434,2,2368,80,20
2254,116,3,435,4,2372,68,40
2255,116,3,436,2,2374,77,20
2256,116,3,437,9,2383,65,90
2257,116,3,438,4,2387,1,40
2258,116,3,439,7,2394,75,70
2259,116,3,440,3,2397,61,30
2260,116,3,441,2,2399,61,20
2261,116,3,442,3,2402,70,30
2262,116,3,443,5,2407,1,50
2263,116,3,444,3,2410,1,30
2264,116,3,445,7,2417,62,70
2265,116,3,446,5,2422,70,50
2266,116,3,447,6,2428,1,60
2267,116,3,448,9,2437,74,90
2268,116,3,449,3,2440,1,30
2269,116,3,450,9,2449,91,90
2270,116,3,451,7,2456,1,70
2271,116,3,452,7,2463,81,70
2272,116,3,453,9,2472,1,90
2273,116,3,454,7,2479,1,70
2274,116,3,455,8,2487,1,80
2275,116,3,456,9,2496,1,90
2276,116,3,457,9,2505,121,90
2277,116,3,458,6,2511,127,60
2278,116,3,459,6,2517,109,60
2279,116,3,460,7,2524,101,70
2280,116,3,461,9,2533,93,90
2281,116,3,462,3,2536,102,30
2282,116,3,463,4,2540,1,40
2283,116,3,464,2,2542,79,20
2284,116,3,465,3,2545,93,30
2285,116,3,466,4,2549,77,40
2286,116,3,467,5,2554,84,50
2287,116,3,468,8,2562,75,80
2288,116,3,469,2,2564,67,20
2289,116,3,470,3,2567,83,30
2290,116,3,471,8,2575,66,80
2291,116,3,472,7,2582,66,70
2292,116,3,473,5,2587,1,50
2293,116,3,474,8,2595,68,80
2294,116,3,475,7,2602,1,70
2295,116,3,476,8,2610,1,80
2296,116,3,477,9,2619,98,90
2297,116,3,478,9,2628,1,90
2298,116,3,479,7,2635,106,70
2299,116,3,480,4,2639,108,40
2300,116,3,481,5,2644,93,50
2301,116,3,482,9,2653,83,90
2302,116,3,483,4,2657,1,40
2303,116,3,484,5,2662,1,50
2304,116,3,485,4,2666,98,40
2305,116,3,486,3,2669,1,30
2306,116,3,487,4,2673,103,40
2307,116,3,488,8,2681,115,80
2308,116,3,489,5,2686,73,50
2309,116,3,490,2,2688,72,20
2310,116,3,491,6,2694,1,60
2311,116,3,492,4,2698,1,40
2312,116,3,493,2,2700,78,20
2313,116,3,494,4,2704,75,40
2314,116,3,495,6,2710,1,60
2315,116,3,496,4,2714,77,40
2316,116,3,497,7,2721,92,70
2317,116,3,498,6,2727,76,60
2318,116,3,499,2,2729,91,20
2319,116,3,500,8,2737,66,80
2320,116,3,501,9,2746,73,90
2321,116,3,502,6,2752,77,60
2322,116,3,503,2,2754,1,20
2323,116,3,504,2,2756,1,20
2324,116,3,505,6,2762,76,60
2325,116,3,506,3,2765,75,30
2326,116,3,507,6,2771,1,60
2327,116,3,508,9,2780,83,90
2328,116,3,509,9,2789,88,90
2329,116,3,510,9,2798,73,90
2330,116,3,511,2,2800,71,20
2331,116,3,512,8,2808,79,80
2332,116,3,513,7,2815,1,70
2333,116,3,514,6,2821,68,60
2334,116,3,515,3,2824,67,30
2335,116,3,516,9,2833,1,90
2336,116,3,517,6,2839,1,60
2337,116,3,518,2,2841,1,20
2338,116,3,519,4,2845,96,40
2339,116,3,520,7,2852,1,70
2340,116,3,521,5,2857,96,50
2341,116,3,522,3,2860,77,30
2342,116,3,523,8,2868,99,80
2343,116,3,524,9,2877,78,90
2344,116,3,525,4,2881,75,40
2345,116,3,526,5,2886,67,50
2346,116,3,527,4,2890,68,40
2347,116,3,528,2,2892,1,20
2348,116,3,529,3,2895,64,30
2349,116,3,530,2,2897,80,20
2350,116,3,531,2,2899,82,20
2351,116,3,532,7,2906,53,70
2352,116,3,533,3,2909,1,30
2353,116,3,534,9,2918,1,90
2354,116,3,535,7,2925,79,70
2355,116,3,536,5,2930,59,50
2356,116,3,537,6,2936,70,60
2357,116,3,538,4,2940,1,40
2358,116,3,539,4,2944,70,40
2359,116,3,540,3,2947,79,30
2360,116,3,541,2,2949,54,20
2361,116,3,542,3,2952,63,30
2362,116,3,543,5,2957,59,50
2363,116,3,544,8,2965,46,80
2364,116,3,545,6,2971,60,60
2365,116,3,546,2,2973,1,20
2366,116,3,547,8,2981,1,80
2367,116,3,548,8,2989,71,80
2368,116,3,549,7,2996,1,70
2369,116,3,550,3,2999,1,30
2370,116,3,551,8,3007,83,80
2371,116,3,552,2,3009,61,20
2372,116,3,553,8,3017,74,80
2373,116,3,554,2,3019,1,20
2374,116,3,555,8,3027,75,80
2375,116,3,556,6,3033,83,60
2376,116,3,557,2,3035,65,20
2377,116,3,558,7,3042,68,70
2378,116,3,559,4,3046,1,40
2379,116,3,560,8,3054,82,80
2380,116,3,561,7,3061,65,70
2381,116,3,562,3,3064,62,30
2382,116,3,563,7,3071,1,70
2383,116,3,564,3,3074,76,30
2384,116,3,565,4,3078,72,40
2385,116,3,566,6,3084,75,60
2386,116,3,567,7,3091,1,70
2387,116,3,568,3,3094,72,30
2388,116,3,569,8,3102,1,80
2389,116,3,570,2,3104,83,20
2390,116,3,571,8,3112,1,80
2391,116,3,572,5,3117,1,50
2392,116,3,573,4,3121,1,40
2393,116,3,574,5,3126,1,50
2394,116,3,575,7,3133,111,70
2395,116,3,576,6,3139,1,60
2396,116,3,577,6,3145,106,60
2397,116,3,578,4,3149,108,40
2398,116,3,579,2,3151,1,20
2399,116,3,580,3,3154,84,30
2400,116,3,581,2,3156,82,20
2401,116,3,582,2,3158,81,20
2402,116,3,583,2,3160,1,20
2403,116,3,584,8,3168,1,80
2404,116,3,585,7,3175,72,70
2405,116,3,586,9,3184,93,90
2406,116,3,587,9,3193,74,90
2407,116,3,588,6,3199,88,60
2408,116,3,589,3,3202,1,30
2409,116,3,590,4,3206,94,40
2410,116,3,591,3,3209,75,30
2411,116,3,592,4,3213,88,40
2412,116,3,593,4,3217,61,40
2413,116,3,594,2,3219,56,20
2414,116,3,595,2,3221,77,20
2415,116,3,596,4,3225,1,40
2416,116,3,597,9,3234,53,90
2417,116,3,598,3,3237,70,30
2418,116,3,599,2,3239,1,20
2419,116,3,600,9,3248,65,90
2420,116,3,601,7,3255,72,70
2421,116,3,602,6,3261,68,60
2422,116,3,603,4,3265,65,40
2423,116,3,604,4,3269,70,40
2424,116,3,605,7,3276,71,70
2425,116,3,606,7,3283,64,70
2426,116,3,607,6,3289,62,60
2427,116,3,608,9,3298,1,90
2428,116,3,609,9,3307,90,90
2429,116,3,610,9,3316,80,90
2430,116,3,611,7,3323,75,70
2431,116,3,612,4,3327,1,40
2432,116,3,613,8,3335,1,80
2433,116,3,614,9,3344,85,90
2434,116,3,615,3,3347,83,30
2435,116,3,616,8,3355,81,80
2436,116,3,617,9,3364,1,90
2437,116,3,618,6,3370,1,60
2438,116,3,619,6,3376,1,60
2439,116,3,620,3,3379,99,30
2440,116,3,621,3,3382,1,30
2441,116,3,622,6,3388,1,60
2442,116,3,623,3,3391,95,30
2443,116,3,624,8,3399,97,80
2444,116,3,625,9,3408,91,90
2445,116,3,626,4,3412,72,40
2446,116,3,627,9,3421,1,90
2447,116,3,628,7,3428,105,70
2448,116,3,629,2,3430,75,20
2449,116,3,630,6,3436,79,60
2450,116,3,631,4,3440,66,40
2451,116,3,632,6,3446,79,60
2452,116,3,633,9,3455,77,90
2453,116,3,634,6,3461,1,60
2454,116,3,635,3,3464,67,30
2455,116,3,636,8,3472,63,80
2456,116,3,637,5,3477,85,50
2457,116,3,638,2,3479,1,20
2458,116,3,639,3,3482,89,30
2459,116,3,640,9,3491,74,90
2460,116,3,641,4,3495,1,40
2461,116,3,642,8,3503,1,80
2462,116,3,643,9,3512,94,90
2463,116,3,644,4,3516,80,40
2464,116,3,645,3,3519,84,30
2465,116,3,646,6,3525,1,60
2466,116,3,647,6,3531,85,60
2467,116,3,648,6,3537,80,60
2468,116,3,649,7,3544,77,70
2469,116,3,650,7,3551,1,70
2470,116,3,651,9,3560,1,90
2471,116,3,652,7,3567,92,70
2472,116,3,653,8,3575,1,80
2473,116,3,654,2,3577,101,20
2474,116,3,655,9,3586,82,90
2475,116,3,656,6,3592,1,60
2476,116,3,657,8,3600,1,80
2477,116,3,658,6,3606,103,60
2478,116,3,659,7,3613,101,70
2479,116,3,660,8,3621,91,80
2480,116,3,661,5,3626,1,50
2481,116,3,662,4,3630,1,40
2482,116,3,663,8,3638,115,80
2483,116,3,664,7,3645,86,70
2484,116,3,665,6,3651,105,60
2485,116,3,666,7,3658,112,70
2486,116,3,667,7,3665,98,70
2487,116,3,668,5,3670,1,50
2488,116,3,669,4,3674,84,40
2489,116,3,670,3,3677,94,30
2490,116,3,671,7,3684,1,70
2491,116,3,672,5,3689,91,50
2492,116,3,673,9,3698,85,90
2493,116,3,674,6,3704,96,60
2494,116,3,675,3,3707,90,30
2495,116,3,676,7,3714,1,70
2496,116,3,677,3,3717,1,30
2497,116,3,678,4,3721,92,40
2498,116,3,679,6,3727,77,60
2499,116,3,680,9,3736,90,90
2500,116,3,681,6,3742,91,60
2501,116,3,682,7,3749,62,70
2502,116,3,683,8,3757,74,80
2503,116,3,684,9,3766,79,90
2504,116,3,685,9,3775,74,90
2505,116,3,686,7,3782,88,70
2506,116,3,687,7,3789,89,70
2507,116,3,688,8,3797,82,80
2508,116,3,689,4,3801,80,40
2509,116,3,690,9,3810,80,90
2510,116,3,691,6,3816,98,60
2511,116,3,692,7,3823,1,70
2512,116,3,693,4,3827,79,40
2513,116,3,694,4,3831,1,40
2514,116,3,695,8,3839,1,80
2515,116,3,696,6,3845,1,60
2516,116,3,697,2,3847,1,20
2517,116,3,698,4,3851,86,40
2518,116,3,699,5,3856,101,50
2519,116,3,700,5,3861,89,50
2520,116,3,701,2,3863,76,20
2521,116,3,702,9,3872,60,90
2522,116,3,703,9,3881,99,90
2523,116,3,704,2,3883,1,20
2524,116,3,705,9,3892,83,90
2525,116,3,706,2,3894,96,20
2526,116,3,707,4,3898,73,40
2527,116,3,708,4,3902,53,40
2528,116,3,709,5,3907,1,50
2529,116,3,710,6,3913,1,60
2530,116,3,711,8,3921,1,80
2531,116,3,712,3,3924,1,30
2532,116,3,713,3,3927,1,30
2533,116,3,714,5,3932,93,50
2534,116,3,715,2,3934,94,20
2535,116,3,716,6,3940,71,60
2536,116,3,717,2,3942,84,20
2537,116,3,718,8,3950,92,80
2538,116,3,719,5,3955,76,50
2539,116,3,720,3,3958,69,30
2540,116,3,721,6,3964,1,60
2541,116,3,722,3,3967,62,30
2542,116,3,723,9,3976,1,90
2543,116,3,724,2,3978,1,20
2544,116,3,725,5,3983,60,50
2545,116,3,726,4,3987,81,40
2546,116,3,727,9,3996,74,90
2547,116,3,728,8,4004,76,80
2548,116,3,729,8,4012,80,80
2549,116,3,730,5,4017,65,50
2550,116,3,731,8,4025,79,80
2551,116,3,732,5,4030,61,50
2552,116,3,733,9,4039,1,90
2553,116,3,734,9,4048,79,90
2554,116,3,735,2,4050,70,20
2555,116,3,736,6,4056,71,60
2556,116,3,737,4,4060,1,40
2557,116,3,738,5,4065,1,50
2558,116,3,739,2,4067,89,20
2559,116,3,740,7,4074,89,70
2560,116,3,741,5,4079,80,50
2561,116,3,742,7,4086,1,70
2562,116,3,743,3,4089,1,30
2563,116,3,744,6,4095,1,60
2564,116,3,745,6,4101,79,60
2565,116,3,746,8,4109,83,80
2566,116,3,747,8,4117,104,80
2567,116,3,748,2,4119,76,20
2568,116,3,749,2,4121,1,20
2569,116,3,750,2,4123,91,20
2570,116,3,751,7,4130,1,70
2571,116,3,752,9,4139,94,90
2572,116,3,753,6,4145,88,60
2573,116,3,754,2,4147,1,20
2574,116,3,755,2,4149,81,20
2575,116,3,756,2,4151,67,20
2576,116,3,757,9,4160,77,90
2577,116,3,758,2,4162,80,20
2578,116,3,759,3,4165,52,30
2579,116,3,760,5,4170,57,50
2580,116,3,761,9,4179,66,90
2581,116,3,762,5,4184,62,50
2582,116,3,763,2,4186,1,20
2583,116,3,764,3,4189,60,30
2584,116,3,765,2,4191,68,20
2585,116,3,766,5,4196,66,50
2586,116,3,767,3,4199,1,30
2587,116,3,768,8,4207,61,80
2588,116,3,769,7,4214,1,70
2589,116,3,770,2,4216,65,20
2590,116,3,771,2,4218,64,20
2591,116,3,772,6,4224,59,60
2592,116,3,773,7,4231,70,70
2593,116,3,774,3,4234,50,30
2594,116,3,775,9,4243,82,90
2595,116,3,776,9,4252,1,90
2596,116,3,777,2,4254,60,20
2597,116,3,778,8,4262,1,80
2598,116,3,779,3,4265,71,30
2599,116,3,780,9,4274,1,90
2600,116,3,781,8,4282,1,80
2601,116,3,782,9,4291,1,90
2602,116,3,783,9,4300,104,90
2603,116,3,784,2,4302,87,20
2604,116,3,785,9,4311,79,90
2605,116,3,786,5,4316,93,50
2606,116,3,787,7,4323,74,70
2607,116,3,788,4,4327,83,40
2608,116,3,789,3,4330,83,30
2609,116,3,790,7,4337,91,70
2610,116,3,791,3,4340,1,30
2611,116,3,792,2,4342,57,20
2612,116,3,793,3,4345,1,30
2613,116,3,794,3,4348,1,30
2614,116,3,795,5,4353,1,50
2615,116,3,796,5,4358,99,50
2616,116,3,797,8,4366,85,80
2617,116,3,798,3,4369,77,30
2618,116,3,799,7,4376,1,70
2619,116,3,800,5,4381,1,50
2620,116,3,801,5,4386,1,50
2621,116,3,802,3,4389,90,30
2622,116,3,803,6,4395,92,60
2623,116,3,804,7,4402,91,70
2624,116,3,805,4,4406,94,40
2625,116,3,806,5,4411,87,50
2626,116,3,807,5,4416,83,50
2627,116,3,808,3,4419,65,30
2628,116,3,809,8,4427,72,80
2629,116,3,810,6,4433,67,60
2630,116,3,811,7,4440,63,70
2631,116,3,812,7,4447,1,70
2632,116,3,813,4,4451,61,40
2633,116,3,814,5,4456,1,50
2634,116,3,815,7,4463,88,70
2635,116,3,816,5,4468,73,50
2636,116,3,817,9,4477,70,90
2637,116,3,818,4,4481,81,40
2638,116,3,819,2,4483,77,20
2639,116,3,820,7,4490,1,70
2640,116,3,821,3,4493,1,30
2641,116,3,822,4,4497,69,40
2642,116,3,823,8,4505,81,80
2643,116,3,824,8,4513,1,80
2644,116,3,825,3,4516,80,30
2645,116,3,826,8,4524,90,80
2646,116,3,827,2,4526,63,20
2647,116,3,828,2,4528,67,20
2648,116,3,829,2,4530,65,20
2649,116,3,830,2,4532,59,20
2650,116,3,831,4,4536,71,40
2651,116,3,832,6,4542,61,60
2652,116,3,833,4,4546,58,40
2653,116,3,834,2,4548,1,20
2654,116,3,835,8,4556,1,80
2655,116,3,836,2,4558,1,20
2656,116,3,837,5,4563,74,50
2657,116,3,838,2,4565,79,20
2658,116,3,839,8,4573,1,80
2659,116,3,840,2,4575,1,20
2660,116,3,841,5,4580,63,50
2661,116,3,842,2,4582,1,20
2662,116,3,843,5,4587,64,50
2663,116,3,844,6,4593,70,60
2664,116,3,845,4,4597,1,40
2665,116,3,846,9,4606,88,90
2666,116,3,847,5,4611,1,50
2667,116,3,848,2,4613,1,20
2668,116,3,849,4,4617,1,40
2669,116,3,850,8,4625,101,80
2670,116,3,851,5,4630,75,50
2671,116,3,852,3,4633,75,30
2672,116,3,853,7,4640,87,70
2673,116,3,854,7,4647,82,70
2674,116,3,855,8,4655,72,80
2675,116,3,856,4,4659,66,40
2676,116,3,857,5,4664,66,50
2677,116,3,858,6,4670,82,60
2678,116,3,859,3,4673,80,30
2679,116,3,860,9,4682,71,90
2680,116,3,861,2,4684,1,20
2681,116,3,862,3,4687,71,30
2682,116,3,863,7,4694,62,70
2683,116,3,864,6,4700,67,60
2684,116,3,865,5,4705,56,50
2685,116,3,866,2,4707,1,20
2686,116,3,867,5,4712,71,50
2687,116,3,868,2,4714,58,20
2688,116,3,869,3,4717,57,30
2689,116,3,870,9,4726,46,90
2690,116,3,871,9,4735,85,90
2691,116,3,872,7,4742,74,70
2692,116,3,873,2,4744,1,20
2693,116,3,874,7,4751,69,70
2694,116,3,875,4,4755,68,40
2695,116,3,876,4,4759,62,40
2696,116,3,877,6,4765,1,60
2697,116,3,878,7,4772,72,70
2698,116,3,879,5,4777,1,50
2699,116,3,880,4,4781,79,40
2700,116,3,881,2,4783,56,20
2701,116,3,882,8,4791,78,80
2702,116,3,883,4,4795,63,40
2703,116,3,884,2,4797,66,20
2704,116,3,885,9,4806,1,90
2705,116,3,886,6,4812,65,60
2706,116,3,887,5,4817,1,50
2707,116,3,888,3,4820,58,30
2708,116,3,889,6,4826,1,60
2709,116,3,890,4,4830,54,40
2710,116,3,891,6,4836,82,60
2711,116,3,892,7,4843,1,70
2712,116,3,893,7,4850,58,70
2713,116,3,894,6,4856,1,60
2714,116,3,895,2,4858,92,20
2715,116,3,896,8,4866,74,80
2716,116,3,897,6,4872,79,60
2717,116,3,898,7,4879,85,70
2718,116,3,899,6,4885,71,60
2719,116,3,900,2,4887,58,20
2720,116,3,901,4,4891,62,40
2721,116,3,902,5,4896,1,50
2722,116,3,903,3,4899,71,30
2723,116,3,904,9,4908,1,90
2724,116,3,905,4,4912,65,40
2725,116,3,906,5,4917,1,50
2726,116,3,907,4,4921,78,40
2727,116,3,908,7,4928,76,70
2728,116,3,909,2,4930,80,20
2729,116,3,910,7,4937,1,70
2730,116,3,911,8,4945,1,80
2731,116,3,912,4,4949,76,40
2732,116,3,913,9,4958,84,90
2733,116,3,914,6,4964,1,60
2734,116,3,915,4,4968,77,40
2735,116,3,916,4,4972,89,40
2736,116,3,917,4,4976,1,40
2737,116,3,918,6,4982,80,60
2738,116,3,919,5,4987,93,50
2739,116,3,920,8,4995,1,80
2740,116,3,921,4,4999,1,40
