,Scenario,Trial,Inspection,Interval,Time,Defects,Rate
0,133,1,1,8,8,76,80
1,133,1,2,8,16,82,80
2,133,1,3,2,18,1,20
3,133,1,4,7,25,1,70
4,133,1,5,8,33,1,80
5,133,1,6,5,38,1,50
6,133,1,7,6,44,290,60
7,133,1,8,5,49,62,50
8,133,1,9,2,51,1,20
9,133,1,10,9,60,1,90
10,133,1,11,7,67,166,70
11,133,1,12,3,70,1,30
12,133,1,13,6,76,91,60
13,133,1,14,2,78,21,20
14,133,1,15,5,83,1,50
15,133,1,16,6,89,117,60
16,133,1,17,4,93,49,40
17,133,1,18,6,99,50,60
18,133,1,19,2,101,1,20
19,133,1,20,5,106,1,50
20,133,1,21,2,108,1,20
21,133,1,22,6,114,146,60
22,133,1,23,9,123,1,90
23,133,1,24,2,125,131,20
24,133,1,25,8,133,84,80
25,133,1,26,5,138,45,50
26,133,1,27,7,145,60,70
27,133,1,28,5,150,51,50
28,133,1,29,2,152,25,20
29,133,1,30,5,157,45,50
30,133,1,31,2,159,30,20
31,133,1,32,4,163,57,40
32,133,1,33,2,165,27,20
33,133,1,34,2,167,1,20
34,133,1,35,7,174,94,70
35,133,1,36,5,179,51,50
36,133,1,37,7,186,65,70
37,133,1,38,5,191,1,50
38,133,1,39,5,196,1,50
39,133,1,40,2,198,130,20
40,133,1,41,6,204,62,60
41,133,1,42,9,213,1,90
42,133,1,43,3,216,1,30
43,133,1,44,7,223,177,70
44,133,1,45,6,229,1,60
45,133,1,46,7,236,137,70
46,133,1,47,2,238,44,20
47,133,1,48,9,247,82,90
48,133,1,49,5,252,55,50
49,133,1,50,3,255,36,30
50,133,1,51,4,259,1,40
51,133,1,52,8,267,1,80
52,133,1,53,4,271,155,40
53,133,1,54,3,274,42,30
54,133,1,55,4,278,36,40
55,133,1,56,9,287,90,90
56,133,1,57,7,294,77,70
57,133,1,58,7,301,63,70
58,133,1,59,9,310,107,90
59,133,1,60,2,312,31,20
60,133,1,61,2,314,1,20
61,133,1,62,2,316,1,20
62,133,1,63,4,320,65,40
63,133,1,64,6,326,84,60
64,133,1,65,7,333,59,70
65,133,1,66,5,338,46,50
66,133,1,67,8,346,72,80
67,133,1,68,8,354,1,80
68,133,1,69,9,363,174,90
69,133,1,70,5,368,60,50
70,133,1,71,9,377,88,90
71,133,1,72,3,380,37,30
72,133,1,73,8,388,90,80
73,133,1,74,9,397,87,90
74,133,1,75,9,406,1,90
75,133,1,76,6,412,144,60
76,133,1,77,5,417,1,50
77,133,1,78,6,423,1,60
78,133,1,79,6,429,1,60
79,133,1,80,3,432,1,30
80,133,1,81,2,434,1,20
81,133,1,82,7,441,1,70
82,133,1,83,6,447,1,60
83,133,1,84,8,455,396,80
84,133,1,85,4,459,63,40
85,133,1,86,6,465,55,60
86,133,1,87,9,474,90,90
87,133,1,88,9,483,73,90
88,133,1,89,9,492,91,90
89,133,1,90,7,499,1,70
90,133,1,91,8,507,1,80
91,133,1,92,6,513,193,60
92,133,1,93,8,521,1,80
93,133,1,94,3,524,130,30
94,133,1,95,9,533,1,90
95,133,1,96,6,539,163,60
96,133,1,97,7,546,77,70
97,133,1,98,3,549,36,30
98,133,1,99,6,555,74,60
99,133,1,100,3,558,31,30
100,133,1,101,5,563,51,50
101,133,1,102,9,572,99,90
102,133,1,103,8,580,1,80
103,133,1,104,4,584,121,40
104,133,1,105,6,590,62,60
105,133,1,106,6,596,56,60
106,133,1,107,6,602,65,60
107,133,1,108,8,610,1,80
108,133,1,109,7,617,139,70
109,133,1,110,7,624,67,70
110,133,1,111,8,632,1,80
111,133,1,112,2,634,1,20
112,133,1,113,7,641,1,70
113,133,1,114,2,643,162,20
114,133,1,115,4,647,40,40
115,133,1,116,4,651,36,40
116,133,1,117,8,659,97,80
117,133,1,118,5,664,1,50
118,133,1,119,2,666,69,20
119,133,1,120,2,668,22,20
120,133,1,121,8,676,88,80
121,133,1,122,7,683,73,70
122,133,1,123,2,685,1,20
123,133,1,124,3,688,50,30
124,133,1,125,2,690,1,20
125,133,1,126,5,695,88,50
126,133,1,127,2,697,1,20
127,133,1,128,4,701,50,40
128,133,1,129,5,706,1,50
129,133,1,130,6,712,1,60
130,133,1,131,5,717,1,50
131,133,1,132,7,724,225,70
132,133,1,133,4,728,1,40
133,133,1,134,6,734,1,60
134,133,1,135,4,738,151,40
135,133,1,136,8,746,72,80
136,133,1,137,8,754,74,80
137,133,1,138,3,757,42,30
138,133,1,139,9,766,81,90
139,133,1,140,3,769,36,30
140,133,1,141,2,771,1,20
141,133,1,142,2,773,34,20
142,133,1,143,3,776,31,30
143,133,1,144,5,781,45,50
144,133,1,145,2,783,15,20
145,133,1,146,8,791,1,80
146,133,1,147,8,799,1,80
147,133,1,148,8,807,218,80
148,133,1,149,3,810,35,30
149,133,1,150,8,818,1,80
150,133,1,151,9,827,201,90
151,133,1,152,8,835,107,80
152,133,1,153,4,839,44,40
153,133,1,154,9,848,1,90
154,133,1,155,3,851,108,30
155,133,1,156,9,860,93,90
156,133,1,157,7,867,1,70
157,133,1,158,2,869,1,20
158,133,1,159,9,878,1,90
159,133,1,160,3,881,1,30
160,133,1,161,3,884,242,30
161,133,1,162,5,889,1,50
162,133,1,163,9,898,1,90
163,133,1,164,2,900,159,20
164,133,1,165,4,904,1,40
165,133,1,166,2,906,64,20
166,133,1,167,7,913,1,70
167,133,1,168,9,922,1,90
168,133,1,169,8,930,1,80
169,133,1,170,7,937,328,70
170,133,1,171,4,941,61,40
171,133,1,172,4,945,1,40
172,133,1,173,5,950,1,50
173,133,1,174,9,959,1,90
174,133,1,175,2,961,1,20
175,133,1,176,4,965,248,40
176,133,1,177,7,972,75,70
177,133,1,178,9,981,83,90
178,133,1,179,5,986,45,50
179,133,1,180,4,990,42,40
180,133,1,181,3,993,29,30
181,133,1,182,5,998,52,50
182,133,1,183,4,1002,1,40
183,133,1,184,5,1007,76,50
184,133,1,185,2,1009,27,20
185,133,1,186,6,1015,53,60
186,133,1,187,5,1020,46,50
187,133,1,188,6,1026,1,60
188,133,1,189,2,1028,82,20
189,133,1,190,2,1030,28,20
190,133,1,191,6,1036,1,60
191,133,1,192,2,1038,51,20
192,133,1,193,2,1040,27,20
193,133,1,194,6,1046,57,60
194,133,1,195,4,1050,44,40
195,133,1,196,8,1058,77,80
196,133,1,197,5,1063,1,50
197,133,1,198,7,1070,121,70
198,133,1,199,6,1076,61,60
199,133,1,200,5,1081,69,50
200,133,1,201,3,1084,1,30
201,133,1,202,9,1093,123,90
202,133,1,203,2,1095,20,20
203,133,1,204,2,1097,1,20
204,133,1,205,4,1101,74,40
205,133,1,206,4,1105,39,40
206,133,1,207,9,1114,108,90
207,133,1,208,8,1122,76,80
208,133,1,209,9,1131,1,90
209,133,1,210,8,1139,159,80
210,133,1,211,2,1141,22,20
211,133,1,212,9,1150,111,90
212,133,1,213,9,1159,83,90
213,133,1,214,2,1161,20,20
214,133,1,215,2,1163,25,20
215,133,1,216,2,1165,1,20
216,133,1,217,5,1170,77,50
217,133,1,218,2,1172,21,20
218,133,1,219,3,1175,1,30
219,133,1,220,2,1177,1,20
220,133,1,221,4,1181,1,40
221,133,1,222,8,1189,160,80
222,133,1,223,5,1194,52,50
223,133,1,224,3,1197,27,30
224,133,1,225,2,1199,14,20
225,133,1,226,4,1203,1,40
226,133,1,227,2,1205,1,20
227,133,1,228,8,1213,1,80
228,133,1,229,4,1217,1,40
229,133,1,230,7,1224,1,70
230,133,1,231,8,1232,303,80
231,133,1,232,3,1235,50,30
232,133,1,233,3,1238,30,30
233,133,1,234,4,1242,37,40
234,133,1,235,3,1245,20,30
235,133,1,236,4,1249,1,40
236,133,1,237,9,1258,122,90
237,133,1,238,8,1266,77,80
238,133,1,239,8,1274,1,80
239,133,1,240,4,1278,128,40
240,133,1,241,6,1284,1,60
241,133,1,242,4,1288,98,40
242,133,1,243,5,1293,1,50
243,133,1,244,7,1300,119,70
244,133,1,245,9,1309,91,90
245,133,1,246,7,1316,75,70
246,133,1,247,6,1322,60,60
247,133,1,248,6,1328,63,60
248,133,1,249,3,1331,1,30
249,133,1,250,4,1335,1,40
250,133,1,251,4,1339,109,40
251,133,1,252,2,1341,1,20
252,133,1,253,5,1346,1,50
253,133,1,254,6,1352,131,60
254,133,1,255,8,1360,69,80
255,133,1,256,8,1368,1,80
256,133,1,257,4,1372,122,40
257,133,1,258,8,1380,1,80
258,133,1,259,5,1385,106,50
259,133,1,260,8,1393,82,80
260,133,1,261,8,1401,73,80
261,133,1,262,2,1403,23,20
262,133,1,263,3,1406,1,30
263,133,1,264,5,1411,1,50
264,133,1,265,3,1414,93,30
265,133,1,266,3,1417,1,30
266,133,1,267,4,1421,1,40
267,133,1,268,9,1430,141,90
268,133,1,269,9,1439,101,90
269,133,1,270,5,1444,1,50
270,133,1,271,2,1446,77,20
271,133,1,272,7,1453,85,70
272,133,1,273,9,1462,104,90
273,133,1,274,4,1466,1,40
274,133,1,275,7,1473,1,70
275,133,1,276,6,1479,179,60
276,133,1,277,2,1481,1,20
277,133,1,278,2,1483,51,20
278,133,1,279,3,1486,28,30
279,133,1,280,8,1494,1,80
280,133,1,281,7,1501,139,70
281,133,1,282,6,1507,71,60
282,133,1,283,7,1514,1,70
283,133,1,284,6,1520,118,60
284,133,1,285,5,1525,53,50
285,133,1,286,2,1527,21,20
286,133,1,287,4,1531,39,40
287,133,1,288,3,1534,38,30
288,133,1,289,7,1541,74,70
289,133,1,290,9,1550,1,90
290,133,1,291,6,1556,1,60
291,133,1,292,2,1558,162,20
292,133,1,293,9,1567,83,90
293,133,1,294,5,1572,53,50
294,133,1,295,8,1580,97,80
295,133,1,296,5,1585,1,50
296,133,1,297,3,1588,85,30
297,133,1,298,3,1591,1,30
298,133,1,299,8,1599,1,80
299,133,1,300,4,1603,1,40
300,133,1,301,7,1610,213,70
301,133,1,302,9,1619,101,90
302,133,1,303,5,1624,1,50
303,133,1,304,6,1630,109,60
304,133,1,305,5,1635,1,50
305,133,1,306,5,1640,96,50
306,133,1,307,9,1649,1,90
307,133,1,308,4,1653,132,40
308,133,1,309,8,1661,1,80
309,133,1,310,7,1668,1,70
310,133,1,311,3,1671,181,30
311,133,1,312,9,1680,1,90
312,133,1,313,6,1686,1,60
313,133,1,314,8,1694,1,80
314,133,1,315,2,1696,243,20
315,133,1,316,3,1699,33,30
316,133,1,317,9,1708,74,90
317,133,1,318,4,1712,1,40
318,133,1,319,7,1719,111,70
319,133,1,320,2,1721,1,20
320,133,1,321,2,1723,47,20
321,133,1,322,8,1731,75,80
322,133,1,323,8,1739,75,80
323,133,1,324,9,1748,1,90
324,133,1,325,6,1754,125,60
325,133,1,326,5,1759,1,50
326,133,1,327,9,1768,143,90
327,133,1,328,6,1774,73,60
328,133,1,329,3,1777,29,30
329,133,1,330,5,1782,60,50
330,133,1,331,4,1786,38,40
331,133,1,332,8,1794,1,80
332,133,1,333,4,1798,130,40
333,133,1,334,9,1807,86,90
334,133,1,335,5,1812,1,50
335,133,1,336,9,1821,1,90
336,133,1,337,4,1825,164,40
337,133,1,338,6,1831,64,60
338,133,1,339,7,1838,69,70
339,133,1,340,3,1841,26,30
340,133,1,341,7,1848,59,70
341,133,1,342,7,1855,70,70
342,133,1,343,9,1864,71,90
343,133,1,344,3,1867,25,30
344,133,1,345,3,1870,1,30
345,133,1,346,4,1874,70,40
346,133,1,347,9,1883,1,90
347,133,1,348,3,1886,121,30
348,133,1,349,5,1891,1,50
349,133,1,350,3,1894,77,30
350,133,1,351,7,1901,54,70
351,133,1,352,6,1907,52,60
352,133,1,353,3,1910,35,30
353,133,1,354,8,1918,84,80
354,133,1,355,5,1923,1,50
355,133,1,356,8,1931,1,80
356,133,1,357,5,1936,1,50
357,133,1,358,2,1938,177,20
358,133,1,359,4,1942,45,40
359,133,1,360,3,1945,1,30
360,133,1,361,5,1950,77,50
361,133,1,362,4,1954,36,40
362,133,1,363,8,1962,83,80
363,133,1,364,2,1964,1,20
364,133,1,365,7,1971,75,70
365,133,1,366,3,1974,1,30
366,133,1,367,7,1981,116,70
367,133,1,368,5,1986,1,50
368,133,1,369,6,1992,117,60
369,133,1,370,4,1996,1,40
370,133,1,371,4,2000,72,40
371,133,1,372,4,2004,32,40
372,133,1,373,3,2007,27,30
373,133,1,374,9,2016,89,90
374,133,1,375,7,2023,64,70
375,133,1,376,9,2032,1,90
376,133,1,377,9,2041,1,90
377,133,1,378,7,2048,239,70
378,133,1,379,4,2052,1,40
379,133,1,380,8,2060,131,80
380,133,1,381,4,2064,1,40
381,133,1,382,6,2070,1,60
382,133,1,383,8,2078,184,80
383,133,1,384,4,2082,66,40
384,133,1,385,4,2086,1,40
385,133,1,386,6,2092,93,60
386,133,1,387,7,2099,69,70
387,133,1,388,5,2104,1,50
388,133,1,389,8,2112,120,80
389,133,1,390,8,2120,101,80
390,133,1,391,4,2124,1,40
391,133,1,392,5,2129,94,50
392,133,1,393,6,2135,55,60
393,133,1,394,3,2138,1,30
394,133,1,395,3,2141,56,30
395,133,1,396,4,2145,49,40
396,133,1,397,9,2154,90,90
397,133,1,398,5,2159,51,50
398,133,1,399,3,2162,26,30
399,133,1,400,8,2170,1,80
400,133,1,401,2,2172,88,20
401,133,1,402,7,2179,68,70
402,133,1,403,6,2185,1,60
403,133,1,404,3,2188,82,30
404,133,1,405,6,2194,1,60
405,133,1,406,3,2197,78,30
406,133,1,407,4,2201,43,40
407,133,1,408,6,2207,1,60
408,133,1,409,4,2211,94,40
409,133,1,410,7,2218,86,70
410,133,1,411,8,2226,1,80
411,133,1,412,8,2234,142,80
412,133,1,413,7,2241,1,70
413,133,1,414,7,2248,144,70
414,133,1,415,6,2254,62,60
415,133,1,416,6,2260,60,60
416,133,1,417,5,2265,51,50
417,133,1,418,5,2270,50,50
418,133,1,419,4,2274,38,40
419,133,1,420,2,2276,26,20
420,133,1,421,2,2278,1,20
421,133,1,422,4,2282,1,40
422,133,1,423,4,2286,88,40
423,133,1,424,2,2288,17,20
424,133,1,425,5,2293,34,50
425,133,1,426,2,2295,1,20
426,133,1,427,6,2301,1,60
427,133,1,428,9,2310,146,90
428,133,1,429,9,2319,99,90
429,133,1,430,3,2322,23,30
430,133,1,431,2,2324,16,20
431,133,1,432,9,2333,81,90
432,133,1,433,8,2341,89,80
433,133,1,434,4,2345,43,40
434,133,1,435,6,2351,55,60
435,133,1,436,3,2354,34,30
436,133,1,437,8,2362,94,80
437,133,1,438,8,2370,73,80
438,133,1,439,3,2373,1,30
439,133,1,440,3,2376,1,30
440,133,1,441,2,2378,74,20
441,133,1,442,7,2385,61,70
442,133,1,443,9,2394,1,90
443,133,1,444,5,2399,149,50
444,133,1,445,7,2406,1,70
445,133,1,446,6,2412,1,60
446,133,1,447,7,2419,1,70
447,133,1,448,6,2425,264,60
448,133,1,449,6,2431,1,60
449,133,1,450,9,2440,1,90
450,133,1,451,8,2448,1,80
451,133,1,452,7,2455,299,70
452,133,1,453,4,2459,49,40
453,133,1,454,2,2461,24,20
454,133,1,455,4,2465,28,40
455,133,1,456,9,2474,72,90
456,133,1,457,7,2481,85,70
457,133,1,458,3,2484,1,30
458,133,1,459,5,2489,94,50
459,133,1,460,8,2497,1,80
460,133,1,461,3,2500,1,30
461,133,1,462,7,2507,173,70
462,133,1,463,6,2513,1,60
463,133,1,464,3,2516,88,30
464,133,1,465,4,2520,48,40
465,133,1,466,6,2526,63,60
466,133,1,467,9,2535,91,90
467,133,1,468,4,2539,40,40
468,133,1,469,6,2545,1,60
469,133,1,470,9,2554,152,90
470,133,1,471,5,2559,1,50
471,133,1,472,3,2562,83,30
472,133,1,473,7,2569,1,70
473,133,1,474,2,2571,1,20
474,133,1,475,6,2577,131,60
475,133,1,476,5,2582,1,50
476,133,1,477,3,2585,80,30
477,133,1,478,6,2591,1,60
478,133,1,479,7,2598,127,70
479,133,1,480,8,2606,88,80
480,133,1,481,9,2615,1,90
481,133,1,482,8,2623,1,80
482,133,1,483,4,2627,214,40
483,133,1,484,9,2636,84,90
484,133,1,485,6,2642,64,60
485,133,1,486,5,2647,1,50
486,133,1,487,2,2649,1,20
487,133,1,488,9,2658,149,90
488,133,1,489,8,2666,97,80
489,133,1,490,5,2671,57,50
490,133,1,491,8,2679,84,80
491,133,1,492,9,2688,104,90
492,133,1,493,9,2697,87,90
493,133,1,494,8,2705,70,80
494,133,1,495,2,2707,1,20
495,133,1,496,6,2713,88,60
496,133,1,497,2,2715,22,20
497,133,1,498,9,2724,84,90
498,133,1,499,8,2732,74,80
499,133,1,500,6,2738,1,60
500,133,1,501,9,2747,1,90
501,133,1,502,5,2752,206,50
502,133,1,503,3,2755,42,30
503,133,1,504,3,2758,31,30
504,133,1,505,4,2762,1,40
505,133,1,506,6,2768,97,60
506,133,1,507,9,2777,101,90
507,133,1,508,2,2779,27,20
508,133,1,509,6,2785,62,60
509,133,1,510,2,2787,32,20
510,133,1,511,5,2792,43,50
511,133,1,512,3,2795,1,30
512,133,1,513,4,2799,72,40
513,133,1,514,5,2804,1,50
514,133,1,515,3,2807,84,30
515,133,1,516,8,2815,1,80
516,133,1,517,2,2817,1,20
517,133,1,518,4,2821,130,40
518,133,1,519,8,2829,81,80
519,133,1,520,2,2831,23,20
520,133,1,521,2,2833,24,20
521,133,1,522,8,2841,86,80
522,133,1,523,8,2849,1,80
523,133,1,524,5,2854,1,50
524,133,1,525,5,2859,1,50
525,133,1,526,2,2861,1,20
526,133,1,527,3,2864,232,30
527,133,1,528,3,2867,45,30
528,133,1,529,3,2870,1,30
529,133,1,530,6,2876,98,60
530,133,1,531,9,2885,1,90
531,133,1,532,3,2888,115,30
532,133,1,533,4,2892,42,40
533,133,1,534,4,2896,43,40
534,133,1,535,6,2902,60,60
535,133,1,536,6,2908,60,60
536,133,1,537,3,2911,1,30
537,133,1,538,6,2917,100,60
538,133,1,539,4,2921,36,40
539,133,1,540,5,2926,50,50
540,133,1,541,4,2930,28,40
541,133,1,542,3,2933,1,30
542,133,1,543,9,2942,122,90
543,133,1,544,8,2950,1,80
544,133,1,545,7,2957,151,70
545,133,1,546,8,2965,85,80
546,133,1,547,7,2972,65,70
547,133,1,548,6,2978,64,60
548,133,1,549,7,2985,58,70
549,133,1,550,2,2987,17,20
550,133,1,551,9,2996,104,90
551,133,1,552,5,3001,1,50
552,133,1,553,2,3003,76,20
553,133,1,554,4,3007,44,40
554,133,1,555,6,3013,60,60
555,133,1,556,9,3022,89,90
556,133,1,557,6,3028,75,60
557,133,1,558,6,3034,1,60
558,133,1,559,9,3043,148,90
559,133,1,560,4,3047,1,40
560,133,1,561,4,3051,1,40
561,133,1,562,8,3059,1,80
562,133,1,563,3,3062,1,30
563,133,1,564,7,3069,1,70
564,133,1,565,8,3077,297,80
565,133,1,566,3,3080,1,30
566,133,1,567,8,3088,1,80
567,133,1,568,9,3097,189,90
568,133,1,569,4,3101,36,40
569,133,1,570,6,3107,1,60
570,133,1,571,4,3111,1,40
571,133,1,572,8,3119,156,80
572,133,1,573,6,3125,1,60
573,133,1,574,8,3133,119,80
574,133,1,575,9,3142,88,90
575,133,1,576,6,3148,66,60
576,133,1,577,6,3154,1,60
577,133,1,578,8,3162,125,80
578,133,1,579,5,3167,1,50
579,133,1,580,3,3170,1,30
580,133,1,581,9,3179,168,90
581,133,1,582,6,3185,54,60
582,133,1,583,3,3188,27,30
583,133,1,584,4,3192,1,40
584,133,1,585,2,3194,53,20
585,133,1,586,3,3197,42,30
586,133,1,587,3,3200,36,30
587,133,1,588,2,3202,15,20
588,133,1,589,7,3209,1,70
589,133,1,590,2,3211,99,20
590,133,1,591,5,3216,55,50
591,133,1,592,4,3220,43,40
592,133,1,593,6,3226,1,60
593,133,1,594,8,3234,1,80
594,133,1,595,7,3241,182,70
595,133,1,596,6,3247,61,60
596,133,1,597,9,3256,86,90
597,133,1,598,6,3262,59,60
598,133,1,599,4,3266,32,40
599,133,1,600,6,3272,1,60
600,133,1,601,4,3276,1,40
601,133,1,602,6,3282,154,60
602,133,1,603,7,3289,1,70
603,133,1,604,2,3291,85,20
604,133,1,605,4,3295,36,40
605,133,1,606,3,3298,1,30
606,133,1,607,9,3307,114,90
607,133,1,608,8,3315,1,80
608,133,1,609,3,3318,1,30
609,133,1,610,7,3325,171,70
610,133,1,611,5,3330,65,50
611,133,1,612,2,3332,25,20
612,133,1,613,8,3340,86,80
613,133,1,614,4,3344,1,40
614,133,1,615,7,3351,96,70
615,133,1,616,4,3355,37,40
616,133,1,617,3,3358,1,30
617,133,1,618,9,3367,137,90
618,133,1,619,8,3375,88,80
619,133,1,620,2,3377,1,20
620,133,1,621,5,3382,74,50
621,133,1,622,3,3385,35,30
622,133,1,623,8,3393,80,80
623,133,1,624,3,3396,1,30
624,133,1,625,6,3402,1,60
625,133,1,626,2,3404,107,20
626,133,1,627,2,3406,24,20
627,133,1,628,3,3409,1,30
628,133,1,629,6,3415,89,60
629,133,1,630,9,3424,93,90
630,133,1,631,8,3432,1,80
631,133,1,632,6,3438,155,60
632,133,1,633,9,3447,93,90
633,133,1,634,9,3456,94,90
634,133,1,635,2,3458,1,20
635,133,1,636,5,3463,1,50
636,133,1,637,8,3471,1,80
637,133,1,638,4,3475,186,40
638,133,1,639,8,3483,70,80
639,133,1,640,5,3488,34,50
640,133,1,641,6,3494,62,60
641,133,1,642,3,3497,17,30
642,133,1,643,6,3503,1,60
643,133,1,644,2,3505,79,20
644,133,1,645,8,3513,1,80
645,133,1,646,2,3515,104,20
646,133,1,647,6,3521,1,60
647,133,1,648,5,3526,110,50
648,133,1,649,7,3533,76,70
649,133,1,650,6,3539,1,60
650,133,1,651,5,3544,1,50
651,133,1,652,9,3553,1,90
652,133,1,653,7,3560,262,70
653,133,1,654,3,3563,1,30
654,133,1,655,8,3571,110,80
655,133,1,656,5,3576,1,50
656,133,1,657,8,3584,110,80
657,133,1,658,7,3591,1,70
658,133,1,659,5,3596,128,50
659,133,1,660,2,3598,16,20
660,133,1,661,6,3604,61,60
661,133,1,662,4,3608,45,40
662,133,1,663,8,3616,76,80
663,133,1,664,4,3620,44,40
664,133,1,665,8,3628,75,80
665,133,1,666,5,3633,1,50
666,133,1,667,8,3641,1,80
667,133,1,668,5,3646,1,50
668,133,1,669,7,3653,1,70
669,133,1,670,7,3660,312,70
670,133,1,671,8,3668,1,80
671,133,1,672,6,3674,1,60
672,133,1,673,5,3679,206,50
673,133,1,674,9,3688,100,90
674,133,1,675,7,3695,80,70
675,133,1,676,9,3704,96,90
676,133,1,677,7,3711,72,70
677,133,1,678,4,3715,46,40
678,133,1,679,2,3717,1,20
679,133,1,680,5,3722,1,50
680,133,1,681,5,3727,122,50
681,133,1,682,5,3732,1,50
682,133,1,683,6,3738,1,60
683,133,1,684,5,3743,1,50
684,133,1,685,7,3750,220,70
685,133,1,686,7,3757,1,70
686,133,1,687,5,3762,140,50
687,133,1,688,4,3766,41,40
688,133,1,689,4,3770,39,40
689,133,1,690,3,3773,25,30
690,133,1,691,4,3777,36,40
691,133,1,692,3,3780,30,30
692,133,1,693,5,3785,1,50
693,133,1,694,5,3790,102,50
694,133,1,695,6,3796,58,60
695,133,1,696,4,3800,1,40
696,133,1,697,2,3802,71,20
697,133,1,698,2,3804,17,20
698,133,1,699,8,3812,77,80
699,133,1,700,7,3819,1,70
700,133,1,701,3,3822,106,30
701,133,1,702,6,3828,47,60
702,133,1,703,3,3831,39,30
703,133,1,704,4,3835,41,40
704,133,1,705,3,3838,32,30
705,133,1,706,2,3840,1,20
706,133,1,707,9,3849,100,90
707,133,1,708,8,3857,85,80
708,133,1,709,9,3866,92,90
709,133,1,710,4,3870,1,40
710,133,1,711,8,3878,109,80
711,133,1,712,8,3886,77,80
712,133,1,713,8,3894,97,80
713,133,1,714,8,3902,1,80
714,133,1,715,7,3909,1,70
715,133,1,716,6,3915,224,60
716,133,1,717,6,3921,76,60
717,133,1,718,8,3929,79,80
718,133,1,719,8,3937,83,80
719,133,1,720,9,3946,73,90
720,133,1,721,9,3955,1,90
721,133,1,722,5,3960,146,50
722,133,1,723,3,3963,48,30
723,133,1,724,2,3965,25,20
724,133,1,725,7,3972,52,70
725,133,1,726,2,3974,27,20
726,133,1,727,2,3976,25,20
727,133,1,728,5,3981,40,50
728,133,1,729,2,3983,20,20
729,133,1,730,9,3992,81,90
730,133,1,731,8,4000,86,80
731,133,1,732,3,4003,1,30
732,133,1,733,7,4010,90,70
733,133,1,734,8,4018,1,80
734,133,1,735,6,4024,1,60
735,133,1,736,5,4029,1,50
736,133,1,737,4,4033,1,40
737,133,1,738,8,4041,303,80
738,133,1,739,3,4044,52,30
739,133,1,740,2,4046,26,20
740,133,1,741,3,4049,28,30
741,133,1,742,8,4057,87,80
742,133,1,743,5,4062,1,50
743,133,1,744,6,4068,114,60
744,133,1,745,6,4074,73,60
745,133,1,746,2,4076,29,20
746,133,1,747,2,4078,1,20
747,133,1,748,2,4080,1,20
748,133,1,749,7,4087,104,70
749,133,1,750,4,4091,44,40
750,133,1,751,8,4099,59,80
751,133,1,752,6,4105,1,60
752,133,1,753,4,4109,105,40
753,133,1,754,3,4112,38,30
754,133,1,755,3,4115,35,30
755,133,1,756,4,4119,1,40
756,133,1,757,5,4124,1,50
757,133,1,758,4,4128,1,40
758,133,1,759,7,4135,1,70
759,133,1,760,3,4138,1,30
760,133,1,761,4,4142,261,40
761,133,1,762,7,4149,87,70
762,133,1,763,6,4155,56,60
763,133,1,764,4,4159,1,40
764,133,1,765,7,4166,1,70
765,133,1,766,2,4168,116,20
766,133,1,767,4,4172,34,40
767,133,1,768,5,4177,53,50
768,133,1,769,5,4182,1,50
769,133,1,770,6,4188,113,60
770,133,1,771,5,4193,1,50
771,133,1,772,5,4198,105,50
772,133,1,773,6,4204,1,60
773,133,1,774,6,4210,1,60
774,133,1,775,4,4214,1,40
775,133,1,776,9,4223,1,90
776,133,1,777,7,4230,1,70
777,133,1,778,9,4239,376,90
778,133,1,779,9,4248,1,90
779,133,1,780,9,4257,189,90
780,133,1,781,7,4264,87,70
781,133,1,782,2,4266,1,20
782,133,1,783,5,4271,1,50
783,133,1,784,6,4277,98,60
784,133,1,785,7,4284,75,70
785,133,1,786,7,4291,1,70
786,133,1,787,7,4298,1,70
787,133,1,788,3,4301,166,30
788,133,1,789,9,4310,95,90
789,133,1,790,5,4315,1,50
790,133,1,791,7,4322,1,70
791,133,1,792,5,4327,1,50
792,133,1,793,4,4331,196,40
793,133,1,794,9,4340,1,90
794,133,1,795,3,4343,134,30
795,133,1,796,9,4352,1,90
796,133,1,797,7,4359,1,70
797,133,1,798,3,4362,190,30
798,133,1,799,4,4366,48,40
799,133,1,800,5,4371,54,50
800,133,1,801,2,4373,1,20
801,133,1,802,9,4382,96,90
802,133,1,803,5,4387,1,50
803,133,1,804,6,4393,117,60
804,133,1,805,5,4398,1,50
805,133,1,806,7,4405,1,70
806,133,1,807,9,4414,1,90
807,133,1,808,6,4420,1,60
808,133,1,809,9,4429,346,90
809,133,1,810,5,4434,1,50
810,133,1,811,4,4438,104,40
811,133,1,812,3,4441,31,30
812,133,1,813,2,4443,17,20
813,133,1,814,6,4449,60,60
814,133,1,815,7,4456,1,70
815,133,1,816,6,4462,131,60
816,133,1,817,3,4465,1,30
817,133,1,818,3,4468,65,30
818,133,1,819,2,4470,1,20
819,133,1,820,4,4474,72,40
820,133,1,821,2,4476,1,20
821,133,1,822,3,4479,1,30
822,133,1,823,2,4481,62,20
823,133,1,824,6,4487,69,60
824,133,1,825,5,4492,52,50
825,133,1,826,9,4501,98,90
826,133,1,827,3,4504,30,30
827,133,1,828,6,4510,51,60
828,133,1,829,7,4517,1,70
829,133,1,830,2,4519,1,20
830,133,1,831,5,4524,145,50
831,133,1,832,8,4532,87,80
832,133,1,833,9,4541,99,90
833,133,1,834,5,4546,67,50
834,133,1,835,4,4550,1,40
835,133,1,836,6,4556,1,60
836,133,1,837,7,4563,166,70
837,133,1,838,2,4565,28,20
838,133,1,839,9,4574,1,90
839,133,1,840,5,4579,116,50
840,133,1,841,5,4584,51,50
841,133,1,842,5,4589,1,50
842,133,1,843,9,4598,135,90
843,133,1,844,4,4602,1,40
844,133,1,845,4,4606,1,40
845,133,1,846,5,4611,120,50
846,133,1,847,8,4619,78,80
847,133,1,848,5,4624,41,50
848,133,1,849,7,4631,57,70
849,133,1,850,5,4636,44,50
850,133,1,851,2,4638,21,20
851,133,1,852,9,4647,90,90
852,133,1,853,3,4650,1,30
853,133,1,854,5,4655,1,50
854,133,1,855,5,4660,1,50
855,133,1,856,4,4664,154,40
856,133,1,857,6,4670,1,60
857,133,1,858,5,4675,113,50
858,133,1,859,6,4681,1,60
859,133,1,860,2,4683,1,20
860,133,1,861,2,4685,98,20
861,133,1,862,5,4690,45,50
862,133,1,863,4,4694,50,40
863,133,1,864,8,4702,84,80
864,133,1,865,4,4706,38,40
865,133,1,866,5,4711,52,50
866,133,1,867,9,4720,94,90
867,133,1,868,9,4729,1,90
868,133,1,869,3,4732,1,30
869,133,1,870,9,4741,1,90
870,133,1,871,5,4746,250,50
871,133,1,872,7,4753,1,70
872,133,1,873,4,4757,111,40
873,133,1,874,6,4763,66,60
874,133,1,875,8,4771,70,80
875,133,1,876,3,4774,28,30
876,133,1,877,9,4783,86,90
877,133,1,878,4,4787,1,40
878,133,1,879,2,4789,50,20
879,133,1,880,5,4794,47,50
880,133,1,881,9,4803,1,90
881,133,1,882,7,4810,152,70
882,133,1,883,6,4816,61,60
883,133,1,884,3,4819,1,30
884,133,1,885,6,4825,112,60
885,133,1,886,2,4827,30,20
886,133,1,887,3,4830,36,30
887,133,1,888,2,4832,23,20
888,133,1,889,3,4835,32,30
889,133,1,890,6,4841,1,60
890,133,1,891,8,4849,1,80
891,133,1,892,5,4854,1,50
892,133,1,893,6,4860,234,60
893,133,1,894,8,4868,73,80
894,133,1,895,7,4875,71,70
895,133,1,896,6,4881,1,60
896,133,1,897,6,4887,131,60
897,133,1,898,8,4895,1,80
898,133,1,899,2,4897,1,20
899,133,1,900,5,4902,126,50
900,133,1,901,4,4906,1,40
901,133,1,902,6,4912,1,60
902,133,1,903,3,4915,111,30
903,133,1,904,3,4918,22,30
904,133,1,905,4,4922,42,40
905,133,1,906,7,4929,86,70
906,133,1,907,5,4934,56,50
907,133,1,908,4,4938,31,40
908,133,1,909,7,4945,64,70
909,133,1,910,7,4952,78,70
910,133,1,911,9,4961,1,90
911,133,1,912,6,4967,1,60
912,133,1,913,6,4973,1,60
913,133,1,914,6,4979,236,60
914,133,1,915,4,4983,1,40
915,133,1,916,2,4985,1,20
916,133,1,917,2,4987,1,20
917,133,1,918,5,4992,141,50
918,133,1,919,4,4996,39,40
919,133,2,1,7,7,72,70
920,133,2,2,8,15,1,80
921,133,2,3,4,19,1,40
922,133,2,4,5,24,172,50
923,133,2,5,7,31,85,70
924,133,2,6,6,37,40,60
925,133,2,7,8,45,86,80
926,133,2,8,5,50,1,50
927,133,2,9,6,56,107,60
928,133,2,10,4,60,1,40
929,133,2,11,6,66,105,60
930,133,2,12,6,72,1,60
931,133,2,13,4,76,100,40
932,133,2,14,3,79,1,30
933,133,2,15,8,87,1,80
934,133,2,16,4,91,140,40
935,133,2,17,7,98,1,70
936,133,2,18,5,103,110,50
937,133,2,19,4,107,1,40
938,133,2,20,9,116,1,90
939,133,2,21,8,124,1,80
940,133,2,22,2,126,224,20
941,133,2,23,2,128,33,20
942,133,2,24,2,130,21,20
943,133,2,25,2,132,23,20
944,133,2,26,5,137,1,50
945,133,2,27,7,144,117,70
946,133,2,28,7,151,1,70
947,133,2,29,7,158,144,70
948,133,2,30,9,167,1,90
949,133,2,31,6,173,144,60
950,133,2,32,9,182,75,90
951,133,2,33,7,189,1,70
952,133,2,34,5,194,1,50
953,133,2,35,3,197,137,30
954,133,2,36,3,200,1,30
955,133,2,37,2,202,59,20
956,133,2,38,9,211,1,90
957,133,2,39,2,213,1,20
958,133,2,40,7,220,162,70
959,133,2,41,2,222,29,20
960,133,2,42,6,228,1,60
961,133,2,43,9,237,1,90
962,133,2,44,4,241,1,40
963,133,2,45,5,246,251,50
964,133,2,46,2,248,35,20
965,133,2,47,7,255,51,70
966,133,2,48,8,263,81,80
967,133,2,49,2,265,28,20
968,133,2,50,2,267,13,20
969,133,2,51,2,269,1,20
970,133,2,52,2,271,1,20
971,133,2,53,3,274,1,30
972,133,2,54,8,282,125,80
973,133,2,55,7,289,85,70
974,133,2,56,4,293,41,40
975,133,2,57,9,302,82,90
976,133,2,58,4,306,44,40
977,133,2,59,8,314,70,80
978,133,2,60,8,322,69,80
979,133,2,61,6,328,53,60
980,133,2,62,6,334,81,60
981,133,2,63,8,342,1,80
982,133,2,64,2,344,110,20
983,133,2,65,3,347,1,30
984,133,2,66,3,350,74,30
985,133,2,67,7,357,60,70
986,133,2,68,9,366,77,90
987,133,2,69,2,368,27,20
988,133,2,70,3,371,29,30
989,133,2,71,3,374,29,30
990,133,2,72,7,381,68,70
991,133,2,73,5,386,40,50
992,133,2,74,5,391,53,50
993,133,2,75,3,394,1,30
994,133,2,76,7,401,1,70
995,133,2,77,8,409,1,80
996,133,2,78,9,418,278,90
997,133,2,79,9,427,70,90
998,133,2,80,4,431,40,40
999,133,2,81,8,439,1,80
1000,133,2,82,9,448,143,90
1001,133,2,83,7,455,78,70
1002,133,2,84,6,461,69,60
1003,133,2,85,6,467,77,60
1004,133,2,86,5,472,51,50
1005,133,2,87,7,479,1,70
1006,133,2,88,8,487,144,80
1007,133,2,89,2,489,29,20
1008,133,2,90,9,498,1,90
1009,133,2,91,8,506,164,80
1010,133,2,92,3,509,23,30
1011,133,2,93,3,512,25,30
1012,133,2,94,7,519,69,70
1013,133,2,95,2,521,1,20
1014,133,2,96,5,526,76,50
1015,133,2,97,4,530,38,40
1016,133,2,98,7,537,57,70
1017,133,2,99,2,539,1,20
1018,133,2,100,7,546,80,70
1019,133,2,101,5,551,1,50
1020,133,2,102,5,556,96,50
1021,133,2,103,9,565,100,90
1022,133,2,104,5,570,54,50
1023,133,2,105,6,576,1,60
1024,133,2,106,3,579,73,30
1025,133,2,107,5,584,1,50
1026,133,2,108,6,590,103,60
1027,133,2,109,6,596,67,60
1028,133,2,110,6,602,63,60
1029,133,2,111,8,610,1,80
1030,133,2,112,3,613,100,30
1031,133,2,113,7,620,86,70
1032,133,2,114,6,626,54,60
1033,133,2,115,3,629,24,30
1034,133,2,116,2,631,1,20
1035,133,2,117,8,639,1,80
1036,133,2,118,8,647,1,80
1037,133,2,119,5,652,222,50
1038,133,2,120,6,658,1,60
1039,133,2,121,8,666,1,80
1040,133,2,122,7,673,1,70
1041,133,2,123,6,679,265,60
1042,133,2,124,2,681,26,20
1043,133,2,125,5,686,54,50
1044,133,2,126,5,691,61,50
1045,133,2,127,9,700,71,90
1046,133,2,128,9,709,92,90
1047,133,2,129,3,712,27,30
1048,133,2,130,7,719,62,70
1049,133,2,131,7,726,80,70
1050,133,2,132,5,731,47,50
1051,133,2,133,4,735,42,40
1052,133,2,134,9,744,81,90
1053,133,2,135,4,748,42,40
1054,133,2,136,8,756,1,80
1055,133,2,137,5,761,120,50
1056,133,2,138,9,770,1,90
1057,133,2,139,7,777,169,70
1058,133,2,140,3,780,1,30
1059,133,2,141,2,782,59,20
1060,133,2,142,2,784,19,20
1061,133,2,143,3,787,27,30
1062,133,2,144,9,796,93,90
1063,133,2,145,3,799,1,30
1064,133,2,146,3,802,59,30
1065,133,2,147,8,810,73,80
1066,133,2,148,8,818,1,80
1067,133,2,149,8,826,164,80
1068,133,2,150,6,832,66,60
1069,133,2,151,3,835,36,30
1070,133,2,152,4,839,41,40
1071,133,2,153,5,844,1,50
1072,133,2,154,3,847,62,30
1073,133,2,155,3,850,1,30
1074,133,2,156,6,856,83,60
1075,133,2,157,5,861,58,50
1076,133,2,158,9,870,82,90
1077,133,2,159,9,879,90,90
1078,133,2,160,9,888,76,90
1079,133,2,161,2,890,28,20
1080,133,2,162,2,892,21,20
1081,133,2,163,7,899,63,70
1082,133,2,164,9,908,95,90
1083,133,2,165,3,911,27,30
1084,133,2,166,5,916,1,50
1085,133,2,167,4,920,1,40
1086,133,2,168,8,928,154,80
1087,133,2,169,8,936,82,80
1088,133,2,170,4,940,40,40
1089,133,2,171,7,947,58,70
1090,133,2,172,6,953,54,60
1091,133,2,173,9,962,1,90
1092,133,2,174,7,969,1,70
1093,133,2,175,5,974,209,50
1094,133,2,176,3,977,33,30
1095,133,2,177,6,983,51,60
1096,133,2,178,3,986,26,30
1097,133,2,179,4,990,49,40
1098,133,2,180,8,998,69,80
1099,133,2,181,9,1007,95,90
1100,133,2,182,2,1009,1,20
1101,133,2,183,3,1012,51,30
1102,133,2,184,3,1015,25,30
1103,133,2,185,3,1018,1,30
1104,133,2,186,2,1020,1,20
1105,133,2,187,3,1023,78,30
1106,133,2,188,8,1031,74,80
1107,133,2,189,6,1037,1,60
1108,133,2,190,2,1039,84,20
1109,133,2,191,4,1043,47,40
1110,133,2,192,2,1045,1,20
1111,133,2,193,8,1053,90,80
1112,133,2,194,8,1061,82,80
1113,133,2,195,8,1069,1,80
1114,133,2,196,3,1072,1,30
1115,133,2,197,4,1076,158,40
1116,133,2,198,5,1081,60,50
1117,133,2,199,8,1089,1,80
1118,133,2,200,6,1095,1,60
1119,133,2,201,5,1100,204,50
1120,133,2,202,3,1103,36,30
1121,133,2,203,5,1108,47,50
1122,133,2,204,7,1115,69,70
1123,133,2,205,2,1117,30,20
1124,133,2,206,4,1121,27,40
1125,133,2,207,5,1126,39,50
1126,133,2,208,2,1128,1,20
1127,133,2,209,8,1136,1,80
1128,133,2,210,5,1141,145,50
1129,133,2,211,7,1148,1,70
1130,133,2,212,9,1157,1,90
1131,133,2,213,9,1166,1,90
1132,133,2,214,6,1172,1,60
1133,133,2,215,9,1181,380,90
1134,133,2,216,8,1189,96,80
1135,133,2,217,5,1194,41,50
1136,133,2,218,8,1202,57,80
1137,133,2,219,2,1204,1,20
1138,133,2,220,7,1211,1,70
1139,133,2,221,3,1214,1,30
1140,133,2,222,2,1216,1,20
1141,133,2,223,8,1224,1,80
1142,133,2,224,2,1226,215,20
1143,133,2,225,2,1228,42,20
1144,133,2,226,8,1236,1,80
1145,133,2,227,6,1242,124,60
1146,133,2,228,5,1247,1,50
1147,133,2,229,6,1253,1,60
1148,133,2,230,5,1258,1,50
1149,133,2,231,4,1262,1,40
1150,133,2,232,2,1264,207,20
1151,133,2,233,4,1268,39,40
1152,133,2,234,6,1274,61,60
1153,133,2,235,7,1281,73,70
1154,133,2,236,6,1287,64,60
1155,133,2,237,8,1295,1,80
1156,133,2,238,2,1297,1,20
1157,133,2,239,4,1301,1,40
1158,133,2,240,4,1305,166,40
1159,133,2,241,3,1308,47,30
1160,133,2,242,6,1314,56,60
1161,133,2,243,2,1316,22,20
1162,133,2,244,3,1319,30,30
1163,133,2,245,5,1324,1,50
1164,133,2,246,3,1327,78,30
1165,133,2,247,3,1330,33,30
1166,133,2,248,8,1338,1,80
1167,133,2,249,3,1341,123,30
1168,133,2,250,9,1350,77,90
1169,133,2,251,8,1358,78,80
1170,133,2,252,3,1361,1,30
1171,133,2,253,2,1363,48,20
1172,133,2,254,8,1371,91,80
1173,133,2,255,9,1380,1,90
1174,133,2,256,5,1385,1,50
1175,133,2,257,7,1392,198,70
1176,133,2,258,6,1398,75,60
1177,133,2,259,2,1400,19,20
1178,133,2,260,6,1406,1,60
1179,133,2,261,7,1413,111,70
1180,133,2,262,5,1418,59,50
1181,133,2,263,7,1425,82,70
1182,133,2,264,9,1434,1,90
1183,133,2,265,6,1440,1,60
1184,133,2,266,5,1445,174,50
1185,133,2,267,6,1451,60,60
1186,133,2,268,5,1456,1,50
1187,133,2,269,2,1458,1,20
1188,133,2,270,3,1461,1,30
1189,133,2,271,8,1469,1,80
1190,133,2,272,7,1476,1,70
1191,133,2,273,9,1485,1,90
1192,133,2,274,6,1491,1,60
1193,133,2,275,2,1493,433,20
1194,133,2,276,6,1499,71,60
1195,133,2,277,8,1507,72,80
1196,133,2,278,7,1514,1,70
1197,133,2,279,2,1516,91,20
1198,133,2,280,2,1518,1,20
1199,133,2,281,4,1522,56,40
1200,133,2,282,9,1531,79,90
1201,133,2,283,2,1533,1,20
1202,133,2,284,9,1542,124,90
1203,133,2,285,3,1545,45,30
1204,133,2,286,6,1551,1,60
1205,133,2,287,4,1555,81,40
1206,133,2,288,4,1559,1,40
1207,133,2,289,5,1564,71,50
1208,133,2,290,3,1567,1,30
1209,133,2,291,7,1574,90,70
1210,133,2,292,9,1583,1,90
1211,133,2,293,9,1592,167,90
1212,133,2,294,6,1598,58,60
1213,133,2,295,5,1603,1,50
1214,133,2,296,7,1610,109,70
1215,133,2,297,6,1616,1,60
1216,133,2,298,4,1620,1,40
1217,133,2,299,7,1627,170,70
1218,133,2,300,6,1633,1,60
1219,133,2,301,3,1636,96,30
1220,133,2,302,5,1641,59,50
1221,133,2,303,3,1644,25,30
1222,133,2,304,9,1653,80,90
1223,133,2,305,9,1662,75,90
1224,133,2,306,4,1666,1,40
1225,133,2,307,5,1671,102,50
1226,133,2,308,8,1679,1,80
1227,133,2,309,2,1681,105,20
1228,133,2,310,6,1687,1,60
1229,133,2,311,2,1689,72,20
1230,133,2,312,2,1691,20,20
1231,133,2,313,2,1693,12,20
1232,133,2,314,3,1696,31,30
1233,133,2,315,9,1705,82,90
1234,133,2,316,8,1713,80,80
1235,133,2,317,4,1717,1,40
1236,133,2,318,5,1722,68,50
1237,133,2,319,3,1725,1,30
1238,133,2,320,6,1731,107,60
1239,133,2,321,9,1740,86,90
1240,133,2,322,2,1742,18,20
1241,133,2,323,4,1746,1,40
1242,133,2,324,3,1749,1,30
1243,133,2,325,6,1755,123,60
1244,133,2,326,7,1762,72,70
1245,133,2,327,6,1768,1,60
1246,133,2,328,5,1773,111,50
1247,133,2,329,3,1776,38,30
1248,133,2,330,6,1782,60,60
1249,133,2,331,5,1787,44,50
1250,133,2,332,3,1790,1,30
1251,133,2,333,7,1797,79,70
1252,133,2,334,8,1805,84,80
1253,133,2,335,2,1807,1,20
1254,133,2,336,5,1812,90,50
1255,133,2,337,4,1816,1,40
1256,133,2,338,2,1818,51,20
1257,133,2,339,8,1826,1,80
1258,133,2,340,3,1829,1,30
1259,133,2,341,8,1837,175,80
1260,133,2,342,5,1842,1,50
1261,133,2,343,4,1846,107,40
1262,133,2,344,8,1854,78,80
1263,133,2,345,2,1856,1,20
1264,133,2,346,4,1860,1,40
1265,133,2,347,4,1864,96,40
1266,133,2,348,6,1870,1,60
1267,133,2,349,4,1874,97,40
1268,133,2,350,5,1879,65,50
1269,133,2,351,9,1888,1,90
1270,133,2,352,4,1892,118,40
1271,133,2,353,8,1900,90,80
1272,133,2,354,8,1908,1,80
1273,133,2,355,4,1912,112,40
1274,133,2,356,6,1918,77,60
1275,133,2,357,7,1925,72,70
1276,133,2,358,9,1934,102,90
1277,133,2,359,9,1943,97,90
1278,133,2,360,3,1946,1,30
1279,133,2,361,9,1955,1,90
1280,133,2,362,6,1961,170,60
1281,133,2,363,8,1969,92,80
1282,133,2,364,8,1977,83,80
1283,133,2,365,7,1984,1,70
1284,133,2,366,2,1986,103,20
1285,133,2,367,3,1989,23,30
1286,133,2,368,4,1993,1,40
1287,133,2,369,7,2000,1,70
1288,133,2,370,8,2008,1,80
1289,133,2,371,9,2017,268,90
1290,133,2,372,8,2025,1,80
1291,133,2,373,6,2031,130,60
1292,133,2,374,2,2033,47,20
1293,133,2,375,5,2038,56,50
1294,133,2,376,7,2045,1,70
1295,133,2,377,2,2047,88,20
1296,133,2,378,8,2055,1,80
1297,133,2,379,2,2057,115,20
1298,133,2,380,6,2063,61,60
1299,133,2,381,3,2066,1,30
1300,133,2,382,9,2075,120,90
1301,133,2,383,3,2078,37,30
1302,133,2,384,7,2085,1,70
1303,133,2,385,7,2092,123,70
1304,133,2,386,3,2095,1,30
1305,133,2,387,2,2097,48,20
1306,133,2,388,8,2105,60,80
1307,133,2,389,3,2108,1,30
1308,133,2,390,9,2117,111,90
1309,133,2,391,7,2124,1,70
1310,133,2,392,8,2132,1,80
1311,133,2,393,7,2139,214,70
1312,133,2,394,7,2146,83,70
1313,133,2,395,3,2149,47,30
1314,133,2,396,2,2151,21,20
1315,133,2,397,9,2160,95,90
1316,133,2,398,5,2165,37,50
1317,133,2,399,8,2173,69,80
1318,133,2,400,8,2181,1,80
1319,133,2,401,6,2187,158,60
1320,133,2,402,4,2191,40,40
1321,133,2,403,3,2194,37,30
1322,133,2,404,3,2197,28,30
1323,133,2,405,4,2201,1,40
1324,133,2,406,9,2210,125,90
1325,133,2,407,2,2212,17,20
1326,133,2,408,5,2217,49,50
1327,133,2,409,5,2222,1,50
1328,133,2,410,6,2228,1,60
1329,133,2,411,5,2233,155,50
1330,133,2,412,8,2241,81,80
1331,133,2,413,2,2243,1,20
1332,133,2,414,3,2246,44,30
1333,133,2,415,5,2251,50,50
1334,133,2,416,6,2257,71,60
1335,133,2,417,8,2265,82,80
1336,133,2,418,5,2270,51,50
1337,133,2,419,3,2273,31,30
1338,133,2,420,9,2282,94,90
1339,133,2,421,5,2287,56,50
1340,133,2,422,3,2290,1,30
1341,133,2,423,3,2293,1,30
1342,133,2,424,9,2302,1,90
1343,133,2,425,2,2304,179,20
1344,133,2,426,2,2306,22,20
1345,133,2,427,3,2309,27,30
1346,133,2,428,4,2313,30,40
1347,133,2,429,2,2315,21,20
1348,133,2,430,5,2320,1,50
1349,133,2,431,5,2325,1,50
1350,133,2,432,8,2333,161,80
1351,133,2,433,6,2339,75,60
1352,133,2,434,3,2342,21,30
1353,133,2,435,4,2346,1,40
1354,133,2,436,6,2352,102,60
1355,133,2,437,5,2357,53,50
1356,133,2,438,2,2359,26,20
1357,133,2,439,4,2363,48,40
1358,133,2,440,2,2365,28,20
1359,133,2,441,9,2374,98,90
1360,133,2,442,8,2382,1,80
1361,133,2,443,4,2386,103,40
1362,133,2,444,3,2389,1,30
1363,133,2,445,8,2397,102,80
1364,133,2,446,4,2401,38,40
1365,133,2,447,7,2408,1,70
1366,133,2,448,2,2410,75,20
1367,133,2,449,5,2415,42,50
1368,133,2,450,5,2420,49,50
1369,133,2,451,4,2424,43,40
1370,133,2,452,8,2432,67,80
1371,133,2,453,8,2440,79,80
1372,133,2,454,4,2444,46,40
1373,133,2,455,6,2450,62,60
1374,133,2,456,8,2458,1,80
1375,133,2,457,5,2463,117,50
1376,133,2,458,4,2467,50,40
1377,133,2,459,5,2472,1,50
1378,133,2,460,5,2477,1,50
1379,133,2,461,9,2486,1,90
1380,133,2,462,2,2488,197,20
1381,133,2,463,9,2497,1,90
1382,133,2,464,2,2499,1,20
1383,133,2,465,3,2502,1,30
1384,133,2,466,5,2507,181,50
1385,133,2,467,8,2515,78,80
1386,133,2,468,3,2518,1,30
1387,133,2,469,5,2523,1,50
1388,133,2,470,4,2527,1,40
1389,133,2,471,4,2531,1,40
1390,133,2,472,6,2537,211,60
1391,133,2,473,9,2546,91,90
1392,133,2,474,4,2550,40,40
1393,133,2,475,7,2557,67,70
1394,133,2,476,3,2560,1,30
1395,133,2,477,7,2567,101,70
1396,133,2,478,9,2576,99,90
1397,133,2,479,5,2581,42,50
1398,133,2,480,9,2590,99,90
1399,133,2,481,6,2596,1,60
1400,133,2,482,7,2603,134,70
1401,133,2,483,6,2609,59,60
1402,133,2,484,3,2612,1,30
1403,133,2,485,4,2616,67,40
1404,133,2,486,8,2624,81,80
1405,133,2,487,9,2633,1,90
1406,133,2,488,3,2636,118,30
1407,133,2,489,9,2645,90,90
1408,133,2,490,3,2648,31,30
1409,133,2,491,9,2657,106,90
1410,133,2,492,6,2663,59,60
1411,133,2,493,3,2666,28,30
1412,133,2,494,4,2670,1,40
1413,133,2,495,2,2672,59,20
1414,133,2,496,9,2681,79,90
1415,133,2,497,6,2687,56,60
1416,133,2,498,9,2696,1,90
1417,133,2,499,9,2705,1,90
1418,133,2,500,5,2710,208,50
1419,133,2,501,5,2715,64,50
1420,133,2,502,7,2722,1,70
1421,133,2,503,8,2730,164,80
1422,133,2,504,2,2732,1,20
1423,133,2,505,3,2735,61,30
1424,133,2,506,5,2740,1,50
1425,133,2,507,3,2743,1,30
1426,133,2,508,8,2751,154,80
1427,133,2,509,5,2756,33,50
1428,133,2,510,6,2762,53,60
1429,133,2,511,7,2769,1,70
1430,133,2,512,3,2772,1,30
1431,133,2,513,9,2781,1,90
1432,133,2,514,8,2789,261,80
1433,133,2,515,3,2792,43,30
1434,133,2,516,6,2798,69,60
1435,133,2,517,6,2804,62,60
1436,133,2,518,9,2813,83,90
1437,133,2,519,9,2822,90,90
1438,133,2,520,9,2831,1,90
1439,133,2,521,8,2839,157,80
1440,133,2,522,9,2848,1,90
1441,133,2,523,4,2852,151,40
1442,133,2,524,4,2856,49,40
1443,133,2,525,9,2865,84,90
1444,133,2,526,8,2873,80,80
1445,133,2,527,3,2876,1,30
1446,133,2,528,2,2878,51,20
1447,133,2,529,7,2885,59,70
1448,133,2,530,6,2891,65,60
1449,133,2,531,2,2893,24,20
1450,133,2,532,6,2899,1,60
1451,133,2,533,2,2901,75,20
1452,133,2,534,4,2905,1,40
1453,133,2,535,8,2913,1,80
1454,133,2,536,4,2917,1,40
1455,133,2,537,3,2920,1,30
1456,133,2,538,6,2926,1,60
1457,133,2,539,6,2932,296,60
1458,133,2,540,5,2937,1,50
1459,133,2,541,4,2941,102,40
1460,133,2,542,8,2949,1,80
1461,133,2,543,2,2951,97,20
1462,133,2,544,4,2955,48,40
1463,133,2,545,5,2960,1,50
1464,133,2,546,5,2965,1,50
1465,133,2,547,5,2970,1,50
1466,133,2,548,6,2976,197,60
1467,133,2,549,7,2983,1,70
1468,133,2,550,7,2990,140,70
1469,133,2,551,7,2997,1,70
1470,133,2,552,6,3003,122,60
1471,133,2,553,8,3011,87,80
1472,133,2,554,3,3014,1,30
1473,133,2,555,3,3017,48,30
1474,133,2,556,8,3025,1,80
1475,133,2,557,4,3029,106,40
1476,133,2,558,2,3031,33,20
1477,133,2,559,7,3038,1,70
1478,133,2,560,4,3042,113,40
1479,133,2,561,6,3048,1,60
1480,133,2,562,5,3053,104,50
1481,133,2,563,9,3062,76,90
1482,133,2,564,5,3067,49,50
1483,133,2,565,3,3070,1,30
1484,133,2,566,7,3077,90,70
1485,133,2,567,9,3086,109,90
1486,133,2,568,8,3094,66,80
1487,133,2,569,6,3100,1,60
1488,133,2,570,3,3103,1,30
1489,133,2,571,4,3107,1,40
1490,133,2,572,8,3115,210,80
1491,133,2,573,8,3123,98,80
1492,133,2,574,4,3127,1,40
1493,133,2,575,6,3133,1,60
1494,133,2,576,9,3142,215,90
1495,133,2,577,4,3146,56,40
1496,133,2,578,8,3154,1,80
1497,133,2,579,8,3162,137,80
1498,133,2,580,3,3165,41,30
1499,133,2,581,9,3174,81,90
1500,133,2,582,6,3180,83,60
1501,133,2,583,5,3185,57,50
1502,133,2,584,2,3187,25,20
1503,133,2,585,7,3194,58,70
1504,133,2,586,6,3200,68,60
1505,133,2,587,3,3203,28,30
1506,133,2,588,8,3211,90,80
1507,133,2,589,2,3213,34,20
1508,133,2,590,8,3221,1,80
1509,133,2,591,5,3226,126,50
1510,133,2,592,6,3232,77,60
1511,133,2,593,3,3235,47,30
1512,133,2,594,2,3237,27,20
1513,133,2,595,9,3246,69,90
1514,133,2,596,3,3249,24,30
1515,133,2,597,9,3258,66,90
1516,133,2,598,5,3263,62,50
1517,133,2,599,7,3270,1,70
1518,133,2,600,4,3274,1,40
1519,133,2,601,7,3281,187,70
1520,133,2,602,9,3290,100,90
1521,133,2,603,3,3293,1,30
1522,133,2,604,3,3296,1,30
1523,133,2,605,2,3298,97,20
1524,133,2,606,5,3303,1,50
1525,133,2,607,4,3307,94,40
1526,133,2,608,8,3315,1,80
1527,133,2,609,7,3322,142,70
1528,133,2,610,5,3327,1,50
1529,133,2,611,5,3332,98,50
1530,133,2,612,8,3340,70,80
1531,133,2,613,4,3344,43,40
1532,133,2,614,8,3352,77,80
1533,133,2,615,2,3354,24,20
1534,133,2,616,5,3359,51,50
1535,133,2,617,5,3364,1,50
1536,133,2,618,8,3372,132,80
1537,133,2,619,6,3378,1,60
1538,133,2,620,7,3385,130,70
1539,133,2,621,4,3389,52,40
1540,133,2,622,4,3393,42,40
1541,133,2,623,3,3396,34,30
1542,133,2,624,9,3405,86,90
1543,133,2,625,8,3413,85,80
1544,133,2,626,3,3416,33,30
1545,133,2,627,7,3423,65,70
1546,133,2,628,5,3428,54,50
1547,133,2,629,9,3437,92,90
1548,133,2,630,5,3442,1,50
1549,133,2,631,4,3446,94,40
1550,133,2,632,8,3454,1,80
1551,133,2,633,9,3463,162,90
1552,133,2,634,9,3472,106,90
1553,133,2,635,2,3474,24,20
1554,133,2,636,7,3481,78,70
1555,133,2,637,8,3489,92,80
1556,133,2,638,4,3493,1,40
1557,133,2,639,5,3498,1,50
1558,133,2,640,8,3506,147,80
1559,133,2,641,7,3513,62,70
1560,133,2,642,5,3518,41,50
1561,133,2,643,6,3524,59,60
1562,133,2,644,2,3526,20,20
1563,133,2,645,9,3535,1,90
1564,133,2,646,4,3539,111,40
1565,133,2,647,7,3546,1,70
1566,133,2,648,7,3553,150,70
1567,133,2,649,8,3561,90,80
1568,133,2,650,8,3569,1,80
1569,133,2,651,2,3571,103,20
1570,133,2,652,9,3580,102,90
1571,133,2,653,2,3582,25,20
1572,133,2,654,8,3590,68,80
1573,133,2,655,6,3596,57,60
1574,133,2,656,4,3600,33,40
1575,133,2,657,2,3602,21,20
1576,133,2,658,6,3608,63,60
1577,133,2,659,3,3611,1,30
1578,133,2,660,6,3617,79,60
1579,133,2,661,9,3626,74,90
1580,133,2,662,5,3631,53,50
1581,133,2,663,4,3635,37,40
1582,133,2,664,8,3643,1,80
1583,133,2,665,3,3646,1,30
1584,133,2,666,9,3655,1,90
1585,133,2,667,7,3662,280,70
1586,133,2,668,7,3669,77,70
1587,133,2,669,6,3675,56,60
1588,133,2,670,8,3683,1,80
1589,133,2,671,3,3686,100,30
1590,133,2,672,9,3695,70,90
1591,133,2,673,9,3704,83,90
1592,133,2,674,4,3708,41,40
1593,133,2,675,6,3714,62,60
1594,133,2,676,7,3721,60,70
1595,133,2,677,4,3725,1,40
1596,133,2,678,2,3727,63,20
1597,133,2,679,9,3736,92,90
1598,133,2,680,8,3744,1,80
1599,133,2,681,3,3747,1,30
1600,133,2,682,5,3752,1,50
1601,133,2,683,3,3755,1,30
1602,133,2,684,2,3757,205,20
1603,133,2,685,5,3762,1,50
1604,133,2,686,6,3768,1,60
1605,133,2,687,3,3771,1,30
1606,133,2,688,9,3780,204,90
1607,133,2,689,6,3786,59,60
1608,133,2,690,3,3789,32,30
1609,133,2,691,8,3797,1,80
1610,133,2,692,7,3804,1,70
1611,133,2,693,3,3807,191,30
1612,133,2,694,8,3815,91,80
1613,133,2,695,2,3817,22,20
1614,133,2,696,8,3825,73,80
1615,133,2,697,2,3827,24,20
1616,133,2,698,5,3832,47,50
1617,133,2,699,4,3836,1,40
1618,133,2,700,3,3839,1,30
1619,133,2,701,5,3844,115,50
1620,133,2,702,7,3851,1,70
1621,133,2,703,5,3856,1,50
1622,133,2,704,4,3860,185,40
1623,133,2,705,9,3869,94,90
1624,133,2,706,2,3871,34,20
1625,133,2,707,4,3875,50,40
1626,133,2,708,4,3879,34,40
1627,133,2,709,6,3885,1,60
1628,133,2,710,6,3891,99,60
1629,133,2,711,7,3898,1,70
1630,133,2,712,8,3906,1,80
1631,133,2,713,3,3909,150,30
1632,133,2,714,5,3914,1,50
1633,133,2,715,7,3921,1,70
1634,133,2,716,8,3929,197,80
1635,133,2,717,7,3936,1,70
1636,133,2,718,7,3943,1,70
1637,133,2,719,5,3948,1,50
1638,133,2,720,7,3955,257,70
1639,133,2,721,8,3963,1,80
1640,133,2,722,3,3966,1,30
1641,133,2,723,4,3970,1,40
1642,133,2,724,6,3976,231,60
1643,133,2,725,6,3982,68,60
1644,133,2,726,5,3987,48,50
1645,133,2,727,3,3990,1,30
1646,133,2,728,9,3999,106,90
1647,133,2,729,2,4001,21,20
1648,133,2,730,9,4010,1,90
1649,133,2,731,5,4015,1,50
1650,133,2,732,6,4021,176,60
1651,133,2,733,2,4023,1,20
1652,133,2,734,3,4026,60,30
1653,133,2,735,4,4030,38,40
1654,133,2,736,5,4035,1,50
1655,133,2,737,6,4041,127,60
1656,133,2,738,7,4048,97,70
1657,133,2,739,4,4052,34,40
1658,133,2,740,7,4059,76,70
1659,133,2,741,2,4061,29,20
1660,133,2,742,6,4067,60,60
1661,133,2,743,9,4076,91,90
1662,133,2,744,8,4084,94,80
1663,133,2,745,4,4088,1,40
1664,133,2,746,3,4091,1,30
1665,133,2,747,9,4100,1,90
1666,133,2,748,6,4106,179,60
1667,133,2,749,3,4109,1,30
1668,133,2,750,4,4113,1,40
1669,133,2,751,8,4121,154,80
1670,133,2,752,4,4125,1,40
1671,133,2,753,7,4132,1,70
1672,133,2,754,3,4135,1,30
1673,133,2,755,7,4142,205,70
1674,133,2,756,8,4150,97,80
1675,133,2,757,3,4153,30,30
1676,133,2,758,8,4161,88,80
1677,133,2,759,8,4169,1,80
1678,133,2,760,2,4171,1,20
1679,133,2,761,3,4174,1,30
1680,133,2,762,9,4183,1,90
1681,133,2,763,4,4187,1,40
1682,133,2,764,5,4192,320,50
1683,133,2,765,2,4194,1,20
1684,133,2,766,3,4197,67,30
1685,133,2,767,7,4204,1,70
1686,133,2,768,5,4209,1,50
1687,133,2,769,3,4212,150,30
1688,133,2,770,5,4217,1,50
1689,133,2,771,4,4221,1,40
1690,133,2,772,4,4225,128,40
1691,133,2,773,5,4230,1,50
1692,133,2,774,7,4237,104,70
1693,133,2,775,7,4244,1,70
1694,133,2,776,5,4249,1,50
1695,133,2,777,4,4253,153,40
1696,133,2,778,9,4262,94,90
1697,133,2,779,4,4266,1,40
1698,133,2,780,9,4275,152,90
1699,133,2,781,3,4278,1,30
1700,133,2,782,7,4285,100,70
1701,133,2,783,6,4291,63,60
1702,133,2,784,9,4300,90,90
1703,133,2,785,4,4304,42,40
1704,133,2,786,5,4309,56,50
1705,133,2,787,6,4315,56,60
1706,133,2,788,7,4322,72,70
1707,133,2,789,4,4326,1,40
1708,133,2,790,5,4331,1,50
1709,133,2,791,2,4333,90,20
1710,133,2,792,9,4342,1,90
1711,133,2,793,5,4347,143,50
1712,133,2,794,5,4352,1,50
1713,133,2,795,5,4357,1,50
1714,133,2,796,8,4365,1,80
1715,133,2,797,3,4368,210,30
1716,133,2,798,4,4372,56,40
1717,133,2,799,6,4378,68,60
1718,133,2,800,7,4385,73,70
1719,133,2,801,9,4394,1,90
1720,133,2,802,6,4400,1,60
1721,133,2,803,5,4405,1,50
1722,133,2,804,2,4407,1,20
1723,133,2,805,3,4410,255,30
1724,133,2,806,2,4412,30,20
1725,133,2,807,9,4421,100,90
1726,133,2,808,9,4430,85,90
1727,133,2,809,3,4433,37,30
1728,133,2,810,9,4442,81,90
1729,133,2,811,3,4445,1,30
1730,133,2,812,7,4452,1,70
1731,133,2,813,7,4459,174,70
1732,133,2,814,9,4468,1,90
1733,133,2,815,6,4474,130,60
1734,133,2,816,6,4480,58,60
1735,133,2,817,2,4482,27,20
1736,133,2,818,9,4491,1,90
1737,133,2,819,8,4499,186,80
1738,133,2,820,6,4505,63,60
1739,133,2,821,2,4507,1,20
1740,133,2,822,4,4511,1,40
1741,133,2,823,9,4520,1,90
1742,133,2,824,4,4524,178,40
1743,133,2,825,7,4531,1,70
1744,133,2,826,6,4537,133,60
1745,133,2,827,8,4545,1,80
1746,133,2,828,8,4553,155,80
1747,133,2,829,4,4557,44,40
1748,133,2,830,5,4562,44,50
1749,133,2,831,8,4570,72,80
1750,133,2,832,6,4576,55,60
1751,133,2,833,9,4585,1,90
1752,133,2,834,3,4588,109,30
1753,133,2,835,4,4592,39,40
1754,133,2,836,8,4600,60,80
1755,133,2,837,7,4607,1,70
1756,133,2,838,4,4611,1,40
1757,133,2,839,8,4619,1,80
1758,133,2,840,6,4625,236,60
1759,133,2,841,2,4627,35,20
1760,133,2,842,7,4634,1,70
1761,133,2,843,3,4637,95,30
1762,133,2,844,9,4646,1,90
1763,133,2,845,9,4655,196,90
1764,133,2,846,8,4663,78,80
1765,133,2,847,6,4669,1,60
1766,133,2,848,5,4674,1,50
1767,133,2,849,8,4682,192,80
1768,133,2,850,2,4684,28,20
1769,133,2,851,9,4693,81,90
1770,133,2,852,4,4697,1,40
1771,133,2,853,5,4702,106,50
1772,133,2,854,2,4704,15,20
1773,133,2,855,4,4708,42,40
1774,133,2,856,2,4710,23,20
1775,133,2,857,8,4718,1,80
1776,133,2,858,9,4727,1,90
1777,133,2,859,6,4733,237,60
1778,133,2,860,9,4742,103,90
1779,133,2,861,9,4751,95,90
1780,133,2,862,9,4760,100,90
1781,133,2,863,6,4766,71,60
1782,133,2,864,5,4771,48,50
1783,133,2,865,5,4776,52,50
1784,133,2,866,6,4782,1,60
1785,133,2,867,9,4791,152,90
1786,133,2,868,8,4799,92,80
1787,133,2,869,2,4801,1,20
1788,133,2,870,4,4805,67,40
1789,133,2,871,9,4814,75,90
1790,133,2,872,4,4818,1,40
1791,133,2,873,3,4821,1,30
1792,133,2,874,5,4826,89,50
1793,133,2,875,8,4834,70,80
1794,133,2,876,8,4842,1,80
1795,133,2,877,2,4844,101,20
1796,133,2,878,4,4848,43,40
1797,133,2,879,4,4852,1,40
1798,133,2,880,4,4856,81,40
1799,133,2,881,8,4864,1,80
1800,133,2,882,5,4869,124,50
1801,133,2,883,4,4873,48,40
1802,133,2,884,4,4877,37,40
1803,133,2,885,5,4882,61,50
1804,133,2,886,6,4888,61,60
1805,133,2,887,4,4892,38,40
1806,133,2,888,2,4894,21,20
1807,133,2,889,6,4900,1,60
1808,133,2,890,5,4905,111,50
1809,133,2,891,8,4913,88,80
1810,133,2,892,8,4921,77,80
1811,133,2,893,8,4929,74,80
1812,133,2,894,8,4937,1,80
1813,133,2,895,8,4945,151,80
1814,133,2,896,3,4948,1,30
1815,133,2,897,7,4955,100,70
1816,133,2,898,7,4962,1,70
1817,133,2,899,3,4965,1,30
1818,133,2,900,3,4968,131,30
1819,133,2,901,2,4970,1,20
1820,133,2,902,8,4978,97,80
1821,133,2,903,5,4983,1,50
1822,133,2,904,5,4988,1,50
1823,133,2,905,2,4990,1,20
1824,133,2,906,5,4995,168,50
1825,133,3,1,5,5,1,50
1826,133,3,2,5,10,116,50
1827,133,3,3,3,13,32,30
1828,133,3,4,2,15,1,20
1829,133,3,5,2,17,38,20
1830,133,3,6,8,25,1,80
1831,133,3,7,9,34,1,90
1832,133,3,8,7,41,1,70
1833,133,3,9,5,46,276,50
1834,133,3,10,4,50,53,40
1835,133,3,11,7,57,1,70
1836,133,3,12,5,62,106,50
1837,133,3,13,6,68,51,60
1838,133,3,14,4,72,1,40
1839,133,3,15,5,77,75,50
1840,133,3,16,6,83,1,60
1841,133,3,17,9,92,144,90
1842,133,3,18,4,96,52,40
1843,133,3,19,2,98,23,20
1844,133,3,20,6,104,1,60
1845,133,3,21,6,110,112,60
1846,133,3,22,5,115,51,50
1847,133,3,23,2,117,1,20
1848,133,3,24,7,124,86,70
1849,133,3,25,4,128,1,40
1850,133,3,26,4,132,87,40
1851,133,3,27,6,138,62,60
1852,133,3,28,9,147,77,90
1853,133,3,29,2,149,1,20
1854,133,3,30,9,158,1,90
1855,133,3,31,4,162,133,40
1856,133,3,32,6,168,55,60
1857,133,3,33,7,175,66,70
1858,133,3,34,4,179,1,40
1859,133,3,35,9,188,1,90
1860,133,3,36,4,192,157,40
1861,133,3,37,7,199,66,70
1862,133,3,38,8,207,84,80
1863,133,3,39,2,209,21,20
1864,133,3,40,7,216,1,70
1865,133,3,41,5,221,110,50
1866,133,3,42,6,227,66,60
1867,133,3,43,9,236,104,90
1868,133,3,44,6,242,1,60
1869,133,3,45,5,247,105,50
1870,133,3,46,9,256,92,90
1871,133,3,47,6,262,62,60
1872,133,3,48,3,265,1,30
1873,133,3,49,4,269,77,40
1874,133,3,50,9,278,1,90
1875,133,3,51,7,285,1,70
1876,133,3,52,6,291,1,60
1877,133,3,53,9,300,1,90
1878,133,3,54,2,302,300,20
1879,133,3,55,9,311,127,90
1880,133,3,56,8,319,78,80
1881,133,3,57,2,321,13,20
1882,133,3,58,4,325,36,40
1883,133,3,59,4,329,41,40
1884,133,3,60,3,332,1,30
1885,133,3,61,6,338,72,60
1886,133,3,62,4,342,40,40
1887,133,3,63,8,350,71,80
1888,133,3,64,7,357,76,70
1889,133,3,65,4,361,37,40
1890,133,3,66,2,363,18,20
1891,133,3,67,9,372,1,90
1892,133,3,68,7,379,141,70
1893,133,3,69,8,387,89,80
1894,133,3,70,7,394,74,70
1895,133,3,71,3,397,25,30
1896,133,3,72,6,403,54,60
1897,133,3,73,8,411,67,80
1898,133,3,74,5,416,1,50
1899,133,3,75,7,423,116,70
1900,133,3,76,9,432,90,90
1901,133,3,77,3,435,1,30
1902,133,3,78,7,442,100,70
1903,133,3,79,6,448,66,60
1904,133,3,80,9,457,79,90
1905,133,3,81,3,460,33,30
1906,133,3,82,9,469,96,90
1907,133,3,83,5,474,1,50
1908,133,3,84,8,482,122,80
1909,133,3,85,6,488,52,60
1910,133,3,86,8,496,89,80
1911,133,3,87,7,503,69,70
1912,133,3,88,6,509,60,60
1913,133,3,89,5,514,43,50
1914,133,3,90,2,516,1,20
1915,133,3,91,3,519,1,30
1916,133,3,92,9,528,1,90
1917,133,3,93,2,530,148,20
1918,133,3,94,8,538,81,80
1919,133,3,95,8,546,85,80
1920,133,3,96,7,553,59,70
1921,133,3,97,6,559,1,60
1922,133,3,98,5,564,107,50
1923,133,3,99,2,566,1,20
1924,133,3,100,3,569,53,30
1925,133,3,101,2,571,24,20
1926,133,3,102,4,575,37,40
1927,133,3,103,8,583,1,80
1928,133,3,104,4,587,113,40
1929,133,3,105,9,596,1,90
1930,133,3,106,6,602,145,60
1931,133,3,107,3,605,49,30
1932,133,3,108,5,610,1,50
1933,133,3,109,5,615,1,50
1934,133,3,110,3,618,124,30
1935,133,3,111,3,621,29,30
1936,133,3,112,5,626,1,50
1937,133,3,113,8,634,128,80
1938,133,3,114,5,639,1,50
1939,133,3,115,6,645,1,60
1940,133,3,116,8,653,1,80
1941,133,3,117,9,662,271,90
1942,133,3,118,5,667,1,50
1943,133,3,119,9,676,141,90
1944,133,3,120,6,682,1,60
1945,133,3,121,4,686,121,40
1946,133,3,122,3,689,1,30
1947,133,3,123,2,691,45,20
1948,133,3,124,9,700,1,90
1949,133,3,125,6,706,1,60
1950,133,3,126,2,708,166,20
1951,133,3,127,3,711,36,30
1952,133,3,128,4,715,51,40
1953,133,3,129,6,721,1,60
1954,133,3,130,8,729,136,80
1955,133,3,131,8,737,1,80
1956,133,3,132,2,739,1,20
1957,133,3,133,8,747,175,80
1958,133,3,134,2,749,36,20
1959,133,3,135,4,753,40,40
1960,133,3,136,8,761,86,80
1961,133,3,137,9,770,1,90
1962,133,3,138,6,776,173,60
1963,133,3,139,3,779,28,30
1964,133,3,140,2,781,22,20
1965,133,3,141,6,787,56,60
1966,133,3,142,5,792,1,50
1967,133,3,143,9,801,119,90
1968,133,3,144,5,806,61,50
1969,133,3,145,4,810,32,40
1970,133,3,146,4,814,51,40
1971,133,3,147,7,821,1,70
1972,133,3,148,6,827,140,60
1973,133,3,149,6,833,60,60
1974,133,3,150,9,842,83,90
1975,133,3,151,9,851,1,90
1976,133,3,152,7,858,1,70
1977,133,3,153,3,861,176,30
1978,133,3,154,4,865,41,40
1979,133,3,155,2,867,17,20
1980,133,3,156,3,870,1,30
1981,133,3,157,2,872,63,20
1982,133,3,158,2,874,1,20
1983,133,3,159,6,880,1,60
1984,133,3,160,7,887,134,70
1985,133,3,161,7,894,1,70
1986,133,3,162,4,898,1,40
1987,133,3,163,6,904,1,60
1988,133,3,164,6,910,229,60
1989,133,3,165,6,916,65,60
1990,133,3,166,5,921,48,50
1991,133,3,167,6,927,57,60
1992,133,3,168,3,930,39,30
1993,133,3,169,9,939,100,90
1994,133,3,170,7,946,74,70
1995,133,3,171,4,950,47,40
1996,133,3,172,9,959,1,90
1997,133,3,173,5,964,143,50
1998,133,3,174,8,972,77,80
1999,133,3,175,2,974,26,20
2000,133,3,176,2,976,15,20
2001,133,3,177,8,984,88,80
2002,133,3,178,5,989,58,50
2003,133,3,179,7,996,64,70
2004,133,3,180,4,1000,43,40
2005,133,3,181,9,1009,82,90
2006,133,3,182,7,1016,65,70
2007,133,3,183,4,1020,1,40
2008,133,3,184,7,1027,1,70
2009,133,3,185,5,1032,148,50
2010,133,3,186,5,1037,61,50
2011,133,3,187,8,1045,82,80
2012,133,3,188,9,1054,86,90
2013,133,3,189,6,1060,70,60
2014,133,3,190,5,1065,50,50
2015,133,3,191,9,1074,1,90
2016,133,3,192,5,1079,1,50
2017,133,3,193,8,1087,208,80
2018,133,3,194,4,1091,41,40
2019,133,3,195,2,1093,32,20
2020,133,3,196,5,1098,1,50
2021,133,3,197,7,1105,109,70
2022,133,3,198,2,1107,1,20
2023,133,3,199,6,1113,73,60
2024,133,3,200,9,1122,78,90
2025,133,3,201,3,1125,41,30
2026,133,3,202,7,1132,1,70
2027,133,3,203,7,1139,1,70
2028,133,3,204,6,1145,1,60
2029,133,3,205,6,1151,1,60
2030,133,3,206,3,1154,262,30
2031,133,3,207,6,1160,77,60
2032,133,3,208,3,1163,17,30
2033,133,3,209,8,1171,1,80
2034,133,3,210,3,1174,1,30
2035,133,3,211,4,1178,142,40
2036,133,3,212,7,1185,65,70
2037,133,3,213,3,1188,40,30
2038,133,3,214,9,1197,73,90
2039,133,3,215,2,1199,30,20
2040,133,3,216,7,1206,72,70
2041,133,3,217,9,1215,93,90
2042,133,3,218,2,1217,25,20
2043,133,3,219,2,1219,1,20
2044,133,3,220,6,1225,1,60
2045,133,3,221,5,1230,1,50
2046,133,3,222,5,1235,165,50
2047,133,3,223,7,1242,1,70
2048,133,3,224,2,1244,1,20
2049,133,3,225,2,1246,127,20
2050,133,3,226,5,1251,64,50
2051,133,3,227,5,1256,57,50
2052,133,3,228,8,1264,73,80
2053,133,3,229,6,1270,63,60
2054,133,3,230,4,1274,38,40
2055,133,3,231,9,1283,78,90
2056,133,3,232,9,1292,89,90
2057,133,3,233,4,1296,1,40
2058,133,3,234,9,1305,135,90
2059,133,3,235,2,1307,22,20
2060,133,3,236,7,1314,69,70
2061,133,3,237,8,1322,73,80
2062,133,3,238,6,1328,1,60
2063,133,3,239,9,1337,154,90
2064,133,3,240,3,1340,1,30
2065,133,3,241,4,1344,75,40
2066,133,3,242,8,1352,1,80
2067,133,3,243,5,1357,121,50
2068,133,3,244,9,1366,1,90
2069,133,3,245,4,1370,1,40
2070,133,3,246,9,1379,204,90
2071,133,3,247,9,1388,100,90
2072,133,3,248,4,1392,39,40
2073,133,3,249,5,1397,1,50
2074,133,3,250,8,1405,1,80
2075,133,3,251,7,1412,1,70
2076,133,3,252,2,1414,214,20
2077,133,3,253,2,1416,1,20
2078,133,3,254,6,1422,76,60
2079,133,3,255,8,1430,1,80
2080,133,3,256,2,1432,1,20
2081,133,3,257,5,1437,1,50
2082,133,3,258,4,1441,172,40
2083,133,3,259,4,1445,68,40
2084,133,3,260,9,1454,91,90
2085,133,3,261,6,1460,1,60
2086,133,3,262,4,1464,102,40
2087,133,3,263,4,1468,47,40
2088,133,3,264,4,1472,1,40
2089,133,3,265,3,1475,1,30
2090,133,3,266,3,1478,81,30
2091,133,3,267,4,1482,45,40
2092,133,3,268,5,1487,52,50
2093,133,3,269,9,1496,1,90
2094,133,3,270,2,1498,1,20
2095,133,3,271,8,1506,174,80
2096,133,3,272,2,1508,1,20
2097,133,3,273,6,1514,1,60
2098,133,3,274,9,1523,1,90
2099,133,3,275,2,1525,211,20
2100,133,3,276,9,1534,101,90
2101,133,3,277,7,1541,1,70
2102,133,3,278,2,1543,83,20
2103,133,3,279,9,1552,1,90
2104,133,3,280,7,1559,160,70
2105,133,3,281,5,1564,44,50
2106,133,3,282,6,1570,56,60
2107,133,3,283,3,1573,1,30
2108,133,3,284,2,1575,1,20
2109,133,3,285,4,1579,1,40
2110,133,3,286,4,1583,111,40
2111,133,3,287,3,1586,28,30
2112,133,3,288,9,1595,88,90
2113,133,3,289,6,1601,62,60
2114,133,3,290,6,1607,61,60
2115,133,3,291,9,1616,1,90
2116,133,3,292,3,1619,97,30
2117,133,3,293,5,1624,54,50
2118,133,3,294,3,1627,28,30
2119,133,3,295,4,1631,32,40
2120,133,3,296,7,1638,67,70
2121,133,3,297,6,1644,1,60
2122,133,3,298,9,1653,1,90
2123,133,3,299,7,1660,203,70
2124,133,3,300,3,1663,41,30
2125,133,3,301,5,1668,1,50
2126,133,3,302,4,1672,98,40
2127,133,3,303,3,1675,1,30
2128,133,3,304,8,1683,100,80
2129,133,3,305,6,1689,67,60
2130,133,3,306,2,1691,1,20
2131,133,3,307,3,1694,40,30
2132,133,3,308,4,1698,1,40
2133,133,3,309,7,1705,112,70
2134,133,3,310,4,1709,1,40
2135,133,3,311,6,1715,1,60
2136,133,3,312,6,1721,171,60
2137,133,3,313,7,1728,83,70
2138,133,3,314,3,1731,25,30
2139,133,3,315,3,1734,1,30
2140,133,3,316,2,1736,1,20
2141,133,3,317,6,1742,107,60
2142,133,3,318,3,1745,1,30
2143,133,3,319,3,1748,44,30
2144,133,3,320,3,1751,1,30
2145,133,3,321,8,1759,103,80
2146,133,3,322,8,1767,77,80
2147,133,3,323,3,1770,1,30
2148,133,3,324,7,1777,106,70
2149,133,3,325,4,1781,1,40
2150,133,3,326,6,1787,1,60
2151,133,3,327,9,1796,1,90
2152,133,3,328,7,1803,270,70
2153,133,3,329,9,1812,96,90
2154,133,3,330,6,1818,64,60
2155,133,3,331,2,1820,26,20
2156,133,3,332,6,1826,60,60
2157,133,3,333,2,1828,1,20
2158,133,3,334,5,1833,1,50
2159,133,3,335,9,1842,164,90
2160,133,3,336,5,1847,1,50
2161,133,3,337,2,1849,74,20
2162,133,3,338,7,1856,1,70
2163,133,3,339,7,1863,1,70
2164,133,3,340,8,1871,1,80
2165,133,3,341,6,1877,255,60
2166,133,3,342,6,1883,78,60
2167,133,3,343,6,1889,68,60
2168,133,3,344,9,1898,96,90
2169,133,3,345,9,1907,85,90
2170,133,3,346,9,1916,92,90
2171,133,3,347,8,1924,79,80
2172,133,3,348,8,1932,95,80
2173,133,3,349,5,1937,65,50
2174,133,3,350,4,1941,42,40
2175,133,3,351,2,1943,33,20
2176,133,3,352,6,1949,1,60
2177,133,3,353,9,1958,149,90
2178,133,3,354,6,1964,57,60
2179,133,3,355,5,1969,54,50
2180,133,3,356,6,1975,59,60
2181,133,3,357,2,1977,24,20
2182,133,3,358,2,1979,17,20
2183,133,3,359,8,1987,78,80
2184,133,3,360,9,1996,88,90
2185,133,3,361,8,2004,91,80
2186,133,3,362,4,2008,1,40
2187,133,3,363,8,2016,1,80
2188,133,3,364,6,2022,156,60
2189,133,3,365,2,2024,1,20
2190,133,3,366,2,2026,1,20
2191,133,3,367,3,2029,80,30
2192,133,3,368,5,2034,47,50
2193,133,3,369,4,2038,36,40
2194,133,3,370,2,2040,1,20
2195,133,3,371,4,2044,1,40
2196,133,3,372,2,2046,1,20
2197,133,3,373,8,2054,128,80
2198,133,3,374,6,2060,61,60
2199,133,3,375,7,2067,77,70
2200,133,3,376,9,2076,94,90
2201,133,3,377,9,2085,1,90
2202,133,3,378,9,2094,184,90
2203,133,3,379,3,2097,36,30
2204,133,3,380,3,2100,39,30
2205,133,3,381,6,2106,55,60
2206,133,3,382,5,2111,1,50
2207,133,3,383,4,2115,88,40
2208,133,3,384,2,2117,18,20
2209,133,3,385,3,2120,1,30
2210,133,3,386,7,2127,88,70
2211,133,3,387,3,2130,27,30
2212,133,3,388,9,2139,78,90
2213,133,3,389,8,2147,80,80
2214,133,3,390,9,2156,80,90
2215,133,3,391,4,2160,50,40
2216,133,3,392,2,2162,19,20
2217,133,3,393,3,2165,38,30
2218,133,3,394,4,2169,53,40
2219,133,3,395,5,2174,46,50
2220,133,3,396,7,2181,78,70
2221,133,3,397,8,2189,76,80
2222,133,3,398,9,2198,1,90
2223,133,3,399,6,2204,131,60
2224,133,3,400,4,2208,37,40
2225,133,3,401,9,2217,1,90
2226,133,3,402,8,2225,157,80
2227,133,3,403,4,2229,34,40
2228,133,3,404,7,2236,59,70
2229,133,3,405,3,2239,25,30
2230,133,3,406,8,2247,90,80
2231,133,3,407,3,2250,34,30
2232,133,3,408,5,2255,64,50
2233,133,3,409,4,2259,35,40
2234,133,3,410,8,2267,84,80
2235,133,3,411,9,2276,1,90
2236,133,3,412,4,2280,120,40
2237,133,3,413,5,2285,1,50
2238,133,3,414,5,2290,100,50
2239,133,3,415,6,2296,1,60
2240,133,3,416,9,2305,152,90
2241,133,3,417,5,2310,45,50
2242,133,3,418,5,2315,47,50
2243,133,3,419,5,2320,1,50
2244,133,3,420,5,2325,110,50
2245,133,3,421,2,2327,1,20
2246,133,3,422,6,2333,79,60
2247,133,3,423,2,2335,1,20
2248,133,3,424,3,2338,1,30
2249,133,3,425,4,2342,82,40
2250,133,3,426,3,2345,34,30
2251,133,3,427,4,2349,49,40
2252,133,3,428,9,2358,1,90
2253,133,3,429,8,2366,176,80
2254,133,3,430,5,2371,58,50
2255,133,3,431,8,2379,1,80
2256,133,3,432,5,2384,118,50
2257,133,3,433,9,2393,1,90
2258,133,3,434,3,2396,143,30
2259,133,3,435,4,2400,1,40
2260,133,3,436,5,2405,98,50
2261,133,3,437,8,2413,92,80
2262,133,3,438,4,2417,45,40
2263,133,3,439,9,2426,1,90
2264,133,3,440,8,2434,152,80
2265,133,3,441,3,2437,36,30
2266,133,3,442,4,2441,1,40
2267,133,3,443,4,2445,78,40
2268,133,3,444,4,2449,48,40
2269,133,3,445,5,2454,1,50
2270,133,3,446,4,2458,1,40
2271,133,3,447,4,2462,137,40
2272,133,3,448,2,2464,21,20
2273,133,3,449,3,2467,30,30
2274,133,3,450,8,2475,67,80
2275,133,3,451,5,2480,1,50
2276,133,3,452,5,2485,97,50
2277,133,3,453,8,2493,100,80
2278,133,3,454,9,2502,102,90
2279,133,3,455,7,2509,1,70
2280,133,3,456,7,2516,154,70
2281,133,3,457,9,2525,1,90
2282,133,3,458,6,2531,147,60
2283,133,3,459,8,2539,1,80
2284,133,3,460,7,2546,1,70
2285,133,3,461,3,2549,1,30
2286,133,3,462,6,2555,242,60
2287,133,3,463,8,2563,102,80
2288,133,3,464,3,2566,32,30
2289,133,3,465,6,2572,55,60
2290,133,3,466,9,2581,1,90
2291,133,3,467,8,2589,156,80
2292,133,3,468,3,2592,37,30
2293,133,3,469,6,2598,69,60
2294,133,3,470,6,2604,49,60
2295,133,3,471,2,2606,1,20
2296,133,3,472,5,2611,73,50
2297,133,3,473,7,2618,67,70
2298,133,3,474,3,2621,27,30
2299,133,3,475,8,2629,1,80
2300,133,3,476,2,2631,99,20
2301,133,3,477,6,2637,1,60
2302,133,3,478,2,2639,1,20
2303,133,3,479,6,2645,132,60
2304,133,3,480,4,2649,1,40
2305,133,3,481,3,2652,64,30
2306,133,3,482,2,2654,1,20
2307,133,3,483,2,2656,39,20
2308,133,3,484,2,2658,1,20
2309,133,3,485,6,2664,81,60
2310,133,3,486,2,2666,22,20
2311,133,3,487,8,2674,1,80
2312,133,3,488,8,2682,1,80
2313,133,3,489,3,2685,177,30
2314,133,3,490,8,2693,85,80
2315,133,3,491,9,2702,84,90
2316,133,3,492,7,2709,71,70
2317,133,3,493,3,2712,1,30
2318,133,3,494,6,2718,1,60
2319,133,3,495,7,2725,155,70
2320,133,3,496,5,2730,1,50
2321,133,3,497,9,2739,1,90
2322,133,3,498,6,2745,1,60
2323,133,3,499,7,2752,273,70
2324,133,3,500,3,2755,51,30
2325,133,3,501,2,2757,22,20
2326,133,3,502,2,2759,14,20
2327,133,3,503,8,2767,87,80
2328,133,3,504,6,2773,64,60
2329,133,3,505,6,2779,58,60
2330,133,3,506,7,2786,63,70
2331,133,3,507,4,2790,39,40
2332,133,3,508,3,2793,32,30
2333,133,3,509,7,2800,84,70
2334,133,3,510,4,2804,39,40
2335,133,3,511,3,2807,1,30
2336,133,3,512,3,2810,57,30
2337,133,3,513,7,2817,1,70
2338,133,3,514,8,2825,138,80
2339,133,3,515,8,2833,94,80
2340,133,3,516,8,2841,91,80
2341,133,3,517,8,2849,66,80
2342,133,3,518,2,2851,30,20
2343,133,3,519,8,2859,79,80
2344,133,3,520,2,2861,1,20
2345,133,3,521,9,2870,1,90
2346,133,3,522,2,2872,108,20
2347,133,3,523,5,2877,59,50
2348,133,3,524,7,2884,1,70
2349,133,3,525,5,2889,102,50
2350,133,3,526,3,2892,1,30
2351,133,3,527,5,2897,76,50
2352,133,3,528,2,2899,17,20
2353,133,3,529,6,2905,55,60
2354,133,3,530,2,2907,23,20
2355,133,3,531,8,2915,84,80
2356,133,3,532,7,2922,80,70
2357,133,3,533,3,2925,1,30
2358,133,3,534,4,2929,1,40
2359,133,3,535,3,2932,1,30
2360,133,3,536,8,2940,1,80
2361,133,3,537,4,2944,1,40
2362,133,3,538,5,2949,1,50
2363,133,3,539,2,2951,261,20
2364,133,3,540,5,2956,1,50
2365,133,3,541,2,2958,75,20
2366,133,3,542,4,2962,37,40
2367,133,3,543,3,2965,1,30
2368,133,3,544,2,2967,1,20
2369,133,3,545,7,2974,124,70
2370,133,3,546,8,2982,1,80
2371,133,3,547,3,2985,1,30
2372,133,3,548,2,2987,130,20
2373,133,3,549,7,2994,81,70
2374,133,3,550,8,3002,1,80
2375,133,3,551,2,3004,99,20
2376,133,3,552,7,3011,72,70
2377,133,3,553,3,3014,39,30
2378,133,3,554,6,3020,59,60
2379,133,3,555,7,3027,78,70
2380,133,3,556,8,3035,70,80
2381,133,3,557,3,3038,1,30
2382,133,3,558,9,3047,132,90
2383,133,3,559,2,3049,23,20
2384,133,3,560,3,3052,32,30
2385,133,3,561,3,3055,39,30
2386,133,3,562,5,3060,39,50
2387,133,3,563,8,3068,76,80
2388,133,3,564,4,3072,1,40
2389,133,3,565,8,3080,106,80
2390,133,3,566,3,3083,30,30
2391,133,3,567,3,3086,32,30
2392,133,3,568,6,3092,69,60
2393,133,3,569,5,3097,43,50
2394,133,3,570,8,3105,90,80
2395,133,3,571,8,3113,76,80
2396,133,3,572,2,3115,1,20
2397,133,3,573,8,3123,110,80
2398,133,3,574,5,3128,51,50
2399,133,3,575,7,3135,80,70
2400,133,3,576,6,3141,1,60
2401,133,3,577,4,3145,88,40
2402,133,3,578,9,3154,1,90
2403,133,3,579,6,3160,158,60
2404,133,3,580,5,3165,1,50
2405,133,3,581,8,3173,1,80
2406,133,3,582,6,3179,195,60
2407,133,3,583,7,3186,77,70
2408,133,3,584,6,3192,60,60
2409,133,3,585,7,3199,63,70
2410,133,3,586,6,3205,65,60
2411,133,3,587,5,3210,51,50
2412,133,3,588,2,3212,1,20
2413,133,3,589,2,3214,1,20
2414,133,3,590,8,3222,1,80
2415,133,3,591,6,3228,190,60
2416,133,3,592,2,3230,21,20
2417,133,3,593,9,3239,85,90
2418,133,3,594,5,3244,56,50
2419,133,3,595,3,3247,1,30
2420,133,3,596,6,3253,87,60
2421,133,3,597,4,3257,33,40
2422,133,3,598,5,3262,1,50
2423,133,3,599,8,3270,118,80
2424,133,3,600,9,3279,94,90
2425,133,3,601,3,3282,1,30
2426,133,3,602,7,3289,113,70
2427,133,3,603,5,3294,53,50
2428,133,3,604,2,3296,27,20
2429,133,3,605,5,3301,1,50
2430,133,3,606,6,3307,92,60
2431,133,3,607,9,3316,84,90
2432,133,3,608,3,3319,1,30
2433,133,3,609,5,3324,80,50
2434,133,3,610,6,3330,61,60
2435,133,3,611,2,3332,22,20
2436,133,3,612,3,3335,1,30
2437,133,3,613,7,3342,100,70
2438,133,3,614,6,3348,47,60
2439,133,3,615,5,3353,45,50
2440,133,3,616,5,3358,1,50
2441,133,3,617,2,3360,1,20
2442,133,3,618,3,3363,1,30
2443,133,3,619,9,3372,158,90
2444,133,3,620,7,3379,88,70
2445,133,3,621,9,3388,82,90
2446,133,3,622,8,3396,1,80
2447,133,3,623,2,3398,107,20
2448,133,3,624,4,3402,39,40
2449,133,3,625,7,3409,1,70
2450,133,3,626,3,3412,1,30
2451,133,3,627,4,3416,116,40
2452,133,3,628,7,3423,91,70
2453,133,3,629,6,3429,1,60
2454,133,3,630,8,3437,147,80
2455,133,3,631,6,3443,73,60
2456,133,3,632,4,3447,26,40
2457,133,3,633,4,3451,32,40
2458,133,3,634,3,3454,37,30
2459,133,3,635,6,3460,1,60
2460,133,3,636,6,3466,131,60
2461,133,3,637,7,3473,1,70
2462,133,3,638,9,3482,147,90
2463,133,3,639,5,3487,1,50
2464,133,3,640,8,3495,130,80
2465,133,3,641,4,3499,55,40
2466,133,3,642,2,3501,27,20
2467,133,3,643,8,3509,77,80
2468,133,3,644,5,3514,42,50
2469,133,3,645,7,3521,59,70
2470,133,3,646,2,3523,1,20
2471,133,3,647,8,3531,1,80
2472,133,3,648,6,3537,175,60
2473,133,3,649,5,3542,40,50
2474,133,3,650,5,3547,1,50
2475,133,3,651,8,3555,1,80
2476,133,3,652,3,3558,174,30
2477,133,3,653,8,3566,99,80
2478,133,3,654,9,3575,1,90
2479,133,3,655,3,3578,127,30
2480,133,3,656,2,3580,1,20
2481,133,3,657,6,3586,85,60
2482,133,3,658,5,3591,1,50
2483,133,3,659,5,3596,95,50
2484,133,3,660,8,3604,77,80
2485,133,3,661,5,3609,1,50
2486,133,3,662,9,3618,142,90
2487,133,3,663,8,3626,86,80
2488,133,3,664,2,3628,17,20
2489,133,3,665,7,3635,1,70
2490,133,3,666,2,3637,97,20
2491,133,3,667,8,3645,1,80
2492,133,3,668,7,3652,1,70
2493,133,3,669,9,3661,1,90
2494,133,3,670,4,3665,284,40
2495,133,3,671,2,3667,35,20
2496,133,3,672,9,3676,84,90
2497,133,3,673,5,3681,50,50
2498,133,3,674,7,3688,66,70
2499,133,3,675,3,3691,1,30
2500,133,3,676,8,3699,1,80
2501,133,3,677,8,3707,183,80
2502,133,3,678,6,3713,60,60
2503,133,3,679,5,3718,1,50
2504,133,3,680,7,3725,121,70
2505,133,3,681,8,3733,76,80
2506,133,3,682,2,3735,1,20
2507,133,3,683,2,3737,1,20
2508,133,3,684,2,3739,64,20
2509,133,3,685,7,3746,54,70
2510,133,3,686,6,3752,60,60
2511,133,3,687,5,3757,1,50
2512,133,3,688,9,3766,1,90
2513,133,3,689,2,3768,1,20
2514,133,3,690,7,3775,221,70
2515,133,3,691,5,3780,72,50
2516,133,3,692,8,3788,81,80
2517,133,3,693,4,3792,1,40
2518,133,3,694,8,3800,1,80
2519,133,3,695,6,3806,180,60
2520,133,3,696,3,3809,40,30
2521,133,3,697,9,3818,107,90
2522,133,3,698,9,3827,102,90
2523,133,3,699,2,3829,1,20
2524,133,3,700,6,3835,74,60
2525,133,3,701,5,3840,53,50
2526,133,3,702,4,3844,38,40
2527,133,3,703,3,3847,32,30
2528,133,3,704,7,3854,1,70
2529,133,3,705,3,3857,1,30
2530,133,3,706,7,3864,160,70
2531,133,3,707,4,3868,59,40
2532,133,3,708,3,3871,28,30
2533,133,3,709,6,3877,61,60
2534,133,3,710,6,3883,59,60
2535,133,3,711,9,3892,94,90
2536,133,3,712,9,3901,93,90
2537,133,3,713,9,3910,1,90
2538,133,3,714,2,3912,1,20
2539,133,3,715,8,3920,1,80
2540,133,3,716,7,3927,266,70
2541,133,3,717,4,3931,54,40
2542,133,3,718,9,3940,1,90
2543,133,3,719,2,3942,91,20
2544,133,3,720,9,3951,100,90
2545,133,3,721,6,3957,47,60
2546,133,3,722,5,3962,54,50
2547,133,3,723,4,3966,42,40
2548,133,3,724,5,3971,1,50
2549,133,3,725,3,3974,96,30
2550,133,3,726,6,3980,61,60
2551,133,3,727,4,3984,1,40
2552,133,3,728,4,3988,1,40
2553,133,3,729,8,3996,1,80
2554,133,3,730,8,4004,202,80
2555,133,3,731,2,4006,24,20
2556,133,3,732,3,4009,25,30
2557,133,3,733,4,4013,1,40
2558,133,3,734,8,4021,105,80
2559,133,3,735,8,4029,92,80
2560,133,3,736,6,4035,54,60
2561,133,3,737,5,4040,1,50
2562,133,3,738,2,4042,1,20
2563,133,3,739,4,4046,99,40
2564,133,3,740,3,4049,1,30
2565,133,3,741,4,4053,69,40
2566,133,3,742,3,4056,1,30
2567,133,3,743,7,4063,92,70
2568,133,3,744,6,4069,54,60
2569,133,3,745,6,4075,65,60
2570,133,3,746,3,4078,25,30
2571,133,3,747,9,4087,92,90
2572,133,3,748,4,4091,39,40
2573,133,3,749,8,4099,68,80
2574,133,3,750,3,4102,42,30
2575,133,3,751,4,4106,41,40
2576,133,3,752,6,4112,1,60
2577,133,3,753,9,4121,147,90
2578,133,3,754,7,4128,1,70
2579,133,3,755,9,4137,1,90
2580,133,3,756,4,4141,216,40
2581,133,3,757,9,4150,82,90
2582,133,3,758,4,4154,38,40
2583,133,3,759,4,4158,40,40
2584,133,3,760,2,4160,1,20
2585,133,3,761,2,4162,52,20
2586,133,3,762,7,4169,70,70
2587,133,3,763,7,4176,68,70
2588,133,3,764,7,4183,75,70
2589,133,3,765,6,4189,1,60
2590,133,3,766,3,4192,91,30
2591,133,3,767,5,4197,49,50
2592,133,3,768,2,4199,1,20
2593,133,3,769,9,4208,118,90
2594,133,3,770,8,4216,86,80
2595,133,3,771,9,4225,92,90
2596,133,3,772,3,4228,1,30
2597,133,3,773,8,4236,106,80
2598,133,3,774,2,4238,26,20
2599,133,3,775,4,4242,37,40
2600,133,3,776,3,4245,34,30
2601,133,3,777,2,4247,12,20
2602,133,3,778,7,4254,66,70
2603,133,3,779,2,4256,1,20
2604,133,3,780,8,4264,1,80
2605,133,3,781,5,4269,1,50
2606,133,3,782,7,4276,1,70
2607,133,3,783,7,4283,1,70
2608,133,3,784,7,4290,338,70
2609,133,3,785,6,4296,66,60
2610,133,3,786,5,4301,49,50
2611,133,3,787,3,4304,33,30
2612,133,3,788,2,4306,1,20
2613,133,3,789,5,4311,71,50
2614,133,3,790,5,4316,46,50
2615,133,3,791,8,4324,71,80
2616,133,3,792,9,4333,1,90
2617,133,3,793,9,4342,170,90
2618,133,3,794,9,4351,1,90
2619,133,3,795,8,4359,159,80
2620,133,3,796,7,4366,71,70
2621,133,3,797,6,4372,54,60
2622,133,3,798,9,4381,102,90
2623,133,3,799,9,4390,100,90
2624,133,3,800,5,4395,1,50
2625,133,3,801,3,4398,1,30
2626,133,3,802,8,4406,179,80
2627,133,3,803,7,4413,67,70
2628,133,3,804,3,4416,37,30
2629,133,3,805,4,4420,31,40
2630,133,3,806,6,4426,1,60
2631,133,3,807,4,4430,1,40
2632,133,3,808,2,4432,1,20
2633,133,3,809,5,4437,168,50
2634,133,3,810,7,4444,71,70
2635,133,3,811,4,4448,1,40
2636,133,3,812,6,4454,116,60
2637,133,3,813,5,4459,61,50
2638,133,3,814,3,4462,29,30
2639,133,3,815,4,4466,46,40
2640,133,3,816,2,4468,27,20
2641,133,3,817,2,4470,22,20
2642,133,3,818,5,4475,1,50
2643,133,3,819,9,4484,132,90
2644,133,3,820,6,4490,55,60
2645,133,3,821,2,4492,23,20
2646,133,3,822,2,4494,1,20
2647,133,3,823,4,4498,50,40
2648,133,3,824,3,4501,29,30
2649,133,3,825,6,4507,55,60
2650,133,3,826,2,4509,23,20
2651,133,3,827,8,4517,1,80
2652,133,3,828,5,4522,1,50
2653,133,3,829,6,4528,183,60
2654,133,3,830,2,4530,35,20
2655,133,3,831,5,4535,37,50
2656,133,3,832,9,4544,98,90
2657,133,3,833,8,4552,68,80
2658,133,3,834,4,4556,1,40
2659,133,3,835,9,4565,104,90
2660,133,3,836,6,4571,64,60
2661,133,3,837,8,4579,92,80
2662,133,3,838,9,4588,93,90
2663,133,3,839,8,4596,1,80
2664,133,3,840,6,4602,152,60
2665,133,3,841,5,4607,48,50
2666,133,3,842,4,4611,1,40
2667,133,3,843,3,4614,1,30
2668,133,3,844,6,4620,129,60
2669,133,3,845,9,4629,1,90
2670,133,3,846,6,4635,141,60
2671,133,3,847,8,4643,1,80
2672,133,3,848,4,4647,1,40
2673,133,3,849,5,4652,1,50
2674,133,3,850,8,4660,266,80
2675,133,3,851,4,4664,64,40
2676,133,3,852,3,4667,38,30
2677,133,3,853,9,4676,81,90
2678,133,3,854,2,4678,26,20
2679,133,3,855,2,4680,13,20
2680,133,3,856,9,4689,1,90
2681,133,3,857,8,4697,178,80
2682,133,3,858,6,4703,1,60
2683,133,3,859,3,4706,1,30
2684,133,3,860,3,4709,112,30
2685,133,3,861,2,4711,31,20
2686,133,3,862,3,4714,37,30
2687,133,3,863,7,4721,70,70
2688,133,3,864,2,4723,31,20
2689,133,3,865,5,4728,1,50
2690,133,3,866,5,4733,94,50
2691,133,3,867,2,4735,21,20
2692,133,3,868,2,4737,24,20
2693,133,3,869,3,4740,1,30
2694,133,3,870,3,4743,1,30
2695,133,3,871,5,4748,1,50
2696,133,3,872,6,4754,155,60
2697,133,3,873,7,4761,79,70
2698,133,3,874,8,4769,71,80
2699,133,3,875,3,4772,32,30
2700,133,3,876,8,4780,79,80
2701,133,3,877,6,4786,80,60
2702,133,3,878,7,4793,70,70
2703,133,3,879,3,4796,39,30
2704,133,3,880,9,4805,1,90
2705,133,3,881,4,4809,1,40
2706,133,3,882,8,4817,217,80
2707,133,3,883,6,4823,60,60
2708,133,3,884,5,4828,41,50
2709,133,3,885,8,4836,1,80
2710,133,3,886,5,4841,1,50
2711,133,3,887,3,4844,165,30
2712,133,3,888,4,4848,36,40
2713,133,3,889,5,4853,46,50
2714,133,3,890,7,4860,67,70
2715,133,3,891,3,4863,35,30
2716,133,3,892,6,4869,47,60
2717,133,3,893,2,4871,1,20
2718,133,3,894,4,4875,1,40
2719,133,3,895,9,4884,147,90
2720,133,3,896,7,4891,83,70
2721,133,3,897,4,4895,45,40
2722,133,3,898,5,4900,50,50
2723,133,3,899,9,4909,92,90
2724,133,3,900,8,4917,1,80
2725,133,3,901,8,4925,1,80
2726,133,3,902,6,4931,215,60
2727,133,3,903,6,4937,97,60
2728,133,3,904,2,4939,1,20
2729,133,3,905,6,4945,1,60
2730,133,3,906,7,4952,149,70
2731,133,3,907,6,4958,1,60
2732,133,3,908,8,4966,1,80
2733,133,3,909,6,4972,194,60
2734,133,3,910,8,4980,85,80
2735,133,3,911,4,4984,42,40
2736,133,3,912,6,4990,71,60
2737,133,3,913,8,4998,71,80
