,Scenario,Trial,Inspection,Interval,Time,Accumulation,Defects,Rate
0,292,1,1,9,9,76,21,90
1,292,1,2,3,12,83,83,30
2,292,1,3,7,19,84,84,70
3,292,1,4,6,25,57,57,60
4,292,1,5,3,28,29,8,30
5,292,1,6,8,36,111,111,80
6,292,1,7,2,38,17,17,20
7,292,1,8,7,45,62,25,70
8,292,1,9,5,50,81,81,50
9,292,1,10,6,56,59,59,60
10,292,1,11,9,65,90,90,90
11,292,1,12,8,73,68,68,80
12,292,1,13,2,75,19,19,20
13,292,1,14,8,83,73,18,80
14,292,1,15,3,86,89,89,30
15,292,1,16,5,91,53,20,50
16,292,1,17,3,94,71,71,30
17,292,1,18,3,97,40,40,30
18,292,1,19,7,104,75,75,70
19,292,1,20,8,112,92,92,80
20,292,1,21,2,114,22,22,20
21,292,1,22,8,122,61,61,80
22,292,1,23,9,131,86,86,90
23,292,1,24,9,140,80,30,90
24,292,1,25,2,142,74,74,20
25,292,1,26,3,145,28,28,30
26,292,1,27,8,153,86,86,80
27,292,1,28,6,159,55,18,60
28,292,1,29,3,162,63,63,30
29,292,1,30,7,169,63,63,70
30,292,1,31,9,178,87,87,90
31,292,1,32,6,184,52,52,60
32,292,1,33,5,189,42,42,50
33,292,1,34,7,196,75,75,70
34,292,1,35,7,203,71,71,70
35,292,1,36,6,209,68,68,60
36,292,1,37,5,214,37,37,50
37,292,1,38,6,220,51,51,60
38,292,1,39,7,227,86,86,70
39,292,1,40,9,236,101,39,90
40,292,1,41,9,245,154,154,90
41,292,1,42,6,251,51,51,60
42,292,1,43,2,253,20,20,20
43,292,1,44,2,255,13,13,20
44,292,1,45,8,263,73,73,80
45,292,1,46,8,271,82,82,80
46,292,1,47,6,277,72,29,60
47,292,1,48,3,280,73,73,30
48,292,1,49,5,285,47,47,50
49,292,1,50,9,294,83,83,90
50,292,1,51,6,300,54,54,60
51,292,1,52,8,308,71,21,80
52,292,1,53,7,315,126,126,70
53,292,1,54,4,319,41,41,40
54,292,1,55,7,326,61,15,70
55,292,1,56,2,328,70,70,20
56,292,1,57,9,337,97,97,90
57,292,1,58,7,344,62,62,70
58,292,1,59,3,347,41,41,30
59,292,1,60,9,356,71,36,90
60,292,1,61,7,363,111,111,70
61,292,1,62,3,366,27,27,30
62,292,1,63,7,373,71,71,70
63,292,1,64,2,375,6,3,20
64,292,1,65,7,382,61,61,70
65,292,1,66,8,390,89,89,80
66,292,1,67,4,394,46,12,40
67,292,1,68,2,396,68,68,20
68,292,1,69,2,398,17,17,20
69,292,1,70,5,403,52,52,50
70,292,1,71,2,405,21,11,20
71,292,1,72,9,414,104,104,90
72,292,1,73,8,422,77,28,80
73,292,1,74,2,424,68,68,20
74,292,1,75,7,431,77,32,70
75,292,1,76,8,439,133,41,80
76,292,1,77,9,448,184,184,90
77,292,1,78,6,454,58,58,60
78,292,1,79,4,458,34,34,40
79,292,1,80,2,460,25,6,20
80,292,1,81,8,468,98,98,80
81,292,1,82,5,473,44,44,50
82,292,1,83,8,481,90,90,80
83,292,1,84,9,490,88,88,90
84,292,1,85,9,499,86,86,90
85,292,1,86,8,507,67,67,80
86,292,1,87,2,509,23,23,20
87,292,1,88,7,516,68,68,70
88,292,1,89,8,524,99,99,80
89,292,1,90,2,526,25,25,20
90,292,1,91,8,534,98,98,80
91,292,1,92,9,543,100,100,90
92,292,1,93,7,550,73,24,70
93,292,1,94,7,557,141,141,70
94,292,1,95,4,561,48,48,40
95,292,1,96,8,569,56,16,80
96,292,1,97,4,573,86,86,40
97,292,1,98,7,580,82,82,70
98,292,1,99,2,582,19,19,20
99,292,1,100,2,584,13,2,20
100,292,1,101,4,588,40,20,40
101,292,1,102,4,592,69,22,40
102,292,1,103,5,597,103,103,50
103,292,1,104,4,601,40,40,40
104,292,1,105,2,603,20,7,20
105,292,1,106,6,609,78,78,60
106,292,1,107,6,615,55,55,60
107,292,1,108,4,619,32,32,40
108,292,1,109,2,621,16,16,20
109,292,1,110,2,623,16,6,20
110,292,1,111,6,629,60,60,60
111,292,1,112,3,632,29,9,30
112,292,1,113,2,634,40,40,20
113,292,1,114,3,637,28,28,30
114,292,1,115,6,643,45,45,60
115,292,1,116,4,647,39,39,40
116,292,1,117,4,651,36,36,40
117,292,1,118,5,656,63,63,50
118,292,1,119,7,663,60,60,70
119,292,1,120,9,672,81,26,90
120,292,1,121,4,676,94,94,40
121,292,1,122,2,678,26,26,20
122,292,1,123,3,681,25,25,30
123,292,1,124,7,688,65,65,70
124,292,1,125,6,694,58,58,60
125,292,1,126,5,699,54,54,50
126,292,1,127,7,706,46,46,70
127,292,1,128,8,714,81,81,80
128,292,1,129,2,716,28,28,20
129,292,1,130,9,725,77,77,90
130,292,1,131,4,729,45,45,40
131,292,1,132,3,732,31,11,30
132,292,1,133,8,740,97,19,80
133,292,1,134,8,748,156,156,80
134,292,1,135,2,750,19,19,20
135,292,1,136,7,757,60,21,70
136,292,1,137,4,761,74,74,40
137,292,1,138,4,765,43,11,40
138,292,1,139,8,773,119,119,80
139,292,1,140,4,777,47,47,40
140,292,1,141,5,782,57,57,50
141,292,1,142,7,789,67,67,70
142,292,1,143,6,795,50,50,60
143,292,1,144,4,799,35,35,40
144,292,1,145,4,803,51,51,40
145,292,1,146,7,810,79,79,70
146,292,1,147,7,817,64,64,70
147,292,1,148,8,825,68,68,80
148,292,1,149,9,834,107,54,90
149,292,1,150,9,843,130,130,90
150,292,1,151,9,852,93,93,90
151,292,1,152,7,859,73,73,70
152,292,1,153,9,868,69,69,90
153,292,1,154,4,872,51,51,40
154,292,1,155,2,874,25,6,20
155,292,1,156,6,880,86,86,60
156,292,1,157,3,883,39,39,30
157,292,1,158,9,892,89,28,90
158,292,1,159,6,898,114,114,60
159,292,1,160,4,902,42,12,40
160,292,1,161,3,905,60,60,30
161,292,1,162,8,913,83,83,80
162,292,1,163,2,915,28,28,20
163,292,1,164,5,920,59,13,50
164,292,1,165,9,929,134,134,90
165,292,1,166,4,933,42,42,40
166,292,1,167,8,941,84,84,80
167,292,1,168,9,950,90,90,90
168,292,1,169,2,952,17,17,20
169,292,1,170,9,961,100,100,90
170,292,1,171,7,968,58,58,70
171,292,1,172,8,976,71,71,80
172,292,1,173,3,979,35,35,30
173,292,1,174,7,986,61,61,70
174,292,1,175,8,994,85,85,80
175,292,1,176,9,1003,93,26,90
176,292,1,177,2,1005,87,87,20
177,292,1,178,4,1009,29,29,40
178,292,1,179,7,1016,56,56,70
179,292,1,180,3,1019,30,9,30
180,292,1,181,5,1024,54,54,50
181,292,1,182,2,1026,8,8,20
182,292,1,183,4,1030,46,46,40
183,292,1,184,9,1039,91,91,90
184,292,1,185,7,1046,62,62,70
185,292,1,186,2,1048,26,12,20
186,292,1,187,6,1054,62,62,60
187,292,1,188,9,1063,98,98,90
188,292,1,189,5,1068,56,56,50
189,292,1,190,7,1075,63,63,70
190,292,1,191,2,1077,13,3,20
191,292,1,192,6,1083,65,65,60
192,292,1,193,8,1091,76,76,80
193,292,1,194,4,1095,40,40,40
194,292,1,195,2,1097,22,22,20
195,292,1,196,2,1099,16,16,20
196,292,1,197,7,1106,69,69,70
197,292,1,198,6,1112,59,59,60
198,292,1,199,7,1119,58,58,70
199,292,1,200,6,1125,58,58,60
200,292,1,201,3,1128,24,24,30
201,292,1,202,4,1132,26,26,40
202,292,1,203,8,1140,80,80,80
203,292,1,204,6,1146,66,66,60
204,292,1,205,8,1154,76,76,80
205,292,1,206,6,1160,66,15,60
206,292,1,207,7,1167,126,126,70
207,292,1,208,5,1172,51,51,50
208,292,1,209,2,1174,22,22,20
209,292,1,210,7,1181,72,72,70
210,292,1,211,4,1185,43,11,40
211,292,1,212,5,1190,83,83,50
212,292,1,213,4,1194,32,32,40
213,292,1,214,6,1200,60,60,60
214,292,1,215,8,1208,77,29,80
215,292,1,216,9,1217,128,128,90
216,292,1,217,7,1224,60,24,70
217,292,1,218,8,1232,133,48,80
218,292,1,219,7,1239,163,163,70
219,292,1,220,4,1243,45,16,40
220,292,1,221,3,1246,66,17,30
221,292,1,222,4,1250,86,86,40
222,292,1,223,7,1257,83,30,70
223,292,1,224,3,1260,73,28,30
224,292,1,225,8,1268,133,133,80
225,292,1,226,8,1276,82,82,80
226,292,1,227,9,1285,78,28,90
227,292,1,228,6,1291,111,111,60
228,292,1,229,7,1298,71,71,70
229,292,1,230,5,1303,51,51,50
230,292,1,231,3,1306,28,28,30
231,292,1,232,8,1314,79,79,80
232,292,1,233,4,1318,39,39,40
233,292,1,234,6,1324,68,26,60
234,292,1,235,6,1330,99,43,60
235,292,1,236,4,1334,103,44,40
236,292,1,237,7,1341,139,53,70
237,292,1,238,2,1343,109,109,20
238,292,1,239,6,1349,59,59,60
239,292,1,240,4,1353,41,41,40
240,292,1,241,7,1360,74,74,70
241,292,1,242,9,1369,85,85,90
242,292,1,243,8,1377,70,70,80
243,292,1,244,6,1383,57,57,60
244,292,1,245,4,1387,49,17,40
245,292,1,246,6,1393,83,83,60
246,292,1,247,4,1397,37,11,40
247,292,1,248,4,1401,65,25,40
248,292,1,249,2,1403,63,13,20
249,292,1,250,9,1412,141,141,90
250,292,1,251,6,1418,48,48,60
251,292,1,252,7,1425,81,81,70
252,292,1,253,7,1432,71,71,70
253,292,1,254,7,1439,67,18,70
254,292,1,255,2,1441,69,69,20
255,292,1,256,7,1448,73,73,70
256,292,1,257,6,1454,62,62,60
257,292,1,258,4,1458,37,37,40
258,292,1,259,2,1460,25,25,20
259,292,1,260,7,1467,76,76,70
260,292,1,261,5,1472,48,48,50
261,292,1,262,8,1480,92,36,80
262,292,1,263,9,1489,159,159,90
263,292,1,264,7,1496,69,69,70
264,292,1,265,9,1505,80,80,90
265,292,1,266,7,1512,67,67,70
266,292,1,267,8,1520,76,76,80
267,292,1,268,3,1523,31,31,30
268,292,1,269,4,1527,37,37,40
269,292,1,270,2,1529,14,2,20
270,292,1,271,5,1534,56,56,50
271,292,1,272,3,1537,35,35,30
272,292,1,273,5,1542,33,33,50
273,292,1,274,6,1548,67,67,60
274,292,1,275,9,1557,85,22,90
275,292,1,276,3,1560,97,97,30
276,292,1,277,8,1568,90,90,80
277,292,1,278,4,1572,44,44,40
278,292,1,279,6,1578,52,52,60
279,292,1,280,4,1582,29,29,40
280,292,1,281,8,1590,81,81,80
281,292,1,282,5,1595,44,44,50
282,292,1,283,9,1604,95,95,90
283,292,1,284,6,1610,57,57,60
284,292,1,285,5,1615,40,40,50
285,292,1,286,4,1619,44,10,40
286,292,1,287,6,1625,83,83,60
287,292,1,288,9,1634,76,76,90
288,292,1,289,9,1643,90,90,90
289,292,1,290,9,1652,86,86,90
290,292,1,291,8,1660,80,23,80
291,292,1,292,9,1669,153,153,90
292,292,1,293,5,1674,41,41,50
293,292,1,294,8,1682,79,79,80
294,292,1,295,7,1689,77,77,70
295,292,1,296,2,1691,11,11,20
296,292,1,297,3,1694,22,22,30
297,292,1,298,2,1696,30,30,20
298,292,1,299,7,1703,64,27,70
299,292,1,300,6,1709,95,95,60
300,292,1,301,6,1715,61,61,60
301,292,1,302,4,1719,44,13,40
302,292,1,303,4,1723,79,27,40
303,292,1,304,7,1730,141,141,70
304,292,1,305,8,1738,79,79,80
305,292,1,306,6,1744,72,72,60
306,292,1,307,2,1746,25,25,20
307,292,1,308,2,1748,12,12,20
308,292,1,309,2,1750,19,7,20
309,292,1,310,2,1752,32,32,20
310,292,1,311,2,1754,19,19,20
311,292,1,312,5,1759,62,62,50
312,292,1,313,7,1766,72,72,70
313,292,1,314,3,1769,25,25,30
314,292,1,315,7,1776,73,73,70
315,292,1,316,4,1780,35,35,40
316,292,1,317,7,1787,86,35,70
317,292,1,318,8,1795,127,54,80
318,292,1,319,6,1801,141,141,60
319,292,1,320,7,1808,71,71,70
320,292,1,321,8,1816,90,90,80
321,292,1,322,5,1821,53,20,50
322,292,1,323,6,1827,87,87,60
323,292,1,324,3,1830,28,28,30
324,292,1,325,8,1838,84,84,80
325,292,1,326,5,1843,40,40,50
326,292,1,327,6,1849,60,60,60
327,292,1,328,4,1853,23,23,40
328,292,1,329,3,1856,28,28,30
329,292,1,330,6,1862,60,60,60
330,292,1,331,2,1864,20,20,20
331,292,1,332,8,1872,65,65,80
332,292,1,333,4,1876,30,30,40
333,292,1,334,2,1878,20,20,20
334,292,1,335,5,1883,55,17,50
335,292,1,336,7,1890,113,113,70
336,292,1,337,7,1897,73,73,70
337,292,1,338,9,1906,91,91,90
338,292,1,339,5,1911,53,53,50
339,292,1,340,3,1914,37,37,30
340,292,1,341,5,1919,51,20,50
341,292,1,342,6,1925,80,80,60
342,292,1,343,9,1934,83,83,90
343,292,1,344,5,1939,63,21,50
344,292,1,345,3,1942,81,81,30
345,292,1,346,4,1946,42,42,40
346,292,1,347,4,1950,38,38,40
347,292,1,348,5,1955,52,52,50
348,292,1,349,6,1961,59,59,60
349,292,1,350,8,1969,60,60,80
350,292,1,351,7,1976,80,80,70
351,292,1,352,5,1981,49,49,50
352,292,1,353,2,1983,9,9,20
353,292,1,354,8,1991,70,25,80
354,292,1,355,2,1993,65,65,20
355,292,1,356,4,1997,49,49,40
356,292,1,357,8,2005,96,96,80
357,292,1,358,8,2013,77,77,80
358,292,1,359,3,2016,42,12,30
359,292,1,360,8,2024,115,115,80
360,292,1,361,3,2027,33,9,30
361,292,1,362,7,2034,101,101,70
362,292,1,363,4,2038,50,50,40
363,292,1,364,8,2046,62,62,80
364,292,1,365,9,2055,90,90,90
365,292,1,366,5,2060,53,18,50
366,292,1,367,9,2069,129,129,90
367,292,1,368,7,2076,70,70,70
368,292,1,369,8,2084,70,70,80
369,292,1,370,2,2086,15,15,20
370,292,1,371,9,2095,78,78,90
371,292,1,372,4,2099,40,40,40
372,292,1,373,7,2106,66,31,70
373,292,1,374,7,2113,101,101,70
374,292,1,375,7,2120,80,80,70
375,292,1,376,6,2126,59,59,60
376,292,1,377,5,2131,49,49,50
377,292,1,378,5,2136,52,52,50
378,292,1,379,3,2139,28,28,30
379,292,1,380,8,2147,64,64,80
380,292,1,381,2,2149,22,12,20
381,292,1,382,6,2155,69,69,60
382,292,1,383,3,2158,40,40,30
383,292,1,384,7,2165,66,66,70
384,292,1,385,7,2172,88,88,70
385,292,1,386,2,2174,15,15,20
386,292,1,387,7,2181,70,70,70
387,292,1,388,9,2190,80,80,90
388,292,1,389,9,2199,94,94,90
389,292,1,390,3,2202,15,4,30
390,292,1,391,4,2206,51,51,40
391,292,1,392,5,2211,49,49,50
392,292,1,393,6,2217,53,53,60
393,292,1,394,5,2222,48,48,50
394,292,1,395,7,2229,75,75,70
395,292,1,396,8,2237,81,81,80
396,292,1,397,9,2246,76,24,90
397,292,1,398,4,2250,93,93,40
398,292,1,399,4,2254,36,11,40
399,292,1,400,7,2261,81,81,70
400,292,1,401,5,2266,49,49,50
401,292,1,402,8,2274,75,75,80
402,292,1,403,7,2281,73,73,70
403,292,1,404,9,2290,100,100,90
404,292,1,405,8,2298,87,87,80
405,292,1,406,2,2300,24,24,20
406,292,1,407,3,2303,34,34,30
407,292,1,408,7,2310,90,24,70
408,292,1,409,3,2313,101,30,30
409,292,1,410,4,2317,112,112,40
410,292,1,411,3,2320,26,26,30
411,292,1,412,4,2324,40,40,40
412,292,1,413,2,2326,19,19,20
413,292,1,414,4,2330,40,40,40
414,292,1,415,2,2332,24,3,20
415,292,1,416,7,2339,99,99,70
416,292,1,417,3,2342,30,30,30
417,292,1,418,5,2347,42,42,50
418,292,1,419,5,2352,43,43,50
419,292,1,420,2,2354,20,20,20
420,292,1,421,4,2358,34,34,40
421,292,1,422,9,2367,92,92,90
422,292,1,423,3,2370,28,28,30
423,292,1,424,2,2372,27,27,20
424,292,1,425,6,2378,71,71,60
425,292,1,426,3,2381,32,9,30
426,292,1,427,6,2387,84,28,60
427,292,1,428,9,2396,150,150,90
428,292,1,429,2,2398,16,16,20
429,292,1,430,3,2401,24,13,30
430,292,1,431,8,2409,94,94,80
431,292,1,432,6,2415,67,25,60
432,292,1,433,6,2421,90,90,60
433,292,1,434,6,2427,65,65,60
434,292,1,435,9,2436,83,83,90
435,292,1,436,3,2439,33,33,30
436,292,1,437,6,2445,52,52,60
437,292,1,438,5,2450,58,58,50
438,292,1,439,5,2455,56,56,50
439,292,1,440,9,2464,101,101,90
440,292,1,441,3,2467,34,13,30
441,292,1,442,3,2470,52,20,30
442,292,1,443,7,2477,100,100,70
443,292,1,444,7,2484,66,66,70
444,292,1,445,4,2488,36,36,40
445,292,1,446,4,2492,38,10,40
446,292,1,447,4,2496,72,72,40
447,292,1,448,6,2502,65,19,60
448,292,1,449,2,2504,65,65,20
449,292,1,450,9,2513,100,100,90
450,292,1,451,8,2521,77,77,80
451,292,1,452,5,2526,49,17,50
452,292,1,453,8,2534,110,48,80
453,292,1,454,7,2541,126,126,70
454,292,1,455,6,2547,61,61,60
455,292,1,456,8,2555,86,86,80
456,292,1,457,4,2559,44,13,40
457,292,1,458,9,2568,131,131,90
458,292,1,459,3,2571,39,39,30
459,292,1,460,9,2580,97,25,90
460,292,1,461,9,2589,182,182,90
461,292,1,462,2,2591,18,18,20
462,292,1,463,9,2600,87,87,90
463,292,1,464,7,2607,54,54,70
464,292,1,465,2,2609,17,7,20
465,292,1,466,9,2618,99,99,90
466,292,1,467,2,2620,20,20,20
467,292,1,468,5,2625,41,41,50
468,292,1,469,4,2629,34,34,40
469,292,1,470,7,2636,57,57,70
470,292,1,471,7,2643,71,71,70
471,292,1,472,3,2646,31,31,30
472,292,1,473,5,2651,61,61,50
473,292,1,474,3,2654,29,29,30
474,292,1,475,8,2662,71,71,80
475,292,1,476,4,2666,30,30,40
476,292,1,477,7,2673,90,90,70
477,292,1,478,2,2675,18,18,20
478,292,1,479,3,2678,31,14,30
479,292,1,480,4,2682,52,52,40
480,292,1,481,6,2688,66,23,60
481,292,1,482,8,2696,108,108,80
482,292,1,483,5,2701,44,17,50
483,292,1,484,5,2706,81,81,50
484,292,1,485,3,2709,24,3,30
485,292,1,486,2,2711,31,31,20
486,292,1,487,8,2719,95,95,80
487,292,1,488,4,2723,47,15,40
488,292,1,489,5,2728,81,81,50
489,292,1,490,6,2734,62,24,60
490,292,1,491,5,2739,86,86,50
491,292,1,492,5,2744,43,43,50
492,292,1,493,7,2751,71,71,70
493,292,1,494,5,2756,48,14,50
494,292,1,495,8,2764,109,49,80
495,292,1,496,2,2766,95,36,20
496,292,1,497,8,2774,132,132,80
497,292,1,498,2,2776,16,16,20
498,292,1,499,3,2779,27,13,30
499,292,1,500,2,2781,31,31,20
500,292,1,501,5,2786,47,47,50
501,292,1,502,4,2790,42,14,40
502,292,1,503,5,2795,74,74,50
503,292,1,504,6,2801,83,83,60
504,292,1,505,5,2806,43,43,50
505,292,1,506,3,2809,35,35,30
506,292,1,507,6,2815,55,55,60
507,292,1,508,3,2818,19,6,30
508,292,1,509,3,2821,39,39,30
509,292,1,510,9,2830,91,91,90
510,292,1,511,9,2839,90,90,90
511,292,1,512,5,2844,40,13,50
512,292,1,513,3,2847,60,22,30
513,292,1,514,8,2855,107,31,80
514,292,1,515,6,2861,138,138,60
515,292,1,516,6,2867,63,25,60
516,292,1,517,9,2876,125,125,90
517,292,1,518,4,2880,41,6,40
518,292,1,519,7,2887,98,98,70
519,292,1,520,2,2889,14,14,20
520,292,1,521,8,2897,83,83,80
521,292,1,522,7,2904,83,83,70
522,292,1,523,4,2908,38,38,40
523,292,1,524,9,2917,87,87,90
524,292,1,525,5,2922,56,56,50
525,292,1,526,3,2925,24,24,30
526,292,1,527,6,2931,49,49,60
527,292,1,528,6,2937,57,21,60
528,292,1,529,3,2940,61,61,30
529,292,1,530,6,2946,49,49,60
530,292,1,531,4,2950,40,40,40
531,292,1,532,3,2953,32,13,30
532,292,1,533,9,2962,94,94,90
533,292,1,534,3,2965,38,38,30
534,292,1,535,6,2971,61,61,60
535,292,1,536,4,2975,35,35,40
536,292,1,537,2,2977,15,15,20
537,292,1,538,2,2979,17,17,20
538,292,1,539,9,2988,90,90,90
539,292,1,540,3,2991,29,8,30
540,292,1,541,5,2996,80,80,50
541,292,1,542,2,2998,20,5,20
542,292,1,543,5,3003,64,17,50
543,292,1,544,9,3012,147,147,90
544,292,1,545,5,3017,55,55,50
545,292,1,546,2,3019,21,21,20
546,292,1,547,8,3027,76,76,80
547,292,1,548,6,3033,56,56,60
548,292,1,549,4,3037,39,39,40
549,292,1,550,7,3044,62,62,70
550,292,1,551,6,3050,55,55,60
551,292,1,552,8,3058,96,37,80
552,292,1,553,3,3061,93,93,30
553,292,1,554,4,3065,45,17,40
554,292,1,555,8,3073,94,31,80
555,292,1,556,9,3082,151,151,90
556,292,1,557,5,3087,47,47,50
557,292,1,558,4,3091,39,39,40
558,292,1,559,4,3095,39,39,40
559,292,1,560,4,3099,41,41,40
560,292,1,561,2,3101,17,6,20
561,292,1,562,6,3107,55,55,60
562,292,1,563,6,3113,73,73,60
563,292,1,564,9,3122,96,96,90
564,292,1,565,3,3125,41,41,30
565,292,1,566,4,3129,34,9,40
566,292,1,567,5,3134,69,22,50
567,292,1,568,4,3138,79,21,40
568,292,1,569,6,3144,132,132,60
569,292,1,570,7,3151,69,69,70
570,292,1,571,2,3153,17,17,20
571,292,1,572,9,3162,103,103,90
572,292,1,573,3,3165,36,36,30
573,292,1,574,9,3174,95,95,90
574,292,1,575,4,3178,41,41,40
575,292,1,576,5,3183,63,63,50
576,292,1,577,5,3188,50,18,50
577,292,1,578,5,3193,75,75,50
578,292,1,579,8,3201,76,76,80
579,292,1,580,8,3209,84,29,80
580,292,1,581,4,3213,92,42,40
581,292,1,582,6,3219,118,118,60
582,292,1,583,8,3227,73,73,80
583,292,1,584,4,3231,34,34,40
584,292,1,585,8,3239,86,86,80
585,292,1,586,8,3247,80,29,80
586,292,1,587,5,3252,108,108,50
587,292,1,588,6,3258,52,52,60
588,292,1,589,6,3264,67,67,60
589,292,1,590,5,3269,47,47,50
590,292,1,591,5,3274,56,19,50
591,292,1,592,2,3276,57,57,20
592,292,1,593,9,3285,91,91,90
593,292,1,594,4,3289,36,36,40
594,292,1,595,7,3296,67,67,70
595,292,1,596,8,3304,75,75,80
596,292,1,597,9,3313,85,85,90
597,292,1,598,7,3320,65,65,70
598,292,1,599,6,3326,60,60,60
599,292,1,600,7,3333,64,64,70
600,292,1,601,2,3335,26,26,20
601,292,1,602,2,3337,23,12,20
602,292,1,603,2,3339,21,5,20
603,292,1,604,5,3344,64,64,50
604,292,1,605,7,3351,61,61,70
605,292,1,606,3,3354,35,8,30
606,292,1,607,4,3358,70,70,40
607,292,1,608,7,3365,66,16,70
608,292,1,609,3,3368,84,84,30
609,292,1,610,9,3377,82,82,90
610,292,1,611,8,3385,91,37,80
611,292,1,612,9,3394,139,54,90
612,292,1,613,4,3398,127,127,40
613,292,1,614,3,3401,28,28,30
614,292,1,615,9,3410,85,85,90
615,292,1,616,5,3415,46,46,50
616,292,1,617,3,3418,28,11,30
617,292,1,618,5,3423,83,83,50
618,292,1,619,8,3431,77,77,80
619,292,1,620,2,3433,12,12,20
620,292,1,621,6,3439,47,47,60
621,292,1,622,8,3447,104,104,80
622,292,1,623,2,3449,25,25,20
623,292,1,624,6,3455,60,60,60
624,292,1,625,4,3459,46,46,40
625,292,1,626,7,3466,72,72,70
626,292,1,627,9,3475,91,91,90
627,292,1,628,3,3478,30,30,30
628,292,1,629,2,3480,29,29,20
629,292,1,630,5,3485,46,46,50
630,292,1,631,9,3494,81,81,90
631,292,1,632,7,3501,83,83,70
632,292,1,633,3,3504,19,19,30
633,292,1,634,3,3507,36,10,30
634,292,1,635,9,3516,104,33,90
635,292,1,636,4,3520,107,37,40
636,292,1,637,8,3528,151,151,80
637,292,1,638,4,3532,43,15,40
638,292,1,639,9,3541,121,121,90
639,292,1,640,7,3548,65,65,70
640,292,1,641,7,3555,64,64,70
641,292,1,642,6,3561,58,58,60
642,292,1,643,8,3569,73,73,80
643,292,1,644,7,3576,90,90,70
644,292,1,645,3,3579,31,31,30
645,292,1,646,6,3585,67,24,60
646,292,1,647,2,3587,59,59,20
647,292,1,648,8,3595,67,67,80
648,292,1,649,5,3600,51,51,50
649,292,1,650,9,3609,91,34,90
650,292,1,651,3,3612,85,85,30
651,292,1,652,7,3619,79,79,70
652,292,1,653,7,3626,64,64,70
653,292,1,654,4,3630,49,16,40
654,292,1,655,6,3636,101,101,60
655,292,1,656,5,3641,51,51,50
656,292,1,657,3,3644,31,31,30
657,292,1,658,4,3648,36,17,40
658,292,1,659,8,3656,100,100,80
659,292,1,660,7,3663,65,65,70
660,292,1,661,6,3669,65,65,60
661,292,1,662,2,3671,17,17,20
662,292,1,663,3,3674,20,20,30
663,292,1,664,2,3676,11,5,20
664,292,1,665,2,3678,32,32,20
665,292,1,666,5,3683,56,56,50
666,292,1,667,7,3690,80,80,70
667,292,1,668,6,3696,55,55,60
668,292,1,669,2,3698,29,9,20
669,292,1,670,7,3705,95,28,70
670,292,1,671,5,3710,133,133,50
671,292,1,672,9,3719,80,26,90
672,292,1,673,8,3727,149,47,80
673,292,1,674,7,3734,181,181,70
674,292,1,675,2,3736,27,27,20
675,292,1,676,5,3741,64,64,50
676,292,1,677,7,3748,68,68,70
677,292,1,678,8,3756,92,43,80
678,292,1,679,5,3761,99,99,50
679,292,1,680,7,3768,64,64,70
680,292,1,681,2,3770,14,14,20
681,292,1,682,6,3776,56,23,60
682,292,1,683,8,3784,110,31,80
683,292,1,684,7,3791,156,156,70
684,292,1,685,3,3794,23,23,30
685,292,1,686,7,3801,81,81,70
686,292,1,687,5,3806,61,61,50
687,292,1,688,6,3812,52,52,60
688,292,1,689,7,3819,75,75,70
689,292,1,690,5,3824,38,38,50
690,292,1,691,8,3832,84,84,80
691,292,1,692,8,3840,80,80,80
692,292,1,693,2,3842,24,24,20
693,292,1,694,4,3846,38,38,40
694,292,1,695,6,3852,57,26,60
695,292,1,696,3,3855,65,65,30
696,292,1,697,8,3863,87,87,80
697,292,1,698,5,3868,49,49,50
698,292,1,699,4,3872,38,38,40
699,292,1,700,4,3876,39,39,40
700,292,1,701,4,3880,36,36,40
701,292,1,702,6,3886,68,68,60
702,292,1,703,9,3895,96,96,90
703,292,1,704,8,3903,67,67,80
704,292,1,705,2,3905,21,5,20
705,292,1,706,6,3911,70,70,60
706,292,1,707,8,3919,79,79,80
707,292,1,708,6,3925,55,55,60
708,292,1,709,6,3931,62,25,60
709,292,1,710,2,3933,57,17,20
710,292,1,711,4,3937,82,82,40
711,292,1,712,6,3943,60,60,60
712,292,1,713,9,3952,91,91,90
713,292,1,714,8,3960,66,66,80
714,292,1,715,3,3963,25,25,30
715,292,1,716,8,3971,82,82,80
716,292,1,717,4,3975,36,36,40
717,292,1,718,2,3977,22,22,20
718,292,1,719,3,3980,27,27,30
719,292,1,720,7,3987,74,74,70
720,292,1,721,2,3989,18,18,20
721,292,1,722,7,3996,71,71,70
722,292,1,723,6,4002,60,60,60
723,292,1,724,6,4008,58,58,60
724,292,1,725,4,4012,38,15,40
725,292,1,726,9,4021,111,111,90
726,292,1,727,6,4027,53,53,60
727,292,1,728,2,4029,20,20,20
728,292,1,729,9,4038,111,111,90
729,292,1,730,4,4042,42,42,40
730,292,1,731,4,4046,47,47,40
731,292,1,732,6,4052,56,56,60
732,292,1,733,7,4059,78,78,70
733,292,1,734,8,4067,71,71,80
734,292,1,735,3,4070,29,29,30
735,292,1,736,2,4072,21,21,20
736,292,1,737,4,4076,43,43,40
737,292,1,738,7,4083,69,69,70
738,292,1,739,8,4091,78,78,80
739,292,1,740,8,4099,76,29,80
740,292,1,741,3,4102,72,30,30
741,292,1,742,2,4104,54,21,20
742,292,1,743,8,4112,124,124,80
743,292,1,744,4,4116,43,43,40
744,292,1,745,3,4119,29,10,30
745,292,1,746,2,4121,40,40,20
746,292,1,747,5,4126,55,55,50
747,292,1,748,7,4133,71,71,70
748,292,1,749,7,4140,69,69,70
749,292,1,750,2,4142,18,18,20
750,292,1,751,8,4150,77,77,80
751,292,1,752,6,4156,54,54,60
752,292,1,753,4,4160,45,45,40
753,292,1,754,5,4165,56,18,50
754,292,1,755,5,4170,97,97,50
755,292,1,756,6,4176,65,65,60
756,292,1,757,2,4178,16,16,20
757,292,1,758,5,4183,48,48,50
758,292,1,759,5,4188,55,55,50
759,292,1,760,6,4194,68,18,60
760,292,1,761,3,4197,73,73,30
761,292,1,762,8,4205,79,79,80
762,292,1,763,5,4210,51,16,50
763,292,1,764,4,4214,78,78,40
764,292,1,765,4,4218,34,34,40
765,292,1,766,3,4221,29,29,30
766,292,1,767,3,4224,33,33,30
767,292,1,768,7,4231,79,19,70
768,292,1,769,7,4238,127,127,70
769,292,1,770,5,4243,42,42,50
770,292,1,771,2,4245,18,18,20
771,292,1,772,5,4250,49,49,50
772,292,1,773,2,4252,21,21,20
773,292,1,774,9,4261,91,24,90
774,292,1,775,2,4263,81,81,20
775,292,1,776,4,4267,51,51,40
776,292,1,777,5,4272,45,45,50
777,292,1,778,9,4281,90,90,90
778,292,1,779,4,4285,30,30,40
779,292,1,780,6,4291,66,66,60
780,292,1,781,4,4295,34,11,40
781,292,1,782,3,4298,54,20,30
782,292,1,783,6,4304,94,94,60
783,292,1,784,4,4308,42,15,40
784,292,1,785,2,4310,50,50,20
785,292,1,786,5,4315,43,43,50
786,292,1,787,4,4319,46,46,40
787,292,1,788,4,4323,35,11,40
788,292,1,789,8,4331,96,96,80
789,292,1,790,5,4336,45,13,50
790,292,1,791,6,4342,96,96,60
791,292,1,792,3,4345,24,24,30
792,292,1,793,2,4347,18,18,20
793,292,1,794,8,4355,67,67,80
794,292,1,795,9,4364,88,88,90
795,292,1,796,7,4371,77,77,70
796,292,1,797,5,4376,54,54,50
797,292,1,798,5,4381,51,51,50
798,292,1,799,9,4390,97,97,90
799,292,1,800,9,4399,84,84,90
800,292,1,801,4,4403,38,13,40
801,292,1,802,7,4410,92,36,70
802,292,1,803,8,4418,126,34,80
803,292,1,804,9,4427,184,184,90
804,292,1,805,4,4431,35,35,40
805,292,1,806,8,4439,81,81,80
806,292,1,807,9,4448,103,35,90
807,292,1,808,9,4457,148,51,90
808,292,1,809,8,4465,167,167,80
809,292,1,810,9,4474,101,101,90
810,292,1,811,2,4476,17,17,20
811,292,1,812,2,4478,16,16,20
812,292,1,813,7,4485,68,68,70
813,292,1,814,8,4493,74,17,80
814,292,1,815,7,4500,119,119,70
815,292,1,816,5,4505,42,42,50
816,292,1,817,6,4511,53,53,60
817,292,1,818,5,4516,48,16,50
818,292,1,819,6,4522,99,99,60
819,292,1,820,2,4524,19,19,20
820,292,1,821,5,4529,49,49,50
821,292,1,822,3,4532,26,26,30
822,292,1,823,8,4540,75,75,80
823,292,1,824,3,4543,32,32,30
824,292,1,825,9,4552,74,27,90
825,292,1,826,7,4559,129,129,70
826,292,1,827,4,4563,42,42,40
827,292,1,828,9,4572,94,94,90
828,292,1,829,8,4580,71,71,80
829,292,1,830,3,4583,35,35,30
830,292,1,831,8,4591,83,83,80
831,292,1,832,9,4600,96,96,90
832,292,1,833,4,4604,27,27,40
833,292,1,834,2,4606,19,19,20
834,292,1,835,2,4608,18,18,20
835,292,1,836,9,4617,90,90,90
836,292,1,837,4,4621,36,36,40
837,292,1,838,4,4625,39,39,40
838,292,1,839,6,4631,54,54,60
839,292,1,840,5,4636,61,24,50
840,292,1,841,2,4638,62,62,20
841,292,1,842,5,4643,50,50,50
842,292,1,843,2,4645,27,9,20
843,292,1,844,5,4650,80,80,50
844,292,1,845,3,4653,33,33,30
845,292,1,846,6,4659,62,62,60
846,292,1,847,3,4662,33,33,30
847,292,1,848,3,4665,24,24,30
848,292,1,849,3,4668,40,40,30
849,292,1,850,8,4676,70,70,80
850,292,1,851,2,4678,21,21,20
851,292,1,852,4,4682,38,38,40
852,292,1,853,6,4688,63,63,60
853,292,1,854,7,4695,68,24,70
854,292,1,855,6,4701,106,39,60
855,292,1,856,2,4703,84,84,20
856,292,1,857,4,4707,38,38,40
857,292,1,858,6,4713,70,70,60
858,292,1,859,9,4722,91,91,90
859,292,1,860,6,4728,67,67,60
860,292,1,861,7,4735,57,20,70
861,292,1,862,5,4740,84,84,50
862,292,1,863,5,4745,61,29,50
863,292,1,864,6,4751,98,98,60
864,292,1,865,5,4756,49,49,50
865,292,1,866,6,4762,58,58,60
866,292,1,867,5,4767,51,10,50
867,292,1,868,7,4774,100,100,70
868,292,1,869,9,4783,99,99,90
869,292,1,870,8,4791,87,87,80
870,292,1,871,3,4794,27,27,30
871,292,1,872,4,4798,44,44,40
872,292,1,873,3,4801,24,24,30
873,292,1,874,6,4807,63,63,60
874,292,1,875,9,4816,89,89,90
875,292,1,876,6,4822,57,21,60
876,292,1,877,9,4831,131,131,90
877,292,1,878,6,4837,46,46,60
878,292,1,879,6,4843,74,74,60
879,292,1,880,5,4848,50,20,50
880,292,1,881,2,4850,54,54,20
881,292,1,882,4,4854,51,51,40
882,292,1,883,6,4860,58,21,60
883,292,1,884,7,4867,107,37,70
884,292,1,885,6,4873,122,122,60
885,292,1,886,4,4877,32,32,40
886,292,1,887,6,4883,74,74,60
887,292,1,888,6,4889,57,57,60
888,292,1,889,2,4891,32,32,20
889,292,1,890,3,4894,26,26,30
890,292,1,891,5,4899,53,53,50
891,292,1,892,7,4906,82,27,70
892,292,1,893,5,4911,103,103,50
893,292,1,894,3,4914,33,33,30
894,292,1,895,3,4917,37,37,30
895,292,1,896,9,4926,81,81,90
896,292,1,897,8,4934,74,74,80
897,292,1,898,8,4942,97,97,80
898,292,1,899,2,4944,15,15,20
899,292,1,900,8,4952,68,68,80
900,292,1,901,4,4956,32,32,40
901,292,1,902,8,4964,85,85,80
902,292,1,903,8,4972,77,77,80
903,292,1,904,6,4978,63,63,60
904,292,1,905,3,4981,21,21,30
905,292,1,906,9,4990,92,92,90
906,292,1,907,4,4994,38,38,40
907,292,2,1,6,6,38,38,60
908,292,2,2,5,11,58,58,50
909,292,2,3,8,19,80,21,80
910,292,2,4,3,22,83,83,30
911,292,2,5,5,27,46,46,50
912,292,2,6,6,33,54,22,60
913,292,2,7,9,42,126,126,90
914,292,2,8,8,50,82,82,80
915,292,2,9,7,57,61,61,70
916,292,2,10,2,59,12,12,20
917,292,2,11,4,63,38,38,40
918,292,2,12,4,67,41,41,40
919,292,2,13,9,76,101,101,90
920,292,2,14,6,82,73,73,60
921,292,2,15,5,87,39,39,50
922,292,2,16,5,92,49,49,50
923,292,2,17,9,101,81,37,90
924,292,2,18,2,103,61,61,20
925,292,2,19,5,108,46,46,50
926,292,2,20,4,112,50,50,40
927,292,2,21,5,117,53,17,50
928,292,2,22,4,121,78,78,40
929,292,2,23,8,129,77,77,80
930,292,2,24,5,134,62,62,50
931,292,2,25,8,142,83,83,80
932,292,2,26,2,144,19,6,20
933,292,2,27,9,153,77,77,90
934,292,2,28,6,159,66,22,60
935,292,2,29,3,162,73,27,30
936,292,2,30,8,170,136,136,80
937,292,2,31,6,176,67,67,60
938,292,2,32,4,180,37,37,40
939,292,2,33,5,185,57,57,50
940,292,2,34,4,189,32,15,40
941,292,2,35,8,197,91,91,80
942,292,2,36,9,206,89,89,90
943,292,2,37,6,212,66,66,60
944,292,2,38,6,218,76,25,60
945,292,2,39,3,221,77,77,30
946,292,2,40,2,223,13,13,20
947,292,2,41,8,231,63,63,80
948,292,2,42,4,235,46,46,40
949,292,2,43,6,241,70,70,60
950,292,2,44,2,243,15,15,20
951,292,2,45,6,249,58,58,60
952,292,2,46,5,254,59,59,50
953,292,2,47,7,261,54,54,70
954,292,2,48,6,267,49,49,60
955,292,2,49,6,273,65,65,60
956,292,2,50,8,281,95,32,80
957,292,2,51,7,288,132,132,70
958,292,2,52,2,290,14,14,20
959,292,2,53,7,297,81,28,70
960,292,2,54,9,306,153,153,90
961,292,2,55,4,310,45,45,40
962,292,2,56,9,319,101,101,90
963,292,2,57,6,325,55,17,60
964,292,2,58,7,332,106,106,70
965,292,2,59,5,337,50,50,50
966,292,2,60,4,341,37,37,40
967,292,2,61,3,344,34,34,30
968,292,2,62,9,353,90,31,90
969,292,2,63,7,360,113,113,70
970,292,2,64,6,366,53,53,60
971,292,2,65,2,368,14,14,20
972,292,2,66,3,371,33,33,30
973,292,2,67,7,378,67,19,70
974,292,2,68,9,387,150,53,90
975,292,2,69,9,396,180,180,90
976,292,2,70,8,404,60,60,80
977,292,2,71,9,413,82,82,90
978,292,2,72,9,422,101,101,90
979,292,2,73,2,424,18,18,20
980,292,2,74,4,428,43,43,40
981,292,2,75,6,434,67,67,60
982,292,2,76,2,436,21,21,20
983,292,2,77,9,445,93,93,90
984,292,2,78,5,450,44,44,50
985,292,2,79,2,452,22,22,20
986,292,2,80,6,458,67,67,60
987,292,2,81,5,463,55,24,50
988,292,2,82,5,468,89,89,50
989,292,2,83,6,474,72,19,60
990,292,2,84,5,479,103,35,50
991,292,2,85,8,487,156,156,80
992,292,2,86,6,493,57,57,60
993,292,2,87,8,501,82,82,80
994,292,2,88,7,508,58,58,70
995,292,2,89,8,516,76,76,80
996,292,2,90,3,519,25,25,30
997,292,2,91,3,522,34,34,30
998,292,2,92,8,530,92,92,80
999,292,2,93,3,533,32,32,30
1000,292,2,94,8,541,71,71,80
1001,292,2,95,5,546,47,12,50
1002,292,2,96,8,554,102,102,80
1003,292,2,97,9,563,78,78,90
1004,292,2,98,6,569,56,56,60
1005,292,2,99,8,577,59,59,80
1006,292,2,100,6,583,63,63,60
1007,292,2,101,5,588,48,14,50
1008,292,2,102,8,596,118,118,80
1009,292,2,103,4,600,46,16,40
1010,292,2,104,8,608,120,120,80
1011,292,2,105,7,615,73,73,70
1012,292,2,106,9,624,97,97,90
1013,292,2,107,7,631,70,70,70
1014,292,2,108,8,639,81,81,80
1015,292,2,109,2,641,19,19,20
1016,292,2,110,5,646,57,57,50
1017,292,2,111,8,654,73,73,80
1018,292,2,112,8,662,58,16,80
1019,292,2,113,7,669,108,108,70
1020,292,2,114,6,675,45,45,60
1021,292,2,115,8,683,91,91,80
1022,292,2,116,5,688,66,66,50
1023,292,2,117,3,691,30,30,30
1024,292,2,118,6,697,62,62,60
1025,292,2,119,4,701,36,36,40
1026,292,2,120,8,709,88,88,80
1027,292,2,121,7,716,75,32,70
1028,292,2,122,9,725,134,134,90
1029,292,2,123,2,727,17,17,20
1030,292,2,124,8,735,75,75,80
1031,292,2,125,7,742,74,74,70
1032,292,2,126,5,747,42,42,50
1033,292,2,127,5,752,63,63,50
1034,292,2,128,6,758,59,59,60
1035,292,2,129,4,762,33,33,40
1036,292,2,130,4,766,45,17,40
1037,292,2,131,6,772,93,32,60
1038,292,2,132,3,775,100,100,30
1039,292,2,133,9,784,92,92,90
1040,292,2,134,7,791,73,15,70
1041,292,2,135,8,799,129,129,80
1042,292,2,136,3,802,29,29,30
1043,292,2,137,9,811,91,91,90
1044,292,2,138,7,818,73,73,70
1045,292,2,139,5,823,47,47,50
1046,292,2,140,6,829,52,52,60
1047,292,2,141,2,831,20,20,20
1048,292,2,142,5,836,53,53,50
1049,292,2,143,6,842,66,66,60
1050,292,2,144,3,845,31,9,30
1051,292,2,145,6,851,89,89,60
1052,292,2,146,7,858,84,84,70
1053,292,2,147,9,867,90,28,90
1054,292,2,148,6,873,133,53,60
1055,292,2,149,6,879,135,135,60
1056,292,2,150,8,887,72,17,80
1057,292,2,151,6,893,120,120,60
1058,292,2,152,4,897,50,50,40
1059,292,2,153,8,905,71,71,80
1060,292,2,154,3,908,25,11,30
1061,292,2,155,6,914,73,24,60
1062,292,2,156,3,917,74,24,30
1063,292,2,157,4,921,82,82,40
1064,292,2,158,5,926,46,46,50
1065,292,2,159,7,933,75,75,70
1066,292,2,160,7,940,87,87,70
1067,292,2,161,4,944,37,37,40
1068,292,2,162,7,951,53,53,70
1069,292,2,163,4,955,46,46,40
1070,292,2,164,4,959,45,45,40
1071,292,2,165,8,967,69,69,80
1072,292,2,166,6,973,56,56,60
1073,292,2,167,5,978,36,36,50
1074,292,2,168,6,984,57,20,60
1075,292,2,169,3,987,64,64,30
1076,292,2,170,7,994,77,26,70
1077,292,2,171,7,1001,119,36,70
1078,292,2,172,7,1008,156,156,70
1079,292,2,173,6,1014,66,66,60
1080,292,2,174,8,1022,85,85,80
1081,292,2,175,6,1028,53,53,60
1082,292,2,176,2,1030,20,4,20
1083,292,2,177,7,1037,82,82,70
1084,292,2,178,4,1041,41,18,40
1085,292,2,179,7,1048,83,83,70
1086,292,2,180,3,1051,29,29,30
1087,292,2,181,3,1054,33,33,30
1088,292,2,182,6,1060,55,55,60
1089,292,2,183,4,1064,38,11,40
1090,292,2,184,9,1073,109,109,90
1091,292,2,185,8,1081,76,76,80
1092,292,2,186,2,1083,23,23,20
1093,292,2,187,8,1091,68,68,80
1094,292,2,188,5,1096,40,40,50
1095,292,2,189,6,1102,49,49,60
1096,292,2,190,3,1105,27,27,30
1097,292,2,191,8,1113,78,78,80
1098,292,2,192,6,1119,63,63,60
1099,292,2,193,8,1127,81,28,80
1100,292,2,194,7,1134,119,119,70
1101,292,2,195,2,1136,21,21,20
1102,292,2,196,6,1142,60,60,60
1103,292,2,197,8,1150,78,78,80
1104,292,2,198,8,1158,73,17,80
1105,292,2,199,9,1167,151,151,90
1106,292,2,200,6,1173,71,71,60
1107,292,2,201,8,1181,68,31,80
1108,292,2,202,8,1189,120,120,80
1109,292,2,203,4,1193,36,36,40
1110,292,2,204,7,1200,62,62,70
1111,292,2,205,7,1207,70,70,70
1112,292,2,206,8,1215,77,77,80
1113,292,2,207,5,1220,46,46,50
1114,292,2,208,3,1223,24,24,30
1115,292,2,209,7,1230,62,62,70
1116,292,2,210,8,1238,86,28,80
1117,292,2,211,8,1246,133,133,80
1118,292,2,212,4,1250,44,11,40
1119,292,2,213,7,1257,104,39,70
1120,292,2,214,3,1260,101,37,30
1121,292,2,215,9,1269,154,50,90
1122,292,2,216,7,1276,171,171,70
1123,292,2,217,4,1280,46,46,40
1124,292,2,218,8,1288,78,78,80
1125,292,2,219,4,1292,47,47,40
1126,292,2,220,3,1295,29,13,30
1127,292,2,221,3,1298,37,37,30
1128,292,2,222,3,1301,28,28,30
1129,292,2,223,7,1308,66,30,70
1130,292,2,224,5,1313,84,84,50
1131,292,2,225,6,1319,67,67,60
1132,292,2,226,7,1326,70,70,70
1133,292,2,227,6,1332,70,70,60
1134,292,2,228,3,1335,32,32,30
1135,292,2,229,8,1343,77,77,80
1136,292,2,230,3,1346,35,9,30
1137,292,2,231,9,1355,111,41,90
1138,292,2,232,2,1357,82,82,20
1139,292,2,233,4,1361,41,41,40
1140,292,2,234,4,1365,39,39,40
1141,292,2,235,4,1369,34,34,40
1142,292,2,236,9,1378,87,87,90
1143,292,2,237,2,1380,31,31,20
1144,292,2,238,8,1388,53,53,80
1145,292,2,239,9,1397,91,91,90
1146,292,2,240,7,1404,76,76,70
1147,292,2,241,3,1407,37,37,30
1148,292,2,242,4,1411,36,36,40
1149,292,2,243,8,1419,95,95,80
1150,292,2,244,3,1422,30,13,30
1151,292,2,245,6,1428,64,64,60
1152,292,2,246,4,1432,54,54,40
1153,292,2,247,2,1434,23,23,20
1154,292,2,248,5,1439,45,15,50
1155,292,2,249,4,1443,72,23,40
1156,292,2,250,2,1445,69,69,20
1157,292,2,251,3,1448,21,21,30
1158,292,2,252,9,1457,104,104,90
1159,292,2,253,8,1465,89,29,80
1160,292,2,254,4,1469,109,109,40
1161,292,2,255,7,1476,70,70,70
1162,292,2,256,9,1485,104,104,90
1163,292,2,257,3,1488,29,29,30
1164,292,2,258,2,1490,15,15,20
1165,292,2,259,3,1493,33,33,30
1166,292,2,260,4,1497,38,38,40
1167,292,2,261,3,1500,35,35,30
1168,292,2,262,5,1505,46,46,50
1169,292,2,263,6,1511,80,80,60
1170,292,2,264,7,1518,61,61,70
1171,292,2,265,9,1527,85,85,90
1172,292,2,266,6,1533,71,71,60
1173,292,2,267,4,1537,44,44,40
1174,292,2,268,4,1541,40,40,40
1175,292,2,269,3,1544,28,12,30
1176,292,2,270,7,1551,91,91,70
1177,292,2,271,4,1555,53,53,40
1178,292,2,272,3,1558,31,31,30
1179,292,2,273,2,1560,20,20,20
1180,292,2,274,9,1569,73,26,90
1181,292,2,275,7,1576,112,112,70
1182,292,2,276,9,1585,102,102,90
1183,292,2,277,3,1588,31,31,30
1184,292,2,278,7,1595,80,80,70
1185,292,2,279,7,1602,70,70,70
1186,292,2,280,2,1604,24,4,20
1187,292,2,281,8,1612,106,106,80
1188,292,2,282,4,1616,43,43,40
1189,292,2,283,5,1621,46,46,50
1190,292,2,284,3,1624,23,23,30
1191,292,2,285,8,1632,77,77,80
1192,292,2,286,5,1637,46,13,50
1193,292,2,287,6,1643,95,95,60
1194,292,2,288,6,1649,72,20,60
1195,292,2,289,3,1652,87,87,30
1196,292,2,290,5,1657,42,42,50
1197,292,2,291,6,1663,51,15,60
1198,292,2,292,4,1667,86,86,40
1199,292,2,293,8,1675,67,67,80
1200,292,2,294,8,1683,87,87,80
1201,292,2,295,2,1685,25,25,20
1202,292,2,296,5,1690,43,43,50
1203,292,2,297,9,1699,96,96,90
1204,292,2,298,4,1703,46,46,40
1205,292,2,299,7,1710,75,75,70
1206,292,2,300,5,1715,60,60,50
1207,292,2,301,7,1722,75,75,70
1208,292,2,302,3,1725,29,29,30
1209,292,2,303,8,1733,73,73,80
1210,292,2,304,8,1741,65,65,80
1211,292,2,305,4,1745,35,35,40
1212,292,2,306,6,1751,65,18,60
1213,292,2,307,3,1754,74,74,30
1214,292,2,308,9,1763,106,106,90
1215,292,2,309,4,1767,42,42,40
1216,292,2,310,3,1770,26,26,30
1217,292,2,311,4,1774,34,34,40
1218,292,2,312,4,1778,42,42,40
1219,292,2,313,4,1782,31,15,40
1220,292,2,314,7,1789,82,31,70
1221,292,2,315,4,1793,85,85,40
1222,292,2,316,2,1795,23,6,20
1223,292,2,317,5,1800,69,69,50
1224,292,2,318,9,1809,105,105,90
1225,292,2,319,6,1815,52,52,60
1226,292,2,320,9,1824,90,39,90
1227,292,2,321,9,1833,145,145,90
1228,292,2,322,7,1840,67,67,70
1229,292,2,323,6,1846,62,15,60
1230,292,2,324,4,1850,93,32,40
1231,292,2,325,2,1852,80,27,20
1232,292,2,326,2,1854,76,76,20
1233,292,2,327,4,1858,38,38,40
1234,292,2,328,4,1862,39,39,40
1235,292,2,329,3,1865,33,33,30
1236,292,2,330,7,1872,65,65,70
1237,292,2,331,9,1881,77,28,90
1238,292,2,332,4,1885,91,91,40
1239,292,2,333,4,1889,38,38,40
1240,292,2,334,7,1896,68,68,70
1241,292,2,335,9,1905,98,43,90
1242,292,2,336,8,1913,128,128,80
1243,292,2,337,9,1922,96,96,90
1244,292,2,338,3,1925,26,26,30
1245,292,2,339,6,1931,44,44,60
1246,292,2,340,7,1938,61,61,70
1247,292,2,341,5,1943,45,45,50
1248,292,2,342,3,1946,30,30,30
1249,292,2,343,2,1948,26,3,20
1250,292,2,344,5,1953,85,85,50
1251,292,2,345,2,1955,18,5,20
1252,292,2,346,7,1962,92,92,70
1253,292,2,347,5,1967,39,39,50
1254,292,2,348,5,1972,48,48,50
1255,292,2,349,6,1978,42,42,60
1256,292,2,350,4,1982,41,16,40
1257,292,2,351,4,1986,64,64,40
1258,292,2,352,8,1994,71,71,80
1259,292,2,353,9,2003,83,83,90
1260,292,2,354,3,2006,37,37,30
1261,292,2,355,8,2014,77,77,80
1262,292,2,356,2,2016,17,17,20
1263,292,2,357,3,2019,28,28,30
1264,292,2,358,6,2025,56,56,60
1265,292,2,359,9,2034,83,83,90
1266,292,2,360,7,2041,73,73,70
1267,292,2,361,9,2050,95,37,90
1268,292,2,362,6,2056,113,40,60
1269,292,2,363,4,2060,120,120,40
1270,292,2,364,7,2067,84,39,70
1271,292,2,365,6,2073,114,114,60
1272,292,2,366,2,2075,21,21,20
1273,292,2,367,4,2079,49,49,40
1274,292,2,368,8,2087,82,82,80
1275,292,2,369,7,2094,73,23,70
1276,292,2,370,8,2102,148,148,80
1277,292,2,371,2,2104,20,20,20
1278,292,2,372,8,2112,78,78,80
1279,292,2,373,2,2114,20,20,20
1280,292,2,374,8,2122,90,90,80
1281,292,2,375,4,2126,43,43,40
1282,292,2,376,2,2128,18,4,20
1283,292,2,377,6,2134,72,72,60
1284,292,2,378,9,2143,94,94,90
1285,292,2,379,7,2150,74,74,70
1286,292,2,380,4,2154,51,51,40
1287,292,2,381,3,2157,31,31,30
1288,292,2,382,3,2160,27,27,30
1289,292,2,383,2,2162,12,12,20
1290,292,2,384,5,2167,52,52,50
1291,292,2,385,8,2175,79,79,80
1292,292,2,386,5,2180,51,51,50
1293,292,2,387,4,2184,33,11,40
1294,292,2,388,4,2188,61,61,40
1295,292,2,389,9,2197,92,92,90
1296,292,2,390,3,2200,30,30,30
1297,292,2,391,3,2203,44,44,30
1298,292,2,392,3,2206,21,6,30
1299,292,2,393,3,2209,43,43,30
1300,292,2,394,4,2213,30,10,40
1301,292,2,395,9,2222,111,34,90
1302,292,2,396,7,2229,155,155,70
1303,292,2,397,3,2232,23,23,30
1304,292,2,398,9,2241,85,85,90
1305,292,2,399,4,2245,41,15,40
1306,292,2,400,2,2247,51,23,20
1307,292,2,401,6,2253,87,87,60
1308,292,2,402,7,2260,74,33,70
1309,292,2,403,6,2266,85,85,60
1310,292,2,404,4,2270,41,41,40
1311,292,2,405,7,2277,66,17,70
1312,292,2,406,5,2282,93,93,50
1313,292,2,407,6,2288,50,15,60
1314,292,2,408,8,2296,101,101,80
1315,292,2,409,6,2302,73,73,60
1316,292,2,410,7,2309,70,70,70
1317,292,2,411,4,2313,46,16,40
1318,292,2,412,5,2318,70,70,50
1319,292,2,413,8,2326,89,89,80
1320,292,2,414,6,2332,50,50,60
1321,292,2,415,6,2338,53,18,60
1322,292,2,416,6,2344,105,105,60
1323,292,2,417,8,2352,96,96,80
1324,292,2,418,5,2357,40,40,50
1325,292,2,419,2,2359,17,17,20
1326,292,2,420,9,2368,99,99,90
1327,292,2,421,4,2372,31,31,40
1328,292,2,422,3,2375,39,39,30
1329,292,2,423,6,2381,69,69,60
1330,292,2,424,7,2388,72,72,70
1331,292,2,425,6,2394,64,64,60
1332,292,2,426,5,2399,45,45,50
1333,292,2,427,4,2403,41,41,40
1334,292,2,428,6,2409,47,47,60
1335,292,2,429,5,2414,52,52,50
1336,292,2,430,7,2421,76,76,70
1337,292,2,431,3,2424,36,36,30
1338,292,2,432,8,2432,87,87,80
1339,292,2,433,7,2439,69,69,70
1340,292,2,434,4,2443,37,37,40
1341,292,2,435,2,2445,17,17,20
1342,292,2,436,9,2454,91,36,90
1343,292,2,437,3,2457,95,95,30
1344,292,2,438,3,2460,31,31,30
1345,292,2,439,7,2467,59,59,70
1346,292,2,440,7,2474,80,80,70
1347,292,2,441,4,2478,36,36,40
1348,292,2,442,7,2485,72,72,70
1349,292,2,443,5,2490,50,50,50
1350,292,2,444,4,2494,32,32,40
1351,292,2,445,9,2503,88,88,90
1352,292,2,446,9,2512,84,39,90
1353,292,2,447,5,2517,89,89,50
1354,292,2,448,9,2526,96,36,90
1355,292,2,449,7,2533,148,148,70
1356,292,2,450,2,2535,25,25,20
1357,292,2,451,4,2539,49,49,40
1358,292,2,452,3,2542,29,29,30
1359,292,2,453,8,2550,81,30,80
1360,292,2,454,3,2553,83,29,30
1361,292,2,455,4,2557,100,100,40
1362,292,2,456,5,2562,54,24,50
1363,292,2,457,7,2569,99,99,70
1364,292,2,458,2,2571,21,21,20
1365,292,2,459,3,2574,29,29,30
1366,292,2,460,5,2579,53,53,50
1367,292,2,461,2,2581,24,24,20
1368,292,2,462,6,2587,56,56,60
1369,292,2,463,8,2595,81,24,80
1370,292,2,464,9,2604,147,54,90
1371,292,2,465,9,2613,189,189,90
1372,292,2,466,9,2622,81,32,90
1373,292,2,467,5,2627,108,35,50
1374,292,2,468,9,2636,154,154,90
1375,292,2,469,5,2641,51,51,50
1376,292,2,470,6,2647,67,67,60
1377,292,2,471,6,2653,61,21,60
1378,292,2,472,6,2659,85,21,60
1379,292,2,473,4,2663,98,98,40
1380,292,2,474,8,2671,72,72,80
1381,292,2,475,7,2678,73,73,70
1382,292,2,476,5,2683,54,54,50
1383,292,2,477,9,2692,89,89,90
1384,292,2,478,3,2695,30,11,30
1385,292,2,479,2,2697,48,48,20
1386,292,2,480,4,2701,31,31,40
1387,292,2,481,8,2709,84,26,80
1388,292,2,482,4,2713,94,94,40
1389,292,2,483,4,2717,33,33,40
1390,292,2,484,3,2720,27,27,30
1391,292,2,485,4,2724,43,43,40
1392,292,2,486,6,2730,66,66,60
1393,292,2,487,9,2739,83,83,90
1394,292,2,488,7,2746,73,73,70
1395,292,2,489,6,2752,50,50,60
1396,292,2,490,7,2759,70,27,70
1397,292,2,491,4,2763,91,91,40
1398,292,2,492,3,2766,32,32,30
1399,292,2,493,8,2774,81,81,80
1400,292,2,494,5,2779,46,46,50
1401,292,2,495,7,2786,78,78,70
1402,292,2,496,7,2793,68,68,70
1403,292,2,497,8,2801,84,84,80
1404,292,2,498,5,2806,33,14,50
1405,292,2,499,2,2808,47,47,20
1406,292,2,500,3,2811,30,30,30
1407,292,2,501,7,2818,71,71,70
1408,292,2,502,9,2827,95,35,90
1409,292,2,503,5,2832,102,102,50
1410,292,2,504,8,2840,92,92,80
1411,292,2,505,7,2847,52,52,70
1412,292,2,506,4,2851,44,44,40
1413,292,2,507,8,2859,79,79,80
1414,292,2,508,2,2861,28,28,20
1415,292,2,509,3,2864,36,36,30
1416,292,2,510,5,2869,49,49,50
1417,292,2,511,6,2875,63,63,60
1418,292,2,512,6,2881,55,55,60
1419,292,2,513,5,2886,56,13,50
1420,292,2,514,2,2888,66,66,20
1421,292,2,515,7,2895,64,23,70
1422,292,2,516,5,2900,101,30,50
1423,292,2,517,6,2906,117,117,60
1424,292,2,518,8,2914,107,107,80
1425,292,2,519,9,2923,92,92,90
1426,292,2,520,8,2931,81,81,80
1427,292,2,521,4,2935,45,45,40
1428,292,2,522,4,2939,35,35,40
1429,292,2,523,5,2944,50,50,50
1430,292,2,524,9,2953,81,81,90
1431,292,2,525,4,2957,47,47,40
1432,292,2,526,7,2964,67,20,70
1433,292,2,527,4,2968,94,94,40
1434,292,2,528,3,2971,41,41,30
1435,292,2,529,3,2974,31,31,30
1436,292,2,530,5,2979,46,46,50
1437,292,2,531,2,2981,16,16,20
1438,292,2,532,4,2985,42,11,40
1439,292,2,533,6,2991,87,87,60
1440,292,2,534,4,2995,38,11,40
1441,292,2,535,4,2999,73,22,40
1442,292,2,536,4,3003,88,88,40
1443,292,2,537,2,3005,23,23,20
1444,292,2,538,4,3009,36,36,40
1445,292,2,539,7,3016,75,75,70
1446,292,2,540,5,3021,49,49,50
1447,292,2,541,4,3025,32,32,40
1448,292,2,542,3,3028,31,9,30
1449,292,2,543,3,3031,57,57,30
1450,292,2,544,2,3033,19,19,20
1451,292,2,545,8,3041,76,23,80
1452,292,2,546,8,3049,131,131,80
1453,292,2,547,8,3057,88,27,80
1454,292,2,548,4,3061,107,107,40
1455,292,2,549,5,3066,51,51,50
1456,292,2,550,7,3073,67,67,70
1457,292,2,551,3,3076,28,28,30
1458,292,2,552,2,3078,18,18,20
1459,292,2,553,2,3080,11,11,20
1460,292,2,554,3,3083,25,25,30
1461,292,2,555,2,3085,24,24,20
1462,292,2,556,2,3087,23,23,20
1463,292,2,557,9,3096,80,80,90
1464,292,2,558,3,3099,34,11,30
1465,292,2,559,2,3101,41,41,20
1466,292,2,560,6,3107,54,54,60
1467,292,2,561,4,3111,43,43,40
1468,292,2,562,9,3120,91,91,90
1469,292,2,563,2,3122,23,23,20
1470,292,2,564,9,3131,97,97,90
1471,292,2,565,9,3140,82,82,90
1472,292,2,566,2,3142,24,24,20
1473,292,2,567,3,3145,25,10,30
1474,292,2,568,2,3147,34,12,20
1475,292,2,569,3,3150,54,54,30
1476,292,2,570,3,3153,21,21,30
1477,292,2,571,6,3159,83,83,60
1478,292,2,572,2,3161,21,21,20
1479,292,2,573,6,3167,65,65,60
1480,292,2,574,5,3172,46,46,50
1481,292,2,575,3,3175,26,8,30
1482,292,2,576,8,3183,110,110,80
1483,292,2,577,7,3190,80,80,70
1484,292,2,578,6,3196,49,49,60
1485,292,2,579,7,3203,53,16,70
1486,292,2,580,8,3211,118,118,80
1487,292,2,581,4,3215,43,43,40
1488,292,2,582,4,3219,43,43,40
1489,292,2,583,2,3221,23,23,20
1490,292,2,584,5,3226,42,42,50
1491,292,2,585,5,3231,51,51,50
1492,292,2,586,6,3237,54,15,60
1493,292,2,587,6,3243,101,101,60
1494,292,2,588,4,3247,37,37,40
1495,292,2,589,9,3256,90,90,90
1496,292,2,590,5,3261,62,62,50
1497,292,2,591,8,3269,85,41,80
1498,292,2,592,6,3275,100,100,60
1499,292,2,593,6,3281,51,18,60
1500,292,2,594,3,3284,61,61,30
1501,292,2,595,5,3289,60,22,50
1502,292,2,596,8,3297,122,122,80
1503,292,2,597,3,3300,28,28,30
1504,292,2,598,2,3302,13,13,20
1505,292,2,599,8,3310,81,81,80
1506,292,2,600,9,3319,85,85,90
1507,292,2,601,3,3322,25,3,30
1508,292,2,602,4,3326,66,66,40
1509,292,2,603,2,3328,15,15,20
1510,292,2,604,7,3335,70,70,70
1511,292,2,605,3,3338,31,31,30
1512,292,2,606,9,3347,84,84,90
1513,292,2,607,5,3352,46,46,50
1514,292,2,608,2,3354,24,24,20
1515,292,2,609,4,3358,33,33,40
1516,292,2,610,4,3362,43,43,40
1517,292,2,611,5,3367,43,43,50
1518,292,2,612,2,3369,17,5,20
1519,292,2,613,5,3374,68,68,50
1520,292,2,614,6,3380,51,51,60
1521,292,2,615,4,3384,35,35,40
1522,292,2,616,2,3386,16,7,20
1523,292,2,617,8,3394,99,99,80
1524,292,2,618,4,3398,34,34,40
1525,292,2,619,2,3400,26,10,20
1526,292,2,620,7,3407,85,85,70
1527,292,2,621,8,3415,69,69,80
1528,292,2,622,3,3418,30,30,30
1529,292,2,623,7,3425,69,69,70
1530,292,2,624,6,3431,58,58,60
1531,292,2,625,8,3439,87,87,80
1532,292,2,626,3,3442,25,25,30
1533,292,2,627,5,3447,50,50,50
1534,292,2,628,5,3452,44,44,50
1535,292,2,629,8,3460,68,68,80
1536,292,2,630,4,3464,47,19,40
1537,292,2,631,7,3471,92,92,70
1538,292,2,632,7,3478,65,65,70
1539,292,2,633,8,3486,85,85,80
1540,292,2,634,5,3491,45,45,50
1541,292,2,635,7,3498,67,67,70
1542,292,2,636,7,3505,77,77,70
1543,292,2,637,7,3512,54,54,70
1544,292,2,638,8,3520,79,79,80
1545,292,2,639,9,3529,87,87,90
1546,292,2,640,5,3534,48,48,50
1547,292,2,641,6,3540,62,25,60
1548,292,2,642,9,3549,134,134,90
1549,292,2,643,6,3555,53,53,60
1550,292,2,644,2,3557,26,26,20
1551,292,2,645,7,3564,81,81,70
1552,292,2,646,5,3569,45,17,50
1553,292,2,647,3,3572,53,53,30
1554,292,2,648,3,3575,35,35,30
1555,292,2,649,2,3577,11,11,20
1556,292,2,650,3,3580,28,10,30
1557,292,2,651,3,3583,43,43,30
1558,292,2,652,7,3590,69,69,70
1559,292,2,653,4,3594,41,41,40
1560,292,2,654,3,3597,34,34,30
1561,292,2,655,2,3599,26,26,20
1562,292,2,656,5,3604,47,47,50
1563,292,2,657,9,3613,96,96,90
1564,292,2,658,2,3615,13,2,20
1565,292,2,659,7,3622,56,21,70
1566,292,2,660,6,3628,97,97,60
1567,292,2,661,3,3631,23,23,30
1568,292,2,662,8,3639,102,102,80
1569,292,2,663,5,3644,54,54,50
1570,292,2,664,9,3653,97,97,90
1571,292,2,665,5,3658,67,67,50
1572,292,2,666,5,3663,62,62,50
1573,292,2,667,8,3671,74,74,80
1574,292,2,668,4,3675,45,45,40
1575,292,2,669,8,3683,92,92,80
1576,292,2,670,8,3691,80,80,80
1577,292,2,671,7,3698,75,75,70
1578,292,2,672,7,3705,75,75,70
1579,292,2,673,7,3712,60,60,70
1580,292,2,674,6,3718,65,29,60
1581,292,2,675,3,3721,67,67,30
1582,292,2,676,4,3725,44,44,40
1583,292,2,677,6,3731,59,59,60
1584,292,2,678,9,3740,80,25,90
1585,292,2,679,4,3744,101,101,40
1586,292,2,680,3,3747,26,26,30
1587,292,2,681,2,3749,22,22,20
1588,292,2,682,8,3757,76,76,80
1589,292,2,683,3,3760,33,33,30
1590,292,2,684,6,3766,47,47,60
1591,292,2,685,5,3771,49,22,50
1592,292,2,686,5,3776,70,70,50
1593,292,2,687,9,3785,91,91,90
1594,292,2,688,4,3789,35,35,40
1595,292,2,689,7,3796,81,81,70
1596,292,2,690,2,3798,17,17,20
1597,292,2,691,3,3801,30,30,30
1598,292,2,692,5,3806,43,43,50
1599,292,2,693,8,3814,86,86,80
1600,292,2,694,3,3817,30,30,30
1601,292,2,695,6,3823,65,65,60
1602,292,2,696,5,3828,47,47,50
1603,292,2,697,4,3832,39,12,40
1604,292,2,698,6,3838,81,81,60
1605,292,2,699,7,3845,63,63,70
1606,292,2,700,3,3848,36,36,30
1607,292,2,701,2,3850,27,27,20
1608,292,2,702,6,3856,63,63,60
1609,292,2,703,6,3862,59,59,60
1610,292,2,704,6,3868,63,63,60
1611,292,2,705,3,3871,39,39,30
1612,292,2,706,2,3873,17,17,20
1613,292,2,707,5,3878,55,18,50
1614,292,2,708,2,3880,54,54,20
1615,292,2,709,3,3883,30,14,30
1616,292,2,710,9,3892,89,32,90
1617,292,2,711,4,3896,107,107,40
1618,292,2,712,5,3901,40,40,50
1619,292,2,713,7,3908,54,54,70
1620,292,2,714,2,3910,21,21,20
1621,292,2,715,2,3912,20,7,20
1622,292,2,716,2,3914,33,33,20
1623,292,2,717,9,3923,88,88,90
1624,292,2,718,9,3932,81,81,90
1625,292,2,719,3,3935,35,35,30
1626,292,2,720,5,3940,58,58,50
1627,292,2,721,5,3945,52,18,50
1628,292,2,722,4,3949,77,77,40
1629,292,2,723,6,3955,70,70,60
1630,292,2,724,2,3957,25,25,20
1631,292,2,725,5,3962,60,60,50
1632,292,2,726,9,3971,92,92,90
1633,292,2,727,6,3977,53,53,60
1634,292,2,728,5,3982,56,56,50
1635,292,2,729,5,3987,45,45,50
1636,292,2,730,7,3994,87,87,70
1637,292,2,731,9,4003,106,106,90
1638,292,2,732,4,4007,37,37,40
1639,292,2,733,2,4009,12,12,20
1640,292,2,734,9,4018,82,28,90
1641,292,2,735,6,4024,107,107,60
1642,292,2,736,6,4030,72,72,60
1643,292,2,737,2,4032,25,25,20
1644,292,2,738,4,4036,44,44,40
1645,292,2,739,3,4039,30,9,30
1646,292,2,740,4,4043,63,63,40
1647,292,2,741,3,4046,30,10,30
1648,292,2,742,7,4053,99,99,70
1649,292,2,743,3,4056,22,22,30
1650,292,2,744,2,4058,21,21,20
1651,292,2,745,4,4062,45,45,40
1652,292,2,746,2,4064,15,7,20
1653,292,2,747,6,4070,58,58,60
1654,292,2,748,6,4076,88,88,60
1655,292,2,749,6,4082,64,64,60
1656,292,2,750,6,4088,62,62,60
1657,292,2,751,6,4094,60,60,60
1658,292,2,752,4,4098,42,42,40
1659,292,2,753,2,4100,15,15,20
1660,292,2,754,9,4109,96,40,90
1661,292,2,755,7,4116,128,128,70
1662,292,2,756,8,4124,89,27,80
1663,292,2,757,5,4129,114,114,50
1664,292,2,758,4,4133,37,37,40
1665,292,2,759,3,4136,33,11,30
1666,292,2,760,5,4141,58,58,50
1667,292,2,761,8,4149,89,35,80
1668,292,2,762,6,4155,104,104,60
1669,292,2,763,2,4157,31,31,20
1670,292,2,764,7,4164,64,64,70
1671,292,2,765,3,4167,35,35,30
1672,292,2,766,5,4172,57,57,50
1673,292,2,767,2,4174,30,30,20
1674,292,2,768,2,4176,19,19,20
1675,292,2,769,3,4179,29,29,30
1676,292,2,770,5,4184,53,53,50
1677,292,2,771,7,4191,65,65,70
1678,292,2,772,5,4196,56,56,50
1679,292,2,773,6,4202,42,42,60
1680,292,2,774,4,4206,37,11,40
1681,292,2,775,8,4214,111,111,80
1682,292,2,776,5,4219,56,56,50
1683,292,2,777,4,4223,33,33,40
1684,292,2,778,4,4227,39,39,40
1685,292,2,779,9,4236,100,30,90
1686,292,2,780,4,4240,120,120,40
1687,292,2,781,4,4244,45,45,40
1688,292,2,782,7,4251,75,27,70
1689,292,2,783,3,4254,86,86,30
1690,292,2,784,7,4261,73,73,70
1691,292,2,785,4,4265,44,44,40
1692,292,2,786,8,4273,73,73,80
1693,292,2,787,6,4279,70,70,60
1694,292,2,788,8,4287,65,65,80
1695,292,2,789,3,4290,30,30,30
1696,292,2,790,2,4292,15,15,20
1697,292,2,791,3,4295,26,26,30
1698,292,2,792,6,4301,65,25,60
1699,292,2,793,5,4306,86,86,50
1700,292,2,794,9,4315,99,99,90
1701,292,2,795,4,4319,44,44,40
1702,292,2,796,8,4327,86,86,80
1703,292,2,797,5,4332,39,39,50
1704,292,2,798,2,4334,14,14,20
1705,292,2,799,9,4343,89,89,90
1706,292,2,800,3,4346,30,30,30
1707,292,2,801,9,4355,86,32,90
1708,292,2,802,8,4363,134,52,80
1709,292,2,803,2,4365,97,30,20
1710,292,2,804,3,4368,100,100,30
1711,292,2,805,9,4377,105,105,90
1712,292,2,806,5,4382,56,56,50
1713,292,2,807,6,4388,64,64,60
1714,292,2,808,4,4392,31,7,40
1715,292,2,809,2,4394,53,53,20
1716,292,2,810,4,4398,48,48,40
1717,292,2,811,5,4403,48,48,50
1718,292,2,812,9,4412,103,103,90
1719,292,2,813,7,4419,63,63,70
1720,292,2,814,4,4423,38,11,40
1721,292,2,815,8,4431,112,112,80
1722,292,2,816,5,4436,46,46,50
1723,292,2,817,3,4439,24,24,30
1724,292,2,818,6,4445,67,21,60
1725,292,2,819,2,4447,71,71,20
1726,292,2,820,4,4451,39,39,40
1727,292,2,821,2,4453,18,18,20
1728,292,2,822,9,4462,94,38,90
1729,292,2,823,4,4466,105,43,40
1730,292,2,824,2,4468,91,33,20
1731,292,2,825,5,4473,96,96,50
1732,292,2,826,6,4479,47,17,60
1733,292,2,827,6,4485,91,91,60
1734,292,2,828,3,4488,27,10,30
1735,292,2,829,2,4490,33,33,20
1736,292,2,830,2,4492,17,17,20
1737,292,2,831,4,4496,35,16,40
1738,292,2,832,4,4500,63,63,40
1739,292,2,833,3,4503,28,28,30
1740,292,2,834,5,4508,52,14,50
1741,292,2,835,5,4513,96,96,50
1742,292,2,836,3,4516,31,31,30
1743,292,2,837,4,4520,37,37,40
1744,292,2,838,4,4524,39,39,40
1745,292,2,839,8,4532,74,74,80
1746,292,2,840,2,4534,16,16,20
1747,292,2,841,5,4539,53,18,50
1748,292,2,842,5,4544,92,92,50
1749,292,2,843,7,4551,80,80,70
1750,292,2,844,3,4554,35,35,30
1751,292,2,845,5,4559,41,41,50
1752,292,2,846,3,4562,35,35,30
1753,292,2,847,2,4564,17,17,20
1754,292,2,848,7,4571,78,78,70
1755,292,2,849,7,4578,68,68,70
1756,292,2,850,4,4582,46,46,40
1757,292,2,851,6,4588,69,69,60
1758,292,2,852,9,4597,77,77,90
1759,292,2,853,2,4599,23,23,20
1760,292,2,854,3,4602,35,13,30
1761,292,2,855,5,4607,70,70,50
1762,292,2,856,3,4610,23,23,30
1763,292,2,857,6,4616,61,61,60
1764,292,2,858,9,4625,102,24,90
1765,292,2,859,8,4633,169,169,80
1766,292,2,860,6,4639,73,73,60
1767,292,2,861,6,4645,64,64,60
1768,292,2,862,5,4650,44,44,50
1769,292,2,863,3,4653,24,24,30
1770,292,2,864,6,4659,67,67,60
1771,292,2,865,5,4664,47,8,50
1772,292,2,866,2,4666,64,64,20
1773,292,2,867,4,4670,47,47,40
1774,292,2,868,3,4673,28,28,30
1775,292,2,869,9,4682,91,91,90
1776,292,2,870,3,4685,24,24,30
1777,292,2,871,7,4692,78,21,70
1778,292,2,872,7,4699,123,123,70
1779,292,2,873,9,4708,101,101,90
1780,292,2,874,5,4713,46,46,50
1781,292,2,875,2,4715,28,6,20
1782,292,2,876,6,4721,87,87,60
1783,292,2,877,3,4724,29,29,30
1784,292,2,878,5,4729,48,48,50
1785,292,2,879,7,4736,71,71,70
1786,292,2,880,9,4745,93,28,90
1787,292,2,881,6,4751,134,134,60
1788,292,2,882,4,4755,43,43,40
1789,292,2,883,3,4758,32,14,30
1790,292,2,884,4,4762,43,13,40
1791,292,2,885,6,4768,94,94,60
1792,292,2,886,7,4775,66,66,70
1793,292,2,887,3,4778,33,9,30
1794,292,2,888,5,4783,60,60,50
1795,292,2,889,7,4790,69,26,70
1796,292,2,890,6,4796,93,93,60
1797,292,2,891,4,4800,33,33,40
1798,292,2,892,5,4805,45,45,50
1799,292,2,893,6,4811,51,51,60
1800,292,2,894,4,4815,53,18,40
1801,292,2,895,8,4823,111,111,80
1802,292,2,896,7,4830,70,70,70
1803,292,2,897,8,4838,69,69,80
1804,292,2,898,5,4843,54,54,50
1805,292,2,899,3,4846,28,28,30
1806,292,2,900,9,4855,94,94,90
1807,292,2,901,6,4861,81,81,60
1808,292,2,902,4,4865,39,18,40
1809,292,2,903,2,4867,34,34,20
1810,292,2,904,8,4875,89,89,80
1811,292,2,905,7,4882,69,26,70
1812,292,2,906,9,4891,132,132,90
1813,292,2,907,3,4894,30,10,30
1814,292,2,908,2,4896,41,41,20
1815,292,2,909,6,4902,56,56,60
1816,292,2,910,7,4909,77,77,70
1817,292,2,911,9,4918,77,77,90
1818,292,2,912,9,4927,98,98,90
1819,292,2,913,6,4933,55,55,60
1820,292,2,914,8,4941,77,27,80
1821,292,2,915,6,4947,111,111,60
1822,292,2,916,2,4949,24,24,20
1823,292,2,917,3,4952,30,30,30
1824,292,2,918,5,4957,51,51,50
1825,292,2,919,2,4959,17,17,20
1826,292,2,920,8,4967,79,79,80
1827,292,2,921,2,4969,25,25,20
1828,292,2,922,3,4972,24,24,30
1829,292,2,923,7,4979,58,58,70
1830,292,2,924,2,4981,22,22,20
1831,292,2,925,4,4985,38,38,40
1832,292,2,926,8,4993,80,80,80
1833,292,2,927,6,4999,57,57,60
1834,292,3,1,3,3,28,28,30
1835,292,3,2,3,6,20,20,30
1836,292,3,3,3,9,27,27,30
1837,292,3,4,8,17,104,104,80
1838,292,3,5,5,22,53,11,50
1839,292,3,6,9,31,124,124,90
1840,292,3,7,2,33,23,8,20
1841,292,3,8,4,37,63,63,40
1842,292,3,9,2,39,22,22,20
1843,292,3,10,7,46,80,80,70
1844,292,3,11,8,54,81,81,80
1845,292,3,12,8,62,77,19,80
1846,292,3,13,8,70,141,141,80
1847,292,3,14,7,77,87,87,70
1848,292,3,15,7,84,70,70,70
1849,292,3,16,3,87,25,25,30
1850,292,3,17,5,92,54,54,50
1851,292,3,18,9,101,83,83,90
1852,292,3,19,4,105,42,42,40
1853,292,3,20,7,112,76,76,70
1854,292,3,21,9,121,78,78,90
1855,292,3,22,5,126,55,55,50
1856,292,3,23,5,131,49,49,50
1857,292,3,24,3,134,33,10,30
1858,292,3,25,3,137,46,46,30
1859,292,3,26,9,146,103,103,90
1860,292,3,27,7,153,59,59,70
1861,292,3,28,3,156,25,25,30
1862,292,3,29,8,164,66,66,80
1863,292,3,30,2,166,13,5,20
1864,292,3,31,3,169,48,48,30
1865,292,3,32,3,172,31,31,30
1866,292,3,33,4,176,47,17,40
1867,292,3,34,4,180,73,73,40
1868,292,3,35,7,187,57,57,70
1869,292,3,36,6,193,57,16,60
1870,292,3,37,2,195,63,63,20
1871,292,3,38,3,198,29,29,30
1872,292,3,39,5,203,44,44,50
1873,292,3,40,3,206,25,9,30
1874,292,3,41,6,212,72,72,60
1875,292,3,42,5,217,51,51,50
1876,292,3,43,8,225,70,70,80
1877,292,3,44,3,228,39,39,30
1878,292,3,45,2,230,23,12,20
1879,292,3,46,2,232,34,34,20
1880,292,3,47,7,239,72,72,70
1881,292,3,48,5,244,48,19,50
1882,292,3,49,5,249,77,77,50
1883,292,3,50,4,253,48,48,40
1884,292,3,51,5,258,48,48,50
1885,292,3,52,9,267,84,84,90
1886,292,3,53,3,270,28,9,30
1887,292,3,54,6,276,74,74,60
1888,292,3,55,2,278,24,24,20
1889,292,3,56,8,286,74,74,80
1890,292,3,57,3,289,34,11,30
1891,292,3,58,2,291,47,22,20
1892,292,3,59,8,299,115,115,80
1893,292,3,60,6,305,73,73,60
1894,292,3,61,9,314,89,89,90
1895,292,3,62,3,317,23,23,30
1896,292,3,63,3,320,28,28,30
1897,292,3,64,5,325,49,49,50
1898,292,3,65,2,327,23,23,20
1899,292,3,66,9,336,93,93,90
1900,292,3,67,9,345,100,100,90
1901,292,3,68,9,354,104,36,90
1902,292,3,69,3,357,105,105,30
1903,292,3,70,2,359,16,16,20
1904,292,3,71,3,362,25,25,30
1905,292,3,72,3,365,28,28,30
1906,292,3,73,5,370,38,9,50
1907,292,3,74,8,378,125,125,80
1908,292,3,75,7,385,71,71,70
1909,292,3,76,4,389,38,38,40
1910,292,3,77,7,396,75,29,70
1911,292,3,78,6,402,108,108,60
1912,292,3,79,8,410,88,30,80
1913,292,3,80,7,417,128,128,70
1914,292,3,81,3,420,31,13,30
1915,292,3,82,2,422,41,41,20
1916,292,3,83,4,426,41,41,40
1917,292,3,84,8,434,86,86,80
1918,292,3,85,9,443,98,35,90
1919,292,3,86,6,449,117,117,60
1920,292,3,87,4,453,40,40,40
1921,292,3,88,2,455,21,21,20
1922,292,3,89,3,458,33,33,30
1923,292,3,90,4,462,47,13,40
1924,292,3,91,8,470,111,111,80
1925,292,3,92,2,472,28,28,20
1926,292,3,93,4,476,42,42,40
1927,292,3,94,6,482,60,60,60
1928,292,3,95,7,489,71,71,70
1929,292,3,96,9,498,89,89,90
1930,292,3,97,3,501,38,38,30
1931,292,3,98,4,505,36,12,40
1932,292,3,99,5,510,85,85,50
1933,292,3,100,3,513,49,49,30
1934,292,3,101,9,522,81,81,90
1935,292,3,102,8,530,91,91,80
1936,292,3,103,8,538,61,61,80
1937,292,3,104,4,542,55,55,40
1938,292,3,105,9,551,96,33,90
1939,292,3,106,7,558,142,142,70
1940,292,3,107,2,560,19,3,20
1941,292,3,108,2,562,32,32,20
1942,292,3,109,4,566,33,33,40
1943,292,3,110,5,571,61,23,50
1944,292,3,111,7,578,100,100,70
1945,292,3,112,4,582,42,42,40
1946,292,3,113,4,586,37,37,40
1947,292,3,114,6,592,64,64,60
1948,292,3,115,8,600,81,81,80
1949,292,3,116,7,607,76,76,70
1950,292,3,117,4,611,42,42,40
1951,292,3,118,2,613,24,24,20
1952,292,3,119,7,620,63,63,70
1953,292,3,120,2,622,20,20,20
1954,292,3,121,5,627,52,52,50
1955,292,3,122,4,631,43,43,40
1956,292,3,123,9,640,97,97,90
1957,292,3,124,6,646,55,55,60
1958,292,3,125,5,651,49,49,50
1959,292,3,126,8,659,82,82,80
1960,292,3,127,5,664,41,41,50
1961,292,3,128,4,668,49,49,40
1962,292,3,129,2,670,18,18,20
1963,292,3,130,4,674,50,50,40
1964,292,3,131,8,682,79,79,80
1965,292,3,132,8,690,96,96,80
1966,292,3,133,8,698,82,28,80
1967,292,3,134,6,704,130,130,60
1968,292,3,135,3,707,26,26,30
1969,292,3,136,6,713,71,71,60
1970,292,3,137,3,716,25,25,30
1971,292,3,138,9,725,95,95,90
1972,292,3,139,4,729,39,39,40
1973,292,3,140,2,731,20,20,20
1974,292,3,141,2,733,18,18,20
1975,292,3,142,3,736,28,28,30
1976,292,3,143,5,741,47,47,50
1977,292,3,144,8,749,66,66,80
1978,292,3,145,6,755,67,19,60
1979,292,3,146,4,759,85,85,40
1980,292,3,147,8,767,77,77,80
1981,292,3,148,5,772,44,44,50
1982,292,3,149,8,780,88,88,80
1983,292,3,150,3,783,31,31,30
1984,292,3,151,9,792,69,21,90
1985,292,3,152,2,794,75,24,20
1986,292,3,153,7,801,117,45,70
1987,292,3,154,5,806,119,119,50
1988,292,3,155,5,811,49,49,50
1989,292,3,156,3,814,26,5,30
1990,292,3,157,8,822,108,37,80
1991,292,3,158,9,831,160,160,90
1992,292,3,159,9,840,87,87,90
1993,292,3,160,9,849,85,35,90
1994,292,3,161,9,858,126,126,90
1995,292,3,162,8,866,96,96,80
1996,292,3,163,5,871,44,44,50
1997,292,3,164,3,874,27,27,30
1998,292,3,165,5,879,44,44,50
1999,292,3,166,9,888,76,76,90
2000,292,3,167,5,893,57,57,50
2001,292,3,168,5,898,50,50,50
2002,292,3,169,5,903,44,20,50
2003,292,3,170,7,910,86,33,70
2004,292,3,171,7,917,134,134,70
2005,292,3,172,5,922,31,13,50
2006,292,3,173,6,928,84,84,60
2007,292,3,174,8,936,75,31,80
2008,292,3,175,8,944,115,42,80
2009,292,3,176,2,946,84,84,20
2010,292,3,177,4,950,35,15,40
2011,292,3,178,6,956,83,83,60
2012,292,3,179,6,962,52,52,60
2013,292,3,180,5,967,39,39,50
2014,292,3,181,4,971,34,16,40
2015,292,3,182,9,980,91,33,90
2016,292,3,183,2,982,83,83,20
2017,292,3,184,8,990,86,35,80
2018,292,3,185,6,996,114,114,60
2019,292,3,186,4,1000,32,32,40
2020,292,3,187,8,1008,79,79,80
2021,292,3,188,8,1016,82,82,80
2022,292,3,189,6,1022,44,44,60
2023,292,3,190,3,1025,30,30,30
2024,292,3,191,5,1030,51,51,50
2025,292,3,192,5,1035,48,48,50
2026,292,3,193,4,1039,45,45,40
2027,292,3,194,8,1047,81,81,80
2028,292,3,195,5,1052,51,51,50
2029,292,3,196,5,1057,67,67,50
2030,292,3,197,9,1066,99,99,90
2031,292,3,198,4,1070,48,48,40
2032,292,3,199,8,1078,85,33,80
2033,292,3,200,7,1085,130,130,70
2034,292,3,201,2,1087,15,15,20
2035,292,3,202,3,1090,28,28,30
2036,292,3,203,2,1092,16,16,20
2037,292,3,204,2,1094,18,18,20
2038,292,3,205,6,1100,71,71,60
2039,292,3,206,8,1108,75,75,80
2040,292,3,207,4,1112,29,29,40
2041,292,3,208,7,1119,65,65,70
2042,292,3,209,5,1124,47,47,50
2043,292,3,210,4,1128,39,39,40
2044,292,3,211,2,1130,18,18,20
2045,292,3,212,8,1138,79,79,80
2046,292,3,213,4,1142,39,39,40
2047,292,3,214,2,1144,10,2,20
2048,292,3,215,3,1147,34,34,30
2049,292,3,216,9,1156,79,79,90
2050,292,3,217,2,1158,24,7,20
2051,292,3,218,5,1163,63,63,50
2052,292,3,219,6,1169,60,60,60
2053,292,3,220,9,1178,86,86,90
2054,292,3,221,4,1182,43,43,40
2055,292,3,222,4,1186,34,34,40
2056,292,3,223,9,1195,95,26,90
2057,292,3,224,4,1199,100,100,40
2058,292,3,225,5,1204,52,52,50
2059,292,3,226,4,1208,51,51,40
2060,292,3,227,8,1216,92,92,80
2061,292,3,228,6,1222,68,68,60
2062,292,3,229,9,1231,91,91,90
2063,292,3,230,3,1234,25,25,30
2064,292,3,231,8,1242,79,36,80
2065,292,3,232,8,1250,115,115,80
2066,292,3,233,5,1255,53,18,50
2067,292,3,234,9,1264,121,121,90
2068,292,3,235,5,1269,38,38,50
2069,292,3,236,2,1271,19,19,20
2070,292,3,237,6,1277,62,19,60
2071,292,3,238,8,1285,118,118,80
2072,292,3,239,3,1288,31,31,30
2073,292,3,240,8,1296,74,32,80
2074,292,3,241,7,1303,116,116,70
2075,292,3,242,2,1305,11,11,20
2076,292,3,243,6,1311,58,23,60
2077,292,3,244,9,1320,102,102,90
2078,292,3,245,7,1327,96,96,70
2079,292,3,246,3,1330,27,27,30
2080,292,3,247,5,1335,54,54,50
2081,292,3,248,7,1342,76,76,70
2082,292,3,249,3,1345,24,24,30
2083,292,3,250,5,1350,36,36,50
2084,292,3,251,2,1352,16,8,20
2085,292,3,252,6,1358,79,79,60
2086,292,3,253,9,1367,91,91,90
2087,292,3,254,2,1369,23,23,20
2088,292,3,255,2,1371,22,9,20
2089,292,3,256,3,1374,37,37,30
2090,292,3,257,6,1380,72,72,60
2091,292,3,258,7,1387,72,72,70
2092,292,3,259,5,1392,60,25,50
2093,292,3,260,2,1394,53,53,20
2094,292,3,261,5,1399,59,16,50
2095,292,3,262,2,1401,68,21,20
2096,292,3,263,3,1404,76,76,30
2097,292,3,264,8,1412,76,24,80
2098,292,3,265,6,1418,122,45,60
2099,292,3,266,4,1422,122,122,40
2100,292,3,267,3,1425,33,12,30
2101,292,3,268,2,1427,37,10,20
2102,292,3,269,4,1431,72,72,40
2103,292,3,270,3,1434,27,27,30
2104,292,3,271,8,1442,72,72,80
2105,292,3,272,8,1450,84,84,80
2106,292,3,273,8,1458,93,31,80
2107,292,3,274,6,1464,116,45,60
2108,292,3,275,8,1472,163,163,80
2109,292,3,276,7,1479,61,61,70
2110,292,3,277,4,1483,27,27,40
2111,292,3,278,5,1488,49,49,50
2112,292,3,279,8,1496,83,83,80
2113,292,3,280,4,1500,41,41,40
2114,292,3,281,2,1502,15,15,20
2115,292,3,282,6,1508,61,17,60
2116,292,3,283,6,1514,108,108,60
2117,292,3,284,3,1517,32,32,30
2118,292,3,285,8,1525,65,65,80
2119,292,3,286,8,1533,83,28,80
2120,292,3,287,3,1536,91,91,30
2121,292,3,288,7,1543,57,57,70
2122,292,3,289,5,1548,46,46,50
2123,292,3,290,9,1557,97,97,90
2124,292,3,291,2,1559,23,11,20
2125,292,3,292,4,1563,58,58,40
2126,292,3,293,6,1569,47,47,60
2127,292,3,294,9,1578,90,90,90
2128,292,3,295,3,1581,24,7,30
2129,292,3,296,2,1583,36,36,20
2130,292,3,297,3,1586,24,24,30
2131,292,3,298,4,1590,32,15,40
2132,292,3,299,4,1594,59,20,40
2133,292,3,300,3,1597,77,77,30
2134,292,3,301,8,1605,74,22,80
2135,292,3,302,7,1612,119,39,70
2136,292,3,303,9,1621,172,172,90
2137,292,3,304,2,1623,17,17,20
2138,292,3,305,9,1632,93,93,90
2139,292,3,306,2,1634,19,19,20
2140,292,3,307,9,1643,97,97,90
2141,292,3,308,8,1651,88,88,80
2142,292,3,309,4,1655,41,41,40
2143,292,3,310,5,1660,53,18,50
2144,292,3,311,5,1665,89,89,50
2145,292,3,312,8,1673,75,75,80
2146,292,3,313,6,1679,61,61,60
2147,292,3,314,2,1681,16,16,20
2148,292,3,315,4,1685,30,10,40
2149,292,3,316,3,1688,57,57,30
2150,292,3,317,6,1694,66,66,60
2151,292,3,318,9,1703,94,32,90
2152,292,3,319,4,1707,97,97,40
2153,292,3,320,4,1711,36,10,40
2154,292,3,321,8,1719,107,107,80
2155,292,3,322,2,1721,16,16,20
2156,292,3,323,2,1723,20,20,20
2157,292,3,324,6,1729,55,55,60
2158,292,3,325,8,1737,85,85,80
2159,292,3,326,8,1745,60,22,80
2160,292,3,327,4,1749,73,73,40
2161,292,3,328,2,1751,14,14,20
2162,292,3,329,2,1753,15,6,20
2163,292,3,330,5,1758,57,57,50
2164,292,3,331,9,1767,87,34,90
2165,292,3,332,3,1770,76,76,30
2166,292,3,333,9,1779,102,102,90
2167,292,3,334,9,1788,97,97,90
2168,292,3,335,3,1791,32,32,30
2169,292,3,336,4,1795,32,32,40
2170,292,3,337,2,1797,16,6,20
2171,292,3,338,4,1801,55,55,40
2172,292,3,339,4,1805,39,39,40
2173,292,3,340,6,1811,61,61,60
2174,292,3,341,2,1813,15,15,20
2175,292,3,342,8,1821,79,24,80
2176,292,3,343,4,1825,90,90,40
2177,292,3,344,4,1829,34,34,40
2178,292,3,345,3,1832,21,21,30
2179,292,3,346,9,1841,86,86,90
2180,292,3,347,8,1849,82,82,80
2181,292,3,348,8,1857,65,21,80
2182,292,3,349,8,1865,122,122,80
2183,292,3,350,8,1873,74,74,80
2184,292,3,351,3,1876,25,25,30
2185,292,3,352,7,1883,51,51,70
2186,292,3,353,3,1886,23,23,30
2187,292,3,354,9,1895,92,92,90
2188,292,3,355,7,1902,67,67,70
2189,292,3,356,7,1909,73,73,70
2190,292,3,357,6,1915,60,60,60
2191,292,3,358,7,1922,77,77,70
2192,292,3,359,6,1928,71,71,60
2193,292,3,360,3,1931,32,32,30
2194,292,3,361,9,1940,96,96,90
2195,292,3,362,7,1947,61,20,70
2196,292,3,363,8,1955,130,130,80
2197,292,3,364,9,1964,80,80,90
2198,292,3,365,5,1969,50,50,50
2199,292,3,366,6,1975,57,57,60
2200,292,3,367,9,1984,96,96,90
2201,292,3,368,5,1989,47,47,50
2202,292,3,369,4,1993,43,43,40
2203,292,3,370,4,1997,30,30,40
2204,292,3,371,7,2004,72,23,70
2205,292,3,372,3,2007,73,73,30
2206,292,3,373,5,2012,43,43,50
2207,292,3,374,9,2021,84,84,90
2208,292,3,375,7,2028,78,78,70
2209,292,3,376,7,2035,66,66,70
2210,292,3,377,6,2041,57,17,60
2211,292,3,378,3,2044,69,69,30
2212,292,3,379,2,2046,21,21,20
2213,292,3,380,8,2054,72,72,80
2214,292,3,381,7,2061,76,76,70
2215,292,3,382,9,2070,71,20,90
2216,292,3,383,5,2075,94,94,50
2217,292,3,384,3,2078,31,31,30
2218,292,3,385,9,2087,94,94,90
2219,292,3,386,9,2096,96,96,90
2220,292,3,387,6,2102,50,50,60
2221,292,3,388,5,2107,44,44,50
2222,292,3,389,6,2113,77,77,60
2223,292,3,390,3,2116,31,31,30
2224,292,3,391,5,2121,43,43,50
2225,292,3,392,3,2124,30,30,30
2226,292,3,393,8,2132,84,84,80
2227,292,3,394,7,2139,77,77,70
2228,292,3,395,7,2146,71,71,70
2229,292,3,396,5,2151,59,59,50
2230,292,3,397,4,2155,35,35,40
2231,292,3,398,7,2162,69,69,70
2232,292,3,399,8,2170,95,95,80
2233,292,3,400,5,2175,51,51,50
2234,292,3,401,2,2177,19,19,20
2235,292,3,402,3,2180,33,33,30
2236,292,3,403,8,2188,75,28,80
2237,292,3,404,8,2196,139,139,80
2238,292,3,405,4,2200,41,41,40
2239,292,3,406,3,2203,26,26,30
2240,292,3,407,3,2206,21,4,30
2241,292,3,408,5,2211,61,25,50
2242,292,3,409,7,2218,106,106,70
2243,292,3,410,3,2221,26,26,30
2244,292,3,411,2,2223,18,18,20
2245,292,3,412,8,2231,79,24,80
2246,292,3,413,5,2236,111,111,50
2247,292,3,414,8,2244,83,34,80
2248,292,3,415,7,2251,129,129,70
2249,292,3,416,2,2253,21,21,20
2250,292,3,417,5,2258,44,44,50
2251,292,3,418,3,2261,33,33,30
2252,292,3,419,2,2263,22,22,20
2253,292,3,420,4,2267,43,43,40
2254,292,3,421,6,2273,57,23,60
2255,292,3,422,7,2280,106,106,70
2256,292,3,423,7,2287,60,60,70
2257,292,3,424,6,2293,59,59,60
2258,292,3,425,8,2301,90,90,80
2259,292,3,426,3,2304,22,10,30
2260,292,3,427,4,2308,62,20,40
2261,292,3,428,3,2311,71,71,30
2262,292,3,429,4,2315,42,10,40
2263,292,3,430,5,2320,67,67,50
2264,292,3,431,6,2326,54,54,60
2265,292,3,432,8,2334,67,67,80
2266,292,3,433,6,2340,71,71,60
2267,292,3,434,2,2342,31,31,20
2268,292,3,435,3,2345,31,31,30
2269,292,3,436,5,2350,56,20,50
2270,292,3,437,7,2357,99,99,70
2271,292,3,438,5,2362,55,55,50
2272,292,3,439,9,2371,80,80,90
2273,292,3,440,4,2375,36,36,40
2274,292,3,441,7,2382,77,77,70
2275,292,3,442,4,2386,37,37,40
2276,292,3,443,9,2395,85,85,90
2277,292,3,444,3,2398,24,24,30
2278,292,3,445,6,2404,50,50,60
2279,292,3,446,8,2412,72,72,80
2280,292,3,447,8,2420,82,22,80
2281,292,3,448,4,2424,100,100,40
2282,292,3,449,4,2428,50,50,40
2283,292,3,450,9,2437,99,99,90
2284,292,3,451,2,2439,22,22,20
2285,292,3,452,6,2445,60,60,60
2286,292,3,453,3,2448,29,29,30
2287,292,3,454,8,2456,71,71,80
2288,292,3,455,4,2460,42,42,40
2289,292,3,456,4,2464,38,38,40
2290,292,3,457,8,2472,87,27,80
2291,292,3,458,4,2476,99,99,40
2292,292,3,459,8,2484,68,68,80
2293,292,3,460,6,2490,56,56,60
2294,292,3,461,9,2499,106,106,90
2295,292,3,462,5,2504,46,46,50
2296,292,3,463,2,2506,21,6,20
2297,292,3,464,8,2514,85,85,80
2298,292,3,465,6,2520,47,47,60
2299,292,3,466,2,2522,29,11,20
2300,292,3,467,6,2528,73,27,60
2301,292,3,468,5,2533,96,96,50
2302,292,3,469,4,2537,35,35,40
2303,292,3,470,5,2542,45,45,50
2304,292,3,471,7,2549,87,87,70
2305,292,3,472,8,2557,84,26,80
2306,292,3,473,2,2559,76,27,20
2307,292,3,474,4,2563,93,93,40
2308,292,3,475,3,2566,39,39,30
2309,292,3,476,3,2569,36,12,30
2310,292,3,477,7,2576,92,27,70
2311,292,3,478,2,2578,93,93,20
2312,292,3,479,9,2587,78,78,90
2313,292,3,480,4,2591,49,49,40
2314,292,3,481,9,2600,92,92,90
2315,292,3,482,5,2605,45,45,50
2316,292,3,483,4,2609,33,33,40
2317,292,3,484,3,2612,25,6,30
2318,292,3,485,5,2617,69,69,50
2319,292,3,486,9,2626,76,76,90
2320,292,3,487,2,2628,30,13,20
2321,292,3,488,7,2635,75,75,70
2322,292,3,489,9,2644,80,80,90
2323,292,3,490,5,2649,50,50,50
2324,292,3,491,9,2658,77,77,90
2325,292,3,492,2,2660,15,15,20
2326,292,3,493,5,2665,57,57,50
2327,292,3,494,5,2670,51,51,50
2328,292,3,495,9,2679,87,87,90
2329,292,3,496,6,2685,55,55,60
2330,292,3,497,4,2689,43,14,40
2331,292,3,498,7,2696,91,33,70
2332,292,3,499,8,2704,126,42,80
2333,292,3,500,3,2707,111,46,30
2334,292,3,501,4,2711,101,101,40
2335,292,3,502,4,2715,45,45,40
2336,292,3,503,4,2719,37,37,40
2337,292,3,504,2,2721,14,14,20
2338,292,3,505,4,2725,32,32,40
2339,292,3,506,6,2731,59,59,60
2340,292,3,507,8,2739,92,92,80
2341,292,3,508,3,2742,28,6,30
2342,292,3,509,8,2750,101,101,80
2343,292,3,510,6,2756,59,23,60
2344,292,3,511,9,2765,125,125,90
2345,292,3,512,8,2773,88,88,80
2346,292,3,513,6,2779,56,56,60
2347,292,3,514,3,2782,34,11,30
2348,292,3,515,3,2785,51,51,30
2349,292,3,516,8,2793,68,68,80
2350,292,3,517,9,2802,74,74,90
2351,292,3,518,5,2807,50,50,50
2352,292,3,519,6,2813,58,58,60
2353,292,3,520,5,2818,39,11,50
2354,292,3,521,7,2825,89,35,70
2355,292,3,522,5,2830,109,109,50
2356,292,3,523,2,2832,15,15,20
2357,292,3,524,7,2839,61,61,70
2358,292,3,525,9,2848,77,77,90
2359,292,3,526,4,2852,38,38,40
2360,292,3,527,4,2856,35,35,40
2361,292,3,528,6,2862,75,75,60
2362,292,3,529,5,2867,41,41,50
2363,292,3,530,3,2870,26,26,30
2364,292,3,531,6,2876,66,66,60
2365,292,3,532,2,2878,19,19,20
2366,292,3,533,7,2885,73,73,70
2367,292,3,534,4,2889,40,40,40
2368,292,3,535,3,2892,43,43,30
2369,292,3,536,4,2896,46,14,40
2370,292,3,537,9,2905,124,124,90
2371,292,3,538,5,2910,45,45,50
2372,292,3,539,7,2917,58,58,70
2373,292,3,540,6,2923,45,8,60
2374,292,3,541,5,2928,77,77,50
2375,292,3,542,3,2931,34,7,30
2376,292,3,543,2,2933,40,40,20
2377,292,3,544,7,2940,60,60,70
2378,292,3,545,3,2943,23,23,30
2379,292,3,546,5,2948,60,60,50
2380,292,3,547,5,2953,51,51,50
2381,292,3,548,3,2956,29,29,30
2382,292,3,549,3,2959,29,10,30
2383,292,3,550,2,2961,37,37,20
2384,292,3,551,3,2964,30,30,30
2385,292,3,552,8,2972,80,80,80
2386,292,3,553,6,2978,65,65,60
2387,292,3,554,9,2987,101,101,90
2388,292,3,555,2,2989,16,16,20
2389,292,3,556,8,2997,66,66,80
2390,292,3,557,2,2999,24,13,20
2391,292,3,558,6,3005,66,66,60
2392,292,3,559,9,3014,81,81,90
2393,292,3,560,9,3023,86,86,90
2394,292,3,561,4,3027,49,49,40
2395,292,3,562,5,3032,60,60,50
2396,292,3,563,9,3041,93,93,90
2397,292,3,564,6,3047,61,26,60
2398,292,3,565,7,3054,109,109,70
2399,292,3,566,2,3056,24,24,20
2400,292,3,567,9,3065,82,82,90
2401,292,3,568,2,3067,23,3,20
2402,292,3,569,5,3072,77,77,50
2403,292,3,570,6,3078,50,50,60
2404,292,3,571,9,3087,96,96,90
2405,292,3,572,6,3093,68,68,60
2406,292,3,573,7,3100,70,70,70
2407,292,3,574,6,3106,67,67,60
2408,292,3,575,2,3108,30,7,20
2409,292,3,576,9,3117,98,98,90
2410,292,3,577,3,3120,31,31,30
2411,292,3,578,6,3126,57,57,60
2412,292,3,579,7,3133,68,68,70
2413,292,3,580,3,3136,17,17,30
2414,292,3,581,5,3141,38,16,50
2415,292,3,582,6,3147,88,24,60
2416,292,3,583,4,3151,104,104,40
2417,292,3,584,2,3153,11,11,20
2418,292,3,585,3,3156,21,21,30
2419,292,3,586,9,3165,92,92,90
2420,292,3,587,6,3171,62,62,60
2421,292,3,588,8,3179,86,86,80
2422,292,3,589,9,3188,94,94,90
2423,292,3,590,2,3190,18,18,20
2424,292,3,591,8,3198,77,77,80
2425,292,3,592,3,3201,28,28,30
2426,292,3,593,4,3205,46,46,40
2427,292,3,594,2,3207,18,18,20
2428,292,3,595,6,3213,48,16,60
2429,292,3,596,2,3215,53,53,20
2430,292,3,597,2,3217,31,31,20
2431,292,3,598,5,3222,48,48,50
2432,292,3,599,7,3229,59,59,70
2433,292,3,600,6,3235,40,17,60
2434,292,3,601,6,3241,84,84,60
2435,292,3,602,6,3247,63,63,60
2436,292,3,603,3,3250,25,25,30
2437,292,3,604,9,3259,92,92,90
2438,292,3,605,2,3261,23,23,20
2439,292,3,606,8,3269,93,93,80
2440,292,3,607,2,3271,29,29,20
2441,292,3,608,8,3279,86,86,80
2442,292,3,609,5,3284,46,46,50
2443,292,3,610,5,3289,39,10,50
2444,292,3,611,7,3296,101,101,70
2445,292,3,612,3,3299,28,9,30
2446,292,3,613,8,3307,97,97,80
2447,292,3,614,5,3312,42,42,50
2448,292,3,615,8,3320,63,63,80
2449,292,3,616,6,3326,58,58,60
2450,292,3,617,7,3333,75,75,70
2451,292,3,618,4,3337,35,35,40
2452,292,3,619,4,3341,37,37,40
2453,292,3,620,2,3343,27,27,20
2454,292,3,621,8,3351,78,78,80
2455,292,3,622,4,3355,41,41,40
2456,292,3,623,7,3362,67,67,70
2457,292,3,624,8,3370,80,23,80
2458,292,3,625,8,3378,144,144,80
2459,292,3,626,8,3386,66,23,80
2460,292,3,627,3,3389,72,72,30
2461,292,3,628,3,3392,26,26,30
2462,292,3,629,7,3399,48,48,70
2463,292,3,630,5,3404,40,40,50
2464,292,3,631,2,3406,16,16,20
2465,292,3,632,9,3415,86,29,90
2466,292,3,633,8,3423,134,134,80
2467,292,3,634,4,3427,43,19,40
2468,292,3,635,5,3432,79,79,50
2469,292,3,636,8,3440,70,70,80
2470,292,3,637,3,3443,28,28,30
2471,292,3,638,6,3449,61,61,60
2472,292,3,639,5,3454,45,45,50
2473,292,3,640,6,3460,58,58,60
2474,292,3,641,6,3466,46,46,60
2475,292,3,642,4,3470,42,15,40
2476,292,3,643,6,3476,90,90,60
2477,292,3,644,9,3485,79,79,90
2478,292,3,645,2,3487,15,15,20
2479,292,3,646,5,3492,53,53,50
2480,292,3,647,8,3500,81,31,80
2481,292,3,648,3,3503,83,83,30
2482,292,3,649,9,3512,78,78,90
2483,292,3,650,3,3515,20,20,30
2484,292,3,651,3,3518,40,40,30
2485,292,3,652,9,3527,91,91,90
2486,292,3,653,9,3536,104,104,90
2487,292,3,654,4,3540,49,49,40
2488,292,3,655,4,3544,32,32,40
2489,292,3,656,6,3550,52,18,60
2490,292,3,657,7,3557,112,112,70
2491,292,3,658,3,3560,27,27,30
2492,292,3,659,7,3567,73,21,70
2493,292,3,660,6,3573,112,112,60
2494,292,3,661,6,3579,63,63,60
2495,292,3,662,7,3586,77,77,70
2496,292,3,663,8,3594,83,83,80
2497,292,3,664,2,3596,20,20,20
2498,292,3,665,5,3601,51,51,50
2499,292,3,666,2,3603,23,23,20
2500,292,3,667,3,3606,32,32,30
2501,292,3,668,5,3611,49,49,50
2502,292,3,669,9,3620,98,36,90
2503,292,3,670,8,3628,148,148,80
2504,292,3,671,3,3631,32,32,30
2505,292,3,672,2,3633,16,16,20
2506,292,3,673,4,3637,32,32,40
2507,292,3,674,2,3639,19,19,20
2508,292,3,675,2,3641,15,15,20
2509,292,3,676,6,3647,48,48,60
2510,292,3,677,3,3650,29,29,30
2511,292,3,678,5,3655,52,52,50
2512,292,3,679,8,3663,80,80,80
2513,292,3,680,6,3669,61,61,60
2514,292,3,681,7,3676,65,65,70
2515,292,3,682,9,3685,74,74,90
2516,292,3,683,3,3688,24,16,30
2517,292,3,684,4,3692,56,56,40
2518,292,3,685,4,3696,37,37,40
2519,292,3,686,5,3701,47,47,50
2520,292,3,687,3,3704,31,31,30
2521,292,3,688,3,3707,25,11,30
2522,292,3,689,3,3710,45,45,30
2523,292,3,690,3,3713,23,23,30
2524,292,3,691,6,3719,53,53,60
2525,292,3,692,9,3728,99,99,90
2526,292,3,693,5,3733,52,14,50
2527,292,3,694,5,3738,84,84,50
2528,292,3,695,5,3743,47,47,50
2529,292,3,696,8,3751,82,82,80
2530,292,3,697,3,3754,35,35,30
2531,292,3,698,6,3760,54,54,60
2532,292,3,699,7,3767,78,78,70
2533,292,3,700,2,3769,18,18,20
2534,292,3,701,7,3776,88,88,70
2535,292,3,702,5,3781,50,50,50
2536,292,3,703,2,3783,20,8,20
2537,292,3,704,6,3789,76,76,60
2538,292,3,705,2,3791,24,24,20
2539,292,3,706,4,3795,40,40,40
2540,292,3,707,3,3798,24,24,30
2541,292,3,708,7,3805,69,69,70
2542,292,3,709,3,3808,32,32,30
2543,292,3,710,3,3811,22,22,30
2544,292,3,711,4,3815,55,21,40
2545,292,3,712,2,3817,58,27,20
2546,292,3,713,7,3824,94,94,70
2547,292,3,714,2,3826,19,7,20
2548,292,3,715,6,3832,78,78,60
2549,292,3,716,8,3840,93,93,80
2550,292,3,717,3,3843,30,30,30
2551,292,3,718,5,3848,54,54,50
2552,292,3,719,4,3852,43,43,40
2553,292,3,720,8,3860,65,25,80
2554,292,3,721,2,3862,55,15,20
2555,292,3,722,4,3866,84,84,40
2556,292,3,723,6,3872,62,62,60
2557,292,3,724,8,3880,89,89,80
2558,292,3,725,5,3885,39,13,50
2559,292,3,726,7,3892,118,37,70
2560,292,3,727,7,3899,165,165,70
2561,292,3,728,6,3905,64,64,60
2562,292,3,729,4,3909,46,46,40
2563,292,3,730,7,3916,55,55,70
2564,292,3,731,9,3925,100,100,90
2565,292,3,732,7,3932,63,63,70
2566,292,3,733,5,3937,52,22,50
2567,292,3,734,6,3943,91,34,60
2568,292,3,735,3,3946,95,95,30
2569,292,3,736,6,3952,55,55,60
2570,292,3,737,8,3960,73,26,80
2571,292,3,738,8,3968,125,45,80
2572,292,3,739,4,3972,113,113,40
2573,292,3,740,8,3980,67,67,80
2574,292,3,741,4,3984,49,49,40
2575,292,3,742,7,3991,76,76,70
2576,292,3,743,6,3997,58,58,60
2577,292,3,744,8,4005,80,80,80
2578,292,3,745,8,4013,76,76,80
2579,292,3,746,5,4018,58,58,50
2580,292,3,747,3,4021,53,53,30
2581,292,3,748,6,4027,59,59,60
2582,292,3,749,7,4034,68,68,70
2583,292,3,750,5,4039,49,49,50
2584,292,3,751,9,4048,83,28,90
2585,292,3,752,6,4054,109,33,60
2586,292,3,753,4,4058,113,113,40
2587,292,3,754,8,4066,62,62,80
2588,292,3,755,4,4070,45,45,40
2589,292,3,756,8,4078,77,22,80
2590,292,3,757,3,4081,82,82,30
2591,292,3,758,8,4089,88,88,80
2592,292,3,759,9,4098,93,93,90
2593,292,3,760,4,4102,43,43,40
2594,292,3,761,5,4107,56,56,50
2595,292,3,762,4,4111,43,43,40
2596,292,3,763,6,4117,69,22,60
2597,292,3,764,9,4126,136,136,90
2598,292,3,765,9,4135,89,89,90
2599,292,3,766,6,4141,67,67,60
2600,292,3,767,5,4146,40,17,50
2601,292,3,768,3,4149,46,46,30
2602,292,3,769,6,4155,59,13,60
2603,292,3,770,5,4160,93,93,50
2604,292,3,771,7,4167,72,72,70
2605,292,3,772,7,4174,73,73,70
2606,292,3,773,8,4182,81,81,80
2607,292,3,774,3,4185,33,33,30
2608,292,3,775,3,4188,30,30,30
2609,292,3,776,2,4190,18,18,20
2610,292,3,777,2,4192,22,4,20
2611,292,3,778,4,4196,55,55,40
2612,292,3,779,4,4200,44,44,40
2613,292,3,780,2,4202,17,17,20
2614,292,3,781,2,4204,15,15,20
2615,292,3,782,7,4211,72,72,70
2616,292,3,783,7,4218,83,83,70
2617,292,3,784,4,4222,36,14,40
2618,292,3,785,7,4229,99,99,70
2619,292,3,786,3,4232,24,24,30
2620,292,3,787,2,4234,23,23,20
2621,292,3,788,4,4238,42,18,40
2622,292,3,789,7,4245,82,82,70
2623,292,3,790,8,4253,84,33,80
2624,292,3,791,7,4260,130,130,70
2625,292,3,792,8,4268,81,81,80
2626,292,3,793,9,4277,101,34,90
2627,292,3,794,8,4285,149,149,80
2628,292,3,795,8,4293,85,85,80
2629,292,3,796,6,4299,63,63,60
2630,292,3,797,9,4308,96,96,90
2631,292,3,798,7,4315,53,53,70
2632,292,3,799,4,4319,39,39,40
2633,292,3,800,5,4324,62,20,50
2634,292,3,801,6,4330,101,101,60
2635,292,3,802,3,4333,38,38,30
2636,292,3,803,5,4338,44,44,50
2637,292,3,804,9,4347,112,112,90
2638,292,3,805,8,4355,92,92,80
2639,292,3,806,3,4358,36,36,30
2640,292,3,807,2,4360,16,16,20
2641,292,3,808,4,4364,43,43,40
2642,292,3,809,2,4366,24,24,20
2643,292,3,810,3,4369,26,26,30
2644,292,3,811,7,4376,61,23,70
2645,292,3,812,9,4385,138,138,90
2646,292,3,813,3,4388,29,29,30
2647,292,3,814,4,4392,36,36,40
2648,292,3,815,5,4397,49,49,50
2649,292,3,816,9,4406,100,100,90
2650,292,3,817,7,4413,67,67,70
2651,292,3,818,5,4418,46,14,50
2652,292,3,819,5,4423,99,99,50
2653,292,3,820,7,4430,75,75,70
2654,292,3,821,9,4439,78,78,90
2655,292,3,822,9,4448,102,102,90
2656,292,3,823,9,4457,96,96,90
2657,292,3,824,5,4462,44,44,50
2658,292,3,825,6,4468,61,61,60
2659,292,3,826,9,4477,108,108,90
2660,292,3,827,5,4482,40,40,50
2661,292,3,828,8,4490,86,86,80
2662,292,3,829,4,4494,53,13,40
2663,292,3,830,7,4501,98,98,70
2664,292,3,831,7,4508,64,64,70
2665,292,3,832,7,4515,70,70,70
2666,292,3,833,5,4520,55,55,50
2667,292,3,834,6,4526,56,56,60
2668,292,3,835,6,4532,49,49,60
2669,292,3,836,3,4535,26,10,30
2670,292,3,837,7,4542,72,29,70
2671,292,3,838,5,4547,90,90,50
2672,292,3,839,8,4555,86,86,80
2673,292,3,840,4,4559,46,46,40
2674,292,3,841,7,4566,59,59,70
2675,292,3,842,4,4570,39,39,40
2676,292,3,843,3,4573,24,6,30
2677,292,3,844,4,4577,58,58,40
2678,292,3,845,6,4583,53,20,60
2679,292,3,846,3,4586,62,62,30
2680,292,3,847,4,4590,43,43,40
2681,292,3,848,8,4598,77,77,80
2682,292,3,849,9,4607,85,85,90
2683,292,3,850,3,4610,28,28,30
2684,292,3,851,3,4613,35,14,30
2685,292,3,852,9,4622,121,121,90
2686,292,3,853,3,4625,28,28,30
2687,292,3,854,2,4627,24,24,20
2688,292,3,855,4,4631,47,47,40
2689,292,3,856,7,4638,65,25,70
2690,292,3,857,9,4647,125,125,90
2691,292,3,858,3,4650,33,11,30
2692,292,3,859,9,4659,95,95,90
2693,292,3,860,9,4668,94,94,90
2694,292,3,861,8,4676,84,84,80
2695,292,3,862,7,4683,67,67,70
2696,292,3,863,9,4692,100,31,90
2697,292,3,864,5,4697,109,109,50
2698,292,3,865,3,4700,28,28,30
2699,292,3,866,7,4707,74,74,70
2700,292,3,867,9,4716,85,85,90
2701,292,3,868,6,4722,70,70,60
2702,292,3,869,2,4724,15,15,20
2703,292,3,870,6,4730,56,20,60
2704,292,3,871,8,4738,115,115,80
2705,292,3,872,5,4743,47,47,50
2706,292,3,873,6,4749,69,69,60
2707,292,3,874,2,4751,15,15,20
2708,292,3,875,5,4756,42,42,50
2709,292,3,876,4,4760,42,11,40
2710,292,3,877,6,4766,78,78,60
2711,292,3,878,6,4772,66,66,60
2712,292,3,879,6,4778,48,48,60
2713,292,3,880,4,4782,39,39,40
2714,292,3,881,8,4790,72,72,80
2715,292,3,882,7,4797,73,31,70
2716,292,3,883,3,4800,71,71,30
2717,292,3,884,7,4807,71,71,70
2718,292,3,885,5,4812,48,48,50
2719,292,3,886,5,4817,46,46,50
2720,292,3,887,7,4824,62,62,70
2721,292,3,888,8,4832,81,28,80
2722,292,3,889,8,4840,145,145,80
2723,292,3,890,2,4842,18,8,20
2724,292,3,891,9,4851,103,103,90
2725,292,3,892,9,4860,79,79,90
2726,292,3,893,5,4865,55,55,50
2727,292,3,894,8,4873,68,68,80
2728,292,3,895,5,4878,40,15,50
2729,292,3,896,8,4886,100,31,80
2730,292,3,897,8,4894,140,140,80
2731,292,3,898,4,4898,41,41,40
2732,292,3,899,2,4900,25,25,20
2733,292,3,900,3,4903,45,45,30
2734,292,3,901,2,4905,24,9,20
2735,292,3,902,2,4907,42,42,20
2736,292,3,903,9,4916,87,87,90
2737,292,3,904,8,4924,86,86,80
2738,292,3,905,2,4926,17,17,20
2739,292,3,906,6,4932,71,18,60
2740,292,3,907,2,4934,76,32,20
2741,292,3,908,9,4943,131,131,90
2742,292,3,909,3,4946,25,25,30
2743,292,3,910,4,4950,41,41,40
2744,292,3,911,7,4957,67,67,70
2745,292,3,912,4,4961,33,33,40
2746,292,3,913,6,4967,51,20,60
2747,292,3,914,4,4971,76,26,40
2748,292,3,915,2,4973,69,69,20
2749,292,3,916,3,4976,30,14,30
2750,292,3,917,6,4982,77,77,60
2751,292,3,918,5,4987,45,45,50
2752,292,3,919,3,4990,44,44,30
2753,292,3,920,9,4999,87,87,90
