,Scenario,Trial,Inspection,Interval,Time,Accumulation,Defects,Rate
0,116,1,1,2,2,19,19,20
1,116,1,2,4,6,40,4,40
2,116,1,3,8,14,123,123,80
3,116,1,4,7,21,79,3,70
4,116,1,5,5,26,124,16,50
5,116,1,6,5,31,159,13,50
6,116,1,7,8,39,222,222,80
7,116,1,8,7,46,59,9,70
8,116,1,9,4,50,91,10,40
9,116,1,10,4,54,114,14,40
10,116,1,11,9,63,189,17,90
11,116,1,12,7,70,245,26,70
12,116,1,13,6,76,272,28,60
13,116,1,14,2,78,264,21,20
14,116,1,15,6,84,309,25,60
15,116,1,16,9,93,372,372,90
16,116,1,17,9,102,68,5,90
17,116,1,18,4,106,95,7,40
18,116,1,19,2,108,111,111,20
19,116,1,20,6,114,54,54,60
20,116,1,21,2,116,20,20,20
21,116,1,22,6,122,65,65,60
22,116,1,23,5,127,46,5,50
23,116,1,24,7,134,102,11,70
24,116,1,25,6,140,155,155,60
25,116,1,26,7,147,66,7,70
26,116,1,27,8,155,143,143,80
27,116,1,28,7,162,68,8,70
28,116,1,29,4,166,99,99,40
29,116,1,30,7,173,50,4,70
30,116,1,31,5,178,104,5,50
31,116,1,32,4,182,130,10,40
32,116,1,33,3,185,148,11,30
33,116,1,34,4,189,179,14,40
34,116,1,35,9,198,262,262,90
35,116,1,36,6,204,57,6,60
36,116,1,37,8,212,130,130,80
37,116,1,38,4,216,41,4,40
38,116,1,39,9,225,118,12,90
39,116,1,40,6,231,160,10,60
40,116,1,41,4,235,191,14,40
41,116,1,42,6,241,244,244,60
42,116,1,43,8,249,79,8,80
43,116,1,44,3,252,99,9,30
44,116,1,45,7,259,185,14,70
45,116,1,46,8,267,260,27,80
46,116,1,47,3,270,261,30,30
47,116,1,48,3,273,264,27,30
48,116,1,49,6,279,299,27,60
49,116,1,50,9,288,364,41,90
50,116,1,51,6,294,382,40,60
51,116,1,52,7,301,403,403,70
52,116,1,53,2,303,18,1,20
53,116,1,54,6,309,81,8,60
54,116,1,55,3,312,94,11,30
55,116,1,56,7,319,156,156,70
56,116,1,57,6,325,73,8,60
57,116,1,58,6,331,120,120,60
58,116,1,59,7,338,69,69,70
59,116,1,60,8,346,77,8,80
60,116,1,61,5,351,128,22,50
61,116,1,62,8,359,183,183,80
62,116,1,63,7,366,67,67,70
63,116,1,64,2,368,18,1,20
64,116,1,65,3,371,42,2,30
65,116,1,66,4,375,84,14,40
66,116,1,67,6,381,148,16,60
67,116,1,68,7,388,208,19,70
68,116,1,69,2,390,203,22,20
69,116,1,70,5,395,226,17,50
70,116,1,71,4,399,243,243,40
71,116,1,72,8,407,89,89,80
72,116,1,73,4,411,36,3,40
73,116,1,74,5,416,77,12,50
74,116,1,75,7,423,132,17,70
75,116,1,76,3,426,143,16,30
76,116,1,77,7,433,204,19,70
77,116,1,78,3,436,214,29,30
78,116,1,79,6,442,253,18,60
79,116,1,80,7,449,312,312,70
80,116,1,81,4,453,41,4,40
81,116,1,82,2,455,56,5,20
82,116,1,83,7,462,126,13,70
83,116,1,84,7,469,188,18,70
84,116,1,85,2,471,195,195,20
85,116,1,86,5,476,55,3,50
86,116,1,87,9,485,143,14,90
87,116,1,88,5,490,181,23,50
88,116,1,89,6,496,218,20,60
89,116,1,90,2,498,215,20,20
90,116,1,91,5,503,236,24,50
91,116,1,92,5,508,262,262,50
92,116,1,93,3,511,34,34,30
93,116,1,94,8,519,85,11,80
94,116,1,95,7,526,145,13,70
95,116,1,96,5,531,185,185,50
96,116,1,97,6,537,68,68,60
97,116,1,98,8,545,91,6,80
98,116,1,99,7,552,158,158,70
99,116,1,100,8,560,78,78,80
100,116,1,101,3,563,32,32,30
101,116,1,102,8,571,95,8,80
102,116,1,103,5,576,144,10,50
103,116,1,104,4,580,187,187,40
104,116,1,105,3,583,33,33,30
105,116,1,106,9,592,107,107,90
106,116,1,107,3,595,38,3,30
107,116,1,108,3,598,78,12,30
108,116,1,109,2,600,83,9,20
109,116,1,110,3,603,106,8,30
110,116,1,111,8,611,179,179,80
111,116,1,112,9,620,96,96,90
112,116,1,113,7,627,76,76,70
113,116,1,114,8,635,85,8,80
114,116,1,115,9,644,161,161,90
115,116,1,116,8,652,80,80,80
116,116,1,117,8,660,87,6,80
117,116,1,118,2,662,106,106,20
118,116,1,119,3,665,24,24,30
119,116,1,120,6,671,46,4,60
120,116,1,121,8,679,112,112,80
121,116,1,122,2,681,27,2,20
122,116,1,123,2,683,43,5,20
123,116,1,124,7,690,107,13,70
124,116,1,125,9,699,179,21,90
125,116,1,126,6,705,201,19,60
126,116,1,127,9,714,264,22,90
127,116,1,128,8,722,319,319,80
128,116,1,129,7,729,74,9,70
129,116,1,130,9,738,154,17,90
130,116,1,131,7,745,212,21,70
131,116,1,132,8,753,273,24,80
132,116,1,133,5,758,295,30,50
133,116,1,134,3,761,298,26,30
134,116,1,135,4,765,309,309,40
135,116,1,136,5,770,58,58,50
136,116,1,137,8,778,86,86,80
137,116,1,138,3,781,25,25,30
138,116,1,139,9,790,88,9,90
139,116,1,140,9,799,177,177,90
140,116,1,141,2,801,19,19,20
141,116,1,142,3,804,37,2,30
142,116,1,143,3,807,57,57,30
143,116,1,144,8,815,76,5,80
144,116,1,145,3,818,104,104,30
145,116,1,146,2,820,25,1,20
146,116,1,147,3,823,49,1,30
147,116,1,148,9,832,131,131,90
148,116,1,149,4,836,43,3,40
149,116,1,150,3,839,67,8,30
150,116,1,151,2,841,94,94,20
151,116,1,152,3,844,37,2,30
152,116,1,153,9,853,142,13,90
153,116,1,154,9,862,221,25,90
154,116,1,155,4,866,234,234,40
155,116,1,156,7,873,74,6,70
156,116,1,157,7,880,140,8,70
157,116,1,158,8,888,212,212,80
158,116,1,159,9,897,94,8,90
159,116,1,160,2,899,117,117,20
160,116,1,161,6,905,53,53,60
161,116,1,162,5,910,45,6,50
162,116,1,163,7,917,111,111,70
163,116,1,164,5,922,45,3,50
164,116,1,165,7,929,113,113,70
165,116,1,166,9,938,88,88,90
166,116,1,167,8,946,76,13,80
167,116,1,168,9,955,151,13,90
168,116,1,169,6,961,203,22,60
169,116,1,170,6,967,241,22,60
170,116,1,171,7,974,287,24,70
171,116,1,172,3,977,288,288,30
172,116,1,173,5,982,57,5,50
173,116,1,174,4,986,89,8,40
174,116,1,175,7,993,162,15,70
175,116,1,176,5,998,191,15,50
176,116,1,177,5,1003,233,25,50
177,116,1,178,7,1010,293,26,70
178,116,1,179,5,1015,320,34,50
179,116,1,180,4,1019,323,34,40
180,116,1,181,5,1024,351,351,50
181,116,1,182,3,1027,32,5,30
182,116,1,183,4,1031,63,8,40
183,116,1,184,6,1037,109,8,60
184,116,1,185,8,1045,175,175,80
185,116,1,186,7,1052,73,10,70
186,116,1,187,6,1058,119,16,60
187,116,1,188,9,1067,184,16,90
188,116,1,189,8,1075,257,257,80
189,116,1,190,7,1082,72,4,70
190,116,1,191,4,1086,110,110,40
191,116,1,192,7,1093,68,7,70
192,116,1,193,5,1098,112,9,50
193,116,1,194,4,1102,137,137,40
194,116,1,195,7,1109,71,6,70
195,116,1,196,9,1118,167,21,90
196,116,1,197,6,1124,193,22,60
197,116,1,198,9,1133,260,260,90
198,116,1,199,8,1141,86,14,80
199,116,1,200,8,1149,154,20,80
200,116,1,201,2,1151,155,155,20
201,116,1,202,4,1155,33,5,40
202,116,1,203,6,1161,83,9,60
203,116,1,204,4,1165,112,112,40
204,116,1,205,2,1167,19,4,20
205,116,1,206,5,1172,60,60,50
206,116,1,207,6,1178,61,61,60
207,116,1,208,9,1187,93,93,90
208,116,1,209,2,1189,24,24,20
209,116,1,210,3,1192,15,15,30
210,116,1,211,5,1197,52,3,50
211,116,1,212,9,1206,141,12,90
212,116,1,213,3,1209,166,166,30
213,116,1,214,6,1215,51,51,60
214,116,1,215,4,1219,42,9,40
215,116,1,216,3,1222,73,73,30
216,116,1,217,9,1231,103,103,90
217,116,1,218,4,1235,43,3,40
218,116,1,219,9,1244,123,123,90
219,116,1,220,6,1250,85,10,60
220,116,1,221,3,1253,106,106,30
221,116,1,222,2,1255,21,1,20
222,116,1,223,5,1260,74,74,50
223,116,1,224,5,1265,62,5,50
224,116,1,225,4,1269,91,91,40
225,116,1,226,9,1278,85,15,90
226,116,1,227,7,1285,144,13,70
227,116,1,228,9,1294,225,28,90
228,116,1,229,7,1301,255,33,70
229,116,1,230,7,1308,274,274,70
230,116,1,231,4,1312,41,4,40
231,116,1,232,2,1314,55,3,20
232,116,1,233,8,1322,129,129,80
233,116,1,234,6,1328,48,5,60
234,116,1,235,7,1335,116,15,70
235,116,1,236,6,1341,149,16,60
236,116,1,237,4,1345,171,171,40
237,116,1,238,4,1349,31,31,40
238,116,1,239,9,1358,84,13,90
239,116,1,240,2,1360,88,8,20
240,116,1,241,4,1364,132,15,40
241,116,1,242,2,1366,143,17,20
242,116,1,243,4,1370,164,164,40
243,116,1,244,8,1378,78,10,80
244,116,1,245,3,1381,96,96,30
245,116,1,246,2,1383,11,4,20
246,116,1,247,6,1389,66,5,60
247,116,1,248,6,1395,114,14,60
248,116,1,249,5,1400,149,16,50
249,116,1,250,8,1408,231,231,80
250,116,1,251,5,1413,51,51,50
251,116,1,252,8,1421,77,77,80
252,116,1,253,4,1425,34,6,40
253,116,1,254,4,1429,58,11,40
254,116,1,255,3,1432,66,11,30
255,116,1,256,5,1437,105,105,50
256,116,1,257,8,1445,80,80,80
257,116,1,258,7,1452,72,72,70
258,116,1,259,5,1457,48,48,50
259,116,1,260,8,1465,86,86,80
260,116,1,261,4,1469,37,37,40
261,116,1,262,4,1473,35,35,40
262,116,1,263,4,1477,42,42,40
263,116,1,264,9,1486,99,10,90
264,116,1,265,5,1491,140,140,50
265,116,1,266,7,1498,87,6,70
266,116,1,267,3,1501,117,11,30
267,116,1,268,6,1507,177,177,60
268,116,1,269,2,1509,18,1,20
269,116,1,270,6,1515,83,83,60
270,116,1,271,8,1523,89,7,80
271,116,1,272,4,1527,113,10,40
272,116,1,273,8,1535,177,23,80
273,116,1,274,4,1539,192,20,40
274,116,1,275,6,1545,232,23,60
275,116,1,276,4,1549,250,25,40
276,116,1,277,9,1558,318,318,90
277,116,1,278,8,1566,84,84,80
278,116,1,279,2,1568,19,3,20
279,116,1,280,5,1573,64,11,50
280,116,1,281,7,1580,115,7,70
281,116,1,282,8,1588,177,177,80
282,116,1,283,4,1592,43,5,40
283,116,1,284,5,1597,96,7,50
284,116,1,285,2,1599,110,110,20
285,116,1,286,8,1607,93,93,80
286,116,1,287,6,1613,61,61,60
287,116,1,288,4,1617,48,8,40
288,116,1,289,6,1623,106,106,60
289,116,1,290,5,1628,56,56,50
290,116,1,291,2,1630,24,24,20
291,116,1,292,5,1635,49,3,50
292,116,1,293,4,1639,81,9,40
293,116,1,294,4,1643,115,8,40
294,116,1,295,2,1645,120,17,20
295,116,1,296,7,1652,177,14,70
296,116,1,297,7,1659,220,220,70
297,116,1,298,6,1665,56,56,60
298,116,1,299,8,1673,71,71,80
299,116,1,300,2,1675,21,1,20
300,116,1,301,3,1678,47,5,30
301,116,1,302,2,1680,65,4,20
302,116,1,303,3,1683,93,15,30
303,116,1,304,6,1689,145,13,60
304,116,1,305,4,1693,178,20,40
305,116,1,306,8,1701,237,237,80
306,116,1,307,7,1708,61,61,70
307,116,1,308,7,1715,69,69,70
308,116,1,309,9,1724,84,6,90
309,116,1,310,2,1726,98,9,20
310,116,1,311,6,1732,142,142,60
311,116,1,312,5,1737,59,4,50
312,116,1,313,5,1742,99,11,50
313,116,1,314,6,1748,138,14,60
314,116,1,315,6,1754,189,189,60
315,116,1,316,3,1757,38,38,30
316,116,1,317,7,1764,72,7,70
317,116,1,318,7,1771,132,13,70
318,116,1,319,7,1778,190,14,70
319,116,1,320,4,1782,215,22,40
320,116,1,321,6,1788,246,21,60
321,116,1,322,7,1795,303,303,70
322,116,1,323,7,1802,72,72,70
323,116,1,324,8,1810,64,64,80
324,116,1,325,5,1815,52,5,50
325,116,1,326,3,1818,74,74,30
326,116,1,327,9,1827,88,6,90
327,116,1,328,6,1833,138,138,60
328,116,1,329,7,1840,76,76,70
329,116,1,330,3,1843,35,7,30
330,116,1,331,4,1847,64,64,40
331,116,1,332,3,1850,32,32,30
332,116,1,333,2,1852,29,29,20
333,116,1,334,7,1859,58,5,70
334,116,1,335,7,1866,134,17,70
335,116,1,336,2,1868,144,15,20
336,116,1,337,8,1876,216,26,80
337,116,1,338,2,1878,209,209,20
338,116,1,339,2,1880,17,1,20
339,116,1,340,2,1882,35,35,20
340,116,1,341,3,1885,42,42,30
341,116,1,342,8,1893,63,9,80
342,116,1,343,9,1902,136,136,90
343,116,1,344,8,1910,62,62,80
344,116,1,345,8,1918,85,3,80
345,116,1,346,2,1920,102,10,20
346,116,1,347,9,1929,167,167,90
347,116,1,348,4,1933,41,4,40
348,116,1,349,3,1936,62,4,30
349,116,1,350,8,1944,142,142,80
350,116,1,351,3,1947,32,3,30
351,116,1,352,5,1952,74,11,50
352,116,1,353,9,1961,148,14,90
353,116,1,354,6,1967,210,210,60
354,116,1,355,5,1972,57,57,50
355,116,1,356,8,1980,78,4,80
356,116,1,357,4,1984,114,11,40
357,116,1,358,2,1986,123,18,20
358,116,1,359,6,1992,170,11,60
359,116,1,360,2,1994,178,12,20
360,116,1,361,7,2001,246,20,70
361,116,1,362,3,2004,261,23,30
362,116,1,363,4,2008,276,30,40
363,116,1,364,4,2012,292,32,40
364,116,1,365,4,2016,303,26,40
365,116,1,366,3,2019,305,305,30
366,116,1,367,4,2023,46,3,40
367,116,1,368,7,2030,128,16,70
368,116,1,369,2,2032,133,11,20
369,116,1,370,8,2040,208,25,80
370,116,1,371,3,2043,216,24,30
371,116,1,372,9,2052,283,30,90
372,116,1,373,9,2061,347,30,90
373,116,1,374,2,2063,345,40,20
374,116,1,375,2,2065,328,28,20
375,116,1,376,3,2068,329,33,30
376,116,1,377,3,2071,326,39,30
377,116,1,378,3,2074,319,28,30
378,116,1,379,8,2082,363,37,80
379,116,1,380,8,2090,398,42,80
380,116,1,381,5,2095,416,416,50
381,116,1,382,5,2100,60,60,50
382,116,1,383,4,2104,42,3,40
383,116,1,384,8,2112,106,12,80
384,116,1,385,7,2119,156,156,70
385,116,1,386,9,2128,90,11,90
386,116,1,387,9,2137,177,177,90
387,116,1,388,6,2143,50,50,60
388,116,1,389,9,2152,105,6,90
389,116,1,390,5,2157,152,16,50
390,116,1,391,5,2162,189,22,50
391,116,1,392,5,2167,219,22,50
392,116,1,393,7,2174,257,28,70
393,116,1,394,6,2180,311,30,60
394,116,1,395,4,2184,329,37,40
395,116,1,396,6,2190,347,29,60
396,116,1,397,7,2197,384,31,70
397,116,1,398,7,2204,422,40,70
398,116,1,399,2,2206,402,51,20
399,116,1,400,9,2215,448,448,90
400,116,1,401,4,2219,34,34,40
401,116,1,402,2,2221,13,13,20
402,116,1,403,7,2228,58,58,70
403,116,1,404,9,2237,88,88,90
404,116,1,405,5,2242,52,5,50
405,116,1,406,8,2250,125,6,80
406,116,1,407,5,2255,164,14,50
407,116,1,408,9,2264,248,24,90
408,116,1,409,2,2266,248,17,20
409,116,1,410,6,2272,283,28,60
410,116,1,411,6,2278,319,319,60
411,116,1,412,8,2286,63,63,80
412,116,1,413,5,2291,49,6,50
413,116,1,414,7,2298,113,113,70
414,116,1,415,3,2301,25,25,30
415,116,1,416,7,2308,73,73,70
416,116,1,417,7,2315,70,9,70
417,116,1,418,9,2324,159,159,90
418,116,1,419,3,2327,26,26,30
419,116,1,420,4,2331,48,4,40
420,116,1,421,9,2340,131,14,90
421,116,1,422,8,2348,213,20,80
422,116,1,423,2,2350,209,15,20
423,116,1,424,7,2357,259,28,70
424,116,1,425,9,2366,315,30,90
425,116,1,426,5,2371,341,35,50
426,116,1,427,8,2379,394,37,80
427,116,1,428,3,2382,381,40,30
428,116,1,429,3,2385,369,42,30
429,116,1,430,2,2387,348,348,20
430,116,1,431,4,2391,35,35,40
431,116,1,432,6,2397,46,3,60
432,116,1,433,4,2401,81,81,40
433,116,1,434,3,2404,32,32,30
434,116,1,435,5,2409,56,5,50
435,116,1,436,9,2418,129,8,90
436,116,1,437,7,2425,194,27,70
437,116,1,438,4,2429,212,32,40
438,116,1,439,3,2432,200,18,30
439,116,1,440,6,2438,227,227,60
440,116,1,441,6,2444,62,5,60
441,116,1,442,9,2453,142,142,90
442,116,1,443,6,2459,54,5,60
443,116,1,444,6,2465,110,13,60
444,116,1,445,9,2474,195,15,90
445,116,1,446,4,2478,217,217,40
446,116,1,447,7,2485,89,89,70
447,116,1,448,8,2493,90,10,80
448,116,1,449,5,2498,120,120,50
449,116,1,450,4,2502,32,4,40
450,116,1,451,5,2507,85,10,50
451,116,1,452,3,2510,107,13,30
452,116,1,453,3,2513,123,11,30
453,116,1,454,7,2520,190,190,70
454,116,1,455,4,2524,32,4,40
455,116,1,456,5,2529,92,92,50
456,116,1,457,3,2532,26,26,30
457,116,1,458,9,2541,77,7,90
458,116,1,459,7,2548,136,14,70
459,116,1,460,2,2550,145,13,20
460,116,1,461,8,2558,209,30,80
461,116,1,462,3,2561,206,206,30
462,116,1,463,9,2570,81,6,90
463,116,1,464,2,2572,93,9,20
464,116,1,465,9,2581,164,19,90
465,116,1,466,4,2585,169,18,40
466,116,1,467,7,2592,223,19,70
467,116,1,468,8,2600,288,26,80
468,116,1,469,5,2605,312,312,50
469,116,1,470,6,2611,55,4,60
470,116,1,471,3,2614,85,12,30
471,116,1,472,9,2623,174,22,90
472,116,1,473,3,2626,173,173,30
473,116,1,474,4,2630,35,35,40
474,116,1,475,5,2635,52,6,50
475,116,1,476,3,2638,73,11,30
476,116,1,477,3,2641,97,7,30
477,116,1,478,9,2650,193,193,90
478,116,1,479,5,2655,56,5,50
479,116,1,480,7,2662,122,9,70
480,116,1,481,8,2670,186,17,80
481,116,1,482,5,2675,217,25,50
482,116,1,483,9,2684,274,274,90
483,116,1,484,8,2692,70,4,80
484,116,1,485,7,2699,127,9,70
485,116,1,486,9,2708,220,20,90
486,116,1,487,9,2717,281,30,90
487,116,1,488,5,2722,304,304,50
488,116,1,489,4,2726,40,3,40
489,116,1,490,3,2729,62,7,30
490,116,1,491,9,2738,148,14,90
491,116,1,492,6,2744,197,18,60
492,116,1,493,2,2746,196,11,20
493,116,1,494,9,2755,294,30,90
494,116,1,495,6,2761,307,26,60
495,116,1,496,4,2765,311,29,40
496,116,1,497,2,2767,307,307,20
497,116,1,498,9,2776,88,88,90
498,116,1,499,8,2784,88,6,80
499,116,1,500,4,2788,115,13,40
500,116,1,501,3,2791,135,135,30
501,116,1,502,9,2800,94,94,90
502,116,1,503,4,2804,32,7,40
503,116,1,504,9,2813,104,7,90
504,116,1,505,7,2820,167,28,70
505,116,1,506,4,2824,166,15,40
506,116,1,507,9,2833,257,14,90
507,116,1,508,8,2841,319,34,80
508,116,1,509,9,2850,372,42,90
509,116,1,510,7,2857,412,412,70
510,116,1,511,8,2865,83,11,80
511,116,1,512,8,2873,139,11,80
512,116,1,513,7,2880,182,13,70
513,116,1,514,6,2886,239,239,60
514,116,1,515,3,2889,36,36,30
515,116,1,516,2,2891,21,3,20
516,116,1,517,8,2899,96,11,80
517,116,1,518,5,2904,137,13,50
518,116,1,519,7,2911,187,20,70
519,116,1,520,4,2915,206,25,40
520,116,1,521,4,2919,216,216,40
521,116,1,522,5,2924,52,52,50
522,116,1,523,3,2927,26,2,30
523,116,1,524,9,2936,104,104,90
524,116,1,525,5,2941,53,3,50
525,116,1,526,4,2945,92,12,40
526,116,1,527,3,2948,116,12,30
527,116,1,528,8,2956,185,17,80
528,116,1,529,3,2959,204,17,30
529,116,1,530,4,2963,212,212,40
530,116,1,531,3,2966,25,25,30
531,116,1,532,8,2974,63,6,80
532,116,1,533,2,2976,83,6,20
533,116,1,534,6,2982,129,129,60
534,116,1,535,6,2988,58,4,60
535,116,1,536,9,2997,137,16,90
536,116,1,537,4,3001,173,11,40
537,116,1,538,5,3006,197,14,50
538,116,1,539,7,3013,264,27,70
539,116,1,540,4,3017,285,285,40
540,116,1,541,9,3026,80,80,90
541,116,1,542,5,3031,52,4,50
542,116,1,543,5,3036,113,113,50
543,116,1,544,4,3040,51,6,40
544,116,1,545,9,3049,153,15,90
545,116,1,546,6,3055,186,17,60
546,116,1,547,2,3057,188,15,20
547,116,1,548,3,3060,207,19,30
548,116,1,549,6,3066,249,29,60
549,116,1,550,7,3073,288,288,70
550,116,1,551,6,3079,59,7,60
551,116,1,552,2,3081,71,71,20
552,116,1,553,2,3083,20,20,20
553,116,1,554,8,3091,71,71,80
554,116,1,555,6,3097,54,54,60
555,116,1,556,7,3104,76,76,70
556,116,1,557,5,3109,51,6,50
557,116,1,558,8,3117,129,11,80
558,116,1,559,5,3122,171,171,50
559,116,1,560,8,3130,62,62,80
560,116,1,561,8,3138,81,6,80
561,116,1,562,4,3142,132,16,40
562,116,1,563,9,3151,194,17,90
563,116,1,564,7,3158,253,27,70
564,116,1,565,4,3162,263,30,40
565,116,1,566,2,3164,260,260,20
566,116,1,567,5,3169,41,41,50
567,116,1,568,7,3176,81,8,70
568,116,1,569,9,3185,156,20,90
569,116,1,570,8,3193,235,235,80
570,116,1,571,5,3198,42,6,50
571,116,1,572,3,3201,68,68,30
572,116,1,573,4,3205,34,34,40
573,116,1,574,7,3212,66,66,70
574,116,1,575,7,3219,71,4,70
575,116,1,576,5,3224,142,10,50
576,116,1,577,5,3229,177,18,50
577,116,1,578,3,3232,179,179,30
578,116,1,579,3,3235,28,1,30
579,116,1,580,6,3241,89,10,60
580,116,1,581,5,3246,130,12,50
581,116,1,582,9,3255,216,216,90
582,116,1,583,4,3259,36,7,40
583,116,1,584,3,3262,56,5,30
584,116,1,585,2,3264,78,78,20
585,116,1,586,8,3272,84,84,80
586,116,1,587,7,3279,64,64,70
587,116,1,588,4,3283,55,2,40
588,116,1,589,2,3285,69,6,20
589,116,1,590,2,3287,86,12,20
590,116,1,591,4,3291,104,14,40
591,116,1,592,5,3296,134,15,50
592,116,1,593,9,3305,212,21,90
593,116,1,594,4,3309,229,229,40
594,116,1,595,9,3318,89,13,90
595,116,1,596,8,3326,150,18,80
596,116,1,597,8,3334,202,26,80
597,116,1,598,3,3337,199,18,30
598,116,1,599,6,3343,239,19,60
599,116,1,600,3,3346,249,249,30
600,116,1,601,4,3350,39,39,40
601,116,1,602,9,3359,83,5,90
602,116,1,603,3,3362,111,10,30
603,116,1,604,5,3367,155,155,50
604,116,1,605,8,3375,69,8,80
605,116,1,606,7,3382,144,15,70
606,116,1,607,4,3386,168,17,40
607,116,1,608,3,3389,178,13,30
608,116,1,609,4,3393,212,28,40
609,116,1,610,6,3399,260,32,60
610,116,1,611,4,3403,263,26,40
611,116,1,612,6,3409,295,30,60
612,116,1,613,2,3411,287,25,20
613,116,1,614,2,3413,288,288,20
614,116,1,615,5,3418,41,41,50
615,116,1,616,7,3425,82,12,70
616,116,1,617,8,3433,162,18,80
617,116,1,618,4,3437,175,22,40
618,116,1,619,5,3442,212,212,50
619,116,1,620,3,3445,23,23,30
620,116,1,621,5,3450,36,4,50
621,116,1,622,5,3455,95,9,50
622,116,1,623,3,3458,125,8,30
623,116,1,624,4,3462,158,158,40
624,116,1,625,2,3464,25,1,20
625,116,1,626,6,3470,90,8,60
626,116,1,627,9,3479,158,158,90
627,116,1,628,8,3487,86,86,80
628,116,1,629,5,3492,50,7,50
629,116,1,630,7,3499,107,107,70
630,116,1,631,9,3508,90,14,90
631,116,1,632,9,3517,185,22,90
632,116,1,633,2,3519,185,23,20
633,116,1,634,4,3523,207,23,40
634,116,1,635,7,3530,260,21,70
635,116,1,636,5,3535,274,274,50
636,116,1,637,4,3539,31,2,40
637,116,1,638,6,3545,77,5,60
638,116,1,639,3,3548,105,10,30
639,116,1,640,6,3554,158,158,60
640,116,1,641,5,3559,48,4,50
641,116,1,642,3,3562,70,70,30
642,116,1,643,7,3569,60,60,70
643,116,1,644,4,3573,38,1,40
644,116,1,645,9,3582,145,145,90
645,116,1,646,6,3588,55,4,60
646,116,1,647,7,3595,118,118,70
647,116,1,648,3,3598,29,29,30
648,116,1,649,5,3603,51,8,50
649,116,1,650,7,3610,126,126,70
650,116,1,651,2,3612,16,1,20
651,116,1,652,4,3616,64,64,40
652,116,1,653,5,3621,44,7,50
653,116,1,654,2,3623,51,8,20
654,116,1,655,7,3630,107,107,70
655,116,1,656,2,3632,21,2,20
656,116,1,657,6,3638,74,74,60
657,116,1,658,3,3641,30,3,30
658,116,1,659,3,3644,55,6,30
659,116,1,660,2,3646,74,9,20
660,116,1,661,9,3655,162,162,90
661,116,1,662,8,3663,86,86,80
662,116,1,663,3,3666,41,7,30
663,116,1,664,4,3670,74,9,40
664,116,1,665,5,3675,116,116,50
665,116,1,666,9,3684,104,14,90
666,116,1,667,6,3690,157,157,60
667,116,1,668,9,3699,101,6,90
668,116,1,669,2,3701,116,116,20
669,116,1,670,7,3708,58,6,70
670,116,1,671,7,3715,159,18,70
671,116,1,672,6,3721,206,20,60
672,116,1,673,5,3726,226,14,50
673,116,1,674,7,3733,275,275,70
674,116,1,675,7,3740,68,9,70
675,116,1,676,2,3742,73,3,20
676,116,1,677,8,3750,149,21,80
677,116,1,678,9,3759,208,208,90
678,116,1,679,4,3763,36,1,40
679,116,1,680,9,3772,136,14,90
680,116,1,681,3,3775,148,148,30
681,116,1,682,6,3781,61,5,60
682,116,1,683,8,3789,135,12,80
683,116,1,684,6,3795,190,17,60
684,116,1,685,6,3801,232,36,60
685,116,1,686,5,3806,243,22,50
686,116,1,687,6,3812,271,28,60
687,116,1,688,6,3818,297,297,60
688,116,1,689,5,3823,65,7,50
689,116,1,690,7,3830,119,5,70
690,116,1,691,7,3837,186,21,70
691,116,1,692,8,3845,256,25,80
692,116,1,693,7,3852,302,302,70
693,116,1,694,3,3855,42,5,30
694,116,1,695,5,3860,93,93,50
695,116,1,696,7,3867,74,9,70
696,116,1,697,8,3875,140,13,80
697,116,1,698,8,3883,206,22,80
698,116,1,699,2,3885,206,19,20
699,116,1,700,5,3890,235,20,50
700,116,1,701,6,3896,278,33,60
701,116,1,702,5,3901,293,293,50
702,116,1,703,5,3906,65,8,50
703,116,1,704,3,3909,89,1,30
704,116,1,705,7,3916,166,18,70
705,116,1,706,5,3921,190,14,50
706,116,1,707,8,3929,264,264,80
707,116,1,708,9,3938,99,14,90
708,116,1,709,6,3944,156,156,60
709,116,1,710,3,3947,24,24,30
710,116,1,711,2,3949,19,1,20
711,116,1,712,4,3953,56,2,40
712,116,1,713,8,3961,137,14,80
713,116,1,714,2,3963,143,11,20
714,116,1,715,7,3970,204,204,70
715,116,1,716,5,3975,44,3,50
716,116,1,717,2,3977,68,8,20
717,116,1,718,5,3982,101,101,50
718,116,1,719,2,3984,22,22,20
719,116,1,720,3,3987,37,37,30
720,116,1,721,3,3990,31,31,30
721,116,1,722,5,3995,46,46,50
722,116,1,723,3,3998,26,26,30
723,116,1,724,4,4002,44,8,40
724,116,1,725,4,4006,78,78,40
725,116,1,726,2,4008,22,1,20
726,116,1,727,8,4016,91,6,80
727,116,1,728,4,4020,128,9,40
728,116,1,729,5,4025,166,15,50
729,116,1,730,8,4033,226,226,80
730,116,1,731,7,4040,63,9,70
731,116,1,732,5,4045,109,9,50
732,116,1,733,6,4051,165,13,60
733,116,1,734,3,4054,183,183,30
734,116,1,735,8,4062,65,65,80
735,116,1,736,3,4065,35,35,30
736,116,1,737,6,4071,62,7,60
737,116,1,738,7,4078,127,127,70
738,116,1,739,6,4084,58,4,60
739,116,1,740,2,4086,82,82,20
740,116,1,741,2,4088,16,2,20
741,116,1,742,7,4095,85,11,70
742,116,1,743,8,4103,153,17,80
743,116,1,744,8,4111,217,25,80
744,116,1,745,2,4113,206,206,20
745,116,1,746,7,4120,70,8,70
746,116,1,747,3,4123,96,5,30
747,116,1,748,9,4132,179,20,90
748,116,1,749,3,4135,192,21,30
749,116,1,750,3,4138,201,27,30
750,116,1,751,8,4146,254,29,80
751,116,1,752,2,4148,249,24,20
752,116,1,753,3,4151,270,33,30
753,116,1,754,8,4159,314,35,80
754,116,1,755,3,4162,304,31,30
755,116,1,756,7,4169,336,42,70
756,116,1,757,9,4178,367,36,90
757,116,1,758,4,4182,369,25,40
758,116,1,759,7,4189,414,36,70
759,116,1,760,8,4197,448,44,80
760,116,1,761,2,4199,426,39,20
761,116,1,762,5,4204,418,418,50
762,116,1,763,2,4206,15,15,20
763,116,1,764,9,4215,79,6,90
764,116,1,765,5,4220,131,12,50
765,116,1,766,3,4223,155,155,30
766,116,1,767,6,4229,61,61,60
767,116,1,768,5,4234,52,7,50
768,116,1,769,9,4243,128,12,90
769,116,1,770,6,4249,155,155,60
770,116,1,771,8,4257,94,12,80
771,116,1,772,6,4263,141,12,60
772,116,1,773,2,4265,147,17,20
773,116,1,774,3,4268,161,161,30
774,116,1,775,9,4277,85,85,90
775,116,1,776,7,4284,80,9,70
776,116,1,777,4,4288,108,108,40
777,116,1,778,6,4294,57,5,60
778,116,1,779,5,4299,97,9,50
779,116,1,780,7,4306,147,147,70
780,116,1,781,3,4309,31,31,30
781,116,1,782,7,4316,67,7,70
782,116,1,783,7,4323,114,8,70
783,116,1,784,8,4331,192,23,80
784,116,1,785,2,4333,188,16,20
785,116,1,786,3,4336,200,11,30
786,116,1,787,9,4345,281,31,90
787,116,1,788,7,4352,309,309,70
788,116,1,789,5,4357,54,54,50
789,116,1,790,2,4359,26,26,20
790,116,1,791,9,4368,108,12,90
791,116,1,792,2,4370,117,117,20
792,116,1,793,2,4372,18,2,20
793,116,1,794,7,4379,72,7,70
794,116,1,795,2,4381,85,85,20
795,116,1,796,4,4385,49,4,40
796,116,1,797,5,4390,83,10,50
797,116,1,798,7,4397,155,13,70
798,116,1,799,6,4403,199,199,60
799,116,1,800,8,4411,83,10,80
800,116,1,801,4,4415,112,13,40
801,116,1,802,4,4419,134,15,40
802,116,1,803,6,4425,181,181,60
803,116,1,804,3,4428,32,3,30
804,116,1,805,5,4433,74,74,50
805,116,1,806,4,4437,45,3,40
806,116,1,807,7,4444,109,109,70
807,116,1,808,7,4451,76,6,70
808,116,1,809,5,4456,118,8,50
809,116,1,810,2,4458,123,11,20
810,116,1,811,9,4467,203,203,90
811,116,1,812,3,4470,24,2,30
812,116,1,813,4,4474,63,63,40
813,116,1,814,6,4480,61,6,60
814,116,1,815,5,4485,118,7,50
815,116,1,816,7,4492,171,13,70
816,116,1,817,7,4499,223,223,70
817,116,1,818,9,4508,83,7,90
818,116,1,819,6,4514,136,136,60
819,116,1,820,7,4521,62,5,70
820,116,1,821,2,4523,79,79,20
821,116,1,822,7,4530,66,66,70
822,116,1,823,4,4534,34,9,40
823,116,1,824,9,4543,131,7,90
824,116,1,825,2,4545,145,145,20
825,116,1,826,4,4549,40,6,40
826,116,1,827,6,4555,99,99,60
827,116,1,828,9,4564,106,14,90
828,116,1,829,2,4566,115,11,20
829,116,1,830,2,4568,115,13,20
830,116,1,831,4,4572,141,13,40
831,116,1,832,2,4574,146,146,20
832,116,1,833,4,4578,37,37,40
833,116,1,834,5,4583,45,45,50
834,116,1,835,2,4585,17,17,20
835,116,1,836,9,4594,96,96,90
836,116,1,837,8,4602,73,6,80
837,116,1,838,9,4611,164,164,90
838,116,1,839,3,4614,36,4,30
839,116,1,840,9,4623,126,11,90
840,116,1,841,8,4631,206,15,80
841,116,1,842,3,4634,228,22,30
842,116,1,843,7,4641,277,27,70
843,116,1,844,5,4646,312,25,50
844,116,1,845,4,4650,323,323,40
845,116,1,846,3,4653,29,1,30
846,116,1,847,4,4657,56,5,40
847,116,1,848,5,4662,107,8,50
848,116,1,849,6,4668,162,20,60
849,116,1,850,5,4673,193,22,50
850,116,1,851,9,4682,268,268,90
851,116,1,852,7,4689,76,2,70
852,116,1,853,5,4694,117,11,50
853,116,1,854,6,4700,166,9,60
854,116,1,855,7,4707,245,21,70
855,116,1,856,8,4715,300,300,80
856,116,1,857,6,4721,47,47,60
857,116,1,858,7,4728,78,5,70
858,116,1,859,4,4732,107,10,40
859,116,1,860,2,4734,121,121,20
860,116,1,861,5,4739,47,47,50
861,116,1,862,9,4748,101,101,90
862,116,1,863,3,4751,33,7,30
863,116,1,864,2,4753,52,52,20
864,116,1,865,7,4760,65,65,70
865,116,1,866,2,4762,21,2,20
866,116,1,867,3,4765,56,5,30
867,116,1,868,7,4772,117,117,70
868,116,1,869,7,4779,69,69,70
869,116,1,870,7,4786,67,7,70
870,116,1,871,5,4791,102,102,50
871,116,1,872,7,4798,78,12,70
872,116,1,873,6,4804,121,121,60
873,116,1,874,9,4813,103,103,90
874,116,1,875,6,4819,65,9,60
875,116,1,876,9,4828,162,162,90
876,116,1,877,7,4835,71,71,70
877,116,1,878,3,4838,29,4,30
878,116,1,879,7,4845,98,98,70
879,116,1,880,5,4850,48,4,50
880,116,1,881,8,4858,125,11,80
881,116,1,882,8,4866,195,24,80
882,116,1,883,6,4872,241,25,60
883,116,1,884,7,4879,282,28,70
884,116,1,885,4,4883,288,26,40
885,116,1,886,3,4886,288,288,30
886,116,1,887,8,4894,77,8,80
887,116,1,888,6,4900,111,11,60
888,116,1,889,8,4908,181,20,80
889,116,1,890,5,4913,222,27,50
890,116,1,891,4,4917,233,21,40
891,116,1,892,3,4920,239,24,30
892,116,1,893,3,4923,248,24,30
893,116,1,894,3,4926,259,259,30
894,116,1,895,5,4931,61,6,50
895,116,1,896,2,4933,75,75,20
896,116,1,897,5,4938,37,6,50
897,116,1,898,4,4942,79,79,40
898,116,1,899,8,4950,91,8,80
899,116,1,900,3,4953,108,17,30
900,116,1,901,2,4955,113,17,20
901,116,1,902,4,4959,134,11,40
902,116,1,903,7,4966,190,16,70
903,116,1,904,7,4973,242,23,70
904,116,1,905,4,4977,251,28,40
905,116,1,906,6,4983,282,21,60
906,116,1,907,5,4988,311,36,50
907,116,1,908,8,4996,365,365,80
908,116,2,1,3,3,36,5,30
909,116,2,2,6,9,86,86,60
910,116,2,3,9,18,111,111,90
911,116,2,4,9,27,101,15,90
912,116,2,5,8,35,172,14,80
913,116,2,6,7,42,224,23,70
914,116,2,7,8,50,277,25,80
915,116,2,8,3,53,274,274,30
916,116,2,9,3,56,28,2,30
917,116,2,10,8,64,93,93,80
918,116,2,11,2,66,19,3,20
919,116,2,12,5,71,77,4,50
920,116,2,13,4,75,110,8,40
921,116,2,14,7,82,183,15,70
922,116,2,15,6,88,230,24,60
923,116,2,16,6,94,269,31,60
924,116,2,17,5,99,281,281,50
925,116,2,18,9,108,96,12,90
926,116,2,19,8,116,159,159,80
927,116,2,20,7,123,63,5,70
928,116,2,21,9,132,164,164,90
929,116,2,22,6,138,62,7,60
930,116,2,23,4,142,93,93,40
931,116,2,24,8,150,76,6,80
932,116,2,25,6,156,133,13,60
933,116,2,26,7,163,181,181,70
934,116,2,27,9,172,89,10,90
935,116,2,28,7,179,148,13,70
936,116,2,29,3,182,164,15,30
937,116,2,30,9,191,231,231,90
938,116,2,31,3,194,22,3,30
939,116,2,32,9,203,92,92,90
940,116,2,33,8,211,83,8,80
941,116,2,34,2,213,90,7,20
942,116,2,35,4,217,131,16,40
943,116,2,36,5,222,169,13,50
944,116,2,37,7,229,238,238,70
945,116,2,38,4,233,30,0,40
946,116,2,39,4,237,78,78,40
947,116,2,40,9,246,107,107,90
948,116,2,41,5,251,54,6,50
949,116,2,42,2,253,82,9,20
950,116,2,43,7,260,141,141,70
951,116,2,44,7,267,69,8,70
952,116,2,45,9,276,162,162,90
953,116,2,46,9,285,104,12,90
954,116,2,47,3,288,121,11,30
955,116,2,48,2,290,123,13,20
956,116,2,49,5,295,161,23,50
957,116,2,50,3,298,156,16,30
958,116,2,51,9,307,228,27,90
959,116,2,52,9,316,301,301,90
960,116,2,53,7,323,73,9,70
961,116,2,54,8,331,154,16,80
962,116,2,55,2,333,156,14,20
963,116,2,56,2,335,166,14,20
964,116,2,57,5,340,201,24,50
965,116,2,58,7,347,259,259,70
966,116,2,59,8,355,71,11,80
967,116,2,60,9,364,142,17,90
968,116,2,61,6,370,187,15,60
969,116,2,62,6,376,235,28,60
970,116,2,63,5,381,246,22,50
971,116,2,64,5,386,271,22,50
972,116,2,65,4,390,295,29,40
973,116,2,66,9,399,353,27,90
974,116,2,67,2,401,339,30,20
975,116,2,68,8,409,391,49,80
976,116,2,69,4,413,375,40,40
977,116,2,70,7,420,412,412,70
978,116,2,71,8,428,58,5,80
979,116,2,72,7,435,114,114,70
980,116,2,73,3,438,26,4,30
981,116,2,74,2,440,36,5,20
982,116,2,75,4,444,62,9,40
983,116,2,76,6,450,110,110,60
984,116,2,77,7,457,70,70,70
985,116,2,78,5,462,50,4,50
986,116,2,79,8,470,122,122,80
987,116,2,80,9,479,96,12,90
988,116,2,81,2,481,102,102,20
989,116,2,82,2,483,26,3,20
990,116,2,83,4,487,60,8,40
991,116,2,84,7,494,127,127,70
992,116,2,85,6,500,70,11,60
993,116,2,86,5,505,112,13,50
994,116,2,87,5,510,145,15,50
995,116,2,88,6,516,203,21,60
996,116,2,89,2,518,204,12,20
997,116,2,90,6,524,232,24,60
998,116,2,91,5,529,252,21,50
999,116,2,92,4,533,261,261,40
1000,116,2,93,2,535,24,3,20
1001,116,2,94,6,541,89,5,60
1002,116,2,95,2,543,98,98,20
1003,116,2,96,6,549,55,8,60
1004,116,2,97,6,555,107,107,60
1005,116,2,98,5,560,63,6,50
1006,116,2,99,7,567,121,18,70
1007,116,2,100,5,572,153,11,50
1008,116,2,101,8,580,211,211,80
1009,116,2,102,7,587,72,5,70
1010,116,2,103,6,593,134,16,60
1011,116,2,104,2,595,140,15,20
1012,116,2,105,8,603,211,211,80
1013,116,2,106,4,607,42,42,40
1014,116,2,107,2,609,29,2,20
1015,116,2,108,6,615,95,95,60
1016,116,2,109,3,618,24,24,30
1017,116,2,110,2,620,23,3,20
1018,116,2,111,6,626,71,71,60
1019,116,2,112,5,631,43,4,50
1020,116,2,113,6,637,94,18,60
1021,116,2,114,6,643,131,16,60
1022,116,2,115,9,652,207,17,90
1023,116,2,116,6,658,247,22,60
1024,116,2,117,9,667,324,25,90
1025,116,2,118,2,669,316,31,20
1026,116,2,119,9,678,395,36,90
1027,116,2,120,6,684,413,34,60
1028,116,2,121,2,686,393,393,20
1029,116,2,122,4,690,34,3,40
1030,116,2,123,8,698,100,10,80
1031,116,2,124,8,706,176,176,80
1032,116,2,125,3,709,23,1,30
1033,116,2,126,6,715,93,11,60
1034,116,2,127,7,722,153,25,70
1035,116,2,128,4,726,166,15,40
1036,116,2,129,8,734,237,32,80
1037,116,2,130,5,739,246,28,50
1038,116,2,131,4,743,256,21,40
1039,116,2,132,6,749,297,297,60
1040,116,2,133,3,752,39,3,30
1041,116,2,134,6,758,104,7,60
1042,116,2,135,8,766,196,16,80
1043,116,2,136,8,774,251,23,80
1044,116,2,137,8,782,308,308,80
1045,116,2,138,3,785,45,2,30
1046,116,2,139,6,791,96,96,60
1047,116,2,140,9,800,79,8,90
1048,116,2,141,3,803,104,13,30
1049,116,2,142,2,805,114,114,20
1050,116,2,143,2,807,22,2,20
1051,116,2,144,9,816,109,13,90
1052,116,2,145,5,821,144,25,50
1053,116,2,146,7,828,198,18,70
1054,116,2,147,7,835,255,255,70
1055,116,2,148,9,844,89,89,90
1056,116,2,149,6,850,59,8,60
1057,116,2,150,9,859,140,9,90
1058,116,2,151,5,864,171,171,50
1059,116,2,152,4,868,37,3,40
1060,116,2,153,9,877,121,11,90
1061,116,2,154,7,884,177,19,70
1062,116,2,155,9,893,261,261,90
1063,116,2,156,3,896,22,2,30
1064,116,2,157,7,903,105,7,70
1065,116,2,158,8,911,194,194,80
1066,116,2,159,2,913,25,25,20
1067,116,2,160,3,916,23,2,30
1068,116,2,161,5,921,67,7,50
1069,116,2,162,7,928,132,132,70
1070,116,2,163,9,937,100,12,90
1071,116,2,164,6,943,141,12,60
1072,116,2,165,7,950,192,16,70
1073,116,2,166,3,953,206,15,30
1074,116,2,167,2,955,214,17,20
1075,116,2,168,4,959,238,20,40
1076,116,2,169,3,962,255,255,30
1077,116,2,170,6,968,49,3,60
1078,116,2,171,5,973,106,7,50
1079,116,2,172,8,981,186,20,80
1080,116,2,173,7,988,237,28,70
1081,116,2,174,8,996,280,28,80
1082,116,2,175,5,1001,299,29,50
1083,116,2,176,8,1009,337,33,80
1084,116,2,177,3,1012,344,344,30
1085,116,2,178,6,1018,56,56,60
1086,116,2,179,5,1023,58,58,50
1087,116,2,180,9,1032,95,7,90
1088,116,2,181,9,1041,164,17,90
1089,116,2,182,9,1050,227,28,90
1090,116,2,183,3,1053,228,27,30
1091,116,2,184,8,1061,281,281,80
1092,116,2,185,7,1068,67,8,70
1093,116,2,186,7,1075,138,14,70
1094,116,2,187,5,1080,182,11,50
1095,116,2,188,7,1087,246,246,70
1096,116,2,189,8,1095,88,10,80
1097,116,2,190,5,1100,124,124,50
1098,116,2,191,3,1103,22,1,30
1099,116,2,192,6,1109,78,10,60
1100,116,2,193,4,1113,98,98,40
1101,116,2,194,8,1121,79,8,80
1102,116,2,195,4,1125,117,17,40
1103,116,2,196,5,1130,147,15,50
1104,116,2,197,3,1133,161,12,30
1105,116,2,198,9,1142,236,21,90
1106,116,2,199,8,1150,305,36,80
1107,116,2,200,3,1153,294,294,30
1108,116,2,201,6,1159,61,61,60
1109,116,2,202,9,1168,97,9,90
1110,116,2,203,9,1177,172,172,90
1111,116,2,204,5,1182,61,5,50
1112,116,2,205,9,1191,129,129,90
1113,116,2,206,8,1199,87,7,80
1114,116,2,207,8,1207,158,158,80
1115,116,2,208,9,1216,74,7,90
1116,116,2,209,9,1225,154,10,90
1117,116,2,210,6,1231,208,21,60
1118,116,2,211,6,1237,237,237,60
1119,116,2,212,2,1239,13,1,20
1120,116,2,213,8,1247,93,93,80
1121,116,2,214,8,1255,79,6,80
1122,116,2,215,9,1264,145,10,90
1123,116,2,216,6,1270,208,208,60
1124,116,2,217,3,1273,30,30,30
1125,116,2,218,5,1278,47,3,50
1126,116,2,219,3,1281,74,74,30
1127,116,2,220,6,1287,57,57,60
1128,116,2,221,3,1290,32,4,30
1129,116,2,222,7,1297,124,10,70
1130,116,2,223,8,1305,181,181,80
1131,116,2,224,9,1314,93,93,90
1132,116,2,225,2,1316,17,17,20
1133,116,2,226,2,1318,24,6,20
1134,116,2,227,3,1321,47,8,30
1135,116,2,228,4,1325,81,81,40
1136,116,2,229,7,1332,63,4,70
1137,116,2,230,6,1338,120,15,60
1138,116,2,231,3,1341,132,18,30
1139,116,2,232,2,1343,132,132,20
1140,116,2,233,6,1349,62,7,60
1141,116,2,234,6,1355,112,10,60
1142,116,2,235,7,1362,176,16,70
1143,116,2,236,3,1365,186,25,30
1144,116,2,237,8,1373,217,24,80
1145,116,2,238,7,1380,260,21,70
1146,116,2,239,7,1387,315,40,70
1147,116,2,240,6,1393,327,28,60
1148,116,2,241,3,1396,328,21,30
1149,116,2,242,5,1401,357,357,50
1150,116,2,243,8,1409,82,6,80
1151,116,2,244,6,1415,145,17,60
1152,116,2,245,5,1420,188,20,50
1153,116,2,246,2,1422,193,20,20
1154,116,2,247,2,1424,188,188,20
1155,116,2,248,8,1432,94,94,80
1156,116,2,249,8,1440,79,7,80
1157,116,2,250,3,1443,107,107,30
1158,116,2,251,8,1451,89,89,80
1159,116,2,252,7,1458,66,6,70
1160,116,2,253,5,1463,106,106,50
1161,116,2,254,6,1469,46,46,60
1162,116,2,255,2,1471,23,4,20
1163,116,2,256,9,1480,112,6,90
1164,116,2,257,2,1482,139,139,20
1165,116,2,258,8,1490,91,91,80
1166,116,2,259,2,1492,19,3,20
1167,116,2,260,7,1499,100,100,70
1168,116,2,261,6,1505,77,8,60
1169,116,2,262,4,1509,114,114,40
1170,116,2,263,9,1518,91,2,90
1171,116,2,264,9,1527,200,18,90
1172,116,2,265,2,1529,215,23,20
1173,116,2,266,9,1538,307,307,90
1174,116,2,267,2,1540,21,3,20
1175,116,2,268,7,1547,84,5,70
1176,116,2,269,5,1552,132,14,50
1177,116,2,270,5,1557,171,171,50
1178,116,2,271,5,1562,50,50,50
1179,116,2,272,6,1568,64,3,60
1180,116,2,273,5,1573,116,9,50
1181,116,2,274,3,1576,137,137,30
1182,116,2,275,4,1580,51,2,40
1183,116,2,276,2,1582,69,69,20
1184,116,2,277,3,1585,38,2,30
1185,116,2,278,6,1591,91,12,60
1186,116,2,279,8,1599,147,147,80
1187,116,2,280,8,1607,97,10,80
1188,116,2,281,6,1613,159,159,60
1189,116,2,282,9,1622,92,92,90
1190,116,2,283,4,1626,52,4,40
1191,116,2,284,3,1629,77,77,30
1192,116,2,285,2,1631,27,27,20
1193,116,2,286,3,1634,28,1,30
1194,116,2,287,6,1640,89,89,60
1195,116,2,288,8,1648,87,7,80
1196,116,2,289,7,1655,148,13,70
1197,116,2,290,5,1660,198,24,50
1198,116,2,291,2,1662,192,16,20
1199,116,2,292,2,1664,202,202,20
1200,116,2,293,3,1667,43,3,30
1201,116,2,294,4,1671,66,5,40
1202,116,2,295,2,1673,75,75,20
1203,116,2,296,9,1682,99,99,90
1204,116,2,297,7,1689,69,69,70
1205,116,2,298,9,1698,91,10,90
1206,116,2,299,7,1705,165,23,70
1207,116,2,300,9,1714,228,18,90
1208,116,2,301,9,1723,293,25,90
1209,116,2,302,4,1727,305,305,40
1210,116,2,303,5,1732,54,7,50
1211,116,2,304,9,1741,129,129,90
1212,116,2,305,8,1749,82,82,80
1213,116,2,306,3,1752,34,4,30
1214,116,2,307,6,1758,91,9,60
1215,116,2,308,4,1762,128,128,40
1216,116,2,309,6,1768,62,62,60
1217,116,2,310,7,1775,82,6,70
1218,116,2,311,6,1781,136,136,60
1219,116,2,312,6,1787,54,5,60
1220,116,2,313,4,1791,94,10,40
1221,116,2,314,6,1797,147,14,60
1222,116,2,315,7,1804,214,20,70
1223,116,2,316,2,1806,219,219,20
1224,116,2,317,3,1809,27,0,30
1225,116,2,318,9,1818,117,9,90
1226,116,2,319,7,1825,178,19,70
1227,116,2,320,7,1832,225,14,70
1228,116,2,321,8,1840,295,35,80
1229,116,2,322,9,1849,337,42,90
1230,116,2,323,3,1852,334,35,30
1231,116,2,324,2,1854,315,31,20
1232,116,2,325,5,1859,327,37,50
1233,116,2,326,7,1866,350,40,70
1234,116,2,327,8,1874,397,37,80
1235,116,2,328,8,1882,454,37,80
1236,116,2,329,2,1884,435,435,20
1237,116,2,330,3,1887,36,36,30
1238,116,2,331,9,1896,95,13,90
1239,116,2,332,2,1898,98,10,20
1240,116,2,333,2,1900,106,12,20
1241,116,2,334,9,1909,179,15,90
1242,116,2,335,6,1915,228,228,60
1243,116,2,336,5,1920,40,6,50
1244,116,2,337,9,1929,127,8,90
1245,116,2,338,9,1938,210,21,90
1246,116,2,339,8,1946,259,259,80
1247,116,2,340,3,1949,23,3,30
1248,116,2,341,2,1951,35,35,20
1249,116,2,342,7,1958,66,8,70
1250,116,2,343,4,1962,94,9,40
1251,116,2,344,8,1970,176,16,80
1252,116,2,345,9,1979,242,23,90
1253,116,2,346,3,1982,245,19,30
1254,116,2,347,6,1988,305,38,60
1255,116,2,348,8,1996,347,35,80
1256,116,2,349,5,2001,366,41,50
1257,116,2,350,5,2006,373,373,50
1258,116,2,351,6,2012,62,62,60
1259,116,2,352,2,2014,19,19,20
1260,116,2,353,9,2023,103,9,90
1261,116,2,354,4,2027,128,16,40
1262,116,2,355,8,2035,207,21,80
1263,116,2,356,3,2038,220,23,30
1264,116,2,357,3,2041,230,30,30
1265,116,2,358,2,2043,215,18,20
1266,116,2,359,9,2052,295,295,90
1267,116,2,360,3,2055,28,1,30
1268,116,2,361,2,2057,46,7,20
1269,116,2,362,2,2059,56,2,20
1270,116,2,363,9,2068,136,136,90
1271,116,2,364,3,2071,41,2,30
1272,116,2,365,6,2077,102,18,60
1273,116,2,366,9,2086,180,180,90
1274,116,2,367,9,2095,94,12,90
1275,116,2,368,3,2098,116,13,30
1276,116,2,369,4,2102,144,144,40
1277,116,2,370,6,2108,54,54,60
1278,116,2,371,5,2113,53,6,50
1279,116,2,372,6,2119,93,93,60
1280,116,2,373,2,2121,21,3,20
1281,116,2,374,7,2128,70,6,70
1282,116,2,375,2,2130,81,9,20
1283,116,2,376,3,2133,100,100,30
1284,116,2,377,7,2140,63,63,70
1285,116,2,378,8,2148,77,77,80
1286,116,2,379,7,2155,93,8,70
1287,116,2,380,4,2159,127,127,40
1288,116,2,381,5,2164,48,0,50
1289,116,2,382,5,2169,100,11,50
1290,116,2,383,6,2175,152,152,60
1291,116,2,384,4,2179,50,50,40
1292,116,2,385,9,2188,92,4,90
1293,116,2,386,7,2195,169,14,70
1294,116,2,387,3,2198,185,19,30
1295,116,2,388,6,2204,236,19,60
1296,116,2,389,2,2206,235,235,20
1297,116,2,390,3,2209,31,31,30
1298,116,2,391,8,2217,87,87,80
1299,116,2,392,6,2223,57,4,60
1300,116,2,393,9,2232,143,143,90
1301,116,2,394,5,2237,45,45,50
1302,116,2,395,2,2239,18,0,20
1303,116,2,396,7,2246,98,11,70
1304,116,2,397,5,2251,141,141,50
1305,116,2,398,8,2259,78,78,80
1306,116,2,399,2,2261,20,3,20
1307,116,2,400,4,2265,60,60,40
1308,116,2,401,4,2269,41,5,40
1309,116,2,402,9,2278,126,11,90
1310,116,2,403,5,2283,163,19,50
1311,116,2,404,2,2285,172,172,20
1312,116,2,405,9,2294,98,7,90
1313,116,2,406,5,2299,139,139,50
1314,116,2,407,8,2307,91,11,80
1315,116,2,408,7,2314,155,16,70
1316,116,2,409,5,2319,190,10,50
1317,116,2,410,4,2323,221,221,40
1318,116,2,411,5,2328,50,5,50
1319,116,2,412,3,2331,73,11,30
1320,116,2,413,2,2333,85,6,20
1321,116,2,414,3,2336,110,110,30
1322,116,2,415,2,2338,24,24,20
1323,116,2,416,5,2343,48,6,50
1324,116,2,417,3,2346,71,9,30
1325,116,2,418,9,2355,155,14,90
1326,116,2,419,2,2357,155,11,20
1327,116,2,420,7,2364,210,210,70
1328,116,2,421,8,2372,83,83,80
1329,116,2,422,6,2378,61,5,60
1330,116,2,423,5,2383,97,11,50
1331,116,2,424,6,2389,148,17,60
1332,116,2,425,2,2391,146,10,20
1333,116,2,426,2,2393,162,20,20
1334,116,2,427,2,2395,170,22,20
1335,116,2,428,3,2398,171,171,30
1336,116,2,429,6,2404,60,5,60
1337,116,2,430,3,2407,88,7,30
1338,116,2,431,2,2409,97,12,20
1339,116,2,432,3,2412,121,13,30
1340,116,2,433,9,2421,186,19,90
1341,116,2,434,6,2427,232,24,60
1342,116,2,435,8,2435,291,25,80
1343,116,2,436,2,2437,290,35,20
1344,116,2,437,3,2440,282,28,30
1345,116,2,438,3,2443,278,278,30
1346,116,2,439,2,2445,24,1,20
1347,116,2,440,9,2454,123,123,90
1348,116,2,441,4,2458,38,38,40
1349,116,2,442,6,2464,61,7,60
1350,116,2,443,2,2466,73,5,20
1351,116,2,444,3,2469,97,97,30
1352,116,2,445,2,2471,35,3,20
1353,116,2,446,4,2475,72,9,40
1354,116,2,447,5,2480,102,12,50
1355,116,2,448,2,2482,115,15,20
1356,116,2,449,9,2491,185,19,90
1357,116,2,450,2,2493,189,189,20
1358,116,2,451,8,2501,86,8,80
1359,116,2,452,6,2507,138,11,60
1360,116,2,453,8,2515,211,21,80
1361,116,2,454,7,2522,266,27,70
1362,116,2,455,5,2527,279,279,50
1363,116,2,456,6,2533,71,6,60
1364,116,2,457,2,2535,91,10,20
1365,116,2,458,3,2538,109,109,30
1366,116,2,459,4,2542,55,55,40
1367,116,2,460,9,2551,105,9,90
1368,116,2,461,5,2556,141,141,50
1369,116,2,462,5,2561,55,55,50
1370,116,2,463,3,2564,35,2,30
1371,116,2,464,7,2571,101,14,70
1372,116,2,465,4,2575,122,9,40
1373,116,2,466,8,2583,203,203,80
1374,116,2,467,2,2585,20,20,20
1375,116,2,468,8,2593,81,8,80
1376,116,2,469,8,2601,149,20,80
1377,116,2,470,2,2603,152,152,20
1378,116,2,471,9,2612,90,12,90
1379,116,2,472,9,2621,155,155,90
1380,116,2,473,6,2627,57,2,60
1381,116,2,474,2,2629,79,5,20
1382,116,2,475,5,2634,125,125,50
1383,116,2,476,3,2637,39,39,30
1384,116,2,477,2,2639,24,24,20
1385,116,2,478,7,2646,75,5,70
1386,116,2,479,8,2654,141,141,80
1387,116,2,480,2,2656,17,17,20
1388,116,2,481,3,2659,33,33,30
1389,116,2,482,8,2667,99,9,80
1390,116,2,483,5,2672,135,11,50
1391,116,2,484,7,2679,190,15,70
1392,116,2,485,4,2683,211,21,40
1393,116,2,486,3,2686,221,221,30
1394,116,2,487,5,2691,43,43,50
1395,116,2,488,5,2696,65,65,50
1396,116,2,489,3,2699,32,3,30
1397,116,2,490,7,2706,103,103,70
1398,116,2,491,2,2708,21,21,20
1399,116,2,492,3,2711,27,3,30
1400,116,2,493,6,2717,85,9,60
1401,116,2,494,7,2724,154,154,70
1402,116,2,495,3,2727,36,2,30
1403,116,2,496,7,2734,98,10,70
1404,116,2,497,7,2741,174,19,70
1405,116,2,498,2,2743,175,12,20
1406,116,2,499,7,2750,219,19,70
1407,116,2,500,5,2755,243,25,50
1408,116,2,501,3,2758,245,23,30
1409,116,2,502,4,2762,258,19,40
1410,116,2,503,2,2764,252,17,20
1411,116,2,504,4,2768,283,283,40
1412,116,2,505,6,2774,66,66,60
1413,116,2,506,4,2778,39,6,40
1414,116,2,507,5,2783,89,89,50
1415,116,2,508,4,2787,34,34,40
1416,116,2,509,3,2790,33,7,30
1417,116,2,510,6,2796,96,96,60
1418,116,2,511,4,2800,44,44,40
1419,116,2,512,8,2808,74,6,80
1420,116,2,513,6,2814,132,132,60
1421,116,2,514,7,2821,65,7,70
1422,116,2,515,2,2823,75,10,20
1423,116,2,516,6,2829,119,11,60
1424,116,2,517,4,2833,142,142,40
1425,116,2,518,7,2840,79,15,70
1426,116,2,519,4,2844,111,6,40
1427,116,2,520,2,2846,127,11,20
1428,116,2,521,6,2852,187,187,60
1429,116,2,522,9,2861,88,9,90
1430,116,2,523,5,2866,119,11,50
1431,116,2,524,5,2871,157,17,50
1432,116,2,525,2,2873,160,15,20
1433,116,2,526,6,2879,210,210,60
1434,116,2,527,7,2886,79,7,70
1435,116,2,528,9,2895,165,14,90
1436,116,2,529,6,2901,215,215,60
1437,116,2,530,8,2909,67,8,80
1438,116,2,531,7,2916,111,12,70
1439,116,2,532,8,2924,173,16,80
1440,116,2,533,5,2929,215,21,50
1441,116,2,534,8,2937,269,269,80
1442,116,2,535,6,2943,67,67,60
1443,116,2,536,5,2948,52,52,50
1444,116,2,537,5,2953,60,60,50
1445,116,2,538,8,2961,83,83,80
1446,116,2,539,2,2963,23,1,20
1447,116,2,540,8,2971,96,12,80
1448,116,2,541,7,2978,144,144,70
1449,116,2,542,9,2987,101,8,90
1450,116,2,543,5,2992,150,18,50
1451,116,2,544,8,3000,219,219,80
1452,116,2,545,6,3006,61,61,60
1453,116,2,546,4,3010,38,8,40
1454,116,2,547,6,3016,75,75,60
1455,116,2,548,7,3023,79,7,70
1456,116,2,549,8,3031,163,163,80
1457,116,2,550,8,3039,94,94,80
1458,116,2,551,2,3041,24,24,20
1459,116,2,552,9,3050,97,14,90
1460,116,2,553,4,3054,116,116,40
1461,116,2,554,8,3062,73,73,80
1462,116,2,555,7,3069,63,63,70
1463,116,2,556,2,3071,25,25,20
1464,116,2,557,6,3077,51,5,60
1465,116,2,558,3,3080,74,74,30
1466,116,2,559,3,3083,21,21,30
1467,116,2,560,8,3091,90,7,80
1468,116,2,561,7,3098,150,14,70
1469,116,2,562,7,3105,216,19,70
1470,116,2,563,5,3110,248,29,50
1471,116,2,564,8,3118,296,28,80
1472,116,2,565,4,3122,310,310,40
1473,116,2,566,5,3127,51,3,50
1474,116,2,567,4,3131,87,6,40
1475,116,2,568,6,3137,138,138,60
1476,116,2,569,8,3145,90,8,80
1477,116,2,570,4,3149,114,114,40
1478,116,2,571,3,3152,27,2,30
1479,116,2,572,3,3155,60,4,30
1480,116,2,573,9,3164,154,154,90
1481,116,2,574,4,3168,36,4,40
1482,116,2,575,9,3177,138,9,90
1483,116,2,576,4,3181,183,24,40
1484,116,2,577,6,3187,214,21,60
1485,116,2,578,9,3196,290,29,90
1486,116,2,579,7,3203,338,37,70
1487,116,2,580,7,3210,385,46,70
1488,116,2,581,2,3212,354,30,20
1489,116,2,582,4,3216,369,26,40
1490,116,2,583,9,3225,453,44,90
1491,116,2,584,9,3234,492,49,90
1492,116,2,585,2,3236,466,466,20
1493,116,2,586,9,3245,90,11,90
1494,116,2,587,5,3250,132,12,50
1495,116,2,588,7,3257,177,18,70
1496,116,2,589,4,3261,197,16,40
1497,116,2,590,2,3263,200,20,20
1498,116,2,591,6,3269,248,248,60
1499,116,2,592,2,3271,24,2,20
1500,116,2,593,5,3276,67,67,50
1501,116,2,594,3,3279,29,29,30
1502,116,2,595,7,3286,63,63,70
1503,116,2,596,7,3293,60,60,70
1504,116,2,597,3,3296,27,6,30
1505,116,2,598,2,3298,39,39,20
1506,116,2,599,8,3306,86,7,80
1507,116,2,600,6,3312,130,130,60
1508,116,2,601,9,3321,90,12,90
1509,116,2,602,4,3325,114,11,40
1510,116,2,603,8,3333,173,173,80
1511,116,2,604,3,3336,23,1,30
1512,116,2,605,2,3338,33,4,20
1513,116,2,606,9,3347,130,18,90
1514,116,2,607,9,3356,199,17,90
1515,116,2,608,9,3365,252,23,90
1516,116,2,609,7,3372,303,303,70
1517,116,2,610,7,3379,69,8,70
1518,116,2,611,9,3388,154,154,90
1519,116,2,612,8,3396,92,13,80
1520,116,2,613,9,3405,158,15,90
1521,116,2,614,3,3408,176,15,30
1522,116,2,615,8,3416,244,25,80
1523,116,2,616,6,3422,286,36,60
1524,116,2,617,4,3426,289,27,40
1525,116,2,618,6,3432,312,24,60
1526,116,2,619,2,3434,311,34,20
1527,116,2,620,7,3441,338,338,70
1528,116,2,621,5,3446,52,6,50
1529,116,2,622,7,3453,123,14,70
1530,116,2,623,3,3456,141,141,30
1531,116,2,624,5,3461,59,4,50
1532,116,2,625,3,3464,92,92,30
1533,116,2,626,4,3468,48,3,40
1534,116,2,627,2,3470,72,8,20
1535,116,2,628,8,3478,159,18,80
1536,116,2,629,2,3480,159,159,20
1537,116,2,630,9,3489,109,10,90
1538,116,2,631,6,3495,158,158,60
1539,116,2,632,2,3497,21,1,20
1540,116,2,633,7,3504,90,90,70
1541,116,2,634,7,3511,87,87,70
1542,116,2,635,7,3518,79,12,70
1543,116,2,636,9,3527,157,15,90
1544,116,2,637,3,3530,179,14,30
1545,116,2,638,5,3535,218,20,50
1546,116,2,639,9,3544,278,16,90
1547,116,2,640,4,3548,313,33,40
1548,116,2,641,2,3550,299,32,20
1549,116,2,642,4,3554,303,29,40
1550,116,2,643,5,3559,333,333,50
1551,116,2,644,2,3561,17,17,20
1552,116,2,645,7,3568,65,3,70
1553,116,2,646,5,3573,113,113,50
1554,116,2,647,8,3581,107,11,80
1555,116,2,648,3,3584,138,138,30
1556,116,2,649,6,3590,55,55,60
1557,116,2,650,6,3596,61,4,60
1558,116,2,651,2,3598,78,11,20
1559,116,2,652,3,3601,100,10,30
1560,116,2,653,8,3609,161,17,80
1561,116,2,654,8,3617,227,227,80
1562,116,2,655,6,3623,66,4,60
1563,116,2,656,6,3629,132,132,60
1564,116,2,657,3,3632,24,24,30
1565,116,2,658,8,3640,78,5,80
1566,116,2,659,8,3648,151,19,80
1567,116,2,660,9,3657,231,24,90
1568,116,2,661,2,3659,229,229,20
1569,116,2,662,8,3667,80,80,80
1570,116,2,663,4,3671,32,3,40
1571,116,2,664,8,3679,106,10,80
1572,116,2,665,6,3685,154,154,60
1573,116,2,666,3,3688,29,7,30
1574,116,2,667,2,3690,38,38,20
1575,116,2,668,6,3696,61,1,60
1576,116,2,669,3,3699,93,93,30
1577,116,2,670,7,3706,67,5,70
1578,116,2,671,8,3714,149,149,80
1579,116,2,672,6,3720,67,67,60
1580,116,2,673,6,3726,47,3,60
1581,116,2,674,4,3730,80,6,40
1582,116,2,675,8,3738,164,18,80
1583,116,2,676,5,3743,197,197,50
1584,116,2,677,4,3747,45,45,40
1585,116,2,678,5,3752,47,5,50
1586,116,2,679,3,3755,66,66,30
1587,116,2,680,5,3760,40,7,50
1588,116,2,681,5,3765,78,6,50
1589,116,2,682,2,3767,85,12,20
1590,116,2,683,4,3771,113,113,40
1591,116,2,684,8,3779,75,7,80
1592,116,2,685,6,3785,124,124,60
1593,116,2,686,6,3791,53,5,60
1594,116,2,687,9,3800,137,137,90
1595,116,2,688,4,3804,37,3,40
1596,116,2,689,2,3806,57,57,20
1597,116,2,690,4,3810,43,43,40
1598,116,2,691,5,3815,50,4,50
1599,116,2,692,5,3820,99,14,50
1600,116,2,693,2,3822,98,7,20
1601,116,2,694,8,3830,160,14,80
1602,116,2,695,7,3837,211,211,70
1603,116,2,696,7,3844,57,57,70
1604,116,2,697,3,3847,18,18,30
1605,116,2,698,9,3856,95,95,90
1606,116,2,699,8,3864,57,57,80
1607,116,2,700,3,3867,28,28,30
1608,116,2,701,3,3870,32,7,30
1609,116,2,702,7,3877,86,86,70
1610,116,2,703,9,3886,86,86,90
1611,116,2,704,6,3892,63,8,60
1612,116,2,705,2,3894,74,74,20
1613,116,2,706,6,3900,53,3,60
1614,116,2,707,5,3905,99,14,50
1615,116,2,708,4,3909,125,125,40
1616,116,2,709,9,3918,74,10,90
1617,116,2,710,7,3925,142,13,70
1618,116,2,711,9,3934,226,226,90
1619,116,2,712,9,3943,78,4,90
1620,116,2,713,3,3946,97,7,30
1621,116,2,714,4,3950,128,14,40
1622,116,2,715,8,3958,202,202,80
1623,116,2,716,9,3967,97,97,90
1624,116,2,717,7,3974,76,4,70
1625,116,2,718,5,3979,130,11,50
1626,116,2,719,3,3982,155,15,30
1627,116,2,720,4,3986,186,18,40
1628,116,2,721,8,3994,243,23,80
1629,116,2,722,7,4001,281,25,70
1630,116,2,723,7,4008,326,326,70
1631,116,2,724,6,4014,61,61,60
1632,116,2,725,5,4019,54,2,50
1633,116,2,726,2,4021,68,8,20
1634,116,2,727,5,4026,109,15,50
1635,116,2,728,3,4029,132,132,30
1636,116,2,729,7,4036,73,5,70
1637,116,2,730,8,4044,156,16,80
1638,116,2,731,6,4050,195,19,60
1639,116,2,732,2,4052,191,15,20
1640,116,2,733,8,4060,255,21,80
1641,116,2,734,2,4062,253,30,20
1642,116,2,735,7,4069,292,26,70
1643,116,2,736,3,4072,292,26,30
1644,116,2,737,6,4078,320,320,60
1645,116,2,738,4,4082,35,35,40
1646,116,2,739,7,4089,66,66,70
1647,116,2,740,3,4092,31,3,30
1648,116,2,741,2,4094,41,41,20
1649,116,2,742,6,4100,67,6,60
1650,116,2,743,7,4107,134,16,70
1651,116,2,744,4,4111,158,15,40
1652,116,2,745,8,4119,219,219,80
1653,116,2,746,3,4122,36,36,30
1654,116,2,747,5,4127,41,3,50
1655,116,2,748,2,4129,60,60,20
1656,116,2,749,3,4132,30,1,30
1657,116,2,750,7,4139,110,110,70
1658,116,2,751,3,4142,36,36,30
1659,116,2,752,3,4145,30,1,30
1660,116,2,753,6,4151,98,15,60
1661,116,2,754,5,4156,134,134,50
1662,116,2,755,9,4165,86,86,90
1663,116,2,756,9,4174,72,6,90
1664,116,2,757,5,4179,121,13,50
1665,116,2,758,8,4187,199,21,80
1666,116,2,759,2,4189,195,195,20
1667,116,2,760,6,4195,57,8,60
1668,116,2,761,2,4197,71,9,20
1669,116,2,762,2,4199,86,4,20
1670,116,2,763,4,4203,132,132,40
1671,116,2,764,8,4211,74,74,80
1672,116,2,765,3,4214,21,1,30
1673,116,2,766,7,4221,98,7,70
1674,116,2,767,5,4226,140,13,50
1675,116,2,768,4,4230,176,12,40
1676,116,2,769,7,4237,219,14,70
1677,116,2,770,4,4241,245,20,40
1678,116,2,771,8,4249,290,30,80
1679,116,2,772,2,4251,284,27,20
1680,116,2,773,4,4255,298,33,40
1681,116,2,774,8,4263,348,37,80
1682,116,2,775,6,4269,380,380,60
1683,116,2,776,5,4274,50,3,50
1684,116,2,777,8,4282,115,9,80
1685,116,2,778,6,4288,182,18,60
1686,116,2,779,6,4294,247,23,60
1687,116,2,780,5,4299,272,28,50
1688,116,2,781,3,4302,276,29,30
1689,116,2,782,4,4306,283,283,40
1690,116,2,783,6,4312,55,55,60
1691,116,2,784,4,4316,50,3,40
1692,116,2,785,4,4320,89,6,40
1693,116,2,786,3,4323,114,13,30
1694,116,2,787,5,4328,155,28,50
1695,116,2,788,3,4331,161,16,30
1696,116,2,789,4,4335,188,12,40
1697,116,2,790,9,4344,264,27,90
1698,116,2,791,2,4346,261,261,20
1699,116,2,792,4,4350,39,3,40
1700,116,2,793,9,4359,115,115,90
1701,116,2,794,8,4367,79,11,80
1702,116,2,795,7,4374,140,140,70
1703,116,2,796,5,4379,40,40,50
1704,116,2,797,9,4388,98,9,90
1705,116,2,798,2,4390,116,116,20
1706,116,2,799,6,4396,54,54,60
1707,116,2,800,9,4405,105,12,90
1708,116,2,801,5,4410,153,15,50
1709,116,2,802,8,4418,212,212,80
1710,116,2,803,6,4424,69,8,60
1711,116,2,804,7,4431,128,128,70
1712,116,2,805,5,4436,48,48,50
1713,116,2,806,9,4445,94,11,90
1714,116,2,807,7,4452,157,10,70
1715,116,2,808,7,4459,216,23,70
1716,116,2,809,5,4464,253,253,50
1717,116,2,810,4,4468,39,39,40
1718,116,2,811,8,4476,67,9,80
1719,116,2,812,4,4480,99,99,40
1720,116,2,813,9,4489,81,81,90
1721,116,2,814,7,4496,56,5,70
1722,116,2,815,5,4501,101,101,50
1723,116,2,816,9,4510,90,6,90
1724,116,2,817,2,4512,102,14,20
1725,116,2,818,6,4518,156,17,60
1726,116,2,819,3,4521,165,17,30
1727,116,2,820,5,4526,205,205,50
1728,116,2,821,7,4533,64,5,70
1729,116,2,822,5,4538,116,10,50
1730,116,2,823,2,4540,126,7,20
1731,116,2,824,3,4543,157,16,30
1732,116,2,825,3,4546,180,19,30
1733,116,2,826,5,4551,210,17,50
1734,116,2,827,6,4557,255,31,60
1735,116,2,828,9,4566,309,29,90
1736,116,2,829,6,4572,338,33,60
1737,116,2,830,7,4579,371,33,70
1738,116,2,831,9,4588,434,39,90
1739,116,2,832,3,4591,414,36,30
1740,116,2,833,2,4593,403,403,20
1741,116,2,834,3,4596,38,5,30
1742,116,2,835,2,4598,57,57,20
1743,116,2,836,7,4605,75,5,70
1744,116,2,837,8,4613,172,16,80
1745,116,2,838,6,4619,214,23,60
1746,116,2,839,3,4622,222,222,30
1747,116,2,840,6,4628,67,6,60
1748,116,2,841,9,4637,160,17,90
1749,116,2,842,2,4639,164,19,20
1750,116,2,843,6,4645,206,206,60
1751,116,2,844,8,4653,71,71,80
1752,116,2,845,3,4656,40,6,30
1753,116,2,846,3,4659,73,8,30
1754,116,2,847,7,4666,117,117,70
1755,116,2,848,3,4669,36,2,30
1756,116,2,849,3,4672,59,59,30
1757,116,2,850,4,4676,28,3,40
1758,116,2,851,6,4682,89,15,60
1759,116,2,852,9,4691,172,172,90
1760,116,2,853,4,4695,37,5,40
1761,116,2,854,9,4704,126,126,90
1762,116,2,855,5,4709,53,53,50
1763,116,2,856,9,4718,88,8,90
1764,116,2,857,5,4723,115,10,50
1765,116,2,858,8,4731,180,18,80
1766,116,2,859,4,4735,199,199,40
1767,116,2,860,8,4743,69,6,80
1768,116,2,861,7,4750,136,136,70
1769,116,2,862,5,4755,53,5,50
1770,116,2,863,6,4761,103,103,60
1771,116,2,864,4,4765,46,4,40
1772,116,2,865,9,4774,120,11,90
1773,116,2,866,6,4780,165,165,60
1774,116,2,867,7,4787,60,60,70
1775,116,2,868,6,4793,52,5,60
1776,116,2,869,4,4797,87,12,40
1777,116,2,870,3,4800,95,3,30
1778,116,2,871,6,4806,163,163,60
1779,116,2,872,8,4814,68,12,80
1780,116,2,873,2,4816,80,10,20
1781,116,2,874,9,4825,166,16,90
1782,116,2,875,4,4829,196,196,40
1783,116,2,876,3,4832,32,5,30
1784,116,2,877,9,4841,112,17,90
1785,116,2,878,3,4844,124,124,30
1786,116,2,879,6,4850,59,5,60
1787,116,2,880,3,4853,79,10,30
1788,116,2,881,8,4861,157,157,80
1789,116,2,882,9,4870,114,7,90
1790,116,2,883,2,4872,130,130,20
1791,116,2,884,5,4877,45,4,50
1792,116,2,885,6,4883,108,7,60
1793,116,2,886,7,4890,177,177,70
1794,116,2,887,6,4896,60,8,60
1795,116,2,888,7,4903,123,123,70
1796,116,2,889,4,4907,39,39,40
1797,116,2,890,6,4913,58,58,60
1798,116,2,891,7,4920,74,7,70
1799,116,2,892,7,4927,133,14,70
1800,116,2,893,7,4934,209,16,70
1801,116,2,894,9,4943,291,24,90
1802,116,2,895,8,4951,344,344,80
1803,116,2,896,8,4959,78,78,80
1804,116,2,897,4,4963,44,8,40
1805,116,2,898,6,4969,103,103,60
1806,116,2,899,7,4976,63,63,70
1807,116,2,900,9,4985,83,83,90
1808,116,2,901,5,4990,47,4,50
1809,116,2,902,4,4994,81,81,40
1810,116,2,903,3,4997,27,27,30
1811,116,3,1,7,7,85,6,70
1812,116,3,2,3,10,100,8,30
1813,116,3,3,4,14,123,17,40
1814,116,3,4,3,17,144,8,30
1815,116,3,5,7,24,214,214,70
1816,116,3,6,7,31,57,57,70
1817,116,3,7,6,37,70,6,60
1818,116,3,8,4,41,114,114,40
1819,116,3,9,3,44,34,34,30
1820,116,3,10,3,47,29,3,30
1821,116,3,11,9,56,110,11,90
1822,116,3,12,5,61,146,146,50
1823,116,3,13,8,69,72,8,80
1824,116,3,14,2,71,80,80,20
1825,116,3,15,9,80,100,10,90
1826,116,3,16,9,89,178,20,90
1827,116,3,17,9,98,246,16,90
1828,116,3,18,5,103,288,25,50
1829,116,3,19,5,108,327,327,50
1830,116,3,20,4,112,46,1,40
1831,116,3,21,4,116,83,83,40
1832,116,3,22,3,119,34,3,30
1833,116,3,23,5,124,79,6,50
1834,116,3,24,7,131,152,10,70
1835,116,3,25,4,135,170,20,40
1836,116,3,26,6,141,207,207,60
1837,116,3,27,8,149,86,86,80
1838,116,3,28,5,154,49,49,50
1839,116,3,29,8,162,89,10,80
1840,116,3,30,2,164,106,106,20
1841,116,3,31,2,166,20,3,20
1842,116,3,32,5,171,74,4,50
1843,116,3,33,3,174,101,14,30
1844,116,3,34,3,177,114,9,30
1845,116,3,35,5,182,159,15,50
1846,116,3,36,6,188,190,21,60
1847,116,3,37,6,194,243,23,60
1848,116,3,38,9,203,317,37,90
1849,116,3,39,9,212,359,48,90
1850,116,3,40,7,219,384,384,70
1851,116,3,41,4,223,41,4,40
1852,116,3,42,4,227,79,7,40
1853,116,3,43,7,234,141,12,70
1854,116,3,44,7,241,199,19,70
1855,116,3,45,8,249,262,262,80
1856,116,3,46,6,255,66,5,60
1857,116,3,47,5,260,110,110,50
1858,116,3,48,2,262,27,4,20
1859,116,3,49,5,267,63,63,50
1860,116,3,50,5,272,50,7,50
1861,116,3,51,5,277,89,10,50
1862,116,3,52,6,283,131,13,60
1863,116,3,53,6,289,175,23,60
1864,116,3,54,3,292,175,13,30
1865,116,3,55,8,300,233,233,80
1866,116,3,56,6,306,57,3,60
1867,116,3,57,3,309,89,89,30
1868,116,3,58,2,311,23,23,20
1869,116,3,59,7,318,68,7,70
1870,116,3,60,4,322,113,10,40
1871,116,3,61,2,324,126,10,20
1872,116,3,62,2,326,132,16,20
1873,116,3,63,9,335,224,18,90
1874,116,3,64,4,339,243,26,40
1875,116,3,65,8,347,298,35,80
1876,116,3,66,7,354,341,36,70
1877,116,3,67,3,357,332,332,30
1878,116,3,68,4,361,46,2,40
1879,116,3,69,3,364,80,80,30
1880,116,3,70,2,366,16,1,20
1881,116,3,71,7,373,98,8,70
1882,116,3,72,2,375,109,12,20
1883,116,3,73,9,384,191,20,90
1884,116,3,74,3,387,201,19,30
1885,116,3,75,7,394,267,22,70
1886,116,3,76,8,402,324,29,80
1887,116,3,77,8,410,374,37,80
1888,116,3,78,6,416,396,396,60
1889,116,3,79,8,424,78,78,80
1890,116,3,80,9,433,80,12,90
1891,116,3,81,3,436,100,100,30
1892,116,3,82,8,444,81,3,80
1893,116,3,83,9,453,175,175,90
1894,116,3,84,4,457,41,1,40
1895,116,3,85,4,461,79,7,40
1896,116,3,86,5,466,117,10,50
1897,116,3,87,6,472,154,18,60
1898,116,3,88,9,481,234,25,90
1899,116,3,89,3,484,226,20,30
1900,116,3,90,2,486,230,24,20
1901,116,3,91,7,493,281,281,70
1902,116,3,92,5,498,49,5,50
1903,116,3,93,4,502,85,85,40
1904,116,3,94,2,504,17,1,20
1905,116,3,95,5,509,68,8,50
1906,116,3,96,2,511,74,5,20
1907,116,3,97,6,517,127,9,60
1908,116,3,98,8,525,188,21,80
1909,116,3,99,5,530,222,222,50
1910,116,3,100,4,534,35,7,40
1911,116,3,101,2,536,49,49,20
1912,116,3,102,5,541,51,51,50
1913,116,3,103,8,549,88,88,80
1914,116,3,104,5,554,42,42,50
1915,116,3,105,3,557,30,30,30
1916,116,3,106,6,563,71,5,60
1917,116,3,107,5,568,105,10,50
1918,116,3,108,9,577,170,19,90
1919,116,3,109,7,584,220,26,70
1920,116,3,110,8,592,290,31,80
1921,116,3,111,5,597,316,316,50
1922,116,3,112,2,599,25,4,20
1923,116,3,113,2,601,36,36,20
1924,116,3,114,9,610,70,6,90
1925,116,3,115,7,617,134,134,70
1926,116,3,116,2,619,21,1,20
1927,116,3,117,3,622,50,3,30
1928,116,3,118,2,624,65,65,20
1929,116,3,119,9,633,89,10,90
1930,116,3,120,6,639,154,22,60
1931,116,3,121,3,642,153,153,30
1932,116,3,122,3,645,36,36,30
1933,116,3,123,8,653,64,5,80
1934,116,3,124,5,658,109,109,50
1935,116,3,125,3,661,23,2,30
1936,116,3,126,9,670,103,103,90
1937,116,3,127,2,672,33,33,20
1938,116,3,128,4,676,49,49,40
1939,116,3,129,6,682,64,11,60
1940,116,3,130,5,687,105,105,50
1941,116,3,131,6,693,63,63,60
1942,116,3,132,7,700,49,49,70
1943,116,3,133,3,703,42,42,30
1944,116,3,134,3,706,23,0,30
1945,116,3,135,3,709,51,7,30
1946,116,3,136,7,716,114,16,70
1947,116,3,137,8,724,179,18,80
1948,116,3,138,7,731,220,29,70
1949,116,3,139,5,736,249,27,50
1950,116,3,140,8,744,311,311,80
1951,116,3,141,5,749,27,27,50
1952,116,3,142,3,752,32,32,30
1953,116,3,143,3,755,39,5,30
1954,116,3,144,7,762,119,13,70
1955,116,3,145,8,770,180,20,80
1956,116,3,146,5,775,214,214,50
1957,116,3,147,3,778,28,3,30
1958,116,3,148,5,783,68,8,50
1959,116,3,149,9,792,151,19,90
1960,116,3,150,4,796,176,176,40
1961,116,3,151,4,800,38,6,40
1962,116,3,152,5,805,83,13,50
1963,116,3,153,8,813,165,14,80
1964,116,3,154,4,817,193,22,40
1965,116,3,155,2,819,193,193,20
1966,116,3,156,5,824,63,63,50
1967,116,3,157,6,830,57,2,60
1968,116,3,158,5,835,97,97,50
1969,116,3,159,4,839,41,5,40
1970,116,3,160,3,842,67,5,30
1971,116,3,161,4,846,102,11,40
1972,116,3,162,5,851,150,18,50
1973,116,3,163,3,854,173,20,30
1974,116,3,164,8,862,215,23,80
1975,116,3,165,9,871,278,37,90
1976,116,3,166,9,880,323,26,90
1977,116,3,167,2,882,317,34,20
1978,116,3,168,9,891,366,366,90
1979,116,3,169,3,894,20,20,30
1980,116,3,170,7,901,69,4,70
1981,116,3,171,2,903,86,7,20
1982,116,3,172,4,907,122,122,40
1983,116,3,173,3,910,32,1,30
1984,116,3,174,4,914,81,81,40
1985,116,3,175,3,917,32,32,30
1986,116,3,176,2,919,19,19,20
1987,116,3,177,8,927,73,6,80
1988,116,3,178,8,935,153,153,80
1989,116,3,179,9,944,94,9,90
1990,116,3,180,8,952,164,164,80
1991,116,3,181,7,959,84,84,70
1992,116,3,182,4,963,48,48,40
1993,116,3,183,6,969,51,51,60
1994,116,3,184,9,978,76,76,90
1995,116,3,185,2,980,14,2,20
1996,116,3,186,5,985,66,66,50
1997,116,3,187,2,987,13,13,20
1998,116,3,188,4,991,53,53,40
1999,116,3,189,6,997,48,1,60
2000,116,3,190,3,1000,71,7,30
2001,116,3,191,2,1002,87,6,20
2002,116,3,192,7,1009,151,8,70
2003,116,3,193,9,1018,208,18,90
2004,116,3,194,5,1023,239,25,50
2005,116,3,195,6,1029,281,281,60
2006,116,3,196,9,1038,88,88,90
2007,116,3,197,4,1042,45,2,40
2008,116,3,198,9,1051,134,134,90
2009,116,3,199,4,1055,40,40,40
2010,116,3,200,5,1060,46,46,50
2011,116,3,201,4,1064,34,2,40
2012,116,3,202,8,1072,111,9,80
2013,116,3,203,3,1075,131,131,30
2014,116,3,204,2,1077,20,2,20
2015,116,3,205,3,1080,49,3,30
2016,116,3,206,8,1088,128,9,80
2017,116,3,207,4,1092,167,11,40
2018,116,3,208,9,1101,252,24,90
2019,116,3,209,2,1103,246,24,20
2020,116,3,210,7,1110,280,28,70
2021,116,3,211,9,1119,329,34,90
2022,116,3,212,6,1125,358,35,60
2023,116,3,213,2,1127,347,347,20
2024,116,3,214,3,1130,35,35,30
2025,116,3,215,5,1135,49,49,50
2026,116,3,216,5,1140,49,49,50
2027,116,3,217,7,1147,86,86,70
2028,116,3,218,6,1153,59,59,60
2029,116,3,219,4,1157,42,3,40
2030,116,3,220,5,1162,96,12,50
2031,116,3,221,7,1169,154,154,70
2032,116,3,222,7,1176,81,8,70
2033,116,3,223,6,1182,141,141,60
2034,116,3,224,6,1188,70,70,60
2035,116,3,225,7,1195,80,10,70
2036,116,3,226,2,1197,87,10,20
2037,116,3,227,2,1199,101,13,20
2038,116,3,228,6,1205,139,15,60
2039,116,3,229,6,1211,178,178,60
2040,116,3,230,8,1219,79,79,80
2041,116,3,231,6,1225,68,11,60
2042,116,3,232,8,1233,152,152,80
2043,116,3,233,4,1237,45,6,40
2044,116,3,234,5,1242,100,100,50
2045,116,3,235,8,1250,79,79,80
2046,116,3,236,5,1255,59,10,50
2047,116,3,237,8,1263,127,127,80
2048,116,3,238,8,1271,62,62,80
2049,116,3,239,8,1279,77,77,80
2050,116,3,240,3,1282,34,3,30
2051,116,3,241,3,1285,50,50,30
2052,116,3,242,5,1290,54,5,50
2053,116,3,243,2,1292,67,67,20
2054,116,3,244,3,1295,22,22,30
2055,116,3,245,8,1303,76,9,80
2056,116,3,246,3,1306,98,98,30
2057,116,3,247,4,1310,25,3,40
2058,116,3,248,7,1317,95,8,70
2059,116,3,249,4,1321,135,9,40
2060,116,3,250,5,1326,173,21,50
2061,116,3,251,8,1334,241,241,80
2062,116,3,252,3,1337,34,34,30
2063,116,3,253,8,1345,90,90,80
2064,116,3,254,6,1351,64,6,60
2065,116,3,255,7,1358,129,129,70
2066,116,3,256,7,1365,78,9,70
2067,116,3,257,8,1373,149,149,80
2068,116,3,258,6,1379,69,11,60
2069,116,3,259,4,1383,101,13,40
2070,116,3,260,7,1390,168,22,70
2071,116,3,261,3,1393,182,19,30
2072,116,3,262,3,1396,185,185,30
2073,116,3,263,2,1398,21,1,20
2074,116,3,264,5,1403,70,8,50
2075,116,3,265,7,1410,133,133,70
2076,116,3,266,7,1417,66,10,70
2077,116,3,267,2,1419,73,7,20
2078,116,3,268,8,1427,166,16,80
2079,116,3,269,8,1435,210,21,80
2080,116,3,270,6,1441,262,28,60
2081,116,3,271,4,1445,272,272,40
2082,116,3,272,4,1449,46,5,40
2083,116,3,273,6,1455,101,9,60
2084,116,3,274,8,1463,158,11,80
2085,116,3,275,7,1470,215,22,70
2086,116,3,276,2,1472,206,19,20
2087,116,3,277,7,1479,267,267,70
2088,116,3,278,3,1482,31,31,30
2089,116,3,279,5,1487,44,4,50
2090,116,3,280,6,1493,97,97,60
2091,116,3,281,9,1502,93,9,90
2092,116,3,282,2,1504,97,97,20
2093,116,3,283,6,1510,54,4,60
2094,116,3,284,4,1514,84,84,40
2095,116,3,285,8,1522,87,11,80
2096,116,3,286,8,1530,144,144,80
2097,116,3,287,3,1533,30,3,30
2098,116,3,288,9,1542,129,15,90
2099,116,3,289,2,1544,139,139,20
2100,116,3,290,2,1546,20,4,20
2101,116,3,291,8,1554,92,8,80
2102,116,3,292,4,1558,128,128,40
2103,116,3,293,8,1566,101,13,80
2104,116,3,294,9,1575,194,20,90
2105,116,3,295,2,1577,197,197,20
2106,116,3,296,7,1584,72,5,70
2107,116,3,297,3,1587,97,9,30
2108,116,3,298,5,1592,136,20,50
2109,116,3,299,5,1597,158,158,50
2110,116,3,300,4,1601,49,3,40
2111,116,3,301,2,1603,74,74,20
2112,116,3,302,6,1609,51,51,60
2113,116,3,303,7,1616,80,80,70
2114,116,3,304,5,1621,40,2,50
2115,116,3,305,9,1630,129,15,90
2116,116,3,306,3,1633,146,13,30
2117,116,3,307,5,1638,181,181,50
2118,116,3,308,3,1641,35,3,30
2119,116,3,309,9,1650,129,129,90
2120,116,3,310,4,1654,40,40,40
2121,116,3,311,8,1662,79,6,80
2122,116,3,312,3,1665,112,13,30
2123,116,3,313,2,1667,121,121,20
2124,116,3,314,9,1676,86,9,90
2125,116,3,315,6,1682,135,135,60
2126,116,3,316,2,1684,22,3,20
2127,116,3,317,8,1692,118,13,80
2128,116,3,318,3,1695,137,8,30
2129,116,3,319,3,1698,149,149,30
2130,116,3,320,5,1703,52,2,50
2131,116,3,321,6,1709,92,92,60
2132,116,3,322,3,1712,30,30,30
2133,116,3,323,3,1715,27,1,30
2134,116,3,324,8,1723,111,111,80
2135,116,3,325,3,1726,36,1,30
2136,116,3,326,9,1735,119,17,90
2137,116,3,327,2,1737,131,12,20
2138,116,3,328,8,1745,207,207,80
2139,116,3,329,9,1754,103,7,90
2140,116,3,330,5,1759,141,18,50
2141,116,3,331,6,1765,178,178,60
2142,116,3,332,3,1768,29,4,30
2143,116,3,333,5,1773,54,54,50
2144,116,3,334,3,1776,22,1,30
2145,116,3,335,5,1781,76,76,50
2146,116,3,336,4,1785,48,6,40
2147,116,3,337,3,1788,63,63,30
2148,116,3,338,5,1793,41,2,50
2149,116,3,339,8,1801,127,10,80
2150,116,3,340,9,1810,203,203,90
2151,116,3,341,5,1815,43,43,50
2152,116,3,342,2,1817,18,2,20
2153,116,3,343,9,1826,114,114,90
2154,116,3,344,9,1835,91,91,90
2155,116,3,345,6,1841,73,5,60
2156,116,3,346,4,1845,109,7,40
2157,116,3,347,3,1848,128,10,30
2158,116,3,348,6,1854,188,22,60
2159,116,3,349,6,1860,233,21,60
2160,116,3,350,6,1866,275,25,60
2161,116,3,351,8,1874,335,40,80
2162,116,3,352,8,1882,380,34,80
2163,116,3,353,8,1890,428,38,80
2164,116,3,354,8,1898,469,469,80
2165,116,3,355,8,1906,79,6,80
2166,116,3,356,7,1913,129,10,70
2167,116,3,357,8,1921,198,198,80
2168,116,3,358,2,1923,21,1,20
2169,116,3,359,8,1931,111,6,80
2170,116,3,360,3,1934,133,133,30
2171,116,3,361,4,1938,30,30,40
2172,116,3,362,8,1946,86,5,80
2173,116,3,363,3,1949,109,109,30
2174,116,3,364,8,1957,110,110,80
2175,116,3,365,7,1964,49,49,70
2176,116,3,366,7,1971,76,11,70
2177,116,3,367,6,1977,103,103,60
2178,116,3,368,3,1980,38,38,30
2179,116,3,369,7,1987,50,5,70
2180,116,3,370,7,1994,110,6,70
2181,116,3,371,4,1998,145,18,40
2182,116,3,372,3,2001,164,17,30
2183,116,3,373,3,2004,172,172,30
2184,116,3,374,9,2013,90,7,90
2185,116,3,375,2,2015,101,8,20
2186,116,3,376,7,2022,161,15,70
2187,116,3,377,7,2029,212,20,70
2188,116,3,378,3,2032,231,231,30
2189,116,3,379,3,2035,27,2,30
2190,116,3,380,6,2041,76,76,60
2191,116,3,381,4,2045,32,0,40
2192,116,3,382,9,2054,115,115,90
2193,116,3,383,4,2058,42,42,40
2194,116,3,384,7,2065,53,5,70
2195,116,3,385,8,2073,123,123,80
2196,116,3,386,2,2075,25,1,20
2197,116,3,387,6,2081,101,12,60
2198,116,3,388,4,2085,131,131,40
2199,116,3,389,9,2094,102,102,90
2200,116,3,390,8,2102,75,75,80
2201,116,3,391,4,2106,30,3,40
2202,116,3,392,4,2110,70,70,40
2203,116,3,393,3,2113,35,4,30
2204,116,3,394,5,2118,82,6,50
2205,116,3,395,3,2121,97,7,30
2206,116,3,396,2,2123,111,13,20
2207,116,3,397,6,2129,163,15,60
2208,116,3,398,7,2136,215,215,70
2209,116,3,399,5,2141,46,46,50
2210,116,3,400,9,2150,108,108,90
2211,116,3,401,3,2153,21,0,30
2212,116,3,402,6,2159,87,6,60
2213,116,3,403,9,2168,178,178,90
2214,116,3,404,8,2176,71,11,80
2215,116,3,405,8,2184,141,141,80
2216,116,3,406,2,2186,19,3,20
2217,116,3,407,4,2190,60,7,40
2218,116,3,408,4,2194,89,89,40
2219,116,3,409,4,2198,53,53,40
2220,116,3,410,7,2205,79,79,70
2221,116,3,411,2,2207,22,22,20
2222,116,3,412,4,2211,37,0,40
2223,116,3,413,8,2219,124,124,80
2224,116,3,414,4,2223,44,44,40
2225,116,3,415,3,2226,26,3,30
2226,116,3,416,5,2231,78,7,50
2227,116,3,417,4,2235,116,13,40
2228,116,3,418,7,2242,172,14,70
2229,116,3,419,3,2245,194,21,30
2230,116,3,420,6,2251,217,20,60
2231,116,3,421,3,2254,229,229,30
2232,116,3,422,7,2261,58,12,70
2233,116,3,423,3,2264,73,73,30
2234,116,3,424,2,2266,24,2,20
2235,116,3,425,5,2271,66,4,50
2236,116,3,426,5,2276,100,8,50
2237,116,3,427,6,2282,156,15,60
2238,116,3,428,3,2285,180,14,30
2239,116,3,429,8,2293,238,16,80
2240,116,3,430,4,2297,270,24,40
2241,116,3,431,8,2305,325,26,80
2242,116,3,432,5,2310,352,40,50
2243,116,3,433,4,2314,355,40,40
2244,116,3,434,7,2321,408,408,70
2245,116,3,435,4,2325,34,34,40
2246,116,3,436,7,2332,75,6,70
2247,116,3,437,5,2337,117,117,50
2248,116,3,438,6,2343,56,56,60
2249,116,3,439,9,2352,94,8,90
2250,116,3,440,2,2354,102,19,20
2251,116,3,441,4,2358,115,14,40
2252,116,3,442,4,2362,140,14,40
2253,116,3,443,8,2370,227,227,80
2254,116,3,444,6,2376,74,6,60
2255,116,3,445,3,2379,93,10,30
2256,116,3,446,2,2381,101,101,20
2257,116,3,447,8,2389,74,5,80
2258,116,3,448,3,2392,95,11,30
2259,116,3,449,8,2400,170,16,80
2260,116,3,450,6,2406,209,17,60
2261,116,3,451,7,2413,264,264,70
2262,116,3,452,6,2419,55,3,60
2263,116,3,453,4,2423,99,6,40
2264,116,3,454,7,2430,169,10,70
2265,116,3,455,6,2436,221,24,60
2266,116,3,456,4,2440,235,24,40
2267,116,3,457,4,2444,252,252,40
2268,116,3,458,8,2452,85,9,80
2269,116,3,459,8,2460,143,15,80
2270,116,3,460,5,2465,178,17,50
2271,116,3,461,5,2470,209,209,50
2272,116,3,462,4,2474,32,6,40
2273,116,3,463,6,2480,74,11,60
2274,116,3,464,3,2483,99,6,30
2275,116,3,465,8,2491,181,23,80
2276,116,3,466,3,2494,192,192,30
2277,116,3,467,9,2503,95,95,90
2278,116,3,468,3,2506,25,25,30
2279,116,3,469,5,2511,48,48,50
2280,116,3,470,5,2516,51,4,50
2281,116,3,471,6,2522,103,11,60
2282,116,3,472,6,2528,146,146,60
2283,116,3,473,8,2536,92,92,80
2284,116,3,474,8,2544,66,4,80
2285,116,3,475,3,2547,96,14,30
2286,116,3,476,7,2554,142,142,70
2287,116,3,477,4,2558,38,2,40
2288,116,3,478,9,2567,126,14,90
2289,116,3,479,3,2570,137,13,30
2290,116,3,480,2,2572,142,142,20
2291,116,3,481,3,2575,34,34,30
2292,116,3,482,9,2584,83,8,90
2293,116,3,483,8,2592,155,8,80
2294,116,3,484,7,2599,224,27,70
2295,116,3,485,9,2608,292,292,90
2296,116,3,486,3,2611,26,2,30
2297,116,3,487,3,2614,60,60,30
2298,116,3,488,4,2618,33,4,40
2299,116,3,489,3,2621,58,6,30
2300,116,3,490,4,2625,105,8,40
2301,116,3,491,7,2632,164,16,70
2302,116,3,492,6,2638,209,17,60
2303,116,3,493,8,2646,264,264,80
2304,116,3,494,4,2650,35,3,40
2305,116,3,495,9,2659,121,11,90
2306,116,3,496,3,2662,143,143,30
2307,116,3,497,3,2665,36,36,30
2308,116,3,498,9,2674,93,8,90
2309,116,3,499,9,2683,188,15,90
2310,116,3,500,5,2688,233,22,50
2311,116,3,501,8,2696,284,284,80
2312,116,3,502,4,2700,33,33,40
2313,116,3,503,8,2708,76,76,80
2314,116,3,504,8,2716,89,89,80
2315,116,3,505,3,2719,29,29,30
2316,116,3,506,3,2722,27,27,30
2317,116,3,507,5,2727,43,8,50
2318,116,3,508,9,2736,115,8,90
2319,116,3,509,3,2739,140,15,30
2320,116,3,510,8,2747,221,22,80
2321,116,3,511,9,2756,298,298,90
2322,116,3,512,3,2759,21,1,30
2323,116,3,513,2,2761,41,1,20
2324,116,3,514,3,2764,73,73,30
2325,116,3,515,8,2772,74,74,80
2326,116,3,516,8,2780,69,69,80
2327,116,3,517,3,2783,31,3,30
2328,116,3,518,5,2788,66,66,50
2329,116,3,519,9,2797,85,6,90
2330,116,3,520,3,2800,112,13,30
2331,116,3,521,7,2807,159,19,70
2332,116,3,522,9,2816,222,18,90
2333,116,3,523,2,2818,222,13,20
2334,116,3,524,3,2821,237,20,30
2335,116,3,525,8,2829,294,44,80
2336,116,3,526,5,2834,300,30,50
2337,116,3,527,3,2837,298,298,30
2338,116,3,528,9,2846,93,93,90
2339,116,3,529,6,2852,47,47,60
2340,116,3,530,6,2858,69,10,60
2341,116,3,531,7,2865,128,10,70
2342,116,3,532,6,2871,168,17,60
2343,116,3,533,5,2876,209,22,50
2344,116,3,534,8,2884,264,35,80
2345,116,3,535,8,2892,298,31,80
2346,116,3,536,4,2896,301,38,40
2347,116,3,537,8,2904,342,32,80
2348,116,3,538,6,2910,365,365,60
2349,116,3,539,8,2918,74,74,80
2350,116,3,540,6,2924,49,10,60
2351,116,3,541,2,2926,59,7,20
2352,116,3,542,5,2931,103,9,50
2353,116,3,543,7,2938,168,20,70
2354,116,3,544,8,2946,246,26,80
2355,116,3,545,2,2948,245,245,20
2356,116,3,546,5,2953,50,7,50
2357,116,3,547,5,2958,80,80,50
2358,116,3,548,6,2964,51,7,60
2359,116,3,549,7,2971,105,105,70
2360,116,3,550,3,2974,31,6,30
2361,116,3,551,7,2981,86,86,70
2362,116,3,552,3,2984,30,2,30
2363,116,3,553,4,2988,64,5,40
2364,116,3,554,2,2990,85,85,20
2365,116,3,555,9,2999,95,95,90
2366,116,3,556,5,3004,42,7,50
2367,116,3,557,9,3013,129,12,90
2368,116,3,558,9,3022,201,24,90
2369,116,3,559,2,3024,195,11,20
2370,116,3,560,4,3028,227,227,40
2371,116,3,561,5,3033,45,2,50
2372,116,3,562,6,3039,98,10,60
2373,116,3,563,8,3047,178,24,80
2374,116,3,564,7,3054,227,26,70
2375,116,3,565,9,3063,285,32,90
2376,116,3,566,6,3069,294,24,60
2377,116,3,567,9,3078,357,36,90
2378,116,3,568,8,3086,415,49,80
2379,116,3,569,3,3089,406,41,30
2380,116,3,570,8,3097,450,450,80
2381,116,3,571,3,3100,33,3,30
2382,116,3,572,4,3104,71,71,40
2383,116,3,573,7,3111,67,3,70
2384,116,3,574,5,3116,111,14,50
2385,116,3,575,9,3125,174,174,90
2386,116,3,576,2,3127,26,2,20
2387,116,3,577,4,3131,68,68,40
2388,116,3,578,3,3134,28,3,30
2389,116,3,579,2,3136,46,3,20
2390,116,3,580,8,3144,123,16,80
2391,116,3,581,2,3146,131,131,20
2392,116,3,582,9,3155,99,8,90
2393,116,3,583,2,3157,110,13,20
2394,116,3,584,8,3165,171,25,80
2395,116,3,585,7,3172,209,18,70
2396,116,3,586,2,3174,212,212,20
2397,116,3,587,7,3181,64,4,70
2398,116,3,588,9,3190,152,152,90
2399,116,3,589,5,3195,47,7,50
2400,116,3,590,6,3201,102,11,60
2401,116,3,591,2,3203,115,9,20
2402,116,3,592,8,3211,190,27,80
2403,116,3,593,8,3219,237,237,80
2404,116,3,594,2,3221,22,1,20
2405,116,3,595,4,3225,63,7,40
2406,116,3,596,6,3231,132,14,60
2407,116,3,597,9,3240,232,25,90
2408,116,3,598,7,3247,282,24,70
2409,116,3,599,9,3256,357,357,90
2410,116,3,600,2,3258,29,29,20
2411,116,3,601,6,3264,57,8,60
2412,116,3,602,2,3266,74,74,20
2413,116,3,603,9,3275,85,85,90
2414,116,3,604,4,3279,40,7,40
2415,116,3,605,4,3283,75,75,40
2416,116,3,606,7,3290,65,6,70
2417,116,3,607,8,3298,128,16,80
2418,116,3,608,8,3306,184,19,80
2419,116,3,609,2,3308,185,15,20
2420,116,3,610,5,3313,230,34,50
2421,116,3,611,9,3322,295,37,90
2422,116,3,612,8,3330,328,328,80
2423,116,3,613,4,3334,48,4,40
2424,116,3,614,2,3336,68,68,20
2425,116,3,615,8,3344,73,73,80
2426,116,3,616,7,3351,63,4,70
2427,116,3,617,4,3355,94,8,40
2428,116,3,618,5,3360,151,151,50
2429,116,3,619,4,3364,46,4,40
2430,116,3,620,4,3368,65,4,40
2431,116,3,621,8,3376,134,13,80
2432,116,3,622,6,3382,171,17,60
2433,116,3,623,2,3384,174,174,20
2434,116,3,624,4,3388,41,5,40
2435,116,3,625,4,3392,78,6,40
2436,116,3,626,6,3398,131,12,60
2437,116,3,627,8,3406,195,17,80
2438,116,3,628,8,3414,249,249,80
2439,116,3,629,6,3420,52,52,60
2440,116,3,630,4,3424,48,48,40
2441,116,3,631,5,3429,47,2,50
2442,116,3,632,3,3432,80,10,30
2443,116,3,633,3,3435,100,100,30
2444,116,3,634,3,3438,33,3,30
2445,116,3,635,8,3446,110,110,80
2446,116,3,636,3,3449,39,2,30
2447,116,3,637,5,3454,81,11,50
2448,116,3,638,5,3459,124,124,50
2449,116,3,639,5,3464,61,61,50
2450,116,3,640,7,3471,63,7,70
2451,116,3,641,9,3480,148,17,90
2452,116,3,642,9,3489,213,22,90
2453,116,3,643,5,3494,244,28,50
2454,116,3,644,9,3503,310,310,90
2455,116,3,645,8,3511,73,5,80
2456,116,3,646,8,3519,154,23,80
2457,116,3,647,5,3524,177,18,50
2458,116,3,648,6,3530,220,15,60
2459,116,3,649,6,3536,270,29,60
2460,116,3,650,6,3542,306,306,60
2461,116,3,651,2,3544,25,25,20
2462,116,3,652,4,3548,35,35,40
2463,116,3,653,2,3550,18,2,20
2464,116,3,654,8,3558,97,97,80
2465,116,3,655,9,3567,98,10,90
2466,116,3,656,7,3574,158,158,70
2467,116,3,657,2,3576,22,0,20
2468,116,3,658,4,3580,65,65,40
2469,116,3,659,6,3586,58,8,60
2470,116,3,660,3,3589,83,11,30
2471,116,3,661,7,3596,142,14,70
2472,116,3,662,4,3600,181,181,40
2473,116,3,663,9,3609,90,90,90
2474,116,3,664,8,3617,89,89,80
2475,116,3,665,5,3622,56,8,50
2476,116,3,666,8,3630,145,13,80
2477,116,3,667,2,3632,151,151,20
2478,116,3,668,5,3637,43,43,50
2479,116,3,669,7,3644,73,8,70
2480,116,3,670,6,3650,119,10,60
2481,116,3,671,5,3655,167,18,50
2482,116,3,672,5,3660,199,20,50
2483,116,3,673,6,3666,237,11,60
2484,116,3,674,7,3673,306,39,70
2485,116,3,675,7,3680,323,23,70
2486,116,3,676,6,3686,360,42,60
2487,116,3,677,3,3689,349,38,30
2488,116,3,678,4,3693,347,34,40
2489,116,3,679,4,3697,351,351,40
2490,116,3,680,8,3705,72,72,80
2491,116,3,681,9,3714,83,11,90
2492,116,3,682,4,3718,105,8,40
2493,116,3,683,9,3727,189,23,90
2494,116,3,684,3,3730,194,194,30
2495,116,3,685,6,3736,63,7,60
2496,116,3,686,2,3738,74,5,20
2497,116,3,687,8,3746,127,14,80
2498,116,3,688,4,3750,155,155,40
2499,116,3,689,5,3755,41,5,50
2500,116,3,690,5,3760,84,6,50
2501,116,3,691,3,3763,109,14,30
2502,116,3,692,6,3769,153,16,60
2503,116,3,693,8,3777,216,17,80
2504,116,3,694,3,3780,217,217,30
2505,116,3,695,2,3782,18,2,20
2506,116,3,696,8,3790,101,101,80
2507,116,3,697,8,3798,76,76,80
2508,116,3,698,5,3803,58,58,50
2509,116,3,699,5,3808,49,3,50
2510,116,3,700,5,3813,96,13,50
2511,116,3,701,6,3819,145,145,60
2512,116,3,702,2,3821,18,0,20
2513,116,3,703,4,3825,55,8,40
2514,116,3,704,2,3827,63,6,20
2515,116,3,705,3,3830,85,85,30
2516,116,3,706,5,3835,50,2,50
2517,116,3,707,8,3843,135,135,80
2518,116,3,708,3,3846,24,2,30
2519,116,3,709,8,3854,95,95,80
2520,116,3,710,2,3856,21,21,20
2521,116,3,711,4,3860,34,4,40
2522,116,3,712,5,3865,74,4,50
2523,116,3,713,6,3871,134,134,60
2524,116,3,714,4,3875,46,7,40
2525,116,3,715,9,3884,132,132,90
2526,116,3,716,6,3890,80,6,60
2527,116,3,717,2,3892,99,7,20
2528,116,3,718,4,3896,136,9,40
2529,116,3,719,6,3902,185,185,60
2530,116,3,720,5,3907,48,48,50
2531,116,3,721,3,3910,39,39,30
2532,116,3,722,6,3916,63,6,60
2533,116,3,723,2,3918,76,18,20
2534,116,3,724,3,3921,96,18,30
2535,116,3,725,9,3930,165,165,90
2536,116,3,726,9,3939,99,7,90
2537,116,3,727,7,3946,158,158,70
2538,116,3,728,6,3952,50,6,60
2539,116,3,729,8,3960,127,11,80
2540,116,3,730,6,3966,179,14,60
2541,116,3,731,6,3972,218,218,60
2542,116,3,732,2,3974,24,1,20
2543,116,3,733,2,3976,42,3,20
2544,116,3,734,6,3982,101,6,60
2545,116,3,735,6,3988,156,156,60
2546,116,3,736,2,3990,13,2,20
2547,116,3,737,6,3996,81,10,60
2548,116,3,738,9,4005,161,16,90
2549,116,3,739,2,4007,170,170,20
2550,116,3,740,8,4015,81,4,80
2551,116,3,741,4,4019,109,109,40
2552,116,3,742,6,4025,61,4,60
2553,116,3,743,6,4031,115,115,60
2554,116,3,744,3,4034,28,2,30
2555,116,3,745,6,4040,98,98,60
2556,116,3,746,6,4046,47,5,60
2557,116,3,747,2,4048,63,63,20
2558,116,3,748,2,4050,19,19,20
2559,116,3,749,4,4054,38,4,40
2560,116,3,750,2,4056,51,4,20
2561,116,3,751,4,4060,83,9,40
2562,116,3,752,4,4064,123,8,40
2563,116,3,753,8,4072,195,16,80
2564,116,3,754,6,4078,226,22,60
2565,116,3,755,4,4082,236,16,40
2566,116,3,756,5,4087,263,263,50
2567,116,3,757,6,4093,73,6,60
2568,116,3,758,3,4096,90,11,30
2569,116,3,759,7,4103,149,10,70
2570,116,3,760,8,4111,213,24,80
2571,116,3,761,4,4115,230,31,40
2572,116,3,762,3,4118,229,22,30
2573,116,3,763,7,4125,270,29,70
2574,116,3,764,6,4131,298,34,60
2575,116,3,765,9,4140,352,352,90
2576,116,3,766,8,4148,83,11,80
2577,116,3,767,6,4154,128,13,60
2578,116,3,768,8,4162,208,19,80
2579,116,3,769,6,4168,247,247,60
2580,116,3,770,6,4174,62,8,60
2581,116,3,771,9,4183,128,9,90
2582,116,3,772,5,4188,169,17,50
2583,116,3,773,5,4193,210,210,50
2584,116,3,774,4,4197,34,34,40
2585,116,3,775,2,4199,18,2,20
2586,116,3,776,5,4204,64,64,50
2587,116,3,777,7,4211,81,8,70
2588,116,3,778,2,4213,97,97,20
2589,116,3,779,2,4215,26,3,20
2590,116,3,780,7,4222,104,8,70
2591,116,3,781,5,4227,141,141,50
2592,116,3,782,2,4229,26,3,20
2593,116,3,783,2,4231,41,5,20
2594,116,3,784,3,4234,60,6,30
2595,116,3,785,9,4243,151,17,90
2596,116,3,786,6,4249,183,18,60
2597,116,3,787,7,4256,226,226,70
2598,116,3,788,7,4263,64,64,70
2599,116,3,789,8,4271,75,5,80
2600,116,3,790,8,4279,152,152,80
2601,116,3,791,7,4286,79,7,70
2602,116,3,792,8,4294,156,156,80
2603,116,3,793,4,4298,45,4,40
2604,116,3,794,2,4300,56,3,20
2605,116,3,795,6,4306,111,111,60
2606,116,3,796,6,4312,58,8,60
2607,116,3,797,3,4315,77,5,30
2608,116,3,798,9,4324,159,159,90
2609,116,3,799,2,4326,22,3,20
2610,116,3,800,5,4331,70,70,50
2611,116,3,801,5,4336,63,63,50
2612,116,3,802,8,4344,79,4,80
2613,116,3,803,5,4349,119,16,50
2614,116,3,804,9,4358,193,13,90
2615,116,3,805,5,4363,234,234,50
2616,116,3,806,2,4365,31,31,20
2617,116,3,807,4,4369,44,3,40
2618,116,3,808,9,4378,137,15,90
2619,116,3,809,8,4386,200,23,80
2620,116,3,810,3,4389,202,202,30
2621,116,3,811,8,4397,91,9,80
2622,116,3,812,2,4399,97,12,20
2623,116,3,813,5,4404,131,13,50
2624,116,3,814,6,4410,176,13,60
2625,116,3,815,2,4412,180,180,20
2626,116,3,816,6,4418,57,5,60
2627,116,3,817,3,4421,81,8,30
2628,116,3,818,7,4428,135,9,70
2629,116,3,819,7,4435,176,176,70
2630,116,3,820,5,4440,56,4,50
2631,116,3,821,4,4444,95,95,40
2632,116,3,822,2,4446,26,5,20
2633,116,3,823,4,4450,56,56,40
2634,116,3,824,6,4456,57,57,60
2635,116,3,825,4,4460,40,40,40
2636,116,3,826,2,4462,24,0,20
2637,116,3,827,5,4467,77,11,50
2638,116,3,828,3,4470,99,16,30
2639,116,3,829,2,4472,98,98,20
2640,116,3,830,3,4475,30,30,30
2641,116,3,831,4,4479,42,4,40
2642,116,3,832,4,4483,74,74,40
2643,116,3,833,5,4488,68,6,50
2644,116,3,834,8,4496,140,140,80
2645,116,3,835,9,4505,97,8,90
2646,116,3,836,8,4513,183,14,80
2647,116,3,837,3,4516,192,192,30
2648,116,3,838,6,4522,69,69,60
2649,116,3,839,2,4524,19,1,20
2650,116,3,840,5,4529,63,9,50
2651,116,3,841,3,4532,78,78,30
2652,116,3,842,3,4535,33,33,30
2653,116,3,843,7,4542,85,4,70
2654,116,3,844,2,4544,109,109,20
2655,116,3,845,4,4548,29,29,40
2656,116,3,846,5,4553,58,5,50
2657,116,3,847,9,4562,160,17,90
2658,116,3,848,8,4570,222,24,80
2659,116,3,849,5,4575,248,248,50
2660,116,3,850,6,4581,47,5,60
2661,116,3,851,5,4586,91,91,50
2662,116,3,852,4,4590,44,5,40
2663,116,3,853,6,4596,106,9,60
2664,116,3,854,5,4601,145,19,50
2665,116,3,855,4,4605,169,15,40
2666,116,3,856,2,4607,177,177,20
2667,116,3,857,3,4610,34,34,30
2668,116,3,858,8,4618,80,10,80
2669,116,3,859,8,4626,154,19,80
2670,116,3,860,5,4631,194,15,50
2671,116,3,861,4,4635,215,19,40
2672,116,3,862,6,4641,254,28,60
2673,116,3,863,2,4643,244,244,20
2674,116,3,864,5,4648,52,11,50
2675,116,3,865,8,4656,106,10,80
2676,116,3,866,3,4659,118,12,30
2677,116,3,867,3,4662,138,138,30
2678,116,3,868,5,4667,48,6,50
2679,116,3,869,2,4669,62,62,20
2680,116,3,870,7,4676,80,80,70
2681,116,3,871,8,4684,80,8,80
2682,116,3,872,2,4686,94,10,20
2683,116,3,873,9,4695,171,15,90
2684,116,3,874,3,4698,175,22,30
2685,116,3,875,7,4705,219,219,70
2686,116,3,876,4,4709,46,5,40
2687,116,3,877,9,4718,141,10,90
2688,116,3,878,2,4720,150,15,20
2689,116,3,879,6,4726,202,202,60
2690,116,3,880,2,4728,20,20,20
2691,116,3,881,2,4730,21,2,20
2692,116,3,882,7,4737,94,10,70
2693,116,3,883,9,4746,173,19,90
2694,116,3,884,9,4755,253,28,90
2695,116,3,885,2,4757,248,248,20
2696,116,3,886,2,4759,23,3,20
2697,116,3,887,9,4768,89,8,90
2698,116,3,888,6,4774,140,18,60
2699,116,3,889,6,4780,186,20,60
2700,116,3,890,3,4783,195,195,30
2701,116,3,891,3,4786,38,38,30
2702,116,3,892,8,4794,74,74,80
2703,116,3,893,7,4801,64,64,70
2704,116,3,894,8,4809,85,85,80
2705,116,3,895,8,4817,63,63,80
2706,116,3,896,8,4825,73,73,80
2707,116,3,897,9,4834,83,8,90
2708,116,3,898,2,4836,91,12,20
2709,116,3,899,4,4840,117,117,40
2710,116,3,900,6,4846,62,6,60
2711,116,3,901,4,4850,90,8,40
2712,116,3,902,8,4858,171,171,80
2713,116,3,903,7,4865,62,5,70
2714,116,3,904,9,4874,153,21,90
2715,116,3,905,6,4880,186,186,60
2716,116,3,906,5,4885,48,6,50
2717,116,3,907,5,4890,96,3,50
2718,116,3,908,4,4894,131,131,40
2719,116,3,909,2,4896,25,4,20
2720,116,3,910,2,4898,50,50,20
2721,116,3,911,9,4907,95,7,90
2722,116,3,912,8,4915,170,170,80
2723,116,3,913,6,4921,58,58,60
2724,116,3,914,4,4925,38,4,40
2725,116,3,915,9,4934,129,15,90
2726,116,3,916,9,4943,203,203,90
2727,116,3,917,3,4946,28,3,30
2728,116,3,918,8,4954,96,96,80
2729,116,3,919,5,4959,46,6,50
2730,116,3,920,7,4966,103,4,70
2731,116,3,921,4,4970,145,13,40
2732,116,3,922,2,4972,162,22,20
2733,116,3,923,2,4974,163,16,20
2734,116,3,924,7,4981,225,20,70
2735,116,3,925,9,4990,275,275,90
2736,116,3,926,9,4999,84,84,90
