,Scenario,Trial,Inspection,Interval,Time,Defects,Rate
0,104,1,1,6,6,29,60
1,104,1,2,8,14,57,80
2,104,1,3,3,17,36,30
3,104,1,4,5,22,1,50
4,104,1,5,7,29,1,70
5,104,1,6,6,35,93,60
6,104,1,7,2,37,1,20
7,104,1,8,2,39,1,20
8,104,1,9,6,45,1,60
9,104,1,10,6,51,134,60
10,104,1,11,6,57,103,60
11,104,1,12,5,62,84,50
12,104,1,13,4,66,1,40
13,104,1,14,6,72,88,60
14,104,1,15,6,78,86,60
15,104,1,16,8,86,72,80
16,104,1,17,8,94,90,80
17,104,1,18,2,96,47,20
18,104,1,19,4,100,45,40
19,104,1,20,7,107,1,70
20,104,1,21,3,110,79,30
21,104,1,22,8,118,1,80
22,104,1,23,4,122,90,40
23,104,1,24,2,124,1,20
24,104,1,25,5,129,1,50
25,104,1,26,7,136,94,70
26,104,1,27,8,144,87,80
27,104,1,28,9,153,107,90
28,104,1,29,8,161,78,80
29,104,1,30,8,169,86,80
30,104,1,31,5,174,76,50
31,104,1,32,8,182,71,80
32,104,1,33,8,190,78,80
33,104,1,34,8,198,84,80
34,104,1,35,3,201,1,30
35,104,1,36,8,209,84,80
36,104,1,37,3,212,63,30
37,104,1,38,9,221,1,90
38,104,1,39,6,227,93,60
39,104,1,40,7,234,1,70
40,104,1,41,7,241,118,70
41,104,1,42,7,248,1,70
42,104,1,43,3,251,127,30
43,104,1,44,5,256,88,50
44,104,1,45,5,261,85,50
45,104,1,46,2,263,45,20
46,104,1,47,2,265,1,20
47,104,1,48,4,269,62,40
48,104,1,49,3,272,1,30
49,104,1,50,5,277,66,50
50,104,1,51,7,284,58,70
51,104,1,52,9,293,75,90
52,104,1,53,6,299,68,60
53,104,1,54,7,306,1,70
54,104,1,55,8,314,106,80
55,104,1,56,2,316,72,20
56,104,1,57,6,322,1,60
57,104,1,58,3,325,72,30
58,104,1,59,3,328,1,30
59,104,1,60,5,333,1,50
60,104,1,61,3,336,87,30
61,104,1,62,6,342,1,60
62,104,1,63,7,349,90,70
63,104,1,64,8,357,98,80
64,104,1,65,3,360,57,30
65,104,1,66,8,368,1,80
66,104,1,67,5,373,92,50
67,104,1,68,9,382,1,90
68,104,1,69,2,384,92,20
69,104,1,70,3,387,76,30
70,104,1,71,8,395,1,80
71,104,1,72,6,401,122,60
72,104,1,73,6,407,73,60
73,104,1,74,8,415,1,80
74,104,1,75,9,424,120,90
75,104,1,76,7,431,92,70
76,104,1,77,3,434,73,30
77,104,1,78,8,442,1,80
78,104,1,79,7,449,116,70
79,104,1,80,7,456,93,70
80,104,1,81,8,464,94,80
81,104,1,82,2,466,52,20
82,104,1,83,3,469,1,30
83,104,1,84,3,472,64,30
84,104,1,85,9,481,75,90
85,104,1,86,5,486,61,50
86,104,1,87,6,492,1,60
87,104,1,88,4,496,83,40
88,104,1,89,5,501,83,50
89,104,1,90,3,504,1,30
90,104,1,91,8,512,85,80
91,104,1,92,5,517,60,50
92,104,1,93,6,523,74,60
93,104,1,94,9,532,93,90
94,104,1,95,6,538,67,60
95,104,1,96,7,545,82,70
96,104,1,97,8,553,85,80
97,104,1,98,2,555,55,20
98,104,1,99,9,564,1,90
99,104,1,100,8,572,1,80
100,104,1,101,8,580,1,80
101,104,1,102,8,588,169,80
102,104,1,103,4,592,99,40
103,104,1,104,3,595,75,30
104,104,1,105,5,600,1,50
105,104,1,106,4,604,79,40
106,104,1,107,3,607,63,30
107,104,1,108,3,610,51,30
108,104,1,109,3,613,32,30
109,104,1,110,9,622,60,90
110,104,1,111,3,625,48,30
111,104,1,112,7,632,55,70
112,104,1,113,3,635,1,30
113,104,1,114,7,642,72,70
114,104,1,115,4,646,64,40
115,104,1,116,8,654,1,80
116,104,1,117,7,661,90,70
117,104,1,118,6,667,1,60
118,104,1,119,4,671,118,40
119,104,1,120,3,674,1,30
120,104,1,121,2,676,96,20
121,104,1,122,8,684,1,80
122,104,1,123,6,690,93,60
123,104,1,124,6,696,1,60
124,104,1,125,2,698,89,20
125,104,1,126,6,704,83,60
126,104,1,127,7,711,1,70
127,104,1,128,3,714,1,30
128,104,1,129,7,721,126,70
129,104,1,130,4,725,98,40
130,104,1,131,3,728,69,30
131,104,1,132,3,731,45,30
132,104,1,133,4,735,39,40
133,104,1,134,6,741,47,60
134,104,1,135,9,750,1,90
135,104,1,136,6,756,96,60
136,104,1,137,6,762,90,60
137,104,1,138,4,766,51,40
138,104,1,139,7,773,70,70
139,104,1,140,9,782,1,90
140,104,1,141,4,786,91,40
141,104,1,142,8,794,87,80
142,104,1,143,9,803,105,90
143,104,1,144,9,812,86,90
144,104,1,145,9,821,89,90
145,104,1,146,8,829,76,80
146,104,1,147,5,834,76,50
147,104,1,148,7,841,1,70
148,104,1,149,4,845,67,40
149,104,1,150,4,849,61,40
150,104,1,151,3,852,1,30
151,104,1,152,3,855,1,30
152,104,1,153,6,861,1,60
153,104,1,154,6,867,108,60
154,104,1,155,9,876,119,90
155,104,1,156,2,878,68,20
156,104,1,157,9,887,85,90
157,104,1,158,9,896,84,90
158,104,1,159,5,901,81,50
159,104,1,160,6,907,68,60
160,104,1,161,3,910,52,30
161,104,1,162,5,915,1,50
162,104,1,163,6,921,86,60
163,104,1,164,3,924,1,30
164,104,1,165,6,930,1,60
165,104,1,166,3,933,1,30
166,104,1,167,5,938,1,50
167,104,1,168,4,942,1,40
168,104,1,169,2,944,148,20
169,104,1,170,7,951,1,70
170,104,1,171,5,956,144,50
171,104,1,172,2,958,1,20
172,104,1,173,9,967,133,90
173,104,1,174,8,975,1,80
174,104,1,175,5,980,1,50
175,104,1,176,9,989,179,90
176,104,1,177,5,994,1,50
177,104,1,178,4,998,1,40
178,104,1,179,9,1007,173,90
179,104,1,180,7,1014,126,70
180,104,1,181,8,1022,1,80
181,104,1,182,4,1026,113,40
182,104,1,183,6,1032,79,60
183,104,1,184,8,1040,1,80
184,104,1,185,8,1048,1,80
185,104,1,186,4,1052,144,40
186,104,1,187,2,1054,97,20
187,104,1,188,8,1062,85,80
188,104,1,189,7,1069,85,70
189,104,1,190,7,1076,74,70
190,104,1,191,8,1084,59,80
191,104,1,192,2,1086,48,20
192,104,1,193,3,1089,1,30
193,104,1,194,6,1095,83,60
194,104,1,195,7,1102,62,70
195,104,1,196,3,1105,59,30
196,104,1,197,2,1107,1,20
197,104,1,198,3,1110,66,30
198,104,1,199,2,1112,43,20
199,104,1,200,2,1114,35,20
200,104,1,201,8,1122,48,80
201,104,1,202,6,1128,1,60
202,104,1,203,7,1135,90,70
203,104,1,204,5,1140,1,50
204,104,1,205,8,1148,1,80
205,104,1,206,9,1157,136,90
206,104,1,207,5,1162,127,50
207,104,1,208,7,1169,75,70
208,104,1,209,8,1177,80,80
209,104,1,210,7,1184,1,70
210,104,1,211,9,1193,106,90
211,104,1,212,8,1201,101,80
212,104,1,213,9,1210,98,90
213,104,1,214,5,1215,87,50
214,104,1,215,9,1224,1,90
215,104,1,216,6,1230,1,60
216,104,1,217,9,1239,143,90
217,104,1,218,7,1246,1,70
218,104,1,219,5,1251,146,50
219,104,1,220,7,1258,1,70
220,104,1,221,8,1266,1,80
221,104,1,222,6,1272,187,60
222,104,1,223,8,1280,1,80
223,104,1,224,9,1289,195,90
224,104,1,225,2,1291,103,20
225,104,1,226,8,1299,90,80
226,104,1,227,4,1303,1,40
227,104,1,228,4,1307,89,40
228,104,1,229,4,1311,66,40
229,104,1,230,2,1313,52,20
230,104,1,231,7,1320,58,70
231,104,1,232,9,1329,1,90
232,104,1,233,6,1335,127,60
233,104,1,234,4,1339,68,40
234,104,1,235,7,1346,1,70
235,104,1,236,6,1352,103,60
236,104,1,237,9,1361,1,90
237,104,1,238,3,1364,1,30
238,104,1,239,2,1366,122,20
239,104,1,240,4,1370,1,40
240,104,1,241,4,1374,97,40
241,104,1,242,6,1380,65,60
242,104,1,243,7,1387,78,70
243,104,1,244,4,1391,1,40
244,104,1,245,3,1394,99,30
245,104,1,246,3,1397,58,30
246,104,1,247,3,1400,53,30
247,104,1,248,8,1408,60,80
248,104,1,249,9,1417,1,90
249,104,1,250,4,1421,1,40
250,104,1,251,8,1429,117,80
251,104,1,252,6,1435,85,60
252,104,1,253,7,1442,1,70
253,104,1,254,6,1448,113,60
254,104,1,255,7,1455,96,70
255,104,1,256,3,1458,62,30
256,104,1,257,5,1463,64,50
257,104,1,258,6,1469,62,60
258,104,1,259,2,1471,40,20
259,104,1,260,8,1479,62,80
260,104,1,261,4,1483,46,40
261,104,1,262,6,1489,50,60
262,104,1,263,6,1495,44,60
263,104,1,264,5,1500,64,50
264,104,1,265,7,1507,51,70
265,104,1,266,4,1511,54,40
266,104,1,267,5,1516,1,50
267,104,1,268,8,1524,97,80
268,104,1,269,6,1530,83,60
269,104,1,270,9,1539,86,90
270,104,1,271,4,1543,1,40
271,104,1,272,2,1545,74,20
272,104,1,273,6,1551,66,60
273,104,1,274,4,1555,69,40
274,104,1,275,2,1557,39,20
275,104,1,276,8,1565,56,80
276,104,1,277,4,1569,43,40
277,104,1,278,3,1572,40,30
278,104,1,279,5,1577,37,50
279,104,1,280,3,1580,1,30
280,104,1,281,4,1584,1,40
281,104,1,282,3,1587,65,30
282,104,1,283,7,1594,1,70
283,104,1,284,8,1602,125,80
284,104,1,285,7,1609,79,70
285,104,1,286,9,1618,1,90
286,104,1,287,4,1622,1,40
287,104,1,288,8,1630,147,80
288,104,1,289,2,1632,1,20
289,104,1,290,2,1634,91,20
290,104,1,291,2,1636,63,20
291,104,1,292,6,1642,66,60
292,104,1,293,4,1646,46,40
293,104,1,294,9,1655,70,90
294,104,1,295,7,1662,1,70
295,104,1,296,3,1665,1,30
296,104,1,297,6,1671,97,60
297,104,1,298,5,1676,67,50
298,104,1,299,3,1679,45,30
299,104,1,300,7,1686,61,70
300,104,1,301,7,1693,1,70
301,104,1,302,3,1696,72,30
302,104,1,303,2,1698,50,20
303,104,1,304,5,1703,48,50
304,104,1,305,5,1708,46,50
305,104,1,306,7,1715,49,70
306,104,1,307,4,1719,54,40
307,104,1,308,9,1728,71,90
308,104,1,309,2,1730,41,20
309,104,1,310,3,1733,38,30
310,104,1,311,7,1740,1,70
311,104,1,312,4,1744,70,40
312,104,1,313,4,1748,59,40
313,104,1,314,6,1754,1,60
314,104,1,315,8,1762,94,80
315,104,1,316,3,1765,62,30
316,104,1,317,5,1770,62,50
317,104,1,318,8,1778,81,80
318,104,1,319,9,1787,63,90
319,104,1,320,2,1789,46,20
320,104,1,321,8,1797,65,80
321,104,1,322,6,1803,62,60
322,104,1,323,5,1808,55,50
323,104,1,324,5,1813,1,50
324,104,1,325,3,1816,1,30
325,104,1,326,8,1824,110,80
326,104,1,327,6,1830,84,60
327,104,1,328,5,1835,1,50
328,104,1,329,9,1844,114,90
329,104,1,330,3,1847,75,30
330,104,1,331,6,1853,72,60
331,104,1,332,6,1859,74,60
332,104,1,333,4,1863,56,40
333,104,1,334,8,1871,1,80
334,104,1,335,9,1880,106,90
335,104,1,336,8,1888,1,80
336,104,1,337,6,1894,116,60
337,104,1,338,8,1902,91,80
338,104,1,339,6,1908,1,60
339,104,1,340,8,1916,108,80
340,104,1,341,7,1923,116,70
341,104,1,342,7,1930,92,70
342,104,1,343,6,1936,79,60
343,104,1,344,8,1944,71,80
344,104,1,345,9,1953,90,90
345,104,1,346,8,1961,1,80
346,104,1,347,5,1966,86,50
347,104,1,348,2,1968,1,20
348,104,1,349,9,1977,107,90
349,104,1,350,4,1981,88,40
350,104,1,351,4,1985,57,40
351,104,1,352,9,1994,1,90
352,104,1,353,9,2003,112,90
353,104,1,354,7,2010,75,70
354,104,1,355,5,2015,66,50
355,104,1,356,4,2019,46,40
356,104,1,357,2,2021,39,20
357,104,1,358,3,2024,48,30
358,104,1,359,8,2032,1,80
359,104,1,360,3,2035,66,30
360,104,1,361,3,2038,46,30
361,104,1,362,2,2040,44,20
362,104,1,363,8,2048,51,80
363,104,1,364,7,2055,69,70
364,104,1,365,2,2057,1,20
365,104,1,366,5,2062,69,50
366,104,1,367,3,2065,36,30
367,104,1,368,4,2069,40,40
368,104,1,369,4,2073,32,40
369,104,1,370,3,2076,38,30
370,104,1,371,2,2078,1,20
371,104,1,372,3,2081,43,30
372,104,1,373,7,2088,58,70
373,104,1,374,4,2092,40,40
374,104,1,375,4,2096,35,40
375,104,1,376,6,2102,53,60
376,104,1,377,5,2107,52,50
377,104,1,378,9,2116,66,90
378,104,1,379,8,2124,1,80
379,104,1,380,5,2129,75,50
380,104,1,381,7,2136,84,70
381,104,1,382,5,2141,1,50
382,104,1,383,5,2146,68,50
383,104,1,384,6,2152,1,60
384,104,1,385,7,2159,102,70
385,104,1,386,7,2166,76,70
386,104,1,387,5,2171,1,50
387,104,1,388,4,2175,83,40
388,104,1,389,8,2183,88,80
389,104,1,390,6,2189,1,60
390,104,1,391,9,2198,119,90
391,104,1,392,9,2207,109,90
392,104,1,393,3,2210,1,30
393,104,1,394,7,2217,105,70
394,104,1,395,7,2224,85,70
395,104,1,396,4,2228,1,40
396,104,1,397,3,2231,81,30
397,104,1,398,4,2235,55,40
398,104,1,399,7,2242,62,70
399,104,1,400,3,2245,1,30
400,104,1,401,4,2249,1,40
401,104,1,402,3,2252,72,30
402,104,1,403,2,2254,50,20
403,104,1,404,4,2258,50,40
404,104,1,405,2,2260,1,20
405,104,1,406,9,2269,84,90
406,104,1,407,7,2276,71,70
407,104,1,408,3,2279,41,30
408,104,1,409,3,2282,1,30
409,104,1,410,7,2289,79,70
410,104,1,411,4,2293,1,40
411,104,1,412,4,2297,77,40
412,104,1,413,6,2303,63,60
413,104,1,414,5,2308,66,50
414,104,1,415,3,2311,1,30
415,104,1,416,9,2320,83,90
416,104,1,417,2,2322,1,20
417,104,1,418,7,2329,96,70
418,104,1,419,5,2334,82,50
419,104,1,420,3,2337,1,30
420,104,1,421,8,2345,98,80
421,104,1,422,9,2354,1,90
422,104,1,423,5,2359,1,50
423,104,1,424,9,2368,134,90
424,104,1,425,5,2373,1,50
425,104,1,426,3,2376,1,30
426,104,1,427,5,2381,147,50
427,104,1,428,9,2390,1,90
428,104,1,429,2,2392,1,20
429,104,1,430,4,2396,1,40
430,104,1,431,5,2401,1,50
431,104,1,432,8,2409,1,80
432,104,1,433,6,2415,240,60
433,104,1,434,4,2419,1,40
434,104,1,435,7,2426,1,70
435,104,1,436,6,2432,1,60
436,104,1,437,6,2438,1,60
437,104,1,438,6,2444,264,60
438,104,1,439,2,2446,153,20
439,104,1,440,4,2450,1,40
440,104,1,441,4,2454,114,40
441,104,1,442,5,2459,82,50
442,104,1,443,8,2467,1,80
443,104,1,444,7,2474,109,70
444,104,1,445,6,2480,71,60
445,104,1,446,6,2486,88,60
446,104,1,447,9,2495,84,90
447,104,1,448,6,2501,72,60
448,104,1,449,7,2508,1,70
449,104,1,450,8,2516,95,80
450,104,1,451,9,2525,1,90
451,104,1,452,2,2527,95,20
452,104,1,453,7,2534,110,70
453,104,1,454,9,2543,1,90
454,104,1,455,6,2549,104,60
455,104,1,456,5,2554,1,50
456,104,1,457,9,2563,135,90
457,104,1,458,2,2565,1,20
458,104,1,459,6,2571,123,60
459,104,1,460,4,2575,88,40
460,104,1,461,8,2583,1,80
461,104,1,462,7,2590,1,70
462,104,1,463,3,2593,134,30
463,104,1,464,2,2595,80,20
464,104,1,465,3,2598,63,30
465,104,1,466,6,2604,45,60
466,104,1,467,8,2612,67,80
467,104,1,468,3,2615,1,30
468,104,1,469,3,2618,1,30
469,104,1,470,3,2621,1,30
470,104,1,471,3,2624,1,30
471,104,1,472,9,2633,1,90
472,104,1,473,5,2638,134,50
473,104,1,474,6,2644,1,60
474,104,1,475,6,2650,136,60
475,104,1,476,9,2659,103,90
476,104,1,477,4,2663,98,40
477,104,1,478,6,2669,73,60
478,104,1,479,2,2671,45,20
479,104,1,480,6,2677,43,60
480,104,1,481,5,2682,51,50
481,104,1,482,6,2688,69,60
482,104,1,483,4,2692,45,40
483,104,1,484,6,2698,59,60
484,104,1,485,7,2705,70,70
485,104,1,486,7,2712,68,70
486,104,1,487,5,2717,1,50
487,104,1,488,6,2723,1,60
488,104,1,489,9,2732,140,90
489,104,1,490,4,2736,1,40
490,104,1,491,2,2738,127,20
491,104,1,492,8,2746,76,80
492,104,1,493,5,2751,74,50
493,104,1,494,4,2755,1,40
494,104,1,495,6,2761,84,60
495,104,1,496,9,2770,69,90
496,104,1,497,3,2773,1,30
497,104,1,498,3,2776,1,30
498,104,1,499,3,2779,1,30
499,104,1,500,3,2782,107,30
500,104,1,501,2,2784,1,20
501,104,1,502,2,2786,70,20
502,104,1,503,9,2795,1,90
503,104,1,504,9,2804,1,90
504,104,1,505,7,2811,131,70
505,104,1,506,5,2816,124,50
506,104,1,507,8,2824,98,80
507,104,1,508,3,2827,67,30
508,104,1,509,5,2832,69,50
509,104,1,510,6,2838,54,60
510,104,1,511,2,2840,1,20
511,104,1,512,5,2845,74,50
512,104,1,513,5,2850,1,50
513,104,1,514,4,2854,1,40
514,104,1,515,2,2856,1,20
515,104,1,516,8,2864,112,80
516,104,1,517,4,2868,72,40
517,104,1,518,2,2870,52,20
518,104,1,519,2,2872,41,20
519,104,1,520,4,2876,48,40
520,104,1,521,9,2885,1,90
521,104,1,522,4,2889,84,40
522,104,1,523,7,2896,74,70
523,104,1,524,9,2905,69,90
524,104,1,525,6,2911,65,60
525,104,1,526,6,2917,81,60
526,104,1,527,6,2923,62,60
527,104,1,528,7,2930,1,70
528,104,1,529,4,2934,79,40
529,104,1,530,7,2941,76,70
530,104,1,531,3,2944,1,30
531,104,1,532,6,2950,95,60
532,104,1,533,8,2958,89,80
533,104,1,534,2,2960,61,20
534,104,1,535,5,2965,53,50
535,104,1,536,9,2974,1,90
536,104,1,537,4,2978,87,40
537,104,1,538,4,2982,58,40
538,104,1,539,7,2989,67,70
539,104,1,540,7,2996,74,70
540,104,1,541,8,3004,69,80
541,104,1,542,2,3006,29,20
542,104,1,543,6,3012,50,60
543,104,1,544,9,3021,1,90
544,104,1,545,2,3023,84,20
545,104,1,546,3,3026,61,30
546,104,1,547,2,3028,1,20
547,104,1,548,2,3030,1,20
548,104,1,549,2,3032,59,20
549,104,1,550,9,3041,1,90
550,104,1,551,9,3050,107,90
551,104,1,552,8,3058,94,80
552,104,1,553,2,3060,1,20
553,104,1,554,3,3063,76,30
554,104,1,555,2,3065,1,20
555,104,1,556,4,3069,1,40
556,104,1,557,6,3075,91,60
557,104,1,558,2,3077,1,20
558,104,1,559,3,3080,1,30
559,104,1,560,5,3085,95,50
560,104,1,561,8,3093,94,80
561,104,1,562,9,3102,1,90
562,104,1,563,3,3105,91,30
563,104,1,564,5,3110,77,50
564,104,1,565,3,3113,52,30
565,104,1,566,8,3121,1,80
566,104,1,567,3,3124,86,30
567,104,1,568,9,3133,72,90
568,104,1,569,2,3135,53,20
569,104,1,570,2,3137,49,20
570,104,1,571,8,3145,61,80
571,104,1,572,5,3150,59,50
572,104,1,573,6,3156,53,60
573,104,1,574,8,3164,1,80
574,104,1,575,9,3173,105,90
575,104,1,576,4,3177,73,40
576,104,1,577,6,3183,76,60
577,104,1,578,4,3187,1,40
578,104,1,579,4,3191,80,40
579,104,1,580,5,3196,54,50
580,104,1,581,5,3201,55,50
581,104,1,582,4,3205,44,40
582,104,1,583,3,3208,42,30
583,104,1,584,5,3213,46,50
584,104,1,585,9,3222,74,90
585,104,1,586,5,3227,64,50
586,104,1,587,6,3233,51,60
587,104,1,588,5,3238,1,50
588,104,1,589,6,3244,83,60
589,104,1,590,2,3246,1,20
590,104,1,591,5,3251,87,50
591,104,1,592,5,3256,1,50
592,104,1,593,6,3262,1,60
593,104,1,594,9,3271,126,90
594,104,1,595,5,3276,96,50
595,104,1,596,8,3284,87,80
596,104,1,597,9,3293,78,90
597,104,1,598,7,3300,1,70
598,104,1,599,9,3309,109,90
599,104,1,600,5,3314,84,50
600,104,1,601,3,3317,1,30
601,104,1,602,5,3322,81,50
602,104,1,603,9,3331,91,90
603,104,1,604,9,3340,92,90
604,104,1,605,9,3349,95,90
605,104,1,606,6,3355,74,60
606,104,1,607,9,3364,1,90
607,104,1,608,3,3367,1,30
608,104,1,609,5,3372,110,50
609,104,1,610,5,3377,81,50
610,104,1,611,7,3384,89,70
611,104,1,612,3,3387,55,30
612,104,1,613,8,3395,1,80
613,104,1,614,4,3399,88,40
614,104,1,615,9,3408,83,90
615,104,1,616,7,3415,1,70
616,104,1,617,7,3422,1,70
617,104,1,618,4,3426,144,40
618,104,1,619,7,3433,101,70
619,104,1,620,5,3438,81,50
620,104,1,621,4,3442,53,40
621,104,1,622,6,3448,60,60
622,104,1,623,2,3450,1,20
623,104,1,624,7,3457,1,70
624,104,1,625,2,3459,82,20
625,104,1,626,9,3468,95,90
626,104,1,627,8,3476,83,80
627,104,1,628,3,3479,66,30
628,104,1,629,3,3482,42,30
629,104,1,630,9,3491,65,90
630,104,1,631,4,3495,56,40
631,104,1,632,5,3500,1,50
632,104,1,633,5,3505,1,50
633,104,1,634,3,3508,1,30
634,104,1,635,4,3512,1,40
635,104,1,636,5,3517,112,50
636,104,1,637,7,3524,115,70
637,104,1,638,2,3526,1,20
638,104,1,639,8,3534,116,80
639,104,1,640,5,3539,75,50
640,104,1,641,2,3541,41,20
641,104,1,642,5,3546,41,50
642,104,1,643,2,3548,43,20
643,104,1,644,5,3553,1,50
644,104,1,645,8,3561,72,80
645,104,1,646,6,3567,78,60
646,104,1,647,9,3576,1,90
647,104,1,648,6,3582,1,60
648,104,1,649,3,3585,106,30
649,104,1,650,8,3593,102,80
650,104,1,651,3,3596,58,30
651,104,1,652,5,3601,62,50
652,104,1,653,4,3605,42,40
653,104,1,654,9,3614,70,90
654,104,1,655,8,3622,1,80
655,104,1,656,9,3631,122,90
656,104,1,657,7,3638,1,70
657,104,1,658,8,3646,125,80
658,104,1,659,9,3655,1,90
659,104,1,660,2,3657,1,20
660,104,1,661,8,3665,138,80
661,104,1,662,5,3670,94,50
662,104,1,663,6,3676,78,60
663,104,1,664,3,3679,58,30
664,104,1,665,4,3683,47,40
665,104,1,666,8,3691,62,80
666,104,1,667,6,3697,50,60
667,104,1,668,5,3702,53,50
668,104,1,669,5,3707,63,50
669,104,1,670,8,3715,57,80
670,104,1,671,6,3721,62,60
671,104,1,672,6,3727,62,60
672,104,1,673,9,3736,84,90
673,104,1,674,2,3738,47,20
674,104,1,675,3,3741,42,30
675,104,1,676,3,3744,37,30
676,104,1,677,4,3748,1,40
677,104,1,678,2,3750,46,20
678,104,1,679,4,3754,1,40
679,104,1,680,6,3760,78,60
680,104,1,681,6,3766,56,60
681,104,1,682,6,3772,62,60
682,104,1,683,3,3775,60,30
683,104,1,684,3,3778,44,30
684,104,1,685,6,3784,1,60
685,104,1,686,5,3789,68,50
686,104,1,687,6,3795,72,60
687,104,1,688,4,3799,51,40
688,104,1,689,6,3805,52,60
689,104,1,690,8,3813,1,80
690,104,1,691,8,3821,100,80
691,104,1,692,3,3824,69,30
692,104,1,693,9,3833,1,90
693,104,1,694,4,3837,1,40
694,104,1,695,9,3846,1,90
695,104,1,696,3,3849,149,30
696,104,1,697,5,3854,103,50
697,104,1,698,7,3861,99,70
698,104,1,699,4,3865,78,40
699,104,1,700,6,3871,1,60
700,104,1,701,7,3878,89,70
701,104,1,702,8,3886,1,80
702,104,1,703,5,3891,101,50
703,104,1,704,2,3893,87,20
704,104,1,705,7,3900,79,70
705,104,1,706,9,3909,89,90
706,104,1,707,4,3913,1,40
707,104,1,708,3,3916,67,30
708,104,1,709,8,3924,70,80
709,104,1,710,9,3933,1,90
710,104,1,711,6,3939,1,60
711,104,1,712,7,3946,150,70
712,104,1,713,2,3948,84,20
713,104,1,714,9,3957,1,90
714,104,1,715,9,3966,119,90
715,104,1,716,6,3972,1,60
716,104,1,717,8,3980,124,80
717,104,1,718,4,3984,92,40
718,104,1,719,5,3989,1,50
719,104,1,720,8,3997,83,80
720,104,1,721,6,4003,86,60
721,104,1,722,6,4009,1,60
722,104,1,723,2,4011,89,20
723,104,1,724,9,4020,84,90
724,104,1,725,9,4029,88,90
725,104,1,726,7,4036,72,70
726,104,1,727,7,4043,71,70
727,104,1,728,5,4048,63,50
728,104,1,729,6,4054,1,60
729,104,1,730,4,4058,85,40
730,104,1,731,9,4067,73,90
731,104,1,732,4,4071,68,40
732,104,1,733,6,4077,79,60
733,104,1,734,6,4083,1,60
734,104,1,735,9,4092,87,90
735,104,1,736,8,4100,1,80
736,104,1,737,2,4102,110,20
737,104,1,738,7,4109,90,70
738,104,1,739,6,4115,1,60
739,104,1,740,9,4124,111,90
740,104,1,741,4,4128,1,40
741,104,1,742,3,4131,90,30
742,104,1,743,4,4135,70,40
743,104,1,744,7,4142,1,70
744,104,1,745,7,4149,1,70
745,104,1,746,3,4152,1,30
746,104,1,747,9,4161,1,90
747,104,1,748,9,4170,206,90
748,104,1,749,9,4179,153,90
749,104,1,750,9,4188,1,90
750,104,1,751,7,4195,150,70
751,104,1,752,2,4197,1,20
752,104,1,753,9,4206,1,90
753,104,1,754,5,4211,1,50
754,104,1,755,8,4219,167,80
755,104,1,756,2,4221,103,20
756,104,1,757,3,4224,65,30
757,104,1,758,5,4229,74,50
758,104,1,759,4,4233,43,40
759,104,1,760,7,4240,66,70
760,104,1,761,3,4243,45,30
761,104,1,762,2,4245,25,20
762,104,1,763,4,4249,42,40
763,104,1,764,5,4254,47,50
764,104,1,765,9,4263,1,90
765,104,1,766,9,4272,114,90
766,104,1,767,5,4277,66,50
767,104,1,768,2,4279,59,20
768,104,1,769,7,4286,59,70
769,104,1,770,6,4292,52,60
770,104,1,771,9,4301,1,90
771,104,1,772,4,4305,88,40
772,104,1,773,4,4309,83,40
773,104,1,774,6,4315,1,60
774,104,1,775,8,4323,118,80
775,104,1,776,6,4329,1,60
776,104,1,777,4,4333,87,40
777,104,1,778,2,4335,69,20
778,104,1,779,8,4343,1,80
779,104,1,780,3,4346,79,30
780,104,1,781,8,4354,71,80
781,104,1,782,8,4362,85,80
782,104,1,783,3,4365,63,30
783,104,1,784,2,4367,35,20
784,104,1,785,5,4372,47,50
785,104,1,786,9,4381,58,90
786,104,1,787,9,4390,69,90
787,104,1,788,8,4398,1,80
788,104,1,789,5,4403,97,50
789,104,1,790,7,4410,73,70
790,104,1,791,6,4416,67,60
791,104,1,792,5,4421,74,50
792,104,1,793,2,4423,51,20
793,104,1,794,2,4425,1,20
794,104,1,795,7,4432,57,70
795,104,1,796,4,4436,1,40
796,104,1,797,7,4443,98,70
797,104,1,798,9,4452,77,90
798,104,1,799,4,4456,1,40
799,104,1,800,8,4464,120,80
800,104,1,801,3,4467,1,30
801,104,1,802,3,4470,1,30
802,104,1,803,9,4479,137,90
803,104,1,804,6,4485,100,60
804,104,1,805,5,4490,103,50
805,104,1,806,4,4494,1,40
806,104,1,807,8,4502,105,80
807,104,1,808,5,4507,67,50
808,104,1,809,6,4513,1,60
809,104,1,810,6,4519,89,60
810,104,1,811,5,4524,80,50
811,104,1,812,6,4530,1,60
812,104,1,813,2,4532,74,20
813,104,1,814,4,4536,1,40
814,104,1,815,6,4542,80,60
815,104,1,816,3,4545,72,30
816,104,1,817,7,4552,67,70
817,104,1,818,4,4556,53,40
818,104,1,819,6,4562,1,60
819,104,1,820,5,4567,73,50
820,104,1,821,5,4572,65,50
821,104,1,822,8,4580,52,80
822,104,1,823,7,4587,1,70
823,104,1,824,2,4589,87,20
824,104,1,825,8,4597,85,80
825,104,1,826,6,4603,82,60
826,104,1,827,8,4611,66,80
827,104,1,828,2,4613,48,20
828,104,1,829,2,4615,1,20
829,104,1,830,9,4624,1,90
830,104,1,831,9,4633,110,90
831,104,1,832,5,4638,86,50
832,104,1,833,2,4640,47,20
833,104,1,834,6,4646,1,60
834,104,1,835,8,4654,1,80
835,104,1,836,4,4658,111,40
836,104,1,837,9,4667,1,90
837,104,1,838,8,4675,139,80
838,104,1,839,9,4684,1,90
839,104,1,840,4,4688,1,40
840,104,1,841,7,4695,182,70
841,104,1,842,2,4697,1,20
842,104,1,843,2,4699,94,20
843,104,1,844,4,4703,1,40
844,104,1,845,8,4711,127,80
845,104,1,846,7,4718,81,70
846,104,1,847,3,4721,60,30
847,104,1,848,7,4728,77,70
848,104,1,849,8,4736,75,80
849,104,1,850,2,4738,52,20
850,104,1,851,4,4742,1,40
851,104,1,852,2,4744,43,20
852,104,1,853,6,4750,57,60
853,104,1,854,5,4755,45,50
854,104,1,855,7,4762,64,70
855,104,1,856,5,4767,54,50
856,104,1,857,6,4773,1,60
857,104,1,858,4,4777,79,40
858,104,1,859,7,4784,73,70
859,104,1,860,4,4788,61,40
860,104,1,861,5,4793,47,50
861,104,1,862,3,4796,55,30
862,104,1,863,8,4804,53,80
863,104,1,864,6,4810,63,60
864,104,1,865,8,4818,68,80
865,104,1,866,7,4825,72,70
866,104,1,867,2,4827,46,20
867,104,1,868,9,4836,71,90
868,104,1,869,8,4844,79,80
869,104,1,870,3,4847,49,30
870,104,1,871,4,4851,61,40
871,104,1,872,7,4858,1,70
872,104,1,873,6,4864,1,60
873,104,1,874,5,4869,1,50
874,104,1,875,6,4875,134,60
875,104,1,876,3,4878,85,30
876,104,1,877,3,4881,58,30
877,104,1,878,2,4883,40,20
878,104,1,879,2,4885,36,20
879,104,1,880,4,4889,33,40
880,104,1,881,3,4892,38,30
881,104,1,882,3,4895,32,30
882,104,1,883,9,4904,66,90
883,104,1,884,9,4913,70,90
884,104,1,885,2,4915,1,20
885,104,1,886,3,4918,69,30
886,104,1,887,6,4924,1,60
887,104,1,888,8,4932,94,80
888,104,1,889,7,4939,1,70
889,104,1,890,8,4947,121,80
890,104,1,891,2,4949,76,20
891,104,1,892,2,4951,69,20
892,104,1,893,5,4956,47,50
893,104,1,894,8,4964,1,80
894,104,1,895,8,4972,1,80
895,104,1,896,3,4975,1,30
896,104,1,897,9,4984,144,90
897,104,1,898,5,4989,1,50
898,104,1,899,4,4993,112,40
899,104,2,1,5,5,12,50
900,104,2,2,8,13,1,80
901,104,2,3,3,16,51,30
902,104,2,4,4,20,58,40
903,104,2,5,7,27,80,70
904,104,2,6,5,32,53,50
905,104,2,7,2,34,35,20
906,104,2,8,8,42,53,80
907,104,2,9,3,45,55,30
908,104,2,10,8,53,64,80
909,104,2,11,4,57,1,40
910,104,2,12,8,65,1,80
911,104,2,13,3,68,109,30
912,104,2,14,9,77,1,90
913,104,2,15,4,81,129,40
914,104,2,16,4,85,80,40
915,104,2,17,9,94,1,90
916,104,2,18,6,100,1,60
917,104,2,19,8,108,1,80
918,104,2,20,7,115,1,70
919,104,2,21,4,119,198,40
920,104,2,22,8,127,1,80
921,104,2,23,9,136,158,90
922,104,2,24,6,142,120,60
923,104,2,25,9,151,1,90
924,104,2,26,8,159,146,80
925,104,2,27,2,161,77,20
926,104,2,28,3,164,67,30
927,104,2,29,8,172,77,80
928,104,2,30,8,180,80,80
929,104,2,31,8,188,83,80
930,104,2,32,4,192,1,40
931,104,2,33,5,197,79,50
932,104,2,34,2,199,59,20
933,104,2,35,3,202,51,30
934,104,2,36,3,205,1,30
935,104,2,37,7,212,65,70
936,104,2,38,7,219,76,70
937,104,2,39,5,224,68,50
938,104,2,40,6,230,1,60
939,104,2,41,6,236,1,60
940,104,2,42,2,238,75,20
941,104,2,43,9,247,92,90
942,104,2,44,2,249,67,20
943,104,2,45,8,257,1,80
944,104,2,46,9,266,1,90
945,104,2,47,3,269,1,30
946,104,2,48,3,272,136,30
947,104,2,49,9,281,105,90
948,104,2,50,2,283,87,20
949,104,2,51,8,291,1,80
950,104,2,52,8,299,1,80
951,104,2,53,7,306,1,70
952,104,2,54,5,311,1,50
953,104,2,55,4,315,178,40
954,104,2,56,6,321,1,60
955,104,2,57,7,328,171,70
956,104,2,58,6,334,1,60
957,104,2,59,5,339,143,50
958,104,2,60,3,342,1,30
959,104,2,61,4,346,118,40
960,104,2,62,2,348,1,20
961,104,2,63,5,353,95,50
962,104,2,64,5,358,71,50
963,104,2,65,7,365,1,70
964,104,2,66,6,371,99,60
965,104,2,67,8,379,101,80
966,104,2,68,2,381,58,20
967,104,2,69,3,384,57,30
968,104,2,70,4,388,26,40
969,104,2,71,9,397,46,90
970,104,2,72,7,404,75,70
971,104,2,73,2,406,54,20
972,104,2,74,2,408,1,20
973,104,2,75,7,415,1,70
974,104,2,76,5,420,78,50
975,104,2,77,8,428,82,80
976,104,2,78,7,435,68,70
977,104,2,79,2,437,1,20
978,104,2,80,8,445,1,80
979,104,2,81,3,448,105,30
980,104,2,82,5,453,74,50
981,104,2,83,5,458,65,50
982,104,2,84,8,466,88,80
983,104,2,85,3,469,51,30
984,104,2,86,5,474,50,50
985,104,2,87,9,483,74,90
986,104,2,88,5,488,48,50
987,104,2,89,6,494,55,60
988,104,2,90,7,501,72,70
989,104,2,91,9,510,74,90
990,104,2,92,7,517,85,70
991,104,2,93,3,520,55,30
992,104,2,94,6,526,54,60
993,104,2,95,8,534,59,80
994,104,2,96,2,536,55,20
995,104,2,97,7,543,53,70
996,104,2,98,5,548,55,50
997,104,2,99,3,551,1,30
998,104,2,100,7,558,82,70
999,104,2,101,8,566,75,80
1000,104,2,102,6,572,55,60
1001,104,2,103,7,579,1,70
1002,104,2,104,9,588,1,90
1003,104,2,105,8,596,131,80
1004,104,2,106,9,605,117,90
1005,104,2,107,8,613,100,80
1006,104,2,108,7,620,1,70
1007,104,2,109,7,627,123,70
1008,104,2,110,8,635,103,80
1009,104,2,111,6,641,92,60
1010,104,2,112,8,649,1,80
1011,104,2,113,4,653,83,40
1012,104,2,114,4,657,73,40
1013,104,2,115,4,661,1,40
1014,104,2,116,4,665,88,40
1015,104,2,117,5,670,63,50
1016,104,2,118,2,672,43,20
1017,104,2,119,9,681,44,90
1018,104,2,120,4,685,1,40
1019,104,2,121,5,690,76,50
1020,104,2,122,5,695,66,50
1021,104,2,123,3,698,1,30
1022,104,2,124,3,701,1,30
1023,104,2,125,3,704,1,30
1024,104,2,126,2,706,1,20
1025,104,2,127,8,714,133,80
1026,104,2,128,9,723,1,90
1027,104,2,129,3,726,95,30
1028,104,2,130,3,729,1,30
1029,104,2,131,6,735,110,60
1030,104,2,132,5,740,79,50
1031,104,2,133,4,744,53,40
1032,104,2,134,5,749,48,50
1033,104,2,135,7,756,59,70
1034,104,2,136,8,764,71,80
1035,104,2,137,6,770,58,60
1036,104,2,138,2,772,55,20
1037,104,2,139,3,775,32,30
1038,104,2,140,7,782,54,70
1039,104,2,141,4,786,51,40
1040,104,2,142,9,795,54,90
1041,104,2,143,9,804,1,90
1042,104,2,144,4,808,104,40
1043,104,2,145,5,813,75,50
1044,104,2,146,2,815,57,20
1045,104,2,147,8,823,59,80
1046,104,2,148,6,829,67,60
1047,104,2,149,8,837,76,80
1048,104,2,150,7,844,1,70
1049,104,2,151,2,846,67,20
1050,104,2,152,5,851,1,50
1051,104,2,153,6,857,77,60
1052,104,2,154,4,861,66,40
1053,104,2,155,7,868,61,70
1054,104,2,156,7,875,65,70
1055,104,2,157,2,877,43,20
1056,104,2,158,5,882,1,50
1057,104,2,159,7,889,1,70
1058,104,2,160,8,897,121,80
1059,104,2,161,5,902,93,50
1060,104,2,162,3,905,1,30
1061,104,2,163,9,914,1,90
1062,104,2,164,9,923,1,90
1063,104,2,165,5,928,183,50
1064,104,2,166,9,937,139,90
1065,104,2,167,9,946,1,90
1066,104,2,168,2,948,117,20
1067,104,2,169,8,956,95,80
1068,104,2,170,3,959,67,30
1069,104,2,171,6,965,69,60
1070,104,2,172,3,968,54,30
1071,104,2,173,4,972,1,40
1072,104,2,174,8,980,1,80
1073,104,2,175,7,987,115,70
1074,104,2,176,3,990,80,30
1075,104,2,177,4,994,74,40
1076,104,2,178,9,1003,1,90
1077,104,2,179,5,1008,1,50
1078,104,2,180,8,1016,144,80
1079,104,2,181,7,1023,120,70
1080,104,2,182,3,1026,72,30
1081,104,2,183,5,1031,62,50
1082,104,2,184,5,1036,65,50
1083,104,2,185,8,1044,57,80
1084,104,2,186,6,1050,61,60
1085,104,2,187,5,1055,72,50
1086,104,2,188,6,1061,1,60
1087,104,2,189,9,1070,102,90
1088,104,2,190,7,1077,70,70
1089,104,2,191,2,1079,42,20
1090,104,2,192,6,1085,1,60
1091,104,2,193,3,1088,1,30
1092,104,2,194,7,1095,95,70
1093,104,2,195,7,1102,82,70
1094,104,2,196,3,1105,1,30
1095,104,2,197,7,1112,1,70
1096,104,2,198,4,1116,125,40
1097,104,2,199,4,1120,75,40
1098,104,2,200,6,1126,74,60
1099,104,2,201,9,1135,72,90
1100,104,2,202,9,1144,1,90
1101,104,2,203,5,1149,94,50
1102,104,2,204,5,1154,73,50
1103,104,2,205,8,1162,77,80
1104,104,2,206,4,1166,77,40
1105,104,2,207,6,1172,51,60
1106,104,2,208,5,1177,56,50
1107,104,2,209,4,1181,50,40
1108,104,2,210,8,1189,71,80
1109,104,2,211,9,1198,96,90
1110,104,2,212,2,1200,45,20
1111,104,2,213,6,1206,1,60
1112,104,2,214,3,1209,60,30
1113,104,2,215,7,1216,76,70
1114,104,2,216,8,1224,86,80
1115,104,2,217,3,1227,49,30
1116,104,2,218,3,1230,47,30
1117,104,2,219,7,1237,64,70
1118,104,2,220,3,1240,1,30
1119,104,2,221,8,1248,81,80
1120,104,2,222,9,1257,96,90
1121,104,2,223,9,1266,1,90
1122,104,2,224,5,1271,1,50
1123,104,2,225,7,1278,132,70
1124,104,2,226,4,1282,97,40
1125,104,2,227,2,1284,68,20
1126,104,2,228,8,1292,62,80
1127,104,2,229,5,1297,57,50
1128,104,2,230,8,1305,1,80
1129,104,2,231,8,1313,1,80
1130,104,2,232,6,1319,138,60
1131,104,2,233,8,1327,111,80
1132,104,2,234,9,1336,1,90
1133,104,2,235,2,1338,109,20
1134,104,2,236,3,1341,78,30
1135,104,2,237,3,1344,1,30
1136,104,2,238,3,1347,1,30
1137,104,2,239,3,1350,76,30
1138,104,2,240,7,1357,82,70
1139,104,2,241,9,1366,68,90
1140,104,2,242,8,1374,1,80
1141,104,2,243,6,1380,111,60
1142,104,2,244,4,1384,82,40
1143,104,2,245,2,1386,44,20
1144,104,2,246,6,1392,1,60
1145,104,2,247,9,1401,100,90
1146,104,2,248,7,1408,94,70
1147,104,2,249,3,1411,1,30
1148,104,2,250,3,1414,1,30
1149,104,2,251,6,1420,105,60
1150,104,2,252,9,1429,1,90
1151,104,2,253,9,1438,129,90
1152,104,2,254,3,1441,77,30
1153,104,2,255,9,1450,1,90
1154,104,2,256,8,1458,1,80
1155,104,2,257,4,1462,133,40
1156,104,2,258,3,1465,81,30
1157,104,2,259,7,1472,1,70
1158,104,2,260,4,1476,1,40
1159,104,2,261,8,1484,1,80
1160,104,2,262,8,1492,175,80
1161,104,2,263,5,1497,110,50
1162,104,2,264,9,1506,104,90
1163,104,2,265,3,1509,77,30
1164,104,2,266,6,1515,77,60
1165,104,2,267,9,1524,86,90
1166,104,2,268,6,1530,74,60
1167,104,2,269,9,1539,1,90
1168,104,2,270,6,1545,108,60
1169,104,2,271,9,1554,119,90
1170,104,2,272,6,1560,100,60
1171,104,2,273,5,1565,1,50
1172,104,2,274,8,1573,102,80
1173,104,2,275,6,1579,99,60
1174,104,2,276,3,1582,43,30
1175,104,2,277,2,1584,1,20
1176,104,2,278,7,1591,1,70
1177,104,2,279,3,1594,92,30
1178,104,2,280,8,1602,1,80
1179,104,2,281,7,1609,121,70
1180,104,2,282,2,1611,68,20
1181,104,2,283,2,1613,1,20
1182,104,2,284,3,1616,1,30
1183,104,2,285,6,1622,86,60
1184,104,2,286,9,1631,99,90
1185,104,2,287,8,1639,75,80
1186,104,2,288,5,1644,1,50
1187,104,2,289,8,1652,93,80
1188,104,2,290,8,1660,92,80
1189,104,2,291,3,1663,72,30
1190,104,2,292,4,1667,49,40
1191,104,2,293,3,1670,1,30
1192,104,2,294,8,1678,80,80
1193,104,2,295,9,1687,80,90
1194,104,2,296,4,1691,66,40
1195,104,2,297,9,1700,65,90
1196,104,2,298,3,1703,59,30
1197,104,2,299,8,1711,62,80
1198,104,2,300,2,1713,49,20
1199,104,2,301,3,1716,45,30
1200,104,2,302,4,1720,40,40
1201,104,2,303,2,1722,25,20
1202,104,2,304,2,1724,33,20
1203,104,2,305,7,1731,1,70
1204,104,2,306,2,1733,54,20
1205,104,2,307,5,1738,1,50
1206,104,2,308,9,1747,1,90
1207,104,2,309,7,1754,98,70
1208,104,2,310,9,1763,118,90
1209,104,2,311,3,1766,80,30
1210,104,2,312,5,1771,72,50
1211,104,2,313,6,1777,55,60
1212,104,2,314,3,1780,53,30
1213,104,2,315,6,1786,49,60
1214,104,2,316,7,1793,74,70
1215,104,2,317,8,1801,56,80
1216,104,2,318,6,1807,1,60
1217,104,2,319,7,1814,86,70
1218,104,2,320,6,1820,72,60
1219,104,2,321,7,1827,102,70
1220,104,2,322,2,1829,51,20
1221,104,2,323,6,1835,1,60
1222,104,2,324,3,1838,72,30
1223,104,2,325,5,1843,69,50
1224,104,2,326,2,1845,49,20
1225,104,2,327,5,1850,37,50
1226,104,2,328,7,1857,61,70
1227,104,2,329,9,1866,1,90
1228,104,2,330,3,1869,93,30
1229,104,2,331,3,1872,54,30
1230,104,2,332,9,1881,1,90
1231,104,2,333,9,1890,1,90
1232,104,2,334,4,1894,109,40
1233,104,2,335,2,1896,84,20
1234,104,2,336,8,1904,77,80
1235,104,2,337,8,1912,85,80
1236,104,2,338,9,1921,83,90
1237,104,2,339,4,1925,57,40
1238,104,2,340,3,1928,1,30
1239,104,2,341,7,1935,1,70
1240,104,2,342,9,1944,107,90
1241,104,2,343,6,1950,106,60
1242,104,2,344,7,1957,89,70
1243,104,2,345,9,1966,84,90
1244,104,2,346,4,1970,1,40
1245,104,2,347,6,1976,1,60
1246,104,2,348,2,1978,101,20
1247,104,2,349,2,1980,1,20
1248,104,2,350,6,1986,97,60
1249,104,2,351,5,1991,83,50
1250,104,2,352,3,1994,1,30
1251,104,2,353,9,2003,1,90
1252,104,2,354,9,2012,136,90
1253,104,2,355,4,2016,67,40
1254,104,2,356,4,2020,63,40
1255,104,2,357,7,2027,1,70
1256,104,2,358,8,2035,1,80
1257,104,2,359,5,2040,143,50
1258,104,2,360,8,2048,1,80
1259,104,2,361,2,2050,118,20
1260,104,2,362,4,2054,77,40
1261,104,2,363,2,2056,1,20
1262,104,2,364,2,2058,1,20
1263,104,2,365,9,2067,1,90
1264,104,2,366,7,2074,148,70
1265,104,2,367,9,2083,1,90
1266,104,2,368,2,2085,119,20
1267,104,2,369,3,2088,1,30
1268,104,2,370,6,2094,100,60
1269,104,2,371,6,2100,85,60
1270,104,2,372,2,2102,55,20
1271,104,2,373,3,2105,1,30
1272,104,2,374,3,2108,65,30
1273,104,2,375,7,2115,68,70
1274,104,2,376,5,2120,59,50
1275,104,2,377,5,2125,1,50
1276,104,2,378,5,2130,83,50
1277,104,2,379,8,2138,78,80
1278,104,2,380,6,2144,81,60
1279,104,2,381,2,2146,1,20
1280,104,2,382,3,2149,59,30
1281,104,2,383,3,2152,1,30
1282,104,2,384,4,2156,76,40
1283,104,2,385,3,2159,65,30
1284,104,2,386,4,2163,1,40
1285,104,2,387,7,2170,1,70
1286,104,2,388,2,2172,85,20
1287,104,2,389,3,2175,54,30
1288,104,2,390,9,2184,72,90
1289,104,2,391,7,2191,74,70
1290,104,2,392,3,2194,51,30
1291,104,2,393,6,2200,51,60
1292,104,2,394,2,2202,1,20
1293,104,2,395,5,2207,62,50
1294,104,2,396,7,2214,1,70
1295,104,2,397,7,2221,1,70
1296,104,2,398,9,2230,135,90
1297,104,2,399,5,2235,101,50
1298,104,2,400,5,2240,68,50
1299,104,2,401,9,2249,86,90
1300,104,2,402,7,2256,1,70
1301,104,2,403,5,2261,1,50
1302,104,2,404,4,2265,100,40
1303,104,2,405,7,2272,91,70
1304,104,2,406,8,2280,88,80
1305,104,2,407,3,2283,53,30
1306,104,2,408,2,2285,1,20
1307,104,2,409,2,2287,59,20
1308,104,2,410,9,2296,1,90
1309,104,2,411,3,2299,71,30
1310,104,2,412,3,2302,1,30
1311,104,2,413,9,2311,113,90
1312,104,2,414,5,2316,63,50
1313,104,2,415,6,2322,75,60
1314,104,2,416,7,2329,60,70
1315,104,2,417,3,2332,47,30
1316,104,2,418,7,2339,63,70
1317,104,2,419,9,2348,1,90
1318,104,2,420,4,2352,85,40
1319,104,2,421,4,2356,66,40
1320,104,2,422,4,2360,53,40
1321,104,2,423,3,2363,1,30
1322,104,2,424,3,2366,48,30
1323,104,2,425,3,2369,35,30
1324,104,2,426,9,2378,1,90
1325,104,2,427,4,2382,76,40
1326,104,2,428,8,2390,79,80
1327,104,2,429,3,2393,64,30
1328,104,2,430,2,2395,44,20
1329,104,2,431,4,2399,49,40
1330,104,2,432,3,2402,48,30
1331,104,2,433,4,2406,44,40
1332,104,2,434,4,2410,36,40
1333,104,2,435,4,2414,31,40
1334,104,2,436,5,2419,53,50
1335,104,2,437,9,2428,63,90
1336,104,2,438,4,2432,1,40
1337,104,2,439,4,2436,1,40
1338,104,2,440,8,2444,1,80
1339,104,2,441,2,2446,114,20
1340,104,2,442,6,2452,90,60
1341,104,2,443,6,2458,1,60
1342,104,2,444,8,2466,99,80
1343,104,2,445,5,2471,1,50
1344,104,2,446,8,2479,134,80
1345,104,2,447,7,2486,90,70
1346,104,2,448,4,2490,71,40
1347,104,2,449,6,2496,76,60
1348,104,2,450,8,2504,66,80
1349,104,2,451,2,2506,40,20
1350,104,2,452,5,2511,49,50
1351,104,2,453,3,2514,33,30
1352,104,2,454,5,2519,1,50
1353,104,2,455,8,2527,86,80
1354,104,2,456,7,2534,72,70
1355,104,2,457,6,2540,68,60
1356,104,2,458,9,2549,1,90
1357,104,2,459,7,2556,115,70
1358,104,2,460,5,2561,1,50
1359,104,2,461,6,2567,108,60
1360,104,2,462,2,2569,81,20
1361,104,2,463,6,2575,64,60
1362,104,2,464,4,2579,51,40
1363,104,2,465,7,2586,56,70
1364,104,2,466,3,2589,1,30
1365,104,2,467,9,2598,80,90
1366,104,2,468,4,2602,57,40
1367,104,2,469,8,2610,58,80
1368,104,2,470,9,2619,1,90
1369,104,2,471,4,2623,1,40
1370,104,2,472,3,2626,108,30
1371,104,2,473,6,2632,86,60
1372,104,2,474,2,2634,65,20
1373,104,2,475,2,2636,42,20
1374,104,2,476,3,2639,1,30
1375,104,2,477,4,2643,50,40
1376,104,2,478,9,2652,59,90
1377,104,2,479,6,2658,1,60
1378,104,2,480,7,2665,94,70
1379,104,2,481,7,2672,86,70
1380,104,2,482,8,2680,85,80
1381,104,2,483,8,2688,61,80
1382,104,2,484,6,2694,1,60
1383,104,2,485,8,2702,122,80
1384,104,2,486,4,2706,66,40
1385,104,2,487,7,2713,70,70
1386,104,2,488,8,2721,82,80
1387,104,2,489,4,2725,72,40
1388,104,2,490,6,2731,1,60
1389,104,2,491,9,2740,1,90
1390,104,2,492,8,2748,123,80
1391,104,2,493,2,2750,78,20
1392,104,2,494,3,2753,63,30
1393,104,2,495,9,2762,1,90
1394,104,2,496,6,2768,1,60
1395,104,2,497,2,2770,106,20
1396,104,2,498,6,2776,1,60
1397,104,2,499,4,2780,113,40
1398,104,2,500,5,2785,80,50
1399,104,2,501,2,2787,1,20
1400,104,2,502,6,2793,59,60
1401,104,2,503,6,2799,67,60
1402,104,2,504,6,2805,63,60
1403,104,2,505,7,2812,69,70
1404,104,2,506,6,2818,1,60
1405,104,2,507,3,2821,85,30
1406,104,2,508,4,2825,57,40
1407,104,2,509,2,2827,1,20
1408,104,2,510,5,2832,65,50
1409,104,2,511,3,2835,53,30
1410,104,2,512,6,2841,1,60
1411,104,2,513,9,2850,80,90
1412,104,2,514,5,2855,59,50
1413,104,2,515,2,2857,52,20
1414,104,2,516,8,2865,61,80
1415,104,2,517,9,2874,73,90
1416,104,2,518,4,2878,1,40
1417,104,2,519,5,2883,75,50
1418,104,2,520,6,2889,68,60
1419,104,2,521,7,2896,74,70
1420,104,2,522,2,2898,49,20
1421,104,2,523,9,2907,71,90
1422,104,2,524,8,2915,57,80
1423,104,2,525,2,2917,54,20
1424,104,2,526,3,2920,38,30
1425,104,2,527,5,2925,45,50
1426,104,2,528,7,2932,1,70
1427,104,2,529,9,2941,87,90
1428,104,2,530,6,2947,1,60
1429,104,2,531,4,2951,100,40
1430,104,2,532,2,2953,68,20
1431,104,2,533,8,2961,1,80
1432,104,2,534,4,2965,1,40
1433,104,2,535,8,2973,1,80
1434,104,2,536,5,2978,131,50
1435,104,2,537,9,2987,132,90
1436,104,2,538,5,2992,79,50
1437,104,2,539,8,3000,1,80
1438,104,2,540,2,3002,106,20
1439,104,2,541,7,3009,1,70
1440,104,2,542,9,3018,1,90
1441,104,2,543,6,3024,1,60
1442,104,2,544,5,3029,157,50
1443,104,2,545,3,3032,118,30
1444,104,2,546,5,3037,1,50
1445,104,2,547,4,3041,1,40
1446,104,2,548,6,3047,117,60
1447,104,2,549,3,3050,83,30
1448,104,2,550,8,3058,1,80
1449,104,2,551,7,3065,132,70
1450,104,2,552,4,3069,85,40
1451,104,2,553,4,3073,1,40
1452,104,2,554,5,3078,89,50
1453,104,2,555,4,3082,68,40
1454,104,2,556,7,3089,1,70
1455,104,2,557,5,3094,73,50
1456,104,2,558,8,3102,1,80
1457,104,2,559,3,3105,77,30
1458,104,2,560,9,3114,89,90
1459,104,2,561,7,3121,1,70
1460,104,2,562,2,3123,90,20
1461,104,2,563,6,3129,88,60
1462,104,2,564,4,3133,56,40
1463,104,2,565,5,3138,57,50
1464,104,2,566,2,3140,44,20
1465,104,2,567,3,3143,1,30
1466,104,2,568,3,3146,1,30
1467,104,2,569,4,3150,68,40
1468,104,2,570,6,3156,66,60
1469,104,2,571,9,3165,71,90
1470,104,2,572,7,3172,1,70
1471,104,2,573,2,3174,88,20
1472,104,2,574,4,3178,61,40
1473,104,2,575,3,3181,43,30
1474,104,2,576,2,3183,23,20
1475,104,2,577,8,3191,44,80
1476,104,2,578,7,3198,1,70
1477,104,2,579,6,3204,1,60
1478,104,2,580,7,3211,142,70
1479,104,2,581,3,3214,74,30
1480,104,2,582,3,3217,63,30
1481,104,2,583,5,3222,1,50
1482,104,2,584,3,3225,81,30
1483,104,2,585,6,3231,59,60
1484,104,2,586,8,3239,1,80
1485,104,2,587,7,3246,1,70
1486,104,2,588,7,3253,1,70
1487,104,2,589,2,3255,150,20
1488,104,2,590,4,3259,1,40
1489,104,2,591,4,3263,1,40
1490,104,2,592,8,3271,1,80
1491,104,2,593,5,3276,1,50
1492,104,2,594,7,3283,1,70
1493,104,2,595,6,3289,227,60
1494,104,2,596,9,3298,168,90
1495,104,2,597,2,3300,1,20
1496,104,2,598,7,3307,129,70
1497,104,2,599,9,3316,105,90
1498,104,2,600,4,3320,1,40
1499,104,2,601,3,3323,1,30
1500,104,2,602,8,3331,127,80
1501,104,2,603,4,3335,1,40
1502,104,2,604,3,3338,1,30
1503,104,2,605,4,3342,117,40
1504,104,2,606,3,3345,81,30
1505,104,2,607,4,3349,66,40
1506,104,2,608,8,3357,82,80
1507,104,2,609,4,3361,50,40
1508,104,2,610,6,3367,70,60
1509,104,2,611,4,3371,1,40
1510,104,2,612,2,3373,63,20
1511,104,2,613,4,3377,56,40
1512,104,2,614,4,3381,40,40
1513,104,2,615,4,3385,1,40
1514,104,2,616,8,3393,78,80
1515,104,2,617,5,3398,71,50
1516,104,2,618,8,3406,64,80
1517,104,2,619,2,3408,48,20
1518,104,2,620,7,3415,1,70
1519,104,2,621,7,3422,85,70
1520,104,2,622,4,3426,66,40
1521,104,2,623,4,3430,57,40
1522,104,2,624,8,3438,75,80
1523,104,2,625,3,3441,1,30
1524,104,2,626,6,3447,74,60
1525,104,2,627,4,3451,49,40
1526,104,2,628,6,3457,61,60
1527,104,2,629,9,3466,53,90
1528,104,2,630,9,3475,92,90
1529,104,2,631,2,3477,54,20
1530,104,2,632,8,3485,62,80
1531,104,2,633,6,3491,1,60
1532,104,2,634,2,3493,64,20
1533,104,2,635,3,3496,1,30
1534,104,2,636,7,3503,96,70
1535,104,2,637,8,3511,1,80
1536,104,2,638,4,3515,1,40
1537,104,2,639,4,3519,113,40
1538,104,2,640,4,3523,88,40
1539,104,2,641,4,3527,62,40
1540,104,2,642,2,3529,45,20
1541,104,2,643,4,3533,38,40
1542,104,2,644,5,3538,41,50
1543,104,2,645,8,3546,1,80
1544,104,2,646,2,3548,76,20
1545,104,2,647,6,3554,62,60
1546,104,2,648,2,3556,46,20
1547,104,2,649,3,3559,1,30
1548,104,2,650,4,3563,54,40
1549,104,2,651,6,3569,59,60
1550,104,2,652,8,3577,64,80
1551,104,2,653,4,3581,52,40
1552,104,2,654,8,3589,56,80
1553,104,2,655,4,3593,1,40
1554,104,2,656,3,3596,79,30
1555,104,2,657,2,3598,1,20
1556,104,2,658,2,3600,1,20
1557,104,2,659,9,3609,84,90
1558,104,2,660,4,3613,50,40
1559,104,2,661,7,3620,68,70
1560,104,2,662,7,3627,73,70
1561,104,2,663,3,3630,1,30
1562,104,2,664,3,3633,1,30
1563,104,2,665,4,3637,103,40
1564,104,2,666,7,3644,69,70
1565,104,2,667,7,3651,1,70
1566,104,2,668,2,3653,77,20
1567,104,2,669,6,3659,90,60
1568,104,2,670,9,3668,71,90
1569,104,2,671,7,3675,83,70
1570,104,2,672,7,3682,84,70
1571,104,2,673,8,3690,65,80
1572,104,2,674,5,3695,1,50
1573,104,2,675,9,3704,1,90
1574,104,2,676,3,3707,110,30
1575,104,2,677,7,3714,1,70
1576,104,2,678,5,3719,1,50
1577,104,2,679,8,3727,147,80
1578,104,2,680,5,3732,1,50
1579,104,2,681,7,3739,127,70
1580,104,2,682,3,3742,87,30
1581,104,2,683,5,3747,83,50
1582,104,2,684,2,3749,51,20
1583,104,2,685,5,3754,53,50
1584,104,2,686,7,3761,70,70
1585,104,2,687,9,3770,1,90
1586,104,2,688,8,3778,103,80
1587,104,2,689,3,3781,80,30
1588,104,2,690,8,3789,68,80
1589,104,2,691,3,3792,1,30
1590,104,2,692,5,3797,1,50
1591,104,2,693,9,3806,112,90
1592,104,2,694,9,3815,112,90
1593,104,2,695,9,3824,1,90
1594,104,2,696,2,3826,1,20
1595,104,2,697,5,3831,103,50
1596,104,2,698,7,3838,1,70
1597,104,2,699,8,3846,1,80
1598,104,2,700,2,3848,1,20
1599,104,2,701,2,3850,137,20
1600,104,2,702,6,3856,114,60
1601,104,2,703,9,3865,1,90
1602,104,2,704,2,3867,115,20
1603,104,2,705,8,3875,100,80
1604,104,2,706,2,3877,63,20
1605,104,2,707,7,3884,58,70
1606,104,2,708,4,3888,1,40
1607,104,2,709,7,3895,1,70
1608,104,2,710,5,3900,122,50
1609,104,2,711,7,3907,1,70
1610,104,2,712,6,3913,136,60
1611,104,2,713,7,3920,79,70
1612,104,2,714,5,3925,79,50
1613,104,2,715,9,3934,99,90
1614,104,2,716,8,3942,1,80
1615,104,2,717,9,3951,123,90
1616,104,2,718,4,3955,1,40
1617,104,2,719,3,3958,1,30
1618,104,2,720,4,3962,1,40
1619,104,2,721,3,3965,126,30
1620,104,2,722,9,3974,1,90
1621,104,2,723,9,3983,168,90
1622,104,2,724,8,3991,1,80
1623,104,2,725,5,3996,1,50
1624,104,2,726,4,4000,151,40
1625,104,2,727,4,4004,100,40
1626,104,2,728,3,4007,72,30
1627,104,2,729,9,4016,71,90
1628,104,2,730,9,4025,81,90
1629,104,2,731,8,4033,1,80
1630,104,2,732,9,4042,107,90
1631,104,2,733,5,4047,1,50
1632,104,2,734,7,4054,90,70
1633,104,2,735,8,4062,1,80
1634,104,2,736,7,4069,114,70
1635,104,2,737,9,4078,126,90
1636,104,2,738,2,4080,1,20
1637,104,2,739,8,4088,1,80
1638,104,2,740,9,4097,1,90
1639,104,2,741,4,4101,1,40
1640,104,2,742,7,4108,203,70
1641,104,2,743,4,4112,125,40
1642,104,2,744,5,4117,103,50
1643,104,2,745,9,4126,95,90
1644,104,2,746,7,4133,91,70
1645,104,2,747,9,4142,80,90
1646,104,2,748,2,4144,1,20
1647,104,2,749,9,4153,105,90
1648,104,2,750,2,4155,73,20
1649,104,2,751,8,4163,70,80
1650,104,2,752,2,4165,49,20
1651,104,2,753,3,4168,1,30
1652,104,2,754,7,4175,68,70
1653,104,2,755,5,4180,1,50
1654,104,2,756,6,4186,92,60
1655,104,2,757,7,4193,89,70
1656,104,2,758,7,4200,80,70
1657,104,2,759,2,4202,60,20
1658,104,2,760,3,4205,37,30
1659,104,2,761,2,4207,34,20
1660,104,2,762,2,4209,1,20
1661,104,2,763,6,4215,47,60
1662,104,2,764,6,4221,63,60
1663,104,2,765,3,4224,1,30
1664,104,2,766,9,4233,84,90
1665,104,2,767,2,4235,61,20
1666,104,2,768,7,4242,43,70
1667,104,2,769,5,4247,1,50
1668,104,2,770,8,4255,1,80
1669,104,2,771,3,4258,98,30
1670,104,2,772,4,4262,94,40
1671,104,2,773,6,4268,80,60
1672,104,2,774,2,4270,51,20
1673,104,2,775,4,4274,43,40
1674,104,2,776,4,4278,39,40
1675,104,2,777,5,4283,43,50
1676,104,2,778,9,4292,1,90
1677,104,2,779,3,4295,1,30
1678,104,2,780,2,4297,88,20
1679,104,2,781,9,4306,1,90
1680,104,2,782,9,4315,130,90
1681,104,2,783,4,4319,1,40
1682,104,2,784,4,4323,1,40
1683,104,2,785,4,4327,1,40
1684,104,2,786,4,4331,1,40
1685,104,2,787,3,4334,1,30
1686,104,2,788,9,4343,195,90
1687,104,2,789,8,4351,142,80
1688,104,2,790,2,4353,1,20
1689,104,2,791,3,4356,1,30
1690,104,2,792,7,4363,131,70
1691,104,2,793,2,4365,68,20
1692,104,2,794,8,4373,61,80
1693,104,2,795,3,4376,59,30
1694,104,2,796,4,4380,62,40
1695,104,2,797,8,4388,70,80
1696,104,2,798,7,4395,74,70
1697,104,2,799,9,4404,82,90
1698,104,2,800,4,4408,1,40
1699,104,2,801,3,4411,65,30
1700,104,2,802,4,4415,67,40
1701,104,2,803,3,4418,52,30
1702,104,2,804,6,4424,1,60
1703,104,2,805,6,4430,88,60
1704,104,2,806,8,4438,82,80
1705,104,2,807,5,4443,73,50
1706,104,2,808,7,4450,64,70
1707,104,2,809,2,4452,47,20
1708,104,2,810,5,4457,49,50
1709,104,2,811,9,4466,68,90
1710,104,2,812,5,4471,55,50
1711,104,2,813,8,4479,71,80
1712,104,2,814,2,4481,46,20
1713,104,2,815,7,4488,57,70
1714,104,2,816,5,4493,1,50
1715,104,2,817,7,4500,87,70
1716,104,2,818,2,4502,52,20
1717,104,2,819,3,4505,1,30
1718,104,2,820,6,4511,69,60
1719,104,2,821,4,4515,1,40
1720,104,2,822,5,4520,81,50
1721,104,2,823,4,4524,59,40
1722,104,2,824,2,4526,42,20
1723,104,2,825,8,4534,57,80
1724,104,2,826,9,4543,66,90
1725,104,2,827,8,4551,1,80
1726,104,2,828,3,4554,79,30
1727,104,2,829,5,4559,94,50
1728,104,2,830,6,4565,64,60
1729,104,2,831,7,4572,67,70
1730,104,2,832,2,4574,52,20
1731,104,2,833,9,4583,63,90
1732,104,2,834,2,4585,45,20
1733,104,2,835,5,4590,61,50
1734,104,2,836,5,4595,52,50
1735,104,2,837,6,4601,52,60
1736,104,2,838,6,4607,1,60
1737,104,2,839,2,4609,1,20
1738,104,2,840,6,4615,1,60
1739,104,2,841,8,4623,123,80
1740,104,2,842,2,4625,68,20
1741,104,2,843,3,4628,58,30
1742,104,2,844,3,4631,1,30
1743,104,2,845,8,4639,1,80
1744,104,2,846,4,4643,85,40
1745,104,2,847,3,4646,86,30
1746,104,2,848,9,4655,71,90
1747,104,2,849,4,4659,51,40
1748,104,2,850,5,4664,68,50
1749,104,2,851,9,4673,1,90
1750,104,2,852,9,4682,1,90
1751,104,2,853,4,4686,1,40
1752,104,2,854,8,4694,1,80
1753,104,2,855,6,4700,206,60
1754,104,2,856,6,4706,136,60
1755,104,2,857,6,4712,1,60
1756,104,2,858,3,4715,111,30
1757,104,2,859,5,4720,80,50
1758,104,2,860,9,4729,1,90
1759,104,2,861,3,4732,107,30
1760,104,2,862,4,4736,62,40
1761,104,2,863,4,4740,53,40
1762,104,2,864,5,4745,49,50
1763,104,2,865,4,4749,44,40
1764,104,2,866,2,4751,39,20
1765,104,2,867,4,4755,1,40
1766,104,2,868,3,4758,1,30
1767,104,2,869,6,4764,1,60
1768,104,2,870,9,4773,110,90
1769,104,2,871,2,4775,1,20
1770,104,2,872,2,4777,1,20
1771,104,2,873,5,4782,101,50
1772,104,2,874,6,4788,82,60
1773,104,2,875,3,4791,1,30
1774,104,2,876,5,4796,97,50
1775,104,2,877,3,4799,1,30
1776,104,2,878,5,4804,1,50
1777,104,2,879,6,4810,118,60
1778,104,2,880,9,4819,90,90
1779,104,2,881,5,4824,1,50
1780,104,2,882,8,4832,111,80
1781,104,2,883,5,4837,86,50
1782,104,2,884,4,4841,81,40
1783,104,2,885,5,4846,1,50
1784,104,2,886,5,4851,83,50
1785,104,2,887,9,4860,97,90
1786,104,2,888,5,4865,1,50
1787,104,2,889,2,4867,1,20
1788,104,2,890,6,4873,1,60
1789,104,2,891,5,4878,124,50
1790,104,2,892,9,4887,1,90
1791,104,2,893,8,4895,1,80
1792,104,2,894,9,4904,194,90
1793,104,2,895,5,4909,1,50
1794,104,2,896,7,4916,159,70
1795,104,2,897,4,4920,1,40
1796,104,2,898,2,4922,105,20
1797,104,2,899,2,4924,77,20
1798,104,2,900,2,4926,1,20
1799,104,2,901,2,4928,1,20
1800,104,2,902,8,4936,92,80
1801,104,2,903,8,4944,99,80
1802,104,2,904,2,4946,1,20
1803,104,2,905,8,4954,97,80
1804,104,2,906,5,4959,64,50
1805,104,2,907,2,4961,46,20
1806,104,2,908,4,4965,44,40
1807,104,2,909,7,4972,43,70
1808,104,2,910,7,4979,63,70
1809,104,2,911,2,4981,1,20
1810,104,2,912,6,4987,1,60
1811,104,2,913,9,4996,105,90
1812,104,2,914,2,4998,1,20
1813,104,3,1,6,6,22,60
1814,104,3,2,2,8,21,20
1815,104,3,3,3,11,18,30
1816,104,3,4,4,15,38,40
1817,104,3,5,2,17,29,20
1818,104,3,6,6,23,43,60
1819,104,3,7,9,32,43,90
1820,104,3,8,7,39,1,70
1821,104,3,9,7,46,1,70
1822,104,3,10,4,50,105,40
1823,104,3,11,2,52,75,20
1824,104,3,12,3,55,1,30
1825,104,3,13,3,58,60,30
1826,104,3,14,7,65,63,70
1827,104,3,15,4,69,1,40
1828,104,3,16,7,76,90,70
1829,104,3,17,5,81,66,50
1830,104,3,18,9,90,79,90
1831,104,3,19,4,94,60,40
1832,104,3,20,7,101,68,70
1833,104,3,21,5,106,59,50
1834,104,3,22,5,111,56,50
1835,104,3,23,6,117,36,60
1836,104,3,24,3,120,43,30
1837,104,3,25,3,123,46,30
1838,104,3,26,8,131,52,80
1839,104,3,27,6,137,64,60
1840,104,3,28,4,141,1,40
1841,104,3,29,2,143,62,20
1842,104,3,30,6,149,1,60
1843,104,3,31,6,155,73,60
1844,104,3,32,4,159,76,40
1845,104,3,33,6,165,60,60
1846,104,3,34,2,167,1,20
1847,104,3,35,9,176,90,90
1848,104,3,36,6,182,1,60
1849,104,3,37,8,190,1,80
1850,104,3,38,4,194,124,40
1851,104,3,39,9,203,125,90
1852,104,3,40,4,207,80,40
1853,104,3,41,2,209,1,20
1854,104,3,42,2,211,52,20
1855,104,3,43,9,220,68,90
1856,104,3,44,8,228,75,80
1857,104,3,45,6,234,74,60
1858,104,3,46,9,243,77,90
1859,104,3,47,5,248,76,50
1860,104,3,48,2,250,41,20
1861,104,3,49,7,257,1,70
1862,104,3,50,3,260,69,30
1863,104,3,51,9,269,69,90
1864,104,3,52,6,275,68,60
1865,104,3,53,2,277,53,20
1866,104,3,54,9,286,1,90
1867,104,3,55,4,290,75,40
1868,104,3,56,9,299,87,90
1869,104,3,57,5,304,64,50
1870,104,3,58,2,306,1,20
1871,104,3,59,6,312,75,60
1872,104,3,60,5,317,61,50
1873,104,3,61,2,319,1,20
1874,104,3,62,9,328,82,90
1875,104,3,63,7,335,68,70
1876,104,3,64,7,342,1,70
1877,104,3,65,8,350,1,80
1878,104,3,66,9,359,139,90
1879,104,3,67,5,364,1,50
1880,104,3,68,3,367,119,30
1881,104,3,69,4,371,1,40
1882,104,3,70,4,375,86,40
1883,104,3,71,2,377,1,20
1884,104,3,72,7,384,87,70
1885,104,3,73,5,389,1,50
1886,104,3,74,8,397,1,80
1887,104,3,75,6,403,135,60
1888,104,3,76,2,405,95,20
1889,104,3,77,3,408,58,30
1890,104,3,78,5,413,53,50
1891,104,3,79,6,419,59,60
1892,104,3,80,5,424,1,50
1893,104,3,81,4,428,1,40
1894,104,3,82,4,432,98,40
1895,104,3,83,6,438,1,60
1896,104,3,84,8,446,117,80
1897,104,3,85,4,450,1,40
1898,104,3,86,7,457,108,70
1899,104,3,87,8,465,93,80
1900,104,3,88,6,471,1,60
1901,104,3,89,6,477,1,60
1902,104,3,90,8,485,147,80
1903,104,3,91,5,490,110,50
1904,104,3,92,7,497,82,70
1905,104,3,93,3,500,56,30
1906,104,3,94,8,508,1,80
1907,104,3,95,8,516,1,80
1908,104,3,96,5,521,121,50
1909,104,3,97,4,525,108,40
1910,104,3,98,2,527,63,20
1911,104,3,99,2,529,57,20
1912,104,3,100,7,536,53,70
1913,104,3,101,6,542,49,60
1914,104,3,102,4,546,1,40
1915,104,3,103,6,552,80,60
1916,104,3,104,3,555,1,30
1917,104,3,105,4,559,1,40
1918,104,3,106,2,561,1,20
1919,104,3,107,6,567,105,60
1920,104,3,108,4,571,81,40
1921,104,3,109,3,574,71,30
1922,104,3,110,7,581,45,70
1923,104,3,111,2,583,32,20
1924,104,3,112,6,589,1,60
1925,104,3,113,9,598,1,90
1926,104,3,114,6,604,132,60
1927,104,3,115,7,611,85,70
1928,104,3,116,4,615,67,40
1929,104,3,117,3,618,57,30
1930,104,3,118,3,621,1,30
1931,104,3,119,8,629,76,80
1932,104,3,120,4,633,59,40
1933,104,3,121,8,641,70,80
1934,104,3,122,5,646,69,50
1935,104,3,123,3,649,1,30
1936,104,3,124,5,654,66,50
1937,104,3,125,5,659,49,50
1938,104,3,126,5,664,1,50
1939,104,3,127,5,669,1,50
1940,104,3,128,8,677,1,80
1941,104,3,129,8,685,147,80
1942,104,3,130,4,689,99,40
1943,104,3,131,7,696,1,70
1944,104,3,132,7,703,119,70
1945,104,3,133,8,711,98,80
1946,104,3,134,2,713,84,20
1947,104,3,135,5,718,54,50
1948,104,3,136,4,722,49,40
1949,104,3,137,7,729,1,70
1950,104,3,138,8,737,102,80
1951,104,3,139,2,739,72,20
1952,104,3,140,5,744,60,50
1953,104,3,141,4,748,1,40
1954,104,3,142,3,751,1,30
1955,104,3,143,8,759,90,80
1956,104,3,144,8,767,75,80
1957,104,3,145,6,773,72,60
1958,104,3,146,7,780,62,70
1959,104,3,147,4,784,58,40
1960,104,3,148,6,790,1,60
1961,104,3,149,4,794,79,40
1962,104,3,150,7,801,79,70
1963,104,3,151,9,810,1,90
1964,104,3,152,7,817,110,70
1965,104,3,153,5,822,85,50
1966,104,3,154,9,831,1,90
1967,104,3,155,6,837,112,60
1968,104,3,156,2,839,79,20
1969,104,3,157,4,843,49,40
1970,104,3,158,4,847,1,40
1971,104,3,159,5,852,70,50
1972,104,3,160,8,860,67,80
1973,104,3,161,8,868,66,80
1974,104,3,162,5,873,68,50
1975,104,3,163,3,876,1,30
1976,104,3,164,8,884,78,80
1977,104,3,165,4,888,1,40
1978,104,3,166,2,890,1,20
1979,104,3,167,6,896,115,60
1980,104,3,168,7,903,90,70
1981,104,3,169,9,912,1,90
1982,104,3,170,6,918,1,60
1983,104,3,171,4,922,128,40
1984,104,3,172,4,926,1,40
1985,104,3,173,6,932,120,60
1986,104,3,174,8,940,81,80
1987,104,3,175,7,947,1,70
1988,104,3,176,7,954,100,70
1989,104,3,177,7,961,97,70
1990,104,3,178,5,966,83,50
1991,104,3,179,5,971,1,50
1992,104,3,180,3,974,59,30
1993,104,3,181,8,982,1,80
1994,104,3,182,6,988,97,60
1995,104,3,183,9,997,92,90
1996,104,3,184,9,1006,1,90
1997,104,3,185,2,1008,98,20
1998,104,3,186,8,1016,75,80
1999,104,3,187,5,1021,71,50
2000,104,3,188,4,1025,1,40
2001,104,3,189,6,1031,1,60
2002,104,3,190,7,1038,1,70
2003,104,3,191,6,1044,1,60
2004,104,3,192,2,1046,153,20
2005,104,3,193,7,1053,1,70
2006,104,3,194,2,1055,134,20
2007,104,3,195,6,1061,1,60
2008,104,3,196,2,1063,107,20
2009,104,3,197,8,1071,78,80
2010,104,3,198,7,1078,67,70
2011,104,3,199,6,1084,82,60
2012,104,3,200,4,1088,61,40
2013,104,3,201,3,1091,49,30
2014,104,3,202,7,1098,58,70
2015,104,3,203,6,1104,56,60
2016,104,3,204,6,1110,1,60
2017,104,3,205,3,1113,1,30
2018,104,3,206,6,1119,1,60
2019,104,3,207,7,1126,1,70
2020,104,3,208,9,1135,155,90
2021,104,3,209,6,1141,1,60
2022,104,3,210,5,1146,144,50
2023,104,3,211,4,1150,95,40
2024,104,3,212,8,1158,86,80
2025,104,3,213,6,1164,77,60
2026,104,3,214,4,1168,56,40
2027,104,3,215,6,1174,68,60
2028,104,3,216,7,1181,1,70
2029,104,3,217,7,1188,105,70
2030,104,3,218,3,1191,66,30
2031,104,3,219,4,1195,1,40
2032,104,3,220,3,1198,58,30
2033,104,3,221,6,1204,56,60
2034,104,3,222,4,1208,1,40
2035,104,3,223,7,1215,1,70
2036,104,3,224,2,1217,1,20
2037,104,3,225,8,1225,115,80
2038,104,3,226,8,1233,113,80
2039,104,3,227,7,1240,88,70
2040,104,3,228,2,1242,53,20
2041,104,3,229,9,1251,79,90
2042,104,3,230,2,1253,54,20
2043,104,3,231,2,1255,29,20
2044,104,3,232,4,1259,1,40
2045,104,3,233,9,1268,1,90
2046,104,3,234,5,1273,1,50
2047,104,3,235,5,1278,114,50
2048,104,3,236,4,1282,85,40
2049,104,3,237,2,1284,62,20
2050,104,3,238,6,1290,49,60
2051,104,3,239,4,1294,50,40
2052,104,3,240,8,1302,72,80
2053,104,3,241,6,1308,60,60
2054,104,3,242,7,1315,1,70
2055,104,3,243,9,1324,1,90
2056,104,3,244,6,1330,144,60
2057,104,3,245,9,1339,105,90
2058,104,3,246,7,1346,92,70
2059,104,3,247,5,1351,1,50
2060,104,3,248,9,1360,94,90
2061,104,3,249,5,1365,73,50
2062,104,3,250,3,1368,1,30
2063,104,3,251,8,1376,76,80
2064,104,3,252,4,1380,72,40
2065,104,3,253,7,1387,60,70
2066,104,3,254,2,1389,38,20
2067,104,3,255,3,1392,1,30
2068,104,3,256,2,1394,1,20
2069,104,3,257,2,1396,66,20
2070,104,3,258,8,1404,68,80
2071,104,3,259,4,1408,65,40
2072,104,3,260,2,1410,1,20
2073,104,3,261,5,1415,1,50
2074,104,3,262,7,1422,81,70
2075,104,3,263,6,1428,90,60
2076,104,3,264,9,1437,1,90
2077,104,3,265,6,1443,101,60
2078,104,3,266,7,1450,1,70
2079,104,3,267,9,1459,131,90
2080,104,3,268,4,1463,112,40
2081,104,3,269,8,1471,1,80
2082,104,3,270,5,1476,107,50
2083,104,3,271,7,1483,1,70
2084,104,3,272,8,1491,126,80
2085,104,3,273,6,1497,119,60
2086,104,3,274,9,1506,1,90
2087,104,3,275,3,1509,108,30
2088,104,3,276,6,1515,85,60
2089,104,3,277,6,1521,82,60
2090,104,3,278,3,1524,53,30
2091,104,3,279,4,1528,40,40
2092,104,3,280,9,1537,81,90
2093,104,3,281,9,1546,1,90
2094,104,3,282,2,1548,84,20
2095,104,3,283,8,1556,88,80
2096,104,3,284,7,1563,1,70
2097,104,3,285,8,1571,1,80
2098,104,3,286,6,1577,132,60
2099,104,3,287,5,1582,105,50
2100,104,3,288,8,1590,88,80
2101,104,3,289,4,1594,75,40
2102,104,3,290,6,1600,52,60
2103,104,3,291,7,1607,82,70
2104,104,3,292,9,1616,70,90
2105,104,3,293,6,1622,1,60
2106,104,3,294,7,1629,1,70
2107,104,3,295,4,1633,114,40
2108,104,3,296,3,1636,97,30
2109,104,3,297,4,1640,69,40
2110,104,3,298,4,1644,51,40
2111,104,3,299,9,1653,62,90
2112,104,3,300,6,1659,62,60
2113,104,3,301,2,1661,38,20
2114,104,3,302,4,1665,39,40
2115,104,3,303,8,1673,57,80
2116,104,3,304,5,1678,1,50
2117,104,3,305,7,1685,88,70
2118,104,3,306,4,1689,74,40
2119,104,3,307,2,1691,52,20
2120,104,3,308,8,1699,62,80
2121,104,3,309,6,1705,65,60
2122,104,3,310,2,1707,36,20
2123,104,3,311,7,1714,66,70
2124,104,3,312,3,1717,34,30
2125,104,3,313,9,1726,77,90
2126,104,3,314,9,1735,74,90
2127,104,3,315,8,1743,73,80
2128,104,3,316,4,1747,61,40
2129,104,3,317,5,1752,54,50
2130,104,3,318,2,1754,27,20
2131,104,3,319,7,1761,48,70
2132,104,3,320,9,1770,63,90
2133,104,3,321,2,1772,1,20
2134,104,3,322,4,1776,1,40
2135,104,3,323,5,1781,90,50
2136,104,3,324,4,1785,51,40
2137,104,3,325,4,1789,60,40
2138,104,3,326,9,1798,86,90
2139,104,3,327,6,1804,71,60
2140,104,3,328,3,1807,1,30
2141,104,3,329,5,1812,73,50
2142,104,3,330,3,1815,54,30
2143,104,3,331,4,1819,1,40
2144,104,3,332,4,1823,76,40
2145,104,3,333,7,1830,56,70
2146,104,3,334,7,1837,70,70
2147,104,3,335,2,1839,1,20
2148,104,3,336,6,1845,70,60
2149,104,3,337,4,1849,60,40
2150,104,3,338,6,1855,64,60
2151,104,3,339,6,1861,58,60
2152,104,3,340,9,1870,1,90
2153,104,3,341,3,1873,80,30
2154,104,3,342,9,1882,76,90
2155,104,3,343,3,1885,1,30
2156,104,3,344,3,1888,78,30
2157,104,3,345,6,1894,78,60
2158,104,3,346,5,1899,56,50
2159,104,3,347,2,1901,1,20
2160,104,3,348,7,1908,1,70
2161,104,3,349,7,1915,1,70
2162,104,3,350,7,1922,142,70
2163,104,3,351,9,1931,118,90
2164,104,3,352,8,1939,1,80
2165,104,3,353,9,1948,135,90
2166,104,3,354,6,1954,92,60
2167,104,3,355,8,1962,125,80
2168,104,3,356,8,1970,87,80
2169,104,3,357,3,1973,1,30
2170,104,3,358,9,1982,1,90
2171,104,3,359,9,1991,131,90
2172,104,3,360,3,1994,1,30
2173,104,3,361,8,2002,122,80
2174,104,3,362,6,2008,89,60
2175,104,3,363,6,2014,91,60
2176,104,3,364,3,2017,1,30
2177,104,3,365,3,2020,74,30
2178,104,3,366,7,2027,76,70
2179,104,3,367,8,2035,91,80
2180,104,3,368,9,2044,76,90
2181,104,3,369,7,2051,95,70
2182,104,3,370,7,2058,75,70
2183,104,3,371,9,2067,86,90
2184,104,3,372,5,2072,76,50
2185,104,3,373,2,2074,53,20
2186,104,3,374,4,2078,52,40
2187,104,3,375,5,2083,45,50
2188,104,3,376,6,2089,42,60
2189,104,3,377,2,2091,45,20
2190,104,3,378,8,2099,1,80
2191,104,3,379,8,2107,1,80
2192,104,3,380,5,2112,115,50
2193,104,3,381,4,2116,66,40
2194,104,3,382,5,2121,61,50
2195,104,3,383,9,2130,63,90
2196,104,3,384,3,2133,1,30
2197,104,3,385,8,2141,83,80
2198,104,3,386,6,2147,94,60
2199,104,3,387,9,2156,93,90
2200,104,3,388,4,2160,70,40
2201,104,3,389,3,2163,1,30
2202,104,3,390,5,2168,75,50
2203,104,3,391,4,2172,1,40
2204,104,3,392,6,2178,1,60
2205,104,3,393,9,2187,107,90
2206,104,3,394,3,2190,91,30
2207,104,3,395,8,2198,69,80
2208,104,3,396,3,2201,55,30
2209,104,3,397,3,2204,48,30
2210,104,3,398,6,2210,48,60
2211,104,3,399,3,2213,35,30
2212,104,3,400,5,2218,37,50
2213,104,3,401,3,2221,1,30
2214,104,3,402,2,2223,47,20
2215,104,3,403,2,2225,37,20
2216,104,3,404,4,2229,1,40
2217,104,3,405,5,2234,58,50
2218,104,3,406,6,2240,1,60
2219,104,3,407,2,2242,65,20
2220,104,3,408,6,2248,55,60
2221,104,3,409,6,2254,68,60
2222,104,3,410,7,2261,84,70
2223,104,3,411,4,2265,47,40
2224,104,3,412,2,2267,36,20
2225,104,3,413,8,2275,56,80
2226,104,3,414,3,2278,46,30
2227,104,3,415,6,2284,1,60
2228,104,3,416,5,2289,77,50
2229,104,3,417,8,2297,1,80
2230,104,3,418,9,2306,1,90
2231,104,3,419,4,2310,145,40
2232,104,3,420,4,2314,103,40
2233,104,3,421,6,2320,1,60
2234,104,3,422,7,2327,1,70
2235,104,3,423,4,2331,131,40
2236,104,3,424,2,2333,82,20
2237,104,3,425,9,2342,84,90
2238,104,3,426,9,2351,1,90
2239,104,3,427,7,2358,118,70
2240,104,3,428,9,2367,1,90
2241,104,3,429,6,2373,132,60
2242,104,3,430,4,2377,86,40
2243,104,3,431,8,2385,1,80
2244,104,3,432,7,2392,118,70
2245,104,3,433,4,2396,84,40
2246,104,3,434,5,2401,61,50
2247,104,3,435,8,2409,79,80
2248,104,3,436,2,2411,1,20
2249,104,3,437,6,2417,80,60
2250,104,3,438,7,2424,1,70
2251,104,3,439,2,2426,68,20
2252,104,3,440,2,2428,47,20
2253,104,3,441,5,2433,1,50
2254,104,3,442,9,2442,92,90
2255,104,3,443,2,2444,68,20
2256,104,3,444,2,2446,1,20
2257,104,3,445,3,2449,49,30
2258,104,3,446,2,2451,47,20
2259,104,3,447,6,2457,1,60
2260,104,3,448,6,2463,67,60
2261,104,3,449,4,2467,1,40
2262,104,3,450,4,2471,67,40
2263,104,3,451,9,2480,94,90
2264,104,3,452,2,2482,54,20
2265,104,3,453,6,2488,72,60
2266,104,3,454,5,2493,50,50
2267,104,3,455,7,2500,58,70
2268,104,3,456,6,2506,63,60
2269,104,3,457,6,2512,1,60
2270,104,3,458,4,2516,83,40
2271,104,3,459,6,2522,56,60
2272,104,3,460,3,2525,1,30
2273,104,3,461,5,2530,78,50
2274,104,3,462,3,2533,1,30
2275,104,3,463,8,2541,94,80
2276,104,3,464,3,2544,61,30
2277,104,3,465,7,2551,60,70
2278,104,3,466,4,2555,60,40
2279,104,3,467,5,2560,42,50
2280,104,3,468,7,2567,1,70
2281,104,3,469,2,2569,1,20
2282,104,3,470,6,2575,98,60
2283,104,3,471,5,2580,1,50
2284,104,3,472,7,2587,105,70
2285,104,3,473,5,2592,71,50
2286,104,3,474,8,2600,77,80
2287,104,3,475,9,2609,1,90
2288,104,3,476,7,2616,121,70
2289,104,3,477,8,2624,93,80
2290,104,3,478,3,2627,72,30
2291,104,3,479,6,2633,1,60
2292,104,3,480,4,2637,1,40
2293,104,3,481,5,2642,134,50
2294,104,3,482,2,2644,73,20
2295,104,3,483,7,2651,70,70
2296,104,3,484,6,2657,79,60
2297,104,3,485,9,2666,1,90
2298,104,3,486,2,2668,84,20
2299,104,3,487,2,2670,1,20
2300,104,3,488,5,2675,70,50
2301,104,3,489,3,2678,1,30
2302,104,3,490,5,2683,92,50
2303,104,3,491,7,2690,1,70
2304,104,3,492,3,2693,1,30
2305,104,3,493,5,2698,99,50
2306,104,3,494,3,2701,90,30
2307,104,3,495,8,2709,76,80
2308,104,3,496,8,2717,1,80
2309,104,3,497,9,2726,130,90
2310,104,3,498,5,2731,98,50
2311,104,3,499,2,2733,61,20
2312,104,3,500,6,2739,1,60
2313,104,3,501,3,2742,71,30
2314,104,3,502,6,2748,68,60
2315,104,3,503,5,2753,1,50
2316,104,3,504,6,2759,82,60
2317,104,3,505,4,2763,1,40
2318,104,3,506,3,2766,89,30
2319,104,3,507,5,2771,68,50
2320,104,3,508,8,2779,65,80
2321,104,3,509,3,2782,1,30
2322,104,3,510,8,2790,1,80
2323,104,3,511,3,2793,1,30
2324,104,3,512,5,2798,122,50
2325,104,3,513,3,2801,1,30
2326,104,3,514,9,2810,1,90
2327,104,3,515,3,2813,146,30
2328,104,3,516,9,2822,120,90
2329,104,3,517,6,2828,85,60
2330,104,3,518,3,2831,1,30
2331,104,3,519,9,2840,106,90
2332,104,3,520,8,2848,90,80
2333,104,3,521,8,2856,1,80
2334,104,3,522,5,2861,1,50
2335,104,3,523,9,2870,171,90
2336,104,3,524,8,2878,115,80
2337,104,3,525,9,2887,1,90
2338,104,3,526,3,2890,109,30
2339,104,3,527,3,2893,88,30
2340,104,3,528,2,2895,1,20
2341,104,3,529,3,2898,67,30
2342,104,3,530,8,2906,1,80
2343,104,3,531,9,2915,129,90
2344,104,3,532,8,2923,80,80
2345,104,3,533,9,2932,80,90
2346,104,3,534,5,2937,1,50
2347,104,3,535,6,2943,117,60
2348,104,3,536,6,2949,84,60
2349,104,3,537,4,2953,59,40
2350,104,3,538,7,2960,1,70
2351,104,3,539,4,2964,1,40
2352,104,3,540,6,2970,1,60
2353,104,3,541,7,2977,133,70
2354,104,3,542,6,2983,109,60
2355,104,3,543,2,2985,74,20
2356,104,3,544,7,2992,1,70
2357,104,3,545,4,2996,1,40
2358,104,3,546,3,2999,107,30
2359,104,3,547,7,3006,1,70
2360,104,3,548,3,3009,1,30
2361,104,3,549,6,3015,1,60
2362,104,3,550,3,3018,144,30
2363,104,3,551,3,3021,97,30
2364,104,3,552,3,3024,46,30
2365,104,3,553,7,3031,74,70
2366,104,3,554,3,3034,55,30
2367,104,3,555,6,3040,52,60
2368,104,3,556,7,3047,1,70
2369,104,3,557,9,3056,115,90
2370,104,3,558,3,3059,54,30
2371,104,3,559,6,3065,54,60
2372,104,3,560,6,3071,72,60
2373,104,3,561,2,3073,1,20
2374,104,3,562,6,3079,69,60
2375,104,3,563,5,3084,1,50
2376,104,3,564,9,3093,115,90
2377,104,3,565,5,3098,1,50
2378,104,3,566,2,3100,77,20
2379,104,3,567,5,3105,76,50
2380,104,3,568,2,3107,54,20
2381,104,3,569,8,3115,1,80
2382,104,3,570,5,3120,91,50
2383,104,3,571,3,3123,64,30
2384,104,3,572,8,3131,1,80
2385,104,3,573,5,3136,1,50
2386,104,3,574,5,3141,1,50
2387,104,3,575,2,3143,120,20
2388,104,3,576,7,3150,1,70
2389,104,3,577,7,3157,1,70
2390,104,3,578,2,3159,153,20
2391,104,3,579,6,3165,110,60
2392,104,3,580,7,3172,1,70
2393,104,3,581,3,3175,112,30
2394,104,3,582,9,3184,94,90
2395,104,3,583,3,3187,1,30
2396,104,3,584,7,3194,1,70
2397,104,3,585,4,3198,123,40
2398,104,3,586,3,3201,68,30
2399,104,3,587,3,3204,1,30
2400,104,3,588,8,3212,1,80
2401,104,3,589,2,3214,89,20
2402,104,3,590,4,3218,75,40
2403,104,3,591,2,3220,1,20
2404,104,3,592,9,3229,88,90
2405,104,3,593,5,3234,80,50
2406,104,3,594,4,3238,71,40
2407,104,3,595,9,3247,71,90
2408,104,3,596,9,3256,69,90
2409,104,3,597,5,3261,70,50
2410,104,3,598,7,3268,48,70
2411,104,3,599,8,3276,1,80
2412,104,3,600,5,3281,102,50
2413,104,3,601,4,3285,64,40
2414,104,3,602,2,3287,48,20
2415,104,3,603,6,3293,1,60
2416,104,3,604,6,3299,92,60
2417,104,3,605,2,3301,1,20
2418,104,3,606,9,3310,84,90
2419,104,3,607,7,3317,75,70
2420,104,3,608,6,3323,1,60
2421,104,3,609,4,3327,1,40
2422,104,3,610,2,3329,93,20
2423,104,3,611,5,3334,95,50
2424,104,3,612,4,3338,64,40
2425,104,3,613,8,3346,85,80
2426,104,3,614,3,3349,47,30
2427,104,3,615,8,3357,50,80
2428,104,3,616,2,3359,36,20
2429,104,3,617,3,3362,45,30
2430,104,3,618,8,3370,49,80
2431,104,3,619,4,3374,48,40
2432,104,3,620,5,3379,51,50
2433,104,3,621,2,3381,32,20
2434,104,3,622,3,3384,33,30
2435,104,3,623,6,3390,1,60
2436,104,3,624,8,3398,1,80
2437,104,3,625,2,3400,104,20
2438,104,3,626,8,3408,1,80
2439,104,3,627,9,3417,138,90
2440,104,3,628,6,3423,95,60
2441,104,3,629,4,3427,84,40
2442,104,3,630,7,3434,69,70
2443,104,3,631,7,3441,80,70
2444,104,3,632,6,3447,1,60
2445,104,3,633,6,3453,95,60
2446,104,3,634,4,3457,1,40
2447,104,3,635,5,3462,1,50
2448,104,3,636,9,3471,129,90
2449,104,3,637,3,3474,93,30
2450,104,3,638,8,3482,78,80
2451,104,3,639,6,3488,1,60
2452,104,3,640,9,3497,126,90
2453,104,3,641,4,3501,78,40
2454,104,3,642,3,3504,58,30
2455,104,3,643,2,3506,1,20
2456,104,3,644,9,3515,86,90
2457,104,3,645,3,3518,68,30
2458,104,3,646,7,3525,82,70
2459,104,3,647,2,3527,42,20
2460,104,3,648,5,3532,1,50
2461,104,3,649,7,3539,79,70
2462,104,3,650,9,3548,1,90
2463,104,3,651,9,3557,1,90
2464,104,3,652,3,3560,160,30
2465,104,3,653,8,3568,1,80
2466,104,3,654,4,3572,114,40
2467,104,3,655,3,3575,1,30
2468,104,3,656,9,3584,114,90
2469,104,3,657,7,3591,115,70
2470,104,3,658,4,3595,82,40
2471,104,3,659,3,3598,46,30
2472,104,3,660,2,3600,40,20
2473,104,3,661,8,3608,63,80
2474,104,3,662,8,3616,1,80
2475,104,3,663,3,3619,1,30
2476,104,3,664,9,3628,130,90
2477,104,3,665,9,3637,98,90
2478,104,3,666,7,3644,1,70
2479,104,3,667,6,3650,1,60
2480,104,3,668,4,3654,1,40
2481,104,3,669,9,3663,162,90
2482,104,3,670,7,3670,104,70
2483,104,3,671,6,3676,108,60
2484,104,3,672,9,3685,96,90
2485,104,3,673,3,3688,55,30
2486,104,3,674,3,3691,53,30
2487,104,3,675,8,3699,1,80
2488,104,3,676,5,3704,84,50
2489,104,3,677,8,3712,82,80
2490,104,3,678,6,3718,73,60
2491,104,3,679,6,3724,52,60
2492,104,3,680,8,3732,1,80
2493,104,3,681,6,3738,105,60
2494,104,3,682,7,3745,88,70
2495,104,3,683,8,3753,90,80
2496,104,3,684,6,3759,1,60
2497,104,3,685,5,3764,78,50
2498,104,3,686,5,3769,66,50
2499,104,3,687,7,3776,82,70
2500,104,3,688,8,3784,85,80
2501,104,3,689,2,3786,50,20
2502,104,3,690,8,3794,67,80
2503,104,3,691,2,3796,42,20
2504,104,3,692,4,3800,60,40
2505,104,3,693,3,3803,38,30
2506,104,3,694,2,3805,1,20
2507,104,3,695,7,3812,62,70
2508,104,3,696,4,3816,1,40
2509,104,3,697,4,3820,70,40
2510,104,3,698,8,3828,1,80
2511,104,3,699,9,3837,124,90
2512,104,3,700,7,3844,78,70
2513,104,3,701,4,3848,1,40
2514,104,3,702,9,3857,108,90
2515,104,3,703,2,3859,1,20
2516,104,3,704,9,3868,102,90
2517,104,3,705,2,3870,75,20
2518,104,3,706,3,3873,1,30
2519,104,3,707,6,3879,70,60
2520,104,3,708,3,3882,1,30
2521,104,3,709,4,3886,87,40
2522,104,3,710,3,3889,53,30
2523,104,3,711,5,3894,38,50
2524,104,3,712,3,3897,37,30
2525,104,3,713,5,3902,1,50
2526,104,3,714,4,3906,1,40
2527,104,3,715,7,3913,106,70
2528,104,3,716,5,3918,81,50
2529,104,3,717,2,3920,43,20
2530,104,3,718,2,3922,46,20
2531,104,3,719,9,3931,68,90
2532,104,3,720,2,3933,45,20
2533,104,3,721,6,3939,64,60
2534,104,3,722,3,3942,29,30
2535,104,3,723,2,3944,1,20
2536,104,3,724,4,3948,52,40
2537,104,3,725,2,3950,1,20
2538,104,3,726,4,3954,48,40
2539,104,3,727,4,3958,47,40
2540,104,3,728,9,3967,73,90
2541,104,3,729,7,3974,65,70
2542,104,3,730,7,3981,1,70
2543,104,3,731,4,3985,1,40
2544,104,3,732,8,3993,110,80
2545,104,3,733,7,4000,1,70
2546,104,3,734,2,4002,1,20
2547,104,3,735,3,4005,123,30
2548,104,3,736,2,4007,78,20
2549,104,3,737,8,4015,1,80
2550,104,3,738,4,4019,105,40
2551,104,3,739,7,4026,80,70
2552,104,3,740,2,4028,1,20
2553,104,3,741,5,4033,73,50
2554,104,3,742,2,4035,52,20
2555,104,3,743,8,4043,69,80
2556,104,3,744,2,4045,53,20
2557,104,3,745,2,4047,1,20
2558,104,3,746,9,4056,73,90
2559,104,3,747,6,4062,80,60
2560,104,3,748,5,4067,66,50
2561,104,3,749,3,4070,52,30
2562,104,3,750,5,4075,1,50
2563,104,3,751,8,4083,1,80
2564,104,3,752,8,4091,1,80
2565,104,3,753,4,4095,123,40
2566,104,3,754,7,4102,1,70
2567,104,3,755,7,4109,123,70
2568,104,3,756,6,4115,107,60
2569,104,3,757,5,4120,1,50
2570,104,3,758,9,4129,1,90
2571,104,3,759,3,4132,141,30
2572,104,3,760,2,4134,86,20
2573,104,3,761,2,4136,1,20
2574,104,3,762,2,4138,54,20
2575,104,3,763,2,4140,47,20
2576,104,3,764,5,4145,39,50
2577,104,3,765,6,4151,48,60
2578,104,3,766,9,4160,77,90
2579,104,3,767,3,4163,56,30
2580,104,3,768,2,4165,43,20
2581,104,3,769,6,4171,1,60
2582,104,3,770,5,4176,78,50
2583,104,3,771,9,4185,89,90
2584,104,3,772,4,4189,70,40
2585,104,3,773,9,4198,68,90
2586,104,3,774,3,4201,60,30
2587,104,3,775,7,4208,62,70
2588,104,3,776,4,4212,53,40
2589,104,3,777,5,4217,38,50
2590,104,3,778,3,4220,37,30
2591,104,3,779,4,4224,1,40
2592,104,3,780,3,4227,70,30
2593,104,3,781,7,4234,1,70
2594,104,3,782,7,4241,94,70
2595,104,3,783,5,4246,64,50
2596,104,3,784,2,4248,1,20
2597,104,3,785,9,4257,1,90
2598,104,3,786,4,4261,116,40
2599,104,3,787,9,4270,110,90
2600,104,3,788,2,4272,65,20
2601,104,3,789,2,4274,40,20
2602,104,3,790,6,4280,60,60
2603,104,3,791,7,4287,53,70
2604,104,3,792,3,4290,43,30
2605,104,3,793,4,4294,1,40
2606,104,3,794,6,4300,69,60
2607,104,3,795,8,4308,67,80
2608,104,3,796,4,4312,47,40
2609,104,3,797,6,4318,52,60
2610,104,3,798,7,4325,1,70
2611,104,3,799,8,4333,1,80
2612,104,3,800,4,4337,1,40
2613,104,3,801,5,4342,112,50
2614,104,3,802,2,4344,67,20
2615,104,3,803,2,4346,66,20
2616,104,3,804,9,4355,59,90
2617,104,3,805,3,4358,50,30
2618,104,3,806,2,4360,1,20
2619,104,3,807,8,4368,1,80
2620,104,3,808,4,4372,1,40
2621,104,3,809,5,4377,109,50
2622,104,3,810,5,4382,76,50
2623,104,3,811,9,4391,101,90
2624,104,3,812,3,4394,52,30
2625,104,3,813,6,4400,1,60
2626,104,3,814,9,4409,1,90
2627,104,3,815,8,4417,106,80
2628,104,3,816,9,4426,1,90
2629,104,3,817,4,4430,155,40
2630,104,3,818,5,4435,1,50
2631,104,3,819,9,4444,1,90
2632,104,3,820,7,4451,178,70
2633,104,3,821,2,4453,1,20
2634,104,3,822,9,4462,136,90
2635,104,3,823,3,4465,100,30
2636,104,3,824,8,4473,1,80
2637,104,3,825,2,4475,1,20
2638,104,3,826,5,4480,127,50
2639,104,3,827,3,4483,1,30
2640,104,3,828,8,4491,122,80
2641,104,3,829,6,4497,88,60
2642,104,3,830,9,4506,1,90
2643,104,3,831,4,4510,94,40
2644,104,3,832,6,4516,76,60
2645,104,3,833,6,4522,83,60
2646,104,3,834,3,4525,45,30
2647,104,3,835,8,4533,60,80
2648,104,3,836,2,4535,54,20
2649,104,3,837,6,4541,52,60
2650,104,3,838,6,4547,58,60
2651,104,3,839,3,4550,50,30
2652,104,3,840,8,4558,48,80
2653,104,3,841,8,4566,62,80
2654,104,3,842,2,4568,37,20
2655,104,3,843,2,4570,20,20
2656,104,3,844,4,4574,43,40
2657,104,3,845,9,4583,67,90
2658,104,3,846,2,4585,35,20
2659,104,3,847,4,4589,40,40
2660,104,3,848,6,4595,47,60
2661,104,3,849,5,4600,60,50
2662,104,3,850,4,4604,52,40
2663,104,3,851,7,4611,48,70
2664,104,3,852,2,4613,1,20
2665,104,3,853,5,4618,1,50
2666,104,3,854,3,4621,69,30
2667,104,3,855,4,4625,52,40
2668,104,3,856,6,4631,50,60
2669,104,3,857,7,4638,64,70
2670,104,3,858,9,4647,71,90
2671,104,3,859,2,4649,48,20
2672,104,3,860,2,4651,41,20
2673,104,3,861,2,4653,35,20
2674,104,3,862,3,4656,35,30
2675,104,3,863,8,4664,47,80
2676,104,3,864,5,4669,56,50
2677,104,3,865,6,4675,43,60
2678,104,3,866,7,4682,64,70
2679,104,3,867,9,4691,68,90
2680,104,3,868,4,4695,1,40
2681,104,3,869,7,4702,96,70
2682,104,3,870,6,4708,1,60
2683,104,3,871,4,4712,96,40
2684,104,3,872,5,4717,69,50
2685,104,3,873,7,4724,1,70
2686,104,3,874,2,4726,87,20
2687,104,3,875,2,4728,47,20
2688,104,3,876,7,4735,66,70
2689,104,3,877,7,4742,55,70
2690,104,3,878,4,4746,1,40
2691,104,3,879,5,4751,1,50
2692,104,3,880,9,4760,124,90
2693,104,3,881,6,4766,72,60
2694,104,3,882,6,4772,1,60
2695,104,3,883,5,4777,101,50
2696,104,3,884,9,4786,85,90
2697,104,3,885,6,4792,1,60
2698,104,3,886,6,4798,106,60
2699,104,3,887,5,4803,69,50
2700,104,3,888,6,4809,67,60
2701,104,3,889,4,4813,1,40
2702,104,3,890,2,4815,1,20
2703,104,3,891,7,4822,103,70
2704,104,3,892,5,4827,73,50
2705,104,3,893,2,4829,1,20
2706,104,3,894,2,4831,49,20
2707,104,3,895,3,4834,39,30
2708,104,3,896,9,4843,54,90
2709,104,3,897,7,4850,64,70
2710,104,3,898,8,4858,68,80
2711,104,3,899,2,4860,54,20
2712,104,3,900,9,4869,75,90
2713,104,3,901,4,4873,52,40
2714,104,3,902,3,4876,1,30
2715,104,3,903,4,4880,69,40
2716,104,3,904,7,4887,47,70
2717,104,3,905,6,4893,61,60
2718,104,3,906,6,4899,79,60
2719,104,3,907,8,4907,80,80
2720,104,3,908,7,4914,82,70
2721,104,3,909,2,4916,1,20
2722,104,3,910,5,4921,1,50
2723,104,3,911,2,4923,78,20
2724,104,3,912,9,4932,76,90
2725,104,3,913,3,4935,1,30
2726,104,3,914,5,4940,1,50
2727,104,3,915,3,4943,105,30
2728,104,3,916,9,4952,1,90
2729,104,3,917,6,4958,115,60
2730,104,3,918,7,4965,1,70
2731,104,3,919,8,4973,129,80
2732,104,3,920,6,4979,86,60
2733,104,3,921,2,4981,66,20
2734,104,3,922,7,4988,1,70
2735,104,3,923,4,4992,76,40
