,Scenario,Trial,Inspection,Interval,Time,Defects,Rate
0,16,1,1,3,3,23,30
1,16,1,2,5,8,40,50
2,16,1,3,7,15,65,70
3,16,1,4,6,21,54,60
4,16,1,5,4,25,47,40
5,16,1,6,4,29,39,40
6,16,1,7,6,35,57,60
7,16,1,8,9,44,95,90
8,16,1,9,6,50,66,60
9,16,1,10,2,52,28,20
10,16,1,11,5,57,37,50
11,16,1,12,3,60,32,30
12,16,1,13,5,65,54,50
13,16,1,14,2,67,17,20
14,16,1,15,8,75,77,80
15,16,1,16,9,84,75,90
16,16,1,17,2,86,27,20
17,16,1,18,4,90,39,40
18,16,1,19,9,99,76,90
19,16,1,20,8,107,87,80
20,16,1,21,6,113,55,60
21,16,1,22,2,115,27,20
22,16,1,23,7,122,64,70
23,16,1,24,8,130,66,80
24,16,1,25,9,139,91,90
25,16,1,26,9,148,94,90
26,16,1,27,5,153,60,50
27,16,1,28,2,155,31,20
28,16,1,29,4,159,35,40
29,16,1,30,4,163,29,40
30,16,1,31,8,171,75,80
31,16,1,32,9,180,91,90
32,16,1,33,4,184,67,40
33,16,1,34,2,186,28,20
34,16,1,35,2,188,1,20
35,16,1,36,2,190,34,20
36,16,1,37,5,195,51,50
37,16,1,38,6,201,56,60
38,16,1,39,2,203,28,20
39,16,1,40,3,206,38,30
40,16,1,41,5,211,43,50
41,16,1,42,8,219,85,80
42,16,1,43,2,221,33,20
43,16,1,44,4,225,50,40
44,16,1,45,7,232,73,70
45,16,1,46,9,241,74,90
46,16,1,47,5,246,68,50
47,16,1,48,7,253,73,70
48,16,1,49,7,260,66,70
49,16,1,50,6,266,56,60
50,16,1,51,5,271,47,50
51,16,1,52,6,277,55,60
52,16,1,53,3,280,36,30
53,16,1,54,9,289,79,90
54,16,1,55,5,294,62,50
55,16,1,56,5,299,55,50
56,16,1,57,8,307,80,80
57,16,1,58,8,315,87,80
58,16,1,59,2,317,28,20
59,16,1,60,7,324,61,70
60,16,1,61,5,329,53,50
61,16,1,62,6,335,54,60
62,16,1,63,4,339,48,40
63,16,1,64,6,345,58,60
64,16,1,65,7,352,62,70
65,16,1,66,4,356,50,40
66,16,1,67,2,358,21,20
67,16,1,68,8,366,75,80
68,16,1,69,3,369,46,30
69,16,1,70,3,372,29,30
70,16,1,71,6,378,67,60
71,16,1,72,2,380,23,20
72,16,1,73,6,386,65,60
73,16,1,74,5,391,39,50
74,16,1,75,8,399,78,80
75,16,1,76,9,408,86,90
76,16,1,77,2,410,36,20
77,16,1,78,3,413,24,30
78,16,1,79,5,418,40,50
79,16,1,80,3,421,34,30
80,16,1,81,9,430,65,90
81,16,1,82,5,435,59,50
82,16,1,83,2,437,33,20
83,16,1,84,2,439,21,20
84,16,1,85,4,443,37,40
85,16,1,86,6,449,48,60
86,16,1,87,5,454,38,50
87,16,1,88,3,457,1,30
88,16,1,89,4,461,71,40
89,16,1,90,5,466,56,50
90,16,1,91,3,469,26,30
91,16,1,92,9,478,73,90
92,16,1,93,4,482,56,40
93,16,1,94,3,485,43,30
94,16,1,95,7,492,64,70
95,16,1,96,7,499,62,70
96,16,1,97,7,506,77,70
97,16,1,98,6,512,69,60
98,16,1,99,6,518,68,60
99,16,1,100,4,522,38,40
100,16,1,101,6,528,54,60
101,16,1,102,7,535,61,70
102,16,1,103,5,540,50,50
103,16,1,104,7,547,46,70
104,16,1,105,5,552,59,50
105,16,1,106,5,557,47,50
106,16,1,107,5,562,62,50
107,16,1,108,5,567,54,50
108,16,1,109,7,574,1,70
109,16,1,110,5,579,91,50
110,16,1,111,2,581,40,20
111,16,1,112,6,587,1,60
112,16,1,113,5,592,95,50
113,16,1,114,8,600,81,80
114,16,1,115,6,606,59,60
115,16,1,116,4,610,44,40
116,16,1,117,5,615,45,50
117,16,1,118,6,621,50,60
118,16,1,119,6,627,64,60
119,16,1,120,7,634,59,70
120,16,1,121,5,639,47,50
121,16,1,122,7,646,73,70
122,16,1,123,9,655,93,90
123,16,1,124,9,664,88,90
124,16,1,125,4,668,64,40
125,16,1,126,7,675,62,70
126,16,1,127,9,684,86,90
127,16,1,128,2,686,36,20
128,16,1,129,5,691,1,50
129,16,1,130,8,699,100,80
130,16,1,131,3,702,48,30
131,16,1,132,6,708,57,60
132,16,1,133,5,713,50,50
133,16,1,134,3,716,21,30
134,16,1,135,3,719,32,30
135,16,1,136,6,725,45,60
136,16,1,137,8,733,68,80
137,16,1,138,3,736,37,30
138,16,1,139,8,744,64,80
139,16,1,140,7,751,1,70
140,16,1,141,6,757,124,60
141,16,1,142,9,766,92,90
142,16,1,143,6,772,74,60
143,16,1,144,9,781,94,90
144,16,1,145,7,788,69,70
145,16,1,146,2,790,35,20
146,16,1,147,2,792,21,20
147,16,1,148,3,795,28,30
148,16,1,149,6,801,68,60
149,16,1,150,6,807,66,60
150,16,1,151,5,812,47,50
151,16,1,152,3,815,33,30
152,16,1,153,6,821,51,60
153,16,1,154,7,828,67,70
154,16,1,155,8,836,71,80
155,16,1,156,2,838,28,20
156,16,1,157,5,843,40,50
157,16,1,158,2,845,30,20
158,16,1,159,8,853,61,80
159,16,1,160,9,862,88,90
160,16,1,161,5,867,55,50
161,16,1,162,2,869,26,20
162,16,1,163,6,875,54,60
163,16,1,164,4,879,36,40
164,16,1,165,8,887,1,80
165,16,1,166,7,894,121,70
166,16,1,167,4,898,68,40
167,16,1,168,4,902,1,40
168,16,1,169,9,911,115,90
169,16,1,170,4,915,1,40
170,16,1,171,8,923,111,80
171,16,1,172,5,928,68,50
172,16,1,173,5,933,54,50
173,16,1,174,6,939,52,60
174,16,1,175,5,944,55,50
175,16,1,176,7,951,79,70
176,16,1,177,3,954,43,30
177,16,1,178,6,960,53,60
178,16,1,179,9,969,90,90
179,16,1,180,6,975,62,60
180,16,1,181,3,978,43,30
181,16,1,182,6,984,70,60
182,16,1,183,3,987,43,30
183,16,1,184,6,993,51,60
184,16,1,185,6,999,56,60
185,16,1,186,7,1006,64,70
186,16,1,187,5,1011,53,50
187,16,1,188,7,1018,75,70
188,16,1,189,2,1020,28,20
189,16,1,190,4,1024,38,40
190,16,1,191,8,1032,79,80
191,16,1,192,2,1034,22,20
192,16,1,193,2,1036,29,20
193,16,1,194,6,1042,57,60
194,16,1,195,4,1046,50,40
195,16,1,196,3,1049,34,30
196,16,1,197,8,1057,78,80
197,16,1,198,9,1066,92,90
198,16,1,199,9,1075,76,90
199,16,1,200,6,1081,60,60
200,16,1,201,4,1085,46,40
201,16,1,202,5,1090,1,50
202,16,1,203,2,1092,69,20
203,16,1,204,9,1101,76,90
204,16,1,205,7,1108,93,70
205,16,1,206,3,1111,35,30
206,16,1,207,9,1120,81,90
207,16,1,208,6,1126,63,60
208,16,1,209,9,1135,80,90
209,16,1,210,8,1143,76,80
210,16,1,211,5,1148,59,50
211,16,1,212,7,1155,59,70
212,16,1,213,4,1159,54,40
213,16,1,214,2,1161,23,20
214,16,1,215,7,1168,57,70
215,16,1,216,2,1170,27,20
216,16,1,217,3,1173,1,30
217,16,1,218,5,1178,65,50
218,16,1,219,7,1185,81,70
219,16,1,220,8,1193,91,80
220,16,1,221,9,1202,72,90
221,16,1,222,8,1210,77,80
222,16,1,223,8,1218,89,80
223,16,1,224,5,1223,56,50
224,16,1,225,6,1229,57,60
225,16,1,226,8,1237,64,80
226,16,1,227,9,1246,83,90
227,16,1,228,5,1251,57,50
228,16,1,229,7,1258,76,70
229,16,1,230,2,1260,25,20
230,16,1,231,5,1265,31,50
231,16,1,232,8,1273,76,80
232,16,1,233,9,1282,70,90
233,16,1,234,9,1291,91,90
234,16,1,235,3,1294,25,30
235,16,1,236,4,1298,36,40
236,16,1,237,4,1302,42,40
237,16,1,238,7,1309,80,70
238,16,1,239,8,1317,74,80
239,16,1,240,8,1325,89,80
240,16,1,241,5,1330,59,50
241,16,1,242,7,1337,76,70
242,16,1,243,5,1342,48,50
243,16,1,244,6,1348,58,60
244,16,1,245,8,1356,70,80
245,16,1,246,8,1364,1,80
246,16,1,247,5,1369,126,50
247,16,1,248,6,1375,84,60
248,16,1,249,4,1379,44,40
249,16,1,250,5,1384,50,50
250,16,1,251,2,1386,15,20
251,16,1,252,7,1393,60,70
252,16,1,253,5,1398,57,50
253,16,1,254,9,1407,73,90
254,16,1,255,3,1410,50,30
255,16,1,256,9,1419,76,90
256,16,1,257,8,1427,76,80
257,16,1,258,4,1431,47,40
258,16,1,259,4,1435,28,40
259,16,1,260,7,1442,54,70
260,16,1,261,2,1444,27,20
261,16,1,262,3,1447,28,30
262,16,1,263,9,1456,80,90
263,16,1,264,6,1462,59,60
264,16,1,265,7,1469,82,70
265,16,1,266,9,1478,82,90
266,16,1,267,7,1485,86,70
267,16,1,268,3,1488,36,30
268,16,1,269,6,1494,55,60
269,16,1,270,2,1496,21,20
270,16,1,271,4,1500,37,40
271,16,1,272,3,1503,31,30
272,16,1,273,4,1507,32,40
273,16,1,274,8,1515,77,80
274,16,1,275,3,1518,36,30
275,16,1,276,4,1522,46,40
276,16,1,277,9,1531,98,90
277,16,1,278,2,1533,26,20
278,16,1,279,3,1536,40,30
279,16,1,280,2,1538,27,20
280,16,1,281,5,1543,40,50
281,16,1,282,5,1548,54,50
282,16,1,283,9,1557,82,90
283,16,1,284,6,1563,68,60
284,16,1,285,7,1570,71,70
285,16,1,286,9,1579,103,90
286,16,1,287,4,1583,1,40
287,16,1,288,8,1591,107,80
288,16,1,289,9,1600,96,90
289,16,1,290,2,1602,31,20
290,16,1,291,2,1604,20,20
291,16,1,292,3,1607,26,30
292,16,1,293,4,1611,39,40
293,16,1,294,7,1618,68,70
294,16,1,295,7,1625,72,70
295,16,1,296,9,1634,80,90
296,16,1,297,8,1642,91,80
297,16,1,298,6,1648,73,60
298,16,1,299,7,1655,76,70
299,16,1,300,8,1663,74,80
300,16,1,301,4,1667,50,40
301,16,1,302,5,1672,60,50
302,16,1,303,2,1674,28,20
303,16,1,304,7,1681,53,70
304,16,1,305,8,1689,98,80
305,16,1,306,7,1696,62,70
306,16,1,307,3,1699,32,30
307,16,1,308,2,1701,19,20
308,16,1,309,7,1708,68,70
309,16,1,310,5,1713,59,50
310,16,1,311,8,1721,71,80
311,16,1,312,9,1730,83,90
312,16,1,313,8,1738,82,80
313,16,1,314,7,1745,66,70
314,16,1,315,7,1752,62,70
315,16,1,316,2,1754,26,20
316,16,1,317,6,1760,57,60
317,16,1,318,8,1768,69,80
318,16,1,319,7,1775,75,70
319,16,1,320,9,1784,74,90
320,16,1,321,7,1791,85,70
321,16,1,322,2,1793,33,20
322,16,1,323,8,1801,68,80
323,16,1,324,4,1805,50,40
324,16,1,325,9,1814,64,90
325,16,1,326,8,1822,68,80
326,16,1,327,7,1829,78,70
327,16,1,328,9,1838,83,90
328,16,1,329,2,1840,41,20
329,16,1,330,8,1848,79,80
330,16,1,331,8,1856,83,80
331,16,1,332,5,1861,50,50
332,16,1,333,6,1867,59,60
333,16,1,334,5,1872,66,50
334,16,1,335,4,1876,36,40
335,16,1,336,8,1884,61,80
336,16,1,337,7,1891,58,70
337,16,1,338,3,1894,38,30
338,16,1,339,5,1899,46,50
339,16,1,340,6,1905,46,60
340,16,1,341,6,1911,48,60
341,16,1,342,3,1914,47,30
342,16,1,343,6,1920,47,60
343,16,1,344,5,1925,54,50
344,16,1,345,9,1934,67,90
345,16,1,346,2,1936,27,20
346,16,1,347,8,1944,70,80
347,16,1,348,3,1947,47,30
348,16,1,349,3,1950,34,30
349,16,1,350,7,1957,1,70
350,16,1,351,4,1961,106,40
351,16,1,352,6,1967,75,60
352,16,1,353,5,1972,60,50
353,16,1,354,9,1981,89,90
354,16,1,355,5,1986,54,50
355,16,1,356,9,1995,90,90
356,16,1,357,7,2002,70,70
357,16,1,358,2,2004,16,20
358,16,1,359,4,2008,41,40
359,16,1,360,2,2010,25,20
360,16,1,361,5,2015,40,50
361,16,1,362,6,2021,55,60
362,16,1,363,2,2023,26,20
363,16,1,364,6,2029,54,60
364,16,1,365,8,2037,84,80
365,16,1,366,6,2043,60,60
366,16,1,367,8,2051,82,80
367,16,1,368,8,2059,63,80
368,16,1,369,7,2066,67,70
369,16,1,370,9,2075,81,90
370,16,1,371,4,2079,46,40
371,16,1,372,3,2082,39,30
372,16,1,373,5,2087,38,50
373,16,1,374,6,2093,78,60
374,16,1,375,6,2099,65,60
375,16,1,376,9,2108,85,90
376,16,1,377,3,2111,26,30
377,16,1,378,9,2120,77,90
378,16,1,379,8,2128,89,80
379,16,1,380,4,2132,43,40
380,16,1,381,8,2140,82,80
381,16,1,382,9,2149,72,90
382,16,1,383,7,2156,1,70
383,16,1,384,3,2159,66,30
384,16,1,385,7,2166,70,70
385,16,1,386,3,2169,40,30
386,16,1,387,3,2172,1,30
387,16,1,388,5,2177,77,50
388,16,1,389,6,2183,70,60
389,16,1,390,4,2187,29,40
390,16,1,391,8,2195,78,80
391,16,1,392,9,2204,93,90
392,16,1,393,5,2209,65,50
393,16,1,394,6,2215,64,60
394,16,1,395,9,2224,68,90
395,16,1,396,3,2227,37,30
396,16,1,397,4,2231,41,40
397,16,1,398,9,2240,72,90
398,16,1,399,7,2247,74,70
399,16,1,400,6,2253,63,60
400,16,1,401,4,2257,45,40
401,16,1,402,5,2262,44,50
402,16,1,403,8,2270,64,80
403,16,1,404,5,2275,36,50
404,16,1,405,5,2280,57,50
405,16,1,406,7,2287,68,70
406,16,1,407,4,2291,60,40
407,16,1,408,8,2299,76,80
408,16,1,409,3,2302,36,30
409,16,1,410,2,2304,16,20
410,16,1,411,2,2306,18,20
411,16,1,412,9,2315,83,90
412,16,1,413,6,2321,59,60
413,16,1,414,3,2324,36,30
414,16,1,415,8,2332,67,80
415,16,1,416,6,2338,58,60
416,16,1,417,3,2341,38,30
417,16,1,418,5,2346,46,50
418,16,1,419,4,2350,35,40
419,16,1,420,9,2359,84,90
420,16,1,421,4,2363,55,40
421,16,1,422,5,2368,53,50
422,16,1,423,4,2372,44,40
423,16,1,424,7,2379,63,70
424,16,1,425,4,2383,47,40
425,16,1,426,8,2391,81,80
426,16,1,427,4,2395,47,40
427,16,1,428,8,2403,54,80
428,16,1,429,8,2411,81,80
429,16,1,430,8,2419,99,80
430,16,1,431,6,2425,58,60
431,16,1,432,9,2434,94,90
432,16,1,433,7,2441,87,70
433,16,1,434,7,2448,81,70
434,16,1,435,5,2453,59,50
435,16,1,436,9,2462,81,90
436,16,1,437,3,2465,44,30
437,16,1,438,9,2474,59,90
438,16,1,439,7,2481,56,70
439,16,1,440,9,2490,90,90
440,16,1,441,4,2494,48,40
441,16,1,442,3,2497,40,30
442,16,1,443,6,2503,39,60
443,16,1,444,3,2506,25,30
444,16,1,445,6,2512,53,60
445,16,1,446,9,2521,88,90
446,16,1,447,6,2527,63,60
447,16,1,448,4,2531,48,40
448,16,1,449,7,2538,66,70
449,16,1,450,6,2544,71,60
450,16,1,451,3,2547,32,30
451,16,1,452,5,2552,43,50
452,16,1,453,2,2554,23,20
453,16,1,454,8,2562,70,80
454,16,1,455,6,2568,65,60
455,16,1,456,9,2577,90,90
456,16,1,457,4,2581,56,40
457,16,1,458,7,2588,65,70
458,16,1,459,2,2590,26,20
459,16,1,460,4,2594,43,40
460,16,1,461,7,2601,52,70
461,16,1,462,6,2607,64,60
462,16,1,463,5,2612,50,50
463,16,1,464,6,2618,63,60
464,16,1,465,8,2626,1,80
465,16,1,466,9,2635,164,90
466,16,1,467,8,2643,80,80
467,16,1,468,7,2650,94,70
468,16,1,469,3,2653,38,30
469,16,1,470,9,2662,72,90
470,16,1,471,3,2665,38,30
471,16,1,472,5,2670,40,50
472,16,1,473,3,2673,30,30
473,16,1,474,7,2680,64,70
474,16,1,475,9,2689,74,90
475,16,1,476,9,2698,83,90
476,16,1,477,5,2703,54,50
477,16,1,478,8,2711,66,80
478,16,1,479,5,2716,49,50
479,16,1,480,2,2718,38,20
480,16,1,481,4,2722,37,40
481,16,1,482,4,2726,51,40
482,16,1,483,4,2730,39,40
483,16,1,484,9,2739,69,90
484,16,1,485,2,2741,32,20
485,16,1,486,6,2747,47,60
486,16,1,487,8,2755,96,80
487,16,1,488,7,2762,80,70
488,16,1,489,3,2765,1,30
489,16,1,490,3,2768,64,30
490,16,1,491,8,2776,83,80
491,16,1,492,6,2782,71,60
492,16,1,493,5,2787,50,50
493,16,1,494,2,2789,24,20
494,16,1,495,5,2794,37,50
495,16,1,496,7,2801,71,70
496,16,1,497,2,2803,36,20
497,16,1,498,6,2809,50,60
498,16,1,499,4,2813,51,40
499,16,1,500,6,2819,59,60
500,16,1,501,5,2824,48,50
501,16,1,502,7,2831,68,70
502,16,1,503,8,2839,78,80
503,16,1,504,3,2842,35,30
504,16,1,505,2,2844,24,20
505,16,1,506,5,2849,35,50
506,16,1,507,2,2851,18,20
507,16,1,508,9,2860,86,90
508,16,1,509,7,2867,78,70
509,16,1,510,8,2875,94,80
510,16,1,511,7,2882,78,70
511,16,1,512,8,2890,82,80
512,16,1,513,9,2899,101,90
513,16,1,514,8,2907,69,80
514,16,1,515,9,2916,78,90
515,16,1,516,8,2924,71,80
516,16,1,517,2,2926,21,20
517,16,1,518,3,2929,30,30
518,16,1,519,7,2936,46,70
519,16,1,520,9,2945,89,90
520,16,1,521,7,2952,78,70
521,16,1,522,9,2961,86,90
522,16,1,523,5,2966,57,50
523,16,1,524,9,2975,1,90
524,16,1,525,9,2984,166,90
525,16,1,526,5,2989,72,50
526,16,1,527,9,2998,74,90
527,16,1,528,6,3004,61,60
528,16,1,529,6,3010,60,60
529,16,1,530,2,3012,31,20
530,16,1,531,3,3015,27,30
531,16,1,532,8,3023,79,80
532,16,1,533,6,3029,58,60
533,16,1,534,6,3035,52,60
534,16,1,535,8,3043,73,80
535,16,1,536,7,3050,58,70
536,16,1,537,5,3055,36,50
537,16,1,538,3,3058,32,30
538,16,1,539,2,3060,16,20
539,16,1,540,5,3065,41,50
540,16,1,541,8,3073,82,80
541,16,1,542,3,3076,42,30
542,16,1,543,2,3078,26,20
543,16,1,544,3,3081,1,30
544,16,1,545,7,3088,97,70
545,16,1,546,4,3092,46,40
546,16,1,547,3,3095,37,30
547,16,1,548,8,3103,1,80
548,16,1,549,5,3108,121,50
549,16,1,550,5,3113,61,50
550,16,1,551,8,3121,1,80
551,16,1,552,6,3127,129,60
552,16,1,553,5,3132,58,50
553,16,1,554,8,3140,75,80
554,16,1,555,6,3146,65,60
555,16,1,556,7,3153,64,70
556,16,1,557,3,3156,35,30
557,16,1,558,7,3163,79,70
558,16,1,559,5,3168,49,50
559,16,1,560,6,3174,69,60
560,16,1,561,6,3180,45,60
561,16,1,562,7,3187,66,70
562,16,1,563,7,3194,56,70
563,16,1,564,6,3200,50,60
564,16,1,565,6,3206,57,60
565,16,1,566,7,3213,69,70
566,16,1,567,5,3218,70,50
567,16,1,568,5,3223,57,50
568,16,1,569,8,3231,62,80
569,16,1,570,5,3236,51,50
570,16,1,571,4,3240,40,40
571,16,1,572,5,3245,45,50
572,16,1,573,3,3248,45,30
573,16,1,574,4,3252,26,40
574,16,1,575,4,3256,37,40
575,16,1,576,8,3264,60,80
576,16,1,577,7,3271,65,70
577,16,1,578,2,3273,28,20
578,16,1,579,3,3276,26,30
579,16,1,580,5,3281,50,50
580,16,1,581,9,3290,70,90
581,16,1,582,2,3292,35,20
582,16,1,583,3,3295,19,30
583,16,1,584,5,3300,40,50
584,16,1,585,8,3308,81,80
585,16,1,586,4,3312,63,40
586,16,1,587,7,3319,64,70
587,16,1,588,4,3323,45,40
588,16,1,589,3,3326,46,30
589,16,1,590,4,3330,38,40
590,16,1,591,5,3335,57,50
591,16,1,592,7,3342,74,70
592,16,1,593,9,3351,97,90
593,16,1,594,2,3353,35,20
594,16,1,595,6,3359,43,60
595,16,1,596,2,3361,25,20
596,16,1,597,2,3363,36,20
597,16,1,598,8,3371,73,80
598,16,1,599,4,3375,52,40
599,16,1,600,3,3378,35,30
600,16,1,601,6,3384,54,60
601,16,1,602,2,3386,33,20
602,16,1,603,8,3394,72,80
603,16,1,604,6,3400,66,60
604,16,1,605,4,3404,55,40
605,16,1,606,8,3412,70,80
606,16,1,607,6,3418,65,60
607,16,1,608,5,3423,1,50
608,16,1,609,9,3432,139,90
609,16,1,610,7,3439,81,70
610,16,1,611,3,3442,38,30
611,16,1,612,2,3444,1,20
612,16,1,613,7,3451,76,70
613,16,1,614,5,3456,54,50
614,16,1,615,2,3458,27,20
615,16,1,616,8,3466,65,80
616,16,1,617,2,3468,28,20
617,16,1,618,2,3470,34,20
618,16,1,619,3,3473,29,30
619,16,1,620,2,3475,15,20
620,16,1,621,8,3483,57,80
621,16,1,622,9,3492,95,90
622,16,1,623,5,3497,63,50
623,16,1,624,3,3500,31,30
624,16,1,625,7,3507,65,70
625,16,1,626,8,3515,54,80
626,16,1,627,7,3522,62,70
627,16,1,628,2,3524,32,20
628,16,1,629,3,3527,1,30
629,16,1,630,6,3533,74,60
630,16,1,631,2,3535,31,20
631,16,1,632,9,3544,1,90
632,16,1,633,3,3547,103,30
633,16,1,634,9,3556,82,90
634,16,1,635,9,3565,91,90
635,16,1,636,8,3573,80,80
636,16,1,637,9,3582,82,90
637,16,1,638,7,3589,87,70
638,16,1,639,4,3593,40,40
639,16,1,640,4,3597,43,40
640,16,1,641,7,3604,67,70
641,16,1,642,4,3608,45,40
642,16,1,643,8,3616,64,80
643,16,1,644,4,3620,41,40
644,16,1,645,8,3628,81,80
645,16,1,646,7,3635,75,70
646,16,1,647,8,3643,78,80
647,16,1,648,6,3649,61,60
648,16,1,649,3,3652,30,30
649,16,1,650,5,3657,35,50
650,16,1,651,8,3665,72,80
651,16,1,652,7,3672,77,70
652,16,1,653,4,3676,1,40
653,16,1,654,9,3685,93,90
654,16,1,655,9,3694,102,90
655,16,1,656,7,3701,61,70
656,16,1,657,9,3710,90,90
657,16,1,658,7,3717,67,70
658,16,1,659,4,3721,50,40
659,16,1,660,6,3727,62,60
660,16,1,661,7,3734,63,70
661,16,1,662,3,3737,34,30
662,16,1,663,3,3740,28,30
663,16,1,664,3,3743,45,30
664,16,1,665,9,3752,1,90
665,16,1,666,2,3754,97,20
666,16,1,667,7,3761,58,70
667,16,1,668,3,3764,33,30
668,16,1,669,9,3773,72,90
669,16,1,670,8,3781,89,80
670,16,1,671,5,3786,56,50
671,16,1,672,9,3795,72,90
672,16,1,673,7,3802,82,70
673,16,1,674,7,3809,53,70
674,16,1,675,6,3815,57,60
675,16,1,676,2,3817,28,20
676,16,1,677,9,3826,78,90
677,16,1,678,9,3835,81,90
678,16,1,679,6,3841,63,60
679,16,1,680,2,3843,37,20
680,16,1,681,2,3845,15,20
681,16,1,682,3,3848,29,30
682,16,1,683,5,3853,32,50
683,16,1,684,7,3860,59,70
684,16,1,685,9,3869,92,90
685,16,1,686,9,3878,1,90
686,16,1,687,5,3883,1,50
687,16,1,688,9,3892,192,90
688,16,1,689,6,3898,74,60
689,16,1,690,3,3901,42,30
690,16,1,691,3,3904,28,30
691,16,1,692,4,3908,36,40
692,16,1,693,3,3911,36,30
693,16,1,694,9,3920,80,90
694,16,1,695,9,3929,106,90
695,16,1,696,6,3935,65,60
696,16,1,697,7,3942,69,70
697,16,1,698,3,3945,39,30
698,16,1,699,2,3947,21,20
699,16,1,700,8,3955,68,80
700,16,1,701,4,3959,42,40
701,16,1,702,4,3963,35,40
702,16,1,703,7,3970,49,70
703,16,1,704,7,3977,72,70
704,16,1,705,7,3984,76,70
705,16,1,706,6,3990,63,60
706,16,1,707,5,3995,56,50
707,16,1,708,7,4002,69,70
708,16,1,709,7,4009,73,70
709,16,1,710,6,4015,68,60
710,16,1,711,7,4022,62,70
711,16,1,712,3,4025,42,30
712,16,1,713,3,4028,27,30
713,16,1,714,9,4037,70,90
714,16,1,715,7,4044,72,70
715,16,1,716,9,4053,86,90
716,16,1,717,2,4055,30,20
717,16,1,718,4,4059,1,40
718,16,1,719,4,4063,68,40
719,16,1,720,3,4066,34,30
720,16,1,721,7,4073,68,70
721,16,1,722,3,4076,38,30
722,16,1,723,3,4079,30,30
723,16,1,724,9,4088,79,90
724,16,1,725,4,4092,47,40
725,16,1,726,8,4100,69,80
726,16,1,727,4,4104,57,40
727,16,1,728,4,4108,45,40
728,16,1,729,7,4115,75,70
729,16,1,730,9,4124,88,90
730,16,1,731,6,4130,69,60
731,16,1,732,6,4136,61,60
732,16,1,733,2,4138,21,20
733,16,1,734,8,4146,70,80
734,16,1,735,7,4153,76,70
735,16,1,736,6,4159,67,60
736,16,1,737,3,4162,40,30
737,16,1,738,5,4167,52,50
738,16,1,739,7,4174,1,70
739,16,1,740,5,4179,100,50
740,16,1,741,2,4181,53,20
741,16,1,742,8,4189,92,80
742,16,1,743,5,4194,44,50
743,16,1,744,7,4201,61,70
744,16,1,745,9,4210,87,90
745,16,1,746,5,4215,55,50
746,16,1,747,2,4217,31,20
747,16,1,748,9,4226,71,90
748,16,1,749,9,4235,72,90
749,16,1,750,9,4244,86,90
750,16,1,751,2,4246,38,20
751,16,1,752,8,4254,82,80
752,16,1,753,9,4263,93,90
753,16,1,754,9,4272,80,90
754,16,1,755,9,4281,71,90
755,16,1,756,2,4283,1,20
756,16,1,757,2,4285,52,20
757,16,1,758,8,4293,78,80
758,16,1,759,3,4296,51,30
759,16,1,760,2,4298,23,20
760,16,1,761,3,4301,30,30
761,16,1,762,3,4304,20,30
762,16,1,763,7,4311,64,70
763,16,1,764,6,4317,66,60
764,16,1,765,9,4326,72,90
765,16,1,766,9,4335,100,90
766,16,1,767,3,4338,48,30
767,16,1,768,6,4344,57,60
768,16,1,769,2,4346,1,20
769,16,1,770,9,4355,98,90
770,16,1,771,5,4360,57,50
771,16,1,772,6,4366,70,60
772,16,1,773,8,4374,63,80
773,16,1,774,5,4379,53,50
774,16,1,775,6,4385,52,60
775,16,1,776,8,4393,79,80
776,16,1,777,9,4402,89,90
777,16,1,778,5,4407,64,50
778,16,1,779,5,4412,64,50
779,16,1,780,9,4421,71,90
780,16,1,781,5,4426,52,50
781,16,1,782,4,4430,50,40
782,16,1,783,8,4438,78,80
783,16,1,784,7,4445,67,70
784,16,1,785,5,4450,51,50
785,16,1,786,3,4453,39,30
786,16,1,787,5,4458,46,50
787,16,1,788,9,4467,51,90
788,16,1,789,4,4471,48,40
789,16,1,790,2,4473,17,20
790,16,1,791,8,4481,68,80
791,16,1,792,7,4488,1,70
792,16,1,793,9,4497,142,90
793,16,1,794,5,4502,65,50
794,16,1,795,5,4507,58,50
795,16,1,796,9,4516,74,90
796,16,1,797,5,4521,62,50
797,16,1,798,3,4524,38,30
798,16,1,799,5,4529,51,50
799,16,1,800,4,4533,41,40
800,16,1,801,4,4537,46,40
801,16,1,802,9,4546,100,90
802,16,1,803,4,4550,1,40
803,16,1,804,4,4554,80,40
804,16,1,805,3,4557,30,30
805,16,1,806,3,4560,29,30
806,16,1,807,5,4565,44,50
807,16,1,808,6,4571,58,60
808,16,1,809,3,4574,49,30
809,16,1,810,5,4579,46,50
810,16,1,811,9,4588,79,90
811,16,1,812,4,4592,1,40
812,16,1,813,8,4600,132,80
813,16,1,814,3,4603,52,30
814,16,1,815,2,4605,24,20
815,16,1,816,7,4612,51,70
816,16,1,817,5,4617,46,50
817,16,1,818,6,4623,60,60
818,16,1,819,7,4630,68,70
819,16,1,820,7,4637,74,70
820,16,1,821,7,4644,55,70
821,16,1,822,9,4653,98,90
822,16,1,823,2,4655,1,20
823,16,1,824,8,4663,118,80
824,16,1,825,5,4668,52,50
825,16,1,826,7,4675,71,70
826,16,1,827,6,4681,67,60
827,16,1,828,5,4686,55,50
828,16,1,829,2,4688,1,20
829,16,1,830,8,4696,1,80
830,16,1,831,8,4704,149,80
831,16,1,832,5,4709,78,50
832,16,1,833,4,4713,62,40
833,16,1,834,9,4722,88,90
834,16,1,835,2,4724,38,20
835,16,1,836,4,4728,33,40
836,16,1,837,7,4735,63,70
837,16,1,838,5,4740,47,50
838,16,1,839,7,4747,71,70
839,16,1,840,4,4751,38,40
840,16,1,841,2,4753,25,20
841,16,1,842,7,4760,62,70
842,16,1,843,6,4766,1,60
843,16,1,844,4,4770,103,40
844,16,1,845,2,4772,31,20
845,16,1,846,9,4781,69,90
846,16,1,847,3,4784,50,30
847,16,1,848,2,4786,23,20
848,16,1,849,3,4789,1,30
849,16,1,850,8,4797,99,80
850,16,1,851,9,4806,1,90
851,16,1,852,4,4810,96,40
852,16,1,853,4,4814,52,40
853,16,1,854,9,4823,93,90
854,16,1,855,2,4825,37,20
855,16,1,856,5,4830,42,50
856,16,1,857,6,4836,60,60
857,16,1,858,4,4840,37,40
858,16,1,859,6,4846,61,60
859,16,1,860,8,4854,77,80
860,16,1,861,9,4863,97,90
861,16,1,862,7,4870,75,70
862,16,1,863,2,4872,25,20
863,16,1,864,9,4881,70,90
864,16,1,865,3,4884,33,30
865,16,1,866,3,4887,33,30
866,16,1,867,3,4890,29,30
867,16,1,868,2,4892,13,20
868,16,1,869,2,4894,18,20
869,16,1,870,2,4896,11,20
870,16,1,871,4,4900,36,40
871,16,1,872,4,4904,35,40
872,16,1,873,8,4912,74,80
873,16,1,874,6,4918,54,60
874,16,1,875,5,4923,58,50
875,16,1,876,6,4929,52,60
876,16,1,877,4,4933,39,40
877,16,1,878,5,4938,38,50
878,16,1,879,6,4944,58,60
879,16,1,880,3,4947,33,30
880,16,1,881,6,4953,64,60
881,16,1,882,7,4960,71,70
882,16,1,883,9,4969,92,90
883,16,1,884,6,4975,68,60
884,16,1,885,5,4980,1,50
885,16,1,886,6,4986,114,60
886,16,1,887,2,4988,42,20
887,16,1,888,9,4997,92,90
888,16,2,1,2,2,14,20
889,16,2,2,8,10,73,80
890,16,2,3,9,19,102,90
891,16,2,4,5,24,52,50
892,16,2,5,9,33,85,90
893,16,2,6,9,42,94,90
894,16,2,7,7,49,64,70
895,16,2,8,4,53,50,40
896,16,2,9,2,55,19,20
897,16,2,10,4,59,35,40
898,16,2,11,3,62,34,30
899,16,2,12,9,71,82,90
900,16,2,13,7,78,72,70
901,16,2,14,8,86,79,80
902,16,2,15,6,92,60,60
903,16,2,16,8,100,71,80
904,16,2,17,5,105,48,50
905,16,2,18,6,111,61,60
906,16,2,19,5,116,47,50
907,16,2,20,4,120,28,40
908,16,2,21,4,124,42,40
909,16,2,22,5,129,43,50
910,16,2,23,6,135,59,60
911,16,2,24,4,139,45,40
912,16,2,25,9,148,81,90
913,16,2,26,2,150,35,20
914,16,2,27,3,153,1,30
915,16,2,28,2,155,32,20
916,16,2,29,3,158,30,30
917,16,2,30,2,160,22,20
918,16,2,31,2,162,21,20
919,16,2,32,2,164,10,20
920,16,2,33,5,169,51,50
921,16,2,34,3,172,32,30
922,16,2,35,6,178,53,60
923,16,2,36,8,186,64,80
924,16,2,37,3,189,50,30
925,16,2,38,3,192,31,30
926,16,2,39,8,200,77,80
927,16,2,40,9,209,87,90
928,16,2,41,5,214,62,50
929,16,2,42,4,218,39,40
930,16,2,43,2,220,28,20
931,16,2,44,3,223,33,30
932,16,2,45,5,228,35,50
933,16,2,46,2,230,23,20
934,16,2,47,4,234,33,40
935,16,2,48,7,241,86,70
936,16,2,49,3,244,1,30
937,16,2,50,9,253,98,90
938,16,2,51,3,256,45,30
939,16,2,52,5,261,53,50
940,16,2,53,9,270,80,90
941,16,2,54,5,275,67,50
942,16,2,55,7,282,52,70
943,16,2,56,5,287,48,50
944,16,2,57,7,294,61,70
945,16,2,58,5,299,54,50
946,16,2,59,7,306,71,70
947,16,2,60,4,310,54,40
948,16,2,61,7,317,66,70
949,16,2,62,2,319,36,20
950,16,2,63,3,322,35,30
951,16,2,64,8,330,81,80
952,16,2,65,9,339,86,90
953,16,2,66,2,341,37,20
954,16,2,67,5,346,43,50
955,16,2,68,7,353,62,70
956,16,2,69,4,357,56,40
957,16,2,70,7,364,68,70
958,16,2,71,6,370,62,60
959,16,2,72,3,373,37,30
960,16,2,73,8,381,86,80
961,16,2,74,7,388,82,70
962,16,2,75,3,391,44,30
963,16,2,76,6,397,53,60
964,16,2,77,2,399,34,20
965,16,2,78,5,404,43,50
966,16,2,79,9,413,86,90
967,16,2,80,5,418,67,50
968,16,2,81,9,427,98,90
969,16,2,82,4,431,51,40
970,16,2,83,3,434,35,30
971,16,2,84,4,438,38,40
972,16,2,85,5,443,45,50
973,16,2,86,4,447,48,40
974,16,2,87,2,449,24,20
975,16,2,88,9,458,86,90
976,16,2,89,7,465,58,70
977,16,2,90,2,467,19,20
978,16,2,91,5,472,49,50
979,16,2,92,2,474,17,20
980,16,2,93,9,483,71,90
981,16,2,94,3,486,38,30
982,16,2,95,2,488,26,20
983,16,2,96,9,497,79,90
984,16,2,97,5,502,61,50
985,16,2,98,9,511,77,90
986,16,2,99,4,515,35,40
987,16,2,100,8,523,68,80
988,16,2,101,2,525,31,20
989,16,2,102,4,529,40,40
990,16,2,103,6,535,51,60
991,16,2,104,9,544,88,90
992,16,2,105,2,546,28,20
993,16,2,106,9,555,59,90
994,16,2,107,8,563,73,80
995,16,2,108,8,571,72,80
996,16,2,109,2,573,31,20
997,16,2,110,9,582,62,90
998,16,2,111,8,590,66,80
999,16,2,112,3,593,1,30
1000,16,2,113,4,597,66,40
1001,16,2,114,2,599,33,20
1002,16,2,115,4,603,41,40
1003,16,2,116,5,608,40,50
1004,16,2,117,8,616,68,80
1005,16,2,118,4,620,43,40
1006,16,2,119,2,622,33,20
1007,16,2,120,5,627,47,50
1008,16,2,121,6,633,54,60
1009,16,2,122,6,639,63,60
1010,16,2,123,4,643,39,40
1011,16,2,124,2,645,31,20
1012,16,2,125,5,650,50,50
1013,16,2,126,3,653,39,30
1014,16,2,127,4,657,1,40
1015,16,2,128,6,663,82,60
1016,16,2,129,5,668,54,50
1017,16,2,130,5,673,50,50
1018,16,2,131,8,681,81,80
1019,16,2,132,6,687,59,60
1020,16,2,133,4,691,43,40
1021,16,2,134,3,694,30,30
1022,16,2,135,2,696,20,20
1023,16,2,136,3,699,40,30
1024,16,2,137,2,701,25,20
1025,16,2,138,8,709,71,80
1026,16,2,139,5,714,59,50
1027,16,2,140,7,721,67,70
1028,16,2,141,3,724,1,30
1029,16,2,142,2,726,41,20
1030,16,2,143,4,730,50,40
1031,16,2,144,9,739,73,90
1032,16,2,145,4,743,50,40
1033,16,2,146,2,745,26,20
1034,16,2,147,2,747,24,20
1035,16,2,148,6,753,41,60
1036,16,2,149,6,759,60,60
1037,16,2,150,7,766,65,70
1038,16,2,151,8,774,62,80
1039,16,2,152,4,778,57,40
1040,16,2,153,8,786,76,80
1041,16,2,154,3,789,47,30
1042,16,2,155,6,795,60,60
1043,16,2,156,2,797,31,20
1044,16,2,157,2,799,17,20
1045,16,2,158,9,808,78,90
1046,16,2,159,8,816,78,80
1047,16,2,160,3,819,47,30
1048,16,2,161,9,828,96,90
1049,16,2,162,2,830,32,20
1050,16,2,163,2,832,28,20
1051,16,2,164,5,837,49,50
1052,16,2,165,3,840,40,30
1053,16,2,166,3,843,1,30
1054,16,2,167,4,847,60,40
1055,16,2,168,9,856,89,90
1056,16,2,169,9,865,73,90
1057,16,2,170,9,874,95,90
1058,16,2,171,6,880,70,60
1059,16,2,172,9,889,86,90
1060,16,2,173,4,893,47,40
1061,16,2,174,4,897,1,40
1062,16,2,175,8,905,1,80
1063,16,2,176,8,913,152,80
1064,16,2,177,3,916,70,30
1065,16,2,178,8,924,80,80
1066,16,2,179,8,932,86,80
1067,16,2,180,3,935,45,30
1068,16,2,181,8,943,63,80
1069,16,2,182,5,948,59,50
1070,16,2,183,2,950,31,20
1071,16,2,184,4,954,35,40
1072,16,2,185,5,959,42,50
1073,16,2,186,5,964,55,50
1074,16,2,187,3,967,42,30
1075,16,2,188,7,974,67,70
1076,16,2,189,3,977,32,30
1077,16,2,190,8,985,70,80
1078,16,2,191,2,987,1,20
1079,16,2,192,8,995,97,80
1080,16,2,193,5,1000,52,50
1081,16,2,194,3,1003,33,30
1082,16,2,195,9,1012,77,90
1083,16,2,196,8,1020,66,80
1084,16,2,197,5,1025,46,50
1085,16,2,198,6,1031,1,60
1086,16,2,199,2,1033,83,20
1087,16,2,200,8,1041,81,80
1088,16,2,201,8,1049,98,80
1089,16,2,202,7,1056,63,70
1090,16,2,203,6,1062,45,60
1091,16,2,204,7,1069,45,70
1092,16,2,205,3,1072,33,30
1093,16,2,206,5,1077,42,50
1094,16,2,207,7,1084,69,70
1095,16,2,208,7,1091,60,70
1096,16,2,209,7,1098,72,70
1097,16,2,210,8,1106,61,80
1098,16,2,211,8,1114,71,80
1099,16,2,212,7,1121,56,70
1100,16,2,213,6,1127,61,60
1101,16,2,214,7,1134,70,70
1102,16,2,215,5,1139,1,50
1103,16,2,216,6,1145,100,60
1104,16,2,217,9,1154,81,90
1105,16,2,218,2,1156,1,20
1106,16,2,219,6,1162,74,60
1107,16,2,220,2,1164,23,20
1108,16,2,221,2,1166,32,20
1109,16,2,222,5,1171,46,50
1110,16,2,223,9,1180,78,90
1111,16,2,224,4,1184,45,40
1112,16,2,225,5,1189,57,50
1113,16,2,226,5,1194,58,50
1114,16,2,227,2,1196,19,20
1115,16,2,228,5,1201,1,50
1116,16,2,229,4,1205,93,40
1117,16,2,230,4,1209,54,40
1118,16,2,231,4,1213,1,40
1119,16,2,232,2,1215,49,20
1120,16,2,233,2,1217,30,20
1121,16,2,234,9,1226,80,90
1122,16,2,235,4,1230,46,40
1123,16,2,236,6,1236,64,60
1124,16,2,237,4,1240,37,40
1125,16,2,238,9,1249,82,90
1126,16,2,239,6,1255,62,60
1127,16,2,240,3,1258,43,30
1128,16,2,241,8,1266,78,80
1129,16,2,242,2,1268,31,20
1130,16,2,243,3,1271,1,30
1131,16,2,244,3,1274,52,30
1132,16,2,245,7,1281,59,70
1133,16,2,246,8,1289,80,80
1134,16,2,247,9,1298,92,90
1135,16,2,248,6,1304,76,60
1136,16,2,249,2,1306,30,20
1137,16,2,250,2,1308,20,20
1138,16,2,251,8,1316,75,80
1139,16,2,252,5,1321,1,50
1140,16,2,253,3,1324,79,30
1141,16,2,254,8,1332,58,80
1142,16,2,255,3,1335,37,30
1143,16,2,256,8,1343,1,80
1144,16,2,257,5,1348,94,50
1145,16,2,258,4,1352,61,40
1146,16,2,259,3,1355,41,30
1147,16,2,260,7,1362,1,70
1148,16,2,261,2,1364,84,20
1149,16,2,262,4,1368,43,40
1150,16,2,263,8,1376,61,80
1151,16,2,264,4,1380,40,40
1152,16,2,265,4,1384,54,40
1153,16,2,266,9,1393,62,90
1154,16,2,267,4,1397,61,40
1155,16,2,268,9,1406,95,90
1156,16,2,269,8,1414,82,80
1157,16,2,270,4,1418,60,40
1158,16,2,271,6,1424,1,60
1159,16,2,272,2,1426,64,20
1160,16,2,273,7,1433,56,70
1161,16,2,274,7,1440,83,70
1162,16,2,275,9,1449,81,90
1163,16,2,276,2,1451,26,20
1164,16,2,277,8,1459,1,80
1165,16,2,278,4,1463,100,40
1166,16,2,279,7,1470,77,70
1167,16,2,280,4,1474,49,40
1168,16,2,281,2,1476,30,20
1169,16,2,282,2,1478,26,20
1170,16,2,283,7,1485,64,70
1171,16,2,284,2,1487,36,20
1172,16,2,285,9,1496,78,90
1173,16,2,286,4,1500,37,40
1174,16,2,287,8,1508,73,80
1175,16,2,288,5,1513,49,50
1176,16,2,289,2,1515,30,20
1177,16,2,290,3,1518,26,30
1178,16,2,291,7,1525,63,70
1179,16,2,292,6,1531,62,60
1180,16,2,293,5,1536,54,50
1181,16,2,294,3,1539,33,30
1182,16,2,295,9,1548,83,90
1183,16,2,296,2,1550,37,20
1184,16,2,297,5,1555,44,50
1185,16,2,298,3,1558,40,30
1186,16,2,299,6,1564,46,60
1187,16,2,300,2,1566,26,20
1188,16,2,301,3,1569,31,30
1189,16,2,302,4,1573,30,40
1190,16,2,303,3,1576,37,30
1191,16,2,304,3,1579,30,30
1192,16,2,305,6,1585,60,60
1193,16,2,306,9,1594,80,90
1194,16,2,307,2,1596,29,20
1195,16,2,308,8,1604,42,80
1196,16,2,309,3,1607,38,30
1197,16,2,310,9,1616,94,90
1198,16,2,311,8,1624,82,80
1199,16,2,312,8,1632,82,80
1200,16,2,313,2,1634,24,20
1201,16,2,314,8,1642,76,80
1202,16,2,315,9,1651,75,90
1203,16,2,316,3,1654,48,30
1204,16,2,317,5,1659,1,50
1205,16,2,318,5,1664,97,50
1206,16,2,319,6,1670,1,60
1207,16,2,320,7,1677,127,70
1208,16,2,321,7,1684,78,70
1209,16,2,322,7,1691,1,70
1210,16,2,323,4,1695,113,40
1211,16,2,324,8,1703,81,80
1212,16,2,325,8,1711,85,80
1213,16,2,326,5,1716,51,50
1214,16,2,327,6,1722,54,60
1215,16,2,328,2,1724,26,20
1216,16,2,329,4,1728,36,40
1217,16,2,330,8,1736,69,80
1218,16,2,331,7,1743,1,70
1219,16,2,332,3,1746,104,30
1220,16,2,333,5,1751,56,50
1221,16,2,334,5,1756,42,50
1222,16,2,335,5,1761,42,50
1223,16,2,336,3,1764,31,30
1224,16,2,337,3,1767,32,30
1225,16,2,338,5,1772,44,50
1226,16,2,339,3,1775,19,30
1227,16,2,340,3,1778,28,30
1228,16,2,341,8,1786,82,80
1229,16,2,342,4,1790,49,40
1230,16,2,343,8,1798,63,80
1231,16,2,344,2,1800,36,20
1232,16,2,345,2,1802,21,20
1233,16,2,346,7,1809,60,70
1234,16,2,347,7,1816,65,70
1235,16,2,348,8,1824,71,80
1236,16,2,349,6,1830,58,60
1237,16,2,350,3,1833,30,30
1238,16,2,351,8,1841,75,80
1239,16,2,352,8,1849,67,80
1240,16,2,353,3,1852,50,30
1241,16,2,354,4,1856,42,40
1242,16,2,355,8,1864,74,80
1243,16,2,356,4,1868,44,40
1244,16,2,357,8,1876,69,80
1245,16,2,358,5,1881,35,50
1246,16,2,359,6,1887,56,60
1247,16,2,360,2,1889,24,20
1248,16,2,361,5,1894,51,50
1249,16,2,362,4,1898,47,40
1250,16,2,363,7,1905,59,70
1251,16,2,364,9,1914,67,90
1252,16,2,365,5,1919,53,50
1253,16,2,366,5,1924,54,50
1254,16,2,367,9,1933,83,90
1255,16,2,368,2,1935,30,20
1256,16,2,369,6,1941,50,60
1257,16,2,370,4,1945,42,40
1258,16,2,371,4,1949,38,40
1259,16,2,372,9,1958,84,90
1260,16,2,373,9,1967,94,90
1261,16,2,374,7,1974,66,70
1262,16,2,375,7,1981,63,70
1263,16,2,376,7,1988,75,70
1264,16,2,377,7,1995,1,70
1265,16,2,378,3,1998,95,30
1266,16,2,379,5,2003,1,50
1267,16,2,380,8,2011,145,80
1268,16,2,381,6,2017,79,60
1269,16,2,382,7,2024,76,70
1270,16,2,383,8,2032,93,80
1271,16,2,384,9,2041,85,90
1272,16,2,385,9,2050,81,90
1273,16,2,386,6,2056,60,60
1274,16,2,387,8,2064,82,80
1275,16,2,388,4,2068,54,40
1276,16,2,389,3,2071,36,30
1277,16,2,390,3,2074,34,30
1278,16,2,391,9,2083,73,90
1279,16,2,392,5,2088,54,50
1280,16,2,393,6,2094,62,60
1281,16,2,394,7,2101,85,70
1282,16,2,395,8,2109,72,80
1283,16,2,396,3,2112,32,30
1284,16,2,397,4,2116,35,40
1285,16,2,398,4,2120,33,40
1286,16,2,399,8,2128,63,80
1287,16,2,400,9,2137,78,90
1288,16,2,401,5,2142,64,50
1289,16,2,402,8,2150,66,80
1290,16,2,403,9,2159,97,90
1291,16,2,404,3,2162,44,30
1292,16,2,405,9,2171,74,90
1293,16,2,406,3,2174,35,30
1294,16,2,407,2,2176,22,20
1295,16,2,408,2,2178,27,20
1296,16,2,409,7,2185,1,70
1297,16,2,410,3,2188,87,30
1298,16,2,411,5,2193,41,50
1299,16,2,412,7,2200,61,70
1300,16,2,413,9,2209,78,90
1301,16,2,414,9,2218,90,90
1302,16,2,415,4,2222,55,40
1303,16,2,416,3,2225,26,30
1304,16,2,417,8,2233,73,80
1305,16,2,418,9,2242,84,90
1306,16,2,419,4,2246,42,40
1307,16,2,420,5,2251,36,50
1308,16,2,421,5,2256,53,50
1309,16,2,422,6,2262,58,60
1310,16,2,423,6,2268,64,60
1311,16,2,424,6,2274,73,60
1312,16,2,425,8,2282,67,80
1313,16,2,426,6,2288,1,60
1314,16,2,427,7,2295,135,70
1315,16,2,428,3,2298,37,30
1316,16,2,429,7,2305,71,70
1317,16,2,430,8,2313,77,80
1318,16,2,431,2,2315,29,20
1319,16,2,432,5,2320,43,50
1320,16,2,433,5,2325,48,50
1321,16,2,434,4,2329,46,40
1322,16,2,435,2,2331,39,20
1323,16,2,436,6,2337,48,60
1324,16,2,437,3,2340,37,30
1325,16,2,438,8,2348,74,80
1326,16,2,439,4,2352,56,40
1327,16,2,440,8,2360,92,80
1328,16,2,441,8,2368,69,80
1329,16,2,442,5,2373,37,50
1330,16,2,443,7,2380,63,70
1331,16,2,444,8,2388,66,80
1332,16,2,445,9,2397,88,90
1333,16,2,446,3,2400,49,30
1334,16,2,447,4,2404,35,40
1335,16,2,448,4,2408,36,40
1336,16,2,449,5,2413,51,50
1337,16,2,450,7,2420,62,70
1338,16,2,451,6,2426,71,60
1339,16,2,452,7,2433,59,70
1340,16,2,453,2,2435,26,20
1341,16,2,454,8,2443,62,80
1342,16,2,455,7,2450,60,70
1343,16,2,456,6,2456,74,60
1344,16,2,457,6,2462,57,60
1345,16,2,458,9,2471,81,90
1346,16,2,459,6,2477,65,60
1347,16,2,460,8,2485,73,80
1348,16,2,461,5,2490,56,50
1349,16,2,462,6,2496,52,60
1350,16,2,463,8,2504,73,80
1351,16,2,464,3,2507,40,30
1352,16,2,465,7,2514,63,70
1353,16,2,466,9,2523,87,90
1354,16,2,467,6,2529,71,60
1355,16,2,468,4,2533,35,40
1356,16,2,469,7,2540,1,70
1357,16,2,470,9,2549,151,90
1358,16,2,471,9,2558,79,90
1359,16,2,472,8,2566,92,80
1360,16,2,473,3,2569,46,30
1361,16,2,474,8,2577,75,80
1362,16,2,475,4,2581,25,40
1363,16,2,476,8,2589,71,80
1364,16,2,477,5,2594,60,50
1365,16,2,478,6,2600,49,60
1366,16,2,479,2,2602,1,20
1367,16,2,480,6,2608,77,60
1368,16,2,481,8,2616,78,80
1369,16,2,482,5,2621,57,50
1370,16,2,483,5,2626,57,50
1371,16,2,484,8,2634,71,80
1372,16,2,485,7,2641,1,70
1373,16,2,486,3,2644,110,30
1374,16,2,487,3,2647,1,30
1375,16,2,488,4,2651,72,40
1376,16,2,489,5,2656,49,50
1377,16,2,490,3,2659,35,30
1378,16,2,491,5,2664,43,50
1379,16,2,492,2,2666,27,20
1380,16,2,493,3,2669,1,30
1381,16,2,494,4,2673,52,40
1382,16,2,495,9,2682,74,90
1383,16,2,496,8,2690,76,80
1384,16,2,497,4,2694,34,40
1385,16,2,498,5,2699,57,50
1386,16,2,499,7,2706,66,70
1387,16,2,500,4,2710,42,40
1388,16,2,501,7,2717,1,70
1389,16,2,502,9,2726,147,90
1390,16,2,503,5,2731,83,50
1391,16,2,504,7,2738,88,70
1392,16,2,505,3,2741,33,30
1393,16,2,506,4,2745,47,40
1394,16,2,507,4,2749,48,40
1395,16,2,508,2,2751,23,20
1396,16,2,509,3,2754,37,30
1397,16,2,510,2,2756,26,20
1398,16,2,511,2,2758,15,20
1399,16,2,512,4,2762,30,40
1400,16,2,513,5,2767,1,50
1401,16,2,514,8,2775,121,80
1402,16,2,515,7,2782,87,70
1403,16,2,516,3,2785,37,30
1404,16,2,517,3,2788,32,30
1405,16,2,518,7,2795,69,70
1406,16,2,519,4,2799,48,40
1407,16,2,520,2,2801,33,20
1408,16,2,521,8,2809,72,80
1409,16,2,522,2,2811,34,20
1410,16,2,523,3,2814,26,30
1411,16,2,524,9,2823,86,90
1412,16,2,525,8,2831,84,80
1413,16,2,526,3,2834,40,30
1414,16,2,527,6,2840,1,60
1415,16,2,528,8,2848,124,80
1416,16,2,529,5,2853,73,50
1417,16,2,530,8,2861,75,80
1418,16,2,531,6,2867,57,60
1419,16,2,532,9,2876,95,90
1420,16,2,533,9,2885,78,90
1421,16,2,534,9,2894,79,90
1422,16,2,535,6,2900,52,60
1423,16,2,536,7,2907,48,70
1424,16,2,537,5,2912,58,50
1425,16,2,538,2,2914,32,20
1426,16,2,539,4,2918,37,40
1427,16,2,540,4,2922,54,40
1428,16,2,541,8,2930,74,80
1429,16,2,542,7,2937,69,70
1430,16,2,543,7,2944,78,70
1431,16,2,544,9,2953,78,90
1432,16,2,545,6,2959,66,60
1433,16,2,546,4,2963,52,40
1434,16,2,547,6,2969,57,60
1435,16,2,548,6,2975,56,60
1436,16,2,549,3,2978,30,30
1437,16,2,550,6,2984,69,60
1438,16,2,551,2,2986,28,20
1439,16,2,552,5,2991,57,50
1440,16,2,553,8,2999,66,80
1441,16,2,554,5,3004,53,50
1442,16,2,555,4,3008,40,40
1443,16,2,556,7,3015,1,70
1444,16,2,557,2,3017,75,20
1445,16,2,558,5,3022,50,50
1446,16,2,559,9,3031,1,90
1447,16,2,560,7,3038,146,70
1448,16,2,561,4,3042,52,40
1449,16,2,562,8,3050,79,80
1450,16,2,563,8,3058,85,80
1451,16,2,564,8,3066,83,80
1452,16,2,565,6,3072,45,60
1453,16,2,566,6,3078,53,60
1454,16,2,567,5,3083,1,50
1455,16,2,568,6,3089,100,60
1456,16,2,569,6,3095,62,60
1457,16,2,570,2,3097,28,20
1458,16,2,571,9,3106,74,90
1459,16,2,572,6,3112,59,60
1460,16,2,573,6,3118,59,60
1461,16,2,574,4,3122,38,40
1462,16,2,575,5,3127,49,50
1463,16,2,576,2,3129,27,20
1464,16,2,577,8,3137,67,80
1465,16,2,578,3,3140,36,30
1466,16,2,579,2,3142,27,20
1467,16,2,580,4,3146,44,40
1468,16,2,581,2,3148,21,20
1469,16,2,582,2,3150,17,20
1470,16,2,583,8,3158,55,80
1471,16,2,584,9,3167,75,90
1472,16,2,585,7,3174,78,70
1473,16,2,586,7,3181,55,70
1474,16,2,587,2,3183,41,20
1475,16,2,588,3,3186,46,30
1476,16,2,589,2,3188,19,20
1477,16,2,590,6,3194,50,60
1478,16,2,591,6,3200,46,60
1479,16,2,592,7,3207,66,70
1480,16,2,593,4,3211,44,40
1481,16,2,594,6,3217,61,60
1482,16,2,595,3,3220,33,30
1483,16,2,596,6,3226,71,60
1484,16,2,597,8,3234,74,80
1485,16,2,598,5,3239,46,50
1486,16,2,599,6,3245,57,60
1487,16,2,600,8,3253,82,80
1488,16,2,601,7,3260,59,70
1489,16,2,602,5,3265,53,50
1490,16,2,603,8,3273,78,80
1491,16,2,604,3,3276,48,30
1492,16,2,605,9,3285,75,90
1493,16,2,606,4,3289,54,40
1494,16,2,607,6,3295,56,60
1495,16,2,608,9,3304,92,90
1496,16,2,609,5,3309,52,50
1497,16,2,610,9,3318,90,90
1498,16,2,611,4,3322,43,40
1499,16,2,612,8,3330,76,80
1500,16,2,613,6,3336,55,60
1501,16,2,614,7,3343,66,70
1502,16,2,615,7,3350,78,70
1503,16,2,616,7,3357,62,70
1504,16,2,617,3,3360,34,30
1505,16,2,618,8,3368,84,80
1506,16,2,619,9,3377,96,90
1507,16,2,620,7,3384,83,70
1508,16,2,621,6,3390,54,60
1509,16,2,622,5,3395,49,50
1510,16,2,623,7,3402,62,70
1511,16,2,624,5,3407,42,50
1512,16,2,625,2,3409,18,20
1513,16,2,626,2,3411,18,20
1514,16,2,627,3,3414,33,30
1515,16,2,628,4,3418,32,40
1516,16,2,629,6,3424,57,60
1517,16,2,630,4,3428,52,40
1518,16,2,631,9,3437,67,90
1519,16,2,632,3,3440,46,30
1520,16,2,633,5,3445,53,50
1521,16,2,634,6,3451,44,60
1522,16,2,635,9,3460,77,90
1523,16,2,636,8,3468,80,80
1524,16,2,637,7,3475,76,70
1525,16,2,638,4,3479,49,40
1526,16,2,639,6,3485,59,60
1527,16,2,640,5,3490,52,50
1528,16,2,641,7,3497,49,70
1529,16,2,642,6,3503,58,60
1530,16,2,643,9,3512,84,90
1531,16,2,644,4,3516,46,40
1532,16,2,645,2,3518,26,20
1533,16,2,646,9,3527,77,90
1534,16,2,647,8,3535,74,80
1535,16,2,648,7,3542,67,70
1536,16,2,649,3,3545,35,30
1537,16,2,650,5,3550,49,50
1538,16,2,651,9,3559,107,90
1539,16,2,652,4,3563,46,40
1540,16,2,653,8,3571,77,80
1541,16,2,654,2,3573,31,20
1542,16,2,655,6,3579,56,60
1543,16,2,656,4,3583,38,40
1544,16,2,657,4,3587,48,40
1545,16,2,658,5,3592,47,50
1546,16,2,659,3,3595,49,30
1547,16,2,660,3,3598,38,30
1548,16,2,661,3,3601,29,30
1549,16,2,662,3,3604,20,30
1550,16,2,663,9,3613,1,90
1551,16,2,664,8,3621,122,80
1552,16,2,665,4,3625,54,40
1553,16,2,666,4,3629,48,40
1554,16,2,667,5,3634,41,50
1555,16,2,668,2,3636,27,20
1556,16,2,669,7,3643,63,70
1557,16,2,670,9,3652,75,90
1558,16,2,671,5,3657,51,50
1559,16,2,672,5,3662,44,50
1560,16,2,673,3,3665,34,30
1561,16,2,674,8,3673,60,80
1562,16,2,675,6,3679,57,60
1563,16,2,676,5,3684,39,50
1564,16,2,677,3,3687,29,30
1565,16,2,678,3,3690,35,30
1566,16,2,679,2,3692,16,20
1567,16,2,680,4,3696,30,40
1568,16,2,681,8,3704,71,80
1569,16,2,682,7,3711,69,70
1570,16,2,683,7,3718,64,70
1571,16,2,684,6,3724,63,60
1572,16,2,685,9,3733,77,90
1573,16,2,686,2,3735,30,20
1574,16,2,687,9,3744,72,90
1575,16,2,688,4,3748,59,40
1576,16,2,689,6,3754,65,60
1577,16,2,690,9,3763,85,90
1578,16,2,691,4,3767,35,40
1579,16,2,692,3,3770,31,30
1580,16,2,693,2,3772,17,20
1581,16,2,694,5,3777,47,50
1582,16,2,695,2,3779,26,20
1583,16,2,696,4,3783,42,40
1584,16,2,697,9,3792,86,90
1585,16,2,698,4,3796,43,40
1586,16,2,699,8,3804,73,80
1587,16,2,700,9,3813,86,90
1588,16,2,701,3,3816,46,30
1589,16,2,702,3,3819,38,30
1590,16,2,703,7,3826,61,70
1591,16,2,704,6,3832,66,60
1592,16,2,705,4,3836,34,40
1593,16,2,706,8,3844,75,80
1594,16,2,707,2,3846,29,20
1595,16,2,708,8,3854,72,80
1596,16,2,709,6,3860,53,60
1597,16,2,710,8,3868,82,80
1598,16,2,711,5,3873,52,50
1599,16,2,712,5,3878,51,50
1600,16,2,713,6,3884,52,60
1601,16,2,714,3,3887,32,30
1602,16,2,715,7,3894,67,70
1603,16,2,716,8,3902,1,80
1604,16,2,717,4,3906,104,40
1605,16,2,718,5,3911,53,50
1606,16,2,719,5,3916,58,50
1607,16,2,720,7,3923,63,70
1608,16,2,721,9,3932,90,90
1609,16,2,722,2,3934,34,20
1610,16,2,723,6,3940,59,60
1611,16,2,724,9,3949,94,90
1612,16,2,725,6,3955,73,60
1613,16,2,726,4,3959,40,40
1614,16,2,727,6,3965,1,60
1615,16,2,728,6,3971,107,60
1616,16,2,729,3,3974,43,30
1617,16,2,730,2,3976,33,20
1618,16,2,731,9,3985,76,90
1619,16,2,732,9,3994,88,90
1620,16,2,733,9,4003,92,90
1621,16,2,734,2,4005,1,20
1622,16,2,735,3,4008,61,30
1623,16,2,736,4,4012,43,40
1624,16,2,737,4,4016,47,40
1625,16,2,738,2,4018,29,20
1626,16,2,739,3,4021,38,30
1627,16,2,740,7,4028,68,70
1628,16,2,741,9,4037,91,90
1629,16,2,742,9,4046,88,90
1630,16,2,743,9,4055,86,90
1631,16,2,744,7,4062,83,70
1632,16,2,745,6,4068,70,60
1633,16,2,746,3,4071,41,30
1634,16,2,747,3,4074,39,30
1635,16,2,748,4,4078,32,40
1636,16,2,749,3,4081,33,30
1637,16,2,750,2,4083,17,20
1638,16,2,751,9,4092,81,90
1639,16,2,752,7,4099,1,70
1640,16,2,753,6,4105,117,60
1641,16,2,754,4,4109,60,40
1642,16,2,755,5,4114,42,50
1643,16,2,756,4,4118,42,40
1644,16,2,757,4,4122,52,40
1645,16,2,758,8,4130,85,80
1646,16,2,759,2,4132,25,20
1647,16,2,760,5,4137,39,50
1648,16,2,761,7,4144,69,70
1649,16,2,762,8,4152,66,80
1650,16,2,763,5,4157,64,50
1651,16,2,764,4,4161,37,40
1652,16,2,765,6,4167,53,60
1653,16,2,766,7,4174,80,70
1654,16,2,767,4,4178,34,40
1655,16,2,768,3,4181,1,30
1656,16,2,769,2,4183,48,20
1657,16,2,770,5,4188,50,50
1658,16,2,771,8,4196,71,80
1659,16,2,772,5,4201,52,50
1660,16,2,773,6,4207,40,60
1661,16,2,774,2,4209,35,20
1662,16,2,775,8,4217,68,80
1663,16,2,776,7,4224,60,70
1664,16,2,777,3,4227,34,30
1665,16,2,778,5,4232,47,50
1666,16,2,779,9,4241,87,90
1667,16,2,780,9,4250,89,90
1668,16,2,781,9,4259,80,90
1669,16,2,782,4,4263,50,40
1670,16,2,783,3,4266,24,30
1671,16,2,784,4,4270,29,40
1672,16,2,785,7,4277,74,70
1673,16,2,786,5,4282,61,50
1674,16,2,787,5,4287,40,50
1675,16,2,788,9,4296,88,90
1676,16,2,789,8,4304,89,80
1677,16,2,790,4,4308,52,40
1678,16,2,791,2,4310,18,20
1679,16,2,792,9,4319,107,90
1680,16,2,793,8,4327,71,80
1681,16,2,794,4,4331,44,40
1682,16,2,795,6,4337,58,60
1683,16,2,796,4,4341,43,40
1684,16,2,797,6,4347,53,60
1685,16,2,798,9,4356,93,90
1686,16,2,799,8,4364,68,80
1687,16,2,800,5,4369,55,50
1688,16,2,801,6,4375,56,60
1689,16,2,802,8,4383,81,80
1690,16,2,803,2,4385,37,20
1691,16,2,804,4,4389,35,40
1692,16,2,805,6,4395,1,60
1693,16,2,806,6,4401,113,60
1694,16,2,807,5,4406,62,50
1695,16,2,808,4,4410,34,40
1696,16,2,809,5,4415,61,50
1697,16,2,810,5,4420,55,50
1698,16,2,811,8,4428,69,80
1699,16,2,812,6,4434,62,60
1700,16,2,813,4,4438,44,40
1701,16,2,814,5,4443,44,50
1702,16,2,815,3,4446,32,30
1703,16,2,816,7,4453,56,70
1704,16,2,817,3,4456,30,30
1705,16,2,818,2,4458,19,20
1706,16,2,819,7,4465,65,70
1707,16,2,820,8,4473,90,80
1708,16,2,821,5,4478,50,50
1709,16,2,822,5,4483,42,50
1710,16,2,823,8,4491,78,80
1711,16,2,824,4,4495,59,40
1712,16,2,825,2,4497,25,20
1713,16,2,826,8,4505,59,80
1714,16,2,827,7,4512,74,70
1715,16,2,828,5,4517,48,50
1716,16,2,829,8,4525,77,80
1717,16,2,830,7,4532,60,70
1718,16,2,831,7,4539,75,70
1719,16,2,832,2,4541,23,20
1720,16,2,833,5,4546,59,50
1721,16,2,834,3,4549,32,30
1722,16,2,835,6,4555,63,60
1723,16,2,836,2,4557,34,20
1724,16,2,837,4,4561,33,40
1725,16,2,838,3,4564,27,30
1726,16,2,839,6,4570,1,60
1727,16,2,840,5,4575,91,50
1728,16,2,841,4,4579,59,40
1729,16,2,842,3,4582,36,30
1730,16,2,843,5,4587,58,50
1731,16,2,844,6,4593,67,60
1732,16,2,845,3,4596,44,30
1733,16,2,846,8,4604,70,80
1734,16,2,847,7,4611,82,70
1735,16,2,848,4,4615,41,40
1736,16,2,849,3,4618,24,30
1737,16,2,850,4,4622,35,40
1738,16,2,851,8,4630,77,80
1739,16,2,852,7,4637,65,70
1740,16,2,853,7,4644,67,70
1741,16,2,854,5,4649,49,50
1742,16,2,855,3,4652,31,30
1743,16,2,856,6,4658,54,60
1744,16,2,857,8,4666,70,80
1745,16,2,858,7,4673,65,70
1746,16,2,859,2,4675,30,20
1747,16,2,860,8,4683,82,80
1748,16,2,861,7,4690,69,70
1749,16,2,862,5,4695,64,50
1750,16,2,863,9,4704,87,90
1751,16,2,864,3,4707,43,30
1752,16,2,865,6,4713,59,60
1753,16,2,866,5,4718,59,50
1754,16,2,867,6,4724,59,60
1755,16,2,868,7,4731,68,70
1756,16,2,869,8,4739,83,80
1757,16,2,870,8,4747,69,80
1758,16,2,871,3,4750,26,30
1759,16,2,872,3,4753,43,30
1760,16,2,873,4,4757,38,40
1761,16,2,874,7,4764,44,70
1762,16,2,875,5,4769,48,50
1763,16,2,876,4,4773,36,40
1764,16,2,877,3,4776,39,30
1765,16,2,878,9,4785,66,90
1766,16,2,879,7,4792,79,70
1767,16,2,880,5,4797,68,50
1768,16,2,881,7,4804,72,70
1769,16,2,882,5,4809,50,50
1770,16,2,883,3,4812,36,30
1771,16,2,884,8,4820,91,80
1772,16,2,885,6,4826,64,60
1773,16,2,886,4,4830,45,40
1774,16,2,887,2,4832,22,20
1775,16,2,888,2,4834,21,20
1776,16,2,889,2,4836,15,20
1777,16,2,890,5,4841,37,50
1778,16,2,891,6,4847,40,60
1779,16,2,892,8,4855,79,80
1780,16,2,893,8,4863,79,80
1781,16,2,894,9,4872,97,90
1782,16,2,895,4,4876,48,40
1783,16,2,896,5,4881,48,50
1784,16,2,897,8,4889,64,80
1785,16,2,898,9,4898,80,90
1786,16,2,899,5,4903,51,50
1787,16,2,900,9,4912,90,90
1788,16,2,901,2,4914,24,20
1789,16,2,902,7,4921,52,70
1790,16,2,903,2,4923,23,20
1791,16,2,904,9,4932,70,90
1792,16,2,905,8,4940,85,80
1793,16,2,906,3,4943,37,30
1794,16,2,907,4,4947,49,40
1795,16,2,908,6,4953,50,60
1796,16,2,909,6,4959,60,60
1797,16,2,910,8,4967,77,80
1798,16,2,911,3,4970,36,30
1799,16,2,912,5,4975,35,50
1800,16,2,913,9,4984,81,90
1801,16,2,914,8,4992,71,80
1802,16,3,1,8,8,73,80
1803,16,3,2,2,10,14,20
1804,16,3,3,6,16,51,60
1805,16,3,4,2,18,25,20
1806,16,3,5,2,20,29,20
1807,16,3,6,5,25,43,50
1808,16,3,7,3,28,32,30
1809,16,3,8,4,32,32,40
1810,16,3,9,4,36,32,40
1811,16,3,10,5,41,50,50
1812,16,3,11,9,50,80,90
1813,16,3,12,7,57,70,70
1814,16,3,13,4,61,47,40
1815,16,3,14,7,68,61,70
1816,16,3,15,3,71,35,30
1817,16,3,16,2,73,28,20
1818,16,3,17,4,77,47,40
1819,16,3,18,9,86,90,90
1820,16,3,19,4,90,50,40
1821,16,3,20,5,95,47,50
1822,16,3,21,7,102,74,70
1823,16,3,22,3,105,39,30
1824,16,3,23,5,110,52,50
1825,16,3,24,7,117,1,70
1826,16,3,25,5,122,90,50
1827,16,3,26,7,129,81,70
1828,16,3,27,3,132,34,30
1829,16,3,28,9,141,89,90
1830,16,3,29,8,149,69,80
1831,16,3,30,4,153,45,40
1832,16,3,31,2,155,22,20
1833,16,3,32,8,163,70,80
1834,16,3,33,9,172,1,90
1835,16,3,34,7,179,1,70
1836,16,3,35,5,184,181,50
1837,16,3,36,6,190,74,60
1838,16,3,37,5,195,62,50
1839,16,3,38,6,201,71,60
1840,16,3,39,2,203,1,20
1841,16,3,40,2,205,53,20
1842,16,3,41,2,207,30,20
1843,16,3,42,6,213,1,60
1844,16,3,43,5,218,86,50
1845,16,3,44,6,224,48,60
1846,16,3,45,4,228,47,40
1847,16,3,46,8,236,1,80
1848,16,3,47,7,243,121,70
1849,16,3,48,3,246,53,30
1850,16,3,49,6,252,62,60
1851,16,3,50,2,254,1,20
1852,16,3,51,4,258,59,40
1853,16,3,52,7,265,76,70
1854,16,3,53,8,273,90,80
1855,16,3,54,4,277,49,40
1856,16,3,55,6,283,67,60
1857,16,3,56,4,287,46,40
1858,16,3,57,9,296,85,90
1859,16,3,58,7,303,64,70
1860,16,3,59,6,309,45,60
1861,16,3,60,3,312,42,30
1862,16,3,61,8,320,82,80
1863,16,3,62,5,325,67,50
1864,16,3,63,7,332,72,70
1865,16,3,64,7,339,1,70
1866,16,3,65,2,341,90,20
1867,16,3,66,9,350,87,90
1868,16,3,67,2,352,40,20
1869,16,3,68,9,361,90,90
1870,16,3,69,6,367,75,60
1871,16,3,70,8,375,78,80
1872,16,3,71,2,377,35,20
1873,16,3,72,7,384,68,70
1874,16,3,73,3,387,41,30
1875,16,3,74,9,396,72,90
1876,16,3,75,6,402,70,60
1877,16,3,76,6,408,54,60
1878,16,3,77,9,417,85,90
1879,16,3,78,9,426,71,90
1880,16,3,79,7,433,1,70
1881,16,3,80,9,442,1,90
1882,16,3,81,4,446,178,40
1883,16,3,82,3,449,60,30
1884,16,3,83,9,458,73,90
1885,16,3,84,8,466,73,80
1886,16,3,85,3,469,34,30
1887,16,3,86,5,474,46,50
1888,16,3,87,9,483,88,90
1889,16,3,88,5,488,57,50
1890,16,3,89,8,496,79,80
1891,16,3,90,4,500,1,40
1892,16,3,91,9,509,99,90
1893,16,3,92,6,515,72,60
1894,16,3,93,4,519,42,40
1895,16,3,94,7,526,53,70
1896,16,3,95,3,529,36,30
1897,16,3,96,3,532,29,30
1898,16,3,97,5,537,42,50
1899,16,3,98,6,543,54,60
1900,16,3,99,4,547,48,40
1901,16,3,100,4,551,42,40
1902,16,3,101,7,558,80,70
1903,16,3,102,7,565,79,70
1904,16,3,103,8,573,1,80
1905,16,3,104,3,576,101,30
1906,16,3,105,5,581,56,50
1907,16,3,106,2,583,24,20
1908,16,3,107,9,592,84,90
1909,16,3,108,9,601,78,90
1910,16,3,109,8,609,72,80
1911,16,3,110,6,615,75,60
1912,16,3,111,9,624,101,90
1913,16,3,112,7,631,64,70
1914,16,3,113,4,635,34,40
1915,16,3,114,5,640,46,50
1916,16,3,115,3,643,32,30
1917,16,3,116,2,645,29,20
1918,16,3,117,3,648,36,30
1919,16,3,118,9,657,79,90
1920,16,3,119,9,666,96,90
1921,16,3,120,3,669,47,30
1922,16,3,121,6,675,63,60
1923,16,3,122,2,677,26,20
1924,16,3,123,6,683,58,60
1925,16,3,124,3,686,37,30
1926,16,3,125,7,693,78,70
1927,16,3,126,6,699,61,60
1928,16,3,127,3,702,31,30
1929,16,3,128,5,707,1,50
1930,16,3,129,7,714,101,70
1931,16,3,130,9,723,100,90
1932,16,3,131,9,732,81,90
1933,16,3,132,8,740,90,80
1934,16,3,133,5,745,60,50
1935,16,3,134,6,751,56,60
1936,16,3,135,7,758,81,70
1937,16,3,136,3,761,45,30
1938,16,3,137,5,766,42,50
1939,16,3,138,2,768,24,20
1940,16,3,139,9,777,90,90
1941,16,3,140,7,784,79,70
1942,16,3,141,7,791,75,70
1943,16,3,142,6,797,61,60
1944,16,3,143,2,799,26,20
1945,16,3,144,9,808,82,90
1946,16,3,145,7,815,82,70
1947,16,3,146,3,818,42,30
1948,16,3,147,7,825,1,70
1949,16,3,148,9,834,131,90
1950,16,3,149,8,842,73,80
1951,16,3,150,6,848,69,60
1952,16,3,151,7,855,75,70
1953,16,3,152,9,864,80,90
1954,16,3,153,4,868,37,40
1955,16,3,154,7,875,66,70
1956,16,3,155,3,878,32,30
1957,16,3,156,5,883,50,50
1958,16,3,157,8,891,1,80
1959,16,3,158,5,896,111,50
1960,16,3,159,5,901,57,50
1961,16,3,160,6,907,63,60
1962,16,3,161,7,914,57,70
1963,16,3,162,4,918,1,40
1964,16,3,163,9,927,109,90
1965,16,3,164,8,935,98,80
1966,16,3,165,7,942,64,70
1967,16,3,166,4,946,51,40
1968,16,3,167,2,948,1,20
1969,16,3,168,3,951,58,30
1970,16,3,169,5,956,50,50
1971,16,3,170,7,963,63,70
1972,16,3,171,8,971,79,80
1973,16,3,172,4,975,1,40
1974,16,3,173,9,984,121,90
1975,16,3,174,3,987,64,30
1976,16,3,175,9,996,72,90
1977,16,3,176,7,1003,85,70
1978,16,3,177,5,1008,59,50
1979,16,3,178,3,1011,41,30
1980,16,3,179,6,1017,49,60
1981,16,3,180,7,1024,62,70
1982,16,3,181,2,1026,20,20
1983,16,3,182,5,1031,49,50
1984,16,3,183,7,1038,59,70
1985,16,3,184,8,1046,78,80
1986,16,3,185,5,1051,64,50
1987,16,3,186,2,1053,34,20
1988,16,3,187,5,1058,36,50
1989,16,3,188,5,1063,1,50
1990,16,3,189,6,1069,99,60
1991,16,3,190,6,1075,65,60
1992,16,3,191,4,1079,43,40
1993,16,3,192,9,1088,1,90
1994,16,3,193,3,1091,109,30
1995,16,3,194,2,1093,25,20
1996,16,3,195,5,1098,55,50
1997,16,3,196,3,1101,35,30
1998,16,3,197,8,1109,1,80
1999,16,3,198,6,1115,110,60
2000,16,3,199,9,1124,90,90
2001,16,3,200,9,1133,114,90
2002,16,3,201,4,1137,48,40
2003,16,3,202,9,1146,71,90
2004,16,3,203,5,1151,69,50
2005,16,3,204,2,1153,32,20
2006,16,3,205,2,1155,19,20
2007,16,3,206,6,1161,55,60
2008,16,3,207,6,1167,59,60
2009,16,3,208,4,1171,35,40
2010,16,3,209,7,1178,62,70
2011,16,3,210,7,1185,61,70
2012,16,3,211,9,1194,77,90
2013,16,3,212,4,1198,59,40
2014,16,3,213,2,1200,26,20
2015,16,3,214,4,1204,37,40
2016,16,3,215,8,1212,1,80
2017,16,3,216,6,1218,136,60
2018,16,3,217,3,1221,1,30
2019,16,3,218,3,1224,68,30
2020,16,3,219,7,1231,61,70
2021,16,3,220,2,1233,29,20
2022,16,3,221,7,1240,57,70
2023,16,3,222,4,1244,43,40
2024,16,3,223,9,1253,94,90
2025,16,3,224,2,1255,38,20
2026,16,3,225,5,1260,44,50
2027,16,3,226,2,1262,22,20
2028,16,3,227,9,1271,72,90
2029,16,3,228,4,1275,46,40
2030,16,3,229,7,1282,66,70
2031,16,3,230,2,1284,32,20
2032,16,3,231,9,1293,88,90
2033,16,3,232,3,1296,28,30
2034,16,3,233,3,1299,36,30
2035,16,3,234,8,1307,82,80
2036,16,3,235,7,1314,68,70
2037,16,3,236,5,1319,53,50
2038,16,3,237,4,1323,43,40
2039,16,3,238,4,1327,30,40
2040,16,3,239,6,1333,57,60
2041,16,3,240,8,1341,78,80
2042,16,3,241,4,1345,63,40
2043,16,3,242,9,1354,74,90
2044,16,3,243,2,1356,31,20
2045,16,3,244,4,1360,40,40
2046,16,3,245,9,1369,85,90
2047,16,3,246,9,1378,115,90
2048,16,3,247,5,1383,54,50
2049,16,3,248,3,1386,28,30
2050,16,3,249,3,1389,33,30
2051,16,3,250,2,1391,20,20
2052,16,3,251,5,1396,39,50
2053,16,3,252,9,1405,95,90
2054,16,3,253,8,1413,76,80
2055,16,3,254,7,1420,69,70
2056,16,3,255,9,1429,89,90
2057,16,3,256,5,1434,1,50
2058,16,3,257,9,1443,1,90
2059,16,3,258,7,1450,165,70
2060,16,3,259,5,1455,79,50
2061,16,3,260,5,1460,58,50
2062,16,3,261,8,1468,72,80
2063,16,3,262,7,1475,86,70
2064,16,3,263,2,1477,25,20
2065,16,3,264,3,1480,33,30
2066,16,3,265,9,1489,70,90
2067,16,3,266,9,1498,89,90
2068,16,3,267,9,1507,76,90
2069,16,3,268,4,1511,51,40
2070,16,3,269,2,1513,17,20
2071,16,3,270,4,1517,28,40
2072,16,3,271,4,1521,45,40
2073,16,3,272,9,1530,77,90
2074,16,3,273,4,1534,1,40
2075,16,3,274,2,1536,59,20
2076,16,3,275,2,1538,23,20
2077,16,3,276,2,1540,16,20
2078,16,3,277,6,1546,53,60
2079,16,3,278,2,1548,31,20
2080,16,3,279,9,1557,84,90
2081,16,3,280,4,1561,34,40
2082,16,3,281,3,1564,1,30
2083,16,3,282,2,1566,46,20
2084,16,3,283,6,1572,52,60
2085,16,3,284,5,1577,54,50
2086,16,3,285,6,1583,57,60
2087,16,3,286,3,1586,41,30
2088,16,3,287,9,1595,89,90
2089,16,3,288,2,1597,31,20
2090,16,3,289,5,1602,51,50
2091,16,3,290,6,1608,56,60
2092,16,3,291,7,1615,65,70
2093,16,3,292,6,1621,72,60
2094,16,3,293,5,1626,72,50
2095,16,3,294,3,1629,37,30
2096,16,3,295,9,1638,75,90
2097,16,3,296,9,1647,87,90
2098,16,3,297,7,1654,76,70
2099,16,3,298,9,1663,90,90
2100,16,3,299,5,1668,56,50
2101,16,3,300,5,1673,48,50
2102,16,3,301,7,1680,67,70
2103,16,3,302,6,1686,58,60
2104,16,3,303,9,1695,87,90
2105,16,3,304,3,1698,41,30
2106,16,3,305,6,1704,58,60
2107,16,3,306,2,1706,26,20
2108,16,3,307,8,1714,74,80
2109,16,3,308,8,1722,86,80
2110,16,3,309,5,1727,59,50
2111,16,3,310,7,1734,65,70
2112,16,3,311,4,1738,53,40
2113,16,3,312,6,1744,60,60
2114,16,3,313,2,1746,25,20
2115,16,3,314,2,1748,27,20
2116,16,3,315,5,1753,42,50
2117,16,3,316,7,1760,69,70
2118,16,3,317,6,1766,61,60
2119,16,3,318,7,1773,72,70
2120,16,3,319,8,1781,66,80
2121,16,3,320,6,1787,67,60
2122,16,3,321,5,1792,59,50
2123,16,3,322,4,1796,52,40
2124,16,3,323,7,1803,69,70
2125,16,3,324,5,1808,60,50
2126,16,3,325,2,1810,22,20
2127,16,3,326,3,1813,21,30
2128,16,3,327,2,1815,20,20
2129,16,3,328,9,1824,68,90
2130,16,3,329,5,1829,62,50
2131,16,3,330,8,1837,77,80
2132,16,3,331,9,1846,83,90
2133,16,3,332,9,1855,87,90
2134,16,3,333,3,1858,1,30
2135,16,3,334,9,1867,108,90
2136,16,3,335,9,1876,96,90
2137,16,3,336,7,1883,76,70
2138,16,3,337,6,1889,64,60
2139,16,3,338,3,1892,28,30
2140,16,3,339,5,1897,40,50
2141,16,3,340,3,1900,32,30
2142,16,3,341,2,1902,29,20
2143,16,3,342,4,1906,28,40
2144,16,3,343,3,1909,33,30
2145,16,3,344,4,1913,32,40
2146,16,3,345,7,1920,68,70
2147,16,3,346,7,1927,68,70
2148,16,3,347,8,1935,80,80
2149,16,3,348,8,1943,1,80
2150,16,3,349,8,1951,134,80
2151,16,3,350,5,1956,66,50
2152,16,3,351,3,1959,35,30
2153,16,3,352,2,1961,21,20
2154,16,3,353,5,1966,54,50
2155,16,3,354,6,1972,56,60
2156,16,3,355,5,1977,1,50
2157,16,3,356,2,1979,72,20
2158,16,3,357,5,1984,49,50
2159,16,3,358,8,1992,65,80
2160,16,3,359,4,1996,47,40
2161,16,3,360,3,1999,33,30
2162,16,3,361,9,2008,73,90
2163,16,3,362,3,2011,53,30
2164,16,3,363,9,2020,85,90
2165,16,3,364,8,2028,70,80
2166,16,3,365,5,2033,49,50
2167,16,3,366,5,2038,57,50
2168,16,3,367,3,2041,35,30
2169,16,3,368,2,2043,25,20
2170,16,3,369,9,2052,78,90
2171,16,3,370,4,2056,44,40
2172,16,3,371,2,2058,31,20
2173,16,3,372,3,2061,31,30
2174,16,3,373,2,2063,16,20
2175,16,3,374,6,2069,59,60
2176,16,3,375,8,2077,83,80
2177,16,3,376,9,2086,86,90
2178,16,3,377,8,2094,75,80
2179,16,3,378,8,2102,77,80
2180,16,3,379,9,2111,77,90
2181,16,3,380,3,2114,32,30
2182,16,3,381,2,2116,20,20
2183,16,3,382,6,2122,49,60
2184,16,3,383,3,2125,37,30
2185,16,3,384,3,2128,33,30
2186,16,3,385,7,2135,57,70
2187,16,3,386,5,2140,49,50
2188,16,3,387,2,2142,21,20
2189,16,3,388,9,2151,81,90
2190,16,3,389,6,2157,75,60
2191,16,3,390,7,2164,79,70
2192,16,3,391,3,2167,32,30
2193,16,3,392,7,2174,71,70
2194,16,3,393,4,2178,38,40
2195,16,3,394,4,2182,32,40
2196,16,3,395,9,2191,62,90
2197,16,3,396,3,2194,36,30
2198,16,3,397,6,2200,1,60
2199,16,3,398,9,2209,138,90
2200,16,3,399,5,2214,48,50
2201,16,3,400,9,2223,75,90
2202,16,3,401,3,2226,37,30
2203,16,3,402,2,2228,28,20
2204,16,3,403,5,2233,45,50
2205,16,3,404,7,2240,60,70
2206,16,3,405,7,2247,91,70
2207,16,3,406,4,2251,58,40
2208,16,3,407,8,2259,78,80
2209,16,3,408,4,2263,56,40
2210,16,3,409,5,2268,41,50
2211,16,3,410,9,2277,82,90
2212,16,3,411,8,2285,82,80
2213,16,3,412,4,2289,55,40
2214,16,3,413,3,2292,33,30
2215,16,3,414,4,2296,44,40
2216,16,3,415,6,2302,53,60
2217,16,3,416,8,2310,69,80
2218,16,3,417,7,2317,73,70
2219,16,3,418,6,2323,64,60
2220,16,3,419,4,2327,28,40
2221,16,3,420,2,2329,20,20
2222,16,3,421,6,2335,57,60
2223,16,3,422,8,2343,74,80
2224,16,3,423,7,2350,70,70
2225,16,3,424,6,2356,63,60
2226,16,3,425,8,2364,71,80
2227,16,3,426,5,2369,48,50
2228,16,3,427,3,2372,35,30
2229,16,3,428,4,2376,40,40
2230,16,3,429,3,2379,32,30
2231,16,3,430,8,2387,64,80
2232,16,3,431,8,2395,78,80
2233,16,3,432,6,2401,71,60
2234,16,3,433,5,2406,47,50
2235,16,3,434,6,2412,72,60
2236,16,3,435,3,2415,39,30
2237,16,3,436,8,2423,74,80
2238,16,3,437,8,2431,81,80
2239,16,3,438,7,2438,68,70
2240,16,3,439,7,2445,58,70
2241,16,3,440,3,2448,38,30
2242,16,3,441,4,2452,43,40
2243,16,3,442,4,2456,46,40
2244,16,3,443,8,2464,68,80
2245,16,3,444,6,2470,62,60
2246,16,3,445,2,2472,33,20
2247,16,3,446,4,2476,47,40
2248,16,3,447,8,2484,71,80
2249,16,3,448,4,2488,36,40
2250,16,3,449,6,2494,1,60
2251,16,3,450,6,2500,99,60
2252,16,3,451,5,2505,55,50
2253,16,3,452,8,2513,67,80
2254,16,3,453,2,2515,28,20
2255,16,3,454,8,2523,74,80
2256,16,3,455,7,2530,77,70
2257,16,3,456,4,2534,41,40
2258,16,3,457,7,2541,67,70
2259,16,3,458,7,2548,62,70
2260,16,3,459,8,2556,65,80
2261,16,3,460,9,2565,79,90
2262,16,3,461,7,2572,79,70
2263,16,3,462,7,2579,81,70
2264,16,3,463,2,2581,31,20
2265,16,3,464,3,2584,35,30
2266,16,3,465,5,2589,41,50
2267,16,3,466,3,2592,25,30
2268,16,3,467,9,2601,68,90
2269,16,3,468,4,2605,39,40
2270,16,3,469,6,2611,61,60
2271,16,3,470,4,2615,1,40
2272,16,3,471,2,2617,1,20
2273,16,3,472,8,2625,121,80
2274,16,3,473,7,2632,82,70
2275,16,3,474,2,2634,27,20
2276,16,3,475,3,2637,21,30
2277,16,3,476,6,2643,51,60
2278,16,3,477,2,2645,24,20
2279,16,3,478,4,2649,45,40
2280,16,3,479,6,2655,58,60
2281,16,3,480,3,2658,32,30
2282,16,3,481,7,2665,57,70
2283,16,3,482,5,2670,48,50
2284,16,3,483,8,2678,68,80
2285,16,3,484,7,2685,84,70
2286,16,3,485,3,2688,35,30
2287,16,3,486,7,2695,66,70
2288,16,3,487,2,2697,29,20
2289,16,3,488,9,2706,76,90
2290,16,3,489,7,2713,100,70
2291,16,3,490,8,2721,79,80
2292,16,3,491,2,2723,24,20
2293,16,3,492,7,2730,50,70
2294,16,3,493,5,2735,59,50
2295,16,3,494,6,2741,65,60
2296,16,3,495,9,2750,85,90
2297,16,3,496,3,2753,1,30
2298,16,3,497,2,2755,43,20
2299,16,3,498,6,2761,62,60
2300,16,3,499,7,2768,82,70
2301,16,3,500,8,2776,79,80
2302,16,3,501,3,2779,34,30
2303,16,3,502,6,2785,44,60
2304,16,3,503,7,2792,72,70
2305,16,3,504,3,2795,45,30
2306,16,3,505,3,2798,27,30
2307,16,3,506,6,2804,52,60
2308,16,3,507,2,2806,30,20
2309,16,3,508,3,2809,27,30
2310,16,3,509,4,2813,1,40
2311,16,3,510,5,2818,62,50
2312,16,3,511,3,2821,37,30
2313,16,3,512,8,2829,77,80
2314,16,3,513,8,2837,76,80
2315,16,3,514,2,2839,22,20
2316,16,3,515,3,2842,37,30
2317,16,3,516,2,2844,32,20
2318,16,3,517,6,2850,69,60
2319,16,3,518,5,2855,48,50
2320,16,3,519,2,2857,21,20
2321,16,3,520,4,2861,1,40
2322,16,3,521,4,2865,71,40
2323,16,3,522,9,2874,84,90
2324,16,3,523,3,2877,47,30
2325,16,3,524,8,2885,82,80
2326,16,3,525,3,2888,40,30
2327,16,3,526,7,2895,69,70
2328,16,3,527,2,2897,18,20
2329,16,3,528,8,2905,73,80
2330,16,3,529,4,2909,60,40
2331,16,3,530,4,2913,42,40
2332,16,3,531,5,2918,49,50
2333,16,3,532,2,2920,24,20
2334,16,3,533,3,2923,30,30
2335,16,3,534,4,2927,43,40
2336,16,3,535,5,2932,42,50
2337,16,3,536,8,2940,58,80
2338,16,3,537,8,2948,66,80
2339,16,3,538,7,2955,72,70
2340,16,3,539,5,2960,48,50
2341,16,3,540,2,2962,37,20
2342,16,3,541,6,2968,45,60
2343,16,3,542,2,2970,35,20
2344,16,3,543,7,2977,66,70
2345,16,3,544,8,2985,85,80
2346,16,3,545,8,2993,68,80
2347,16,3,546,6,2999,1,60
2348,16,3,547,9,3008,122,90
2349,16,3,548,8,3016,88,80
2350,16,3,549,6,3022,64,60
2351,16,3,550,4,3026,53,40
2352,16,3,551,8,3034,71,80
2353,16,3,552,6,3040,57,60
2354,16,3,553,9,3049,88,90
2355,16,3,554,9,3058,96,90
2356,16,3,555,3,3061,51,30
2357,16,3,556,9,3070,74,90
2358,16,3,557,8,3078,83,80
2359,16,3,558,4,3082,49,40
2360,16,3,559,2,3084,33,20
2361,16,3,560,3,3087,18,30
2362,16,3,561,9,3096,71,90
2363,16,3,562,3,3099,53,30
2364,16,3,563,8,3107,72,80
2365,16,3,564,8,3115,81,80
2366,16,3,565,7,3122,54,70
2367,16,3,566,6,3128,59,60
2368,16,3,567,4,3132,50,40
2369,16,3,568,3,3135,35,30
2370,16,3,569,7,3142,55,70
2371,16,3,570,8,3150,89,80
2372,16,3,571,2,3152,23,20
2373,16,3,572,7,3159,54,70
2374,16,3,573,5,3164,51,50
2375,16,3,574,9,3173,93,90
2376,16,3,575,4,3177,49,40
2377,16,3,576,5,3182,52,50
2378,16,3,577,5,3187,50,50
2379,16,3,578,5,3192,51,50
2380,16,3,579,7,3199,63,70
2381,16,3,580,9,3208,83,90
2382,16,3,581,9,3217,79,90
2383,16,3,582,7,3224,67,70
2384,16,3,583,5,3229,67,50
2385,16,3,584,2,3231,1,20
2386,16,3,585,8,3239,91,80
2387,16,3,586,2,3241,34,20
2388,16,3,587,4,3245,39,40
2389,16,3,588,4,3249,1,40
2390,16,3,589,2,3251,45,20
2391,16,3,590,5,3256,55,50
2392,16,3,591,4,3260,46,40
2393,16,3,592,8,3268,68,80
2394,16,3,593,4,3272,59,40
2395,16,3,594,7,3279,58,70
2396,16,3,595,7,3286,67,70
2397,16,3,596,4,3290,43,40
2398,16,3,597,3,3293,26,30
2399,16,3,598,3,3296,41,30
2400,16,3,599,2,3298,27,20
2401,16,3,600,7,3305,60,70
2402,16,3,601,2,3307,23,20
2403,16,3,602,6,3313,41,60
2404,16,3,603,5,3318,59,50
2405,16,3,604,8,3326,63,80
2406,16,3,605,4,3330,53,40
2407,16,3,606,5,3335,43,50
2408,16,3,607,7,3342,66,70
2409,16,3,608,5,3347,66,50
2410,16,3,609,7,3354,62,70
2411,16,3,610,4,3358,48,40
2412,16,3,611,7,3365,64,70
2413,16,3,612,2,3367,31,20
2414,16,3,613,3,3370,35,30
2415,16,3,614,8,3378,63,80
2416,16,3,615,3,3381,37,30
2417,16,3,616,6,3387,61,60
2418,16,3,617,3,3390,37,30
2419,16,3,618,3,3393,42,30
2420,16,3,619,5,3398,42,50
2421,16,3,620,6,3404,58,60
2422,16,3,621,9,3413,83,90
2423,16,3,622,5,3418,67,50
2424,16,3,623,4,3422,47,40
2425,16,3,624,9,3431,87,90
2426,16,3,625,3,3434,42,30
2427,16,3,626,5,3439,50,50
2428,16,3,627,5,3444,50,50
2429,16,3,628,5,3449,63,50
2430,16,3,629,2,3451,26,20
2431,16,3,630,3,3454,36,30
2432,16,3,631,3,3457,25,30
2433,16,3,632,7,3464,54,70
2434,16,3,633,8,3472,65,80
2435,16,3,634,8,3480,87,80
2436,16,3,635,5,3485,53,50
2437,16,3,636,9,3494,80,90
2438,16,3,637,9,3503,100,90
2439,16,3,638,7,3510,78,70
2440,16,3,639,4,3514,53,40
2441,16,3,640,5,3519,37,50
2442,16,3,641,7,3526,1,70
2443,16,3,642,2,3528,84,20
2444,16,3,643,8,3536,83,80
2445,16,3,644,9,3545,74,90
2446,16,3,645,5,3550,59,50
2447,16,3,646,8,3558,64,80
2448,16,3,647,9,3567,90,90
2449,16,3,648,7,3574,73,70
2450,16,3,649,6,3580,60,60
2451,16,3,650,2,3582,1,20
2452,16,3,651,3,3585,42,30
2453,16,3,652,4,3589,43,40
2454,16,3,653,4,3593,41,40
2455,16,3,654,9,3602,80,90
2456,16,3,655,6,3608,67,60
2457,16,3,656,7,3615,71,70
2458,16,3,657,4,3619,49,40
2459,16,3,658,9,3628,75,90
2460,16,3,659,7,3635,84,70
2461,16,3,660,5,3640,58,50
2462,16,3,661,4,3644,44,40
2463,16,3,662,8,3652,64,80
2464,16,3,663,8,3660,72,80
2465,16,3,664,5,3665,66,50
2466,16,3,665,9,3674,87,90
2467,16,3,666,3,3677,42,30
2468,16,3,667,9,3686,96,90
2469,16,3,668,6,3692,57,60
2470,16,3,669,2,3694,33,20
2471,16,3,670,6,3700,52,60
2472,16,3,671,3,3703,37,30
2473,16,3,672,8,3711,56,80
2474,16,3,673,4,3715,54,40
2475,16,3,674,2,3717,24,20
2476,16,3,675,5,3722,42,50
2477,16,3,676,6,3728,55,60
2478,16,3,677,4,3732,47,40
2479,16,3,678,7,3739,65,70
2480,16,3,679,5,3744,56,50
2481,16,3,680,7,3751,65,70
2482,16,3,681,5,3756,39,50
2483,16,3,682,6,3762,80,60
2484,16,3,683,2,3764,31,20
2485,16,3,684,9,3773,72,90
2486,16,3,685,6,3779,59,60
2487,16,3,686,7,3786,66,70
2488,16,3,687,9,3795,86,90
2489,16,3,688,6,3801,62,60
2490,16,3,689,7,3808,77,70
2491,16,3,690,3,3811,33,30
2492,16,3,691,9,3820,71,90
2493,16,3,692,4,3824,41,40
2494,16,3,693,8,3832,63,80
2495,16,3,694,5,3837,58,50
2496,16,3,695,3,3840,37,30
2497,16,3,696,6,3846,62,60
2498,16,3,697,3,3849,29,30
2499,16,3,698,8,3857,64,80
2500,16,3,699,9,3866,91,90
2501,16,3,700,8,3874,88,80
2502,16,3,701,7,3881,56,70
2503,16,3,702,5,3886,1,50
2504,16,3,703,3,3889,90,30
2505,16,3,704,4,3893,48,40
2506,16,3,705,2,3895,31,20
2507,16,3,706,4,3899,53,40
2508,16,3,707,5,3904,49,50
2509,16,3,708,7,3911,66,70
2510,16,3,709,9,3920,72,90
2511,16,3,710,7,3927,67,70
2512,16,3,711,7,3934,81,70
2513,16,3,712,4,3938,44,40
2514,16,3,713,8,3946,78,80
2515,16,3,714,4,3950,48,40
2516,16,3,715,3,3953,41,30
2517,16,3,716,3,3956,30,30
2518,16,3,717,7,3963,55,70
2519,16,3,718,2,3965,34,20
2520,16,3,719,2,3967,16,20
2521,16,3,720,6,3973,51,60
2522,16,3,721,5,3978,58,50
2523,16,3,722,7,3985,71,70
2524,16,3,723,2,3987,25,20
2525,16,3,724,6,3993,46,60
2526,16,3,725,4,3997,48,40
2527,16,3,726,5,4002,46,50
2528,16,3,727,6,4008,72,60
2529,16,3,728,3,4011,31,30
2530,16,3,729,5,4016,53,50
2531,16,3,730,3,4019,33,30
2532,16,3,731,3,4022,41,30
2533,16,3,732,3,4025,31,30
2534,16,3,733,3,4028,37,30
2535,16,3,734,4,4032,1,40
2536,16,3,735,2,4034,59,20
2537,16,3,736,7,4041,79,70
2538,16,3,737,8,4049,78,80
2539,16,3,738,5,4054,58,50
2540,16,3,739,3,4057,30,30
2541,16,3,740,2,4059,32,20
2542,16,3,741,2,4061,23,20
2543,16,3,742,9,4070,84,90
2544,16,3,743,7,4077,71,70
2545,16,3,744,7,4084,77,70
2546,16,3,745,7,4091,57,70
2547,16,3,746,5,4096,63,50
2548,16,3,747,7,4103,90,70
2549,16,3,748,9,4112,95,90
2550,16,3,749,7,4119,61,70
2551,16,3,750,4,4123,58,40
2552,16,3,751,5,4128,1,50
2553,16,3,752,8,4136,127,80
2554,16,3,753,4,4140,50,40
2555,16,3,754,3,4143,29,30
2556,16,3,755,7,4150,51,70
2557,16,3,756,3,4153,1,30
2558,16,3,757,7,4160,94,70
2559,16,3,758,2,4162,42,20
2560,16,3,759,8,4170,75,80
2561,16,3,760,5,4175,57,50
2562,16,3,761,9,4184,1,90
2563,16,3,762,9,4193,143,90
2564,16,3,763,2,4195,45,20
2565,16,3,764,2,4197,31,20
2566,16,3,765,5,4202,46,50
2567,16,3,766,2,4204,1,20
2568,16,3,767,7,4211,65,70
2569,16,3,768,5,4216,47,50
2570,16,3,769,7,4223,66,70
2571,16,3,770,9,4232,93,90
2572,16,3,771,9,4241,92,90
2573,16,3,772,8,4249,73,80
2574,16,3,773,4,4253,69,40
2575,16,3,774,4,4257,40,40
2576,16,3,775,4,4261,36,40
2577,16,3,776,5,4266,45,50
2578,16,3,777,8,4274,83,80
2579,16,3,778,8,4282,77,80
2580,16,3,779,8,4290,97,80
2581,16,3,780,5,4295,50,50
2582,16,3,781,3,4298,28,30
2583,16,3,782,7,4305,55,70
2584,16,3,783,8,4313,80,80
2585,16,3,784,6,4319,64,60
2586,16,3,785,7,4326,61,70
2587,16,3,786,2,4328,37,20
2588,16,3,787,6,4334,66,60
2589,16,3,788,8,4342,70,80
2590,16,3,789,3,4345,33,30
2591,16,3,790,3,4348,33,30
2592,16,3,791,5,4353,42,50
2593,16,3,792,7,4360,53,70
2594,16,3,793,6,4366,55,60
2595,16,3,794,8,4374,72,80
2596,16,3,795,8,4382,73,80
2597,16,3,796,7,4389,88,70
2598,16,3,797,3,4392,44,30
2599,16,3,798,9,4401,74,90
2600,16,3,799,2,4403,35,20
2601,16,3,800,2,4405,25,20
2602,16,3,801,7,4412,57,70
2603,16,3,802,7,4419,67,70
2604,16,3,803,9,4428,104,90
2605,16,3,804,3,4431,33,30
2606,16,3,805,7,4438,69,70
2607,16,3,806,8,4446,83,80
2608,16,3,807,3,4449,36,30
2609,16,3,808,2,4451,28,20
2610,16,3,809,5,4456,42,50
2611,16,3,810,7,4463,72,70
2612,16,3,811,5,4468,60,50
2613,16,3,812,7,4475,60,70
2614,16,3,813,4,4479,55,40
2615,16,3,814,7,4486,78,70
2616,16,3,815,4,4490,40,40
2617,16,3,816,8,4498,69,80
2618,16,3,817,7,4505,64,70
2619,16,3,818,3,4508,50,30
2620,16,3,819,8,4516,70,80
2621,16,3,820,8,4524,64,80
2622,16,3,821,3,4527,33,30
2623,16,3,822,9,4536,76,90
2624,16,3,823,7,4543,62,70
2625,16,3,824,4,4547,43,40
2626,16,3,825,8,4555,79,80
2627,16,3,826,5,4560,41,50
2628,16,3,827,8,4568,78,80
2629,16,3,828,3,4571,46,30
2630,16,3,829,9,4580,93,90
2631,16,3,830,5,4585,55,50
2632,16,3,831,7,4592,74,70
2633,16,3,832,2,4594,29,20
2634,16,3,833,5,4599,34,50
2635,16,3,834,7,4606,64,70
2636,16,3,835,6,4612,62,60
2637,16,3,836,9,4621,81,90
2638,16,3,837,9,4630,91,90
2639,16,3,838,7,4637,58,70
2640,16,3,839,6,4643,66,60
2641,16,3,840,3,4646,48,30
2642,16,3,841,9,4655,74,90
2643,16,3,842,9,4664,81,90
2644,16,3,843,2,4666,32,20
2645,16,3,844,4,4670,38,40
2646,16,3,845,6,4676,59,60
2647,16,3,846,2,4678,23,20
2648,16,3,847,6,4684,52,60
2649,16,3,848,5,4689,54,50
2650,16,3,849,7,4696,77,70
2651,16,3,850,5,4701,47,50
2652,16,3,851,5,4706,56,50
2653,16,3,852,9,4715,69,90
2654,16,3,853,8,4723,80,80
2655,16,3,854,5,4728,53,50
2656,16,3,855,8,4736,87,80
2657,16,3,856,8,4744,71,80
2658,16,3,857,8,4752,71,80
2659,16,3,858,6,4758,72,60
2660,16,3,859,2,4760,31,20
2661,16,3,860,4,4764,35,40
2662,16,3,861,9,4773,90,90
2663,16,3,862,7,4780,66,70
2664,16,3,863,6,4786,67,60
2665,16,3,864,6,4792,68,60
2666,16,3,865,7,4799,73,70
2667,16,3,866,5,4804,43,50
2668,16,3,867,4,4808,39,40
2669,16,3,868,9,4817,75,90
2670,16,3,869,8,4825,91,80
2671,16,3,870,4,4829,47,40
2672,16,3,871,9,4838,90,90
2673,16,3,872,3,4841,40,30
2674,16,3,873,2,4843,29,20
2675,16,3,874,2,4845,19,20
2676,16,3,875,3,4848,1,30
2677,16,3,876,8,4856,110,80
2678,16,3,877,6,4862,54,60
2679,16,3,878,2,4864,28,20
2680,16,3,879,7,4871,58,70
2681,16,3,880,7,4878,54,70
2682,16,3,881,9,4887,87,90
2683,16,3,882,9,4896,1,90
2684,16,3,883,5,4901,126,50
2685,16,3,884,5,4906,70,50
2686,16,3,885,3,4909,41,30
2687,16,3,886,4,4913,40,40
2688,16,3,887,8,4921,76,80
2689,16,3,888,8,4929,79,80
2690,16,3,889,8,4937,71,80
2691,16,3,890,5,4942,60,50
2692,16,3,891,3,4945,30,30
2693,16,3,892,4,4949,43,40
2694,16,3,893,9,4958,82,90
2695,16,3,894,5,4963,61,50
2696,16,3,895,7,4970,69,70
2697,16,3,896,4,4974,37,40
2698,16,3,897,4,4978,50,40
2699,16,3,898,6,4984,56,60
2700,16,3,899,6,4990,63,60
2701,16,3,900,7,4997,61,70
