,Scenario,Trial,Inspection,Interval,Time,Accumulation,Defects,Rate
0,327,1,1,6,6,64,64,60
1,327,1,2,3,9,27,27,30
2,327,1,3,4,13,45,45,40
3,327,1,4,9,22,94,94,90
4,327,1,5,6,28,70,70,60
5,327,1,6,2,30,27,27,20
6,327,1,7,5,35,58,9,50
7,327,1,8,5,40,90,15,50
8,327,1,9,3,43,99,99,30
9,327,1,10,5,48,37,37,50
10,327,1,11,7,55,73,73,70
11,327,1,12,6,61,63,63,60
12,327,1,13,8,69,73,73,80
13,327,1,14,8,77,67,67,80
14,327,1,15,6,83,57,57,60
15,327,1,16,8,91,77,77,80
16,327,1,17,8,99,85,85,80
17,327,1,18,8,107,74,74,80
18,327,1,19,5,112,47,47,50
19,327,1,20,6,118,51,51,60
20,327,1,21,4,122,33,33,40
21,327,1,22,8,130,64,64,80
22,327,1,23,3,133,34,34,30
23,327,1,24,8,141,67,12,80
24,327,1,25,8,149,131,131,80
25,327,1,26,4,153,41,12,40
26,327,1,27,4,157,68,68,40
27,327,1,28,4,161,30,30,40
28,327,1,29,2,163,17,3,20
29,327,1,30,6,169,72,72,60
30,327,1,31,4,173,45,45,40
31,327,1,32,3,176,27,7,30
32,327,1,33,9,185,94,94,90
33,327,1,34,2,187,19,19,20
34,327,1,35,2,189,23,23,20
35,327,1,36,8,197,82,82,80
36,327,1,37,4,201,46,46,40
37,327,1,38,4,205,31,31,40
38,327,1,39,6,211,65,65,60
39,327,1,40,9,220,83,18,90
40,327,1,41,9,229,161,161,90
41,327,1,42,2,231,20,20,20
42,327,1,43,7,238,77,77,70
43,327,1,44,2,240,28,8,20
44,327,1,45,8,248,103,103,80
45,327,1,46,3,251,30,30,30
46,327,1,47,9,260,85,85,90
47,327,1,48,8,268,97,97,80
48,327,1,49,7,275,81,81,70
49,327,1,50,3,278,33,33,30
50,327,1,51,7,285,64,64,70
51,327,1,52,7,292,78,78,70
52,327,1,53,6,298,65,65,60
53,327,1,54,5,303,45,45,50
54,327,1,55,3,306,33,10,30
55,327,1,56,6,312,85,85,60
56,327,1,57,8,320,84,84,80
57,327,1,58,6,326,55,55,60
58,327,1,59,6,332,61,61,60
59,327,1,60,5,337,41,41,50
60,327,1,61,7,344,84,84,70
61,327,1,62,8,352,88,88,80
62,327,1,63,3,355,33,33,30
63,327,1,64,6,361,47,47,60
64,327,1,65,7,368,70,70,70
65,327,1,66,3,371,30,30,30
66,327,1,67,6,377,54,54,60
67,327,1,68,9,386,92,23,90
68,327,1,69,9,395,169,169,90
69,327,1,70,2,397,19,19,20
70,327,1,71,7,404,82,9,70
71,327,1,72,3,407,106,106,30
72,327,1,73,6,413,61,8,60
73,327,1,74,6,419,95,95,60
74,327,1,75,3,422,26,26,30
75,327,1,76,5,427,35,5,50
76,327,1,77,3,430,62,62,30
77,327,1,78,4,434,40,40,40
78,327,1,79,4,438,36,36,40
79,327,1,80,9,447,80,80,90
80,327,1,81,8,455,77,8,80
81,327,1,82,2,457,89,89,20
82,327,1,83,8,465,91,91,80
83,327,1,84,6,471,66,66,60
84,327,1,85,6,477,67,12,60
85,327,1,86,6,483,108,108,60
86,327,1,87,2,485,26,26,20
87,327,1,88,7,492,76,76,70
88,327,1,89,8,500,78,78,80
89,327,1,90,8,508,79,79,80
90,327,1,91,8,516,85,85,80
91,327,1,92,5,521,62,62,50
92,327,1,93,2,523,19,4,20
93,327,1,94,5,528,50,50,50
94,327,1,95,6,534,54,54,60
95,327,1,96,4,538,47,47,40
96,327,1,97,9,547,74,74,90
97,327,1,98,4,551,48,48,40
98,327,1,99,6,557,64,64,60
99,327,1,100,8,565,86,86,80
100,327,1,101,9,574,83,83,90
101,327,1,102,3,577,35,35,30
102,327,1,103,5,582,57,57,50
103,327,1,104,6,588,65,65,60
104,327,1,105,5,593,38,38,50
105,327,1,106,5,598,38,38,50
106,327,1,107,3,601,33,33,30
107,327,1,108,7,608,66,66,70
108,327,1,109,8,616,85,85,80
109,327,1,110,7,623,72,72,70
110,327,1,111,6,629,66,66,60
111,327,1,112,5,634,48,48,50
112,327,1,113,2,636,8,8,20
113,327,1,114,8,644,66,15,80
114,327,1,115,9,653,132,132,90
115,327,1,116,9,662,108,30,90
116,327,1,117,9,671,176,176,90
117,327,1,118,6,677,59,59,60
118,327,1,119,6,683,50,50,60
119,327,1,120,5,688,56,56,50
120,327,1,121,8,696,83,19,80
121,327,1,122,5,701,114,114,50
122,327,1,123,3,704,25,25,30
123,327,1,124,9,713,93,93,90
124,327,1,125,4,717,34,34,40
125,327,1,126,5,722,30,30,50
126,327,1,127,6,728,62,62,60
127,327,1,128,3,731,32,32,30
128,327,1,129,8,739,71,71,80
129,327,1,130,7,746,75,75,70
130,327,1,131,8,754,90,90,80
131,327,1,132,3,757,31,31,30
132,327,1,133,4,761,40,40,40
133,327,1,134,7,768,82,82,70
134,327,1,135,6,774,61,61,60
135,327,1,136,6,780,42,42,60
136,327,1,137,4,784,46,46,40
137,327,1,138,4,788,42,42,40
138,327,1,139,7,795,71,71,70
139,327,1,140,5,800,53,53,50
140,327,1,141,7,807,79,13,70
141,327,1,142,6,813,120,120,60
142,327,1,143,4,817,34,5,40
143,327,1,144,3,820,58,58,30
144,327,1,145,2,822,25,25,20
145,327,1,146,3,825,28,28,30
146,327,1,147,9,834,85,85,90
147,327,1,148,6,840,55,55,60
148,327,1,149,9,849,113,113,90
149,327,1,150,6,855,60,60,60
150,327,1,151,4,859,40,40,40
151,327,1,152,3,862,23,23,30
152,327,1,153,6,868,51,51,60
153,327,1,154,9,877,84,84,90
154,327,1,155,8,885,84,84,80
155,327,1,156,2,887,24,24,20
156,327,1,157,8,895,85,16,80
157,327,1,158,3,898,102,102,30
158,327,1,159,2,900,21,21,20
159,327,1,160,7,907,67,67,70
160,327,1,161,3,910,33,33,30
161,327,1,162,9,919,102,102,90
162,327,1,163,3,922,24,24,30
163,327,1,164,7,929,65,65,70
164,327,1,165,2,931,25,25,20
165,327,1,166,4,935,38,38,40
166,327,1,167,7,942,65,65,70
167,327,1,168,9,951,90,90,90
168,327,1,169,4,955,45,45,40
169,327,1,170,7,962,78,78,70
170,327,1,171,3,965,38,38,30
171,327,1,172,7,972,69,69,70
172,327,1,173,9,981,94,18,90
173,327,1,174,7,988,130,130,70
174,327,1,175,6,994,62,62,60
175,327,1,176,6,1000,49,49,60
176,327,1,177,8,1008,65,65,80
177,327,1,178,4,1012,47,47,40
178,327,1,179,8,1020,76,76,80
179,327,1,180,6,1026,48,48,60
180,327,1,181,8,1034,97,24,80
181,327,1,182,9,1043,169,169,90
182,327,1,183,7,1050,81,81,70
183,327,1,184,9,1059,86,86,90
184,327,1,185,6,1065,65,65,60
185,327,1,186,6,1071,60,60,60
186,327,1,187,9,1080,87,87,90
187,327,1,188,2,1082,19,19,20
188,327,1,189,4,1086,38,38,40
189,327,1,190,3,1089,31,31,30
190,327,1,191,2,1091,14,14,20
191,327,1,192,7,1098,68,68,70
192,327,1,193,4,1102,27,27,40
193,327,1,194,7,1109,67,67,70
194,327,1,195,7,1116,72,20,70
195,327,1,196,8,1124,116,116,80
196,327,1,197,4,1128,43,43,40
197,327,1,198,5,1133,50,50,50
198,327,1,199,3,1136,31,31,30
199,327,1,200,7,1143,81,81,70
200,327,1,201,2,1145,21,21,20
201,327,1,202,9,1154,94,94,90
202,327,1,203,6,1160,54,54,60
203,327,1,204,6,1166,51,10,60
204,327,1,205,6,1172,99,99,60
205,327,1,206,6,1178,57,57,60
206,327,1,207,2,1180,25,25,20
207,327,1,208,9,1189,87,87,90
208,327,1,209,8,1197,71,71,80
209,327,1,210,2,1199,17,17,20
210,327,1,211,2,1201,23,23,20
211,327,1,212,3,1204,29,29,30
212,327,1,213,9,1213,103,103,90
213,327,1,214,8,1221,88,88,80
214,327,1,215,2,1223,19,19,20
215,327,1,216,4,1227,36,7,40
216,327,1,217,7,1234,99,16,70
217,327,1,218,8,1242,171,171,80
218,327,1,219,3,1245,25,25,30
219,327,1,220,3,1248,27,27,30
220,327,1,221,2,1250,23,23,20
221,327,1,222,6,1256,66,66,60
222,327,1,223,4,1260,30,30,40
223,327,1,224,3,1263,24,0,30
224,327,1,225,9,1272,121,121,90
225,327,1,226,4,1276,40,40,40
226,327,1,227,9,1285,68,11,90
227,327,1,228,8,1293,145,145,80
228,327,1,229,2,1295,20,20,20
229,327,1,230,2,1297,30,30,20
230,327,1,231,5,1302,43,43,50
231,327,1,232,3,1305,38,38,30
232,327,1,233,6,1311,56,56,60
233,327,1,234,8,1319,80,80,80
234,327,1,235,3,1322,27,27,30
235,327,1,236,9,1331,93,93,90
236,327,1,237,6,1337,45,45,60
237,327,1,238,9,1346,87,87,90
238,327,1,239,4,1350,37,4,40
239,327,1,240,5,1355,84,84,50
240,327,1,241,9,1364,83,83,90
241,327,1,242,6,1370,51,51,60
242,327,1,243,5,1375,52,52,50
243,327,1,244,5,1380,42,42,50
244,327,1,245,8,1388,80,15,80
245,327,1,246,9,1397,149,149,90
246,327,1,247,2,1399,27,27,20
247,327,1,248,8,1407,80,80,80
248,327,1,249,3,1410,25,25,30
249,327,1,250,7,1417,84,84,70
250,327,1,251,2,1419,18,4,20
251,327,1,252,2,1421,38,38,20
252,327,1,253,5,1426,50,50,50
253,327,1,254,8,1434,85,85,80
254,327,1,255,9,1443,96,96,90
255,327,1,256,7,1450,80,80,70
256,327,1,257,3,1453,33,33,30
257,327,1,258,3,1456,40,40,30
258,327,1,259,2,1458,17,17,20
259,327,1,260,6,1464,54,54,60
260,327,1,261,4,1468,31,31,40
261,327,1,262,5,1473,46,46,50
262,327,1,263,8,1481,83,83,80
263,327,1,264,2,1483,21,21,20
264,327,1,265,3,1486,29,29,30
265,327,1,266,5,1491,44,44,50
266,327,1,267,6,1497,53,53,60
267,327,1,268,5,1502,49,49,50
268,327,1,269,3,1505,25,25,30
269,327,1,270,7,1512,68,68,70
270,327,1,271,7,1519,65,65,70
271,327,1,272,5,1524,48,48,50
272,327,1,273,9,1533,110,110,90
273,327,1,274,8,1541,82,82,80
274,327,1,275,4,1545,37,37,40
275,327,1,276,2,1547,20,20,20
276,327,1,277,8,1555,63,63,80
277,327,1,278,5,1560,41,41,50
278,327,1,279,8,1568,77,17,80
279,327,1,280,4,1572,94,94,40
280,327,1,281,3,1575,36,36,30
281,327,1,282,6,1581,53,53,60
282,327,1,283,2,1583,15,15,20
283,327,1,284,2,1585,25,25,20
284,327,1,285,6,1591,48,48,60
285,327,1,286,5,1596,56,56,50
286,327,1,287,6,1602,70,70,60
287,327,1,288,5,1607,48,48,50
288,327,1,289,4,1611,53,53,40
289,327,1,290,7,1618,83,83,70
290,327,1,291,4,1622,35,6,40
291,327,1,292,9,1631,103,103,90
292,327,1,293,2,1633,16,16,20
293,327,1,294,9,1642,106,106,90
294,327,1,295,6,1648,52,52,60
295,327,1,296,3,1651,27,27,30
296,327,1,297,9,1660,78,78,90
297,327,1,298,6,1666,74,7,60
298,327,1,299,3,1669,89,21,30
299,327,1,300,3,1672,106,106,30
300,327,1,301,3,1675,39,39,30
301,327,1,302,5,1680,55,55,50
302,327,1,303,6,1686,60,60,60
303,327,1,304,2,1688,12,12,20
304,327,1,305,3,1691,26,26,30
305,327,1,306,4,1695,46,46,40
306,327,1,307,3,1698,35,35,30
307,327,1,308,2,1700,20,20,20
308,327,1,309,4,1704,30,30,40
309,327,1,310,9,1713,88,88,90
310,327,1,311,3,1716,26,26,30
311,327,1,312,6,1722,50,50,60
312,327,1,313,5,1727,53,53,50
313,327,1,314,5,1732,48,48,50
314,327,1,315,8,1740,72,14,80
315,327,1,316,3,1743,86,86,30
316,327,1,317,2,1745,16,16,20
317,327,1,318,3,1748,30,30,30
318,327,1,319,7,1755,66,66,70
319,327,1,320,2,1757,28,28,20
320,327,1,321,4,1761,45,45,40
321,327,1,322,6,1767,55,55,60
322,327,1,323,5,1772,46,46,50
323,327,1,324,7,1779,70,70,70
324,327,1,325,6,1785,73,73,60
325,327,1,326,5,1790,54,54,50
326,327,1,327,3,1793,33,33,30
327,327,1,328,7,1800,78,78,70
328,327,1,329,5,1805,51,51,50
329,327,1,330,5,1810,51,51,50
330,327,1,331,8,1818,84,84,80
331,327,1,332,8,1826,75,75,80
332,327,1,333,6,1832,55,55,60
333,327,1,334,7,1839,79,79,70
334,327,1,335,6,1845,73,73,60
335,327,1,336,7,1852,83,83,70
336,327,1,337,6,1858,54,54,60
337,327,1,338,4,1862,52,52,40
338,327,1,339,2,1864,21,21,20
339,327,1,340,3,1867,27,27,30
340,327,1,341,6,1873,63,63,60
341,327,1,342,3,1876,25,25,30
342,327,1,343,8,1884,92,92,80
343,327,1,344,4,1888,39,39,40
344,327,1,345,5,1893,53,53,50
345,327,1,346,9,1902,87,87,90
346,327,1,347,4,1906,41,41,40
347,327,1,348,3,1909,37,37,30
348,327,1,349,9,1918,75,75,90
349,327,1,350,3,1921,32,32,30
350,327,1,351,8,1929,63,63,80
351,327,1,352,6,1935,60,60,60
352,327,1,353,8,1943,77,77,80
353,327,1,354,5,1948,57,57,50
354,327,1,355,7,1955,72,72,70
355,327,1,356,5,1960,61,61,50
356,327,1,357,6,1966,57,57,60
357,327,1,358,6,1972,66,66,60
358,327,1,359,9,1981,80,80,90
359,327,1,360,8,1989,74,74,80
360,327,1,361,6,1995,53,53,60
361,327,1,362,8,2003,86,86,80
362,327,1,363,5,2008,52,52,50
363,327,1,364,2,2010,25,25,20
364,327,1,365,2,2012,18,18,20
365,327,1,366,8,2020,92,92,80
366,327,1,367,5,2025,43,43,50
367,327,1,368,7,2032,70,70,70
368,327,1,369,6,2038,63,63,60
369,327,1,370,8,2046,66,66,80
370,327,1,371,8,2054,87,87,80
371,327,1,372,4,2058,41,41,40
372,327,1,373,6,2064,64,64,60
373,327,1,374,4,2068,43,43,40
374,327,1,375,4,2072,41,41,40
375,327,1,376,6,2078,58,58,60
376,327,1,377,8,2086,73,73,80
377,327,1,378,4,2090,47,47,40
378,327,1,379,6,2096,69,69,60
379,327,1,380,9,2105,103,17,90
380,327,1,381,2,2107,106,106,20
381,327,1,382,4,2111,36,36,40
382,327,1,383,4,2115,40,40,40
383,327,1,384,9,2124,73,73,90
384,327,1,385,5,2129,65,65,50
385,327,1,386,7,2136,72,72,70
386,327,1,387,6,2142,51,51,60
387,327,1,388,5,2147,46,46,50
388,327,1,389,3,2150,21,21,30
389,327,1,390,7,2157,65,65,70
390,327,1,391,3,2160,21,21,30
391,327,1,392,9,2169,110,110,90
392,327,1,393,2,2171,19,19,20
393,327,1,394,2,2173,16,16,20
394,327,1,395,3,2176,39,39,30
395,327,1,396,6,2182,59,59,60
396,327,1,397,6,2188,64,10,60
397,327,1,398,5,2193,107,107,50
398,327,1,399,3,2196,25,5,30
399,327,1,400,2,2198,39,39,20
400,327,1,401,5,2203,44,44,50
401,327,1,402,8,2211,87,87,80
402,327,1,403,3,2214,29,29,30
403,327,1,404,8,2222,88,88,80
404,327,1,405,3,2225,22,22,30
405,327,1,406,5,2230,55,55,50
406,327,1,407,3,2233,24,24,30
407,327,1,408,3,2236,27,9,30
408,327,1,409,3,2239,51,51,30
409,327,1,410,8,2247,83,83,80
410,327,1,411,2,2249,18,18,20
411,327,1,412,6,2255,61,61,60
412,327,1,413,7,2262,59,59,70
413,327,1,414,9,2271,72,72,90
414,327,1,415,7,2278,70,70,70
415,327,1,416,8,2286,80,80,80
416,327,1,417,9,2295,101,101,90
417,327,1,418,7,2302,81,81,70
418,327,1,419,9,2311,82,82,90
419,327,1,420,4,2315,49,49,40
420,327,1,421,7,2322,77,77,70
421,327,1,422,3,2325,27,27,30
422,327,1,423,8,2333,77,77,80
423,327,1,424,6,2339,67,67,60
424,327,1,425,7,2346,69,69,70
425,327,1,426,6,2352,50,50,60
426,327,1,427,9,2361,91,91,90
427,327,1,428,7,2368,74,74,70
428,327,1,429,5,2373,53,53,50
429,327,1,430,3,2376,24,24,30
430,327,1,431,3,2379,27,27,30
431,327,1,432,6,2385,60,9,60
432,327,1,433,7,2392,114,114,70
433,327,1,434,7,2399,70,70,70
434,327,1,435,7,2406,57,57,70
435,327,1,436,5,2411,49,49,50
436,327,1,437,5,2416,52,52,50
437,327,1,438,5,2421,50,50,50
438,327,1,439,2,2423,12,12,20
439,327,1,440,6,2429,44,44,60
440,327,1,441,8,2437,96,96,80
441,327,1,442,2,2439,25,25,20
442,327,1,443,8,2447,92,92,80
443,327,1,444,7,2454,56,56,70
444,327,1,445,5,2459,56,56,50
445,327,1,446,5,2464,59,59,50
446,327,1,447,4,2468,31,31,40
447,327,1,448,5,2473,46,46,50
448,327,1,449,4,2477,51,51,40
449,327,1,450,6,2483,65,65,60
450,327,1,451,9,2492,106,106,90
451,327,1,452,2,2494,19,19,20
452,327,1,453,5,2499,57,57,50
453,327,1,454,4,2503,39,39,40
454,327,1,455,5,2508,46,46,50
455,327,1,456,5,2513,46,46,50
456,327,1,457,8,2521,64,64,80
457,327,1,458,6,2527,45,45,60
458,327,1,459,9,2536,97,97,90
459,327,1,460,6,2542,63,11,60
460,327,1,461,8,2550,124,124,80
461,327,1,462,3,2553,26,26,30
462,327,1,463,6,2559,66,66,60
463,327,1,464,6,2565,56,56,60
464,327,1,465,3,2568,30,3,30
465,327,1,466,3,2571,65,65,30
466,327,1,467,4,2575,38,38,40
467,327,1,468,7,2582,77,21,70
468,327,1,469,3,2585,82,82,30
469,327,1,470,5,2590,43,7,50
470,327,1,471,3,2593,64,64,30
471,327,1,472,2,2595,17,17,20
472,327,1,473,5,2600,51,51,50
473,327,1,474,6,2606,49,5,60
474,327,1,475,9,2615,130,130,90
475,327,1,476,7,2622,59,59,70
476,327,1,477,6,2628,62,62,60
477,327,1,478,4,2632,30,30,40
478,327,1,479,8,2640,88,88,80
479,327,1,480,9,2649,94,94,90
480,327,1,481,8,2657,92,92,80
481,327,1,482,9,2666,74,18,90
482,327,1,483,4,2670,85,85,40
483,327,1,484,7,2677,68,68,70
484,327,1,485,9,2686,103,103,90
485,327,1,486,5,2691,42,42,50
486,327,1,487,7,2698,70,70,70
487,327,1,488,4,2702,39,39,40
488,327,1,489,5,2707,53,15,50
489,327,1,490,3,2710,70,70,30
490,327,1,491,3,2713,28,28,30
491,327,1,492,7,2720,51,51,70
492,327,1,493,4,2724,47,47,40
493,327,1,494,4,2728,44,44,40
494,327,1,495,9,2737,93,93,90
495,327,1,496,5,2742,42,42,50
496,327,1,497,9,2751,84,84,90
497,327,1,498,8,2759,86,86,80
498,327,1,499,6,2765,66,66,60
499,327,1,500,6,2771,65,65,60
500,327,1,501,4,2775,40,40,40
501,327,1,502,8,2783,60,60,80
502,327,1,503,4,2787,52,52,40
503,327,1,504,5,2792,43,43,50
504,327,1,505,4,2796,39,39,40
505,327,1,506,2,2798,15,15,20
506,327,1,507,2,2800,23,23,20
507,327,1,508,3,2803,24,24,30
508,327,1,509,5,2808,56,56,50
509,327,1,510,3,2811,16,16,30
510,327,1,511,3,2814,36,36,30
511,327,1,512,7,2821,72,72,70
512,327,1,513,2,2823,14,14,20
513,327,1,514,6,2829,77,77,60
514,327,1,515,6,2835,57,57,60
515,327,1,516,2,2837,26,26,20
516,327,1,517,6,2843,55,55,60
517,327,1,518,8,2851,93,93,80
518,327,1,519,3,2854,39,39,30
519,327,1,520,4,2858,40,40,40
520,327,1,521,6,2864,71,71,60
521,327,1,522,8,2872,78,78,80
522,327,1,523,7,2879,87,29,70
523,327,1,524,5,2884,102,102,50
524,327,1,525,8,2892,84,84,80
525,327,1,526,6,2898,53,53,60
526,327,1,527,8,2906,71,71,80
527,327,1,528,8,2914,70,70,80
528,327,1,529,9,2923,75,75,90
529,327,1,530,9,2932,81,81,90
530,327,1,531,6,2938,57,57,60
531,327,1,532,8,2946,69,69,80
532,327,1,533,7,2953,62,62,70
533,327,1,534,3,2956,24,24,30
534,327,1,535,8,2964,79,79,80
535,327,1,536,6,2970,64,64,60
536,327,1,537,3,2973,27,27,30
537,327,1,538,3,2976,29,29,30
538,327,1,539,6,2982,57,57,60
539,327,1,540,6,2988,66,66,60
540,327,1,541,9,2997,98,19,90
541,327,1,542,6,3003,141,141,60
542,327,1,543,4,3007,32,32,40
543,327,1,544,3,3010,33,33,30
544,327,1,545,9,3019,100,100,90
545,327,1,546,3,3022,28,28,30
546,327,1,547,5,3027,55,55,50
547,327,1,548,7,3034,71,71,70
548,327,1,549,4,3038,34,34,40
549,327,1,550,6,3044,62,62,60
550,327,1,551,2,3046,21,21,20
551,327,1,552,2,3048,17,17,20
552,327,1,553,8,3056,84,84,80
553,327,1,554,9,3065,99,99,90
554,327,1,555,5,3070,48,48,50
555,327,1,556,6,3076,69,69,60
556,327,1,557,3,3079,39,39,30
557,327,1,558,2,3081,20,20,20
558,327,1,559,3,3084,20,20,30
559,327,1,560,7,3091,73,73,70
560,327,1,561,5,3096,53,53,50
561,327,1,562,9,3105,101,101,90
562,327,1,563,3,3108,31,31,30
563,327,1,564,6,3114,62,62,60
564,327,1,565,4,3118,40,7,40
565,327,1,566,6,3124,102,102,60
566,327,1,567,7,3131,72,72,70
567,327,1,568,5,3136,47,47,50
568,327,1,569,4,3140,47,47,40
569,327,1,570,3,3143,34,34,30
570,327,1,571,5,3148,56,56,50
571,327,1,572,2,3150,20,20,20
572,327,1,573,8,3158,85,16,80
573,327,1,574,6,3164,126,126,60
574,327,1,575,4,3168,33,33,40
575,327,1,576,9,3177,101,101,90
576,327,1,577,8,3185,82,82,80
577,327,1,578,2,3187,21,21,20
578,327,1,579,3,3190,27,6,30
579,327,1,580,9,3199,116,116,90
580,327,1,581,9,3208,104,104,90
581,327,1,582,9,3217,81,81,90
582,327,1,583,3,3220,34,34,30
583,327,1,584,6,3226,49,49,60
584,327,1,585,4,3230,49,14,40
585,327,1,586,6,3236,81,81,60
586,327,1,587,7,3243,64,64,70
587,327,1,588,7,3250,60,60,70
588,327,1,589,8,3258,66,66,80
589,327,1,590,6,3264,57,57,60
590,327,1,591,8,3272,82,82,80
591,327,1,592,9,3281,96,96,90
592,327,1,593,3,3284,26,26,30
593,327,1,594,5,3289,52,52,50
594,327,1,595,7,3296,79,79,70
595,327,1,596,6,3302,75,75,60
596,327,1,597,9,3311,84,84,90
597,327,1,598,5,3316,56,56,50
598,327,1,599,3,3319,27,27,30
599,327,1,600,2,3321,14,14,20
600,327,1,601,5,3326,51,14,50
601,327,1,602,9,3335,124,124,90
602,327,1,603,3,3338,32,32,30
603,327,1,604,7,3345,67,67,70
604,327,1,605,4,3349,37,37,40
605,327,1,606,2,3351,17,17,20
606,327,1,607,3,3354,33,33,30
607,327,1,608,8,3362,65,65,80
608,327,1,609,5,3367,56,56,50
609,327,1,610,7,3374,72,72,70
610,327,1,611,5,3379,61,61,50
611,327,1,612,5,3384,51,51,50
612,327,1,613,7,3391,74,74,70
613,327,1,614,6,3397,65,65,60
614,327,1,615,8,3405,91,91,80
615,327,1,616,6,3411,52,52,60
616,327,1,617,7,3418,82,82,70
617,327,1,618,7,3425,62,8,70
618,327,1,619,8,3433,134,134,80
619,327,1,620,5,3438,53,53,50
620,327,1,621,2,3440,14,14,20
621,327,1,622,8,3448,73,73,80
622,327,1,623,7,3455,53,53,70
623,327,1,624,7,3462,72,72,70
624,327,1,625,5,3467,57,57,50
625,327,1,626,5,3472,59,59,50
626,327,1,627,4,3476,43,43,40
627,327,1,628,6,3482,49,49,60
628,327,1,629,9,3491,81,81,90
629,327,1,630,8,3499,84,84,80
630,327,1,631,9,3508,101,101,90
631,327,1,632,8,3516,70,70,80
632,327,1,633,7,3523,62,62,70
633,327,1,634,7,3530,70,70,70
634,327,1,635,7,3537,73,73,70
635,327,1,636,8,3545,71,71,80
636,327,1,637,5,3550,52,52,50
637,327,1,638,3,3553,29,29,30
638,327,1,639,5,3558,51,51,50
639,327,1,640,4,3562,46,46,40
640,327,1,641,4,3566,35,35,40
641,327,1,642,4,3570,31,31,40
642,327,1,643,2,3572,24,24,20
643,327,1,644,5,3577,40,40,50
644,327,1,645,2,3579,24,24,20
645,327,1,646,7,3586,61,61,70
646,327,1,647,8,3594,76,76,80
647,327,1,648,7,3601,55,55,70
648,327,1,649,3,3604,33,33,30
649,327,1,650,9,3613,105,23,90
650,327,1,651,6,3619,136,136,60
651,327,1,652,5,3624,69,69,50
652,327,1,653,7,3631,68,68,70
653,327,1,654,2,3633,28,28,20
654,327,1,655,4,3637,40,40,40
655,327,1,656,6,3643,54,54,60
656,327,1,657,5,3648,44,44,50
657,327,1,658,3,3651,34,9,30
658,327,1,659,6,3657,89,89,60
659,327,1,660,5,3662,54,54,50
660,327,1,661,7,3669,53,53,70
661,327,1,662,3,3672,37,37,30
662,327,1,663,7,3679,77,77,70
663,327,1,664,4,3683,43,43,40
664,327,1,665,2,3685,17,17,20
665,327,1,666,5,3690,59,6,50
666,327,1,667,8,3698,129,27,80
667,327,1,668,7,3705,168,168,70
668,327,1,669,9,3714,87,87,90
669,327,1,670,2,3716,35,9,20
670,327,1,671,3,3719,49,49,30
671,327,1,672,8,3727,80,80,80
672,327,1,673,3,3730,31,31,30
673,327,1,674,2,3732,23,5,20
674,327,1,675,2,3734,37,10,20
675,327,1,676,7,3741,104,104,70
676,327,1,677,8,3749,73,73,80
677,327,1,678,9,3758,78,78,90
678,327,1,679,9,3767,96,96,90
679,327,1,680,8,3775,75,75,80
680,327,1,681,7,3782,77,16,70
681,327,1,682,6,3788,122,23,60
682,327,1,683,9,3797,178,178,90
683,327,1,684,8,3805,84,84,80
684,327,1,685,5,3810,52,52,50
685,327,1,686,5,3815,55,55,50
686,327,1,687,5,3820,58,58,50
687,327,1,688,2,3822,20,20,20
688,327,1,689,5,3827,52,52,50
689,327,1,690,3,3830,41,41,30
690,327,1,691,2,3832,17,17,20
691,327,1,692,2,3834,12,12,20
692,327,1,693,8,3842,86,86,80
693,327,1,694,6,3848,64,64,60
694,327,1,695,8,3856,87,87,80
695,327,1,696,8,3864,75,75,80
696,327,1,697,9,3873,89,89,90
697,327,1,698,7,3880,69,69,70
698,327,1,699,9,3889,89,89,90
699,327,1,700,8,3897,75,75,80
700,327,1,701,5,3902,55,55,50
701,327,1,702,6,3908,61,61,60
702,327,1,703,2,3910,21,21,20
703,327,1,704,6,3916,49,49,60
704,327,1,705,4,3920,48,48,40
705,327,1,706,9,3929,96,96,90
706,327,1,707,6,3935,69,69,60
707,327,1,708,4,3939,45,45,40
708,327,1,709,9,3948,95,95,90
709,327,1,710,9,3957,103,103,90
710,327,1,711,2,3959,20,20,20
711,327,1,712,3,3962,42,42,30
712,327,1,713,5,3967,48,48,50
713,327,1,714,3,3970,34,34,30
714,327,1,715,8,3978,80,80,80
715,327,1,716,5,3983,50,50,50
716,327,1,717,5,3988,48,48,50
717,327,1,718,4,3992,36,36,40
718,327,1,719,6,3998,65,65,60
719,327,1,720,3,4001,31,31,30
720,327,1,721,2,4003,26,26,20
721,327,1,722,4,4007,38,38,40
722,327,1,723,9,4016,107,107,90
723,327,1,724,6,4022,58,58,60
724,327,1,725,6,4028,55,55,60
725,327,1,726,7,4035,72,72,70
726,327,1,727,3,4038,23,23,30
727,327,1,728,2,4040,33,33,20
728,327,1,729,9,4049,95,95,90
729,327,1,730,6,4055,65,65,60
730,327,1,731,6,4061,62,62,60
731,327,1,732,2,4063,24,24,20
732,327,1,733,8,4071,71,15,80
733,327,1,734,4,4075,90,90,40
734,327,1,735,2,4077,22,22,20
735,327,1,736,7,4084,70,70,70
736,327,1,737,2,4086,23,3,20
737,327,1,738,4,4090,65,65,40
738,327,1,739,3,4093,27,4,30
739,327,1,740,4,4097,55,5,40
740,327,1,741,7,4104,109,109,70
741,327,1,742,8,4112,77,77,80
742,327,1,743,3,4115,25,25,30
743,327,1,744,7,4122,72,72,70
744,327,1,745,2,4124,20,20,20
745,327,1,746,9,4133,101,101,90
746,327,1,747,7,4140,74,74,70
747,327,1,748,6,4146,64,64,60
748,327,1,749,2,4148,15,15,20
749,327,1,750,7,4155,65,65,70
750,327,1,751,8,4163,86,86,80
751,327,1,752,9,4172,94,94,90
752,327,1,753,6,4178,53,53,60
753,327,1,754,5,4183,60,60,50
754,327,1,755,8,4191,81,81,80
755,327,1,756,8,4199,77,77,80
756,327,1,757,8,4207,68,68,80
757,327,1,758,4,4211,29,29,40
758,327,1,759,8,4219,84,84,80
759,327,1,760,6,4225,49,49,60
760,327,1,761,5,4230,49,49,50
761,327,1,762,4,4234,57,57,40
762,327,1,763,9,4243,86,86,90
763,327,1,764,5,4248,58,58,50
764,327,1,765,7,4255,83,20,70
765,327,1,766,3,4258,97,97,30
766,327,1,767,6,4264,62,62,60
767,327,1,768,8,4272,91,91,80
768,327,1,769,9,4281,99,99,90
769,327,1,770,4,4285,30,30,40
770,327,1,771,2,4287,24,24,20
771,327,1,772,2,4289,18,18,20
772,327,1,773,5,4294,58,58,50
773,327,1,774,4,4298,34,34,40
774,327,1,775,8,4306,77,77,80
775,327,1,776,8,4314,84,84,80
776,327,1,777,4,4318,47,47,40
777,327,1,778,6,4324,64,64,60
778,327,1,779,9,4333,79,79,90
779,327,1,780,6,4339,61,61,60
780,327,1,781,7,4346,79,79,70
781,327,1,782,8,4354,85,85,80
782,327,1,783,3,4357,29,29,30
783,327,1,784,9,4366,98,98,90
784,327,1,785,6,4372,57,57,60
785,327,1,786,9,4381,69,69,90
786,327,1,787,9,4390,100,100,90
787,327,1,788,5,4395,54,54,50
788,327,1,789,7,4402,82,82,70
789,327,1,790,4,4406,31,31,40
790,327,1,791,8,4414,81,81,80
791,327,1,792,5,4419,35,35,50
792,327,1,793,8,4427,63,63,80
793,327,1,794,3,4430,26,26,30
794,327,1,795,6,4436,65,9,60
795,327,1,796,7,4443,131,131,70
796,327,1,797,2,4445,23,23,20
797,327,1,798,6,4451,45,45,60
798,327,1,799,7,4458,72,72,70
799,327,1,800,7,4465,71,71,70
800,327,1,801,9,4474,94,94,90
801,327,1,802,2,4476,23,23,20
802,327,1,803,2,4478,19,19,20
803,327,1,804,9,4487,107,107,90
804,327,1,805,2,4489,23,23,20
805,327,1,806,8,4497,81,81,80
806,327,1,807,6,4503,50,50,60
807,327,1,808,6,4509,61,61,60
808,327,1,809,3,4512,33,9,30
809,327,1,810,3,4515,57,57,30
810,327,1,811,3,4518,33,6,30
811,327,1,812,3,4521,60,60,30
812,327,1,813,6,4527,63,63,60
813,327,1,814,2,4529,24,24,20
814,327,1,815,8,4537,83,83,80
815,327,1,816,4,4541,39,13,40
816,327,1,817,7,4548,93,19,70
817,327,1,818,3,4551,105,26,30
818,327,1,819,2,4553,107,107,20
819,327,1,820,5,4558,42,42,50
820,327,1,821,5,4563,53,12,50
821,327,1,822,4,4567,74,74,40
822,327,1,823,3,4570,33,33,30
823,327,1,824,5,4575,48,9,50
824,327,1,825,6,4581,96,96,60
825,327,1,826,7,4588,59,59,70
826,327,1,827,3,4591,23,23,30
827,327,1,828,8,4599,89,89,80
828,327,1,829,3,4602,26,26,30
829,327,1,830,9,4611,77,77,90
830,327,1,831,6,4617,57,7,60
831,327,1,832,2,4619,78,78,20
832,327,1,833,8,4627,70,70,80
833,327,1,834,8,4635,74,74,80
834,327,1,835,6,4641,52,52,60
835,327,1,836,6,4647,45,45,60
836,327,1,837,9,4656,82,82,90
837,327,1,838,6,4662,64,64,60
838,327,1,839,5,4667,41,41,50
839,327,1,840,7,4674,74,74,70
840,327,1,841,5,4679,49,49,50
841,327,1,842,2,4681,20,20,20
842,327,1,843,5,4686,53,53,50
843,327,1,844,2,4688,23,23,20
844,327,1,845,3,4691,34,34,30
845,327,1,846,4,4695,44,44,40
846,327,1,847,5,4700,54,54,50
847,327,1,848,4,4704,47,47,40
848,327,1,849,2,4706,16,16,20
849,327,1,850,7,4713,69,69,70
850,327,1,851,3,4716,32,32,30
851,327,1,852,9,4725,87,87,90
852,327,1,853,8,4733,88,88,80
853,327,1,854,5,4738,69,69,50
854,327,1,855,8,4746,73,73,80
855,327,1,856,5,4751,63,63,50
856,327,1,857,9,4760,80,80,90
857,327,1,858,7,4767,67,15,70
858,327,1,859,4,4771,90,90,40
859,327,1,860,5,4776,53,53,50
860,327,1,861,9,4785,82,82,90
861,327,1,862,3,4788,31,31,30
862,327,1,863,9,4797,96,96,90
863,327,1,864,8,4805,77,77,80
864,327,1,865,6,4811,58,58,60
865,327,1,866,2,4813,16,16,20
866,327,1,867,4,4817,56,56,40
867,327,1,868,5,4822,41,41,50
868,327,1,869,2,4824,19,19,20
869,327,1,870,9,4833,99,99,90
870,327,1,871,5,4838,50,8,50
871,327,1,872,3,4841,74,74,30
872,327,1,873,9,4850,105,105,90
873,327,1,874,8,4858,63,63,80
874,327,1,875,6,4864,53,53,60
875,327,1,876,4,4868,43,43,40
876,327,1,877,8,4876,81,81,80
877,327,1,878,5,4881,46,46,50
878,327,1,879,6,4887,64,64,60
879,327,1,880,7,4894,62,62,70
880,327,1,881,5,4899,66,66,50
881,327,1,882,9,4908,88,88,90
882,327,1,883,3,4911,26,26,30
883,327,1,884,2,4913,18,18,20
884,327,1,885,4,4917,48,48,40
885,327,1,886,5,4922,45,9,50
886,327,1,887,2,4924,56,56,20
887,327,1,888,7,4931,55,55,70
888,327,1,889,6,4937,57,57,60
889,327,1,890,4,4941,40,40,40
890,327,1,891,3,4944,31,31,30
891,327,1,892,3,4947,29,29,30
892,327,1,893,6,4953,46,46,60
893,327,1,894,7,4960,72,72,70
894,327,1,895,4,4964,39,39,40
895,327,1,896,6,4970,55,55,60
896,327,1,897,4,4974,29,29,40
897,327,1,898,7,4981,80,80,70
898,327,1,899,8,4989,80,80,80
899,327,1,900,7,4996,77,77,70
900,327,2,1,9,9,105,105,90
901,327,2,2,9,18,88,88,90
902,327,2,3,5,23,67,67,50
903,327,2,4,7,30,73,73,70
904,327,2,5,8,38,83,83,80
905,327,2,6,3,41,29,7,30
906,327,2,7,6,47,69,69,60
907,327,2,8,3,50,26,26,30
908,327,2,9,9,59,89,89,90
909,327,2,10,6,65,55,55,60
910,327,2,11,3,68,34,34,30
911,327,2,12,6,74,62,62,60
912,327,2,13,5,79,48,48,50
913,327,2,14,2,81,26,9,20
914,327,2,15,6,87,95,95,60
915,327,2,16,9,96,75,75,90
916,327,2,17,9,105,87,87,90
917,327,2,18,7,112,75,75,70
918,327,2,19,5,117,51,51,50
919,327,2,20,4,121,38,38,40
920,327,2,21,9,130,71,71,90
921,327,2,22,5,135,47,47,50
922,327,2,23,6,141,58,58,60
923,327,2,24,9,150,67,67,90
924,327,2,25,8,158,78,78,80
925,327,2,26,7,165,88,88,70
926,327,2,27,6,171,54,54,60
927,327,2,28,5,176,48,48,50
928,327,2,29,2,178,22,22,20
929,327,2,30,4,182,45,45,40
930,327,2,31,9,191,89,89,90
931,327,2,32,7,198,65,65,70
932,327,2,33,6,204,59,12,60
933,327,2,34,4,208,85,85,40
934,327,2,35,2,210,16,16,20
935,327,2,36,9,219,72,72,90
936,327,2,37,8,227,75,75,80
937,327,2,38,4,231,41,41,40
938,327,2,39,2,233,13,13,20
939,327,2,40,5,238,52,52,50
940,327,2,41,5,243,53,7,50
941,327,2,42,7,250,115,20,70
942,327,2,43,2,252,113,113,20
943,327,2,44,8,260,77,77,80
944,327,2,45,6,266,49,8,60
945,327,2,46,7,273,126,126,70
946,327,2,47,2,275,34,6,20
947,327,2,48,8,283,97,97,80
948,327,2,49,4,287,41,41,40
949,327,2,50,9,296,93,93,90
950,327,2,51,4,300,36,36,40
951,327,2,52,5,305,61,61,50
952,327,2,53,6,311,59,59,60
953,327,2,54,4,315,36,8,40
954,327,2,55,3,318,49,49,30
955,327,2,56,9,327,90,90,90
956,327,2,57,6,333,59,59,60
957,327,2,58,8,341,80,17,80
958,327,2,59,9,350,163,163,90
959,327,2,60,8,358,71,71,80
960,327,2,61,9,367,93,93,90
961,327,2,62,6,373,57,57,60
962,327,2,63,8,381,67,67,80
963,327,2,64,2,383,27,27,20
964,327,2,65,8,391,61,61,80
965,327,2,66,2,393,21,21,20
966,327,2,67,6,399,63,63,60
967,327,2,68,2,401,13,13,20
968,327,2,69,3,404,25,25,30
969,327,2,70,4,408,43,43,40
970,327,2,71,7,415,74,74,70
971,327,2,72,8,423,81,81,80
972,327,2,73,2,425,19,19,20
973,327,2,74,3,428,26,26,30
974,327,2,75,9,437,97,20,90
975,327,2,76,4,441,118,118,40
976,327,2,77,3,444,24,24,30
977,327,2,78,8,452,81,81,80
978,327,2,79,3,455,30,30,30
979,327,2,80,2,457,15,15,20
980,327,2,81,4,461,38,38,40
981,327,2,82,3,464,28,28,30
982,327,2,83,7,471,59,59,70
983,327,2,84,6,477,63,63,60
984,327,2,85,6,483,68,68,60
985,327,2,86,5,488,47,47,50
986,327,2,87,9,497,98,98,90
987,327,2,88,7,504,75,14,70
988,327,2,89,2,506,84,84,20
989,327,2,90,8,514,72,72,80
990,327,2,91,3,517,27,27,30
991,327,2,92,9,526,95,95,90
992,327,2,93,7,533,76,76,70
993,327,2,94,4,537,47,47,40
994,327,2,95,3,540,22,22,30
995,327,2,96,5,545,44,8,50
996,327,2,97,4,549,64,64,40
997,327,2,98,7,556,73,73,70
998,327,2,99,6,562,75,75,60
999,327,2,100,2,564,22,22,20
1000,327,2,101,7,571,77,77,70
1001,327,2,102,4,575,40,40,40
1002,327,2,103,4,579,38,38,40
1003,327,2,104,8,587,91,91,80
1004,327,2,105,6,593,63,63,60
1005,327,2,106,5,598,54,13,50
1006,327,2,107,2,600,60,60,20
1007,327,2,108,2,602,22,22,20
1008,327,2,109,8,610,82,82,80
1009,327,2,110,8,618,75,75,80
1010,327,2,111,8,626,80,17,80
1011,327,2,112,5,631,117,117,50
1012,327,2,113,8,639,79,79,80
1013,327,2,114,6,645,60,8,60
1014,327,2,115,7,652,119,119,70
1015,327,2,116,5,657,43,8,50
1016,327,2,117,6,663,80,80,60
1017,327,2,118,7,670,63,63,70
1018,327,2,119,7,677,68,68,70
1019,327,2,120,9,686,90,13,90
1020,327,2,121,7,693,142,142,70
1021,327,2,122,5,698,49,49,50
1022,327,2,123,3,701,23,23,30
1023,327,2,124,5,706,52,52,50
1024,327,2,125,6,712,62,62,60
1025,327,2,126,7,719,65,65,70
1026,327,2,127,4,723,29,29,40
1027,327,2,128,5,728,50,50,50
1028,327,2,129,9,737,106,106,90
1029,327,2,130,8,745,81,81,80
1030,327,2,131,2,747,19,19,20
1031,327,2,132,2,749,17,17,20
1032,327,2,133,9,758,92,92,90
1033,327,2,134,3,761,37,6,30
1034,327,2,135,4,765,72,72,40
1035,327,2,136,2,767,20,20,20
1036,327,2,137,8,775,83,83,80
1037,327,2,138,7,782,61,61,70
1038,327,2,139,8,790,72,72,80
1039,327,2,140,3,793,29,29,30
1040,327,2,141,4,797,34,34,40
1041,327,2,142,3,800,22,22,30
1042,327,2,143,3,803,32,32,30
1043,327,2,144,7,810,51,51,70
1044,327,2,145,9,819,90,90,90
1045,327,2,146,2,821,16,3,20
1046,327,2,147,8,829,77,77,80
1047,327,2,148,8,837,95,95,80
1048,327,2,149,7,844,63,63,70
1049,327,2,150,2,846,14,14,20
1050,327,2,151,8,854,74,74,80
1051,327,2,152,9,863,92,92,90
1052,327,2,153,8,871,93,93,80
1053,327,2,154,7,878,68,68,70
1054,327,2,155,8,886,97,97,80
1055,327,2,156,5,891,46,46,50
1056,327,2,157,5,896,51,51,50
1057,327,2,158,9,905,96,17,90
1058,327,2,159,7,912,150,150,70
1059,327,2,160,3,915,28,3,30
1060,327,2,161,4,919,67,67,40
1061,327,2,162,6,925,50,50,60
1062,327,2,163,4,929,38,38,40
1063,327,2,164,5,934,40,40,50
1064,327,2,165,5,939,57,57,50
1065,327,2,166,3,942,30,2,30
1066,327,2,167,5,947,73,73,50
1067,327,2,168,6,953,59,59,60
1068,327,2,169,6,959,63,63,60
1069,327,2,170,8,967,77,77,80
1070,327,2,171,5,972,48,48,50
1071,327,2,172,8,980,83,83,80
1072,327,2,173,9,989,102,102,90
1073,327,2,174,9,998,90,90,90
1074,327,2,175,8,1006,60,60,80
1075,327,2,176,3,1009,30,30,30
1076,327,2,177,9,1018,76,76,90
1077,327,2,178,7,1025,70,70,70
1078,327,2,179,5,1030,55,55,50
1079,327,2,180,3,1033,33,33,30
1080,327,2,181,3,1036,42,42,30
1081,327,2,182,4,1040,46,46,40
1082,327,2,183,3,1043,23,3,30
1083,327,2,184,4,1047,64,64,40
1084,327,2,185,5,1052,62,62,50
1085,327,2,186,6,1058,62,62,60
1086,327,2,187,9,1067,98,98,90
1087,327,2,188,4,1071,39,39,40
1088,327,2,189,5,1076,48,48,50
1089,327,2,190,5,1081,60,60,50
1090,327,2,191,3,1084,27,27,30
1091,327,2,192,9,1093,78,78,90
1092,327,2,193,9,1102,87,87,90
1093,327,2,194,9,1111,90,90,90
1094,327,2,195,3,1114,33,33,30
1095,327,2,196,9,1123,75,75,90
1096,327,2,197,4,1127,44,44,40
1097,327,2,198,9,1136,95,95,90
1098,327,2,199,3,1139,34,34,30
1099,327,2,200,7,1146,80,80,70
1100,327,2,201,6,1152,60,60,60
1101,327,2,202,5,1157,44,44,50
1102,327,2,203,2,1159,20,20,20
1103,327,2,204,5,1164,35,35,50
1104,327,2,205,6,1170,57,57,60
1105,327,2,206,2,1172,29,29,20
1106,327,2,207,8,1180,74,74,80
1107,327,2,208,6,1186,64,11,60
1108,327,2,209,3,1189,86,86,30
1109,327,2,210,3,1192,32,32,30
1110,327,2,211,2,1194,23,23,20
1111,327,2,212,5,1199,61,61,50
1112,327,2,213,2,1201,24,24,20
1113,327,2,214,5,1206,45,45,50
1114,327,2,215,7,1213,73,73,70
1115,327,2,216,3,1216,42,42,30
1116,327,2,217,5,1221,42,42,50
1117,327,2,218,8,1229,73,73,80
1118,327,2,219,5,1234,49,49,50
1119,327,2,220,4,1238,52,52,40
1120,327,2,221,9,1247,100,100,90
1121,327,2,222,4,1251,28,28,40
1122,327,2,223,7,1258,68,68,70
1123,327,2,224,7,1265,56,56,70
1124,327,2,225,8,1273,83,83,80
1125,327,2,226,8,1281,75,75,80
1126,327,2,227,9,1290,84,84,90
1127,327,2,228,2,1292,19,19,20
1128,327,2,229,8,1300,77,77,80
1129,327,2,230,9,1309,96,96,90
1130,327,2,231,2,1311,19,19,20
1131,327,2,232,8,1319,72,72,80
1132,327,2,233,2,1321,21,21,20
1133,327,2,234,2,1323,26,26,20
1134,327,2,235,3,1326,22,22,30
1135,327,2,236,2,1328,23,23,20
1136,327,2,237,6,1334,64,8,60
1137,327,2,238,2,1336,80,80,20
1138,327,2,239,9,1345,97,97,90
1139,327,2,240,2,1347,19,19,20
1140,327,2,241,2,1349,26,26,20
1141,327,2,242,6,1355,53,53,60
1142,327,2,243,9,1364,83,83,90
1143,327,2,244,8,1372,79,79,80
1144,327,2,245,9,1381,82,82,90
1145,327,2,246,3,1384,30,30,30
1146,327,2,247,8,1392,84,84,80
1147,327,2,248,7,1399,73,73,70
1148,327,2,249,9,1408,84,84,90
1149,327,2,250,5,1413,53,53,50
1150,327,2,251,7,1420,76,76,70
1151,327,2,252,8,1428,95,95,80
1152,327,2,253,3,1431,36,36,30
1153,327,2,254,3,1434,39,39,30
1154,327,2,255,5,1439,44,44,50
1155,327,2,256,7,1446,48,48,70
1156,327,2,257,9,1455,83,83,90
1157,327,2,258,8,1463,85,85,80
1158,327,2,259,2,1465,22,22,20
1159,327,2,260,2,1467,27,27,20
1160,327,2,261,9,1476,101,20,90
1161,327,2,262,6,1482,128,128,60
1162,327,2,263,9,1491,86,86,90
1163,327,2,264,7,1498,53,53,70
1164,327,2,265,8,1506,70,70,80
1165,327,2,266,9,1515,83,83,90
1166,327,2,267,9,1524,93,93,90
1167,327,2,268,7,1531,66,66,70
1168,327,2,269,5,1536,41,5,50
1169,327,2,270,4,1540,70,70,40
1170,327,2,271,8,1548,73,73,80
1171,327,2,272,8,1556,81,81,80
1172,327,2,273,6,1562,77,77,60
1173,327,2,274,7,1569,71,71,70
1174,327,2,275,7,1576,67,67,70
1175,327,2,276,3,1579,14,14,30
1176,327,2,277,7,1586,69,69,70
1177,327,2,278,8,1594,56,56,80
1178,327,2,279,6,1600,46,46,60
1179,327,2,280,2,1602,21,21,20
1180,327,2,281,7,1609,73,73,70
1181,327,2,282,3,1612,37,37,30
1182,327,2,283,7,1619,67,67,70
1183,327,2,284,9,1628,60,60,90
1184,327,2,285,6,1634,71,71,60
1185,327,2,286,7,1641,76,76,70
1186,327,2,287,8,1649,77,77,80
1187,327,2,288,4,1653,39,8,40
1188,327,2,289,8,1661,131,131,80
1189,327,2,290,3,1664,19,19,30
1190,327,2,291,5,1669,59,59,50
1191,327,2,292,7,1676,53,53,70
1192,327,2,293,2,1678,24,24,20
1193,327,2,294,9,1687,83,83,90
1194,327,2,295,3,1690,24,24,30
1195,327,2,296,5,1695,52,52,50
1196,327,2,297,4,1699,49,49,40
1197,327,2,298,4,1703,43,43,40
1198,327,2,299,4,1707,32,32,40
1199,327,2,300,9,1716,81,81,90
1200,327,2,301,2,1718,23,23,20
1201,327,2,302,9,1727,106,106,90
1202,327,2,303,9,1736,82,82,90
1203,327,2,304,8,1744,66,66,80
1204,327,2,305,6,1750,63,63,60
1205,327,2,306,2,1752,30,30,20
1206,327,2,307,6,1758,58,58,60
1207,327,2,308,5,1763,51,51,50
1208,327,2,309,6,1769,60,60,60
1209,327,2,310,7,1776,90,90,70
1210,327,2,311,4,1780,34,34,40
1211,327,2,312,5,1785,53,53,50
1212,327,2,313,6,1791,59,59,60
1213,327,2,314,3,1794,28,28,30
1214,327,2,315,7,1801,78,78,70
1215,327,2,316,2,1803,20,20,20
1216,327,2,317,3,1806,29,29,30
1217,327,2,318,3,1809,33,33,30
1218,327,2,319,5,1814,60,60,50
1219,327,2,320,6,1820,48,48,60
1220,327,2,321,9,1829,85,12,90
1221,327,2,322,3,1832,112,112,30
1222,327,2,323,6,1838,58,58,60
1223,327,2,324,4,1842,46,46,40
1224,327,2,325,3,1845,31,31,30
1225,327,2,326,7,1852,79,79,70
1226,327,2,327,4,1856,41,41,40
1227,327,2,328,8,1864,83,83,80
1228,327,2,329,5,1869,58,14,50
1229,327,2,330,2,1871,57,57,20
1230,327,2,331,3,1874,29,29,30
1231,327,2,332,6,1880,52,52,60
1232,327,2,333,2,1882,29,29,20
1233,327,2,334,9,1891,90,90,90
1234,327,2,335,4,1895,42,9,40
1235,327,2,336,2,1897,55,55,20
1236,327,2,337,6,1903,71,71,60
1237,327,2,338,5,1908,58,58,50
1238,327,2,339,2,1910,18,18,20
1239,327,2,340,3,1913,36,9,30
1240,327,2,341,4,1917,72,72,40
1241,327,2,342,5,1922,52,52,50
1242,327,2,343,5,1927,41,41,50
1243,327,2,344,7,1934,85,85,70
1244,327,2,345,7,1941,73,73,70
1245,327,2,346,5,1946,54,54,50
1246,327,2,347,7,1953,56,56,70
1247,327,2,348,7,1960,81,81,70
1248,327,2,349,5,1965,51,51,50
1249,327,2,350,2,1967,17,17,20
1250,327,2,351,6,1973,65,65,60
1251,327,2,352,3,1976,27,27,30
1252,327,2,353,8,1984,76,76,80
1253,327,2,354,5,1989,50,50,50
1254,327,2,355,4,1993,38,38,40
1255,327,2,356,2,1995,17,17,20
1256,327,2,357,8,2003,82,82,80
1257,327,2,358,8,2011,74,74,80
1258,327,2,359,7,2018,65,65,70
1259,327,2,360,6,2024,57,57,60
1260,327,2,361,3,2027,25,25,30
1261,327,2,362,8,2035,85,85,80
1262,327,2,363,4,2039,42,42,40
1263,327,2,364,9,2048,84,84,90
1264,327,2,365,5,2053,51,51,50
1265,327,2,366,5,2058,48,48,50
1266,327,2,367,7,2065,60,60,70
1267,327,2,368,3,2068,24,24,30
1268,327,2,369,6,2074,58,58,60
1269,327,2,370,7,2081,73,73,70
1270,327,2,371,9,2090,89,89,90
1271,327,2,372,4,2094,33,33,40
1272,327,2,373,2,2096,12,12,20
1273,327,2,374,2,2098,27,27,20
1274,327,2,375,2,2100,14,14,20
1275,327,2,376,5,2105,48,12,50
1276,327,2,377,3,2108,62,62,30
1277,327,2,378,9,2117,80,80,90
1278,327,2,379,7,2124,69,69,70
1279,327,2,380,6,2130,63,63,60
1280,327,2,381,2,2132,22,5,20
1281,327,2,382,8,2140,95,95,80
1282,327,2,383,7,2147,89,89,70
1283,327,2,384,3,2150,24,24,30
1284,327,2,385,2,2152,26,26,20
1285,327,2,386,5,2157,47,47,50
1286,327,2,387,5,2162,70,70,50
1287,327,2,388,8,2170,95,95,80
1288,327,2,389,3,2173,27,27,30
1289,327,2,390,3,2176,32,32,30
1290,327,2,391,5,2181,48,48,50
1291,327,2,392,6,2187,64,64,60
1292,327,2,393,2,2189,21,21,20
1293,327,2,394,3,2192,36,36,30
1294,327,2,395,4,2196,40,40,40
1295,327,2,396,6,2202,62,62,60
1296,327,2,397,3,2205,17,17,30
1297,327,2,398,4,2209,40,40,40
1298,327,2,399,6,2215,68,68,60
1299,327,2,400,7,2222,61,61,70
1300,327,2,401,3,2225,29,29,30
1301,327,2,402,5,2230,47,47,50
1302,327,2,403,5,2235,43,13,50
1303,327,2,404,2,2237,55,55,20
1304,327,2,405,2,2239,24,24,20
1305,327,2,406,5,2244,45,7,50
1306,327,2,407,2,2246,56,56,20
1307,327,2,408,4,2250,42,42,40
1308,327,2,409,7,2257,74,74,70
1309,327,2,410,2,2259,10,10,20
1310,327,2,411,6,2265,62,62,60
1311,327,2,412,5,2270,45,45,50
1312,327,2,413,9,2279,99,99,90
1313,327,2,414,8,2287,76,76,80
1314,327,2,415,6,2293,46,46,60
1315,327,2,416,3,2296,30,30,30
1316,327,2,417,7,2303,83,83,70
1317,327,2,418,9,2312,96,96,90
1318,327,2,419,9,2321,99,24,90
1319,327,2,420,3,2324,104,104,30
1320,327,2,421,6,2330,54,54,60
1321,327,2,422,8,2338,81,81,80
1322,327,2,423,3,2341,30,30,30
1323,327,2,424,5,2346,45,7,50
1324,327,2,425,5,2351,81,81,50
1325,327,2,426,4,2355,39,6,40
1326,327,2,427,7,2362,100,100,70
1327,327,2,428,4,2366,36,36,40
1328,327,2,429,8,2374,88,88,80
1329,327,2,430,3,2377,25,25,30
1330,327,2,431,6,2383,59,59,60
1331,327,2,432,2,2385,13,13,20
1332,327,2,433,4,2389,39,39,40
1333,327,2,434,2,2391,17,17,20
1334,327,2,435,6,2397,69,69,60
1335,327,2,436,6,2403,60,60,60
1336,327,2,437,9,2412,98,98,90
1337,327,2,438,9,2421,79,79,90
1338,327,2,439,3,2424,35,35,30
1339,327,2,440,3,2427,32,32,30
1340,327,2,441,8,2435,79,79,80
1341,327,2,442,5,2440,65,65,50
1342,327,2,443,8,2448,74,74,80
1343,327,2,444,3,2451,24,24,30
1344,327,2,445,2,2453,18,18,20
1345,327,2,446,5,2458,45,45,50
1346,327,2,447,7,2465,65,65,70
1347,327,2,448,4,2469,31,31,40
1348,327,2,449,6,2475,56,56,60
1349,327,2,450,7,2482,73,73,70
1350,327,2,451,3,2485,25,25,30
1351,327,2,452,8,2493,76,76,80
1352,327,2,453,9,2502,87,23,90
1353,327,2,454,7,2509,129,129,70
1354,327,2,455,4,2513,40,40,40
1355,327,2,456,2,2515,17,17,20
1356,327,2,457,5,2520,55,55,50
1357,327,2,458,4,2524,35,35,40
1358,327,2,459,8,2532,95,95,80
1359,327,2,460,8,2540,84,84,80
1360,327,2,461,3,2543,34,34,30
1361,327,2,462,4,2547,41,41,40
1362,327,2,463,3,2550,25,5,30
1363,327,2,464,5,2555,66,66,50
1364,327,2,465,4,2559,41,41,40
1365,327,2,466,5,2564,46,46,50
1366,327,2,467,8,2572,87,87,80
1367,327,2,468,3,2575,24,24,30
1368,327,2,469,5,2580,58,58,50
1369,327,2,470,2,2582,17,17,20
1370,327,2,471,6,2588,63,63,60
1371,327,2,472,6,2594,51,51,60
1372,327,2,473,3,2597,30,30,30
1373,327,2,474,5,2602,50,50,50
1374,327,2,475,4,2606,44,44,40
1375,327,2,476,5,2611,50,50,50
1376,327,2,477,8,2619,80,80,80
1377,327,2,478,2,2621,14,14,20
1378,327,2,479,9,2630,86,15,90
1379,327,2,480,6,2636,124,124,60
1380,327,2,481,3,2639,27,27,30
1381,327,2,482,9,2648,103,103,90
1382,327,2,483,9,2657,101,101,90
1383,327,2,484,3,2660,29,6,30
1384,327,2,485,8,2668,96,96,80
1385,327,2,486,9,2677,92,24,90
1386,327,2,487,7,2684,153,153,70
1387,327,2,488,6,2690,59,59,60
1388,327,2,489,2,2692,18,18,20
1389,327,2,490,5,2697,57,57,50
1390,327,2,491,9,2706,91,91,90
1391,327,2,492,5,2711,48,48,50
1392,327,2,493,4,2715,42,42,40
1393,327,2,494,8,2723,61,61,80
1394,327,2,495,2,2725,20,20,20
1395,327,2,496,5,2730,45,45,50
1396,327,2,497,5,2735,51,51,50
1397,327,2,498,8,2743,81,81,80
1398,327,2,499,4,2747,45,45,40
1399,327,2,500,8,2755,84,84,80
1400,327,2,501,7,2762,64,64,70
1401,327,2,502,7,2769,68,68,70
1402,327,2,503,6,2775,72,72,60
1403,327,2,504,8,2783,75,75,80
1404,327,2,505,6,2789,40,40,60
1405,327,2,506,8,2797,80,11,80
1406,327,2,507,7,2804,134,134,70
1407,327,2,508,7,2811,70,70,70
1408,327,2,509,3,2814,35,35,30
1409,327,2,510,8,2822,70,70,80
1410,327,2,511,3,2825,32,32,30
1411,327,2,512,2,2827,15,15,20
1412,327,2,513,8,2835,74,74,80
1413,327,2,514,8,2843,87,87,80
1414,327,2,515,4,2847,35,35,40
1415,327,2,516,7,2854,75,75,70
1416,327,2,517,7,2861,75,75,70
1417,327,2,518,2,2863,21,21,20
1418,327,2,519,5,2868,51,51,50
1419,327,2,520,5,2873,54,54,50
1420,327,2,521,7,2880,68,68,70
1421,327,2,522,8,2888,80,80,80
1422,327,2,523,7,2895,80,80,70
1423,327,2,524,6,2901,55,55,60
1424,327,2,525,4,2905,36,36,40
1425,327,2,526,6,2911,63,63,60
1426,327,2,527,4,2915,40,40,40
1427,327,2,528,5,2920,62,62,50
1428,327,2,529,5,2925,46,10,50
1429,327,2,530,5,2930,90,90,50
1430,327,2,531,2,2932,20,20,20
1431,327,2,532,5,2937,42,42,50
1432,327,2,533,6,2943,53,53,60
1433,327,2,534,2,2945,23,23,20
1434,327,2,535,3,2948,32,32,30
1435,327,2,536,8,2956,80,80,80
1436,327,2,537,5,2961,53,53,50
1437,327,2,538,3,2964,16,16,30
1438,327,2,539,4,2968,50,50,40
1439,327,2,540,2,2970,15,15,20
1440,327,2,541,9,2979,82,82,90
1441,327,2,542,9,2988,93,93,90
1442,327,2,543,4,2992,41,6,40
1443,327,2,544,2,2994,55,55,20
1444,327,2,545,7,3001,66,66,70
1445,327,2,546,6,3007,64,64,60
1446,327,2,547,5,3012,50,7,50
1447,327,2,548,3,3015,64,64,30
1448,327,2,549,3,3018,45,45,30
1449,327,2,550,5,3023,64,64,50
1450,327,2,551,9,3032,104,20,90
1451,327,2,552,3,3035,107,24,30
1452,327,2,553,8,3043,161,161,80
1453,327,2,554,2,3045,19,19,20
1454,327,2,555,8,3053,86,86,80
1455,327,2,556,9,3062,97,97,90
1456,327,2,557,7,3069,58,58,70
1457,327,2,558,6,3075,68,68,60
1458,327,2,559,8,3083,86,86,80
1459,327,2,560,6,3089,60,60,60
1460,327,2,561,9,3098,88,88,90
1461,327,2,562,2,3100,15,15,20
1462,327,2,563,7,3107,66,66,70
1463,327,2,564,4,3111,53,53,40
1464,327,2,565,2,3113,20,20,20
1465,327,2,566,6,3119,66,66,60
1466,327,2,567,2,3121,18,18,20
1467,327,2,568,3,3124,29,29,30
1468,327,2,569,4,3128,41,41,40
1469,327,2,570,5,3133,50,50,50
1470,327,2,571,4,3137,52,52,40
1471,327,2,572,8,3145,67,67,80
1472,327,2,573,2,3147,20,20,20
1473,327,2,574,3,3150,27,27,30
1474,327,2,575,9,3159,96,96,90
1475,327,2,576,3,3162,32,3,30
1476,327,2,577,8,3170,113,113,80
1477,327,2,578,5,3175,53,53,50
1478,327,2,579,6,3181,53,53,60
1479,327,2,580,3,3184,31,31,30
1480,327,2,581,5,3189,39,39,50
1481,327,2,582,7,3196,59,59,70
1482,327,2,583,8,3204,76,76,80
1483,327,2,584,5,3209,48,48,50
1484,327,2,585,5,3214,58,13,50
1485,327,2,586,4,3218,80,80,40
1486,327,2,587,7,3225,63,63,70
1487,327,2,588,9,3234,80,80,90
1488,327,2,589,4,3238,45,45,40
1489,327,2,590,7,3245,70,70,70
1490,327,2,591,6,3251,58,58,60
1491,327,2,592,8,3259,73,73,80
1492,327,2,593,4,3263,37,37,40
1493,327,2,594,2,3265,23,23,20
1494,327,2,595,5,3270,57,57,50
1495,327,2,596,4,3274,41,41,40
1496,327,2,597,2,3276,22,22,20
1497,327,2,598,5,3281,50,50,50
1498,327,2,599,9,3290,103,21,90
1499,327,2,600,9,3299,181,181,90
1500,327,2,601,2,3301,24,24,20
1501,327,2,602,5,3306,53,53,50
1502,327,2,603,7,3313,76,76,70
1503,327,2,604,7,3320,72,72,70
1504,327,2,605,2,3322,21,21,20
1505,327,2,606,7,3329,59,59,70
1506,327,2,607,5,3334,50,50,50
1507,327,2,608,7,3341,71,71,70
1508,327,2,609,6,3347,65,65,60
1509,327,2,610,9,3356,92,92,90
1510,327,2,611,9,3365,75,75,90
1511,327,2,612,4,3369,39,39,40
1512,327,2,613,4,3373,38,38,40
1513,327,2,614,3,3376,32,32,30
1514,327,2,615,5,3381,53,53,50
1515,327,2,616,7,3388,67,67,70
1516,327,2,617,6,3394,80,80,60
1517,327,2,618,3,3397,22,22,30
1518,327,2,619,4,3401,25,25,40
1519,327,2,620,4,3405,37,37,40
1520,327,2,621,5,3410,45,45,50
1521,327,2,622,6,3416,68,68,60
1522,327,2,623,7,3423,51,51,70
1523,327,2,624,6,3429,55,55,60
1524,327,2,625,4,3433,33,33,40
1525,327,2,626,2,3435,22,22,20
1526,327,2,627,6,3441,62,62,60
1527,327,2,628,2,3443,22,22,20
1528,327,2,629,7,3450,68,68,70
1529,327,2,630,8,3458,86,86,80
1530,327,2,631,2,3460,14,14,20
1531,327,2,632,8,3468,95,95,80
1532,327,2,633,5,3473,63,63,50
1533,327,2,634,5,3478,41,41,50
1534,327,2,635,7,3485,80,80,70
1535,327,2,636,4,3489,33,33,40
1536,327,2,637,5,3494,55,11,50
1537,327,2,638,7,3501,109,109,70
1538,327,2,639,9,3510,86,86,90
1539,327,2,640,7,3517,71,71,70
1540,327,2,641,3,3520,21,21,30
1541,327,2,642,4,3524,44,44,40
1542,327,2,643,3,3527,22,22,30
1543,327,2,644,8,3535,75,75,80
1544,327,2,645,6,3541,67,67,60
1545,327,2,646,5,3546,41,41,50
1546,327,2,647,9,3555,85,85,90
1547,327,2,648,2,3557,15,15,20
1548,327,2,649,5,3562,64,64,50
1549,327,2,650,2,3564,22,22,20
1550,327,2,651,7,3571,71,71,70
1551,327,2,652,3,3574,24,24,30
1552,327,2,653,9,3583,81,81,90
1553,327,2,654,9,3592,84,84,90
1554,327,2,655,6,3598,74,74,60
1555,327,2,656,5,3603,52,52,50
1556,327,2,657,5,3608,47,47,50
1557,327,2,658,8,3616,71,71,80
1558,327,2,659,8,3624,70,70,80
1559,327,2,660,8,3632,74,16,80
1560,327,2,661,3,3635,85,14,30
1561,327,2,662,8,3643,144,144,80
1562,327,2,663,4,3647,44,44,40
1563,327,2,664,4,3651,41,41,40
1564,327,2,665,7,3658,73,73,70
1565,327,2,666,2,3660,21,21,20
1566,327,2,667,5,3665,45,45,50
1567,327,2,668,8,3673,86,86,80
1568,327,2,669,9,3682,89,19,90
1569,327,2,670,2,3684,101,101,20
1570,327,2,671,2,3686,19,19,20
1571,327,2,672,6,3692,61,61,60
1572,327,2,673,7,3699,78,78,70
1573,327,2,674,6,3705,56,56,60
1574,327,2,675,9,3714,99,99,90
1575,327,2,676,5,3719,47,47,50
1576,327,2,677,5,3724,51,51,50
1577,327,2,678,2,3726,19,19,20
1578,327,2,679,9,3735,79,79,90
1579,327,2,680,2,3737,18,18,20
1580,327,2,681,7,3744,69,69,70
1581,327,2,682,8,3752,80,80,80
1582,327,2,683,6,3758,51,51,60
1583,327,2,684,5,3763,55,55,50
1584,327,2,685,2,3765,18,18,20
1585,327,2,686,7,3772,66,66,70
1586,327,2,687,3,3775,22,22,30
1587,327,2,688,9,3784,93,93,90
1588,327,2,689,2,3786,31,31,20
1589,327,2,690,8,3794,80,80,80
1590,327,2,691,7,3801,83,83,70
1591,327,2,692,7,3808,51,6,70
1592,327,2,693,4,3812,75,75,40
1593,327,2,694,4,3816,45,45,40
1594,327,2,695,8,3824,86,86,80
1595,327,2,696,2,3826,19,19,20
1596,327,2,697,4,3830,43,43,40
1597,327,2,698,9,3839,90,90,90
1598,327,2,699,2,3841,16,16,20
1599,327,2,700,3,3844,25,25,30
1600,327,2,701,3,3847,35,35,30
1601,327,2,702,4,3851,36,36,40
1602,327,2,703,6,3857,60,60,60
1603,327,2,704,5,3862,54,54,50
1604,327,2,705,5,3867,45,45,50
1605,327,2,706,4,3871,42,42,40
1606,327,2,707,6,3877,62,62,60
1607,327,2,708,6,3883,45,45,60
1608,327,2,709,8,3891,71,71,80
1609,327,2,710,7,3898,83,83,70
1610,327,2,711,5,3903,44,44,50
1611,327,2,712,2,3905,13,13,20
1612,327,2,713,3,3908,34,7,30
1613,327,2,714,9,3917,125,125,90
1614,327,2,715,4,3921,45,12,40
1615,327,2,716,8,3929,101,101,80
1616,327,2,717,8,3937,66,66,80
1617,327,2,718,3,3940,27,6,30
1618,327,2,719,7,3947,101,101,70
1619,327,2,720,3,3950,37,37,30
1620,327,2,721,7,3957,73,73,70
1621,327,2,722,4,3961,34,34,40
1622,327,2,723,7,3968,67,67,70
1623,327,2,724,2,3970,21,21,20
1624,327,2,725,4,3974,23,23,40
1625,327,2,726,8,3982,90,90,80
1626,327,2,727,7,3989,75,15,70
1627,327,2,728,6,3995,112,112,60
1628,327,2,729,7,4002,63,63,70
1629,327,2,730,2,4004,24,24,20
1630,327,2,731,7,4011,73,73,70
1631,327,2,732,6,4017,61,61,60
1632,327,2,733,7,4024,82,13,70
1633,327,2,734,7,4031,138,138,70
1634,327,2,735,5,4036,57,57,50
1635,327,2,736,2,4038,21,21,20
1636,327,2,737,8,4046,59,59,80
1637,327,2,738,6,4052,64,64,60
1638,327,2,739,7,4059,62,11,70
1639,327,2,740,8,4067,144,22,80
1640,327,2,741,9,4076,227,227,90
1641,327,2,742,6,4082,63,63,60
1642,327,2,743,5,4087,58,58,50
1643,327,2,744,5,4092,50,50,50
1644,327,2,745,6,4098,76,76,60
1645,327,2,746,8,4106,84,84,80
1646,327,2,747,4,4110,33,33,40
1647,327,2,748,3,4113,34,34,30
1648,327,2,749,9,4122,63,63,90
1649,327,2,750,6,4128,64,64,60
1650,327,2,751,5,4133,64,64,50
1651,327,2,752,4,4137,40,40,40
1652,327,2,753,5,4142,41,41,50
1653,327,2,754,2,4144,14,14,20
1654,327,2,755,6,4150,54,54,60
1655,327,2,756,6,4156,56,56,60
1656,327,2,757,3,4159,33,33,30
1657,327,2,758,9,4168,85,85,90
1658,327,2,759,4,4172,39,39,40
1659,327,2,760,5,4177,36,36,50
1660,327,2,761,6,4183,60,60,60
1661,327,2,762,5,4188,45,45,50
1662,327,2,763,5,4193,55,55,50
1663,327,2,764,5,4198,46,46,50
1664,327,2,765,4,4202,42,5,40
1665,327,2,766,5,4207,82,82,50
1666,327,2,767,9,4216,99,99,90
1667,327,2,768,6,4222,69,69,60
1668,327,2,769,4,4226,45,13,40
1669,327,2,770,4,4230,65,65,40
1670,327,2,771,5,4235,37,37,50
1671,327,2,772,8,4243,94,94,80
1672,327,2,773,6,4249,39,39,60
1673,327,2,774,9,4258,90,90,90
1674,327,2,775,6,4264,66,66,60
1675,327,2,776,2,4266,22,22,20
1676,327,2,777,5,4271,54,54,50
1677,327,2,778,8,4279,88,88,80
1678,327,2,779,7,4286,61,61,70
1679,327,2,780,8,4294,81,81,80
1680,327,2,781,8,4302,81,81,80
1681,327,2,782,2,4304,21,21,20
1682,327,2,783,5,4309,46,13,50
1683,327,2,784,3,4312,64,13,30
1684,327,2,785,5,4317,95,95,50
1685,327,2,786,8,4325,85,85,80
1686,327,2,787,6,4331,72,72,60
1687,327,2,788,7,4338,68,68,70
1688,327,2,789,6,4344,60,60,60
1689,327,2,790,7,4351,61,61,70
1690,327,2,791,2,4353,21,21,20
1691,327,2,792,9,4362,87,87,90
1692,327,2,793,7,4369,70,70,70
1693,327,2,794,9,4378,77,12,90
1694,327,2,795,7,4385,134,134,70
1695,327,2,796,7,4392,66,13,70
1696,327,2,797,6,4398,116,116,60
1697,327,2,798,2,4400,14,14,20
1698,327,2,799,5,4405,44,44,50
1699,327,2,800,8,4413,86,86,80
1700,327,2,801,3,4416,31,31,30
1701,327,2,802,4,4420,42,4,40
1702,327,2,803,9,4429,119,119,90
1703,327,2,804,9,4438,84,84,90
1704,327,2,805,4,4442,36,36,40
1705,327,2,806,3,4445,23,23,30
1706,327,2,807,6,4451,58,58,60
1707,327,2,808,8,4459,71,71,80
1708,327,2,809,6,4465,67,67,60
1709,327,2,810,5,4470,47,47,50
1710,327,2,811,3,4473,32,32,30
1711,327,2,812,3,4476,26,6,30
1712,327,2,813,2,4478,48,48,20
1713,327,2,814,7,4485,70,10,70
1714,327,2,815,5,4490,115,115,50
1715,327,2,816,3,4493,21,21,30
1716,327,2,817,8,4501,75,75,80
1717,327,2,818,9,4510,93,93,90
1718,327,2,819,7,4517,64,64,70
1719,327,2,820,2,4519,18,18,20
1720,327,2,821,2,4521,18,18,20
1721,327,2,822,6,4527,48,48,60
1722,327,2,823,5,4532,55,55,50
1723,327,2,824,3,4535,35,35,30
1724,327,2,825,2,4537,21,21,20
1725,327,2,826,2,4539,26,26,20
1726,327,2,827,5,4544,54,6,50
1727,327,2,828,8,4552,128,128,80
1728,327,2,829,5,4557,33,33,50
1729,327,2,830,6,4563,54,54,60
1730,327,2,831,6,4569,56,56,60
1731,327,2,832,6,4575,59,59,60
1732,327,2,833,9,4584,85,85,90
1733,327,2,834,5,4589,57,57,50
1734,327,2,835,5,4594,52,52,50
1735,327,2,836,4,4598,36,9,40
1736,327,2,837,5,4603,72,72,50
1737,327,2,838,5,4608,39,39,50
1738,327,2,839,9,4617,92,92,90
1739,327,2,840,9,4626,89,89,90
1740,327,2,841,6,4632,52,52,60
1741,327,2,842,7,4639,68,68,70
1742,327,2,843,3,4642,26,26,30
1743,327,2,844,3,4645,30,5,30
1744,327,2,845,5,4650,72,72,50
1745,327,2,846,2,4652,13,13,20
1746,327,2,847,6,4658,64,12,60
1747,327,2,848,4,4662,96,96,40
1748,327,2,849,2,4664,16,16,20
1749,327,2,850,3,4667,34,34,30
1750,327,2,851,4,4671,45,45,40
1751,327,2,852,9,4680,72,72,90
1752,327,2,853,3,4683,31,31,30
1753,327,2,854,8,4691,99,20,80
1754,327,2,855,3,4694,109,109,30
1755,327,2,856,9,4703,60,60,90
1756,327,2,857,6,4709,54,54,60
1757,327,2,858,7,4716,74,74,70
1758,327,2,859,6,4722,65,65,60
1759,327,2,860,2,4724,22,22,20
1760,327,2,861,4,4728,36,36,40
1761,327,2,862,4,4732,41,41,40
1762,327,2,863,8,4740,77,77,80
1763,327,2,864,2,4742,21,21,20
1764,327,2,865,2,4744,18,18,20
1765,327,2,866,9,4753,90,90,90
1766,327,2,867,7,4760,69,11,70
1767,327,2,868,8,4768,134,20,80
1768,327,2,869,7,4775,192,192,70
1769,327,2,870,5,4780,50,50,50
1770,327,2,871,2,4782,22,22,20
1771,327,2,872,4,4786,38,38,40
1772,327,2,873,8,4794,73,73,80
1773,327,2,874,2,4796,15,15,20
1774,327,2,875,2,4798,17,17,20
1775,327,2,876,8,4806,79,79,80
1776,327,2,877,5,4811,55,12,50
1777,327,2,878,2,4813,63,63,20
1778,327,2,879,5,4818,48,48,50
1779,327,2,880,7,4825,69,69,70
1780,327,2,881,5,4830,49,49,50
1781,327,2,882,6,4836,58,58,60
1782,327,2,883,3,4839,24,24,30
1783,327,2,884,4,4843,40,8,40
1784,327,2,885,9,4852,125,125,90
1785,327,2,886,8,4860,71,71,80
1786,327,2,887,4,4864,34,34,40
1787,327,2,888,9,4873,90,16,90
1788,327,2,889,7,4880,141,141,70
1789,327,2,890,7,4887,50,50,70
1790,327,2,891,4,4891,27,27,40
1791,327,2,892,5,4896,35,35,50
1792,327,2,893,2,4898,23,23,20
1793,327,2,894,5,4903,40,10,50
1794,327,2,895,7,4910,101,101,70
1795,327,2,896,8,4918,76,76,80
1796,327,2,897,8,4926,83,15,80
1797,327,2,898,3,4929,95,95,30
1798,327,2,899,2,4931,21,21,20
1799,327,2,900,6,4937,66,14,60
1800,327,2,901,2,4939,70,70,20
1801,327,2,902,7,4946,73,73,70
1802,327,2,903,6,4952,62,62,60
1803,327,2,904,8,4960,77,77,80
1804,327,2,905,3,4963,27,7,30
1805,327,2,906,7,4970,96,96,70
1806,327,2,907,5,4975,48,48,50
1807,327,2,908,9,4984,100,100,90
1808,327,2,909,8,4992,88,88,80
1809,327,2,910,3,4995,37,37,30
1810,327,2,911,4,4999,40,40,40
1811,327,3,1,2,2,16,16,20
1812,327,3,2,2,4,28,28,20
1813,327,3,3,2,6,17,17,20
1814,327,3,4,2,8,17,17,20
1815,327,3,5,8,16,75,75,80
1816,327,3,6,2,18,17,17,20
1817,327,3,7,8,26,91,91,80
1818,327,3,8,7,33,82,82,70
1819,327,3,9,5,38,42,42,50
1820,327,3,10,6,44,70,70,60
1821,327,3,11,8,52,79,79,80
1822,327,3,12,9,61,79,79,90
1823,327,3,13,2,63,23,23,20
1824,327,3,14,3,66,29,6,30
1825,327,3,15,4,70,54,54,40
1826,327,3,16,7,77,78,78,70
1827,327,3,17,6,83,65,65,60
1828,327,3,18,9,92,82,82,90
1829,327,3,19,7,99,65,65,70
1830,327,3,20,6,105,54,54,60
1831,327,3,21,4,109,35,35,40
1832,327,3,22,2,111,18,18,20
1833,327,3,23,3,114,33,33,30
1834,327,3,24,4,118,32,4,40
1835,327,3,25,8,126,116,116,80
1836,327,3,26,4,130,50,50,40
1837,327,3,27,3,133,23,23,30
1838,327,3,28,9,142,84,84,90
1839,327,3,29,7,149,68,68,70
1840,327,3,30,3,152,32,32,30
1841,327,3,31,4,156,38,38,40
1842,327,3,32,4,160,45,45,40
1843,327,3,33,2,162,20,20,20
1844,327,3,34,7,169,79,79,70
1845,327,3,35,3,172,39,39,30
1846,327,3,36,5,177,57,57,50
1847,327,3,37,8,185,78,78,80
1848,327,3,38,6,191,46,46,60
1849,327,3,39,5,196,45,45,50
1850,327,3,40,5,201,48,48,50
1851,327,3,41,7,208,72,72,70
1852,327,3,42,2,210,17,17,20
1853,327,3,43,2,212,16,16,20
1854,327,3,44,4,216,33,8,40
1855,327,3,45,9,225,119,119,90
1856,327,3,46,8,233,81,81,80
1857,327,3,47,3,236,32,32,30
1858,327,3,48,2,238,21,21,20
1859,327,3,49,5,243,46,46,50
1860,327,3,50,7,250,69,69,70
1861,327,3,51,9,259,85,85,90
1862,327,3,52,5,264,59,59,50
1863,327,3,53,5,269,47,47,50
1864,327,3,54,7,276,64,64,70
1865,327,3,55,7,283,93,93,70
1866,327,3,56,2,285,13,13,20
1867,327,3,57,9,294,98,98,90
1868,327,3,58,3,297,38,38,30
1869,327,3,59,9,306,94,94,90
1870,327,3,60,2,308,17,17,20
1871,327,3,61,4,312,59,59,40
1872,327,3,62,4,316,44,44,40
1873,327,3,63,8,324,90,10,80
1874,327,3,64,4,328,138,26,40
1875,327,3,65,2,330,136,29,20
1876,327,3,66,5,335,171,171,50
1877,327,3,67,8,343,101,101,80
1878,327,3,68,5,348,52,52,50
1879,327,3,69,3,351,26,26,30
1880,327,3,70,6,357,62,62,60
1881,327,3,71,8,365,72,72,80
1882,327,3,72,3,368,33,33,30
1883,327,3,73,4,372,34,34,40
1884,327,3,74,3,375,36,36,30
1885,327,3,75,7,382,79,79,70
1886,327,3,76,7,389,76,76,70
1887,327,3,77,2,391,15,15,20
1888,327,3,78,8,399,91,91,80
1889,327,3,79,2,401,22,1,20
1890,327,3,80,9,410,103,103,90
1891,327,3,81,9,419,83,83,90
1892,327,3,82,7,426,66,66,70
1893,327,3,83,8,434,96,13,80
1894,327,3,84,7,441,156,156,70
1895,327,3,85,6,447,59,10,60
1896,327,3,86,8,455,131,131,80
1897,327,3,87,9,464,89,89,90
1898,327,3,88,9,473,90,90,90
1899,327,3,89,2,475,28,28,20
1900,327,3,90,2,477,21,21,20
1901,327,3,91,8,485,79,79,80
1902,327,3,92,4,489,53,53,40
1903,327,3,93,8,497,82,82,80
1904,327,3,94,5,502,52,9,50
1905,327,3,95,3,505,70,70,30
1906,327,3,96,6,511,57,57,60
1907,327,3,97,8,519,71,14,80
1908,327,3,98,3,522,89,89,30
1909,327,3,99,8,530,78,78,80
1910,327,3,100,4,534,45,45,40
1911,327,3,101,6,540,60,60,60
1912,327,3,102,9,549,72,72,90
1913,327,3,103,4,553,44,10,40
1914,327,3,104,5,558,83,83,50
1915,327,3,105,7,565,63,63,70
1916,327,3,106,2,567,15,15,20
1917,327,3,107,2,569,23,23,20
1918,327,3,108,6,575,56,56,60
1919,327,3,109,5,580,51,51,50
1920,327,3,110,5,585,58,58,50
1921,327,3,111,6,591,55,55,60
1922,327,3,112,3,594,35,35,30
1923,327,3,113,6,600,76,76,60
1924,327,3,114,4,604,35,35,40
1925,327,3,115,8,612,80,80,80
1926,327,3,116,2,614,17,17,20
1927,327,3,117,3,617,25,25,30
1928,327,3,118,5,622,53,5,50
1929,327,3,119,5,627,103,103,50
1930,327,3,120,2,629,18,18,20
1931,327,3,121,9,638,108,108,90
1932,327,3,122,9,647,94,94,90
1933,327,3,123,3,650,31,31,30
1934,327,3,124,4,654,38,38,40
1935,327,3,125,8,662,84,84,80
1936,327,3,126,7,669,84,84,70
1937,327,3,127,3,672,39,39,30
1938,327,3,128,4,676,45,45,40
1939,327,3,129,9,685,90,90,90
1940,327,3,130,7,692,71,71,70
1941,327,3,131,9,701,92,92,90
1942,327,3,132,8,709,76,76,80
1943,327,3,133,7,716,81,81,70
1944,327,3,134,8,724,71,71,80
1945,327,3,135,8,732,82,82,80
1946,327,3,136,2,734,16,16,20
1947,327,3,137,8,742,68,68,80
1948,327,3,138,2,744,22,22,20
1949,327,3,139,3,747,24,24,30
1950,327,3,140,5,752,48,48,50
1951,327,3,141,2,754,22,22,20
1952,327,3,142,8,762,70,70,80
1953,327,3,143,8,770,78,78,80
1954,327,3,144,9,779,74,10,90
1955,327,3,145,4,783,100,100,40
1956,327,3,146,8,791,71,71,80
1957,327,3,147,8,799,81,81,80
1958,327,3,148,4,803,36,8,40
1959,327,3,149,3,806,64,64,30
1960,327,3,150,2,808,17,17,20
1961,327,3,151,6,814,62,62,60
1962,327,3,152,7,821,60,60,70
1963,327,3,153,2,823,22,22,20
1964,327,3,154,7,830,73,73,70
1965,327,3,155,4,834,39,39,40
1966,327,3,156,4,838,31,31,40
1967,327,3,157,8,846,89,89,80
1968,327,3,158,6,852,71,71,60
1969,327,3,159,4,856,38,38,40
1970,327,3,160,5,861,56,9,50
1971,327,3,161,7,868,114,114,70
1972,327,3,162,3,871,30,30,30
1973,327,3,163,2,873,17,4,20
1974,327,3,164,5,878,69,69,50
1975,327,3,165,3,881,26,2,30
1976,327,3,166,2,883,52,12,20
1977,327,3,167,3,886,75,75,30
1978,327,3,168,6,892,60,60,60
1979,327,3,169,6,898,74,74,60
1980,327,3,170,4,902,44,44,40
1981,327,3,171,2,904,18,18,20
1982,327,3,172,5,909,57,57,50
1983,327,3,173,6,915,58,58,60
1984,327,3,174,5,920,49,49,50
1985,327,3,175,9,929,95,21,90
1986,327,3,176,2,931,96,17,20
1987,327,3,177,3,934,115,115,30
1988,327,3,178,4,938,31,31,40
1989,327,3,179,9,947,100,100,90
1990,327,3,180,7,954,68,68,70
1991,327,3,181,3,957,33,33,30
1992,327,3,182,6,963,50,50,60
1993,327,3,183,9,972,97,97,90
1994,327,3,184,8,980,76,76,80
1995,327,3,185,7,987,73,14,70
1996,327,3,186,5,992,107,107,50
1997,327,3,187,4,996,32,32,40
1998,327,3,188,9,1005,88,88,90
1999,327,3,189,9,1014,91,91,90
2000,327,3,190,6,1020,54,54,60
2001,327,3,191,3,1023,30,30,30
2002,327,3,192,2,1025,20,20,20
2003,327,3,193,5,1030,56,56,50
2004,327,3,194,6,1036,64,64,60
2005,327,3,195,8,1044,69,69,80
2006,327,3,196,7,1051,57,57,70
2007,327,3,197,4,1055,42,42,40
2008,327,3,198,7,1062,62,16,70
2009,327,3,199,8,1070,115,115,80
2010,327,3,200,4,1074,42,5,40
2011,327,3,201,5,1079,88,88,50
2012,327,3,202,4,1083,40,40,40
2013,327,3,203,4,1087,40,40,40
2014,327,3,204,2,1089,11,11,20
2015,327,3,205,8,1097,87,87,80
2016,327,3,206,4,1101,42,42,40
2017,327,3,207,4,1105,40,40,40
2018,327,3,208,4,1109,43,43,40
2019,327,3,209,5,1114,41,8,50
2020,327,3,210,9,1123,123,123,90
2021,327,3,211,7,1130,65,65,70
2022,327,3,212,5,1135,49,10,50
2023,327,3,213,2,1137,60,60,20
2024,327,3,214,7,1144,68,68,70
2025,327,3,215,5,1149,46,46,50
2026,327,3,216,9,1158,93,93,90
2027,327,3,217,6,1164,72,72,60
2028,327,3,218,4,1168,37,37,40
2029,327,3,219,9,1177,81,81,90
2030,327,3,220,9,1186,91,91,90
2031,327,3,221,8,1194,76,76,80
2032,327,3,222,3,1197,42,42,30
2033,327,3,223,3,1200,41,41,30
2034,327,3,224,2,1202,20,20,20
2035,327,3,225,3,1205,31,31,30
2036,327,3,226,5,1210,55,55,50
2037,327,3,227,4,1214,38,38,40
2038,327,3,228,6,1220,60,60,60
2039,327,3,229,5,1225,53,14,50
2040,327,3,230,8,1233,143,143,80
2041,327,3,231,9,1242,84,84,90
2042,327,3,232,7,1249,61,61,70
2043,327,3,233,4,1253,42,42,40
2044,327,3,234,9,1262,94,94,90
2045,327,3,235,7,1269,56,56,70
2046,327,3,236,8,1277,74,74,80
2047,327,3,237,7,1284,61,61,70
2048,327,3,238,8,1292,95,95,80
2049,327,3,239,9,1301,93,93,90
2050,327,3,240,7,1308,55,55,70
2051,327,3,241,5,1313,60,10,50
2052,327,3,242,4,1317,95,26,40
2053,327,3,243,3,1320,106,106,30
2054,327,3,244,2,1322,20,20,20
2055,327,3,245,2,1324,12,4,20
2056,327,3,246,2,1326,22,22,20
2057,327,3,247,3,1329,33,33,30
2058,327,3,248,7,1336,64,64,70
2059,327,3,249,3,1339,29,29,30
2060,327,3,250,5,1344,58,58,50
2061,327,3,251,6,1350,60,14,60
2062,327,3,252,4,1354,87,87,40
2063,327,3,253,7,1361,73,73,70
2064,327,3,254,5,1366,54,54,50
2065,327,3,255,6,1372,58,58,60
2066,327,3,256,6,1378,60,60,60
2067,327,3,257,5,1383,54,54,50
2068,327,3,258,6,1389,60,12,60
2069,327,3,259,5,1394,86,86,50
2070,327,3,260,6,1400,65,65,60
2071,327,3,261,2,1402,19,19,20
2072,327,3,262,7,1409,73,11,70
2073,327,3,263,8,1417,162,28,80
2074,327,3,264,8,1425,226,226,80
2075,327,3,265,4,1429,38,38,40
2076,327,3,266,7,1436,65,65,70
2077,327,3,267,9,1445,89,89,90
2078,327,3,268,4,1449,40,40,40
2079,327,3,269,7,1456,68,68,70
2080,327,3,270,9,1465,84,84,90
2081,327,3,271,2,1467,20,20,20
2082,327,3,272,7,1474,57,57,70
2083,327,3,273,7,1481,64,64,70
2084,327,3,274,7,1488,62,62,70
2085,327,3,275,8,1496,82,82,80
2086,327,3,276,7,1503,68,68,70
2087,327,3,277,6,1509,53,53,60
2088,327,3,278,4,1513,30,30,40
2089,327,3,279,4,1517,32,32,40
2090,327,3,280,3,1520,27,27,30
2091,327,3,281,7,1527,65,65,70
2092,327,3,282,9,1536,79,79,90
2093,327,3,283,3,1539,20,20,30
2094,327,3,284,3,1542,29,29,30
2095,327,3,285,5,1547,50,50,50
2096,327,3,286,6,1553,63,63,60
2097,327,3,287,4,1557,40,8,40
2098,327,3,288,6,1563,93,93,60
2099,327,3,289,7,1570,51,51,70
2100,327,3,290,5,1575,42,42,50
2101,327,3,291,4,1579,45,45,40
2102,327,3,292,2,1581,20,20,20
2103,327,3,293,2,1583,20,20,20
2104,327,3,294,4,1587,42,42,40
2105,327,3,295,5,1592,52,52,50
2106,327,3,296,9,1601,78,78,90
2107,327,3,297,8,1609,77,77,80
2108,327,3,298,6,1615,60,60,60
2109,327,3,299,8,1623,75,75,80
2110,327,3,300,8,1631,82,13,80
2111,327,3,301,5,1636,117,117,50
2112,327,3,302,6,1642,56,56,60
2113,327,3,303,4,1646,42,42,40
2114,327,3,304,9,1655,82,82,90
2115,327,3,305,8,1663,61,14,80
2116,327,3,306,8,1671,134,134,80
2117,327,3,307,5,1676,42,42,50
2118,327,3,308,3,1679,38,38,30
2119,327,3,309,5,1684,51,51,50
2120,327,3,310,9,1693,92,92,90
2121,327,3,311,5,1698,47,47,50
2122,327,3,312,3,1701,43,43,30
2123,327,3,313,5,1706,54,54,50
2124,327,3,314,4,1710,51,51,40
2125,327,3,315,9,1719,102,102,90
2126,327,3,316,5,1724,44,44,50
2127,327,3,317,3,1727,29,29,30
2128,327,3,318,8,1735,97,97,80
2129,327,3,319,6,1741,56,56,60
2130,327,3,320,6,1747,71,71,60
2131,327,3,321,4,1751,36,36,40
2132,327,3,322,2,1753,17,17,20
2133,327,3,323,3,1756,29,8,30
2134,327,3,324,7,1763,93,93,70
2135,327,3,325,2,1765,15,3,20
2136,327,3,326,6,1771,67,67,60
2137,327,3,327,8,1779,93,93,80
2138,327,3,328,2,1781,13,13,20
2139,327,3,329,6,1787,54,54,60
2140,327,3,330,5,1792,50,50,50
2141,327,3,331,6,1798,52,52,60
2142,327,3,332,3,1801,38,38,30
2143,327,3,333,6,1807,57,57,60
2144,327,3,334,8,1815,103,103,80
2145,327,3,335,3,1818,28,28,30
2146,327,3,336,2,1820,31,31,20
2147,327,3,337,2,1822,16,16,20
2148,327,3,338,8,1830,67,67,80
2149,327,3,339,2,1832,24,24,20
2150,327,3,340,8,1840,73,73,80
2151,327,3,341,6,1846,51,51,60
2152,327,3,342,6,1852,46,46,60
2153,327,3,343,8,1860,78,9,80
2154,327,3,344,5,1865,119,20,50
2155,327,3,345,2,1867,112,112,20
2156,327,3,346,4,1871,49,49,40
2157,327,3,347,3,1874,35,35,30
2158,327,3,348,3,1877,34,34,30
2159,327,3,349,8,1885,90,90,80
2160,327,3,350,4,1889,41,6,40
2161,327,3,351,2,1891,64,64,20
2162,327,3,352,2,1893,20,20,20
2163,327,3,353,9,1902,85,85,90
2164,327,3,354,7,1909,88,23,70
2165,327,3,355,7,1916,139,139,70
2166,327,3,356,7,1923,72,72,70
2167,327,3,357,8,1931,71,71,80
2168,327,3,358,5,1936,42,42,50
2169,327,3,359,6,1942,66,66,60
2170,327,3,360,9,1951,76,76,90
2171,327,3,361,3,1954,28,28,30
2172,327,3,362,9,1963,101,101,90
2173,327,3,363,8,1971,80,18,80
2174,327,3,364,4,1975,97,20,40
2175,327,3,365,8,1983,161,161,80
2176,327,3,366,6,1989,52,52,60
2177,327,3,367,2,1991,11,4,20
2178,327,3,368,6,1997,65,65,60
2179,327,3,369,2,1999,15,15,20
2180,327,3,370,7,2006,60,60,70
2181,327,3,371,8,2014,86,86,80
2182,327,3,372,5,2019,54,54,50
2183,327,3,373,8,2027,96,21,80
2184,327,3,374,4,2031,116,116,40
2185,327,3,375,6,2037,61,61,60
2186,327,3,376,4,2041,39,39,40
2187,327,3,377,2,2043,19,19,20
2188,327,3,378,3,2046,32,6,30
2189,327,3,379,6,2052,73,73,60
2190,327,3,380,7,2059,75,75,70
2191,327,3,381,3,2062,28,28,30
2192,327,3,382,5,2067,53,53,50
2193,327,3,383,7,2074,73,73,70
2194,327,3,384,3,2077,30,30,30
2195,327,3,385,8,2085,83,83,80
2196,327,3,386,5,2090,37,37,50
2197,327,3,387,4,2094,34,34,40
2198,327,3,388,4,2098,38,38,40
2199,327,3,389,8,2106,83,83,80
2200,327,3,390,5,2111,47,47,50
2201,327,3,391,2,2113,20,20,20
2202,327,3,392,8,2121,75,75,80
2203,327,3,393,5,2126,51,51,50
2204,327,3,394,8,2134,86,86,80
2205,327,3,395,2,2136,13,13,20
2206,327,3,396,6,2142,57,57,60
2207,327,3,397,5,2147,51,51,50
2208,327,3,398,5,2152,42,42,50
2209,327,3,399,4,2156,35,35,40
2210,327,3,400,7,2163,67,67,70
2211,327,3,401,5,2168,55,55,50
2212,327,3,402,5,2173,47,47,50
2213,327,3,403,7,2180,67,67,70
2214,327,3,404,6,2186,58,58,60
2215,327,3,405,2,2188,12,2,20
2216,327,3,406,7,2195,82,82,70
2217,327,3,407,8,2203,94,94,80
2218,327,3,408,7,2210,77,77,70
2219,327,3,409,8,2218,64,64,80
2220,327,3,410,5,2223,49,49,50
2221,327,3,411,9,2232,83,83,90
2222,327,3,412,3,2235,32,32,30
2223,327,3,413,9,2244,108,108,90
2224,327,3,414,3,2247,32,32,30
2225,327,3,415,2,2249,14,14,20
2226,327,3,416,6,2255,68,68,60
2227,327,3,417,9,2264,90,90,90
2228,327,3,418,2,2266,16,16,20
2229,327,3,419,6,2272,49,49,60
2230,327,3,420,8,2280,64,64,80
2231,327,3,421,4,2284,32,32,40
2232,327,3,422,2,2286,23,23,20
2233,327,3,423,8,2294,84,13,80
2234,327,3,424,9,2303,158,158,90
2235,327,3,425,4,2307,38,38,40
2236,327,3,426,2,2309,22,22,20
2237,327,3,427,4,2313,29,29,40
2238,327,3,428,6,2319,58,58,60
2239,327,3,429,3,2322,33,33,30
2240,327,3,430,8,2330,78,78,80
2241,327,3,431,5,2335,52,52,50
2242,327,3,432,8,2343,69,69,80
2243,327,3,433,6,2349,59,59,60
2244,327,3,434,9,2358,100,17,90
2245,327,3,435,8,2366,177,177,80
2246,327,3,436,9,2375,83,83,90
2247,327,3,437,5,2380,53,53,50
2248,327,3,438,6,2386,42,42,60
2249,327,3,439,3,2389,34,34,30
2250,327,3,440,6,2395,70,70,60
2251,327,3,441,9,2404,66,66,90
2252,327,3,442,8,2412,80,80,80
2253,327,3,443,2,2414,18,18,20
2254,327,3,444,7,2421,62,62,70
2255,327,3,445,4,2425,43,43,40
2256,327,3,446,9,2434,89,89,90
2257,327,3,447,6,2440,59,59,60
2258,327,3,448,7,2447,72,72,70
2259,327,3,449,8,2455,69,69,80
2260,327,3,450,6,2461,80,80,60
2261,327,3,451,2,2463,26,26,20
2262,327,3,452,7,2470,72,72,70
2263,327,3,453,9,2479,74,74,90
2264,327,3,454,6,2485,58,58,60
2265,327,3,455,7,2492,53,53,70
2266,327,3,456,7,2499,78,78,70
2267,327,3,457,7,2506,66,13,70
2268,327,3,458,4,2510,102,102,40
2269,327,3,459,4,2514,29,29,40
2270,327,3,460,9,2523,68,68,90
2271,327,3,461,6,2529,58,58,60
2272,327,3,462,4,2533,45,45,40
2273,327,3,463,8,2541,98,98,80
2274,327,3,464,2,2543,19,19,20
2275,327,3,465,4,2547,43,43,40
2276,327,3,466,2,2549,19,19,20
2277,327,3,467,9,2558,99,99,90
2278,327,3,468,3,2561,23,23,30
2279,327,3,469,5,2566,44,44,50
2280,327,3,470,8,2574,75,75,80
2281,327,3,471,7,2581,82,82,70
2282,327,3,472,5,2586,53,53,50
2283,327,3,473,5,2591,49,49,50
2284,327,3,474,9,2600,87,87,90
2285,327,3,475,5,2605,45,45,50
2286,327,3,476,6,2611,51,51,60
2287,327,3,477,8,2619,58,13,80
2288,327,3,478,8,2627,131,131,80
2289,327,3,479,3,2630,35,35,30
2290,327,3,480,2,2632,32,32,20
2291,327,3,481,4,2636,33,33,40
2292,327,3,482,8,2644,91,91,80
2293,327,3,483,8,2652,74,74,80
2294,327,3,484,7,2659,60,60,70
2295,327,3,485,9,2668,87,87,90
2296,327,3,486,4,2672,33,33,40
2297,327,3,487,7,2679,65,65,70
2298,327,3,488,4,2683,35,35,40
2299,327,3,489,5,2688,55,55,50
2300,327,3,490,8,2696,77,77,80
2301,327,3,491,3,2699,33,33,30
2302,327,3,492,7,2706,54,54,70
2303,327,3,493,8,2714,76,16,80
2304,327,3,494,8,2722,134,21,80
2305,327,3,495,7,2729,179,179,70
2306,327,3,496,5,2734,42,42,50
2307,327,3,497,9,2743,87,22,90
2308,327,3,498,3,2746,99,23,30
2309,327,3,499,6,2752,129,129,60
2310,327,3,500,2,2754,17,17,20
2311,327,3,501,2,2756,16,16,20
2312,327,3,502,3,2759,38,38,30
2313,327,3,503,9,2768,91,91,90
2314,327,3,504,9,2777,108,108,90
2315,327,3,505,4,2781,28,28,40
2316,327,3,506,7,2788,86,86,70
2317,327,3,507,2,2790,19,19,20
2318,327,3,508,9,2799,107,17,90
2319,327,3,509,4,2803,123,123,40
2320,327,3,510,4,2807,46,46,40
2321,327,3,511,5,2812,54,54,50
2322,327,3,512,7,2819,81,81,70
2323,327,3,513,7,2826,89,89,70
2324,327,3,514,4,2830,38,38,40
2325,327,3,515,3,2833,28,28,30
2326,327,3,516,9,2842,85,85,90
2327,327,3,517,4,2846,53,53,40
2328,327,3,518,2,2848,15,15,20
2329,327,3,519,6,2854,56,56,60
2330,327,3,520,8,2862,79,13,80
2331,327,3,521,3,2865,90,90,30
2332,327,3,522,6,2871,65,65,60
2333,327,3,523,8,2879,92,92,80
2334,327,3,524,9,2888,95,95,90
2335,327,3,525,8,2896,80,80,80
2336,327,3,526,4,2900,36,36,40
2337,327,3,527,3,2903,28,28,30
2338,327,3,528,9,2912,92,92,90
2339,327,3,529,2,2914,24,24,20
2340,327,3,530,5,2919,52,52,50
2341,327,3,531,9,2928,90,90,90
2342,327,3,532,6,2934,63,63,60
2343,327,3,533,2,2936,17,17,20
2344,327,3,534,2,2938,18,18,20
2345,327,3,535,7,2945,78,78,70
2346,327,3,536,9,2954,94,94,90
2347,327,3,537,9,2963,79,79,90
2348,327,3,538,6,2969,49,49,60
2349,327,3,539,8,2977,66,66,80
2350,327,3,540,7,2984,72,72,70
2351,327,3,541,9,2993,89,89,90
2352,327,3,542,4,2997,47,47,40
2353,327,3,543,8,3005,84,84,80
2354,327,3,544,4,3009,42,42,40
2355,327,3,545,5,3014,41,41,50
2356,327,3,546,8,3022,76,76,80
2357,327,3,547,7,3029,59,59,70
2358,327,3,548,8,3037,74,74,80
2359,327,3,549,2,3039,19,19,20
2360,327,3,550,7,3046,67,67,70
2361,327,3,551,9,3055,82,82,90
2362,327,3,552,6,3061,65,65,60
2363,327,3,553,3,3064,21,21,30
2364,327,3,554,6,3070,62,62,60
2365,327,3,555,8,3078,77,77,80
2366,327,3,556,4,3082,44,44,40
2367,327,3,557,3,3085,23,23,30
2368,327,3,558,8,3093,65,65,80
2369,327,3,559,6,3099,76,76,60
2370,327,3,560,3,3102,25,25,30
2371,327,3,561,5,3107,53,53,50
2372,327,3,562,2,3109,20,20,20
2373,327,3,563,5,3114,48,48,50
2374,327,3,564,5,3119,45,45,50
2375,327,3,565,2,3121,19,19,20
2376,327,3,566,5,3126,40,40,50
2377,327,3,567,7,3133,83,83,70
2378,327,3,568,8,3141,74,74,80
2379,327,3,569,3,3144,29,29,30
2380,327,3,570,6,3150,69,69,60
2381,327,3,571,8,3158,59,59,80
2382,327,3,572,5,3163,56,56,50
2383,327,3,573,5,3168,44,10,50
2384,327,3,574,2,3170,45,45,20
2385,327,3,575,2,3172,14,14,20
2386,327,3,576,3,3175,20,20,30
2387,327,3,577,4,3179,42,42,40
2388,327,3,578,5,3184,47,47,50
2389,327,3,579,6,3190,51,51,60
2390,327,3,580,8,3198,75,75,80
2391,327,3,581,5,3203,52,52,50
2392,327,3,582,4,3207,36,36,40
2393,327,3,583,3,3210,21,21,30
2394,327,3,584,7,3217,81,81,70
2395,327,3,585,4,3221,39,39,40
2396,327,3,586,6,3227,70,70,60
2397,327,3,587,7,3234,71,71,70
2398,327,3,588,4,3238,42,42,40
2399,327,3,589,3,3241,37,37,30
2400,327,3,590,8,3249,66,66,80
2401,327,3,591,5,3254,54,54,50
2402,327,3,592,8,3262,73,73,80
2403,327,3,593,7,3269,64,64,70
2404,327,3,594,4,3273,44,44,40
2405,327,3,595,6,3279,48,48,60
2406,327,3,596,7,3286,68,68,70
2407,327,3,597,2,3288,21,21,20
2408,327,3,598,6,3294,74,74,60
2409,327,3,599,5,3299,44,44,50
2410,327,3,600,7,3306,66,66,70
2411,327,3,601,6,3312,61,61,60
2412,327,3,602,4,3316,39,39,40
2413,327,3,603,3,3319,25,25,30
2414,327,3,604,3,3322,23,23,30
2415,327,3,605,3,3325,26,26,30
2416,327,3,606,9,3334,100,100,90
2417,327,3,607,2,3336,18,18,20
2418,327,3,608,5,3341,51,11,50
2419,327,3,609,4,3345,76,76,40
2420,327,3,610,5,3350,47,47,50
2421,327,3,611,7,3357,75,75,70
2422,327,3,612,4,3361,49,49,40
2423,327,3,613,4,3365,37,37,40
2424,327,3,614,6,3371,75,75,60
2425,327,3,615,6,3377,62,20,60
2426,327,3,616,5,3382,89,89,50
2427,327,3,617,6,3388,60,12,60
2428,327,3,618,4,3392,86,86,40
2429,327,3,619,6,3398,73,73,60
2430,327,3,620,9,3407,89,89,90
2431,327,3,621,6,3413,63,63,60
2432,327,3,622,4,3417,26,5,40
2433,327,3,623,2,3419,40,40,20
2434,327,3,624,2,3421,15,15,20
2435,327,3,625,5,3426,42,42,50
2436,327,3,626,8,3434,83,83,80
2437,327,3,627,5,3439,35,35,50
2438,327,3,628,8,3447,83,83,80
2439,327,3,629,4,3451,43,43,40
2440,327,3,630,7,3458,61,61,70
2441,327,3,631,5,3463,52,52,50
2442,327,3,632,9,3472,103,103,90
2443,327,3,633,8,3480,69,69,80
2444,327,3,634,5,3485,44,44,50
2445,327,3,635,5,3490,53,53,50
2446,327,3,636,8,3498,96,96,80
2447,327,3,637,4,3502,33,33,40
2448,327,3,638,2,3504,18,18,20
2449,327,3,639,2,3506,21,21,20
2450,327,3,640,9,3515,79,79,90
2451,327,3,641,4,3519,35,10,40
2452,327,3,642,3,3522,53,53,30
2453,327,3,643,2,3524,26,26,20
2454,327,3,644,8,3532,77,77,80
2455,327,3,645,2,3534,17,8,20
2456,327,3,646,4,3538,52,52,40
2457,327,3,647,2,3540,14,14,20
2458,327,3,648,7,3547,77,77,70
2459,327,3,649,3,3550,25,5,30
2460,327,3,650,4,3554,51,51,40
2461,327,3,651,3,3557,33,33,30
2462,327,3,652,2,3559,17,17,20
2463,327,3,653,3,3562,29,29,30
2464,327,3,654,5,3567,47,47,50
2465,327,3,655,2,3569,28,28,20
2466,327,3,656,9,3578,78,78,90
2467,327,3,657,9,3587,95,95,90
2468,327,3,658,7,3594,59,59,70
2469,327,3,659,8,3602,85,7,80
2470,327,3,660,7,3609,149,149,70
2471,327,3,661,7,3616,63,63,70
2472,327,3,662,3,3619,25,25,30
2473,327,3,663,9,3628,110,110,90
2474,327,3,664,9,3637,74,7,90
2475,327,3,665,3,3640,90,90,30
2476,327,3,666,2,3642,22,22,20
2477,327,3,667,5,3647,43,43,50
2478,327,3,668,3,3650,33,33,30
2479,327,3,669,6,3656,62,62,60
2480,327,3,670,4,3660,39,39,40
2481,327,3,671,8,3668,102,102,80
2482,327,3,672,8,3676,69,17,80
2483,327,3,673,9,3685,157,157,90
2484,327,3,674,6,3691,59,59,60
2485,327,3,675,2,3693,16,16,20
2486,327,3,676,8,3701,74,74,80
2487,327,3,677,5,3706,56,56,50
2488,327,3,678,6,3712,57,57,60
2489,327,3,679,2,3714,16,16,20
2490,327,3,680,6,3720,46,46,60
2491,327,3,681,3,3723,21,21,30
2492,327,3,682,6,3729,44,44,60
2493,327,3,683,6,3735,59,20,60
2494,327,3,684,9,3744,144,24,90
2495,327,3,685,4,3748,159,159,40
2496,327,3,686,4,3752,39,39,40
2497,327,3,687,8,3760,83,83,80
2498,327,3,688,4,3764,42,42,40
2499,327,3,689,8,3772,79,79,80
2500,327,3,690,6,3778,56,56,60
2501,327,3,691,4,3782,32,32,40
2502,327,3,692,3,3785,33,33,30
2503,327,3,693,5,3790,52,52,50
2504,327,3,694,5,3795,51,51,50
2505,327,3,695,2,3797,21,21,20
2506,327,3,696,8,3805,83,83,80
2507,327,3,697,2,3807,16,16,20
2508,327,3,698,9,3816,92,92,90
2509,327,3,699,2,3818,25,25,20
2510,327,3,700,7,3825,80,6,70
2511,327,3,701,8,3833,152,152,80
2512,327,3,702,9,3842,106,106,90
2513,327,3,703,2,3844,27,27,20
2514,327,3,704,7,3851,75,75,70
2515,327,3,705,9,3860,84,84,90
2516,327,3,706,4,3864,40,40,40
2517,327,3,707,9,3873,85,85,90
2518,327,3,708,7,3880,64,64,70
2519,327,3,709,6,3886,71,71,60
2520,327,3,710,8,3894,71,71,80
2521,327,3,711,3,3897,24,24,30
2522,327,3,712,5,3902,35,35,50
2523,327,3,713,8,3910,80,80,80
2524,327,3,714,4,3914,36,36,40
2525,327,3,715,7,3921,52,52,70
2526,327,3,716,7,3928,65,65,70
2527,327,3,717,6,3934,58,58,60
2528,327,3,718,4,3938,50,50,40
2529,327,3,719,8,3946,61,61,80
2530,327,3,720,4,3950,46,46,40
2531,327,3,721,2,3952,21,21,20
2532,327,3,722,8,3960,88,88,80
2533,327,3,723,7,3967,74,74,70
2534,327,3,724,3,3970,30,30,30
2535,327,3,725,5,3975,46,46,50
2536,327,3,726,2,3977,17,17,20
2537,327,3,727,7,3984,55,55,70
2538,327,3,728,7,3991,72,72,70
2539,327,3,729,3,3994,36,7,30
2540,327,3,730,6,4000,87,87,60
2541,327,3,731,2,4002,13,13,20
2542,327,3,732,3,4005,28,28,30
2543,327,3,733,9,4014,89,89,90
2544,327,3,734,4,4018,45,45,40
2545,327,3,735,4,4022,43,43,40
2546,327,3,736,3,4025,30,30,30
2547,327,3,737,8,4033,89,89,80
2548,327,3,738,3,4036,40,40,30
2549,327,3,739,6,4042,70,12,60
2550,327,3,740,3,4045,96,24,30
2551,327,3,741,6,4051,128,128,60
2552,327,3,742,6,4057,65,15,60
2553,327,3,743,9,4066,145,145,90
2554,327,3,744,2,4068,18,18,20
2555,327,3,745,7,4075,79,79,70
2556,327,3,746,2,4077,27,27,20
2557,327,3,747,5,4082,55,7,50
2558,327,3,748,9,4091,123,123,90
2559,327,3,749,8,4099,79,79,80
2560,327,3,750,3,4102,29,29,30
2561,327,3,751,7,4109,55,55,70
2562,327,3,752,3,4112,32,32,30
2563,327,3,753,4,4116,36,36,40
2564,327,3,754,2,4118,14,14,20
2565,327,3,755,2,4120,25,25,20
2566,327,3,756,2,4122,19,19,20
2567,327,3,757,2,4124,16,16,20
2568,327,3,758,6,4130,57,57,60
2569,327,3,759,8,4138,82,82,80
2570,327,3,760,2,4140,20,20,20
2571,327,3,761,9,4149,81,81,90
2572,327,3,762,8,4157,85,85,80
2573,327,3,763,4,4161,46,46,40
2574,327,3,764,2,4163,20,20,20
2575,327,3,765,9,4172,68,68,90
2576,327,3,766,2,4174,16,16,20
2577,327,3,767,2,4176,17,17,20
2578,327,3,768,4,4180,42,42,40
2579,327,3,769,4,4184,40,40,40
2580,327,3,770,7,4191,75,75,70
2581,327,3,771,5,4196,52,52,50
2582,327,3,772,7,4203,51,51,70
2583,327,3,773,8,4211,69,69,80
2584,327,3,774,4,4215,34,34,40
2585,327,3,775,9,4224,86,86,90
2586,327,3,776,7,4231,74,74,70
2587,327,3,777,3,4234,22,22,30
2588,327,3,778,9,4243,88,88,90
2589,327,3,779,2,4245,20,20,20
2590,327,3,780,2,4247,20,20,20
2591,327,3,781,6,4253,71,19,60
2592,327,3,782,3,4256,90,11,30
2593,327,3,783,9,4265,150,150,90
2594,327,3,784,3,4268,32,32,30
2595,327,3,785,2,4270,25,25,20
2596,327,3,786,4,4274,44,44,40
2597,327,3,787,6,4280,51,51,60
2598,327,3,788,9,4289,96,17,90
2599,327,3,789,5,4294,134,134,50
2600,327,3,790,8,4302,77,77,80
2601,327,3,791,5,4307,50,50,50
2602,327,3,792,5,4312,43,43,50
2603,327,3,793,5,4317,57,57,50
2604,327,3,794,9,4326,83,14,90
2605,327,3,795,5,4331,111,111,50
2606,327,3,796,8,4339,83,83,80
2607,327,3,797,8,4347,78,78,80
2608,327,3,798,7,4354,62,62,70
2609,327,3,799,4,4358,31,6,40
2610,327,3,800,3,4361,58,58,30
2611,327,3,801,8,4369,73,73,80
2612,327,3,802,5,4374,59,59,50
2613,327,3,803,2,4376,26,26,20
2614,327,3,804,7,4383,69,69,70
2615,327,3,805,9,4392,103,103,90
2616,327,3,806,4,4396,37,7,40
2617,327,3,807,2,4398,46,5,20
2618,327,3,808,7,4405,107,107,70
2619,327,3,809,8,4413,71,71,80
2620,327,3,810,7,4420,65,65,70
2621,327,3,811,9,4429,83,83,90
2622,327,3,812,3,4432,35,35,30
2623,327,3,813,7,4439,60,60,70
2624,327,3,814,3,4442,24,24,30
2625,327,3,815,4,4446,35,35,40
2626,327,3,816,7,4453,71,71,70
2627,327,3,817,8,4461,82,82,80
2628,327,3,818,4,4465,31,6,40
2629,327,3,819,2,4467,52,52,20
2630,327,3,820,8,4475,86,86,80
2631,327,3,821,6,4481,71,71,60
2632,327,3,822,3,4484,25,25,30
2633,327,3,823,4,4488,42,42,40
2634,327,3,824,6,4494,51,51,60
2635,327,3,825,5,4499,51,51,50
2636,327,3,826,8,4507,69,69,80
2637,327,3,827,9,4516,93,93,90
2638,327,3,828,9,4525,81,81,90
2639,327,3,829,5,4530,47,47,50
2640,327,3,830,9,4539,100,100,90
2641,327,3,831,7,4546,71,71,70
2642,327,3,832,2,4548,21,21,20
2643,327,3,833,3,4551,27,27,30
2644,327,3,834,6,4557,60,60,60
2645,327,3,835,3,4560,17,17,30
2646,327,3,836,8,4568,80,21,80
2647,327,3,837,9,4577,160,160,90
2648,327,3,838,5,4582,59,59,50
2649,327,3,839,4,4586,44,44,40
2650,327,3,840,2,4588,16,16,20
2651,327,3,841,3,4591,33,33,30
2652,327,3,842,5,4596,47,47,50
2653,327,3,843,6,4602,57,57,60
2654,327,3,844,9,4611,93,93,90
2655,327,3,845,7,4618,68,68,70
2656,327,3,846,6,4624,53,53,60
2657,327,3,847,8,4632,83,83,80
2658,327,3,848,6,4638,51,51,60
2659,327,3,849,6,4644,55,55,60
2660,327,3,850,6,4650,55,55,60
2661,327,3,851,5,4655,44,44,50
2662,327,3,852,3,4658,41,41,30
2663,327,3,853,8,4666,58,58,80
2664,327,3,854,3,4669,39,39,30
2665,327,3,855,8,4677,62,62,80
2666,327,3,856,9,4686,83,83,90
2667,327,3,857,5,4691,52,52,50
2668,327,3,858,3,4694,34,34,30
2669,327,3,859,9,4703,86,86,90
2670,327,3,860,9,4712,81,81,90
2671,327,3,861,9,4721,93,93,90
2672,327,3,862,9,4730,88,13,90
2673,327,3,863,6,4736,137,137,60
2674,327,3,864,8,4744,83,83,80
2675,327,3,865,6,4750,56,56,60
2676,327,3,866,9,4759,101,101,90
2677,327,3,867,6,4765,54,54,60
2678,327,3,868,2,4767,18,3,20
2679,327,3,869,4,4771,46,46,40
2680,327,3,870,5,4776,39,39,50
2681,327,3,871,6,4782,62,62,60
2682,327,3,872,4,4786,27,27,40
2683,327,3,873,6,4792,57,57,60
2684,327,3,874,6,4798,67,10,60
2685,327,3,875,4,4802,104,104,40
2686,327,3,876,8,4810,98,17,80
2687,327,3,877,7,4817,147,147,70
2688,327,3,878,9,4826,105,105,90
2689,327,3,879,7,4833,77,77,70
2690,327,3,880,3,4836,20,20,30
2691,327,3,881,5,4841,59,14,50
2692,327,3,882,9,4850,138,138,90
2693,327,3,883,8,4858,64,64,80
2694,327,3,884,4,4862,37,37,40
2695,327,3,885,9,4871,91,91,90
2696,327,3,886,4,4875,39,39,40
2697,327,3,887,5,4880,42,42,50
2698,327,3,888,8,4888,75,9,80
2699,327,3,889,3,4891,102,102,30
2700,327,3,890,9,4900,87,87,90
2701,327,3,891,2,4902,19,19,20
2702,327,3,892,5,4907,44,44,50
2703,327,3,893,8,4915,102,102,80
2704,327,3,894,4,4919,23,23,40
2705,327,3,895,2,4921,20,20,20
2706,327,3,896,3,4924,37,37,30
2707,327,3,897,4,4928,40,40,40
2708,327,3,898,6,4934,70,70,60
2709,327,3,899,3,4937,30,30,30
2710,327,3,900,3,4940,21,21,30
2711,327,3,901,6,4946,51,51,60
2712,327,3,902,4,4950,37,37,40
2713,327,3,903,5,4955,45,45,50
2714,327,3,904,7,4962,64,64,70
2715,327,3,905,4,4966,40,40,40
2716,327,3,906,2,4968,16,16,20
2717,327,3,907,9,4977,92,92,90
2718,327,3,908,5,4982,46,46,50
2719,327,3,909,8,4990,105,105,80
2720,327,3,910,4,4994,37,37,40
2721,327,3,911,2,4996,16,16,20
