,Scenario,Trial,Inspection,Interval,Time,Accumulation,Defects,Rate
0,93,1,1,4,4,30,30,40
1,93,1,2,8,12,80,80,80
2,93,1,3,5,17,50,41,50
3,93,1,4,2,19,30,23,20
4,93,1,5,2,21,27,22,20
5,93,1,6,9,30,105,85,90
6,93,1,7,2,32,36,32,20
7,93,1,8,9,41,103,103,90
8,93,1,9,5,46,40,31,50
9,93,1,10,8,54,88,88,80
10,93,1,11,9,63,74,74,90
11,93,1,12,9,72,88,77,90
12,93,1,13,4,76,54,41,40
13,93,1,14,5,81,68,68,50
14,93,1,15,9,90,81,65,90
15,93,1,16,7,97,77,77,70
16,93,1,17,6,103,66,51,60
17,93,1,18,3,106,49,43,30
18,93,1,19,5,111,61,51,50
19,93,1,20,2,113,29,29,20
20,93,1,21,3,116,37,33,30
21,93,1,22,9,125,104,85,90
22,93,1,23,6,131,75,75,60
23,93,1,24,4,135,26,23,40
24,93,1,25,8,143,82,71,80
25,93,1,26,8,151,110,84,80
26,93,1,27,7,158,96,82,70
27,93,1,28,4,162,50,50,40
28,93,1,29,6,168,53,41,60
29,93,1,30,5,173,70,57,50
30,93,1,31,6,179,72,63,60
31,93,1,32,9,188,102,89,90
32,93,1,33,7,195,99,85,70
33,93,1,34,8,203,109,96,80
34,93,1,35,6,209,66,58,60
35,93,1,36,5,214,59,59,50
36,93,1,37,5,219,49,38,50
37,93,1,38,2,221,30,26,20
38,93,1,39,7,228,71,59,70
39,93,1,40,3,231,33,23,30
40,93,1,41,3,234,33,23,30
41,93,1,42,3,237,34,34,30
42,93,1,43,7,244,69,69,70
43,93,1,44,4,248,44,29,40
44,93,1,45,3,251,57,57,30
45,93,1,46,4,255,31,25,40
46,93,1,47,9,264,93,73,90
47,93,1,48,9,273,107,91,90
48,93,1,49,4,277,53,53,40
49,93,1,50,9,286,96,79,90
50,93,1,51,7,293,82,67,70
51,93,1,52,3,296,47,42,30
52,93,1,53,3,299,31,23,30
53,93,1,54,4,303,41,38,40
54,93,1,55,9,312,87,67,90
55,93,1,56,5,317,61,51,50
56,93,1,57,9,326,89,73,90
57,93,1,58,6,332,78,64,60
58,93,1,59,4,336,54,40,40
59,93,1,60,7,343,99,99,70
60,93,1,61,9,352,92,84,90
61,93,1,62,2,354,32,32,20
62,93,1,63,2,356,17,12,20
63,93,1,64,6,362,68,68,60
64,93,1,65,6,368,65,52,60
65,93,1,66,3,371,42,35,30
66,93,1,67,5,376,68,68,50
67,93,1,68,8,384,72,57,80
68,93,1,69,4,388,60,49,40
69,93,1,70,2,390,30,30,20
70,93,1,71,7,397,67,52,70
71,93,1,72,9,406,103,89,90
72,93,1,73,5,411,59,49,50
73,93,1,74,2,413,37,37,20
74,93,1,75,9,422,96,96,90
75,93,1,76,7,429,63,54,70
76,93,1,77,7,436,73,60,70
77,93,1,78,6,442,70,61,60
78,93,1,79,8,450,88,75,80
79,93,1,80,5,455,60,47,50
80,93,1,81,7,462,98,74,70
81,93,1,82,3,465,57,57,30
82,93,1,83,7,472,70,57,70
83,93,1,84,9,481,79,71,90
84,93,1,85,3,484,40,40,30
85,93,1,86,7,491,76,65,70
86,93,1,87,2,493,35,30,20
87,93,1,88,2,495,20,16,20
88,93,1,89,3,498,28,20,30
89,93,1,90,6,504,69,61,60
90,93,1,91,9,513,95,81,90
91,93,1,92,4,517,61,51,40
92,93,1,93,9,526,109,109,90
93,93,1,94,3,529,30,30,30
94,93,1,95,2,531,13,13,20
95,93,1,96,5,536,57,57,50
96,93,1,97,9,545,82,70,90
97,93,1,98,8,553,80,66,80
98,93,1,99,3,556,37,30,30
99,93,1,100,3,559,40,40,30
100,93,1,101,3,562,28,23,30
101,93,1,102,4,566,45,40,40
102,93,1,103,6,572,75,62,60
103,93,1,104,2,574,37,30,20
104,93,1,105,7,581,78,69,70
105,93,1,106,5,586,61,55,50
106,93,1,107,4,590,43,37,40
107,93,1,108,7,597,90,78,70
108,93,1,109,4,601,46,46,40
109,93,1,110,5,606,47,42,50
110,93,1,111,2,608,22,22,20
111,93,1,112,6,614,45,38,60
112,93,1,113,3,617,31,27,30
113,93,1,114,9,626,89,74,90
114,93,1,115,7,633,84,72,70
115,93,1,116,5,638,58,58,50
116,93,1,117,6,644,75,62,60
117,93,1,118,3,647,59,50,30
118,93,1,119,6,653,62,54,60
119,93,1,120,4,657,47,47,40
120,93,1,121,4,661,41,41,40
121,93,1,122,7,668,71,66,70
122,93,1,123,5,673,55,43,50
123,93,1,124,4,677,48,48,40
124,93,1,125,9,686,84,69,90
125,93,1,126,2,688,36,29,20
126,93,1,127,6,694,64,46,60
127,93,1,128,5,699,63,63,50
128,93,1,129,8,707,80,67,80
129,93,1,130,6,713,80,68,60
130,93,1,131,3,716,40,36,30
131,93,1,132,4,720,40,32,40
132,93,1,133,7,727,89,75,70
133,93,1,134,3,730,44,33,30
134,93,1,135,9,739,111,93,90
135,93,1,136,3,742,47,38,30
136,93,1,137,9,751,98,98,90
137,93,1,138,9,760,88,75,90
138,93,1,139,7,767,95,75,70
139,93,1,140,2,769,40,35,20
140,93,1,141,6,775,62,55,60
141,93,1,142,7,782,81,67,70
142,93,1,143,5,787,61,61,50
143,93,1,144,5,792,63,54,50
144,93,1,145,9,801,83,68,90
145,93,1,146,4,805,54,46,40
146,93,1,147,9,814,93,73,90
147,93,1,148,7,821,87,76,70
148,93,1,149,7,828,77,62,70
149,93,1,150,3,831,41,41,30
150,93,1,151,8,839,69,69,80
151,93,1,152,4,843,52,45,40
152,93,1,153,4,847,42,33,40
153,93,1,154,7,854,81,66,70
154,93,1,155,5,859,61,55,50
155,93,1,156,5,864,54,49,50
156,93,1,157,4,868,37,29,40
157,93,1,158,2,870,25,18,20
158,93,1,159,4,874,58,58,40
159,93,1,160,3,877,29,24,30
160,93,1,161,6,883,51,51,60
161,93,1,162,7,890,66,66,70
162,93,1,163,7,897,75,67,70
163,93,1,164,3,900,38,33,30
164,93,1,165,4,904,45,38,40
165,93,1,166,3,907,28,28,30
166,93,1,167,3,910,30,26,30
167,93,1,168,9,919,82,65,90
168,93,1,169,3,922,44,33,30
169,93,1,170,9,931,98,98,90
170,93,1,171,3,934,37,33,30
171,93,1,172,6,940,68,58,60
172,93,1,173,5,945,69,52,50
173,93,1,174,4,949,48,48,40
174,93,1,175,3,952,24,20,30
175,93,1,176,7,959,78,68,70
176,93,1,177,4,963,47,35,40
177,93,1,178,6,969,80,80,60
178,93,1,179,7,976,68,59,70
179,93,1,180,5,981,65,54,50
180,93,1,181,8,989,86,70,80
181,93,1,182,2,991,39,39,20
182,93,1,183,9,1000,105,90,90
183,93,1,184,4,1004,56,47,40
184,93,1,185,9,1013,94,94,90
185,93,1,186,5,1018,50,44,50
186,93,1,187,6,1024,66,51,60
187,93,1,188,9,1033,97,97,90
188,93,1,189,9,1042,98,87,90
189,93,1,190,4,1046,45,41,40
190,93,1,191,4,1050,40,33,40
191,93,1,192,8,1058,87,87,80
192,93,1,193,7,1065,77,66,70
193,93,1,194,2,1067,27,22,20
194,93,1,195,9,1076,83,73,90
195,93,1,196,9,1085,115,115,90
196,93,1,197,3,1088,31,26,30
197,93,1,198,9,1097,76,76,90
198,93,1,199,8,1105,93,93,80
199,93,1,200,6,1111,59,51,60
200,93,1,201,8,1119,89,70,80
201,93,1,202,8,1127,105,95,80
202,93,1,203,8,1135,103,84,80
203,93,1,204,3,1138,50,44,30
204,93,1,205,8,1146,80,72,80
205,93,1,206,2,1148,24,24,20
206,93,1,207,5,1153,59,48,50
207,93,1,208,4,1157,59,49,40
208,93,1,209,5,1162,67,57,50
209,93,1,210,5,1167,59,49,50
210,93,1,211,5,1172,70,55,50
211,93,1,212,9,1181,107,90,90
212,93,1,213,4,1185,46,46,40
213,93,1,214,9,1194,86,75,90
214,93,1,215,2,1196,20,20,20
215,93,1,216,5,1201,60,49,50
216,93,1,217,6,1207,73,57,60
217,93,1,218,2,1209,34,29,20
218,93,1,219,4,1213,49,49,40
219,93,1,220,2,1215,19,14,20
220,93,1,221,9,1224,96,89,90
221,93,1,222,2,1226,32,27,20
222,93,1,223,8,1234,83,69,80
223,93,1,224,9,1243,101,84,90
224,93,1,225,4,1247,52,44,40
225,93,1,226,5,1252,51,51,50
226,93,1,227,4,1256,29,27,40
227,93,1,228,8,1264,76,60,80
228,93,1,229,3,1267,50,42,30
229,93,1,230,3,1270,47,38,30
230,93,1,231,2,1272,28,28,20
231,93,1,232,6,1278,63,59,60
232,93,1,233,3,1281,29,27,30
233,93,1,234,4,1285,46,39,40
234,93,1,235,9,1294,102,82,90
235,93,1,236,3,1297,56,52,30
236,93,1,237,4,1301,38,38,40
237,93,1,238,6,1307,53,53,60
238,93,1,239,5,1312,57,46,50
239,93,1,240,7,1319,119,104,70
240,93,1,241,4,1323,58,49,40
241,93,1,242,7,1330,74,63,70
242,93,1,243,3,1333,40,32,30
243,93,1,244,2,1335,21,19,20
244,93,1,245,4,1339,42,34,40
245,93,1,246,3,1342,42,32,30
246,93,1,247,5,1347,56,48,50
247,93,1,248,5,1352,59,49,50
248,93,1,249,8,1360,84,84,80
249,93,1,250,7,1367,64,57,70
250,93,1,251,3,1370,36,30,30
251,93,1,252,8,1378,97,74,80
252,93,1,253,4,1382,60,60,40
253,93,1,254,8,1390,80,74,80
254,93,1,255,8,1398,93,72,80
255,93,1,256,5,1403,62,62,50
256,93,1,257,8,1411,90,77,80
257,93,1,258,9,1420,100,85,90
258,93,1,259,3,1423,49,42,30
259,93,1,260,2,1425,26,22,20
260,93,1,261,2,1427,20,12,20
261,93,1,262,9,1436,117,97,90
262,93,1,263,3,1439,52,52,30
263,93,1,264,8,1447,90,90,80
264,93,1,265,7,1454,74,63,70
265,93,1,266,7,1461,86,72,70
266,93,1,267,9,1470,112,94,90
267,93,1,268,9,1479,105,91,90
268,93,1,269,9,1488,90,77,90
269,93,1,270,7,1495,70,58,70
270,93,1,271,3,1498,43,32,30
271,93,1,272,8,1506,100,88,80
272,93,1,273,7,1513,74,74,70
273,93,1,274,5,1518,41,41,50
274,93,1,275,4,1522,41,32,40
275,93,1,276,5,1527,68,57,50
276,93,1,277,4,1531,55,55,40
277,93,1,278,3,1534,35,30,30
278,93,1,279,2,1536,22,19,20
279,93,1,280,5,1541,63,50,50
280,93,1,281,3,1544,40,34,30
281,93,1,282,7,1551,83,64,70
282,93,1,283,4,1555,57,44,40
283,93,1,284,5,1560,56,44,50
284,93,1,285,7,1567,75,68,70
285,93,1,286,4,1571,51,51,40
286,93,1,287,7,1578,58,49,70
287,93,1,288,9,1587,115,115,90
288,93,1,289,5,1592,39,33,50
289,93,1,290,6,1598,75,67,60
290,93,1,291,5,1603,53,43,50
291,93,1,292,6,1609,68,61,60
292,93,1,293,9,1618,96,96,90
293,93,1,294,5,1623,53,43,50
294,93,1,295,9,1632,110,95,90
295,93,1,296,6,1638,83,69,60
296,93,1,297,5,1643,61,49,50
297,93,1,298,6,1649,79,66,60
298,93,1,299,8,1657,93,65,80
299,93,1,300,7,1664,109,109,70
300,93,1,301,5,1669,49,40,50
301,93,1,302,2,1671,27,23,20
302,93,1,303,5,1676,63,63,50
303,93,1,304,9,1685,92,78,90
304,93,1,305,8,1693,88,88,80
305,93,1,306,3,1696,28,22,30
306,93,1,307,9,1705,88,75,90
307,93,1,308,5,1710,63,55,50
308,93,1,309,3,1713,31,27,30
309,93,1,310,8,1721,89,82,80
310,93,1,311,7,1728,84,70,70
311,93,1,312,6,1734,88,88,60
312,93,1,313,7,1741,65,56,70
313,93,1,314,4,1745,45,39,40
314,93,1,315,5,1750,59,46,50
315,93,1,316,5,1755,66,53,50
316,93,1,317,3,1758,47,39,30
317,93,1,318,9,1767,109,109,90
318,93,1,319,5,1772,50,42,50
319,93,1,320,7,1779,71,46,70
320,93,1,321,5,1784,68,68,50
321,93,1,322,4,1788,50,44,40
322,93,1,323,8,1796,79,66,80
323,93,1,324,8,1804,92,72,80
324,93,1,325,4,1808,58,46,40
325,93,1,326,9,1817,105,86,90
326,93,1,327,7,1824,82,72,70
327,93,1,328,3,1827,36,30,30
328,93,1,329,3,1830,36,29,30
329,93,1,330,5,1835,56,51,50
330,93,1,331,9,1844,80,69,90
331,93,1,332,5,1849,61,56,50
332,93,1,333,4,1853,45,36,40
333,93,1,334,5,1858,65,65,50
334,93,1,335,5,1863,51,40,50
335,93,1,336,3,1866,47,37,30
336,93,1,337,4,1870,52,44,40
337,93,1,338,4,1874,54,42,40
338,93,1,339,3,1877,43,37,30
339,93,1,340,8,1885,75,59,80
340,93,1,341,3,1888,43,43,30
341,93,1,342,4,1892,52,46,40
342,93,1,343,9,1901,105,90,90
343,93,1,344,5,1906,68,63,50
344,93,1,345,9,1915,94,81,90
345,93,1,346,2,1917,29,29,20
346,93,1,347,8,1925,83,67,80
347,93,1,348,8,1933,100,82,80
348,93,1,349,2,1935,39,34,20
349,93,1,350,4,1939,42,32,40
350,93,1,351,9,1948,121,99,90
351,93,1,352,4,1952,60,50,40
352,93,1,353,7,1959,82,73,70
353,93,1,354,6,1965,57,54,60
354,93,1,355,8,1973,81,70,80
355,93,1,356,2,1975,21,16,20
356,93,1,357,6,1981,64,54,60
357,93,1,358,9,1990,111,91,90
358,93,1,359,6,1996,88,76,60
359,93,1,360,2,1998,29,22,20
360,93,1,361,9,2007,98,80,90
361,93,1,362,9,2016,105,86,90
362,93,1,363,8,2024,102,102,80
363,93,1,364,2,2026,17,13,20
364,93,1,365,2,2028,32,26,20
365,93,1,366,9,2037,89,75,90
366,93,1,367,6,2043,80,80,60
367,93,1,368,2,2045,13,11,20
368,93,1,369,7,2052,71,71,70
369,93,1,370,6,2058,77,71,60
370,93,1,371,4,2062,49,40,40
371,93,1,372,9,2071,96,81,90
372,93,1,373,8,2079,125,125,80
373,93,1,374,4,2083,45,37,40
374,93,1,375,3,2086,29,25,30
375,93,1,376,2,2088,27,23,20
376,93,1,377,8,2096,81,69,80
377,93,1,378,9,2105,103,86,90
378,93,1,379,8,2113,108,108,80
379,93,1,380,5,2118,65,52,50
380,93,1,381,3,2121,46,41,30
381,93,1,382,9,2130,91,77,90
382,93,1,383,5,2135,65,65,50
383,93,1,384,6,2141,64,64,60
384,93,1,385,8,2149,81,66,80
385,93,1,386,4,2153,52,44,40
386,93,1,387,9,2162,106,88,90
387,93,1,388,5,2167,69,57,50
388,93,1,389,9,2176,126,112,90
389,93,1,390,2,2178,43,34,20
390,93,1,391,8,2186,76,61,80
391,93,1,392,9,2195,98,85,90
392,93,1,393,3,2198,49,44,30
393,93,1,394,9,2207,93,93,90
394,93,1,395,7,2214,61,61,70
395,93,1,396,8,2222,86,86,80
396,93,1,397,2,2224,25,25,20
397,93,1,398,2,2226,19,19,20
398,93,1,399,3,2229,34,28,30
399,93,1,400,4,2233,44,39,40
400,93,1,401,5,2238,41,36,50
401,93,1,402,4,2242,48,48,40
402,93,1,403,5,2247,42,32,50
403,93,1,404,6,2253,63,63,60
404,93,1,405,5,2258,64,54,50
405,93,1,406,9,2267,109,88,90
406,93,1,407,8,2275,105,80,80
407,93,1,408,7,2282,91,71,70
408,93,1,409,4,2286,57,44,40
409,93,1,410,9,2295,92,80,90
410,93,1,411,8,2303,90,69,80
411,93,1,412,5,2308,72,72,50
412,93,1,413,9,2317,81,65,90
413,93,1,414,4,2321,54,45,40
414,93,1,415,6,2327,65,53,60
415,93,1,416,8,2335,91,79,80
416,93,1,417,3,2338,55,55,30
417,93,1,418,4,2342,40,33,40
418,93,1,419,2,2344,27,24,20
419,93,1,420,5,2349,55,42,50
420,93,1,421,6,2355,73,61,60
421,93,1,422,7,2362,81,73,70
422,93,1,423,5,2367,59,51,50
423,93,1,424,7,2374,73,62,70
424,93,1,425,8,2382,102,84,80
425,93,1,426,9,2391,97,83,90
426,93,1,427,7,2398,68,59,70
427,93,1,428,7,2405,83,83,70
428,93,1,429,5,2410,45,37,50
429,93,1,430,7,2417,72,72,70
430,93,1,431,2,2419,17,15,20
431,93,1,432,5,2424,64,52,50
432,93,1,433,4,2428,50,40,40
433,93,1,434,4,2432,60,54,40
434,93,1,435,4,2436,39,32,40
435,93,1,436,4,2440,57,50,40
436,93,1,437,8,2448,96,84,80
437,93,1,438,7,2455,87,71,70
438,93,1,439,6,2461,77,62,60
439,93,1,440,7,2468,89,89,70
440,93,1,441,7,2475,65,54,70
441,93,1,442,9,2484,86,72,90
442,93,1,443,3,2487,55,55,30
443,93,1,444,4,2491,48,38,40
444,93,1,445,5,2496,57,44,50
445,93,1,446,4,2500,58,48,40
446,93,1,447,3,2503,51,43,30
447,93,1,448,4,2507,56,48,40
448,93,1,449,3,2510,41,33,30
449,93,1,450,5,2515,53,44,50
450,93,1,451,4,2519,60,60,40
451,93,1,452,2,2521,22,22,20
452,93,1,453,6,2527,51,51,60
453,93,1,454,4,2531,40,31,40
454,93,1,455,7,2538,78,78,70
455,93,1,456,6,2544,75,68,60
456,93,1,457,9,2553,87,75,90
457,93,1,458,9,2562,97,79,90
458,93,1,459,8,2570,93,93,80
459,93,1,460,8,2578,84,67,80
460,93,1,461,3,2581,38,31,30
461,93,1,462,3,2584,43,37,30
462,93,1,463,8,2592,91,72,80
463,93,1,464,3,2595,45,38,30
464,93,1,465,5,2600,66,56,50
465,93,1,466,2,2602,27,24,20
466,93,1,467,7,2609,86,69,70
467,93,1,468,6,2615,88,88,60
468,93,1,469,4,2619,48,48,40
469,93,1,470,8,2627,87,68,80
470,93,1,471,8,2635,94,81,80
471,93,1,472,7,2642,79,62,70
472,93,1,473,9,2651,106,106,90
473,93,1,474,9,2660,86,71,90
474,93,1,475,3,2663,43,43,30
475,93,1,476,4,2667,36,31,40
476,93,1,477,6,2673,85,75,60
477,93,1,478,3,2676,38,30,30
478,93,1,479,3,2679,40,40,30
479,93,1,480,7,2686,63,50,70
480,93,1,481,3,2689,35,35,30
481,93,1,482,4,2693,38,30,40
482,93,1,483,7,2700,84,84,70
483,93,1,484,8,2708,99,87,80
484,93,1,485,2,2710,29,23,20
485,93,1,486,7,2717,73,65,70
486,93,1,487,9,2726,88,81,90
487,93,1,488,9,2735,99,99,90
488,93,1,489,6,2741,72,62,60
489,93,1,490,5,2746,51,40,50
490,93,1,491,3,2749,41,41,30
491,93,1,492,7,2756,71,71,70
492,93,1,493,4,2760,41,32,40
493,93,1,494,3,2763,34,34,30
494,93,1,495,6,2769,71,66,60
495,93,1,496,4,2773,43,32,40
496,93,1,497,6,2779,73,59,60
497,93,1,498,6,2785,81,81,60
498,93,1,499,8,2793,87,87,80
499,93,1,500,7,2800,57,49,70
500,93,1,501,6,2806,81,71,60
501,93,1,502,8,2814,91,74,80
502,93,1,503,6,2820,74,58,60
503,93,1,504,3,2823,38,38,30
504,93,1,505,9,2832,89,76,90
505,93,1,506,5,2837,69,59,50
506,93,1,507,2,2839,27,21,20
507,93,1,508,8,2847,82,69,80
508,93,1,509,9,2856,87,77,90
509,93,1,510,5,2861,56,40,50
510,93,1,511,5,2866,61,61,50
511,93,1,512,7,2873,59,48,70
512,93,1,513,6,2879,79,71,60
513,93,1,514,8,2887,85,85,80
514,93,1,515,9,2896,83,71,90
515,93,1,516,6,2902,68,60,60
516,93,1,517,6,2908,64,56,60
517,93,1,518,2,2910,32,28,20
518,93,1,519,8,2918,80,80,80
519,93,1,520,7,2925,70,56,70
520,93,1,521,3,2928,38,32,30
521,93,1,522,4,2932,55,47,40
522,93,1,523,9,2941,79,69,90
523,93,1,524,6,2947,72,72,60
524,93,1,525,6,2953,58,50,60
525,93,1,526,6,2959,71,71,60
526,93,1,527,2,2961,29,29,20
527,93,1,528,4,2965,41,30,40
528,93,1,529,9,2974,109,109,90
529,93,1,530,3,2977,34,31,30
530,93,1,531,9,2986,89,66,90
531,93,1,532,6,2992,82,82,60
532,93,1,533,6,2998,50,41,60
533,93,1,534,4,3002,50,40,40
534,93,1,535,3,3005,38,33,30
535,93,1,536,3,3008,28,28,30
536,93,1,537,4,3012,33,29,40
537,93,1,538,9,3021,100,85,90
538,93,1,539,2,3023,32,21,20
539,93,1,540,7,3030,85,85,70
540,93,1,541,3,3033,27,20,30
541,93,1,542,7,3040,84,71,70
542,93,1,543,4,3044,53,44,40
543,93,1,544,6,3050,67,56,60
544,93,1,545,4,3054,64,64,40
545,93,1,546,7,3061,65,56,70
546,93,1,547,3,3064,35,28,30
547,93,1,548,6,3070,69,60,60
548,93,1,549,5,3075,66,66,50
549,93,1,550,9,3084,84,69,90
550,93,1,551,3,3087,46,39,30
551,93,1,552,5,3092,46,46,50
552,93,1,553,5,3097,60,46,50
553,93,1,554,7,3104,90,76,70
554,93,1,555,6,3110,78,67,60
555,93,1,556,7,3117,78,65,70
556,93,1,557,7,3124,84,73,70
557,93,1,558,5,3129,58,58,50
558,93,1,559,4,3133,34,25,40
559,93,1,560,8,3141,69,60,80
560,93,1,561,8,3149,85,74,80
561,93,1,562,7,3156,80,65,70
562,93,1,563,3,3159,44,44,30
563,93,1,564,3,3162,25,20,30
564,93,1,565,9,3171,96,81,90
565,93,1,566,8,3179,99,87,80
566,93,1,567,2,3181,32,32,20
567,93,1,568,4,3185,32,28,40
568,93,1,569,4,3189,43,38,40
569,93,1,570,8,3197,82,82,80
570,93,1,571,7,3204,72,55,70
571,93,1,572,4,3208,58,58,40
572,93,1,573,3,3211,21,17,30
573,93,1,574,3,3214,36,27,30
574,93,1,575,4,3218,53,46,40
575,93,1,576,5,3223,54,45,50
576,93,1,577,5,3228,53,48,50
577,93,1,578,3,3231,32,27,30
578,93,1,579,9,3240,84,84,90
579,93,1,580,6,3246,64,56,60
580,93,1,581,6,3252,70,54,60
581,93,1,582,4,3256,60,53,40
582,93,1,583,5,3261,58,48,50
583,93,1,584,5,3266,74,62,50
584,93,1,585,7,3273,79,63,70
585,93,1,586,2,3275,40,36,20
586,93,1,587,4,3279,40,31,40
587,93,1,588,7,3286,82,71,70
588,93,1,589,2,3288,32,29,20
589,93,1,590,7,3295,75,58,70
590,93,1,591,9,3304,110,94,90
591,93,1,592,9,3313,100,83,90
592,93,1,593,6,3319,83,68,60
593,93,1,594,8,3327,97,84,80
594,93,1,595,9,3336,85,85,90
595,93,1,596,4,3340,39,34,40
596,93,1,597,8,3348,93,79,80
597,93,1,598,3,3351,52,43,30
598,93,1,599,7,3358,64,52,70
599,93,1,600,2,3360,35,30,20
600,93,1,601,5,3365,46,39,50
601,93,1,602,7,3372,82,82,70
602,93,1,603,8,3380,64,51,80
603,93,1,604,6,3386,67,52,60
604,93,1,605,6,3392,73,65,60
605,93,1,606,5,3397,59,59,50
606,93,1,607,9,3406,77,66,90
607,93,1,608,4,3410,60,60,40
608,93,1,609,8,3418,76,66,80
609,93,1,610,5,3423,64,54,50
610,93,1,611,3,3426,45,45,30
611,93,1,612,4,3430,45,45,40
612,93,1,613,9,3439,105,105,90
613,93,1,614,7,3446,74,64,70
614,93,1,615,5,3451,55,47,50
615,93,1,616,3,3454,33,33,30
616,93,1,617,8,3462,86,68,80
617,93,1,618,5,3467,56,48,50
618,93,1,619,7,3474,84,71,70
619,93,1,620,4,3478,44,34,40
620,93,1,621,6,3484,65,65,60
621,93,1,622,4,3488,32,32,40
622,93,1,623,9,3497,104,78,90
623,93,1,624,3,3500,62,50,30
624,93,1,625,2,3502,31,31,20
625,93,1,626,9,3511,96,81,90
626,93,1,627,5,3516,75,75,50
627,93,1,628,9,3525,91,76,90
628,93,1,629,7,3532,105,89,70
629,93,1,630,7,3539,89,75,70
630,93,1,631,4,3543,54,42,40
631,93,1,632,6,3549,70,70,60
632,93,1,633,8,3557,85,72,80
633,93,1,634,8,3565,98,83,80
634,93,1,635,5,3570,68,68,50
635,93,1,636,5,3575,53,41,50
636,93,1,637,5,3580,57,57,50
637,93,1,638,4,3584,42,42,40
638,93,1,639,2,3586,13,11,20
639,93,1,640,2,3588,27,23,20
640,93,1,641,7,3595,83,68,70
641,93,1,642,7,3602,90,72,70
642,93,1,643,9,3611,105,105,90
643,93,1,644,6,3617,63,63,60
644,93,1,645,4,3621,40,34,40
645,93,1,646,5,3626,72,59,50
646,93,1,647,9,3635,95,95,90
647,93,1,648,6,3641,64,64,60
648,93,1,649,6,3647,61,49,60
649,93,1,650,9,3656,113,98,90
650,93,1,651,8,3664,98,80,80
651,93,1,652,9,3673,108,93,90
652,93,1,653,2,3675,41,35,20
653,93,1,654,9,3684,101,82,90
654,93,1,655,6,3690,75,62,60
655,93,1,656,8,3698,105,105,80
656,93,1,657,6,3704,54,45,60
657,93,1,658,7,3711,91,75,70
658,93,1,659,6,3717,74,59,60
659,93,1,660,2,3719,38,35,20
660,93,1,661,3,3722,26,18,30
661,93,1,662,9,3731,80,65,90
662,93,1,663,3,3734,49,36,30
663,93,1,664,9,3743,111,95,90
664,93,1,665,4,3747,54,54,40
665,93,1,666,9,3756,97,97,90
666,93,1,667,2,3758,22,19,20
667,93,1,668,4,3762,35,32,40
668,93,1,669,3,3765,24,19,30
669,93,1,670,2,3767,33,33,20
670,93,1,671,3,3770,38,30,30
671,93,1,672,4,3774,50,40,40
672,93,1,673,9,3783,106,91,90
673,93,1,674,5,3788,58,45,50
674,93,1,675,5,3793,59,48,50
675,93,1,676,2,3795,29,24,20
676,93,1,677,3,3798,34,31,30
677,93,1,678,6,3804,58,58,60
678,93,1,679,6,3810,67,46,60
679,93,1,680,7,3817,99,86,70
680,93,1,681,6,3823,87,72,60
681,93,1,682,7,3830,88,88,70
682,93,1,683,5,3835,45,36,50
683,93,1,684,2,3837,31,27,20
684,93,1,685,3,3840,36,31,30
685,93,1,686,4,3844,51,44,40
686,93,1,687,8,3852,72,58,80
687,93,1,688,9,3861,98,82,90
688,93,1,689,8,3869,80,80,80
689,93,1,690,2,3871,20,17,20
690,93,1,691,6,3877,47,38,60
691,93,1,692,4,3881,54,49,40
692,93,1,693,8,3889,93,80,80
693,93,1,694,3,3892,47,41,30
694,93,1,695,7,3899,87,72,70
695,93,1,696,5,3904,63,51,50
696,93,1,697,9,3913,110,94,90
697,93,1,698,3,3916,36,36,30
698,93,1,699,3,3919,26,21,30
699,93,1,700,4,3923,43,43,40
700,93,1,701,8,3931,69,58,80
701,93,1,702,9,3940,102,85,90
702,93,1,703,9,3949,103,82,90
703,93,1,704,5,3954,70,70,50
704,93,1,705,6,3960,65,52,60
705,93,1,706,9,3969,94,79,90
706,93,1,707,7,3976,90,73,70
707,93,1,708,7,3983,82,82,70
708,93,1,709,4,3987,44,38,40
709,93,1,710,4,3991,49,41,40
710,93,1,711,7,3998,75,65,70
711,93,1,712,5,4003,64,64,50
712,93,1,713,6,4009,55,47,60
713,93,1,714,5,4014,50,46,50
714,93,1,715,3,4017,30,25,30
715,93,1,716,5,4022,62,52,50
716,93,1,717,5,4027,57,50,50
717,93,1,718,5,4032,56,56,50
718,93,1,719,4,4036,33,33,40
719,93,1,720,4,4040,46,38,40
720,93,1,721,5,4045,56,48,50
721,93,1,722,9,4054,98,86,90
722,93,1,723,6,4060,77,68,60
723,93,1,724,5,4065,59,59,50
724,93,1,725,5,4070,56,46,50
725,93,1,726,7,4077,70,70,70
726,93,1,727,5,4082,36,29,50
727,93,1,728,7,4089,88,70,70
728,93,1,729,9,4098,102,102,90
729,93,1,730,5,4103,46,42,50
730,93,1,731,4,4107,47,47,40
731,93,1,732,3,4110,26,21,30
732,93,1,733,8,4118,90,90,80
733,93,1,734,5,4123,59,59,50
734,93,1,735,9,4132,86,72,90
735,93,1,736,7,4139,90,75,70
736,93,1,737,2,4141,35,35,20
737,93,1,738,4,4145,52,43,40
738,93,1,739,6,4151,73,61,60
739,93,1,740,9,4160,100,88,90
740,93,1,741,6,4166,66,54,60
741,93,1,742,3,4169,34,33,30
742,93,1,743,3,4172,28,28,30
743,93,1,744,8,4180,70,59,80
744,93,1,745,7,4187,86,70,70
745,93,1,746,5,4192,66,56,50
746,93,1,747,7,4199,79,72,70
747,93,1,748,5,4204,48,36,50
748,93,1,749,9,4213,119,97,90
749,93,1,750,5,4218,67,53,50
750,93,1,751,6,4224,71,62,60
751,93,1,752,7,4231,76,65,70
752,93,1,753,2,4233,33,33,20
753,93,1,754,5,4238,52,52,50
754,93,1,755,4,4242,43,36,40
755,93,1,756,4,4246,52,46,40
756,93,1,757,9,4255,100,85,90
757,93,1,758,5,4260,57,48,50
758,93,1,759,9,4269,100,83,90
759,93,1,760,4,4273,66,58,40
760,93,1,761,6,4279,67,67,60
761,93,1,762,8,4287,73,54,80
762,93,1,763,3,4290,49,37,30
763,93,1,764,6,4296,64,51,60
764,93,1,765,3,4299,49,41,30
765,93,1,766,5,4304,50,37,50
766,93,1,767,7,4311,99,80,70
767,93,1,768,6,4317,82,82,60
768,93,1,769,3,4320,37,37,30
769,93,1,770,5,4325,43,37,50
770,93,1,771,3,4328,45,36,30
771,93,1,772,8,4336,86,67,80
772,93,1,773,8,4344,100,89,80
773,93,1,774,7,4351,82,82,70
774,93,1,775,7,4358,70,56,70
775,93,1,776,4,4362,58,51,40
776,93,1,777,5,4367,58,47,50
777,93,1,778,5,4372,63,56,50
778,93,1,779,3,4375,33,26,30
779,93,1,780,5,4380,58,48,50
780,93,1,781,4,4384,58,47,40
781,93,1,782,2,4386,37,30,20
782,93,1,783,7,4393,67,67,70
783,93,1,784,5,4398,45,45,50
784,93,1,785,7,4405,70,61,70
785,93,1,786,6,4411,72,53,60
786,93,1,787,8,4419,84,72,80
787,93,1,788,5,4424,58,58,50
788,93,1,789,3,4427,33,33,30
789,93,1,790,9,4436,89,71,90
790,93,1,791,2,4438,35,30,20
791,93,1,792,6,4444,68,68,60
792,93,1,793,6,4450,61,51,60
793,93,1,794,2,4452,33,33,20
794,93,1,795,2,4454,22,14,20
795,93,1,796,9,4463,95,95,90
796,93,1,797,9,4472,103,82,90
797,93,1,798,3,4475,53,53,30
798,93,1,799,2,4477,16,13,20
799,93,1,800,4,4481,39,33,40
800,93,1,801,8,4489,98,82,80
801,93,1,802,2,4491,38,33,20
802,93,1,803,4,4495,43,33,40
803,93,1,804,9,4504,111,92,90
804,93,1,805,8,4512,110,92,80
805,93,1,806,7,4519,94,83,70
806,93,1,807,5,4524,50,36,50
807,93,1,808,2,4526,35,31,20
808,93,1,809,5,4531,53,48,50
809,93,1,810,3,4534,36,36,30
810,93,1,811,4,4538,32,26,40
811,93,1,812,3,4541,40,33,30
812,93,1,813,6,4547,78,62,60
813,93,1,814,2,4549,31,23,20
814,93,1,815,7,4556,89,67,70
815,93,1,816,6,4562,92,92,60
816,93,1,817,8,4570,78,68,80
817,93,1,818,8,4578,85,69,80
818,93,1,819,2,4580,36,24,20
819,93,1,820,3,4583,43,37,30
820,93,1,821,3,4586,35,31,30
821,93,1,822,2,4588,21,18,20
822,93,1,823,4,4592,42,33,40
823,93,1,824,9,4601,111,94,90
824,93,1,825,6,4607,90,70,60
825,93,1,826,5,4612,77,57,50
826,93,1,827,5,4617,65,52,50
827,93,1,828,6,4623,74,62,60
828,93,1,829,8,4631,91,67,80
829,93,1,830,7,4638,95,82,70
830,93,1,831,2,4640,33,28,20
831,93,1,832,9,4649,86,70,90
832,93,1,833,3,4652,40,33,30
833,93,1,834,5,4657,55,55,50
834,93,1,835,5,4662,46,39,50
835,93,1,836,7,4669,75,64,70
836,93,1,837,5,4674,59,52,50
837,93,1,838,6,4680,64,64,60
838,93,1,839,2,4682,21,21,20
839,93,1,840,7,4689,64,64,70
840,93,1,841,8,4697,79,64,80
841,93,1,842,3,4700,43,37,30
842,93,1,843,2,4702,26,21,20
843,93,1,844,2,4704,17,14,20
844,93,1,845,6,4710,81,73,60
845,93,1,846,5,4715,52,44,50
846,93,1,847,7,4722,75,75,70
847,93,1,848,9,4731,94,77,90
848,93,1,849,7,4738,88,74,70
849,93,1,850,3,4741,58,48,30
850,93,1,851,6,4747,71,61,60
851,93,1,852,9,4756,105,88,90
852,93,1,853,8,4764,81,70,80
853,93,1,854,2,4766,30,22,20
854,93,1,855,8,4774,109,95,80
855,93,1,856,9,4783,109,88,90
856,93,1,857,2,4785,40,31,20
857,93,1,858,5,4790,60,50,50
858,93,1,859,5,4795,55,43,50
859,93,1,860,7,4802,78,64,70
860,93,1,861,6,4808,87,87,60
861,93,1,862,7,4815,74,62,70
862,93,1,863,2,4817,30,24,20
863,93,1,864,7,4824,69,56,70
864,93,1,865,3,4827,45,45,30
865,93,1,866,2,4829,22,15,20
866,93,1,867,8,4837,89,74,80
867,93,1,868,6,4843,79,67,60
868,93,1,869,6,4849,69,69,60
869,93,1,870,5,4854,45,41,50
870,93,1,871,4,4858,47,42,40
871,93,1,872,9,4867,88,77,90
872,93,1,873,4,4871,49,42,40
873,93,1,874,6,4877,92,73,60
874,93,1,875,9,4886,105,85,90
875,93,1,876,3,4889,49,44,30
876,93,1,877,6,4895,63,54,60
877,93,1,878,6,4901,67,61,60
878,93,1,879,6,4907,74,63,60
879,93,1,880,5,4912,71,57,50
880,93,1,881,4,4916,54,49,40
881,93,1,882,5,4921,52,42,50
882,93,1,883,8,4929,75,64,80
883,93,1,884,7,4936,84,72,70
884,93,1,885,3,4939,40,33,30
885,93,1,886,4,4943,47,39,40
886,93,1,887,7,4950,59,59,70
887,93,1,888,3,4953,31,30,30
888,93,1,889,8,4961,76,63,80
889,93,1,890,2,4963,31,24,20
890,93,1,891,7,4970,82,71,70
891,93,1,892,7,4977,73,73,70
892,93,1,893,4,4981,25,19,40
893,93,1,894,4,4985,58,47,40
894,93,1,895,9,4994,106,95,90
895,93,1,896,2,4996,31,21,20
896,93,2,1,2,2,27,23,20
897,93,2,2,3,5,33,26,30
898,93,2,3,5,10,54,54,50
899,93,2,4,8,18,93,78,80
900,93,2,5,3,21,37,30,30
901,93,2,6,3,24,45,45,30
902,93,2,7,8,32,77,77,80
903,93,2,8,2,34,24,16,20
904,93,2,9,9,43,100,82,90
905,93,2,10,6,49,77,77,60
906,93,2,11,8,57,63,63,80
907,93,2,12,3,60,33,25,30
908,93,2,13,3,63,44,44,30
909,93,2,14,4,67,48,39,40
910,93,2,15,8,75,81,81,80
911,93,2,16,2,77,19,15,20
912,93,2,17,2,79,19,17,20
913,93,2,18,5,84,53,43,50
914,93,2,19,6,90,56,50,60
915,93,2,20,2,92,36,31,20
916,93,2,21,7,99,80,63,70
917,93,2,22,5,104,66,66,50
918,93,2,23,6,110,62,62,60
919,93,2,24,7,117,64,64,70
920,93,2,25,2,119,24,22,20
921,93,2,26,9,128,91,91,90
922,93,2,27,7,135,69,61,70
923,93,2,28,3,138,42,42,30
924,93,2,29,2,140,14,12,20
925,93,2,30,4,144,42,42,40
926,93,2,31,7,151,72,72,70
927,93,2,32,9,160,102,89,90
928,93,2,33,6,166,79,69,60
929,93,2,34,2,168,34,34,20
930,93,2,35,8,176,67,55,80
931,93,2,36,3,179,36,28,30
932,93,2,37,3,182,37,37,30
933,93,2,38,2,184,28,22,20
934,93,2,39,2,186,22,18,20
935,93,2,40,8,194,99,85,80
936,93,2,41,4,198,51,46,40
937,93,2,42,3,201,43,36,30
938,93,2,43,8,209,91,71,80
939,93,2,44,2,211,43,39,20
940,93,2,45,4,215,40,31,40
941,93,2,46,3,218,39,39,30
942,93,2,47,3,221,45,40,30
943,93,2,48,4,225,54,48,40
944,93,2,49,2,227,28,23,20
945,93,2,50,7,234,73,57,70
946,93,2,51,8,242,105,87,80
947,93,2,52,6,248,84,68,60
948,93,2,53,3,251,48,39,30
949,93,2,54,6,257,66,66,60
950,93,2,55,3,260,28,21,30
951,93,2,56,8,268,71,59,80
952,93,2,57,7,275,89,77,70
953,93,2,58,3,278,45,36,30
954,93,2,59,6,284,69,69,60
955,93,2,60,2,286,23,18,20
956,93,2,61,8,294,79,61,80
957,93,2,62,2,296,45,34,20
958,93,2,63,7,303,80,64,70
959,93,2,64,6,309,75,63,60
960,93,2,65,4,313,49,42,40
961,93,2,66,5,318,65,53,50
962,93,2,67,5,323,68,59,50
963,93,2,68,5,328,60,51,50
964,93,2,69,3,331,40,37,30
965,93,2,70,3,334,32,32,30
966,93,2,71,4,338,46,38,40
967,93,2,72,8,346,94,78,80
968,93,2,73,2,348,46,40,20
969,93,2,74,3,351,32,27,30
970,93,2,75,2,353,25,21,20
971,93,2,76,8,361,88,76,80
972,93,2,77,3,364,50,41,30
973,93,2,78,3,367,35,28,30
974,93,2,79,6,373,57,57,60
975,93,2,80,7,380,66,66,70
976,93,2,81,9,389,94,82,90
977,93,2,82,6,395,78,70,60
978,93,2,83,5,400,68,58,50
979,93,2,84,3,403,37,29,30
980,93,2,85,7,410,59,51,70
981,93,2,86,5,415,57,49,50
982,93,2,87,5,420,59,48,50
983,93,2,88,9,429,104,86,90
984,93,2,89,9,438,101,89,90
985,93,2,90,7,445,85,72,70
986,93,2,91,4,449,55,47,40
987,93,2,92,4,453,53,43,40
988,93,2,93,6,459,77,68,60
989,93,2,94,2,461,20,11,20
990,93,2,95,7,468,84,74,70
991,93,2,96,8,476,82,82,80
992,93,2,97,8,484,67,58,80
993,93,2,98,8,492,81,72,80
994,93,2,99,9,501,84,84,90
995,93,2,100,9,510,94,71,90
996,93,2,101,3,513,55,46,30
997,93,2,102,4,517,44,37,40
998,93,2,103,8,525,61,49,80
999,93,2,104,6,531,84,69,60
1000,93,2,105,4,535,44,40,40
1001,93,2,106,5,540,63,49,50
1002,93,2,107,4,544,53,43,40
1003,93,2,108,7,551,84,71,70
1004,93,2,109,2,553,33,26,20
1005,93,2,110,6,559,59,59,60
1006,93,2,111,7,566,77,60,70
1007,93,2,112,7,573,86,73,70
1008,93,2,113,6,579,79,70,60
1009,93,2,114,5,584,68,56,50
1010,93,2,115,2,586,27,24,20
1011,93,2,116,2,588,19,15,20
1012,93,2,117,9,597,85,75,90
1013,93,2,118,7,604,80,70,70
1014,93,2,119,6,610,72,61,60
1015,93,2,120,4,614,58,50,40
1016,93,2,121,3,617,34,30,30
1017,93,2,122,8,625,81,81,80
1018,93,2,123,5,630,53,53,50
1019,93,2,124,2,632,17,14,20
1020,93,2,125,3,635,29,24,30
1021,93,2,126,6,641,58,48,60
1022,93,2,127,2,643,27,18,20
1023,93,2,128,2,645,33,26,20
1024,93,2,129,4,649,35,35,40
1025,93,2,130,9,658,82,70,90
1026,93,2,131,2,660,33,33,20
1027,93,2,132,7,667,61,50,70
1028,93,2,133,2,669,40,33,20
1029,93,2,134,3,672,34,34,30
1030,93,2,135,8,680,64,52,80
1031,93,2,136,7,687,78,78,70
1032,93,2,137,2,689,27,24,20
1033,93,2,138,5,694,46,46,50
1034,93,2,139,6,700,57,49,60
1035,93,2,140,2,702,27,21,20
1036,93,2,141,3,705,34,34,30
1037,93,2,142,9,714,99,99,90
1038,93,2,143,6,720,48,39,60
1039,93,2,144,5,725,53,45,50
1040,93,2,145,6,731,76,58,60
1041,93,2,146,9,740,97,80,90
1042,93,2,147,5,745,75,58,50
1043,93,2,148,3,748,45,31,30
1044,93,2,149,5,753,56,56,50
1045,93,2,150,6,759,68,68,60
1046,93,2,151,5,764,50,50,50
1047,93,2,152,9,773,89,62,90
1048,93,2,153,8,781,102,81,80
1049,93,2,154,5,786,65,58,50
1050,93,2,155,4,790,50,39,40
1051,93,2,156,8,798,94,82,80
1052,93,2,157,4,802,46,46,40
1053,93,2,158,7,809,78,68,70
1054,93,2,159,8,817,100,90,80
1055,93,2,160,9,826,89,89,90
1056,93,2,161,3,829,36,36,30
1057,93,2,162,7,836,69,57,70
1058,93,2,163,6,842,72,58,60
1059,93,2,164,3,845,41,33,30
1060,93,2,165,8,853,95,95,80
1061,93,2,166,6,859,47,47,60
1062,93,2,167,7,866,61,61,70
1063,93,2,168,9,875,85,72,90
1064,93,2,169,7,882,75,64,70
1065,93,2,170,5,887,65,65,50
1066,93,2,171,7,894,58,49,70
1067,93,2,172,4,898,43,37,40
1068,93,2,173,9,907,100,79,90
1069,93,2,174,4,911,46,39,40
1070,93,2,175,3,914,39,38,30
1071,93,2,176,7,921,70,56,70
1072,93,2,177,7,928,80,80,70
1073,93,2,178,5,933,53,40,50
1074,93,2,179,9,942,87,76,90
1075,93,2,180,3,945,41,33,30
1076,93,2,181,9,954,77,67,90
1077,93,2,182,9,963,100,100,90
1078,93,2,183,3,966,26,26,30
1079,93,2,184,5,971,42,42,50
1080,93,2,185,3,974,22,18,30
1081,93,2,186,3,977,41,33,30
1082,93,2,187,8,985,91,91,80
1083,93,2,188,2,987,20,16,20
1084,93,2,189,6,993,56,56,60
1085,93,2,190,7,1000,66,55,70
1086,93,2,191,3,1003,39,31,30
1087,93,2,192,8,1011,88,71,80
1088,93,2,193,5,1016,67,61,50
1089,93,2,194,3,1019,29,29,30
1090,93,2,195,4,1023,34,30,40
1091,93,2,196,2,1025,28,28,20
1092,93,2,197,3,1028,34,31,30
1093,93,2,198,8,1036,84,65,80
1094,93,2,199,6,1042,79,64,60
1095,93,2,200,3,1045,46,38,30
1096,93,2,201,6,1051,67,50,60
1097,93,2,202,6,1057,72,64,60
1098,93,2,203,7,1064,74,63,70
1099,93,2,204,6,1070,60,60,60
1100,93,2,205,7,1077,73,57,70
1101,93,2,206,3,1080,50,43,30
1102,93,2,207,7,1087,73,59,70
1103,93,2,208,5,1092,63,54,50
1104,93,2,209,6,1098,61,53,60
1105,93,2,210,9,1107,95,80,90
1106,93,2,211,3,1110,39,39,30
1107,93,2,212,4,1114,45,42,40
1108,93,2,213,3,1117,33,25,30
1109,93,2,214,2,1119,23,22,20
1110,93,2,215,3,1122,36,36,30
1111,93,2,216,6,1128,55,46,60
1112,93,2,217,5,1133,74,66,50
1113,93,2,218,9,1142,108,108,90
1114,93,2,219,5,1147,51,45,50
1115,93,2,220,7,1154,88,88,70
1116,93,2,221,3,1157,23,17,30
1117,93,2,222,6,1163,65,65,60
1118,93,2,223,8,1171,72,59,80
1119,93,2,224,8,1179,111,86,80
1120,93,2,225,9,1188,105,90,90
1121,93,2,226,9,1197,108,88,90
1122,93,2,227,9,1206,106,93,90
1123,93,2,228,4,1210,52,52,40
1124,93,2,229,8,1218,82,65,80
1125,93,2,230,2,1220,39,32,20
1126,93,2,231,5,1225,52,52,50
1127,93,2,232,4,1229,41,30,40
1128,93,2,233,9,1238,79,65,90
1129,93,2,234,5,1243,62,52,50
1130,93,2,235,2,1245,24,21,20
1131,93,2,236,2,1247,18,12,20
1132,93,2,237,7,1254,80,64,70
1133,93,2,238,7,1261,86,75,70
1134,93,2,239,8,1269,88,73,80
1135,93,2,240,5,1274,62,54,50
1136,93,2,241,5,1279,65,51,50
1137,93,2,242,4,1283,52,44,40
1138,93,2,243,5,1288,53,42,50
1139,93,2,244,9,1297,96,81,90
1140,93,2,245,4,1301,56,46,40
1141,93,2,246,9,1310,99,84,90
1142,93,2,247,3,1313,41,41,30
1143,93,2,248,5,1318,44,44,50
1144,93,2,249,7,1325,73,73,70
1145,93,2,250,5,1330,59,59,50
1146,93,2,251,9,1339,90,90,90
1147,93,2,252,8,1347,79,64,80
1148,93,2,253,6,1353,83,71,60
1149,93,2,254,7,1360,73,68,70
1150,93,2,255,2,1362,22,18,20
1151,93,2,256,6,1368,50,45,60
1152,93,2,257,4,1372,40,34,40
1153,93,2,258,3,1375,30,26,30
1154,93,2,259,5,1380,65,57,50
1155,93,2,260,5,1385,48,48,50
1156,93,2,261,4,1389,32,32,40
1157,93,2,262,8,1397,68,56,80
1158,93,2,263,5,1402,55,46,50
1159,93,2,264,8,1410,81,69,80
1160,93,2,265,7,1417,73,63,70
1161,93,2,266,2,1419,30,30,20
1162,93,2,267,8,1427,61,55,80
1163,93,2,268,2,1429,24,23,20
1164,93,2,269,8,1437,68,57,80
1165,93,2,270,3,1440,41,41,30
1166,93,2,271,5,1445,56,41,50
1167,93,2,272,4,1449,58,52,40
1168,93,2,273,6,1455,49,42,60
1169,93,2,274,5,1460,53,53,50
1170,93,2,275,7,1467,75,68,70
1171,93,2,276,7,1474,78,78,70
1172,93,2,277,4,1478,37,31,40
1173,93,2,278,9,1487,92,80,90
1174,93,2,279,4,1491,62,53,40
1175,93,2,280,7,1498,91,84,70
1176,93,2,281,7,1505,77,67,70
1177,93,2,282,5,1510,55,46,50
1178,93,2,283,8,1518,99,99,80
1179,93,2,284,5,1523,43,31,50
1180,93,2,285,4,1527,54,43,40
1181,93,2,286,7,1534,90,74,70
1182,93,2,287,3,1537,47,38,30
1183,93,2,288,3,1540,27,22,30
1184,93,2,289,5,1545,51,44,50
1185,93,2,290,7,1552,68,53,70
1186,93,2,291,9,1561,107,95,90
1187,93,2,292,2,1563,33,27,20
1188,93,2,293,4,1567,51,41,40
1189,93,2,294,6,1573,64,49,60
1190,93,2,295,6,1579,73,73,60
1191,93,2,296,8,1587,67,55,80
1192,93,2,297,3,1590,48,40,30
1193,93,2,298,4,1594,39,39,40
1194,93,2,299,8,1602,79,79,80
1195,93,2,300,6,1608,41,33,60
1196,93,2,301,5,1613,69,56,50
1197,93,2,302,7,1620,78,66,70
1198,93,2,303,5,1625,70,61,50
1199,93,2,304,8,1633,93,82,80
1200,93,2,305,8,1641,74,63,80
1201,93,2,306,8,1649,86,73,80
1202,93,2,307,7,1656,77,77,70
1203,93,2,308,9,1665,83,83,90
1204,93,2,309,5,1670,52,44,50
1205,93,2,310,9,1679,110,98,90
1206,93,2,311,4,1683,49,41,40
1207,93,2,312,4,1687,48,41,40
1208,93,2,313,9,1696,98,78,90
1209,93,2,314,7,1703,87,87,70
1210,93,2,315,6,1709,54,43,60
1211,93,2,316,4,1713,50,50,40
1212,93,2,317,7,1720,75,75,70
1213,93,2,318,9,1729,81,71,90
1214,93,2,319,5,1734,68,58,50
1215,93,2,320,2,1736,24,18,20
1216,93,2,321,2,1738,25,20,20
1217,93,2,322,5,1743,60,53,50
1218,93,2,323,9,1752,98,83,90
1219,93,2,324,2,1754,36,28,20
1220,93,2,325,9,1763,101,78,90
1221,93,2,326,7,1770,80,80,70
1222,93,2,327,3,1773,36,36,30
1223,93,2,328,5,1778,51,44,50
1224,93,2,329,8,1786,91,77,80
1225,93,2,330,4,1790,55,55,40
1226,93,2,331,6,1796,42,35,60
1227,93,2,332,7,1803,68,59,70
1228,93,2,333,9,1812,109,109,90
1229,93,2,334,3,1815,34,28,30
1230,93,2,335,3,1818,32,32,30
1231,93,2,336,3,1821,34,30,30
1232,93,2,337,8,1829,69,62,80
1233,93,2,338,3,1832,37,37,30
1234,93,2,339,4,1836,34,30,40
1235,93,2,340,7,1843,81,81,70
1236,93,2,341,8,1851,88,69,80
1237,93,2,342,4,1855,53,45,40
1238,93,2,343,2,1857,25,21,20
1239,93,2,344,5,1862,54,49,50
1240,93,2,345,3,1865,26,26,30
1241,93,2,346,2,1867,20,17,20
1242,93,2,347,5,1872,47,47,50
1243,93,2,348,2,1874,14,14,20
1244,93,2,349,6,1880,51,51,60
1245,93,2,350,5,1885,43,37,50
1246,93,2,351,5,1890,59,53,50
1247,93,2,352,9,1899,82,82,90
1248,93,2,353,9,1908,89,77,90
1249,93,2,354,3,1911,44,37,30
1250,93,2,355,9,1920,87,87,90
1251,93,2,356,4,1924,36,32,40
1252,93,2,357,3,1927,34,28,30
1253,93,2,358,4,1931,48,48,40
1254,93,2,359,9,1940,87,76,90
1255,93,2,360,6,1946,76,63,60
1256,93,2,361,9,1955,92,92,90
1257,93,2,362,6,1961,53,44,60
1258,93,2,363,7,1968,71,56,70
1259,93,2,364,9,1977,118,106,90
1260,93,2,365,4,1981,47,39,40
1261,93,2,366,9,1990,97,97,90
1262,93,2,367,3,1993,21,19,30
1263,93,2,368,3,1996,33,29,30
1264,93,2,369,3,1999,26,22,30
1265,93,2,370,5,2004,57,49,50
1266,93,2,371,3,2007,36,25,30
1267,93,2,372,9,2016,112,99,90
1268,93,2,373,8,2024,101,80,80
1269,93,2,374,5,2029,70,70,50
1270,93,2,375,6,2035,55,55,60
1271,93,2,376,2,2037,37,28,20
1272,93,2,377,7,2044,77,77,70
1273,93,2,378,3,2047,29,21,30
1274,93,2,379,7,2054,85,69,70
1275,93,2,380,2,2056,34,34,20
1276,93,2,381,9,2065,85,68,90
1277,93,2,382,3,2068,49,41,30
1278,93,2,383,9,2077,101,91,90
1279,93,2,384,6,2083,62,52,60
1280,93,2,385,4,2087,54,41,40
1281,93,2,386,6,2093,75,75,60
1282,93,2,387,7,2100,78,58,70
1283,93,2,388,9,2109,110,110,90
1284,93,2,389,2,2111,15,11,20
1285,93,2,390,4,2115,51,51,40
1286,93,2,391,3,2118,33,26,30
1287,93,2,392,8,2126,73,66,80
1288,93,2,393,6,2132,68,68,60
1289,93,2,394,9,2141,83,71,90
1290,93,2,395,6,2147,80,65,60
1291,93,2,396,7,2154,95,76,70
1292,93,2,397,5,2159,65,57,50
1293,93,2,398,4,2163,41,33,40
1294,93,2,399,5,2168,56,47,50
1295,93,2,400,5,2173,61,61,50
1296,93,2,401,9,2182,78,62,90
1297,93,2,402,7,2189,77,77,70
1298,93,2,403,4,2193,29,23,40
1299,93,2,404,2,2195,32,32,20
1300,93,2,405,9,2204,85,72,90
1301,93,2,406,4,2208,52,43,40
1302,93,2,407,3,2211,44,33,30
1303,93,2,408,5,2216,69,58,50
1304,93,2,409,6,2222,69,69,60
1305,93,2,410,8,2230,94,81,80
1306,93,2,411,5,2235,58,50,50
1307,93,2,412,5,2240,68,57,50
1308,93,2,413,4,2244,58,44,40
1309,93,2,414,7,2251,87,73,70
1310,93,2,415,2,2253,32,27,20
1311,93,2,416,2,2255,32,27,20
1312,93,2,417,8,2263,98,81,80
1313,93,2,418,6,2269,64,64,60
1314,93,2,419,3,2272,33,33,30
1315,93,2,420,7,2279,59,47,70
1316,93,2,421,6,2285,82,82,60
1317,93,2,422,9,2294,75,75,90
1318,93,2,423,5,2299,47,41,50
1319,93,2,424,3,2302,26,22,30
1320,93,2,425,3,2305,24,24,30
1321,93,2,426,2,2307,15,13,20
1322,93,2,427,3,2310,26,26,30
1323,93,2,428,2,2312,24,18,20
1324,93,2,429,8,2320,90,72,80
1325,93,2,430,8,2328,101,85,80
1326,93,2,431,2,2330,37,26,20
1327,93,2,432,7,2337,84,68,70
1328,93,2,433,8,2345,94,78,80
1329,93,2,434,9,2354,96,83,90
1330,93,2,435,3,2357,41,32,30
1331,93,2,436,7,2364,74,65,70
1332,93,2,437,6,2370,76,62,60
1333,93,2,438,9,2379,107,88,90
1334,93,2,439,5,2384,74,54,50
1335,93,2,440,4,2388,60,52,40
1336,93,2,441,5,2393,48,48,50
1337,93,2,442,7,2400,66,56,70
1338,93,2,443,2,2402,32,32,20
1339,93,2,444,5,2407,41,34,50
1340,93,2,445,9,2416,88,88,90
1341,93,2,446,4,2420,45,35,40
1342,93,2,447,4,2424,42,31,40
1343,93,2,448,9,2433,112,92,90
1344,93,2,449,5,2438,64,57,50
1345,93,2,450,7,2445,79,64,70
1346,93,2,451,6,2451,77,59,60
1347,93,2,452,6,2457,73,63,60
1348,93,2,453,4,2461,46,40,40
1349,93,2,454,5,2466,60,52,50
1350,93,2,455,9,2475,90,90,90
1351,93,2,456,8,2483,74,74,80
1352,93,2,457,6,2489,66,56,60
1353,93,2,458,7,2496,69,69,70
1354,93,2,459,8,2504,86,71,80
1355,93,2,460,4,2508,42,33,40
1356,93,2,461,5,2513,64,56,50
1357,93,2,462,3,2516,35,25,30
1358,93,2,463,8,2524,99,81,80
1359,93,2,464,5,2529,64,55,50
1360,93,2,465,4,2533,38,33,40
1361,93,2,466,4,2537,43,38,40
1362,93,2,467,2,2539,26,26,20
1363,93,2,468,4,2543,40,40,40
1364,93,2,469,5,2548,57,50,50
1365,93,2,470,6,2554,78,57,60
1366,93,2,471,7,2561,92,76,70
1367,93,2,472,2,2563,22,16,20
1368,93,2,473,2,2565,26,20,20
1369,93,2,474,9,2574,102,102,90
1370,93,2,475,2,2576,13,13,20
1371,93,2,476,8,2584,82,69,80
1372,93,2,477,2,2586,32,25,20
1373,93,2,478,6,2592,79,69,60
1374,93,2,479,5,2597,67,52,50
1375,93,2,480,5,2602,72,58,50
1376,93,2,481,8,2610,93,79,80
1377,93,2,482,2,2612,32,23,20
1378,93,2,483,3,2615,45,36,30
1379,93,2,484,3,2618,34,34,30
1380,93,2,485,8,2626,72,72,80
1381,93,2,486,7,2633,78,68,70
1382,93,2,487,5,2638,64,51,50
1383,93,2,488,8,2646,111,95,80
1384,93,2,489,8,2654,91,78,80
1385,93,2,490,2,2656,33,33,20
1386,93,2,491,6,2662,54,47,60
1387,93,2,492,3,2665,35,30,30
1388,93,2,493,7,2672,65,49,70
1389,93,2,494,8,2680,97,85,80
1390,93,2,495,3,2683,37,37,30
1391,93,2,496,8,2691,80,64,80
1392,93,2,497,9,2700,95,78,90
1393,93,2,498,9,2709,105,91,90
1394,93,2,499,5,2714,68,68,50
1395,93,2,500,4,2718,45,45,40
1396,93,2,501,6,2724,59,54,60
1397,93,2,502,3,2727,36,30,30
1398,93,2,503,4,2731,53,53,40
1399,93,2,504,2,2733,28,28,20
1400,93,2,505,9,2742,109,89,90
1401,93,2,506,7,2749,87,73,70
1402,93,2,507,4,2753,61,61,40
1403,93,2,508,8,2761,85,85,80
1404,93,2,509,3,2764,30,23,30
1405,93,2,510,8,2772,76,60,80
1406,93,2,511,8,2780,115,103,80
1407,93,2,512,7,2787,76,76,70
1408,93,2,513,9,2796,82,71,90
1409,93,2,514,9,2805,103,86,90
1410,93,2,515,2,2807,45,34,20
1411,93,2,516,7,2814,82,82,70
1412,93,2,517,9,2823,93,93,90
1413,93,2,518,3,2826,39,31,30
1414,93,2,519,3,2829,50,40,30
1415,93,2,520,6,2835,69,52,60
1416,93,2,521,7,2842,82,68,70
1417,93,2,522,2,2844,28,23,20
1418,93,2,523,5,2849,62,62,50
1419,93,2,524,7,2856,80,80,70
1420,93,2,525,7,2863,71,71,70
1421,93,2,526,4,2867,37,27,40
1422,93,2,527,6,2873,64,56,60
1423,93,2,528,8,2881,102,91,80
1424,93,2,529,8,2889,99,82,80
1425,93,2,530,3,2892,35,35,30
1426,93,2,531,4,2896,35,29,40
1427,93,2,532,5,2901,47,47,50
1428,93,2,533,6,2907,70,60,60
1429,93,2,534,3,2910,45,36,30
1430,93,2,535,5,2915,57,57,50
1431,93,2,536,5,2920,41,39,50
1432,93,2,537,5,2925,46,46,50
1433,93,2,538,9,2934,88,88,90
1434,93,2,539,5,2939,51,46,50
1435,93,2,540,3,2942,36,30,30
1436,93,2,541,5,2947,61,51,50
1437,93,2,542,3,2950,37,37,30
1438,93,2,543,4,2954,40,31,40
1439,93,2,544,8,2962,79,79,80
1440,93,2,545,5,2967,63,51,50
1441,93,2,546,5,2972,57,48,50
1442,93,2,547,6,2978,79,65,60
1443,93,2,548,7,2985,102,85,70
1444,93,2,549,5,2990,74,63,50
1445,93,2,550,7,2997,89,76,70
1446,93,2,551,5,3002,68,59,50
1447,93,2,552,7,3009,66,66,70
1448,93,2,553,2,3011,22,16,20
1449,93,2,554,8,3019,79,79,80
1450,93,2,555,2,3021,22,15,20
1451,93,2,556,5,3026,47,41,50
1452,93,2,557,2,3028,30,26,20
1453,93,2,558,5,3033,44,39,50
1454,93,2,559,5,3038,67,54,50
1455,93,2,560,8,3046,92,82,80
1456,93,2,561,4,3050,49,42,40
1457,93,2,562,8,3058,85,70,80
1458,93,2,563,4,3062,53,48,40
1459,93,2,564,5,3067,64,52,50
1460,93,2,565,3,3070,38,29,30
1461,93,2,566,2,3072,25,21,20
1462,93,2,567,4,3076,34,30,40
1463,93,2,568,4,3080,46,42,40
1464,93,2,569,5,3085,45,40,50
1465,93,2,570,4,3089,42,36,40
1466,93,2,571,2,3091,24,24,20
1467,93,2,572,6,3097,64,52,60
1468,93,2,573,3,3100,48,48,30
1469,93,2,574,8,3108,83,72,80
1470,93,2,575,8,3116,101,101,80
1471,93,2,576,4,3120,42,37,40
1472,93,2,577,2,3122,28,28,20
1473,93,2,578,3,3125,26,21,30
1474,93,2,579,9,3134,108,89,90
1475,93,2,580,6,3140,92,75,60
1476,93,2,581,6,3146,79,66,60
1477,93,2,582,4,3150,41,29,40
1478,93,2,583,8,3158,100,86,80
1479,93,2,584,2,3160,33,31,20
1480,93,2,585,7,3167,80,63,70
1481,93,2,586,4,3171,65,65,40
1482,93,2,587,7,3178,61,50,70
1483,93,2,588,6,3184,58,58,60
1484,93,2,589,9,3193,95,80,90
1485,93,2,590,8,3201,95,79,80
1486,93,2,591,2,3203,35,27,20
1487,93,2,592,6,3209,64,57,60
1488,93,2,593,4,3213,44,39,40
1489,93,2,594,6,3219,68,68,60
1490,93,2,595,9,3228,79,66,90
1491,93,2,596,5,3233,60,42,50
1492,93,2,597,3,3236,52,52,30
1493,93,2,598,2,3238,22,22,20
1494,93,2,599,8,3246,82,66,80
1495,93,2,600,4,3250,57,45,40
1496,93,2,601,9,3259,104,104,90
1497,93,2,602,9,3268,93,93,90
1498,93,2,603,9,3277,93,93,90
1499,93,2,604,4,3281,52,47,40
1500,93,2,605,3,3284,43,43,30
1501,93,2,606,9,3293,99,84,90
1502,93,2,607,2,3295,40,31,20
1503,93,2,608,2,3297,30,23,20
1504,93,2,609,2,3299,27,22,20
1505,93,2,610,4,3303,56,56,40
1506,93,2,611,4,3307,37,28,40
1507,93,2,612,4,3311,43,41,40
1508,93,2,613,6,3317,62,62,60
1509,93,2,614,4,3321,37,31,40
1510,93,2,615,7,3328,64,57,70
1511,93,2,616,2,3330,21,18,20
1512,93,2,617,2,3332,26,20,20
1513,93,2,618,3,3335,37,32,30
1514,93,2,619,6,3341,54,48,60
1515,93,2,620,4,3345,56,56,40
1516,93,2,621,7,3352,74,58,70
1517,93,2,622,8,3360,108,108,80
1518,93,2,623,7,3367,66,57,70
1519,93,2,624,2,3369,28,28,20
1520,93,2,625,7,3376,62,48,70
1521,93,2,626,8,3384,93,77,80
1522,93,2,627,3,3387,43,37,30
1523,93,2,628,6,3393,58,46,60
1524,93,2,629,2,3395,28,26,20
1525,93,2,630,5,3400,59,49,50
1526,93,2,631,2,3402,27,27,20
1527,93,2,632,3,3405,31,27,30
1528,93,2,633,6,3411,62,52,60
1529,93,2,634,8,3419,93,78,80
1530,93,2,635,5,3424,65,52,50
1531,93,2,636,8,3432,100,83,80
1532,93,2,637,2,3434,43,39,20
1533,93,2,638,6,3440,58,58,60
1534,93,2,639,3,3443,30,30,30
1535,93,2,640,6,3449,59,47,60
1536,93,2,641,9,3458,107,91,90
1537,93,2,642,3,3461,50,50,30
1538,93,2,643,4,3465,40,40,40
1539,93,2,644,5,3470,52,52,50
1540,93,2,645,7,3477,88,69,70
1541,93,2,646,2,3479,37,35,20
1542,93,2,647,7,3486,69,69,70
1543,93,2,648,2,3488,27,20,20
1544,93,2,649,5,3493,62,50,50
1545,93,2,650,3,3496,39,39,30
1546,93,2,651,2,3498,22,22,20
1547,93,2,652,3,3501,31,28,30
1548,93,2,653,7,3508,57,49,70
1549,93,2,654,4,3512,49,45,40
1550,93,2,655,4,3516,36,36,40
1551,93,2,656,3,3519,30,25,30
1552,93,2,657,6,3525,64,54,60
1553,93,2,658,5,3530,66,53,50
1554,93,2,659,3,3533,43,43,30
1555,93,2,660,7,3540,66,56,70
1556,93,2,661,3,3543,39,30,30
1557,93,2,662,3,3546,39,31,30
1558,93,2,663,2,3548,34,28,20
1559,93,2,664,9,3557,88,74,90
1560,93,2,665,2,3559,30,23,20
1561,93,2,666,4,3563,43,43,40
1562,93,2,667,9,3572,84,84,90
1563,93,2,668,6,3578,58,48,60
1564,93,2,669,9,3587,104,92,90
1565,93,2,670,5,3592,68,57,50
1566,93,2,671,6,3598,70,56,60
1567,93,2,672,7,3605,90,90,70
1568,93,2,673,2,3607,22,22,20
1569,93,2,674,9,3616,80,64,90
1570,93,2,675,9,3625,98,86,90
1571,93,2,676,4,3629,54,46,40
1572,93,2,677,3,3632,44,37,30
1573,93,2,678,8,3640,105,82,80
1574,93,2,679,7,3647,97,86,70
1575,93,2,680,2,3649,33,23,20
1576,93,2,681,8,3657,98,98,80
1577,93,2,682,8,3665,92,92,80
1578,93,2,683,5,3670,63,49,50
1579,93,2,684,2,3672,37,29,20
1580,93,2,685,9,3681,102,85,90
1581,93,2,686,6,3687,75,63,60
1582,93,2,687,9,3696,115,115,90
1583,93,2,688,8,3704,81,68,80
1584,93,2,689,9,3713,99,81,90
1585,93,2,690,3,3716,40,32,30
1586,93,2,691,5,3721,62,62,50
1587,93,2,692,7,3728,73,73,70
1588,93,2,693,8,3736,68,68,80
1589,93,2,694,4,3740,44,38,40
1590,93,2,695,8,3748,73,61,80
1591,93,2,696,9,3757,97,80,90
1592,93,2,697,4,3761,54,49,40
1593,93,2,698,4,3765,42,35,40
1594,93,2,699,3,3768,38,27,30
1595,93,2,700,4,3772,44,44,40
1596,93,2,701,6,3778,52,45,60
1597,93,2,702,7,3785,91,91,70
1598,93,2,703,7,3792,69,63,70
1599,93,2,704,8,3800,83,70,80
1600,93,2,705,4,3804,52,52,40
1601,93,2,706,4,3808,41,41,40
1602,93,2,707,2,3810,22,19,20
1603,93,2,708,2,3812,19,16,20
1604,93,2,709,6,3818,53,47,60
1605,93,2,710,9,3827,88,75,90
1606,93,2,711,7,3834,86,71,70
1607,93,2,712,8,3842,91,74,80
1608,93,2,713,2,3844,40,31,20
1609,93,2,714,7,3851,73,73,70
1610,93,2,715,5,3856,51,51,50
1611,93,2,716,5,3861,50,50,50
1612,93,2,717,7,3868,67,56,70
1613,93,2,718,2,3870,30,30,20
1614,93,2,719,5,3875,49,49,50
1615,93,2,720,3,3878,31,28,30
1616,93,2,721,3,3881,32,32,30
1617,93,2,722,4,3885,43,38,40
1618,93,2,723,4,3889,39,34,40
1619,93,2,724,2,3891,19,16,20
1620,93,2,725,3,3894,37,32,30
1621,93,2,726,4,3898,51,41,40
1622,93,2,727,2,3900,23,19,20
1623,93,2,728,7,3907,77,77,70
1624,93,2,729,2,3909,18,12,20
1625,93,2,730,2,3911,29,25,20
1626,93,2,731,6,3917,55,55,60
1627,93,2,732,2,3919,19,15,20
1628,93,2,733,3,3922,37,29,30
1629,93,2,734,4,3926,56,49,40
1630,93,2,735,6,3932,73,73,60
1631,93,2,736,3,3935,29,26,30
1632,93,2,737,8,3943,71,60,80
1633,93,2,738,4,3947,57,57,40
1634,93,2,739,4,3951,45,45,40
1635,93,2,740,2,3953,16,16,20
1636,93,2,741,4,3957,43,43,40
1637,93,2,742,5,3962,55,42,50
1638,93,2,743,3,3965,39,30,30
1639,93,2,744,2,3967,31,31,20
1640,93,2,745,2,3969,22,22,20
1641,93,2,746,7,3976,64,55,70
1642,93,2,747,3,3979,31,28,30
1643,93,2,748,4,3983,52,52,40
1644,93,2,749,7,3990,67,54,70
1645,93,2,750,8,3998,88,88,80
1646,93,2,751,8,4006,72,62,80
1647,93,2,752,3,4009,41,41,30
1648,93,2,753,3,4012,26,18,30
1649,93,2,754,9,4021,97,70,90
1650,93,2,755,7,4028,112,96,70
1651,93,2,756,5,4033,84,74,50
1652,93,2,757,2,4035,24,21,20
1653,93,2,758,2,4037,25,22,20
1654,93,2,759,7,4044,68,57,70
1655,93,2,760,8,4052,90,76,80
1656,93,2,761,2,4054,38,31,20
1657,93,2,762,6,4060,65,55,60
1658,93,2,763,6,4066,74,63,60
1659,93,2,764,9,4075,105,86,90
1660,93,2,765,5,4080,82,69,50
1661,93,2,766,5,4085,58,48,50
1662,93,2,767,4,4089,46,46,40
1663,93,2,768,6,4095,48,39,60
1664,93,2,769,6,4101,63,55,60
1665,93,2,770,2,4103,25,22,20
1666,93,2,771,6,4109,54,49,60
1667,93,2,772,2,4111,30,25,20
1668,93,2,773,6,4117,65,56,60
1669,93,2,774,6,4123,80,65,60
1670,93,2,775,8,4131,106,94,80
1671,93,2,776,6,4137,72,62,60
1672,93,2,777,9,4146,116,98,90
1673,93,2,778,5,4151,77,72,50
1674,93,2,779,5,4156,58,58,50
1675,93,2,780,5,4161,52,45,50
1676,93,2,781,6,4167,71,71,60
1677,93,2,782,9,4176,79,69,90
1678,93,2,783,7,4183,78,67,70
1679,93,2,784,6,4189,74,62,60
1680,93,2,785,6,4195,70,62,60
1681,93,2,786,5,4200,59,59,50
1682,93,2,787,2,4202,19,18,20
1683,93,2,788,6,4208,78,66,60
1684,93,2,789,5,4213,59,50,50
1685,93,2,790,5,4218,68,61,50
1686,93,2,791,2,4220,23,17,20
1687,93,2,792,3,4223,41,36,30
1688,93,2,793,6,4229,63,54,60
1689,93,2,794,2,4231,33,33,20
1690,93,2,795,8,4239,70,62,80
1691,93,2,796,5,4244,61,50,50
1692,93,2,797,3,4247,35,29,30
1693,93,2,798,6,4253,46,46,60
1694,93,2,799,3,4256,35,27,30
1695,93,2,800,5,4261,45,35,50
1696,93,2,801,2,4263,40,40,20
1697,93,2,802,2,4265,19,16,20
1698,93,2,803,2,4267,18,12,20
1699,93,2,804,6,4273,66,60,60
1700,93,2,805,2,4275,28,23,20
1701,93,2,806,4,4279,48,40,40
1702,93,2,807,8,4287,78,62,80
1703,93,2,808,4,4291,64,64,40
1704,93,2,809,4,4295,46,36,40
1705,93,2,810,6,4301,72,66,60
1706,93,2,811,4,4305,38,33,40
1707,93,2,812,9,4314,74,74,90
1708,93,2,813,7,4321,65,54,70
1709,93,2,814,2,4323,39,31,20
1710,93,2,815,8,4331,89,71,80
1711,93,2,816,4,4335,49,40,40
1712,93,2,817,5,4340,59,46,50
1713,93,2,818,9,4349,102,84,90
1714,93,2,819,6,4355,71,71,60
1715,93,2,820,5,4360,51,44,50
1716,93,2,821,3,4363,39,32,30
1717,93,2,822,4,4367,44,38,40
1718,93,2,823,9,4376,105,91,90
1719,93,2,824,9,4385,112,89,90
1720,93,2,825,3,4388,56,49,30
1721,93,2,826,6,4394,56,44,60
1722,93,2,827,9,4403,85,73,90
1723,93,2,828,5,4408,65,53,50
1724,93,2,829,2,4410,41,34,20
1725,93,2,830,3,4413,36,36,30
1726,93,2,831,8,4421,96,78,80
1727,93,2,832,3,4424,43,35,30
1728,93,2,833,8,4432,83,83,80
1729,93,2,834,7,4439,58,46,70
1730,93,2,835,8,4447,79,79,80
1731,93,2,836,2,4449,16,12,20
1732,93,2,837,3,4452,42,42,30
1733,93,2,838,4,4456,32,32,40
1734,93,2,839,4,4460,46,46,40
1735,93,2,840,2,4462,22,18,20
1736,93,2,841,2,4464,23,23,20
1737,93,2,842,2,4466,17,14,20
1738,93,2,843,5,4471,49,39,50
1739,93,2,844,2,4473,33,25,20
1740,93,2,845,7,4480,75,58,70
1741,93,2,846,4,4484,68,53,40
1742,93,2,847,3,4487,40,31,30
1743,93,2,848,2,4489,34,34,20
1744,93,2,849,9,4498,100,88,90
1745,93,2,850,3,4501,41,33,30
1746,93,2,851,8,4509,95,77,80
1747,93,2,852,2,4511,42,36,20
1748,93,2,853,8,4519,86,75,80
1749,93,2,854,7,4526,85,85,70
1750,93,2,855,4,4530,35,35,40
1751,93,2,856,2,4532,24,14,20
1752,93,2,857,4,4536,52,41,40
1753,93,2,858,6,4542,65,65,60
1754,93,2,859,5,4547,53,47,50
1755,93,2,860,5,4552,63,63,50
1756,93,2,861,2,4554,10,9,20
1757,93,2,862,4,4558,45,40,40
1758,93,2,863,2,4560,27,21,20
1759,93,2,864,8,4568,80,80,80
1760,93,2,865,9,4577,96,96,90
1761,93,2,866,6,4583,68,53,60
1762,93,2,867,3,4586,49,39,30
1763,93,2,868,9,4595,95,77,90
1764,93,2,869,3,4598,51,51,30
1765,93,2,870,4,4602,44,37,40
1766,93,2,871,7,4609,59,45,70
1767,93,2,872,5,4614,71,61,50
1768,93,2,873,7,4621,78,68,70
1769,93,2,874,2,4623,33,27,20
1770,93,2,875,7,4630,80,67,70
1771,93,2,876,9,4639,97,81,90
1772,93,2,877,5,4644,63,51,50
1773,93,2,878,2,4646,31,25,20
1774,93,2,879,4,4650,44,39,40
1775,93,2,880,5,4655,61,51,50
1776,93,2,881,9,4664,107,91,90
1777,93,2,882,6,4670,89,75,60
1778,93,2,883,3,4673,43,43,30
1779,93,2,884,8,4681,66,51,80
1780,93,2,885,2,4683,32,28,20
1781,93,2,886,6,4689,66,56,60
1782,93,2,887,8,4697,88,70,80
1783,93,2,888,5,4702,81,69,50
1784,93,2,889,4,4706,57,57,40
1785,93,2,890,7,4713,73,63,70
1786,93,2,891,8,4721,77,65,80
1787,93,2,892,2,4723,33,30,20
1788,93,2,893,2,4725,22,22,20
1789,93,2,894,3,4728,30,30,30
1790,93,2,895,4,4732,41,41,40
1791,93,2,896,7,4739,63,63,70
1792,93,2,897,3,4742,29,25,30
1793,93,2,898,8,4750,93,71,80
1794,93,2,899,9,4759,98,76,90
1795,93,2,900,3,4762,52,43,30
1796,93,2,901,9,4771,108,108,90
1797,93,2,902,4,4775,37,37,40
1798,93,2,903,4,4779,34,26,40
1799,93,2,904,2,4781,22,22,20
1800,93,2,905,5,4786,47,43,50
1801,93,2,906,3,4789,38,30,30
1802,93,2,907,3,4792,35,27,30
1803,93,2,908,7,4799,73,61,70
1804,93,2,909,5,4804,66,55,50
1805,93,2,910,4,4808,47,42,40
1806,93,2,911,2,4810,27,25,20
1807,93,2,912,2,4812,22,19,20
1808,93,2,913,3,4815,44,44,30
1809,93,2,914,4,4819,45,40,40
1810,93,2,915,4,4823,37,35,40
1811,93,2,916,5,4828,44,44,50
1812,93,2,917,5,4833,46,44,50
1813,93,2,918,4,4837,36,31,40
1814,93,2,919,4,4841,44,36,40
1815,93,2,920,6,4847,67,59,60
1816,93,2,921,7,4854,84,71,70
1817,93,2,922,5,4859,80,80,50
1818,93,2,923,8,4867,74,63,80
1819,93,2,924,3,4870,44,34,30
1820,93,2,925,9,4879,104,89,90
1821,93,2,926,3,4882,47,47,30
1822,93,2,927,6,4888,64,51,60
1823,93,2,928,4,4892,63,63,40
1824,93,2,929,3,4895,21,21,30
1825,93,2,930,5,4900,59,46,50
1826,93,2,931,9,4909,113,92,90
1827,93,2,932,7,4916,94,81,70
1828,93,2,933,5,4921,63,51,50
1829,93,2,934,4,4925,55,44,40
1830,93,2,935,5,4930,49,42,50
1831,93,2,936,4,4934,62,55,40
1832,93,2,937,6,4940,82,82,60
1833,93,2,938,2,4942,23,18,20
1834,93,2,939,8,4950,83,66,80
1835,93,2,940,5,4955,68,56,50
1836,93,2,941,9,4964,98,98,90
1837,93,2,942,7,4971,66,53,70
1838,93,2,943,5,4976,48,40,50
1839,93,2,944,5,4981,52,43,50
1840,93,2,945,8,4989,95,78,80
1841,93,2,946,7,4996,74,61,70
1842,93,2,947,2,4998,37,25,20
1843,93,3,1,6,6,49,49,60
1844,93,3,2,6,12,57,48,60
1845,93,3,3,9,21,90,78,90
1846,93,3,4,3,24,36,36,30
1847,93,3,5,6,30,55,49,60
1848,93,3,6,4,34,50,50,40
1849,93,3,7,5,39,51,44,50
1850,93,3,8,8,47,77,62,80
1851,93,3,9,6,53,75,75,60
1852,93,3,10,6,59,63,56,60
1853,93,3,11,2,61,36,32,20
1854,93,3,12,4,65,50,41,40
1855,93,3,13,3,68,43,43,30
1856,93,3,14,8,76,72,58,80
1857,93,3,15,5,81,64,54,50
1858,93,3,16,7,88,75,61,70
1859,93,3,17,4,92,50,42,40
1860,93,3,18,7,99,70,70,70
1861,93,3,19,8,107,93,77,80
1862,93,3,20,9,116,101,80,90
1863,93,3,21,3,119,46,35,30
1864,93,3,22,9,128,77,77,90
1865,93,3,23,3,131,28,23,30
1866,93,3,24,7,138,82,68,70
1867,93,3,25,8,146,101,91,80
1868,93,3,26,9,155,114,114,90
1869,93,3,27,5,160,43,37,50
1870,93,3,28,8,168,106,83,80
1871,93,3,29,2,170,41,37,20
1872,93,3,30,3,173,33,33,30
1873,93,3,31,6,179,60,60,60
1874,93,3,32,2,181,27,27,20
1875,93,3,33,5,186,39,36,50
1876,93,3,34,9,195,96,80,90
1877,93,3,35,3,198,41,38,30
1878,93,3,36,5,203,55,55,50
1879,93,3,37,4,207,42,42,40
1880,93,3,38,8,215,79,71,80
1881,93,3,39,9,224,95,73,90
1882,93,3,40,3,227,54,49,30
1883,93,3,41,8,235,100,84,80
1884,93,3,42,3,238,54,54,30
1885,93,3,43,3,241,34,34,30
1886,93,3,44,7,248,68,56,70
1887,93,3,45,4,252,60,49,40
1888,93,3,46,3,255,45,42,30
1889,93,3,47,3,258,31,23,30
1890,93,3,48,2,260,29,22,20
1891,93,3,49,5,265,58,49,50
1892,93,3,50,2,267,27,23,20
1893,93,3,51,2,269,20,20,20
1894,93,3,52,4,273,35,32,40
1895,93,3,53,5,278,54,47,50
1896,93,3,54,7,285,59,48,70
1897,93,3,55,4,289,62,62,40
1898,93,3,56,8,297,81,68,80
1899,93,3,57,3,300,42,36,30
1900,93,3,58,2,302,33,24,20
1901,93,3,59,2,304,36,28,20
1902,93,3,60,4,308,42,42,40
1903,93,3,61,9,317,98,98,90
1904,93,3,62,2,319,22,17,20
1905,93,3,63,5,324,58,51,50
1906,93,3,64,4,328,44,37,40
1907,93,3,65,6,334,73,62,60
1908,93,3,66,3,337,34,27,30
1909,93,3,67,9,346,102,102,90
1910,93,3,68,2,348,30,25,20
1911,93,3,69,5,353,70,70,50
1912,93,3,70,7,360,75,75,70
1913,93,3,71,8,368,69,58,80
1914,93,3,72,7,375,89,67,70
1915,93,3,73,6,381,79,66,60
1916,93,3,74,9,390,112,93,90
1917,93,3,75,9,399,102,102,90
1918,93,3,76,2,401,15,13,20
1919,93,3,77,5,406,50,50,50
1920,93,3,78,7,413,75,75,70
1921,93,3,79,9,422,92,80,90
1922,93,3,80,2,424,29,25,20
1923,93,3,81,7,431,56,47,70
1924,93,3,82,2,433,41,41,20
1925,93,3,83,5,438,46,42,50
1926,93,3,84,4,442,41,37,40
1927,93,3,85,6,448,59,46,60
1928,93,3,86,5,453,61,50,50
1929,93,3,87,8,461,96,75,80
1930,93,3,88,9,470,103,86,90
1931,93,3,89,4,474,65,65,40
1932,93,3,90,2,476,22,22,20
1933,93,3,91,3,479,28,23,30
1934,93,3,92,4,483,44,36,40
1935,93,3,93,2,485,27,21,20
1936,93,3,94,5,490,56,50,50
1937,93,3,95,6,496,51,51,60
1938,93,3,96,3,499,29,24,30
1939,93,3,97,2,501,23,21,20
1940,93,3,98,7,508,68,58,70
1941,93,3,99,4,512,49,49,40
1942,93,3,100,3,515,24,20,30
1943,93,3,101,7,522,73,61,70
1944,93,3,102,3,525,47,41,30
1945,93,3,103,6,531,68,58,60
1946,93,3,104,3,534,34,25,30
1947,93,3,105,8,542,93,81,80
1948,93,3,106,6,548,63,54,60
1949,93,3,107,2,550,27,21,20
1950,93,3,108,2,552,24,19,20
1951,93,3,109,6,558,63,63,60
1952,93,3,110,4,562,32,26,40
1953,93,3,111,3,565,26,20,30
1954,93,3,112,7,572,82,82,70
1955,93,3,113,4,576,42,36,40
1956,93,3,114,5,581,54,54,50
1957,93,3,115,9,590,87,71,90
1958,93,3,116,9,599,98,86,90
1959,93,3,117,7,606,84,71,70
1960,93,3,118,6,612,72,60,60
1961,93,3,119,7,619,82,69,70
1962,93,3,120,6,625,76,76,60
1963,93,3,121,2,627,11,11,20
1964,93,3,122,5,632,37,29,50
1965,93,3,123,6,638,89,79,60
1966,93,3,124,9,647,99,84,90
1967,93,3,125,3,650,39,31,30
1968,93,3,126,8,658,98,84,80
1969,93,3,127,3,661,40,40,30
1970,93,3,128,8,669,80,71,80
1971,93,3,129,6,675,68,58,60
1972,93,3,130,9,684,109,94,90
1973,93,3,131,9,693,105,93,90
1974,93,3,132,8,701,105,105,80
1975,93,3,133,9,710,95,82,90
1976,93,3,134,8,718,91,85,80
1977,93,3,135,3,721,37,30,30
1978,93,3,136,4,725,47,39,40
1979,93,3,137,4,729,39,39,40
1980,93,3,138,9,738,95,95,90
1981,93,3,139,8,746,76,63,80
1982,93,3,140,8,754,84,73,80
1983,93,3,141,6,760,72,72,60
1984,93,3,142,5,765,41,41,50
1985,93,3,143,6,771,59,50,60
1986,93,3,144,7,778,81,71,70
1987,93,3,145,3,781,38,30,30
1988,93,3,146,2,783,21,18,20
1989,93,3,147,9,792,86,65,90
1990,93,3,148,3,795,49,49,30
1991,93,3,149,2,797,15,14,20
1992,93,3,150,7,804,85,68,70
1993,93,3,151,2,806,39,35,20
1994,93,3,152,3,809,24,24,30
1995,93,3,153,4,813,49,38,40
1996,93,3,154,7,820,73,60,70
1997,93,3,155,2,822,39,31,20
1998,93,3,156,3,825,31,27,30
1999,93,3,157,8,833,85,74,80
2000,93,3,158,6,839,48,42,60
2001,93,3,159,2,841,27,26,20
2002,93,3,160,2,843,13,11,20
2003,93,3,161,7,850,79,79,70
2004,93,3,162,5,855,50,40,50
2005,93,3,163,7,862,87,71,70
2006,93,3,164,9,871,97,83,90
2007,93,3,165,2,873,27,20,20
2008,93,3,166,3,876,32,22,30
2009,93,3,167,9,885,110,92,90
2010,93,3,168,5,890,73,73,50
2011,93,3,169,4,894,44,37,40
2012,93,3,170,7,901,92,78,70
2013,93,3,171,9,910,103,91,90
2014,93,3,172,7,917,89,77,70
2015,93,3,173,7,924,88,71,70
2016,93,3,174,6,930,76,61,60
2017,93,3,175,4,934,56,56,40
2018,93,3,176,6,940,66,55,60
2019,93,3,177,8,948,85,71,80
2020,93,3,178,5,953,65,65,50
2021,93,3,179,5,958,43,43,50
2022,93,3,180,2,960,16,12,20
2023,93,3,181,3,963,38,32,30
2024,93,3,182,7,970,74,65,70
2025,93,3,183,9,979,108,95,90
2026,93,3,184,4,983,60,51,40
2027,93,3,185,4,987,60,51,40
2028,93,3,186,3,990,34,29,30
2029,93,3,187,9,999,110,96,90
2030,93,3,188,4,1003,52,42,40
2031,93,3,189,4,1007,44,39,40
2032,93,3,190,5,1012,52,52,50
2033,93,3,191,4,1016,40,36,40
2034,93,3,192,8,1024,104,87,80
2035,93,3,193,9,1033,93,78,90
2036,93,3,194,8,1041,87,70,80
2037,93,3,195,3,1044,49,36,30
2038,93,3,196,2,1046,46,43,20
2039,93,3,197,7,1053,67,54,70
2040,93,3,198,2,1055,37,37,20
2041,93,3,199,9,1064,81,81,90
2042,93,3,200,9,1073,80,70,90
2043,93,3,201,4,1077,52,38,40
2044,93,3,202,6,1083,84,68,60
2045,93,3,203,5,1088,69,54,50
2046,93,3,204,6,1094,81,63,60
2047,93,3,205,3,1097,51,51,30
2048,93,3,206,2,1099,23,18,20
2049,93,3,207,2,1101,19,17,20
2050,93,3,208,4,1105,33,27,40
2051,93,3,209,9,1114,89,89,90
2052,93,3,210,3,1117,33,33,30
2053,93,3,211,7,1124,77,77,70
2054,93,3,212,7,1131,89,72,70
2055,93,3,213,4,1135,54,54,40
2056,93,3,214,6,1141,56,47,60
2057,93,3,215,4,1145,54,54,40
2058,93,3,216,5,1150,51,40,50
2059,93,3,217,4,1154,58,58,40
2060,93,3,218,3,1157,28,24,30
2061,93,3,219,2,1159,26,23,20
2062,93,3,220,9,1168,91,91,90
2063,93,3,221,4,1172,46,46,40
2064,93,3,222,9,1181,84,66,90
2065,93,3,223,5,1186,72,72,50
2066,93,3,224,6,1192,62,53,60
2067,93,3,225,3,1195,42,42,30
2068,93,3,226,7,1202,68,60,70
2069,93,3,227,8,1210,93,78,80
2070,93,3,228,6,1216,67,51,60
2071,93,3,229,3,1219,38,30,30
2072,93,3,230,2,1221,24,24,20
2073,93,3,231,7,1228,68,55,70
2074,93,3,232,2,1230,32,27,20
2075,93,3,233,6,1236,56,56,60
2076,93,3,234,3,1239,24,21,30
2077,93,3,235,5,1244,53,53,50
2078,93,3,236,2,1246,13,9,20
2079,93,3,237,6,1252,59,53,60
2080,93,3,238,7,1259,79,79,70
2081,93,3,239,4,1263,25,25,40
2082,93,3,240,8,1271,67,57,80
2083,93,3,241,6,1277,62,62,60
2084,93,3,242,9,1286,100,87,90
2085,93,3,243,5,1291,60,50,50
2086,93,3,244,5,1296,64,54,50
2087,93,3,245,9,1305,120,100,90
2088,93,3,246,2,1307,37,31,20
2089,93,3,247,5,1312,61,61,50
2090,93,3,248,3,1315,24,17,30
2091,93,3,249,6,1321,84,72,60
2092,93,3,250,6,1327,73,60,60
2093,93,3,251,9,1336,96,76,90
2094,93,3,252,5,1341,63,59,50
2095,93,3,253,2,1343,19,16,20
2096,93,3,254,9,1352,109,95,90
2097,93,3,255,9,1361,103,86,90
2098,93,3,256,6,1367,80,64,60
2099,93,3,257,3,1370,53,42,30
2100,93,3,258,9,1379,86,75,90
2101,93,3,259,4,1383,43,36,40
2102,93,3,260,6,1389,65,65,60
2103,93,3,261,9,1398,102,91,90
2104,93,3,262,7,1405,81,66,70
2105,93,3,263,3,1408,45,42,30
2106,93,3,264,7,1415,63,63,70
2107,93,3,265,7,1422,78,68,70
2108,93,3,266,3,1425,45,45,30
2109,93,3,267,3,1428,31,31,30
2110,93,3,268,2,1430,23,21,20
2111,93,3,269,8,1438,89,75,80
2112,93,3,270,6,1444,62,62,60
2113,93,3,271,8,1452,77,64,80
2114,93,3,272,2,1454,38,38,20
2115,93,3,273,5,1459,44,33,50
2116,93,3,274,3,1462,45,33,30
2117,93,3,275,9,1471,93,80,90
2118,93,3,276,4,1475,49,49,40
2119,93,3,277,7,1482,75,56,70
2120,93,3,278,7,1489,98,82,70
2121,93,3,279,3,1492,50,37,30
2122,93,3,280,2,1494,37,31,20
2123,93,3,281,6,1500,56,48,60
2124,93,3,282,6,1506,57,49,60
2125,93,3,283,2,1508,27,27,20
2126,93,3,284,8,1516,74,62,80
2127,93,3,285,4,1520,46,35,40
2128,93,3,286,6,1526,61,61,60
2129,93,3,287,5,1531,47,43,50
2130,93,3,288,9,1540,93,81,90
2131,93,3,289,5,1545,57,45,50
2132,93,3,290,7,1552,78,65,70
2133,93,3,291,4,1556,58,49,40
2134,93,3,292,2,1558,34,27,20
2135,93,3,293,4,1562,40,34,40
2136,93,3,294,6,1568,68,56,60
2137,93,3,295,3,1571,37,31,30
2138,93,3,296,5,1576,54,54,50
2139,93,3,297,7,1583,66,56,70
2140,93,3,298,4,1587,50,42,40
2141,93,3,299,8,1595,98,83,80
2142,93,3,300,2,1597,35,35,20
2143,93,3,301,3,1600,38,35,30
2144,93,3,302,2,1602,22,22,20
2145,93,3,303,8,1610,70,57,80
2146,93,3,304,6,1616,70,58,60
2147,93,3,305,7,1623,84,84,70
2148,93,3,306,5,1628,53,46,50
2149,93,3,307,6,1634,69,58,60
2150,93,3,308,9,1643,104,104,90
2151,93,3,309,2,1645,30,30,20
2152,93,3,310,9,1654,95,76,90
2153,93,3,311,2,1656,40,40,20
2154,93,3,312,9,1665,91,81,90
2155,93,3,313,2,1667,34,34,20
2156,93,3,314,7,1674,82,82,70
2157,93,3,315,3,1677,26,26,30
2158,93,3,316,9,1686,84,71,90
2159,93,3,317,8,1694,96,96,80
2160,93,3,318,9,1703,86,74,90
2161,93,3,319,9,1712,99,83,90
2162,93,3,320,7,1719,91,84,70
2163,93,3,321,6,1725,69,69,60
2164,93,3,322,6,1731,53,43,60
2165,93,3,323,7,1738,77,63,70
2166,93,3,324,2,1740,36,33,20
2167,93,3,325,5,1745,48,39,50
2168,93,3,326,4,1749,35,35,40
2169,93,3,327,8,1757,57,47,80
2170,93,3,328,3,1760,40,36,30
2171,93,3,329,6,1766,72,63,60
2172,93,3,330,8,1774,85,73,80
2173,93,3,331,2,1776,32,28,20
2174,93,3,332,8,1784,102,90,80
2175,93,3,333,3,1787,42,36,30
2176,93,3,334,4,1791,50,39,40
2177,93,3,335,4,1795,43,36,40
2178,93,3,336,7,1802,77,66,70
2179,93,3,337,4,1806,58,46,40
2180,93,3,338,5,1811,58,58,50
2181,93,3,339,4,1815,35,31,40
2182,93,3,340,3,1818,44,34,30
2183,93,3,341,9,1827,92,92,90
2184,93,3,342,3,1830,29,24,30
2185,93,3,343,5,1835,55,44,50
2186,93,3,344,9,1844,105,89,90
2187,93,3,345,3,1847,36,36,30
2188,93,3,346,5,1852,46,39,50
2189,93,3,347,4,1856,50,42,40
2190,93,3,348,6,1862,66,66,60
2191,93,3,349,8,1870,75,62,80
2192,93,3,350,2,1872,32,27,20
2193,93,3,351,7,1879,72,58,70
2194,93,3,352,5,1884,63,55,50
2195,93,3,353,3,1887,36,27,30
2196,93,3,354,7,1894,86,76,70
2197,93,3,355,7,1901,79,67,70
2198,93,3,356,8,1909,77,77,80
2199,93,3,357,8,1917,81,81,80
2200,93,3,358,2,1919,25,22,20
2201,93,3,359,6,1925,68,68,60
2202,93,3,360,4,1929,52,41,40
2203,93,3,361,6,1935,56,43,60
2204,93,3,362,8,1943,89,72,80
2205,93,3,363,8,1951,122,94,80
2206,93,3,364,5,1956,81,68,50
2207,93,3,365,2,1958,35,33,20
2208,93,3,366,3,1961,31,24,30
2209,93,3,367,7,1968,67,67,70
2210,93,3,368,9,1977,85,69,90
2211,93,3,369,3,1980,49,37,30
2212,93,3,370,3,1983,39,33,30
2213,93,3,371,6,1989,55,41,60
2214,93,3,372,4,1993,48,48,40
2215,93,3,373,2,1995,16,16,20
2216,93,3,374,2,1997,21,18,20
2217,93,3,375,8,2005,79,79,80
2218,93,3,376,2,2007,22,22,20
2219,93,3,377,3,2010,22,17,30
2220,93,3,378,9,2019,101,86,90
2221,93,3,379,9,2028,108,108,90
2222,93,3,380,5,2033,47,37,50
2223,93,3,381,7,2040,91,74,70
2224,93,3,382,3,2043,48,37,30
2225,93,3,383,7,2050,75,59,70
2226,93,3,384,7,2057,97,97,70
2227,93,3,385,4,2061,46,36,40
2228,93,3,386,7,2068,86,86,70
2229,93,3,387,6,2074,67,55,60
2230,93,3,388,2,2076,27,23,20
2231,93,3,389,6,2082,68,68,60
2232,93,3,390,7,2089,67,52,70
2233,93,3,391,7,2096,83,72,70
2234,93,3,392,2,2098,30,24,20
2235,93,3,393,4,2102,55,43,40
2236,93,3,394,6,2108,71,71,60
2237,93,3,395,8,2116,78,78,80
2238,93,3,396,5,2121,40,40,50
2239,93,3,397,8,2129,82,64,80
2240,93,3,398,6,2135,82,65,60
2241,93,3,399,9,2144,129,129,90
2242,93,3,400,8,2152,83,73,80
2243,93,3,401,8,2160,79,66,80
2244,93,3,402,4,2164,69,55,40
2245,93,3,403,5,2169,63,56,50
2246,93,3,404,2,2171,33,27,20
2247,93,3,405,3,2174,37,37,30
2248,93,3,406,4,2178,32,28,40
2249,93,3,407,8,2186,81,69,80
2250,93,3,408,9,2195,110,92,90
2251,93,3,409,4,2199,56,43,40
2252,93,3,410,5,2204,58,48,50
2253,93,3,411,2,2206,34,25,20
2254,93,3,412,8,2214,99,81,80
2255,93,3,413,9,2223,100,81,90
2256,93,3,414,5,2228,69,61,50
2257,93,3,415,4,2232,54,54,40
2258,93,3,416,8,2240,84,71,80
2259,93,3,417,4,2244,43,38,40
2260,93,3,418,2,2246,32,26,20
2261,93,3,419,6,2252,60,50,60
2262,93,3,420,7,2259,76,60,70
2263,93,3,421,9,2268,112,97,90
2264,93,3,422,7,2275,80,80,70
2265,93,3,423,3,2278,30,30,30
2266,93,3,424,3,2281,29,26,30
2267,93,3,425,3,2284,42,36,30
2268,93,3,426,3,2287,32,24,30
2269,93,3,427,6,2293,77,77,60
2270,93,3,428,9,2302,112,88,90
2271,93,3,429,8,2310,93,93,80
2272,93,3,430,3,2313,27,27,30
2273,93,3,431,5,2318,60,60,50
2274,93,3,432,5,2323,61,61,50
2275,93,3,433,8,2331,83,65,80
2276,93,3,434,8,2339,87,71,80
2277,93,3,435,7,2346,80,80,70
2278,93,3,436,2,2348,20,20,20
2279,93,3,437,7,2355,62,54,70
2280,93,3,438,8,2363,95,95,80
2281,93,3,439,4,2367,29,29,40
2282,93,3,440,5,2372,46,37,50
2283,93,3,441,4,2376,54,54,40
2284,93,3,442,4,2380,38,38,40
2285,93,3,443,9,2389,97,82,90
2286,93,3,444,7,2396,85,66,70
2287,93,3,445,5,2401,75,65,50
2288,93,3,446,5,2406,67,58,50
2289,93,3,447,6,2412,89,73,60
2290,93,3,448,4,2416,59,46,40
2291,93,3,449,7,2423,87,77,70
2292,93,3,450,2,2425,33,31,20
2293,93,3,451,7,2432,65,60,70
2294,93,3,452,8,2440,96,96,80
2295,93,3,453,4,2444,44,44,40
2296,93,3,454,5,2449,64,54,50
2297,93,3,455,9,2458,79,62,90
2298,93,3,456,7,2465,77,63,70
2299,93,3,457,4,2469,53,45,40
2300,93,3,458,2,2471,25,21,20
2301,93,3,459,9,2480,108,91,90
2302,93,3,460,9,2489,101,83,90
2303,93,3,461,7,2496,83,70,70
2304,93,3,462,7,2503,81,71,70
2305,93,3,463,9,2512,107,107,90
2306,93,3,464,8,2520,83,68,80
2307,93,3,465,2,2522,40,36,20
2308,93,3,466,9,2531,90,76,90
2309,93,3,467,6,2537,77,65,60
2310,93,3,468,9,2546,110,87,90
2311,93,3,469,5,2551,66,51,50
2312,93,3,470,6,2557,62,53,60
2313,93,3,471,4,2561,58,49,40
2314,93,3,472,8,2569,94,94,80
2315,93,3,473,3,2572,35,28,30
2316,93,3,474,6,2578,71,71,60
2317,93,3,475,8,2586,77,70,80
2318,93,3,476,5,2591,64,55,50
2319,93,3,477,5,2596,70,57,50
2320,93,3,478,8,2604,92,78,80
2321,93,3,479,3,2607,46,42,30
2322,93,3,480,8,2615,85,85,80
2323,93,3,481,4,2619,33,33,40
2324,93,3,482,8,2627,81,67,80
2325,93,3,483,7,2634,86,86,70
2326,93,3,484,6,2640,68,57,60
2327,93,3,485,9,2649,103,84,90
2328,93,3,486,7,2656,101,83,70
2329,93,3,487,5,2661,65,65,50
2330,93,3,488,7,2668,66,66,70
2331,93,3,489,6,2674,45,34,60
2332,93,3,490,4,2678,51,45,40
2333,93,3,491,2,2680,16,16,20
2334,93,3,492,3,2683,38,38,30
2335,93,3,493,6,2689,62,56,60
2336,93,3,494,2,2691,24,19,20
2337,93,3,495,2,2693,25,25,20
2338,93,3,496,4,2697,36,33,40
2339,93,3,497,8,2705,79,61,80
2340,93,3,498,9,2714,102,82,90
2341,93,3,499,7,2721,93,76,70
2342,93,3,500,5,2726,73,73,50
2343,93,3,501,8,2734,89,77,80
2344,93,3,502,6,2740,65,54,60
2345,93,3,503,6,2746,74,74,60
2346,93,3,504,8,2754,78,78,80
2347,93,3,505,2,2756,24,21,20
2348,93,3,506,4,2760,44,37,40
2349,93,3,507,8,2768,85,85,80
2350,93,3,508,7,2775,79,64,70
2351,93,3,509,7,2782,87,73,70
2352,93,3,510,8,2790,101,77,80
2353,93,3,511,7,2797,89,80,70
2354,93,3,512,9,2806,85,69,90
2355,93,3,513,5,2811,60,48,50
2356,93,3,514,5,2816,66,55,50
2357,93,3,515,8,2824,94,82,80
2358,93,3,516,2,2826,26,20,20
2359,93,3,517,4,2830,44,35,40
2360,93,3,518,4,2834,45,41,40
2361,93,3,519,2,2836,25,22,20
2362,93,3,520,4,2840,52,38,40
2363,93,3,521,6,2846,71,71,60
2364,93,3,522,3,2849,38,36,30
2365,93,3,523,3,2852,38,36,30
2366,93,3,524,6,2858,45,40,60
2367,93,3,525,5,2863,42,35,50
2368,93,3,526,5,2868,60,47,50
2369,93,3,527,5,2873,60,60,50
2370,93,3,528,8,2881,89,79,80
2371,93,3,529,6,2887,72,58,60
2372,93,3,530,4,2891,46,46,40
2373,93,3,531,5,2896,49,45,50
2374,93,3,532,5,2901,56,42,50
2375,93,3,533,7,2908,98,83,70
2376,93,3,534,3,2911,44,35,30
2377,93,3,535,2,2913,24,19,20
2378,93,3,536,6,2919,68,56,60
2379,93,3,537,6,2925,83,71,60
2380,93,3,538,7,2932,70,70,70
2381,93,3,539,9,2941,94,82,90
2382,93,3,540,8,2949,93,79,80
2383,93,3,541,2,2951,33,29,20
2384,93,3,542,9,2960,90,80,90
2385,93,3,543,6,2966,57,42,60
2386,93,3,544,9,2975,112,112,90
2387,93,3,545,8,2983,86,72,80
2388,93,3,546,3,2986,44,44,30
2389,93,3,547,2,2988,27,19,20
2390,93,3,548,3,2991,28,28,30
2391,93,3,549,3,2994,19,14,30
2392,93,3,550,9,3003,83,67,90
2393,93,3,551,3,3006,35,28,30
2394,93,3,552,4,3010,60,54,40
2395,93,3,553,7,3017,78,63,70
2396,93,3,554,7,3024,96,96,70
2397,93,3,555,4,3028,46,38,40
2398,93,3,556,6,3034,70,62,60
2399,93,3,557,3,3037,39,35,30
2400,93,3,558,5,3042,49,46,50
2401,93,3,559,2,3044,21,18,20
2402,93,3,560,9,3053,93,76,90
2403,93,3,561,5,3058,64,49,50
2404,93,3,562,3,3061,37,24,30
2405,93,3,563,2,3063,38,38,20
2406,93,3,564,4,3067,36,32,40
2407,93,3,565,3,3070,36,25,30
2408,93,3,566,7,3077,69,56,70
2409,93,3,567,6,3083,81,70,60
2410,93,3,568,4,3087,49,49,40
2411,93,3,569,5,3092,47,47,50
2412,93,3,570,7,3099,60,48,70
2413,93,3,571,7,3106,75,62,70
2414,93,3,572,9,3115,104,94,90
2415,93,3,573,7,3122,68,56,70
2416,93,3,574,9,3131,97,97,90
2417,93,3,575,7,3138,76,58,70
2418,93,3,576,5,3143,69,56,50
2419,93,3,577,8,3151,93,93,80
2420,93,3,578,9,3160,92,75,90
2421,93,3,579,8,3168,102,102,80
2422,93,3,580,2,3170,16,14,20
2423,93,3,581,9,3179,101,101,90
2424,93,3,582,8,3187,63,63,80
2425,93,3,583,8,3195,90,74,80
2426,93,3,584,3,3198,47,37,30
2427,93,3,585,4,3202,51,51,40
2428,93,3,586,8,3210,75,67,80
2429,93,3,587,9,3219,104,104,90
2430,93,3,588,7,3226,74,74,70
2431,93,3,589,7,3233,65,46,70
2432,93,3,590,7,3240,101,87,70
2433,93,3,591,6,3246,80,72,60
2434,93,3,592,3,3249,34,28,30
2435,93,3,593,3,3252,46,46,30
2436,93,3,594,7,3259,77,59,70
2437,93,3,595,4,3263,54,54,40
2438,93,3,596,8,3271,81,71,80
2439,93,3,597,5,3276,61,56,50
2440,93,3,598,7,3283,70,63,70
2441,93,3,599,2,3285,26,26,20
2442,93,3,600,8,3293,77,59,80
2443,93,3,601,9,3302,102,90,90
2444,93,3,602,8,3310,102,90,80
2445,93,3,603,2,3312,30,24,20
2446,93,3,604,7,3319,67,51,70
2447,93,3,605,4,3323,51,51,40
2448,93,3,606,9,3332,92,92,90
2449,93,3,607,7,3339,60,50,70
2450,93,3,608,2,3341,26,22,20
2451,93,3,609,6,3347,74,74,60
2452,93,3,610,3,3350,30,25,30
2453,93,3,611,4,3354,41,41,40
2454,93,3,612,8,3362,78,62,80
2455,93,3,613,7,3369,83,83,70
2456,93,3,614,7,3376,60,60,70
2457,93,3,615,3,3379,34,34,30
2458,93,3,616,6,3385,59,46,60
2459,93,3,617,4,3389,52,44,40
2460,93,3,618,6,3395,62,53,60
2461,93,3,619,3,3398,44,44,30
2462,93,3,620,5,3403,41,35,50
2463,93,3,621,2,3405,27,19,20
2464,93,3,622,5,3410,56,56,50
2465,93,3,623,9,3419,99,83,90
2466,93,3,624,7,3426,91,91,70
2467,93,3,625,3,3429,33,26,30
2468,93,3,626,9,3438,110,91,90
2469,93,3,627,5,3443,66,56,50
2470,93,3,628,2,3445,31,26,20
2471,93,3,629,9,3454,97,85,90
2472,93,3,630,2,3456,35,31,20
2473,93,3,631,6,3462,59,46,60
2474,93,3,632,2,3464,30,23,20
2475,93,3,633,2,3466,23,23,20
2476,93,3,634,3,3469,28,25,30
2477,93,3,635,6,3475,64,54,60
2478,93,3,636,4,3479,50,43,40
2479,93,3,637,6,3485,78,78,60
2480,93,3,638,9,3494,76,65,90
2481,93,3,639,2,3496,36,29,20
2482,93,3,640,8,3504,88,88,80
2483,93,3,641,5,3509,57,57,50
2484,93,3,642,5,3514,49,43,50
2485,93,3,643,9,3523,95,95,90
2486,93,3,644,6,3529,57,49,60
2487,93,3,645,4,3533,55,46,40
2488,93,3,646,3,3536,31,28,30
2489,93,3,647,8,3544,75,63,80
2490,93,3,648,8,3552,77,65,80
2491,93,3,649,4,3556,52,52,40
2492,93,3,650,4,3560,32,27,40
2493,93,3,651,3,3563,34,29,30
2494,93,3,652,2,3565,29,24,20
2495,93,3,653,2,3567,25,17,20
2496,93,3,654,6,3573,77,64,60
2497,93,3,655,6,3579,75,65,60
2498,93,3,656,6,3585,80,65,60
2499,93,3,657,3,3588,48,48,30
2500,93,3,658,8,3596,74,74,80
2501,93,3,659,4,3600,44,36,40
2502,93,3,660,3,3603,40,40,30
2503,93,3,661,4,3607,32,26,40
2504,93,3,662,6,3613,70,60,60
2505,93,3,663,4,3617,45,37,40
2506,93,3,664,2,3619,37,28,20
2507,93,3,665,2,3621,31,29,20
2508,93,3,666,3,3624,25,25,30
2509,93,3,667,2,3626,17,16,20
2510,93,3,668,7,3633,52,40,70
2511,93,3,669,8,3641,105,91,80
2512,93,3,670,7,3648,96,82,70
2513,93,3,671,4,3652,52,46,40
2514,93,3,672,4,3656,48,36,40
2515,93,3,673,9,3665,97,77,90
2516,93,3,674,2,3667,32,27,20
2517,93,3,675,8,3675,87,87,80
2518,93,3,676,8,3683,81,69,80
2519,93,3,677,8,3691,106,89,80
2520,93,3,678,7,3698,96,82,70
2521,93,3,679,9,3707,109,109,90
2522,93,3,680,3,3710,30,25,30
2523,93,3,681,8,3718,77,63,80
2524,93,3,682,9,3727,113,87,90
2525,93,3,683,9,3736,109,109,90
2526,93,3,684,8,3744,86,73,80
2527,93,3,685,7,3751,77,63,70
2528,93,3,686,5,3756,66,54,50
2529,93,3,687,5,3761,66,57,50
2530,93,3,688,9,3770,90,74,90
2531,93,3,689,8,3778,98,98,80
2532,93,3,690,2,3780,19,16,20
2533,93,3,691,9,3789,103,88,90
2534,93,3,692,7,3796,91,91,70
2535,93,3,693,8,3804,77,71,80
2536,93,3,694,7,3811,70,64,70
2537,93,3,695,2,3813,24,20,20
2538,93,3,696,2,3815,24,20,20
2539,93,3,697,2,3817,22,20,20
2540,93,3,698,2,3819,23,18,20
2541,93,3,699,9,3828,111,94,90
2542,93,3,700,7,3835,73,73,70
2543,93,3,701,2,3837,25,23,20
2544,93,3,702,3,3840,26,23,30
2545,93,3,703,9,3849,97,83,90
2546,93,3,704,3,3852,35,27,30
2547,93,3,705,7,3859,69,62,70
2548,93,3,706,7,3866,67,67,70
2549,93,3,707,3,3869,25,20,30
2550,93,3,708,4,3873,61,55,40
2551,93,3,709,4,3877,39,31,40
2552,93,3,710,8,3885,73,59,80
2553,93,3,711,3,3888,49,41,30
2554,93,3,712,9,3897,86,71,90
2555,93,3,713,6,3903,84,69,60
2556,93,3,714,3,3906,45,38,30
2557,93,3,715,7,3913,70,64,70
2558,93,3,716,4,3917,50,44,40
2559,93,3,717,9,3926,92,82,90
2560,93,3,718,6,3932,70,52,60
2561,93,3,719,6,3938,97,89,60
2562,93,3,720,6,3944,68,55,60
2563,93,3,721,6,3950,66,54,60
2564,93,3,722,6,3956,77,77,60
2565,93,3,723,8,3964,67,53,80
2566,93,3,724,5,3969,68,58,50
2567,93,3,725,9,3978,109,94,90
2568,93,3,726,3,3981,43,36,30
2569,93,3,727,3,3984,39,35,30
2570,93,3,728,4,3988,49,49,40
2571,93,3,729,9,3997,92,74,90
2572,93,3,730,8,4005,100,83,80
2573,93,3,731,7,4012,85,85,70
2574,93,3,732,8,4020,86,72,80
2575,93,3,733,9,4029,94,79,90
2576,93,3,734,9,4038,115,115,90
2577,93,3,735,3,4041,35,27,30
2578,93,3,736,7,4048,89,75,70
2579,93,3,737,9,4057,125,109,90
2580,93,3,738,8,4065,97,86,80
2581,93,3,739,6,4071,68,59,60
2582,93,3,740,6,4077,78,68,60
2583,93,3,741,7,4084,81,70,70
2584,93,3,742,8,4092,92,78,80
2585,93,3,743,2,4094,32,25,20
2586,93,3,744,6,4100,80,72,60
2587,93,3,745,2,4102,28,22,20
2588,93,3,746,5,4107,51,43,50
2589,93,3,747,7,4114,84,71,70
2590,93,3,748,5,4119,60,46,50
2591,93,3,749,9,4128,116,116,90
2592,93,3,750,7,4135,77,63,70
2593,93,3,751,2,4137,35,35,20
2594,93,3,752,4,4141,50,43,40
2595,93,3,753,8,4149,96,86,80
2596,93,3,754,5,4154,54,46,50
2597,93,3,755,4,4158,55,48,40
2598,93,3,756,3,4161,46,37,30
2599,93,3,757,5,4166,58,44,50
2600,93,3,758,4,4170,53,40,40
2601,93,3,759,4,4174,54,49,40
2602,93,3,760,9,4183,85,67,90
2603,93,3,761,5,4188,70,62,50
2604,93,3,762,8,4196,77,77,80
2605,93,3,763,5,4201,42,34,50
2606,93,3,764,7,4208,76,64,70
2607,93,3,765,8,4216,97,85,80
2608,93,3,766,3,4219,41,35,30
2609,93,3,767,2,4221,36,32,20
2610,93,3,768,6,4227,64,57,60
2611,93,3,769,5,4232,61,61,50
2612,93,3,770,6,4238,59,48,60
2613,93,3,771,5,4243,57,46,50
2614,93,3,772,2,4245,30,28,20
2615,93,3,773,8,4253,85,72,80
2616,93,3,774,5,4258,66,60,50
2617,93,3,775,6,4264,71,57,60
2618,93,3,776,8,4272,90,75,80
2619,93,3,777,3,4275,51,51,30
2620,93,3,778,8,4283,78,65,80
2621,93,3,779,8,4291,104,82,80
2622,93,3,780,8,4299,109,88,80
2623,93,3,781,2,4301,40,35,20
2624,93,3,782,9,4310,104,87,90
2625,93,3,783,9,4319,122,96,90
2626,93,3,784,6,4325,69,56,60
2627,93,3,785,4,4329,51,42,40
2628,93,3,786,7,4336,80,70,70
2629,93,3,787,9,4345,117,97,90
2630,93,3,788,7,4352,101,92,70
2631,93,3,789,8,4360,96,81,80
2632,93,3,790,6,4366,81,70,60
2633,93,3,791,5,4371,47,41,50
2634,93,3,792,8,4379,82,82,80
2635,93,3,793,5,4384,50,42,50
2636,93,3,794,6,4390,57,50,60
2637,93,3,795,8,4398,84,76,80
2638,93,3,796,7,4405,76,64,70
2639,93,3,797,7,4412,82,69,70
2640,93,3,798,3,4415,44,35,30
2641,93,3,799,4,4419,49,41,40
2642,93,3,800,2,4421,33,29,20
2643,93,3,801,7,4428,82,66,70
2644,93,3,802,4,4432,67,54,40
2645,93,3,803,3,4435,36,33,30
2646,93,3,804,7,4442,63,51,70
2647,93,3,805,9,4451,101,101,90
2648,93,3,806,7,4458,75,59,70
2649,93,3,807,3,4461,45,45,30
2650,93,3,808,9,4470,83,75,90
2651,93,3,809,8,4478,88,88,80
2652,93,3,810,6,4484,68,55,60
2653,93,3,811,2,4486,33,26,20
2654,93,3,812,6,4492,73,66,60
2655,93,3,813,8,4500,82,72,80
2656,93,3,814,6,4506,59,47,60
2657,93,3,815,7,4513,95,78,70
2658,93,3,816,3,4516,53,53,30
2659,93,3,817,8,4524,78,63,80
2660,93,3,818,2,4526,40,36,20
2661,93,3,819,2,4528,24,19,20
2662,93,3,820,9,4537,92,79,90
2663,93,3,821,3,4540,42,31,30
2664,93,3,822,2,4542,34,26,20
2665,93,3,823,9,4551,99,99,90
2666,93,3,824,4,4555,46,46,40
2667,93,3,825,9,4564,99,85,90
2668,93,3,826,8,4572,95,80,80
2669,93,3,827,8,4580,90,76,80
2670,93,3,828,5,4585,63,50,50
2671,93,3,829,4,4589,49,49,40
2672,93,3,830,5,4594,64,64,50
2673,93,3,831,4,4598,31,31,40
2674,93,3,832,6,4604,62,55,60
2675,93,3,833,5,4609,69,60,50
2676,93,3,834,5,4614,68,68,50
2677,93,3,835,4,4618,39,32,40
2678,93,3,836,7,4625,88,71,70
2679,93,3,837,4,4629,59,51,40
2680,93,3,838,8,4637,88,75,80
2681,93,3,839,7,4644,76,60,70
2682,93,3,840,2,4646,29,26,20
2683,93,3,841,5,4651,59,51,50
2684,93,3,842,4,4655,52,45,40
2685,93,3,843,5,4660,60,46,50
2686,93,3,844,8,4668,91,78,80
2687,93,3,845,2,4670,35,32,20
2688,93,3,846,3,4673,43,38,30
2689,93,3,847,3,4676,37,29,30
2690,93,3,848,4,4680,41,41,40
2691,93,3,849,5,4685,58,46,50
2692,93,3,850,2,4687,42,42,20
2693,93,3,851,5,4692,35,35,50
2694,93,3,852,9,4701,97,97,90
2695,93,3,853,8,4709,66,59,80
2696,93,3,854,6,4715,62,50,60
2697,93,3,855,2,4717,37,30,20
2698,93,3,856,4,4721,36,31,40
2699,93,3,857,8,4729,87,76,80
2700,93,3,858,7,4736,90,76,70
2701,93,3,859,6,4742,66,56,60
2702,93,3,860,8,4750,84,84,80
2703,93,3,861,4,4754,43,37,40
2704,93,3,862,7,4761,73,63,70
2705,93,3,863,8,4769,92,73,80
2706,93,3,864,6,4775,72,72,60
2707,93,3,865,5,4780,60,50,50
2708,93,3,866,6,4786,78,62,60
2709,93,3,867,7,4793,96,85,70
2710,93,3,868,5,4798,55,47,50
2711,93,3,869,2,4800,24,20,20
2712,93,3,870,9,4809,95,73,90
2713,93,3,871,4,4813,73,64,40
2714,93,3,872,8,4821,93,79,80
2715,93,3,873,4,4825,53,46,40
2716,93,3,874,9,4834,86,71,90
2717,93,3,875,6,4840,81,66,60
2718,93,3,876,8,4848,99,80,80
2719,93,3,877,3,4851,38,35,30
2720,93,3,878,6,4857,56,46,60
2721,93,3,879,7,4864,80,66,70
2722,93,3,880,3,4867,42,33,30
2723,93,3,881,9,4876,100,90,90
2724,93,3,882,3,4879,36,29,30
2725,93,3,883,5,4884,51,51,50
2726,93,3,884,3,4887,20,15,30
2727,93,3,885,7,4894,81,69,70
2728,93,3,886,6,4900,89,89,60
2729,93,3,887,7,4907,60,60,70
2730,93,3,888,7,4914,81,67,70
2731,93,3,889,7,4921,88,75,70
2732,93,3,890,3,4924,33,27,30
2733,93,3,891,8,4932,87,77,80
2734,93,3,892,9,4941,112,91,90
2735,93,3,893,2,4943,42,27,20
2736,93,3,894,5,4948,61,52,50
2737,93,3,895,8,4956,91,77,80
2738,93,3,896,7,4963,99,80,70
2739,93,3,897,6,4969,72,72,60
2740,93,3,898,5,4974,60,47,50
2741,93,3,899,9,4983,106,106,90
2742,93,3,900,8,4991,77,77,80
2743,93,3,901,2,4993,23,18,20
2744,93,3,902,5,4998,65,65,50
