,Scenario,Trial,Inspection,Interval,Time,Accumulation,Defects,Rate
0,209,1,1,9,9,91,91,90
1,209,1,2,6,15,56,56,60
2,209,1,3,4,19,54,54,40
3,209,1,4,2,21,16,15,20
4,209,1,5,4,25,28,28,40
5,209,1,6,9,34,91,91,90
6,209,1,7,7,41,74,70,70
7,209,1,8,6,47,63,63,60
8,209,1,9,8,55,62,60,80
9,209,1,10,6,61,59,52,60
10,209,1,11,7,68,83,83,70
11,209,1,12,4,72,49,47,40
12,209,1,13,3,75,33,30,30
13,209,1,14,6,81,64,64,60
14,209,1,15,8,89,75,75,80
15,209,1,16,5,94,39,37,50
16,209,1,17,8,102,79,79,80
17,209,1,18,9,111,94,94,90
18,209,1,19,7,118,83,78,70
19,209,1,20,3,121,37,34,30
20,209,1,21,2,123,29,26,20
21,209,1,22,8,131,88,83,80
22,209,1,23,2,133,21,21,20
23,209,1,24,4,137,39,39,40
24,209,1,25,8,145,83,76,80
25,209,1,26,5,150,68,68,50
26,209,1,27,5,155,53,53,50
27,209,1,28,9,164,75,68,90
28,209,1,29,3,167,31,27,30
29,209,1,30,7,174,70,66,70
30,209,1,31,2,176,28,26,20
31,209,1,32,6,182,51,47,60
32,209,1,33,2,184,27,27,20
33,209,1,34,2,186,15,15,20
34,209,1,35,3,189,24,24,30
35,209,1,36,4,193,32,32,40
36,209,1,37,7,200,72,72,70
37,209,1,38,8,208,74,72,80
38,209,1,39,3,211,33,30,30
39,209,1,40,9,220,94,94,90
40,209,1,41,2,222,20,20,20
41,209,1,42,6,228,74,74,60
42,209,1,43,9,237,103,103,90
43,209,1,44,9,246,97,91,90
44,209,1,45,4,250,50,47,40
45,209,1,46,5,255,59,59,50
46,209,1,47,3,258,38,37,30
47,209,1,48,8,266,90,90,80
48,209,1,49,6,272,44,44,60
49,209,1,50,5,277,42,41,50
50,209,1,51,4,281,41,39,40
51,209,1,52,5,286,53,48,50
52,209,1,53,9,295,85,78,90
53,209,1,54,8,303,79,79,80
54,209,1,55,8,311,74,74,80
55,209,1,56,3,314,28,28,30
56,209,1,57,9,323,83,83,90
57,209,1,58,3,326,29,29,30
58,209,1,59,5,331,33,33,50
59,209,1,60,9,340,86,86,90
60,209,1,61,7,347,91,85,70
61,209,1,62,9,356,96,85,90
62,209,1,63,5,361,70,64,50
63,209,1,64,4,365,52,52,40
64,209,1,65,7,372,79,79,70
65,209,1,66,9,381,89,89,90
66,209,1,67,9,390,97,97,90
67,209,1,68,6,396,54,49,60
68,209,1,69,7,403,73,73,70
69,209,1,70,9,412,93,88,90
70,209,1,71,5,417,56,51,50
71,209,1,72,5,422,49,49,50
72,209,1,73,6,428,51,51,60
73,209,1,74,2,430,21,21,20
74,209,1,75,7,437,78,78,70
75,209,1,76,7,444,62,58,70
76,209,1,77,2,446,23,23,20
77,209,1,78,6,452,61,61,60
78,209,1,79,4,456,36,32,40
79,209,1,80,2,458,20,20,20
80,209,1,81,4,462,32,31,40
81,209,1,82,4,466,45,42,40
82,209,1,83,5,471,67,67,50
83,209,1,84,2,473,13,12,20
84,209,1,85,5,478,56,56,50
85,209,1,86,9,487,94,94,90
86,209,1,87,5,492,51,48,50
87,209,1,88,4,496,42,42,40
88,209,1,89,5,501,55,55,50
89,209,1,90,6,507,65,61,60
90,209,1,91,6,513,49,49,60
91,209,1,92,2,515,26,26,20
92,209,1,93,6,521,61,61,60
93,209,1,94,8,529,98,98,80
94,209,1,95,8,537,97,91,80
95,209,1,96,4,541,43,38,40
96,209,1,97,5,546,59,59,50
97,209,1,98,8,554,86,86,80
98,209,1,99,9,563,79,74,90
99,209,1,100,3,566,31,31,30
100,209,1,101,7,573,64,56,70
101,209,1,102,3,576,35,30,30
102,209,1,103,9,585,103,103,90
103,209,1,104,8,593,98,93,80
104,209,1,105,8,601,72,68,80
105,209,1,106,3,604,37,37,30
106,209,1,107,7,611,74,67,70
107,209,1,108,4,615,43,43,40
108,209,1,109,5,620,47,43,50
109,209,1,110,3,623,31,31,30
110,209,1,111,8,631,77,77,80
111,209,1,112,2,633,20,20,20
112,209,1,113,4,637,39,37,40
113,209,1,114,3,640,27,25,30
114,209,1,115,7,647,72,69,70
115,209,1,116,3,650,40,39,30
116,209,1,117,5,655,54,54,50
117,209,1,118,2,657,20,20,20
118,209,1,119,9,666,83,79,90
119,209,1,120,3,669,38,38,30
120,209,1,121,9,678,83,77,90
121,209,1,122,2,680,32,32,20
122,209,1,123,7,687,65,65,70
123,209,1,124,2,689,25,25,20
124,209,1,125,7,696,80,71,70
125,209,1,126,7,703,77,77,70
126,209,1,127,3,706,34,34,30
127,209,1,128,6,712,66,66,60
128,209,1,129,8,720,102,96,80
129,209,1,130,8,728,98,98,80
130,209,1,131,2,730,18,15,20
131,209,1,132,3,733,37,34,30
132,209,1,133,7,740,76,72,70
133,209,1,134,6,746,59,59,60
134,209,1,135,9,755,87,87,90
135,209,1,136,5,760,54,54,50
136,209,1,137,3,763,28,28,30
137,209,1,138,2,765,12,9,20
138,209,1,139,9,774,103,91,90
139,209,1,140,4,778,44,44,40
140,209,1,141,3,781,25,23,30
141,209,1,142,9,790,109,109,90
142,209,1,143,7,797,74,68,70
143,209,1,144,9,806,94,87,90
144,209,1,145,5,811,63,60,50
145,209,1,146,6,817,70,65,60
146,209,1,147,4,821,43,43,40
147,209,1,148,5,826,50,50,50
148,209,1,149,6,832,64,62,60
149,209,1,150,8,840,82,82,80
150,209,1,151,5,845,47,43,50
151,209,1,152,4,849,44,44,40
152,209,1,153,3,852,40,40,30
153,209,1,154,5,857,46,46,50
154,209,1,155,2,859,19,19,20
155,209,1,156,6,865,69,69,60
156,209,1,157,4,869,45,45,40
157,209,1,158,9,878,88,83,90
158,209,1,159,9,887,99,99,90
159,209,1,160,4,891,43,43,40
160,209,1,161,6,897,66,66,60
161,209,1,162,8,905,93,87,80
162,209,1,163,3,908,40,40,30
163,209,1,164,7,915,76,76,70
164,209,1,165,3,918,26,26,30
165,209,1,166,9,927,89,86,90
166,209,1,167,4,931,44,44,40
167,209,1,168,4,935,30,30,40
168,209,1,169,3,938,32,30,30
169,209,1,170,8,946,76,70,80
170,209,1,171,9,955,107,102,90
171,209,1,172,9,964,92,87,90
172,209,1,173,3,967,40,40,30
173,209,1,174,9,976,82,82,90
174,209,1,175,7,983,63,61,70
175,209,1,176,5,988,57,54,50
176,209,1,177,8,996,101,101,80
177,209,1,178,2,998,22,19,20
178,209,1,179,8,1006,83,79,80
179,209,1,180,2,1008,25,25,20
180,209,1,181,2,1010,20,20,20
181,209,1,182,5,1015,51,48,50
182,209,1,183,7,1022,62,62,70
183,209,1,184,6,1028,55,55,60
184,209,1,185,7,1035,65,65,70
185,209,1,186,5,1040,47,45,50
186,209,1,187,3,1043,33,33,30
187,209,1,188,7,1050,67,63,70
188,209,1,189,4,1054,42,42,40
189,209,1,190,3,1057,28,28,30
190,209,1,191,5,1062,56,53,50
191,209,1,192,9,1071,100,94,90
192,209,1,193,2,1073,20,20,20
193,209,1,194,7,1080,82,82,70
194,209,1,195,9,1089,77,77,90
195,209,1,196,5,1094,51,51,50
196,209,1,197,8,1102,102,102,80
197,209,1,198,5,1107,43,43,50
198,209,1,199,7,1114,70,70,70
199,209,1,200,6,1120,68,68,60
200,209,1,201,5,1125,53,53,50
201,209,1,202,4,1129,38,37,40
202,209,1,203,4,1133,66,62,40
203,209,1,204,7,1140,59,59,70
204,209,1,205,3,1143,33,33,30
205,209,1,206,4,1147,35,35,40
206,209,1,207,9,1156,92,92,90
207,209,1,208,3,1159,29,25,30
208,209,1,209,8,1167,73,73,80
209,209,1,210,3,1170,26,26,30
210,209,1,211,8,1178,78,78,80
211,209,1,212,7,1185,68,64,70
212,209,1,213,2,1187,17,15,20
213,209,1,214,5,1192,63,63,50
214,209,1,215,9,1201,95,95,90
215,209,1,216,3,1204,24,24,30
216,209,1,217,5,1209,64,63,50
217,209,1,218,2,1211,19,18,20
218,209,1,219,2,1213,17,17,20
219,209,1,220,7,1220,67,67,70
220,209,1,221,2,1222,19,18,20
221,209,1,222,2,1224,30,30,20
222,209,1,223,4,1228,55,55,40
223,209,1,224,9,1237,76,76,90
224,209,1,225,6,1243,57,57,60
225,209,1,226,7,1250,62,62,70
226,209,1,227,8,1258,99,99,80
227,209,1,228,9,1267,87,84,90
228,209,1,229,8,1275,78,78,80
229,209,1,230,9,1284,74,74,90
230,209,1,231,5,1289,41,38,50
231,209,1,232,4,1293,33,32,40
232,209,1,233,2,1295,14,14,20
233,209,1,234,3,1298,38,34,30
234,209,1,235,7,1305,89,89,70
235,209,1,236,8,1313,72,72,80
236,209,1,237,4,1317,38,34,40
237,209,1,238,4,1321,40,40,40
238,209,1,239,9,1330,96,92,90
239,209,1,240,7,1337,71,71,70
240,209,1,241,2,1339,16,16,20
241,209,1,242,6,1345,60,60,60
242,209,1,243,8,1353,77,77,80
243,209,1,244,5,1358,40,38,50
244,209,1,245,2,1360,19,19,20
245,209,1,246,3,1363,28,28,30
246,209,1,247,3,1366,33,31,30
247,209,1,248,4,1370,34,34,40
248,209,1,249,5,1375,51,51,50
249,209,1,250,9,1384,84,80,90
250,209,1,251,3,1387,34,34,30
251,209,1,252,2,1389,21,21,20
252,209,1,253,4,1393,34,30,40
253,209,1,254,4,1397,61,54,40
254,209,1,255,6,1403,81,81,60
255,209,1,256,8,1411,83,76,80
256,209,1,257,4,1415,45,43,40
257,209,1,258,9,1424,99,99,90
258,209,1,259,7,1431,75,75,70
259,209,1,260,7,1438,62,62,70
260,209,1,261,7,1445,78,78,70
261,209,1,262,5,1450,50,50,50
262,209,1,263,9,1459,90,90,90
263,209,1,264,4,1463,43,43,40
264,209,1,265,8,1471,70,70,80
265,209,1,266,9,1480,78,78,90
266,209,1,267,3,1483,29,29,30
267,209,1,268,6,1489,80,80,60
268,209,1,269,8,1497,79,78,80
269,209,1,270,9,1506,90,84,90
270,209,1,271,5,1511,48,46,50
271,209,1,272,9,1520,77,77,90
272,209,1,273,9,1529,93,93,90
273,209,1,274,6,1535,57,51,60
274,209,1,275,8,1543,87,87,80
275,209,1,276,2,1545,23,23,20
276,209,1,277,7,1552,78,78,70
277,209,1,278,3,1555,25,23,30
278,209,1,279,5,1560,54,49,50
279,209,1,280,4,1564,40,37,40
280,209,1,281,9,1573,92,92,90
281,209,1,282,3,1576,19,16,30
282,209,1,283,2,1578,17,17,20
283,209,1,284,4,1582,44,44,40
284,209,1,285,6,1588,63,63,60
285,209,1,286,7,1595,48,48,70
286,209,1,287,5,1600,48,48,50
287,209,1,288,4,1604,37,37,40
288,209,1,289,6,1610,58,54,60
289,209,1,290,6,1616,69,69,60
290,209,1,291,9,1625,87,87,90
291,209,1,292,8,1633,75,75,80
292,209,1,293,3,1636,32,32,30
293,209,1,294,8,1644,68,63,80
294,209,1,295,8,1652,80,73,80
295,209,1,296,9,1661,90,90,90
296,209,1,297,2,1663,13,11,20
297,209,1,298,5,1668,64,64,50
298,209,1,299,4,1672,41,39,40
299,209,1,300,9,1681,86,86,90
300,209,1,301,5,1686,47,43,50
301,209,1,302,2,1688,26,26,20
302,209,1,303,5,1693,51,51,50
303,209,1,304,3,1696,21,18,30
304,209,1,305,5,1701,62,60,50
305,209,1,306,8,1709,94,90,80
306,209,1,307,3,1712,29,28,30
307,209,1,308,4,1716,31,31,40
308,209,1,309,2,1718,26,26,20
309,209,1,310,6,1724,57,57,60
310,209,1,311,2,1726,16,12,20
311,209,1,312,7,1733,78,75,70
312,209,1,313,8,1741,85,85,80
313,209,1,314,6,1747,47,47,60
314,209,1,315,5,1752,55,55,50
315,209,1,316,8,1760,89,89,80
316,209,1,317,4,1764,26,26,40
317,209,1,318,3,1767,31,31,30
318,209,1,319,8,1775,79,79,80
319,209,1,320,4,1779,43,41,40
320,209,1,321,4,1783,43,40,40
321,209,1,322,6,1789,64,60,60
322,209,1,323,7,1796,67,67,70
323,209,1,324,8,1804,79,79,80
324,209,1,325,2,1806,17,16,20
325,209,1,326,5,1811,60,55,50
326,209,1,327,8,1819,98,98,80
327,209,1,328,2,1821,20,20,20
328,209,1,329,3,1824,31,28,30
329,209,1,330,7,1831,64,64,70
330,209,1,331,2,1833,22,22,20
331,209,1,332,4,1837,41,41,40
332,209,1,333,3,1840,28,28,30
333,209,1,334,6,1846,58,58,60
334,209,1,335,7,1853,62,62,70
335,209,1,336,7,1860,73,69,70
336,209,1,337,2,1862,24,24,20
337,209,1,338,3,1865,32,32,30
338,209,1,339,7,1872,62,59,70
339,209,1,340,7,1879,62,62,70
340,209,1,341,6,1885,66,66,60
341,209,1,342,2,1887,24,24,20
342,209,1,343,9,1896,89,89,90
343,209,1,344,2,1898,27,27,20
344,209,1,345,8,1906,64,64,80
345,209,1,346,2,1908,27,27,20
346,209,1,347,8,1916,82,82,80
347,209,1,348,3,1919,26,26,30
348,209,1,349,9,1928,94,87,90
349,209,1,350,7,1935,87,87,70
350,209,1,351,9,1944,82,82,90
351,209,1,352,7,1951,54,46,70
352,209,1,353,8,1959,97,89,80
353,209,1,354,2,1961,23,20,20
354,209,1,355,5,1966,49,49,50
355,209,1,356,8,1974,80,80,80
356,209,1,357,2,1976,18,17,20
357,209,1,358,9,1985,87,87,90
358,209,1,359,5,1990,48,46,50
359,209,1,360,2,1992,21,20,20
360,209,1,361,9,2001,92,92,90
361,209,1,362,6,2007,59,53,60
362,209,1,363,8,2015,90,90,80
363,209,1,364,5,2020,42,42,50
364,209,1,365,7,2027,61,61,70
365,209,1,366,9,2036,77,69,90
366,209,1,367,9,2045,90,79,90
367,209,1,368,2,2047,32,29,20
368,209,1,369,3,2050,27,26,30
369,209,1,370,3,2053,29,28,30
370,209,1,371,9,2062,85,85,90
371,209,1,372,5,2067,57,53,50
372,209,1,373,9,2076,103,103,90
373,209,1,374,8,2084,82,73,80
374,209,1,375,7,2091,84,81,70
375,209,1,376,4,2095,45,41,40
376,209,1,377,9,2104,85,81,90
377,209,1,378,7,2111,87,87,70
378,209,1,379,8,2119,75,75,80
379,209,1,380,3,2122,36,35,30
380,209,1,381,2,2124,23,23,20
381,209,1,382,8,2132,84,84,80
382,209,1,383,3,2135,26,26,30
383,209,1,384,8,2143,86,80,80
384,209,1,385,4,2147,47,47,40
385,209,1,386,3,2150,27,27,30
386,209,1,387,8,2158,80,80,80
387,209,1,388,8,2166,79,79,80
388,209,1,389,7,2173,73,73,70
389,209,1,390,3,2176,34,34,30
390,209,1,391,7,2183,79,72,70
391,209,1,392,5,2188,62,58,50
392,209,1,393,2,2190,22,20,20
393,209,1,394,4,2194,46,46,40
394,209,1,395,9,2203,89,89,90
395,209,1,396,4,2207,51,47,40
396,209,1,397,7,2214,80,80,70
397,209,1,398,5,2219,51,49,50
398,209,1,399,3,2222,32,29,30
399,209,1,400,6,2228,58,58,60
400,209,1,401,3,2231,33,30,30
401,209,1,402,9,2240,92,83,90
402,209,1,403,3,2243,33,31,30
403,209,1,404,9,2252,93,85,90
404,209,1,405,3,2255,33,33,30
405,209,1,406,5,2260,46,42,50
406,209,1,407,5,2265,68,68,50
407,209,1,408,6,2271,68,68,60
408,209,1,409,3,2274,21,21,30
409,209,1,410,9,2283,97,93,90
410,209,1,411,2,2285,20,18,20
411,209,1,412,7,2292,76,76,70
412,209,1,413,3,2295,28,28,30
413,209,1,414,3,2298,22,20,30
414,209,1,415,8,2306,89,89,80
415,209,1,416,2,2308,18,17,20
416,209,1,417,9,2317,71,65,90
417,209,1,418,5,2322,59,54,50
418,209,1,419,3,2325,30,30,30
419,209,1,420,3,2328,36,36,30
420,209,1,421,5,2333,57,51,50
421,209,1,422,5,2338,53,50,50
422,209,1,423,7,2345,67,61,70
423,209,1,424,9,2354,97,97,90
424,209,1,425,3,2357,36,33,30
425,209,1,426,5,2362,52,50,50
426,209,1,427,2,2364,21,21,20
427,209,1,428,7,2371,69,69,70
428,209,1,429,2,2373,19,19,20
429,209,1,430,6,2379,62,62,60
430,209,1,431,8,2387,90,90,80
431,209,1,432,7,2394,79,76,70
432,209,1,433,4,2398,35,32,40
433,209,1,434,7,2405,74,74,70
434,209,1,435,5,2410,46,46,50
435,209,1,436,3,2413,41,41,30
436,209,1,437,2,2415,14,10,20
437,209,1,438,2,2417,25,23,20
438,209,1,439,3,2420,28,28,30
439,209,1,440,2,2422,17,17,20
440,209,1,441,5,2427,57,57,50
441,209,1,442,2,2429,26,23,20
442,209,1,443,3,2432,28,28,30
443,209,1,444,5,2437,47,47,50
444,209,1,445,5,2442,52,50,50
445,209,1,446,2,2444,25,24,20
446,209,1,447,2,2446,18,17,20
447,209,1,448,3,2449,36,36,30
448,209,1,449,9,2458,93,93,90
449,209,1,450,9,2467,94,94,90
450,209,1,451,6,2473,62,62,60
451,209,1,452,8,2481,82,82,80
452,209,1,453,9,2490,88,88,90
453,209,1,454,6,2496,73,73,60
454,209,1,455,2,2498,15,15,20
455,209,1,456,7,2505,62,62,70
456,209,1,457,7,2512,65,60,70
457,209,1,458,8,2520,95,95,80
458,209,1,459,3,2523,37,37,30
459,209,1,460,4,2527,33,30,40
460,209,1,461,9,2536,84,84,90
461,209,1,462,8,2544,76,76,80
462,209,1,463,9,2553,80,76,90
463,209,1,464,5,2558,64,64,50
464,209,1,465,9,2567,78,78,90
465,209,1,466,3,2570,35,33,30
466,209,1,467,2,2572,23,21,20
467,209,1,468,5,2577,45,44,50
468,209,1,469,4,2581,30,30,40
469,209,1,470,8,2589,79,79,80
470,209,1,471,3,2592,35,30,30
471,209,1,472,7,2599,76,76,70
472,209,1,473,3,2602,36,36,30
473,209,1,474,2,2604,14,12,20
474,209,1,475,8,2612,91,80,80
475,209,1,476,4,2616,62,62,40
476,209,1,477,3,2619,31,31,30
477,209,1,478,4,2623,32,32,40
478,209,1,479,2,2625,16,16,20
479,209,1,480,7,2632,59,50,70
480,209,1,481,2,2634,25,25,20
481,209,1,482,8,2642,75,71,80
482,209,1,483,6,2648,55,52,60
483,209,1,484,5,2653,67,67,50
484,209,1,485,9,2662,95,95,90
485,209,1,486,9,2671,93,93,90
486,209,1,487,5,2676,52,46,50
487,209,1,488,2,2678,23,21,20
488,209,1,489,6,2684,59,59,60
489,209,1,490,4,2688,44,41,40
490,209,1,491,9,2697,93,85,90
491,209,1,492,3,2700,37,35,30
492,209,1,493,7,2707,67,67,70
493,209,1,494,2,2709,15,14,20
494,209,1,495,6,2715,66,63,60
495,209,1,496,3,2718,38,38,30
496,209,1,497,8,2726,75,75,80
497,209,1,498,8,2734,89,89,80
498,209,1,499,5,2739,57,54,50
499,209,1,500,5,2744,53,53,50
500,209,1,501,9,2753,85,85,90
501,209,1,502,8,2761,78,78,80
502,209,1,503,2,2763,22,19,20
503,209,1,504,7,2770,75,75,70
504,209,1,505,3,2773,36,36,30
505,209,1,506,4,2777,51,47,40
506,209,1,507,4,2781,41,41,40
507,209,1,508,5,2786,63,63,50
508,209,1,509,9,2795,97,91,90
509,209,1,510,2,2797,27,26,20
510,209,1,511,8,2805,76,72,80
511,209,1,512,6,2811,59,59,60
512,209,1,513,6,2817,65,65,60
513,209,1,514,3,2820,24,24,30
514,209,1,515,2,2822,14,12,20
515,209,1,516,6,2828,62,62,60
516,209,1,517,2,2830,19,16,20
517,209,1,518,8,2838,77,73,80
518,209,1,519,4,2842,44,44,40
519,209,1,520,3,2845,33,33,30
520,209,1,521,6,2851,60,55,60
521,209,1,522,7,2858,79,79,70
522,209,1,523,4,2862,37,34,40
523,209,1,524,8,2870,98,94,80
524,209,1,525,3,2873,41,37,30
525,209,1,526,9,2882,84,84,90
526,209,1,527,3,2885,28,27,30
527,209,1,528,7,2892,73,70,70
528,209,1,529,3,2895,32,32,30
529,209,1,530,6,2901,41,39,60
530,209,1,531,7,2908,68,68,70
531,209,1,532,7,2915,73,70,70
532,209,1,533,4,2919,49,49,40
533,209,1,534,6,2925,62,59,60
534,209,1,535,4,2929,56,56,40
535,209,1,536,3,2932,34,32,30
536,209,1,537,3,2935,39,39,30
537,209,1,538,6,2941,57,57,60
538,209,1,539,8,2949,74,70,80
539,209,1,540,9,2958,88,88,90
540,209,1,541,5,2963,49,49,50
541,209,1,542,7,2970,73,73,70
542,209,1,543,3,2973,37,37,30
543,209,1,544,5,2978,42,41,50
544,209,1,545,5,2983,49,49,50
545,209,1,546,8,2991,63,56,80
546,209,1,547,7,2998,77,77,70
547,209,1,548,6,3004,47,42,60
548,209,1,549,5,3009,42,42,50
549,209,1,550,2,3011,23,23,20
550,209,1,551,3,3014,28,24,30
551,209,1,552,6,3020,60,60,60
552,209,1,553,9,3029,93,93,90
553,209,1,554,3,3032,34,34,30
554,209,1,555,7,3039,76,76,70
555,209,1,556,7,3046,65,60,70
556,209,1,557,3,3049,33,30,30
557,209,1,558,4,3053,43,43,40
558,209,1,559,4,3057,48,45,40
559,209,1,560,9,3066,94,94,90
560,209,1,561,7,3073,69,63,70
561,209,1,562,6,3079,70,62,60
562,209,1,563,7,3086,86,86,70
563,209,1,564,2,3088,18,18,20
564,209,1,565,9,3097,92,84,90
565,209,1,566,3,3100,43,40,30
566,209,1,567,2,3102,25,22,20
567,209,1,568,4,3106,38,36,40
568,209,1,569,2,3108,30,30,20
569,209,1,570,6,3114,54,54,60
570,209,1,571,4,3118,35,34,40
571,209,1,572,2,3120,21,21,20
572,209,1,573,8,3128,79,73,80
573,209,1,574,6,3134,71,71,60
574,209,1,575,6,3140,42,39,60
575,209,1,576,5,3145,57,57,50
576,209,1,577,5,3150,52,52,50
577,209,1,578,8,3158,87,84,80
578,209,1,579,6,3164,59,54,60
579,209,1,580,8,3172,95,88,80
580,209,1,581,9,3181,95,95,90
581,209,1,582,4,3185,45,40,40
582,209,1,583,6,3191,57,54,60
583,209,1,584,3,3194,42,42,30
584,209,1,585,9,3203,85,77,90
585,209,1,586,6,3209,76,72,60
586,209,1,587,7,3216,59,59,70
587,209,1,588,4,3220,35,35,40
588,209,1,589,5,3225,39,39,50
589,209,1,590,9,3234,92,86,90
590,209,1,591,5,3239,57,53,50
591,209,1,592,3,3242,46,43,30
592,209,1,593,2,3244,22,19,20
593,209,1,594,9,3253,98,87,90
594,209,1,595,2,3255,29,29,20
595,209,1,596,7,3262,71,67,70
596,209,1,597,9,3271,91,84,90
597,209,1,598,6,3277,48,48,60
598,209,1,599,3,3280,20,20,30
599,209,1,600,3,3283,27,27,30
600,209,1,601,9,3292,85,85,90
601,209,1,602,3,3295,27,26,30
602,209,1,603,3,3298,38,34,30
603,209,1,604,7,3305,64,64,70
604,209,1,605,7,3312,78,73,70
605,209,1,606,8,3320,104,95,80
606,209,1,607,9,3329,110,108,90
607,209,1,608,2,3331,18,18,20
608,209,1,609,2,3333,16,16,20
609,209,1,610,7,3340,69,63,70
610,209,1,611,8,3348,83,83,80
611,209,1,612,4,3352,39,35,40
612,209,1,613,9,3361,91,88,90
613,209,1,614,5,3366,51,49,50
614,209,1,615,6,3372,76,76,60
615,209,1,616,2,3374,29,29,20
616,209,1,617,8,3382,92,92,80
617,209,1,618,5,3387,46,43,50
618,209,1,619,2,3389,24,24,20
619,209,1,620,4,3393,33,27,40
620,209,1,621,2,3395,23,21,20
621,209,1,622,8,3403,90,90,80
622,209,1,623,5,3408,60,60,50
623,209,1,624,4,3412,32,32,40
624,209,1,625,9,3421,99,97,90
625,209,1,626,2,3423,25,25,20
626,209,1,627,5,3428,51,51,50
627,209,1,628,4,3432,35,35,40
628,209,1,629,5,3437,53,48,50
629,209,1,630,8,3445,85,80,80
630,209,1,631,5,3450,37,37,50
631,209,1,632,6,3456,56,52,60
632,209,1,633,7,3463,76,76,70
633,209,1,634,8,3471,79,68,80
634,209,1,635,3,3474,46,44,30
635,209,1,636,4,3478,46,46,40
636,209,1,637,8,3486,94,86,80
637,209,1,638,2,3488,30,30,20
638,209,1,639,7,3495,69,69,70
639,209,1,640,5,3500,44,44,50
640,209,1,641,7,3507,71,62,70
641,209,1,642,6,3513,66,64,60
642,209,1,643,9,3522,89,89,90
643,209,1,644,3,3525,20,20,30
644,209,1,645,8,3533,58,56,80
645,209,1,646,8,3541,89,83,80
646,209,1,647,9,3550,114,114,90
647,209,1,648,3,3553,26,26,30
648,209,1,649,4,3557,32,30,40
649,209,1,650,2,3559,23,23,20
650,209,1,651,6,3565,60,56,60
651,209,1,652,6,3571,78,75,60
652,209,1,653,5,3576,45,43,50
653,209,1,654,6,3582,65,65,60
654,209,1,655,8,3590,83,83,80
655,209,1,656,3,3593,28,28,30
656,209,1,657,7,3600,69,69,70
657,209,1,658,2,3602,31,29,20
658,209,1,659,7,3609,80,80,70
659,209,1,660,3,3612,30,30,30
660,209,1,661,8,3620,87,77,80
661,209,1,662,4,3624,39,35,40
662,209,1,663,8,3632,85,85,80
663,209,1,664,5,3637,46,46,50
664,209,1,665,5,3642,40,34,50
665,209,1,666,9,3651,92,92,90
666,209,1,667,2,3653,22,19,20
667,209,1,668,9,3662,86,80,90
668,209,1,669,2,3664,25,23,20
669,209,1,670,9,3673,90,84,90
670,209,1,671,9,3682,77,73,90
671,209,1,672,8,3690,86,81,80
672,209,1,673,5,3695,46,46,50
673,209,1,674,2,3697,24,24,20
674,209,1,675,3,3700,27,27,30
675,209,1,676,2,3702,22,22,20
676,209,1,677,4,3706,39,39,40
677,209,1,678,5,3711,49,49,50
678,209,1,679,4,3715,46,46,40
679,209,1,680,6,3721,57,55,60
680,209,1,681,9,3730,93,93,90
681,209,1,682,2,3732,21,19,20
682,209,1,683,3,3735,37,37,30
683,209,1,684,7,3742,74,68,70
684,209,1,685,4,3746,43,38,40
685,209,1,686,6,3752,71,71,60
686,209,1,687,8,3760,93,93,80
687,209,1,688,6,3766,65,65,60
688,209,1,689,8,3774,73,73,80
689,209,1,690,3,3777,32,29,30
690,209,1,691,6,3783,50,50,60
691,209,1,692,7,3790,51,47,70
692,209,1,693,7,3797,70,66,70
693,209,1,694,4,3801,48,48,40
694,209,1,695,8,3809,77,70,80
695,209,1,696,8,3817,84,84,80
696,209,1,697,5,3822,46,46,50
697,209,1,698,5,3827,61,61,50
698,209,1,699,9,3836,90,90,90
699,209,1,700,9,3845,76,76,90
700,209,1,701,3,3848,26,25,30
701,209,1,702,8,3856,84,84,80
702,209,1,703,2,3858,22,22,20
703,209,1,704,3,3861,40,38,30
704,209,1,705,9,3870,96,96,90
705,209,1,706,9,3879,95,95,90
706,209,1,707,7,3886,74,74,70
707,209,1,708,8,3894,86,86,80
708,209,1,709,7,3901,64,59,70
709,209,1,710,2,3903,29,29,20
710,209,1,711,2,3905,31,31,20
711,209,1,712,7,3912,75,75,70
712,209,1,713,6,3918,64,64,60
713,209,1,714,8,3926,94,94,80
714,209,1,715,4,3930,40,37,40
715,209,1,716,2,3932,16,16,20
716,209,1,717,2,3934,21,21,20
717,209,1,718,9,3943,92,86,90
718,209,1,719,9,3952,107,107,90
719,209,1,720,3,3955,35,31,30
720,209,1,721,8,3963,82,78,80
721,209,1,722,8,3971,78,78,80
722,209,1,723,5,3976,48,48,50
723,209,1,724,5,3981,53,53,50
724,209,1,725,3,3984,38,38,30
725,209,1,726,8,3992,79,79,80
726,209,1,727,8,4000,90,85,80
727,209,1,728,2,4002,19,19,20
728,209,1,729,7,4009,72,72,70
729,209,1,730,3,4012,28,27,30
730,209,1,731,6,4018,56,53,60
731,209,1,732,6,4024,62,59,60
732,209,1,733,6,4030,61,61,60
733,209,1,734,6,4036,65,60,60
734,209,1,735,2,4038,23,19,20
735,209,1,736,8,4046,70,66,80
736,209,1,737,5,4051,53,53,50
737,209,1,738,9,4060,80,77,90
738,209,1,739,7,4067,77,76,70
739,209,1,740,3,4070,32,31,30
740,209,1,741,3,4073,30,30,30
741,209,1,742,4,4077,43,43,40
742,209,1,743,3,4080,37,37,30
743,209,1,744,8,4088,83,83,80
744,209,1,745,6,4094,49,49,60
745,209,1,746,9,4103,91,83,90
746,209,1,747,7,4110,70,67,70
747,209,1,748,2,4112,19,19,20
748,209,1,749,2,4114,16,12,20
749,209,1,750,8,4122,80,77,80
750,209,1,751,9,4131,85,85,90
751,209,1,752,5,4136,47,47,50
752,209,1,753,6,4142,68,64,60
753,209,1,754,3,4145,38,36,30
754,209,1,755,6,4151,64,64,60
755,209,1,756,4,4155,43,39,40
756,209,1,757,9,4164,84,78,90
757,209,1,758,5,4169,63,61,50
758,209,1,759,5,4174,54,52,50
759,209,1,760,4,4178,37,33,40
760,209,1,761,9,4187,96,93,90
761,209,1,762,4,4191,31,31,40
762,209,1,763,7,4198,57,54,70
763,209,1,764,5,4203,55,55,50
764,209,1,765,9,4212,90,90,90
765,209,1,766,6,4218,54,54,60
766,209,1,767,5,4223,48,48,50
767,209,1,768,8,4231,59,59,80
768,209,1,769,6,4237,60,57,60
769,209,1,770,5,4242,49,49,50
770,209,1,771,7,4249,68,64,70
771,209,1,772,6,4255,64,61,60
772,209,1,773,2,4257,24,24,20
773,209,1,774,8,4265,81,73,80
774,209,1,775,8,4273,89,89,80
775,209,1,776,4,4277,34,34,40
776,209,1,777,2,4279,28,28,20
777,209,1,778,6,4285,58,52,60
778,209,1,779,9,4294,102,95,90
779,209,1,780,2,4296,29,26,20
780,209,1,781,3,4299,36,36,30
781,209,1,782,7,4306,66,66,70
782,209,1,783,6,4312,57,57,60
783,209,1,784,7,4319,65,64,70
784,209,1,785,4,4323,40,37,40
785,209,1,786,7,4330,72,68,70
786,209,1,787,5,4335,63,63,50
787,209,1,788,5,4340,52,52,50
788,209,1,789,8,4348,95,95,80
789,209,1,790,9,4357,78,78,90
790,209,1,791,9,4366,89,85,90
791,209,1,792,8,4374,100,100,80
792,209,1,793,4,4378,34,34,40
793,209,1,794,3,4381,24,24,30
794,209,1,795,2,4383,10,9,20
795,209,1,796,9,4392,86,79,90
796,209,1,797,9,4401,104,96,90
797,209,1,798,9,4410,104,98,90
798,209,1,799,6,4416,61,61,60
799,209,1,800,2,4418,22,22,20
800,209,1,801,9,4427,94,88,90
801,209,1,802,6,4433,63,63,60
802,209,1,803,6,4439,62,60,60
803,209,1,804,2,4441,19,19,20
804,209,1,805,9,4450,98,91,90
805,209,1,806,3,4453,40,37,30
806,209,1,807,6,4459,64,64,60
807,209,1,808,2,4461,22,22,20
808,209,1,809,3,4464,27,27,30
809,209,1,810,9,4473,78,78,90
810,209,1,811,5,4478,45,45,50
811,209,1,812,3,4481,28,25,30
812,209,1,813,4,4485,40,38,40
813,209,1,814,5,4490,50,50,50
814,209,1,815,8,4498,66,66,80
815,209,1,816,6,4504,44,39,60
816,209,1,817,6,4510,64,64,60
817,209,1,818,3,4513,28,25,30
818,209,1,819,4,4517,39,37,40
819,209,1,820,8,4525,72,72,80
820,209,1,821,2,4527,19,18,20
821,209,1,822,8,4535,73,73,80
822,209,1,823,5,4540,47,45,50
823,209,1,824,5,4545,43,43,50
824,209,1,825,9,4554,91,84,90
825,209,1,826,8,4562,91,91,80
826,209,1,827,5,4567,42,40,50
827,209,1,828,8,4575,88,88,80
828,209,1,829,9,4584,81,71,90
829,209,1,830,9,4593,106,106,90
830,209,1,831,6,4599,75,75,60
831,209,1,832,8,4607,74,70,80
832,209,1,833,8,4615,73,73,80
833,209,1,834,8,4623,70,66,80
834,209,1,835,7,4630,73,69,70
835,209,1,836,8,4638,97,90,80
836,209,1,837,4,4642,47,45,40
837,209,1,838,6,4648,66,63,60
838,209,1,839,8,4656,90,83,80
839,209,1,840,5,4661,66,63,50
840,209,1,841,8,4669,87,80,80
841,209,1,842,7,4676,73,73,70
842,209,1,843,7,4683,80,75,70
843,209,1,844,6,4689,65,65,60
844,209,1,845,8,4697,83,78,80
845,209,1,846,3,4700,35,33,30
846,209,1,847,8,4708,87,80,80
847,209,1,848,7,4715,66,66,70
848,209,1,849,2,4717,16,16,20
849,209,1,850,7,4724,73,73,70
850,209,1,851,5,4729,52,47,50
851,209,1,852,2,4731,36,36,20
852,209,1,853,8,4739,70,70,80
853,209,1,854,5,4744,48,48,50
854,209,1,855,9,4753,87,84,90
855,209,1,856,7,4760,71,71,70
856,209,1,857,9,4769,91,91,90
857,209,1,858,8,4777,68,68,80
858,209,1,859,6,4783,65,64,60
859,209,1,860,5,4788,69,69,50
860,209,1,861,8,4796,83,79,80
861,209,1,862,2,4798,25,22,20
862,209,1,863,4,4802,57,57,40
863,209,1,864,6,4808,71,71,60
864,209,1,865,6,4814,58,58,60
865,209,1,866,7,4821,89,84,70
866,209,1,867,3,4824,35,30,30
867,209,1,868,4,4828,35,35,40
868,209,1,869,9,4837,99,99,90
869,209,1,870,6,4843,55,55,60
870,209,1,871,4,4847,38,36,40
871,209,1,872,4,4851,42,42,40
872,209,1,873,7,4858,81,76,70
873,209,1,874,8,4866,87,87,80
874,209,1,875,4,4870,36,36,40
875,209,1,876,9,4879,89,89,90
876,209,1,877,7,4886,79,79,70
877,209,1,878,4,4890,41,41,40
878,209,1,879,9,4899,93,93,90
879,209,1,880,8,4907,64,64,80
880,209,1,881,6,4913,62,62,60
881,209,1,882,4,4917,29,29,40
882,209,1,883,3,4920,26,26,30
883,209,1,884,5,4925,60,60,50
884,209,1,885,9,4934,88,88,90
885,209,1,886,3,4937,24,23,30
886,209,1,887,9,4946,99,95,90
887,209,1,888,4,4950,51,51,40
888,209,1,889,9,4959,90,90,90
889,209,1,890,3,4962,30,30,30
890,209,1,891,4,4966,40,36,40
891,209,1,892,5,4971,56,54,50
892,209,1,893,9,4980,85,85,90
893,209,1,894,5,4985,60,56,50
894,209,1,895,2,4987,22,21,20
895,209,1,896,2,4989,23,19,20
896,209,1,897,3,4992,42,39,30
897,209,2,1,7,7,78,74,70
898,209,2,2,2,9,23,23,20
899,209,2,3,4,13,45,45,40
900,209,2,4,8,21,78,73,80
901,209,2,5,4,25,46,46,40
902,209,2,6,2,27,16,15,20
903,209,2,7,6,33,66,66,60
904,209,2,8,4,37,55,49,40
905,209,2,9,2,39,27,24,20
906,209,2,10,3,42,23,23,30
907,209,2,11,8,50,87,87,80
908,209,2,12,5,55,44,44,50
909,209,2,13,4,59,38,38,40
910,209,2,14,5,64,53,52,50
911,209,2,15,6,70,63,58,60
912,209,2,16,7,77,70,70,70
913,209,2,17,9,86,102,102,90
914,209,2,18,9,95,84,78,90
915,209,2,19,9,104,87,87,90
916,209,2,20,5,109,40,40,50
917,209,2,21,8,117,64,64,80
918,209,2,22,6,123,76,76,60
919,209,2,23,4,127,39,36,40
920,209,2,24,9,136,102,102,90
921,209,2,25,8,144,64,64,80
922,209,2,26,6,150,61,61,60
923,209,2,27,4,154,36,36,40
924,209,2,28,7,161,78,73,70
925,209,2,29,8,169,104,95,80
926,209,2,30,7,176,82,82,70
927,209,2,31,4,180,33,28,40
928,209,2,32,2,182,30,26,20
929,209,2,33,6,188,58,58,60
930,209,2,34,3,191,33,31,30
931,209,2,35,3,194,32,32,30
932,209,2,36,9,203,103,103,90
933,209,2,37,5,208,45,45,50
934,209,2,38,2,210,17,15,20
935,209,2,39,4,214,48,48,40
936,209,2,40,6,220,59,59,60
937,209,2,41,9,229,88,88,90
938,209,2,42,4,233,38,38,40
939,209,2,43,2,235,19,18,20
940,209,2,44,8,243,87,87,80
941,209,2,45,6,249,44,44,60
942,209,2,46,3,252,33,31,30
943,209,2,47,8,260,82,82,80
944,209,2,48,3,263,29,25,30
945,209,2,49,6,269,53,53,60
946,209,2,50,2,271,19,16,20
947,209,2,51,3,274,27,24,30
948,209,2,52,3,277,30,27,30
949,209,2,53,4,281,41,39,40
950,209,2,54,2,283,17,17,20
951,209,2,55,7,290,91,91,70
952,209,2,56,5,295,52,52,50
953,209,2,57,6,301,50,50,60
954,209,2,58,6,307,63,63,60
955,209,2,59,5,312,56,50,50
956,209,2,60,7,319,96,96,70
957,209,2,61,3,322,36,35,30
958,209,2,62,3,325,23,19,30
959,209,2,63,5,330,57,54,50
960,209,2,64,4,334,42,40,40
961,209,2,65,5,339,47,46,50
962,209,2,66,8,347,82,82,80
963,209,2,67,8,355,70,70,80
964,209,2,68,6,361,48,48,60
965,209,2,69,9,370,98,98,90
966,209,2,70,4,374,42,42,40
967,209,2,71,9,383,91,91,90
968,209,2,72,4,387,38,36,40
969,209,2,73,5,392,61,61,50
970,209,2,74,9,401,78,73,90
971,209,2,75,4,405,39,39,40
972,209,2,76,5,410,35,35,50
973,209,2,77,9,419,77,73,90
974,209,2,78,3,422,29,27,30
975,209,2,79,8,430,78,78,80
976,209,2,80,8,438,83,83,80
977,209,2,81,9,447,92,86,90
978,209,2,82,5,452,62,55,50
979,209,2,83,3,455,37,33,30
980,209,2,84,2,457,29,29,20
981,209,2,85,8,465,80,76,80
982,209,2,86,5,470,50,46,50
983,209,2,87,8,478,91,86,80
984,209,2,88,2,480,27,27,20
985,209,2,89,7,487,75,75,70
986,209,2,90,6,493,57,57,60
987,209,2,91,9,502,78,78,90
988,209,2,92,4,506,40,40,40
989,209,2,93,3,509,24,24,30
990,209,2,94,6,515,61,57,60
991,209,2,95,3,518,41,37,30
992,209,2,96,3,521,32,29,30
993,209,2,97,3,524,29,28,30
994,209,2,98,4,528,43,43,40
995,209,2,99,2,530,17,16,20
996,209,2,100,9,539,76,76,90
997,209,2,101,8,547,75,68,80
998,209,2,102,4,551,51,51,40
999,209,2,103,3,554,30,30,30
1000,209,2,104,5,559,54,52,50
1001,209,2,105,7,566,60,60,70
1002,209,2,106,4,570,33,33,40
1003,209,2,107,4,574,43,40,40
1004,209,2,108,7,581,54,49,70
1005,209,2,109,3,584,47,42,30
1006,209,2,110,6,590,95,95,60
1007,209,2,111,6,596,57,55,60
1008,209,2,112,7,603,97,97,70
1009,209,2,113,5,608,53,48,50
1010,209,2,114,4,612,52,48,40
1011,209,2,115,6,618,64,54,60
1012,209,2,116,4,622,57,51,40
1013,209,2,117,9,631,105,95,90
1014,209,2,118,3,634,35,35,30
1015,209,2,119,4,638,29,26,40
1016,209,2,120,6,644,63,61,60
1017,209,2,121,4,648,52,52,40
1018,209,2,122,7,655,73,69,70
1019,209,2,123,4,659,43,40,40
1020,209,2,124,6,665,77,77,60
1021,209,2,125,7,672,65,65,70
1022,209,2,126,2,674,18,18,20
1023,209,2,127,8,682,70,70,80
1024,209,2,128,9,691,69,69,90
1025,209,2,129,9,700,83,83,90
1026,209,2,130,8,708,101,97,80
1027,209,2,131,6,714,51,51,60
1028,209,2,132,4,718,47,43,40
1029,209,2,133,8,726,59,59,80
1030,209,2,134,3,729,37,33,30
1031,209,2,135,8,737,110,110,80
1032,209,2,136,5,742,56,56,50
1033,209,2,137,2,744,25,25,20
1034,209,2,138,2,746,17,17,20
1035,209,2,139,8,754,78,78,80
1036,209,2,140,3,757,41,41,30
1037,209,2,141,8,765,74,71,80
1038,209,2,142,2,767,21,21,20
1039,209,2,143,4,771,44,43,40
1040,209,2,144,6,777,62,62,60
1041,209,2,145,4,781,32,32,40
1042,209,2,146,4,785,29,27,40
1043,209,2,147,3,788,32,31,30
1044,209,2,148,3,791,32,32,30
1045,209,2,149,4,795,30,30,40
1046,209,2,150,7,802,72,72,70
1047,209,2,151,4,806,31,31,40
1048,209,2,152,5,811,56,56,50
1049,209,2,153,6,817,66,66,60
1050,209,2,154,6,823,71,71,60
1051,209,2,155,4,827,29,29,40
1052,209,2,156,8,835,83,83,80
1053,209,2,157,6,841,61,61,60
1054,209,2,158,2,843,13,12,20
1055,209,2,159,6,849,51,44,60
1056,209,2,160,7,856,91,91,70
1057,209,2,161,5,861,42,42,50
1058,209,2,162,8,869,63,63,80
1059,209,2,163,7,876,71,71,70
1060,209,2,164,2,878,21,21,20
1061,209,2,165,3,881,29,29,30
1062,209,2,166,6,887,67,64,60
1063,209,2,167,3,890,30,28,30
1064,209,2,168,3,893,33,28,30
1065,209,2,169,4,897,54,48,40
1066,209,2,170,5,902,58,58,50
1067,209,2,171,9,911,92,92,90
1068,209,2,172,3,914,31,29,30
1069,209,2,173,3,917,28,27,30
1070,209,2,174,6,923,61,54,60
1071,209,2,175,2,925,34,34,20
1072,209,2,176,5,930,45,43,50
1073,209,2,177,7,937,75,69,70
1074,209,2,178,6,943,65,64,60
1075,209,2,179,9,952,82,82,90
1076,209,2,180,5,957,59,59,50
1077,209,2,181,3,960,35,34,30
1078,209,2,182,2,962,19,17,20
1079,209,2,183,6,968,62,58,60
1080,209,2,184,6,974,53,51,60
1081,209,2,185,6,980,61,57,60
1082,209,2,186,3,983,30,30,30
1083,209,2,187,9,992,99,99,90
1084,209,2,188,9,1001,88,88,90
1085,209,2,189,2,1003,18,15,20
1086,209,2,190,2,1005,28,27,20
1087,209,2,191,3,1008,37,34,30
1088,209,2,192,2,1010,26,26,20
1089,209,2,193,7,1017,65,65,70
1090,209,2,194,3,1020,20,19,30
1091,209,2,195,6,1026,64,58,60
1092,209,2,196,4,1030,45,45,40
1093,209,2,197,8,1038,81,74,80
1094,209,2,198,4,1042,46,43,40
1095,209,2,199,8,1050,71,68,80
1096,209,2,200,8,1058,77,77,80
1097,209,2,201,2,1060,26,26,20
1098,209,2,202,3,1063,30,30,30
1099,209,2,203,7,1070,59,59,70
1100,209,2,204,9,1079,90,90,90
1101,209,2,205,5,1084,54,54,50
1102,209,2,206,9,1093,78,78,90
1103,209,2,207,3,1096,32,28,30
1104,209,2,208,7,1103,71,68,70
1105,209,2,209,4,1107,45,42,40
1106,209,2,210,7,1114,71,69,70
1107,209,2,211,3,1117,28,26,30
1108,209,2,212,2,1119,25,22,20
1109,209,2,213,9,1128,104,104,90
1110,209,2,214,2,1130,13,13,20
1111,209,2,215,8,1138,97,94,80
1112,209,2,216,6,1144,74,74,60
1113,209,2,217,9,1153,95,86,90
1114,209,2,218,6,1159,68,63,60
1115,209,2,219,5,1164,52,52,50
1116,209,2,220,2,1166,20,19,20
1117,209,2,221,7,1173,85,82,70
1118,209,2,222,4,1177,47,47,40
1119,209,2,223,7,1184,65,65,70
1120,209,2,224,8,1192,77,77,80
1121,209,2,225,3,1195,33,30,30
1122,209,2,226,5,1200,59,56,50
1123,209,2,227,6,1206,57,54,60
1124,209,2,228,9,1215,90,85,90
1125,209,2,229,3,1218,41,41,30
1126,209,2,230,5,1223,48,41,50
1127,209,2,231,2,1225,24,24,20
1128,209,2,232,4,1229,34,34,40
1129,209,2,233,8,1237,77,75,80
1130,209,2,234,2,1239,19,17,20
1131,209,2,235,7,1246,73,71,70
1132,209,2,236,7,1253,53,53,70
1133,209,2,237,5,1258,56,56,50
1134,209,2,238,4,1262,41,35,40
1135,209,2,239,5,1267,51,48,50
1136,209,2,240,8,1275,89,89,80
1137,209,2,241,8,1283,74,71,80
1138,209,2,242,2,1285,26,26,20
1139,209,2,243,7,1292,62,62,70
1140,209,2,244,3,1295,32,32,30
1141,209,2,245,9,1304,114,106,90
1142,209,2,246,9,1313,104,104,90
1143,209,2,247,4,1317,39,39,40
1144,209,2,248,2,1319,20,19,20
1145,209,2,249,8,1327,74,74,80
1146,209,2,250,9,1336,95,88,90
1147,209,2,251,3,1339,34,34,30
1148,209,2,252,8,1347,71,68,80
1149,209,2,253,3,1350,36,32,30
1150,209,2,254,4,1354,45,45,40
1151,209,2,255,2,1356,28,28,20
1152,209,2,256,6,1362,67,64,60
1153,209,2,257,2,1364,22,19,20
1154,209,2,258,3,1367,33,30,30
1155,209,2,259,3,1370,38,37,30
1156,209,2,260,9,1379,91,87,90
1157,209,2,261,8,1387,73,72,80
1158,209,2,262,5,1392,53,48,50
1159,209,2,263,3,1395,33,33,30
1160,209,2,264,3,1398,17,17,30
1161,209,2,265,4,1402,41,41,40
1162,209,2,266,6,1408,54,54,60
1163,209,2,267,8,1416,90,90,80
1164,209,2,268,8,1424,70,67,80
1165,209,2,269,5,1429,54,54,50
1166,209,2,270,6,1435,51,49,60
1167,209,2,271,9,1444,95,95,90
1168,209,2,272,8,1452,88,88,80
1169,209,2,273,9,1461,75,75,90
1170,209,2,274,6,1467,56,55,60
1171,209,2,275,5,1472,48,48,50
1172,209,2,276,7,1479,65,62,70
1173,209,2,277,7,1486,79,79,70
1174,209,2,278,4,1490,43,43,40
1175,209,2,279,4,1494,30,28,40
1176,209,2,280,7,1501,65,62,70
1177,209,2,281,5,1506,63,60,50
1178,209,2,282,8,1514,83,78,80
1179,209,2,283,7,1521,80,80,70
1180,209,2,284,2,1523,21,21,20
1181,209,2,285,7,1530,74,74,70
1182,209,2,286,7,1537,61,58,70
1183,209,2,287,8,1545,74,74,80
1184,209,2,288,7,1552,51,51,70
1185,209,2,289,5,1557,40,40,50
1186,209,2,290,4,1561,41,40,40
1187,209,2,291,5,1566,58,56,50
1188,209,2,292,7,1573,74,74,70
1189,209,2,293,9,1582,83,83,90
1190,209,2,294,6,1588,60,60,60
1191,209,2,295,2,1590,18,16,20
1192,209,2,296,8,1598,77,77,80
1193,209,2,297,2,1600,21,20,20
1194,209,2,298,5,1605,48,48,50
1195,209,2,299,2,1607,12,12,20
1196,209,2,300,7,1614,74,74,70
1197,209,2,301,7,1621,80,80,70
1198,209,2,302,6,1627,52,52,60
1199,209,2,303,7,1634,71,71,70
1200,209,2,304,8,1642,59,58,80
1201,209,2,305,2,1644,25,25,20
1202,209,2,306,6,1650,55,55,60
1203,209,2,307,5,1655,56,53,50
1204,209,2,308,2,1657,23,23,20
1205,209,2,309,3,1660,27,24,30
1206,209,2,310,5,1665,58,58,50
1207,209,2,311,7,1672,68,65,70
1208,209,2,312,4,1676,49,46,40
1209,209,2,313,9,1685,94,87,90
1210,209,2,314,2,1687,22,19,20
1211,209,2,315,8,1695,82,74,80
1212,209,2,316,9,1704,99,99,90
1213,209,2,317,4,1708,31,31,40
1214,209,2,318,5,1713,51,51,50
1215,209,2,319,8,1721,66,66,80
1216,209,2,320,4,1725,41,41,40
1217,209,2,321,7,1732,75,68,70
1218,209,2,322,4,1736,51,51,40
1219,209,2,323,5,1741,43,41,50
1220,209,2,324,3,1744,35,35,30
1221,209,2,325,3,1747,34,34,30
1222,209,2,326,8,1755,81,76,80
1223,209,2,327,9,1764,106,102,90
1224,209,2,328,6,1770,66,61,60
1225,209,2,329,2,1772,26,26,20
1226,209,2,330,5,1777,45,45,50
1227,209,2,331,3,1780,31,31,30
1228,209,2,332,6,1786,67,65,60
1229,209,2,333,6,1792,62,62,60
1230,209,2,334,6,1798,44,42,60
1231,209,2,335,7,1805,68,68,70
1232,209,2,336,3,1808,33,33,30
1233,209,2,337,5,1813,60,58,50
1234,209,2,338,5,1818,54,53,50
1235,209,2,339,9,1827,91,91,90
1236,209,2,340,6,1833,55,55,60
1237,209,2,341,3,1836,29,29,30
1238,209,2,342,5,1841,60,60,50
1239,209,2,343,8,1849,67,67,80
1240,209,2,344,2,1851,25,23,20
1241,209,2,345,9,1860,75,75,90
1242,209,2,346,2,1862,18,18,20
1243,209,2,347,9,1871,71,66,90
1244,209,2,348,3,1874,33,30,30
1245,209,2,349,7,1881,72,72,70
1246,209,2,350,2,1883,8,8,20
1247,209,2,351,6,1889,71,68,60
1248,209,2,352,5,1894,43,43,50
1249,209,2,353,8,1902,75,70,80
1250,209,2,354,3,1905,25,25,30
1251,209,2,355,9,1914,86,86,90
1252,209,2,356,9,1923,102,102,90
1253,209,2,357,3,1926,37,37,30
1254,209,2,358,5,1931,44,38,50
1255,209,2,359,8,1939,72,72,80
1256,209,2,360,9,1948,99,96,90
1257,209,2,361,3,1951,23,23,30
1258,209,2,362,3,1954,40,37,30
1259,209,2,363,4,1958,43,42,40
1260,209,2,364,9,1967,88,88,90
1261,209,2,365,6,1973,56,55,60
1262,209,2,366,8,1981,95,95,80
1263,209,2,367,3,1984,31,31,30
1264,209,2,368,5,1989,51,51,50
1265,209,2,369,9,1998,79,75,90
1266,209,2,370,7,2005,68,68,70
1267,209,2,371,7,2012,69,69,70
1268,209,2,372,2,2014,18,18,20
1269,209,2,373,9,2023,97,97,90
1270,209,2,374,9,2032,79,75,90
1271,209,2,375,2,2034,21,19,20
1272,209,2,376,5,2039,58,58,50
1273,209,2,377,5,2044,57,51,50
1274,209,2,378,7,2051,73,68,70
1275,209,2,379,4,2055,49,43,40
1276,209,2,380,2,2057,25,23,20
1277,209,2,381,3,2060,36,36,30
1278,209,2,382,3,2063,43,41,30
1279,209,2,383,7,2070,73,69,70
1280,209,2,384,5,2075,48,42,50
1281,209,2,385,6,2081,59,59,60
1282,209,2,386,2,2083,19,19,20
1283,209,2,387,9,2092,107,107,90
1284,209,2,388,7,2099,66,66,70
1285,209,2,389,2,2101,21,21,20
1286,209,2,390,9,2110,90,84,90
1287,209,2,391,3,2113,35,35,30
1288,209,2,392,9,2122,78,74,90
1289,209,2,393,2,2124,28,27,20
1290,209,2,394,3,2127,24,24,30
1291,209,2,395,2,2129,32,32,20
1292,209,2,396,8,2137,80,78,80
1293,209,2,397,9,2146,90,90,90
1294,209,2,398,2,2148,20,18,20
1295,209,2,399,5,2153,63,63,50
1296,209,2,400,3,2156,23,23,30
1297,209,2,401,7,2163,82,78,70
1298,209,2,402,8,2171,93,87,80
1299,209,2,403,8,2179,102,96,80
1300,209,2,404,4,2183,42,39,40
1301,209,2,405,3,2186,26,24,30
1302,209,2,406,2,2188,23,23,20
1303,209,2,407,5,2193,30,30,50
1304,209,2,408,8,2201,75,69,80
1305,209,2,409,4,2205,43,39,40
1306,209,2,410,7,2212,69,69,70
1307,209,2,411,7,2219,79,75,70
1308,209,2,412,3,2222,38,38,30
1309,209,2,413,5,2227,51,47,50
1310,209,2,414,8,2235,73,73,80
1311,209,2,415,6,2241,61,61,60
1312,209,2,416,8,2249,63,63,80
1313,209,2,417,3,2252,28,25,30
1314,209,2,418,7,2259,66,59,70
1315,209,2,419,6,2265,74,71,60
1316,209,2,420,4,2269,39,37,40
1317,209,2,421,3,2272,26,26,30
1318,209,2,422,4,2276,44,43,40
1319,209,2,423,7,2283,71,71,70
1320,209,2,424,6,2289,53,53,60
1321,209,2,425,3,2292,27,25,30
1322,209,2,426,4,2296,41,37,40
1323,209,2,427,7,2303,79,79,70
1324,209,2,428,6,2309,58,58,60
1325,209,2,429,6,2315,60,58,60
1326,209,2,430,8,2323,96,92,80
1327,209,2,431,4,2327,48,47,40
1328,209,2,432,3,2330,25,25,30
1329,209,2,433,6,2336,63,63,60
1330,209,2,434,9,2345,93,93,90
1331,209,2,435,8,2353,73,70,80
1332,209,2,436,9,2362,94,88,90
1333,209,2,437,5,2367,53,53,50
1334,209,2,438,4,2371,29,24,40
1335,209,2,439,5,2376,62,58,50
1336,209,2,440,6,2382,59,59,60
1337,209,2,441,7,2389,59,52,70
1338,209,2,442,6,2395,68,68,60
1339,209,2,443,8,2403,98,90,80
1340,209,2,444,7,2410,70,70,70
1341,209,2,445,8,2418,79,79,80
1342,209,2,446,5,2423,69,69,50
1343,209,2,447,4,2427,34,32,40
1344,209,2,448,2,2429,29,27,20
1345,209,2,449,3,2432,29,27,30
1346,209,2,450,6,2438,64,61,60
1347,209,2,451,4,2442,47,47,40
1348,209,2,452,9,2451,77,72,90
1349,209,2,453,8,2459,96,96,80
1350,209,2,454,5,2464,60,56,50
1351,209,2,455,8,2472,74,74,80
1352,209,2,456,9,2481,84,80,90
1353,209,2,457,6,2487,60,60,60
1354,209,2,458,5,2492,40,39,50
1355,209,2,459,8,2500,93,93,80
1356,209,2,460,8,2508,75,71,80
1357,209,2,461,6,2514,62,62,60
1358,209,2,462,7,2521,75,75,70
1359,209,2,463,9,2530,103,103,90
1360,209,2,464,9,2539,73,70,90
1361,209,2,465,5,2544,60,60,50
1362,209,2,466,9,2553,87,82,90
1363,209,2,467,6,2559,58,58,60
1364,209,2,468,9,2568,102,102,90
1365,209,2,469,8,2576,84,78,80
1366,209,2,470,6,2582,53,53,60
1367,209,2,471,8,2590,92,87,80
1368,209,2,472,8,2598,82,82,80
1369,209,2,473,8,2606,81,76,80
1370,209,2,474,8,2614,100,94,80
1371,209,2,475,4,2618,46,46,40
1372,209,2,476,4,2622,29,25,40
1373,209,2,477,6,2628,57,57,60
1374,209,2,478,2,2630,15,15,20
1375,209,2,479,4,2634,42,42,40
1376,209,2,480,3,2637,31,31,30
1377,209,2,481,2,2639,18,17,20
1378,209,2,482,7,2646,69,69,70
1379,209,2,483,5,2651,44,44,50
1380,209,2,484,5,2656,56,54,50
1381,209,2,485,9,2665,97,93,90
1382,209,2,486,5,2670,56,54,50
1383,209,2,487,5,2675,44,42,50
1384,209,2,488,9,2684,71,65,90
1385,209,2,489,5,2689,57,54,50
1386,209,2,490,4,2693,49,49,40
1387,209,2,491,7,2700,74,69,70
1388,209,2,492,7,2707,78,78,70
1389,209,2,493,4,2711,46,41,40
1390,209,2,494,9,2720,79,79,90
1391,209,2,495,4,2724,46,44,40
1392,209,2,496,6,2730,55,54,60
1393,209,2,497,6,2736,54,54,60
1394,209,2,498,9,2745,76,70,90
1395,209,2,499,4,2749,51,51,40
1396,209,2,500,5,2754,63,63,50
1397,209,2,501,6,2760,54,54,60
1398,209,2,502,9,2769,96,89,90
1399,209,2,503,4,2773,45,45,40
1400,209,2,504,2,2775,18,18,20
1401,209,2,505,3,2778,28,25,30
1402,209,2,506,6,2784,67,67,60
1403,209,2,507,5,2789,45,42,50
1404,209,2,508,6,2795,65,63,60
1405,209,2,509,7,2802,57,57,70
1406,209,2,510,8,2810,73,68,80
1407,209,2,511,2,2812,24,24,20
1408,209,2,512,6,2818,64,64,60
1409,209,2,513,3,2821,31,29,30
1410,209,2,514,9,2830,81,81,90
1411,209,2,515,5,2835,58,58,50
1412,209,2,516,8,2843,85,85,80
1413,209,2,517,6,2849,67,63,60
1414,209,2,518,6,2855,69,69,60
1415,209,2,519,9,2864,88,88,90
1416,209,2,520,4,2868,35,34,40
1417,209,2,521,5,2873,39,39,50
1418,209,2,522,6,2879,57,53,60
1419,209,2,523,3,2882,34,33,30
1420,209,2,524,6,2888,65,65,60
1421,209,2,525,8,2896,91,91,80
1422,209,2,526,7,2903,69,69,70
1423,209,2,527,8,2911,78,78,80
1424,209,2,528,8,2919,84,78,80
1425,209,2,529,8,2927,78,74,80
1426,209,2,530,5,2932,55,55,50
1427,209,2,531,2,2934,19,19,20
1428,209,2,532,4,2938,45,42,40
1429,209,2,533,6,2944,64,60,60
1430,209,2,534,6,2950,64,64,60
1431,209,2,535,8,2958,76,76,80
1432,209,2,536,8,2966,81,81,80
1433,209,2,537,3,2969,17,16,30
1434,209,2,538,5,2974,47,41,50
1435,209,2,539,5,2979,51,51,50
1436,209,2,540,2,2981,20,19,20
1437,209,2,541,5,2986,52,52,50
1438,209,2,542,7,2993,63,63,70
1439,209,2,543,5,2998,51,51,50
1440,209,2,544,5,3003,63,57,50
1441,209,2,545,5,3008,58,58,50
1442,209,2,546,5,3013,54,54,50
1443,209,2,547,8,3021,71,71,80
1444,209,2,548,3,3024,32,28,30
1445,209,2,549,2,3026,27,25,20
1446,209,2,550,4,3030,41,38,40
1447,209,2,551,9,3039,83,75,90
1448,209,2,552,4,3043,49,49,40
1449,209,2,553,2,3045,15,15,20
1450,209,2,554,3,3048,30,26,30
1451,209,2,555,2,3050,24,23,20
1452,209,2,556,9,3059,90,90,90
1453,209,2,557,3,3062,32,27,30
1454,209,2,558,3,3065,40,40,30
1455,209,2,559,8,3073,85,84,80
1456,209,2,560,4,3077,40,40,40
1457,209,2,561,2,3079,17,17,20
1458,209,2,562,3,3082,31,31,30
1459,209,2,563,3,3085,27,27,30
1460,209,2,564,9,3094,92,85,90
1461,209,2,565,5,3099,55,53,50
1462,209,2,566,6,3105,58,55,60
1463,209,2,567,8,3113,86,82,80
1464,209,2,568,6,3119,66,65,60
1465,209,2,569,3,3122,30,28,30
1466,209,2,570,9,3131,105,99,90
1467,209,2,571,3,3134,40,38,30
1468,209,2,572,2,3136,29,28,20
1469,209,2,573,9,3145,85,85,90
1470,209,2,574,5,3150,61,57,50
1471,209,2,575,5,3155,50,50,50
1472,209,2,576,3,3158,37,36,30
1473,209,2,577,2,3160,20,20,20
1474,209,2,578,3,3163,29,28,30
1475,209,2,579,7,3170,75,70,70
1476,209,2,580,3,3173,33,33,30
1477,209,2,581,4,3177,40,40,40
1478,209,2,582,2,3179,25,25,20
1479,209,2,583,8,3187,74,74,80
1480,209,2,584,3,3190,40,40,30
1481,209,2,585,5,3195,50,48,50
1482,209,2,586,3,3198,23,23,30
1483,209,2,587,6,3204,63,63,60
1484,209,2,588,8,3212,69,69,80
1485,209,2,589,3,3215,28,25,30
1486,209,2,590,2,3217,29,29,20
1487,209,2,591,4,3221,45,45,40
1488,209,2,592,8,3229,91,87,80
1489,209,2,593,7,3236,64,60,70
1490,209,2,594,9,3245,104,104,90
1491,209,2,595,9,3254,90,86,90
1492,209,2,596,7,3261,68,64,70
1493,209,2,597,3,3264,33,31,30
1494,209,2,598,2,3266,16,14,20
1495,209,2,599,7,3273,76,69,70
1496,209,2,600,9,3282,93,93,90
1497,209,2,601,7,3289,73,73,70
1498,209,2,602,3,3292,22,21,30
1499,209,2,603,8,3300,90,83,80
1500,209,2,604,5,3305,54,51,50
1501,209,2,605,6,3311,65,65,60
1502,209,2,606,2,3313,17,15,20
1503,209,2,607,6,3319,60,54,60
1504,209,2,608,8,3327,77,75,80
1505,209,2,609,5,3332,56,56,50
1506,209,2,610,7,3339,69,69,70
1507,209,2,611,9,3348,87,82,90
1508,209,2,612,4,3352,40,40,40
1509,209,2,613,8,3360,89,83,80
1510,209,2,614,8,3368,88,84,80
1511,209,2,615,5,3373,57,57,50
1512,209,2,616,9,3382,96,96,90
1513,209,2,617,9,3391,110,110,90
1514,209,2,618,3,3394,29,27,30
1515,209,2,619,9,3403,85,79,90
1516,209,2,620,3,3406,26,23,30
1517,209,2,621,4,3410,44,40,40
1518,209,2,622,4,3414,48,48,40
1519,209,2,623,5,3419,50,46,50
1520,209,2,624,2,3421,21,21,20
1521,209,2,625,6,3427,65,65,60
1522,209,2,626,7,3434,56,55,70
1523,209,2,627,7,3441,74,72,70
1524,209,2,628,2,3443,20,20,20
1525,209,2,629,5,3448,40,40,50
1526,209,2,630,7,3455,78,78,70
1527,209,2,631,5,3460,48,48,50
1528,209,2,632,3,3463,33,26,30
1529,209,2,633,6,3469,74,69,60
1530,209,2,634,8,3477,78,78,80
1531,209,2,635,7,3484,75,72,70
1532,209,2,636,8,3492,94,94,80
1533,209,2,637,6,3498,56,52,60
1534,209,2,638,3,3501,44,39,30
1535,209,2,639,8,3509,94,94,80
1536,209,2,640,2,3511,17,17,20
1537,209,2,641,5,3516,49,49,50
1538,209,2,642,6,3522,53,52,60
1539,209,2,643,6,3528,57,57,60
1540,209,2,644,8,3536,87,87,80
1541,209,2,645,7,3543,82,82,70
1542,209,2,646,8,3551,88,88,80
1543,209,2,647,7,3558,68,64,70
1544,209,2,648,9,3567,97,91,90
1545,209,2,649,3,3570,40,38,30
1546,209,2,650,9,3579,104,96,90
1547,209,2,651,4,3583,40,40,40
1548,209,2,652,7,3590,73,73,70
1549,209,2,653,6,3596,51,46,60
1550,209,2,654,8,3604,83,77,80
1551,209,2,655,9,3613,81,81,90
1552,209,2,656,6,3619,63,63,60
1553,209,2,657,6,3625,73,70,60
1554,209,2,658,3,3628,18,18,30
1555,209,2,659,9,3637,92,92,90
1556,209,2,660,6,3643,66,66,60
1557,209,2,661,2,3645,34,34,20
1558,209,2,662,2,3647,22,19,20
1559,209,2,663,7,3654,76,76,70
1560,209,2,664,8,3662,87,80,80
1561,209,2,665,9,3671,100,90,90
1562,209,2,666,5,3676,62,59,50
1563,209,2,667,2,3678,28,25,20
1564,209,2,668,8,3686,79,79,80
1565,209,2,669,8,3694,74,74,80
1566,209,2,670,6,3700,60,57,60
1567,209,2,671,2,3702,30,30,20
1568,209,2,672,3,3705,36,34,30
1569,209,2,673,9,3714,96,96,90
1570,209,2,674,7,3721,67,67,70
1571,209,2,675,9,3730,81,78,90
1572,209,2,676,3,3733,25,25,30
1573,209,2,677,5,3738,50,50,50
1574,209,2,678,7,3745,75,71,70
1575,209,2,679,6,3751,72,72,60
1576,209,2,680,7,3758,76,72,70
1577,209,2,681,5,3763,46,46,50
1578,209,2,682,5,3768,65,61,50
1579,209,2,683,3,3771,32,29,30
1580,209,2,684,6,3777,69,67,60
1581,209,2,685,5,3782,52,52,50
1582,209,2,686,7,3789,73,70,70
1583,209,2,687,6,3795,56,56,60
1584,209,2,688,9,3804,92,92,90
1585,209,2,689,2,3806,13,13,20
1586,209,2,690,9,3815,97,92,90
1587,209,2,691,4,3819,44,42,40
1588,209,2,692,3,3822,35,32,30
1589,209,2,693,7,3829,68,62,70
1590,209,2,694,4,3833,41,37,40
1591,209,2,695,6,3839,59,59,60
1592,209,2,696,7,3846,65,65,70
1593,209,2,697,5,3851,49,49,50
1594,209,2,698,4,3855,44,44,40
1595,209,2,699,4,3859,41,39,40
1596,209,2,700,4,3863,35,35,40
1597,209,2,701,5,3868,52,47,50
1598,209,2,702,3,3871,28,28,30
1599,209,2,703,9,3880,82,82,90
1600,209,2,704,5,3885,37,37,50
1601,209,2,705,8,3893,59,59,80
1602,209,2,706,9,3902,84,84,90
1603,209,2,707,5,3907,48,48,50
1604,209,2,708,7,3914,71,67,70
1605,209,2,709,5,3919,52,49,50
1606,209,2,710,8,3927,73,70,80
1607,209,2,711,5,3932,53,53,50
1608,209,2,712,8,3940,98,98,80
1609,209,2,713,5,3945,44,44,50
1610,209,2,714,7,3952,74,74,70
1611,209,2,715,9,3961,86,86,90
1612,209,2,716,8,3969,93,89,80
1613,209,2,717,4,3973,49,49,40
1614,209,2,718,5,3978,38,35,50
1615,209,2,719,8,3986,65,59,80
1616,209,2,720,8,3994,81,76,80
1617,209,2,721,5,3999,58,58,50
1618,209,2,722,6,4005,76,75,60
1619,209,2,723,4,4009,40,38,40
1620,209,2,724,6,4015,65,65,60
1621,209,2,725,8,4023,74,68,80
1622,209,2,726,6,4029,53,50,60
1623,209,2,727,7,4036,72,68,70
1624,209,2,728,8,4044,77,77,80
1625,209,2,729,6,4050,61,56,60
1626,209,2,730,9,4059,100,96,90
1627,209,2,731,9,4068,100,100,90
1628,209,2,732,8,4076,108,108,80
1629,209,2,733,7,4083,77,77,70
1630,209,2,734,9,4092,81,76,90
1631,209,2,735,9,4101,89,89,90
1632,209,2,736,3,4104,27,24,30
1633,209,2,737,9,4113,88,83,90
1634,209,2,738,4,4117,49,45,40
1635,209,2,739,3,4120,32,30,30
1636,209,2,740,5,4125,53,53,50
1637,209,2,741,6,4131,58,54,60
1638,209,2,742,4,4135,37,34,40
1639,209,2,743,8,4143,95,95,80
1640,209,2,744,8,4151,84,79,80
1641,209,2,745,9,4160,98,98,90
1642,209,2,746,3,4163,25,25,30
1643,209,2,747,8,4171,62,62,80
1644,209,2,748,8,4179,87,87,80
1645,209,2,749,7,4186,57,57,70
1646,209,2,750,8,4194,60,57,80
1647,209,2,751,6,4200,60,55,60
1648,209,2,752,2,4202,25,25,20
1649,209,2,753,3,4205,30,24,30
1650,209,2,754,6,4211,66,64,60
1651,209,2,755,4,4215,48,48,40
1652,209,2,756,8,4223,73,73,80
1653,209,2,757,4,4227,44,41,40
1654,209,2,758,5,4232,46,46,50
1655,209,2,759,7,4239,66,66,70
1656,209,2,760,6,4245,51,51,60
1657,209,2,761,3,4248,30,27,30
1658,209,2,762,9,4257,90,90,90
1659,209,2,763,8,4265,86,80,80
1660,209,2,764,6,4271,63,63,60
1661,209,2,765,2,4273,21,21,20
1662,209,2,766,6,4279,57,57,60
1663,209,2,767,8,4287,79,75,80
1664,209,2,768,5,4292,55,55,50
1665,209,2,769,3,4295,35,32,30
1666,209,2,770,3,4298,37,37,30
1667,209,2,771,4,4302,33,33,40
1668,209,2,772,8,4310,84,79,80
1669,209,2,773,2,4312,30,30,20
1670,209,2,774,7,4319,62,62,70
1671,209,2,775,4,4323,42,37,40
1672,209,2,776,8,4331,88,88,80
1673,209,2,777,4,4335,42,37,40
1674,209,2,778,6,4341,78,78,60
1675,209,2,779,7,4348,69,66,70
1676,209,2,780,2,4350,20,18,20
1677,209,2,781,7,4357,66,66,70
1678,209,2,782,6,4363,61,61,60
1679,209,2,783,4,4367,38,38,40
1680,209,2,784,8,4375,66,66,80
1681,209,2,785,9,4384,73,73,90
1682,209,2,786,4,4388,44,41,40
1683,209,2,787,2,4390,16,14,20
1684,209,2,788,3,4393,31,30,30
1685,209,2,789,3,4396,24,22,30
1686,209,2,790,3,4399,28,26,30
1687,209,2,791,2,4401,20,20,20
1688,209,2,792,7,4408,65,62,70
1689,209,2,793,7,4415,78,78,70
1690,209,2,794,2,4417,24,24,20
1691,209,2,795,2,4419,29,29,20
1692,209,2,796,6,4425,71,68,60
1693,209,2,797,9,4434,113,113,90
1694,209,2,798,3,4437,23,23,30
1695,209,2,799,6,4443,53,48,60
1696,209,2,800,7,4450,83,83,70
1697,209,2,801,7,4457,71,71,70
1698,209,2,802,4,4461,43,43,40
1699,209,2,803,5,4466,57,57,50
1700,209,2,804,6,4472,66,66,60
1701,209,2,805,9,4481,114,104,90
1702,209,2,806,6,4487,72,72,60
1703,209,2,807,3,4490,23,20,30
1704,209,2,808,8,4498,101,101,80
1705,209,2,809,9,4507,91,86,90
1706,209,2,810,9,4516,66,61,90
1707,209,2,811,9,4525,92,87,90
1708,209,2,812,3,4528,36,36,30
1709,209,2,813,8,4536,77,77,80
1710,209,2,814,9,4545,90,90,90
1711,209,2,815,7,4552,76,67,70
1712,209,2,816,7,4559,76,76,70
1713,209,2,817,3,4562,21,19,30
1714,209,2,818,4,4566,44,43,40
1715,209,2,819,3,4569,38,38,30
1716,209,2,820,9,4578,72,72,90
1717,209,2,821,9,4587,97,97,90
1718,209,2,822,4,4591,33,30,40
1719,209,2,823,7,4598,81,81,70
1720,209,2,824,3,4601,36,36,30
1721,209,2,825,8,4609,75,73,80
1722,209,2,826,6,4615,64,57,60
1723,209,2,827,6,4621,72,67,60
1724,209,2,828,2,4623,21,21,20
1725,209,2,829,3,4626,33,29,30
1726,209,2,830,2,4628,28,25,20
1727,209,2,831,5,4633,61,61,50
1728,209,2,832,4,4637,46,46,40
1729,209,2,833,5,4642,42,42,50
1730,209,2,834,8,4650,69,69,80
1731,209,2,835,4,4654,22,20,40
1732,209,2,836,3,4657,31,28,30
1733,209,2,837,6,4663,63,63,60
1734,209,2,838,8,4671,85,78,80
1735,209,2,839,8,4679,76,73,80
1736,209,2,840,3,4682,31,31,30
1737,209,2,841,8,4690,62,57,80
1738,209,2,842,5,4695,42,39,50
1739,209,2,843,4,4699,44,44,40
1740,209,2,844,5,4704,51,46,50
1741,209,2,845,7,4711,70,70,70
1742,209,2,846,8,4719,82,82,80
1743,209,2,847,7,4726,65,59,70
1744,209,2,848,9,4735,100,94,90
1745,209,2,849,8,4743,81,81,80
1746,209,2,850,8,4751,76,70,80
1747,209,2,851,6,4757,60,58,60
1748,209,2,852,8,4765,76,76,80
1749,209,2,853,9,4774,92,92,90
1750,209,2,854,5,4779,46,46,50
1751,209,2,855,3,4782,36,34,30
1752,209,2,856,3,4785,37,36,30
1753,209,2,857,7,4792,86,86,70
1754,209,2,858,8,4800,92,92,80
1755,209,2,859,9,4809,99,95,90
1756,209,2,860,6,4815,64,64,60
1757,209,2,861,4,4819,42,40,40
1758,209,2,862,2,4821,18,18,20
1759,209,2,863,5,4826,59,59,50
1760,209,2,864,2,4828,17,17,20
1761,209,2,865,7,4835,66,66,70
1762,209,2,866,8,4843,86,77,80
1763,209,2,867,5,4848,69,66,50
1764,209,2,868,5,4853,49,49,50
1765,209,2,869,2,4855,21,18,20
1766,209,2,870,4,4859,37,37,40
1767,209,2,871,5,4864,37,34,50
1768,209,2,872,7,4871,84,78,70
1769,209,2,873,5,4876,53,49,50
1770,209,2,874,7,4883,68,68,70
1771,209,2,875,8,4891,86,86,80
1772,209,2,876,6,4897,49,44,60
1773,209,2,877,5,4902,51,47,50
1774,209,2,878,4,4906,30,30,40
1775,209,2,879,4,4910,46,46,40
1776,209,2,880,6,4916,47,47,60
1777,209,2,881,8,4924,87,87,80
1778,209,2,882,3,4927,30,27,30
1779,209,2,883,9,4936,97,97,90
1780,209,2,884,4,4940,43,43,40
1781,209,2,885,5,4945,46,46,50
1782,209,2,886,9,4954,95,95,90
1783,209,2,887,9,4963,101,94,90
1784,209,2,888,2,4965,23,20,20
1785,209,2,889,7,4972,75,70,70
1786,209,2,890,4,4976,45,43,40
1787,209,2,891,2,4978,20,20,20
1788,209,2,892,2,4980,17,16,20
1789,209,2,893,4,4984,43,42,40
1790,209,2,894,7,4991,83,78,70
1791,209,2,895,2,4993,34,34,20
1792,209,2,896,6,4999,55,55,60
1793,209,3,1,9,9,101,96,90
1794,209,3,2,3,12,32,32,30
1795,209,3,3,6,18,67,62,60
1796,209,3,4,7,25,72,66,70
1797,209,3,5,4,29,56,54,40
1798,209,3,6,3,32,41,39,30
1799,209,3,7,7,39,70,70,70
1800,209,3,8,4,43,41,41,40
1801,209,3,9,2,45,18,18,20
1802,209,3,10,6,51,49,49,60
1803,209,3,11,5,56,50,50,50
1804,209,3,12,2,58,27,23,20
1805,209,3,13,8,66,87,87,80
1806,209,3,14,5,71,57,57,50
1807,209,3,15,3,74,30,28,30
1808,209,3,16,5,79,56,54,50
1809,209,3,17,4,83,50,47,40
1810,209,3,18,5,88,55,49,50
1811,209,3,19,6,94,65,57,60
1812,209,3,20,8,102,99,99,80
1813,209,3,21,5,107,39,39,50
1814,209,3,22,4,111,42,40,40
1815,209,3,23,7,118,81,81,70
1816,209,3,24,6,124,58,57,60
1817,209,3,25,6,130,58,55,60
1818,209,3,26,8,138,92,92,80
1819,209,3,27,6,144,52,52,60
1820,209,3,28,5,149,58,54,50
1821,209,3,29,4,153,43,43,40
1822,209,3,30,2,155,15,15,20
1823,209,3,31,5,160,36,36,50
1824,209,3,32,3,163,25,23,30
1825,209,3,33,9,172,91,85,90
1826,209,3,34,5,177,49,47,50
1827,209,3,35,7,184,87,87,70
1828,209,3,36,9,193,89,81,90
1829,209,3,37,2,195,33,33,20
1830,209,3,38,6,201,64,56,60
1831,209,3,39,8,209,86,86,80
1832,209,3,40,7,216,72,72,70
1833,209,3,41,7,223,59,56,70
1834,209,3,42,6,229,62,62,60
1835,209,3,43,7,236,53,53,70
1836,209,3,44,7,243,71,71,70
1837,209,3,45,5,248,53,52,50
1838,209,3,46,9,257,102,102,90
1839,209,3,47,9,266,94,87,90
1840,209,3,48,7,273,64,62,70
1841,209,3,49,2,275,25,22,20
1842,209,3,50,7,282,65,65,70
1843,209,3,51,3,285,28,28,30
1844,209,3,52,3,288,31,31,30
1845,209,3,53,7,295,70,62,70
1846,209,3,54,2,297,24,24,20
1847,209,3,55,8,305,85,85,80
1848,209,3,56,9,314,92,92,90
1849,209,3,57,6,320,62,62,60
1850,209,3,58,7,327,64,64,70
1851,209,3,59,8,335,79,79,80
1852,209,3,60,5,340,65,65,50
1853,209,3,61,5,345,44,41,50
1854,209,3,62,7,352,60,59,70
1855,209,3,63,6,358,56,48,60
1856,209,3,64,6,364,76,76,60
1857,209,3,65,8,372,89,89,80
1858,209,3,66,2,374,17,17,20
1859,209,3,67,2,376,19,17,20
1860,209,3,68,2,378,21,19,20
1861,209,3,69,2,380,27,27,20
1862,209,3,70,3,383,30,28,30
1863,209,3,71,2,385,27,27,20
1864,209,3,72,6,391,60,60,60
1865,209,3,73,4,395,53,53,40
1866,209,3,74,6,401,69,69,60
1867,209,3,75,8,409,83,79,80
1868,209,3,76,9,418,85,85,90
1869,209,3,77,2,420,30,30,20
1870,209,3,78,2,422,22,22,20
1871,209,3,79,2,424,23,23,20
1872,209,3,80,2,426,16,16,20
1873,209,3,81,3,429,29,29,30
1874,209,3,82,7,436,66,60,70
1875,209,3,83,2,438,21,19,20
1876,209,3,84,4,442,53,48,40
1877,209,3,85,2,444,21,20,20
1878,209,3,86,6,450,64,57,60
1879,209,3,87,6,456,74,70,60
1880,209,3,88,3,459,40,39,30
1881,209,3,89,5,464,67,63,50
1882,209,3,90,9,473,82,73,90
1883,209,3,91,7,480,86,83,70
1884,209,3,92,5,485,58,58,50
1885,209,3,93,9,494,84,84,90
1886,209,3,94,7,501,53,53,70
1887,209,3,95,4,505,38,34,40
1888,209,3,96,4,509,35,30,40
1889,209,3,97,3,512,45,45,30
1890,209,3,98,8,520,78,76,80
1891,209,3,99,9,529,94,90,90
1892,209,3,100,3,532,37,37,30
1893,209,3,101,7,539,71,71,70
1894,209,3,102,8,547,85,85,80
1895,209,3,103,6,553,53,53,60
1896,209,3,104,5,558,45,45,50
1897,209,3,105,9,567,101,101,90
1898,209,3,106,3,570,32,32,30
1899,209,3,107,9,579,94,94,90
1900,209,3,108,7,586,76,69,70
1901,209,3,109,3,589,44,41,30
1902,209,3,110,6,595,85,82,60
1903,209,3,111,4,599,53,47,40
1904,209,3,112,8,607,92,89,80
1905,209,3,113,9,616,89,89,90
1906,209,3,114,3,619,24,24,30
1907,209,3,115,7,626,83,78,70
1908,209,3,116,9,635,99,99,90
1909,209,3,117,6,641,77,73,60
1910,209,3,118,6,647,66,66,60
1911,209,3,119,5,652,47,44,50
1912,209,3,120,7,659,94,94,70
1913,209,3,121,6,665,54,54,60
1914,209,3,122,3,668,25,25,30
1915,209,3,123,6,674,58,58,60
1916,209,3,124,9,683,82,77,90
1917,209,3,125,3,686,34,33,30
1918,209,3,126,5,691,50,50,50
1919,209,3,127,9,700,101,101,90
1920,209,3,128,8,708,72,67,80
1921,209,3,129,3,711,37,33,30
1922,209,3,130,5,716,55,55,50
1923,209,3,131,7,723,72,72,70
1924,209,3,132,2,725,23,23,20
1925,209,3,133,7,732,70,65,70
1926,209,3,134,9,741,91,91,90
1927,209,3,135,4,745,44,44,40
1928,209,3,136,4,749,38,37,40
1929,209,3,137,2,751,20,20,20
1930,209,3,138,6,757,66,62,60
1931,209,3,139,5,762,60,58,50
1932,209,3,140,4,766,35,32,40
1933,209,3,141,7,773,64,64,70
1934,209,3,142,5,778,54,51,50
1935,209,3,143,2,780,18,18,20
1936,209,3,144,3,783,27,26,30
1937,209,3,145,9,792,91,91,90
1938,209,3,146,5,797,43,43,50
1939,209,3,147,8,805,91,87,80
1940,209,3,148,2,807,20,20,20
1941,209,3,149,3,810,29,29,30
1942,209,3,150,8,818,76,72,80
1943,209,3,151,6,824,57,49,60
1944,209,3,152,9,833,100,100,90
1945,209,3,153,3,836,26,26,30
1946,209,3,154,9,845,98,98,90
1947,209,3,155,6,851,63,63,60
1948,209,3,156,8,859,95,90,80
1949,209,3,157,3,862,30,30,30
1950,209,3,158,8,870,90,78,80
1951,209,3,159,4,874,56,56,40
1952,209,3,160,4,878,34,30,40
1953,209,3,161,8,886,92,88,80
1954,209,3,162,7,893,91,87,70
1955,209,3,163,4,897,40,40,40
1956,209,3,164,2,899,22,22,20
1957,209,3,165,5,904,44,41,50
1958,209,3,166,5,909,58,54,50
1959,209,3,167,5,914,42,42,50
1960,209,3,168,6,920,60,60,60
1961,209,3,169,6,926,56,54,60
1962,209,3,170,5,931,54,49,50
1963,209,3,171,9,940,82,82,90
1964,209,3,172,8,948,64,60,80
1965,209,3,173,6,954,62,57,60
1966,209,3,174,2,956,18,16,20
1967,209,3,175,5,961,44,44,50
1968,209,3,176,3,964,26,26,30
1969,209,3,177,4,968,37,37,40
1970,209,3,178,9,977,76,72,90
1971,209,3,179,9,986,100,94,90
1972,209,3,180,6,992,66,66,60
1973,209,3,181,9,1001,101,96,90
1974,209,3,182,3,1004,38,36,30
1975,209,3,183,9,1013,85,85,90
1976,209,3,184,2,1015,15,13,20
1977,209,3,185,2,1017,19,17,20
1978,209,3,186,7,1024,55,55,70
1979,209,3,187,4,1028,55,49,40
1980,209,3,188,6,1034,54,54,60
1981,209,3,189,9,1043,95,95,90
1982,209,3,190,2,1045,20,20,20
1983,209,3,191,5,1050,61,59,50
1984,209,3,192,2,1052,21,20,20
1985,209,3,193,3,1055,31,31,30
1986,209,3,194,4,1059,47,45,40
1987,209,3,195,3,1062,30,26,30
1988,209,3,196,5,1067,49,46,50
1989,209,3,197,4,1071,55,53,40
1990,209,3,198,7,1078,75,71,70
1991,209,3,199,7,1085,73,73,70
1992,209,3,200,4,1089,32,29,40
1993,209,3,201,3,1092,29,29,30
1994,209,3,202,8,1100,81,81,80
1995,209,3,203,4,1104,34,31,40
1996,209,3,204,6,1110,71,65,60
1997,209,3,205,3,1113,39,39,30
1998,209,3,206,5,1118,47,47,50
1999,209,3,207,5,1123,48,48,50
2000,209,3,208,3,1126,33,32,30
2001,209,3,209,9,1135,89,89,90
2002,209,3,210,2,1137,19,16,20
2003,209,3,211,4,1141,41,40,40
2004,209,3,212,4,1145,42,37,40
2005,209,3,213,8,1153,84,84,80
2006,209,3,214,7,1160,75,69,70
2007,209,3,215,3,1163,34,32,30
2008,209,3,216,2,1165,16,16,20
2009,209,3,217,7,1172,70,63,70
2010,209,3,218,3,1175,31,27,30
2011,209,3,219,6,1181,72,72,60
2012,209,3,220,5,1186,43,43,50
2013,209,3,221,9,1195,107,98,90
2014,209,3,222,3,1198,38,38,30
2015,209,3,223,5,1203,62,62,50
2016,209,3,224,9,1212,89,83,90
2017,209,3,225,9,1221,102,98,90
2018,209,3,226,4,1225,48,47,40
2019,209,3,227,4,1229,32,32,40
2020,209,3,228,2,1231,25,23,20
2021,209,3,229,7,1238,61,59,70
2022,209,3,230,3,1241,33,33,30
2023,209,3,231,2,1243,29,29,20
2024,209,3,232,6,1249,61,57,60
2025,209,3,233,9,1258,93,93,90
2026,209,3,234,7,1265,71,71,70
2027,209,3,235,9,1274,92,92,90
2028,209,3,236,7,1281,75,75,70
2029,209,3,237,9,1290,90,90,90
2030,209,3,238,8,1298,86,86,80
2031,209,3,239,8,1306,80,80,80
2032,209,3,240,2,1308,16,15,20
2033,209,3,241,7,1315,66,62,70
2034,209,3,242,6,1321,70,70,60
2035,209,3,243,7,1328,64,64,70
2036,209,3,244,4,1332,39,38,40
2037,209,3,245,6,1338,61,61,60
2038,209,3,246,3,1341,30,30,30
2039,209,3,247,3,1344,33,33,30
2040,209,3,248,7,1351,78,78,70
2041,209,3,249,7,1358,67,62,70
2042,209,3,250,7,1365,83,78,70
2043,209,3,251,6,1371,61,57,60
2044,209,3,252,5,1376,41,39,50
2045,209,3,253,8,1384,88,88,80
2046,209,3,254,4,1388,43,40,40
2047,209,3,255,9,1397,110,110,90
2048,209,3,256,5,1402,53,50,50
2049,209,3,257,5,1407,46,46,50
2050,209,3,258,6,1413,49,49,60
2051,209,3,259,4,1417,38,38,40
2052,209,3,260,6,1423,58,58,60
2053,209,3,261,7,1430,82,82,70
2054,209,3,262,9,1439,76,76,90
2055,209,3,263,6,1445,58,58,60
2056,209,3,264,6,1451,50,44,60
2057,209,3,265,5,1456,60,57,50
2058,209,3,266,9,1465,99,95,90
2059,209,3,267,5,1470,52,52,50
2060,209,3,268,6,1476,54,54,60
2061,209,3,269,6,1482,66,60,60
2062,209,3,270,4,1486,43,43,40
2063,209,3,271,5,1491,44,44,50
2064,209,3,272,3,1494,24,24,30
2065,209,3,273,4,1498,41,41,40
2066,209,3,274,8,1506,85,85,80
2067,209,3,275,8,1514,83,76,80
2068,209,3,276,3,1517,37,34,30
2069,209,3,277,2,1519,27,27,20
2070,209,3,278,8,1527,78,73,80
2071,209,3,279,7,1534,68,68,70
2072,209,3,280,7,1541,86,81,70
2073,209,3,281,3,1544,40,40,30
2074,209,3,282,6,1550,55,55,60
2075,209,3,283,3,1553,22,19,30
2076,209,3,284,6,1559,64,61,60
2077,209,3,285,8,1567,75,72,80
2078,209,3,286,7,1574,68,68,70
2079,209,3,287,7,1581,72,72,70
2080,209,3,288,4,1585,48,48,40
2081,209,3,289,4,1589,43,43,40
2082,209,3,290,8,1597,78,73,80
2083,209,3,291,5,1602,56,56,50
2084,209,3,292,8,1610,91,91,80
2085,209,3,293,3,1613,16,16,30
2086,209,3,294,8,1621,72,67,80
2087,209,3,295,7,1628,74,69,70
2088,209,3,296,4,1632,30,30,40
2089,209,3,297,3,1635,36,33,30
2090,209,3,298,6,1641,80,80,60
2091,209,3,299,4,1645,42,40,40
2092,209,3,300,6,1651,53,53,60
2093,209,3,301,2,1653,29,26,20
2094,209,3,302,7,1660,53,53,70
2095,209,3,303,4,1664,32,30,40
2096,209,3,304,6,1670,59,53,60
2097,209,3,305,8,1678,71,67,80
2098,209,3,306,3,1681,38,36,30
2099,209,3,307,2,1683,22,22,20
2100,209,3,308,3,1686,21,21,30
2101,209,3,309,8,1694,79,78,80
2102,209,3,310,8,1702,98,98,80
2103,209,3,311,8,1710,83,79,80
2104,209,3,312,9,1719,91,91,90
2105,209,3,313,8,1727,83,80,80
2106,209,3,314,8,1735,82,78,80
2107,209,3,315,5,1740,63,63,50
2108,209,3,316,9,1749,85,78,90
2109,209,3,317,3,1752,33,31,30
2110,209,3,318,6,1758,63,63,60
2111,209,3,319,4,1762,35,31,40
2112,209,3,320,9,1771,83,83,90
2113,209,3,321,8,1779,81,81,80
2114,209,3,322,4,1783,34,34,40
2115,209,3,323,4,1787,49,49,40
2116,209,3,324,2,1789,15,14,20
2117,209,3,325,3,1792,36,34,30
2118,209,3,326,7,1799,67,67,70
2119,209,3,327,6,1805,57,57,60
2120,209,3,328,6,1811,58,51,60
2121,209,3,329,5,1816,49,46,50
2122,209,3,330,2,1818,20,16,20
2123,209,3,331,3,1821,41,39,30
2124,209,3,332,5,1826,55,52,50
2125,209,3,333,9,1835,76,76,90
2126,209,3,334,8,1843,72,67,80
2127,209,3,335,9,1852,88,88,90
2128,209,3,336,7,1859,98,92,70
2129,209,3,337,8,1867,88,82,80
2130,209,3,338,2,1869,36,36,20
2131,209,3,339,7,1876,75,75,70
2132,209,3,340,4,1880,47,45,40
2133,209,3,341,6,1886,63,63,60
2134,209,3,342,4,1890,45,43,40
2135,209,3,343,4,1894,46,43,40
2136,209,3,344,4,1898,39,34,40
2137,209,3,345,5,1903,45,41,50
2138,209,3,346,8,1911,87,81,80
2139,209,3,347,6,1917,64,60,60
2140,209,3,348,8,1925,78,70,80
2141,209,3,349,7,1932,71,71,70
2142,209,3,350,8,1940,83,83,80
2143,209,3,351,5,1945,50,48,50
2144,209,3,352,4,1949,32,32,40
2145,209,3,353,9,1958,79,79,90
2146,209,3,354,8,1966,81,75,80
2147,209,3,355,6,1972,77,72,60
2148,209,3,356,6,1978,68,65,60
2149,209,3,357,5,1983,48,48,50
2150,209,3,358,5,1988,41,41,50
2151,209,3,359,9,1997,92,92,90
2152,209,3,360,2,1999,18,18,20
2153,209,3,361,4,2003,33,33,40
2154,209,3,362,3,2006,36,36,30
2155,209,3,363,6,2012,62,57,60
2156,209,3,364,9,2021,99,94,90
2157,209,3,365,2,2023,28,26,20
2158,209,3,366,5,2028,53,51,50
2159,209,3,367,3,2031,25,24,30
2160,209,3,368,5,2036,51,51,50
2161,209,3,369,3,2039,45,45,30
2162,209,3,370,7,2046,67,64,70
2163,209,3,371,4,2050,39,39,40
2164,209,3,372,8,2058,88,84,80
2165,209,3,373,4,2062,40,40,40
2166,209,3,374,7,2069,92,92,70
2167,209,3,375,8,2077,66,66,80
2168,209,3,376,7,2084,83,83,70
2169,209,3,377,8,2092,92,92,80
2170,209,3,378,4,2096,41,41,40
2171,209,3,379,3,2099,34,30,30
2172,209,3,380,8,2107,100,100,80
2173,209,3,381,7,2114,89,89,70
2174,209,3,382,9,2123,91,86,90
2175,209,3,383,8,2131,81,75,80
2176,209,3,384,4,2135,43,43,40
2177,209,3,385,8,2143,62,59,80
2178,209,3,386,3,2146,33,33,30
2179,209,3,387,4,2150,49,49,40
2180,209,3,388,8,2158,92,80,80
2181,209,3,389,7,2165,94,94,70
2182,209,3,390,3,2168,27,24,30
2183,209,3,391,4,2172,45,42,40
2184,209,3,392,5,2177,42,42,50
2185,209,3,393,3,2180,27,27,30
2186,209,3,394,6,2186,57,57,60
2187,209,3,395,9,2195,90,90,90
2188,209,3,396,5,2200,62,55,50
2189,209,3,397,5,2205,68,68,50
2190,209,3,398,6,2211,62,62,60
2191,209,3,399,4,2215,42,42,40
2192,209,3,400,5,2220,44,41,50
2193,209,3,401,7,2227,83,80,70
2194,209,3,402,2,2229,17,17,20
2195,209,3,403,7,2236,59,55,70
2196,209,3,404,5,2241,47,43,50
2197,209,3,405,8,2249,68,64,80
2198,209,3,406,3,2252,38,38,30
2199,209,3,407,2,2254,19,17,20
2200,209,3,408,3,2257,28,28,30
2201,209,3,409,3,2260,27,25,30
2202,209,3,410,5,2265,42,42,50
2203,209,3,411,6,2271,57,56,60
2204,209,3,412,8,2279,75,75,80
2205,209,3,413,9,2288,79,79,90
2206,209,3,414,5,2293,68,68,50
2207,209,3,415,7,2300,74,74,70
2208,209,3,416,2,2302,23,23,20
2209,209,3,417,9,2311,89,81,90
2210,209,3,418,5,2316,60,56,50
2211,209,3,419,5,2321,64,64,50
2212,209,3,420,9,2330,91,91,90
2213,209,3,421,5,2335,43,40,50
2214,209,3,422,7,2342,66,63,70
2215,209,3,423,2,2344,21,21,20
2216,209,3,424,9,2353,88,88,90
2217,209,3,425,7,2360,59,59,70
2218,209,3,426,7,2367,70,67,70
2219,209,3,427,8,2375,78,70,80
2220,209,3,428,3,2378,42,42,30
2221,209,3,429,9,2387,94,88,90
2222,209,3,430,4,2391,46,42,40
2223,209,3,431,3,2394,36,36,30
2224,209,3,432,8,2402,70,63,80
2225,209,3,433,7,2409,81,78,70
2226,209,3,434,9,2418,100,100,90
2227,209,3,435,5,2423,52,52,50
2228,209,3,436,8,2431,104,97,80
2229,209,3,437,8,2439,85,82,80
2230,209,3,438,6,2445,66,57,60
2231,209,3,439,4,2449,48,48,40
2232,209,3,440,8,2457,81,81,80
2233,209,3,441,7,2464,72,66,70
2234,209,3,442,2,2466,22,21,20
2235,209,3,443,3,2469,29,29,30
2236,209,3,444,9,2478,105,102,90
2237,209,3,445,6,2484,54,50,60
2238,209,3,446,9,2493,123,123,90
2239,209,3,447,6,2499,54,54,60
2240,209,3,448,5,2504,51,44,50
2241,209,3,449,9,2513,104,99,90
2242,209,3,450,4,2517,30,26,40
2243,209,3,451,5,2522,52,52,50
2244,209,3,452,6,2528,72,72,60
2245,209,3,453,7,2535,73,73,70
2246,209,3,454,4,2539,39,39,40
2247,209,3,455,5,2544,55,55,50
2248,209,3,456,4,2548,38,36,40
2249,209,3,457,8,2556,83,83,80
2250,209,3,458,4,2560,37,33,40
2251,209,3,459,5,2565,65,60,50
2252,209,3,460,7,2572,106,100,70
2253,209,3,461,5,2577,63,63,50
2254,209,3,462,2,2579,17,17,20
2255,209,3,463,4,2583,37,37,40
2256,209,3,464,7,2590,66,66,70
2257,209,3,465,4,2594,39,38,40
2258,209,3,466,9,2603,92,92,90
2259,209,3,467,9,2612,86,80,90
2260,209,3,468,3,2615,29,26,30
2261,209,3,469,4,2619,43,43,40
2262,209,3,470,2,2621,21,19,20
2263,209,3,471,3,2624,24,21,30
2264,209,3,472,6,2630,72,68,60
2265,209,3,473,9,2639,75,75,90
2266,209,3,474,3,2642,27,27,30
2267,209,3,475,6,2648,63,59,60
2268,209,3,476,8,2656,69,66,80
2269,209,3,477,6,2662,68,68,60
2270,209,3,478,9,2671,77,77,90
2271,209,3,479,7,2678,64,61,70
2272,209,3,480,6,2684,70,67,60
2273,209,3,481,3,2687,27,25,30
2274,209,3,482,2,2689,21,21,20
2275,209,3,483,6,2695,54,54,60
2276,209,3,484,3,2698,28,28,30
2277,209,3,485,7,2705,67,67,70
2278,209,3,486,8,2713,84,79,80
2279,209,3,487,5,2718,49,44,50
2280,209,3,488,3,2721,26,25,30
2281,209,3,489,3,2724,36,35,30
2282,209,3,490,2,2726,16,16,20
2283,209,3,491,7,2733,65,65,70
2284,209,3,492,9,2742,89,89,90
2285,209,3,493,5,2747,55,51,50
2286,209,3,494,2,2749,29,29,20
2287,209,3,495,8,2757,85,76,80
2288,209,3,496,4,2761,48,48,40
2289,209,3,497,9,2770,87,87,90
2290,209,3,498,5,2775,65,65,50
2291,209,3,499,6,2781,60,60,60
2292,209,3,500,6,2787,54,46,60
2293,209,3,501,6,2793,67,63,60
2294,209,3,502,6,2799,79,75,60
2295,209,3,503,9,2808,78,78,90
2296,209,3,504,7,2815,76,76,70
2297,209,3,505,7,2822,61,61,70
2298,209,3,506,8,2830,76,74,80
2299,209,3,507,6,2836,63,63,60
2300,209,3,508,3,2839,26,23,30
2301,209,3,509,4,2843,34,34,40
2302,209,3,510,2,2845,24,23,20
2303,209,3,511,8,2853,85,81,80
2304,209,3,512,9,2862,90,85,90
2305,209,3,513,9,2871,102,102,90
2306,209,3,514,5,2876,60,57,50
2307,209,3,515,8,2884,70,70,80
2308,209,3,516,4,2888,39,37,40
2309,209,3,517,5,2893,54,51,50
2310,209,3,518,2,2895,18,17,20
2311,209,3,519,6,2901,59,59,60
2312,209,3,520,5,2906,55,55,50
2313,209,3,521,4,2910,41,39,40
2314,209,3,522,4,2914,44,44,40
2315,209,3,523,5,2919,40,38,50
2316,209,3,524,4,2923,44,40,40
2317,209,3,525,4,2927,38,37,40
2318,209,3,526,5,2932,44,40,50
2319,209,3,527,7,2939,95,95,70
2320,209,3,528,3,2942,43,39,30
2321,209,3,529,2,2944,27,27,20
2322,209,3,530,4,2948,32,32,40
2323,209,3,531,6,2954,52,47,60
2324,209,3,532,4,2958,52,52,40
2325,209,3,533,3,2961,26,25,30
2326,209,3,534,9,2970,85,85,90
2327,209,3,535,3,2973,24,24,30
2328,209,3,536,6,2979,63,63,60
2329,209,3,537,7,2986,66,64,70
2330,209,3,538,7,2993,74,74,70
2331,209,3,539,5,2998,53,53,50
2332,209,3,540,6,3004,55,50,60
2333,209,3,541,2,3006,20,20,20
2334,209,3,542,7,3013,73,73,70
2335,209,3,543,3,3016,29,29,30
2336,209,3,544,2,3018,21,21,20
2337,209,3,545,7,3025,67,67,70
2338,209,3,546,9,3034,70,64,90
2339,209,3,547,4,3038,48,44,40
2340,209,3,548,3,3041,33,33,30
2341,209,3,549,9,3050,83,83,90
2342,209,3,550,8,3058,82,82,80
2343,209,3,551,6,3064,66,60,60
2344,209,3,552,4,3068,55,50,40
2345,209,3,553,5,3073,56,55,50
2346,209,3,554,9,3082,94,88,90
2347,209,3,555,2,3084,29,29,20
2348,209,3,556,8,3092,94,91,80
2349,209,3,557,8,3100,82,74,80
2350,209,3,558,4,3104,58,58,40
2351,209,3,559,7,3111,67,61,70
2352,209,3,560,7,3118,79,75,70
2353,209,3,561,5,3123,46,45,50
2354,209,3,562,9,3132,95,89,90
2355,209,3,563,9,3141,94,94,90
2356,209,3,564,9,3150,75,75,90
2357,209,3,565,6,3156,73,69,60
2358,209,3,566,6,3162,65,61,60
2359,209,3,567,7,3169,87,87,70
2360,209,3,568,6,3175,58,55,60
2361,209,3,569,2,3177,22,19,20
2362,209,3,570,8,3185,78,78,80
2363,209,3,571,5,3190,62,62,50
2364,209,3,572,6,3196,72,66,60
2365,209,3,573,4,3200,53,50,40
2366,209,3,574,9,3209,91,84,90
2367,209,3,575,2,3211,31,31,20
2368,209,3,576,5,3216,44,44,50
2369,209,3,577,8,3224,66,65,80
2370,209,3,578,4,3228,38,38,40
2371,209,3,579,6,3234,54,54,60
2372,209,3,580,7,3241,66,66,70
2373,209,3,581,6,3247,65,62,60
2374,209,3,582,3,3250,30,30,30
2375,209,3,583,8,3258,94,89,80
2376,209,3,584,4,3262,56,56,40
2377,209,3,585,9,3271,101,101,90
2378,209,3,586,4,3275,35,31,40
2379,209,3,587,5,3280,57,57,50
2380,209,3,588,2,3282,27,25,20
2381,209,3,589,7,3289,59,59,70
2382,209,3,590,8,3297,93,93,80
2383,209,3,591,5,3302,42,42,50
2384,209,3,592,7,3309,59,56,70
2385,209,3,593,7,3316,72,72,70
2386,209,3,594,8,3324,88,88,80
2387,209,3,595,3,3327,37,37,30
2388,209,3,596,5,3332,33,33,50
2389,209,3,597,4,3336,51,51,40
2390,209,3,598,2,3338,17,17,20
2391,209,3,599,4,3342,37,33,40
2392,209,3,600,3,3345,29,24,30
2393,209,3,601,2,3347,30,30,20
2394,209,3,602,8,3355,77,77,80
2395,209,3,603,6,3361,47,47,60
2396,209,3,604,9,3370,86,78,90
2397,209,3,605,9,3379,96,92,90
2398,209,3,606,2,3381,21,21,20
2399,209,3,607,9,3390,106,106,90
2400,209,3,608,6,3396,48,48,60
2401,209,3,609,8,3404,72,72,80
2402,209,3,610,7,3411,84,80,70
2403,209,3,611,5,3416,70,70,50
2404,209,3,612,5,3421,54,54,50
2405,209,3,613,2,3423,19,17,20
2406,209,3,614,8,3431,74,71,80
2407,209,3,615,3,3434,24,24,30
2408,209,3,616,4,3438,45,45,40
2409,209,3,617,3,3441,23,21,30
2410,209,3,618,2,3443,22,22,20
2411,209,3,619,3,3446,23,21,30
2412,209,3,620,4,3450,36,34,40
2413,209,3,621,7,3457,82,78,70
2414,209,3,622,8,3465,69,69,80
2415,209,3,623,3,3468,32,32,30
2416,209,3,624,2,3470,20,20,20
2417,209,3,625,6,3476,62,62,60
2418,209,3,626,9,3485,82,82,90
2419,209,3,627,2,3487,18,16,20
2420,209,3,628,4,3491,56,49,40
2421,209,3,629,5,3496,50,49,50
2422,209,3,630,7,3503,63,58,70
2423,209,3,631,8,3511,62,59,80
2424,209,3,632,2,3513,17,16,20
2425,209,3,633,3,3516,34,31,30
2426,209,3,634,8,3524,75,73,80
2427,209,3,635,7,3531,58,58,70
2428,209,3,636,3,3534,20,20,30
2429,209,3,637,7,3541,60,60,70
2430,209,3,638,5,3546,42,42,50
2431,209,3,639,2,3548,34,34,20
2432,209,3,640,2,3550,20,20,20
2433,209,3,641,4,3554,39,38,40
2434,209,3,642,2,3556,20,20,20
2435,209,3,643,9,3565,78,78,90
2436,209,3,644,7,3572,74,70,70
2437,209,3,645,7,3579,76,71,70
2438,209,3,646,6,3585,63,63,60
2439,209,3,647,5,3590,53,51,50
2440,209,3,648,9,3599,80,77,90
2441,209,3,649,3,3602,35,33,30
2442,209,3,650,7,3609,74,69,70
2443,209,3,651,5,3614,51,51,50
2444,209,3,652,5,3619,54,52,50
2445,209,3,653,2,3621,23,23,20
2446,209,3,654,3,3624,44,41,30
2447,209,3,655,6,3630,65,65,60
2448,209,3,656,6,3636,56,56,60
2449,209,3,657,2,3638,14,10,20
2450,209,3,658,7,3645,73,73,70
2451,209,3,659,6,3651,43,40,60
2452,209,3,660,8,3659,92,92,80
2453,209,3,661,9,3668,84,84,90
2454,209,3,662,7,3675,63,61,70
2455,209,3,663,6,3681,43,43,60
2456,209,3,664,6,3687,48,48,60
2457,209,3,665,5,3692,56,56,50
2458,209,3,666,4,3696,36,35,40
2459,209,3,667,4,3700,34,34,40
2460,209,3,668,5,3705,39,39,50
2461,209,3,669,4,3709,49,46,40
2462,209,3,670,5,3714,54,49,50
2463,209,3,671,8,3722,73,73,80
2464,209,3,672,3,3725,29,27,30
2465,209,3,673,4,3729,40,39,40
2466,209,3,674,3,3732,27,25,30
2467,209,3,675,5,3737,52,47,50
2468,209,3,676,8,3745,82,82,80
2469,209,3,677,8,3753,88,80,80
2470,209,3,678,9,3762,99,99,90
2471,209,3,679,8,3770,87,87,80
2472,209,3,680,4,3774,44,44,40
2473,209,3,681,5,3779,54,54,50
2474,209,3,682,3,3782,33,32,30
2475,209,3,683,4,3786,51,48,40
2476,209,3,684,2,3788,26,22,20
2477,209,3,685,7,3795,70,70,70
2478,209,3,686,8,3803,88,82,80
2479,209,3,687,3,3806,39,39,30
2480,209,3,688,6,3812,61,56,60
2481,209,3,689,4,3816,37,37,40
2482,209,3,690,9,3825,93,89,90
2483,209,3,691,6,3831,68,68,60
2484,209,3,692,8,3839,80,80,80
2485,209,3,693,8,3847,74,74,80
2486,209,3,694,7,3854,67,56,70
2487,209,3,695,4,3858,47,44,40
2488,209,3,696,7,3865,72,69,70
2489,209,3,697,4,3869,50,47,40
2490,209,3,698,5,3874,59,59,50
2491,209,3,699,7,3881,64,61,70
2492,209,3,700,6,3887,62,62,60
2493,209,3,701,5,3892,46,46,50
2494,209,3,702,6,3898,55,52,60
2495,209,3,703,8,3906,83,83,80
2496,209,3,704,6,3912,56,50,60
2497,209,3,705,8,3920,95,91,80
2498,209,3,706,8,3928,93,93,80
2499,209,3,707,5,3933,51,51,50
2500,209,3,708,8,3941,98,94,80
2501,209,3,709,5,3946,47,45,50
2502,209,3,710,9,3955,117,110,90
2503,209,3,711,2,3957,24,22,20
2504,209,3,712,7,3964,67,67,70
2505,209,3,713,4,3968,46,46,40
2506,209,3,714,6,3974,67,67,60
2507,209,3,715,5,3979,42,42,50
2508,209,3,716,6,3985,63,56,60
2509,209,3,717,4,3989,47,43,40
2510,209,3,718,2,3991,25,23,20
2511,209,3,719,4,3995,40,40,40
2512,209,3,720,9,4004,78,75,90
2513,209,3,721,4,4008,54,54,40
2514,209,3,722,3,4011,24,24,30
2515,209,3,723,2,4013,12,12,20
2516,209,3,724,7,4020,55,55,70
2517,209,3,725,3,4023,24,23,30
2518,209,3,726,9,4032,101,96,90
2519,209,3,727,7,4039,72,65,70
2520,209,3,728,5,4044,52,52,50
2521,209,3,729,8,4052,86,86,80
2522,209,3,730,3,4055,25,25,30
2523,209,3,731,3,4058,29,24,30
2524,209,3,732,5,4063,51,51,50
2525,209,3,733,8,4071,72,68,80
2526,209,3,734,2,4073,25,25,20
2527,209,3,735,2,4075,17,17,20
2528,209,3,736,8,4083,82,78,80
2529,209,3,737,3,4086,37,37,30
2530,209,3,738,7,4093,72,68,70
2531,209,3,739,6,4099,62,61,60
2532,209,3,740,8,4107,92,92,80
2533,209,3,741,5,4112,55,52,50
2534,209,3,742,3,4115,33,33,30
2535,209,3,743,7,4122,74,74,70
2536,209,3,744,3,4125,36,35,30
2537,209,3,745,7,4132,75,69,70
2538,209,3,746,8,4140,87,87,80
2539,209,3,747,4,4144,41,41,40
2540,209,3,748,4,4148,46,46,40
2541,209,3,749,5,4153,52,52,50
2542,209,3,750,6,4159,82,82,60
2543,209,3,751,7,4166,67,67,70
2544,209,3,752,4,4170,34,34,40
2545,209,3,753,9,4179,111,102,90
2546,209,3,754,7,4186,69,63,70
2547,209,3,755,7,4193,66,61,70
2548,209,3,756,5,4198,63,63,50
2549,209,3,757,5,4203,47,43,50
2550,209,3,758,9,4212,93,93,90
2551,209,3,759,7,4219,79,79,70
2552,209,3,760,8,4227,77,77,80
2553,209,3,761,6,4233,52,52,60
2554,209,3,762,2,4235,20,18,20
2555,209,3,763,4,4239,38,35,40
2556,209,3,764,7,4246,67,64,70
2557,209,3,765,4,4250,45,45,40
2558,209,3,766,6,4256,63,63,60
2559,209,3,767,9,4265,104,104,90
2560,209,3,768,5,4270,44,44,50
2561,209,3,769,2,4272,20,20,20
2562,209,3,770,8,4280,56,56,80
2563,209,3,771,3,4283,28,25,30
2564,209,3,772,4,4287,46,45,40
2565,209,3,773,7,4294,66,64,70
2566,209,3,774,5,4299,58,56,50
2567,209,3,775,5,4304,63,57,50
2568,209,3,776,9,4313,96,96,90
2569,209,3,777,2,4315,17,17,20
2570,209,3,778,9,4324,108,103,90
2571,209,3,779,4,4328,40,39,40
2572,209,3,780,6,4334,60,54,60
2573,209,3,781,8,4342,82,78,80
2574,209,3,782,4,4346,52,48,40
2575,209,3,783,2,4348,23,23,20
2576,209,3,784,7,4355,58,54,70
2577,209,3,785,8,4363,76,69,80
2578,209,3,786,9,4372,94,94,90
2579,209,3,787,7,4379,77,77,70
2580,209,3,788,9,4388,99,91,90
2581,209,3,789,5,4393,54,51,50
2582,209,3,790,4,4397,45,43,40
2583,209,3,791,6,4403,55,55,60
2584,209,3,792,2,4405,23,23,20
2585,209,3,793,2,4407,10,10,20
2586,209,3,794,7,4414,74,70,70
2587,209,3,795,8,4422,86,83,80
2588,209,3,796,8,4430,77,73,80
2589,209,3,797,4,4434,44,44,40
2590,209,3,798,2,4436,16,15,20
2591,209,3,799,3,4439,27,27,30
2592,209,3,800,6,4445,58,54,60
2593,209,3,801,9,4454,99,92,90
2594,209,3,802,8,4462,78,75,80
2595,209,3,803,5,4467,45,40,50
2596,209,3,804,5,4472,56,56,50
2597,209,3,805,3,4475,37,32,30
2598,209,3,806,3,4478,40,35,30
2599,209,3,807,8,4486,93,91,80
2600,209,3,808,6,4492,69,63,60
2601,209,3,809,7,4499,88,83,70
2602,209,3,810,4,4503,40,40,40
2603,209,3,811,5,4508,47,42,50
2604,209,3,812,7,4515,81,73,70
2605,209,3,813,5,4520,52,52,50
2606,209,3,814,5,4525,53,46,50
2607,209,3,815,7,4532,87,82,70
2608,209,3,816,8,4540,82,82,80
2609,209,3,817,3,4543,24,24,30
2610,209,3,818,6,4549,61,61,60
2611,209,3,819,2,4551,18,17,20
2612,209,3,820,4,4555,32,32,40
2613,209,3,821,6,4561,52,52,60
2614,209,3,822,6,4567,64,62,60
2615,209,3,823,9,4576,100,96,90
2616,209,3,824,9,4585,103,103,90
2617,209,3,825,7,4592,55,52,70
2618,209,3,826,6,4598,59,59,60
2619,209,3,827,2,4600,18,16,20
2620,209,3,828,8,4608,86,82,80
2621,209,3,829,8,4616,80,71,80
2622,209,3,830,7,4623,76,76,70
2623,209,3,831,7,4630,76,72,70
2624,209,3,832,2,4632,17,17,20
2625,209,3,833,9,4641,77,77,90
2626,209,3,834,4,4645,45,45,40
2627,209,3,835,2,4647,22,22,20
2628,209,3,836,6,4653,51,47,60
2629,209,3,837,3,4656,32,29,30
2630,209,3,838,9,4665,76,76,90
2631,209,3,839,3,4668,27,27,30
2632,209,3,840,6,4674,53,53,60
2633,209,3,841,8,4682,95,87,80
2634,209,3,842,9,4691,99,93,90
2635,209,3,843,5,4696,58,54,50
2636,209,3,844,3,4699,38,38,30
2637,209,3,845,6,4705,59,59,60
2638,209,3,846,4,4709,44,44,40
2639,209,3,847,2,4711,21,20,20
2640,209,3,848,9,4720,105,103,90
2641,209,3,849,5,4725,44,44,50
2642,209,3,850,4,4729,37,37,40
2643,209,3,851,3,4732,27,27,30
2644,209,3,852,7,4739,60,60,70
2645,209,3,853,6,4745,47,44,60
2646,209,3,854,8,4753,78,72,80
2647,209,3,855,8,4761,89,89,80
2648,209,3,856,2,4763,19,19,20
2649,209,3,857,5,4768,45,45,50
2650,209,3,858,5,4773,59,59,50
2651,209,3,859,8,4781,68,64,80
2652,209,3,860,2,4783,19,19,20
2653,209,3,861,4,4787,35,35,40
2654,209,3,862,3,4790,44,44,30
2655,209,3,863,2,4792,24,24,20
2656,209,3,864,7,4799,66,64,70
2657,209,3,865,8,4807,77,77,80
2658,209,3,866,7,4814,69,63,70
2659,209,3,867,7,4821,73,67,70
2660,209,3,868,4,4825,48,48,40
2661,209,3,869,5,4830,52,50,50
2662,209,3,870,5,4835,61,61,50
2663,209,3,871,2,4837,32,32,20
2664,209,3,872,2,4839,19,16,20
2665,209,3,873,2,4841,35,35,20
2666,209,3,874,5,4846,46,42,50
2667,209,3,875,4,4850,52,49,40
2668,209,3,876,8,4858,72,72,80
2669,209,3,877,9,4867,100,96,90
2670,209,3,878,2,4869,24,24,20
2671,209,3,879,3,4872,26,26,30
2672,209,3,880,2,4874,17,16,20
2673,209,3,881,4,4878,50,50,40
2674,209,3,882,7,4885,68,68,70
2675,209,3,883,3,4888,29,27,30
2676,209,3,884,7,4895,70,70,70
2677,209,3,885,2,4897,22,22,20
2678,209,3,886,5,4902,58,58,50
2679,209,3,887,6,4908,63,59,60
2680,209,3,888,5,4913,48,42,50
2681,209,3,889,9,4922,120,120,90
2682,209,3,890,9,4931,87,87,90
2683,209,3,891,4,4935,39,36,40
2684,209,3,892,6,4941,67,67,60
2685,209,3,893,7,4948,79,79,70
2686,209,3,894,8,4956,61,55,80
2687,209,3,895,2,4958,24,24,20
2688,209,3,896,4,4962,52,52,40
2689,209,3,897,7,4969,73,71,70
2690,209,3,898,7,4976,71,66,70
2691,209,3,899,6,4982,72,72,60
2692,209,3,900,6,4988,61,59,60
2693,209,3,901,8,4996,74,67,80
