,Scenario,Trial,Inspection,Interval,Time,Defects,Rate
0,268,1,1,7,7,6,70
1,268,1,2,4,11,7,40
2,268,1,3,7,18,1,70
3,268,1,4,7,25,1,70
4,268,1,5,6,31,1,60
5,268,1,6,9,40,1,90
6,268,1,7,6,46,1,60
7,268,1,8,7,53,1,70
8,268,1,9,9,62,1,90
9,268,1,10,6,68,1,60
10,268,1,11,3,71,68,30
11,268,1,12,2,73,56,20
12,268,1,13,3,76,1,30
13,268,1,14,5,81,1,50
14,268,1,15,2,83,1,20
15,268,1,16,7,90,1,70
16,268,1,17,3,93,1,30
17,268,1,18,7,100,1,70
18,268,1,19,7,107,1,70
19,268,1,20,6,113,1,60
20,268,1,21,6,119,1,60
21,268,1,22,8,127,99,80
22,268,1,23,3,130,1,30
23,268,1,24,6,136,1,60
24,268,1,25,7,143,1,70
25,268,1,26,7,150,1,70
26,268,1,27,9,159,1,90
27,268,1,28,9,168,1,90
28,268,1,29,5,173,150,50
29,268,1,30,9,182,1,90
30,268,1,31,2,184,1,20
31,268,1,32,2,186,1,20
32,268,1,33,6,192,123,60
33,268,1,34,2,194,1,20
34,268,1,35,7,201,155,70
35,268,1,36,6,207,1,60
36,268,1,37,9,216,1,90
37,268,1,38,9,225,155,90
38,268,1,39,8,233,135,80
39,268,1,40,3,236,133,30
40,268,1,41,4,240,1,40
41,268,1,42,8,248,1,80
42,268,1,43,3,251,1,30
43,268,1,44,8,259,1,80
44,268,1,45,3,262,1,30
45,268,1,46,6,268,1,60
46,268,1,47,6,274,1,60
47,268,1,48,4,278,1,40
48,268,1,49,4,282,1,40
49,268,1,50,2,284,1,20
50,268,1,51,9,293,1,90
51,268,1,52,4,297,1,40
52,268,1,53,8,305,1,80
53,268,1,54,7,312,1,70
54,268,1,55,2,314,1,20
55,268,1,56,2,316,1,20
56,268,1,57,8,324,1,80
57,268,1,58,2,326,1,20
58,268,1,59,9,335,1,90
59,268,1,60,5,340,1,50
60,268,1,61,8,348,1,80
61,268,1,62,7,355,236,70
62,268,1,63,2,357,230,20
63,268,1,64,4,361,1,40
64,268,1,65,7,368,1,70
65,268,1,66,2,370,1,20
66,268,1,67,6,376,1,60
67,268,1,68,6,382,1,60
68,268,1,69,5,387,1,50
69,268,1,70,3,390,221,30
70,268,1,71,2,392,1,20
71,268,1,72,7,399,1,70
72,268,1,73,3,402,1,30
73,268,1,74,3,405,1,30
74,268,1,75,8,413,1,80
75,268,1,76,5,418,1,50
76,268,1,77,6,424,242,60
77,268,1,78,7,431,204,70
78,268,1,79,7,438,191,70
79,268,1,80,7,445,1,70
80,268,1,81,4,449,190,40
81,268,1,82,5,454,167,50
82,268,1,83,7,461,1,70
83,268,1,84,9,470,1,90
84,268,1,85,3,473,1,30
85,268,1,86,4,477,178,40
86,268,1,87,4,481,1,40
87,268,1,88,4,485,1,40
88,268,1,89,8,493,1,80
89,268,1,90,2,495,1,20
90,268,1,91,4,499,187,40
91,268,1,92,7,506,1,70
92,268,1,93,3,509,160,30
93,268,1,94,2,511,1,20
94,268,1,95,8,519,1,80
95,268,1,96,5,524,1,50
96,268,1,97,8,532,1,80
97,268,1,98,6,538,1,60
98,268,1,99,6,544,191,60
99,268,1,100,2,546,163,20
100,268,1,101,2,548,143,20
101,268,1,102,4,552,1,40
102,268,1,103,7,559,132,70
103,268,1,104,4,563,136,40
104,268,1,105,5,568,121,50
105,268,1,106,3,571,1,30
106,268,1,107,7,578,1,70
107,268,1,108,5,583,1,50
108,268,1,109,9,592,1,90
109,268,1,110,5,597,138,50
110,268,1,111,2,599,1,20
111,268,1,112,9,608,1,90
112,268,1,113,2,610,1,20
113,268,1,114,6,616,1,60
114,268,1,115,3,619,1,30
115,268,1,116,2,621,1,20
116,268,1,117,3,624,1,30
117,268,1,118,8,632,1,80
118,268,1,119,4,636,1,40
119,268,1,120,7,643,177,70
120,268,1,121,2,645,177,20
121,268,1,122,3,648,1,30
122,268,1,123,5,653,129,50
123,268,1,124,2,655,145,20
124,268,1,125,2,657,1,20
125,268,1,126,4,661,1,40
126,268,1,127,4,665,1,40
127,268,1,128,6,671,1,60
128,268,1,129,6,677,1,60
129,268,1,130,5,682,1,50
130,268,1,131,5,687,1,50
131,268,1,132,8,695,164,80
132,268,1,133,4,699,157,40
133,268,1,134,5,704,1,50
134,268,1,135,5,709,1,50
135,268,1,136,6,715,159,60
136,268,1,137,6,721,1,60
137,268,1,138,2,723,1,20
138,268,1,139,3,726,1,30
139,268,1,140,5,731,1,50
140,268,1,141,5,736,1,50
141,268,1,142,8,744,1,80
142,268,1,143,2,746,1,20
143,268,1,144,5,751,1,50
144,268,1,145,8,759,1,80
145,268,1,146,3,762,188,30
146,268,1,147,8,770,1,80
147,268,1,148,3,773,1,30
148,268,1,149,7,780,1,70
149,268,1,150,8,788,1,80
150,268,1,151,7,795,1,70
151,268,1,152,9,804,201,90
152,268,1,153,8,812,1,80
153,268,1,154,6,818,1,60
154,268,1,155,9,827,1,90
155,268,1,156,9,836,1,90
156,268,1,157,6,842,1,60
157,268,1,158,2,844,1,20
158,268,1,159,4,848,1,40
159,268,1,160,6,854,1,60
160,268,1,161,4,858,1,40
161,268,1,162,7,865,283,70
162,268,1,163,4,869,1,40
163,268,1,164,7,876,1,70
164,268,1,165,3,879,1,30
165,268,1,166,5,884,240,50
166,268,1,167,5,889,1,50
167,268,1,168,6,895,212,60
168,268,1,169,6,901,1,60
169,268,1,170,5,906,1,50
170,268,1,171,2,908,246,20
171,268,1,172,5,913,1,50
172,268,1,173,5,918,1,50
173,268,1,174,3,921,1,30
174,268,1,175,7,928,1,70
175,268,1,176,9,937,212,90
176,268,1,177,7,944,1,70
177,268,1,178,4,948,1,40
178,268,1,179,3,951,1,30
179,268,1,180,2,953,1,20
180,268,1,181,7,960,227,70
181,268,1,182,5,965,1,50
182,268,1,183,3,968,1,30
183,268,1,184,5,973,1,50
184,268,1,185,4,977,213,40
185,268,1,186,8,985,1,80
186,268,1,187,8,993,1,80
187,268,1,188,4,997,219,40
188,268,1,189,5,1002,1,50
189,268,1,190,2,1004,1,20
190,268,1,191,5,1009,1,50
191,268,1,192,9,1018,1,90
192,268,1,193,2,1020,1,20
193,268,1,194,5,1025,208,50
194,268,1,195,6,1031,1,60
195,268,1,196,3,1034,201,30
196,268,1,197,7,1041,1,70
197,268,1,198,9,1050,218,90
198,268,1,199,4,1054,212,40
199,268,1,200,5,1059,1,50
200,268,1,201,5,1064,1,50
201,268,1,202,4,1068,1,40
202,268,1,203,8,1076,211,80
203,268,1,204,4,1080,1,40
204,268,1,205,3,1083,1,30
205,268,1,206,8,1091,1,80
206,268,1,207,3,1094,1,30
207,268,1,208,9,1103,1,90
208,268,1,209,2,1105,1,20
209,268,1,210,9,1114,1,90
210,268,1,211,7,1121,1,70
211,268,1,212,3,1124,1,30
212,268,1,213,8,1132,1,80
213,268,1,214,2,1134,1,20
214,268,1,215,6,1140,245,60
215,268,1,216,9,1149,1,90
216,268,1,217,9,1158,198,90
217,268,1,218,2,1160,200,20
218,268,1,219,9,1169,1,90
219,268,1,220,2,1171,1,20
220,268,1,221,7,1178,1,70
221,268,1,222,5,1183,194,50
222,268,1,223,9,1192,1,90
223,268,1,224,8,1200,1,80
224,268,1,225,6,1206,1,60
225,268,1,226,9,1215,231,90
226,268,1,227,2,1217,207,20
227,268,1,228,7,1224,213,70
228,268,1,229,7,1231,1,70
229,268,1,230,5,1236,1,50
230,268,1,231,3,1239,199,30
231,268,1,232,7,1246,1,70
232,268,1,233,7,1253,1,70
233,268,1,234,4,1257,1,40
234,268,1,235,6,1263,1,60
235,268,1,236,3,1266,1,30
236,268,1,237,5,1271,196,50
237,268,1,238,2,1273,1,20
238,268,1,239,4,1277,191,40
239,268,1,240,8,1285,161,80
240,268,1,241,6,1291,1,60
241,268,1,242,3,1294,1,30
242,268,1,243,6,1300,1,60
243,268,1,244,7,1307,1,70
244,268,1,245,5,1312,1,50
245,268,1,246,6,1318,1,60
246,268,1,247,2,1320,1,20
247,268,1,248,2,1322,1,20
248,268,1,249,8,1330,196,80
249,268,1,250,2,1332,1,20
250,268,1,251,8,1340,1,80
251,268,1,252,3,1343,1,30
252,268,1,253,7,1350,1,70
253,268,1,254,7,1357,1,70
254,268,1,255,9,1366,1,90
255,268,1,256,7,1373,1,70
256,268,1,257,4,1377,1,40
257,268,1,258,2,1379,1,20
258,268,1,259,2,1381,1,20
259,268,1,260,7,1388,1,70
260,268,1,261,5,1393,255,50
261,268,1,262,9,1402,1,90
262,268,1,263,6,1408,1,60
263,268,1,264,8,1416,1,80
264,268,1,265,4,1420,1,40
265,268,1,266,4,1424,1,40
266,268,1,267,3,1427,1,30
267,268,1,268,3,1430,1,30
268,268,1,269,2,1432,1,20
269,268,1,270,5,1437,1,50
270,268,1,271,2,1439,1,20
271,268,1,272,8,1447,1,80
272,268,1,273,9,1456,1,90
273,268,1,274,8,1464,283,80
274,268,1,275,2,1466,1,20
275,268,1,276,7,1473,1,70
276,268,1,277,5,1478,289,50
277,268,1,278,7,1485,1,70
278,268,1,279,4,1489,1,40
279,268,1,280,3,1492,1,30
280,268,1,281,3,1495,1,30
281,268,1,282,3,1498,254,30
282,268,1,283,7,1505,1,70
283,268,1,284,6,1511,277,60
284,268,1,285,3,1514,1,30
285,268,1,286,9,1523,1,90
286,268,1,287,5,1528,1,50
287,268,1,288,6,1534,1,60
288,268,1,289,5,1539,1,50
289,268,1,290,3,1542,268,30
290,268,1,291,8,1550,1,80
291,268,1,292,8,1558,1,80
292,268,1,293,7,1565,236,70
293,268,1,294,8,1573,1,80
294,268,1,295,4,1577,1,40
295,268,1,296,6,1583,1,60
296,268,1,297,5,1588,249,50
297,268,1,298,2,1590,251,20
298,268,1,299,3,1593,1,30
299,268,1,300,8,1601,1,80
300,268,1,301,5,1606,1,50
301,268,1,302,7,1613,1,70
302,268,1,303,5,1618,1,50
303,268,1,304,3,1621,1,30
304,268,1,305,7,1628,1,70
305,268,1,306,2,1630,1,20
306,268,1,307,4,1634,1,40
307,268,1,308,8,1642,1,80
308,268,1,309,8,1650,1,80
309,268,1,310,3,1653,1,30
310,268,1,311,4,1657,1,40
311,268,1,312,7,1664,255,70
312,268,1,313,4,1668,248,40
313,268,1,314,5,1673,1,50
314,268,1,315,8,1681,1,80
315,268,1,316,5,1686,1,50
316,268,1,317,2,1688,234,20
317,268,1,318,9,1697,1,90
318,268,1,319,3,1700,1,30
319,268,1,320,8,1708,252,80
320,268,1,321,9,1717,1,90
321,268,1,322,3,1720,213,30
322,268,1,323,7,1727,1,70
323,268,1,324,7,1734,213,70
324,268,1,325,8,1742,1,80
325,268,1,326,7,1749,1,70
326,268,1,327,5,1754,1,50
327,268,1,328,5,1759,1,50
328,268,1,329,5,1764,1,50
329,268,1,330,7,1771,1,70
330,268,1,331,8,1779,1,80
331,268,1,332,4,1783,1,40
332,268,1,333,3,1786,230,30
333,268,1,334,7,1793,1,70
334,268,1,335,2,1795,212,20
335,268,1,336,7,1802,1,70
336,268,1,337,8,1810,1,80
337,268,1,338,5,1815,1,50
338,268,1,339,4,1819,216,40
339,268,1,340,8,1827,1,80
340,268,1,341,5,1832,1,50
341,268,1,342,8,1840,1,80
342,268,1,343,4,1844,1,40
343,268,1,344,4,1848,1,40
344,268,1,345,3,1851,1,30
345,268,1,346,2,1853,1,20
346,268,1,347,7,1860,1,70
347,268,1,348,8,1868,247,80
348,268,1,349,3,1871,221,30
349,268,1,350,3,1874,1,30
350,268,1,351,5,1879,204,50
351,268,1,352,6,1885,1,60
352,268,1,353,9,1894,1,90
353,268,1,354,4,1898,254,40
354,268,1,355,7,1905,1,70
355,268,1,356,2,1907,1,20
356,268,1,357,2,1909,1,20
357,268,1,358,6,1915,1,60
358,268,1,359,3,1918,1,30
359,268,1,360,2,1920,1,20
360,268,1,361,9,1929,1,90
361,268,1,362,5,1934,230,50
362,268,1,363,4,1938,1,40
363,268,1,364,5,1943,216,50
364,268,1,365,7,1950,1,70
365,268,1,366,3,1953,217,30
366,268,1,367,4,1957,1,40
367,268,1,368,2,1959,1,20
368,268,1,369,2,1961,1,20
369,268,1,370,9,1970,1,90
370,268,1,371,5,1975,1,50
371,268,1,372,3,1978,1,30
372,268,1,373,9,1987,1,90
373,268,1,374,5,1992,1,50
374,268,1,375,3,1995,1,30
375,268,1,376,9,2004,1,90
376,268,1,377,3,2007,254,30
377,268,1,378,7,2014,223,70
378,268,1,379,3,2017,1,30
379,268,1,380,8,2025,241,80
380,268,1,381,2,2027,1,20
381,268,1,382,9,2036,1,90
382,268,1,383,7,2043,168,70
383,268,1,384,2,2045,188,20
384,268,1,385,4,2049,169,40
385,268,1,386,4,2053,1,40
386,268,1,387,6,2059,1,60
387,268,1,388,3,2062,1,30
388,268,1,389,5,2067,169,50
389,268,1,390,5,2072,1,50
390,268,1,391,2,2074,155,20
391,268,1,392,3,2077,1,30
392,268,1,393,7,2084,1,70
393,268,1,394,5,2089,1,50
394,268,1,395,7,2096,1,70
395,268,1,396,3,2099,1,30
396,268,1,397,7,2106,1,70
397,268,1,398,3,2109,1,30
398,268,1,399,2,2111,1,20
399,268,1,400,9,2120,1,90
400,268,1,401,3,2123,1,30
401,268,1,402,6,2129,230,60
402,268,1,403,7,2136,1,70
403,268,1,404,9,2145,1,90
404,268,1,405,7,2152,1,70
405,268,1,406,3,2155,1,30
406,268,1,407,3,2158,201,30
407,268,1,408,8,2166,204,80
408,268,1,409,3,2169,1,30
409,268,1,410,6,2175,179,60
410,268,1,411,3,2178,1,30
411,268,1,412,4,2182,1,40
412,268,1,413,7,2189,1,70
413,268,1,414,4,2193,1,40
414,268,1,415,5,2198,1,50
415,268,1,416,2,2200,188,20
416,268,1,417,8,2208,1,80
417,268,1,418,3,2211,1,30
418,268,1,419,5,2216,1,50
419,268,1,420,7,2223,1,70
420,268,1,421,7,2230,1,70
421,268,1,422,4,2234,1,40
422,268,1,423,6,2240,1,60
423,268,1,424,2,2242,202,20
424,268,1,425,6,2248,198,60
425,268,1,426,5,2253,1,50
426,268,1,427,9,2262,1,90
427,268,1,428,5,2267,188,50
428,268,1,429,3,2270,1,30
429,268,1,430,9,2279,1,90
430,268,1,431,9,2288,185,90
431,268,1,432,5,2293,1,50
432,268,1,433,7,2300,1,70
433,268,1,434,4,2304,1,40
434,268,1,435,5,2309,178,50
435,268,1,436,9,2318,1,90
436,268,1,437,7,2325,1,70
437,268,1,438,7,2332,1,70
438,268,1,439,7,2339,1,70
439,268,1,440,3,2342,1,30
440,268,1,441,9,2351,1,90
441,268,1,442,2,2353,1,20
442,268,1,443,9,2362,1,90
443,268,1,444,9,2371,1,90
444,268,1,445,3,2374,1,30
445,268,1,446,6,2380,1,60
446,268,1,447,8,2388,1,80
447,268,1,448,2,2390,1,20
448,268,1,449,2,2392,261,20
449,268,1,450,5,2397,220,50
450,268,1,451,6,2403,222,60
451,268,1,452,5,2408,1,50
452,268,1,453,8,2416,1,80
453,268,1,454,9,2425,1,90
454,268,1,455,9,2434,224,90
455,268,1,456,6,2440,1,60
456,268,1,457,7,2447,1,70
457,268,1,458,3,2450,1,30
458,268,1,459,9,2459,1,90
459,268,1,460,2,2461,1,20
460,268,1,461,2,2463,1,20
461,268,1,462,3,2466,1,30
462,268,1,463,4,2470,1,40
463,268,1,464,6,2476,1,60
464,268,1,465,8,2484,1,80
465,268,1,466,2,2486,237,20
466,268,1,467,6,2492,1,60
467,268,1,468,5,2497,1,50
468,268,1,469,4,2501,236,40
469,268,1,470,6,2507,1,60
470,268,1,471,9,2516,1,90
471,268,1,472,2,2518,1,20
472,268,1,473,9,2527,243,90
473,268,1,474,4,2531,1,40
474,268,1,475,4,2535,1,40
475,268,1,476,9,2544,253,90
476,268,1,477,9,2553,1,90
477,268,1,478,8,2561,239,80
478,268,1,479,3,2564,1,30
479,268,1,480,8,2572,1,80
480,268,1,481,7,2579,1,70
481,268,1,482,6,2585,1,60
482,268,1,483,7,2592,1,70
483,268,1,484,5,2597,247,50
484,268,1,485,8,2605,1,80
485,268,1,486,4,2609,233,40
486,268,1,487,5,2614,1,50
487,268,1,488,8,2622,1,80
488,268,1,489,3,2625,1,30
489,268,1,490,5,2630,216,50
490,268,1,491,5,2635,194,50
491,268,1,492,5,2640,1,50
492,268,1,493,5,2645,1,50
493,268,1,494,9,2654,184,90
494,268,1,495,5,2659,1,50
495,268,1,496,2,2661,1,20
496,268,1,497,7,2668,1,70
497,268,1,498,4,2672,1,40
498,268,1,499,9,2681,1,90
499,268,1,500,9,2690,1,90
500,268,1,501,6,2696,1,60
501,268,1,502,4,2700,1,40
502,268,1,503,5,2705,246,50
503,268,1,504,4,2709,254,40
504,268,1,505,3,2712,1,30
505,268,1,506,5,2717,1,50
506,268,1,507,4,2721,1,40
507,268,1,508,6,2727,1,60
508,268,1,509,7,2734,1,70
509,268,1,510,7,2741,1,70
510,268,1,511,8,2749,223,80
511,268,1,512,7,2756,1,70
512,268,1,513,7,2763,1,70
513,268,1,514,2,2765,1,20
514,268,1,515,2,2767,245,20
515,268,1,516,4,2771,1,40
516,268,1,517,5,2776,231,50
517,268,1,518,8,2784,1,80
518,268,1,519,2,2786,1,20
519,268,1,520,3,2789,215,30
520,268,1,521,8,2797,1,80
521,268,1,522,8,2805,1,80
522,268,1,523,6,2811,1,60
523,268,1,524,3,2814,1,30
524,268,1,525,9,2823,1,90
525,268,1,526,9,2832,210,90
526,268,1,527,5,2837,1,50
527,268,1,528,2,2839,1,20
528,268,1,529,3,2842,1,30
529,268,1,530,4,2846,1,40
530,268,1,531,8,2854,1,80
531,268,1,532,2,2856,1,20
532,268,1,533,6,2862,1,60
533,268,1,534,7,2869,1,70
534,268,1,535,5,2874,1,50
535,268,1,536,8,2882,1,80
536,268,1,537,7,2889,1,70
537,268,1,538,4,2893,234,40
538,268,1,539,5,2898,263,50
539,268,1,540,7,2905,207,70
540,268,1,541,8,2913,1,80
541,268,1,542,4,2917,216,40
542,268,1,543,6,2923,220,60
543,268,1,544,9,2932,1,90
544,268,1,545,8,2940,1,80
545,268,1,546,5,2945,201,50
546,268,1,547,7,2952,203,70
547,268,1,548,3,2955,1,30
548,268,1,549,7,2962,1,70
549,268,1,550,3,2965,1,30
550,268,1,551,5,2970,1,50
551,268,1,552,6,2976,1,60
552,268,1,553,7,2983,1,70
553,268,1,554,3,2986,1,30
554,268,1,555,7,2993,1,70
555,268,1,556,3,2996,201,30
556,268,1,557,2,2998,180,20
557,268,1,558,8,3006,1,80
558,268,1,559,7,3013,1,70
559,268,1,560,3,3016,1,30
560,268,1,561,3,3019,1,30
561,268,1,562,5,3024,1,50
562,268,1,563,6,3030,1,60
563,268,1,564,5,3035,212,50
564,268,1,565,2,3037,1,20
565,268,1,566,7,3044,1,70
566,268,1,567,3,3047,1,30
567,268,1,568,9,3056,1,90
568,268,1,569,2,3058,1,20
569,268,1,570,4,3062,1,40
570,268,1,571,7,3069,1,70
571,268,1,572,2,3071,1,20
572,268,1,573,9,3080,1,90
573,268,1,574,7,3087,231,70
574,268,1,575,6,3093,214,60
575,268,1,576,7,3100,212,70
576,268,1,577,9,3109,1,90
577,268,1,578,4,3113,1,40
578,268,1,579,5,3118,213,50
579,268,1,580,4,3122,184,40
580,268,1,581,7,3129,1,70
581,268,1,582,9,3138,201,90
582,268,1,583,4,3142,1,40
583,268,1,584,3,3145,1,30
584,268,1,585,4,3149,166,40
585,268,1,586,4,3153,1,40
586,268,1,587,7,3160,1,70
587,268,1,588,6,3166,1,60
588,268,1,589,6,3172,1,60
589,268,1,590,2,3174,1,20
590,268,1,591,2,3176,169,20
591,268,1,592,9,3185,1,90
592,268,1,593,2,3187,1,20
593,268,1,594,9,3196,173,90
594,268,1,595,8,3204,1,80
595,268,1,596,5,3209,175,50
596,268,1,597,9,3218,1,90
597,268,1,598,7,3225,1,70
598,268,1,599,8,3233,1,80
599,268,1,600,4,3237,1,40
600,268,1,601,8,3245,206,80
601,268,1,602,6,3251,175,60
602,268,1,603,8,3259,1,80
603,268,1,604,8,3267,1,80
604,268,1,605,6,3273,1,60
605,268,1,606,3,3276,204,30
606,268,1,607,9,3285,179,90
607,268,1,608,4,3289,1,40
608,268,1,609,4,3293,185,40
609,268,1,610,2,3295,1,20
610,268,1,611,8,3303,154,80
611,268,1,612,4,3307,1,40
612,268,1,613,2,3309,1,20
613,268,1,614,9,3318,174,90
614,268,1,615,3,3321,132,30
615,268,1,616,8,3329,1,80
616,268,1,617,2,3331,137,20
617,268,1,618,9,3340,126,90
618,268,1,619,8,3348,124,80
619,268,1,620,8,3356,1,80
620,268,1,621,5,3361,1,50
621,268,1,622,3,3364,1,30
622,268,1,623,3,3367,1,30
623,268,1,624,7,3374,1,70
624,268,1,625,9,3383,1,90
625,268,1,626,2,3385,156,20
626,268,1,627,8,3393,1,80
627,268,1,628,7,3400,159,70
628,268,1,629,4,3404,1,40
629,268,1,630,2,3406,155,20
630,268,1,631,2,3408,129,20
631,268,1,632,7,3415,1,70
632,268,1,633,3,3418,1,30
633,268,1,634,6,3424,1,60
634,268,1,635,3,3427,1,30
635,268,1,636,3,3430,1,30
636,268,1,637,7,3437,1,70
637,268,1,638,7,3444,1,70
638,268,1,639,4,3448,162,40
639,268,1,640,9,3457,1,90
640,268,1,641,3,3460,144,30
641,268,1,642,4,3464,148,40
642,268,1,643,7,3471,1,70
643,268,1,644,3,3474,1,30
644,268,1,645,4,3478,1,40
645,268,1,646,8,3486,1,80
646,268,1,647,4,3490,1,40
647,268,1,648,9,3499,163,90
648,268,1,649,2,3501,157,20
649,268,1,650,3,3504,1,30
650,268,1,651,8,3512,133,80
651,268,1,652,2,3514,1,20
652,268,1,653,5,3519,1,50
653,268,1,654,4,3523,1,40
654,268,1,655,7,3530,1,70
655,268,1,656,5,3535,136,50
656,268,1,657,6,3541,1,60
657,268,1,658,4,3545,1,40
658,268,1,659,8,3553,1,80
659,268,1,660,7,3560,1,70
660,268,1,661,2,3562,1,20
661,268,1,662,6,3568,1,60
662,268,1,663,7,3575,1,70
663,268,1,664,2,3577,1,20
664,268,1,665,8,3585,1,80
665,268,1,666,7,3592,1,70
666,268,1,667,7,3599,1,70
667,268,1,668,3,3602,1,30
668,268,1,669,7,3609,1,70
669,268,1,670,2,3611,1,20
670,268,1,671,7,3618,1,70
671,268,1,672,7,3625,1,70
672,268,1,673,9,3634,1,90
673,268,1,674,3,3637,1,30
674,268,1,675,7,3644,1,70
675,268,1,676,5,3649,1,50
676,268,1,677,9,3658,256,90
677,268,1,678,4,3662,1,40
678,268,1,679,3,3665,1,30
679,268,1,680,7,3672,1,70
680,268,1,681,7,3679,1,70
681,268,1,682,5,3684,239,50
682,268,1,683,2,3686,1,20
683,268,1,684,6,3692,1,60
684,268,1,685,2,3694,242,20
685,268,1,686,2,3696,219,20
686,268,1,687,3,3699,1,30
687,268,1,688,6,3705,1,60
688,268,1,689,8,3713,1,80
689,268,1,690,5,3718,211,50
690,268,1,691,7,3725,207,70
691,268,1,692,5,3730,1,50
692,268,1,693,9,3739,204,90
693,268,1,694,8,3747,1,80
694,268,1,695,3,3750,1,30
695,268,1,696,9,3759,1,90
696,268,1,697,7,3766,1,70
697,268,1,698,5,3771,1,50
698,268,1,699,5,3776,1,50
699,268,1,700,5,3781,1,50
700,268,1,701,8,3789,1,80
701,268,1,702,5,3794,226,50
702,268,1,703,2,3796,1,20
703,268,1,704,8,3804,1,80
704,268,1,705,4,3808,1,40
705,268,1,706,7,3815,218,70
706,268,1,707,4,3819,1,40
707,268,1,708,7,3826,215,70
708,268,1,709,3,3829,1,30
709,268,1,710,4,3833,1,40
710,268,1,711,3,3836,1,30
711,268,1,712,6,3842,1,60
712,268,1,713,2,3844,219,20
713,268,1,714,2,3846,1,20
714,268,1,715,5,3851,1,50
715,268,1,716,2,3853,1,20
716,268,1,717,3,3856,208,30
717,268,1,718,5,3861,1,50
718,268,1,719,9,3870,1,90
719,268,1,720,6,3876,1,60
720,268,1,721,8,3884,214,80
721,268,1,722,9,3893,1,90
722,268,1,723,7,3900,199,70
723,268,1,724,7,3907,1,70
724,268,1,725,5,3912,1,50
725,268,1,726,5,3917,1,50
726,268,1,727,7,3924,1,70
727,268,1,728,8,3932,1,80
728,268,1,729,7,3939,1,70
729,268,1,730,4,3943,1,40
730,268,1,731,7,3950,1,70
731,268,1,732,4,3954,1,40
732,268,1,733,7,3961,1,70
733,268,1,734,8,3969,1,80
734,268,1,735,2,3971,264,20
735,268,1,736,8,3979,1,80
736,268,1,737,7,3986,1,70
737,268,1,738,3,3989,1,30
738,268,1,739,8,3997,1,80
739,268,1,740,8,4005,1,80
740,268,1,741,4,4009,1,40
741,268,1,742,8,4017,1,80
742,268,1,743,4,4021,1,40
743,268,1,744,7,4028,1,70
744,268,1,745,8,4036,260,80
745,268,1,746,9,4045,1,90
746,268,1,747,9,4054,1,90
747,268,1,748,7,4061,1,70
748,268,1,749,8,4069,276,80
749,268,1,750,7,4076,1,70
750,268,1,751,5,4081,292,50
751,268,1,752,2,4083,1,20
752,268,1,753,2,4085,226,20
753,268,1,754,4,4089,1,40
754,268,1,755,5,4094,1,50
755,268,1,756,9,4103,1,90
756,268,1,757,2,4105,1,20
757,268,1,758,7,4112,293,70
758,268,1,759,5,4117,1,50
759,268,1,760,4,4121,1,40
760,268,1,761,2,4123,1,20
761,268,1,762,5,4128,1,50
762,268,1,763,7,4135,1,70
763,268,1,764,9,4144,1,90
764,268,1,765,7,4151,1,70
765,268,1,766,6,4157,1,60
766,268,1,767,8,4165,1,80
767,268,1,768,6,4171,1,60
768,268,1,769,4,4175,1,40
769,268,1,770,3,4178,276,30
770,268,1,771,8,4186,1,80
771,268,1,772,3,4189,294,30
772,268,1,773,9,4198,1,90
773,268,1,774,7,4205,1,70
774,268,1,775,3,4208,1,30
775,268,1,776,4,4212,1,40
776,268,1,777,8,4220,251,80
777,268,1,778,4,4224,261,40
778,268,1,779,8,4232,210,80
779,268,1,780,2,4234,1,20
780,268,1,781,3,4237,1,30
781,268,1,782,3,4240,1,30
782,268,1,783,4,4244,1,40
783,268,1,784,9,4253,223,90
784,268,1,785,2,4255,1,20
785,268,1,786,4,4259,1,40
786,268,1,787,9,4268,256,90
787,268,1,788,5,4273,1,50
788,268,1,789,7,4280,1,70
789,268,1,790,4,4284,1,40
790,268,1,791,9,4293,1,90
791,268,1,792,9,4302,1,90
792,268,1,793,6,4308,1,60
793,268,1,794,7,4315,1,70
794,268,1,795,9,4324,276,90
795,268,1,796,3,4327,1,30
796,268,1,797,9,4336,1,90
797,268,1,798,3,4339,1,30
798,268,1,799,7,4346,1,70
799,268,1,800,6,4352,285,60
800,268,1,801,6,4358,1,60
801,268,1,802,5,4363,1,50
802,268,1,803,7,4370,1,70
803,268,1,804,7,4377,1,70
804,268,1,805,8,4385,277,80
805,268,1,806,7,4392,240,70
806,268,1,807,3,4395,224,30
807,268,1,808,9,4404,1,90
808,268,1,809,4,4408,1,40
809,268,1,810,2,4410,1,20
810,268,1,811,4,4414,1,40
811,268,1,812,2,4416,1,20
812,268,1,813,4,4420,1,40
813,268,1,814,5,4425,1,50
814,268,1,815,5,4430,260,50
815,268,1,816,4,4434,1,40
816,268,1,817,6,4440,1,60
817,268,1,818,5,4445,1,50
818,268,1,819,2,4447,218,20
819,268,1,820,2,4449,214,20
820,268,1,821,4,4453,1,40
821,268,1,822,5,4458,212,50
822,268,1,823,5,4463,187,50
823,268,1,824,8,4471,1,80
824,268,1,825,9,4480,1,90
825,268,1,826,7,4487,190,70
826,268,1,827,2,4489,1,20
827,268,1,828,5,4494,1,50
828,268,1,829,8,4502,1,80
829,268,1,830,7,4509,1,70
830,268,1,831,2,4511,1,20
831,268,1,832,2,4513,1,20
832,268,1,833,7,4520,1,70
833,268,1,834,6,4526,1,60
834,268,1,835,2,4528,229,20
835,268,1,836,8,4536,1,80
836,268,1,837,6,4542,1,60
837,268,1,838,9,4551,1,90
838,268,1,839,3,4554,1,30
839,268,1,840,5,4559,1,50
840,268,1,841,2,4561,1,20
841,268,1,842,3,4564,1,30
842,268,1,843,7,4571,251,70
843,268,1,844,2,4573,1,20
844,268,1,845,3,4576,204,30
845,268,1,846,5,4581,190,50
846,268,1,847,7,4588,1,70
847,268,1,848,4,4592,1,40
848,268,1,849,5,4597,215,50
849,268,1,850,4,4601,1,40
850,268,1,851,3,4604,1,30
851,268,1,852,4,4608,1,40
852,268,1,853,9,4617,1,90
853,268,1,854,5,4622,1,50
854,268,1,855,4,4626,1,40
855,268,1,856,4,4630,1,40
856,268,1,857,4,4634,232,40
857,268,1,858,8,4642,178,80
858,268,1,859,4,4646,1,40
859,268,1,860,5,4651,1,50
860,268,1,861,7,4658,183,70
861,268,1,862,3,4661,1,30
862,268,1,863,4,4665,1,40
863,268,1,864,7,4672,200,70
864,268,1,865,3,4675,159,30
865,268,1,866,5,4680,1,50
866,268,1,867,6,4686,160,60
867,268,1,868,6,4692,1,60
868,268,1,869,3,4695,1,30
869,268,1,870,3,4698,1,30
870,268,1,871,7,4705,1,70
871,268,1,872,9,4714,1,90
872,268,1,873,3,4717,189,30
873,268,1,874,2,4719,1,20
874,268,1,875,2,4721,1,20
875,268,1,876,7,4728,1,70
876,268,1,877,4,4732,1,40
877,268,1,878,4,4736,1,40
878,268,1,879,9,4745,1,90
879,268,1,880,3,4748,1,30
880,268,1,881,5,4753,1,50
881,268,1,882,9,4762,198,90
882,268,1,883,6,4768,166,60
883,268,1,884,2,4770,177,20
884,268,1,885,7,4777,173,70
885,268,1,886,3,4780,1,30
886,268,1,887,4,4784,1,40
887,268,1,888,7,4791,1,70
888,268,1,889,2,4793,1,20
889,268,1,890,2,4795,150,20
890,268,1,891,7,4802,1,70
891,268,1,892,7,4809,1,70
892,268,1,893,7,4816,1,70
893,268,1,894,4,4820,1,40
894,268,1,895,2,4822,1,20
895,268,1,896,9,4831,1,90
896,268,1,897,5,4836,201,50
897,268,1,898,8,4844,1,80
898,268,1,899,7,4851,1,70
899,268,1,900,4,4855,216,40
900,268,1,901,5,4860,1,50
901,268,1,902,6,4866,1,60
902,268,1,903,2,4868,1,20
903,268,1,904,6,4874,1,60
904,268,1,905,6,4880,200,60
905,268,1,906,2,4882,182,20
906,268,1,907,3,4885,1,30
907,268,1,908,5,4890,1,50
908,268,1,909,4,4894,1,40
909,268,1,910,6,4900,1,60
910,268,1,911,6,4906,157,60
911,268,1,912,9,4915,1,90
912,268,1,913,8,4923,1,80
913,268,1,914,7,4930,1,70
914,268,1,915,3,4933,1,30
915,268,1,916,8,4941,1,80
916,268,1,917,5,4946,1,50
917,268,1,918,4,4950,218,40
918,268,1,919,7,4957,189,70
919,268,1,920,9,4966,1,90
920,268,1,921,7,4973,1,70
921,268,1,922,7,4980,188,70
922,268,1,923,6,4986,1,60
923,268,1,924,4,4990,1,40
924,268,1,925,4,4994,1,40
925,268,2,1,6,6,1,60
926,268,2,2,6,12,10,60
927,268,2,3,2,14,1,20
928,268,2,4,4,18,1,40
929,268,2,5,8,26,1,80
930,268,2,6,8,34,43,80
931,268,2,7,9,43,1,90
932,268,2,8,6,49,40,60
933,268,2,9,8,57,1,80
934,268,2,10,9,66,1,90
935,268,2,11,8,74,76,80
936,268,2,12,8,82,64,80
937,268,2,13,7,89,1,70
938,268,2,14,8,97,83,80
939,268,2,15,4,101,1,40
940,268,2,16,9,110,82,90
941,268,2,17,5,115,1,50
942,268,2,18,3,118,1,30
943,268,2,19,8,126,1,80
944,268,2,20,9,135,101,90
945,268,2,21,5,140,1,50
946,268,2,22,4,144,1,40
947,268,2,23,8,152,1,80
948,268,2,24,6,158,1,60
949,268,2,25,6,164,1,60
950,268,2,26,7,171,1,70
951,268,2,27,9,180,1,90
952,268,2,28,3,183,1,30
953,268,2,29,3,186,1,30
954,268,2,30,2,188,140,20
955,268,2,31,4,192,1,40
956,268,2,32,5,197,1,50
957,268,2,33,4,201,1,40
958,268,2,34,2,203,129,20
959,268,2,35,7,210,1,70
960,268,2,36,6,216,1,60
961,268,2,37,5,221,1,50
962,268,2,38,4,225,1,40
963,268,2,39,7,232,1,70
964,268,2,40,3,235,1,30
965,268,2,41,4,239,1,40
966,268,2,42,5,244,1,50
967,268,2,43,3,247,1,30
968,268,2,44,6,253,1,60
969,268,2,45,2,255,1,20
970,268,2,46,8,263,1,80
971,268,2,47,3,266,188,30
972,268,2,48,8,274,1,80
973,268,2,49,7,281,1,70
974,268,2,50,2,283,1,20
975,268,2,51,6,289,231,60
976,268,2,52,5,294,1,50
977,268,2,53,6,300,1,60
978,268,2,54,7,307,1,70
979,268,2,55,5,312,175,50
980,268,2,56,7,319,1,70
981,268,2,57,6,325,168,60
982,268,2,58,4,329,177,40
983,268,2,59,4,333,1,40
984,268,2,60,2,335,1,20
985,268,2,61,4,339,1,40
986,268,2,62,8,347,1,80
987,268,2,63,7,354,1,70
988,268,2,64,7,361,1,70
989,268,2,65,4,365,190,40
990,268,2,66,4,369,175,40
991,268,2,67,5,374,1,50
992,268,2,68,2,376,1,20
993,268,2,69,5,381,1,50
994,268,2,70,9,390,1,90
995,268,2,71,9,399,1,90
996,268,2,72,6,405,1,60
997,268,2,73,6,411,1,60
998,268,2,74,4,415,222,40
999,268,2,75,6,421,1,60
1000,268,2,76,2,423,208,20
1001,268,2,77,6,429,1,60
1002,268,2,78,5,434,1,50
1003,268,2,79,2,436,1,20
1004,268,2,80,3,439,1,30
1005,268,2,81,3,442,1,30
1006,268,2,82,7,449,1,70
1007,268,2,83,5,454,1,50
1008,268,2,84,3,457,1,30
1009,268,2,85,6,463,1,60
1010,268,2,86,6,469,1,60
1011,268,2,87,8,477,1,80
1012,268,2,88,2,479,1,20
1013,268,2,89,6,485,1,60
1014,268,2,90,4,489,1,40
1015,268,2,91,2,491,1,20
1016,268,2,92,2,493,1,20
1017,268,2,93,9,502,1,90
1018,268,2,94,7,509,1,70
1019,268,2,95,6,515,1,60
1020,268,2,96,5,520,1,50
1021,268,2,97,3,523,1,30
1022,268,2,98,4,527,1,40
1023,268,2,99,8,535,1,80
1024,268,2,100,9,544,1,90
1025,268,2,101,9,553,1,90
1026,268,2,102,2,555,1,20
1027,268,2,103,3,558,296,30
1028,268,2,104,2,560,1,20
1029,268,2,105,7,567,1,70
1030,268,2,106,6,573,1,60
1031,268,2,107,8,581,1,80
1032,268,2,108,8,589,1,80
1033,268,2,109,4,593,1,40
1034,268,2,110,4,597,1,40
1035,268,2,111,5,602,1,50
1036,268,2,112,4,606,1,40
1037,268,2,113,9,615,309,90
1038,268,2,114,7,622,1,70
1039,268,2,115,3,625,1,30
1040,268,2,116,3,628,1,30
1041,268,2,117,8,636,1,80
1042,268,2,118,9,645,345,90
1043,268,2,119,6,651,1,60
1044,268,2,120,6,657,1,60
1045,268,2,121,8,665,1,80
1046,268,2,122,5,670,309,50
1047,268,2,123,9,679,287,90
1048,268,2,124,2,681,1,20
1049,268,2,125,9,690,1,90
1050,268,2,126,8,698,1,80
1051,268,2,127,9,707,1,90
1052,268,2,128,6,713,1,60
1053,268,2,129,7,720,1,70
1054,268,2,130,5,725,1,50
1055,268,2,131,3,728,321,30
1056,268,2,132,9,737,1,90
1057,268,2,133,9,746,1,90
1058,268,2,134,6,752,1,60
1059,268,2,135,8,760,288,80
1060,268,2,136,3,763,1,30
1061,268,2,137,9,772,297,90
1062,268,2,138,9,781,1,90
1063,268,2,139,4,785,284,40
1064,268,2,140,4,789,1,40
1065,268,2,141,8,797,1,80
1066,268,2,142,5,802,1,50
1067,268,2,143,3,805,1,30
1068,268,2,144,6,811,1,60
1069,268,2,145,9,820,1,90
1070,268,2,146,9,829,1,90
1071,268,2,147,7,836,1,70
1072,268,2,148,5,841,1,50
1073,268,2,149,6,847,1,60
1074,268,2,150,5,852,1,50
1075,268,2,151,7,859,1,70
1076,268,2,152,4,863,354,40
1077,268,2,153,6,869,1,60
1078,268,2,154,3,872,1,30
1079,268,2,155,8,880,1,80
1080,268,2,156,9,889,336,90
1081,268,2,157,9,898,1,90
1082,268,2,158,2,900,1,20
1083,268,2,159,7,907,1,70
1084,268,2,160,2,909,1,20
1085,268,2,161,6,915,316,60
1086,268,2,162,7,922,1,70
1087,268,2,163,7,929,1,70
1088,268,2,164,7,936,1,70
1089,268,2,165,3,939,1,30
1090,268,2,166,7,946,1,70
1091,268,2,167,5,951,1,50
1092,268,2,168,9,960,1,90
1093,268,2,169,5,965,338,50
1094,268,2,170,3,968,1,30
1095,268,2,171,9,977,1,90
1096,268,2,172,5,982,1,50
1097,268,2,173,6,988,1,60
1098,268,2,174,8,996,1,80
1099,268,2,175,7,1003,1,70
1100,268,2,176,5,1008,1,50
1101,268,2,177,7,1015,382,70
1102,268,2,178,2,1017,1,20
1103,268,2,179,3,1020,1,30
1104,268,2,180,5,1025,1,50
1105,268,2,181,9,1034,1,90
1106,268,2,182,4,1038,1,40
1107,268,2,183,3,1041,1,30
1108,268,2,184,8,1049,1,80
1109,268,2,185,5,1054,1,50
1110,268,2,186,5,1059,1,50
1111,268,2,187,3,1062,1,30
1112,268,2,188,3,1065,1,30
1113,268,2,189,4,1069,1,40
1114,268,2,190,9,1078,1,90
1115,268,2,191,3,1081,1,30
1116,268,2,192,8,1089,1,80
1117,268,2,193,7,1096,1,70
1118,268,2,194,8,1104,1,80
1119,268,2,195,5,1109,1,50
1120,268,2,196,2,1111,1,20
1121,268,2,197,9,1120,1,90
1122,268,2,198,6,1126,1,60
1123,268,2,199,3,1129,1,30
1124,268,2,200,5,1134,1,50
1125,268,2,201,3,1137,1,30
1126,268,2,202,2,1139,1,20
1127,268,2,203,6,1145,1,60
1128,268,2,204,3,1148,1,30
1129,268,2,205,2,1150,1,20
1130,268,2,206,5,1155,1,50
1131,268,2,207,8,1163,448,80
1132,268,2,208,8,1171,1,80
1133,268,2,209,7,1178,1,70
1134,268,2,210,3,1181,414,30
1135,268,2,211,5,1186,1,50
1136,268,2,212,5,1191,1,50
1137,268,2,213,7,1198,443,70
1138,268,2,214,8,1206,1,80
1139,268,2,215,7,1213,1,70
1140,268,2,216,6,1219,1,60
1141,268,2,217,3,1222,1,30
1142,268,2,218,5,1227,1,50
1143,268,2,219,7,1234,1,70
1144,268,2,220,6,1240,411,60
1145,268,2,221,3,1243,1,30
1146,268,2,222,3,1246,1,30
1147,268,2,223,9,1255,1,90
1148,268,2,224,2,1257,377,20
1149,268,2,225,9,1266,356,90
1150,268,2,226,4,1270,1,40
1151,268,2,227,3,1273,332,30
1152,268,2,228,2,1275,1,20
1153,268,2,229,9,1284,1,90
1154,268,2,230,2,1286,1,20
1155,268,2,231,6,1292,1,60
1156,268,2,232,8,1300,1,80
1157,268,2,233,3,1303,1,30
1158,268,2,234,5,1308,340,50
1159,268,2,235,4,1312,1,40
1160,268,2,236,9,1321,1,90
1161,268,2,237,3,1324,292,30
1162,268,2,238,2,1326,1,20
1163,268,2,239,9,1335,1,90
1164,268,2,240,5,1340,1,50
1165,268,2,241,6,1346,1,60
1166,268,2,242,3,1349,302,30
1167,268,2,243,2,1351,1,20
1168,268,2,244,9,1360,1,90
1169,268,2,245,9,1369,274,90
1170,268,2,246,7,1376,1,70
1171,268,2,247,9,1385,263,90
1172,268,2,248,3,1388,1,30
1173,268,2,249,2,1390,274,20
1174,268,2,250,8,1398,1,80
1175,268,2,251,9,1407,1,90
1176,268,2,252,9,1416,1,90
1177,268,2,253,7,1423,1,70
1178,268,2,254,9,1432,1,90
1179,268,2,255,3,1435,1,30
1180,268,2,256,4,1439,1,40
1181,268,2,257,9,1448,1,90
1182,268,2,258,8,1456,324,80
1183,268,2,259,4,1460,285,40
1184,268,2,260,9,1469,1,90
1185,268,2,261,5,1474,231,50
1186,268,2,262,2,1476,1,20
1187,268,2,263,6,1482,1,60
1188,268,2,264,7,1489,1,70
1189,268,2,265,9,1498,1,90
1190,268,2,266,2,1500,1,20
1191,268,2,267,3,1503,1,30
1192,268,2,268,6,1509,1,60
1193,268,2,269,9,1518,1,90
1194,268,2,270,3,1521,1,30
1195,268,2,271,6,1527,1,60
1196,268,2,272,3,1530,1,30
1197,268,2,273,5,1535,1,50
1198,268,2,274,4,1539,298,40
1199,268,2,275,2,1541,1,20
1200,268,2,276,3,1544,1,30
1201,268,2,277,9,1553,1,90
1202,268,2,278,4,1557,280,40
1203,268,2,279,9,1566,1,90
1204,268,2,280,3,1569,1,30
1205,268,2,281,9,1578,310,90
1206,268,2,282,3,1581,1,30
1207,268,2,283,5,1586,1,50
1208,268,2,284,6,1592,1,60
1209,268,2,285,6,1598,1,60
1210,268,2,286,6,1604,1,60
1211,268,2,287,4,1608,1,40
1212,268,2,288,8,1616,1,80
1213,268,2,289,8,1624,1,80
1214,268,2,290,5,1629,311,50
1215,268,2,291,3,1632,267,30
1216,268,2,292,8,1640,1,80
1217,268,2,293,9,1649,1,90
1218,268,2,294,4,1653,1,40
1219,268,2,295,3,1656,1,30
1220,268,2,296,6,1662,296,60
1221,268,2,297,9,1671,1,90
1222,268,2,298,2,1673,251,20
1223,268,2,299,6,1679,1,60
1224,268,2,300,3,1682,1,30
1225,268,2,301,7,1689,1,70
1226,268,2,302,2,1691,1,20
1227,268,2,303,6,1697,1,60
1228,268,2,304,9,1706,1,90
1229,268,2,305,4,1710,1,40
1230,268,2,306,5,1715,271,50
1231,268,2,307,6,1721,1,60
1232,268,2,308,9,1730,243,90
1233,268,2,309,9,1739,288,90
1234,268,2,310,7,1746,1,70
1235,268,2,311,7,1753,1,70
1236,268,2,312,9,1762,1,90
1237,268,2,313,3,1765,1,30
1238,268,2,314,5,1770,248,50
1239,268,2,315,7,1777,206,70
1240,268,2,316,6,1783,1,60
1241,268,2,317,3,1786,1,30
1242,268,2,318,3,1789,1,30
1243,268,2,319,4,1793,230,40
1244,268,2,320,5,1798,1,50
1245,268,2,321,8,1806,1,80
1246,268,2,322,4,1810,225,40
1247,268,2,323,5,1815,1,50
1248,268,2,324,4,1819,187,40
1249,268,2,325,9,1828,1,90
1250,268,2,326,5,1833,1,50
1251,268,2,327,7,1840,196,70
1252,268,2,328,7,1847,1,70
1253,268,2,329,3,1850,1,30
1254,268,2,330,5,1855,1,50
1255,268,2,331,5,1860,1,50
1256,268,2,332,7,1867,1,70
1257,268,2,333,8,1875,1,80
1258,268,2,334,5,1880,246,50
1259,268,2,335,7,1887,1,70
1260,268,2,336,7,1894,1,70
1261,268,2,337,4,1898,1,40
1262,268,2,338,6,1904,237,60
1263,268,2,339,5,1909,1,50
1264,268,2,340,2,1911,1,20
1265,268,2,341,5,1916,1,50
1266,268,2,342,9,1925,1,90
1267,268,2,343,5,1930,271,50
1268,268,2,344,7,1937,220,70
1269,268,2,345,3,1940,198,30
1270,268,2,346,3,1943,1,30
1271,268,2,347,3,1946,1,30
1272,268,2,348,7,1953,181,70
1273,268,2,349,2,1955,160,20
1274,268,2,350,8,1963,169,80
1275,268,2,351,2,1965,140,20
1276,268,2,352,2,1967,1,20
1277,268,2,353,7,1974,1,70
1278,268,2,354,4,1978,1,40
1279,268,2,355,8,1986,129,80
1280,268,2,356,6,1992,1,60
1281,268,2,357,6,1998,1,60
1282,268,2,358,8,2006,1,80
1283,268,2,359,7,2013,163,70
1284,268,2,360,9,2022,1,90
1285,268,2,361,2,2024,1,20
1286,268,2,362,6,2030,170,60
1287,268,2,363,9,2039,1,90
1288,268,2,364,8,2047,1,80
1289,268,2,365,9,2056,1,90
1290,268,2,366,4,2060,1,40
1291,268,2,367,5,2065,1,50
1292,268,2,368,2,2067,1,20
1293,268,2,369,3,2070,1,30
1294,268,2,370,2,2072,1,20
1295,268,2,371,3,2075,1,30
1296,268,2,372,2,2077,1,20
1297,268,2,373,2,2079,177,20
1298,268,2,374,3,2082,1,30
1299,268,2,375,2,2084,1,20
1300,268,2,376,3,2087,1,30
1301,268,2,377,8,2095,1,80
1302,268,2,378,3,2098,1,30
1303,268,2,379,7,2105,204,70
1304,268,2,380,2,2107,1,20
1305,268,2,381,9,2116,1,90
1306,268,2,382,8,2124,1,80
1307,268,2,383,3,2127,1,30
1308,268,2,384,4,2131,1,40
1309,268,2,385,6,2137,1,60
1310,268,2,386,9,2146,1,90
1311,268,2,387,4,2150,1,40
1312,268,2,388,2,2152,1,20
1313,268,2,389,8,2160,1,80
1314,268,2,390,5,2165,1,50
1315,268,2,391,2,2167,1,20
1316,268,2,392,2,2169,1,20
1317,268,2,393,5,2174,1,50
1318,268,2,394,4,2178,1,40
1319,268,2,395,3,2181,266,30
1320,268,2,396,7,2188,1,70
1321,268,2,397,6,2194,223,60
1322,268,2,398,8,2202,1,80
1323,268,2,399,3,2205,221,30
1324,268,2,400,5,2210,1,50
1325,268,2,401,6,2216,1,60
1326,268,2,402,5,2221,1,50
1327,268,2,403,4,2225,1,40
1328,268,2,404,3,2228,1,30
1329,268,2,405,6,2234,261,60
1330,268,2,406,6,2240,1,60
1331,268,2,407,7,2247,1,70
1332,268,2,408,3,2250,1,30
1333,268,2,409,5,2255,1,50
1334,268,2,410,8,2263,1,80
1335,268,2,411,7,2270,1,70
1336,268,2,412,2,2272,1,20
1337,268,2,413,7,2279,264,70
1338,268,2,414,9,2288,1,90
1339,268,2,415,5,2293,1,50
1340,268,2,416,4,2297,1,40
1341,268,2,417,5,2302,239,50
1342,268,2,418,4,2306,1,40
1343,268,2,419,9,2315,1,90
1344,268,2,420,6,2321,1,60
1345,268,2,421,5,2326,1,50
1346,268,2,422,8,2334,239,80
1347,268,2,423,7,2341,1,70
1348,268,2,424,9,2350,1,90
1349,268,2,425,8,2358,1,80
1350,268,2,426,8,2366,1,80
1351,268,2,427,7,2373,1,70
1352,268,2,428,3,2376,269,30
1353,268,2,429,5,2381,1,50
1354,268,2,430,6,2387,1,60
1355,268,2,431,6,2393,273,60
1356,268,2,432,4,2397,1,40
1357,268,2,433,9,2406,1,90
1358,268,2,434,6,2412,253,60
1359,268,2,435,5,2417,1,50
1360,268,2,436,8,2425,1,80
1361,268,2,437,9,2434,1,90
1362,268,2,438,6,2440,1,60
1363,268,2,439,7,2447,1,70
1364,268,2,440,8,2455,1,80
1365,268,2,441,2,2457,1,20
1366,268,2,442,3,2460,1,30
1367,268,2,443,8,2468,1,80
1368,268,2,444,3,2471,315,30
1369,268,2,445,4,2475,1,40
1370,268,2,446,8,2483,1,80
1371,268,2,447,2,2485,310,20
1372,268,2,448,4,2489,1,40
1373,268,2,449,9,2498,1,90
1374,268,2,450,8,2506,1,80
1375,268,2,451,8,2514,1,80
1376,268,2,452,7,2521,274,70
1377,268,2,453,7,2528,1,70
1378,268,2,454,2,2530,248,20
1379,268,2,455,8,2538,1,80
1380,268,2,456,8,2546,1,80
1381,268,2,457,3,2549,268,30
1382,268,2,458,6,2555,1,60
1383,268,2,459,3,2558,255,30
1384,268,2,460,7,2565,1,70
1385,268,2,461,3,2568,239,30
1386,268,2,462,7,2575,1,70
1387,268,2,463,8,2583,1,80
1388,268,2,464,4,2587,191,40
1389,268,2,465,3,2590,1,30
1390,268,2,466,9,2599,186,90
1391,268,2,467,8,2607,1,80
1392,268,2,468,3,2610,1,30
1393,268,2,469,3,2613,178,30
1394,268,2,470,9,2622,216,90
1395,268,2,471,4,2626,1,40
1396,268,2,472,6,2632,1,60
1397,268,2,473,7,2639,1,70
1398,268,2,474,8,2647,1,80
1399,268,2,475,9,2656,205,90
1400,268,2,476,7,2663,1,70
1401,268,2,477,9,2672,1,90
1402,268,2,478,4,2676,177,40
1403,268,2,479,7,2683,1,70
1404,268,2,480,5,2688,1,50
1405,268,2,481,8,2696,185,80
1406,268,2,482,3,2699,1,30
1407,268,2,483,8,2707,212,80
1408,268,2,484,6,2713,148,60
1409,268,2,485,6,2719,165,60
1410,268,2,486,2,2721,1,20
1411,268,2,487,6,2727,1,60
1412,268,2,488,4,2731,1,40
1413,268,2,489,3,2734,169,30
1414,268,2,490,9,2743,1,90
1415,268,2,491,9,2752,1,90
1416,268,2,492,3,2755,1,30
1417,268,2,493,3,2758,188,30
1418,268,2,494,4,2762,162,40
1419,268,2,495,7,2769,1,70
1420,268,2,496,4,2773,1,40
1421,268,2,497,5,2778,1,50
1422,268,2,498,4,2782,1,40
1423,268,2,499,3,2785,1,30
1424,268,2,500,6,2791,1,60
1425,268,2,501,6,2797,1,60
1426,268,2,502,3,2800,1,30
1427,268,2,503,3,2803,1,30
1428,268,2,504,6,2809,203,60
1429,268,2,505,9,2818,1,90
1430,268,2,506,4,2822,1,40
1431,268,2,507,8,2830,1,80
1432,268,2,508,2,2832,1,20
1433,268,2,509,7,2839,1,70
1434,268,2,510,6,2845,1,60
1435,268,2,511,8,2853,1,80
1436,268,2,512,5,2858,1,50
1437,268,2,513,2,2860,1,20
1438,268,2,514,9,2869,230,90
1439,268,2,515,7,2876,189,70
1440,268,2,516,2,2878,1,20
1441,268,2,517,5,2883,1,50
1442,268,2,518,8,2891,1,80
1443,268,2,519,9,2900,200,90
1444,268,2,520,9,2909,1,90
1445,268,2,521,4,2913,1,40
1446,268,2,522,2,2915,1,20
1447,268,2,523,4,2919,1,40
1448,268,2,524,7,2926,1,70
1449,268,2,525,3,2929,1,30
1450,268,2,526,5,2934,1,50
1451,268,2,527,8,2942,1,80
1452,268,2,528,3,2945,1,30
1453,268,2,529,4,2949,1,40
1454,268,2,530,4,2953,1,40
1455,268,2,531,7,2960,228,70
1456,268,2,532,4,2964,1,40
1457,268,2,533,3,2967,1,30
1458,268,2,534,2,2969,1,20
1459,268,2,535,5,2974,242,50
1460,268,2,536,2,2976,1,20
1461,268,2,537,9,2985,1,90
1462,268,2,538,7,2992,1,70
1463,268,2,539,2,2994,238,20
1464,268,2,540,5,2999,1,50
1465,268,2,541,8,3007,264,80
1466,268,2,542,8,3015,222,80
1467,268,2,543,4,3019,205,40
1468,268,2,544,4,3023,173,40
1469,268,2,545,4,3027,1,40
1470,268,2,546,8,3035,1,80
1471,268,2,547,9,3044,163,90
1472,268,2,548,2,3046,1,20
1473,268,2,549,2,3048,1,20
1474,268,2,550,8,3056,166,80
1475,268,2,551,4,3060,1,40
1476,268,2,552,8,3068,1,80
1477,268,2,553,8,3076,172,80
1478,268,2,554,5,3081,1,50
1479,268,2,555,3,3084,1,30
1480,268,2,556,5,3089,172,50
1481,268,2,557,3,3092,1,30
1482,268,2,558,2,3094,153,20
1483,268,2,559,2,3096,143,20
1484,268,2,560,2,3098,1,20
1485,268,2,561,8,3106,1,80
1486,268,2,562,3,3109,1,30
1487,268,2,563,4,3113,1,40
1488,268,2,564,8,3121,156,80
1489,268,2,565,5,3126,1,50
1490,268,2,566,9,3135,1,90
1491,268,2,567,2,3137,1,20
1492,268,2,568,9,3146,1,90
1493,268,2,569,7,3153,1,70
1494,268,2,570,9,3162,1,90
1495,268,2,571,3,3165,173,30
1496,268,2,572,4,3169,1,40
1497,268,2,573,2,3171,1,20
1498,268,2,574,6,3177,1,60
1499,268,2,575,3,3180,1,30
1500,268,2,576,9,3189,188,90
1501,268,2,577,8,3197,1,80
1502,268,2,578,5,3202,1,50
1503,268,2,579,8,3210,1,80
1504,268,2,580,8,3218,1,80
1505,268,2,581,8,3226,1,80
1506,268,2,582,2,3228,1,20
1507,268,2,583,8,3236,1,80
1508,268,2,584,9,3245,1,90
1509,268,2,585,9,3254,1,90
1510,268,2,586,5,3259,1,50
1511,268,2,587,5,3264,1,50
1512,268,2,588,2,3266,1,20
1513,268,2,589,4,3270,1,40
1514,268,2,590,5,3275,274,50
1515,268,2,591,5,3280,1,50
1516,268,2,592,5,3285,237,50
1517,268,2,593,4,3289,213,40
1518,268,2,594,4,3293,1,40
1519,268,2,595,8,3301,1,80
1520,268,2,596,8,3309,1,80
1521,268,2,597,4,3313,1,40
1522,268,2,598,4,3317,1,40
1523,268,2,599,7,3324,1,70
1524,268,2,600,7,3331,227,70
1525,268,2,601,4,3335,228,40
1526,268,2,602,7,3342,187,70
1527,268,2,603,9,3351,1,90
1528,268,2,604,9,3360,207,90
1529,268,2,605,5,3365,1,50
1530,268,2,606,8,3373,1,80
1531,268,2,607,2,3375,1,20
1532,268,2,608,2,3377,1,20
1533,268,2,609,7,3384,1,70
1534,268,2,610,6,3390,225,60
1535,268,2,611,9,3399,1,90
1536,268,2,612,8,3407,1,80
1537,268,2,613,9,3416,1,90
1538,268,2,614,2,3418,1,20
1539,268,2,615,4,3422,1,40
1540,268,2,616,5,3427,1,50
1541,268,2,617,2,3429,1,20
1542,268,2,618,9,3438,1,90
1543,268,2,619,3,3441,1,30
1544,268,2,620,6,3447,1,60
1545,268,2,621,8,3455,1,80
1546,268,2,622,4,3459,1,40
1547,268,2,623,8,3467,1,80
1548,268,2,624,7,3474,1,70
1549,268,2,625,2,3476,1,20
1550,268,2,626,6,3482,1,60
1551,268,2,627,6,3488,278,60
1552,268,2,628,8,3496,267,80
1553,268,2,629,2,3498,253,20
1554,268,2,630,4,3502,1,40
1555,268,2,631,8,3510,219,80
1556,268,2,632,6,3516,199,60
1557,268,2,633,2,3518,219,20
1558,268,2,634,7,3525,1,70
1559,268,2,635,7,3532,1,70
1560,268,2,636,6,3538,1,60
1561,268,2,637,7,3545,231,70
1562,268,2,638,3,3548,1,30
1563,268,2,639,6,3554,1,60
1564,268,2,640,3,3557,1,30
1565,268,2,641,3,3560,1,30
1566,268,2,642,3,3563,1,30
1567,268,2,643,3,3566,206,30
1568,268,2,644,9,3575,1,90
1569,268,2,645,6,3581,192,60
1570,268,2,646,2,3583,194,20
1571,268,2,647,9,3592,1,90
1572,268,2,648,2,3594,1,20
1573,268,2,649,2,3596,1,20
1574,268,2,650,4,3600,203,40
1575,268,2,651,7,3607,1,70
1576,268,2,652,8,3615,1,80
1577,268,2,653,5,3620,155,50
1578,268,2,654,6,3626,192,60
1579,268,2,655,6,3632,1,60
1580,268,2,656,5,3637,1,50
1581,268,2,657,4,3641,166,40
1582,268,2,658,7,3648,1,70
1583,268,2,659,2,3650,193,20
1584,268,2,660,3,3653,1,30
1585,268,2,661,2,3655,135,20
1586,268,2,662,3,3658,1,30
1587,268,2,663,3,3661,1,30
1588,268,2,664,2,3663,1,20
1589,268,2,665,4,3667,132,40
1590,268,2,666,8,3675,1,80
1591,268,2,667,4,3679,1,40
1592,268,2,668,5,3684,1,50
1593,268,2,669,2,3686,1,20
1594,268,2,670,4,3690,1,40
1595,268,2,671,3,3693,1,30
1596,268,2,672,4,3697,168,40
1597,268,2,673,8,3705,1,80
1598,268,2,674,9,3714,1,90
1599,268,2,675,9,3723,1,90
1600,268,2,676,6,3729,1,60
1601,268,2,677,5,3734,1,50
1602,268,2,678,9,3743,1,90
1603,268,2,679,3,3746,189,30
1604,268,2,680,8,3754,1,80
1605,268,2,681,5,3759,1,50
1606,268,2,682,5,3764,1,50
1607,268,2,683,5,3769,1,50
1608,268,2,684,2,3771,208,20
1609,268,2,685,9,3780,1,90
1610,268,2,686,5,3785,1,50
1611,268,2,687,8,3793,1,80
1612,268,2,688,2,3795,1,20
1613,268,2,689,4,3799,1,40
1614,268,2,690,9,3808,1,90
1615,268,2,691,9,3817,1,90
1616,268,2,692,6,3823,1,60
1617,268,2,693,7,3830,237,70
1618,268,2,694,5,3835,217,50
1619,268,2,695,6,3841,1,60
1620,268,2,696,2,3843,1,20
1621,268,2,697,7,3850,215,70
1622,268,2,698,9,3859,1,90
1623,268,2,699,3,3862,1,30
1624,268,2,700,6,3868,1,60
1625,268,2,701,8,3876,1,80
1626,268,2,702,7,3883,1,70
1627,268,2,703,5,3888,206,50
1628,268,2,704,7,3895,1,70
1629,268,2,705,5,3900,1,50
1630,268,2,706,6,3906,1,60
1631,268,2,707,7,3913,210,70
1632,268,2,708,9,3922,1,90
1633,268,2,709,4,3926,1,40
1634,268,2,710,3,3929,222,30
1635,268,2,711,4,3933,207,40
1636,268,2,712,5,3938,1,50
1637,268,2,713,8,3946,1,80
1638,268,2,714,3,3949,1,30
1639,268,2,715,2,3951,1,20
1640,268,2,716,5,3956,211,50
1641,268,2,717,4,3960,1,40
1642,268,2,718,7,3967,1,70
1643,268,2,719,2,3969,1,20
1644,268,2,720,3,3972,1,30
1645,268,2,721,6,3978,197,60
1646,268,2,722,7,3985,1,70
1647,268,2,723,6,3991,1,60
1648,268,2,724,3,3994,1,30
1649,268,2,725,3,3997,1,30
1650,268,2,726,6,4003,189,60
1651,268,2,727,9,4012,192,90
1652,268,2,728,6,4018,1,60
1653,268,2,729,3,4021,1,30
1654,268,2,730,7,4028,1,70
1655,268,2,731,6,4034,1,60
1656,268,2,732,2,4036,1,20
1657,268,2,733,7,4043,1,70
1658,268,2,734,5,4048,208,50
1659,268,2,735,2,4050,1,20
1660,268,2,736,2,4052,1,20
1661,268,2,737,2,4054,1,20
1662,268,2,738,8,4062,1,80
1663,268,2,739,5,4067,1,50
1664,268,2,740,6,4073,1,60
1665,268,2,741,4,4077,1,40
1666,268,2,742,2,4079,207,20
1667,268,2,743,8,4087,1,80
1668,268,2,744,5,4092,1,50
1669,268,2,745,9,4101,1,90
1670,268,2,746,6,4107,1,60
1671,268,2,747,9,4116,1,90
1672,268,2,748,4,4120,1,40
1673,268,2,749,5,4125,246,50
1674,268,2,750,2,4127,1,20
1675,268,2,751,3,4130,223,30
1676,268,2,752,9,4139,215,90
1677,268,2,753,5,4144,1,50
1678,268,2,754,7,4151,1,70
1679,268,2,755,9,4160,223,90
1680,268,2,756,3,4163,1,30
1681,268,2,757,3,4166,198,30
1682,268,2,758,5,4171,1,50
1683,268,2,759,3,4174,191,30
1684,268,2,760,2,4176,1,20
1685,268,2,761,6,4182,167,60
1686,268,2,762,3,4185,1,30
1687,268,2,763,4,4189,188,40
1688,268,2,764,9,4198,1,90
1689,268,2,765,3,4201,1,30
1690,268,2,766,2,4203,142,20
1691,268,2,767,9,4212,1,90
1692,268,2,768,3,4215,1,30
1693,268,2,769,8,4223,1,80
1694,268,2,770,6,4229,1,60
1695,268,2,771,4,4233,1,40
1696,268,2,772,5,4238,1,50
1697,268,2,773,4,4242,1,40
1698,268,2,774,4,4246,1,40
1699,268,2,775,7,4253,196,70
1700,268,2,776,7,4260,197,70
1701,268,2,777,5,4265,1,50
1702,268,2,778,8,4273,1,80
1703,268,2,779,7,4280,1,70
1704,268,2,780,4,4284,1,40
1705,268,2,781,5,4289,186,50
1706,268,2,782,6,4295,1,60
1707,268,2,783,5,4300,1,50
1708,268,2,784,9,4309,1,90
1709,268,2,785,3,4312,1,30
1710,268,2,786,9,4321,1,90
1711,268,2,787,8,4329,221,80
1712,268,2,788,6,4335,1,60
1713,268,2,789,4,4339,1,40
1714,268,2,790,7,4346,1,70
1715,268,2,791,4,4350,1,40
1716,268,2,792,4,4354,1,40
1717,268,2,793,3,4357,1,30
1718,268,2,794,4,4361,233,40
1719,268,2,795,8,4369,220,80
1720,268,2,796,9,4378,1,90
1721,268,2,797,5,4383,1,50
1722,268,2,798,9,4392,209,90
1723,268,2,799,3,4395,1,30
1724,268,2,800,5,4400,202,50
1725,268,2,801,7,4407,1,70
1726,268,2,802,2,4409,184,20
1727,268,2,803,9,4418,1,90
1728,268,2,804,2,4420,195,20
1729,268,2,805,6,4426,1,60
1730,268,2,806,2,4428,1,20
1731,268,2,807,5,4433,159,50
1732,268,2,808,4,4437,1,40
1733,268,2,809,3,4440,175,30
1734,268,2,810,9,4449,1,90
1735,268,2,811,7,4456,175,70
1736,268,2,812,3,4459,1,30
1737,268,2,813,2,4461,143,20
1738,268,2,814,9,4470,154,90
1739,268,2,815,4,4474,141,40
1740,268,2,816,4,4478,122,40
1741,268,2,817,2,4480,1,20
1742,268,2,818,3,4483,1,30
1743,268,2,819,5,4488,1,50
1744,268,2,820,7,4495,1,70
1745,268,2,821,9,4504,1,90
1746,268,2,822,3,4507,1,30
1747,268,2,823,8,4515,159,80
1748,268,2,824,6,4521,114,60
1749,268,2,825,4,4525,142,40
1750,268,2,826,3,4528,1,30
1751,268,2,827,7,4535,157,70
1752,268,2,828,5,4540,1,50
1753,268,2,829,9,4549,1,90
1754,268,2,830,2,4551,1,20
1755,268,2,831,8,4559,1,80
1756,268,2,832,4,4563,1,40
1757,268,2,833,8,4571,1,80
1758,268,2,834,7,4578,1,70
1759,268,2,835,9,4587,1,90
1760,268,2,836,7,4594,1,70
1761,268,2,837,2,4596,1,20
1762,268,2,838,3,4599,1,30
1763,268,2,839,3,4602,1,30
1764,268,2,840,4,4606,1,40
1765,268,2,841,8,4614,1,80
1766,268,2,842,3,4617,181,30
1767,268,2,843,4,4621,1,40
1768,268,2,844,6,4627,181,60
1769,268,2,845,5,4632,1,50
1770,268,2,846,6,4638,165,60
1771,268,2,847,8,4646,1,80
1772,268,2,848,2,4648,1,20
1773,268,2,849,3,4651,1,30
1774,268,2,850,6,4657,175,60
1775,268,2,851,7,4664,1,70
1776,268,2,852,2,4666,1,20
1777,268,2,853,8,4674,1,80
1778,268,2,854,5,4679,1,50
1779,268,2,855,7,4686,1,70
1780,268,2,856,7,4693,1,70
1781,268,2,857,7,4700,1,70
1782,268,2,858,3,4703,1,30
1783,268,2,859,8,4711,219,80
1784,268,2,860,8,4719,1,80
1785,268,2,861,3,4722,1,30
1786,268,2,862,8,4730,199,80
1787,268,2,863,8,4738,207,80
1788,268,2,864,7,4745,1,70
1789,268,2,865,3,4748,196,30
1790,268,2,866,2,4750,1,20
1791,268,2,867,3,4753,1,30
1792,268,2,868,4,4757,1,40
1793,268,2,869,4,4761,1,40
1794,268,2,870,2,4763,1,20
1795,268,2,871,3,4766,1,30
1796,268,2,872,7,4773,1,70
1797,268,2,873,9,4782,1,90
1798,268,2,874,3,4785,1,30
1799,268,2,875,9,4794,237,90
1800,268,2,876,8,4802,1,80
1801,268,2,877,4,4806,1,40
1802,268,2,878,8,4814,209,80
1803,268,2,879,3,4817,217,30
1804,268,2,880,7,4824,185,70
1805,268,2,881,2,4826,1,20
1806,268,2,882,6,4832,1,60
1807,268,2,883,7,4839,1,70
1808,268,2,884,9,4848,1,90
1809,268,2,885,2,4850,1,20
1810,268,2,886,9,4859,1,90
1811,268,2,887,2,4861,1,20
1812,268,2,888,9,4870,1,90
1813,268,2,889,2,4872,1,20
1814,268,2,890,9,4881,1,90
1815,268,2,891,5,4886,239,50
1816,268,2,892,9,4895,1,90
1817,268,2,893,4,4899,220,40
1818,268,2,894,9,4908,1,90
1819,268,2,895,6,4914,1,60
1820,268,2,896,5,4919,212,50
1821,268,2,897,3,4922,1,30
1822,268,2,898,3,4925,238,30
1823,268,2,899,7,4932,1,70
1824,268,2,900,7,4939,1,70
1825,268,2,901,8,4947,1,80
1826,268,2,902,4,4951,1,40
1827,268,2,903,8,4959,1,80
1828,268,2,904,7,4966,222,70
1829,268,2,905,6,4972,1,60
1830,268,2,906,6,4978,1,60
1831,268,2,907,6,4984,1,60
1832,268,2,908,8,4992,1,80
1833,268,3,1,4,4,1,40
1834,268,3,2,3,7,1,30
1835,268,3,3,7,14,1,70
1836,268,3,4,3,17,1,30
1837,268,3,5,3,20,1,30
1838,268,3,6,4,24,1,40
1839,268,3,7,4,28,35,40
1840,268,3,8,8,36,1,80
1841,268,3,9,6,42,1,60
1842,268,3,10,8,50,1,80
1843,268,3,11,8,58,1,80
1844,268,3,12,9,67,1,90
1845,268,3,13,3,70,1,30
1846,268,3,14,9,79,1,90
1847,268,3,15,8,87,1,80
1848,268,3,16,5,92,1,50
1849,268,3,17,9,101,1,90
1850,268,3,18,3,104,1,30
1851,268,3,19,2,106,1,20
1852,268,3,20,6,112,1,60
1853,268,3,21,3,115,1,30
1854,268,3,22,2,117,1,20
1855,268,3,23,6,123,1,60
1856,268,3,24,5,128,125,50
1857,268,3,25,2,130,125,20
1858,268,3,26,2,132,1,20
1859,268,3,27,7,139,117,70
1860,268,3,28,9,148,110,90
1861,268,3,29,4,152,1,40
1862,268,3,30,5,157,99,50
1863,268,3,31,5,162,1,50
1864,268,3,32,2,164,1,20
1865,268,3,33,4,168,96,40
1866,268,3,34,4,172,1,40
1867,268,3,35,3,175,1,30
1868,268,3,36,7,182,1,70
1869,268,3,37,4,186,109,40
1870,268,3,38,9,195,1,90
1871,268,3,39,4,199,1,40
1872,268,3,40,3,202,1,30
1873,268,3,41,5,207,1,50
1874,268,3,42,5,212,1,50
1875,268,3,43,2,214,1,20
1876,268,3,44,6,220,1,60
1877,268,3,45,7,227,1,70
1878,268,3,46,6,233,1,60
1879,268,3,47,4,237,1,40
1880,268,3,48,5,242,1,50
1881,268,3,49,4,246,152,40
1882,268,3,50,3,249,1,30
1883,268,3,51,6,255,1,60
1884,268,3,52,4,259,1,40
1885,268,3,53,9,268,1,90
1886,268,3,54,7,275,194,70
1887,268,3,55,5,280,1,50
1888,268,3,56,7,287,178,70
1889,268,3,57,8,295,153,80
1890,268,3,58,5,300,1,50
1891,268,3,59,3,303,1,30
1892,268,3,60,2,305,1,20
1893,268,3,61,9,314,1,90
1894,268,3,62,5,319,1,50
1895,268,3,63,2,321,1,20
1896,268,3,64,5,326,1,50
1897,268,3,65,6,332,1,60
1898,268,3,66,6,338,1,60
1899,268,3,67,7,345,195,70
1900,268,3,68,2,347,186,20
1901,268,3,69,7,354,1,70
1902,268,3,70,5,359,1,50
1903,268,3,71,4,363,173,40
1904,268,3,72,5,368,1,50
1905,268,3,73,7,375,1,70
1906,268,3,74,5,380,1,50
1907,268,3,75,4,384,1,40
1908,268,3,76,8,392,1,80
1909,268,3,77,5,397,1,50
1910,268,3,78,2,399,171,20
1911,268,3,79,5,404,1,50
1912,268,3,80,2,406,1,20
1913,268,3,81,4,410,1,40
1914,268,3,82,6,416,1,60
1915,268,3,83,7,423,1,70
1916,268,3,84,6,429,1,60
1917,268,3,85,2,431,1,20
1918,268,3,86,5,436,1,50
1919,268,3,87,5,441,1,50
1920,268,3,88,5,446,1,50
1921,268,3,89,4,450,1,40
1922,268,3,90,9,459,252,90
1923,268,3,91,8,467,230,80
1924,268,3,92,5,472,215,50
1925,268,3,93,5,477,1,50
1926,268,3,94,3,480,1,30
1927,268,3,95,9,489,1,90
1928,268,3,96,5,494,1,50
1929,268,3,97,6,500,1,60
1930,268,3,98,3,503,1,30
1931,268,3,99,9,512,206,90
1932,268,3,100,6,518,190,60
1933,268,3,101,4,522,1,40
1934,268,3,102,8,530,1,80
1935,268,3,103,5,535,1,50
1936,268,3,104,9,544,182,90
1937,268,3,105,6,550,173,60
1938,268,3,106,6,556,193,60
1939,268,3,107,6,562,177,60
1940,268,3,108,8,570,1,80
1941,268,3,109,2,572,1,20
1942,268,3,110,6,578,1,60
1943,268,3,111,9,587,1,90
1944,268,3,112,9,596,177,90
1945,268,3,113,8,604,162,80
1946,268,3,114,2,606,1,20
1947,268,3,115,7,613,1,70
1948,268,3,116,2,615,1,20
1949,268,3,117,4,619,192,40
1950,268,3,118,4,623,166,40
1951,268,3,119,7,630,1,70
1952,268,3,120,4,634,1,40
1953,268,3,121,3,637,160,30
1954,268,3,122,6,643,154,60
1955,268,3,123,2,645,1,20
1956,268,3,124,8,653,1,80
1957,268,3,125,6,659,1,60
1958,268,3,126,5,664,1,50
1959,268,3,127,9,673,1,90
1960,268,3,128,7,680,1,70
1961,268,3,129,4,684,1,40
1962,268,3,130,4,688,1,40
1963,268,3,131,5,693,1,50
1964,268,3,132,9,702,1,90
1965,268,3,133,9,711,1,90
1966,268,3,134,5,716,1,50
1967,268,3,135,7,723,208,70
1968,268,3,136,8,731,214,80
1969,268,3,137,6,737,1,60
1970,268,3,138,2,739,1,20
1971,268,3,139,5,744,218,50
1972,268,3,140,9,753,1,90
1973,268,3,141,4,757,200,40
1974,268,3,142,5,762,158,50
1975,268,3,143,8,770,1,80
1976,268,3,144,3,773,1,30
1977,268,3,145,9,782,1,90
1978,268,3,146,6,788,179,60
1979,268,3,147,6,794,1,60
1980,268,3,148,7,801,1,70
1981,268,3,149,7,808,1,70
1982,268,3,150,8,816,194,80
1983,268,3,151,2,818,1,20
1984,268,3,152,8,826,184,80
1985,268,3,153,6,832,1,60
1986,268,3,154,3,835,1,30
1987,268,3,155,7,842,1,70
1988,268,3,156,9,851,1,90
1989,268,3,157,4,855,184,40
1990,268,3,158,9,864,1,90
1991,268,3,159,9,873,1,90
1992,268,3,160,6,879,1,60
1993,268,3,161,2,881,1,20
1994,268,3,162,9,890,228,90
1995,268,3,163,8,898,202,80
1996,268,3,164,3,901,1,30
1997,268,3,165,9,910,1,90
1998,268,3,166,3,913,1,30
1999,268,3,167,7,920,1,70
2000,268,3,168,5,925,1,50
2001,268,3,169,7,932,1,70
2002,268,3,170,4,936,1,40
2003,268,3,171,6,942,1,60
2004,268,3,172,5,947,1,50
2005,268,3,173,6,953,255,60
2006,268,3,174,7,960,199,70
2007,268,3,175,9,969,196,90
2008,268,3,176,9,978,209,90
2009,268,3,177,5,983,1,50
2010,268,3,178,5,988,1,50
2011,268,3,179,4,992,1,40
2012,268,3,180,7,999,1,70
2013,268,3,181,3,1002,1,30
2014,268,3,182,8,1010,1,80
2015,268,3,183,5,1015,228,50
2016,268,3,184,6,1021,1,60
2017,268,3,185,3,1024,1,30
2018,268,3,186,6,1030,1,60
2019,268,3,187,5,1035,1,50
2020,268,3,188,4,1039,1,40
2021,268,3,189,7,1046,200,70
2022,268,3,190,4,1050,1,40
2023,268,3,191,4,1054,1,40
2024,268,3,192,5,1059,1,50
2025,268,3,193,4,1063,1,40
2026,268,3,194,8,1071,1,80
2027,268,3,195,7,1078,1,70
2028,268,3,196,5,1083,227,50
2029,268,3,197,9,1092,231,90
2030,268,3,198,3,1095,214,30
2031,268,3,199,6,1101,193,60
2032,268,3,200,4,1105,1,40
2033,268,3,201,8,1113,1,80
2034,268,3,202,5,1118,1,50
2035,268,3,203,9,1127,193,90
2036,268,3,204,9,1136,194,90
2037,268,3,205,9,1145,1,90
2038,268,3,206,9,1154,1,90
2039,268,3,207,2,1156,209,20
2040,268,3,208,8,1164,1,80
2041,268,3,209,9,1173,1,90
2042,268,3,210,7,1180,1,70
2043,268,3,211,2,1182,1,20
2044,268,3,212,4,1186,1,40
2045,268,3,213,4,1190,192,40
2046,268,3,214,6,1196,1,60
2047,268,3,215,9,1205,1,90
2048,268,3,216,2,1207,1,20
2049,268,3,217,8,1215,1,80
2050,268,3,218,3,1218,206,30
2051,268,3,219,6,1224,204,60
2052,268,3,220,4,1228,1,40
2053,268,3,221,4,1232,176,40
2054,268,3,222,5,1237,1,50
2055,268,3,223,8,1245,1,80
2056,268,3,224,6,1251,1,60
2057,268,3,225,6,1257,1,60
2058,268,3,226,9,1266,1,90
2059,268,3,227,8,1274,214,80
2060,268,3,228,5,1279,187,50
2061,268,3,229,5,1284,1,50
2062,268,3,230,9,1293,1,90
2063,268,3,231,3,1296,1,30
2064,268,3,232,6,1302,1,60
2065,268,3,233,4,1306,1,40
2066,268,3,234,5,1311,1,50
2067,268,3,235,2,1313,1,20
2068,268,3,236,6,1319,1,60
2069,268,3,237,5,1324,217,50
2070,268,3,238,6,1330,1,60
2071,268,3,239,3,1333,1,30
2072,268,3,240,6,1339,1,60
2073,268,3,241,8,1347,1,80
2074,268,3,242,4,1351,1,40
2075,268,3,243,4,1355,229,40
2076,268,3,244,5,1360,1,50
2077,268,3,245,3,1363,1,30
2078,268,3,246,7,1370,1,70
2079,268,3,247,3,1373,1,30
2080,268,3,248,7,1380,218,70
2081,268,3,249,4,1384,1,40
2082,268,3,250,7,1391,1,70
2083,268,3,251,7,1398,208,70
2084,268,3,252,8,1406,1,80
2085,268,3,253,2,1408,190,20
2086,268,3,254,5,1413,1,50
2087,268,3,255,8,1421,1,80
2088,268,3,256,7,1428,1,70
2089,268,3,257,2,1430,1,20
2090,268,3,258,5,1435,1,50
2091,268,3,259,4,1439,205,40
2092,268,3,260,6,1445,1,60
2093,268,3,261,4,1449,1,40
2094,268,3,262,4,1453,1,40
2095,268,3,263,3,1456,1,30
2096,268,3,264,2,1458,1,20
2097,268,3,265,9,1467,1,90
2098,268,3,266,2,1469,1,20
2099,268,3,267,4,1473,214,40
2100,268,3,268,4,1477,1,40
2101,268,3,269,2,1479,1,20
2102,268,3,270,5,1484,1,50
2103,268,3,271,9,1493,1,90
2104,268,3,272,9,1502,1,90
2105,268,3,273,9,1511,1,90
2106,268,3,274,8,1519,1,80
2107,268,3,275,5,1524,259,50
2108,268,3,276,8,1532,1,80
2109,268,3,277,5,1537,229,50
2110,268,3,278,5,1542,1,50
2111,268,3,279,5,1547,1,50
2112,268,3,280,6,1553,1,60
2113,268,3,281,4,1557,1,40
2114,268,3,282,8,1565,1,80
2115,268,3,283,3,1568,1,30
2116,268,3,284,4,1572,1,40
2117,268,3,285,9,1581,1,90
2118,268,3,286,3,1584,303,30
2119,268,3,287,7,1591,1,70
2120,268,3,288,9,1600,242,90
2121,268,3,289,3,1603,1,30
2122,268,3,290,6,1609,1,60
2123,268,3,291,4,1613,1,40
2124,268,3,292,3,1616,1,30
2125,268,3,293,4,1620,1,40
2126,268,3,294,4,1624,1,40
2127,268,3,295,9,1633,1,90
2128,268,3,296,6,1639,1,60
2129,268,3,297,9,1648,1,90
2130,268,3,298,2,1650,1,20
2131,268,3,299,3,1653,1,30
2132,268,3,300,4,1657,1,40
2133,268,3,301,6,1663,295,60
2134,268,3,302,8,1671,260,80
2135,268,3,303,2,1673,1,20
2136,268,3,304,8,1681,1,80
2137,268,3,305,3,1684,1,30
2138,268,3,306,9,1693,1,90
2139,268,3,307,8,1701,1,80
2140,268,3,308,9,1710,1,90
2141,268,3,309,6,1716,1,60
2142,268,3,310,9,1725,1,90
2143,268,3,311,2,1727,1,20
2144,268,3,312,2,1729,320,20
2145,268,3,313,2,1731,1,20
2146,268,3,314,6,1737,1,60
2147,268,3,315,3,1740,1,30
2148,268,3,316,7,1747,287,70
2149,268,3,317,5,1752,1,50
2150,268,3,318,5,1757,1,50
2151,268,3,319,4,1761,1,40
2152,268,3,320,9,1770,1,90
2153,268,3,321,4,1774,1,40
2154,268,3,322,9,1783,1,90
2155,268,3,323,7,1790,1,70
2156,268,3,324,3,1793,1,30
2157,268,3,325,6,1799,1,60
2158,268,3,326,9,1808,327,90
2159,268,3,327,9,1817,1,90
2160,268,3,328,6,1823,1,60
2161,268,3,329,7,1830,295,70
2162,268,3,330,9,1839,1,90
2163,268,3,331,9,1848,1,90
2164,268,3,332,8,1856,1,80
2165,268,3,333,2,1858,1,20
2166,268,3,334,9,1867,1,90
2167,268,3,335,8,1875,1,80
2168,268,3,336,8,1883,340,80
2169,268,3,337,6,1889,1,60
2170,268,3,338,2,1891,1,20
2171,268,3,339,2,1893,1,20
2172,268,3,340,5,1898,1,50
2173,268,3,341,5,1903,278,50
2174,268,3,342,3,1906,297,30
2175,268,3,343,4,1910,275,40
2176,268,3,344,6,1916,1,60
2177,268,3,345,4,1920,1,40
2178,268,3,346,7,1927,1,70
2179,268,3,347,2,1929,1,20
2180,268,3,348,4,1933,1,40
2181,268,3,349,8,1941,1,80
2182,268,3,350,6,1947,1,60
2183,268,3,351,2,1949,1,20
2184,268,3,352,2,1951,1,20
2185,268,3,353,6,1957,281,60
2186,268,3,354,7,1964,1,70
2187,268,3,355,9,1973,1,90
2188,268,3,356,7,1980,1,70
2189,268,3,357,9,1989,1,90
2190,268,3,358,6,1995,1,60
2191,268,3,359,6,2001,305,60
2192,268,3,360,9,2010,1,90
2193,268,3,361,8,2018,1,80
2194,268,3,362,7,2025,1,70
2195,268,3,363,9,2034,322,90
2196,268,3,364,8,2042,1,80
2197,268,3,365,7,2049,1,70
2198,268,3,366,7,2056,309,70
2199,268,3,367,4,2060,276,40
2200,268,3,368,6,2066,1,60
2201,268,3,369,5,2071,1,50
2202,268,3,370,5,2076,1,50
2203,268,3,371,2,2078,1,20
2204,268,3,372,2,2080,234,20
2205,268,3,373,7,2087,1,70
2206,268,3,374,9,2096,1,90
2207,268,3,375,8,2104,1,80
2208,268,3,376,8,2112,1,80
2209,268,3,377,5,2117,1,50
2210,268,3,378,4,2121,266,40
2211,268,3,379,9,2130,1,90
2212,268,3,380,7,2137,1,70
2213,268,3,381,6,2143,1,60
2214,268,3,382,2,2145,1,20
2215,268,3,383,7,2152,317,70
2216,268,3,384,9,2161,1,90
2217,268,3,385,8,2169,1,80
2218,268,3,386,4,2173,275,40
2219,268,3,387,7,2180,1,70
2220,268,3,388,2,2182,1,20
2221,268,3,389,8,2190,1,80
2222,268,3,390,6,2196,1,60
2223,268,3,391,5,2201,303,50
2224,268,3,392,2,2203,219,20
2225,268,3,393,9,2212,1,90
2226,268,3,394,4,2216,228,40
2227,268,3,395,4,2220,231,40
2228,268,3,396,8,2228,1,80
2229,268,3,397,6,2234,1,60
2230,268,3,398,2,2236,1,20
2231,268,3,399,5,2241,211,50
2232,268,3,400,4,2245,1,40
2233,268,3,401,6,2251,1,60
2234,268,3,402,6,2257,1,60
2235,268,3,403,3,2260,1,30
2236,268,3,404,3,2263,212,30
2237,268,3,405,7,2270,1,70
2238,268,3,406,2,2272,205,20
2239,268,3,407,6,2278,176,60
2240,268,3,408,5,2283,1,50
2241,268,3,409,7,2290,1,70
2242,268,3,410,5,2295,1,50
2243,268,3,411,5,2300,1,50
2244,268,3,412,4,2304,199,40
2245,268,3,413,2,2306,1,20
2246,268,3,414,3,2309,1,30
2247,268,3,415,3,2312,1,30
2248,268,3,416,4,2316,1,40
2249,268,3,417,5,2321,1,50
2250,268,3,418,5,2326,1,50
2251,268,3,419,5,2331,1,50
2252,268,3,420,5,2336,1,50
2253,268,3,421,7,2343,1,70
2254,268,3,422,6,2349,1,60
2255,268,3,423,3,2352,1,30
2256,268,3,424,9,2361,1,90
2257,268,3,425,7,2368,1,70
2258,268,3,426,2,2370,1,20
2259,268,3,427,6,2376,1,60
2260,268,3,428,6,2382,1,60
2261,268,3,429,5,2387,1,50
2262,268,3,430,5,2392,1,50
2263,268,3,431,4,2396,1,40
2264,268,3,432,4,2400,1,40
2265,268,3,433,8,2408,1,80
2266,268,3,434,4,2412,1,40
2267,268,3,435,5,2417,1,50
2268,268,3,436,4,2421,1,40
2269,268,3,437,6,2427,1,60
2270,268,3,438,4,2431,1,40
2271,268,3,439,9,2440,1,90
2272,268,3,440,6,2446,1,60
2273,268,3,441,9,2455,1,90
2274,268,3,442,3,2458,1,30
2275,268,3,443,9,2467,1,90
2276,268,3,444,6,2473,321,60
2277,268,3,445,9,2482,323,90
2278,268,3,446,9,2491,1,90
2279,268,3,447,9,2500,1,90
2280,268,3,448,7,2507,1,70
2281,268,3,449,7,2514,312,70
2282,268,3,450,6,2520,1,60
2283,268,3,451,6,2526,1,60
2284,268,3,452,9,2535,292,90
2285,268,3,453,4,2539,1,40
2286,268,3,454,8,2547,309,80
2287,268,3,455,5,2552,1,50
2288,268,3,456,2,2554,1,20
2289,268,3,457,4,2558,268,40
2290,268,3,458,9,2567,1,90
2291,268,3,459,6,2573,249,60
2292,268,3,460,2,2575,1,20
2293,268,3,461,2,2577,234,20
2294,268,3,462,7,2584,1,70
2295,268,3,463,8,2592,1,80
2296,268,3,464,7,2599,213,70
2297,268,3,465,4,2603,1,40
2298,268,3,466,2,2605,1,20
2299,268,3,467,4,2609,1,40
2300,268,3,468,2,2611,1,20
2301,268,3,469,9,2620,1,90
2302,268,3,470,4,2624,225,40
2303,268,3,471,7,2631,1,70
2304,268,3,472,2,2633,239,20
2305,268,3,473,9,2642,1,90
2306,268,3,474,3,2645,230,30
2307,268,3,475,7,2652,1,70
2308,268,3,476,5,2657,1,50
2309,268,3,477,6,2663,1,60
2310,268,3,478,9,2672,1,90
2311,268,3,479,7,2679,231,70
2312,268,3,480,4,2683,1,40
2313,268,3,481,3,2686,1,30
2314,268,3,482,8,2694,1,80
2315,268,3,483,2,2696,1,20
2316,268,3,484,4,2700,1,40
2317,268,3,485,6,2706,1,60
2318,268,3,486,6,2712,1,60
2319,268,3,487,2,2714,1,20
2320,268,3,488,8,2722,1,80
2321,268,3,489,7,2729,1,70
2322,268,3,490,4,2733,259,40
2323,268,3,491,8,2741,221,80
2324,268,3,492,2,2743,1,20
2325,268,3,493,8,2751,1,80
2326,268,3,494,7,2758,1,70
2327,268,3,495,5,2763,1,50
2328,268,3,496,4,2767,1,40
2329,268,3,497,7,2774,1,70
2330,268,3,498,4,2778,1,40
2331,268,3,499,2,2780,252,20
2332,268,3,500,9,2789,1,90
2333,268,3,501,9,2798,1,90
2334,268,3,502,7,2805,1,70
2335,268,3,503,3,2808,1,30
2336,268,3,504,2,2810,250,20
2337,268,3,505,5,2815,1,50
2338,268,3,506,6,2821,1,60
2339,268,3,507,8,2829,1,80
2340,268,3,508,3,2832,1,30
2341,268,3,509,3,2835,255,30
2342,268,3,510,2,2837,1,20
2343,268,3,511,4,2841,1,40
2344,268,3,512,5,2846,1,50
2345,268,3,513,4,2850,1,40
2346,268,3,514,6,2856,1,60
2347,268,3,515,5,2861,1,50
2348,268,3,516,5,2866,1,50
2349,268,3,517,3,2869,283,30
2350,268,3,518,6,2875,1,60
2351,268,3,519,8,2883,1,80
2352,268,3,520,4,2887,1,40
2353,268,3,521,2,2889,1,20
2354,268,3,522,8,2897,1,80
2355,268,3,523,9,2906,1,90
2356,268,3,524,8,2914,1,80
2357,268,3,525,6,2920,1,60
2358,268,3,526,9,2929,1,90
2359,268,3,527,4,2933,1,40
2360,268,3,528,7,2940,1,70
2361,268,3,529,8,2948,1,80
2362,268,3,530,4,2952,1,40
2363,268,3,531,8,2960,1,80
2364,268,3,532,4,2964,366,40
2365,268,3,533,4,2968,1,40
2366,268,3,534,6,2974,1,60
2367,268,3,535,3,2977,1,30
2368,268,3,536,9,2986,1,90
2369,268,3,537,2,2988,1,20
2370,268,3,538,9,2997,334,90
2371,268,3,539,6,3003,1,60
2372,268,3,540,9,3012,310,90
2373,268,3,541,7,3019,284,70
2374,268,3,542,9,3028,1,90
2375,268,3,543,7,3035,1,70
2376,268,3,544,7,3042,275,70
2377,268,3,545,8,3050,1,80
2378,268,3,546,9,3059,1,90
2379,268,3,547,2,3061,1,20
2380,268,3,548,4,3065,1,40
2381,268,3,549,8,3073,295,80
2382,268,3,550,5,3078,249,50
2383,268,3,551,4,3082,1,40
2384,268,3,552,9,3091,230,90
2385,268,3,553,2,3093,1,20
2386,268,3,554,6,3099,1,60
2387,268,3,555,9,3108,243,90
2388,268,3,556,6,3114,229,60
2389,268,3,557,4,3118,185,40
2390,268,3,558,5,3123,1,50
2391,268,3,559,5,3128,1,50
2392,268,3,560,6,3134,1,60
2393,268,3,561,4,3138,180,40
2394,268,3,562,2,3140,1,20
2395,268,3,563,2,3142,1,20
2396,268,3,564,7,3149,202,70
2397,268,3,565,2,3151,1,20
2398,268,3,566,6,3157,1,60
2399,268,3,567,6,3163,1,60
2400,268,3,568,2,3165,1,20
2401,268,3,569,6,3171,1,60
2402,268,3,570,8,3179,1,80
2403,268,3,571,6,3185,209,60
2404,268,3,572,4,3189,1,40
2405,268,3,573,3,3192,1,30
2406,268,3,574,9,3201,1,90
2407,268,3,575,7,3208,1,70
2408,268,3,576,4,3212,1,40
2409,268,3,577,4,3216,1,40
2410,268,3,578,2,3218,1,20
2411,268,3,579,9,3227,1,90
2412,268,3,580,8,3235,1,80
2413,268,3,581,4,3239,1,40
2414,268,3,582,6,3245,1,60
2415,268,3,583,9,3254,1,90
2416,268,3,584,2,3256,1,20
2417,268,3,585,3,3259,271,30
2418,268,3,586,8,3267,1,80
2419,268,3,587,8,3275,1,80
2420,268,3,588,2,3277,1,20
2421,268,3,589,7,3284,1,70
2422,268,3,590,6,3290,238,60
2423,268,3,591,6,3296,249,60
2424,268,3,592,6,3302,1,60
2425,268,3,593,5,3307,1,50
2426,268,3,594,9,3316,1,90
2427,268,3,595,9,3325,240,90
2428,268,3,596,9,3334,1,90
2429,268,3,597,4,3338,1,40
2430,268,3,598,9,3347,262,90
2431,268,3,599,6,3353,1,60
2432,268,3,600,3,3356,247,30
2433,268,3,601,6,3362,1,60
2434,268,3,602,5,3367,1,50
2435,268,3,603,3,3370,262,30
2436,268,3,604,3,3373,1,30
2437,268,3,605,2,3375,1,20
2438,268,3,606,9,3384,1,90
2439,268,3,607,2,3386,1,20
2440,268,3,608,8,3394,1,80
2441,268,3,609,8,3402,246,80
2442,268,3,610,3,3405,1,30
2443,268,3,611,7,3412,1,70
2444,268,3,612,4,3416,1,40
2445,268,3,613,4,3420,1,40
2446,268,3,614,7,3427,1,70
2447,268,3,615,9,3436,1,90
2448,268,3,616,4,3440,274,40
2449,268,3,617,2,3442,238,20
2450,268,3,618,3,3445,1,30
2451,268,3,619,2,3447,1,20
2452,268,3,620,9,3456,1,90
2453,268,3,621,4,3460,1,40
2454,268,3,622,9,3469,1,90
2455,268,3,623,3,3472,1,30
2456,268,3,624,4,3476,1,40
2457,268,3,625,6,3482,1,60
2458,268,3,626,6,3488,1,60
2459,268,3,627,2,3490,1,20
2460,268,3,628,2,3492,1,20
2461,268,3,629,8,3500,1,80
2462,268,3,630,3,3503,1,30
2463,268,3,631,9,3512,1,90
2464,268,3,632,8,3520,1,80
2465,268,3,633,5,3525,266,50
2466,268,3,634,8,3533,1,80
2467,268,3,635,2,3535,1,20
2468,268,3,636,5,3540,1,50
2469,268,3,637,4,3544,1,40
2470,268,3,638,3,3547,1,30
2471,268,3,639,9,3556,1,90
2472,268,3,640,4,3560,1,40
2473,268,3,641,6,3566,1,60
2474,268,3,642,8,3574,1,80
2475,268,3,643,8,3582,309,80
2476,268,3,644,3,3585,1,30
2477,268,3,645,9,3594,266,90
2478,268,3,646,2,3596,1,20
2479,268,3,647,7,3603,1,70
2480,268,3,648,7,3610,1,70
2481,268,3,649,2,3612,1,20
2482,268,3,650,2,3614,1,20
2483,268,3,651,2,3616,1,20
2484,268,3,652,2,3618,1,20
2485,268,3,653,7,3625,1,70
2486,268,3,654,9,3634,1,90
2487,268,3,655,5,3639,1,50
2488,268,3,656,5,3644,275,50
2489,268,3,657,8,3652,301,80
2490,268,3,658,8,3660,1,80
2491,268,3,659,8,3668,1,80
2492,268,3,660,3,3671,1,30
2493,268,3,661,4,3675,1,40
2494,268,3,662,3,3678,1,30
2495,268,3,663,4,3682,285,40
2496,268,3,664,6,3688,280,60
2497,268,3,665,4,3692,1,40
2498,268,3,666,2,3694,1,20
2499,268,3,667,9,3703,1,90
2500,268,3,668,9,3712,1,90
2501,268,3,669,6,3718,1,60
2502,268,3,670,9,3727,292,90
2503,268,3,671,5,3732,1,50
2504,268,3,672,8,3740,1,80
2505,268,3,673,3,3743,1,30
2506,268,3,674,3,3746,1,30
2507,268,3,675,3,3749,1,30
2508,268,3,676,2,3751,1,20
2509,268,3,677,3,3754,1,30
2510,268,3,678,4,3758,1,40
2511,268,3,679,3,3761,271,30
2512,268,3,680,4,3765,1,40
2513,268,3,681,8,3773,301,80
2514,268,3,682,3,3776,273,30
2515,268,3,683,6,3782,1,60
2516,268,3,684,2,3784,1,20
2517,268,3,685,9,3793,1,90
2518,268,3,686,6,3799,1,60
2519,268,3,687,2,3801,239,20
2520,268,3,688,9,3810,258,90
2521,268,3,689,9,3819,1,90
2522,268,3,690,9,3828,1,90
2523,268,3,691,4,3832,1,40
2524,268,3,692,8,3840,1,80
2525,268,3,693,8,3848,1,80
2526,268,3,694,3,3851,212,30
2527,268,3,695,9,3860,1,90
2528,268,3,696,4,3864,1,40
2529,268,3,697,6,3870,251,60
2530,268,3,698,5,3875,234,50
2531,268,3,699,2,3877,1,20
2532,268,3,700,3,3880,1,30
2533,268,3,701,4,3884,1,40
2534,268,3,702,2,3886,1,20
2535,268,3,703,8,3894,1,80
2536,268,3,704,2,3896,1,20
2537,268,3,705,9,3905,1,90
2538,268,3,706,7,3912,1,70
2539,268,3,707,6,3918,1,60
2540,268,3,708,3,3921,225,30
2541,268,3,709,5,3926,1,50
2542,268,3,710,8,3934,1,80
2543,268,3,711,9,3943,229,90
2544,268,3,712,5,3948,1,50
2545,268,3,713,3,3951,1,30
2546,268,3,714,4,3955,224,40
2547,268,3,715,3,3958,223,30
2548,268,3,716,7,3965,1,70
2549,268,3,717,2,3967,1,20
2550,268,3,718,5,3972,1,50
2551,268,3,719,4,3976,194,40
2552,268,3,720,7,3983,1,70
2553,268,3,721,7,3990,1,70
2554,268,3,722,9,3999,1,90
2555,268,3,723,5,4004,1,50
2556,268,3,724,7,4011,1,70
2557,268,3,725,7,4018,1,70
2558,268,3,726,3,4021,1,30
2559,268,3,727,3,4024,1,30
2560,268,3,728,7,4031,1,70
2561,268,3,729,6,4037,1,60
2562,268,3,730,7,4044,245,70
2563,268,3,731,5,4049,1,50
2564,268,3,732,9,4058,257,90
2565,268,3,733,9,4067,1,90
2566,268,3,734,3,4070,200,30
2567,268,3,735,2,4072,1,20
2568,268,3,736,9,4081,1,90
2569,268,3,737,8,4089,208,80
2570,268,3,738,6,4095,204,60
2571,268,3,739,2,4097,1,20
2572,268,3,740,5,4102,1,50
2573,268,3,741,5,4107,1,50
2574,268,3,742,3,4110,1,30
2575,268,3,743,9,4119,1,90
2576,268,3,744,2,4121,230,20
2577,268,3,745,3,4124,1,30
2578,268,3,746,7,4131,1,70
2579,268,3,747,2,4133,1,20
2580,268,3,748,2,4135,1,20
2581,268,3,749,7,4142,183,70
2582,268,3,750,3,4145,1,30
2583,268,3,751,2,4147,1,20
2584,268,3,752,9,4156,1,90
2585,268,3,753,5,4161,1,50
2586,268,3,754,7,4168,1,70
2587,268,3,755,7,4175,1,70
2588,268,3,756,9,4184,1,90
2589,268,3,757,5,4189,1,50
2590,268,3,758,3,4192,1,30
2591,268,3,759,4,4196,1,40
2592,268,3,760,8,4204,1,80
2593,268,3,761,4,4208,268,40
2594,268,3,762,6,4214,224,60
2595,268,3,763,5,4219,1,50
2596,268,3,764,9,4228,1,90
2597,268,3,765,4,4232,223,40
2598,268,3,766,7,4239,1,70
2599,268,3,767,5,4244,1,50
2600,268,3,768,4,4248,1,40
2601,268,3,769,6,4254,1,60
2602,268,3,770,2,4256,1,20
2603,268,3,771,3,4259,1,30
2604,268,3,772,2,4261,1,20
2605,268,3,773,7,4268,228,70
2606,268,3,774,3,4271,1,30
2607,268,3,775,5,4276,1,50
2608,268,3,776,7,4283,236,70
2609,268,3,777,4,4287,1,40
2610,268,3,778,4,4291,1,40
2611,268,3,779,2,4293,1,20
2612,268,3,780,5,4298,1,50
2613,268,3,781,5,4303,1,50
2614,268,3,782,5,4308,1,50
2615,268,3,783,9,4317,1,90
2616,268,3,784,6,4323,1,60
2617,268,3,785,4,4327,1,40
2618,268,3,786,9,4336,270,90
2619,268,3,787,5,4341,1,50
2620,268,3,788,2,4343,240,20
2621,268,3,789,7,4350,1,70
2622,268,3,790,2,4352,1,20
2623,268,3,791,9,4361,1,90
2624,268,3,792,5,4366,231,50
2625,268,3,793,9,4375,1,90
2626,268,3,794,7,4382,1,70
2627,268,3,795,5,4387,1,50
2628,268,3,796,4,4391,1,40
2629,268,3,797,5,4396,1,50
2630,268,3,798,3,4399,1,30
2631,268,3,799,7,4406,1,70
2632,268,3,800,6,4412,265,60
2633,268,3,801,9,4421,226,90
2634,268,3,802,5,4426,229,50
2635,268,3,803,2,4428,185,20
2636,268,3,804,6,4434,167,60
2637,268,3,805,5,4439,1,50
2638,268,3,806,2,4441,180,20
2639,268,3,807,7,4448,169,70
2640,268,3,808,5,4453,174,50
2641,268,3,809,4,4457,1,40
2642,268,3,810,2,4459,1,20
2643,268,3,811,6,4465,1,60
2644,268,3,812,6,4471,192,60
2645,268,3,813,2,4473,142,20
2646,268,3,814,8,4481,1,80
2647,268,3,815,2,4483,1,20
2648,268,3,816,7,4490,1,70
2649,268,3,817,6,4496,1,60
2650,268,3,818,6,4502,1,60
2651,268,3,819,8,4510,1,80
2652,268,3,820,4,4514,1,40
2653,268,3,821,4,4518,1,40
2654,268,3,822,8,4526,201,80
2655,268,3,823,6,4532,157,60
2656,268,3,824,2,4534,153,20
2657,268,3,825,6,4540,1,60
2658,268,3,826,5,4545,1,50
2659,268,3,827,5,4550,1,50
2660,268,3,828,8,4558,169,80
2661,268,3,829,4,4562,1,40
2662,268,3,830,5,4567,1,50
2663,268,3,831,5,4572,181,50
2664,268,3,832,3,4575,150,30
2665,268,3,833,4,4579,1,40
2666,268,3,834,7,4586,1,70
2667,268,3,835,4,4590,1,40
2668,268,3,836,4,4594,1,40
2669,268,3,837,3,4597,149,30
2670,268,3,838,7,4604,1,70
2671,268,3,839,6,4610,1,60
2672,268,3,840,3,4613,1,30
2673,268,3,841,5,4618,1,50
2674,268,3,842,5,4623,1,50
2675,268,3,843,3,4626,154,30
2676,268,3,844,5,4631,1,50
2677,268,3,845,5,4636,1,50
2678,268,3,846,6,4642,1,60
2679,268,3,847,7,4649,1,70
2680,268,3,848,3,4652,1,30
2681,268,3,849,8,4660,1,80
2682,268,3,850,8,4668,1,80
2683,268,3,851,6,4674,1,60
2684,268,3,852,4,4678,1,40
2685,268,3,853,3,4681,1,30
2686,268,3,854,3,4684,1,30
2687,268,3,855,4,4688,1,40
2688,268,3,856,3,4691,1,30
2689,268,3,857,8,4699,1,80
2690,268,3,858,8,4707,1,80
2691,268,3,859,2,4709,1,20
2692,268,3,860,2,4711,1,20
2693,268,3,861,5,4716,1,50
2694,268,3,862,2,4718,247,20
2695,268,3,863,9,4727,261,90
2696,268,3,864,6,4733,221,60
2697,268,3,865,2,4735,1,20
2698,268,3,866,9,4744,1,90
2699,268,3,867,6,4750,209,60
2700,268,3,868,3,4753,203,30
2701,268,3,869,7,4760,1,70
2702,268,3,870,8,4768,1,80
2703,268,3,871,5,4773,1,50
2704,268,3,872,8,4781,1,80
2705,268,3,873,4,4785,1,40
2706,268,3,874,8,4793,219,80
2707,268,3,875,3,4796,1,30
2708,268,3,876,7,4803,1,70
2709,268,3,877,5,4808,1,50
2710,268,3,878,7,4815,1,70
2711,268,3,879,9,4824,1,90
2712,268,3,880,7,4831,1,70
2713,268,3,881,5,4836,201,50
2714,268,3,882,6,4842,1,60
2715,268,3,883,3,4845,1,30
2716,268,3,884,4,4849,1,40
2717,268,3,885,2,4851,225,20
2718,268,3,886,4,4855,188,40
2719,268,3,887,3,4858,1,30
2720,268,3,888,7,4865,177,70
2721,268,3,889,8,4873,1,80
2722,268,3,890,4,4877,1,40
2723,268,3,891,5,4882,1,50
2724,268,3,892,8,4890,1,80
2725,268,3,893,4,4894,1,40
2726,268,3,894,3,4897,1,30
2727,268,3,895,6,4903,206,60
2728,268,3,896,7,4910,1,70
2729,268,3,897,4,4914,1,40
2730,268,3,898,7,4921,1,70
2731,268,3,899,5,4926,1,50
2732,268,3,900,8,4934,1,80
2733,268,3,901,3,4937,1,30
2734,268,3,902,5,4942,1,50
2735,268,3,903,2,4944,1,20
2736,268,3,904,2,4946,1,20
2737,268,3,905,5,4951,224,50
2738,268,3,906,9,4960,236,90
2739,268,3,907,4,4964,1,40
2740,268,3,908,4,4968,217,40
2741,268,3,909,5,4973,1,50
2742,268,3,910,2,4975,1,20
2743,268,3,911,2,4977,1,20
2744,268,3,912,9,4986,223,90
2745,268,3,913,2,4988,1,20
2746,268,3,914,6,4994,1,60
