,Scenario,Trial,Inspection,Interval,Time,Accumulation,Defects,Rate
0,133,1,1,7,7,78,75,70
1,133,1,2,6,13,69,69,60
2,133,1,3,8,21,82,76,80
3,133,1,4,4,25,38,38,40
4,133,1,5,8,33,76,71,80
5,133,1,6,4,37,33,31,40
6,133,1,7,5,42,49,49,50
7,133,1,8,9,51,95,95,90
8,133,1,9,2,53,16,16,20
9,133,1,10,5,58,40,40,50
10,133,1,11,5,63,43,43,50
11,133,1,12,7,70,67,67,70
12,133,1,13,7,77,62,56,70
13,133,1,14,3,80,29,26,30
14,133,1,15,9,89,83,83,90
15,133,1,16,8,97,76,76,80
16,133,1,17,6,103,56,53,60
17,133,1,18,3,106,24,23,30
18,133,1,19,6,112,60,60,60
19,133,1,20,4,116,40,40,40
20,133,1,21,3,119,26,24,30
21,133,1,22,9,128,93,88,90
22,133,1,23,4,132,49,48,40
23,133,1,24,3,135,26,23,30
24,133,1,25,6,141,49,46,60
25,133,1,26,8,149,77,68,80
26,133,1,27,4,153,52,47,40
27,133,1,28,2,155,21,21,20
28,133,1,29,2,157,18,17,20
29,133,1,30,9,166,94,94,90
30,133,1,31,9,175,96,89,90
31,133,1,32,6,181,76,73,60
32,133,1,33,2,183,24,24,20
33,133,1,34,4,187,45,45,40
34,133,1,35,4,191,45,40,40
35,133,1,36,4,195,36,34,40
36,133,1,37,5,200,48,43,50
37,133,1,38,5,205,42,39,50
38,133,1,39,2,207,30,27,20
39,133,1,40,6,213,60,60,60
40,133,1,41,7,220,83,78,70
41,133,1,42,7,227,99,95,70
42,133,1,43,5,232,61,61,50
43,133,1,44,7,239,69,67,70
44,133,1,45,2,241,20,18,20
45,133,1,46,8,249,81,75,80
46,133,1,47,6,255,68,68,60
47,133,1,48,9,264,85,85,90
48,133,1,49,5,269,53,47,50
49,133,1,50,9,278,102,102,90
50,133,1,51,6,284,68,68,60
51,133,1,52,5,289,58,56,50
52,133,1,53,5,294,43,43,50
53,133,1,54,8,302,80,79,80
54,133,1,55,4,306,32,30,40
55,133,1,56,6,312,57,53,60
56,133,1,57,2,314,24,24,20
57,133,1,58,3,317,24,20,30
58,133,1,59,4,321,34,34,40
59,133,1,60,9,330,115,109,90
60,133,1,61,2,332,31,27,20
61,133,1,62,9,341,88,88,90
62,133,1,63,9,350,89,89,90
63,133,1,64,2,352,16,16,20
64,133,1,65,9,361,99,99,90
65,133,1,66,2,363,19,19,20
66,133,1,67,6,369,64,60,60
67,133,1,68,4,373,49,47,40
68,133,1,69,5,378,57,57,50
69,133,1,70,2,380,20,17,20
70,133,1,71,3,383,32,30,30
71,133,1,72,3,386,19,15,30
72,133,1,73,7,393,70,64,70
73,133,1,74,9,402,134,126,90
74,133,1,75,7,409,86,86,70
75,133,1,76,6,415,71,71,60
76,133,1,77,3,418,30,25,30
77,133,1,78,8,426,84,84,80
78,133,1,79,2,428,15,13,20
79,133,1,80,3,431,33,30,30
80,133,1,81,3,434,33,33,30
81,133,1,82,3,437,27,25,30
82,133,1,83,8,445,79,74,80
83,133,1,84,5,450,54,54,50
84,133,1,85,5,455,43,43,50
85,133,1,86,9,464,84,78,90
86,133,1,87,3,467,35,35,30
87,133,1,88,9,476,98,98,90
88,133,1,89,3,479,29,26,30
89,133,1,90,4,483,41,39,40
90,133,1,91,9,492,103,96,90
91,133,1,92,3,495,38,37,30
92,133,1,93,7,502,68,68,70
93,133,1,94,4,506,41,38,40
94,133,1,95,9,515,81,81,90
95,133,1,96,9,524,78,72,90
96,133,1,97,8,532,88,84,80
97,133,1,98,6,538,67,65,60
98,133,1,99,7,545,86,86,70
99,133,1,100,9,554,86,81,90
100,133,1,101,3,557,55,55,30
101,133,1,102,9,566,90,90,90
102,133,1,103,2,568,27,24,20
103,133,1,104,7,575,91,85,70
104,133,1,105,6,581,56,52,60
105,133,1,106,4,585,42,40,40
106,133,1,107,3,588,41,40,30
107,133,1,108,3,591,37,37,30
108,133,1,109,3,594,26,26,30
109,133,1,110,5,599,41,38,50
110,133,1,111,8,607,94,87,80
111,133,1,112,7,614,73,70,70
112,133,1,113,3,617,38,36,30
113,133,1,114,6,623,50,48,60
114,133,1,115,9,632,84,79,90
115,133,1,116,9,641,95,95,90
116,133,1,117,7,648,69,69,70
117,133,1,118,6,654,76,76,60
118,133,1,119,5,659,44,40,50
119,133,1,120,6,665,68,64,60
120,133,1,121,3,668,33,33,30
121,133,1,122,2,670,17,17,20
122,133,1,123,3,673,26,25,30
123,133,1,124,9,682,76,76,90
124,133,1,125,8,690,82,82,80
125,133,1,126,4,694,38,32,40
126,133,1,127,7,701,74,70,70
127,133,1,128,8,709,92,92,80
128,133,1,129,8,717,94,88,80
129,133,1,130,8,725,87,87,80
130,133,1,131,5,730,49,49,50
131,133,1,132,8,738,86,79,80
132,133,1,133,4,742,48,45,40
133,133,1,134,5,747,59,59,50
134,133,1,135,7,754,63,61,70
135,133,1,136,5,759,59,57,50
136,133,1,137,4,763,45,43,40
137,133,1,138,7,770,92,89,70
138,133,1,139,2,772,24,23,20
139,133,1,140,9,781,103,99,90
140,133,1,141,6,787,64,61,60
141,133,1,142,9,796,83,79,90
142,133,1,143,5,801,51,48,50
143,133,1,144,5,806,57,54,50
144,133,1,145,2,808,27,25,20
145,133,1,146,3,811,37,36,30
146,133,1,147,7,818,69,65,70
147,133,1,148,3,821,30,30,30
148,133,1,149,5,826,49,45,50
149,133,1,150,6,832,57,57,60
150,133,1,151,8,840,81,78,80
151,133,1,152,2,842,22,21,20
152,133,1,153,3,845,30,30,30
153,133,1,154,6,851,53,48,60
154,133,1,155,4,855,52,52,40
155,133,1,156,5,860,45,39,50
156,133,1,157,6,866,64,61,60
157,133,1,158,5,871,63,60,50
158,133,1,159,5,876,52,49,50
159,133,1,160,8,884,88,88,80
160,133,1,161,8,892,87,87,80
161,133,1,162,8,900,80,80,80
162,133,1,163,2,902,15,14,20
163,133,1,164,3,905,24,21,30
164,133,1,165,3,908,30,30,30
165,133,1,166,3,911,26,26,30
166,133,1,167,4,915,49,49,40
167,133,1,168,2,917,21,21,20
168,133,1,169,7,924,80,80,70
169,133,1,170,5,929,59,53,50
170,133,1,171,3,932,31,28,30
171,133,1,172,6,938,78,78,60
172,133,1,173,4,942,29,27,40
173,133,1,174,9,951,89,81,90
174,133,1,175,2,953,28,27,20
175,133,1,176,2,955,15,13,20
176,133,1,177,9,964,100,93,90
177,133,1,178,4,968,46,43,40
178,133,1,179,8,976,86,82,80
179,133,1,180,9,985,92,84,90
180,133,1,181,6,991,61,61,60
181,133,1,182,5,996,43,40,50
182,133,1,183,6,1002,66,66,60
183,133,1,184,8,1010,84,80,80
184,133,1,185,6,1016,60,55,60
185,133,1,186,3,1019,32,32,30
186,133,1,187,5,1024,59,59,50
187,133,1,188,2,1026,15,12,20
188,133,1,189,5,1031,56,53,50
189,133,1,190,5,1036,54,50,50
190,133,1,191,9,1045,101,93,90
191,133,1,192,8,1053,84,78,80
192,133,1,193,3,1056,45,45,30
193,133,1,194,8,1064,79,79,80
194,133,1,195,8,1072,87,81,80
195,133,1,196,9,1081,98,93,90
196,133,1,197,7,1088,83,77,70
197,133,1,198,7,1095,75,72,70
198,133,1,199,7,1102,63,61,70
199,133,1,200,4,1106,37,34,40
200,133,1,201,5,1111,65,65,50
201,133,1,202,4,1115,37,33,40
202,133,1,203,3,1118,28,25,30
203,133,1,204,5,1123,47,42,50
204,133,1,205,8,1131,83,79,80
205,133,1,206,3,1134,40,38,30
206,133,1,207,6,1140,58,57,60
207,133,1,208,9,1149,88,83,90
208,133,1,209,6,1155,72,72,60
209,133,1,210,9,1164,95,90,90
210,133,1,211,3,1167,41,36,30
211,133,1,212,9,1176,97,97,90
212,133,1,213,3,1179,33,33,30
213,133,1,214,3,1182,31,31,30
214,133,1,215,3,1185,37,35,30
215,133,1,216,4,1189,43,42,40
216,133,1,217,2,1191,16,13,20
217,133,1,218,3,1194,40,36,30
218,133,1,219,2,1196,21,19,20
219,133,1,220,2,1198,25,23,20
220,133,1,221,3,1201,41,37,30
221,133,1,222,8,1209,84,78,80
222,133,1,223,2,1211,17,16,20
223,133,1,224,5,1216,40,40,50
224,133,1,225,9,1225,67,64,90
225,133,1,226,8,1233,73,65,80
226,133,1,227,4,1237,53,49,40
227,133,1,228,7,1244,68,64,70
228,133,1,229,9,1253,86,86,90
229,133,1,230,6,1259,61,55,60
230,133,1,231,8,1267,91,91,80
231,133,1,232,3,1270,29,27,30
232,133,1,233,9,1279,90,87,90
233,133,1,234,9,1288,102,102,90
234,133,1,235,9,1297,96,90,90
235,133,1,236,2,1299,24,22,20
236,133,1,237,5,1304,45,45,50
237,133,1,238,6,1310,37,34,60
238,133,1,239,5,1315,45,42,50
239,133,1,240,4,1319,36,36,40
240,133,1,241,4,1323,33,32,40
241,133,1,242,8,1331,76,71,80
242,133,1,243,4,1335,36,33,40
243,133,1,244,3,1338,33,29,30
244,133,1,245,3,1341,27,25,30
245,133,1,246,5,1346,52,48,50
246,133,1,247,2,1348,28,24,20
247,133,1,248,9,1357,100,94,90
248,133,1,249,2,1359,28,24,20
249,133,1,250,8,1367,92,92,80
250,133,1,251,2,1369,22,22,20
251,133,1,252,5,1374,65,65,50
252,133,1,253,5,1379,41,39,50
253,133,1,254,8,1387,84,84,80
254,133,1,255,2,1389,18,17,20
255,133,1,256,4,1393,44,42,40
256,133,1,257,9,1402,92,88,90
257,133,1,258,9,1411,106,97,90
258,133,1,259,6,1417,65,59,60
259,133,1,260,4,1421,43,43,40
260,133,1,261,2,1423,16,14,20
261,133,1,262,7,1430,74,68,70
262,133,1,263,5,1435,47,46,50
263,133,1,264,5,1440,51,49,50
264,133,1,265,7,1447,75,71,70
265,133,1,266,4,1451,35,35,40
266,133,1,267,4,1455,41,41,40
267,133,1,268,2,1457,19,19,20
268,133,1,269,2,1459,23,22,20
269,133,1,270,6,1465,63,63,60
270,133,1,271,6,1471,56,53,60
271,133,1,272,4,1475,33,33,40
272,133,1,273,2,1477,24,20,20
273,133,1,274,5,1482,74,74,50
274,133,1,275,6,1488,49,49,60
275,133,1,276,7,1495,69,63,70
276,133,1,277,3,1498,33,33,30
277,133,1,278,2,1500,18,18,20
278,133,1,279,4,1504,34,34,40
279,133,1,280,7,1511,58,52,70
280,133,1,281,4,1515,45,45,40
281,133,1,282,8,1523,77,72,80
282,133,1,283,3,1526,32,30,30
283,133,1,284,3,1529,29,25,30
284,133,1,285,5,1534,48,44,50
285,133,1,286,2,1536,21,21,20
286,133,1,287,7,1543,73,73,70
287,133,1,288,5,1548,48,44,50
288,133,1,289,6,1554,61,55,60
289,133,1,290,4,1558,42,42,40
290,133,1,291,9,1567,105,97,90
291,133,1,292,3,1570,34,31,30
292,133,1,293,2,1572,23,22,20
293,133,1,294,9,1581,92,87,90
294,133,1,295,2,1583,21,20,20
295,133,1,296,5,1588,45,43,50
296,133,1,297,4,1592,33,31,40
297,133,1,298,7,1599,76,73,70
298,133,1,299,3,1602,27,26,30
299,133,1,300,2,1604,19,16,20
300,133,1,301,3,1607,31,31,30
301,133,1,302,8,1615,88,82,80
302,133,1,303,5,1620,61,58,50
303,133,1,304,7,1627,68,68,70
304,133,1,305,3,1630,33,31,30
305,133,1,306,3,1633,33,31,30
306,133,1,307,3,1636,47,43,30
307,133,1,308,5,1641,44,39,50
308,133,1,309,4,1645,43,43,40
309,133,1,310,4,1649,33,32,40
310,133,1,311,6,1655,48,48,60
311,133,1,312,3,1658,28,25,30
312,133,1,313,5,1663,55,55,50
313,133,1,314,6,1669,50,47,60
314,133,1,315,2,1671,27,25,20
315,133,1,316,9,1680,90,90,90
316,133,1,317,5,1685,62,58,50
317,133,1,318,5,1690,51,47,50
318,133,1,319,5,1695,58,55,50
319,133,1,320,6,1701,56,56,60
320,133,1,321,3,1704,31,31,30
321,133,1,322,8,1712,86,86,80
322,133,1,323,8,1720,76,76,80
323,133,1,324,8,1728,90,90,80
324,133,1,325,4,1732,37,36,40
325,133,1,326,8,1740,80,77,80
326,133,1,327,4,1744,38,37,40
327,133,1,328,8,1752,76,76,80
328,133,1,329,5,1757,56,54,50
329,133,1,330,9,1766,97,90,90
330,133,1,331,9,1775,110,107,90
331,133,1,332,2,1777,21,19,20
332,133,1,333,9,1786,102,102,90
333,133,1,334,9,1795,78,78,90
334,133,1,335,9,1804,89,81,90
335,133,1,336,4,1808,54,54,40
336,133,1,337,7,1815,73,70,70
337,133,1,338,4,1819,39,39,40
338,133,1,339,7,1826,68,68,70
339,133,1,340,4,1830,32,29,40
340,133,1,341,4,1834,49,48,40
341,133,1,342,5,1839,52,46,50
342,133,1,343,3,1842,33,33,30
343,133,1,344,5,1847,57,54,50
344,133,1,345,7,1854,71,65,70
345,133,1,346,6,1860,73,62,60
346,133,1,347,4,1864,49,41,40
347,133,1,348,9,1873,86,86,90
348,133,1,349,5,1878,56,51,50
349,133,1,350,8,1886,89,89,80
350,133,1,351,9,1895,101,97,90
351,133,1,352,9,1904,94,89,90
352,133,1,353,5,1909,72,68,50
353,133,1,354,3,1912,31,28,30
354,133,1,355,3,1915,28,26,30
355,133,1,356,7,1922,66,61,70
356,133,1,357,3,1925,36,35,30
357,133,1,358,9,1934,82,79,90
358,133,1,359,8,1942,83,79,80
359,133,1,360,4,1946,54,54,40
360,133,1,361,3,1949,20,18,30
361,133,1,362,6,1955,48,44,60
362,133,1,363,3,1958,40,37,30
363,133,1,364,5,1963,49,49,50
364,133,1,365,3,1966,29,29,30
365,133,1,366,8,1974,76,72,80
366,133,1,367,5,1979,58,58,50
367,133,1,368,7,1986,80,70,70
368,133,1,369,9,1995,112,106,90
369,133,1,370,7,2002,70,62,70
370,133,1,371,6,2008,59,56,60
371,133,1,372,7,2015,80,71,70
372,133,1,373,4,2019,52,52,40
373,133,1,374,7,2026,64,58,70
374,133,1,375,9,2035,83,83,90
375,133,1,376,5,2040,52,49,50
376,133,1,377,4,2044,49,44,40
377,133,1,378,4,2048,47,44,40
378,133,1,379,7,2055,77,77,70
379,133,1,380,2,2057,19,18,20
380,133,1,381,5,2062,52,50,50
381,133,1,382,3,2065,27,23,30
382,133,1,383,6,2071,61,57,60
383,133,1,384,7,2078,61,61,70
384,133,1,385,4,2082,42,42,40
385,133,1,386,9,2091,100,94,90
386,133,1,387,8,2099,72,67,80
387,133,1,388,4,2103,50,49,40
388,133,1,389,9,2112,97,91,90
389,133,1,390,4,2116,47,46,40
390,133,1,391,2,2118,29,26,20
391,133,1,392,6,2124,50,46,60
392,133,1,393,6,2130,77,77,60
393,133,1,394,5,2135,49,47,50
394,133,1,395,7,2142,77,77,70
395,133,1,396,6,2148,58,58,60
396,133,1,397,6,2154,47,43,60
397,133,1,398,7,2161,71,68,70
398,133,1,399,8,2169,80,74,80
399,133,1,400,7,2176,76,76,70
400,133,1,401,7,2183,87,80,70
401,133,1,402,2,2185,27,26,20
402,133,1,403,4,2189,49,49,40
403,133,1,404,8,2197,72,67,80
404,133,1,405,9,2206,97,97,90
405,133,1,406,2,2208,24,24,20
406,133,1,407,5,2213,54,51,50
407,133,1,408,9,2222,100,92,90
408,133,1,409,4,2226,53,48,40
409,133,1,410,7,2233,70,66,70
410,133,1,411,8,2241,89,84,80
411,133,1,412,5,2246,58,58,50
412,133,1,413,5,2251,44,38,50
413,133,1,414,3,2254,44,44,30
414,133,1,415,8,2262,73,67,80
415,133,1,416,8,2270,89,89,80
416,133,1,417,8,2278,91,80,80
417,133,1,418,3,2281,33,30,30
418,133,1,419,8,2289,86,82,80
419,133,1,420,4,2293,42,40,40
420,133,1,421,9,2302,93,93,90
421,133,1,422,4,2306,42,38,40
422,133,1,423,4,2310,52,52,40
423,133,1,424,7,2317,59,59,70
424,133,1,425,2,2319,18,16,20
425,133,1,426,2,2321,23,23,20
426,133,1,427,5,2326,38,35,50
427,133,1,428,9,2335,84,84,90
428,133,1,429,7,2342,59,59,70
429,133,1,430,5,2347,47,42,50
430,133,1,431,5,2352,48,45,50
431,133,1,432,6,2358,68,64,60
432,133,1,433,6,2364,59,56,60
433,133,1,434,5,2369,56,56,50
434,133,1,435,3,2372,25,23,30
435,133,1,436,2,2374,18,17,20
436,133,1,437,7,2381,87,87,70
437,133,1,438,3,2384,27,24,30
438,133,1,439,5,2389,47,44,50
439,133,1,440,9,2398,101,101,90
440,133,1,441,2,2400,20,19,20
441,133,1,442,9,2409,91,91,90
442,133,1,443,3,2412,24,21,30
443,133,1,444,2,2414,22,19,20
444,133,1,445,3,2417,31,30,30
445,133,1,446,2,2419,23,23,20
446,133,1,447,3,2422,31,26,30
447,133,1,448,4,2426,50,50,40
448,133,1,449,4,2430,33,31,40
449,133,1,450,7,2437,60,60,70
450,133,1,451,4,2441,41,38,40
451,133,1,452,9,2450,104,97,90
452,133,1,453,4,2454,43,42,40
453,133,1,454,6,2460,72,72,60
454,133,1,455,6,2466,67,62,60
455,133,1,456,4,2470,54,54,40
456,133,1,457,7,2477,67,62,70
457,133,1,458,5,2482,47,47,50
458,133,1,459,5,2487,49,47,50
459,133,1,460,7,2494,62,56,70
460,133,1,461,7,2501,89,83,70
461,133,1,462,7,2508,68,68,70
462,133,1,463,2,2510,22,21,20
463,133,1,464,7,2517,64,60,70
464,133,1,465,9,2526,87,87,90
465,133,1,466,6,2532,64,60,60
466,133,1,467,3,2535,33,33,30
467,133,1,468,7,2542,79,79,70
468,133,1,469,6,2548,49,45,60
469,133,1,470,2,2550,28,28,20
470,133,1,471,6,2556,81,81,60
471,133,1,472,2,2558,16,15,20
472,133,1,473,7,2565,78,75,70
473,133,1,474,9,2574,79,71,90
474,133,1,475,5,2579,59,56,50
475,133,1,476,9,2588,97,92,90
476,133,1,477,7,2595,78,74,70
477,133,1,478,7,2602,73,73,70
478,133,1,479,4,2606,41,38,40
479,133,1,480,6,2612,67,67,60
480,133,1,481,5,2617,45,42,50
481,133,1,482,7,2624,62,62,70
482,133,1,483,2,2626,20,20,20
483,133,1,484,7,2633,84,79,70
484,133,1,485,9,2642,84,78,90
485,133,1,486,6,2648,53,53,60
486,133,1,487,9,2657,100,94,90
487,133,1,488,8,2665,85,85,80
488,133,1,489,5,2670,40,40,50
489,133,1,490,2,2672,22,21,20
490,133,1,491,4,2676,44,41,40
491,133,1,492,8,2684,74,72,80
492,133,1,493,4,2688,46,42,40
493,133,1,494,6,2694,71,64,60
494,133,1,495,7,2701,75,72,70
495,133,1,496,6,2707,69,69,60
496,133,1,497,9,2716,90,85,90
497,133,1,498,3,2719,33,33,30
498,133,1,499,3,2722,28,28,30
499,133,1,500,8,2730,76,73,80
500,133,1,501,3,2733,36,31,30
501,133,1,502,7,2740,85,77,70
502,133,1,503,7,2747,78,72,70
503,133,1,504,4,2751,45,45,40
504,133,1,505,7,2758,69,69,70
505,133,1,506,3,2761,33,31,30
506,133,1,507,7,2768,68,64,70
507,133,1,508,5,2773,72,68,50
508,133,1,509,7,2780,73,67,70
509,133,1,510,7,2787,77,77,70
510,133,1,511,2,2789,21,21,20
511,133,1,512,6,2795,53,49,60
512,133,1,513,6,2801,66,66,60
513,133,1,514,8,2809,83,75,80
514,133,1,515,3,2812,33,31,30
515,133,1,516,8,2820,74,72,80
516,133,1,517,5,2825,50,46,50
517,133,1,518,4,2829,42,42,40
518,133,1,519,7,2836,62,62,70
519,133,1,520,9,2845,94,90,90
520,133,1,521,3,2848,26,25,30
521,133,1,522,2,2850,22,22,20
522,133,1,523,9,2859,99,99,90
523,133,1,524,4,2863,38,38,40
524,133,1,525,2,2865,17,17,20
525,133,1,526,8,2873,92,87,80
526,133,1,527,3,2876,29,28,30
527,133,1,528,2,2878,16,15,20
528,133,1,529,6,2884,69,69,60
529,133,1,530,9,2893,108,108,90
530,133,1,531,7,2900,67,67,70
531,133,1,532,3,2903,22,22,30
532,133,1,533,8,2911,82,77,80
533,133,1,534,6,2917,67,67,60
534,133,1,535,5,2922,60,60,50
535,133,1,536,9,2931,79,79,90
536,133,1,537,9,2940,79,75,90
537,133,1,538,8,2948,96,96,80
538,133,1,539,9,2957,90,82,90
539,133,1,540,6,2963,66,66,60
540,133,1,541,9,2972,100,89,90
541,133,1,542,4,2976,47,42,40
542,133,1,543,7,2983,70,70,70
543,133,1,544,6,2989,63,59,60
544,133,1,545,8,2997,71,67,80
545,133,1,546,3,3000,35,33,30
546,133,1,547,9,3009,81,78,90
547,133,1,548,7,3016,72,72,70
548,133,1,549,4,3020,45,45,40
549,133,1,550,3,3023,31,29,30
550,133,1,551,2,3025,21,20,20
551,133,1,552,4,3029,36,34,40
552,133,1,553,9,3038,84,84,90
553,133,1,554,2,3040,16,14,20
554,133,1,555,7,3047,68,68,70
555,133,1,556,8,3055,76,76,80
556,133,1,557,7,3062,63,58,70
557,133,1,558,2,3064,25,23,20
558,133,1,559,7,3071,75,67,70
559,133,1,560,4,3075,50,46,40
560,133,1,561,4,3079,41,38,40
561,133,1,562,4,3083,44,39,40
562,133,1,563,6,3089,61,61,60
563,133,1,564,6,3095,47,46,60
564,133,1,565,3,3098,36,34,30
565,133,1,566,6,3104,47,44,60
566,133,1,567,6,3110,66,61,60
567,133,1,568,4,3114,38,38,40
568,133,1,569,4,3118,38,37,40
569,133,1,570,6,3124,68,68,60
570,133,1,571,8,3132,73,73,80
571,133,1,572,5,3137,54,54,50
572,133,1,573,7,3144,77,72,70
573,133,1,574,5,3149,61,56,50
574,133,1,575,3,3152,32,30,30
575,133,1,576,2,3154,21,19,20
576,133,1,577,7,3161,51,49,70
577,133,1,578,4,3165,45,45,40
578,133,1,579,9,3174,96,94,90
579,133,1,580,9,3183,107,100,90
580,133,1,581,7,3190,74,74,70
581,133,1,582,2,3192,16,16,20
582,133,1,583,2,3194,23,20,20
583,133,1,584,4,3198,52,49,40
584,133,1,585,3,3201,36,36,30
585,133,1,586,6,3207,61,61,60
586,133,1,587,8,3215,79,73,80
587,133,1,588,5,3220,49,49,50
588,133,1,589,6,3226,56,56,60
589,133,1,590,5,3231,43,39,50
590,133,1,591,5,3236,50,50,50
591,133,1,592,3,3239,28,28,30
592,133,1,593,5,3244,47,44,50
593,133,1,594,9,3253,81,75,90
594,133,1,595,4,3257,48,45,40
595,133,1,596,2,3259,20,15,20
596,133,1,597,7,3266,75,70,70
597,133,1,598,4,3270,43,40,40
598,133,1,599,9,3279,96,96,90
599,133,1,600,9,3288,97,93,90
600,133,1,601,5,3293,53,48,50
601,133,1,602,8,3301,71,65,80
602,133,1,603,6,3307,64,58,60
603,133,1,604,5,3312,56,55,50
604,133,1,605,2,3314,18,16,20
605,133,1,606,4,3318,47,47,40
606,133,1,607,8,3326,86,77,80
607,133,1,608,8,3334,78,78,80
608,133,1,609,7,3341,79,71,70
609,133,1,610,4,3345,46,46,40
610,133,1,611,5,3350,50,48,50
611,133,1,612,5,3355,55,54,50
612,133,1,613,7,3362,58,58,70
613,133,1,614,5,3367,54,54,50
614,133,1,615,6,3373,51,46,60
615,133,1,616,8,3381,79,73,80
616,133,1,617,3,3384,38,38,30
617,133,1,618,7,3391,65,65,70
618,133,1,619,6,3397,74,74,60
619,133,1,620,3,3400,26,24,30
620,133,1,621,6,3406,67,65,60
621,133,1,622,7,3413,74,74,70
622,133,1,623,7,3420,63,59,70
623,133,1,624,7,3427,85,82,70
624,133,1,625,5,3432,50,50,50
625,133,1,626,5,3437,55,55,50
626,133,1,627,2,3439,18,17,20
627,133,1,628,6,3445,59,59,60
628,133,1,629,7,3452,76,76,70
629,133,1,630,3,3455,42,41,30
630,133,1,631,8,3463,88,81,80
631,133,1,632,3,3466,42,39,30
632,133,1,633,7,3473,82,82,70
633,133,1,634,6,3479,65,61,60
634,133,1,635,3,3482,53,53,30
635,133,1,636,8,3490,77,77,80
636,133,1,637,6,3496,71,71,60
637,133,1,638,8,3504,90,83,80
638,133,1,639,2,3506,21,19,20
639,133,1,640,5,3511,53,51,50
640,133,1,641,9,3520,82,78,90
641,133,1,642,9,3529,99,89,90
642,133,1,643,4,3533,40,38,40
643,133,1,644,6,3539,59,57,60
644,133,1,645,2,3541,21,21,20
645,133,1,646,8,3549,87,82,80
646,133,1,647,5,3554,52,52,50
647,133,1,648,6,3560,67,67,60
648,133,1,649,6,3566,57,53,60
649,133,1,650,4,3570,48,47,40
650,133,1,651,3,3573,30,27,30
651,133,1,652,3,3576,36,36,30
652,133,1,653,8,3584,98,89,80
653,133,1,654,9,3593,107,98,90
654,133,1,655,7,3600,88,84,70
655,133,1,656,3,3603,25,23,30
656,133,1,657,5,3608,48,48,50
657,133,1,658,4,3612,40,40,40
658,133,1,659,2,3614,29,26,20
659,133,1,660,6,3620,59,56,60
660,133,1,661,8,3628,86,78,80
661,133,1,662,4,3632,55,53,40
662,133,1,663,4,3636,41,39,40
663,133,1,664,8,3644,80,76,80
664,133,1,665,8,3652,86,82,80
665,133,1,666,6,3658,80,80,60
666,133,1,667,3,3661,29,27,30
667,133,1,668,3,3664,39,36,30
668,133,1,669,5,3669,46,46,50
669,133,1,670,5,3674,45,45,50
670,133,1,671,3,3677,31,31,30
671,133,1,672,2,3679,24,24,20
672,133,1,673,8,3687,88,79,80
673,133,1,674,8,3695,88,88,80
674,133,1,675,6,3701,59,54,60
675,133,1,676,3,3704,30,30,30
676,133,1,677,2,3706,17,17,20
677,133,1,678,5,3711,47,40,50
678,133,1,679,4,3715,47,45,40
679,133,1,680,6,3721,69,69,60
680,133,1,681,2,3723,19,17,20
681,133,1,682,5,3728,58,58,50
682,133,1,683,2,3730,19,17,20
683,133,1,684,6,3736,63,60,60
684,133,1,685,9,3745,74,69,90
685,133,1,686,3,3748,32,28,30
686,133,1,687,6,3754,53,53,60
687,133,1,688,4,3758,39,34,40
688,133,1,689,8,3766,92,92,80
689,133,1,690,9,3775,93,93,90
690,133,1,691,4,3779,40,40,40
691,133,1,692,2,3781,25,22,20
692,133,1,693,2,3783,27,27,20
693,133,1,694,8,3791,68,62,80
694,133,1,695,9,3800,96,96,90
695,133,1,696,8,3808,67,65,80
696,133,1,697,4,3812,49,49,40
697,133,1,698,9,3821,93,86,90
698,133,1,699,2,3823,25,21,20
699,133,1,700,6,3829,77,72,60
700,133,1,701,3,3832,36,34,30
701,133,1,702,6,3838,61,58,60
702,133,1,703,8,3846,72,72,80
703,133,1,704,3,3849,43,42,30
704,133,1,705,4,3853,41,37,40
705,133,1,706,5,3858,48,47,50
706,133,1,707,6,3864,54,48,60
707,133,1,708,6,3870,57,57,60
708,133,1,709,4,3874,35,33,40
709,133,1,710,6,3880,63,59,60
710,133,1,711,4,3884,46,46,40
711,133,1,712,6,3890,64,64,60
712,133,1,713,8,3898,70,67,80
713,133,1,714,6,3904,72,72,60
714,133,1,715,4,3908,25,23,40
715,133,1,716,2,3910,26,26,20
716,133,1,717,9,3919,88,88,90
717,133,1,718,5,3924,60,53,50
718,133,1,719,5,3929,69,69,50
719,133,1,720,2,3931,14,12,20
720,133,1,721,3,3934,42,41,30
721,133,1,722,8,3942,83,80,80
722,133,1,723,3,3945,38,38,30
723,133,1,724,6,3951,64,61,60
724,133,1,725,5,3956,59,57,50
725,133,1,726,8,3964,93,93,80
726,133,1,727,4,3968,42,39,40
727,133,1,728,8,3976,91,84,80
728,133,1,729,7,3983,66,64,70
729,133,1,730,6,3989,60,60,60
730,133,1,731,7,3996,78,78,70
731,133,1,732,5,4001,55,55,50
732,133,1,733,7,4008,70,68,70
733,133,1,734,6,4014,55,52,60
734,133,1,735,2,4016,23,23,20
735,133,1,736,8,4024,73,69,80
736,133,1,737,4,4028,37,35,40
737,133,1,738,5,4033,57,56,50
738,133,1,739,9,4042,102,102,90
739,133,1,740,4,4046,43,40,40
740,133,1,741,3,4049,34,31,30
741,133,1,742,9,4058,88,83,90
742,133,1,743,2,4060,25,25,20
743,133,1,744,9,4069,89,89,90
744,133,1,745,7,4076,81,81,70
745,133,1,746,7,4083,75,75,70
746,133,1,747,9,4092,97,97,90
747,133,1,748,5,4097,52,52,50
748,133,1,749,9,4106,102,98,90
749,133,1,750,9,4115,102,97,90
750,133,1,751,9,4124,95,91,90
751,133,1,752,8,4132,93,93,80
752,133,1,753,9,4141,92,85,90
753,133,1,754,3,4144,33,33,30
754,133,1,755,4,4148,40,36,40
755,133,1,756,5,4153,51,46,50
756,133,1,757,8,4161,80,73,80
757,133,1,758,8,4169,90,90,80
758,133,1,759,4,4173,34,32,40
759,133,1,760,7,4180,76,76,70
760,133,1,761,7,4187,60,60,70
761,133,1,762,9,4196,98,91,90
762,133,1,763,4,4200,46,43,40
763,133,1,764,3,4203,28,28,30
764,133,1,765,3,4206,28,28,30
765,133,1,766,6,4212,59,59,60
766,133,1,767,7,4219,54,54,70
767,133,1,768,3,4222,25,24,30
768,133,1,769,8,4230,74,72,80
769,133,1,770,9,4239,87,85,90
770,133,1,771,5,4244,50,48,50
771,133,1,772,3,4247,33,30,30
772,133,1,773,5,4252,43,39,50
773,133,1,774,9,4261,92,83,90
774,133,1,775,5,4266,58,53,50
775,133,1,776,5,4271,65,59,50
776,133,1,777,4,4275,39,34,40
777,133,1,778,8,4283,69,65,80
778,133,1,779,3,4286,43,40,30
779,133,1,780,7,4293,68,62,70
780,133,1,781,8,4301,91,91,80
781,133,1,782,5,4306,67,64,50
782,133,1,783,4,4310,32,30,40
783,133,1,784,3,4313,32,29,30
784,133,1,785,7,4320,68,68,70
785,133,1,786,6,4326,61,59,60
786,133,1,787,6,4332,63,60,60
787,133,1,788,6,4338,68,66,60
788,133,1,789,7,4345,63,61,70
789,133,1,790,6,4351,51,47,60
790,133,1,791,7,4358,78,72,70
791,133,1,792,5,4363,62,58,50
792,133,1,793,8,4371,96,92,80
793,133,1,794,5,4376,48,45,50
794,133,1,795,7,4383,88,85,70
795,133,1,796,8,4391,76,76,80
796,133,1,797,3,4394,29,26,30
797,133,1,798,8,4402,83,83,80
798,133,1,799,4,4406,43,43,40
799,133,1,800,5,4411,41,38,50
800,133,1,801,2,4413,18,16,20
801,133,1,802,6,4419,56,50,60
802,133,1,803,8,4427,83,77,80
803,133,1,804,6,4433,69,69,60
804,133,1,805,8,4441,83,80,80
805,133,1,806,9,4450,91,87,90
806,133,1,807,7,4457,64,59,70
807,133,1,808,2,4459,30,30,20
808,133,1,809,6,4465,51,46,60
809,133,1,810,7,4472,53,47,70
810,133,1,811,9,4481,88,82,90
811,133,1,812,2,4483,25,22,20
812,133,1,813,2,4485,22,22,20
813,133,1,814,8,4493,93,89,80
814,133,1,815,6,4499,67,64,60
815,133,1,816,8,4507,89,89,80
816,133,1,817,9,4516,110,104,90
817,133,1,818,4,4520,51,51,40
818,133,1,819,5,4525,57,53,50
819,133,1,820,2,4527,26,25,20
820,133,1,821,9,4536,100,100,90
821,133,1,822,9,4545,75,72,90
822,133,1,823,6,4551,64,64,60
823,133,1,824,4,4555,35,35,40
824,133,1,825,8,4563,73,70,80
825,133,1,826,9,4572,102,95,90
826,133,1,827,5,4577,63,63,50
827,133,1,828,4,4581,36,32,40
828,133,1,829,3,4584,37,31,30
829,133,1,830,2,4586,21,20,20
830,133,1,831,5,4591,54,51,50
831,133,1,832,7,4598,69,65,70
832,133,1,833,4,4602,51,51,40
833,133,1,834,2,4604,22,20,20
834,133,1,835,7,4611,73,73,70
835,133,1,836,5,4616,62,62,50
836,133,1,837,3,4619,18,16,30
837,133,1,838,7,4626,62,58,70
838,133,1,839,3,4629,45,45,30
839,133,1,840,6,4635,63,61,60
840,133,1,841,6,4641,52,48,60
841,133,1,842,9,4650,111,107,90
842,133,1,843,7,4657,61,55,70
843,133,1,844,6,4663,66,62,60
844,133,1,845,6,4669,59,55,60
845,133,1,846,9,4678,93,87,90
846,133,1,847,5,4683,59,55,50
847,133,1,848,9,4692,86,86,90
848,133,1,849,8,4700,66,60,80
849,133,1,850,9,4709,105,103,90
850,133,1,851,9,4718,89,81,90
851,133,1,852,7,4725,90,90,70
852,133,1,853,9,4734,94,87,90
853,133,1,854,7,4741,86,81,70
854,133,1,855,8,4749,86,86,80
855,133,1,856,6,4755,59,55,60
856,133,1,857,5,4760,41,38,50
857,133,1,858,5,4765,74,70,50
858,133,1,859,2,4767,27,25,20
859,133,1,860,8,4775,68,65,80
860,133,1,861,5,4780,48,48,50
861,133,1,862,5,4785,48,44,50
862,133,1,863,8,4793,82,80,80
863,133,1,864,9,4802,86,86,90
864,133,1,865,7,4809,68,68,70
865,133,1,866,2,4811,34,34,20
866,133,1,867,2,4813,15,13,20
867,133,1,868,9,4822,101,97,90
868,133,1,869,5,4827,53,51,50
869,133,1,870,4,4831,47,42,40
870,133,1,871,4,4835,35,27,40
871,133,1,872,7,4842,84,81,70
872,133,1,873,9,4851,84,79,90
873,133,1,874,3,4854,38,35,30
874,133,1,875,5,4859,60,60,50
875,133,1,876,8,4867,85,80,80
876,133,1,877,6,4873,76,76,60
877,133,1,878,6,4879,66,66,60
878,133,1,879,8,4887,76,72,80
879,133,1,880,9,4896,110,107,90
880,133,1,881,7,4903,72,72,70
881,133,1,882,8,4911,72,70,80
882,133,1,883,2,4913,24,24,20
883,133,1,884,3,4916,22,22,30
884,133,1,885,5,4921,34,34,50
885,133,1,886,5,4926,38,35,50
886,133,1,887,4,4930,36,33,40
887,133,1,888,3,4933,41,37,30
888,133,1,889,2,4935,29,29,20
889,133,1,890,5,4940,39,38,50
890,133,1,891,6,4946,64,64,60
891,133,1,892,3,4949,26,20,30
892,133,1,893,5,4954,40,36,50
893,133,1,894,4,4958,43,40,40
894,133,1,895,2,4960,22,22,20
895,133,1,896,7,4967,67,67,70
896,133,1,897,8,4975,85,81,80
897,133,1,898,5,4980,58,54,50
898,133,1,899,9,4989,98,98,90
899,133,1,900,2,4991,26,24,20
900,133,1,901,5,4996,57,57,50
901,133,2,1,8,8,78,73,80
902,133,2,2,3,11,26,26,30
903,133,2,3,3,14,31,29,30
904,133,2,4,7,21,76,76,70
905,133,2,5,8,29,79,75,80
906,133,2,6,3,32,36,36,30
907,133,2,7,6,38,71,71,60
908,133,2,8,3,41,27,26,30
909,133,2,9,8,49,75,75,80
910,133,2,10,3,52,27,26,30
911,133,2,11,3,55,42,42,30
912,133,2,12,5,60,59,59,50
913,133,2,13,3,63,31,27,30
914,133,2,14,5,68,52,48,50
915,133,2,15,3,71,28,27,30
916,133,2,16,3,74,27,26,30
917,133,2,17,5,79,41,36,50
918,133,2,18,4,83,50,50,40
919,133,2,19,6,89,62,60,60
920,133,2,20,4,93,42,37,40
921,133,2,21,2,95,20,17,20
922,133,2,22,9,104,90,85,90
923,133,2,23,4,108,42,40,40
924,133,2,24,5,113,45,45,50
925,133,2,25,5,118,43,40,50
926,133,2,26,3,121,35,35,30
927,133,2,27,6,127,56,52,60
928,133,2,28,4,131,46,46,40
929,133,2,29,9,140,92,88,90
930,133,2,30,7,147,65,59,70
931,133,2,31,6,153,60,60,60
932,133,2,32,5,158,46,46,50
933,133,2,33,4,162,41,37,40
934,133,2,34,5,167,61,57,50
935,133,2,35,6,173,68,62,60
936,133,2,36,3,176,37,36,30
937,133,2,37,3,179,37,37,30
938,133,2,38,2,181,16,15,20
939,133,2,39,4,185,31,27,40
940,133,2,40,5,190,48,45,50
941,133,2,41,7,197,79,74,70
942,133,2,42,8,205,92,87,80
943,133,2,43,9,214,81,79,90
944,133,2,44,7,221,68,63,70
945,133,2,45,9,230,90,87,90
946,133,2,46,5,235,44,40,50
947,133,2,47,7,242,60,52,70
948,133,2,48,7,249,77,70,70
949,133,2,49,4,253,34,33,40
950,133,2,50,8,261,88,88,80
951,133,2,51,2,263,11,9,20
952,133,2,52,9,272,88,83,90
953,133,2,53,5,277,61,61,50
954,133,2,54,3,280,26,25,30
955,133,2,55,5,285,45,42,50
956,133,2,56,2,287,21,19,20
957,133,2,57,5,292,57,57,50
958,133,2,58,7,299,69,63,70
959,133,2,59,3,302,40,34,30
960,133,2,60,2,304,34,31,20
961,133,2,61,9,313,82,76,90
962,133,2,62,2,315,23,22,20
963,133,2,63,8,323,79,79,80
964,133,2,64,6,329,56,56,60
965,133,2,65,7,336,82,77,70
966,133,2,66,3,339,33,32,30
967,133,2,67,6,345,63,63,60
968,133,2,68,4,349,38,38,40
969,133,2,69,9,358,83,81,90
970,133,2,70,2,360,17,17,20
971,133,2,71,9,369,92,86,90
972,133,2,72,6,375,54,47,60
973,133,2,73,9,384,87,79,90
974,133,2,74,2,386,29,22,20
975,133,2,75,3,389,38,35,30
976,133,2,76,8,397,84,84,80
977,133,2,77,4,401,39,38,40
978,133,2,78,8,409,84,80,80
979,133,2,79,2,411,27,26,20
980,133,2,80,7,418,58,58,70
981,133,2,81,8,426,75,75,80
982,133,2,82,4,430,41,41,40
983,133,2,83,4,434,43,41,40
984,133,2,84,2,436,32,30,20
985,133,2,85,7,443,86,81,70
986,133,2,86,7,450,80,80,70
987,133,2,87,6,456,57,55,60
988,133,2,88,8,464,85,80,80
989,133,2,89,8,472,80,75,80
990,133,2,90,8,480,87,82,80
991,133,2,91,3,483,27,25,30
992,133,2,92,2,485,26,26,20
993,133,2,93,6,491,59,59,60
994,133,2,94,4,495,40,40,40
995,133,2,95,9,504,80,75,90
996,133,2,96,2,506,22,22,20
997,133,2,97,3,509,28,26,30
998,133,2,98,7,516,71,63,70
999,133,2,99,7,523,90,84,70
1000,133,2,100,4,527,47,47,40
1001,133,2,101,3,530,34,31,30
1002,133,2,102,5,535,54,50,50
1003,133,2,103,7,542,61,60,70
1004,133,2,104,5,547,57,50,50
1005,133,2,105,7,554,65,61,70
1006,133,2,106,3,557,38,38,30
1007,133,2,107,6,563,62,62,60
1008,133,2,108,6,569,85,82,60
1009,133,2,109,9,578,78,78,90
1010,133,2,110,4,582,37,34,40
1011,133,2,111,6,588,73,68,60
1012,133,2,112,8,596,79,74,80
1013,133,2,113,8,604,68,68,80
1014,133,2,114,6,610,50,48,60
1015,133,2,115,9,619,97,92,90
1016,133,2,116,7,626,75,75,70
1017,133,2,117,5,631,59,57,50
1018,133,2,118,6,637,59,59,60
1019,133,2,119,2,639,20,20,20
1020,133,2,120,4,643,40,40,40
1021,133,2,121,9,652,85,78,90
1022,133,2,122,4,656,64,62,40
1023,133,2,123,5,661,64,60,50
1024,133,2,124,6,667,71,71,60
1025,133,2,125,3,670,28,26,30
1026,133,2,126,9,679,88,88,90
1027,133,2,127,3,682,30,29,30
1028,133,2,128,6,688,66,61,60
1029,133,2,129,4,692,44,44,40
1030,133,2,130,3,695,25,22,30
1031,133,2,131,3,698,37,37,30
1032,133,2,132,6,704,65,62,60
1033,133,2,133,4,708,50,45,40
1034,133,2,134,7,715,63,61,70
1035,133,2,135,9,724,91,87,90
1036,133,2,136,6,730,55,55,60
1037,133,2,137,7,737,76,72,70
1038,133,2,138,8,745,93,93,80
1039,133,2,139,6,751,62,57,60
1040,133,2,140,6,757,60,60,60
1041,133,2,141,5,762,51,51,50
1042,133,2,142,6,768,62,62,60
1043,133,2,143,2,770,22,21,20
1044,133,2,144,4,774,44,44,40
1045,133,2,145,2,776,18,18,20
1046,133,2,146,5,781,42,37,50
1047,133,2,147,9,790,97,91,90
1048,133,2,148,5,795,63,59,50
1049,133,2,149,7,802,67,65,70
1050,133,2,150,5,807,54,53,50
1051,133,2,151,3,810,30,30,30
1052,133,2,152,2,812,14,12,20
1053,133,2,153,9,821,96,96,90
1054,133,2,154,7,828,70,66,70
1055,133,2,155,7,835,79,79,70
1056,133,2,156,9,844,91,85,90
1057,133,2,157,7,851,77,77,70
1058,133,2,158,2,853,14,14,20
1059,133,2,159,2,855,17,16,20
1060,133,2,160,9,864,78,70,90
1061,133,2,161,6,870,77,71,60
1062,133,2,162,3,873,40,36,30
1063,133,2,163,4,877,29,29,40
1064,133,2,164,8,885,64,64,80
1065,133,2,165,6,891,65,63,60
1066,133,2,166,6,897,63,63,60
1067,133,2,167,7,904,78,78,70
1068,133,2,168,5,909,46,40,50
1069,133,2,169,2,911,29,26,20
1070,133,2,170,9,920,108,104,90
1071,133,2,171,9,929,91,91,90
1072,133,2,172,9,938,94,94,90
1073,133,2,173,9,947,87,77,90
1074,133,2,174,3,950,35,35,30
1075,133,2,175,4,954,36,33,40
1076,133,2,176,6,960,70,68,60
1077,133,2,177,9,969,86,86,90
1078,133,2,178,3,972,31,28,30
1079,133,2,179,4,976,40,38,40
1080,133,2,180,5,981,55,52,50
1081,133,2,181,7,988,72,72,70
1082,133,2,182,6,994,66,62,60
1083,133,2,183,3,997,34,28,30
1084,133,2,184,7,1004,61,58,70
1085,133,2,185,3,1007,30,29,30
1086,133,2,186,7,1014,73,72,70
1087,133,2,187,2,1016,26,26,20
1088,133,2,188,9,1025,85,79,90
1089,133,2,189,3,1028,35,33,30
1090,133,2,190,3,1031,28,27,30
1091,133,2,191,2,1033,20,18,20
1092,133,2,192,3,1036,31,29,30
1093,133,2,193,7,1043,71,68,70
1094,133,2,194,5,1048,53,48,50
1095,133,2,195,6,1054,61,57,60
1096,133,2,196,6,1060,57,52,60
1097,133,2,197,4,1064,39,36,40
1098,133,2,198,2,1066,27,27,20
1099,133,2,199,3,1069,34,30,30
1100,133,2,200,9,1078,103,103,90
1101,133,2,201,3,1081,37,37,30
1102,133,2,202,9,1090,101,101,90
1103,133,2,203,3,1093,37,37,30
1104,133,2,204,3,1096,36,36,30
1105,133,2,205,3,1099,35,35,30
1106,133,2,206,7,1106,70,67,70
1107,133,2,207,3,1109,30,30,30
1108,133,2,208,4,1113,34,32,40
1109,133,2,209,5,1118,45,41,50
1110,133,2,210,3,1121,42,40,30
1111,133,2,211,6,1127,58,52,60
1112,133,2,212,2,1129,34,34,20
1113,133,2,213,9,1138,101,101,90
1114,133,2,214,5,1143,55,55,50
1115,133,2,215,8,1151,81,81,80
1116,133,2,216,8,1159,63,63,80
1117,133,2,217,6,1165,48,48,60
1118,133,2,218,7,1172,56,52,70
1119,133,2,219,2,1174,25,25,20
1120,133,2,220,2,1176,18,15,20
1121,133,2,221,4,1180,39,39,40
1122,133,2,222,6,1186,79,73,60
1123,133,2,223,8,1194,86,86,80
1124,133,2,224,6,1200,51,51,60
1125,133,2,225,6,1206,72,68,60
1126,133,2,226,6,1212,54,50,60
1127,133,2,227,6,1218,64,64,60
1128,133,2,228,2,1220,21,21,20
1129,133,2,229,5,1225,45,41,50
1130,133,2,230,4,1229,50,50,40
1131,133,2,231,7,1236,58,57,70
1132,133,2,232,9,1245,83,83,90
1133,133,2,233,6,1251,65,62,60
1134,133,2,234,3,1254,27,27,30
1135,133,2,235,7,1261,71,71,70
1136,133,2,236,8,1269,69,64,80
1137,133,2,237,4,1273,49,49,40
1138,133,2,238,8,1281,60,57,80
1139,133,2,239,5,1286,45,41,50
1140,133,2,240,9,1295,106,106,90
1141,133,2,241,9,1304,77,70,90
1142,133,2,242,4,1308,61,60,40
1143,133,2,243,7,1315,59,55,70
1144,133,2,244,2,1317,27,27,20
1145,133,2,245,4,1321,34,31,40
1146,133,2,246,9,1330,93,93,90
1147,133,2,247,5,1335,44,41,50
1148,133,2,248,2,1337,20,20,20
1149,133,2,249,3,1340,30,30,30
1150,133,2,250,2,1342,22,19,20
1151,133,2,251,8,1350,79,79,80
1152,133,2,252,8,1358,78,73,80
1153,133,2,253,4,1362,52,48,40
1154,133,2,254,5,1367,40,40,50
1155,133,2,255,7,1374,51,49,70
1156,133,2,256,8,1382,65,61,80
1157,133,2,257,5,1387,66,62,50
1158,133,2,258,7,1394,74,72,70
1159,133,2,259,5,1399,60,58,50
1160,133,2,260,9,1408,110,101,90
1161,133,2,261,5,1413,59,52,50
1162,133,2,262,2,1415,25,25,20
1163,133,2,263,5,1420,47,47,50
1164,133,2,264,5,1425,48,48,50
1165,133,2,265,8,1433,79,74,80
1166,133,2,266,5,1438,49,48,50
1167,133,2,267,8,1446,62,59,80
1168,133,2,268,7,1453,70,61,70
1169,133,2,269,5,1458,60,56,50
1170,133,2,270,8,1466,114,105,80
1171,133,2,271,9,1475,104,100,90
1172,133,2,272,5,1480,42,38,50
1173,133,2,273,4,1484,37,37,40
1174,133,2,274,7,1491,59,59,70
1175,133,2,275,4,1495,40,37,40
1176,133,2,276,7,1502,63,63,70
1177,133,2,277,9,1511,88,83,90
1178,133,2,278,4,1515,41,37,40
1179,133,2,279,2,1517,17,15,20
1180,133,2,280,9,1526,88,88,90
1181,133,2,281,3,1529,27,26,30
1182,133,2,282,7,1536,85,85,70
1183,133,2,283,8,1544,73,66,80
1184,133,2,284,5,1549,56,52,50
1185,133,2,285,9,1558,93,93,90
1186,133,2,286,4,1562,49,43,40
1187,133,2,287,8,1570,94,89,80
1188,133,2,288,9,1579,90,90,90
1189,133,2,289,5,1584,47,44,50
1190,133,2,290,3,1587,31,29,30
1191,133,2,291,9,1596,92,89,90
1192,133,2,292,5,1601,47,47,50
1193,133,2,293,8,1609,79,75,80
1194,133,2,294,8,1617,81,79,80
1195,133,2,295,6,1623,66,62,60
1196,133,2,296,8,1631,91,88,80
1197,133,2,297,5,1636,64,58,50
1198,133,2,298,7,1643,73,68,70
1199,133,2,299,7,1650,62,62,70
1200,133,2,300,8,1658,79,73,80
1201,133,2,301,8,1666,81,81,80
1202,133,2,302,5,1671,48,43,50
1203,133,2,303,9,1680,108,104,90
1204,133,2,304,3,1683,38,35,30
1205,133,2,305,9,1692,85,80,90
1206,133,2,306,6,1698,61,61,60
1207,133,2,307,4,1702,44,41,40
1208,133,2,308,9,1711,108,108,90
1209,133,2,309,6,1717,57,52,60
1210,133,2,310,3,1720,41,41,30
1211,133,2,311,8,1728,92,87,80
1212,133,2,312,4,1732,45,42,40
1213,133,2,313,9,1741,81,81,90
1214,133,2,314,5,1746,47,47,50
1215,133,2,315,6,1752,62,62,60
1216,133,2,316,9,1761,104,104,90
1217,133,2,317,4,1765,65,65,40
1218,133,2,318,8,1773,74,74,80
1219,133,2,319,6,1779,62,59,60
1220,133,2,320,3,1782,32,31,30
1221,133,2,321,6,1788,58,53,60
1222,133,2,322,6,1794,88,88,60
1223,133,2,323,9,1803,83,83,90
1224,133,2,324,9,1812,95,92,90
1225,133,2,325,3,1815,27,27,30
1226,133,2,326,2,1817,15,14,20
1227,133,2,327,6,1823,68,60,60
1228,133,2,328,4,1827,44,44,40
1229,133,2,329,2,1829,19,19,20
1230,133,2,330,6,1835,61,59,60
1231,133,2,331,2,1837,22,22,20
1232,133,2,332,7,1844,64,64,70
1233,133,2,333,5,1849,55,55,50
1234,133,2,334,6,1855,49,49,60
1235,133,2,335,5,1860,49,49,50
1236,133,2,336,5,1865,59,54,50
1237,133,2,337,5,1870,55,52,50
1238,133,2,338,9,1879,92,86,90
1239,133,2,339,5,1884,46,44,50
1240,133,2,340,5,1889,42,39,50
1241,133,2,341,8,1897,77,73,80
1242,133,2,342,9,1906,91,91,90
1243,133,2,343,9,1915,94,86,90
1244,133,2,344,7,1922,74,74,70
1245,133,2,345,4,1926,38,38,40
1246,133,2,346,3,1929,35,32,30
1247,133,2,347,4,1933,41,37,40
1248,133,2,348,8,1941,72,72,80
1249,133,2,349,9,1950,83,83,90
1250,133,2,350,3,1953,36,36,30
1251,133,2,351,5,1958,36,36,50
1252,133,2,352,9,1967,93,93,90
1253,133,2,353,9,1976,96,90,90
1254,133,2,354,3,1979,36,36,30
1255,133,2,355,4,1983,48,46,40
1256,133,2,356,8,1991,91,82,80
1257,133,2,357,8,1999,110,110,80
1258,133,2,358,6,2005,55,53,60
1259,133,2,359,9,2014,99,93,90
1260,133,2,360,7,2021,62,62,70
1261,133,2,361,6,2027,52,52,60
1262,133,2,362,9,2036,80,74,90
1263,133,2,363,2,2038,28,28,20
1264,133,2,364,2,2040,9,9,20
1265,133,2,365,3,2043,24,24,30
1266,133,2,366,3,2046,24,22,30
1267,133,2,367,9,2055,84,78,90
1268,133,2,368,2,2057,30,30,20
1269,133,2,369,4,2061,40,33,40
1270,133,2,370,7,2068,63,58,70
1271,133,2,371,8,2076,88,81,80
1272,133,2,372,2,2078,26,26,20
1273,133,2,373,3,2081,41,40,30
1274,133,2,374,5,2086,52,50,50
1275,133,2,375,8,2094,92,92,80
1276,133,2,376,8,2102,74,71,80
1277,133,2,377,7,2109,53,50,70
1278,133,2,378,5,2114,55,55,50
1279,133,2,379,9,2123,88,88,90
1280,133,2,380,3,2126,30,29,30
1281,133,2,381,7,2133,61,54,70
1282,133,2,382,4,2137,53,48,40
1283,133,2,383,9,2146,99,93,90
1284,133,2,384,7,2153,80,75,70
1285,133,2,385,8,2161,82,77,80
1286,133,2,386,8,2169,92,85,80
1287,133,2,387,7,2176,86,86,70
1288,133,2,388,9,2185,91,91,90
1289,133,2,389,3,2188,30,29,30
1290,133,2,390,7,2195,58,58,70
1291,133,2,391,3,2198,24,20,30
1292,133,2,392,6,2204,66,66,60
1293,133,2,393,6,2210,68,63,60
1294,133,2,394,7,2217,74,74,70
1295,133,2,395,5,2222,46,44,50
1296,133,2,396,4,2226,38,38,40
1297,133,2,397,6,2232,59,59,60
1298,133,2,398,5,2237,40,38,50
1299,133,2,399,6,2243,59,59,60
1300,133,2,400,2,2245,16,16,20
1301,133,2,401,3,2248,33,32,30
1302,133,2,402,9,2257,100,93,90
1303,133,2,403,9,2266,103,92,90
1304,133,2,404,6,2272,77,77,60
1305,133,2,405,6,2278,44,41,60
1306,133,2,406,8,2286,65,62,80
1307,133,2,407,4,2290,43,43,40
1308,133,2,408,2,2292,19,19,20
1309,133,2,409,7,2299,51,51,70
1310,133,2,410,2,2301,22,18,20
1311,133,2,411,6,2307,85,81,60
1312,133,2,412,8,2315,83,78,80
1313,133,2,413,5,2320,48,42,50
1314,133,2,414,9,2329,92,92,90
1315,133,2,415,6,2335,60,58,60
1316,133,2,416,3,2338,30,29,30
1317,133,2,417,3,2341,40,39,30
1318,133,2,418,3,2344,25,22,30
1319,133,2,419,9,2353,75,68,90
1320,133,2,420,9,2362,105,102,90
1321,133,2,421,5,2367,49,49,50
1322,133,2,422,6,2373,74,74,60
1323,133,2,423,7,2380,66,62,70
1324,133,2,424,9,2389,86,86,90
1325,133,2,425,8,2397,87,86,80
1326,133,2,426,3,2400,28,26,30
1327,133,2,427,9,2409,82,76,90
1328,133,2,428,3,2412,35,35,30
1329,133,2,429,5,2417,55,49,50
1330,133,2,430,2,2419,24,22,20
1331,133,2,431,8,2427,75,72,80
1332,133,2,432,2,2429,20,20,20
1333,133,2,433,3,2432,30,29,30
1334,133,2,434,2,2434,24,22,20
1335,133,2,435,8,2442,81,76,80
1336,133,2,436,5,2447,58,58,50
1337,133,2,437,7,2454,72,72,70
1338,133,2,438,4,2458,40,38,40
1339,133,2,439,9,2467,89,85,90
1340,133,2,440,4,2471,48,48,40
1341,133,2,441,8,2479,90,83,80
1342,133,2,442,7,2486,78,78,70
1343,133,2,443,9,2495,91,86,90
1344,133,2,444,7,2502,82,82,70
1345,133,2,445,6,2508,70,64,60
1346,133,2,446,9,2517,100,100,90
1347,133,2,447,7,2524,74,66,70
1348,133,2,448,7,2531,76,76,70
1349,133,2,449,5,2536,51,48,50
1350,133,2,450,5,2541,50,50,50
1351,133,2,451,2,2543,16,16,20
1352,133,2,452,4,2547,38,38,40
1353,133,2,453,7,2554,59,54,70
1354,133,2,454,4,2558,51,51,40
1355,133,2,455,5,2563,46,44,50
1356,133,2,456,4,2567,42,39,40
1357,133,2,457,4,2571,43,42,40
1358,133,2,458,5,2576,45,42,50
1359,133,2,459,3,2579,35,32,30
1360,133,2,460,7,2586,71,64,70
1361,133,2,461,2,2588,26,24,20
1362,133,2,462,7,2595,81,76,70
1363,133,2,463,6,2601,65,65,60
1364,133,2,464,4,2605,38,36,40
1365,133,2,465,4,2609,39,39,40
1366,133,2,466,5,2614,55,51,50
1367,133,2,467,5,2619,58,58,50
1368,133,2,468,2,2621,15,15,20
1369,133,2,469,4,2625,39,37,40
1370,133,2,470,7,2632,74,70,70
1371,133,2,471,3,2635,49,45,30
1372,133,2,472,7,2642,70,66,70
1373,133,2,473,5,2647,63,63,50
1374,133,2,474,9,2656,91,85,90
1375,133,2,475,9,2665,95,86,90
1376,133,2,476,4,2669,41,41,40
1377,133,2,477,8,2677,75,72,80
1378,133,2,478,4,2681,42,41,40
1379,133,2,479,7,2688,65,65,70
1380,133,2,480,3,2691,35,32,30
1381,133,2,481,3,2694,37,35,30
1382,133,2,482,6,2700,66,60,60
1383,133,2,483,4,2704,40,38,40
1384,133,2,484,4,2708,51,51,40
1385,133,2,485,5,2713,49,46,50
1386,133,2,486,2,2715,21,20,20
1387,133,2,487,6,2721,55,55,60
1388,133,2,488,4,2725,36,33,40
1389,133,2,489,6,2731,70,70,60
1390,133,2,490,5,2736,54,48,50
1391,133,2,491,7,2743,80,76,70
1392,133,2,492,3,2746,32,27,30
1393,133,2,493,5,2751,54,48,50
1394,133,2,494,3,2754,33,33,30
1395,133,2,495,4,2758,45,39,40
1396,133,2,496,2,2760,23,20,20
1397,133,2,497,6,2766,76,73,60
1398,133,2,498,5,2771,65,65,50
1399,133,2,499,6,2777,67,62,60
1400,133,2,500,7,2784,75,69,70
1401,133,2,501,2,2786,20,20,20
1402,133,2,502,8,2794,89,89,80
1403,133,2,503,6,2800,62,58,60
1404,133,2,504,7,2807,60,56,70
1405,133,2,505,4,2811,33,33,40
1406,133,2,506,8,2819,85,80,80
1407,133,2,507,8,2827,99,96,80
1408,133,2,508,9,2836,88,82,90
1409,133,2,509,6,2842,69,66,60
1410,133,2,510,2,2844,23,23,20
1411,133,2,511,9,2853,84,77,90
1412,133,2,512,8,2861,84,84,80
1413,133,2,513,6,2867,53,51,60
1414,133,2,514,9,2876,83,76,90
1415,133,2,515,5,2881,57,51,50
1416,133,2,516,3,2884,31,31,30
1417,133,2,517,9,2893,87,81,90
1418,133,2,518,4,2897,55,55,40
1419,133,2,519,6,2903,61,56,60
1420,133,2,520,7,2910,70,70,70
1421,133,2,521,7,2917,92,86,70
1422,133,2,522,2,2919,25,23,20
1423,133,2,523,4,2923,41,41,40
1424,133,2,524,6,2929,58,54,60
1425,133,2,525,6,2935,61,61,60
1426,133,2,526,9,2944,99,99,90
1427,133,2,527,9,2953,76,71,90
1428,133,2,528,7,2960,85,76,70
1429,133,2,529,5,2965,67,67,50
1430,133,2,530,4,2969,45,43,40
1431,133,2,531,2,2971,26,26,20
1432,133,2,532,6,2977,66,62,60
1433,133,2,533,2,2979,20,20,20
1434,133,2,534,2,2981,10,9,20
1435,133,2,535,5,2986,65,65,50
1436,133,2,536,6,2992,45,42,60
1437,133,2,537,5,2997,63,57,50
1438,133,2,538,2,2999,30,30,20
1439,133,2,539,3,3002,27,26,30
1440,133,2,540,3,3005,25,23,30
1441,133,2,541,2,3007,18,16,20
1442,133,2,542,5,3012,60,60,50
1443,133,2,543,5,3017,55,55,50
1444,133,2,544,3,3020,35,31,30
1445,133,2,545,9,3029,97,92,90
1446,133,2,546,3,3032,38,34,30
1447,133,2,547,7,3039,49,49,70
1448,133,2,548,2,3041,11,9,20
1449,133,2,549,7,3048,77,77,70
1450,133,2,550,9,3057,91,91,90
1451,133,2,551,2,3059,24,24,20
1452,133,2,552,3,3062,35,31,30
1453,133,2,553,5,3067,60,60,50
1454,133,2,554,9,3076,97,97,90
1455,133,2,555,7,3083,52,52,70
1456,133,2,556,7,3090,67,67,70
1457,133,2,557,6,3096,82,82,60
1458,133,2,558,5,3101,48,45,50
1459,133,2,559,9,3110,101,96,90
1460,133,2,560,5,3115,55,55,50
1461,133,2,561,4,3119,44,40,40
1462,133,2,562,9,3128,93,93,90
1463,133,2,563,8,3136,74,74,80
1464,133,2,564,8,3144,64,59,80
1465,133,2,565,9,3153,99,95,90
1466,133,2,566,9,3162,100,100,90
1467,133,2,567,3,3165,30,28,30
1468,133,2,568,7,3172,65,63,70
1469,133,2,569,4,3176,49,47,40
1470,133,2,570,5,3181,40,37,50
1471,133,2,571,3,3184,32,30,30
1472,133,2,572,4,3188,40,37,40
1473,133,2,573,7,3195,88,88,70
1474,133,2,574,2,3197,24,24,20
1475,133,2,575,4,3201,44,39,40
1476,133,2,576,2,3203,23,23,20
1477,133,2,577,5,3208,42,42,50
1478,133,2,578,9,3217,90,82,90
1479,133,2,579,4,3221,56,56,40
1480,133,2,580,9,3230,88,85,90
1481,133,2,581,5,3235,54,50,50
1482,133,2,582,8,3243,101,96,80
1483,133,2,583,6,3249,55,53,60
1484,133,2,584,4,3253,43,39,40
1485,133,2,585,5,3258,50,47,50
1486,133,2,586,9,3267,80,80,90
1487,133,2,587,3,3270,24,22,30
1488,133,2,588,2,3272,21,19,20
1489,133,2,589,9,3281,97,89,90
1490,133,2,590,2,3283,35,32,20
1491,133,2,591,2,3285,21,21,20
1492,133,2,592,4,3289,40,40,40
1493,133,2,593,6,3295,63,63,60
1494,133,2,594,9,3304,93,93,90
1495,133,2,595,7,3311,65,58,70
1496,133,2,596,8,3319,103,97,80
1497,133,2,597,4,3323,50,50,40
1498,133,2,598,9,3332,106,101,90
1499,133,2,599,2,3334,22,22,20
1500,133,2,600,8,3342,87,87,80
1501,133,2,601,9,3351,107,107,90
1502,133,2,602,5,3356,48,45,50
1503,133,2,603,6,3362,44,41,60
1504,133,2,604,7,3369,66,64,70
1505,133,2,605,4,3373,57,57,40
1506,133,2,606,5,3378,57,57,50
1507,133,2,607,7,3385,73,73,70
1508,133,2,608,8,3393,63,60,80
1509,133,2,609,2,3395,24,24,20
1510,133,2,610,8,3403,83,77,80
1511,133,2,611,8,3411,81,77,80
1512,133,2,612,5,3416,60,55,50
1513,133,2,613,7,3423,73,73,70
1514,133,2,614,9,3432,82,78,90
1515,133,2,615,5,3437,59,54,50
1516,133,2,616,7,3444,72,66,70
1517,133,2,617,6,3450,66,66,60
1518,133,2,618,7,3457,69,66,70
1519,133,2,619,2,3459,29,26,20
1520,133,2,620,6,3465,67,65,60
1521,133,2,621,4,3469,39,35,40
1522,133,2,622,7,3476,82,82,70
1523,133,2,623,9,3485,93,84,90
1524,133,2,624,8,3493,76,72,80
1525,133,2,625,2,3495,27,27,20
1526,133,2,626,5,3500,52,51,50
1527,133,2,627,5,3505,53,53,50
1528,133,2,628,4,3509,41,39,40
1529,133,2,629,8,3517,77,77,80
1530,133,2,630,4,3521,51,45,40
1531,133,2,631,6,3527,59,55,60
1532,133,2,632,4,3531,48,46,40
1533,133,2,633,4,3535,46,46,40
1534,133,2,634,6,3541,62,58,60
1535,133,2,635,4,3545,50,50,40
1536,133,2,636,7,3552,70,64,70
1537,133,2,637,8,3560,89,82,80
1538,133,2,638,4,3564,49,46,40
1539,133,2,639,6,3570,64,64,60
1540,133,2,640,3,3573,37,37,30
1541,133,2,641,3,3576,30,30,30
1542,133,2,642,6,3582,58,56,60
1543,133,2,643,2,3584,26,22,20
1544,133,2,644,5,3589,58,55,50
1545,133,2,645,2,3591,23,23,20
1546,133,2,646,7,3598,64,60,70
1547,133,2,647,3,3601,38,36,30
1548,133,2,648,4,3605,39,39,40
1549,133,2,649,4,3609,37,35,40
1550,133,2,650,3,3612,25,23,30
1551,133,2,651,4,3616,40,38,40
1552,133,2,652,7,3623,65,61,70
1553,133,2,653,6,3629,61,57,60
1554,133,2,654,6,3635,69,69,60
1555,133,2,655,6,3641,66,61,60
1556,133,2,656,9,3650,84,76,90
1557,133,2,657,9,3659,103,103,90
1558,133,2,658,6,3665,59,54,60
1559,133,2,659,9,3674,102,93,90
1560,133,2,660,7,3681,68,64,70
1561,133,2,661,6,3687,54,50,60
1562,133,2,662,9,3696,90,90,90
1563,133,2,663,2,3698,23,21,20
1564,133,2,664,8,3706,79,78,80
1565,133,2,665,3,3709,30,28,30
1566,133,2,666,6,3715,66,64,60
1567,133,2,667,2,3717,19,19,20
1568,133,2,668,6,3723,55,55,60
1569,133,2,669,6,3729,54,51,60
1570,133,2,670,6,3735,64,61,60
1571,133,2,671,8,3743,99,92,80
1572,133,2,672,8,3751,82,82,80
1573,133,2,673,3,3754,31,31,30
1574,133,2,674,8,3762,79,79,80
1575,133,2,675,6,3768,81,76,60
1576,133,2,676,6,3774,62,57,60
1577,133,2,677,5,3779,63,60,50
1578,133,2,678,8,3787,94,94,80
1579,133,2,679,4,3791,32,32,40
1580,133,2,680,2,3793,19,18,20
1581,133,2,681,7,3800,59,55,70
1582,133,2,682,3,3803,22,21,30
1583,133,2,683,2,3805,23,22,20
1584,133,2,684,5,3810,45,43,50
1585,133,2,685,8,3818,98,98,80
1586,133,2,686,9,3827,82,75,90
1587,133,2,687,9,3836,95,88,90
1588,133,2,688,3,3839,34,31,30
1589,133,2,689,9,3848,107,107,90
1590,133,2,690,7,3855,65,61,70
1591,133,2,691,6,3861,57,54,60
1592,133,2,692,6,3867,61,56,60
1593,133,2,693,8,3875,88,88,80
1594,133,2,694,7,3882,67,63,70
1595,133,2,695,3,3885,35,35,30
1596,133,2,696,9,3894,104,100,90
1597,133,2,697,4,3898,44,42,40
1598,133,2,698,8,3906,73,62,80
1599,133,2,699,3,3909,43,43,30
1600,133,2,700,6,3915,61,56,60
1601,133,2,701,3,3918,34,32,30
1602,133,2,702,8,3926,83,81,80
1603,133,2,703,3,3929,35,33,30
1604,133,2,704,7,3936,64,60,70
1605,133,2,705,2,3938,23,21,20
1606,133,2,706,2,3940,17,16,20
1607,133,2,707,6,3946,65,65,60
1608,133,2,708,5,3951,55,52,50
1609,133,2,709,8,3959,86,86,80
1610,133,2,710,6,3965,68,65,60
1611,133,2,711,4,3969,40,36,40
1612,133,2,712,6,3975,70,70,60
1613,133,2,713,8,3983,90,83,80
1614,133,2,714,7,3990,69,64,70
1615,133,2,715,5,3995,67,64,50
1616,133,2,716,3,3998,29,26,30
1617,133,2,717,4,4002,46,43,40
1618,133,2,718,2,4004,22,21,20
1619,133,2,719,3,4007,33,30,30
1620,133,2,720,6,4013,62,58,60
1621,133,2,721,9,4022,92,85,90
1622,133,2,722,4,4026,43,40,40
1623,133,2,723,4,4030,45,45,40
1624,133,2,724,5,4035,64,61,50
1625,133,2,725,9,4044,76,76,90
1626,133,2,726,8,4052,89,80,80
1627,133,2,727,8,4060,94,90,80
1628,133,2,728,3,4063,24,24,30
1629,133,2,729,5,4068,44,41,50
1630,133,2,730,5,4073,51,51,50
1631,133,2,731,2,4075,17,16,20
1632,133,2,732,7,4082,70,65,70
1633,133,2,733,9,4091,116,116,90
1634,133,2,734,3,4094,15,15,30
1635,133,2,735,5,4099,47,46,50
1636,133,2,736,6,4105,62,62,60
1637,133,2,737,4,4109,51,47,40
1638,133,2,738,5,4114,51,49,50
1639,133,2,739,6,4120,62,59,60
1640,133,2,740,7,4127,87,81,70
1641,133,2,741,3,4130,32,32,30
1642,133,2,742,8,4138,75,69,80
1643,133,2,743,7,4145,78,69,70
1644,133,2,744,5,4150,84,80,50
1645,133,2,745,2,4152,22,19,20
1646,133,2,746,9,4161,91,85,90
1647,133,2,747,2,4163,28,25,20
1648,133,2,748,6,4169,69,65,60
1649,133,2,749,2,4171,21,21,20
1650,133,2,750,5,4176,44,43,50
1651,133,2,751,5,4181,52,50,50
1652,133,2,752,3,4184,38,35,30
1653,133,2,753,3,4187,34,34,30
1654,133,2,754,4,4191,32,32,40
1655,133,2,755,9,4200,88,88,90
1656,133,2,756,2,4202,23,21,20
1657,133,2,757,8,4210,71,71,80
1658,133,2,758,6,4216,61,61,60
1659,133,2,759,8,4224,66,66,80
1660,133,2,760,8,4232,68,65,80
1661,133,2,761,4,4236,51,51,40
1662,133,2,762,7,4243,62,62,70
1663,133,2,763,7,4250,68,62,70
1664,133,2,764,7,4257,86,78,70
1665,133,2,765,9,4266,105,100,90
1666,133,2,766,9,4275,100,94,90
1667,133,2,767,9,4284,98,91,90
1668,133,2,768,4,4288,44,44,40
1669,133,2,769,6,4294,55,51,60
1670,133,2,770,5,4299,42,38,50
1671,133,2,771,8,4307,99,99,80
1672,133,2,772,2,4309,21,17,20
1673,133,2,773,7,4316,75,70,70
1674,133,2,774,4,4320,49,49,40
1675,133,2,775,9,4329,99,92,90
1676,133,2,776,6,4335,72,68,60
1677,133,2,777,4,4339,38,36,40
1678,133,2,778,9,4348,94,88,90
1679,133,2,779,2,4350,18,18,20
1680,133,2,780,3,4353,34,34,30
1681,133,2,781,5,4358,55,48,50
1682,133,2,782,9,4367,99,99,90
1683,133,2,783,7,4374,63,63,70
1684,133,2,784,5,4379,59,59,50
1685,133,2,785,5,4384,41,41,50
1686,133,2,786,3,4387,27,25,30
1687,133,2,787,7,4394,81,81,70
1688,133,2,788,4,4398,39,39,40
1689,133,2,789,7,4405,87,82,70
1690,133,2,790,9,4414,81,81,90
1691,133,2,791,8,4422,78,78,80
1692,133,2,792,6,4428,45,40,60
1693,133,2,793,8,4436,97,89,80
1694,133,2,794,8,4444,87,87,80
1695,133,2,795,9,4453,88,88,90
1696,133,2,796,8,4461,91,91,80
1697,133,2,797,5,4466,44,44,50
1698,133,2,798,3,4469,32,28,30
1699,133,2,799,7,4476,78,78,70
1700,133,2,800,8,4484,72,67,80
1701,133,2,801,5,4489,67,65,50
1702,133,2,802,4,4493,40,37,40
1703,133,2,803,6,4499,63,63,60
1704,133,2,804,9,4508,96,96,90
1705,133,2,805,5,4513,52,50,50
1706,133,2,806,2,4515,19,18,20
1707,133,2,807,4,4519,41,38,40
1708,133,2,808,9,4528,91,83,90
1709,133,2,809,9,4537,97,97,90
1710,133,2,810,8,4545,77,77,80
1711,133,2,811,3,4548,23,23,30
1712,133,2,812,9,4557,92,84,90
1713,133,2,813,7,4564,91,80,70
1714,133,2,814,6,4570,65,65,60
1715,133,2,815,6,4576,64,60,60
1716,133,2,816,6,4582,56,50,60
1717,133,2,817,3,4585,32,32,30
1718,133,2,818,8,4593,70,70,80
1719,133,2,819,2,4595,20,20,20
1720,133,2,820,3,4598,18,16,30
1721,133,2,821,4,4602,41,39,40
1722,133,2,822,2,4604,26,25,20
1723,133,2,823,8,4612,78,78,80
1724,133,2,824,4,4616,34,34,40
1725,133,2,825,9,4625,103,103,90
1726,133,2,826,9,4634,88,85,90
1727,133,2,827,6,4640,62,62,60
1728,133,2,828,6,4646,74,70,60
1729,133,2,829,4,4650,42,35,40
1730,133,2,830,9,4659,105,99,90
1731,133,2,831,6,4665,68,68,60
1732,133,2,832,7,4672,74,66,70
1733,133,2,833,8,4680,81,76,80
1734,133,2,834,6,4686,75,71,60
1735,133,2,835,8,4694,84,77,80
1736,133,2,836,6,4700,63,59,60
1737,133,2,837,6,4706,59,59,60
1738,133,2,838,8,4714,87,87,80
1739,133,2,839,2,4716,22,21,20
1740,133,2,840,3,4719,31,29,30
1741,133,2,841,9,4728,86,86,90
1742,133,2,842,9,4737,85,85,90
1743,133,2,843,3,4740,31,29,30
1744,133,2,844,2,4742,29,28,20
1745,133,2,845,6,4748,65,65,60
1746,133,2,846,3,4751,23,23,30
1747,133,2,847,5,4756,58,55,50
1748,133,2,848,8,4764,85,75,80
1749,133,2,849,6,4770,65,61,60
1750,133,2,850,2,4772,30,29,20
1751,133,2,851,3,4775,30,28,30
1752,133,2,852,5,4780,37,35,50
1753,133,2,853,5,4785,63,57,50
1754,133,2,854,5,4790,49,48,50
1755,133,2,855,3,4793,38,38,30
1756,133,2,856,7,4800,68,68,70
1757,133,2,857,2,4802,19,18,20
1758,133,2,858,6,4808,66,62,60
1759,133,2,859,7,4815,62,58,70
1760,133,2,860,6,4821,56,50,60
1761,133,2,861,4,4825,49,49,40
1762,133,2,862,8,4833,72,72,80
1763,133,2,863,9,4842,80,80,90
1764,133,2,864,9,4851,71,64,90
1765,133,2,865,6,4857,71,71,60
1766,133,2,866,6,4863,75,70,60
1767,133,2,867,6,4869,63,57,60
1768,133,2,868,9,4878,92,89,90
1769,133,2,869,8,4886,78,71,80
1770,133,2,870,2,4888,34,31,20
1771,133,2,871,3,4891,28,27,30
1772,133,2,872,9,4900,86,81,90
1773,133,2,873,3,4903,35,31,30
1774,133,2,874,7,4910,82,80,70
1775,133,2,875,2,4912,25,23,20
1776,133,2,876,3,4915,35,32,30
1777,133,2,877,9,4924,91,91,90
1778,133,2,878,9,4933,97,92,90
1779,133,2,879,7,4940,63,59,70
1780,133,2,880,6,4946,71,67,60
1781,133,2,881,6,4952,52,50,60
1782,133,2,882,6,4958,79,71,60
1783,133,2,883,5,4963,45,41,50
1784,133,2,884,8,4971,94,94,80
1785,133,2,885,6,4977,48,48,60
1786,133,2,886,8,4985,91,85,80
1787,133,2,887,7,4992,91,85,70
1788,133,2,888,3,4995,45,43,30
1789,133,2,889,2,4997,23,21,20
1790,133,3,1,6,6,55,48,60
1791,133,3,2,3,9,35,35,30
1792,133,3,3,9,18,87,81,90
1793,133,3,4,3,21,31,31,30
1794,133,3,5,8,29,80,75,80
1795,133,3,6,6,35,74,68,60
1796,133,3,7,4,39,49,46,40
1797,133,3,8,6,45,73,73,60
1798,133,3,9,6,51,73,67,60
1799,133,3,10,8,59,103,103,80
1800,133,3,11,2,61,24,20,20
1801,133,3,12,2,63,19,16,20
1802,133,3,13,6,69,56,53,60
1803,133,3,14,9,78,101,94,90
1804,133,3,15,2,80,31,31,20
1805,133,3,16,5,85,43,41,50
1806,133,3,17,6,91,66,64,60
1807,133,3,18,7,98,81,81,70
1808,133,3,19,4,102,45,45,40
1809,133,3,20,2,104,17,17,20
1810,133,3,21,9,113,98,98,90
1811,133,3,22,5,118,44,44,50
1812,133,3,23,2,120,11,10,20
1813,133,3,24,7,127,75,75,70
1814,133,3,25,9,136,100,95,90
1815,133,3,26,2,138,29,29,20
1816,133,3,27,6,144,54,51,60
1817,133,3,28,7,151,74,74,70
1818,133,3,29,5,156,59,59,50
1819,133,3,30,2,158,23,23,20
1820,133,3,31,9,167,107,107,90
1821,133,3,32,5,172,45,43,50
1822,133,3,33,3,175,35,32,30
1823,133,3,34,7,182,83,77,70
1824,133,3,35,9,191,96,96,90
1825,133,3,36,2,193,18,15,20
1826,133,3,37,2,195,20,17,20
1827,133,3,38,8,203,83,80,80
1828,133,3,39,2,205,32,30,20
1829,133,3,40,2,207,28,28,20
1830,133,3,41,4,211,34,33,40
1831,133,3,42,9,220,86,86,90
1832,133,3,43,8,228,72,72,80
1833,133,3,44,2,230,23,22,20
1834,133,3,45,4,234,35,30,40
1835,133,3,46,5,239,42,35,50
1836,133,3,47,8,247,92,92,80
1837,133,3,48,3,250,36,35,30
1838,133,3,49,3,253,31,31,30
1839,133,3,50,6,259,60,56,60
1840,133,3,51,3,262,45,45,30
1841,133,3,52,6,268,50,47,60
1842,133,3,53,8,276,78,73,80
1843,133,3,54,4,280,50,44,40
1844,133,3,55,3,283,35,35,30
1845,133,3,56,9,292,100,93,90
1846,133,3,57,6,298,78,78,60
1847,133,3,58,8,306,81,73,80
1848,133,3,59,8,314,80,80,80
1849,133,3,60,7,321,74,74,70
1850,133,3,61,8,329,83,80,80
1851,133,3,62,6,335,56,56,60
1852,133,3,63,9,344,91,89,90
1853,133,3,64,3,347,31,31,30
1854,133,3,65,2,349,26,24,20
1855,133,3,66,7,356,69,69,70
1856,133,3,67,4,360,35,31,40
1857,133,3,68,5,365,66,62,50
1858,133,3,69,4,369,56,52,40
1859,133,3,70,2,371,22,22,20
1860,133,3,71,8,379,70,64,80
1861,133,3,72,7,386,87,82,70
1862,133,3,73,2,388,24,21,20
1863,133,3,74,5,393,41,39,50
1864,133,3,75,6,399,67,67,60
1865,133,3,76,6,405,64,59,60
1866,133,3,77,6,411,62,62,60
1867,133,3,78,9,420,84,78,90
1868,133,3,79,3,423,40,40,30
1869,133,3,80,4,427,37,32,40
1870,133,3,81,8,435,91,91,80
1871,133,3,82,3,438,33,30,30
1872,133,3,83,7,445,78,78,70
1873,133,3,84,8,453,72,72,80
1874,133,3,85,8,461,72,72,80
1875,133,3,86,5,466,50,47,50
1876,133,3,87,2,468,20,18,20
1877,133,3,88,6,474,69,69,60
1878,133,3,89,7,481,63,53,70
1879,133,3,90,5,486,67,67,50
1880,133,3,91,3,489,34,34,30
1881,133,3,92,5,494,44,42,50
1882,133,3,93,5,499,60,56,50
1883,133,3,94,4,503,39,37,40
1884,133,3,95,6,509,48,46,60
1885,133,3,96,6,515,57,57,60
1886,133,3,97,4,519,39,39,40
1887,133,3,98,4,523,41,39,40
1888,133,3,99,8,531,80,80,80
1889,133,3,100,2,533,13,12,20
1890,133,3,101,9,542,76,69,90
1891,133,3,102,8,550,82,82,80
1892,133,3,103,5,555,46,41,50
1893,133,3,104,4,559,51,48,40
1894,133,3,105,3,562,45,45,30
1895,133,3,106,7,569,75,75,70
1896,133,3,107,4,573,45,45,40
1897,133,3,108,6,579,70,61,60
1898,133,3,109,8,587,93,93,80
1899,133,3,110,2,589,12,11,20
1900,133,3,111,9,598,94,90,90
1901,133,3,112,9,607,103,99,90
1902,133,3,113,3,610,24,24,30
1903,133,3,114,8,618,73,71,80
1904,133,3,115,6,624,66,61,60
1905,133,3,116,7,631,67,61,70
1906,133,3,117,2,633,27,27,20
1907,133,3,118,9,642,94,92,90
1908,133,3,119,6,648,67,67,60
1909,133,3,120,7,655,65,62,70
1910,133,3,121,5,660,58,53,50
1911,133,3,122,6,666,63,61,60
1912,133,3,123,6,672,56,52,60
1913,133,3,124,9,681,85,79,90
1914,133,3,125,5,686,67,60,50
1915,133,3,126,5,691,71,71,50
1916,133,3,127,7,698,74,74,70
1917,133,3,128,8,706,65,65,80
1918,133,3,129,9,715,113,109,90
1919,133,3,130,8,723,81,75,80
1920,133,3,131,3,726,39,35,30
1921,133,3,132,5,731,41,38,50
1922,133,3,133,2,733,22,17,20
1923,133,3,134,3,736,46,44,30
1924,133,3,135,7,743,71,71,70
1925,133,3,136,6,749,52,52,60
1926,133,3,137,6,755,54,51,60
1927,133,3,138,6,761,56,51,60
1928,133,3,139,5,766,49,49,50
1929,133,3,140,9,775,93,84,90
1930,133,3,141,5,780,51,51,50
1931,133,3,142,2,782,20,18,20
1932,133,3,143,7,789,80,74,70
1933,133,3,144,7,796,71,69,70
1934,133,3,145,9,805,108,105,90
1935,133,3,146,9,814,101,97,90
1936,133,3,147,2,816,36,36,20
1937,133,3,148,8,824,86,79,80
1938,133,3,149,9,833,88,83,90
1939,133,3,150,8,841,86,82,80
1940,133,3,151,9,850,105,98,90
1941,133,3,152,3,853,40,35,30
1942,133,3,153,8,861,95,95,80
1943,133,3,154,6,867,65,62,60
1944,133,3,155,2,869,22,19,20
1945,133,3,156,7,876,66,61,70
1946,133,3,157,3,879,37,33,30
1947,133,3,158,8,887,86,82,80
1948,133,3,159,6,893,62,62,60
1949,133,3,160,9,902,94,94,90
1950,133,3,161,5,907,42,40,50
1951,133,3,162,9,916,108,108,90
1952,133,3,163,4,920,52,48,40
1953,133,3,164,2,922,21,21,20
1954,133,3,165,2,924,21,21,20
1955,133,3,166,2,926,14,13,20
1956,133,3,167,4,930,48,43,40
1957,133,3,168,9,939,103,103,90
1958,133,3,169,9,948,109,104,90
1959,133,3,170,4,952,45,42,40
1960,133,3,171,7,959,78,73,70
1961,133,3,172,3,962,29,26,30
1962,133,3,173,7,969,88,85,70
1963,133,3,174,5,974,45,43,50
1964,133,3,175,6,980,77,75,60
1965,133,3,176,8,988,74,70,80
1966,133,3,177,7,995,63,63,70
1967,133,3,178,7,1002,64,57,70
1968,133,3,179,9,1011,102,96,90
1969,133,3,180,7,1018,79,79,70
1970,133,3,181,4,1022,44,44,40
1971,133,3,182,2,1024,17,15,20
1972,133,3,183,9,1033,84,81,90
1973,133,3,184,5,1038,51,47,50
1974,133,3,185,4,1042,40,38,40
1975,133,3,186,3,1045,36,32,30
1976,133,3,187,8,1053,96,95,80
1977,133,3,188,9,1062,94,89,90
1978,133,3,189,7,1069,76,76,70
1979,133,3,190,2,1071,18,16,20
1980,133,3,191,4,1075,46,44,40
1981,133,3,192,7,1082,74,69,70
1982,133,3,193,6,1088,54,50,60
1983,133,3,194,4,1092,54,54,40
1984,133,3,195,4,1096,28,28,40
1985,133,3,196,5,1101,47,43,50
1986,133,3,197,4,1105,38,37,40
1987,133,3,198,8,1113,78,73,80
1988,133,3,199,7,1120,85,85,70
1989,133,3,200,7,1127,82,82,70
1990,133,3,201,5,1132,54,54,50
1991,133,3,202,9,1141,87,87,90
1992,133,3,203,3,1144,35,33,30
1993,133,3,204,2,1146,28,25,20
1994,133,3,205,7,1153,78,74,70
1995,133,3,206,9,1162,102,96,90
1996,133,3,207,4,1166,56,56,40
1997,133,3,208,8,1174,82,82,80
1998,133,3,209,9,1183,95,95,90
1999,133,3,210,4,1187,38,38,40
2000,133,3,211,5,1192,50,49,50
2001,133,3,212,9,1201,84,80,90
2002,133,3,213,7,1208,78,72,70
2003,133,3,214,8,1216,89,86,80
2004,133,3,215,2,1218,24,21,20
2005,133,3,216,3,1221,34,32,30
2006,133,3,217,9,1230,102,98,90
2007,133,3,218,8,1238,79,78,80
2008,133,3,219,2,1240,21,19,20
2009,133,3,220,9,1249,108,97,90
2010,133,3,221,8,1257,79,74,80
2011,133,3,222,7,1264,62,50,70
2012,133,3,223,8,1272,86,86,80
2013,133,3,224,6,1278,57,52,60
2014,133,3,225,4,1282,52,49,40
2015,133,3,226,9,1291,98,92,90
2016,133,3,227,9,1300,103,103,90
2017,133,3,228,5,1305,55,55,50
2018,133,3,229,4,1309,40,40,40
2019,133,3,230,9,1318,106,100,90
2020,133,3,231,8,1326,90,80,80
2021,133,3,232,2,1328,37,37,20
2022,133,3,233,3,1331,29,27,30
2023,133,3,234,5,1336,49,46,50
2024,133,3,235,7,1343,70,64,70
2025,133,3,236,8,1351,70,69,80
2026,133,3,237,6,1357,50,48,60
2027,133,3,238,2,1359,24,24,20
2028,133,3,239,9,1368,83,76,90
2029,133,3,240,4,1372,45,44,40
2030,133,3,241,2,1374,14,14,20
2031,133,3,242,4,1378,41,39,40
2032,133,3,243,9,1387,96,90,90
2033,133,3,244,7,1394,68,64,70
2034,133,3,245,3,1397,33,33,30
2035,133,3,246,5,1402,57,57,50
2036,133,3,247,2,1404,21,20,20
2037,133,3,248,3,1407,23,23,30
2038,133,3,249,3,1410,31,29,30
2039,133,3,250,2,1412,18,18,20
2040,133,3,251,2,1414,16,13,20
2041,133,3,252,9,1423,94,86,90
2042,133,3,253,8,1431,94,94,80
2043,133,3,254,7,1438,64,62,70
2044,133,3,255,6,1444,71,66,60
2045,133,3,256,3,1447,39,39,30
2046,133,3,257,2,1449,18,17,20
2047,133,3,258,3,1452,31,31,30
2048,133,3,259,3,1455,31,27,30
2049,133,3,260,5,1460,54,54,50
2050,133,3,261,8,1468,83,83,80
2051,133,3,262,5,1473,47,47,50
2052,133,3,263,3,1476,30,30,30
2053,133,3,264,2,1478,22,22,20
2054,133,3,265,8,1486,68,64,80
2055,133,3,266,2,1488,26,25,20
2056,133,3,267,6,1494,64,64,60
2057,133,3,268,7,1501,57,52,70
2058,133,3,269,7,1508,72,64,70
2059,133,3,270,9,1517,90,86,90
2060,133,3,271,3,1520,31,31,30
2061,133,3,272,2,1522,22,19,20
2062,133,3,273,3,1525,28,28,30
2063,133,3,274,8,1533,78,72,80
2064,133,3,275,8,1541,88,88,80
2065,133,3,276,8,1549,82,82,80
2066,133,3,277,2,1551,21,19,20
2067,133,3,278,6,1557,64,59,60
2068,133,3,279,9,1566,97,94,90
2069,133,3,280,3,1569,27,26,30
2070,133,3,281,5,1574,51,49,50
2071,133,3,282,4,1578,52,49,40
2072,133,3,283,4,1582,46,43,40
2073,133,3,284,9,1591,83,79,90
2074,133,3,285,3,1594,29,26,30
2075,133,3,286,6,1600,59,55,60
2076,133,3,287,4,1604,47,47,40
2077,133,3,288,3,1607,22,22,30
2078,133,3,289,6,1613,74,70,60
2079,133,3,290,8,1621,82,76,80
2080,133,3,291,5,1626,50,50,50
2081,133,3,292,8,1634,65,65,80
2082,133,3,293,7,1641,62,62,70
2083,133,3,294,8,1649,83,80,80
2084,133,3,295,5,1654,55,51,50
2085,133,3,296,8,1662,82,82,80
2086,133,3,297,7,1669,61,61,70
2087,133,3,298,8,1677,71,68,80
2088,133,3,299,9,1686,98,90,90
2089,133,3,300,7,1693,73,70,70
2090,133,3,301,8,1701,77,76,80
2091,133,3,302,7,1708,79,71,70
2092,133,3,303,7,1715,98,92,70
2093,133,3,304,9,1724,104,95,90
2094,133,3,305,8,1732,81,77,80
2095,133,3,306,3,1735,39,39,30
2096,133,3,307,2,1737,17,16,20
2097,133,3,308,4,1741,48,48,40
2098,133,3,309,7,1748,68,68,70
2099,133,3,310,8,1756,75,70,80
2100,133,3,311,7,1763,76,70,70
2101,133,3,312,5,1768,51,50,50
2102,133,3,313,3,1771,35,31,30
2103,133,3,314,6,1777,56,51,60
2104,133,3,315,9,1786,73,70,90
2105,133,3,316,8,1794,70,64,80
2106,133,3,317,6,1800,81,81,60
2107,133,3,318,8,1808,82,82,80
2108,133,3,319,2,1810,21,19,20
2109,133,3,320,6,1816,69,63,60
2110,133,3,321,4,1820,50,48,40
2111,133,3,322,4,1824,50,50,40
2112,133,3,323,6,1830,63,60,60
2113,133,3,324,8,1838,75,75,80
2114,133,3,325,8,1846,81,75,80
2115,133,3,326,3,1849,33,33,30
2116,133,3,327,9,1858,90,90,90
2117,133,3,328,5,1863,53,51,50
2118,133,3,329,2,1865,20,19,20
2119,133,3,330,9,1874,103,99,90
2120,133,3,331,7,1881,84,79,70
2121,133,3,332,7,1888,79,69,70
2122,133,3,333,8,1896,79,76,80
2123,133,3,334,4,1900,39,36,40
2124,133,3,335,8,1908,71,64,80
2125,133,3,336,6,1914,70,70,60
2126,133,3,337,6,1920,64,64,60
2127,133,3,338,4,1924,39,35,40
2128,133,3,339,4,1928,38,34,40
2129,133,3,340,8,1936,87,84,80
2130,133,3,341,2,1938,30,30,20
2131,133,3,342,4,1942,51,47,40
2132,133,3,343,4,1946,42,42,40
2133,133,3,344,3,1949,36,33,30
2134,133,3,345,7,1956,74,68,70
2135,133,3,346,2,1958,26,23,20
2136,133,3,347,4,1962,50,50,40
2137,133,3,348,6,1968,58,56,60
2138,133,3,349,9,1977,96,96,90
2139,133,3,350,2,1979,17,16,20
2140,133,3,351,7,1986,72,72,70
2141,133,3,352,9,1995,91,91,90
2142,133,3,353,6,2001,54,54,60
2143,133,3,354,9,2010,103,98,90
2144,133,3,355,9,2019,89,89,90
2145,133,3,356,3,2022,37,34,30
2146,133,3,357,6,2028,57,57,60
2147,133,3,358,4,2032,44,44,40
2148,133,3,359,7,2039,75,75,70
2149,133,3,360,7,2046,77,70,70
2150,133,3,361,7,2053,77,77,70
2151,133,3,362,7,2060,67,63,70
2152,133,3,363,2,2062,20,17,20
2153,133,3,364,9,2071,105,102,90
2154,133,3,365,3,2074,33,27,30
2155,133,3,366,9,2083,105,99,90
2156,133,3,367,9,2092,94,88,90
2157,133,3,368,7,2099,69,69,70
2158,133,3,369,9,2108,94,85,90
2159,133,3,370,2,2110,31,29,20
2160,133,3,371,5,2115,66,60,50
2161,133,3,372,4,2119,48,48,40
2162,133,3,373,5,2124,45,42,50
2163,133,3,374,8,2132,70,70,80
2164,133,3,375,4,2136,47,47,40
2165,133,3,376,7,2143,80,75,70
2166,133,3,377,6,2149,65,61,60
2167,133,3,378,8,2157,90,83,80
2168,133,3,379,4,2161,57,55,40
2169,133,3,380,6,2167,59,59,60
2170,133,3,381,3,2170,31,29,30
2171,133,3,382,7,2177,76,76,70
2172,133,3,383,9,2186,99,99,90
2173,133,3,384,8,2194,74,70,80
2174,133,3,385,5,2199,50,50,50
2175,133,3,386,9,2208,98,93,90
2176,133,3,387,4,2212,46,40,40
2177,133,3,388,5,2217,61,56,50
2178,133,3,389,7,2224,78,78,70
2179,133,3,390,3,2227,26,26,30
2180,133,3,391,6,2233,65,65,60
2181,133,3,392,3,2236,32,32,30
2182,133,3,393,7,2243,58,54,70
2183,133,3,394,9,2252,88,79,90
2184,133,3,395,8,2260,93,93,80
2185,133,3,396,4,2264,37,35,40
2186,133,3,397,6,2270,72,72,60
2187,133,3,398,9,2279,76,76,90
2188,133,3,399,5,2284,60,56,50
2189,133,3,400,2,2286,27,27,20
2190,133,3,401,9,2295,90,82,90
2191,133,3,402,3,2298,40,37,30
2192,133,3,403,3,2301,29,29,30
2193,133,3,404,4,2305,34,34,40
2194,133,3,405,2,2307,11,11,20
2195,133,3,406,6,2313,66,60,60
2196,133,3,407,2,2315,26,23,20
2197,133,3,408,8,2323,92,92,80
2198,133,3,409,8,2331,76,74,80
2199,133,3,410,5,2336,70,70,50
2200,133,3,411,3,2339,31,29,30
2201,133,3,412,6,2345,81,77,60
2202,133,3,413,6,2351,71,67,60
2203,133,3,414,5,2356,46,41,50
2204,133,3,415,6,2362,68,66,60
2205,133,3,416,4,2366,50,47,40
2206,133,3,417,4,2370,45,43,40
2207,133,3,418,3,2373,34,27,30
2208,133,3,419,8,2381,85,82,80
2209,133,3,420,3,2384,31,29,30
2210,133,3,421,5,2389,69,69,50
2211,133,3,422,5,2394,53,49,50
2212,133,3,423,9,2403,106,101,90
2213,133,3,424,5,2408,54,54,50
2214,133,3,425,5,2413,59,55,50
2215,133,3,426,4,2417,45,45,40
2216,133,3,427,6,2423,62,57,60
2217,133,3,428,6,2429,65,65,60
2218,133,3,429,9,2438,94,94,90
2219,133,3,430,4,2442,38,36,40
2220,133,3,431,6,2448,78,78,60
2221,133,3,432,7,2455,55,52,70
2222,133,3,433,5,2460,47,47,50
2223,133,3,434,8,2468,91,87,80
2224,133,3,435,3,2471,30,24,30
2225,133,3,436,9,2480,101,95,90
2226,133,3,437,5,2485,52,50,50
2227,133,3,438,6,2491,66,61,60
2228,133,3,439,3,2494,33,29,30
2229,133,3,440,5,2499,73,69,50
2230,133,3,441,3,2502,31,29,30
2231,133,3,442,6,2508,67,67,60
2232,133,3,443,7,2515,59,56,70
2233,133,3,444,6,2521,66,66,60
2234,133,3,445,9,2530,94,87,90
2235,133,3,446,9,2539,105,105,90
2236,133,3,447,3,2542,28,26,30
2237,133,3,448,8,2550,78,78,80
2238,133,3,449,6,2556,61,57,60
2239,133,3,450,6,2562,66,62,60
2240,133,3,451,4,2566,51,51,40
2241,133,3,452,5,2571,58,57,50
2242,133,3,453,7,2578,69,63,70
2243,133,3,454,5,2583,60,60,50
2244,133,3,455,6,2589,55,50,60
2245,133,3,456,4,2593,32,32,40
2246,133,3,457,9,2602,89,85,90
2247,133,3,458,2,2604,24,22,20
2248,133,3,459,3,2607,27,27,30
2249,133,3,460,6,2613,62,61,60
2250,133,3,461,8,2621,75,68,80
2251,133,3,462,4,2625,47,38,40
2252,133,3,463,5,2630,48,45,50
2253,133,3,464,8,2638,76,72,80
2254,133,3,465,9,2647,98,92,90
2255,133,3,466,5,2652,46,42,50
2256,133,3,467,6,2658,64,64,60
2257,133,3,468,6,2664,51,48,60
2258,133,3,469,3,2667,29,25,30
2259,133,3,470,7,2674,76,76,70
2260,133,3,471,2,2676,25,25,20
2261,133,3,472,6,2682,79,74,60
2262,133,3,473,5,2687,54,49,50
2263,133,3,474,6,2693,69,69,60
2264,133,3,475,7,2700,71,68,70
2265,133,3,476,8,2708,82,75,80
2266,133,3,477,8,2716,88,88,80
2267,133,3,478,3,2719,29,26,30
2268,133,3,479,5,2724,48,45,50
2269,133,3,480,2,2726,21,18,20
2270,133,3,481,5,2731,56,53,50
2271,133,3,482,5,2736,36,34,50
2272,133,3,483,8,2744,79,72,80
2273,133,3,484,5,2749,51,48,50
2274,133,3,485,5,2754,45,43,50
2275,133,3,486,2,2756,32,30,20
2276,133,3,487,4,2760,40,38,40
2277,133,3,488,3,2763,41,37,30
2278,133,3,489,3,2766,45,45,30
2279,133,3,490,8,2774,91,91,80
2280,133,3,491,7,2781,67,62,70
2281,133,3,492,3,2784,32,29,30
2282,133,3,493,2,2786,19,19,20
2283,133,3,494,8,2794,61,61,80
2284,133,3,495,8,2802,87,81,80
2285,133,3,496,2,2804,32,32,20
2286,133,3,497,3,2807,48,36,30
2287,133,3,498,5,2812,74,74,50
2288,133,3,499,8,2820,85,85,80
2289,133,3,500,4,2824,43,40,40
2290,133,3,501,2,2826,22,18,20
2291,133,3,502,4,2830,46,44,40
2292,133,3,503,6,2836,55,51,60
2293,133,3,504,7,2843,58,52,70
2294,133,3,505,7,2850,101,101,70
2295,133,3,506,6,2856,61,57,60
2296,133,3,507,9,2865,88,83,90
2297,133,3,508,8,2873,88,88,80
2298,133,3,509,5,2878,57,51,50
2299,133,3,510,8,2886,69,64,80
2300,133,3,511,4,2890,45,40,40
2301,133,3,512,2,2892,33,33,20
2302,133,3,513,8,2900,72,72,80
2303,133,3,514,2,2902,20,20,20
2304,133,3,515,7,2909,76,76,70
2305,133,3,516,4,2913,37,36,40
2306,133,3,517,5,2918,55,55,50
2307,133,3,518,2,2920,22,22,20
2308,133,3,519,9,2929,84,84,90
2309,133,3,520,9,2938,83,79,90
2310,133,3,521,8,2946,105,105,80
2311,133,3,522,4,2950,34,30,40
2312,133,3,523,7,2957,90,84,70
2313,133,3,524,5,2962,51,51,50
2314,133,3,525,8,2970,82,79,80
2315,133,3,526,5,2975,43,39,50
2316,133,3,527,8,2983,74,65,80
2317,133,3,528,8,2991,79,74,80
2318,133,3,529,2,2993,23,21,20
2319,133,3,530,2,2995,20,20,20
2320,133,3,531,8,3003,77,71,80
2321,133,3,532,7,3010,64,60,70
2322,133,3,533,5,3015,68,63,50
2323,133,3,534,9,3024,98,95,90
2324,133,3,535,9,3033,96,93,90
2325,133,3,536,6,3039,72,72,60
2326,133,3,537,6,3045,51,51,60
2327,133,3,538,6,3051,57,51,60
2328,133,3,539,6,3057,83,78,60
2329,133,3,540,8,3065,101,93,80
2330,133,3,541,7,3072,82,76,70
2331,133,3,542,2,3074,24,23,20
2332,133,3,543,5,3079,44,44,50
2333,133,3,544,5,3084,57,54,50
2334,133,3,545,3,3087,33,31,30
2335,133,3,546,8,3095,84,80,80
2336,133,3,547,7,3102,71,71,70
2337,133,3,548,5,3107,53,53,50
2338,133,3,549,2,3109,19,18,20
2339,133,3,550,7,3116,58,52,70
2340,133,3,551,6,3122,53,51,60
2341,133,3,552,4,3126,44,44,40
2342,133,3,553,6,3132,64,64,60
2343,133,3,554,3,3135,29,27,30
2344,133,3,555,5,3140,48,44,50
2345,133,3,556,4,3144,48,45,40
2346,133,3,557,3,3147,38,34,30
2347,133,3,558,5,3152,56,53,50
2348,133,3,559,4,3156,34,31,40
2349,133,3,560,7,3163,72,70,70
2350,133,3,561,2,3165,20,20,20
2351,133,3,562,9,3174,91,83,90
2352,133,3,563,8,3182,93,88,80
2353,133,3,564,6,3188,76,71,60
2354,133,3,565,5,3193,60,60,50
2355,133,3,566,9,3202,87,80,90
2356,133,3,567,8,3210,76,76,80
2357,133,3,568,3,3213,24,22,30
2358,133,3,569,2,3215,20,19,20
2359,133,3,570,2,3217,24,24,20
2360,133,3,571,6,3223,62,58,60
2361,133,3,572,2,3225,20,18,20
2362,133,3,573,8,3233,77,77,80
2363,133,3,574,7,3240,68,66,70
2364,133,3,575,8,3248,88,81,80
2365,133,3,576,7,3255,65,58,70
2366,133,3,577,9,3264,87,87,90
2367,133,3,578,7,3271,88,82,70
2368,133,3,579,9,3280,94,89,90
2369,133,3,580,3,3283,41,40,30
2370,133,3,581,2,3285,22,21,20
2371,133,3,582,5,3290,56,56,50
2372,133,3,583,8,3298,75,67,80
2373,133,3,584,4,3302,39,39,40
2374,133,3,585,6,3308,66,63,60
2375,133,3,586,4,3312,42,40,40
2376,133,3,587,2,3314,24,19,20
2377,133,3,588,6,3320,58,55,60
2378,133,3,589,8,3328,93,93,80
2379,133,3,590,2,3330,24,24,20
2380,133,3,591,3,3333,34,34,30
2381,133,3,592,3,3336,37,37,30
2382,133,3,593,4,3340,48,48,40
2383,133,3,594,7,3347,80,80,70
2384,133,3,595,3,3350,34,34,30
2385,133,3,596,2,3352,21,19,20
2386,133,3,597,3,3355,30,29,30
2387,133,3,598,9,3364,76,76,90
2388,133,3,599,5,3369,52,52,50
2389,133,3,600,4,3373,45,42,40
2390,133,3,601,3,3376,37,34,30
2391,133,3,602,3,3379,29,29,30
2392,133,3,603,3,3382,33,33,30
2393,133,3,604,3,3385,35,33,30
2394,133,3,605,3,3388,21,21,30
2395,133,3,606,8,3396,76,76,80
2396,133,3,607,7,3403,57,57,70
2397,133,3,608,7,3410,83,76,70
2398,133,3,609,3,3413,33,33,30
2399,133,3,610,3,3416,34,29,30
2400,133,3,611,3,3419,20,18,30
2401,133,3,612,6,3425,51,49,60
2402,133,3,613,5,3430,53,53,50
2403,133,3,614,4,3434,34,30,40
2404,133,3,615,5,3439,48,43,50
2405,133,3,616,5,3444,51,51,50
2406,133,3,617,4,3448,43,41,40
2407,133,3,618,5,3453,62,62,50
2408,133,3,619,6,3459,53,53,60
2409,133,3,620,3,3462,33,33,30
2410,133,3,621,6,3468,75,75,60
2411,133,3,622,3,3471,25,22,30
2412,133,3,623,3,3474,25,21,30
2413,133,3,624,4,3478,43,43,40
2414,133,3,625,2,3480,20,18,20
2415,133,3,626,9,3489,102,98,90
2416,133,3,627,9,3498,98,90,90
2417,133,3,628,4,3502,46,44,40
2418,133,3,629,6,3508,71,62,60
2419,133,3,630,9,3517,92,86,90
2420,133,3,631,7,3524,82,82,70
2421,133,3,632,9,3533,98,95,90
2422,133,3,633,5,3538,53,48,50
2423,133,3,634,9,3547,77,77,90
2424,133,3,635,8,3555,76,73,80
2425,133,3,636,8,3563,92,92,80
2426,133,3,637,4,3567,26,24,40
2427,133,3,638,6,3573,55,52,60
2428,133,3,639,8,3581,84,77,80
2429,133,3,640,3,3584,36,35,30
2430,133,3,641,2,3586,21,21,20
2431,133,3,642,8,3594,91,91,80
2432,133,3,643,6,3600,52,52,60
2433,133,3,644,2,3602,25,22,20
2434,133,3,645,7,3609,80,80,70
2435,133,3,646,2,3611,23,17,20
2436,133,3,647,2,3613,32,29,20
2437,133,3,648,6,3619,73,73,60
2438,133,3,649,7,3626,58,55,70
2439,133,3,650,2,3628,25,22,20
2440,133,3,651,3,3631,30,27,30
2441,133,3,652,8,3639,96,96,80
2442,133,3,653,3,3642,38,35,30
2443,133,3,654,8,3650,90,85,80
2444,133,3,655,9,3659,96,96,90
2445,133,3,656,6,3665,72,72,60
2446,133,3,657,4,3669,33,33,40
2447,133,3,658,9,3678,76,74,90
2448,133,3,659,6,3684,66,60,60
2449,133,3,660,3,3687,33,33,30
2450,133,3,661,8,3695,79,76,80
2451,133,3,662,4,3699,48,44,40
2452,133,3,663,8,3707,68,66,80
2453,133,3,664,5,3712,56,50,50
2454,133,3,665,7,3719,70,62,70
2455,133,3,666,6,3725,77,77,60
2456,133,3,667,5,3730,58,58,50
2457,133,3,668,9,3739,75,73,90
2458,133,3,669,3,3742,31,29,30
2459,133,3,670,8,3750,86,74,80
2460,133,3,671,2,3752,35,32,20
2461,133,3,672,2,3754,24,23,20
2462,133,3,673,6,3760,57,55,60
2463,133,3,674,6,3766,56,52,60
2464,133,3,675,3,3769,36,34,30
2465,133,3,676,3,3772,34,32,30
2466,133,3,677,9,3781,110,110,90
2467,133,3,678,6,3787,70,70,60
2468,133,3,679,7,3794,69,64,70
2469,133,3,680,4,3798,36,34,40
2470,133,3,681,2,3800,17,17,20
2471,133,3,682,8,3808,68,68,80
2472,133,3,683,5,3813,49,47,50
2473,133,3,684,4,3817,41,40,40
2474,133,3,685,9,3826,91,87,90
2475,133,3,686,2,3828,22,20,20
2476,133,3,687,7,3835,87,83,70
2477,133,3,688,2,3837,26,25,20
2478,133,3,689,8,3845,77,72,80
2479,133,3,690,5,3850,49,45,50
2480,133,3,691,6,3856,68,64,60
2481,133,3,692,6,3862,71,67,60
2482,133,3,693,4,3866,45,45,40
2483,133,3,694,4,3870,41,41,40
2484,133,3,695,8,3878,67,64,80
2485,133,3,696,7,3885,81,81,70
2486,133,3,697,2,3887,18,16,20
2487,133,3,698,5,3892,50,45,50
2488,133,3,699,7,3899,47,43,70
2489,133,3,700,8,3907,99,96,80
2490,133,3,701,9,3916,89,86,90
2491,133,3,702,2,3918,35,32,20
2492,133,3,703,9,3927,105,98,90
2493,133,3,704,6,3933,59,59,60
2494,133,3,705,5,3938,61,61,50
2495,133,3,706,7,3945,77,73,70
2496,133,3,707,7,3952,71,71,70
2497,133,3,708,6,3958,70,66,60
2498,133,3,709,4,3962,46,43,40
2499,133,3,710,9,3971,89,89,90
2500,133,3,711,5,3976,49,49,50
2501,133,3,712,2,3978,17,15,20
2502,133,3,713,8,3986,85,78,80
2503,133,3,714,7,3993,76,74,70
2504,133,3,715,3,3996,37,35,30
2505,133,3,716,5,4001,58,52,50
2506,133,3,717,8,4009,81,77,80
2507,133,3,718,2,4011,18,18,20
2508,133,3,719,7,4018,78,71,70
2509,133,3,720,3,4021,30,30,30
2510,133,3,721,2,4023,14,13,20
2511,133,3,722,9,4032,76,69,90
2512,133,3,723,2,4034,24,24,20
2513,133,3,724,5,4039,57,57,50
2514,133,3,725,2,4041,25,23,20
2515,133,3,726,3,4044,30,27,30
2516,133,3,727,4,4048,34,34,40
2517,133,3,728,6,4054,59,59,60
2518,133,3,729,8,4062,90,90,80
2519,133,3,730,6,4068,50,50,60
2520,133,3,731,6,4074,61,61,60
2521,133,3,732,4,4078,36,33,40
2522,133,3,733,3,4081,33,33,30
2523,133,3,734,9,4090,82,82,90
2524,133,3,735,9,4099,97,89,90
2525,133,3,736,2,4101,37,37,20
2526,133,3,737,8,4109,82,73,80
2527,133,3,738,4,4113,46,40,40
2528,133,3,739,9,4122,78,78,90
2529,133,3,740,4,4126,34,34,40
2530,133,3,741,4,4130,40,40,40
2531,133,3,742,4,4134,40,40,40
2532,133,3,743,6,4140,58,58,60
2533,133,3,744,7,4147,83,83,70
2534,133,3,745,4,4151,42,42,40
2535,133,3,746,6,4157,73,73,60
2536,133,3,747,3,4160,30,27,30
2537,133,3,748,2,4162,22,19,20
2538,133,3,749,6,4168,56,49,60
2539,133,3,750,4,4172,46,41,40
2540,133,3,751,6,4178,69,69,60
2541,133,3,752,9,4187,96,91,90
2542,133,3,753,5,4192,55,53,50
2543,133,3,754,7,4199,74,66,70
2544,133,3,755,3,4202,38,38,30
2545,133,3,756,7,4209,73,65,70
2546,133,3,757,6,4215,67,67,60
2547,133,3,758,2,4217,25,23,20
2548,133,3,759,7,4224,52,51,70
2549,133,3,760,6,4230,71,64,60
2550,133,3,761,6,4236,65,65,60
2551,133,3,762,8,4244,99,99,80
2552,133,3,763,2,4246,14,14,20
2553,133,3,764,3,4249,19,17,30
2554,133,3,765,8,4257,78,72,80
2555,133,3,766,2,4259,21,19,20
2556,133,3,767,2,4261,21,20,20
2557,133,3,768,5,4266,61,58,50
2558,133,3,769,4,4270,57,57,40
2559,133,3,770,4,4274,30,30,40
2560,133,3,771,8,4282,85,81,80
2561,133,3,772,2,4284,22,20,20
2562,133,3,773,7,4291,75,75,70
2563,133,3,774,8,4299,83,79,80
2564,133,3,775,2,4301,28,27,20
2565,133,3,776,6,4307,72,69,60
2566,133,3,777,2,4309,18,17,20
2567,133,3,778,7,4316,73,70,70
2568,133,3,779,4,4320,36,36,40
2569,133,3,780,2,4322,18,18,20
2570,133,3,781,7,4329,85,85,70
2571,133,3,782,6,4335,56,56,60
2572,133,3,783,2,4337,27,27,20
2573,133,3,784,5,4342,55,55,50
2574,133,3,785,6,4348,52,48,60
2575,133,3,786,6,4354,73,69,60
2576,133,3,787,6,4360,76,76,60
2577,133,3,788,9,4369,83,83,90
2578,133,3,789,6,4375,59,58,60
2579,133,3,790,7,4382,62,57,70
2580,133,3,791,9,4391,82,77,90
2581,133,3,792,9,4400,88,83,90
2582,133,3,793,5,4405,63,59,50
2583,133,3,794,3,4408,44,40,30
2584,133,3,795,4,4412,38,32,40
2585,133,3,796,5,4417,65,61,50
2586,133,3,797,9,4426,98,92,90
2587,133,3,798,5,4431,62,62,50
2588,133,3,799,6,4437,49,49,60
2589,133,3,800,6,4443,59,59,60
2590,133,3,801,4,4447,39,39,40
2591,133,3,802,3,4450,31,29,30
2592,133,3,803,7,4457,71,71,70
2593,133,3,804,5,4462,53,53,50
2594,133,3,805,7,4469,80,79,70
2595,133,3,806,6,4475,57,57,60
2596,133,3,807,4,4479,42,42,40
2597,133,3,808,9,4488,96,96,90
2598,133,3,809,6,4494,67,67,60
2599,133,3,810,6,4500,52,52,60
2600,133,3,811,2,4502,16,16,20
2601,133,3,812,7,4509,70,65,70
2602,133,3,813,8,4517,90,86,80
2603,133,3,814,4,4521,47,44,40
2604,133,3,815,6,4527,58,53,60
2605,133,3,816,6,4533,60,58,60
2606,133,3,817,4,4537,41,35,40
2607,133,3,818,5,4542,50,48,50
2608,133,3,819,9,4551,84,78,90
2609,133,3,820,2,4553,27,24,20
2610,133,3,821,4,4557,45,45,40
2611,133,3,822,4,4561,34,29,40
2612,133,3,823,7,4568,69,66,70
2613,133,3,824,7,4575,66,61,70
2614,133,3,825,6,4581,64,64,60
2615,133,3,826,4,4585,44,44,40
2616,133,3,827,6,4591,56,56,60
2617,133,3,828,6,4597,73,73,60
2618,133,3,829,2,4599,16,15,20
2619,133,3,830,2,4601,16,15,20
2620,133,3,831,8,4609,67,67,80
2621,133,3,832,6,4615,70,66,60
2622,133,3,833,9,4624,86,79,90
2623,133,3,834,2,4626,26,22,20
2624,133,3,835,4,4630,33,33,40
2625,133,3,836,7,4637,53,50,70
2626,133,3,837,8,4645,86,83,80
2627,133,3,838,7,4652,70,64,70
2628,133,3,839,4,4656,48,48,40
2629,133,3,840,4,4660,42,37,40
2630,133,3,841,5,4665,52,52,50
2631,133,3,842,5,4670,53,50,50
2632,133,3,843,6,4676,53,47,60
2633,133,3,844,4,4680,54,49,40
2634,133,3,845,8,4688,82,78,80
2635,133,3,846,9,4697,107,99,90
2636,133,3,847,4,4701,41,41,40
2637,133,3,848,3,4704,26,24,30
2638,133,3,849,6,4710,58,58,60
2639,133,3,850,8,4718,75,75,80
2640,133,3,851,8,4726,86,83,80
2641,133,3,852,4,4730,46,44,40
2642,133,3,853,7,4737,81,81,70
2643,133,3,854,3,4740,32,29,30
2644,133,3,855,5,4745,37,35,50
2645,133,3,856,9,4754,110,110,90
2646,133,3,857,3,4757,30,27,30
2647,133,3,858,6,4763,59,56,60
2648,133,3,859,5,4768,61,61,50
2649,133,3,860,8,4776,81,81,80
2650,133,3,861,7,4783,64,64,70
2651,133,3,862,5,4788,48,43,50
2652,133,3,863,4,4792,49,49,40
2653,133,3,864,6,4798,59,58,60
2654,133,3,865,3,4801,28,27,30
2655,133,3,866,4,4805,48,44,40
2656,133,3,867,9,4814,82,78,90
2657,133,3,868,2,4816,26,26,20
2658,133,3,869,3,4819,25,21,30
2659,133,3,870,5,4824,51,51,50
2660,133,3,871,3,4827,23,23,30
2661,133,3,872,6,4833,73,68,60
2662,133,3,873,7,4840,72,69,70
2663,133,3,874,5,4845,55,55,50
2664,133,3,875,2,4847,19,19,20
2665,133,3,876,7,4854,62,62,70
2666,133,3,877,6,4860,65,61,60
2667,133,3,878,7,4867,68,68,70
2668,133,3,879,7,4874,67,61,70
2669,133,3,880,2,4876,20,20,20
2670,133,3,881,2,4878,25,25,20
2671,133,3,882,4,4882,49,49,40
2672,133,3,883,6,4888,68,65,60
2673,133,3,884,5,4893,43,40,50
2674,133,3,885,8,4901,73,69,80
2675,133,3,886,9,4910,96,92,90
2676,133,3,887,4,4914,40,40,40
2677,133,3,888,6,4920,58,54,60
2678,133,3,889,4,4924,36,33,40
2679,133,3,890,4,4928,50,50,40
2680,133,3,891,4,4932,34,30,40
2681,133,3,892,6,4938,79,78,60
2682,133,3,893,6,4944,55,51,60
2683,133,3,894,3,4947,28,28,30
2684,133,3,895,4,4951,43,43,40
2685,133,3,896,7,4958,73,72,70
2686,133,3,897,4,4962,51,51,40
2687,133,3,898,3,4965,27,25,30
2688,133,3,899,4,4969,33,32,40
2689,133,3,900,6,4975,65,65,60
2690,133,3,901,4,4979,40,38,40
2691,133,3,902,7,4986,77,70,70
2692,133,3,903,8,4994,92,90,80
