,Scenario,Trial,Inspection,Interval,Time,Defects,Rate
0,292,1,1,2,2,1,20
1,292,1,2,3,5,1,30
2,292,1,3,7,12,1,70
3,292,1,4,9,21,1,90
4,292,1,5,7,28,1,70
5,292,1,6,7,35,104,70
6,292,1,7,7,42,1,70
7,292,1,8,2,44,1,20
8,292,1,9,4,48,1,40
9,292,1,10,6,54,1,60
10,292,1,11,3,57,1,30
11,292,1,12,9,66,1,90
12,292,1,13,6,72,1,60
13,292,1,14,9,81,1,90
14,292,1,15,8,89,1,80
15,292,1,16,5,94,1,50
16,292,1,17,8,102,281,80
17,292,1,18,9,111,220,90
18,292,1,19,7,118,1,70
19,292,1,20,6,124,1,60
20,292,1,21,3,127,1,30
21,292,1,22,3,130,229,30
22,292,1,23,8,138,1,80
23,292,1,24,6,144,1,60
24,292,1,25,5,149,1,50
25,292,1,26,7,156,1,70
26,292,1,27,8,164,266,80
27,292,1,28,6,170,180,60
28,292,1,29,4,174,1,40
29,292,1,30,4,178,179,40
30,292,1,31,5,183,1,50
31,292,1,32,7,190,1,70
32,292,1,33,2,192,1,20
33,292,1,34,3,195,1,30
34,292,1,35,7,202,1,70
35,292,1,36,2,204,1,20
36,292,1,37,4,208,184,40
37,292,1,38,5,213,1,50
38,292,1,39,9,222,1,90
39,292,1,40,4,226,1,40
40,292,1,41,7,233,1,70
41,292,1,42,9,242,1,90
42,292,1,43,4,246,1,40
43,292,1,44,8,254,1,80
44,292,1,45,2,256,1,20
45,292,1,46,3,259,1,30
46,292,1,47,5,264,1,50
47,292,1,48,3,267,1,30
48,292,1,49,7,274,1,70
49,292,1,50,3,277,1,30
50,292,1,51,6,283,1,60
51,292,1,52,5,288,1,50
52,292,1,53,8,296,1,80
53,292,1,54,6,302,487,60
54,292,1,55,6,308,320,60
55,292,1,56,6,314,1,60
56,292,1,57,7,321,1,70
57,292,1,58,4,325,1,40
58,292,1,59,4,329,1,40
59,292,1,60,5,334,274,50
60,292,1,61,4,338,1,40
61,292,1,62,5,343,1,50
62,292,1,63,8,351,1,80
63,292,1,64,8,359,1,80
64,292,1,65,3,362,1,30
65,292,1,66,4,366,322,40
66,292,1,67,9,375,1,90
67,292,1,68,7,382,1,70
68,292,1,69,7,389,1,70
69,292,1,70,2,391,1,20
70,292,1,71,5,396,268,50
71,292,1,72,8,404,1,80
72,292,1,73,3,407,1,30
73,292,1,74,7,414,1,70
74,292,1,75,6,420,1,60
75,292,1,76,6,426,328,60
76,292,1,77,9,435,1,90
77,292,1,78,9,444,1,90
78,292,1,79,4,448,1,40
79,292,1,80,4,452,1,40
80,292,1,81,5,457,1,50
81,292,1,82,3,460,289,30
82,292,1,83,6,466,1,60
83,292,1,84,6,472,1,60
84,292,1,85,9,481,1,90
85,292,1,86,2,483,1,20
86,292,1,87,8,491,1,80
87,292,1,88,2,493,298,20
88,292,1,89,9,502,1,90
89,292,1,90,8,510,1,80
90,292,1,91,5,515,294,50
91,292,1,92,4,519,1,40
92,292,1,93,4,523,1,40
93,292,1,94,8,531,1,80
94,292,1,95,3,534,1,30
95,292,1,96,6,540,1,60
96,292,1,97,4,544,265,40
97,292,1,98,2,546,1,20
98,292,1,99,2,548,1,20
99,292,1,100,6,554,1,60
100,292,1,101,2,556,1,20
101,292,1,102,6,562,1,60
102,292,1,103,2,564,1,20
103,292,1,104,3,567,1,30
104,292,1,105,4,571,1,40
105,292,1,106,9,580,1,90
106,292,1,107,7,587,1,70
107,292,1,108,6,593,1,60
108,292,1,109,9,602,1,90
109,292,1,110,3,605,1,30
110,292,1,111,2,607,1,20
111,292,1,112,4,611,1,40
112,292,1,113,9,620,1,90
113,292,1,114,3,623,1,30
114,292,1,115,9,632,482,90
115,292,1,116,9,641,1,90
116,292,1,117,8,649,1,80
117,292,1,118,4,653,419,40
118,292,1,119,6,659,1,60
119,292,1,120,5,664,1,50
120,292,1,121,5,669,1,50
121,292,1,122,7,676,1,70
122,292,1,123,9,685,1,90
123,292,1,124,7,692,1,70
124,292,1,125,7,699,1,70
125,292,1,126,3,702,1,30
126,292,1,127,5,707,438,50
127,292,1,128,2,709,1,20
128,292,1,129,5,714,1,50
129,292,1,130,7,721,1,70
130,292,1,131,5,726,1,50
131,292,1,132,9,735,1,90
132,292,1,133,8,743,1,80
133,292,1,134,9,752,1,90
134,292,1,135,5,757,1,50
135,292,1,136,2,759,1,20
136,292,1,137,3,762,1,30
137,292,1,138,5,767,468,50
138,292,1,139,8,775,354,80
139,292,1,140,3,778,217,30
140,292,1,141,3,781,148,30
141,292,1,142,7,788,1,70
142,292,1,143,9,797,1,90
143,292,1,144,7,804,1,70
144,292,1,145,8,812,1,80
145,292,1,146,2,814,1,20
146,292,1,147,5,819,265,50
147,292,1,148,6,825,1,60
148,292,1,149,9,834,1,90
149,292,1,150,7,841,1,70
150,292,1,151,2,843,1,20
151,292,1,152,9,852,1,90
152,292,1,153,6,858,1,60
153,292,1,154,8,866,327,80
154,292,1,155,3,869,1,30
155,292,1,156,7,876,1,70
156,292,1,157,2,878,1,20
157,292,1,158,3,881,258,30
158,292,1,159,4,885,180,40
159,292,1,160,3,888,1,30
160,292,1,161,9,897,1,90
161,292,1,162,6,903,163,60
162,292,1,163,9,912,1,90
163,292,1,164,5,917,1,50
164,292,1,165,8,925,1,80
165,292,1,166,7,932,208,70
166,292,1,167,5,937,1,50
167,292,1,168,9,946,1,90
168,292,1,169,4,950,1,40
169,292,1,170,9,959,1,90
170,292,1,171,4,963,1,40
171,292,1,172,5,968,1,50
172,292,1,173,7,975,1,70
173,292,1,174,7,982,1,70
174,292,1,175,9,991,1,90
175,292,1,176,8,999,1,80
176,292,1,177,8,1007,1,80
177,292,1,178,6,1013,1,60
178,292,1,179,4,1017,423,40
179,292,1,180,3,1020,1,30
180,292,1,181,9,1029,1,90
181,292,1,182,3,1032,326,30
182,292,1,183,8,1040,1,80
183,292,1,184,7,1047,1,70
184,292,1,185,6,1053,279,60
185,292,1,186,6,1059,1,60
186,292,1,187,3,1062,1,30
187,292,1,188,7,1069,1,70
188,292,1,189,7,1076,1,70
189,292,1,190,2,1078,1,20
190,292,1,191,3,1081,289,30
191,292,1,192,5,1086,1,50
192,292,1,193,2,1088,192,20
193,292,1,194,3,1091,1,30
194,292,1,195,3,1094,1,30
195,292,1,196,7,1101,1,70
196,292,1,197,8,1109,1,80
197,292,1,198,3,1112,1,30
198,292,1,199,5,1117,1,50
199,292,1,200,7,1124,1,70
200,292,1,201,2,1126,1,20
201,292,1,202,7,1133,1,70
202,292,1,203,7,1140,1,70
203,292,1,204,9,1149,329,90
204,292,1,205,7,1156,256,70
205,292,1,206,6,1162,181,60
206,292,1,207,3,1165,1,30
207,292,1,208,8,1173,1,80
208,292,1,209,7,1180,1,70
209,292,1,210,4,1184,1,40
210,292,1,211,7,1191,1,70
211,292,1,212,6,1197,1,60
212,292,1,213,4,1201,234,40
213,292,1,214,5,1206,198,50
214,292,1,215,5,1211,1,50
215,292,1,216,5,1216,1,50
216,292,1,217,3,1219,1,30
217,292,1,218,4,1223,166,40
218,292,1,219,8,1231,1,80
219,292,1,220,7,1238,162,70
220,292,1,221,8,1246,1,80
221,292,1,222,3,1249,126,30
222,292,1,223,5,1254,113,50
223,292,1,224,9,1263,106,90
224,292,1,225,3,1266,73,30
225,292,1,226,6,1272,83,60
226,292,1,227,6,1278,1,60
227,292,1,228,6,1284,1,60
228,292,1,229,8,1292,118,80
229,292,1,230,2,1294,86,20
230,292,1,231,8,1302,95,80
231,292,1,232,8,1310,1,80
232,292,1,233,6,1316,1,60
233,292,1,234,4,1320,1,40
234,292,1,235,8,1328,1,80
235,292,1,236,3,1331,1,30
236,292,1,237,6,1337,197,60
237,292,1,238,4,1341,1,40
238,292,1,239,5,1346,1,50
239,292,1,240,2,1348,1,20
240,292,1,241,5,1353,179,50
241,292,1,242,8,1361,1,80
242,292,1,243,9,1370,192,90
243,292,1,244,5,1375,1,50
244,292,1,245,9,1384,1,90
245,292,1,246,6,1390,210,60
246,292,1,247,2,1392,1,20
247,292,1,248,5,1397,1,50
248,292,1,249,7,1404,1,70
249,292,1,250,2,1406,1,20
250,292,1,251,7,1413,1,70
251,292,1,252,7,1420,1,70
252,292,1,253,9,1429,1,90
253,292,1,254,8,1437,1,80
254,292,1,255,8,1445,1,80
255,292,1,256,3,1448,1,30
256,292,1,257,8,1456,1,80
257,292,1,258,2,1458,1,20
258,292,1,259,9,1467,1,90
259,292,1,260,9,1476,1,90
260,292,1,261,2,1478,400,20
261,292,1,262,3,1481,1,30
262,292,1,263,2,1483,1,20
263,292,1,264,6,1489,1,60
264,292,1,265,4,1493,302,40
265,292,1,266,3,1496,236,30
266,292,1,267,6,1502,186,60
267,292,1,268,7,1509,1,70
268,292,1,269,4,1513,153,40
269,292,1,270,8,1521,1,80
270,292,1,271,3,1524,120,30
271,292,1,272,9,1533,1,90
272,292,1,273,4,1537,1,40
273,292,1,274,5,1542,1,50
274,292,1,275,2,1544,1,20
275,292,1,276,2,1546,1,20
276,292,1,277,9,1555,1,90
277,292,1,278,3,1558,1,30
278,292,1,279,2,1560,205,20
279,292,1,280,4,1564,1,40
280,292,1,281,2,1566,1,20
281,292,1,282,5,1571,1,50
282,292,1,283,6,1577,1,60
283,292,1,284,7,1584,1,70
284,292,1,285,4,1588,1,40
285,292,1,286,5,1593,1,50
286,292,1,287,5,1598,246,50
287,292,1,288,8,1606,1,80
288,292,1,289,3,1609,1,30
289,292,1,290,6,1615,245,60
290,292,1,291,5,1620,1,50
291,292,1,292,9,1629,1,90
292,292,1,293,5,1634,220,50
293,292,1,294,3,1637,1,30
294,292,1,295,6,1643,1,60
295,292,1,296,3,1646,1,30
296,292,1,297,7,1653,232,70
297,292,1,298,9,1662,1,90
298,292,1,299,4,1666,169,40
299,292,1,300,6,1672,160,60
300,292,1,301,8,1680,1,80
301,292,1,302,9,1689,1,90
302,292,1,303,3,1692,1,30
303,292,1,304,7,1699,1,70
304,292,1,305,6,1705,1,60
305,292,1,306,7,1712,1,70
306,292,1,307,8,1720,1,80
307,292,1,308,9,1729,1,90
308,292,1,309,7,1736,291,70
309,292,1,310,3,1739,1,30
310,292,1,311,6,1745,1,60
311,292,1,312,7,1752,263,70
312,292,1,313,7,1759,1,70
313,292,1,314,8,1767,1,80
314,292,1,315,5,1772,238,50
315,292,1,316,9,1781,1,90
316,292,1,317,7,1788,193,70
317,292,1,318,6,1794,1,60
318,292,1,319,5,1799,1,50
319,292,1,320,8,1807,239,80
320,292,1,321,3,1810,1,30
321,292,1,322,2,1812,1,20
322,292,1,323,6,1818,190,60
323,292,1,324,6,1824,1,60
324,292,1,325,5,1829,1,50
325,292,1,326,3,1832,1,30
326,292,1,327,5,1837,188,50
327,292,1,328,2,1839,1,20
328,292,1,329,2,1841,1,20
329,292,1,330,6,1847,1,60
330,292,1,331,2,1849,165,20
331,292,1,332,7,1856,1,70
332,292,1,333,3,1859,1,30
333,292,1,334,3,1862,1,30
334,292,1,335,5,1867,1,50
335,292,1,336,5,1872,1,50
336,292,1,337,3,1875,184,30
337,292,1,338,8,1883,1,80
338,292,1,339,4,1887,1,40
339,292,1,340,5,1892,1,50
340,292,1,341,3,1895,1,30
341,292,1,342,2,1897,1,20
342,292,1,343,4,1901,1,40
343,292,1,344,7,1908,1,70
344,292,1,345,8,1916,264,80
345,292,1,346,4,1920,1,40
346,292,1,347,3,1923,1,30
347,292,1,348,2,1925,1,20
348,292,1,349,3,1928,1,30
349,292,1,350,3,1931,1,30
350,292,1,351,7,1938,1,70
351,292,1,352,5,1943,278,50
352,292,1,353,5,1948,1,50
353,292,1,354,8,1956,1,80
354,292,1,355,4,1960,1,40
355,292,1,356,7,1967,1,70
356,292,1,357,6,1973,1,60
357,292,1,358,3,1976,292,30
358,292,1,359,7,1983,215,70
359,292,1,360,4,1987,134,40
360,292,1,361,8,1995,1,80
361,292,1,362,8,2003,1,80
362,292,1,363,4,2007,162,40
363,292,1,364,8,2015,1,80
364,292,1,365,3,2018,1,30
365,292,1,366,4,2022,1,40
366,292,1,367,9,2031,1,90
367,292,1,368,4,2035,1,40
368,292,1,369,8,2043,1,80
369,292,1,370,9,2052,1,90
370,292,1,371,4,2056,299,40
371,292,1,372,9,2065,1,90
372,292,1,373,9,2074,1,90
373,292,1,374,3,2077,1,30
374,292,1,375,2,2079,1,20
375,292,1,376,5,2084,1,50
376,292,1,377,5,2089,1,50
377,292,1,378,2,2091,1,20
378,292,1,379,5,2096,1,50
379,292,1,380,8,2104,1,80
380,292,1,381,4,2108,376,40
381,292,1,382,2,2110,1,20
382,292,1,383,3,2113,1,30
383,292,1,384,3,2116,1,30
384,292,1,385,6,2122,1,60
385,292,1,386,2,2124,1,20
386,292,1,387,6,2130,1,60
387,292,1,388,3,2133,1,30
388,292,1,389,7,2140,328,70
389,292,1,390,3,2143,1,30
390,292,1,391,7,2150,1,70
391,292,1,392,8,2158,1,80
392,292,1,393,2,2160,1,20
393,292,1,394,2,2162,291,20
394,292,1,395,2,2164,1,20
395,292,1,396,4,2168,1,40
396,292,1,397,2,2170,1,20
397,292,1,398,7,2177,1,70
398,292,1,399,5,2182,1,50
399,292,1,400,2,2184,1,20
400,292,1,401,6,2190,311,60
401,292,1,402,4,2194,183,40
402,292,1,403,2,2196,122,20
403,292,1,404,5,2201,1,50
404,292,1,405,2,2203,1,20
405,292,1,406,2,2205,1,20
406,292,1,407,3,2208,1,30
407,292,1,408,9,2217,1,90
408,292,1,409,2,2219,154,20
409,292,1,410,9,2228,1,90
410,292,1,411,4,2232,153,40
411,292,1,412,4,2236,1,40
412,292,1,413,5,2241,1,50
413,292,1,414,7,2248,154,70
414,292,1,415,5,2253,1,50
415,292,1,416,5,2258,1,50
416,292,1,417,5,2263,1,50
417,292,1,418,8,2271,1,80
418,292,1,419,9,2280,1,90
419,292,1,420,2,2282,1,20
420,292,1,421,2,2284,1,20
421,292,1,422,7,2291,1,70
422,292,1,423,5,2296,262,50
423,292,1,424,5,2301,1,50
424,292,1,425,9,2310,1,90
425,292,1,426,5,2315,1,50
426,292,1,427,2,2317,1,20
427,292,1,428,8,2325,1,80
428,292,1,429,4,2329,1,40
429,292,1,430,4,2333,1,40
430,292,1,431,5,2338,321,50
431,292,1,432,7,2345,279,70
432,292,1,433,8,2353,1,80
433,292,1,434,5,2358,1,50
434,292,1,435,3,2361,202,30
435,292,1,436,2,2363,1,20
436,292,1,437,2,2365,134,20
437,292,1,438,7,2372,119,70
438,292,1,439,5,2377,1,50
439,292,1,440,3,2380,119,30
440,292,1,441,7,2387,1,70
441,292,1,442,7,2394,1,70
442,292,1,443,2,2396,1,20
443,292,1,444,6,2402,131,60
444,292,1,445,2,2404,1,20
445,292,1,446,8,2412,1,80
446,292,1,447,8,2420,1,80
447,292,1,448,3,2423,174,30
448,292,1,449,3,2426,1,30
449,292,1,450,4,2430,1,40
450,292,1,451,7,2437,1,70
451,292,1,452,2,2439,165,20
452,292,1,453,5,2444,1,50
453,292,1,454,7,2451,165,70
454,292,1,455,2,2453,1,20
455,292,1,456,3,2456,1,30
456,292,1,457,4,2460,1,40
457,292,1,458,5,2465,1,50
458,292,1,459,6,2471,162,60
459,292,1,460,4,2475,1,40
460,292,1,461,3,2478,1,30
461,292,1,462,9,2487,1,90
462,292,1,463,2,2489,1,20
463,292,1,464,9,2498,1,90
464,292,1,465,4,2502,1,40
465,292,1,466,7,2509,1,70
466,292,1,467,3,2512,1,30
467,292,1,468,5,2517,270,50
468,292,1,469,9,2526,1,90
469,292,1,470,3,2529,1,30
470,292,1,471,4,2533,1,40
471,292,1,472,3,2536,1,30
472,292,1,473,7,2543,1,70
473,292,1,474,9,2552,1,90
474,292,1,475,9,2561,1,90
475,292,1,476,9,2570,1,90
476,292,1,477,5,2575,1,50
477,292,1,478,2,2577,369,20
478,292,1,479,7,2584,1,70
479,292,1,480,8,2592,1,80
480,292,1,481,8,2600,1,80
481,292,1,482,2,2602,1,20
482,292,1,483,7,2609,1,70
483,292,1,484,3,2612,1,30
484,292,1,485,2,2614,352,20
485,292,1,486,8,2622,1,80
486,292,1,487,5,2627,1,50
487,292,1,488,6,2633,323,60
488,292,1,489,8,2641,1,80
489,292,1,490,3,2644,236,30
490,292,1,491,3,2647,1,30
491,292,1,492,8,2655,1,80
492,292,1,493,7,2662,1,70
493,292,1,494,6,2668,1,60
494,292,1,495,5,2673,1,50
495,292,1,496,2,2675,1,20
496,292,1,497,4,2679,1,40
497,292,1,498,9,2688,307,90
498,292,1,499,5,2693,1,50
499,292,1,500,7,2700,1,70
500,292,1,501,3,2703,261,30
501,292,1,502,5,2708,1,50
502,292,1,503,7,2715,1,70
503,292,1,504,5,2720,1,50
504,292,1,505,9,2729,1,90
505,292,1,506,4,2733,1,40
506,292,1,507,3,2736,1,30
507,292,1,508,5,2741,276,50
508,292,1,509,7,2748,1,70
509,292,1,510,7,2755,245,70
510,292,1,511,7,2762,1,70
511,292,1,512,4,2766,1,40
512,292,1,513,7,2773,1,70
513,292,1,514,2,2775,1,20
514,292,1,515,5,2780,265,50
515,292,1,516,7,2787,1,70
516,292,1,517,5,2792,1,50
517,292,1,518,6,2798,1,60
518,292,1,519,3,2801,257,30
519,292,1,520,4,2805,167,40
520,292,1,521,5,2810,110,50
521,292,1,522,7,2817,1,70
522,292,1,523,7,2824,1,70
523,292,1,524,5,2829,1,50
524,292,1,525,7,2836,1,70
525,292,1,526,5,2841,183,50
526,292,1,527,8,2849,1,80
527,292,1,528,5,2854,1,50
528,292,1,529,9,2863,199,90
529,292,1,530,3,2866,1,30
530,292,1,531,8,2874,1,80
531,292,1,532,3,2877,180,30
532,292,1,533,5,2882,1,50
533,292,1,534,7,2889,161,70
534,292,1,535,7,2896,1,70
535,292,1,536,8,2904,1,80
536,292,1,537,3,2907,1,30
537,292,1,538,4,2911,1,40
538,292,1,539,9,2920,199,90
539,292,1,540,4,2924,1,40
540,292,1,541,9,2933,1,90
541,292,1,542,2,2935,1,20
542,292,1,543,9,2944,1,90
543,292,1,544,4,2948,1,40
544,292,1,545,4,2952,1,40
545,292,1,546,3,2955,1,30
546,292,1,547,4,2959,1,40
547,292,1,548,5,2964,1,50
548,292,1,549,9,2973,1,90
549,292,1,550,4,2977,1,40
550,292,1,551,5,2982,1,50
551,292,1,552,3,2985,1,30
552,292,1,553,5,2990,352,50
553,292,1,554,6,2996,251,60
554,292,1,555,5,3001,1,50
555,292,1,556,6,3007,207,60
556,292,1,557,3,3010,157,30
557,292,1,558,5,3015,1,50
558,292,1,559,2,3017,1,20
559,292,1,560,6,3023,1,60
560,292,1,561,5,3028,1,50
561,292,1,562,6,3034,1,60
562,292,1,563,9,3043,1,90
563,292,1,564,4,3047,1,40
564,292,1,565,6,3053,1,60
565,292,1,566,2,3055,1,20
566,292,1,567,5,3060,1,50
567,292,1,568,9,3069,1,90
568,292,1,569,5,3074,1,50
569,292,1,570,8,3082,1,80
570,292,1,571,5,3087,1,50
571,292,1,572,5,3092,1,50
572,292,1,573,4,3096,377,40
573,292,1,574,9,3105,274,90
574,292,1,575,8,3113,1,80
575,292,1,576,5,3118,1,50
576,292,1,577,9,3127,269,90
577,292,1,578,7,3134,1,70
578,292,1,579,7,3141,229,70
579,292,1,580,2,3143,145,20
580,292,1,581,2,3145,1,20
581,292,1,582,3,3148,1,30
582,292,1,583,3,3151,1,30
583,292,1,584,2,3153,1,20
584,292,1,585,4,3157,1,40
585,292,1,586,9,3166,1,90
586,292,1,587,5,3171,1,50
587,292,1,588,6,3177,1,60
588,292,1,589,9,3186,1,90
589,292,1,590,2,3188,1,20
590,292,1,591,7,3195,1,70
591,292,1,592,7,3202,1,70
592,292,1,593,6,3208,1,60
593,292,1,594,6,3214,363,60
594,292,1,595,2,3216,1,20
595,292,1,596,7,3223,1,70
596,292,1,597,2,3225,1,20
597,292,1,598,6,3231,317,60
598,292,1,599,4,3235,1,40
599,292,1,600,5,3240,205,50
600,292,1,601,8,3248,1,80
601,292,1,602,4,3252,1,40
602,292,1,603,9,3261,1,90
603,292,1,604,8,3269,1,80
604,292,1,605,8,3277,1,80
605,292,1,606,7,3284,295,70
606,292,1,607,7,3291,1,70
607,292,1,608,6,3297,1,60
608,292,1,609,7,3304,1,70
609,292,1,610,9,3313,1,90
610,292,1,611,8,3321,1,80
611,292,1,612,5,3326,1,50
612,292,1,613,5,3331,1,50
613,292,1,614,8,3339,1,80
614,292,1,615,2,3341,1,20
615,292,1,616,5,3346,413,50
616,292,1,617,9,3355,289,90
617,292,1,618,5,3360,1,50
618,292,1,619,9,3369,1,90
619,292,1,620,3,3372,1,30
620,292,1,621,2,3374,1,20
621,292,1,622,2,3376,1,20
622,292,1,623,9,3385,307,90
623,292,1,624,8,3393,1,80
624,292,1,625,5,3398,1,50
625,292,1,626,5,3403,1,50
626,292,1,627,4,3407,1,40
627,292,1,628,8,3415,1,80
628,292,1,629,8,3423,336,80
629,292,1,630,2,3425,1,20
630,292,1,631,3,3428,1,30
631,292,1,632,9,3437,1,90
632,292,1,633,7,3444,295,70
633,292,1,634,5,3449,1,50
634,292,1,635,9,3458,1,90
635,292,1,636,2,3460,1,20
636,292,1,637,4,3464,1,40
637,292,1,638,2,3466,261,20
638,292,1,639,5,3471,203,50
639,292,1,640,2,3473,1,20
640,292,1,641,2,3475,1,20
641,292,1,642,4,3479,1,40
642,292,1,643,3,3482,1,30
643,292,1,644,9,3491,1,90
644,292,1,645,8,3499,1,80
645,292,1,646,2,3501,1,20
646,292,1,647,5,3506,1,50
647,292,1,648,5,3511,1,50
648,292,1,649,2,3513,1,20
649,292,1,650,5,3518,1,50
650,292,1,651,7,3525,319,70
651,292,1,652,9,3534,1,90
652,292,1,653,2,3536,1,20
653,292,1,654,2,3538,1,20
654,292,1,655,6,3544,1,60
655,292,1,656,4,3548,258,40
656,292,1,657,9,3557,1,90
657,292,1,658,9,3566,1,90
658,292,1,659,8,3574,1,80
659,292,1,660,3,3577,1,30
660,292,1,661,9,3586,1,90
661,292,1,662,2,3588,310,20
662,292,1,663,5,3593,198,50
663,292,1,664,6,3599,172,60
664,292,1,665,9,3608,1,90
665,292,1,666,2,3610,1,20
666,292,1,667,2,3612,1,20
667,292,1,668,6,3618,1,60
668,292,1,669,5,3623,209,50
669,292,1,670,6,3629,131,60
670,292,1,671,8,3637,1,80
671,292,1,672,4,3641,1,40
672,292,1,673,2,3643,1,20
673,292,1,674,8,3651,166,80
674,292,1,675,5,3656,1,50
675,292,1,676,6,3662,1,60
676,292,1,677,3,3665,1,30
677,292,1,678,3,3668,1,30
678,292,1,679,6,3674,1,60
679,292,1,680,7,3681,1,70
680,292,1,681,4,3685,230,40
681,292,1,682,5,3690,1,50
682,292,1,683,2,3692,1,20
683,292,1,684,6,3698,1,60
684,292,1,685,5,3703,229,50
685,292,1,686,3,3706,133,30
686,292,1,687,6,3712,1,60
687,292,1,688,9,3721,1,90
688,292,1,689,6,3727,1,60
689,292,1,690,7,3734,1,70
690,292,1,691,3,3737,1,30
691,292,1,692,6,3743,1,60
692,292,1,693,5,3748,1,50
693,292,1,694,5,3753,1,50
694,292,1,695,3,3756,1,30
695,292,1,696,4,3760,1,40
696,292,1,697,8,3768,1,80
697,292,1,698,7,3775,1,70
698,292,1,699,4,3779,1,40
699,292,1,700,5,3784,1,50
700,292,1,701,4,3788,1,40
701,292,1,702,7,3795,422,70
702,292,1,703,3,3798,1,30
703,292,1,704,9,3807,1,90
704,292,1,705,6,3813,1,60
705,292,1,706,2,3815,1,20
706,292,1,707,9,3824,1,90
707,292,1,708,9,3833,1,90
708,292,1,709,8,3841,1,80
709,292,1,710,3,3844,1,30
710,292,1,711,3,3847,1,30
711,292,1,712,6,3853,1,60
712,292,1,713,6,3859,1,60
713,292,1,714,2,3861,1,20
714,292,1,715,8,3869,514,80
715,292,1,716,5,3874,1,50
716,292,1,717,6,3880,1,60
717,292,1,718,2,3882,1,20
718,292,1,719,3,3885,1,30
719,292,1,720,3,3888,1,30
720,292,1,721,5,3893,1,50
721,292,1,722,7,3900,1,70
722,292,1,723,3,3903,1,30
723,292,1,724,2,3905,1,20
724,292,1,725,4,3909,473,40
725,292,1,726,2,3911,1,20
726,292,1,727,3,3914,278,30
727,292,1,728,8,3922,1,80
728,292,1,729,2,3924,1,20
729,292,1,730,6,3930,1,60
730,292,1,731,7,3937,1,70
731,292,1,732,4,3941,1,40
732,292,1,733,2,3943,1,20
733,292,1,734,4,3947,1,40
734,292,1,735,9,3956,336,90
735,292,1,736,8,3964,1,80
736,292,1,737,6,3970,1,60
737,292,1,738,2,3972,294,20
738,292,1,739,7,3979,1,70
739,292,1,740,7,3986,1,70
740,292,1,741,8,3994,1,80
741,292,1,742,3,3997,1,30
742,292,1,743,9,4006,1,90
743,292,1,744,2,4008,1,20
744,292,1,745,7,4015,1,70
745,292,1,746,4,4019,1,40
746,292,1,747,2,4021,1,20
747,292,1,748,4,4025,1,40
748,292,1,749,2,4027,1,20
749,292,1,750,9,4036,1,90
750,292,1,751,7,4043,1,70
751,292,1,752,8,4051,1,80
752,292,1,753,4,4055,1,40
753,292,1,754,2,4057,1,20
754,292,1,755,9,4066,1,90
755,292,1,756,7,4073,1,70
756,292,1,757,6,4079,1,60
757,292,1,758,9,4088,1,90
758,292,1,759,3,4091,1,30
759,292,1,760,2,4093,1,20
760,292,1,761,2,4095,1,20
761,292,1,762,5,4100,1,50
762,292,1,763,4,4104,1,40
763,292,1,764,5,4109,1,50
764,292,1,765,4,4113,1,40
765,292,1,766,6,4119,1,60
766,292,1,767,5,4124,667,50
767,292,1,768,6,4130,1,60
768,292,1,769,8,4138,1,80
769,292,1,770,3,4141,1,30
770,292,1,771,7,4148,1,70
771,292,1,772,2,4150,1,20
772,292,1,773,9,4159,591,90
773,292,1,774,2,4161,1,20
774,292,1,775,3,4164,1,30
775,292,1,776,4,4168,1,40
776,292,1,777,3,4171,1,30
777,292,1,778,8,4179,1,80
778,292,1,779,8,4187,1,80
779,292,1,780,8,4195,1,80
780,292,1,781,9,4204,1,90
781,292,1,782,4,4208,1,40
782,292,1,783,6,4214,1,60
783,292,1,784,6,4220,1,60
784,292,1,785,2,4222,1,20
785,292,1,786,7,4229,1,70
786,292,1,787,9,4238,652,90
787,292,1,788,9,4247,436,90
788,292,1,789,6,4253,1,60
789,292,1,790,9,4262,1,90
790,292,1,791,2,4264,1,20
791,292,1,792,9,4273,1,90
792,292,1,793,5,4278,1,50
793,292,1,794,9,4287,1,90
794,292,1,795,4,4291,1,40
795,292,1,796,8,4299,1,80
796,292,1,797,9,4308,1,90
797,292,1,798,4,4312,1,40
798,292,1,799,2,4314,1,20
799,292,1,800,8,4322,1,80
800,292,1,801,3,4325,570,30
801,292,1,802,6,4331,1,60
802,292,1,803,4,4335,388,40
803,292,1,804,4,4339,236,40
804,292,1,805,4,4343,197,40
805,292,1,806,4,4347,1,40
806,292,1,807,8,4355,1,80
807,292,1,808,8,4363,1,80
808,292,1,809,4,4367,1,40
809,292,1,810,2,4369,206,20
810,292,1,811,7,4376,1,70
811,292,1,812,7,4383,1,70
812,292,1,813,8,4391,1,80
813,292,1,814,2,4393,1,20
814,292,1,815,3,4396,1,30
815,292,1,816,2,4398,1,20
816,292,1,817,9,4407,1,90
817,292,1,818,8,4415,1,80
818,292,1,819,5,4420,1,50
819,292,1,820,7,4427,1,70
820,292,1,821,4,4431,1,40
821,292,1,822,2,4433,1,20
822,292,1,823,8,4441,1,80
823,292,1,824,6,4447,1,60
824,292,1,825,6,4453,1,60
825,292,1,826,9,4462,1,90
826,292,1,827,3,4465,1,30
827,292,1,828,3,4468,1,30
828,292,1,829,5,4473,494,50
829,292,1,830,7,4480,348,70
830,292,1,831,2,4482,1,20
831,292,1,832,6,4488,248,60
832,292,1,833,3,4491,1,30
833,292,1,834,4,4495,177,40
834,292,1,835,9,4504,1,90
835,292,1,836,3,4507,1,30
836,292,1,837,8,4515,1,80
837,292,1,838,9,4524,1,90
838,292,1,839,9,4533,1,90
839,292,1,840,8,4541,1,80
840,292,1,841,8,4549,310,80
841,292,1,842,6,4555,1,60
842,292,1,843,6,4561,1,60
843,292,1,844,4,4565,1,40
844,292,1,845,4,4569,1,40
845,292,1,846,4,4573,1,40
846,292,1,847,6,4579,1,60
847,292,1,848,8,4587,1,80
848,292,1,849,4,4591,1,40
849,292,1,850,3,4594,1,30
850,292,1,851,7,4601,400,70
851,292,1,852,2,4603,1,20
852,292,1,853,8,4611,1,80
853,292,1,854,4,4615,278,40
854,292,1,855,4,4619,1,40
855,292,1,856,7,4626,231,70
856,292,1,857,2,4628,1,20
857,292,1,858,5,4633,184,50
858,292,1,859,6,4639,1,60
859,292,1,860,7,4646,1,70
860,292,1,861,4,4650,153,40
861,292,1,862,6,4656,1,60
862,292,1,863,7,4663,1,70
863,292,1,864,7,4670,1,70
864,292,1,865,6,4676,1,60
865,292,1,866,5,4681,1,50
866,292,1,867,6,4687,1,60
867,292,1,868,4,4691,1,40
868,292,1,869,3,4694,1,30
869,292,1,870,2,4696,1,20
870,292,1,871,7,4703,1,70
871,292,1,872,4,4707,1,40
872,292,1,873,5,4712,1,50
873,292,1,874,6,4718,1,60
874,292,1,875,5,4723,1,50
875,292,1,876,2,4725,1,20
876,292,1,877,2,4727,1,20
877,292,1,878,4,4731,372,40
878,292,1,879,8,4739,1,80
879,292,1,880,8,4747,1,80
880,292,1,881,2,4749,1,20
881,292,1,882,7,4756,1,70
882,292,1,883,3,4759,1,30
883,292,1,884,2,4761,1,20
884,292,1,885,4,4765,1,40
885,292,1,886,8,4773,387,80
886,292,1,887,2,4775,1,20
887,292,1,888,2,4777,260,20
888,292,1,889,2,4779,1,20
889,292,1,890,2,4781,1,20
890,292,1,891,2,4783,199,20
891,292,1,892,5,4788,1,50
892,292,1,893,5,4793,163,50
893,292,1,894,7,4800,1,70
894,292,1,895,3,4803,1,30
895,292,1,896,2,4805,1,20
896,292,1,897,4,4809,1,40
897,292,1,898,7,4816,1,70
898,292,1,899,5,4821,1,50
899,292,1,900,3,4824,1,30
900,292,1,901,5,4829,184,50
901,292,1,902,7,4836,1,70
902,292,1,903,6,4842,1,60
903,292,1,904,4,4846,1,40
904,292,1,905,5,4851,1,50
905,292,1,906,5,4856,282,50
906,292,1,907,9,4865,1,90
907,292,1,908,7,4872,1,70
908,292,1,909,4,4876,1,40
909,292,1,910,5,4881,1,50
910,292,1,911,3,4884,257,30
911,292,1,912,3,4887,1,30
912,292,1,913,2,4889,1,20
913,292,1,914,9,4898,1,90
914,292,1,915,9,4907,1,90
915,292,1,916,4,4911,1,40
916,292,1,917,5,4916,1,50
917,292,1,918,5,4921,1,50
918,292,1,919,4,4925,281,40
919,292,1,920,9,4934,1,90
920,292,1,921,3,4937,1,30
921,292,1,922,2,4939,1,20
922,292,1,923,9,4948,1,90
923,292,1,924,6,4954,1,60
924,292,1,925,5,4959,331,50
925,292,1,926,9,4968,227,90
926,292,1,927,4,4972,1,40
927,292,1,928,2,4974,1,20
928,292,1,929,6,4980,193,60
929,292,1,930,3,4983,134,30
930,292,1,931,2,4985,1,20
931,292,1,932,9,4994,1,90
932,292,2,1,6,6,1,60
933,292,2,2,7,13,38,70
934,292,2,3,9,22,1,90
935,292,2,4,5,27,71,50
936,292,2,5,4,31,59,40
937,292,2,6,8,39,1,80
938,292,2,7,6,45,1,60
939,292,2,8,4,49,1,40
940,292,2,9,8,57,1,80
941,292,2,10,2,59,1,20
942,292,2,11,4,63,154,40
943,292,2,12,2,65,1,20
944,292,2,13,5,70,1,50
945,292,2,14,4,74,1,40
946,292,2,15,9,83,1,90
947,292,2,16,8,91,1,80
948,292,2,17,6,97,1,60
949,292,2,18,8,105,1,80
950,292,2,19,9,114,1,90
951,292,2,20,3,117,296,30
952,292,2,21,8,125,1,80
953,292,2,22,9,134,1,90
954,292,2,23,3,137,1,30
955,292,2,24,7,144,1,70
956,292,2,25,9,153,1,90
957,292,2,26,8,161,1,80
958,292,2,27,3,164,1,30
959,292,2,28,8,172,359,80
960,292,2,29,8,180,1,80
961,292,2,30,3,183,1,30
962,292,2,31,2,185,268,20
963,292,2,32,2,187,1,20
964,292,2,33,5,192,1,50
965,292,2,34,6,198,1,60
966,292,2,35,7,205,1,70
967,292,2,36,2,207,1,20
968,292,2,37,3,210,1,30
969,292,2,38,2,212,1,20
970,292,2,39,8,220,298,80
971,292,2,40,6,226,1,60
972,292,2,41,7,233,241,70
973,292,2,42,8,241,1,80
974,292,2,43,6,247,1,60
975,292,2,44,6,253,219,60
976,292,2,45,8,261,1,80
977,292,2,46,8,269,1,80
978,292,2,47,5,274,1,50
979,292,2,48,6,280,1,60
980,292,2,49,6,286,1,60
981,292,2,50,9,295,305,90
982,292,2,51,8,303,1,80
983,292,2,52,9,312,276,90
984,292,2,53,7,319,1,70
985,292,2,54,7,326,1,70
986,292,2,55,6,332,1,60
987,292,2,56,4,336,272,40
988,292,2,57,8,344,1,80
989,292,2,58,7,351,1,70
990,292,2,59,4,355,226,40
991,292,2,60,4,359,1,40
992,292,2,61,7,366,1,70
993,292,2,62,3,369,1,30
994,292,2,63,9,378,1,90
995,292,2,64,3,381,1,30
996,292,2,65,8,389,1,80
997,292,2,66,5,394,1,50
998,292,2,67,7,401,1,70
999,292,2,68,2,403,1,20
1000,292,2,69,7,410,1,70
1001,292,2,70,3,413,369,30
1002,292,2,71,9,422,1,90
1003,292,2,72,4,426,250,40
1004,292,2,73,4,430,1,40
1005,292,2,74,6,436,222,60
1006,292,2,75,2,438,1,20
1007,292,2,76,7,445,1,70
1008,292,2,77,4,449,1,40
1009,292,2,78,3,452,1,30
1010,292,2,79,5,457,1,50
1011,292,2,80,9,466,268,90
1012,292,2,81,9,475,1,90
1013,292,2,82,3,478,201,30
1014,292,2,83,6,484,162,60
1015,292,2,84,2,486,1,20
1016,292,2,85,9,495,1,90
1017,292,2,86,6,501,1,60
1018,292,2,87,5,506,168,50
1019,292,2,88,9,515,150,90
1020,292,2,89,8,523,1,80
1021,292,2,90,7,530,1,70
1022,292,2,91,3,533,1,30
1023,292,2,92,8,541,164,80
1024,292,2,93,8,549,1,80
1025,292,2,94,4,553,1,40
1026,292,2,95,7,560,189,70
1027,292,2,96,9,569,1,90
1028,292,2,97,2,571,131,20
1029,292,2,98,9,580,129,90
1030,292,2,99,5,585,1,50
1031,292,2,100,8,593,142,80
1032,292,2,101,9,602,1,90
1033,292,2,102,2,604,1,20
1034,292,2,103,6,610,1,60
1035,292,2,104,9,619,1,90
1036,292,2,105,9,628,1,90
1037,292,2,106,3,631,1,30
1038,292,2,107,9,640,1,90
1039,292,2,108,7,647,1,70
1040,292,2,109,8,655,1,80
1041,292,2,110,3,658,1,30
1042,292,2,111,4,662,341,40
1043,292,2,112,7,669,1,70
1044,292,2,113,8,677,1,80
1045,292,2,114,8,685,297,80
1046,292,2,115,9,694,1,90
1047,292,2,116,6,700,1,60
1048,292,2,117,3,703,1,30
1049,292,2,118,7,710,1,70
1050,292,2,119,2,712,262,20
1051,292,2,120,2,714,1,20
1052,292,2,121,7,721,1,70
1053,292,2,122,9,730,1,90
1054,292,2,123,5,735,1,50
1055,292,2,124,8,743,297,80
1056,292,2,125,9,752,1,90
1057,292,2,126,3,755,1,30
1058,292,2,127,9,764,1,90
1059,292,2,128,6,770,1,60
1060,292,2,129,7,777,295,70
1061,292,2,130,4,781,1,40
1062,292,2,131,8,789,1,80
1063,292,2,132,5,794,1,50
1064,292,2,133,7,801,1,70
1065,292,2,134,7,808,288,70
1066,292,2,135,2,810,1,20
1067,292,2,136,9,819,253,90
1068,292,2,137,2,821,1,20
1069,292,2,138,5,826,1,50
1070,292,2,139,9,835,1,90
1071,292,2,140,3,838,1,30
1072,292,2,141,8,846,1,80
1073,292,2,142,7,853,1,70
1074,292,2,143,4,857,1,40
1075,292,2,144,2,859,1,20
1076,292,2,145,2,861,1,20
1077,292,2,146,7,868,1,70
1078,292,2,147,6,874,1,60
1079,292,2,148,3,877,1,30
1080,292,2,149,5,882,1,50
1081,292,2,150,4,886,382,40
1082,292,2,151,7,893,1,70
1083,292,2,152,8,901,1,80
1084,292,2,153,4,905,1,40
1085,292,2,154,8,913,352,80
1086,292,2,155,3,916,227,30
1087,292,2,156,5,921,1,50
1088,292,2,157,2,923,1,20
1089,292,2,158,9,932,1,90
1090,292,2,159,6,938,1,60
1091,292,2,160,4,942,260,40
1092,292,2,161,2,944,1,20
1093,292,2,162,5,949,177,50
1094,292,2,163,2,951,1,20
1095,292,2,164,8,959,1,80
1096,292,2,165,6,965,158,60
1097,292,2,166,8,973,1,80
1098,292,2,167,2,975,1,20
1099,292,2,168,6,981,1,60
1100,292,2,169,2,983,1,20
1101,292,2,170,3,986,1,30
1102,292,2,171,4,990,1,40
1103,292,2,172,2,992,1,20
1104,292,2,173,2,994,196,20
1105,292,2,174,3,997,137,30
1106,292,2,175,5,1002,1,50
1107,292,2,176,8,1010,139,80
1108,292,2,177,8,1018,120,80
1109,292,2,178,6,1024,1,60
1110,292,2,179,7,1031,1,70
1111,292,2,180,3,1034,1,30
1112,292,2,181,9,1043,1,90
1113,292,2,182,3,1046,1,30
1114,292,2,183,6,1052,1,60
1115,292,2,184,9,1061,1,90
1116,292,2,185,3,1064,1,30
1117,292,2,186,2,1066,263,20
1118,292,2,187,7,1073,1,70
1119,292,2,188,4,1077,180,40
1120,292,2,189,9,1086,1,90
1121,292,2,190,2,1088,163,20
1122,292,2,191,5,1093,1,50
1123,292,2,192,5,1098,1,50
1124,292,2,193,8,1106,1,80
1125,292,2,194,7,1113,1,70
1126,292,2,195,8,1121,202,80
1127,292,2,196,8,1129,1,80
1128,292,2,197,4,1133,184,40
1129,292,2,198,5,1138,1,50
1130,292,2,199,3,1141,1,30
1131,292,2,200,3,1144,1,30
1132,292,2,201,6,1150,1,60
1133,292,2,202,8,1158,1,80
1134,292,2,203,9,1167,1,90
1135,292,2,204,6,1173,254,60
1136,292,2,205,2,1175,170,20
1137,292,2,206,9,1184,1,90
1138,292,2,207,2,1186,1,20
1139,292,2,208,9,1195,1,90
1140,292,2,209,5,1200,214,50
1141,292,2,210,4,1204,1,40
1142,292,2,211,3,1207,1,30
1143,292,2,212,7,1214,1,70
1144,292,2,213,9,1223,1,90
1145,292,2,214,8,1231,1,80
1146,292,2,215,5,1236,1,50
1147,292,2,216,7,1243,1,70
1148,292,2,217,3,1246,1,30
1149,292,2,218,9,1255,1,90
1150,292,2,219,5,1260,1,50
1151,292,2,220,8,1268,1,80
1152,292,2,221,8,1276,1,80
1153,292,2,222,5,1281,1,50
1154,292,2,223,6,1287,1,60
1155,292,2,224,6,1293,468,60
1156,292,2,225,8,1301,1,80
1157,292,2,226,6,1307,1,60
1158,292,2,227,8,1315,1,80
1159,292,2,228,4,1319,340,40
1160,292,2,229,8,1327,248,80
1161,292,2,230,2,1329,1,20
1162,292,2,231,6,1335,1,60
1163,292,2,232,8,1343,1,80
1164,292,2,233,4,1347,1,40
1165,292,2,234,2,1349,1,20
1166,292,2,235,3,1352,288,30
1167,292,2,236,8,1360,1,80
1168,292,2,237,5,1365,1,50
1169,292,2,238,8,1373,1,80
1170,292,2,239,2,1375,1,20
1171,292,2,240,9,1384,1,90
1172,292,2,241,4,1388,1,40
1173,292,2,242,8,1396,1,80
1174,292,2,243,3,1399,1,30
1175,292,2,244,8,1407,1,80
1176,292,2,245,9,1416,1,90
1177,292,2,246,5,1421,1,50
1178,292,2,247,6,1427,1,60
1179,292,2,248,3,1430,1,30
1180,292,2,249,3,1433,1,30
1181,292,2,250,3,1436,1,30
1182,292,2,251,6,1442,459,60
1183,292,2,252,3,1445,351,30
1184,292,2,253,3,1448,224,30
1185,292,2,254,2,1450,1,20
1186,292,2,255,3,1453,1,30
1187,292,2,256,9,1462,1,90
1188,292,2,257,6,1468,1,60
1189,292,2,258,2,1470,1,20
1190,292,2,259,7,1477,1,70
1191,292,2,260,8,1485,1,80
1192,292,2,261,3,1488,1,30
1193,292,2,262,2,1490,268,20
1194,292,2,263,9,1499,1,90
1195,292,2,264,7,1506,1,70
1196,292,2,265,6,1512,1,60
1197,292,2,266,3,1515,1,30
1198,292,2,267,7,1522,1,70
1199,292,2,268,3,1525,1,30
1200,292,2,269,6,1531,1,60
1201,292,2,270,5,1536,1,50
1202,292,2,271,3,1539,1,30
1203,292,2,272,6,1545,377,60
1204,292,2,273,5,1550,1,50
1205,292,2,274,9,1559,1,90
1206,292,2,275,9,1568,1,90
1207,292,2,276,6,1574,1,60
1208,292,2,277,2,1576,1,20
1209,292,2,278,6,1582,1,60
1210,292,2,279,3,1585,397,30
1211,292,2,280,8,1593,1,80
1212,292,2,281,9,1602,1,90
1213,292,2,282,9,1611,1,90
1214,292,2,283,4,1615,1,40
1215,292,2,284,6,1621,1,60
1216,292,2,285,8,1629,389,80
1217,292,2,286,3,1632,1,30
1218,292,2,287,9,1641,284,90
1219,292,2,288,6,1647,1,60
1220,292,2,289,7,1654,1,70
1221,292,2,290,3,1657,1,30
1222,292,2,291,5,1662,1,50
1223,292,2,292,2,1664,1,20
1224,292,2,293,3,1667,1,30
1225,292,2,294,4,1671,1,40
1226,292,2,295,3,1674,1,30
1227,292,2,296,6,1680,1,60
1228,292,2,297,2,1682,1,20
1229,292,2,298,6,1688,1,60
1230,292,2,299,8,1696,1,80
1231,292,2,300,2,1698,1,20
1232,292,2,301,9,1707,1,90
1233,292,2,302,8,1715,1,80
1234,292,2,303,8,1723,1,80
1235,292,2,304,9,1732,1,90
1236,292,2,305,3,1735,1,30
1237,292,2,306,6,1741,1,60
1238,292,2,307,6,1747,1,60
1239,292,2,308,8,1755,1,80
1240,292,2,309,9,1764,1,90
1241,292,2,310,9,1773,1,90
1242,292,2,311,6,1779,1,60
1243,292,2,312,7,1786,1,70
1244,292,2,313,6,1792,1,60
1245,292,2,314,9,1801,714,90
1246,292,2,315,7,1808,1,70
1247,292,2,316,2,1810,1,20
1248,292,2,317,4,1814,1,40
1249,292,2,318,5,1819,1,50
1250,292,2,319,3,1822,1,30
1251,292,2,320,6,1828,1,60
1252,292,2,321,2,1830,1,20
1253,292,2,322,7,1837,1,70
1254,292,2,323,4,1841,1,40
1255,292,2,324,6,1847,1,60
1256,292,2,325,4,1851,1,40
1257,292,2,326,9,1860,659,90
1258,292,2,327,3,1863,464,30
1259,292,2,328,5,1868,1,50
1260,292,2,329,8,1876,334,80
1261,292,2,330,7,1883,1,70
1262,292,2,331,7,1890,273,70
1263,292,2,332,2,1892,1,20
1264,292,2,333,5,1897,1,50
1265,292,2,334,4,1901,1,40
1266,292,2,335,9,1910,1,90
1267,292,2,336,2,1912,1,20
1268,292,2,337,7,1919,1,70
1269,292,2,338,9,1928,1,90
1270,292,2,339,7,1935,1,70
1271,292,2,340,5,1940,370,50
1272,292,2,341,8,1948,256,80
1273,292,2,342,3,1951,1,30
1274,292,2,343,3,1954,205,30
1275,292,2,344,6,1960,1,60
1276,292,2,345,5,1965,1,50
1277,292,2,346,2,1967,1,20
1278,292,2,347,5,1972,1,50
1279,292,2,348,3,1975,1,30
1280,292,2,349,5,1980,1,50
1281,292,2,350,7,1987,1,70
1282,292,2,351,7,1994,1,70
1283,292,2,352,9,2003,1,90
1284,292,2,353,3,2006,1,30
1285,292,2,354,2,2008,1,20
1286,292,2,355,7,2015,1,70
1287,292,2,356,5,2020,1,50
1288,292,2,357,5,2025,1,50
1289,292,2,358,7,2032,1,70
1290,292,2,359,7,2039,1,70
1291,292,2,360,9,2048,1,90
1292,292,2,361,8,2056,1,80
1293,292,2,362,5,2061,1,50
1294,292,2,363,8,2069,1,80
1295,292,2,364,9,2078,1,90
1296,292,2,365,3,2081,1,30
1297,292,2,366,7,2088,1,70
1298,292,2,367,9,2097,602,90
1299,292,2,368,3,2100,436,30
1300,292,2,369,7,2107,1,70
1301,292,2,370,9,2116,1,90
1302,292,2,371,5,2121,1,50
1303,292,2,372,4,2125,385,40
1304,292,2,373,3,2128,1,30
1305,292,2,374,3,2131,1,30
1306,292,2,375,2,2133,1,20
1307,292,2,376,8,2141,1,80
1308,292,2,377,9,2150,1,90
1309,292,2,378,6,2156,1,60
1310,292,2,379,4,2160,1,40
1311,292,2,380,3,2163,1,30
1312,292,2,381,5,2168,1,50
1313,292,2,382,5,2173,1,50
1314,292,2,383,8,2181,1,80
1315,292,2,384,3,2184,1,30
1316,292,2,385,6,2190,426,60
1317,292,2,386,5,2195,1,50
1318,292,2,387,5,2200,1,50
1319,292,2,388,3,2203,1,30
1320,292,2,389,4,2207,1,40
1321,292,2,390,3,2210,1,30
1322,292,2,391,2,2212,1,20
1323,292,2,392,9,2221,1,90
1324,292,2,393,5,2226,423,50
1325,292,2,394,9,2235,1,90
1326,292,2,395,8,2243,1,80
1327,292,2,396,6,2249,1,60
1328,292,2,397,3,2252,1,30
1329,292,2,398,8,2260,1,80
1330,292,2,399,8,2268,1,80
1331,292,2,400,2,2270,1,20
1332,292,2,401,3,2273,458,30
1333,292,2,402,3,2276,1,30
1334,292,2,403,8,2284,1,80
1335,292,2,404,3,2287,323,30
1336,292,2,405,8,2295,1,80
1337,292,2,406,7,2302,1,70
1338,292,2,407,2,2304,1,20
1339,292,2,408,9,2313,296,90
1340,292,2,409,4,2317,1,40
1341,292,2,410,5,2322,1,50
1342,292,2,411,2,2324,1,20
1343,292,2,412,9,2333,1,90
1344,292,2,413,6,2339,1,60
1345,292,2,414,8,2347,1,80
1346,292,2,415,3,2350,1,30
1347,292,2,416,7,2357,355,70
1348,292,2,417,9,2366,271,90
1349,292,2,418,6,2372,1,60
1350,292,2,419,5,2377,213,50
1351,292,2,420,3,2380,1,30
1352,292,2,421,2,2382,1,20
1353,292,2,422,3,2385,147,30
1354,292,2,423,3,2388,1,30
1355,292,2,424,2,2390,115,20
1356,292,2,425,4,2394,1,40
1357,292,2,426,2,2396,1,20
1358,292,2,427,7,2403,1,70
1359,292,2,428,9,2412,158,90
1360,292,2,429,5,2417,1,50
1361,292,2,430,7,2424,1,70
1362,292,2,431,2,2426,1,20
1363,292,2,432,6,2432,1,60
1364,292,2,433,7,2439,1,70
1365,292,2,434,2,2441,1,20
1366,292,2,435,4,2445,200,40
1367,292,2,436,2,2447,158,20
1368,292,2,437,2,2449,99,20
1369,292,2,438,9,2458,1,90
1370,292,2,439,2,2460,1,20
1371,292,2,440,3,2463,123,30
1372,292,2,441,3,2466,1,30
1373,292,2,442,7,2473,1,70
1374,292,2,443,7,2480,1,70
1375,292,2,444,2,2482,1,20
1376,292,2,445,4,2486,1,40
1377,292,2,446,8,2494,1,80
1378,292,2,447,6,2500,1,60
1379,292,2,448,7,2507,1,70
1380,292,2,449,6,2513,1,60
1381,292,2,450,3,2516,1,30
1382,292,2,451,9,2525,307,90
1383,292,2,452,5,2530,1,50
1384,292,2,453,8,2538,1,80
1385,292,2,454,9,2547,1,90
1386,292,2,455,6,2553,1,60
1387,292,2,456,8,2561,329,80
1388,292,2,457,7,2568,1,70
1389,292,2,458,6,2574,1,60
1390,292,2,459,8,2582,1,80
1391,292,2,460,7,2589,1,70
1392,292,2,461,2,2591,330,20
1393,292,2,462,2,2593,1,20
1394,292,2,463,4,2597,225,40
1395,292,2,464,6,2603,1,60
1396,292,2,465,4,2607,183,40
1397,292,2,466,5,2612,1,50
1398,292,2,467,7,2619,1,70
1399,292,2,468,2,2621,1,20
1400,292,2,469,5,2626,1,50
1401,292,2,470,5,2631,1,50
1402,292,2,471,3,2634,1,30
1403,292,2,472,9,2643,1,90
1404,292,2,473,4,2647,1,40
1405,292,2,474,5,2652,1,50
1406,292,2,475,6,2658,312,60
1407,292,2,476,5,2663,1,50
1408,292,2,477,5,2668,1,50
1409,292,2,478,5,2673,1,50
1410,292,2,479,4,2677,1,40
1411,292,2,480,6,2683,1,60
1412,292,2,481,9,2692,1,90
1413,292,2,482,4,2696,1,40
1414,292,2,483,8,2704,1,80
1415,292,2,484,3,2707,1,30
1416,292,2,485,7,2714,1,70
1417,292,2,486,7,2721,1,70
1418,292,2,487,6,2727,404,60
1419,292,2,488,7,2734,315,70
1420,292,2,489,6,2740,1,60
1421,292,2,490,8,2748,1,80
1422,292,2,491,6,2754,1,60
1423,292,2,492,5,2759,1,50
1424,292,2,493,4,2763,1,40
1425,292,2,494,3,2766,1,30
1426,292,2,495,4,2770,1,40
1427,292,2,496,9,2779,1,90
1428,292,2,497,8,2787,1,80
1429,292,2,498,3,2790,1,30
1430,292,2,499,2,2792,1,20
1431,292,2,500,9,2801,1,90
1432,292,2,501,9,2810,1,90
1433,292,2,502,3,2813,1,30
1434,292,2,503,3,2816,1,30
1435,292,2,504,6,2822,517,60
1436,292,2,505,7,2829,353,70
1437,292,2,506,4,2833,1,40
1438,292,2,507,4,2837,1,40
1439,292,2,508,3,2840,1,30
1440,292,2,509,5,2845,288,50
1441,292,2,510,7,2852,1,70
1442,292,2,511,5,2857,1,50
1443,292,2,512,9,2866,1,90
1444,292,2,513,6,2872,1,60
1445,292,2,514,7,2879,1,70
1446,292,2,515,8,2887,313,80
1447,292,2,516,8,2895,1,80
1448,292,2,517,7,2902,1,70
1449,292,2,518,3,2905,255,30
1450,292,2,519,4,2909,186,40
1451,292,2,520,9,2918,171,90
1452,292,2,521,8,2926,1,80
1453,292,2,522,3,2929,1,30
1454,292,2,523,9,2938,1,90
1455,292,2,524,3,2941,1,30
1456,292,2,525,7,2948,1,70
1457,292,2,526,6,2954,1,60
1458,292,2,527,5,2959,1,50
1459,292,2,528,5,2964,1,50
1460,292,2,529,9,2973,301,90
1461,292,2,530,9,2982,223,90
1462,292,2,531,6,2988,177,60
1463,292,2,532,7,2995,1,70
1464,292,2,533,3,2998,1,30
1465,292,2,534,3,3001,1,30
1466,292,2,535,2,3003,1,20
1467,292,2,536,9,3012,184,90
1468,292,2,537,3,3015,1,30
1469,292,2,538,9,3024,149,90
1470,292,2,539,6,3030,1,60
1471,292,2,540,4,3034,1,40
1472,292,2,541,6,3040,1,60
1473,292,2,542,3,3043,1,30
1474,292,2,543,4,3047,1,40
1475,292,2,544,4,3051,1,40
1476,292,2,545,9,3060,1,90
1477,292,2,546,9,3069,1,90
1478,292,2,547,5,3074,1,50
1479,292,2,548,4,3078,1,40
1480,292,2,549,9,3087,1,90
1481,292,2,550,8,3095,1,80
1482,292,2,551,8,3103,357,80
1483,292,2,552,8,3111,1,80
1484,292,2,553,8,3119,1,80
1485,292,2,554,5,3124,1,50
1486,292,2,555,8,3132,1,80
1487,292,2,556,4,3136,1,40
1488,292,2,557,8,3144,396,80
1489,292,2,558,3,3147,275,30
1490,292,2,559,5,3152,1,50
1491,292,2,560,6,3158,1,60
1492,292,2,561,4,3162,1,40
1493,292,2,562,3,3165,1,30
1494,292,2,563,3,3168,1,30
1495,292,2,564,2,3170,1,20
1496,292,2,565,7,3177,1,70
1497,292,2,566,7,3184,1,70
1498,292,2,567,9,3193,1,90
1499,292,2,568,8,3201,1,80
1500,292,2,569,7,3208,1,70
1501,292,2,570,5,3213,428,50
1502,292,2,571,3,3216,1,30
1503,292,2,572,7,3223,1,70
1504,292,2,573,4,3227,1,40
1505,292,2,574,4,3231,1,40
1506,292,2,575,9,3240,1,90
1507,292,2,576,4,3244,1,40
1508,292,2,577,9,3253,389,90
1509,292,2,578,2,3255,248,20
1510,292,2,579,9,3264,1,90
1511,292,2,580,8,3272,1,80
1512,292,2,581,6,3278,256,60
1513,292,2,582,6,3284,165,60
1514,292,2,583,6,3290,1,60
1515,292,2,584,7,3297,1,70
1516,292,2,585,2,3299,1,20
1517,292,2,586,5,3304,1,50
1518,292,2,587,2,3306,188,20
1519,292,2,588,7,3313,1,70
1520,292,2,589,3,3316,1,30
1521,292,2,590,4,3320,1,40
1522,292,2,591,4,3324,1,40
1523,292,2,592,8,3332,1,80
1524,292,2,593,2,3334,214,20
1525,292,2,594,4,3338,176,40
1526,292,2,595,6,3344,1,60
1527,292,2,596,6,3350,1,60
1528,292,2,597,2,3352,1,20
1529,292,2,598,3,3355,1,30
1530,292,2,599,9,3364,1,90
1531,292,2,600,6,3370,1,60
1532,292,2,601,4,3374,1,40
1533,292,2,602,7,3381,1,70
1534,292,2,603,7,3388,1,70
1535,292,2,604,9,3397,1,90
1536,292,2,605,4,3401,1,40
1537,292,2,606,8,3409,1,80
1538,292,2,607,5,3414,1,50
1539,292,2,608,2,3416,1,20
1540,292,2,609,2,3418,1,20
1541,292,2,610,9,3427,1,90
1542,292,2,611,9,3436,1,90
1543,292,2,612,2,3438,432,20
1544,292,2,613,7,3445,1,70
1545,292,2,614,4,3449,1,40
1546,292,2,615,4,3453,1,40
1547,292,2,616,6,3459,1,60
1548,292,2,617,7,3466,1,70
1549,292,2,618,5,3471,1,50
1550,292,2,619,5,3476,1,50
1551,292,2,620,4,3480,1,40
1552,292,2,621,6,3486,1,60
1553,292,2,622,5,3491,1,50
1554,292,2,623,5,3496,1,50
1555,292,2,624,4,3500,449,40
1556,292,2,625,7,3507,1,70
1557,292,2,626,5,3512,1,50
1558,292,2,627,9,3521,416,90
1559,292,2,628,7,3528,1,70
1560,292,2,629,5,3533,1,50
1561,292,2,630,9,3542,1,90
1562,292,2,631,9,3551,1,90
1563,292,2,632,2,3553,1,20
1564,292,2,633,7,3560,396,70
1565,292,2,634,6,3566,1,60
1566,292,2,635,2,3568,1,20
1567,292,2,636,5,3573,299,50
1568,292,2,637,4,3577,205,40
1569,292,2,638,8,3585,1,80
1570,292,2,639,7,3592,1,70
1571,292,2,640,8,3600,1,80
1572,292,2,641,9,3609,1,90
1573,292,2,642,4,3613,1,40
1574,292,2,643,7,3620,1,70
1575,292,2,644,5,3625,1,50
1576,292,2,645,5,3630,1,50
1577,292,2,646,2,3632,1,20
1578,292,2,647,9,3641,351,90
1579,292,2,648,4,3645,230,40
1580,292,2,649,7,3652,1,70
1581,292,2,650,5,3657,176,50
1582,292,2,651,7,3664,1,70
1583,292,2,652,5,3669,1,50
1584,292,2,653,3,3672,1,30
1585,292,2,654,8,3680,228,80
1586,292,2,655,9,3689,1,90
1587,292,2,656,9,3698,1,90
1588,292,2,657,6,3704,1,60
1589,292,2,658,6,3710,1,60
1590,292,2,659,8,3718,1,80
1591,292,2,660,5,3723,1,50
1592,292,2,661,7,3730,1,70
1593,292,2,662,2,3732,1,20
1594,292,2,663,5,3737,1,50
1595,292,2,664,5,3742,1,50
1596,292,2,665,4,3746,1,40
1597,292,2,666,8,3754,1,80
1598,292,2,667,8,3762,1,80
1599,292,2,668,7,3769,1,70
1600,292,2,669,2,3771,1,20
1601,292,2,670,5,3776,1,50
1602,292,2,671,9,3785,1,90
1603,292,2,672,3,3788,1,30
1604,292,2,673,8,3796,1,80
1605,292,2,674,2,3798,1,20
1606,292,2,675,2,3800,1,20
1607,292,2,676,7,3807,1,70
1608,292,2,677,4,3811,1,40
1609,292,2,678,2,3813,1,20
1610,292,2,679,2,3815,585,20
1611,292,2,680,8,3823,1,80
1612,292,2,681,3,3826,1,30
1613,292,2,682,7,3833,1,70
1614,292,2,683,8,3841,1,80
1615,292,2,684,3,3844,1,30
1616,292,2,685,4,3848,1,40
1617,292,2,686,8,3856,1,80
1618,292,2,687,6,3862,1,60
1619,292,2,688,7,3869,1,70
1620,292,2,689,2,3871,1,20
1621,292,2,690,9,3880,1,90
1622,292,2,691,8,3888,1,80
1623,292,2,692,7,3895,1,70
1624,292,2,693,2,3897,1,20
1625,292,2,694,9,3906,1,90
1626,292,2,695,4,3910,1,40
1627,292,2,696,8,3918,1,80
1628,292,2,697,4,3922,1,40
1629,292,2,698,7,3929,1,70
1630,292,2,699,8,3937,1,80
1631,292,2,700,4,3941,1,40
1632,292,2,701,3,3944,1,30
1633,292,2,702,6,3950,1,60
1634,292,2,703,8,3958,1,80
1635,292,2,704,9,3967,1,90
1636,292,2,705,5,3972,1,50
1637,292,2,706,6,3978,1,60
1638,292,2,707,6,3984,1,60
1639,292,2,708,3,3987,918,30
1640,292,2,709,2,3989,1,20
1641,292,2,710,9,3998,657,90
1642,292,2,711,7,4005,1,70
1643,292,2,712,4,4009,1,40
1644,292,2,713,4,4013,1,40
1645,292,2,714,7,4020,1,70
1646,292,2,715,7,4027,1,70
1647,292,2,716,7,4034,1,70
1648,292,2,717,7,4041,563,70
1649,292,2,718,6,4047,1,60
1650,292,2,719,7,4054,1,70
1651,292,2,720,4,4058,1,40
1652,292,2,721,5,4063,1,50
1653,292,2,722,5,4068,1,50
1654,292,2,723,5,4073,1,50
1655,292,2,724,2,4075,1,20
1656,292,2,725,6,4081,1,60
1657,292,2,726,3,4084,1,30
1658,292,2,727,5,4089,1,50
1659,292,2,728,2,4091,1,20
1660,292,2,729,5,4096,1,50
1661,292,2,730,2,4098,1,20
1662,292,2,731,8,4106,1,80
1663,292,2,732,9,4115,601,90
1664,292,2,733,8,4123,1,80
1665,292,2,734,4,4127,459,40
1666,292,2,735,3,4130,1,30
1667,292,2,736,7,4137,314,70
1668,292,2,737,6,4143,1,60
1669,292,2,738,4,4147,1,40
1670,292,2,739,8,4155,1,80
1671,292,2,740,6,4161,276,60
1672,292,2,741,6,4167,212,60
1673,292,2,742,6,4173,1,60
1674,292,2,743,2,4175,1,20
1675,292,2,744,3,4178,1,30
1676,292,2,745,9,4187,1,90
1677,292,2,746,7,4194,1,70
1678,292,2,747,8,4202,1,80
1679,292,2,748,4,4206,1,40
1680,292,2,749,2,4208,265,20
1681,292,2,750,6,4214,1,60
1682,292,2,751,8,4222,1,80
1683,292,2,752,3,4225,1,30
1684,292,2,753,8,4233,1,80
1685,292,2,754,3,4236,1,30
1686,292,2,755,2,4238,1,20
1687,292,2,756,3,4241,1,30
1688,292,2,757,3,4244,1,30
1689,292,2,758,9,4253,1,90
1690,292,2,759,4,4257,1,40
1691,292,2,760,9,4266,1,90
1692,292,2,761,9,4275,1,90
1693,292,2,762,9,4284,1,90
1694,292,2,763,9,4293,1,90
1695,292,2,764,4,4297,471,40
1696,292,2,765,9,4306,1,90
1697,292,2,766,7,4313,375,70
1698,292,2,767,9,4322,1,90
1699,292,2,768,2,4324,1,20
1700,292,2,769,4,4328,306,40
1701,292,2,770,2,4330,1,20
1702,292,2,771,5,4335,1,50
1703,292,2,772,5,4340,1,50
1704,292,2,773,9,4349,1,90
1705,292,2,774,3,4352,1,30
1706,292,2,775,7,4359,1,70
1707,292,2,776,7,4366,1,70
1708,292,2,777,9,4375,1,90
1709,292,2,778,3,4378,1,30
1710,292,2,779,6,4384,1,60
1711,292,2,780,8,4392,1,80
1712,292,2,781,3,4395,390,30
1713,292,2,782,2,4397,1,20
1714,292,2,783,3,4400,1,30
1715,292,2,784,2,4402,283,20
1716,292,2,785,4,4406,1,40
1717,292,2,786,4,4410,1,40
1718,292,2,787,5,4415,1,50
1719,292,2,788,8,4423,1,80
1720,292,2,789,3,4426,1,30
1721,292,2,790,9,4435,326,90
1722,292,2,791,8,4443,1,80
1723,292,2,792,8,4451,1,80
1724,292,2,793,7,4458,1,70
1725,292,2,794,9,4467,1,90
1726,292,2,795,9,4476,1,90
1727,292,2,796,8,4484,1,80
1728,292,2,797,2,4486,1,20
1729,292,2,798,2,4488,1,20
1730,292,2,799,2,4490,1,20
1731,292,2,800,5,4495,1,50
1732,292,2,801,4,4499,1,40
1733,292,2,802,2,4501,1,20
1734,292,2,803,7,4508,455,70
1735,292,2,804,5,4513,306,50
1736,292,2,805,9,4522,1,90
1737,292,2,806,6,4528,1,60
1738,292,2,807,4,4532,1,40
1739,292,2,808,6,4538,1,60
1740,292,2,809,6,4544,1,60
1741,292,2,810,5,4549,1,50
1742,292,2,811,8,4557,1,80
1743,292,2,812,5,4562,1,50
1744,292,2,813,3,4565,1,30
1745,292,2,814,3,4568,1,30
1746,292,2,815,8,4576,1,80
1747,292,2,816,2,4578,1,20
1748,292,2,817,7,4585,1,70
1749,292,2,818,4,4589,1,40
1750,292,2,819,5,4594,1,50
1751,292,2,820,9,4603,1,90
1752,292,2,821,8,4611,1,80
1753,292,2,822,5,4616,1,50
1754,292,2,823,6,4622,1,60
1755,292,2,824,2,4624,1,20
1756,292,2,825,7,4631,1,70
1757,292,2,826,9,4640,1,90
1758,292,2,827,3,4643,1,30
1759,292,2,828,5,4648,1,50
1760,292,2,829,7,4655,1,70
1761,292,2,830,9,4664,1,90
1762,292,2,831,3,4667,740,30
1763,292,2,832,9,4676,1,90
1764,292,2,833,3,4679,1,30
1765,292,2,834,4,4683,1,40
1766,292,2,835,3,4686,1,30
1767,292,2,836,3,4689,529,30
1768,292,2,837,7,4696,1,70
1769,292,2,838,5,4701,1,50
1770,292,2,839,9,4710,1,90
1771,292,2,840,2,4712,1,20
1772,292,2,841,6,4718,1,60
1773,292,2,842,2,4720,465,20
1774,292,2,843,5,4725,312,50
1775,292,2,844,9,4734,215,90
1776,292,2,845,7,4741,1,70
1777,292,2,846,9,4750,1,90
1778,292,2,847,7,4757,1,70
1779,292,2,848,6,4763,1,60
1780,292,2,849,9,4772,1,90
1781,292,2,850,5,4777,300,50
1782,292,2,851,7,4784,1,70
1783,292,2,852,9,4793,1,90
1784,292,2,853,7,4800,1,70
1785,292,2,854,8,4808,1,80
1786,292,2,855,3,4811,1,30
1787,292,2,856,3,4814,1,30
1788,292,2,857,7,4821,1,70
1789,292,2,858,6,4827,1,60
1790,292,2,859,3,4830,1,30
1791,292,2,860,3,4833,379,30
1792,292,2,861,8,4841,1,80
1793,292,2,862,2,4843,267,20
1794,292,2,863,3,4846,1,30
1795,292,2,864,7,4853,1,70
1796,292,2,865,3,4856,1,30
1797,292,2,866,4,4860,263,40
1798,292,2,867,5,4865,186,50
1799,292,2,868,5,4870,1,50
1800,292,2,869,9,4879,1,90
1801,292,2,870,8,4887,1,80
1802,292,2,871,8,4895,1,80
1803,292,2,872,4,4899,217,40
1804,292,2,873,5,4904,1,50
1805,292,2,874,8,4912,1,80
1806,292,2,875,4,4916,1,40
1807,292,2,876,3,4919,1,30
1808,292,2,877,8,4927,1,80
1809,292,2,878,7,4934,1,70
1810,292,2,879,6,4940,300,60
1811,292,2,880,3,4943,1,30
1812,292,2,881,9,4952,1,90
1813,292,2,882,5,4957,1,50
1814,292,2,883,7,4964,1,70
1815,292,2,884,3,4967,251,30
1816,292,2,885,2,4969,1,20
1817,292,2,886,6,4975,230,60
1818,292,2,887,8,4983,173,80
1819,292,2,888,5,4988,1,50
1820,292,2,889,8,4996,1,80
1821,292,3,1,6,6,20,60
1822,292,3,2,9,15,39,90
1823,292,3,3,6,21,49,60
1824,292,3,4,9,30,1,90
1825,292,3,5,2,32,1,20
1826,292,3,6,6,38,1,60
1827,292,3,7,3,41,1,30
1828,292,3,8,9,50,133,90
1829,292,3,9,2,52,1,20
1830,292,3,10,7,59,1,70
1831,292,3,11,4,63,122,40
1832,292,3,12,5,68,1,50
1833,292,3,13,4,72,1,40
1834,292,3,14,9,81,125,90
1835,292,3,15,2,83,1,20
1836,292,3,16,4,87,1,40
1837,292,3,17,2,89,137,20
1838,292,3,18,3,92,1,30
1839,292,3,19,8,100,1,80
1840,292,3,20,3,103,1,30
1841,292,3,21,9,112,1,90
1842,292,3,22,8,120,1,80
1843,292,3,23,8,128,214,80
1844,292,3,24,3,131,1,30
1845,292,3,25,5,136,1,50
1846,292,3,26,8,144,1,80
1847,292,3,27,2,146,1,20
1848,292,3,28,7,153,1,70
1849,292,3,29,7,160,1,70
1850,292,3,30,6,166,1,60
1851,292,3,31,3,169,1,30
1852,292,3,32,4,173,1,40
1853,292,3,33,4,177,326,40
1854,292,3,34,8,185,1,80
1855,292,3,35,7,192,1,70
1856,292,3,36,9,201,314,90
1857,292,3,37,3,204,1,30
1858,292,3,38,8,212,1,80
1859,292,3,39,6,218,1,60
1860,292,3,40,5,223,1,50
1861,292,3,41,6,229,1,60
1862,292,3,42,9,238,1,90
1863,292,3,43,9,247,1,90
1864,292,3,44,8,255,1,80
1865,292,3,45,9,264,1,90
1866,292,3,46,4,268,408,40
1867,292,3,47,2,270,1,20
1868,292,3,48,9,279,1,90
1869,292,3,49,8,287,1,80
1870,292,3,50,8,295,1,80
1871,292,3,51,8,303,1,80
1872,292,3,52,8,311,1,80
1873,292,3,53,5,316,1,50
1874,292,3,54,6,322,1,60
1875,292,3,55,9,331,1,90
1876,292,3,56,7,338,1,70
1877,292,3,57,9,347,1,90
1878,292,3,58,6,353,544,60
1879,292,3,59,5,358,1,50
1880,292,3,60,7,365,1,70
1881,292,3,61,9,374,1,90
1882,292,3,62,8,382,1,80
1883,292,3,63,6,388,1,60
1884,292,3,64,2,390,1,20
1885,292,3,65,6,396,1,60
1886,292,3,66,4,400,1,40
1887,292,3,67,6,406,1,60
1888,292,3,68,4,410,1,40
1889,292,3,69,6,416,1,60
1890,292,3,70,9,425,1,90
1891,292,3,71,6,431,1,60
1892,292,3,72,4,435,1,40
1893,292,3,73,3,438,1,30
1894,292,3,74,5,443,1,50
1895,292,3,75,5,448,1,50
1896,292,3,76,2,450,1,20
1897,292,3,77,2,452,1,20
1898,292,3,78,3,455,1,30
1899,292,3,79,7,462,1,70
1900,292,3,80,2,464,1,20
1901,292,3,81,8,472,1,80
1902,292,3,82,6,478,1,60
1903,292,3,83,8,486,785,80
1904,292,3,84,8,494,1,80
1905,292,3,85,6,500,564,60
1906,292,3,86,3,503,1,30
1907,292,3,87,5,508,410,50
1908,292,3,88,7,515,269,70
1909,292,3,89,8,523,1,80
1910,292,3,90,6,529,1,60
1911,292,3,91,5,534,276,50
1912,292,3,92,2,536,1,20
1913,292,3,93,6,542,1,60
1914,292,3,94,2,544,193,20
1915,292,3,95,3,547,1,30
1916,292,3,96,8,555,1,80
1917,292,3,97,9,564,1,90
1918,292,3,98,9,573,1,90
1919,292,3,99,3,576,1,30
1920,292,3,100,4,580,1,40
1921,292,3,101,9,589,1,90
1922,292,3,102,4,593,1,40
1923,292,3,103,6,599,1,60
1924,292,3,104,8,607,324,80
1925,292,3,105,2,609,1,20
1926,292,3,106,6,615,263,60
1927,292,3,107,9,624,1,90
1928,292,3,108,6,630,228,60
1929,292,3,109,3,633,1,30
1930,292,3,110,5,638,1,50
1931,292,3,111,6,644,203,60
1932,292,3,112,7,651,1,70
1933,292,3,113,3,654,1,30
1934,292,3,114,3,657,1,30
1935,292,3,115,9,666,1,90
1936,292,3,116,7,673,237,70
1937,292,3,117,8,681,1,80
1938,292,3,118,2,683,1,20
1939,292,3,119,4,687,1,40
1940,292,3,120,6,693,1,60
1941,292,3,121,6,699,1,60
1942,292,3,122,3,702,1,30
1943,292,3,123,3,705,1,30
1944,292,3,124,9,714,1,90
1945,292,3,125,7,721,1,70
1946,292,3,126,3,724,1,30
1947,292,3,127,7,731,1,70
1948,292,3,128,6,737,1,60
1949,292,3,129,5,742,1,50
1950,292,3,130,8,750,387,80
1951,292,3,131,9,759,1,90
1952,292,3,132,5,764,1,50
1953,292,3,133,3,767,1,30
1954,292,3,134,2,769,1,20
1955,292,3,135,4,773,1,40
1956,292,3,136,5,778,1,50
1957,292,3,137,9,787,1,90
1958,292,3,138,5,792,1,50
1959,292,3,139,6,798,1,60
1960,292,3,140,4,802,1,40
1961,292,3,141,9,811,1,90
1962,292,3,142,9,820,1,90
1963,292,3,143,5,825,1,50
1964,292,3,144,3,828,1,30
1965,292,3,145,2,830,1,20
1966,292,3,146,2,832,1,20
1967,292,3,147,9,841,1,90
1968,292,3,148,5,846,1,50
1969,292,3,149,4,850,1,40
1970,292,3,150,9,859,1,90
1971,292,3,151,9,868,673,90
1972,292,3,152,6,874,439,60
1973,292,3,153,4,878,305,40
1974,292,3,154,9,887,1,90
1975,292,3,155,7,894,1,70
1976,292,3,156,3,897,1,30
1977,292,3,157,6,903,1,60
1978,292,3,158,9,912,1,90
1979,292,3,159,7,919,371,70
1980,292,3,160,2,921,1,20
1981,292,3,161,3,924,1,30
1982,292,3,162,4,928,237,40
1983,292,3,163,2,930,1,20
1984,292,3,164,2,932,1,20
1985,292,3,165,9,941,1,90
1986,292,3,166,4,945,1,40
1987,292,3,167,5,950,1,50
1988,292,3,168,7,957,1,70
1989,292,3,169,5,962,1,50
1990,292,3,170,3,965,1,30
1991,292,3,171,3,968,1,30
1992,292,3,172,9,977,328,90
1993,292,3,173,3,980,1,30
1994,292,3,174,6,986,1,60
1995,292,3,175,8,994,1,80
1996,292,3,176,3,997,281,30
1997,292,3,177,8,1005,1,80
1998,292,3,178,4,1009,1,40
1999,292,3,179,3,1012,217,30
2000,292,3,180,8,1020,1,80
2001,292,3,181,9,1029,202,90
2002,292,3,182,8,1037,1,80
2003,292,3,183,5,1042,1,50
2004,292,3,184,6,1048,1,60
2005,292,3,185,3,1051,199,30
2006,292,3,186,6,1057,1,60
2007,292,3,187,4,1061,173,40
2008,292,3,188,4,1065,1,40
2009,292,3,189,7,1072,139,70
2010,292,3,190,3,1075,103,30
2011,292,3,191,3,1078,1,30
2012,292,3,192,9,1087,106,90
2013,292,3,193,6,1093,1,60
2014,292,3,194,5,1098,1,50
2015,292,3,195,6,1104,1,60
2016,292,3,196,8,1112,165,80
2017,292,3,197,6,1118,1,60
2018,292,3,198,6,1124,1,60
2019,292,3,199,5,1129,1,50
2020,292,3,200,6,1135,1,60
2021,292,3,201,4,1139,1,40
2022,292,3,202,2,1141,1,20
2023,292,3,203,2,1143,1,20
2024,292,3,204,7,1150,1,70
2025,292,3,205,6,1156,269,60
2026,292,3,206,5,1161,1,50
2027,292,3,207,3,1164,201,30
2028,292,3,208,7,1171,1,70
2029,292,3,209,2,1173,145,20
2030,292,3,210,7,1180,1,70
2031,292,3,211,5,1185,1,50
2032,292,3,212,4,1189,1,40
2033,292,3,213,4,1193,1,40
2034,292,3,214,9,1202,1,90
2035,292,3,215,3,1205,1,30
2036,292,3,216,6,1211,208,60
2037,292,3,217,6,1217,1,60
2038,292,3,218,2,1219,1,20
2039,292,3,219,5,1224,1,50
2040,292,3,220,2,1226,1,20
2041,292,3,221,2,1228,1,20
2042,292,3,222,9,1237,1,90
2043,292,3,223,9,1246,291,90
2044,292,3,224,7,1253,1,70
2045,292,3,225,5,1258,1,50
2046,292,3,226,5,1263,1,50
2047,292,3,227,8,1271,1,80
2048,292,3,228,7,1278,1,70
2049,292,3,229,2,1280,1,20
2050,292,3,230,6,1286,1,60
2051,292,3,231,2,1288,1,20
2052,292,3,232,6,1294,339,60
2053,292,3,233,3,1297,1,30
2054,292,3,234,2,1299,1,20
2055,292,3,235,7,1306,276,70
2056,292,3,236,8,1314,1,80
2057,292,3,237,9,1323,1,90
2058,292,3,238,9,1332,1,90
2059,292,3,239,4,1336,1,40
2060,292,3,240,3,1339,1,30
2061,292,3,241,5,1344,1,50
2062,292,3,242,4,1348,353,40
2063,292,3,243,6,1354,1,60
2064,292,3,244,9,1363,1,90
2065,292,3,245,4,1367,1,40
2066,292,3,246,6,1373,1,60
2067,292,3,247,4,1377,1,40
2068,292,3,248,9,1386,1,90
2069,292,3,249,3,1389,1,30
2070,292,3,250,8,1397,1,80
2071,292,3,251,6,1403,1,60
2072,292,3,252,4,1407,1,40
2073,292,3,253,6,1413,1,60
2074,292,3,254,5,1418,1,50
2075,292,3,255,8,1426,1,80
2076,292,3,256,3,1429,1,30
2077,292,3,257,2,1431,1,20
2078,292,3,258,3,1434,482,30
2079,292,3,259,5,1439,1,50
2080,292,3,260,9,1448,1,90
2081,292,3,261,7,1455,1,70
2082,292,3,262,8,1463,1,80
2083,292,3,263,4,1467,1,40
2084,292,3,264,4,1471,480,40
2085,292,3,265,8,1479,1,80
2086,292,3,266,4,1483,327,40
2087,292,3,267,9,1492,1,90
2088,292,3,268,7,1499,288,70
2089,292,3,269,8,1507,1,80
2090,292,3,270,8,1515,1,80
2091,292,3,271,8,1523,271,80
2092,292,3,272,9,1532,1,90
2093,292,3,273,6,1538,214,60
2094,292,3,274,7,1545,207,70
2095,292,3,275,8,1553,1,80
2096,292,3,276,2,1555,1,20
2097,292,3,277,5,1560,168,50
2098,292,3,278,4,1564,1,40
2099,292,3,279,4,1568,1,40
2100,292,3,280,6,1574,166,60
2101,292,3,281,3,1577,1,30
2102,292,3,282,8,1585,140,80
2103,292,3,283,9,1594,118,90
2104,292,3,284,6,1600,1,60
2105,292,3,285,4,1604,1,40
2106,292,3,286,9,1613,1,90
2107,292,3,287,3,1616,1,30
2108,292,3,288,3,1619,167,30
2109,292,3,289,9,1628,1,90
2110,292,3,290,9,1637,1,90
2111,292,3,291,5,1642,1,50
2112,292,3,292,2,1644,175,20
2113,292,3,293,9,1653,1,90
2114,292,3,294,9,1662,1,90
2115,292,3,295,7,1669,1,70
2116,292,3,296,3,1672,213,30
2117,292,3,297,5,1677,1,50
2118,292,3,298,9,1686,1,90
2119,292,3,299,7,1693,218,70
2120,292,3,300,2,1695,1,20
2121,292,3,301,9,1704,1,90
2122,292,3,302,4,1708,1,40
2123,292,3,303,7,1715,1,70
2124,292,3,304,5,1720,1,50
2125,292,3,305,9,1729,1,90
2126,292,3,306,2,1731,1,20
2127,292,3,307,7,1738,1,70
2128,292,3,308,2,1740,303,20
2129,292,3,309,5,1745,1,50
2130,292,3,310,7,1752,244,70
2131,292,3,311,2,1754,1,20
2132,292,3,312,2,1756,1,20
2133,292,3,313,5,1761,193,50
2134,292,3,314,3,1764,143,30
2135,292,3,315,8,1772,1,80
2136,292,3,316,9,1781,152,90
2137,292,3,317,4,1785,106,40
2138,292,3,318,7,1792,1,70
2139,292,3,319,3,1795,1,30
2140,292,3,320,2,1797,102,20
2141,292,3,321,4,1801,1,40
2142,292,3,322,6,1807,1,60
2143,292,3,323,3,1810,1,30
2144,292,3,324,5,1815,1,50
2145,292,3,325,7,1822,162,70
2146,292,3,326,8,1830,120,80
2147,292,3,327,2,1832,1,20
2148,292,3,328,3,1835,1,30
2149,292,3,329,3,1838,1,30
2150,292,3,330,3,1841,1,30
2151,292,3,331,6,1847,1,60
2152,292,3,332,8,1855,186,80
2153,292,3,333,6,1861,1,60
2154,292,3,334,7,1868,160,70
2155,292,3,335,7,1875,114,70
2156,292,3,336,6,1881,1,60
2157,292,3,337,4,1885,1,40
2158,292,3,338,3,1888,1,30
2159,292,3,339,9,1897,1,90
2160,292,3,340,7,1904,172,70
2161,292,3,341,3,1907,1,30
2162,292,3,342,9,1916,140,90
2163,292,3,343,2,1918,1,20
2164,292,3,344,6,1924,124,60
2165,292,3,345,5,1929,117,50
2166,292,3,346,6,1935,76,60
2167,292,3,347,3,1938,1,30
2168,292,3,348,4,1942,1,40
2169,292,3,349,5,1947,92,50
2170,292,3,350,6,1953,1,60
2171,292,3,351,4,1957,1,40
2172,292,3,352,6,1963,1,60
2173,292,3,353,9,1972,1,90
2174,292,3,354,6,1978,1,60
2175,292,3,355,9,1987,250,90
2176,292,3,356,8,1995,1,80
2177,292,3,357,6,2001,1,60
2178,292,3,358,4,2005,1,40
2179,292,3,359,2,2007,1,20
2180,292,3,360,5,2012,1,50
2181,292,3,361,7,2019,1,70
2182,292,3,362,9,2028,1,90
2183,292,3,363,5,2033,1,50
2184,292,3,364,7,2040,307,70
2185,292,3,365,8,2048,1,80
2186,292,3,366,3,2051,1,30
2187,292,3,367,9,2060,1,90
2188,292,3,368,7,2067,1,70
2189,292,3,369,3,2070,1,30
2190,292,3,370,4,2074,1,40
2191,292,3,371,6,2080,1,60
2192,292,3,372,6,2086,1,60
2193,292,3,373,7,2093,1,70
2194,292,3,374,2,2095,1,20
2195,292,3,375,3,2098,1,30
2196,292,3,376,7,2105,446,70
2197,292,3,377,7,2112,1,70
2198,292,3,378,8,2120,1,80
2199,292,3,379,5,2125,1,50
2200,292,3,380,8,2133,1,80
2201,292,3,381,8,2141,1,80
2202,292,3,382,3,2144,1,30
2203,292,3,383,6,2150,430,60
2204,292,3,384,6,2156,322,60
2205,292,3,385,6,2162,1,60
2206,292,3,386,7,2169,1,70
2207,292,3,387,2,2171,1,20
2208,292,3,388,5,2176,261,50
2209,292,3,389,3,2179,1,30
2210,292,3,390,2,2181,190,20
2211,292,3,391,3,2184,1,30
2212,292,3,392,4,2188,1,40
2213,292,3,393,5,2193,168,50
2214,292,3,394,3,2196,1,30
2215,292,3,395,3,2199,1,30
2216,292,3,396,3,2202,1,30
2217,292,3,397,2,2204,1,20
2218,292,3,398,7,2211,1,70
2219,292,3,399,2,2213,1,20
2220,292,3,400,9,2222,1,90
2221,292,3,401,3,2225,222,30
2222,292,3,402,9,2234,170,90
2223,292,3,403,3,2237,1,30
2224,292,3,404,9,2246,1,90
2225,292,3,405,4,2250,1,40
2226,292,3,406,5,2255,179,50
2227,292,3,407,7,2262,1,70
2228,292,3,408,4,2266,155,40
2229,292,3,409,7,2273,1,70
2230,292,3,410,7,2280,1,70
2231,292,3,411,6,2286,1,60
2232,292,3,412,8,2294,1,80
2233,292,3,413,8,2302,1,80
2234,292,3,414,7,2309,257,70
2235,292,3,415,8,2317,1,80
2236,292,3,416,9,2326,1,90
2237,292,3,417,6,2332,1,60
2238,292,3,418,9,2341,261,90
2239,292,3,419,2,2343,1,20
2240,292,3,420,7,2350,1,70
2241,292,3,421,2,2352,1,20
2242,292,3,422,8,2360,264,80
2243,292,3,423,6,2366,1,60
2244,292,3,424,8,2374,1,80
2245,292,3,425,2,2376,1,20
2246,292,3,426,7,2383,260,70
2247,292,3,427,4,2387,1,40
2248,292,3,428,9,2396,1,90
2249,292,3,429,6,2402,1,60
2250,292,3,430,9,2411,233,90
2251,292,3,431,2,2413,176,20
2252,292,3,432,5,2418,1,50
2253,292,3,433,3,2421,1,30
2254,292,3,434,8,2429,165,80
2255,292,3,435,9,2438,1,90
2256,292,3,436,2,2440,1,20
2257,292,3,437,9,2449,1,90
2258,292,3,438,6,2455,221,60
2259,292,3,439,5,2460,149,50
2260,292,3,440,3,2463,1,30
2261,292,3,441,4,2467,115,40
2262,292,3,442,9,2476,1,90
2263,292,3,443,2,2478,1,20
2264,292,3,444,2,2480,1,20
2265,292,3,445,2,2482,1,20
2266,292,3,446,3,2485,1,30
2267,292,3,447,8,2493,1,80
2268,292,3,448,4,2497,214,40
2269,292,3,449,3,2500,1,30
2270,292,3,450,4,2504,1,40
2271,292,3,451,2,2506,157,20
2272,292,3,452,3,2509,1,30
2273,292,3,453,8,2517,1,80
2274,292,3,454,3,2520,1,30
2275,292,3,455,5,2525,1,50
2276,292,3,456,2,2527,158,20
2277,292,3,457,2,2529,1,20
2278,292,3,458,7,2536,1,70
2279,292,3,459,9,2545,1,90
2280,292,3,460,3,2548,1,30
2281,292,3,461,7,2555,1,70
2282,292,3,462,6,2561,1,60
2283,292,3,463,6,2567,1,60
2284,292,3,464,7,2574,1,70
2285,292,3,465,8,2582,1,80
2286,292,3,466,8,2590,1,80
2287,292,3,467,4,2594,1,40
2288,292,3,468,9,2603,393,90
2289,292,3,469,6,2609,1,60
2290,292,3,470,9,2618,1,90
2291,292,3,471,8,2626,320,80
2292,292,3,472,3,2629,1,30
2293,292,3,473,8,2637,1,80
2294,292,3,474,8,2645,258,80
2295,292,3,475,2,2647,1,20
2296,292,3,476,9,2656,1,90
2297,292,3,477,5,2661,1,50
2298,292,3,478,3,2664,1,30
2299,292,3,479,6,2670,241,60
2300,292,3,480,9,2679,1,90
2301,292,3,481,5,2684,1,50
2302,292,3,482,2,2686,228,20
2303,292,3,483,9,2695,1,90
2304,292,3,484,8,2703,1,80
2305,292,3,485,3,2706,229,30
2306,292,3,486,3,2709,164,30
2307,292,3,487,2,2711,1,20
2308,292,3,488,7,2718,1,70
2309,292,3,489,6,2724,1,60
2310,292,3,490,9,2733,1,90
2311,292,3,491,6,2739,1,60
2312,292,3,492,4,2743,1,40
2313,292,3,493,8,2751,1,80
2314,292,3,494,5,2756,1,50
2315,292,3,495,2,2758,1,20
2316,292,3,496,4,2762,1,40
2317,292,3,497,5,2767,1,50
2318,292,3,498,6,2773,1,60
2319,292,3,499,5,2778,360,50
2320,292,3,500,7,2785,1,70
2321,292,3,501,3,2788,1,30
2322,292,3,502,7,2795,1,70
2323,292,3,503,2,2797,1,20
2324,292,3,504,9,2806,1,90
2325,292,3,505,7,2813,1,70
2326,292,3,506,3,2816,1,30
2327,292,3,507,6,2822,1,60
2328,292,3,508,7,2829,1,70
2329,292,3,509,6,2835,1,60
2330,292,3,510,7,2842,1,70
2331,292,3,511,4,2846,1,40
2332,292,3,512,5,2851,1,50
2333,292,3,513,7,2858,1,70
2334,292,3,514,3,2861,1,30
2335,292,3,515,6,2867,1,60
2336,292,3,516,6,2873,1,60
2337,292,3,517,6,2879,1,60
2338,292,3,518,5,2884,1,50
2339,292,3,519,7,2891,1,70
2340,292,3,520,8,2899,1,80
2341,292,3,521,7,2906,1,70
2342,292,3,522,2,2908,1,20
2343,292,3,523,3,2911,717,30
2344,292,3,524,9,2920,469,90
2345,292,3,525,4,2924,1,40
2346,292,3,526,9,2933,1,90
2347,292,3,527,7,2940,1,70
2348,292,3,528,3,2943,357,30
2349,292,3,529,7,2950,268,70
2350,292,3,530,5,2955,1,50
2351,292,3,531,7,2962,1,70
2352,292,3,532,9,2971,260,90
2353,292,3,533,5,2976,172,50
2354,292,3,534,6,2982,1,60
2355,292,3,535,6,2988,1,60
2356,292,3,536,5,2993,1,50
2357,292,3,537,6,2999,1,60
2358,292,3,538,3,3002,1,30
2359,292,3,539,7,3009,1,70
2360,292,3,540,9,3018,1,90
2361,292,3,541,7,3025,1,70
2362,292,3,542,7,3032,1,70
2363,292,3,543,9,3041,365,90
2364,292,3,544,4,3045,1,40
2365,292,3,545,3,3048,240,30
2366,292,3,546,4,3052,1,40
2367,292,3,547,8,3060,193,80
2368,292,3,548,9,3069,1,90
2369,292,3,549,5,3074,1,50
2370,292,3,550,7,3081,1,70
2371,292,3,551,5,3086,1,50
2372,292,3,552,6,3092,1,60
2373,292,3,553,8,3100,1,80
2374,292,3,554,4,3104,1,40
2375,292,3,555,8,3112,1,80
2376,292,3,556,5,3117,302,50
2377,292,3,557,9,3126,1,90
2378,292,3,558,5,3131,1,50
2379,292,3,559,8,3139,1,80
2380,292,3,560,4,3143,1,40
2381,292,3,561,3,3146,1,30
2382,292,3,562,6,3152,1,60
2383,292,3,563,2,3154,1,20
2384,292,3,564,8,3162,1,80
2385,292,3,565,6,3168,1,60
2386,292,3,566,3,3171,1,30
2387,292,3,567,7,3178,1,70
2388,292,3,568,4,3182,1,40
2389,292,3,569,9,3191,1,90
2390,292,3,570,8,3199,1,80
2391,292,3,571,9,3208,1,90
2392,292,3,572,9,3217,1,90
2393,292,3,573,6,3223,584,60
2394,292,3,574,9,3232,1,90
2395,292,3,575,3,3235,392,30
2396,292,3,576,8,3243,1,80
2397,292,3,577,8,3251,1,80
2398,292,3,578,4,3255,1,40
2399,292,3,579,5,3260,1,50
2400,292,3,580,8,3268,1,80
2401,292,3,581,9,3277,1,90
2402,292,3,582,4,3281,1,40
2403,292,3,583,8,3289,494,80
2404,292,3,584,4,3293,1,40
2405,292,3,585,9,3302,1,90
2406,292,3,586,7,3309,1,70
2407,292,3,587,7,3316,1,70
2408,292,3,588,3,3319,1,30
2409,292,3,589,5,3324,1,50
2410,292,3,590,3,3327,1,30
2411,292,3,591,3,3330,1,30
2412,292,3,592,6,3336,1,60
2413,292,3,593,6,3342,1,60
2414,292,3,594,5,3347,1,50
2415,292,3,595,3,3350,513,30
2416,292,3,596,2,3352,364,20
2417,292,3,597,7,3359,1,70
2418,292,3,598,6,3365,1,60
2419,292,3,599,5,3370,1,50
2420,292,3,600,5,3375,275,50
2421,292,3,601,4,3379,1,40
2422,292,3,602,7,3386,1,70
2423,292,3,603,9,3395,1,90
2424,292,3,604,7,3402,1,70
2425,292,3,605,9,3411,1,90
2426,292,3,606,6,3417,1,60
2427,292,3,607,5,3422,1,50
2428,292,3,608,2,3424,380,20
2429,292,3,609,4,3428,1,40
2430,292,3,610,6,3434,294,60
2431,292,3,611,8,3442,1,80
2432,292,3,612,5,3447,1,50
2433,292,3,613,3,3450,237,30
2434,292,3,614,6,3456,1,60
2435,292,3,615,4,3460,1,40
2436,292,3,616,7,3467,1,70
2437,292,3,617,8,3475,1,80
2438,292,3,618,8,3483,1,80
2439,292,3,619,8,3491,1,80
2440,292,3,620,9,3500,1,90
2441,292,3,621,6,3506,1,60
2442,292,3,622,5,3511,1,50
2443,292,3,623,8,3519,1,80
2444,292,3,624,6,3525,1,60
2445,292,3,625,2,3527,1,20
2446,292,3,626,3,3530,417,30
2447,292,3,627,5,3535,1,50
2448,292,3,628,2,3537,281,20
2449,292,3,629,7,3544,225,70
2450,292,3,630,8,3552,1,80
2451,292,3,631,2,3554,1,20
2452,292,3,632,5,3559,1,50
2453,292,3,633,2,3561,1,20
2454,292,3,634,5,3566,1,50
2455,292,3,635,7,3573,1,70
2456,292,3,636,3,3576,268,30
2457,292,3,637,4,3580,1,40
2458,292,3,638,5,3585,1,50
2459,292,3,639,5,3590,1,50
2460,292,3,640,4,3594,1,40
2461,292,3,641,2,3596,1,20
2462,292,3,642,2,3598,1,20
2463,292,3,643,4,3602,1,40
2464,292,3,644,6,3608,1,60
2465,292,3,645,2,3610,1,20
2466,292,3,646,9,3619,291,90
2467,292,3,647,7,3626,1,70
2468,292,3,648,2,3628,226,20
2469,292,3,649,4,3632,175,40
2470,292,3,650,5,3637,1,50
2471,292,3,651,7,3644,1,70
2472,292,3,652,4,3648,1,40
2473,292,3,653,5,3653,1,50
2474,292,3,654,5,3658,1,50
2475,292,3,655,6,3664,237,60
2476,292,3,656,9,3673,1,90
2477,292,3,657,3,3676,1,30
2478,292,3,658,3,3679,1,30
2479,292,3,659,3,3682,216,30
2480,292,3,660,2,3684,132,20
2481,292,3,661,2,3686,91,20
2482,292,3,662,6,3692,1,60
2483,292,3,663,6,3698,1,60
2484,292,3,664,8,3706,1,80
2485,292,3,665,4,3710,146,40
2486,292,3,666,4,3714,111,40
2487,292,3,667,8,3722,122,80
2488,292,3,668,9,3731,1,90
2489,292,3,669,2,3733,1,20
2490,292,3,670,4,3737,1,40
2491,292,3,671,3,3740,1,30
2492,292,3,672,3,3743,1,30
2493,292,3,673,4,3747,1,40
2494,292,3,674,9,3756,1,90
2495,292,3,675,2,3758,1,20
2496,292,3,676,6,3764,1,60
2497,292,3,677,7,3771,1,70
2498,292,3,678,9,3780,280,90
2499,292,3,679,8,3788,1,80
2500,292,3,680,5,3793,1,50
2501,292,3,681,7,3800,262,70
2502,292,3,682,6,3806,1,60
2503,292,3,683,3,3809,1,30
2504,292,3,684,3,3812,1,30
2505,292,3,685,7,3819,1,70
2506,292,3,686,2,3821,1,20
2507,292,3,687,4,3825,1,40
2508,292,3,688,9,3834,289,90
2509,292,3,689,2,3836,1,20
2510,292,3,690,4,3840,1,40
2511,292,3,691,2,3842,193,20
2512,292,3,692,7,3849,1,70
2513,292,3,693,2,3851,1,20
2514,292,3,694,4,3855,187,40
2515,292,3,695,3,3858,127,30
2516,292,3,696,4,3862,98,40
2517,292,3,697,7,3869,82,70
2518,292,3,698,7,3876,1,70
2519,292,3,699,8,3884,1,80
2520,292,3,700,2,3886,1,20
2521,292,3,701,8,3894,1,80
2522,292,3,702,3,3897,121,30
2523,292,3,703,8,3905,1,80
2524,292,3,704,2,3907,1,20
2525,292,3,705,3,3910,1,30
2526,292,3,706,6,3916,1,60
2527,292,3,707,4,3920,1,40
2528,292,3,708,4,3924,1,40
2529,292,3,709,6,3930,1,60
2530,292,3,710,4,3934,223,40
2531,292,3,711,4,3938,163,40
2532,292,3,712,7,3945,125,70
2533,292,3,713,4,3949,1,40
2534,292,3,714,2,3951,1,20
2535,292,3,715,3,3954,1,30
2536,292,3,716,8,3962,1,80
2537,292,3,717,2,3964,1,20
2538,292,3,718,2,3966,1,20
2539,292,3,719,2,3968,1,20
2540,292,3,720,9,3977,1,90
2541,292,3,721,5,3982,1,50
2542,292,3,722,5,3987,1,50
2543,292,3,723,4,3991,1,40
2544,292,3,724,9,4000,1,90
2545,292,3,725,6,4006,1,60
2546,292,3,726,5,4011,1,50
2547,292,3,727,5,4016,326,50
2548,292,3,728,9,4025,252,90
2549,292,3,729,8,4033,1,80
2550,292,3,730,3,4036,1,30
2551,292,3,731,5,4041,219,50
2552,292,3,732,8,4049,1,80
2553,292,3,733,8,4057,1,80
2554,292,3,734,7,4064,1,70
2555,292,3,735,5,4069,1,50
2556,292,3,736,4,4073,1,40
2557,292,3,737,4,4077,1,40
2558,292,3,738,8,4085,1,80
2559,292,3,739,2,4087,1,20
2560,292,3,740,7,4094,1,70
2561,292,3,741,9,4103,1,90
2562,292,3,742,6,4109,1,60
2563,292,3,743,9,4118,1,90
2564,292,3,744,7,4125,1,70
2565,292,3,745,7,4132,1,70
2566,292,3,746,2,4134,1,20
2567,292,3,747,7,4141,1,70
2568,292,3,748,9,4150,1,90
2569,292,3,749,7,4157,1,70
2570,292,3,750,4,4161,574,40
2571,292,3,751,4,4165,354,40
2572,292,3,752,6,4171,1,60
2573,292,3,753,2,4173,1,20
2574,292,3,754,9,4182,1,90
2575,292,3,755,4,4186,1,40
2576,292,3,756,4,4190,339,40
2577,292,3,757,3,4193,1,30
2578,292,3,758,5,4198,1,50
2579,292,3,759,5,4203,1,50
2580,292,3,760,6,4209,330,60
2581,292,3,761,4,4213,1,40
2582,292,3,762,7,4220,1,70
2583,292,3,763,5,4225,1,50
2584,292,3,764,6,4231,281,60
2585,292,3,765,2,4233,1,20
2586,292,3,766,7,4240,1,70
2587,292,3,767,4,4244,1,40
2588,292,3,768,3,4247,1,30
2589,292,3,769,4,4251,1,40
2590,292,3,770,6,4257,1,60
2591,292,3,771,9,4266,1,90
2592,292,3,772,4,4270,258,40
2593,292,3,773,5,4275,1,50
2594,292,3,774,8,4283,1,80
2595,292,3,775,5,4288,1,50
2596,292,3,776,9,4297,265,90
2597,292,3,777,7,4304,1,70
2598,292,3,778,3,4307,224,30
2599,292,3,779,9,4316,1,90
2600,292,3,780,8,4324,1,80
2601,292,3,781,4,4328,1,40
2602,292,3,782,2,4330,1,20
2603,292,3,783,5,4335,1,50
2604,292,3,784,4,4339,250,40
2605,292,3,785,5,4344,1,50
2606,292,3,786,8,4352,1,80
2607,292,3,787,4,4356,1,40
2608,292,3,788,5,4361,236,50
2609,292,3,789,7,4368,1,70
2610,292,3,790,6,4374,1,60
2611,292,3,791,2,4376,1,20
2612,292,3,792,7,4383,1,70
2613,292,3,793,2,4385,1,20
2614,292,3,794,8,4393,1,80
2615,292,3,795,6,4399,270,60
2616,292,3,796,5,4404,1,50
2617,292,3,797,4,4408,1,40
2618,292,3,798,7,4415,1,70
2619,292,3,799,2,4417,1,20
2620,292,3,800,5,4422,1,50
2621,292,3,801,9,4431,1,90
2622,292,3,802,3,4434,311,30
2623,292,3,803,9,4443,1,90
2624,292,3,804,6,4449,272,60
2625,292,3,805,8,4457,1,80
2626,292,3,806,3,4460,1,30
2627,292,3,807,9,4469,1,90
2628,292,3,808,4,4473,1,40
2629,292,3,809,8,4481,1,80
2630,292,3,810,2,4483,1,20
2631,292,3,811,8,4491,1,80
2632,292,3,812,8,4499,314,80
2633,292,3,813,5,4504,1,50
2634,292,3,814,6,4510,269,60
2635,292,3,815,5,4515,1,50
2636,292,3,816,5,4520,1,50
2637,292,3,817,3,4523,1,30
2638,292,3,818,2,4525,1,20
2639,292,3,819,7,4532,1,70
2640,292,3,820,2,4534,1,20
2641,292,3,821,8,4542,1,80
2642,292,3,822,2,4544,266,20
2643,292,3,823,7,4551,1,70
2644,292,3,824,6,4557,1,60
2645,292,3,825,8,4565,1,80
2646,292,3,826,4,4569,259,40
2647,292,3,827,9,4578,1,90
2648,292,3,828,8,4586,1,80
2649,292,3,829,8,4594,1,80
2650,292,3,830,6,4600,1,60
2651,292,3,831,5,4605,296,50
2652,292,3,832,6,4611,190,60
2653,292,3,833,8,4619,1,80
2654,292,3,834,8,4627,1,80
2655,292,3,835,3,4630,1,30
2656,292,3,836,9,4639,1,90
2657,292,3,837,3,4642,1,30
2658,292,3,838,5,4647,1,50
2659,292,3,839,5,4652,1,50
2660,292,3,840,2,4654,1,20
2661,292,3,841,8,4662,335,80
2662,292,3,842,7,4669,254,70
2663,292,3,843,7,4676,1,70
2664,292,3,844,9,4685,1,90
2665,292,3,845,5,4690,1,50
2666,292,3,846,3,4693,1,30
2667,292,3,847,6,4699,275,60
2668,292,3,848,4,4703,1,40
2669,292,3,849,4,4707,1,40
2670,292,3,850,4,4711,1,40
2671,292,3,851,6,4717,1,60
2672,292,3,852,5,4722,235,50
2673,292,3,853,3,4725,1,30
2674,292,3,854,9,4734,1,90
2675,292,3,855,2,4736,1,20
2676,292,3,856,9,4745,1,90
2677,292,3,857,6,4751,1,60
2678,292,3,858,7,4758,1,70
2679,292,3,859,2,4760,1,20
2680,292,3,860,3,4763,1,30
2681,292,3,861,4,4767,1,40
2682,292,3,862,9,4776,1,90
2683,292,3,863,5,4781,1,50
2684,292,3,864,2,4783,385,20
2685,292,3,865,8,4791,1,80
2686,292,3,866,9,4800,292,90
2687,292,3,867,3,4803,1,30
2688,292,3,868,4,4807,1,40
2689,292,3,869,7,4814,1,70
2690,292,3,870,3,4817,252,30
2691,292,3,871,4,4821,1,40
2692,292,3,872,3,4824,1,30
2693,292,3,873,3,4827,1,30
2694,292,3,874,4,4831,1,40
2695,292,3,875,3,4834,1,30
2696,292,3,876,8,4842,1,80
2697,292,3,877,2,4844,1,20
2698,292,3,878,7,4851,1,70
2699,292,3,879,9,4860,331,90
2700,292,3,880,3,4863,1,30
2701,292,3,881,9,4872,1,90
2702,292,3,882,2,4874,1,20
2703,292,3,883,2,4876,1,20
2704,292,3,884,8,4884,1,80
2705,292,3,885,8,4892,1,80
2706,292,3,886,3,4895,340,30
2707,292,3,887,3,4898,1,30
2708,292,3,888,9,4907,1,90
2709,292,3,889,5,4912,295,50
2710,292,3,890,7,4919,1,70
2711,292,3,891,2,4921,1,20
2712,292,3,892,9,4930,1,90
2713,292,3,893,8,4938,286,80
2714,292,3,894,7,4945,1,70
2715,292,3,895,3,4948,1,30
2716,292,3,896,7,4955,1,70
2717,292,3,897,8,4963,1,80
2718,292,3,898,9,4972,1,90
2719,292,3,899,9,4981,1,90
2720,292,3,900,5,4986,1,50
2721,292,3,901,4,4990,1,40
2722,292,3,902,3,4993,1,30
2723,292,3,903,5,4998,1,50
