,Scenario,Trial,Inspection,Interval,Time,Accumulation,Defects,Rate
0,356,1,1,4,4,40,40,40
1,356,1,2,4,8,41,41,40
2,356,1,3,6,14,67,67,60
3,356,1,4,5,19,57,57,50
4,356,1,5,9,28,85,57,90
5,356,1,6,9,37,115,115,90
6,356,1,7,9,46,96,96,90
7,356,1,8,9,55,87,87,90
8,356,1,9,9,64,109,109,90
9,356,1,10,9,73,97,97,90
10,356,1,11,7,80,76,76,70
11,356,1,12,8,88,85,85,80
12,356,1,13,2,90,17,17,20
13,356,1,14,7,97,72,72,70
14,356,1,15,9,106,90,90,90
15,356,1,16,7,113,69,69,70
16,356,1,17,6,119,65,65,60
17,356,1,18,3,122,25,25,30
18,356,1,19,5,127,45,45,50
19,356,1,20,4,131,34,34,40
20,356,1,21,8,139,74,55,80
21,356,1,22,2,141,39,39,20
22,356,1,23,5,146,38,38,50
23,356,1,24,2,148,18,18,20
24,356,1,25,9,157,83,83,90
25,356,1,26,3,160,34,34,30
26,356,1,27,4,164,32,32,40
27,356,1,28,3,167,25,25,30
28,356,1,29,7,174,60,60,70
29,356,1,30,3,177,33,33,30
30,356,1,31,9,186,94,94,90
31,356,1,32,3,189,40,40,30
32,356,1,33,9,198,80,80,90
33,356,1,34,5,203,53,53,50
34,356,1,35,5,208,49,26,50
35,356,1,36,7,215,94,94,70
36,356,1,37,4,219,40,40,40
37,356,1,38,8,227,82,50,80
38,356,1,39,5,232,75,75,50
39,356,1,40,9,241,78,78,90
40,356,1,41,7,248,76,76,70
41,356,1,42,9,257,83,83,90
42,356,1,43,8,265,70,70,80
43,356,1,44,5,270,44,44,50
44,356,1,45,4,274,35,35,40
45,356,1,46,2,276,19,19,20
46,356,1,47,4,280,34,34,40
47,356,1,48,9,289,92,92,90
48,356,1,49,4,293,40,40,40
49,356,1,50,2,295,27,27,20
50,356,1,51,5,300,60,60,50
51,356,1,52,6,306,74,41,60
52,356,1,53,5,311,83,83,50
53,356,1,54,3,314,22,17,30
54,356,1,55,9,323,90,90,90
55,356,1,56,9,332,73,73,90
56,356,1,57,9,341,88,88,90
57,356,1,58,3,344,28,28,30
58,356,1,59,3,347,25,25,30
59,356,1,60,7,354,75,75,70
60,356,1,61,4,358,36,36,40
61,356,1,62,4,362,39,39,40
62,356,1,63,4,366,44,24,40
63,356,1,64,5,371,81,81,50
64,356,1,65,5,376,40,40,50
65,356,1,66,9,385,80,55,90
66,356,1,67,8,393,115,115,80
67,356,1,68,4,397,37,37,40
68,356,1,69,4,401,54,54,40
69,356,1,70,8,409,79,79,80
70,356,1,71,9,418,85,85,90
71,356,1,72,2,420,26,26,20
72,356,1,73,4,424,51,51,40
73,356,1,74,6,430,60,60,60
74,356,1,75,6,436,50,50,60
75,356,1,76,4,440,39,39,40
76,356,1,77,2,442,15,15,20
77,356,1,78,8,450,76,76,80
78,356,1,79,7,457,87,87,70
79,356,1,80,4,461,40,40,40
80,356,1,81,6,467,73,73,60
81,356,1,82,8,475,76,76,80
82,356,1,83,6,481,65,43,60
83,356,1,84,7,488,83,83,70
84,356,1,85,7,495,80,80,70
85,356,1,86,7,502,61,61,70
86,356,1,87,3,505,37,37,30
87,356,1,88,9,514,91,91,90
88,356,1,89,9,523,100,100,90
89,356,1,90,2,525,12,12,20
90,356,1,91,8,533,79,79,80
91,356,1,92,3,536,33,33,30
92,356,1,93,6,542,51,51,60
93,356,1,94,6,548,70,70,60
94,356,1,95,6,554,52,35,60
95,356,1,96,9,563,108,108,90
96,356,1,97,4,567,38,38,40
97,356,1,98,7,574,76,76,70
98,356,1,99,7,581,69,69,70
99,356,1,100,4,585,45,45,40
100,356,1,101,2,587,20,20,20
101,356,1,102,4,591,47,47,40
102,356,1,103,7,598,78,78,70
103,356,1,104,2,600,14,14,20
104,356,1,105,2,602,20,20,20
105,356,1,106,9,611,91,91,90
106,356,1,107,4,615,40,40,40
107,356,1,108,9,624,92,92,90
108,356,1,109,4,628,40,40,40
109,356,1,110,3,631,38,38,30
110,356,1,111,4,635,47,32,40
111,356,1,112,7,642,79,79,70
112,356,1,113,4,646,42,42,40
113,356,1,114,5,651,42,42,50
114,356,1,115,3,654,39,39,30
115,356,1,116,4,658,48,48,40
116,356,1,117,2,660,27,27,20
117,356,1,118,3,663,24,24,30
118,356,1,119,2,665,19,19,20
119,356,1,120,3,668,29,29,30
120,356,1,121,2,670,23,23,20
121,356,1,122,7,677,74,74,70
122,356,1,123,2,679,21,21,20
123,356,1,124,9,688,84,84,90
124,356,1,125,8,696,84,84,80
125,356,1,126,9,705,77,77,90
126,356,1,127,4,709,27,27,40
127,356,1,128,9,718,110,110,90
128,356,1,129,4,722,39,39,40
129,356,1,130,7,729,70,70,70
130,356,1,131,2,731,27,27,20
131,356,1,132,4,735,37,37,40
132,356,1,133,9,744,111,111,90
133,356,1,134,6,750,45,45,60
134,356,1,135,2,752,24,24,20
135,356,1,136,5,757,48,48,50
136,356,1,137,9,766,91,91,90
137,356,1,138,6,772,51,51,60
138,356,1,139,5,777,68,68,50
139,356,1,140,5,782,52,52,50
140,356,1,141,4,786,47,47,40
141,356,1,142,3,789,28,28,30
142,356,1,143,6,795,43,43,60
143,356,1,144,9,804,80,80,90
144,356,1,145,8,812,78,78,80
145,356,1,146,3,815,20,20,30
146,356,1,147,4,819,39,39,40
147,356,1,148,7,826,87,87,70
148,356,1,149,6,832,64,64,60
149,356,1,150,5,837,58,58,50
150,356,1,151,3,840,33,33,30
151,356,1,152,8,848,91,71,80
152,356,1,153,6,854,82,82,60
153,356,1,154,8,862,66,66,80
154,356,1,155,4,866,39,39,40
155,356,1,156,5,871,51,51,50
156,356,1,157,9,880,81,81,90
157,356,1,158,5,885,47,47,50
158,356,1,159,7,892,71,71,70
159,356,1,160,7,899,73,73,70
160,356,1,161,2,901,22,22,20
161,356,1,162,4,905,47,47,40
162,356,1,163,3,908,30,30,30
163,356,1,164,2,910,23,23,20
164,356,1,165,5,915,58,58,50
165,356,1,166,5,920,62,62,50
166,356,1,167,5,925,37,37,50
167,356,1,168,6,931,74,74,60
168,356,1,169,8,939,87,87,80
169,356,1,170,2,941,18,18,20
170,356,1,171,5,946,52,52,50
171,356,1,172,7,953,89,89,70
172,356,1,173,5,958,53,53,50
173,356,1,174,4,962,36,36,40
174,356,1,175,3,965,33,33,30
175,356,1,176,8,973,89,89,80
176,356,1,177,9,982,98,98,90
177,356,1,178,5,987,56,56,50
178,356,1,179,2,989,19,19,20
179,356,1,180,3,992,28,28,30
180,356,1,181,3,995,31,31,30
181,356,1,182,5,1000,60,60,50
182,356,1,183,2,1002,29,29,20
183,356,1,184,2,1004,19,19,20
184,356,1,185,4,1008,32,32,40
185,356,1,186,4,1012,44,44,40
186,356,1,187,9,1021,88,88,90
187,356,1,188,8,1029,85,85,80
188,356,1,189,3,1032,36,36,30
189,356,1,190,8,1040,93,93,80
190,356,1,191,2,1042,19,19,20
191,356,1,192,2,1044,21,21,20
192,356,1,193,7,1051,68,68,70
193,356,1,194,6,1057,59,59,60
194,356,1,195,4,1061,38,38,40
195,356,1,196,7,1068,69,69,70
196,356,1,197,8,1076,84,84,80
197,356,1,198,5,1081,53,53,50
198,356,1,199,2,1083,19,19,20
199,356,1,200,3,1086,38,38,30
200,356,1,201,5,1091,44,44,50
201,356,1,202,3,1094,27,27,30
202,356,1,203,9,1103,90,90,90
203,356,1,204,3,1106,34,34,30
204,356,1,205,8,1114,76,76,80
205,356,1,206,5,1119,48,48,50
206,356,1,207,2,1121,13,13,20
207,356,1,208,3,1124,37,37,30
208,356,1,209,4,1128,43,43,40
209,356,1,210,9,1137,79,54,90
210,356,1,211,3,1140,50,50,30
211,356,1,212,7,1147,68,68,70
212,356,1,213,8,1155,69,69,80
213,356,1,214,3,1158,31,31,30
214,356,1,215,9,1167,93,93,90
215,356,1,216,3,1170,28,28,30
216,356,1,217,2,1172,20,20,20
217,356,1,218,3,1175,40,40,30
218,356,1,219,7,1182,72,72,70
219,356,1,220,3,1185,30,30,30
220,356,1,221,7,1192,69,69,70
221,356,1,222,9,1201,90,90,90
222,356,1,223,4,1205,34,34,40
223,356,1,224,4,1209,42,28,40
224,356,1,225,4,1213,56,56,40
225,356,1,226,5,1218,39,39,50
226,356,1,227,3,1221,33,33,30
227,356,1,228,2,1223,15,15,20
228,356,1,229,9,1232,103,103,90
229,356,1,230,4,1236,37,37,40
230,356,1,231,3,1239,33,33,30
231,356,1,232,7,1246,74,74,70
232,356,1,233,9,1255,93,93,90
233,356,1,234,3,1258,29,29,30
234,356,1,235,2,1260,23,23,20
235,356,1,236,7,1267,72,72,70
236,356,1,237,7,1274,69,69,70
237,356,1,238,9,1283,99,99,90
238,356,1,239,5,1288,39,39,50
239,356,1,240,6,1294,51,51,60
240,356,1,241,6,1300,46,46,60
241,356,1,242,6,1306,57,57,60
242,356,1,243,5,1311,35,35,50
243,356,1,244,8,1319,89,89,80
244,356,1,245,4,1323,38,38,40
245,356,1,246,7,1330,74,74,70
246,356,1,247,7,1337,53,53,70
247,356,1,248,3,1340,28,28,30
248,356,1,249,6,1346,60,60,60
249,356,1,250,7,1353,70,70,70
250,356,1,251,7,1360,65,65,70
251,356,1,252,4,1364,34,34,40
252,356,1,253,6,1370,60,60,60
253,356,1,254,3,1373,33,33,30
254,356,1,255,7,1380,79,79,70
255,356,1,256,2,1382,19,19,20
256,356,1,257,9,1391,76,76,90
257,356,1,258,2,1393,13,13,20
258,356,1,259,9,1402,90,90,90
259,356,1,260,5,1407,49,49,50
260,356,1,261,5,1412,51,51,50
261,356,1,262,6,1418,78,78,60
262,356,1,263,8,1426,79,79,80
263,356,1,264,9,1435,100,100,90
264,356,1,265,6,1441,65,65,60
265,356,1,266,7,1448,81,81,70
266,356,1,267,9,1457,89,89,90
267,356,1,268,2,1459,18,18,20
268,356,1,269,4,1463,41,41,40
269,356,1,270,2,1465,21,21,20
270,356,1,271,7,1472,71,71,70
271,356,1,272,4,1476,40,40,40
272,356,1,273,5,1481,62,62,50
273,356,1,274,8,1489,66,66,80
274,356,1,275,9,1498,92,92,90
275,356,1,276,2,1500,21,21,20
276,356,1,277,2,1502,15,15,20
277,356,1,278,6,1508,56,56,60
278,356,1,279,3,1511,33,33,30
279,356,1,280,8,1519,104,104,80
280,356,1,281,4,1523,37,37,40
281,356,1,282,6,1529,63,63,60
282,356,1,283,2,1531,26,26,20
283,356,1,284,9,1540,68,49,90
284,356,1,285,3,1543,46,34,30
285,356,1,286,7,1550,82,49,70
286,356,1,287,6,1556,102,102,60
287,356,1,288,5,1561,47,47,50
288,356,1,289,4,1565,37,37,40
289,356,1,290,9,1574,91,91,90
290,356,1,291,6,1580,60,60,60
291,356,1,292,6,1586,55,55,60
292,356,1,293,8,1594,85,85,80
293,356,1,294,2,1596,23,23,20
294,356,1,295,5,1601,59,59,50
295,356,1,296,8,1609,85,85,80
296,356,1,297,9,1618,84,84,90
297,356,1,298,3,1621,26,26,30
298,356,1,299,6,1627,54,54,60
299,356,1,300,4,1631,38,38,40
300,356,1,301,3,1634,37,37,30
301,356,1,302,7,1641,67,67,70
302,356,1,303,8,1649,75,75,80
303,356,1,304,5,1654,51,51,50
304,356,1,305,2,1656,11,11,20
305,356,1,306,7,1663,63,63,70
306,356,1,307,9,1672,87,87,90
307,356,1,308,6,1678,56,56,60
308,356,1,309,6,1684,73,51,60
309,356,1,310,4,1688,70,48,40
310,356,1,311,5,1693,73,73,50
311,356,1,312,7,1700,59,59,70
312,356,1,313,8,1708,70,70,80
313,356,1,314,4,1712,41,41,40
314,356,1,315,8,1720,99,99,80
315,356,1,316,3,1723,36,36,30
316,356,1,317,7,1730,65,65,70
317,356,1,318,2,1732,18,18,20
318,356,1,319,8,1740,85,85,80
319,356,1,320,4,1744,33,33,40
320,356,1,321,5,1749,56,56,50
321,356,1,322,7,1756,69,69,70
322,356,1,323,5,1761,56,56,50
323,356,1,324,4,1765,35,35,40
324,356,1,325,7,1772,69,69,70
325,356,1,326,5,1777,42,33,50
326,356,1,327,2,1779,37,37,20
327,356,1,328,8,1787,73,73,80
328,356,1,329,4,1791,33,33,40
329,356,1,330,8,1799,78,78,80
330,356,1,331,7,1806,73,73,70
331,356,1,332,2,1808,27,27,20
332,356,1,333,8,1816,73,73,80
333,356,1,334,5,1821,56,56,50
334,356,1,335,9,1830,78,78,90
335,356,1,336,4,1834,36,36,40
336,356,1,337,5,1839,47,47,50
337,356,1,338,4,1843,40,40,40
338,356,1,339,6,1849,55,55,60
339,356,1,340,8,1857,78,78,80
340,356,1,341,8,1865,70,70,80
341,356,1,342,9,1874,81,81,90
342,356,1,343,9,1883,91,91,90
343,356,1,344,2,1885,24,24,20
344,356,1,345,9,1894,74,74,90
345,356,1,346,9,1903,91,91,90
346,356,1,347,6,1909,59,59,60
347,356,1,348,6,1915,63,63,60
348,356,1,349,8,1923,68,68,80
349,356,1,350,5,1928,48,48,50
350,356,1,351,7,1935,66,66,70
351,356,1,352,8,1943,81,81,80
352,356,1,353,9,1952,85,85,90
353,356,1,354,5,1957,53,53,50
354,356,1,355,4,1961,41,41,40
355,356,1,356,9,1970,91,91,90
356,356,1,357,7,1977,88,88,70
357,356,1,358,9,1986,98,98,90
358,356,1,359,5,1991,49,49,50
359,356,1,360,9,2000,100,100,90
360,356,1,361,4,2004,45,45,40
361,356,1,362,7,2011,75,75,70
362,356,1,363,4,2015,34,34,40
363,356,1,364,6,2021,59,59,60
364,356,1,365,3,2024,25,25,30
365,356,1,366,4,2028,37,26,40
366,356,1,367,3,2031,40,40,30
367,356,1,368,2,2033,23,23,20
368,356,1,369,9,2042,96,96,90
369,356,1,370,8,2050,57,57,80
370,356,1,371,5,2055,63,63,50
371,356,1,372,2,2057,22,22,20
372,356,1,373,6,2063,47,47,60
373,356,1,374,3,2066,30,30,30
374,356,1,375,7,2073,61,61,70
375,356,1,376,9,2082,99,63,90
376,356,1,377,7,2089,109,109,70
377,356,1,378,7,2096,74,74,70
378,356,1,379,8,2104,91,91,80
379,356,1,380,3,2107,32,32,30
380,356,1,381,7,2114,73,73,70
381,356,1,382,9,2123,92,92,90
382,356,1,383,2,2125,17,17,20
383,356,1,384,4,2129,40,40,40
384,356,1,385,9,2138,87,87,90
385,356,1,386,2,2140,24,24,20
386,356,1,387,9,2149,107,107,90
387,356,1,388,2,2151,22,22,20
388,356,1,389,3,2154,42,42,30
389,356,1,390,3,2157,33,33,30
390,356,1,391,3,2160,34,34,30
391,356,1,392,8,2168,73,73,80
392,356,1,393,2,2170,17,17,20
393,356,1,394,2,2172,16,9,20
394,356,1,395,4,2176,44,44,40
395,356,1,396,5,2181,54,54,50
396,356,1,397,4,2185,35,35,40
397,356,1,398,7,2192,66,66,70
398,356,1,399,6,2198,64,64,60
399,356,1,400,8,2206,90,90,80
400,356,1,401,9,2215,80,80,90
401,356,1,402,9,2224,76,76,90
402,356,1,403,5,2229,51,51,50
403,356,1,404,6,2235,60,60,60
404,356,1,405,3,2238,19,19,30
405,356,1,406,7,2245,64,64,70
406,356,1,407,9,2254,86,86,90
407,356,1,408,7,2261,57,57,70
408,356,1,409,6,2267,60,60,60
409,356,1,410,8,2275,79,79,80
410,356,1,411,2,2277,22,22,20
411,356,1,412,2,2279,16,16,20
412,356,1,413,6,2285,54,54,60
413,356,1,414,2,2287,19,19,20
414,356,1,415,7,2294,69,54,70
415,356,1,416,6,2300,74,74,60
416,356,1,417,2,2302,30,30,20
417,356,1,418,6,2308,72,72,60
418,356,1,419,9,2317,91,91,90
419,356,1,420,6,2323,59,59,60
420,356,1,421,7,2330,62,62,70
421,356,1,422,2,2332,16,16,20
422,356,1,423,5,2337,43,43,50
423,356,1,424,2,2339,22,22,20
424,356,1,425,5,2344,57,57,50
425,356,1,426,7,2351,84,84,70
426,356,1,427,6,2357,72,72,60
427,356,1,428,6,2363,52,52,60
428,356,1,429,2,2365,19,19,20
429,356,1,430,6,2371,59,59,60
430,356,1,431,8,2379,80,80,80
431,356,1,432,5,2384,65,65,50
432,356,1,433,5,2389,58,58,50
433,356,1,434,5,2394,54,54,50
434,356,1,435,3,2397,36,36,30
435,356,1,436,5,2402,36,36,50
436,356,1,437,4,2406,41,41,40
437,356,1,438,2,2408,22,22,20
438,356,1,439,5,2413,48,48,50
439,356,1,440,5,2418,47,47,50
440,356,1,441,5,2423,49,49,50
441,356,1,442,6,2429,57,40,60
442,356,1,443,3,2432,53,53,30
443,356,1,444,6,2438,52,38,60
444,356,1,445,9,2447,102,102,90
445,356,1,446,9,2456,84,84,90
446,356,1,447,7,2463,63,63,70
447,356,1,448,9,2472,105,105,90
448,356,1,449,2,2474,22,22,20
449,356,1,450,8,2482,80,80,80
450,356,1,451,9,2491,96,96,90
451,356,1,452,5,2496,33,33,50
452,356,1,453,9,2505,82,82,90
453,356,1,454,6,2511,49,49,60
454,356,1,455,8,2519,90,90,80
455,356,1,456,2,2521,22,22,20
456,356,1,457,3,2524,27,27,30
457,356,1,458,2,2526,16,16,20
458,356,1,459,7,2533,61,61,70
459,356,1,460,4,2537,39,39,40
460,356,1,461,9,2546,81,81,90
461,356,1,462,5,2551,52,52,50
462,356,1,463,3,2554,29,22,30
463,356,1,464,3,2557,33,33,30
464,356,1,465,9,2566,73,73,90
465,356,1,466,9,2575,87,87,90
466,356,1,467,9,2584,92,92,90
467,356,1,468,6,2590,69,69,60
468,356,1,469,4,2594,30,30,40
469,356,1,470,9,2603,92,92,90
470,356,1,471,3,2606,21,21,30
471,356,1,472,7,2613,74,74,70
472,356,1,473,7,2620,64,64,70
473,356,1,474,8,2628,82,82,80
474,356,1,475,7,2635,76,76,70
475,356,1,476,6,2641,48,48,60
476,356,1,477,5,2646,53,34,50
477,356,1,478,5,2651,71,71,50
478,356,1,479,9,2660,91,91,90
479,356,1,480,8,2668,79,79,80
480,356,1,481,4,2672,54,54,40
481,356,1,482,7,2679,75,75,70
482,356,1,483,4,2683,41,41,40
483,356,1,484,6,2689,64,64,60
484,356,1,485,4,2693,33,33,40
485,356,1,486,8,2701,82,82,80
486,356,1,487,3,2704,21,21,30
487,356,1,488,2,2706,23,23,20
488,356,1,489,7,2713,54,54,70
489,356,1,490,3,2716,30,30,30
490,356,1,491,2,2718,19,19,20
491,356,1,492,4,2722,37,20,40
492,356,1,493,6,2728,81,59,60
493,356,1,494,7,2735,87,87,70
494,356,1,495,8,2743,89,89,80
495,356,1,496,7,2750,58,58,70
496,356,1,497,8,2758,89,89,80
497,356,1,498,3,2761,29,29,30
498,356,1,499,7,2768,63,63,70
499,356,1,500,7,2775,70,70,70
500,356,1,501,4,2779,59,59,40
501,356,1,502,8,2787,74,74,80
502,356,1,503,9,2796,88,88,90
503,356,1,504,3,2799,32,32,30
504,356,1,505,3,2802,28,28,30
505,356,1,506,5,2807,53,53,50
506,356,1,507,8,2815,85,85,80
507,356,1,508,6,2821,65,65,60
508,356,1,509,8,2829,71,71,80
509,356,1,510,5,2834,47,47,50
510,356,1,511,2,2836,24,24,20
511,356,1,512,2,2838,24,24,20
512,356,1,513,3,2841,31,31,30
513,356,1,514,4,2845,39,39,40
514,356,1,515,7,2852,83,83,70
515,356,1,516,9,2861,92,92,90
516,356,1,517,4,2865,37,37,40
517,356,1,518,8,2873,84,84,80
518,356,1,519,5,2878,46,46,50
519,356,1,520,8,2886,68,68,80
520,356,1,521,8,2894,75,75,80
521,356,1,522,2,2896,11,11,20
522,356,1,523,7,2903,69,69,70
523,356,1,524,5,2908,46,46,50
524,356,1,525,6,2914,57,57,60
525,356,1,526,2,2916,16,16,20
526,356,1,527,8,2924,78,78,80
527,356,1,528,3,2927,33,33,30
528,356,1,529,6,2933,67,67,60
529,356,1,530,4,2937,43,43,40
530,356,1,531,5,2942,56,56,50
531,356,1,532,5,2947,61,61,50
532,356,1,533,8,2955,91,91,80
533,356,1,534,3,2958,29,29,30
534,356,1,535,6,2964,66,66,60
535,356,1,536,7,2971,84,84,70
536,356,1,537,7,2978,76,76,70
537,356,1,538,2,2980,15,8,20
538,356,1,539,4,2984,45,45,40
539,356,1,540,9,2993,101,101,90
540,356,1,541,4,2997,42,42,40
541,356,1,542,6,3003,53,53,60
542,356,1,543,8,3011,79,79,80
543,356,1,544,9,3020,94,94,90
544,356,1,545,8,3028,85,85,80
545,356,1,546,7,3035,61,61,70
546,356,1,547,9,3044,85,85,90
547,356,1,548,9,3053,89,89,90
548,356,1,549,5,3058,53,53,50
549,356,1,550,5,3063,42,42,50
550,356,1,551,8,3071,92,92,80
551,356,1,552,9,3080,99,99,90
552,356,1,553,8,3088,85,85,80
553,356,1,554,2,3090,15,10,20
554,356,1,555,8,3098,93,93,80
555,356,1,556,6,3104,69,69,60
556,356,1,557,4,3108,32,20,40
557,356,1,558,4,3112,50,50,40
558,356,1,559,5,3117,49,33,50
559,356,1,560,3,3120,51,51,30
560,356,1,561,3,3123,30,30,30
561,356,1,562,8,3131,73,73,80
562,356,1,563,8,3139,76,76,80
563,356,1,564,4,3143,35,35,40
564,356,1,565,5,3148,50,50,50
565,356,1,566,3,3151,27,27,30
566,356,1,567,2,3153,23,23,20
567,356,1,568,4,3157,44,44,40
568,356,1,569,7,3164,83,83,70
569,356,1,570,9,3173,86,86,90
570,356,1,571,3,3176,18,18,30
571,356,1,572,3,3179,36,36,30
572,356,1,573,5,3184,42,42,50
573,356,1,574,5,3189,45,45,50
574,356,1,575,5,3194,52,52,50
575,356,1,576,5,3199,48,48,50
576,356,1,577,6,3205,51,51,60
577,356,1,578,2,3207,20,20,20
578,356,1,579,3,3210,33,33,30
579,356,1,580,2,3212,21,21,20
580,356,1,581,5,3217,45,45,50
581,356,1,582,4,3221,29,29,40
582,356,1,583,9,3230,75,75,90
583,356,1,584,9,3239,88,88,90
584,356,1,585,8,3247,87,87,80
585,356,1,586,5,3252,50,50,50
586,356,1,587,5,3257,45,45,50
587,356,1,588,4,3261,30,30,40
588,356,1,589,2,3263,24,24,20
589,356,1,590,6,3269,46,46,60
590,356,1,591,8,3277,83,83,80
591,356,1,592,5,3282,47,47,50
592,356,1,593,2,3284,20,20,20
593,356,1,594,8,3292,94,94,80
594,356,1,595,5,3297,35,35,50
595,356,1,596,2,3299,16,9,20
596,356,1,597,6,3305,73,73,60
597,356,1,598,5,3310,54,54,50
598,356,1,599,6,3316,57,57,60
599,356,1,600,4,3320,40,40,40
600,356,1,601,2,3322,15,15,20
601,356,1,602,3,3325,26,26,30
602,356,1,603,3,3328,21,21,30
603,356,1,604,4,3332,39,39,40
604,356,1,605,7,3339,69,69,70
605,356,1,606,7,3346,60,60,70
606,356,1,607,2,3348,19,19,20
607,356,1,608,6,3354,58,58,60
608,356,1,609,2,3356,21,21,20
609,356,1,610,2,3358,23,23,20
610,356,1,611,3,3361,33,33,30
611,356,1,612,3,3364,30,30,30
612,356,1,613,2,3366,21,21,20
613,356,1,614,4,3370,42,42,40
614,356,1,615,5,3375,60,60,50
615,356,1,616,3,3378,29,29,30
616,356,1,617,3,3381,33,33,30
617,356,1,618,8,3389,84,84,80
618,356,1,619,8,3397,90,90,80
619,356,1,620,5,3402,65,65,50
620,356,1,621,7,3409,78,78,70
621,356,1,622,8,3417,86,86,80
622,356,1,623,9,3426,86,86,90
623,356,1,624,4,3430,47,47,40
624,356,1,625,2,3432,15,15,20
625,356,1,626,4,3436,42,42,40
626,356,1,627,7,3443,66,66,70
627,356,1,628,7,3450,78,78,70
628,356,1,629,7,3457,80,80,70
629,356,1,630,5,3462,48,48,50
630,356,1,631,3,3465,41,41,30
631,356,1,632,8,3473,90,90,80
632,356,1,633,7,3480,80,80,70
633,356,1,634,8,3488,81,81,80
634,356,1,635,6,3494,55,55,60
635,356,1,636,4,3498,46,46,40
636,356,1,637,4,3502,29,29,40
637,356,1,638,5,3507,53,53,50
638,356,1,639,5,3512,55,55,50
639,356,1,640,7,3519,67,67,70
640,356,1,641,4,3523,44,44,40
641,356,1,642,5,3528,45,45,50
642,356,1,643,2,3530,22,22,20
643,356,1,644,9,3539,64,64,90
644,356,1,645,4,3543,37,37,40
645,356,1,646,4,3547,38,38,40
646,356,1,647,7,3554,76,76,70
647,356,1,648,4,3558,42,42,40
648,356,1,649,9,3567,84,84,90
649,356,1,650,6,3573,70,70,60
650,356,1,651,7,3580,61,61,70
651,356,1,652,2,3582,20,20,20
652,356,1,653,2,3584,18,18,20
653,356,1,654,5,3589,36,36,50
654,356,1,655,6,3595,41,28,60
655,356,1,656,7,3602,75,49,70
656,356,1,657,7,3609,108,108,70
657,356,1,658,2,3611,18,18,20
658,356,1,659,7,3618,67,67,70
659,356,1,660,3,3621,35,35,30
660,356,1,661,4,3625,33,33,40
661,356,1,662,2,3627,16,16,20
662,356,1,663,7,3634,76,76,70
663,356,1,664,3,3637,21,21,30
664,356,1,665,3,3640,29,29,30
665,356,1,666,4,3644,45,45,40
666,356,1,667,3,3647,33,33,30
667,356,1,668,8,3655,72,72,80
668,356,1,669,4,3659,33,33,40
669,356,1,670,6,3665,59,59,60
670,356,1,671,8,3673,81,81,80
671,356,1,672,6,3679,69,69,60
672,356,1,673,6,3685,55,55,60
673,356,1,674,7,3692,63,63,70
674,356,1,675,6,3698,57,57,60
675,356,1,676,8,3706,79,79,80
676,356,1,677,4,3710,26,26,40
677,356,1,678,3,3713,32,26,30
678,356,1,679,5,3718,63,63,50
679,356,1,680,4,3722,40,40,40
680,356,1,681,3,3725,42,42,30
681,356,1,682,3,3728,25,25,30
682,356,1,683,6,3734,60,60,60
683,356,1,684,3,3737,38,38,30
684,356,1,685,2,3739,15,15,20
685,356,1,686,8,3747,82,82,80
686,356,1,687,4,3751,33,33,40
687,356,1,688,8,3759,82,82,80
688,356,1,689,4,3763,42,42,40
689,356,1,690,5,3768,35,35,50
690,356,1,691,2,3770,26,26,20
691,356,1,692,3,3773,32,32,30
692,356,1,693,6,3779,66,66,60
693,356,1,694,8,3787,74,74,80
694,356,1,695,6,3793,60,60,60
695,356,1,696,9,3802,71,71,90
696,356,1,697,8,3810,93,93,80
697,356,1,698,4,3814,33,33,40
698,356,1,699,5,3819,56,56,50
699,356,1,700,4,3823,36,36,40
700,356,1,701,7,3830,75,75,70
701,356,1,702,2,3832,23,23,20
702,356,1,703,2,3834,15,15,20
703,356,1,704,3,3837,32,32,30
704,356,1,705,5,3842,59,59,50
705,356,1,706,4,3846,42,42,40
706,356,1,707,4,3850,52,52,40
707,356,1,708,2,3852,26,26,20
708,356,1,709,6,3858,55,55,60
709,356,1,710,4,3862,43,34,40
710,356,1,711,2,3864,28,28,20
711,356,1,712,3,3867,27,27,30
712,356,1,713,6,3873,59,59,60
713,356,1,714,3,3876,34,34,30
714,356,1,715,5,3881,51,51,50
715,356,1,716,2,3883,17,17,20
716,356,1,717,7,3890,74,74,70
717,356,1,718,7,3897,89,89,70
718,356,1,719,2,3899,14,14,20
719,356,1,720,6,3905,56,56,60
720,356,1,721,9,3914,74,74,90
721,356,1,722,8,3922,74,74,80
722,356,1,723,4,3926,44,44,40
723,356,1,724,7,3933,72,72,70
724,356,1,725,2,3935,25,25,20
725,356,1,726,5,3940,69,69,50
726,356,1,727,4,3944,49,49,40
727,356,1,728,4,3948,35,35,40
728,356,1,729,9,3957,95,95,90
729,356,1,730,8,3965,67,67,80
730,356,1,731,5,3970,55,55,50
731,356,1,732,8,3978,89,89,80
732,356,1,733,6,3984,59,59,60
733,356,1,734,8,3992,73,73,80
734,356,1,735,5,3997,54,54,50
735,356,1,736,5,4002,44,44,50
736,356,1,737,2,4004,27,27,20
737,356,1,738,4,4008,45,45,40
738,356,1,739,6,4014,64,64,60
739,356,1,740,2,4016,22,22,20
740,356,1,741,9,4025,94,94,90
741,356,1,742,3,4028,33,33,30
742,356,1,743,5,4033,46,46,50
743,356,1,744,7,4040,78,78,70
744,356,1,745,9,4049,84,84,90
745,356,1,746,3,4052,34,34,30
746,356,1,747,5,4057,41,41,50
747,356,1,748,5,4062,47,47,50
748,356,1,749,4,4066,39,39,40
749,356,1,750,3,4069,16,16,30
750,356,1,751,2,4071,18,18,20
751,356,1,752,2,4073,26,26,20
752,356,1,753,8,4081,84,84,80
753,356,1,754,5,4086,55,55,50
754,356,1,755,3,4089,26,26,30
755,356,1,756,9,4098,80,80,90
756,356,1,757,3,4101,26,26,30
757,356,1,758,6,4107,63,63,60
758,356,1,759,6,4113,50,50,60
759,356,1,760,3,4116,25,25,30
760,356,1,761,9,4125,84,61,90
761,356,1,762,3,4128,54,54,30
762,356,1,763,5,4133,59,42,50
763,356,1,764,7,4140,88,88,70
764,356,1,765,8,4148,76,76,80
765,356,1,766,3,4151,24,24,30
766,356,1,767,6,4157,56,56,60
767,356,1,768,9,4166,79,57,90
768,356,1,769,3,4169,56,56,30
769,356,1,770,3,4172,28,28,30
770,356,1,771,6,4178,46,46,60
771,356,1,772,9,4187,110,110,90
772,356,1,773,3,4190,36,36,30
773,356,1,774,4,4194,33,33,40
774,356,1,775,6,4200,57,57,60
775,356,1,776,3,4203,24,14,30
776,356,1,777,9,4212,104,104,90
777,356,1,778,2,4214,20,20,20
778,356,1,779,8,4222,97,97,80
779,356,1,780,8,4230,68,68,80
780,356,1,781,7,4237,69,69,70
781,356,1,782,6,4243,65,46,60
782,356,1,783,5,4248,53,53,50
783,356,1,784,2,4250,18,18,20
784,356,1,785,6,4256,66,66,60
785,356,1,786,2,4258,19,19,20
786,356,1,787,4,4262,40,40,40
787,356,1,788,3,4265,33,33,30
788,356,1,789,2,4267,13,13,20
789,356,1,790,2,4269,23,23,20
790,356,1,791,4,4273,41,41,40
791,356,1,792,5,4278,57,57,50
792,356,1,793,2,4280,15,15,20
793,356,1,794,6,4286,64,64,60
794,356,1,795,4,4290,47,47,40
795,356,1,796,2,4292,19,19,20
796,356,1,797,9,4301,83,83,90
797,356,1,798,2,4303,17,17,20
798,356,1,799,8,4311,92,92,80
799,356,1,800,5,4316,50,50,50
800,356,1,801,7,4323,81,81,70
801,356,1,802,7,4330,85,85,70
802,356,1,803,4,4334,41,41,40
803,356,1,804,9,4343,102,102,90
804,356,1,805,6,4349,61,61,60
805,356,1,806,7,4356,58,58,70
806,356,1,807,5,4361,56,56,50
807,356,1,808,5,4366,43,43,50
808,356,1,809,4,4370,40,40,40
809,356,1,810,2,4372,16,16,20
810,356,1,811,6,4378,62,62,60
811,356,1,812,4,4382,33,33,40
812,356,1,813,5,4387,53,53,50
813,356,1,814,9,4396,94,94,90
814,356,1,815,2,4398,18,18,20
815,356,1,816,4,4402,38,38,40
816,356,1,817,4,4406,32,32,40
817,356,1,818,4,4410,40,40,40
818,356,1,819,2,4412,22,22,20
819,356,1,820,7,4419,71,71,70
820,356,1,821,5,4424,59,59,50
821,356,1,822,4,4428,46,46,40
822,356,1,823,7,4435,58,58,70
823,356,1,824,3,4438,25,25,30
824,356,1,825,5,4443,52,52,50
825,356,1,826,4,4447,42,42,40
826,356,1,827,9,4456,84,84,90
827,356,1,828,4,4460,50,50,40
828,356,1,829,4,4464,33,33,40
829,356,1,830,5,4469,58,58,50
830,356,1,831,6,4475,58,58,60
831,356,1,832,3,4478,33,33,30
832,356,1,833,2,4480,24,24,20
833,356,1,834,6,4486,52,52,60
834,356,1,835,4,4490,43,43,40
835,356,1,836,6,4496,61,61,60
836,356,1,837,8,4504,83,83,80
837,356,1,838,8,4512,68,68,80
838,356,1,839,6,4518,68,68,60
839,356,1,840,8,4526,80,80,80
840,356,1,841,6,4532,74,74,60
841,356,1,842,7,4539,58,58,70
842,356,1,843,9,4548,83,83,90
843,356,1,844,9,4557,96,96,90
844,356,1,845,4,4561,36,27,40
845,356,1,846,7,4568,84,84,70
846,356,1,847,9,4577,96,96,90
847,356,1,848,3,4580,28,28,30
848,356,1,849,6,4586,49,49,60
849,356,1,850,9,4595,99,99,90
850,356,1,851,7,4602,80,80,70
851,356,1,852,7,4609,67,67,70
852,356,1,853,4,4613,33,33,40
853,356,1,854,9,4622,102,102,90
854,356,1,855,2,4624,16,16,20
855,356,1,856,3,4627,27,27,30
856,356,1,857,3,4630,42,42,30
857,356,1,858,4,4634,46,46,40
858,356,1,859,7,4641,79,79,70
859,356,1,860,6,4647,68,68,60
860,356,1,861,5,4652,65,65,50
861,356,1,862,5,4657,42,42,50
862,356,1,863,5,4662,36,36,50
863,356,1,864,5,4667,51,51,50
864,356,1,865,4,4671,50,42,40
865,356,1,866,3,4674,43,43,30
866,356,1,867,2,4676,23,23,20
867,356,1,868,9,4685,91,91,90
868,356,1,869,2,4687,14,14,20
869,356,1,870,7,4694,64,64,70
870,356,1,871,3,4697,30,30,30
871,356,1,872,3,4700,25,25,30
872,356,1,873,3,4703,32,32,30
873,356,1,874,8,4711,66,66,80
874,356,1,875,2,4713,17,17,20
875,356,1,876,5,4718,57,57,50
876,356,1,877,5,4723,58,58,50
877,356,1,878,9,4732,86,86,90
878,356,1,879,3,4735,32,24,30
879,356,1,880,2,4737,30,30,20
880,356,1,881,9,4746,96,65,90
881,356,1,882,6,4752,78,78,60
882,356,1,883,7,4759,60,60,70
883,356,1,884,4,4763,38,38,40
884,356,1,885,7,4770,70,70,70
885,356,1,886,4,4774,45,45,40
886,356,1,887,7,4781,53,53,70
887,356,1,888,6,4787,68,68,60
888,356,1,889,7,4794,75,75,70
889,356,1,890,3,4797,35,35,30
890,356,1,891,7,4804,55,55,70
891,356,1,892,9,4813,98,98,90
892,356,1,893,6,4819,51,51,60
893,356,1,894,8,4827,75,75,80
894,356,1,895,8,4835,87,87,80
895,356,1,896,6,4841,62,62,60
896,356,1,897,6,4847,54,54,60
897,356,1,898,9,4856,98,98,90
898,356,1,899,8,4864,83,83,80
899,356,1,900,6,4870,54,54,60
900,356,1,901,5,4875,57,57,50
901,356,1,902,4,4879,42,42,40
902,356,1,903,3,4882,34,34,30
903,356,1,904,6,4888,68,68,60
904,356,1,905,8,4896,66,66,80
905,356,1,906,4,4900,32,19,40
906,356,1,907,5,4905,57,57,50
907,356,1,908,4,4909,33,33,40
908,356,1,909,3,4912,29,29,30
909,356,1,910,2,4914,25,25,20
910,356,1,911,3,4917,28,28,30
911,356,1,912,5,4922,45,45,50
912,356,1,913,6,4928,57,57,60
913,356,1,914,5,4933,60,60,50
914,356,1,915,9,4942,77,77,90
915,356,1,916,6,4948,67,67,60
916,356,1,917,2,4950,22,22,20
917,356,1,918,8,4958,99,99,80
918,356,1,919,2,4960,23,23,20
919,356,1,920,3,4963,23,23,30
920,356,1,921,8,4971,71,71,80
921,356,1,922,9,4980,99,99,90
922,356,1,923,8,4988,68,68,80
923,356,1,924,6,4994,42,42,60
924,356,2,1,6,6,60,60,60
925,356,2,2,2,8,16,16,20
926,356,2,3,9,17,80,80,90
927,356,2,4,7,24,67,67,70
928,356,2,5,5,29,49,49,50
929,356,2,6,9,38,102,102,90
930,356,2,7,2,40,13,13,20
931,356,2,8,9,49,77,77,90
932,356,2,9,2,51,23,23,20
933,356,2,10,2,53,14,14,20
934,356,2,11,6,59,61,61,60
935,356,2,12,4,63,41,41,40
936,356,2,13,5,68,49,49,50
937,356,2,14,7,75,49,49,70
938,356,2,15,3,78,29,29,30
939,356,2,16,5,83,53,53,50
940,356,2,17,7,90,67,67,70
941,356,2,18,2,92,24,24,20
942,356,2,19,8,100,81,81,80
943,356,2,20,7,107,64,64,70
944,356,2,21,8,115,69,69,80
945,356,2,22,4,119,32,32,40
946,356,2,23,6,125,57,57,60
947,356,2,24,6,131,63,63,60
948,356,2,25,4,135,35,35,40
949,356,2,26,8,143,74,74,80
950,356,2,27,9,152,76,76,90
951,356,2,28,6,158,71,71,60
952,356,2,29,8,166,82,82,80
953,356,2,30,8,174,80,80,80
954,356,2,31,9,183,99,99,90
955,356,2,32,4,187,33,33,40
956,356,2,33,4,191,43,43,40
957,356,2,34,5,196,44,28,50
958,356,2,35,4,200,54,54,40
959,356,2,36,7,207,70,70,70
960,356,2,37,4,211,34,34,40
961,356,2,38,6,217,86,86,60
962,356,2,39,3,220,34,34,30
963,356,2,40,3,223,32,32,30
964,356,2,41,2,225,15,15,20
965,356,2,42,6,231,53,53,60
966,356,2,43,7,238,64,64,70
967,356,2,44,6,244,56,56,60
968,356,2,45,2,246,13,13,20
969,356,2,46,3,249,31,31,30
970,356,2,47,6,255,80,80,60
971,356,2,48,5,260,56,56,50
972,356,2,49,6,266,52,52,60
973,356,2,50,7,273,74,74,70
974,356,2,51,2,275,16,16,20
975,356,2,52,9,284,92,92,90
976,356,2,53,9,293,81,81,90
977,356,2,54,3,296,33,33,30
978,356,2,55,7,303,84,56,70
979,356,2,56,9,312,120,120,90
980,356,2,57,5,317,49,49,50
981,356,2,58,3,320,31,31,30
982,356,2,59,9,329,89,89,90
983,356,2,60,3,332,32,32,30
984,356,2,61,7,339,59,59,70
985,356,2,62,3,342,32,32,30
986,356,2,63,3,345,23,17,30
987,356,2,64,8,353,82,82,80
988,356,2,65,6,359,61,61,60
989,356,2,66,7,366,69,43,70
990,356,2,67,2,368,42,42,20
991,356,2,68,8,376,78,78,80
992,356,2,69,6,382,50,50,60
993,356,2,70,2,384,21,21,20
994,356,2,71,3,387,35,35,30
995,356,2,72,6,393,66,66,60
996,356,2,73,8,401,87,87,80
997,356,2,74,7,408,75,75,70
998,356,2,75,6,414,70,70,60
999,356,2,76,8,422,83,83,80
1000,356,2,77,2,424,19,19,20
1001,356,2,78,9,433,91,67,90
1002,356,2,79,7,440,111,111,70
1003,356,2,80,3,443,23,23,30
1004,356,2,81,9,452,87,87,90
1005,356,2,82,4,456,38,38,40
1006,356,2,83,3,459,36,36,30
1007,356,2,84,3,462,29,29,30
1008,356,2,85,8,470,92,92,80
1009,356,2,86,2,472,17,17,20
1010,356,2,87,9,481,95,95,90
1011,356,2,88,3,484,35,35,30
1012,356,2,89,3,487,34,34,30
1013,356,2,90,8,495,86,86,80
1014,356,2,91,3,498,38,38,30
1015,356,2,92,4,502,38,38,40
1016,356,2,93,4,506,31,31,40
1017,356,2,94,3,509,35,35,30
1018,356,2,95,6,515,66,66,60
1019,356,2,96,8,523,81,81,80
1020,356,2,97,4,527,43,43,40
1021,356,2,98,5,532,56,56,50
1022,356,2,99,6,538,63,63,60
1023,356,2,100,7,545,68,68,70
1024,356,2,101,6,551,63,63,60
1025,356,2,102,6,557,56,56,60
1026,356,2,103,9,566,103,103,90
1027,356,2,104,9,575,101,101,90
1028,356,2,105,2,577,20,20,20
1029,356,2,106,2,579,14,14,20
1030,356,2,107,8,587,74,74,80
1031,356,2,108,9,596,71,71,90
1032,356,2,109,4,600,27,27,40
1033,356,2,110,3,603,35,35,30
1034,356,2,111,6,609,73,73,60
1035,356,2,112,7,616,64,64,70
1036,356,2,113,6,622,51,51,60
1037,356,2,114,2,624,19,19,20
1038,356,2,115,6,630,66,66,60
1039,356,2,116,3,633,31,31,30
1040,356,2,117,4,637,37,37,40
1041,356,2,118,4,641,40,40,40
1042,356,2,119,6,647,48,48,60
1043,356,2,120,5,652,49,49,50
1044,356,2,121,6,658,70,70,60
1045,356,2,122,6,664,54,54,60
1046,356,2,123,2,666,18,18,20
1047,356,2,124,4,670,49,49,40
1048,356,2,125,4,674,43,43,40
1049,356,2,126,9,683,90,90,90
1050,356,2,127,4,687,33,33,40
1051,356,2,128,7,694,62,62,70
1052,356,2,129,6,700,52,52,60
1053,356,2,130,5,705,44,44,50
1054,356,2,131,7,712,67,67,70
1055,356,2,132,7,719,63,63,70
1056,356,2,133,4,723,27,27,40
1057,356,2,134,3,726,30,18,30
1058,356,2,135,3,729,42,42,30
1059,356,2,136,6,735,56,56,60
1060,356,2,137,8,743,74,74,80
1061,356,2,138,4,747,43,43,40
1062,356,2,139,6,753,51,51,60
1063,356,2,140,2,755,32,32,20
1064,356,2,141,8,763,83,59,80
1065,356,2,142,4,767,66,66,40
1066,356,2,143,8,775,82,82,80
1067,356,2,144,6,781,47,47,60
1068,356,2,145,9,790,89,89,90
1069,356,2,146,4,794,37,37,40
1070,356,2,147,7,801,75,75,70
1071,356,2,148,2,803,23,19,20
1072,356,2,149,8,811,79,79,80
1073,356,2,150,9,820,82,52,90
1074,356,2,151,7,827,114,114,70
1075,356,2,152,3,830,34,34,30
1076,356,2,153,7,837,64,53,70
1077,356,2,154,8,845,116,116,80
1078,356,2,155,6,851,66,66,60
1079,356,2,156,6,857,44,44,60
1080,356,2,157,8,865,78,78,80
1081,356,2,158,6,871,57,57,60
1082,356,2,159,2,873,30,30,20
1083,356,2,160,4,877,41,41,40
1084,356,2,161,2,879,14,14,20
1085,356,2,162,5,884,49,49,50
1086,356,2,163,3,887,32,32,30
1087,356,2,164,9,896,97,97,90
1088,356,2,165,7,903,64,64,70
1089,356,2,166,4,907,45,45,40
1090,356,2,167,9,916,89,89,90
1091,356,2,168,7,923,75,75,70
1092,356,2,169,3,926,35,35,30
1093,356,2,170,9,935,98,98,90
1094,356,2,171,8,943,81,81,80
1095,356,2,172,3,946,29,29,30
1096,356,2,173,9,955,90,90,90
1097,356,2,174,5,960,46,46,50
1098,356,2,175,2,962,21,21,20
1099,356,2,176,9,971,90,90,90
1100,356,2,177,6,977,65,65,60
1101,356,2,178,8,985,85,85,80
1102,356,2,179,7,992,65,65,70
1103,356,2,180,3,995,33,33,30
1104,356,2,181,9,1004,104,104,90
1105,356,2,182,9,1013,87,87,90
1106,356,2,183,7,1020,66,66,70
1107,356,2,184,4,1024,37,37,40
1108,356,2,185,2,1026,25,25,20
1109,356,2,186,6,1032,52,52,60
1110,356,2,187,2,1034,18,18,20
1111,356,2,188,5,1039,56,56,50
1112,356,2,189,3,1042,26,26,30
1113,356,2,190,8,1050,88,88,80
1114,356,2,191,3,1053,34,34,30
1115,356,2,192,6,1059,63,63,60
1116,356,2,193,3,1062,27,27,30
1117,356,2,194,7,1069,64,64,70
1118,356,2,195,5,1074,43,43,50
1119,356,2,196,6,1080,60,60,60
1120,356,2,197,8,1088,80,80,80
1121,356,2,198,7,1095,68,68,70
1122,356,2,199,7,1102,70,70,70
1123,356,2,200,6,1108,45,45,60
1124,356,2,201,7,1115,77,77,70
1125,356,2,202,3,1118,37,37,30
1126,356,2,203,7,1125,73,73,70
1127,356,2,204,9,1134,89,89,90
1128,356,2,205,7,1141,64,64,70
1129,356,2,206,5,1146,41,41,50
1130,356,2,207,9,1155,90,90,90
1131,356,2,208,8,1163,97,97,80
1132,356,2,209,9,1172,78,78,90
1133,356,2,210,6,1178,58,43,60
1134,356,2,211,2,1180,37,37,20
1135,356,2,212,2,1182,19,19,20
1136,356,2,213,8,1190,58,58,80
1137,356,2,214,4,1194,41,41,40
1138,356,2,215,8,1202,82,82,80
1139,356,2,216,6,1208,61,61,60
1140,356,2,217,6,1214,71,71,60
1141,356,2,218,6,1220,55,55,60
1142,356,2,219,9,1229,98,98,90
1143,356,2,220,7,1236,78,78,70
1144,356,2,221,2,1238,18,18,20
1145,356,2,222,2,1240,23,23,20
1146,356,2,223,7,1247,74,74,70
1147,356,2,224,6,1253,71,71,60
1148,356,2,225,7,1260,85,85,70
1149,356,2,226,3,1263,34,34,30
1150,356,2,227,6,1269,61,61,60
1151,356,2,228,9,1278,79,79,90
1152,356,2,229,4,1282,48,48,40
1153,356,2,230,9,1291,91,91,90
1154,356,2,231,3,1294,31,31,30
1155,356,2,232,7,1301,64,64,70
1156,356,2,233,5,1306,47,47,50
1157,356,2,234,8,1314,82,82,80
1158,356,2,235,6,1320,58,58,60
1159,356,2,236,2,1322,20,20,20
1160,356,2,237,8,1330,85,85,80
1161,356,2,238,2,1332,19,19,20
1162,356,2,239,3,1335,26,26,30
1163,356,2,240,5,1340,35,35,50
1164,356,2,241,6,1346,64,64,60
1165,356,2,242,2,1348,21,21,20
1166,356,2,243,2,1350,20,20,20
1167,356,2,244,8,1358,80,80,80
1168,356,2,245,7,1365,83,83,70
1169,356,2,246,4,1369,39,39,40
1170,356,2,247,2,1371,14,14,20
1171,356,2,248,4,1375,32,32,40
1172,356,2,249,7,1382,73,73,70
1173,356,2,250,7,1389,74,74,70
1174,356,2,251,5,1394,41,41,50
1175,356,2,252,4,1398,38,27,40
1176,356,2,253,2,1400,35,35,20
1177,356,2,254,2,1402,21,21,20
1178,356,2,255,8,1410,79,79,80
1179,356,2,256,9,1419,87,87,90
1180,356,2,257,2,1421,12,12,20
1181,356,2,258,6,1427,59,59,60
1182,356,2,259,3,1430,26,26,30
1183,356,2,260,6,1436,71,71,60
1184,356,2,261,7,1443,86,86,70
1185,356,2,262,8,1451,64,64,80
1186,356,2,263,3,1454,33,33,30
1187,356,2,264,7,1461,66,66,70
1188,356,2,265,7,1468,76,76,70
1189,356,2,266,4,1472,45,45,40
1190,356,2,267,3,1475,21,21,30
1191,356,2,268,5,1480,51,51,50
1192,356,2,269,3,1483,20,20,30
1193,356,2,270,5,1488,76,76,50
1194,356,2,271,2,1490,15,15,20
1195,356,2,272,2,1492,30,30,20
1196,356,2,273,4,1496,31,31,40
1197,356,2,274,4,1500,31,31,40
1198,356,2,275,8,1508,67,67,80
1199,356,2,276,3,1511,34,34,30
1200,356,2,277,5,1516,56,56,50
1201,356,2,278,5,1521,52,52,50
1202,356,2,279,9,1530,90,90,90
1203,356,2,280,3,1533,24,24,30
1204,356,2,281,5,1538,55,55,50
1205,356,2,282,3,1541,30,30,30
1206,356,2,283,8,1549,87,87,80
1207,356,2,284,6,1555,59,59,60
1208,356,2,285,6,1561,54,54,60
1209,356,2,286,3,1564,32,32,30
1210,356,2,287,4,1568,51,51,40
1211,356,2,288,5,1573,41,41,50
1212,356,2,289,9,1582,100,100,90
1213,356,2,290,3,1585,26,26,30
1214,356,2,291,9,1594,100,100,90
1215,356,2,292,2,1596,20,20,20
1216,356,2,293,2,1598,14,14,20
1217,356,2,294,3,1601,31,31,30
1218,356,2,295,8,1609,73,73,80
1219,356,2,296,6,1615,64,64,60
1220,356,2,297,6,1621,43,43,60
1221,356,2,298,7,1628,70,70,70
1222,356,2,299,4,1632,43,43,40
1223,356,2,300,3,1635,29,29,30
1224,356,2,301,6,1641,41,41,60
1225,356,2,302,5,1646,54,54,50
1226,356,2,303,2,1648,13,13,20
1227,356,2,304,7,1655,71,71,70
1228,356,2,305,8,1663,83,83,80
1229,356,2,306,8,1671,72,72,80
1230,356,2,307,7,1678,65,65,70
1231,356,2,308,8,1686,80,80,80
1232,356,2,309,7,1693,64,64,70
1233,356,2,310,2,1695,17,17,20
1234,356,2,311,3,1698,32,32,30
1235,356,2,312,2,1700,23,23,20
1236,356,2,313,8,1708,81,81,80
1237,356,2,314,2,1710,19,19,20
1238,356,2,315,3,1713,26,26,30
1239,356,2,316,9,1722,76,76,90
1240,356,2,317,5,1727,45,45,50
1241,356,2,318,3,1730,22,22,30
1242,356,2,319,6,1736,72,72,60
1243,356,2,320,8,1744,91,91,80
1244,356,2,321,6,1750,54,54,60
1245,356,2,322,3,1753,28,28,30
1246,356,2,323,3,1756,20,20,30
1247,356,2,324,5,1761,53,53,50
1248,356,2,325,5,1766,43,43,50
1249,356,2,326,6,1772,60,60,60
1250,356,2,327,6,1778,62,62,60
1251,356,2,328,8,1786,72,72,80
1252,356,2,329,8,1794,63,63,80
1253,356,2,330,3,1797,23,23,30
1254,356,2,331,2,1799,22,22,20
1255,356,2,332,7,1806,84,84,70
1256,356,2,333,2,1808,26,26,20
1257,356,2,334,6,1814,67,67,60
1258,356,2,335,3,1817,34,34,30
1259,356,2,336,6,1823,56,56,60
1260,356,2,337,2,1825,20,20,20
1261,356,2,338,6,1831,55,38,60
1262,356,2,339,7,1838,88,88,70
1263,356,2,340,6,1844,63,63,60
1264,356,2,341,4,1848,53,53,40
1265,356,2,342,7,1855,89,65,70
1266,356,2,343,3,1858,54,54,30
1267,356,2,344,7,1865,76,76,70
1268,356,2,345,9,1874,90,90,90
1269,356,2,346,8,1882,89,89,80
1270,356,2,347,4,1886,55,55,40
1271,356,2,348,9,1895,94,94,90
1272,356,2,349,5,1900,66,66,50
1273,356,2,350,4,1904,43,43,40
1274,356,2,351,9,1913,79,79,90
1275,356,2,352,9,1922,89,89,90
1276,356,2,353,6,1928,59,59,60
1277,356,2,354,4,1932,32,32,40
1278,356,2,355,6,1938,55,55,60
1279,356,2,356,3,1941,27,27,30
1280,356,2,357,3,1944,29,29,30
1281,356,2,358,6,1950,59,59,60
1282,356,2,359,4,1954,46,34,40
1283,356,2,360,8,1962,93,93,80
1284,356,2,361,7,1969,82,82,70
1285,356,2,362,7,1976,70,70,70
1286,356,2,363,8,1984,76,76,80
1287,356,2,364,6,1990,57,57,60
1288,356,2,365,9,1999,81,81,90
1289,356,2,366,5,2004,49,49,50
1290,356,2,367,5,2009,57,57,50
1291,356,2,368,9,2018,103,103,90
1292,356,2,369,3,2021,27,27,30
1293,356,2,370,8,2029,98,98,80
1294,356,2,371,4,2033,29,29,40
1295,356,2,372,5,2038,49,49,50
1296,356,2,373,7,2045,78,78,70
1297,356,2,374,5,2050,57,57,50
1298,356,2,375,7,2057,73,73,70
1299,356,2,376,7,2064,71,71,70
1300,356,2,377,5,2069,61,61,50
1301,356,2,378,2,2071,13,13,20
1302,356,2,379,5,2076,44,44,50
1303,356,2,380,2,2078,23,23,20
1304,356,2,381,8,2086,80,80,80
1305,356,2,382,3,2089,24,24,30
1306,356,2,383,5,2094,52,52,50
1307,356,2,384,8,2102,79,79,80
1308,356,2,385,2,2104,22,22,20
1309,356,2,386,3,2107,31,31,30
1310,356,2,387,8,2115,79,79,80
1311,356,2,388,7,2122,79,79,70
1312,356,2,389,3,2125,35,35,30
1313,356,2,390,2,2127,20,20,20
1314,356,2,391,6,2133,63,63,60
1315,356,2,392,8,2141,78,54,80
1316,356,2,393,2,2143,36,36,20
1317,356,2,394,7,2150,69,52,70
1318,356,2,395,2,2152,43,43,20
1319,356,2,396,7,2159,66,66,70
1320,356,2,397,4,2163,38,38,40
1321,356,2,398,7,2170,72,72,70
1322,356,2,399,9,2179,90,90,90
1323,356,2,400,2,2181,17,17,20
1324,356,2,401,2,2183,19,19,20
1325,356,2,402,4,2187,40,40,40
1326,356,2,403,5,2192,48,48,50
1327,356,2,404,7,2199,80,80,70
1328,356,2,405,6,2205,60,60,60
1329,356,2,406,5,2210,55,55,50
1330,356,2,407,9,2219,87,87,90
1331,356,2,408,5,2224,41,31,50
1332,356,2,409,5,2229,66,66,50
1333,356,2,410,5,2234,49,49,50
1334,356,2,411,9,2243,86,86,90
1335,356,2,412,8,2251,84,84,80
1336,356,2,413,7,2258,72,72,70
1337,356,2,414,3,2261,32,32,30
1338,356,2,415,2,2263,21,21,20
1339,356,2,416,4,2267,36,36,40
1340,356,2,417,9,2276,81,81,90
1341,356,2,418,9,2285,104,104,90
1342,356,2,419,6,2291,62,62,60
1343,356,2,420,9,2300,93,93,90
1344,356,2,421,2,2302,19,14,20
1345,356,2,422,9,2311,96,96,90
1346,356,2,423,8,2319,79,79,80
1347,356,2,424,6,2325,64,64,60
1348,356,2,425,6,2331,52,52,60
1349,356,2,426,9,2340,79,79,90
1350,356,2,427,5,2345,48,48,50
1351,356,2,428,2,2347,20,20,20
1352,356,2,429,6,2353,66,37,60
1353,356,2,430,9,2362,108,108,90
1354,356,2,431,2,2364,23,23,20
1355,356,2,432,8,2372,82,82,80
1356,356,2,433,4,2376,46,46,40
1357,356,2,434,7,2383,57,57,70
1358,356,2,435,9,2392,80,80,90
1359,356,2,436,8,2400,77,77,80
1360,356,2,437,4,2404,44,44,40
1361,356,2,438,9,2413,104,104,90
1362,356,2,439,7,2420,79,79,70
1363,356,2,440,3,2423,28,28,30
1364,356,2,441,5,2428,43,43,50
1365,356,2,442,9,2437,67,67,90
1366,356,2,443,9,2446,96,96,90
1367,356,2,444,2,2448,22,22,20
1368,356,2,445,3,2451,33,33,30
1369,356,2,446,5,2456,71,71,50
1370,356,2,447,9,2465,78,78,90
1371,356,2,448,5,2470,50,50,50
1372,356,2,449,6,2476,56,56,60
1373,356,2,450,8,2484,74,74,80
1374,356,2,451,4,2488,36,36,40
1375,356,2,452,5,2493,47,47,50
1376,356,2,453,3,2496,37,37,30
1377,356,2,454,9,2505,77,77,90
1378,356,2,455,6,2511,61,61,60
1379,356,2,456,8,2519,69,69,80
1380,356,2,457,5,2524,49,49,50
1381,356,2,458,2,2526,18,18,20
1382,356,2,459,6,2532,50,50,60
1383,356,2,460,2,2534,19,13,20
1384,356,2,461,5,2539,61,61,50
1385,356,2,462,7,2546,85,85,70
1386,356,2,463,7,2553,72,72,70
1387,356,2,464,9,2562,89,89,90
1388,356,2,465,2,2564,14,14,20
1389,356,2,466,8,2572,77,77,80
1390,356,2,467,4,2576,38,38,40
1391,356,2,468,8,2584,87,87,80
1392,356,2,469,9,2593,91,91,90
1393,356,2,470,7,2600,75,75,70
1394,356,2,471,3,2603,40,40,30
1395,356,2,472,5,2608,53,53,50
1396,356,2,473,2,2610,16,16,20
1397,356,2,474,6,2616,62,62,60
1398,356,2,475,7,2623,77,77,70
1399,356,2,476,5,2628,43,43,50
1400,356,2,477,7,2635,69,69,70
1401,356,2,478,2,2637,19,19,20
1402,356,2,479,2,2639,33,33,20
1403,356,2,480,8,2647,86,86,80
1404,356,2,481,8,2655,93,93,80
1405,356,2,482,6,2661,57,42,60
1406,356,2,483,5,2666,62,62,50
1407,356,2,484,3,2669,28,28,30
1408,356,2,485,6,2675,70,53,60
1409,356,2,486,9,2684,104,104,90
1410,356,2,487,8,2692,70,70,80
1411,356,2,488,5,2697,45,45,50
1412,356,2,489,9,2706,95,95,90
1413,356,2,490,9,2715,107,107,90
1414,356,2,491,6,2721,55,55,60
1415,356,2,492,4,2725,33,33,40
1416,356,2,493,5,2730,46,46,50
1417,356,2,494,9,2739,81,81,90
1418,356,2,495,8,2747,87,87,80
1419,356,2,496,6,2753,58,58,60
1420,356,2,497,9,2762,99,70,90
1421,356,2,498,3,2765,60,60,30
1422,356,2,499,6,2771,46,46,60
1423,356,2,500,2,2773,14,14,20
1424,356,2,501,7,2780,68,68,70
1425,356,2,502,2,2782,23,16,20
1426,356,2,503,5,2787,54,54,50
1427,356,2,504,6,2793,66,66,60
1428,356,2,505,2,2795,19,19,20
1429,356,2,506,6,2801,69,69,60
1430,356,2,507,8,2809,97,97,80
1431,356,2,508,4,2813,43,43,40
1432,356,2,509,3,2816,22,22,30
1433,356,2,510,7,2823,57,57,70
1434,356,2,511,7,2830,62,62,70
1435,356,2,512,5,2835,60,60,50
1436,356,2,513,7,2842,82,82,70
1437,356,2,514,6,2848,72,72,60
1438,356,2,515,8,2856,85,85,80
1439,356,2,516,8,2864,81,81,80
1440,356,2,517,9,2873,97,97,90
1441,356,2,518,8,2881,68,68,80
1442,356,2,519,2,2883,20,14,20
1443,356,2,520,2,2885,17,17,20
1444,356,2,521,6,2891,71,71,60
1445,356,2,522,2,2893,17,17,20
1446,356,2,523,8,2901,77,77,80
1447,356,2,524,5,2906,58,58,50
1448,356,2,525,9,2915,87,87,90
1449,356,2,526,9,2924,110,110,90
1450,356,2,527,5,2929,42,42,50
1451,356,2,528,6,2935,71,71,60
1452,356,2,529,7,2942,79,79,70
1453,356,2,530,7,2949,74,74,70
1454,356,2,531,7,2956,71,71,70
1455,356,2,532,3,2959,29,29,30
1456,356,2,533,4,2963,51,51,40
1457,356,2,534,9,2972,103,103,90
1458,356,2,535,3,2975,23,23,30
1459,356,2,536,3,2978,34,34,30
1460,356,2,537,5,2983,41,41,50
1461,356,2,538,5,2988,40,40,50
1462,356,2,539,9,2997,89,60,90
1463,356,2,540,2,2999,44,44,20
1464,356,2,541,9,3008,94,94,90
1465,356,2,542,9,3017,80,80,90
1466,356,2,543,4,3021,35,35,40
1467,356,2,544,9,3030,97,97,90
1468,356,2,545,8,3038,85,85,80
1469,356,2,546,8,3046,80,80,80
1470,356,2,547,8,3054,76,76,80
1471,356,2,548,3,3057,27,27,30
1472,356,2,549,2,3059,23,23,20
1473,356,2,550,3,3062,32,32,30
1474,356,2,551,3,3065,28,28,30
1475,356,2,552,7,3072,75,75,70
1476,356,2,553,9,3081,78,78,90
1477,356,2,554,9,3090,100,100,90
1478,356,2,555,6,3096,74,74,60
1479,356,2,556,6,3102,64,64,60
1480,356,2,557,6,3108,59,59,60
1481,356,2,558,3,3111,37,22,30
1482,356,2,559,2,3113,29,29,20
1483,356,2,560,4,3117,51,51,40
1484,356,2,561,9,3126,80,80,90
1485,356,2,562,8,3134,80,80,80
1486,356,2,563,6,3140,53,53,60
1487,356,2,564,9,3149,97,97,90
1488,356,2,565,9,3158,85,85,90
1489,356,2,566,6,3164,62,62,60
1490,356,2,567,8,3172,111,111,80
1491,356,2,568,2,3174,19,19,20
1492,356,2,569,9,3183,84,84,90
1493,356,2,570,7,3190,76,76,70
1494,356,2,571,6,3196,68,68,60
1495,356,2,572,5,3201,45,45,50
1496,356,2,573,8,3209,77,77,80
1497,356,2,574,5,3214,50,50,50
1498,356,2,575,7,3221,66,66,70
1499,356,2,576,8,3229,84,84,80
1500,356,2,577,3,3232,36,36,30
1501,356,2,578,2,3234,19,19,20
1502,356,2,579,5,3239,54,54,50
1503,356,2,580,5,3244,67,67,50
1504,356,2,581,4,3248,40,40,40
1505,356,2,582,2,3250,18,18,20
1506,356,2,583,6,3256,59,59,60
1507,356,2,584,3,3259,41,28,30
1508,356,2,585,9,3268,116,116,90
1509,356,2,586,8,3276,70,70,80
1510,356,2,587,6,3282,64,64,60
1511,356,2,588,8,3290,79,79,80
1512,356,2,589,6,3296,53,53,60
1513,356,2,590,3,3299,25,25,30
1514,356,2,591,6,3305,58,58,60
1515,356,2,592,4,3309,55,55,40
1516,356,2,593,8,3317,95,95,80
1517,356,2,594,4,3321,35,35,40
1518,356,2,595,6,3327,62,62,60
1519,356,2,596,7,3334,56,41,70
1520,356,2,597,9,3343,105,105,90
1521,356,2,598,5,3348,54,54,50
1522,356,2,599,3,3351,23,23,30
1523,356,2,600,5,3356,50,50,50
1524,356,2,601,9,3365,72,72,90
1525,356,2,602,6,3371,58,58,60
1526,356,2,603,8,3379,68,68,80
1527,356,2,604,8,3387,96,96,80
1528,356,2,605,2,3389,20,20,20
1529,356,2,606,8,3397,77,77,80
1530,356,2,607,7,3404,68,68,70
1531,356,2,608,7,3411,70,70,70
1532,356,2,609,8,3419,86,86,80
1533,356,2,610,4,3423,35,35,40
1534,356,2,611,7,3430,68,48,70
1535,356,2,612,3,3433,46,46,30
1536,356,2,613,3,3436,34,34,30
1537,356,2,614,5,3441,55,55,50
1538,356,2,615,7,3448,79,79,70
1539,356,2,616,5,3453,39,22,50
1540,356,2,617,4,3457,62,62,40
1541,356,2,618,4,3461,50,50,40
1542,356,2,619,9,3470,98,98,90
1543,356,2,620,4,3474,24,24,40
1544,356,2,621,5,3479,57,57,50
1545,356,2,622,2,3481,16,16,20
1546,356,2,623,4,3485,39,39,40
1547,356,2,624,6,3491,52,52,60
1548,356,2,625,7,3498,54,54,70
1549,356,2,626,6,3504,75,75,60
1550,356,2,627,9,3513,95,95,90
1551,356,2,628,6,3519,63,63,60
1552,356,2,629,5,3524,51,51,50
1553,356,2,630,5,3529,59,59,50
1554,356,2,631,5,3534,52,52,50
1555,356,2,632,6,3540,58,58,60
1556,356,2,633,2,3542,28,28,20
1557,356,2,634,8,3550,83,83,80
1558,356,2,635,9,3559,83,83,90
1559,356,2,636,9,3568,74,74,90
1560,356,2,637,4,3572,35,35,40
1561,356,2,638,9,3581,84,84,90
1562,356,2,639,5,3586,57,57,50
1563,356,2,640,8,3594,76,76,80
1564,356,2,641,7,3601,68,68,70
1565,356,2,642,5,3606,54,54,50
1566,356,2,643,5,3611,56,56,50
1567,356,2,644,4,3615,43,43,40
1568,356,2,645,3,3618,28,28,30
1569,356,2,646,5,3623,52,52,50
1570,356,2,647,6,3629,47,47,60
1571,356,2,648,4,3633,45,45,40
1572,356,2,649,4,3637,41,41,40
1573,356,2,650,7,3644,71,71,70
1574,356,2,651,7,3651,74,74,70
1575,356,2,652,9,3660,100,100,90
1576,356,2,653,9,3669,92,92,90
1577,356,2,654,2,3671,17,17,20
1578,356,2,655,4,3675,34,34,40
1579,356,2,656,4,3679,46,46,40
1580,356,2,657,2,3681,17,17,20
1581,356,2,658,7,3688,81,81,70
1582,356,2,659,8,3696,92,92,80
1583,356,2,660,9,3705,78,78,90
1584,356,2,661,3,3708,25,25,30
1585,356,2,662,3,3711,24,24,30
1586,356,2,663,9,3720,82,82,90
1587,356,2,664,9,3729,95,95,90
1588,356,2,665,2,3731,21,21,20
1589,356,2,666,6,3737,48,48,60
1590,356,2,667,6,3743,67,67,60
1591,356,2,668,5,3748,50,50,50
1592,356,2,669,5,3753,42,42,50
1593,356,2,670,6,3759,44,44,60
1594,356,2,671,8,3767,76,76,80
1595,356,2,672,8,3775,91,91,80
1596,356,2,673,9,3784,97,97,90
1597,356,2,674,2,3786,20,20,20
1598,356,2,675,2,3788,18,18,20
1599,356,2,676,7,3795,74,74,70
1600,356,2,677,9,3804,89,89,90
1601,356,2,678,5,3809,56,56,50
1602,356,2,679,8,3817,94,94,80
1603,356,2,680,3,3820,43,43,30
1604,356,2,681,2,3822,20,20,20
1605,356,2,682,5,3827,41,41,50
1606,356,2,683,9,3836,86,86,90
1607,356,2,684,2,3838,15,15,20
1608,356,2,685,9,3847,101,101,90
1609,356,2,686,9,3856,96,96,90
1610,356,2,687,7,3863,61,61,70
1611,356,2,688,2,3865,12,12,20
1612,356,2,689,2,3867,24,24,20
1613,356,2,690,3,3870,36,36,30
1614,356,2,691,3,3873,27,27,30
1615,356,2,692,3,3876,32,32,30
1616,356,2,693,9,3885,93,93,90
1617,356,2,694,3,3888,47,47,30
1618,356,2,695,6,3894,53,53,60
1619,356,2,696,9,3903,97,97,90
1620,356,2,697,8,3911,79,79,80
1621,356,2,698,5,3916,40,40,50
1622,356,2,699,4,3920,36,36,40
1623,356,2,700,7,3927,74,74,70
1624,356,2,701,8,3935,95,95,80
1625,356,2,702,2,3937,20,20,20
1626,356,2,703,6,3943,51,51,60
1627,356,2,704,5,3948,41,41,50
1628,356,2,705,2,3950,18,18,20
1629,356,2,706,9,3959,94,94,90
1630,356,2,707,9,3968,103,103,90
1631,356,2,708,2,3970,16,16,20
1632,356,2,709,8,3978,70,70,80
1633,356,2,710,4,3982,41,41,40
1634,356,2,711,6,3988,69,40,60
1635,356,2,712,3,3991,63,39,30
1636,356,2,713,4,3995,58,58,40
1637,356,2,714,5,4000,44,44,50
1638,356,2,715,9,4009,99,99,90
1639,356,2,716,4,4013,47,47,40
1640,356,2,717,5,4018,46,32,50
1641,356,2,718,5,4023,72,72,50
1642,356,2,719,9,4032,96,96,90
1643,356,2,720,3,4035,32,32,30
1644,356,2,721,6,4041,65,65,60
1645,356,2,722,3,4044,29,29,30
1646,356,2,723,6,4050,42,42,60
1647,356,2,724,7,4057,74,74,70
1648,356,2,725,7,4064,72,72,70
1649,356,2,726,6,4070,65,65,60
1650,356,2,727,7,4077,53,53,70
1651,356,2,728,6,4083,49,49,60
1652,356,2,729,4,4087,49,49,40
1653,356,2,730,5,4092,54,54,50
1654,356,2,731,8,4100,84,84,80
1655,356,2,732,5,4105,50,50,50
1656,356,2,733,8,4113,77,77,80
1657,356,2,734,5,4118,48,48,50
1658,356,2,735,4,4122,44,44,40
1659,356,2,736,3,4125,34,34,30
1660,356,2,737,8,4133,75,75,80
1661,356,2,738,2,4135,16,16,20
1662,356,2,739,6,4141,51,51,60
1663,356,2,740,8,4149,81,81,80
1664,356,2,741,6,4155,53,53,60
1665,356,2,742,9,4164,96,96,90
1666,356,2,743,5,4169,57,57,50
1667,356,2,744,9,4178,84,84,90
1668,356,2,745,5,4183,57,57,50
1669,356,2,746,8,4191,64,64,80
1670,356,2,747,9,4200,74,74,90
1671,356,2,748,5,4205,36,36,50
1672,356,2,749,7,4212,59,59,70
1673,356,2,750,4,4216,46,46,40
1674,356,2,751,2,4218,19,19,20
1675,356,2,752,7,4225,75,75,70
1676,356,2,753,2,4227,20,20,20
1677,356,2,754,2,4229,23,23,20
1678,356,2,755,8,4237,91,91,80
1679,356,2,756,6,4243,58,58,60
1680,356,2,757,3,4246,33,33,30
1681,356,2,758,9,4255,91,91,90
1682,356,2,759,2,4257,20,20,20
1683,356,2,760,4,4261,42,42,40
1684,356,2,761,9,4270,99,99,90
1685,356,2,762,6,4276,72,72,60
1686,356,2,763,9,4285,97,97,90
1687,356,2,764,9,4294,89,89,90
1688,356,2,765,5,4299,39,39,50
1689,356,2,766,8,4307,68,68,80
1690,356,2,767,2,4309,21,21,20
1691,356,2,768,8,4317,83,83,80
1692,356,2,769,6,4323,46,46,60
1693,356,2,770,9,4332,93,93,90
1694,356,2,771,3,4335,25,25,30
1695,356,2,772,7,4342,65,65,70
1696,356,2,773,9,4351,83,83,90
1697,356,2,774,4,4355,35,35,40
1698,356,2,775,9,4364,83,83,90
1699,356,2,776,8,4372,69,69,80
1700,356,2,777,7,4379,75,75,70
1701,356,2,778,8,4387,92,92,80
1702,356,2,779,3,4390,27,27,30
1703,356,2,780,9,4399,101,101,90
1704,356,2,781,7,4406,52,52,70
1705,356,2,782,2,4408,23,23,20
1706,356,2,783,2,4410,23,23,20
1707,356,2,784,2,4412,10,10,20
1708,356,2,785,2,4414,17,17,20
1709,356,2,786,2,4416,26,26,20
1710,356,2,787,3,4419,27,27,30
1711,356,2,788,3,4422,35,35,30
1712,356,2,789,9,4431,111,111,90
1713,356,2,790,5,4436,42,42,50
1714,356,2,791,2,4438,19,19,20
1715,356,2,792,3,4441,31,31,30
1716,356,2,793,2,4443,17,17,20
1717,356,2,794,3,4446,31,31,30
1718,356,2,795,2,4448,13,13,20
1719,356,2,796,7,4455,71,71,70
1720,356,2,797,9,4464,96,96,90
1721,356,2,798,3,4467,32,32,30
1722,356,2,799,5,4472,49,49,50
1723,356,2,800,7,4479,65,65,70
1724,356,2,801,5,4484,39,39,50
1725,356,2,802,8,4492,73,73,80
1726,356,2,803,8,4500,88,88,80
1727,356,2,804,3,4503,22,17,30
1728,356,2,805,6,4509,58,58,60
1729,356,2,806,4,4513,41,41,40
1730,356,2,807,9,4522,91,67,90
1731,356,2,808,7,4529,98,98,70
1732,356,2,809,8,4537,83,83,80
1733,356,2,810,3,4540,35,35,30
1734,356,2,811,9,4549,95,95,90
1735,356,2,812,9,4558,80,80,90
1736,356,2,813,6,4564,50,50,60
1737,356,2,814,6,4570,64,64,60
1738,356,2,815,3,4573,22,22,30
1739,356,2,816,7,4580,77,77,70
1740,356,2,817,2,4582,20,20,20
1741,356,2,818,2,4584,18,18,20
1742,356,2,819,3,4587,38,38,30
1743,356,2,820,7,4594,78,78,70
1744,356,2,821,2,4596,17,17,20
1745,356,2,822,4,4600,40,29,40
1746,356,2,823,5,4605,53,53,50
1747,356,2,824,6,4611,66,66,60
1748,356,2,825,8,4619,92,92,80
1749,356,2,826,8,4627,83,83,80
1750,356,2,827,5,4632,49,49,50
1751,356,2,828,5,4637,39,39,50
1752,356,2,829,2,4639,18,18,20
1753,356,2,830,6,4645,53,53,60
1754,356,2,831,9,4654,92,92,90
1755,356,2,832,5,4659,41,41,50
1756,356,2,833,6,4665,58,58,60
1757,356,2,834,8,4673,80,80,80
1758,356,2,835,2,4675,16,16,20
1759,356,2,836,6,4681,47,47,60
1760,356,2,837,9,4690,88,88,90
1761,356,2,838,6,4696,56,56,60
1762,356,2,839,4,4700,36,36,40
1763,356,2,840,9,4709,96,96,90
1764,356,2,841,4,4713,46,46,40
1765,356,2,842,4,4717,44,44,40
1766,356,2,843,9,4726,99,99,90
1767,356,2,844,5,4731,43,43,50
1768,356,2,845,3,4734,29,29,30
1769,356,2,846,4,4738,31,31,40
1770,356,2,847,3,4741,29,29,30
1771,356,2,848,7,4748,69,69,70
1772,356,2,849,8,4756,90,90,80
1773,356,2,850,2,4758,10,10,20
1774,356,2,851,8,4766,83,83,80
1775,356,2,852,9,4775,99,99,90
1776,356,2,853,6,4781,59,59,60
1777,356,2,854,7,4788,64,64,70
1778,356,2,855,2,4790,25,17,20
1779,356,2,856,6,4796,74,74,60
1780,356,2,857,7,4803,70,70,70
1781,356,2,858,3,4806,27,27,30
1782,356,2,859,7,4813,65,65,70
1783,356,2,860,3,4816,28,28,30
1784,356,2,861,3,4819,27,27,30
1785,356,2,862,5,4824,49,30,50
1786,356,2,863,7,4831,85,85,70
1787,356,2,864,7,4838,80,80,70
1788,356,2,865,7,4845,83,52,70
1789,356,2,866,4,4849,77,77,40
1790,356,2,867,5,4854,54,54,50
1791,356,2,868,2,4856,22,22,20
1792,356,2,869,9,4865,97,97,90
1793,356,2,870,7,4872,68,68,70
1794,356,2,871,7,4879,63,63,70
1795,356,2,872,5,4884,51,51,50
1796,356,2,873,7,4891,64,64,70
1797,356,2,874,5,4896,45,45,50
1798,356,2,875,4,4900,52,52,40
1799,356,2,876,6,4906,58,58,60
1800,356,2,877,3,4909,29,29,30
1801,356,2,878,6,4915,61,61,60
1802,356,2,879,8,4923,94,64,80
1803,356,2,880,3,4926,57,57,30
1804,356,2,881,6,4932,62,42,60
1805,356,2,882,8,4940,93,93,80
1806,356,2,883,9,4949,87,87,90
1807,356,2,884,5,4954,53,53,50
1808,356,2,885,2,4956,22,22,20
1809,356,2,886,6,4962,52,52,60
1810,356,2,887,8,4970,82,82,80
1811,356,2,888,6,4976,55,55,60
1812,356,2,889,6,4982,61,61,60
1813,356,2,890,6,4988,51,51,60
1814,356,2,891,9,4997,93,93,90
1815,356,3,1,9,9,98,98,90
1816,356,3,2,8,17,84,62,80
1817,356,3,3,4,21,61,61,40
1818,356,3,4,9,30,65,65,90
1819,356,3,5,8,38,99,99,80
1820,356,3,6,8,46,87,87,80
1821,356,3,7,6,52,64,64,60
1822,356,3,8,3,55,28,28,30
1823,356,3,9,3,58,30,30,30
1824,356,3,10,5,63,45,45,50
1825,356,3,11,5,68,50,50,50
1826,356,3,12,6,74,55,55,60
1827,356,3,13,7,81,64,64,70
1828,356,3,14,3,84,38,38,30
1829,356,3,15,3,87,30,30,30
1830,356,3,16,5,92,45,45,50
1831,356,3,17,5,97,51,51,50
1832,356,3,18,5,102,56,56,50
1833,356,3,19,5,107,62,62,50
1834,356,3,20,4,111,43,43,40
1835,356,3,21,7,118,77,77,70
1836,356,3,22,2,120,17,17,20
1837,356,3,23,4,124,45,45,40
1838,356,3,24,7,131,74,74,70
1839,356,3,25,6,137,65,65,60
1840,356,3,26,2,139,23,23,20
1841,356,3,27,3,142,30,30,30
1842,356,3,28,7,149,68,68,70
1843,356,3,29,6,155,58,58,60
1844,356,3,30,5,160,53,53,50
1845,356,3,31,2,162,23,23,20
1846,356,3,32,3,165,30,30,30
1847,356,3,33,9,174,101,101,90
1848,356,3,34,3,177,26,26,30
1849,356,3,35,7,184,68,68,70
1850,356,3,36,9,193,90,90,90
1851,356,3,37,8,201,87,87,80
1852,356,3,38,4,205,32,32,40
1853,356,3,39,3,208,24,20,30
1854,356,3,40,9,217,73,73,90
1855,356,3,41,4,221,37,37,40
1856,356,3,42,3,224,25,25,30
1857,356,3,43,5,229,50,50,50
1858,356,3,44,9,238,79,79,90
1859,356,3,45,6,244,58,58,60
1860,356,3,46,7,251,58,58,70
1861,356,3,47,2,253,29,29,20
1862,356,3,48,9,262,79,79,90
1863,356,3,49,2,264,16,16,20
1864,356,3,50,9,273,80,80,90
1865,356,3,51,8,281,72,72,80
1866,356,3,52,4,285,47,47,40
1867,356,3,53,8,293,94,61,80
1868,356,3,54,9,302,124,124,90
1869,356,3,55,4,306,39,39,40
1870,356,3,56,4,310,37,37,40
1871,356,3,57,4,314,43,43,40
1872,356,3,58,6,320,70,70,60
1873,356,3,59,3,323,21,21,30
1874,356,3,60,2,325,14,14,20
1875,356,3,61,5,330,54,54,50
1876,356,3,62,2,332,20,20,20
1877,356,3,63,8,340,80,80,80
1878,356,3,64,5,345,68,68,50
1879,356,3,65,7,352,65,65,70
1880,356,3,66,4,356,40,40,40
1881,356,3,67,8,364,83,83,80
1882,356,3,68,4,368,28,28,40
1883,356,3,69,9,377,82,44,90
1884,356,3,70,7,384,113,113,70
1885,356,3,71,2,386,11,11,20
1886,356,3,72,8,394,83,83,80
1887,356,3,73,3,397,33,33,30
1888,356,3,74,4,401,43,43,40
1889,356,3,75,4,405,32,32,40
1890,356,3,76,4,409,47,47,40
1891,356,3,77,7,416,68,68,70
1892,356,3,78,4,420,49,49,40
1893,356,3,79,8,428,74,74,80
1894,356,3,80,7,435,65,65,70
1895,356,3,81,2,437,20,20,20
1896,356,3,82,9,446,102,102,90
1897,356,3,83,2,448,23,23,20
1898,356,3,84,6,454,65,65,60
1899,356,3,85,2,456,21,21,20
1900,356,3,86,5,461,47,47,50
1901,356,3,87,9,470,98,98,90
1902,356,3,88,3,473,31,31,30
1903,356,3,89,4,477,42,42,40
1904,356,3,90,3,480,31,31,30
1905,356,3,91,6,486,65,65,60
1906,356,3,92,7,493,78,78,70
1907,356,3,93,3,496,30,19,30
1908,356,3,94,3,499,39,39,30
1909,356,3,95,6,505,58,58,60
1910,356,3,96,7,512,68,68,70
1911,356,3,97,5,517,52,52,50
1912,356,3,98,4,521,36,36,40
1913,356,3,99,5,526,49,49,50
1914,356,3,100,6,532,56,56,60
1915,356,3,101,9,541,94,58,90
1916,356,3,102,9,550,124,124,90
1917,356,3,103,9,559,97,97,90
1918,356,3,104,3,562,29,29,30
1919,356,3,105,7,569,83,83,70
1920,356,3,106,5,574,51,51,50
1921,356,3,107,3,577,28,28,30
1922,356,3,108,5,582,50,50,50
1923,356,3,109,3,585,25,25,30
1924,356,3,110,2,587,15,15,20
1925,356,3,111,5,592,48,48,50
1926,356,3,112,5,597,55,55,50
1927,356,3,113,2,599,28,28,20
1928,356,3,114,9,608,93,93,90
1929,356,3,115,4,612,44,44,40
1930,356,3,116,3,615,29,29,30
1931,356,3,117,7,622,63,63,70
1932,356,3,118,7,629,74,74,70
1933,356,3,119,5,634,52,52,50
1934,356,3,120,9,643,96,96,90
1935,356,3,121,8,651,75,75,80
1936,356,3,122,9,660,85,85,90
1937,356,3,123,6,666,62,62,60
1938,356,3,124,7,673,79,79,70
1939,356,3,125,5,678,58,58,50
1940,356,3,126,6,684,44,44,60
1941,356,3,127,6,690,59,41,60
1942,356,3,128,9,699,119,119,90
1943,356,3,129,3,702,33,33,30
1944,356,3,130,7,709,82,82,70
1945,356,3,131,4,713,38,38,40
1946,356,3,132,8,721,86,86,80
1947,356,3,133,8,729,63,63,80
1948,356,3,134,8,737,85,85,80
1949,356,3,135,9,746,93,93,90
1950,356,3,136,9,755,94,94,90
1951,356,3,137,3,758,34,34,30
1952,356,3,138,3,761,40,40,30
1953,356,3,139,2,763,30,30,20
1954,356,3,140,5,768,47,47,50
1955,356,3,141,5,773,46,46,50
1956,356,3,142,4,777,48,48,40
1957,356,3,143,7,784,76,76,70
1958,356,3,144,9,793,111,111,90
1959,356,3,145,3,796,24,24,30
1960,356,3,146,4,800,28,28,40
1961,356,3,147,3,803,33,33,30
1962,356,3,148,6,809,50,50,60
1963,356,3,149,2,811,22,22,20
1964,356,3,150,3,814,35,35,30
1965,356,3,151,6,820,65,65,60
1966,356,3,152,7,827,69,69,70
1967,356,3,153,6,833,56,33,60
1968,356,3,154,9,842,122,122,90
1969,356,3,155,8,850,80,80,80
1970,356,3,156,7,857,84,84,70
1971,356,3,157,2,859,13,13,20
1972,356,3,158,7,866,72,72,70
1973,356,3,159,7,873,71,71,70
1974,356,3,160,6,879,60,60,60
1975,356,3,161,2,881,23,23,20
1976,356,3,162,4,885,37,21,40
1977,356,3,163,2,887,33,33,20
1978,356,3,164,5,892,47,47,50
1979,356,3,165,9,901,75,75,90
1980,356,3,166,4,905,49,28,40
1981,356,3,167,9,914,104,104,90
1982,356,3,168,6,920,56,56,60
1983,356,3,169,6,926,66,66,60
1984,356,3,170,8,934,75,75,80
1985,356,3,171,5,939,48,48,50
1986,356,3,172,9,948,104,104,90
1987,356,3,173,7,955,81,81,70
1988,356,3,174,4,959,45,45,40
1989,356,3,175,9,968,85,85,90
1990,356,3,176,2,970,27,27,20
1991,356,3,177,8,978,84,84,80
1992,356,3,178,9,987,87,87,90
1993,356,3,179,8,995,75,75,80
1994,356,3,180,7,1002,74,74,70
1995,356,3,181,7,1009,58,58,70
1996,356,3,182,4,1013,47,47,40
1997,356,3,183,8,1021,86,86,80
1998,356,3,184,3,1024,25,25,30
1999,356,3,185,5,1029,49,49,50
2000,356,3,186,2,1031,15,15,20
2001,356,3,187,9,1040,80,80,90
2002,356,3,188,8,1048,69,69,80
2003,356,3,189,6,1054,56,56,60
2004,356,3,190,6,1060,66,66,60
2005,356,3,191,5,1065,62,62,50
2006,356,3,192,9,1074,87,87,90
2007,356,3,193,7,1081,63,63,70
2008,356,3,194,8,1089,68,50,80
2009,356,3,195,7,1096,95,95,70
2010,356,3,196,8,1104,88,88,80
2011,356,3,197,9,1113,98,98,90
2012,356,3,198,4,1117,42,42,40
2013,356,3,199,8,1125,77,77,80
2014,356,3,200,9,1134,74,74,90
2015,356,3,201,7,1141,79,79,70
2016,356,3,202,3,1144,31,31,30
2017,356,3,203,5,1149,53,53,50
2018,356,3,204,2,1151,16,16,20
2019,356,3,205,5,1156,56,56,50
2020,356,3,206,8,1164,92,92,80
2021,356,3,207,9,1173,81,44,90
2022,356,3,208,4,1177,77,77,40
2023,356,3,209,5,1182,56,56,50
2024,356,3,210,3,1185,33,33,30
2025,356,3,211,9,1194,99,99,90
2026,356,3,212,4,1198,38,38,40
2027,356,3,213,3,1201,29,29,30
2028,356,3,214,7,1208,72,72,70
2029,356,3,215,4,1212,45,45,40
2030,356,3,216,4,1216,36,36,40
2031,356,3,217,7,1223,63,63,70
2032,356,3,218,7,1230,75,75,70
2033,356,3,219,3,1233,29,29,30
2034,356,3,220,7,1240,77,77,70
2035,356,3,221,5,1245,47,47,50
2036,356,3,222,9,1254,88,88,90
2037,356,3,223,2,1256,21,21,20
2038,356,3,224,5,1261,48,48,50
2039,356,3,225,6,1267,56,56,60
2040,356,3,226,5,1272,47,47,50
2041,356,3,227,5,1277,55,55,50
2042,356,3,228,4,1281,40,40,40
2043,356,3,229,3,1284,29,29,30
2044,356,3,230,5,1289,51,51,50
2045,356,3,231,7,1296,62,62,70
2046,356,3,232,6,1302,56,56,60
2047,356,3,233,7,1309,60,60,70
2048,356,3,234,4,1313,39,39,40
2049,356,3,235,8,1321,76,76,80
2050,356,3,236,3,1324,22,22,30
2051,356,3,237,8,1332,87,87,80
2052,356,3,238,3,1335,37,37,30
2053,356,3,239,9,1344,91,91,90
2054,356,3,240,6,1350,57,57,60
2055,356,3,241,2,1352,19,19,20
2056,356,3,242,3,1355,32,32,30
2057,356,3,243,3,1358,28,28,30
2058,356,3,244,4,1362,50,50,40
2059,356,3,245,6,1368,61,61,60
2060,356,3,246,4,1372,28,28,40
2061,356,3,247,6,1378,53,53,60
2062,356,3,248,2,1380,18,18,20
2063,356,3,249,6,1386,60,60,60
2064,356,3,250,4,1390,32,32,40
2065,356,3,251,7,1397,64,64,70
2066,356,3,252,9,1406,83,83,90
2067,356,3,253,7,1413,68,68,70
2068,356,3,254,9,1422,82,58,90
2069,356,3,255,2,1424,42,42,20
2070,356,3,256,5,1429,55,55,50
2071,356,3,257,5,1434,47,47,50
2072,356,3,258,5,1439,51,51,50
2073,356,3,259,6,1445,57,57,60
2074,356,3,260,9,1454,80,80,90
2075,356,3,261,6,1460,63,63,60
2076,356,3,262,6,1466,63,63,60
2077,356,3,263,3,1469,40,40,30
2078,356,3,264,8,1477,88,88,80
2079,356,3,265,3,1480,25,25,30
2080,356,3,266,2,1482,15,11,20
2081,356,3,267,7,1489,65,65,70
2082,356,3,268,4,1493,33,33,40
2083,356,3,269,7,1500,69,69,70
2084,356,3,270,7,1507,71,71,70
2085,356,3,271,5,1512,41,41,50
2086,356,3,272,2,1514,23,23,20
2087,356,3,273,4,1518,53,53,40
2088,356,3,274,3,1521,39,39,30
2089,356,3,275,9,1530,89,89,90
2090,356,3,276,6,1536,51,51,60
2091,356,3,277,8,1544,70,70,80
2092,356,3,278,4,1548,46,46,40
2093,356,3,279,2,1550,26,18,20
2094,356,3,280,6,1556,65,65,60
2095,356,3,281,9,1565,106,106,90
2096,356,3,282,5,1570,64,64,50
2097,356,3,283,3,1573,22,22,30
2098,356,3,284,4,1577,34,34,40
2099,356,3,285,5,1582,54,54,50
2100,356,3,286,5,1587,51,51,50
2101,356,3,287,5,1592,56,56,50
2102,356,3,288,4,1596,40,40,40
2103,356,3,289,8,1604,71,71,80
2104,356,3,290,9,1613,97,97,90
2105,356,3,291,4,1617,45,45,40
2106,356,3,292,4,1621,47,47,40
2107,356,3,293,9,1630,88,88,90
2108,356,3,294,6,1636,63,63,60
2109,356,3,295,6,1642,60,60,60
2110,356,3,296,5,1647,45,45,50
2111,356,3,297,9,1656,87,87,90
2112,356,3,298,4,1660,50,50,40
2113,356,3,299,2,1662,26,26,20
2114,356,3,300,7,1669,62,62,70
2115,356,3,301,4,1673,53,53,40
2116,356,3,302,9,1682,89,89,90
2117,356,3,303,3,1685,17,17,30
2118,356,3,304,4,1689,38,28,40
2119,356,3,305,7,1696,62,62,70
2120,356,3,306,4,1700,38,38,40
2121,356,3,307,7,1707,81,81,70
2122,356,3,308,4,1711,32,32,40
2123,356,3,309,8,1719,91,91,80
2124,356,3,310,4,1723,42,42,40
2125,356,3,311,5,1728,40,40,50
2126,356,3,312,8,1736,76,76,80
2127,356,3,313,7,1743,78,78,70
2128,356,3,314,4,1747,37,37,40
2129,356,3,315,6,1753,60,60,60
2130,356,3,316,4,1757,42,42,40
2131,356,3,317,9,1766,62,62,90
2132,356,3,318,2,1768,24,24,20
2133,356,3,319,4,1772,38,38,40
2134,356,3,320,5,1777,46,46,50
2135,356,3,321,2,1779,13,13,20
2136,356,3,322,3,1782,24,24,30
2137,356,3,323,7,1789,66,66,70
2138,356,3,324,4,1793,40,40,40
2139,356,3,325,3,1796,24,15,30
2140,356,3,326,5,1801,65,65,50
2141,356,3,327,3,1804,25,25,30
2142,356,3,328,2,1806,17,17,20
2143,356,3,329,8,1814,83,83,80
2144,356,3,330,3,1817,25,25,30
2145,356,3,331,7,1824,66,41,70
2146,356,3,332,9,1833,126,126,90
2147,356,3,333,7,1840,69,69,70
2148,356,3,334,7,1847,64,64,70
2149,356,3,335,8,1855,65,65,80
2150,356,3,336,2,1857,24,24,20
2151,356,3,337,6,1863,63,63,60
2152,356,3,338,6,1869,71,71,60
2153,356,3,339,5,1874,53,53,50
2154,356,3,340,5,1879,51,30,50
2155,356,3,341,7,1886,89,89,70
2156,356,3,342,5,1891,36,36,50
2157,356,3,343,8,1899,79,79,80
2158,356,3,344,2,1901,20,20,20
2159,356,3,345,5,1906,52,52,50
2160,356,3,346,4,1910,48,48,40
2161,356,3,347,8,1918,77,77,80
2162,356,3,348,6,1924,56,56,60
2163,356,3,349,5,1929,43,43,50
2164,356,3,350,8,1937,81,81,80
2165,356,3,351,2,1939,15,15,20
2166,356,3,352,2,1941,22,22,20
2167,356,3,353,8,1949,74,74,80
2168,356,3,354,3,1952,32,32,30
2169,356,3,355,9,1961,90,90,90
2170,356,3,356,5,1966,47,47,50
2171,356,3,357,5,1971,45,45,50
2172,356,3,358,8,1979,71,71,80
2173,356,3,359,6,1985,46,46,60
2174,356,3,360,5,1990,46,46,50
2175,356,3,361,2,1992,16,16,20
2176,356,3,362,6,1998,67,67,60
2177,356,3,363,2,2000,19,19,20
2178,356,3,364,8,2008,82,82,80
2179,356,3,365,2,2010,13,13,20
2180,356,3,366,2,2012,21,21,20
2181,356,3,367,3,2015,21,21,30
2182,356,3,368,6,2021,68,68,60
2183,356,3,369,5,2026,52,52,50
2184,356,3,370,4,2030,32,32,40
2185,356,3,371,4,2034,39,39,40
2186,356,3,372,4,2038,39,39,40
2187,356,3,373,7,2045,77,77,70
2188,356,3,374,6,2051,64,64,60
2189,356,3,375,4,2055,30,30,40
2190,356,3,376,3,2058,32,32,30
2191,356,3,377,9,2067,100,100,90
2192,356,3,378,3,2070,25,25,30
2193,356,3,379,9,2079,89,89,90
2194,356,3,380,3,2082,24,24,30
2195,356,3,381,9,2091,94,94,90
2196,356,3,382,3,2094,35,35,30
2197,356,3,383,2,2096,17,17,20
2198,356,3,384,8,2104,65,65,80
2199,356,3,385,3,2107,25,25,30
2200,356,3,386,2,2109,19,19,20
2201,356,3,387,3,2112,27,27,30
2202,356,3,388,8,2120,78,78,80
2203,356,3,389,6,2126,56,56,60
2204,356,3,390,5,2131,52,52,50
2205,356,3,391,7,2138,68,68,70
2206,356,3,392,5,2143,50,50,50
2207,356,3,393,3,2146,28,28,30
2208,356,3,394,5,2151,50,50,50
2209,356,3,395,4,2155,43,43,40
2210,356,3,396,2,2157,22,22,20
2211,356,3,397,5,2162,50,50,50
2212,356,3,398,8,2170,86,86,80
2213,356,3,399,9,2179,95,95,90
2214,356,3,400,3,2182,27,27,30
2215,356,3,401,7,2189,76,76,70
2216,356,3,402,8,2197,71,71,80
2217,356,3,403,7,2204,66,66,70
2218,356,3,404,9,2213,97,97,90
2219,356,3,405,9,2222,86,86,90
2220,356,3,406,2,2224,14,14,20
2221,356,3,407,9,2233,86,86,90
2222,356,3,408,7,2240,60,60,70
2223,356,3,409,3,2243,36,36,30
2224,356,3,410,6,2249,49,49,60
2225,356,3,411,8,2257,83,83,80
2226,356,3,412,2,2259,22,22,20
2227,356,3,413,5,2264,52,52,50
2228,356,3,414,8,2272,85,85,80
2229,356,3,415,4,2276,43,43,40
2230,356,3,416,7,2283,69,69,70
2231,356,3,417,3,2286,34,34,30
2232,356,3,418,2,2288,16,16,20
2233,356,3,419,5,2293,53,53,50
2234,356,3,420,6,2299,59,59,60
2235,356,3,421,4,2303,41,41,40
2236,356,3,422,7,2310,65,65,70
2237,356,3,423,2,2312,14,14,20
2238,356,3,424,8,2320,79,79,80
2239,356,3,425,8,2328,75,75,80
2240,356,3,426,7,2335,82,82,70
2241,356,3,427,4,2339,44,27,40
2242,356,3,428,9,2348,110,110,90
2243,356,3,429,4,2352,41,41,40
2244,356,3,430,2,2354,20,20,20
2245,356,3,431,9,2363,79,56,90
2246,356,3,432,4,2367,56,56,40
2247,356,3,433,4,2371,47,47,40
2248,356,3,434,8,2379,94,94,80
2249,356,3,435,6,2385,60,60,60
2250,356,3,436,4,2389,54,54,40
2251,356,3,437,2,2391,16,16,20
2252,356,3,438,2,2393,20,20,20
2253,356,3,439,5,2398,44,44,50
2254,356,3,440,5,2403,49,49,50
2255,356,3,441,6,2409,67,67,60
2256,356,3,442,3,2412,24,24,30
2257,356,3,443,8,2420,74,74,80
2258,356,3,444,3,2423,36,36,30
2259,356,3,445,6,2429,46,46,60
2260,356,3,446,6,2435,58,58,60
2261,356,3,447,8,2443,72,72,80
2262,356,3,448,8,2451,65,65,80
2263,356,3,449,3,2454,24,24,30
2264,356,3,450,3,2457,40,40,30
2265,356,3,451,9,2466,87,87,90
2266,356,3,452,6,2472,61,61,60
2267,356,3,453,8,2480,72,72,80
2268,356,3,454,2,2482,24,24,20
2269,356,3,455,2,2484,18,18,20
2270,356,3,456,2,2486,17,17,20
2271,356,3,457,9,2495,85,85,90
2272,356,3,458,3,2498,28,28,30
2273,356,3,459,2,2500,14,14,20
2274,356,3,460,6,2506,68,68,60
2275,356,3,461,9,2515,79,79,90
2276,356,3,462,5,2520,54,54,50
2277,356,3,463,7,2527,78,78,70
2278,356,3,464,7,2534,75,75,70
2279,356,3,465,3,2537,39,39,30
2280,356,3,466,9,2546,80,80,90
2281,356,3,467,7,2553,73,73,70
2282,356,3,468,7,2560,63,38,70
2283,356,3,469,2,2562,47,47,20
2284,356,3,470,7,2569,87,87,70
2285,356,3,471,8,2577,68,68,80
2286,356,3,472,7,2584,65,65,70
2287,356,3,473,3,2587,35,35,30
2288,356,3,474,4,2591,60,60,40
2289,356,3,475,8,2599,88,88,80
2290,356,3,476,8,2607,75,75,80
2291,356,3,477,7,2614,60,60,70
2292,356,3,478,4,2618,44,44,40
2293,356,3,479,3,2621,33,33,30
2294,356,3,480,9,2630,84,84,90
2295,356,3,481,3,2633,42,42,30
2296,356,3,482,5,2638,57,36,50
2297,356,3,483,2,2640,41,41,20
2298,356,3,484,7,2647,67,67,70
2299,356,3,485,6,2653,60,60,60
2300,356,3,486,2,2655,26,26,20
2301,356,3,487,8,2663,77,58,80
2302,356,3,488,2,2665,37,37,20
2303,356,3,489,5,2670,49,49,50
2304,356,3,490,5,2675,56,56,50
2305,356,3,491,9,2684,85,85,90
2306,356,3,492,2,2686,24,24,20
2307,356,3,493,3,2689,36,36,30
2308,356,3,494,7,2696,76,76,70
2309,356,3,495,6,2702,62,62,60
2310,356,3,496,4,2706,34,34,40
2311,356,3,497,5,2711,44,44,50
2312,356,3,498,9,2720,92,92,90
2313,356,3,499,7,2727,70,70,70
2314,356,3,500,8,2735,70,70,80
2315,356,3,501,3,2738,24,24,30
2316,356,3,502,8,2746,77,77,80
2317,356,3,503,7,2753,72,72,70
2318,356,3,504,9,2762,105,105,90
2319,356,3,505,5,2767,44,44,50
2320,356,3,506,6,2773,70,70,60
2321,356,3,507,6,2779,61,61,60
2322,356,3,508,7,2786,65,65,70
2323,356,3,509,2,2788,17,17,20
2324,356,3,510,3,2791,28,28,30
2325,356,3,511,9,2800,86,86,90
2326,356,3,512,6,2806,48,48,60
2327,356,3,513,5,2811,42,42,50
2328,356,3,514,9,2820,90,90,90
2329,356,3,515,2,2822,14,14,20
2330,356,3,516,6,2828,59,59,60
2331,356,3,517,2,2830,25,25,20
2332,356,3,518,6,2836,59,38,60
2333,356,3,519,7,2843,88,88,70
2334,356,3,520,8,2851,90,90,80
2335,356,3,521,4,2855,39,39,40
2336,356,3,522,8,2863,71,45,80
2337,356,3,523,5,2868,78,78,50
2338,356,3,524,8,2876,98,98,80
2339,356,3,525,7,2883,90,90,70
2340,356,3,526,7,2890,79,79,70
2341,356,3,527,9,2899,77,77,90
2342,356,3,528,6,2905,59,59,60
2343,356,3,529,3,2908,25,25,30
2344,356,3,530,2,2910,28,28,20
2345,356,3,531,8,2918,96,96,80
2346,356,3,532,7,2925,63,63,70
2347,356,3,533,5,2930,51,51,50
2348,356,3,534,2,2932,24,24,20
2349,356,3,535,6,2938,60,60,60
2350,356,3,536,7,2945,62,62,70
2351,356,3,537,9,2954,82,82,90
2352,356,3,538,6,2960,60,60,60
2353,356,3,539,7,2967,67,67,70
2354,356,3,540,3,2970,35,35,30
2355,356,3,541,4,2974,44,44,40
2356,356,3,542,7,2981,69,69,70
2357,356,3,543,3,2984,34,34,30
2358,356,3,544,9,2993,86,86,90
2359,356,3,545,7,3000,78,78,70
2360,356,3,546,3,3003,25,25,30
2361,356,3,547,4,3007,34,34,40
2362,356,3,548,3,3010,18,18,30
2363,356,3,549,6,3016,59,59,60
2364,356,3,550,6,3022,56,56,60
2365,356,3,551,5,3027,38,38,50
2366,356,3,552,5,3032,50,50,50
2367,356,3,553,4,3036,48,48,40
2368,356,3,554,2,3038,26,26,20
2369,356,3,555,7,3045,73,73,70
2370,356,3,556,5,3050,43,43,50
2371,356,3,557,9,3059,92,92,90
2372,356,3,558,2,3061,34,24,20
2373,356,3,559,5,3066,64,64,50
2374,356,3,560,4,3070,36,36,40
2375,356,3,561,4,3074,38,38,40
2376,356,3,562,9,3083,97,97,90
2377,356,3,563,2,3085,26,26,20
2378,356,3,564,8,3093,105,105,80
2379,356,3,565,6,3099,68,68,60
2380,356,3,566,3,3102,35,35,30
2381,356,3,567,2,3104,24,24,20
2382,356,3,568,6,3110,76,76,60
2383,356,3,569,2,3112,15,10,20
2384,356,3,570,7,3119,67,67,70
2385,356,3,571,3,3122,24,17,30
2386,356,3,572,3,3125,42,42,30
2387,356,3,573,5,3130,54,54,50
2388,356,3,574,9,3139,71,71,90
2389,356,3,575,3,3142,24,24,30
2390,356,3,576,6,3148,68,68,60
2391,356,3,577,8,3156,83,83,80
2392,356,3,578,3,3159,28,28,30
2393,356,3,579,8,3167,80,80,80
2394,356,3,580,8,3175,85,85,80
2395,356,3,581,2,3177,17,17,20
2396,356,3,582,9,3186,89,89,90
2397,356,3,583,8,3194,82,82,80
2398,356,3,584,4,3198,40,40,40
2399,356,3,585,6,3204,48,48,60
2400,356,3,586,7,3211,68,68,70
2401,356,3,587,3,3214,30,30,30
2402,356,3,588,9,3223,87,87,90
2403,356,3,589,6,3229,62,62,60
2404,356,3,590,5,3234,61,61,50
2405,356,3,591,9,3243,91,91,90
2406,356,3,592,9,3252,92,92,90
2407,356,3,593,6,3258,62,62,60
2408,356,3,594,2,3260,20,20,20
2409,356,3,595,4,3264,39,39,40
2410,356,3,596,3,3267,29,29,30
2411,356,3,597,8,3275,89,89,80
2412,356,3,598,8,3283,96,96,80
2413,356,3,599,9,3292,88,88,90
2414,356,3,600,3,3295,26,26,30
2415,356,3,601,5,3300,46,46,50
2416,356,3,602,5,3305,61,61,50
2417,356,3,603,5,3310,48,48,50
2418,356,3,604,3,3313,32,32,30
2419,356,3,605,2,3315,27,27,20
2420,356,3,606,8,3323,77,77,80
2421,356,3,607,7,3330,67,67,70
2422,356,3,608,6,3336,69,69,60
2423,356,3,609,7,3343,64,64,70
2424,356,3,610,2,3345,21,21,20
2425,356,3,611,3,3348,33,33,30
2426,356,3,612,8,3356,84,84,80
2427,356,3,613,6,3362,56,56,60
2428,356,3,614,9,3371,94,94,90
2429,356,3,615,2,3373,20,20,20
2430,356,3,616,2,3375,25,25,20
2431,356,3,617,7,3382,79,79,70
2432,356,3,618,3,3385,33,33,30
2433,356,3,619,4,3389,35,35,40
2434,356,3,620,4,3393,45,45,40
2435,356,3,621,3,3396,28,28,30
2436,356,3,622,6,3402,70,70,60
2437,356,3,623,7,3409,86,86,70
2438,356,3,624,6,3415,44,44,60
2439,356,3,625,8,3423,81,81,80
2440,356,3,626,6,3429,59,59,60
2441,356,3,627,7,3436,67,67,70
2442,356,3,628,7,3443,69,69,70
2443,356,3,629,2,3445,20,20,20
2444,356,3,630,5,3450,61,61,50
2445,356,3,631,3,3453,22,22,30
2446,356,3,632,8,3461,88,56,80
2447,356,3,633,2,3463,50,50,20
2448,356,3,634,6,3469,60,60,60
2449,356,3,635,4,3473,45,45,40
2450,356,3,636,5,3478,52,52,50
2451,356,3,637,4,3482,41,41,40
2452,356,3,638,2,3484,23,23,20
2453,356,3,639,4,3488,39,39,40
2454,356,3,640,7,3495,59,59,70
2455,356,3,641,9,3504,102,102,90
2456,356,3,642,3,3507,28,28,30
2457,356,3,643,4,3511,40,19,40
2458,356,3,644,4,3515,68,68,40
2459,356,3,645,9,3524,87,87,90
2460,356,3,646,3,3527,19,19,30
2461,356,3,647,2,3529,21,21,20
2462,356,3,648,2,3531,28,28,20
2463,356,3,649,8,3539,81,81,80
2464,356,3,650,6,3545,76,76,60
2465,356,3,651,6,3551,60,60,60
2466,356,3,652,9,3560,77,77,90
2467,356,3,653,3,3563,37,37,30
2468,356,3,654,6,3569,61,61,60
2469,356,3,655,5,3574,43,43,50
2470,356,3,656,4,3578,44,44,40
2471,356,3,657,5,3583,59,43,50
2472,356,3,658,2,3585,35,35,20
2473,356,3,659,2,3587,26,26,20
2474,356,3,660,4,3591,37,37,40
2475,356,3,661,3,3594,39,39,30
2476,356,3,662,6,3600,45,45,60
2477,356,3,663,3,3603,29,29,30
2478,356,3,664,2,3605,16,16,20
2479,356,3,665,6,3611,65,65,60
2480,356,3,666,5,3616,52,52,50
2481,356,3,667,9,3625,95,95,90
2482,356,3,668,6,3631,62,62,60
2483,356,3,669,8,3639,93,93,80
2484,356,3,670,2,3641,26,26,20
2485,356,3,671,4,3645,32,32,40
2486,356,3,672,3,3648,32,32,30
2487,356,3,673,5,3653,48,48,50
2488,356,3,674,8,3661,70,70,80
2489,356,3,675,6,3667,57,57,60
2490,356,3,676,6,3673,57,41,60
2491,356,3,677,9,3682,138,97,90
2492,356,3,678,4,3686,73,73,40
2493,356,3,679,9,3695,83,83,90
2494,356,3,680,9,3704,82,82,90
2495,356,3,681,7,3711,82,82,70
2496,356,3,682,4,3715,30,30,40
2497,356,3,683,9,3724,86,86,90
2498,356,3,684,9,3733,103,103,90
2499,356,3,685,8,3741,92,92,80
2500,356,3,686,2,3743,18,18,20
2501,356,3,687,4,3747,40,40,40
2502,356,3,688,4,3751,40,40,40
2503,356,3,689,4,3755,36,36,40
2504,356,3,690,2,3757,22,22,20
2505,356,3,691,4,3761,45,45,40
2506,356,3,692,4,3765,43,43,40
2507,356,3,693,7,3772,76,76,70
2508,356,3,694,8,3780,93,93,80
2509,356,3,695,4,3784,30,30,40
2510,356,3,696,6,3790,56,56,60
2511,356,3,697,5,3795,52,52,50
2512,356,3,698,5,3800,40,40,50
2513,356,3,699,9,3809,85,85,90
2514,356,3,700,7,3816,57,57,70
2515,356,3,701,7,3823,84,84,70
2516,356,3,702,9,3832,87,87,90
2517,356,3,703,7,3839,68,68,70
2518,356,3,704,7,3846,64,64,70
2519,356,3,705,5,3851,45,45,50
2520,356,3,706,5,3856,57,57,50
2521,356,3,707,5,3861,41,41,50
2522,356,3,708,3,3864,23,23,30
2523,356,3,709,4,3868,27,27,40
2524,356,3,710,2,3870,20,20,20
2525,356,3,711,5,3875,44,44,50
2526,356,3,712,4,3879,47,47,40
2527,356,3,713,2,3881,18,18,20
2528,356,3,714,2,3883,17,17,20
2529,356,3,715,5,3888,27,27,50
2530,356,3,716,9,3897,96,96,90
2531,356,3,717,7,3904,75,75,70
2532,356,3,718,3,3907,26,26,30
2533,356,3,719,9,3916,100,100,90
2534,356,3,720,8,3924,101,101,80
2535,356,3,721,6,3930,80,80,60
2536,356,3,722,8,3938,87,87,80
2537,356,3,723,5,3943,53,53,50
2538,356,3,724,8,3951,69,69,80
2539,356,3,725,7,3958,72,72,70
2540,356,3,726,3,3961,26,13,30
2541,356,3,727,3,3964,34,34,30
2542,356,3,728,4,3968,50,50,40
2543,356,3,729,8,3976,79,79,80
2544,356,3,730,2,3978,17,17,20
2545,356,3,731,8,3986,76,76,80
2546,356,3,732,5,3991,58,58,50
2547,356,3,733,3,3994,32,32,30
2548,356,3,734,2,3996,30,21,20
2549,356,3,735,9,4005,106,106,90
2550,356,3,736,7,4012,68,68,70
2551,356,3,737,7,4019,81,81,70
2552,356,3,738,5,4024,53,53,50
2553,356,3,739,9,4033,102,70,90
2554,356,3,740,5,4038,87,87,50
2555,356,3,741,6,4044,56,56,60
2556,356,3,742,2,4046,29,29,20
2557,356,3,743,5,4051,51,51,50
2558,356,3,744,7,4058,82,82,70
2559,356,3,745,3,4061,27,27,30
2560,356,3,746,3,4064,28,28,30
2561,356,3,747,4,4068,46,46,40
2562,356,3,748,7,4075,61,61,70
2563,356,3,749,8,4083,92,92,80
2564,356,3,750,5,4088,42,42,50
2565,356,3,751,9,4097,81,81,90
2566,356,3,752,6,4103,59,45,60
2567,356,3,753,6,4109,74,74,60
2568,356,3,754,9,4118,106,106,90
2569,356,3,755,4,4122,36,36,40
2570,356,3,756,7,4129,73,73,70
2571,356,3,757,3,4132,26,26,30
2572,356,3,758,4,4136,40,40,40
2573,356,3,759,2,4138,27,27,20
2574,356,3,760,9,4147,90,65,90
2575,356,3,761,3,4150,52,52,30
2576,356,3,762,5,4155,52,52,50
2577,356,3,763,2,4157,21,21,20
2578,356,3,764,5,4162,51,37,50
2579,356,3,765,7,4169,77,77,70
2580,356,3,766,8,4177,85,85,80
2581,356,3,767,4,4181,33,33,40
2582,356,3,768,7,4188,65,65,70
2583,356,3,769,3,4191,30,30,30
2584,356,3,770,7,4198,67,67,70
2585,356,3,771,6,4204,51,51,60
2586,356,3,772,3,4207,31,31,30
2587,356,3,773,2,4209,17,17,20
2588,356,3,774,2,4211,17,17,20
2589,356,3,775,6,4217,65,65,60
2590,356,3,776,8,4225,102,102,80
2591,356,3,777,8,4233,70,70,80
2592,356,3,778,9,4242,91,55,90
2593,356,3,779,2,4244,57,57,20
2594,356,3,780,2,4246,18,18,20
2595,356,3,781,8,4254,79,79,80
2596,356,3,782,5,4259,46,46,50
2597,356,3,783,5,4264,57,57,50
2598,356,3,784,4,4268,36,36,40
2599,356,3,785,8,4276,73,73,80
2600,356,3,786,5,4281,52,52,50
2601,356,3,787,6,4287,57,57,60
2602,356,3,788,6,4293,71,71,60
2603,356,3,789,5,4298,45,45,50
2604,356,3,790,2,4300,16,16,20
2605,356,3,791,3,4303,40,40,30
2606,356,3,792,8,4311,80,80,80
2607,356,3,793,9,4320,85,85,90
2608,356,3,794,9,4329,92,92,90
2609,356,3,795,7,4336,55,55,70
2610,356,3,796,8,4344,70,70,80
2611,356,3,797,4,4348,45,45,40
2612,356,3,798,3,4351,31,31,30
2613,356,3,799,5,4356,40,40,50
2614,356,3,800,7,4363,86,86,70
2615,356,3,801,7,4370,82,82,70
2616,356,3,802,8,4378,84,84,80
2617,356,3,803,3,4381,24,24,30
2618,356,3,804,8,4389,84,84,80
2619,356,3,805,5,4394,55,55,50
2620,356,3,806,8,4402,82,82,80
2621,356,3,807,9,4411,95,95,90
2622,356,3,808,8,4419,82,82,80
2623,356,3,809,9,4428,80,80,90
2624,356,3,810,7,4435,69,69,70
2625,356,3,811,7,4442,71,71,70
2626,356,3,812,6,4448,56,56,60
2627,356,3,813,8,4456,73,73,80
2628,356,3,814,4,4460,30,30,40
2629,356,3,815,8,4468,86,86,80
2630,356,3,816,2,4470,21,21,20
2631,356,3,817,9,4479,82,82,90
2632,356,3,818,3,4482,34,34,30
2633,356,3,819,7,4489,63,41,70
2634,356,3,820,9,4498,108,108,90
2635,356,3,821,4,4502,40,40,40
2636,356,3,822,4,4506,53,53,40
2637,356,3,823,5,4511,46,46,50
2638,356,3,824,7,4518,78,78,70
2639,356,3,825,8,4526,92,92,80
2640,356,3,826,9,4535,95,95,90
2641,356,3,827,9,4544,85,85,90
2642,356,3,828,2,4546,14,14,20
2643,356,3,829,5,4551,58,58,50
2644,356,3,830,8,4559,80,80,80
2645,356,3,831,8,4567,66,66,80
2646,356,3,832,5,4572,53,53,50
2647,356,3,833,4,4576,48,48,40
2648,356,3,834,4,4580,39,39,40
2649,356,3,835,4,4584,40,40,40
2650,356,3,836,2,4586,11,11,20
2651,356,3,837,9,4595,89,89,90
2652,356,3,838,2,4597,26,26,20
2653,356,3,839,6,4603,71,71,60
2654,356,3,840,5,4608,53,53,50
2655,356,3,841,6,4614,59,59,60
2656,356,3,842,4,4618,47,47,40
2657,356,3,843,4,4622,36,36,40
2658,356,3,844,2,4624,22,22,20
2659,356,3,845,7,4631,69,69,70
2660,356,3,846,3,4634,29,29,30
2661,356,3,847,5,4639,31,31,50
2662,356,3,848,3,4642,31,31,30
2663,356,3,849,4,4646,38,38,40
2664,356,3,850,8,4654,57,57,80
2665,356,3,851,8,4662,76,76,80
2666,356,3,852,5,4667,49,49,50
2667,356,3,853,6,4673,58,58,60
2668,356,3,854,4,4677,35,35,40
2669,356,3,855,5,4682,53,53,50
2670,356,3,856,5,4687,51,29,50
2671,356,3,857,2,4689,38,38,20
2672,356,3,858,7,4696,72,72,70
2673,356,3,859,9,4705,85,85,90
2674,356,3,860,9,4714,80,80,90
2675,356,3,861,5,4719,56,56,50
2676,356,3,862,6,4725,60,60,60
2677,356,3,863,6,4731,57,57,60
2678,356,3,864,8,4739,84,84,80
2679,356,3,865,4,4743,36,36,40
2680,356,3,866,4,4747,43,43,40
2681,356,3,867,5,4752,52,52,50
2682,356,3,868,4,4756,39,18,40
2683,356,3,869,9,4765,113,113,90
2684,356,3,870,6,4771,70,70,60
2685,356,3,871,9,4780,104,104,90
2686,356,3,872,2,4782,24,24,20
2687,356,3,873,4,4786,33,33,40
2688,356,3,874,6,4792,75,75,60
2689,356,3,875,5,4797,47,47,50
2690,356,3,876,5,4802,44,44,50
2691,356,3,877,3,4805,25,25,30
2692,356,3,878,3,4808,31,31,30
2693,356,3,879,5,4813,53,53,50
2694,356,3,880,4,4817,42,42,40
2695,356,3,881,3,4820,32,32,30
2696,356,3,882,3,4823,30,30,30
2697,356,3,883,8,4831,82,82,80
2698,356,3,884,4,4835,36,36,40
2699,356,3,885,5,4840,49,49,50
2700,356,3,886,2,4842,20,20,20
2701,356,3,887,6,4848,60,60,60
2702,356,3,888,4,4852,40,40,40
2703,356,3,889,3,4855,25,25,30
2704,356,3,890,7,4862,61,61,70
2705,356,3,891,2,4864,19,19,20
2706,356,3,892,7,4871,67,67,70
2707,356,3,893,4,4875,42,42,40
2708,356,3,894,5,4880,50,50,50
2709,356,3,895,2,4882,17,17,20
2710,356,3,896,7,4889,67,67,70
2711,356,3,897,5,4894,46,46,50
2712,356,3,898,4,4898,46,46,40
2713,356,3,899,3,4901,33,33,30
2714,356,3,900,6,4907,42,42,60
2715,356,3,901,5,4912,56,56,50
2716,356,3,902,3,4915,35,35,30
2717,356,3,903,3,4918,25,25,30
2718,356,3,904,9,4927,88,88,90
2719,356,3,905,2,4929,16,16,20
2720,356,3,906,4,4933,45,45,40
2721,356,3,907,9,4942,81,81,90
2722,356,3,908,2,4944,26,26,20
2723,356,3,909,7,4951,74,74,70
2724,356,3,910,7,4958,84,84,70
2725,356,3,911,8,4966,73,73,80
2726,356,3,912,9,4975,84,62,90
2727,356,3,913,2,4977,45,45,20
2728,356,3,914,6,4983,77,77,60
2729,356,3,915,7,4990,50,50,70
2730,356,3,916,8,4998,97,97,80
