,Scenario,Trial,Inspection,Interval,Time,Defects,Rate
0,93,1,1,8,8,64,80
1,93,1,2,2,10,26,20
2,93,1,3,7,17,51,70
3,93,1,4,3,20,30,30
4,93,1,5,3,23,33,30
5,93,1,6,2,25,13,20
6,93,1,7,3,28,1,30
7,93,1,8,4,32,1,40
8,93,1,9,8,40,126,80
9,93,1,10,8,48,82,80
10,93,1,11,5,53,47,50
11,93,1,12,2,55,30,20
12,93,1,13,5,60,1,50
13,93,1,14,4,64,79,40
14,93,1,15,5,69,47,50
15,93,1,16,8,77,71,80
16,93,1,17,2,79,29,20
17,93,1,18,5,84,59,50
18,93,1,19,9,93,89,90
19,93,1,20,6,99,49,60
20,93,1,21,7,106,66,70
21,93,1,22,7,113,1,70
22,93,1,23,9,122,148,90
23,93,1,24,8,130,1,80
24,93,1,25,3,133,112,30
25,93,1,26,4,137,1,40
26,93,1,27,9,146,1,90
27,93,1,28,3,149,151,30
28,93,1,29,8,157,86,80
29,93,1,30,7,164,76,70
30,93,1,31,4,168,45,40
31,93,1,32,9,177,87,90
32,93,1,33,8,185,68,80
33,93,1,34,5,190,54,50
34,93,1,35,3,193,1,30
35,93,1,36,3,196,68,30
36,93,1,37,5,201,59,50
37,93,1,38,6,207,60,60
38,93,1,39,6,213,71,60
39,93,1,40,5,218,64,50
40,93,1,41,5,223,47,50
41,93,1,42,4,227,1,40
42,93,1,43,4,231,67,40
43,93,1,44,5,236,68,50
44,93,1,45,8,244,77,80
45,93,1,46,8,252,1,80
46,93,1,47,8,260,167,80
47,93,1,48,9,269,117,90
48,93,1,49,4,273,59,40
49,93,1,50,4,277,42,40
50,93,1,51,6,283,74,60
51,93,1,52,6,289,68,60
52,93,1,53,8,297,89,80
53,93,1,54,8,305,63,80
54,93,1,55,6,311,56,60
55,93,1,56,6,317,60,60
56,93,1,57,5,322,1,50
57,93,1,58,7,329,1,70
58,93,1,59,4,333,1,40
59,93,1,60,6,339,206,60
60,93,1,61,4,343,66,40
61,93,1,62,8,351,72,80
62,93,1,63,3,354,1,30
63,93,1,64,7,361,97,70
64,93,1,65,4,365,46,40
65,93,1,66,5,370,1,50
66,93,1,67,7,377,118,70
67,93,1,68,5,382,65,50
68,93,1,69,8,390,1,80
69,93,1,70,5,395,142,50
70,93,1,71,7,402,1,70
71,93,1,72,2,404,1,20
72,93,1,73,3,407,151,30
73,93,1,74,3,410,38,30
74,93,1,75,5,415,67,50
75,93,1,76,8,423,1,80
76,93,1,77,2,425,84,20
77,93,1,78,8,433,93,80
78,93,1,79,3,436,40,30
79,93,1,80,6,442,1,60
80,93,1,81,4,446,67,40
81,93,1,82,8,454,94,80
82,93,1,83,8,462,105,80
83,93,1,84,7,469,62,70
84,93,1,85,6,475,65,60
85,93,1,86,4,479,1,40
86,93,1,87,4,483,75,40
87,93,1,88,2,485,30,20
88,93,1,89,4,489,36,40
89,93,1,90,4,493,36,40
90,93,1,91,2,495,1,20
91,93,1,92,2,497,34,20
92,93,1,93,2,499,1,20
93,93,1,94,7,506,83,70
94,93,1,95,4,510,35,40
95,93,1,96,5,515,58,50
96,93,1,97,7,522,60,70
97,93,1,98,4,526,1,40
98,93,1,99,3,529,80,30
99,93,1,100,2,531,17,20
100,93,1,101,8,539,73,80
101,93,1,102,9,548,93,90
102,93,1,103,2,550,35,20
103,93,1,104,9,559,1,90
104,93,1,105,9,568,154,90
105,93,1,106,5,573,61,50
106,93,1,107,7,580,1,70
107,93,1,108,3,583,97,30
108,93,1,109,4,587,44,40
109,93,1,110,5,592,50,50
110,93,1,111,8,600,1,80
111,93,1,112,5,605,1,50
112,93,1,113,9,614,1,90
113,93,1,114,6,620,234,60
114,93,1,115,9,629,1,90
115,93,1,116,5,634,1,50
116,93,1,117,9,643,223,90
117,93,1,118,9,652,96,90
118,93,1,119,9,661,105,90
119,93,1,120,5,666,1,50
120,93,1,121,5,671,81,50
121,93,1,122,8,679,84,80
122,93,1,123,4,683,50,40
123,93,1,124,6,689,45,60
124,93,1,125,7,696,64,70
125,93,1,126,5,701,47,50
126,93,1,127,2,703,22,20
127,93,1,128,7,710,77,70
128,93,1,129,6,716,60,60
129,93,1,130,4,720,51,40
130,93,1,131,3,723,1,30
131,93,1,132,6,729,75,60
132,93,1,133,9,738,75,90
133,93,1,134,8,746,77,80
134,93,1,135,4,750,34,40
135,93,1,136,6,756,1,60
136,93,1,137,5,761,105,50
137,93,1,138,7,768,75,70
138,93,1,139,9,777,1,90
139,93,1,140,6,783,139,60
140,93,1,141,2,785,38,20
141,93,1,142,2,787,29,20
142,93,1,143,8,795,68,80
143,93,1,144,6,801,61,60
144,93,1,145,7,808,1,70
145,93,1,146,6,814,113,60
146,93,1,147,5,819,66,50
147,93,1,148,4,823,1,40
148,93,1,149,6,829,1,60
149,93,1,150,9,838,151,90
150,93,1,151,8,846,85,80
151,93,1,152,9,855,103,90
152,93,1,153,2,857,33,20
153,93,1,154,6,863,55,60
154,93,1,155,9,872,1,90
155,93,1,156,8,880,151,80
156,93,1,157,2,882,36,20
157,93,1,158,4,886,37,40
158,93,1,159,4,890,1,40
159,93,1,160,9,899,130,90
160,93,1,161,6,905,1,60
161,93,1,162,3,908,104,30
162,93,1,163,6,914,79,60
163,93,1,164,3,917,45,30
164,93,1,165,8,925,72,80
165,93,1,166,6,931,72,60
166,93,1,167,8,939,92,80
167,93,1,168,7,946,73,70
168,93,1,169,2,948,26,20
169,93,1,170,2,950,1,20
170,93,1,171,6,956,84,60
171,93,1,172,6,962,1,60
172,93,1,173,6,968,104,60
173,93,1,174,3,971,32,30
174,93,1,175,5,976,1,50
175,93,1,176,5,981,87,50
176,93,1,177,3,984,38,30
177,93,1,178,7,991,72,70
178,93,1,179,8,999,79,80
179,93,1,180,8,1007,77,80
180,93,1,181,6,1013,1,60
181,93,1,182,6,1019,121,60
182,93,1,183,7,1026,80,70
183,93,1,184,7,1033,77,70
184,93,1,185,9,1042,91,90
185,93,1,186,4,1046,41,40
186,93,1,187,8,1054,74,80
187,93,1,188,9,1063,99,90
188,93,1,189,2,1065,33,20
189,93,1,190,8,1073,1,80
190,93,1,191,2,1075,80,20
191,93,1,192,3,1078,40,30
192,93,1,193,3,1081,1,30
193,93,1,194,9,1090,107,90
194,93,1,195,3,1093,1,30
195,93,1,196,3,1096,1,30
196,93,1,197,7,1103,1,70
197,93,1,198,4,1107,180,40
198,93,1,199,2,1109,35,20
199,93,1,200,9,1118,80,90
200,93,1,201,4,1122,56,40
201,93,1,202,7,1129,58,70
202,93,1,203,6,1135,46,60
203,93,1,204,6,1141,79,60
204,93,1,205,7,1148,1,70
205,93,1,206,8,1156,1,80
206,93,1,207,4,1160,1,40
207,93,1,208,6,1166,205,60
208,93,1,209,2,1168,57,20
209,93,1,210,5,1173,60,50
210,93,1,211,5,1178,1,50
211,93,1,212,2,1180,70,20
212,93,1,213,4,1184,49,40
213,93,1,214,7,1191,68,70
214,93,1,215,3,1194,28,30
215,93,1,216,3,1197,41,30
216,93,1,217,9,1206,1,90
217,93,1,218,3,1209,104,30
218,93,1,219,3,1212,35,30
219,93,1,220,9,1221,70,90
220,93,1,221,2,1223,33,20
221,93,1,222,2,1225,18,20
222,93,1,223,2,1227,21,20
223,93,1,224,5,1232,50,50
224,93,1,225,5,1237,48,50
225,93,1,226,9,1246,89,90
226,93,1,227,7,1253,1,70
227,93,1,228,9,1262,146,90
228,93,1,229,3,1265,51,30
229,93,1,230,6,1271,55,60
230,93,1,231,8,1279,75,80
231,93,1,232,9,1288,80,90
232,93,1,233,6,1294,81,60
233,93,1,234,6,1300,65,60
234,93,1,235,8,1308,62,80
235,93,1,236,5,1313,58,50
236,93,1,237,7,1320,57,70
237,93,1,238,5,1325,57,50
238,93,1,239,9,1334,70,90
239,93,1,240,7,1341,68,70
240,93,1,241,8,1349,82,80
241,93,1,242,5,1354,56,50
242,93,1,243,6,1360,60,60
243,93,1,244,9,1369,83,90
244,93,1,245,5,1374,62,50
245,93,1,246,8,1382,1,80
246,93,1,247,7,1389,118,70
247,93,1,248,2,1391,43,20
248,93,1,249,8,1399,1,80
249,93,1,250,2,1401,90,20
250,93,1,251,5,1406,64,50
251,93,1,252,9,1415,1,90
252,93,1,253,8,1423,1,80
253,93,1,254,7,1430,188,70
254,93,1,255,9,1439,98,90
255,93,1,256,3,1442,42,30
256,93,1,257,3,1445,1,30
257,93,1,258,4,1449,68,40
258,93,1,259,4,1453,44,40
259,93,1,260,3,1456,30,30
260,93,1,261,5,1461,47,50
261,93,1,262,9,1470,90,90
262,93,1,263,8,1478,76,80
263,93,1,264,7,1485,73,70
264,93,1,265,2,1487,1,20
265,93,1,266,5,1492,1,50
266,93,1,267,9,1501,151,90
267,93,1,268,6,1507,84,60
268,93,1,269,8,1515,86,80
269,93,1,270,3,1518,45,30
270,93,1,271,7,1525,56,70
271,93,1,272,4,1529,46,40
272,93,1,273,6,1535,76,60
273,93,1,274,8,1543,1,80
274,93,1,275,9,1552,132,90
275,93,1,276,8,1560,74,80
276,93,1,277,5,1565,64,50
277,93,1,278,7,1572,78,70
278,93,1,279,5,1577,52,50
279,93,1,280,4,1581,33,40
280,93,1,281,2,1583,1,20
281,93,1,282,4,1587,53,40
282,93,1,283,2,1589,15,20
283,93,1,284,2,1591,1,20
284,93,1,285,3,1594,51,30
285,93,1,286,6,1600,61,60
286,93,1,287,3,1603,29,30
287,93,1,288,2,1605,16,20
288,93,1,289,3,1608,28,30
289,93,1,290,4,1612,1,40
290,93,1,291,3,1615,70,30
291,93,1,292,9,1624,85,90
292,93,1,293,2,1626,25,20
293,93,1,294,5,1631,47,50
294,93,1,295,4,1635,35,40
295,93,1,296,8,1643,70,80
296,93,1,297,9,1652,85,90
297,93,1,298,2,1654,31,20
298,93,1,299,8,1662,64,80
299,93,1,300,3,1665,48,30
300,93,1,301,4,1669,38,40
301,93,1,302,5,1674,50,50
302,93,1,303,2,1676,27,20
303,93,1,304,8,1684,88,80
304,93,1,305,3,1687,38,30
305,93,1,306,2,1689,28,20
306,93,1,307,4,1693,28,40
307,93,1,308,5,1698,58,50
308,93,1,309,9,1707,1,90
309,93,1,310,4,1711,122,40
310,93,1,311,7,1718,79,70
311,93,1,312,5,1723,56,50
312,93,1,313,7,1730,63,70
313,93,1,314,8,1738,78,80
314,93,1,315,3,1741,38,30
315,93,1,316,3,1744,32,30
316,93,1,317,4,1748,33,40
317,93,1,318,2,1750,1,20
318,93,1,319,9,1759,104,90
319,93,1,320,2,1761,34,20
320,93,1,321,8,1769,84,80
321,93,1,322,8,1777,71,80
322,93,1,323,3,1780,27,30
323,93,1,324,5,1785,33,50
324,93,1,325,8,1793,1,80
325,93,1,326,5,1798,1,50
326,93,1,327,7,1805,183,70
327,93,1,328,4,1809,1,40
328,93,1,329,3,1812,89,30
329,93,1,330,4,1816,52,40
330,93,1,331,7,1823,58,70
331,93,1,332,4,1827,40,40
332,93,1,333,8,1835,77,80
333,93,1,334,4,1839,48,40
334,93,1,335,2,1841,21,20
335,93,1,336,2,1843,21,20
336,93,1,337,5,1848,52,50
337,93,1,338,5,1853,47,50
338,93,1,339,2,1855,29,20
339,93,1,340,2,1857,24,20
340,93,1,341,3,1860,40,30
341,93,1,342,8,1868,1,80
342,93,1,343,7,1875,122,70
343,93,1,344,5,1880,1,50
344,93,1,345,9,1889,149,90
345,93,1,346,8,1897,1,80
346,93,1,347,7,1904,145,70
347,93,1,348,9,1913,104,90
348,93,1,349,3,1916,58,30
349,93,1,350,9,1925,1,90
350,93,1,351,8,1933,1,80
351,93,1,352,8,1941,183,80
352,93,1,353,5,1946,75,50
353,93,1,354,6,1952,55,60
354,93,1,355,5,1957,44,50
355,93,1,356,4,1961,47,40
356,93,1,357,8,1969,69,80
357,93,1,358,3,1972,39,30
358,93,1,359,5,1977,50,50
359,93,1,360,4,1981,54,40
360,93,1,361,6,1987,59,60
361,93,1,362,8,1995,1,80
362,93,1,363,6,2001,138,60
363,93,1,364,5,2006,58,50
364,93,1,365,2,2008,19,20
365,93,1,366,4,2012,1,40
366,93,1,367,9,2021,131,90
367,93,1,368,8,2029,1,80
368,93,1,369,2,2031,1,20
369,93,1,370,5,2036,145,50
370,93,1,371,9,2045,104,90
371,93,1,372,5,2050,59,50
372,93,1,373,2,2052,27,20
373,93,1,374,4,2056,40,40
374,93,1,375,7,2063,51,70
375,93,1,376,7,2070,55,70
376,93,1,377,7,2077,73,70
377,93,1,378,7,2084,75,70
378,93,1,379,7,2091,65,70
379,93,1,380,7,2098,72,70
380,93,1,381,8,2106,74,80
381,93,1,382,4,2110,1,40
382,93,1,383,9,2119,120,90
383,93,1,384,4,2123,45,40
384,93,1,385,9,2132,83,90
385,93,1,386,8,2140,86,80
386,93,1,387,9,2149,102,90
387,93,1,388,9,2158,89,90
388,93,1,389,8,2166,1,80
389,93,1,390,7,2173,139,70
390,93,1,391,4,2177,1,40
391,93,1,392,5,2182,92,50
392,93,1,393,3,2185,53,30
393,93,1,394,7,2192,67,70
394,93,1,395,8,2200,77,80
395,93,1,396,9,2209,93,90
396,93,1,397,6,2215,1,60
397,93,1,398,6,2221,1,60
398,93,1,399,7,2228,172,70
399,93,1,400,8,2236,98,80
400,93,1,401,6,2242,63,60
401,93,1,402,5,2247,54,50
402,93,1,403,8,2255,64,80
403,93,1,404,8,2263,87,80
404,93,1,405,8,2271,88,80
405,93,1,406,5,2276,46,50
406,93,1,407,8,2284,71,80
407,93,1,408,9,2293,87,90
408,93,1,409,7,2300,80,70
409,93,1,410,5,2305,57,50
410,93,1,411,3,2308,25,30
411,93,1,412,4,2312,34,40
412,93,1,413,3,2315,26,30
413,93,1,414,3,2318,1,30
414,93,1,415,5,2323,1,50
415,93,1,416,3,2326,108,30
416,93,1,417,6,2332,1,60
417,93,1,418,2,2334,1,20
418,93,1,419,5,2339,1,50
419,93,1,420,9,2348,199,90
420,93,1,421,6,2354,89,60
421,93,1,422,7,2361,77,70
422,93,1,423,8,2369,1,80
423,93,1,424,6,2375,1,60
424,93,1,425,2,2377,125,20
425,93,1,426,7,2384,93,70
426,93,1,427,8,2392,76,80
427,93,1,428,7,2399,67,70
428,93,1,429,6,2405,60,60
429,93,1,430,7,2412,69,70
430,93,1,431,6,2418,57,60
431,93,1,432,9,2427,82,90
432,93,1,433,4,2431,57,40
433,93,1,434,5,2436,36,50
434,93,1,435,7,2443,70,70
435,93,1,436,3,2446,1,30
436,93,1,437,3,2449,55,30
437,93,1,438,8,2457,83,80
438,93,1,439,9,2466,1,90
439,93,1,440,4,2470,105,40
440,93,1,441,2,2472,1,20
441,93,1,442,6,2478,75,60
442,93,1,443,7,2485,70,70
443,93,1,444,2,2487,21,20
444,93,1,445,8,2495,69,80
445,93,1,446,9,2504,100,90
446,93,1,447,3,2507,36,30
447,93,1,448,8,2515,1,80
448,93,1,449,4,2519,1,40
449,93,1,450,2,2521,1,20
450,93,1,451,6,2527,1,60
451,93,1,452,2,2529,175,20
452,93,1,453,7,2536,87,70
453,93,1,454,4,2540,37,40
454,93,1,455,5,2545,55,50
455,93,1,456,5,2550,58,50
456,93,1,457,5,2555,54,50
457,93,1,458,7,2562,1,70
458,93,1,459,7,2569,143,70
459,93,1,460,9,2578,1,90
460,93,1,461,5,2583,1,50
461,93,1,462,4,2587,1,40
462,93,1,463,5,2592,229,50
463,93,1,464,4,2596,1,40
464,93,1,465,3,2599,1,30
465,93,1,466,4,2603,112,40
466,93,1,467,5,2608,70,50
467,93,1,468,5,2613,1,50
468,93,1,469,9,2622,135,90
469,93,1,470,3,2625,41,30
470,93,1,471,6,2631,51,60
471,93,1,472,2,2633,39,20
472,93,1,473,4,2637,31,40
473,93,1,474,4,2641,49,40
474,93,1,475,4,2645,40,40
475,93,1,476,6,2651,1,60
476,93,1,477,4,2655,74,40
477,93,1,478,2,2657,1,20
478,93,1,479,6,2663,67,60
479,93,1,480,9,2672,92,90
480,93,1,481,2,2674,31,20
481,93,1,482,5,2679,51,50
482,93,1,483,7,2686,59,70
483,93,1,484,4,2690,49,40
484,93,1,485,8,2698,72,80
485,93,1,486,5,2703,58,50
486,93,1,487,6,2709,60,60
487,93,1,488,6,2715,1,60
488,93,1,489,6,2721,99,60
489,93,1,490,5,2726,71,50
490,93,1,491,8,2734,79,80
491,93,1,492,9,2743,77,90
492,93,1,493,2,2745,1,20
493,93,1,494,9,2754,100,90
494,93,1,495,5,2759,54,50
495,93,1,496,8,2767,77,80
496,93,1,497,7,2774,86,70
497,93,1,498,7,2781,1,70
498,93,1,499,5,2786,1,50
499,93,1,500,8,2794,194,80
500,93,1,501,3,2797,47,30
501,93,1,502,6,2803,59,60
502,93,1,503,6,2809,64,60
503,93,1,504,4,2813,35,40
504,93,1,505,5,2818,56,50
505,93,1,506,9,2827,84,90
506,93,1,507,2,2829,22,20
507,93,1,508,8,2837,82,80
508,93,1,509,8,2845,81,80
509,93,1,510,6,2851,83,60
510,93,1,511,8,2859,77,80
511,93,1,512,3,2862,37,30
512,93,1,513,5,2867,45,50
513,93,1,514,6,2873,57,60
514,93,1,515,9,2882,79,90
515,93,1,516,6,2888,74,60
516,93,1,517,5,2893,60,50
517,93,1,518,4,2897,1,40
518,93,1,519,3,2900,59,30
519,93,1,520,5,2905,38,50
520,93,1,521,8,2913,77,80
521,93,1,522,6,2919,58,60
522,93,1,523,2,2921,1,20
523,93,1,524,6,2927,85,60
524,93,1,525,8,2935,80,80
525,93,1,526,4,2939,49,40
526,93,1,527,7,2946,1,70
527,93,1,528,8,2954,117,80
528,93,1,529,4,2958,54,40
529,93,1,530,6,2964,73,60
530,93,1,531,7,2971,60,70
531,93,1,532,8,2979,69,80
532,93,1,533,2,2981,32,20
533,93,1,534,4,2985,1,40
534,93,1,535,9,2994,120,90
535,93,1,536,3,2997,40,30
536,93,1,537,3,3000,29,30
537,93,1,538,7,3007,61,70
538,93,1,539,4,3011,1,40
539,93,1,540,6,3017,1,60
540,93,1,541,7,3024,149,70
541,93,1,542,2,3026,33,20
542,93,1,543,9,3035,104,90
543,93,1,544,3,3038,1,30
544,93,1,545,6,3044,82,60
545,93,1,546,9,3053,87,90
546,93,1,547,5,3058,51,50
547,93,1,548,2,3060,24,20
548,93,1,549,7,3067,1,70
549,93,1,550,6,3073,123,60
550,93,1,551,2,3075,29,20
551,93,1,552,5,3080,38,50
552,93,1,553,5,3085,55,50
553,93,1,554,2,3087,27,20
554,93,1,555,3,3090,25,30
555,93,1,556,7,3097,63,70
556,93,1,557,7,3104,76,70
557,93,1,558,3,3107,1,30
558,93,1,559,9,3116,123,90
559,93,1,560,7,3123,80,70
560,93,1,561,8,3131,86,80
561,93,1,562,8,3139,80,80
562,93,1,563,2,3141,1,20
563,93,1,564,3,3144,1,30
564,93,1,565,7,3151,121,70
565,93,1,566,2,3153,26,20
566,93,1,567,9,3162,1,90
567,93,1,568,8,3170,1,80
568,93,1,569,9,3179,199,90
569,93,1,570,9,3188,115,90
570,93,1,571,7,3195,1,70
571,93,1,572,6,3201,129,60
572,93,1,573,5,3206,46,50
573,93,1,574,9,3215,83,90
574,93,1,575,9,3224,87,90
575,93,1,576,5,3229,60,50
576,93,1,577,8,3237,91,80
577,93,1,578,4,3241,42,40
578,93,1,579,9,3250,99,90
579,93,1,580,4,3254,1,40
580,93,1,581,8,3262,106,80
581,93,1,582,5,3267,1,50
582,93,1,583,2,3269,66,20
583,93,1,584,3,3272,46,30
584,93,1,585,4,3276,1,40
585,93,1,586,7,3283,1,70
586,93,1,587,9,3292,1,90
587,93,1,588,7,3299,255,70
588,93,1,589,7,3306,122,70
589,93,1,590,2,3308,29,20
590,93,1,591,5,3313,36,50
591,93,1,592,8,3321,79,80
592,93,1,593,5,3326,1,50
593,93,1,594,9,3335,135,90
594,93,1,595,3,3338,1,30
595,93,1,596,4,3342,1,40
596,93,1,597,2,3344,92,20
597,93,1,598,2,3346,27,20
598,93,1,599,3,3349,1,30
599,93,1,600,4,3353,76,40
600,93,1,601,5,3358,58,50
601,93,1,602,6,3364,63,60
602,93,1,603,9,3373,1,90
603,93,1,604,2,3375,1,20
604,93,1,605,5,3380,146,50
605,93,1,606,4,3384,1,40
606,93,1,607,9,3393,1,90
607,93,1,608,4,3397,153,40
608,93,1,609,7,3404,84,70
609,93,1,610,6,3410,56,60
610,93,1,611,5,3415,48,50
611,93,1,612,6,3421,50,60
612,93,1,613,9,3430,96,90
613,93,1,614,4,3434,45,40
614,93,1,615,9,3443,1,90
615,93,1,616,4,3447,104,40
616,93,1,617,2,3449,32,20
617,93,1,618,8,3457,68,80
618,93,1,619,4,3461,52,40
619,93,1,620,5,3466,46,50
620,93,1,621,5,3471,1,50
621,93,1,622,8,3479,130,80
622,93,1,623,4,3483,42,40
623,93,1,624,6,3489,60,60
624,93,1,625,2,3491,27,20
625,93,1,626,6,3497,53,60
626,93,1,627,2,3499,1,20
627,93,1,628,5,3504,1,50
628,93,1,629,6,3510,119,60
629,93,1,630,3,3513,1,30
630,93,1,631,5,3518,83,50
631,93,1,632,6,3524,65,60
632,93,1,633,9,3533,1,90
633,93,1,634,8,3541,172,80
634,93,1,635,7,3548,84,70
635,93,1,636,2,3550,1,20
636,93,1,637,5,3555,64,50
637,93,1,638,7,3562,1,70
638,93,1,639,3,3565,100,30
639,93,1,640,5,3570,64,50
640,93,1,641,6,3576,63,60
641,93,1,642,8,3584,68,80
642,93,1,643,9,3593,81,90
643,93,1,644,9,3602,1,90
644,93,1,645,5,3607,134,50
645,93,1,646,2,3609,39,20
646,93,1,647,6,3615,1,60
647,93,1,648,2,3617,83,20
648,93,1,649,7,3624,78,70
649,93,1,650,2,3626,28,20
650,93,1,651,4,3630,46,40
651,93,1,652,3,3633,33,30
652,93,1,653,9,3642,93,90
653,93,1,654,2,3644,14,20
654,93,1,655,8,3652,70,80
655,93,1,656,3,3655,1,30
656,93,1,657,5,3660,75,50
657,93,1,658,9,3669,1,90
658,93,1,659,9,3678,154,90
659,93,1,660,2,3680,1,20
660,93,1,661,2,3682,57,20
661,93,1,662,3,3685,37,30
662,93,1,663,2,3687,17,20
663,93,1,664,9,3696,81,90
664,93,1,665,8,3704,94,80
665,93,1,666,6,3710,1,60
666,93,1,667,8,3718,152,80
667,93,1,668,8,3726,79,80
668,93,1,669,3,3729,35,30
669,93,1,670,2,3731,22,20
670,93,1,671,5,3736,58,50
671,93,1,672,6,3742,54,60
672,93,1,673,2,3744,25,20
673,93,1,674,9,3753,1,90
674,93,1,675,8,3761,148,80
675,93,1,676,5,3766,68,50
676,93,1,677,6,3772,63,60
677,93,1,678,6,3778,52,60
678,93,1,679,2,3780,1,20
679,93,1,680,3,3783,1,30
680,93,1,681,4,3787,83,40
681,93,1,682,8,3795,79,80
682,93,1,683,8,3803,93,80
683,93,1,684,2,3805,1,20
684,93,1,685,2,3807,49,20
685,93,1,686,9,3816,75,90
686,93,1,687,7,3823,65,70
687,93,1,688,8,3831,1,80
688,93,1,689,8,3839,1,80
689,93,1,690,9,3848,233,90
690,93,1,691,7,3855,112,70
691,93,1,692,9,3864,73,90
692,93,1,693,4,3868,56,40
693,93,1,694,4,3872,42,40
694,93,1,695,2,3874,31,20
695,93,1,696,7,3881,1,70
696,93,1,697,6,3887,113,60
697,93,1,698,2,3889,38,20
698,93,1,699,4,3893,44,40
699,93,1,700,5,3898,1,50
700,93,1,701,3,3901,1,30
701,93,1,702,9,3910,152,90
702,93,1,703,3,3913,32,30
703,93,1,704,3,3916,1,30
704,93,1,705,5,3921,86,50
705,93,1,706,3,3924,33,30
706,93,1,707,5,3929,47,50
707,93,1,708,2,3931,32,20
708,93,1,709,5,3936,49,50
709,93,1,710,6,3942,1,60
710,93,1,711,6,3948,87,60
711,93,1,712,3,3951,1,30
712,93,1,713,9,3960,1,90
713,93,1,714,9,3969,187,90
714,93,1,715,9,3978,1,90
715,93,1,716,2,3980,112,20
716,93,1,717,9,3989,118,90
717,93,1,718,3,3992,30,30
718,93,1,719,7,3999,72,70
719,93,1,720,9,4008,97,90
720,93,1,721,8,4016,1,80
721,93,1,722,5,4021,131,50
722,93,1,723,7,4028,74,70
723,93,1,724,7,4035,1,70
724,93,1,725,4,4039,111,40
725,93,1,726,6,4045,74,60
726,93,1,727,7,4052,78,70
727,93,1,728,6,4058,48,60
728,93,1,729,4,4062,46,40
729,93,1,730,4,4066,39,40
730,93,1,731,5,4071,1,50
731,93,1,732,9,4080,138,90
732,93,1,733,9,4089,93,90
733,93,1,734,7,4096,76,70
734,93,1,735,5,4101,50,50
735,93,1,736,6,4107,65,60
736,93,1,737,4,4111,38,40
737,93,1,738,9,4120,87,90
738,93,1,739,9,4129,84,90
739,93,1,740,3,4132,39,30
740,93,1,741,2,4134,16,20
741,93,1,742,7,4141,77,70
742,93,1,743,3,4144,46,30
743,93,1,744,4,4148,1,40
744,93,1,745,6,4154,1,60
745,93,1,746,3,4157,96,30
746,93,1,747,7,4164,78,70
747,93,1,748,3,4167,46,30
748,93,1,749,8,4175,68,80
749,93,1,750,3,4178,34,30
750,93,1,751,8,4186,1,80
751,93,1,752,4,4190,112,40
752,93,1,753,8,4198,1,80
753,93,1,754,8,4206,160,80
754,93,1,755,7,4213,76,70
755,93,1,756,3,4216,46,30
756,93,1,757,5,4221,36,50
757,93,1,758,3,4224,36,30
758,93,1,759,3,4227,1,30
759,93,1,760,8,4235,1,80
760,93,1,761,5,4240,167,50
761,93,1,762,7,4247,60,70
762,93,1,763,2,4249,26,20
763,93,1,764,4,4253,41,40
764,93,1,765,9,4262,87,90
765,93,1,766,2,4264,36,20
766,93,1,767,4,4268,44,40
767,93,1,768,3,4271,34,30
768,93,1,769,7,4278,76,70
769,93,1,770,5,4283,49,50
770,93,1,771,4,4287,52,40
771,93,1,772,6,4293,1,60
772,93,1,773,9,4302,106,90
773,93,1,774,7,4309,1,70
774,93,1,775,7,4316,139,70
775,93,1,776,7,4323,81,70
776,93,1,777,9,4332,71,90
777,93,1,778,4,4336,42,40
778,93,1,779,5,4341,45,50
779,93,1,780,6,4347,1,60
780,93,1,781,7,4354,119,70
781,93,1,782,8,4362,91,80
782,93,1,783,7,4369,1,70
783,93,1,784,8,4377,115,80
784,93,1,785,8,4385,88,80
785,93,1,786,4,4389,45,40
786,93,1,787,2,4391,19,20
787,93,1,788,3,4394,1,30
788,93,1,789,7,4401,81,70
789,93,1,790,8,4409,88,80
790,93,1,791,7,4416,73,70
791,93,1,792,4,4420,47,40
792,93,1,793,4,4424,44,40
793,93,1,794,9,4433,1,90
794,93,1,795,8,4441,166,80
795,93,1,796,8,4449,98,80
796,93,1,797,6,4455,1,60
797,93,1,798,9,4464,148,90
798,93,1,799,4,4468,48,40
799,93,1,800,6,4474,1,60
800,93,1,801,6,4480,114,60
801,93,1,802,3,4483,1,30
802,93,1,803,7,4490,99,70
803,93,1,804,3,4493,49,30
804,93,1,805,8,4501,1,80
805,93,1,806,8,4509,143,80
806,93,1,807,3,4512,45,30
807,93,1,808,6,4518,71,60
808,93,1,809,8,4526,1,80
809,93,1,810,6,4532,1,60
810,93,1,811,3,4535,121,30
811,93,1,812,2,4537,30,20
812,93,1,813,4,4541,37,40
813,93,1,814,6,4547,52,60
814,93,1,815,9,4556,91,90
815,93,1,816,8,4564,83,80
816,93,1,817,5,4569,60,50
817,93,1,818,7,4576,1,70
818,93,1,819,8,4584,132,80
819,93,1,820,2,4586,31,20
820,93,1,821,2,4588,30,20
821,93,1,822,9,4597,1,90
822,93,1,823,5,4602,131,50
823,93,1,824,9,4611,1,90
824,93,1,825,5,4616,1,50
825,93,1,826,3,4619,156,30
826,93,1,827,2,4621,43,20
827,93,1,828,9,4630,77,90
828,93,1,829,2,4632,1,20
829,93,1,830,5,4637,83,50
830,93,1,831,6,4643,58,60
831,93,1,832,2,4645,26,20
832,93,1,833,7,4652,58,70
833,93,1,834,8,4660,1,80
834,93,1,835,2,4662,80,20
835,93,1,836,3,4665,1,30
836,93,1,837,6,4671,83,60
837,93,1,838,8,4679,80,80
838,93,1,839,5,4684,57,50
839,93,1,840,5,4689,40,50
840,93,1,841,7,4696,63,70
841,93,1,842,5,4701,43,50
842,93,1,843,6,4707,61,60
843,93,1,844,2,4709,25,20
844,93,1,845,4,4713,21,40
845,93,1,846,5,4718,50,50
846,93,1,847,3,4721,30,30
847,93,1,848,6,4727,58,60
848,93,1,849,6,4733,62,60
849,93,1,850,5,4738,1,50
850,93,1,851,6,4744,109,60
851,93,1,852,9,4753,1,90
852,93,1,853,6,4759,136,60
853,93,1,854,9,4768,113,90
854,93,1,855,7,4775,1,70
855,93,1,856,6,4781,1,60
856,93,1,857,9,4790,184,90
857,93,1,858,4,4794,69,40
858,93,1,859,9,4803,1,90
859,93,1,860,3,4806,123,30
860,93,1,861,6,4812,1,60
861,93,1,862,6,4818,99,60
862,93,1,863,3,4821,44,30
863,93,1,864,2,4823,20,20
864,93,1,865,6,4829,46,60
865,93,1,866,7,4836,83,70
866,93,1,867,3,4839,39,30
867,93,1,868,6,4845,55,60
868,93,1,869,8,4853,59,80
869,93,1,870,5,4858,1,50
870,93,1,871,8,4866,125,80
871,93,1,872,9,4875,103,90
872,93,1,873,7,4882,80,70
873,93,1,874,2,4884,1,20
874,93,1,875,8,4892,1,80
875,93,1,876,7,4899,157,70
876,93,1,877,4,4903,61,40
877,93,1,878,9,4912,98,90
878,93,1,879,7,4919,1,70
879,93,1,880,7,4926,125,70
880,93,1,881,9,4935,104,90
881,93,1,882,2,4937,32,20
882,93,1,883,8,4945,71,80
883,93,1,884,5,4950,55,50
884,93,1,885,3,4953,38,30
885,93,1,886,5,4958,1,50
886,93,1,887,6,4964,82,60
887,93,1,888,6,4970,1,60
888,93,1,889,4,4974,95,40
889,93,1,890,8,4982,96,80
890,93,1,891,2,4984,38,20
891,93,1,892,2,4986,17,20
892,93,1,893,3,4989,22,30
893,93,1,894,6,4995,48,60
894,93,2,1,4,4,39,40
895,93,2,2,8,12,1,80
896,93,2,3,8,20,136,80
897,93,2,4,5,25,59,50
898,93,2,5,5,30,53,50
899,93,2,6,4,34,43,40
900,93,2,7,6,40,50,60
901,93,2,8,3,43,1,30
902,93,2,9,7,50,84,70
903,93,2,10,3,53,35,30
904,93,2,11,5,58,48,50
905,93,2,12,6,64,1,60
906,93,2,13,8,72,1,80
907,93,2,14,2,74,160,20
908,93,2,15,3,77,56,30
909,93,2,16,3,80,31,30
910,93,2,17,6,86,52,60
911,93,2,18,6,92,54,60
912,93,2,19,6,98,50,60
913,93,2,20,8,106,65,80
914,93,2,21,8,114,94,80
915,93,2,22,4,118,44,40
916,93,2,23,2,120,24,20
917,93,2,24,5,125,48,50
918,93,2,25,4,129,45,40
919,93,2,26,4,133,43,40
920,93,2,27,8,141,1,80
921,93,2,28,9,150,144,90
922,93,2,29,2,152,1,20
923,93,2,30,3,155,1,30
924,93,2,31,6,161,1,60
925,93,2,32,4,165,142,40
926,93,2,33,3,168,48,30
927,93,2,34,7,175,68,70
928,93,2,35,4,179,40,40
929,93,2,36,8,187,77,80
930,93,2,37,3,190,37,30
931,93,2,38,8,198,83,80
932,93,2,39,2,200,23,20
933,93,2,40,6,206,50,60
934,93,2,41,3,209,26,30
935,93,2,42,8,217,76,80
936,93,2,43,9,226,102,90
937,93,2,44,9,235,1,90
938,93,2,45,6,241,118,60
939,93,2,46,4,245,50,40
940,93,2,47,7,252,1,70
941,93,2,48,2,254,84,20
942,93,2,49,7,261,64,70
943,93,2,50,3,264,39,30
944,93,2,51,3,267,1,30
945,93,2,52,7,274,83,70
946,93,2,53,7,281,1,70
947,93,2,54,5,286,107,50
948,93,2,55,9,295,84,90
949,93,2,56,9,304,1,90
950,93,2,57,3,307,114,30
951,93,2,58,9,316,91,90
952,93,2,59,8,324,1,80
953,93,2,60,6,330,1,60
954,93,2,61,6,336,179,60
955,93,2,62,5,341,1,50
956,93,2,63,7,348,117,70
957,93,2,64,8,356,81,80
958,93,2,65,8,364,86,80
959,93,2,66,4,368,32,40
960,93,2,67,7,375,58,70
961,93,2,68,8,383,104,80
962,93,2,69,4,387,50,40
963,93,2,70,2,389,1,20
964,93,2,71,8,397,90,80
965,93,2,72,6,403,62,60
966,93,2,73,7,410,62,70
967,93,2,74,4,414,42,40
968,93,2,75,4,418,1,40
969,93,2,76,5,423,1,50
970,93,2,77,7,430,1,70
971,93,2,78,2,432,149,20
972,93,2,79,6,438,75,60
973,93,2,80,4,442,1,40
974,93,2,81,3,445,1,30
975,93,2,82,6,451,95,60
976,93,2,83,9,460,78,90
977,93,2,84,3,463,38,30
978,93,2,85,3,466,35,30
979,93,2,86,8,474,74,80
980,93,2,87,4,478,1,40
981,93,2,88,9,487,1,90
982,93,2,89,3,490,146,30
983,93,2,90,9,499,1,90
984,93,2,91,5,504,121,50
985,93,2,92,7,511,83,70
986,93,2,93,9,520,99,90
987,93,2,94,7,527,1,70
988,93,2,95,7,534,131,70
989,93,2,96,3,537,39,30
990,93,2,97,2,539,1,20
991,93,2,98,3,542,47,30
992,93,2,99,9,551,80,90
993,93,2,100,5,556,54,50
994,93,2,101,2,558,19,20
995,93,2,102,9,567,80,90
996,93,2,103,5,572,53,50
997,93,2,104,9,581,1,90
998,93,2,105,8,589,139,80
999,93,2,106,5,594,64,50
1000,93,2,107,9,603,87,90
1001,93,2,108,7,610,76,70
1002,93,2,109,4,614,60,40
1003,93,2,110,5,619,42,50
1004,93,2,111,9,628,100,90
1005,93,2,112,3,631,48,30
1006,93,2,113,3,634,33,30
1007,93,2,114,7,641,63,70
1008,93,2,115,9,650,79,90
1009,93,2,116,5,655,1,50
1010,93,2,117,3,658,85,30
1011,93,2,118,9,667,79,90
1012,93,2,119,2,669,1,20
1013,93,2,120,8,677,104,80
1014,93,2,121,8,685,81,80
1015,93,2,122,6,691,61,60
1016,93,2,123,6,697,60,60
1017,93,2,124,2,699,38,20
1018,93,2,125,5,704,1,50
1019,93,2,126,3,707,71,30
1020,93,2,127,6,713,62,60
1021,93,2,128,3,716,35,30
1022,93,2,129,7,723,59,70
1023,93,2,130,7,730,68,70
1024,93,2,131,6,736,71,60
1025,93,2,132,4,740,41,40
1026,93,2,133,2,742,18,20
1027,93,2,134,4,746,34,40
1028,93,2,135,9,755,73,90
1029,93,2,136,9,764,1,90
1030,93,2,137,9,773,160,90
1031,93,2,138,9,782,1,90
1032,93,2,139,4,786,117,40
1033,93,2,140,5,791,61,50
1034,93,2,141,8,799,1,80
1035,93,2,142,7,806,1,70
1036,93,2,143,2,808,1,20
1037,93,2,144,6,814,200,60
1038,93,2,145,9,823,107,90
1039,93,2,146,7,830,87,70
1040,93,2,147,2,832,1,20
1041,93,2,148,4,836,1,40
1042,93,2,149,8,844,1,80
1043,93,2,150,4,848,154,40
1044,93,2,151,9,857,99,90
1045,93,2,152,8,865,1,80
1046,93,2,153,5,870,137,50
1047,93,2,154,5,875,55,50
1048,93,2,155,8,883,96,80
1049,93,2,156,9,892,96,90
1050,93,2,157,4,896,42,40
1051,93,2,158,4,900,42,40
1052,93,2,159,2,902,18,20
1053,93,2,160,7,909,1,70
1054,93,2,161,5,914,94,50
1055,93,2,162,8,922,1,80
1056,93,2,163,3,925,124,30
1057,93,2,164,8,933,86,80
1058,93,2,165,8,941,68,80
1059,93,2,166,5,946,1,50
1060,93,2,167,5,951,96,50
1061,93,2,168,9,960,88,90
1062,93,2,169,4,964,52,40
1063,93,2,170,8,972,72,80
1064,93,2,171,5,977,56,50
1065,93,2,172,2,979,32,20
1066,93,2,173,9,988,98,90
1067,93,2,174,4,992,43,40
1068,93,2,175,4,996,42,40
1069,93,2,176,9,1005,81,90
1070,93,2,177,8,1013,83,80
1071,93,2,178,8,1021,76,80
1072,93,2,179,3,1024,39,30
1073,93,2,180,5,1029,44,50
1074,93,2,181,9,1038,78,90
1075,93,2,182,4,1042,51,40
1076,93,2,183,9,1051,84,90
1077,93,2,184,3,1054,38,30
1078,93,2,185,5,1059,1,50
1079,93,2,186,5,1064,87,50
1080,93,2,187,5,1069,66,50
1081,93,2,188,8,1077,90,80
1082,93,2,189,8,1085,90,80
1083,93,2,190,3,1088,35,30
1084,93,2,191,9,1097,86,90
1085,93,2,192,7,1104,1,70
1086,93,2,193,2,1106,90,20
1087,93,2,194,9,1115,95,90
1088,93,2,195,3,1118,43,30
1089,93,2,196,3,1121,35,30
1090,93,2,197,6,1127,1,60
1091,93,2,198,3,1130,81,30
1092,93,2,199,4,1134,1,40
1093,93,2,200,7,1141,110,70
1094,93,2,201,5,1146,57,50
1095,93,2,202,6,1152,61,60
1096,93,2,203,8,1160,70,80
1097,93,2,204,5,1165,1,50
1098,93,2,205,8,1173,108,80
1099,93,2,206,6,1179,59,60
1100,93,2,207,7,1186,63,70
1101,93,2,208,6,1192,57,60
1102,93,2,209,7,1199,62,70
1103,93,2,210,3,1202,1,30
1104,93,2,211,2,1204,60,20
1105,93,2,212,7,1211,55,70
1106,93,2,213,6,1217,61,60
1107,93,2,214,3,1220,36,30
1108,93,2,215,3,1223,1,30
1109,93,2,216,2,1225,53,20
1110,93,2,217,7,1232,65,70
1111,93,2,218,8,1240,86,80
1112,93,2,219,4,1244,54,40
1113,93,2,220,4,1248,30,40
1114,93,2,221,5,1253,48,50
1115,93,2,222,8,1261,68,80
1116,93,2,223,9,1270,92,90
1117,93,2,224,7,1277,1,70
1118,93,2,225,6,1283,106,60
1119,93,2,226,6,1289,71,60
1120,93,2,227,3,1292,33,30
1121,93,2,228,5,1297,53,50
1122,93,2,229,4,1301,41,40
1123,93,2,230,9,1310,88,90
1124,93,2,231,2,1312,39,20
1125,93,2,232,6,1318,76,60
1126,93,2,233,5,1323,48,50
1127,93,2,234,4,1327,36,40
1128,93,2,235,2,1329,33,20
1129,93,2,236,2,1331,1,20
1130,93,2,237,3,1334,36,30
1131,93,2,238,3,1337,28,30
1132,93,2,239,8,1345,85,80
1133,93,2,240,6,1351,65,60
1134,93,2,241,9,1360,77,90
1135,93,2,242,2,1362,31,20
1136,93,2,243,9,1371,67,90
1137,93,2,244,3,1374,50,30
1138,93,2,245,7,1381,76,70
1139,93,2,246,2,1383,20,20
1140,93,2,247,7,1390,54,70
1141,93,2,248,8,1398,88,80
1142,93,2,249,3,1401,46,30
1143,93,2,250,6,1407,50,60
1144,93,2,251,3,1410,32,30
1145,93,2,252,8,1418,1,80
1146,93,2,253,9,1427,144,90
1147,93,2,254,3,1430,47,30
1148,93,2,255,2,1432,28,20
1149,93,2,256,4,1436,36,40
1150,93,2,257,7,1443,58,70
1151,93,2,258,4,1447,1,40
1152,93,2,259,7,1454,94,70
1153,93,2,260,4,1458,45,40
1154,93,2,261,2,1460,17,20
1155,93,2,262,4,1464,51,40
1156,93,2,263,5,1469,1,50
1157,93,2,264,9,1478,132,90
1158,93,2,265,6,1484,63,60
1159,93,2,266,5,1489,50,50
1160,93,2,267,9,1498,104,90
1161,93,2,268,7,1505,66,70
1162,93,2,269,7,1512,1,70
1163,93,2,270,7,1519,143,70
1164,93,2,271,6,1525,68,60
1165,93,2,272,7,1532,71,70
1166,93,2,273,8,1540,80,80
1167,93,2,274,5,1545,46,50
1168,93,2,275,3,1548,32,30
1169,93,2,276,9,1557,1,90
1170,93,2,277,8,1565,1,80
1171,93,2,278,5,1570,191,50
1172,93,2,279,3,1573,61,30
1173,93,2,280,2,1575,41,20
1174,93,2,281,5,1580,1,50
1175,93,2,282,4,1584,76,40
1176,93,2,283,5,1589,49,50
1177,93,2,284,5,1594,1,50
1178,93,2,285,5,1599,69,50
1179,93,2,286,8,1607,81,80
1180,93,2,287,6,1613,52,60
1181,93,2,288,8,1621,82,80
1182,93,2,289,7,1628,69,70
1183,93,2,290,9,1637,93,90
1184,93,2,291,3,1640,39,30
1185,93,2,292,2,1642,22,20
1186,93,2,293,6,1648,57,60
1187,93,2,294,2,1650,28,20
1188,93,2,295,5,1655,35,50
1189,93,2,296,3,1658,33,30
1190,93,2,297,2,1660,24,20
1191,93,2,298,7,1667,70,70
1192,93,2,299,3,1670,1,30
1193,93,2,300,5,1675,1,50
1194,93,2,301,7,1682,1,70
1195,93,2,302,7,1689,205,70
1196,93,2,303,7,1696,81,70
1197,93,2,304,9,1705,73,90
1198,93,2,305,8,1713,1,80
1199,93,2,306,2,1715,93,20
1200,93,2,307,9,1724,89,90
1201,93,2,308,7,1731,1,70
1202,93,2,309,8,1739,1,80
1203,93,2,310,3,1742,196,30
1204,93,2,311,7,1749,105,70
1205,93,2,312,3,1752,1,30
1206,93,2,313,9,1761,1,90
1207,93,2,314,3,1764,1,30
1208,93,2,315,3,1767,186,30
1209,93,2,316,2,1769,1,20
1210,93,2,317,5,1774,94,50
1211,93,2,318,6,1780,1,60
1212,93,2,319,8,1788,134,80
1213,93,2,320,5,1793,70,50
1214,93,2,321,6,1799,1,60
1215,93,2,322,8,1807,136,80
1216,93,2,323,6,1813,70,60
1217,93,2,324,2,1815,1,20
1218,93,2,325,4,1819,74,40
1219,93,2,326,7,1826,69,70
1220,93,2,327,7,1833,64,70
1221,93,2,328,8,1841,67,80
1222,93,2,329,4,1845,44,40
1223,93,2,330,8,1853,77,80
1224,93,2,331,4,1857,40,40
1225,93,2,332,6,1863,48,60
1226,93,2,333,9,1872,91,90
1227,93,2,334,2,1874,35,20
1228,93,2,335,9,1883,67,90
1229,93,2,336,7,1890,82,70
1230,93,2,337,7,1897,77,70
1231,93,2,338,8,1905,82,80
1232,93,2,339,4,1909,47,40
1233,93,2,340,7,1916,1,70
1234,93,2,341,7,1923,1,70
1235,93,2,342,7,1930,174,70
1236,93,2,343,5,1935,71,50
1237,93,2,344,7,1942,63,70
1238,93,2,345,3,1945,1,30
1239,93,2,346,4,1949,76,40
1240,93,2,347,4,1953,53,40
1241,93,2,348,7,1960,71,70
1242,93,2,349,3,1963,1,30
1243,93,2,350,6,1969,84,60
1244,93,2,351,2,1971,29,20
1245,93,2,352,4,1975,1,40
1246,93,2,353,2,1977,1,20
1247,93,2,354,6,1983,111,60
1248,93,2,355,9,1992,1,90
1249,93,2,356,7,1999,136,70
1250,93,2,357,4,2003,49,40
1251,93,2,358,8,2011,76,80
1252,93,2,359,4,2015,44,40
1253,93,2,360,3,2018,28,30
1254,93,2,361,3,2021,31,30
1255,93,2,362,3,2024,1,30
1256,93,2,363,3,2027,52,30
1257,93,2,364,8,2035,79,80
1258,93,2,365,4,2039,38,40
1259,93,2,366,3,2042,28,30
1260,93,2,367,4,2046,40,40
1261,93,2,368,3,2049,25,30
1262,93,2,369,4,2053,37,40
1263,93,2,370,7,2060,61,70
1264,93,2,371,5,2065,46,50
1265,93,2,372,5,2070,49,50
1266,93,2,373,6,2076,66,60
1267,93,2,374,3,2079,31,30
1268,93,2,375,6,2085,55,60
1269,93,2,376,7,2092,74,70
1270,93,2,377,6,2098,66,60
1271,93,2,378,8,2106,69,80
1272,93,2,379,6,2112,54,60
1273,93,2,380,8,2120,87,80
1274,93,2,381,9,2129,1,90
1275,93,2,382,8,2137,158,80
1276,93,2,383,8,2145,63,80
1277,93,2,384,3,2148,33,30
1278,93,2,385,6,2154,53,60
1279,93,2,386,9,2163,77,90
1280,93,2,387,3,2166,38,30
1281,93,2,388,7,2173,76,70
1282,93,2,389,4,2177,37,40
1283,93,2,390,7,2184,1,70
1284,93,2,391,9,2193,134,90
1285,93,2,392,2,2195,42,20
1286,93,2,393,3,2198,33,30
1287,93,2,394,6,2204,59,60
1288,93,2,395,6,2210,66,60
1289,93,2,396,3,2213,35,30
1290,93,2,397,3,2216,32,30
1291,93,2,398,3,2219,35,30
1292,93,2,399,4,2223,40,40
1293,93,2,400,2,2225,1,20
1294,93,2,401,6,2231,1,60
1295,93,2,402,3,2234,89,30
1296,93,2,403,8,2242,88,80
1297,93,2,404,7,2249,66,70
1298,93,2,405,6,2255,1,60
1299,93,2,406,2,2257,67,20
1300,93,2,407,2,2259,1,20
1301,93,2,408,4,2263,56,40
1302,93,2,409,8,2271,75,80
1303,93,2,410,9,2280,81,90
1304,93,2,411,6,2286,64,60
1305,93,2,412,6,2292,64,60
1306,93,2,413,9,2301,90,90
1307,93,2,414,9,2310,83,90
1308,93,2,415,3,2313,41,30
1309,93,2,416,8,2321,90,80
1310,93,2,417,4,2325,44,40
1311,93,2,418,7,2332,1,70
1312,93,2,419,3,2335,89,30
1313,93,2,420,5,2340,56,50
1314,93,2,421,8,2348,80,80
1315,93,2,422,6,2354,63,60
1316,93,2,423,7,2361,75,70
1317,93,2,424,3,2364,35,30
1318,93,2,425,5,2369,1,50
1319,93,2,426,6,2375,104,60
1320,93,2,427,7,2382,76,70
1321,93,2,428,9,2391,77,90
1322,93,2,429,7,2398,78,70
1323,93,2,430,3,2401,1,30
1324,93,2,431,3,2404,65,30
1325,93,2,432,6,2410,52,60
1326,93,2,433,5,2415,48,50
1327,93,2,434,9,2424,86,90
1328,93,2,435,5,2429,64,50
1329,93,2,436,9,2438,87,90
1330,93,2,437,9,2447,84,90
1331,93,2,438,3,2450,35,30
1332,93,2,439,7,2457,53,70
1333,93,2,440,3,2460,37,30
1334,93,2,441,9,2469,1,90
1335,93,2,442,9,2478,144,90
1336,93,2,443,6,2484,85,60
1337,93,2,444,7,2491,76,70
1338,93,2,445,2,2493,1,20
1339,93,2,446,5,2498,71,50
1340,93,2,447,4,2502,56,40
1341,93,2,448,9,2511,1,90
1342,93,2,449,6,2517,141,60
1343,93,2,450,2,2519,1,20
1344,93,2,451,2,2521,1,20
1345,93,2,452,8,2529,115,80
1346,93,2,453,6,2535,69,60
1347,93,2,454,4,2539,36,40
1348,93,2,455,7,2546,55,70
1349,93,2,456,2,2548,24,20
1350,93,2,457,3,2551,1,30
1351,93,2,458,9,2560,98,90
1352,93,2,459,5,2565,56,50
1353,93,2,460,6,2571,62,60
1354,93,2,461,3,2574,36,30
1355,93,2,462,3,2577,30,30
1356,93,2,463,5,2582,1,50
1357,93,2,464,2,2584,1,20
1358,93,2,465,5,2589,102,50
1359,93,2,466,2,2591,35,20
1360,93,2,467,8,2599,1,80
1361,93,2,468,3,2602,1,30
1362,93,2,469,3,2605,144,30
1363,93,2,470,9,2614,1,90
1364,93,2,471,3,2617,140,30
1365,93,2,472,3,2620,45,30
1366,93,2,473,3,2623,28,30
1367,93,2,474,8,2631,78,80
1368,93,2,475,7,2638,73,70
1369,93,2,476,5,2643,45,50
1370,93,2,477,6,2649,59,60
1371,93,2,478,4,2653,1,40
1372,93,2,479,6,2659,98,60
1373,93,2,480,6,2665,42,60
1374,93,2,481,5,2670,46,50
1375,93,2,482,4,2674,40,40
1376,93,2,483,6,2680,59,60
1377,93,2,484,9,2689,81,90
1378,93,2,485,7,2696,1,70
1379,93,2,486,9,2705,1,90
1380,93,2,487,4,2709,188,40
1381,93,2,488,5,2714,73,50
1382,93,2,489,7,2721,1,70
1383,93,2,490,7,2728,125,70
1384,93,2,491,9,2737,95,90
1385,93,2,492,9,2746,85,90
1386,93,2,493,5,2751,62,50
1387,93,2,494,3,2754,30,30
1388,93,2,495,5,2759,1,50
1389,93,2,496,4,2763,66,40
1390,93,2,497,2,2765,1,20
1391,93,2,498,2,2767,40,20
1392,93,2,499,6,2773,44,60
1393,93,2,500,4,2777,36,40
1394,93,2,501,8,2785,67,80
1395,93,2,502,5,2790,1,50
1396,93,2,503,5,2795,91,50
1397,93,2,504,4,2799,49,40
1398,93,2,505,9,2808,1,90
1399,93,2,506,7,2815,139,70
1400,93,2,507,9,2824,100,90
1401,93,2,508,8,2832,78,80
1402,93,2,509,6,2838,61,60
1403,93,2,510,2,2840,25,20
1404,93,2,511,2,2842,26,20
1405,93,2,512,6,2848,55,60
1406,93,2,513,2,2850,39,20
1407,93,2,514,8,2858,55,80
1408,93,2,515,2,2860,1,20
1409,93,2,516,4,2864,57,40
1410,93,2,517,2,2866,25,20
1411,93,2,518,8,2874,67,80
1412,93,2,519,2,2876,28,20
1413,93,2,520,2,2878,1,20
1414,93,2,521,5,2883,53,50
1415,93,2,522,4,2887,1,40
1416,93,2,523,5,2892,94,50
1417,93,2,524,8,2900,78,80
1418,93,2,525,7,2907,80,70
1419,93,2,526,2,2909,35,20
1420,93,2,527,5,2914,53,50
1421,93,2,528,8,2922,66,80
1422,93,2,529,9,2931,84,90
1423,93,2,530,2,2933,33,20
1424,93,2,531,6,2939,59,60
1425,93,2,532,9,2948,88,90
1426,93,2,533,9,2957,81,90
1427,93,2,534,6,2963,65,60
1428,93,2,535,8,2971,93,80
1429,93,2,536,8,2979,93,80
1430,93,2,537,2,2981,1,20
1431,93,2,538,3,2984,1,30
1432,93,2,539,7,2991,1,70
1433,93,2,540,7,2998,1,70
1434,93,2,541,8,3006,207,80
1435,93,2,542,6,3012,1,60
1436,93,2,543,7,3019,145,70
1437,93,2,544,7,3026,1,70
1438,93,2,545,8,3034,1,80
1439,93,2,546,8,3042,219,80
1440,93,2,547,4,3046,68,40
1441,93,2,548,2,3048,33,20
1442,93,2,549,3,3051,29,30
1443,93,2,550,5,3056,39,50
1444,93,2,551,2,3058,22,20
1445,93,2,552,2,3060,20,20
1446,93,2,553,3,3063,23,30
1447,93,2,554,6,3069,46,60
1448,93,2,555,5,3074,46,50
1449,93,2,556,9,3083,1,90
1450,93,2,557,2,3085,108,20
1451,93,2,558,8,3093,97,80
1452,93,2,559,4,3097,43,40
1453,93,2,560,3,3100,1,30
1454,93,2,561,6,3106,103,60
1455,93,2,562,8,3114,81,80
1456,93,2,563,7,3121,81,70
1457,93,2,564,5,3126,1,50
1458,93,2,565,2,3128,1,20
1459,93,2,566,4,3132,101,40
1460,93,2,567,4,3136,44,40
1461,93,2,568,4,3140,48,40
1462,93,2,569,2,3142,29,20
1463,93,2,570,9,3151,83,90
1464,93,2,571,2,3153,25,20
1465,93,2,572,5,3158,46,50
1466,93,2,573,5,3163,47,50
1467,93,2,574,8,3171,81,80
1468,93,2,575,5,3176,61,50
1469,93,2,576,6,3182,1,60
1470,93,2,577,5,3187,1,50
1471,93,2,578,9,3196,1,90
1472,93,2,579,8,3204,281,80
1473,93,2,580,7,3211,88,70
1474,93,2,581,6,3217,64,60
1475,93,2,582,9,3226,72,90
1476,93,2,583,2,3228,27,20
1477,93,2,584,3,3231,1,30
1478,93,2,585,2,3233,38,20
1479,93,2,586,9,3242,83,90
1480,93,2,587,9,3251,91,90
1481,93,2,588,3,3254,56,30
1482,93,2,589,4,3258,1,40
1483,93,2,590,6,3264,73,60
1484,93,2,591,3,3267,34,30
1485,93,2,592,5,3272,1,50
1486,93,2,593,6,3278,98,60
1487,93,2,594,3,3281,37,30
1488,93,2,595,6,3287,1,60
1489,93,2,596,5,3292,118,50
1490,93,2,597,2,3294,33,20
1491,93,2,598,3,3297,36,30
1492,93,2,599,6,3303,1,60
1493,93,2,600,6,3309,109,60
1494,93,2,601,7,3316,1,70
1495,93,2,602,5,3321,107,50
1496,93,2,603,6,3327,68,60
1497,93,2,604,2,3329,1,20
1498,93,2,605,8,3337,83,80
1499,93,2,606,5,3342,53,50
1500,93,2,607,9,3351,83,90
1501,93,2,608,7,3358,63,70
1502,93,2,609,4,3362,1,40
1503,93,2,610,9,3371,125,90
1504,93,2,611,5,3376,1,50
1505,93,2,612,3,3379,1,30
1506,93,2,613,2,3381,97,20
1507,93,2,614,9,3390,116,90
1508,93,2,615,2,3392,19,20
1509,93,2,616,9,3401,75,90
1510,93,2,617,8,3409,92,80
1511,93,2,618,5,3414,1,50
1512,93,2,619,2,3416,1,20
1513,93,2,620,4,3420,1,40
1514,93,2,621,3,3423,128,30
1515,93,2,622,3,3426,1,30
1516,93,2,623,7,3433,112,70
1517,93,2,624,5,3438,56,50
1518,93,2,625,2,3440,30,20
1519,93,2,626,5,3445,1,50
1520,93,2,627,6,3451,81,60
1521,93,2,628,7,3458,1,70
1522,93,2,629,5,3463,120,50
1523,93,2,630,7,3470,86,70
1524,93,2,631,6,3476,56,60
1525,93,2,632,5,3481,53,50
1526,93,2,633,9,3490,73,90
1527,93,2,634,9,3499,1,90
1528,93,2,635,8,3507,1,80
1529,93,2,636,7,3514,1,70
1530,93,2,637,4,3518,243,40
1531,93,2,638,4,3522,65,40
1532,93,2,639,4,3526,1,40
1533,93,2,640,5,3531,1,50
1534,93,2,641,8,3539,154,80
1535,93,2,642,4,3543,1,40
1536,93,2,643,3,3546,91,30
1537,93,2,644,6,3552,64,60
1538,93,2,645,2,3554,29,20
1539,93,2,646,3,3557,1,30
1540,93,2,647,3,3560,1,30
1541,93,2,648,3,3563,79,30
1542,93,2,649,7,3570,75,70
1543,93,2,650,5,3575,41,50
1544,93,2,651,2,3577,26,20
1545,93,2,652,9,3586,72,90
1546,93,2,653,6,3592,1,60
1547,93,2,654,6,3598,115,60
1548,93,2,655,2,3600,43,20
1549,93,2,656,4,3604,35,40
1550,93,2,657,8,3612,69,80
1551,93,2,658,8,3620,81,80
1552,93,2,659,2,3622,39,20
1553,93,2,660,5,3627,42,50
1554,93,2,661,2,3629,1,20
1555,93,2,662,5,3634,1,50
1556,93,2,663,3,3637,89,30
1557,93,2,664,5,3642,46,50
1558,93,2,665,5,3647,54,50
1559,93,2,666,5,3652,55,50
1560,93,2,667,2,3654,1,20
1561,93,2,668,3,3657,50,30
1562,93,2,669,4,3661,48,40
1563,93,2,670,7,3668,74,70
1564,93,2,671,6,3674,56,60
1565,93,2,672,8,3682,51,80
1566,93,2,673,6,3688,68,60
1567,93,2,674,6,3694,67,60
1568,93,2,675,6,3700,46,60
1569,93,2,676,4,3704,42,40
1570,93,2,677,5,3709,1,50
1571,93,2,678,7,3716,108,70
1572,93,2,679,4,3720,43,40
1573,93,2,680,5,3725,47,50
1574,93,2,681,4,3729,40,40
1575,93,2,682,3,3732,34,30
1576,93,2,683,5,3737,39,50
1577,93,2,684,4,3741,34,40
1578,93,2,685,9,3750,70,90
1579,93,2,686,9,3759,109,90
1580,93,2,687,9,3768,81,90
1581,93,2,688,4,3772,1,40
1582,93,2,689,9,3781,129,90
1583,93,2,690,7,3788,73,70
1584,93,2,691,4,3792,1,40
1585,93,2,692,9,3801,1,90
1586,93,2,693,9,3810,1,90
1587,93,2,694,9,3819,268,90
1588,93,2,695,4,3823,78,40
1589,93,2,696,9,3832,88,90
1590,93,2,697,5,3837,1,50
1591,93,2,698,8,3845,110,80
1592,93,2,699,5,3850,59,50
1593,93,2,700,3,3853,29,30
1594,93,2,701,4,3857,36,40
1595,93,2,702,7,3864,69,70
1596,93,2,703,5,3869,50,50
1597,93,2,704,2,3871,1,20
1598,93,2,705,5,3876,73,50
1599,93,2,706,4,3880,48,40
1600,93,2,707,5,3885,49,50
1601,93,2,708,2,3887,18,20
1602,93,2,709,9,3896,1,90
1603,93,2,710,2,3898,1,20
1604,93,2,711,4,3902,120,40
1605,93,2,712,9,3911,120,90
1606,93,2,713,4,3915,46,40
1607,93,2,714,6,3921,60,60
1608,93,2,715,6,3927,44,60
1609,93,2,716,5,3932,57,50
1610,93,2,717,6,3938,69,60
1611,93,2,718,9,3947,80,90
1612,93,2,719,2,3949,1,20
1613,93,2,720,7,3956,1,70
1614,93,2,721,9,3965,180,90
1615,93,2,722,8,3973,1,80
1616,93,2,723,8,3981,159,80
1617,93,2,724,2,3983,56,20
1618,93,2,725,6,3989,1,60
1619,93,2,726,6,3995,113,60
1620,93,2,727,3,3998,37,30
1621,93,2,728,4,4002,43,40
1622,93,2,729,9,4011,79,90
1623,93,2,730,5,4016,1,50
1624,93,2,731,6,4022,100,60
1625,93,2,732,6,4028,1,60
1626,93,2,733,8,4036,133,80
1627,93,2,734,4,4040,1,40
1628,93,2,735,9,4049,134,90
1629,93,2,736,6,4055,1,60
1630,93,2,737,7,4062,1,70
1631,93,2,738,4,4066,149,40
1632,93,2,739,2,4068,43,20
1633,93,2,740,2,4070,1,20
1634,93,2,741,7,4077,83,70
1635,93,2,742,4,4081,55,40
1636,93,2,743,3,4084,37,30
1637,93,2,744,3,4087,26,30
1638,93,2,745,7,4094,62,70
1639,93,2,746,9,4103,89,90
1640,93,2,747,5,4108,58,50
1641,93,2,748,3,4111,27,30
1642,93,2,749,9,4120,1,90
1643,93,2,750,4,4124,116,40
1644,93,2,751,3,4127,52,30
1645,93,2,752,7,4134,86,70
1646,93,2,753,5,4139,43,50
1647,93,2,754,4,4143,41,40
1648,93,2,755,6,4149,1,60
1649,93,2,756,6,4155,92,60
1650,93,2,757,7,4162,74,70
1651,93,2,758,7,4169,66,70
1652,93,2,759,4,4173,50,40
1653,93,2,760,4,4177,43,40
1654,93,2,761,8,4185,80,80
1655,93,2,762,8,4193,75,80
1656,93,2,763,4,4197,1,40
1657,93,2,764,9,4206,1,90
1658,93,2,765,9,4215,1,90
1659,93,2,766,4,4219,1,40
1660,93,2,767,2,4221,241,20
1661,93,2,768,5,4226,76,50
1662,93,2,769,4,4230,49,40
1663,93,2,770,6,4236,59,60
1664,93,2,771,4,4240,38,40
1665,93,2,772,6,4246,66,60
1666,93,2,773,4,4250,1,40
1667,93,2,774,4,4254,68,40
1668,93,2,775,2,4256,1,20
1669,93,2,776,2,4258,1,20
1670,93,2,777,3,4261,61,30
1671,93,2,778,4,4265,39,40
1672,93,2,779,7,4272,73,70
1673,93,2,780,2,4274,34,20
1674,93,2,781,5,4279,45,50
1675,93,2,782,9,4288,87,90
1676,93,2,783,3,4291,1,30
1677,93,2,784,3,4294,53,30
1678,93,2,785,6,4300,65,60
1679,93,2,786,6,4306,1,60
1680,93,2,787,4,4310,96,40
1681,93,2,788,8,4318,1,80
1682,93,2,789,6,4324,125,60
1683,93,2,790,2,4326,32,20
1684,93,2,791,9,4335,1,90
1685,93,2,792,6,4341,1,60
1686,93,2,793,5,4346,201,50
1687,93,2,794,7,4353,1,70
1688,93,2,795,9,4362,152,90
1689,93,2,796,7,4369,74,70
1690,93,2,797,3,4372,38,30
1691,93,2,798,9,4381,83,90
1692,93,2,799,3,4384,35,30
1693,93,2,800,9,4393,76,90
1694,93,2,801,9,4402,88,90
1695,93,2,802,3,4405,21,30
1696,93,2,803,4,4409,45,40
1697,93,2,804,7,4416,70,70
1698,93,2,805,7,4423,67,70
1699,93,2,806,8,4431,1,80
1700,93,2,807,7,4438,1,70
1701,93,2,808,8,4446,225,80
1702,93,2,809,6,4452,89,60
1703,93,2,810,4,4456,53,40
1704,93,2,811,7,4463,63,70
1705,93,2,812,3,4466,22,30
1706,93,2,813,4,4470,1,40
1707,93,2,814,5,4475,89,50
1708,93,2,815,8,4483,1,80
1709,93,2,816,2,4485,102,20
1710,93,2,817,8,4493,1,80
1711,93,2,818,2,4495,101,20
1712,93,2,819,4,4499,42,40
1713,93,2,820,4,4503,1,40
1714,93,2,821,5,4508,68,50
1715,93,2,822,2,4510,36,20
1716,93,2,823,5,4515,1,50
1717,93,2,824,6,4521,98,60
1718,93,2,825,9,4530,81,90
1719,93,2,826,3,4533,40,30
1720,93,2,827,5,4538,47,50
1721,93,2,828,6,4544,1,60
1722,93,2,829,4,4548,96,40
1723,93,2,830,3,4551,41,30
1724,93,2,831,8,4559,1,80
1725,93,2,832,8,4567,164,80
1726,93,2,833,8,4575,1,80
1727,93,2,834,9,4584,146,90
1728,93,2,835,5,4589,74,50
1729,93,2,836,5,4594,58,50
1730,93,2,837,9,4603,84,90
1731,93,2,838,5,4608,52,50
1732,93,2,839,7,4615,1,70
1733,93,2,840,3,4618,94,30
1734,93,2,841,5,4623,55,50
1735,93,2,842,3,4626,1,30
1736,93,2,843,9,4635,120,90
1737,93,2,844,2,4637,33,20
1738,93,2,845,8,4645,1,80
1739,93,2,846,7,4652,122,70
1740,93,2,847,5,4657,71,50
1741,93,2,848,6,4663,65,60
1742,93,2,849,8,4671,76,80
1743,93,2,850,4,4675,37,40
1744,93,2,851,8,4683,1,80
1745,93,2,852,4,4687,107,40
1746,93,2,853,2,4689,1,20
1747,93,2,854,5,4694,1,50
1748,93,2,855,3,4697,83,30
1749,93,2,856,8,4705,1,80
1750,93,2,857,4,4709,129,40
1751,93,2,858,3,4712,42,30
1752,93,2,859,6,4718,62,60
1753,93,2,860,5,4723,50,50
1754,93,2,861,6,4729,62,60
1755,93,2,862,7,4736,74,70
1756,93,2,863,2,4738,16,20
1757,93,2,864,4,4742,34,40
1758,93,2,865,7,4749,68,70
1759,93,2,866,6,4755,64,60
1760,93,2,867,9,4764,82,90
1761,93,2,868,4,4768,1,40
1762,93,2,869,6,4774,1,60
1763,93,2,870,2,4776,1,20
1764,93,2,871,6,4782,162,60
1765,93,2,872,7,4789,1,70
1766,93,2,873,5,4794,121,50
1767,93,2,874,6,4800,71,60
1768,93,2,875,7,4807,1,70
1769,93,2,876,6,4813,106,60
1770,93,2,877,2,4815,1,20
1771,93,2,878,6,4821,74,60
1772,93,2,879,9,4830,88,90
1773,93,2,880,3,4833,38,30
1774,93,2,881,9,4842,1,90
1775,93,2,882,6,4848,132,60
1776,93,2,883,2,4850,1,20
1777,93,2,884,6,4856,1,60
1778,93,2,885,9,4865,175,90
1779,93,2,886,7,4872,82,70
1780,93,2,887,4,4876,41,40
1781,93,2,888,4,4880,1,40
1782,93,2,889,8,4888,1,80
1783,93,2,890,8,4896,167,80
1784,93,2,891,4,4900,50,40
1785,93,2,892,6,4906,1,60
1786,93,2,893,2,4908,69,20
1787,93,2,894,7,4915,1,70
1788,93,2,895,8,4923,1,80
1789,93,2,896,6,4929,1,60
1790,93,2,897,9,4938,256,90
1791,93,2,898,9,4947,98,90
1792,93,2,899,5,4952,53,50
1793,93,2,900,2,4954,1,20
1794,93,2,901,9,4963,96,90
1795,93,2,902,8,4971,75,80
1796,93,2,903,9,4980,87,90
1797,93,2,904,9,4989,82,90
1798,93,2,905,9,4998,1,90
1799,93,3,1,7,7,1,70
1800,93,3,2,4,11,82,40
1801,93,3,3,9,20,92,90
1802,93,3,4,9,29,75,90
1803,93,3,5,9,38,82,90
1804,93,3,6,2,40,21,20
1805,93,3,7,2,42,28,20
1806,93,3,8,8,50,68,80
1807,93,3,9,5,55,59,50
1808,93,3,10,9,64,91,90
1809,93,3,11,3,67,43,30
1810,93,3,12,9,76,67,90
1811,93,3,13,6,82,67,60
1812,93,3,14,6,88,56,60
1813,93,3,15,2,90,1,20
1814,93,3,16,9,99,115,90
1815,93,3,17,8,107,72,80
1816,93,3,18,3,110,39,30
1817,93,3,19,7,117,1,70
1818,93,3,20,3,120,103,30
1819,93,3,21,8,128,76,80
1820,93,3,22,5,133,52,50
1821,93,3,23,5,138,49,50
1822,93,3,24,8,146,1,80
1823,93,3,25,7,153,136,70
1824,93,3,26,7,160,76,70
1825,93,3,27,8,168,1,80
1826,93,3,28,4,172,1,40
1827,93,3,29,8,180,1,80
1828,93,3,30,3,183,193,30
1829,93,3,31,5,188,75,50
1830,93,3,32,5,193,1,50
1831,93,3,33,6,199,1,60
1832,93,3,34,8,207,1,80
1833,93,3,35,9,216,242,90
1834,93,3,36,7,223,106,70
1835,93,3,37,5,228,1,50
1836,93,3,38,5,233,94,50
1837,93,3,39,7,240,81,70
1838,93,3,40,3,243,42,30
1839,93,3,41,5,248,38,50
1840,93,3,42,9,257,1,90
1841,93,3,43,5,262,125,50
1842,93,3,44,9,271,89,90
1843,93,3,45,3,274,34,30
1844,93,3,46,5,279,52,50
1845,93,3,47,6,285,61,60
1846,93,3,48,7,292,56,70
1847,93,3,49,8,300,85,80
1848,93,3,50,7,307,67,70
1849,93,3,51,7,314,74,70
1850,93,3,52,4,318,54,40
1851,93,3,53,7,325,75,70
1852,93,3,54,4,329,46,40
1853,93,3,55,9,338,72,90
1854,93,3,56,7,345,79,70
1855,93,3,57,7,352,66,70
1856,93,3,58,2,354,24,20
1857,93,3,59,8,362,98,80
1858,93,3,60,8,370,85,80
1859,93,3,61,5,375,52,50
1860,93,3,62,2,377,24,20
1861,93,3,63,6,383,51,60
1862,93,3,64,2,385,1,20
1863,93,3,65,8,393,114,80
1864,93,3,66,5,398,43,50
1865,93,3,67,8,406,79,80
1866,93,3,68,7,413,1,70
1867,93,3,69,8,421,124,80
1868,93,3,70,5,426,65,50
1869,93,3,71,5,431,60,50
1870,93,3,72,5,436,49,50
1871,93,3,73,6,442,51,60
1872,93,3,74,9,451,1,90
1873,93,3,75,8,459,1,80
1874,93,3,76,4,463,182,40
1875,93,3,77,6,469,76,60
1876,93,3,78,4,473,43,40
1877,93,3,79,8,481,1,80
1878,93,3,80,9,490,1,90
1879,93,3,81,4,494,183,40
1880,93,3,82,3,497,50,30
1881,93,3,83,6,503,61,60
1882,93,3,84,5,508,1,50
1883,93,3,85,2,510,73,20
1884,93,3,86,6,516,1,60
1885,93,3,87,4,520,1,40
1886,93,3,88,9,529,182,90
1887,93,3,89,6,535,80,60
1888,93,3,90,2,537,26,20
1889,93,3,91,6,543,62,60
1890,93,3,92,3,546,31,30
1891,93,3,93,7,553,61,70
1892,93,3,94,5,558,47,50
1893,93,3,95,8,566,1,80
1894,93,3,96,3,569,102,30
1895,93,3,97,5,574,58,50
1896,93,3,98,6,580,73,60
1897,93,3,99,4,584,31,40
1898,93,3,100,6,590,1,60
1899,93,3,101,5,595,94,50
1900,93,3,102,7,602,1,70
1901,93,3,103,7,609,110,70
1902,93,3,104,6,615,64,60
1903,93,3,105,6,621,63,60
1904,93,3,106,5,626,35,50
1905,93,3,107,4,630,35,40
1906,93,3,108,3,633,1,30
1907,93,3,109,8,641,104,80
1908,93,3,110,4,645,54,40
1909,93,3,111,7,652,65,70
1910,93,3,112,2,654,18,20
1911,93,3,113,2,656,30,20
1912,93,3,114,6,662,55,60
1913,93,3,115,3,665,41,30
1914,93,3,116,5,670,38,50
1915,93,3,117,2,672,16,20
1916,93,3,118,2,674,15,20
1917,93,3,119,4,678,1,40
1918,93,3,120,7,685,81,70
1919,93,3,121,2,687,32,20
1920,93,3,122,3,690,29,30
1921,93,3,123,3,693,1,30
1922,93,3,124,5,698,79,50
1923,93,3,125,9,707,82,90
1924,93,3,126,2,709,18,20
1925,93,3,127,8,717,1,80
1926,93,3,128,4,721,119,40
1927,93,3,129,5,726,61,50
1928,93,3,130,2,728,22,20
1929,93,3,131,8,736,73,80
1930,93,3,132,6,742,71,60
1931,93,3,133,9,751,62,90
1932,93,3,134,5,756,54,50
1933,93,3,135,3,759,27,30
1934,93,3,136,4,763,53,40
1935,93,3,137,3,766,1,30
1936,93,3,138,6,772,89,60
1937,93,3,139,3,775,45,30
1938,93,3,140,7,782,68,70
1939,93,3,141,7,789,72,70
1940,93,3,142,7,796,1,70
1941,93,3,143,4,800,1,40
1942,93,3,144,7,807,154,70
1943,93,3,145,8,815,89,80
1944,93,3,146,2,817,32,20
1945,93,3,147,7,824,89,70
1946,93,3,148,2,826,1,20
1947,93,3,149,5,831,51,50
1948,93,3,150,7,838,1,70
1949,93,3,151,3,841,1,30
1950,93,3,152,4,845,124,40
1951,93,3,153,8,853,87,80
1952,93,3,154,2,855,31,20
1953,93,3,155,7,862,1,70
1954,93,3,156,4,866,106,40
1955,93,3,157,5,871,1,50
1956,93,3,158,7,878,112,70
1957,93,3,159,9,887,1,90
1958,93,3,160,3,890,121,30
1959,93,3,161,8,898,90,80
1960,93,3,162,3,901,46,30
1961,93,3,163,2,903,18,20
1962,93,3,164,5,908,1,50
1963,93,3,165,8,916,131,80
1964,93,3,166,6,922,1,60
1965,93,3,167,6,928,1,60
1966,93,3,168,9,937,1,90
1967,93,3,169,3,940,1,30
1968,93,3,170,8,948,302,80
1969,93,3,171,9,957,1,90
1970,93,3,172,5,962,1,50
1971,93,3,173,3,965,170,30
1972,93,3,174,3,968,55,30
1973,93,3,175,6,974,66,60
1974,93,3,176,6,980,52,60
1975,93,3,177,8,988,66,80
1976,93,3,178,6,994,70,60
1977,93,3,179,3,997,33,30
1978,93,3,180,8,1005,72,80
1979,93,3,181,5,1010,1,50
1980,93,3,182,2,1012,69,20
1981,93,3,183,9,1021,79,90
1982,93,3,184,5,1026,47,50
1983,93,3,185,4,1030,42,40
1984,93,3,186,6,1036,53,60
1985,93,3,187,8,1044,57,80
1986,93,3,188,2,1046,28,20
1987,93,3,189,2,1048,27,20
1988,93,3,190,4,1052,32,40
1989,93,3,191,5,1057,41,50
1990,93,3,192,4,1061,1,40
1991,93,3,193,5,1066,97,50
1992,93,3,194,9,1075,94,90
1993,93,3,195,5,1080,1,50
1994,93,3,196,3,1083,73,30
1995,93,3,197,7,1090,1,70
1996,93,3,198,9,1099,1,90
1997,93,3,199,8,1107,224,80
1998,93,3,200,9,1116,1,90
1999,93,3,201,9,1125,1,90
2000,93,3,202,5,1130,245,50
2001,93,3,203,6,1136,69,60
2002,93,3,204,4,1140,59,40
2003,93,3,205,8,1148,78,80
2004,93,3,206,3,1151,34,30
2005,93,3,207,7,1158,68,70
2006,93,3,208,9,1167,79,90
2007,93,3,209,5,1172,64,50
2008,93,3,210,5,1177,1,50
2009,93,3,211,5,1182,1,50
2010,93,3,212,5,1187,138,50
2011,93,3,213,9,1196,95,90
2012,93,3,214,3,1199,35,30
2013,93,3,215,4,1203,36,40
2014,93,3,216,6,1209,62,60
2015,93,3,217,4,1213,48,40
2016,93,3,218,9,1222,1,90
2017,93,3,219,3,1225,91,30
2018,93,3,220,8,1233,80,80
2019,93,3,221,2,1235,36,20
2020,93,3,222,5,1240,49,50
2021,93,3,223,6,1246,1,60
2022,93,3,224,8,1254,137,80
2023,93,3,225,6,1260,58,60
2024,93,3,226,7,1267,65,70
2025,93,3,227,7,1274,53,70
2026,93,3,228,2,1276,25,20
2027,93,3,229,8,1284,1,80
2028,93,3,230,6,1290,128,60
2029,93,3,231,3,1293,35,30
2030,93,3,232,7,1300,63,70
2031,93,3,233,2,1302,35,20
2032,93,3,234,7,1309,67,70
2033,93,3,235,4,1313,1,40
2034,93,3,236,5,1318,1,50
2035,93,3,237,6,1324,1,60
2036,93,3,238,8,1332,214,80
2037,93,3,239,3,1335,1,30
2038,93,3,240,3,1338,1,30
2039,93,3,241,9,1347,165,90
2040,93,3,242,6,1353,86,60
2041,93,3,243,4,1357,42,40
2042,93,3,244,6,1363,66,60
2043,93,3,245,8,1371,80,80
2044,93,3,246,7,1378,66,70
2045,93,3,247,2,1380,21,20
2046,93,3,248,5,1385,1,50
2047,93,3,249,3,1388,71,30
2048,93,3,250,8,1396,87,80
2049,93,3,251,6,1402,53,60
2050,93,3,252,7,1409,60,70
2051,93,3,253,3,1412,40,30
2052,93,3,254,2,1414,28,20
2053,93,3,255,8,1422,64,80
2054,93,3,256,3,1425,40,30
2055,93,3,257,3,1428,24,30
2056,93,3,258,9,1437,73,90
2057,93,3,259,9,1446,92,90
2058,93,3,260,3,1449,39,30
2059,93,3,261,2,1451,32,20
2060,93,3,262,6,1457,60,60
2061,93,3,263,6,1463,66,60
2062,93,3,264,8,1471,76,80
2063,93,3,265,9,1480,79,90
2064,93,3,266,4,1484,38,40
2065,93,3,267,2,1486,1,20
2066,93,3,268,7,1493,1,70
2067,93,3,269,4,1497,1,40
2068,93,3,270,4,1501,143,40
2069,93,3,271,7,1508,75,70
2070,93,3,272,4,1512,1,40
2071,93,3,273,3,1515,73,30
2072,93,3,274,3,1518,1,30
2073,93,3,275,9,1527,125,90
2074,93,3,276,2,1529,25,20
2075,93,3,277,9,1538,89,90
2076,93,3,278,8,1546,77,80
2077,93,3,279,4,1550,27,40
2078,93,3,280,9,1559,90,90
2079,93,3,281,6,1565,1,60
2080,93,3,282,8,1573,130,80
2081,93,3,283,6,1579,1,60
2082,93,3,284,4,1583,123,40
2083,93,3,285,8,1591,79,80
2084,93,3,286,8,1599,1,80
2085,93,3,287,8,1607,164,80
2086,93,3,288,2,1609,51,20
2087,93,3,289,2,1611,1,20
2088,93,3,290,9,1620,93,90
2089,93,3,291,7,1627,77,70
2090,93,3,292,4,1631,62,40
2091,93,3,293,9,1640,74,90
2092,93,3,294,3,1643,31,30
2093,93,3,295,3,1646,26,30
2094,93,3,296,5,1651,1,50
2095,93,3,297,9,1660,125,90
2096,93,3,298,8,1668,102,80
2097,93,3,299,8,1676,99,80
2098,93,3,300,8,1684,75,80
2099,93,3,301,6,1690,54,60
2100,93,3,302,4,1694,60,40
2101,93,3,303,8,1702,64,80
2102,93,3,304,8,1710,78,80
2103,93,3,305,5,1715,53,50
2104,93,3,306,8,1723,71,80
2105,93,3,307,2,1725,34,20
2106,93,3,308,4,1729,38,40
2107,93,3,309,7,1736,56,70
2108,93,3,310,7,1743,65,70
2109,93,3,311,7,1750,71,70
2110,93,3,312,9,1759,101,90
2111,93,3,313,2,1761,39,20
2112,93,3,314,9,1770,79,90
2113,93,3,315,3,1773,45,30
2114,93,3,316,8,1781,75,80
2115,93,3,317,8,1789,76,80
2116,93,3,318,9,1798,1,90
2117,93,3,319,7,1805,158,70
2118,93,3,320,4,1809,60,40
2119,93,3,321,7,1816,1,70
2120,93,3,322,5,1821,1,50
2121,93,3,323,3,1824,138,30
2122,93,3,324,7,1831,76,70
2123,93,3,325,8,1839,84,80
2124,93,3,326,8,1847,74,80
2125,93,3,327,7,1854,59,70
2126,93,3,328,3,1857,38,30
2127,93,3,329,7,1864,1,70
2128,93,3,330,2,1866,97,20
2129,93,3,331,3,1869,34,30
2130,93,3,332,8,1877,1,80
2131,93,3,333,5,1882,141,50
2132,93,3,334,6,1888,77,60
2133,93,3,335,6,1894,46,60
2134,93,3,336,2,1896,39,20
2135,93,3,337,8,1904,1,80
2136,93,3,338,3,1907,89,30
2137,93,3,339,9,1916,90,90
2138,93,3,340,9,1925,100,90
2139,93,3,341,3,1928,32,30
2140,93,3,342,3,1931,24,30
2141,93,3,343,5,1936,42,50
2142,93,3,344,5,1941,1,50
2143,93,3,345,8,1949,1,80
2144,93,3,346,5,1954,173,50
2145,93,3,347,6,1960,63,60
2146,93,3,348,8,1968,90,80
2147,93,3,349,4,1972,42,40
2148,93,3,350,8,1980,73,80
2149,93,3,351,8,1988,94,80
2150,93,3,352,9,1997,91,90
2151,93,3,353,3,2000,38,30
2152,93,3,354,6,2006,1,60
2153,93,3,355,7,2013,106,70
2154,93,3,356,4,2017,39,40
2155,93,3,357,9,2026,84,90
2156,93,3,358,3,2029,45,30
2157,93,3,359,5,2034,1,50
2158,93,3,360,3,2037,84,30
2159,93,3,361,4,2041,57,40
2160,93,3,362,2,2043,1,20
2161,93,3,363,4,2047,54,40
2162,93,3,364,2,2049,28,20
2163,93,3,365,7,2056,61,70
2164,93,3,366,2,2058,26,20
2165,93,3,367,3,2061,30,30
2166,93,3,368,8,2069,85,80
2167,93,3,369,2,2071,27,20
2168,93,3,370,7,2078,58,70
2169,93,3,371,9,2087,72,90
2170,93,3,372,2,2089,1,20
2171,93,3,373,5,2094,73,50
2172,93,3,374,7,2101,76,70
2173,93,3,375,7,2108,85,70
2174,93,3,376,8,2116,1,80
2175,93,3,377,6,2122,106,60
2176,93,3,378,6,2128,52,60
2177,93,3,379,2,2130,24,20
2178,93,3,380,5,2135,38,50
2179,93,3,381,3,2138,37,30
2180,93,3,382,9,2147,1,90
2181,93,3,383,4,2151,110,40
2182,93,3,384,9,2160,84,90
2183,93,3,385,8,2168,87,80
2184,93,3,386,5,2173,47,50
2185,93,3,387,7,2180,73,70
2186,93,3,388,3,2183,40,30
2187,93,3,389,3,2186,35,30
2188,93,3,390,2,2188,1,20
2189,93,3,391,5,2193,81,50
2190,93,3,392,7,2200,80,70
2191,93,3,393,8,2208,1,80
2192,93,3,394,5,2213,128,50
2193,93,3,395,3,2216,48,30
2194,93,3,396,3,2219,30,30
2195,93,3,397,3,2222,36,30
2196,93,3,398,7,2229,69,70
2197,93,3,399,7,2236,81,70
2198,93,3,400,5,2241,54,50
2199,93,3,401,9,2250,1,90
2200,93,3,402,3,2253,117,30
2201,93,3,403,6,2259,1,60
2202,93,3,404,9,2268,179,90
2203,93,3,405,5,2273,68,50
2204,93,3,406,6,2279,78,60
2205,93,3,407,8,2287,1,80
2206,93,3,408,3,2290,1,30
2207,93,3,409,2,2292,130,20
2208,93,3,410,6,2298,1,60
2209,93,3,411,9,2307,142,90
2210,93,3,412,6,2313,1,60
2211,93,3,413,2,2315,87,20
2212,93,3,414,4,2319,43,40
2213,93,3,415,6,2325,59,60
2214,93,3,416,4,2329,43,40
2215,93,3,417,6,2335,65,60
2216,93,3,418,3,2338,32,30
2217,93,3,419,7,2345,57,70
2218,93,3,420,9,2354,87,90
2219,93,3,421,8,2362,1,80
2220,93,3,422,9,2371,1,90
2221,93,3,423,4,2375,150,40
2222,93,3,424,8,2383,97,80
2223,93,3,425,9,2392,94,90
2224,93,3,426,5,2397,59,50
2225,93,3,427,2,2399,22,20
2226,93,3,428,5,2404,41,50
2227,93,3,429,7,2411,74,70
2228,93,3,430,6,2417,48,60
2229,93,3,431,2,2419,27,20
2230,93,3,432,2,2421,23,20
2231,93,3,433,2,2423,21,20
2232,93,3,434,6,2429,46,60
2233,93,3,435,2,2431,24,20
2234,93,3,436,6,2437,60,60
2235,93,3,437,4,2441,41,40
2236,93,3,438,2,2443,24,20
2237,93,3,439,6,2449,43,60
2238,93,3,440,6,2455,43,60
2239,93,3,441,4,2459,46,40
2240,93,3,442,7,2466,57,70
2241,93,3,443,5,2471,58,50
2242,93,3,444,6,2477,55,60
2243,93,3,445,8,2485,1,80
2244,93,3,446,6,2491,127,60
2245,93,3,447,8,2499,88,80
2246,93,3,448,2,2501,30,20
2247,93,3,449,9,2510,82,90
2248,93,3,450,8,2518,76,80
2249,93,3,451,9,2527,107,90
2250,93,3,452,3,2530,50,30
2251,93,3,453,2,2532,22,20
2252,93,3,454,9,2541,70,90
2253,93,3,455,6,2547,58,60
2254,93,3,456,9,2556,79,90
2255,93,3,457,7,2563,87,70
2256,93,3,458,5,2568,54,50
2257,93,3,459,2,2570,25,20
2258,93,3,460,9,2579,77,90
2259,93,3,461,3,2582,21,30
2260,93,3,462,9,2591,86,90
2261,93,3,463,3,2594,34,30
2262,93,3,464,8,2602,63,80
2263,93,3,465,5,2607,50,50
2264,93,3,466,2,2609,26,20
2265,93,3,467,6,2615,45,60
2266,93,3,468,5,2620,44,50
2267,93,3,469,2,2622,26,20
2268,93,3,470,6,2628,60,60
2269,93,3,471,8,2636,1,80
2270,93,3,472,7,2643,150,70
2271,93,3,473,2,2645,44,20
2272,93,3,474,8,2653,63,80
2273,93,3,475,9,2662,89,90
2274,93,3,476,4,2666,1,40
2275,93,3,477,9,2675,113,90
2276,93,3,478,3,2678,1,30
2277,93,3,479,4,2682,1,40
2278,93,3,480,4,2686,1,40
2279,93,3,481,3,2689,144,30
2280,93,3,482,6,2695,75,60
2281,93,3,483,8,2703,69,80
2282,93,3,484,7,2710,61,70
2283,93,3,485,3,2713,35,30
2284,93,3,486,4,2717,36,40
2285,93,3,487,7,2724,64,70
2286,93,3,488,8,2732,1,80
2287,93,3,489,4,2736,101,40
2288,93,3,490,9,2745,90,90
2289,93,3,491,5,2750,47,50
2290,93,3,492,7,2757,62,70
2291,93,3,493,5,2762,48,50
2292,93,3,494,3,2765,31,30
2293,93,3,495,4,2769,43,40
2294,93,3,496,8,2777,57,80
2295,93,3,497,2,2779,1,20
2296,93,3,498,8,2787,93,80
2297,93,3,499,4,2791,59,40
2298,93,3,500,7,2798,76,70
2299,93,3,501,7,2805,82,70
2300,93,3,502,6,2811,60,60
2301,93,3,503,6,2817,70,60
2302,93,3,504,4,2821,1,40
2303,93,3,505,7,2828,110,70
2304,93,3,506,2,2830,25,20
2305,93,3,507,7,2837,63,70
2306,93,3,508,8,2845,1,80
2307,93,3,509,8,2853,145,80
2308,93,3,510,8,2861,87,80
2309,93,3,511,3,2864,38,30
2310,93,3,512,3,2867,30,30
2311,93,3,513,2,2869,20,20
2312,93,3,514,8,2877,1,80
2313,93,3,515,8,2885,141,80
2314,93,3,516,3,2888,42,30
2315,93,3,517,6,2894,57,60
2316,93,3,518,4,2898,42,40
2317,93,3,519,3,2901,33,30
2318,93,3,520,9,2910,1,90
2319,93,3,521,3,2913,1,30
2320,93,3,522,6,2919,148,60
2321,93,3,523,9,2928,1,90
2322,93,3,524,5,2933,129,50
2323,93,3,525,2,2935,40,20
2324,93,3,526,5,2940,42,50
2325,93,3,527,2,2942,26,20
2326,93,3,528,3,2945,28,30
2327,93,3,529,5,2950,50,50
2328,93,3,530,6,2956,57,60
2329,93,3,531,5,2961,1,50
2330,93,3,532,4,2965,77,40
2331,93,3,533,6,2971,62,60
2332,93,3,534,6,2977,56,60
2333,93,3,535,8,2985,1,80
2334,93,3,536,4,2989,129,40
2335,93,3,537,4,2993,1,40
2336,93,3,538,5,2998,104,50
2337,93,3,539,7,3005,1,70
2338,93,3,540,6,3011,129,60
2339,93,3,541,4,3015,47,40
2340,93,3,542,9,3024,81,90
2341,93,3,543,3,3027,35,30
2342,93,3,544,5,3032,1,50
2343,93,3,545,9,3041,144,90
2344,93,3,546,2,3043,29,20
2345,93,3,547,8,3051,74,80
2346,93,3,548,5,3056,61,50
2347,93,3,549,2,3058,25,20
2348,93,3,550,4,3062,42,40
2349,93,3,551,7,3069,52,70
2350,93,3,552,7,3076,64,70
2351,93,3,553,7,3083,80,70
2352,93,3,554,6,3089,62,60
2353,93,3,555,5,3094,1,50
2354,93,3,556,5,3099,1,50
2355,93,3,557,9,3108,171,90
2356,93,3,558,7,3115,1,70
2357,93,3,559,2,3117,1,20
2358,93,3,560,4,3121,1,40
2359,93,3,561,5,3126,187,50
2360,93,3,562,6,3132,82,60
2361,93,3,563,3,3135,46,30
2362,93,3,564,7,3142,69,70
2363,93,3,565,2,3144,1,20
2364,93,3,566,6,3150,1,60
2365,93,3,567,9,3159,161,90
2366,93,3,568,7,3166,77,70
2367,93,3,569,4,3170,1,40
2368,93,3,570,6,3176,1,60
2369,93,3,571,5,3181,123,50
2370,93,3,572,9,3190,96,90
2371,93,3,573,3,3193,39,30
2372,93,3,574,9,3202,1,90
2373,93,3,575,5,3207,145,50
2374,93,3,576,9,3216,107,90
2375,93,3,577,3,3219,41,30
2376,93,3,578,3,3222,28,30
2377,93,3,579,4,3226,40,40
2378,93,3,580,5,3231,48,50
2379,93,3,581,8,3239,99,80
2380,93,3,582,4,3243,1,40
2381,93,3,583,5,3248,1,50
2382,93,3,584,3,3251,98,30
2383,93,3,585,6,3257,78,60
2384,93,3,586,6,3263,60,60
2385,93,3,587,5,3268,1,50
2386,93,3,588,6,3274,104,60
2387,93,3,589,7,3281,73,70
2388,93,3,590,7,3288,101,70
2389,93,3,591,5,3293,52,50
2390,93,3,592,8,3301,74,80
2391,93,3,593,4,3305,39,40
2392,93,3,594,7,3312,66,70
2393,93,3,595,9,3321,81,90
2394,93,3,596,3,3324,42,30
2395,93,3,597,4,3328,38,40
2396,93,3,598,2,3330,1,20
2397,93,3,599,4,3334,56,40
2398,93,3,600,5,3339,52,50
2399,93,3,601,8,3347,76,80
2400,93,3,602,2,3349,28,20
2401,93,3,603,4,3353,1,40
2402,93,3,604,4,3357,59,40
2403,93,3,605,6,3363,51,60
2404,93,3,606,9,3372,1,90
2405,93,3,607,2,3374,113,20
2406,93,3,608,4,3378,40,40
2407,93,3,609,3,3381,28,30
2408,93,3,610,2,3383,22,20
2409,93,3,611,7,3390,47,70
2410,93,3,612,8,3398,1,80
2411,93,3,613,6,3404,127,60
2412,93,3,614,4,3408,55,40
2413,93,3,615,3,3411,1,30
2414,93,3,616,9,3420,1,90
2415,93,3,617,4,3424,114,40
2416,93,3,618,3,3427,43,30
2417,93,3,619,2,3429,22,20
2418,93,3,620,9,3438,67,90
2419,93,3,621,2,3440,39,20
2420,93,3,622,9,3449,1,90
2421,93,3,623,6,3455,122,60
2422,93,3,624,3,3458,1,30
2423,93,3,625,6,3464,102,60
2424,93,3,626,2,3466,27,20
2425,93,3,627,5,3471,57,50
2426,93,3,628,4,3475,38,40
2427,93,3,629,6,3481,49,60
2428,93,3,630,7,3488,80,70
2429,93,3,631,3,3491,29,30
2430,93,3,632,2,3493,1,20
2431,93,3,633,8,3501,83,80
2432,93,3,634,9,3510,84,90
2433,93,3,635,3,3513,33,30
2434,93,3,636,6,3519,56,60
2435,93,3,637,5,3524,45,50
2436,93,3,638,2,3526,26,20
2437,93,3,639,9,3535,90,90
2438,93,3,640,8,3543,1,80
2439,93,3,641,7,3550,148,70
2440,93,3,642,8,3558,81,80
2441,93,3,643,7,3565,1,70
2442,93,3,644,8,3573,140,80
2443,93,3,645,3,3576,1,30
2444,93,3,646,2,3578,54,20
2445,93,3,647,3,3581,43,30
2446,93,3,648,3,3584,32,30
2447,93,3,649,6,3590,46,60
2448,93,3,650,3,3593,35,30
2449,93,3,651,5,3598,37,50
2450,93,3,652,9,3607,83,90
2451,93,3,653,5,3612,56,50
2452,93,3,654,8,3620,75,80
2453,93,3,655,7,3627,63,70
2454,93,3,656,6,3633,60,60
2455,93,3,657,3,3636,51,30
2456,93,3,658,6,3642,1,60
2457,93,3,659,5,3647,104,50
2458,93,3,660,6,3653,62,60
2459,93,3,661,3,3656,1,30
2460,93,3,662,9,3665,129,90
2461,93,3,663,6,3671,70,60
2462,93,3,664,4,3675,36,40
2463,93,3,665,3,3678,1,30
2464,93,3,666,8,3686,87,80
2465,93,3,667,9,3695,90,90
2466,93,3,668,5,3700,56,50
2467,93,3,669,6,3706,63,60
2468,93,3,670,8,3714,75,80
2469,93,3,671,2,3716,29,20
2470,93,3,672,7,3723,61,70
2471,93,3,673,6,3729,54,60
2472,93,3,674,7,3736,76,70
2473,93,3,675,3,3739,28,30
2474,93,3,676,5,3744,1,50
2475,93,3,677,8,3752,100,80
2476,93,3,678,3,3755,45,30
2477,93,3,679,4,3759,36,40
2478,93,3,680,7,3766,64,70
2479,93,3,681,6,3772,71,60
2480,93,3,682,2,3774,19,20
2481,93,3,683,3,3777,27,30
2482,93,3,684,8,3785,77,80
2483,93,3,685,4,3789,1,40
2484,93,3,686,8,3797,113,80
2485,93,3,687,9,3806,110,90
2486,93,3,688,5,3811,1,50
2487,93,3,689,9,3820,1,90
2488,93,3,690,5,3825,1,50
2489,93,3,691,7,3832,223,70
2490,93,3,692,8,3840,109,80
2491,93,3,693,2,3842,1,20
2492,93,3,694,2,3844,53,20
2493,93,3,695,3,3847,34,30
2494,93,3,696,7,3854,72,70
2495,93,3,697,4,3858,38,40
2496,93,3,698,6,3864,1,60
2497,93,3,699,9,3873,152,90
2498,93,3,700,2,3875,1,20
2499,93,3,701,7,3882,91,70
2500,93,3,702,6,3888,1,60
2501,93,3,703,6,3894,108,60
2502,93,3,704,2,3896,1,20
2503,93,3,705,4,3900,68,40
2504,93,3,706,2,3902,19,20
2505,93,3,707,9,3911,85,90
2506,93,3,708,7,3918,1,70
2507,93,3,709,9,3927,141,90
2508,93,3,710,7,3934,1,70
2509,93,3,711,8,3942,151,80
2510,93,3,712,8,3950,1,80
2511,93,3,713,5,3955,129,50
2512,93,3,714,2,3957,34,20
2513,93,3,715,3,3960,1,30
2514,93,3,716,5,3965,69,50
2515,93,3,717,6,3971,57,60
2516,93,3,718,3,3974,40,30
2517,93,3,719,5,3979,1,50
2518,93,3,720,9,3988,128,90
2519,93,3,721,2,3990,1,20
2520,93,3,722,4,3994,67,40
2521,93,3,723,4,3998,49,40
2522,93,3,724,8,4006,70,80
2523,93,3,725,4,4010,1,40
2524,93,3,726,5,4015,1,50
2525,93,3,727,6,4021,1,60
2526,93,3,728,8,4029,204,80
2527,93,3,729,4,4033,1,40
2528,93,3,730,2,4035,57,20
2529,93,3,731,9,4044,1,90
2530,93,3,732,4,4048,131,40
2531,93,3,733,8,4056,67,80
2532,93,3,734,5,4061,1,50
2533,93,3,735,4,4065,87,40
2534,93,3,736,2,4067,25,20
2535,93,3,737,6,4073,54,60
2536,93,3,738,3,4076,39,30
2537,93,3,739,2,4078,21,20
2538,93,3,740,6,4084,48,60
2539,93,3,741,5,4089,54,50
2540,93,3,742,8,4097,77,80
2541,93,3,743,9,4106,90,90
2542,93,3,744,4,4110,48,40
2543,93,3,745,5,4115,58,50
2544,93,3,746,7,4122,64,70
2545,93,3,747,9,4131,86,90
2546,93,3,748,6,4137,56,60
2547,93,3,749,6,4143,57,60
2548,93,3,750,9,4152,95,90
2549,93,3,751,4,4156,48,40
2550,93,3,752,5,4161,63,50
2551,93,3,753,2,4163,1,20
2552,93,3,754,4,4167,49,40
2553,93,3,755,8,4175,97,80
2554,93,3,756,9,4184,91,90
2555,93,3,757,7,4191,61,70
2556,93,3,758,9,4200,95,90
2557,93,3,759,7,4207,72,70
2558,93,3,760,9,4216,70,90
2559,93,3,761,5,4221,60,50
2560,93,3,762,7,4228,65,70
2561,93,3,763,9,4237,96,90
2562,93,3,764,9,4246,86,90
2563,93,3,765,2,4248,24,20
2564,93,3,766,9,4257,72,90
2565,93,3,767,2,4259,29,20
2566,93,3,768,7,4266,52,70
2567,93,3,769,8,4274,81,80
2568,93,3,770,5,4279,50,50
2569,93,3,771,2,4281,1,20
2570,93,3,772,2,4283,1,20
2571,93,3,773,2,4285,1,20
2572,93,3,774,7,4292,102,70
2573,93,3,775,8,4300,85,80
2574,93,3,776,5,4305,57,50
2575,93,3,777,2,4307,23,20
2576,93,3,778,5,4312,50,50
2577,93,3,779,3,4315,29,30
2578,93,3,780,6,4321,1,60
2579,93,3,781,4,4325,92,40
2580,93,3,782,8,4333,73,80
2581,93,3,783,7,4340,63,70
2582,93,3,784,2,4342,26,20
2583,93,3,785,4,4346,41,40
2584,93,3,786,4,4350,44,40
2585,93,3,787,8,4358,1,80
2586,93,3,788,6,4364,1,60
2587,93,3,789,5,4369,186,50
2588,93,3,790,5,4374,66,50
2589,93,3,791,2,4376,1,20
2590,93,3,792,6,4382,66,60
2591,93,3,793,4,4386,44,40
2592,93,3,794,4,4390,37,40
2593,93,3,795,6,4396,43,60
2594,93,3,796,8,4404,84,80
2595,93,3,797,9,4413,92,90
2596,93,3,798,5,4418,1,50
2597,93,3,799,9,4427,139,90
2598,93,3,800,7,4434,77,70
2599,93,3,801,3,4437,37,30
2600,93,3,802,2,4439,21,20
2601,93,3,803,6,4445,45,60
2602,93,3,804,3,4448,47,30
2603,93,3,805,4,4452,40,40
2604,93,3,806,9,4461,1,90
2605,93,3,807,7,4468,154,70
2606,93,3,808,4,4472,46,40
2607,93,3,809,9,4481,100,90
2608,93,3,810,8,4489,1,80
2609,93,3,811,6,4495,138,60
2610,93,3,812,8,4503,1,80
2611,93,3,813,3,4506,108,30
2612,93,3,814,6,4512,69,60
2613,93,3,815,3,4515,46,30
2614,93,3,816,7,4522,55,70
2615,93,3,817,7,4529,62,70
2616,93,3,818,7,4536,68,70
2617,93,3,819,8,4544,78,80
2618,93,3,820,5,4549,1,50
2619,93,3,821,8,4557,108,80
2620,93,3,822,9,4566,92,90
2621,93,3,823,6,4572,67,60
2622,93,3,824,4,4576,51,40
2623,93,3,825,7,4583,75,70
2624,93,3,826,2,4585,38,20
2625,93,3,827,7,4592,67,70
2626,93,3,828,8,4600,74,80
2627,93,3,829,8,4608,1,80
2628,93,3,830,6,4614,135,60
2629,93,3,831,2,4616,42,20
2630,93,3,832,5,4621,53,50
2631,93,3,833,7,4628,66,70
2632,93,3,834,4,4632,43,40
2633,93,3,835,9,4641,94,90
2634,93,3,836,6,4647,1,60
2635,93,3,837,3,4650,1,30
2636,93,3,838,7,4657,156,70
2637,93,3,839,7,4664,1,70
2638,93,3,840,2,4666,1,20
2639,93,3,841,6,4672,145,60
2640,93,3,842,6,4678,76,60
2641,93,3,843,7,4685,74,70
2642,93,3,844,9,4694,1,90
2643,93,3,845,7,4701,132,70
2644,93,3,846,2,4703,1,20
2645,93,3,847,3,4706,64,30
2646,93,3,848,7,4713,72,70
2647,93,3,849,8,4721,77,80
2648,93,3,850,5,4726,39,50
2649,93,3,851,6,4732,61,60
2650,93,3,852,2,4734,30,20
2651,93,3,853,5,4739,47,50
2652,93,3,854,9,4748,1,90
2653,93,3,855,3,4751,1,30
2654,93,3,856,3,4754,1,30
2655,93,3,857,5,4759,180,50
2656,93,3,858,8,4767,91,80
2657,93,3,859,8,4775,1,80
2658,93,3,860,2,4777,86,20
2659,93,3,861,2,4779,1,20
2660,93,3,862,2,4781,57,20
2661,93,3,863,5,4786,58,50
2662,93,3,864,4,4790,46,40
2663,93,3,865,5,4795,1,50
2664,93,3,866,4,4799,101,40
2665,93,3,867,7,4806,65,70
2666,93,3,868,6,4812,61,60
2667,93,3,869,7,4819,71,70
2668,93,3,870,5,4824,47,50
2669,93,3,871,4,4828,38,40
2670,93,3,872,3,4831,28,30
2671,93,3,873,8,4839,79,80
2672,93,3,874,2,4841,28,20
2673,93,3,875,8,4849,63,80
2674,93,3,876,9,4858,82,90
2675,93,3,877,6,4864,66,60
2676,93,3,878,7,4871,59,70
2677,93,3,879,9,4880,87,90
2678,93,3,880,2,4882,30,20
2679,93,3,881,7,4889,69,70
2680,93,3,882,8,4897,1,80
2681,93,3,883,7,4904,136,70
2682,93,3,884,3,4907,1,30
2683,93,3,885,3,4910,67,30
2684,93,3,886,8,4918,73,80
2685,93,3,887,7,4925,1,70
2686,93,3,888,2,4927,1,20
2687,93,3,889,9,4936,1,90
2688,93,3,890,8,4944,222,80
2689,93,3,891,8,4952,1,80
2690,93,3,892,7,4959,1,70
2691,93,3,893,3,4962,165,30
2692,93,3,894,6,4968,1,60
2693,93,3,895,8,4976,1,80
2694,93,3,896,6,4982,1,60
2695,93,3,897,7,4989,239,70
2696,93,3,898,3,4992,62,30
2697,93,3,899,3,4995,35,30
