,Scenario,Trial,Inspection,Interval,Time,Accumulation,Defects,Rate
0,146,1,1,7,7,60,36,70
1,146,1,2,9,16,118,118,90
2,146,1,3,5,21,51,35,50
3,146,1,4,5,26,62,62,50
4,146,1,5,2,28,25,25,20
5,146,1,6,2,30,20,11,20
6,146,1,7,2,32,30,18,20
7,146,1,8,9,41,101,101,90
8,146,1,9,3,44,42,42,30
9,146,1,10,5,49,52,35,50
10,146,1,11,9,58,100,68,90
11,146,1,12,2,60,53,53,20
12,146,1,13,6,66,65,38,60
13,146,1,14,5,71,81,51,50
14,146,1,15,8,79,96,96,80
15,146,1,16,9,88,104,68,90
16,146,1,17,6,94,98,65,60
17,146,1,18,3,97,57,57,30
18,146,1,19,9,106,86,53,90
19,146,1,20,3,109,58,39,30
20,146,1,21,8,117,91,53,80
21,146,1,22,2,119,60,60,20
22,146,1,23,6,125,59,59,60
23,146,1,24,9,134,94,63,90
24,146,1,25,6,140,87,87,60
25,146,1,26,4,144,39,39,40
26,146,1,27,4,148,35,23,40
27,146,1,28,2,150,39,18,20
28,146,1,29,4,154,59,36,40
29,146,1,30,2,156,41,27,20
30,146,1,31,6,162,69,69,60
31,146,1,32,7,169,59,59,70
32,146,1,33,4,173,34,34,40
33,146,1,34,4,177,47,31,40
34,146,1,35,6,183,67,67,60
35,146,1,36,7,190,68,51,70
36,146,1,37,6,196,74,47,60
37,146,1,38,5,201,83,83,50
38,146,1,39,8,209,72,72,80
39,146,1,40,2,211,22,22,20
40,146,1,41,4,215,35,17,40
41,146,1,42,7,222,93,60,70
42,146,1,43,9,231,138,138,90
43,146,1,44,9,240,89,60,90
44,146,1,45,9,249,117,78,90
45,146,1,46,2,251,63,45,20
46,146,1,47,4,255,61,61,40
47,146,1,48,9,264,104,72,90
48,146,1,49,7,271,106,68,70
49,146,1,50,5,276,94,55,50
50,146,1,51,3,279,60,41,30
51,146,1,52,8,287,98,98,80
52,146,1,53,8,295,60,35,80
53,146,1,54,5,300,74,74,50
54,146,1,55,3,303,26,26,30
55,146,1,56,2,305,21,14,20
56,146,1,57,4,309,41,41,40
57,146,1,58,2,311,26,26,20
58,146,1,59,7,318,70,70,70
59,146,1,60,2,320,20,15,20
60,146,1,61,8,328,89,89,80
61,146,1,62,7,335,70,44,70
62,146,1,63,6,341,93,65,60
63,146,1,64,3,344,58,58,30
64,146,1,65,5,349,55,33,50
65,146,1,66,7,356,98,66,70
66,146,1,67,8,364,112,73,80
67,146,1,68,9,373,131,85,90
68,146,1,69,8,381,129,88,80
69,146,1,70,4,385,90,90,40
70,146,1,71,6,391,75,75,60
71,146,1,72,9,400,73,56,90
72,146,1,73,9,409,111,111,90
73,146,1,74,6,415,65,65,60
74,146,1,75,4,419,43,43,40
75,146,1,76,7,426,75,44,70
76,146,1,77,2,428,54,54,20
77,146,1,78,4,432,45,45,40
78,146,1,79,2,434,15,8,20
79,146,1,80,4,438,38,26,40
80,146,1,81,6,444,84,55,60
81,146,1,82,8,452,124,124,80
82,146,1,83,2,454,20,20,20
83,146,1,84,7,461,68,68,70
84,146,1,85,6,467,64,41,60
85,146,1,86,4,471,55,36,40
86,146,1,87,5,476,70,70,50
87,146,1,88,7,483,74,54,70
88,146,1,89,3,486,32,32,30
89,146,1,90,2,488,22,12,20
90,146,1,91,6,494,67,41,60
91,146,1,92,9,503,107,107,90
92,146,1,93,7,510,60,60,70
93,146,1,94,4,514,40,40,40
94,146,1,95,7,521,61,61,70
95,146,1,96,5,526,38,38,50
96,146,1,97,6,532,58,58,60
97,146,1,98,8,540,64,64,80
98,146,1,99,6,546,55,34,60
99,146,1,100,2,548,43,43,20
100,146,1,101,5,553,56,56,50
101,146,1,102,4,557,36,25,40
102,146,1,103,2,559,30,21,20
103,146,1,104,8,567,93,93,80
104,146,1,105,8,575,84,53,80
105,146,1,106,9,584,121,121,90
106,146,1,107,2,586,17,17,20
107,146,1,108,9,595,92,92,90
108,146,1,109,7,602,74,74,70
109,146,1,110,5,607,45,26,50
110,146,1,111,9,616,132,75,90
111,146,1,112,7,623,130,73,70
112,146,1,113,8,631,148,148,80
113,146,1,114,4,635,46,26,40
114,146,1,115,7,642,92,56,70
115,146,1,116,2,644,49,35,20
116,146,1,117,7,651,79,79,70
117,146,1,118,6,657,58,58,60
118,146,1,119,2,659,20,20,20
119,146,1,120,9,668,82,46,90
120,146,1,121,7,675,107,107,70
121,146,1,122,2,677,15,15,20
122,146,1,123,2,679,22,22,20
123,146,1,124,5,684,52,52,50
124,146,1,125,6,690,64,40,60
125,146,1,126,2,692,40,25,20
126,146,1,127,2,694,31,18,20
127,146,1,128,9,703,113,113,90
128,146,1,129,7,710,69,69,70
129,146,1,130,4,714,42,42,40
130,146,1,131,4,718,36,22,40
131,146,1,132,7,725,85,54,70
132,146,1,133,2,727,50,50,20
133,146,1,134,6,733,68,45,60
134,146,1,135,8,741,103,65,80
135,146,1,136,8,749,114,72,80
136,146,1,137,8,757,116,76,80
137,146,1,138,4,761,84,51,40
138,146,1,139,2,763,56,37,20
139,146,1,140,6,769,83,61,60
140,146,1,141,5,774,57,57,50
141,146,1,142,3,777,31,15,30
142,146,1,143,5,782,48,32,50
143,146,1,144,3,785,49,31,30
144,146,1,145,4,789,60,60,40
145,146,1,146,8,797,80,50,80
146,146,1,147,5,802,71,71,50
147,146,1,148,9,811,104,74,90
148,146,1,149,9,820,129,74,90
149,146,1,150,2,822,70,70,20
150,146,1,151,8,830,74,51,80
151,146,1,152,3,833,50,50,30
152,146,1,153,6,839,48,48,60
153,146,1,154,5,844,63,63,50
154,146,1,155,2,846,20,17,20
155,146,1,156,9,855,99,65,90
156,146,1,157,6,861,89,55,60
157,146,1,158,9,870,116,71,90
158,146,1,159,7,877,125,71,70
159,146,1,160,2,879,75,51,20
160,146,1,161,9,888,110,110,90
161,146,1,162,6,894,58,33,60
162,146,1,163,2,896,42,42,20
163,146,1,164,2,898,18,18,20
164,146,1,165,8,906,98,64,80
165,146,1,166,6,912,103,72,60
166,146,1,167,5,917,85,85,50
167,146,1,168,2,919,21,21,20
168,146,1,169,4,923,46,26,40
169,146,1,170,5,928,64,64,50
170,146,1,171,2,930,21,21,20
171,146,1,172,3,933,32,13,30
172,146,1,173,8,941,116,80,80
173,146,1,174,3,944,69,69,30
174,146,1,175,9,953,82,46,90
175,146,1,176,6,959,85,61,60
176,146,1,177,4,963,72,37,40
177,146,1,178,4,967,78,48,40
178,146,1,179,2,969,44,44,20
179,146,1,180,2,971,22,15,20
180,146,1,181,4,975,53,33,40
181,146,1,182,7,982,82,82,70
182,146,1,183,4,986,47,35,40
183,146,1,184,3,989,46,27,30
184,146,1,185,9,998,117,72,90
185,146,1,186,9,1007,130,74,90
186,146,1,187,8,1015,127,85,80
187,146,1,188,6,1021,116,69,60
188,146,1,189,4,1025,78,78,40
189,146,1,190,4,1029,39,39,40
190,146,1,191,5,1034,53,53,50
191,146,1,192,9,1043,87,87,90
192,146,1,193,4,1047,48,28,40
193,146,1,194,3,1050,51,51,30
194,146,1,195,4,1054,46,46,40
195,146,1,196,7,1061,67,67,70
196,146,1,197,2,1063,27,17,20
197,146,1,198,3,1066,42,42,30
198,146,1,199,5,1071,39,39,50
199,146,1,200,7,1078,58,31,70
200,146,1,201,7,1085,95,59,70
201,146,1,202,3,1088,76,53,30
202,146,1,203,7,1095,78,53,70
203,146,1,204,4,1099,67,41,40
204,146,1,205,8,1107,112,67,80
205,146,1,206,9,1116,134,134,90
206,146,1,207,9,1125,78,78,90
207,146,1,208,6,1131,53,53,60
208,146,1,209,4,1135,28,28,40
209,146,1,210,8,1143,71,43,80
210,146,1,211,7,1150,83,50,70
211,146,1,212,6,1156,90,90,60
212,146,1,213,8,1164,81,81,80
213,146,1,214,4,1168,50,29,40
214,146,1,215,7,1175,82,82,70
215,146,1,216,8,1183,85,85,80
216,146,1,217,2,1185,17,15,20
217,146,1,218,4,1189,31,19,40
218,146,1,219,6,1195,69,69,60
219,146,1,220,4,1199,33,33,40
220,146,1,221,3,1202,34,16,30
221,146,1,222,2,1204,32,32,20
222,146,1,223,5,1209,52,34,50
223,146,1,224,9,1218,106,106,90
224,146,1,225,4,1222,42,42,40
225,146,1,226,9,1231,98,98,90
226,146,1,227,5,1236,51,36,50
227,146,1,228,9,1245,94,94,90
228,146,1,229,3,1248,23,14,30
229,146,1,230,3,1251,41,41,30
230,146,1,231,3,1254,41,22,30
231,146,1,232,5,1259,55,55,50
232,146,1,233,4,1263,35,35,40
233,146,1,234,3,1266,35,21,30
234,146,1,235,4,1270,61,61,40
235,146,1,236,2,1272,11,5,20
236,146,1,237,4,1276,41,41,40
237,146,1,238,6,1282,55,41,60
238,146,1,239,5,1287,58,58,50
239,146,1,240,9,1296,94,63,90
240,146,1,241,5,1301,79,43,50
241,146,1,242,5,1306,91,60,50
242,146,1,243,9,1315,127,76,90
243,146,1,244,8,1323,129,129,80
244,146,1,245,5,1328,52,36,50
245,146,1,246,7,1335,70,52,70
246,146,1,247,4,1339,55,40,40
247,146,1,248,3,1342,47,47,30
248,146,1,249,5,1347,45,28,50
249,146,1,250,9,1356,116,72,90
250,146,1,251,3,1359,79,49,30
251,146,1,252,5,1364,81,55,50
252,146,1,253,4,1368,71,40,40
253,146,1,254,9,1377,117,117,90
254,146,1,255,7,1384,63,41,70
255,146,1,256,4,1388,53,29,40
256,146,1,257,4,1392,62,41,40
257,146,1,258,3,1395,58,58,30
258,146,1,259,9,1404,88,88,90
259,146,1,260,9,1413,103,65,90
260,146,1,261,9,1422,113,113,90
261,146,1,262,6,1428,65,65,60
262,146,1,263,3,1431,34,34,30
263,146,1,264,8,1439,99,61,80
264,146,1,265,2,1441,53,53,20
265,146,1,266,8,1449,81,55,80
266,146,1,267,7,1456,92,92,70
267,146,1,268,7,1463,59,41,70
268,146,1,269,5,1468,68,43,50
269,146,1,270,6,1474,97,61,60
270,146,1,271,5,1479,93,93,50
271,146,1,272,4,1483,29,29,40
272,146,1,273,7,1490,79,51,70
273,146,1,274,7,1497,110,79,70
274,146,1,275,8,1505,97,65,80
275,146,1,276,5,1510,90,63,50
276,146,1,277,5,1515,77,77,50
277,146,1,278,4,1519,31,24,40
278,146,1,279,3,1522,50,33,30
279,146,1,280,5,1527,65,39,50
280,146,1,281,7,1534,74,74,70
281,146,1,282,2,1536,16,16,20
282,146,1,283,8,1544,86,46,80
283,146,1,284,7,1551,98,98,70
284,146,1,285,8,1559,93,93,80
285,146,1,286,7,1566,76,57,70
286,146,1,287,7,1573,99,60,70
287,146,1,288,2,1575,74,74,20
288,146,1,289,9,1584,93,93,90
289,146,1,290,7,1591,77,51,70
290,146,1,291,4,1595,68,68,40
291,146,1,292,5,1600,37,37,50
292,146,1,293,8,1608,93,59,80
293,146,1,294,8,1616,120,120,80
294,146,1,295,5,1621,51,32,50
295,146,1,296,8,1629,106,61,80
296,146,1,297,5,1634,101,101,50
297,146,1,298,9,1643,83,47,90
298,146,1,299,4,1647,63,38,40
299,146,1,300,8,1655,96,96,80
300,146,1,301,7,1662,71,71,70
301,146,1,302,2,1664,17,17,20
302,146,1,303,2,1666,21,15,20
303,146,1,304,5,1671,62,37,50
304,146,1,305,5,1676,70,49,50
305,146,1,306,8,1684,96,96,80
306,146,1,307,7,1691,75,49,70
307,146,1,308,7,1698,115,78,70
308,146,1,309,5,1703,94,63,50
309,146,1,310,2,1705,45,45,20
310,146,1,311,6,1711,65,42,60
311,146,1,312,3,1714,60,48,30
312,146,1,313,4,1718,45,32,40
313,146,1,314,9,1727,99,63,90
314,146,1,315,4,1731,69,42,40
315,146,1,316,5,1736,76,52,50
316,146,1,317,5,1741,80,80,50
317,146,1,318,5,1746,51,51,50
318,146,1,319,3,1749,26,17,30
319,146,1,320,8,1757,79,79,80
320,146,1,321,4,1761,44,44,40
321,146,1,322,6,1767,59,37,60
322,146,1,323,5,1772,73,45,50
323,146,1,324,4,1776,70,45,40
324,146,1,325,7,1783,96,66,70
325,146,1,326,5,1788,84,84,50
326,146,1,327,7,1795,71,48,70
327,146,1,328,8,1803,90,54,80
328,146,1,329,5,1808,92,92,50
329,146,1,330,3,1811,28,17,30
330,146,1,331,7,1818,59,59,70
331,146,1,332,8,1826,94,64,80
332,146,1,333,3,1829,62,62,30
333,146,1,334,9,1838,91,91,90
334,146,1,335,7,1845,81,54,70
335,146,1,336,2,1847,40,40,20
336,146,1,337,2,1849,15,15,20
337,146,1,338,2,1851,17,17,20
338,146,1,339,6,1857,40,26,60
339,146,1,340,9,1866,106,64,90
340,146,1,341,4,1870,71,38,40
341,146,1,342,5,1875,87,51,50
342,146,1,343,4,1879,81,44,40
343,146,1,344,6,1885,89,57,60
344,146,1,345,4,1889,79,52,40
345,146,1,346,3,1892,67,41,30
346,146,1,347,9,1901,105,72,90
347,146,1,348,3,1904,71,40,30
348,146,1,349,5,1909,91,67,50
349,146,1,350,5,1914,77,77,50
350,146,1,351,3,1917,37,21,30
351,146,1,352,8,1925,94,64,80
352,146,1,353,3,1928,73,57,30
353,146,1,354,8,1936,96,59,80
354,146,1,355,2,1938,56,56,20
355,146,1,356,9,1947,98,98,90
356,146,1,357,7,1954,67,45,70
357,146,1,358,9,1963,123,77,90
358,146,1,359,7,1970,123,77,70
359,146,1,360,5,1975,98,69,50
360,146,1,361,7,1982,106,65,70
361,146,1,362,7,1989,106,65,70
362,146,1,363,2,1991,58,32,20
363,146,1,364,8,1999,116,70,80
364,146,1,365,9,2008,152,108,90
365,146,1,366,6,2014,110,72,60
366,146,1,367,2,2016,57,57,20
367,146,1,368,2,2018,21,13,20
368,146,1,369,8,2026,86,54,80
369,146,1,370,6,2032,96,54,60
370,146,1,371,6,2038,108,74,60
371,146,1,372,5,2043,89,89,50
372,146,1,373,7,2050,62,62,70
373,146,1,374,5,2055,53,34,50
374,146,1,375,4,2059,44,23,40
375,146,1,376,3,2062,53,34,30
376,146,1,377,2,2064,30,30,20
377,146,1,378,3,2067,33,24,30
378,146,1,379,2,2069,26,17,20
379,146,1,380,2,2071,27,15,20
380,146,1,381,6,2077,66,66,60
381,146,1,382,7,2084,71,71,70
382,146,1,383,2,2086,16,16,20
383,146,1,384,3,2089,41,41,30
384,146,1,385,8,2097,71,44,80
385,146,1,386,8,2105,113,71,80
386,146,1,387,3,2108,75,57,30
387,146,1,388,6,2114,79,50,60
388,146,1,389,3,2117,68,46,30
389,146,1,390,6,2123,86,86,60
390,146,1,391,5,2128,50,50,50
391,146,1,392,2,2130,22,22,20
392,146,1,393,8,2138,88,57,80
393,146,1,394,5,2143,86,54,50
394,146,1,395,4,2147,69,49,40
395,146,1,396,9,2156,121,121,90
396,146,1,397,7,2163,77,49,70
397,146,1,398,4,2167,61,30,40
398,146,1,399,9,2176,110,68,90
399,146,1,400,5,2181,85,85,50
400,146,1,401,5,2186,50,33,50
401,146,1,402,2,2188,35,35,20
402,146,1,403,6,2194,59,36,60
403,146,1,404,5,2199,76,51,50
404,146,1,405,6,2205,75,53,60
405,146,1,406,3,2208,55,31,30
406,146,1,407,2,2210,39,39,20
407,146,1,408,6,2216,73,44,60
408,146,1,409,8,2224,114,74,80
409,146,1,410,2,2226,60,39,20
410,146,1,411,9,2235,101,101,90
411,146,1,412,8,2243,78,43,80
412,146,1,413,4,2247,69,69,40
413,146,1,414,4,2251,33,33,40
414,146,1,415,7,2258,66,66,70
415,146,1,416,9,2267,81,81,90
416,146,1,417,8,2275,78,45,80
417,146,1,418,8,2283,106,66,80
418,146,1,419,9,2292,115,115,90
419,146,1,420,9,2301,93,71,90
420,146,1,421,5,2306,72,72,50
421,146,1,422,5,2311,54,54,50
422,146,1,423,4,2315,40,23,40
423,146,1,424,7,2322,73,45,70
424,146,1,425,9,2331,134,134,90
425,146,1,426,5,2336,62,43,50
426,146,1,427,8,2344,102,102,80
427,146,1,428,8,2352,78,52,80
428,146,1,429,5,2357,74,51,50
429,146,1,430,8,2365,122,87,80
430,146,1,431,9,2374,132,85,90
431,146,1,432,8,2382,126,126,80
432,146,1,433,9,2391,79,40,90
433,146,1,434,5,2396,93,56,50
434,146,1,435,5,2401,93,93,50
435,146,1,436,7,2408,73,73,70
436,146,1,437,6,2414,65,43,60
437,146,1,438,5,2419,75,48,50
438,146,1,439,9,2428,129,92,90
439,146,1,440,4,2432,71,41,40
440,146,1,441,7,2439,105,68,70
441,146,1,442,3,2442,68,35,30
442,146,1,443,6,2448,92,92,60
443,146,1,444,3,2451,26,16,30
444,146,1,445,8,2459,83,83,80
445,146,1,446,9,2468,79,79,90
446,146,1,447,6,2474,62,62,60
447,146,1,448,5,2479,50,50,50
448,146,1,449,2,2481,19,19,20
449,146,1,450,3,2484,30,19,30
450,146,1,451,2,2486,24,15,20
451,146,1,452,3,2489,44,44,30
452,146,1,453,6,2495,53,31,60
453,146,1,454,2,2497,41,26,20
454,146,1,455,7,2504,90,51,70
455,146,1,456,6,2510,98,98,60
456,146,1,457,7,2517,74,74,70
457,146,1,458,7,2524,80,53,70
458,146,1,459,6,2530,94,94,60
459,146,1,460,7,2537,77,77,70
460,146,1,461,2,2539,16,10,20
461,146,1,462,5,2544,61,38,50
462,146,1,463,3,2547,62,35,30
463,146,1,464,3,2550,62,40,30
464,146,1,465,7,2557,97,60,70
465,146,1,466,9,2566,138,85,90
466,146,1,467,7,2573,131,131,70
467,146,1,468,4,2577,40,29,40
468,146,1,469,9,2586,87,61,90
469,146,1,470,6,2592,84,53,60
470,146,1,471,8,2600,111,111,80
471,146,1,472,9,2609,101,67,90
472,146,1,473,5,2614,79,49,50
473,146,1,474,4,2618,63,63,40
474,146,1,475,7,2625,69,69,70
475,146,1,476,8,2633,78,54,80
476,146,1,477,8,2641,111,111,80
477,146,1,478,2,2643,24,16,20
478,146,1,479,7,2650,66,42,70
479,146,1,480,8,2658,98,55,80
480,146,1,481,5,2663,87,56,50
481,146,1,482,3,2666,62,41,30
482,146,1,483,6,2672,64,64,60
483,146,1,484,9,2681,75,75,90
484,146,1,485,9,2690,91,91,90
485,146,1,486,4,2694,35,22,40
486,146,1,487,6,2700,62,42,60
487,146,1,488,4,2704,58,58,40
488,146,1,489,5,2709,38,18,50
489,146,1,490,5,2714,67,67,50
490,146,1,491,3,2717,30,30,30
491,146,1,492,8,2725,83,83,80
492,146,1,493,3,2728,37,21,30
493,146,1,494,6,2734,71,45,60
494,146,1,495,6,2740,75,46,60
495,146,1,496,7,2747,104,65,70
496,146,1,497,5,2752,85,53,50
497,146,1,498,7,2759,114,78,70
498,146,1,499,5,2764,92,69,50
499,146,1,500,2,2766,36,23,20
500,146,1,501,5,2771,51,26,50
501,146,1,502,4,2775,61,38,40
502,146,1,503,4,2779,73,56,40
503,146,1,504,5,2784,67,43,50
504,146,1,505,3,2787,59,59,30
505,146,1,506,6,2793,70,36,60
506,146,1,507,9,2802,120,71,90
507,146,1,508,9,2811,137,137,90
508,146,1,509,7,2818,76,54,70
509,146,1,510,7,2825,86,55,70
510,146,1,511,4,2829,75,42,40
511,146,1,512,3,2832,65,36,30
512,146,1,513,5,2837,74,53,50
513,146,1,514,5,2842,70,50,50
514,146,1,515,7,2849,103,103,70
515,146,1,516,6,2855,55,55,60
516,146,1,517,4,2859,32,32,40
517,146,1,518,6,2865,51,33,60
518,146,1,519,5,2870,57,34,50
519,146,1,520,6,2876,86,59,60
520,146,1,521,8,2884,102,73,80
521,146,1,522,8,2892,118,72,80
522,146,1,523,7,2899,97,60,70
523,146,1,524,8,2907,115,72,80
524,146,1,525,7,2914,115,84,70
525,146,1,526,3,2917,59,59,30
526,146,1,527,4,2921,33,33,40
527,146,1,528,2,2923,15,9,20
528,146,1,529,4,2927,52,32,40
529,146,1,530,5,2932,68,43,50
530,146,1,531,3,2935,58,34,30
531,146,1,532,2,2937,38,26,20
532,146,1,533,2,2939,30,30,20
533,146,1,534,5,2944,55,37,50
534,146,1,535,2,2946,40,40,20
535,146,1,536,5,2951,50,50,50
536,146,1,537,9,2960,94,94,90
537,146,1,538,7,2967,66,44,70
538,146,1,539,8,2975,89,62,80
539,146,1,540,3,2978,46,46,30
540,146,1,541,8,2986,83,83,80
541,146,1,542,5,2991,49,29,50
542,146,1,543,4,2995,61,38,40
543,146,1,544,3,2998,55,33,30
544,146,1,545,5,3003,77,77,50
545,146,1,546,7,3010,75,48,70
546,146,1,547,3,3013,67,67,30
547,146,1,548,4,3017,40,40,40
548,146,1,549,5,3022,48,48,50
549,146,1,550,7,3029,90,60,70
550,146,1,551,2,3031,58,40,20
551,146,1,552,5,3036,64,38,50
552,146,1,553,2,3038,51,36,20
553,146,1,554,4,3042,51,33,40
554,146,1,555,2,3044,38,38,20
555,146,1,556,6,3050,53,34,60
556,146,1,557,4,3054,52,42,40
557,146,1,558,2,3056,34,23,20
558,146,1,559,3,3059,34,22,30
559,146,1,560,5,3064,68,68,50
560,146,1,561,7,3071,83,83,70
561,146,1,562,8,3079,94,94,80
562,146,1,563,5,3084,48,31,50
563,146,1,564,7,3091,101,63,70
564,146,1,565,3,3094,69,69,30
565,146,1,566,6,3100,65,65,60
566,146,1,567,7,3107,80,80,70
567,146,1,568,7,3114,68,68,70
568,146,1,569,4,3118,29,20,40
569,146,1,570,3,3121,35,22,30
570,146,1,571,3,3124,41,24,30
571,146,1,572,3,3127,47,34,30
572,146,1,573,2,3129,27,15,20
573,146,1,574,9,3138,88,88,90
574,146,1,575,7,3145,47,24,70
575,146,1,576,6,3151,91,59,60
576,146,1,577,4,3155,71,51,40
577,146,1,578,3,3158,48,35,30
578,146,1,579,8,3166,92,92,80
579,146,1,580,7,3173,77,48,70
580,146,1,581,8,3181,112,112,80
581,146,1,582,3,3184,36,19,30
582,146,1,583,5,3189,58,38,50
583,146,1,584,7,3196,82,51,70
584,146,1,585,2,3198,49,49,20
585,146,1,586,9,3207,96,96,90
586,146,1,587,8,3215,74,51,80
587,146,1,588,2,3217,46,26,20
588,146,1,589,9,3226,110,73,90
589,146,1,590,4,3230,77,77,40
590,146,1,591,8,3238,87,87,80
591,146,1,592,4,3242,33,33,40
592,146,1,593,7,3249,65,65,70
593,146,1,594,6,3255,76,47,60
594,146,1,595,2,3257,44,32,20
595,146,1,596,5,3262,59,59,50
596,146,1,597,8,3270,78,78,80
597,146,1,598,9,3279,78,78,90
598,146,1,599,4,3283,42,28,40
599,146,1,600,9,3292,111,111,90
600,146,1,601,5,3297,54,40,50
601,146,1,602,4,3301,56,56,40
602,146,1,603,8,3309,89,89,80
603,146,1,604,8,3317,74,74,80
604,146,1,605,4,3321,40,40,40
605,146,1,606,5,3326,52,33,50
606,146,1,607,5,3331,62,62,50
607,146,1,608,9,3340,89,56,90
608,146,1,609,3,3343,58,37,30
609,146,1,610,3,3346,41,29,30
610,146,1,611,4,3350,57,41,40
611,146,1,612,8,3358,95,95,80
612,146,1,613,2,3360,15,11,20
613,146,1,614,2,3362,29,22,20
614,146,1,615,4,3366,47,30,40
615,146,1,616,7,3373,84,53,70
616,146,1,617,7,3380,119,119,70
617,146,1,618,9,3389,88,57,90
618,146,1,619,7,3396,92,92,70
619,146,1,620,7,3403,68,45,70
620,146,1,621,2,3405,46,46,20
621,146,1,622,9,3414,107,66,90
622,146,1,623,2,3416,68,68,20
623,146,1,624,7,3423,73,73,70
624,146,1,625,7,3430,75,54,70
625,146,1,626,2,3432,34,34,20
626,146,1,627,2,3434,19,15,20
627,146,1,628,9,3443,112,65,90
628,146,1,629,8,3451,116,75,80
629,146,1,630,7,3458,111,111,70
630,146,1,631,4,3462,59,42,40
631,146,1,632,6,3468,66,66,60
632,146,1,633,6,3474,66,66,60
633,146,1,634,5,3479,48,48,50
634,146,1,635,2,3481,16,16,20
635,146,1,636,3,3484,28,17,30
636,146,1,637,8,3492,81,81,80
637,146,1,638,2,3494,16,16,20
638,146,1,639,3,3497,26,15,30
639,146,1,640,5,3502,59,59,50
640,146,1,641,2,3504,16,11,20
641,146,1,642,5,3509,47,28,50
642,146,1,643,5,3514,67,67,50
643,146,1,644,9,3523,107,107,90
644,146,1,645,2,3525,19,19,20
645,146,1,646,4,3529,38,22,40
646,146,1,647,2,3531,33,33,20
647,146,1,648,9,3540,70,41,90
648,146,1,649,8,3548,85,54,80
649,146,1,650,2,3550,47,28,20
650,146,1,651,3,3553,49,36,30
651,146,1,652,4,3557,57,37,40
652,146,1,653,5,3562,71,71,50
653,146,1,654,9,3571,82,46,90
654,146,1,655,5,3576,83,53,50
655,146,1,656,4,3580,74,40,40
656,146,1,657,2,3582,61,61,20
657,146,1,658,5,3587,49,24,50
658,146,1,659,7,3594,100,100,70
659,146,1,660,6,3600,54,54,60
660,146,1,661,8,3608,89,89,80
661,146,1,662,6,3614,68,68,60
662,146,1,663,5,3619,50,50,50
663,146,1,664,6,3625,51,38,60
664,146,1,665,3,3628,33,23,30
665,146,1,666,3,3631,36,24,30
666,146,1,667,9,3640,110,74,90
667,146,1,668,2,3642,58,58,20
668,146,1,669,7,3649,86,58,70
669,146,1,670,7,3656,100,60,70
670,146,1,671,3,3659,76,50,30
671,146,1,672,5,3664,71,71,50
672,146,1,673,7,3671,67,67,70
673,146,1,674,6,3677,67,40,60
674,146,1,675,2,3679,48,48,20
675,146,1,676,8,3687,74,49,80
676,146,1,677,9,3696,106,70,90
677,146,1,678,5,3701,98,61,50
678,146,1,679,5,3706,106,75,50
679,146,1,680,7,3713,97,57,70
680,146,1,681,3,3716,69,40,30
681,146,1,682,8,3724,105,62,80
682,146,1,683,7,3731,105,63,70
683,146,1,684,8,3739,131,90,80
684,146,1,685,4,3743,75,52,40
685,146,1,686,9,3752,115,115,90
686,146,1,687,9,3761,103,65,90
687,146,1,688,2,3763,68,40,20
688,146,1,689,6,3769,84,84,60
689,146,1,690,9,3778,107,66,90
690,146,1,691,8,3786,120,120,80
691,146,1,692,6,3792,58,39,60
692,146,1,693,7,3799,93,93,70
693,146,1,694,4,3803,42,42,40
694,146,1,695,8,3811,81,81,80
695,146,1,696,6,3817,77,77,60
696,146,1,697,4,3821,33,16,40
697,146,1,698,2,3823,30,19,20
698,146,1,699,4,3827,60,37,40
699,146,1,700,2,3829,46,23,20
700,146,1,701,9,3838,119,77,90
701,146,1,702,2,3840,62,40,20
702,146,1,703,6,3846,74,74,60
703,146,1,704,5,3851,56,42,50
704,146,1,705,4,3855,52,52,40
705,146,1,706,2,3857,18,18,20
706,146,1,707,8,3865,92,92,80
707,146,1,708,8,3873,98,63,80
708,146,1,709,9,3882,124,124,90
709,146,1,710,3,3885,37,24,30
710,146,1,711,4,3889,54,41,40
711,146,1,712,4,3893,51,51,40
712,146,1,713,2,3895,32,18,20
713,146,1,714,5,3900,63,63,50
714,146,1,715,9,3909,102,71,90
715,146,1,716,8,3917,107,70,80
716,146,1,717,5,3922,74,74,50
717,146,1,718,3,3925,37,37,30
718,146,1,719,2,3927,18,7,20
719,146,1,720,9,3936,109,82,90
720,146,1,721,3,3939,53,32,30
721,146,1,722,9,3948,119,119,90
722,146,1,723,4,3952,45,32,40
723,146,1,724,6,3958,64,64,60
724,146,1,725,4,3962,39,19,40
725,146,1,726,3,3965,54,34,30
726,146,1,727,2,3967,44,26,20
727,146,1,728,8,3975,98,58,80
728,146,1,729,3,3978,74,49,30
729,146,1,730,2,3980,44,29,20
730,146,1,731,3,3983,40,40,30
731,146,1,732,6,3989,46,46,60
732,146,1,733,9,3998,84,53,90
733,146,1,734,3,4001,63,35,30
734,146,1,735,8,4009,106,75,80
735,146,1,736,9,4018,116,116,90
736,146,1,737,6,4024,60,60,60
737,146,1,738,6,4030,62,62,60
738,146,1,739,5,4035,70,45,50
739,146,1,740,8,4043,113,76,80
740,146,1,741,6,4049,109,109,60
741,146,1,742,9,4058,85,55,90
742,146,1,743,2,4060,52,35,20
743,146,1,744,2,4062,31,21,20
744,146,1,745,6,4068,72,46,60
745,146,1,746,5,4073,75,56,50
746,146,1,747,8,4081,107,78,80
747,146,1,748,2,4083,42,26,20
748,146,1,749,8,4091,98,50,80
749,146,1,750,9,4100,118,76,90
750,146,1,751,9,4109,131,131,90
751,146,1,752,9,4118,92,59,90
752,146,1,753,9,4127,113,66,90
753,146,1,754,4,4131,93,60,40
754,146,1,755,9,4140,120,82,90
755,146,1,756,6,4146,90,50,60
756,146,1,757,2,4148,64,38,20
757,146,1,758,8,4156,106,106,80
758,146,1,759,3,4159,33,17,30
759,146,1,760,2,4161,46,46,20
760,146,1,761,9,4170,92,71,90
761,146,1,762,7,4177,87,60,70
762,146,1,763,6,4183,87,63,60
763,146,1,764,5,4188,73,47,50
764,146,1,765,6,4194,88,57,60
765,146,1,766,2,4196,41,29,20
766,146,1,767,6,4202,67,48,60
767,146,1,768,2,4204,35,22,20
768,146,1,769,7,4211,80,80,70
769,146,1,770,2,4213,24,15,20
770,146,1,771,8,4221,85,60,80
771,146,1,772,2,4223,44,44,20
772,146,1,773,5,4228,43,43,50
773,146,1,774,9,4237,94,55,90
774,146,1,775,6,4243,92,62,60
775,146,1,776,4,4247,76,51,40
776,146,1,777,2,4249,44,44,20
777,146,1,778,7,4256,66,47,70
778,146,1,779,2,4258,34,21,20
779,146,1,780,6,4264,72,72,60
780,146,1,781,4,4268,36,36,40
781,146,1,782,2,4270,12,8,20
782,146,1,783,5,4275,46,25,50
783,146,1,784,7,4282,94,94,70
784,146,1,785,7,4289,84,84,70
785,146,1,786,5,4294,44,28,50
786,146,1,787,7,4301,82,52,70
787,146,1,788,4,4305,71,49,40
788,146,1,789,7,4312,91,91,70
789,146,1,790,5,4317,59,59,50
790,146,1,791,9,4326,93,93,90
791,146,1,792,2,4328,20,20,20
792,146,1,793,9,4337,98,98,90
793,146,1,794,6,4343,54,31,60
794,146,1,795,9,4352,99,99,90
795,146,1,796,8,4360,78,39,80
796,146,1,797,2,4362,62,43,20
797,146,1,798,8,4370,92,92,80
798,146,1,799,9,4379,102,102,90
799,146,1,800,5,4384,52,52,50
800,146,1,801,6,4390,58,58,60
801,146,1,802,4,4394,25,25,40
802,146,1,803,6,4400,57,57,60
803,146,1,804,6,4406,55,32,60
804,146,1,805,7,4413,113,113,70
805,146,1,806,5,4418,54,38,50
806,146,1,807,3,4421,44,44,30
807,146,1,808,4,4425,35,21,40
808,146,1,809,7,4432,93,64,70
809,146,1,810,4,4436,69,39,40
810,146,1,811,7,4443,110,75,70
811,146,1,812,7,4450,110,75,70
812,146,1,813,9,4459,123,123,90
813,146,1,814,3,4462,32,18,30
814,146,1,815,5,4467,66,36,50
815,146,1,816,4,4471,58,35,40
816,146,1,817,4,4475,65,41,40
817,146,1,818,8,4483,116,116,80
818,146,1,819,7,4490,65,49,70
819,146,1,820,5,4495,57,30,50
820,146,1,821,8,4503,100,67,80
821,146,1,822,4,4507,71,48,40
822,146,1,823,4,4511,62,62,40
823,146,1,824,5,4516,45,23,50
824,146,1,825,5,4521,85,53,50
825,146,1,826,4,4525,73,41,40
826,146,1,827,8,4533,106,75,80
827,146,1,828,8,4541,113,113,80
828,146,1,829,7,4548,72,72,70
829,146,1,830,3,4551,26,26,30
830,146,1,831,3,4554,25,16,30
831,146,1,832,7,4561,76,76,70
832,146,1,833,8,4569,90,54,80
833,146,1,834,9,4578,124,124,90
834,146,1,835,4,4582,43,22,40
835,146,1,836,3,4585,44,26,30
836,146,1,837,3,4588,45,26,30
837,146,1,838,5,4593,64,40,50
838,146,1,839,6,4599,74,52,60
839,146,1,840,5,4604,74,40,50
840,146,1,841,2,4606,54,33,20
841,146,1,842,2,4608,43,43,20
842,146,1,843,3,4611,26,18,30
843,146,1,844,6,4617,60,32,60
844,146,1,845,2,4619,53,41,20
845,146,1,846,3,4622,46,46,30
846,146,1,847,3,4625,40,40,30
847,146,1,848,2,4627,27,18,20
848,146,1,849,7,4634,93,58,70
849,146,1,850,6,4640,99,99,60
850,146,1,851,9,4649,106,106,90
851,146,1,852,3,4652,32,23,30
852,146,1,853,6,4658,82,50,60
853,146,1,854,9,4667,127,88,90
854,146,1,855,4,4671,74,48,40
855,146,1,856,9,4680,130,130,90
856,146,1,857,3,4683,31,31,30
857,146,1,858,6,4689,53,40,60
858,146,1,859,3,4692,45,45,30
859,146,1,860,8,4700,80,80,80
860,146,1,861,6,4706,55,37,60
861,146,1,862,7,4713,90,90,70
862,146,1,863,8,4721,84,52,80
863,146,1,864,3,4724,69,48,30
864,146,1,865,4,4728,61,36,40
865,146,1,866,7,4735,87,60,70
866,146,1,867,3,4738,52,52,30
867,146,1,868,5,4743,58,36,50
868,146,1,869,3,4746,52,34,30
869,146,1,870,9,4755,88,88,90
870,146,1,871,7,4762,57,57,70
871,146,1,872,6,4768,61,43,60
872,146,1,873,2,4770,35,23,20
873,146,1,874,5,4775,64,46,50
874,146,1,875,2,4777,33,19,20
875,146,1,876,2,4779,28,19,20
876,146,1,877,6,4785,69,69,60
877,146,1,878,2,4787,23,23,20
878,146,1,879,2,4789,22,14,20
879,146,1,880,4,4793,43,27,40
880,146,1,881,4,4797,53,27,40
881,146,1,882,5,4802,70,70,50
882,146,1,883,2,4804,20,13,20
883,146,1,884,7,4811,85,85,70
884,146,1,885,6,4817,69,47,60
885,146,1,886,9,4826,112,68,90
886,146,1,887,3,4829,79,54,30
887,146,1,888,6,4835,80,80,60
888,146,1,889,9,4844,80,48,90
889,146,1,890,9,4853,122,122,90
890,146,1,891,7,4860,66,42,70
891,146,1,892,6,4866,87,59,60
892,146,1,893,3,4869,52,34,30
893,146,1,894,6,4875,82,82,60
894,146,1,895,7,4882,77,55,70
895,146,1,896,3,4885,53,33,30
896,146,1,897,5,4890,73,42,50
897,146,1,898,6,4896,92,57,60
898,146,1,899,5,4901,77,77,50
899,146,1,900,9,4910,102,61,90
900,146,1,901,8,4918,143,99,80
901,146,1,902,8,4926,136,77,80
902,146,1,903,3,4929,81,81,30
903,146,1,904,8,4937,73,37,80
904,146,1,905,2,4939,53,39,20
905,146,1,906,5,4944,60,60,50
906,146,1,907,3,4947,33,33,30
907,146,1,908,6,4953,59,59,60
908,146,1,909,7,4960,67,42,70
909,146,1,910,4,4964,74,74,40
910,146,1,911,3,4967,36,36,30
911,146,1,912,7,4974,78,78,70
912,146,1,913,9,4983,88,88,90
913,146,1,914,2,4985,15,10,20
914,146,1,915,3,4988,38,23,30
915,146,1,916,3,4991,31,21,30
916,146,1,917,4,4995,38,22,40
917,146,1,918,2,4997,40,23,20
918,146,2,1,7,7,75,50,70
919,146,2,2,9,16,109,109,90
920,146,2,3,8,24,73,73,80
921,146,2,4,6,30,48,32,60
922,146,2,5,5,35,75,49,50
923,146,2,6,9,44,125,125,90
924,146,2,7,9,53,89,61,90
925,146,2,8,8,61,101,101,80
926,146,2,9,3,64,27,27,30
927,146,2,10,7,71,81,42,70
928,146,2,11,6,77,101,101,60
929,146,2,12,7,84,74,46,70
930,146,2,13,8,92,101,65,80
931,146,2,14,4,96,71,71,40
932,146,2,15,7,103,72,48,70
933,146,2,16,2,105,40,22,20
934,146,2,17,9,114,114,114,90
935,146,2,18,3,117,28,28,30
936,146,2,19,5,122,48,48,50
937,146,2,20,9,131,80,51,90
938,146,2,21,9,140,113,75,90
939,146,2,22,5,145,102,60,50
940,146,2,23,9,154,122,122,90
941,146,2,24,3,157,43,22,30
942,146,2,25,3,160,48,30,30
943,146,2,26,8,168,94,94,80
944,146,2,27,5,173,51,31,50
945,146,2,28,7,180,95,95,70
946,146,2,29,3,183,37,23,30
947,146,2,30,8,191,100,69,80
948,146,2,31,2,193,52,52,20
949,146,2,32,7,200,77,57,70
950,146,2,33,7,207,83,54,70
951,146,2,34,7,214,98,64,70
952,146,2,35,7,221,100,58,70
953,146,2,36,6,227,96,96,60
954,146,2,37,9,236,97,97,90
955,146,2,38,6,242,63,40,60
956,146,2,39,9,251,138,138,90
957,146,2,40,7,258,79,56,70
958,146,2,41,2,260,46,33,20
959,146,2,42,3,263,39,25,30
960,146,2,43,2,265,29,29,20
961,146,2,44,7,272,68,47,70
962,146,2,45,8,280,95,65,80
963,146,2,46,9,289,114,75,90
964,146,2,47,4,293,86,55,40
965,146,2,48,5,298,86,67,50
966,146,2,49,3,301,49,29,30
967,146,2,50,4,305,64,64,40
968,146,2,51,9,314,97,57,90
969,146,2,52,2,316,66,66,20
970,146,2,53,7,323,73,44,70
971,146,2,54,8,331,122,122,80
972,146,2,55,6,337,61,38,60
973,146,2,56,5,342,66,66,50
974,146,2,57,5,347,41,28,50
975,146,2,58,2,349,41,27,20
976,146,2,59,8,357,99,99,80
977,146,2,60,6,363,67,44,60
978,146,2,61,3,366,56,56,30
979,146,2,62,5,371,38,28,50
980,146,2,63,7,378,65,38,70
981,146,2,64,8,386,104,104,80
982,146,2,65,9,395,79,53,90
983,146,2,66,3,398,69,45,30
984,146,2,67,9,407,141,141,90
985,146,2,68,3,410,28,17,30
986,146,2,69,3,413,36,36,30
987,146,2,70,2,415,11,11,20
988,146,2,71,4,419,50,30,40
989,146,2,72,4,423,71,40,40
990,146,2,73,5,428,78,78,50
991,146,2,74,9,437,100,100,90
992,146,2,75,9,446,83,53,90
993,146,2,76,8,454,111,67,80
994,146,2,77,2,456,68,43,20
995,146,2,78,6,462,81,81,60
996,146,2,79,2,464,30,22,20
997,146,2,80,4,468,52,34,40
998,146,2,81,5,473,70,40,50
999,146,2,82,7,480,105,79,70
1000,146,2,83,7,487,88,54,70
1001,146,2,84,8,495,114,114,80
1002,146,2,85,6,501,62,37,60
1003,146,2,86,5,506,81,48,50
1004,146,2,87,8,514,111,68,80
1005,146,2,88,4,518,81,46,40
1006,146,2,89,6,524,99,73,60
1007,146,2,90,3,527,50,35,30
1008,146,2,91,8,535,107,67,80
1009,146,2,92,2,537,60,40,20
1010,146,2,93,3,540,57,34,30
1011,146,2,94,9,549,118,71,90
1012,146,2,95,3,552,72,42,30
1013,146,2,96,3,555,57,37,30
1014,146,2,97,3,558,43,43,30
1015,146,2,98,6,564,56,34,60
1016,146,2,99,6,570,84,84,60
1017,146,2,100,6,576,47,47,60
1018,146,2,101,4,580,44,27,40
1019,146,2,102,5,585,67,67,50
1020,146,2,103,3,588,25,25,30
1021,146,2,104,4,592,46,46,40
1022,146,2,105,6,598,54,36,60
1023,146,2,106,9,607,96,96,90
1024,146,2,107,5,612,54,32,50
1025,146,2,108,4,616,72,36,40
1026,146,2,109,9,625,127,88,90
1027,146,2,110,2,627,73,44,20
1028,146,2,111,7,634,98,60,70
1029,146,2,112,2,636,59,30,20
1030,146,2,113,2,638,45,27,20
1031,146,2,114,8,646,100,100,80
1032,146,2,115,3,649,27,27,30
1033,146,2,116,4,653,37,24,40
1034,146,2,117,7,660,85,85,70
1035,146,2,118,4,664,30,30,40
1036,146,2,119,4,668,34,25,40
1037,146,2,120,4,672,48,34,40
1038,146,2,121,9,681,90,64,90
1039,146,2,122,9,690,126,82,90
1040,146,2,123,4,694,99,62,40
1041,146,2,124,6,700,89,89,60
1042,146,2,125,8,708,70,70,80
1043,146,2,126,6,714,60,60,60
1044,146,2,127,9,723,80,56,90
1045,146,2,128,5,728,60,60,50
1046,146,2,129,7,735,81,49,70
1047,146,2,130,4,739,77,77,40
1048,146,2,131,6,745,66,36,60
1049,146,2,132,3,748,55,55,30
1050,146,2,133,4,752,38,38,40
1051,146,2,134,7,759,76,40,70
1052,146,2,135,4,763,75,50,40
1053,146,2,136,3,766,53,53,30
1054,146,2,137,8,774,69,37,80
1055,146,2,138,5,779,78,45,50
1056,146,2,139,4,783,72,47,40
1057,146,2,140,7,790,88,88,70
1058,146,2,141,3,793,29,21,30
1059,146,2,142,5,798,51,30,50
1060,146,2,143,6,804,95,53,60
1061,146,2,144,4,808,75,75,40
1062,146,2,145,7,815,81,50,70
1063,146,2,146,5,820,95,95,50
1064,146,2,147,9,829,81,81,90
1065,146,2,148,9,838,93,60,90
1066,146,2,149,7,845,98,69,70
1067,146,2,150,3,848,51,40,30
1068,146,2,151,6,854,64,64,60
1069,146,2,152,8,862,85,85,80
1070,146,2,153,2,864,21,14,20
1071,146,2,154,2,866,20,13,20
1072,146,2,155,8,874,94,94,80
1073,146,2,156,5,879,43,43,50
1074,146,2,157,5,884,57,36,50
1075,146,2,158,6,890,72,45,60
1076,146,2,159,4,894,61,61,40
1077,146,2,160,9,903,86,56,90
1078,146,2,161,2,905,54,36,20
1079,146,2,162,7,912,97,97,70
1080,146,2,163,9,921,86,86,90
1081,146,2,164,2,923,18,11,20
1082,146,2,165,8,931,67,43,80
1083,146,2,166,2,933,50,34,20
1084,146,2,167,9,942,104,104,90
1085,146,2,168,9,951,89,54,90
1086,146,2,169,8,959,107,64,80
1087,146,2,170,9,968,153,153,90
1088,146,2,171,3,971,25,25,30
1089,146,2,172,8,979,83,83,80
1090,146,2,173,3,982,34,34,30
1091,146,2,174,7,989,76,76,70
1092,146,2,175,8,997,101,62,80
1093,146,2,176,6,1003,97,66,60
1094,146,2,177,8,1011,121,76,80
1095,146,2,178,5,1016,98,60,50
1096,146,2,179,3,1019,65,65,30
1097,146,2,180,3,1022,24,24,30
1098,146,2,181,6,1028,69,69,60
1099,146,2,182,4,1032,42,42,40
1100,146,2,183,2,1034,20,11,20
1101,146,2,184,2,1036,25,16,20
1102,146,2,185,7,1043,88,88,70
1103,146,2,186,4,1047,39,39,40
1104,146,2,187,7,1054,72,43,70
1105,146,2,188,4,1058,63,63,40
1106,146,2,189,6,1064,58,58,60
1107,146,2,190,4,1068,28,19,40
1108,146,2,191,2,1070,26,26,20
1109,146,2,192,4,1074,39,39,40
1110,146,2,193,4,1078,51,33,40
1111,146,2,194,7,1085,91,91,70
1112,146,2,195,8,1093,67,67,80
1113,146,2,196,6,1099,56,39,60
1114,146,2,197,5,1104,70,70,50
1115,146,2,198,7,1111,65,40,70
1116,146,2,199,6,1117,86,55,60
1117,146,2,200,5,1122,81,81,50
1118,146,2,201,6,1128,74,44,60
1119,146,2,202,7,1135,108,108,70
1120,146,2,203,3,1138,31,31,30
1121,146,2,204,3,1141,25,16,30
1122,146,2,205,3,1144,40,40,30
1123,146,2,206,9,1153,111,79,90
1124,146,2,207,7,1160,97,64,70
1125,146,2,208,2,1162,47,47,20
1126,146,2,209,2,1164,21,21,20
1127,146,2,210,2,1166,27,16,20
1128,146,2,211,7,1173,71,40,70
1129,146,2,212,6,1179,106,73,60
1130,146,2,213,8,1187,110,67,80
1131,146,2,214,7,1194,118,118,70
1132,146,2,215,5,1199,38,38,50
1133,146,2,216,3,1202,34,34,30
1134,146,2,217,6,1208,58,36,60
1135,146,2,218,7,1215,92,60,70
1136,146,2,219,4,1219,74,49,40
1137,146,2,220,4,1223,66,42,40
1138,146,2,221,6,1229,86,59,60
1139,146,2,222,8,1237,114,114,80
1140,146,2,223,8,1245,72,42,80
1141,146,2,224,5,1250,66,46,50
1142,146,2,225,8,1258,118,83,80
1143,146,2,226,2,1260,55,37,20
1144,146,2,227,3,1263,54,54,30
1145,146,2,228,6,1269,58,58,60
1146,146,2,229,8,1277,78,78,80
1147,146,2,230,5,1282,48,34,50
1148,146,2,231,2,1284,35,22,20
1149,146,2,232,5,1289,63,63,50
1150,146,2,233,8,1297,71,51,80
1151,146,2,234,2,1299,35,35,20
1152,146,2,235,7,1306,85,85,70
1153,146,2,236,5,1311,40,27,50
1154,146,2,237,6,1317,59,37,60
1155,146,2,238,5,1322,66,34,50
1156,146,2,239,2,1324,51,28,20
1157,146,2,240,6,1330,98,71,60
1158,146,2,241,6,1336,86,49,60
1159,146,2,242,3,1339,61,40,30
1160,146,2,243,2,1341,40,24,20
1161,146,2,244,2,1343,36,36,20
1162,146,2,245,7,1350,65,41,70
1163,146,2,246,9,1359,125,125,90
1164,146,2,247,8,1367,59,41,80
1165,146,2,248,2,1369,40,25,20
1166,146,2,249,6,1375,79,45,60
1167,146,2,250,3,1378,63,41,30
1168,146,2,251,4,1382,58,32,40
1169,146,2,252,8,1390,102,69,80
1170,146,2,253,4,1394,74,42,40
1171,146,2,254,8,1402,133,93,80
1172,146,2,255,3,1405,61,61,30
1173,146,2,256,2,1407,25,25,20
1174,146,2,257,3,1410,25,17,30
1175,146,2,258,4,1414,46,46,40
1176,146,2,259,8,1422,88,61,80
1177,146,2,260,4,1426,65,65,40
1178,146,2,261,9,1435,89,60,90
1179,146,2,262,3,1438,62,62,30
1180,146,2,263,9,1447,80,42,90
1181,146,2,264,9,1456,131,84,90
1182,146,2,265,4,1460,86,53,40
1183,146,2,266,2,1462,58,58,20
1184,146,2,267,2,1464,17,12,20
1185,146,2,268,7,1471,91,56,70
1186,146,2,269,7,1478,114,75,70
1187,146,2,270,9,1487,111,74,90
1188,146,2,271,4,1491,81,47,40
1189,146,2,272,3,1494,62,45,30
1190,146,2,273,6,1500,57,57,60
1191,146,2,274,9,1509,91,52,90
1192,146,2,275,8,1517,115,115,80
1193,146,2,276,4,1521,38,25,40
1194,146,2,277,4,1525,41,41,40
1195,146,2,278,9,1534,104,68,90
1196,146,2,279,2,1536,55,42,20
1197,146,2,280,6,1542,64,64,60
1198,146,2,281,4,1546,44,44,40
1199,146,2,282,2,1548,39,24,20
1200,146,2,283,8,1556,103,103,80
1201,146,2,284,3,1559,41,41,30
1202,146,2,285,3,1562,23,17,30
1203,146,2,286,4,1566,43,27,40
1204,146,2,287,2,1568,36,36,20
1205,146,2,288,8,1576,72,72,80
1206,146,2,289,6,1582,58,58,60
1207,146,2,290,7,1589,69,69,70
1208,146,2,291,7,1596,85,85,70
1209,146,2,292,8,1604,81,81,80
1210,146,2,293,8,1612,87,58,80
1211,146,2,294,9,1621,108,108,90
1212,146,2,295,3,1624,26,19,30
1213,146,2,296,3,1627,39,39,30
1214,146,2,297,3,1630,33,27,30
1215,146,2,298,8,1638,86,48,80
1216,146,2,299,5,1643,73,73,50
1217,146,2,300,6,1649,61,61,60
1218,146,2,301,9,1658,106,106,90
1219,146,2,302,5,1663,37,37,50
1220,146,2,303,4,1667,41,29,40
1221,146,2,304,3,1670,41,24,30
1222,146,2,305,2,1672,36,36,20
1223,146,2,306,2,1674,16,11,20
1224,146,2,307,4,1678,44,44,40
1225,146,2,308,2,1680,24,14,20
1226,146,2,309,5,1685,54,30,50
1227,146,2,310,5,1690,73,73,50
1228,146,2,311,3,1693,31,31,30
1229,146,2,312,7,1700,68,68,70
1230,146,2,313,3,1703,35,35,30
1231,146,2,314,3,1706,35,23,30
1232,146,2,315,7,1713,74,43,70
1233,146,2,316,3,1716,62,39,30
1234,146,2,317,2,1718,52,52,20
1235,146,2,318,7,1725,76,48,70
1236,146,2,319,9,1734,117,73,90
1237,146,2,320,5,1739,86,86,50
1238,146,2,321,6,1745,51,51,60
1239,146,2,322,9,1754,92,92,90
1240,146,2,323,6,1760,51,51,60
1241,146,2,324,6,1766,72,72,60
1242,146,2,325,3,1769,33,33,30
1243,146,2,326,8,1777,76,76,80
1244,146,2,327,4,1781,45,45,40
1245,146,2,328,6,1787,46,46,60
1246,146,2,329,5,1792,59,39,50
1247,146,2,330,3,1795,56,56,30
1248,146,2,331,5,1800,53,37,50
1249,146,2,332,6,1806,77,77,60
1250,146,2,333,7,1813,70,45,70
1251,146,2,334,9,1822,106,106,90
1252,146,2,335,9,1831,101,64,90
1253,146,2,336,6,1837,104,67,60
1254,146,2,337,8,1845,106,106,80
1255,146,2,338,3,1848,30,19,30
1256,146,2,339,8,1856,115,78,80
1257,146,2,340,7,1863,110,110,70
1258,146,2,341,5,1868,48,48,50
1259,146,2,342,2,1870,17,14,20
1260,146,2,343,8,1878,88,88,80
1261,146,2,344,4,1882,42,42,40
1262,146,2,345,3,1885,27,27,30
1263,146,2,346,3,1888,24,15,30
1264,146,2,347,5,1893,58,58,50
1265,146,2,348,4,1897,45,45,40
1266,146,2,349,4,1901,41,26,40
1267,146,2,350,6,1907,80,53,60
1268,146,2,351,4,1911,60,39,40
1269,146,2,352,8,1919,115,70,80
1270,146,2,353,4,1923,94,58,40
1271,146,2,354,2,1925,60,60,20
1272,146,2,355,3,1928,25,17,30
1273,146,2,356,9,1937,93,93,90
1274,146,2,357,2,1939,21,15,20
1275,146,2,358,9,1948,102,102,90
1276,146,2,359,8,1956,77,51,80
1277,146,2,360,9,1965,115,74,90
1278,146,2,361,3,1968,71,48,30
1279,146,2,362,4,1972,64,64,40
1280,146,2,363,6,1978,54,34,60
1281,146,2,364,9,1987,114,114,90
1282,146,2,365,7,1994,72,72,70
1283,146,2,366,8,2002,80,55,80
1284,146,2,367,8,2010,112,112,80
1285,146,2,368,9,2019,95,95,90
1286,146,2,369,4,2023,37,23,40
1287,146,2,370,8,2031,96,63,80
1288,146,2,371,6,2037,109,109,60
1289,146,2,372,2,2039,25,25,20
1290,146,2,373,9,2048,84,53,90
1291,146,2,374,7,2055,109,72,70
1292,146,2,375,5,2060,96,69,50
1293,146,2,376,4,2064,72,45,40
1294,146,2,377,5,2069,88,59,50
1295,146,2,378,2,2071,43,43,20
1296,146,2,379,7,2078,79,55,70
1297,146,2,380,6,2084,77,44,60
1298,146,2,381,8,2092,113,113,80
1299,146,2,382,8,2100,77,53,80
1300,146,2,383,7,2107,93,66,70
1301,146,2,384,2,2109,47,34,20
1302,146,2,385,4,2113,54,34,40
1303,146,2,386,3,2116,51,31,30
1304,146,2,387,6,2122,97,97,60
1305,146,2,388,6,2128,56,56,60
1306,146,2,389,8,2136,87,87,80
1307,146,2,390,5,2141,59,38,50
1308,146,2,391,4,2145,62,38,40
1309,146,2,392,8,2153,98,66,80
1310,146,2,393,7,2160,105,105,70
1311,146,2,394,2,2162,19,13,20
1312,146,2,395,2,2164,36,24,20
1313,146,2,396,6,2170,72,39,60
1314,146,2,397,4,2174,73,43,40
1315,146,2,398,3,2177,54,54,30
1316,146,2,399,5,2182,43,43,50
1317,146,2,400,8,2190,54,54,80
1318,146,2,401,4,2194,44,44,40
1319,146,2,402,7,2201,69,43,70
1320,146,2,403,4,2205,57,27,40
1321,146,2,404,4,2209,74,51,40
1322,146,2,405,9,2218,111,75,90
1323,146,2,406,4,2222,78,78,40
1324,146,2,407,3,2225,28,16,30
1325,146,2,408,3,2228,43,28,30
1326,146,2,409,2,2230,30,20,20
1327,146,2,410,7,2237,80,48,70
1328,146,2,411,5,2242,80,57,50
1329,146,2,412,7,2249,96,96,70
1330,146,2,413,8,2257,107,107,80
1331,146,2,414,7,2264,74,74,70
1332,146,2,415,8,2272,83,83,80
1333,146,2,416,3,2275,28,17,30
1334,146,2,417,9,2284,110,80,90
1335,146,2,418,4,2288,72,44,40
1336,146,2,419,3,2291,63,39,30
1337,146,2,420,7,2298,80,53,70
1338,146,2,421,7,2305,99,99,70
1339,146,2,422,7,2312,76,76,70
1340,146,2,423,2,2314,23,12,20
1341,146,2,424,5,2319,61,61,50
1342,146,2,425,9,2328,90,57,90
1343,146,2,426,7,2335,102,66,70
1344,146,2,427,5,2340,91,62,50
1345,146,2,428,3,2343,60,38,30
1346,146,2,429,6,2349,75,75,60
1347,146,2,430,4,2353,49,22,40
1348,146,2,431,8,2361,103,75,80
1349,146,2,432,8,2369,127,86,80
1350,146,2,433,9,2378,141,141,90
1351,146,2,434,5,2383,44,29,50
1352,146,2,435,6,2389,79,53,60
1353,146,2,436,3,2392,58,37,30
1354,146,2,437,9,2401,126,74,90
1355,146,2,438,3,2404,83,56,30
1356,146,2,439,9,2413,115,74,90
1357,146,2,440,8,2421,120,120,80
1358,146,2,441,5,2426,56,39,50
1359,146,2,442,2,2428,30,30,20
1360,146,2,443,9,2437,91,91,90
1361,146,2,444,9,2446,84,84,90
1362,146,2,445,5,2451,42,28,50
1363,146,2,446,2,2453,38,38,20
1364,146,2,447,8,2461,77,48,80
1365,146,2,448,8,2469,92,92,80
1366,146,2,449,9,2478,89,61,90
1367,146,2,450,4,2482,66,66,40
1368,146,2,451,5,2487,41,27,50
1369,146,2,452,6,2493,71,43,60
1370,146,2,453,9,2502,122,122,90
1371,146,2,454,2,2504,17,12,20
1372,146,2,455,6,2510,61,37,60
1373,146,2,456,3,2513,54,37,30
1374,146,2,457,9,2522,96,54,90
1375,146,2,458,8,2530,134,94,80
1376,146,2,459,3,2533,63,41,30
1377,146,2,460,6,2539,71,51,60
1378,146,2,461,8,2547,88,67,80
1379,146,2,462,2,2549,44,23,20
1380,146,2,463,7,2556,90,58,70
1381,146,2,464,4,2560,64,64,40
1382,146,2,465,2,2562,19,19,20
1383,146,2,466,4,2566,41,31,40
1384,146,2,467,8,2574,104,66,80
1385,146,2,468,6,2580,99,99,60
1386,146,2,469,4,2584,32,24,40
1387,146,2,470,4,2588,44,44,40
1388,146,2,471,6,2594,63,37,60
1389,146,2,472,3,2597,54,36,30
1390,146,2,473,5,2602,55,55,50
1391,146,2,474,5,2607,40,40,50
1392,146,2,475,7,2614,65,65,70
1393,146,2,476,9,2623,104,68,90
1394,146,2,477,6,2629,109,109,60
1395,146,2,478,2,2631,21,6,20
1396,146,2,479,9,2640,92,92,90
1397,146,2,480,2,2642,23,13,20
1398,146,2,481,4,2646,43,33,40
1399,146,2,482,7,2653,71,71,70
1400,146,2,483,7,2660,70,70,70
1401,146,2,484,3,2663,36,24,30
1402,146,2,485,2,2665,33,33,20
1403,146,2,486,2,2667,32,32,20
1404,146,2,487,8,2675,71,51,80
1405,146,2,488,2,2677,34,21,20
1406,146,2,489,4,2681,40,22,40
1407,146,2,490,8,2689,102,63,80
1408,146,2,491,5,2694,79,49,50
1409,146,2,492,8,2702,117,78,80
1410,146,2,493,8,2710,111,67,80
1411,146,2,494,8,2718,131,131,80
1412,146,2,495,8,2726,75,48,80
1413,146,2,496,6,2732,76,51,60
1414,146,2,497,7,2739,98,64,70
1415,146,2,498,6,2745,91,91,60
1416,146,2,499,6,2751,61,35,60
1417,146,2,500,3,2754,63,63,30
1418,146,2,501,2,2756,25,13,20
1419,146,2,502,6,2762,79,79,60
1420,146,2,503,8,2770,80,53,80
1421,146,2,504,8,2778,104,74,80
1422,146,2,505,6,2784,77,77,60
1423,146,2,506,4,2788,46,27,40
1424,146,2,507,6,2794,76,45,60
1425,146,2,508,5,2799,87,57,50
1426,146,2,509,6,2805,91,67,60
1427,146,2,510,9,2814,116,80,90
1428,146,2,511,3,2817,60,34,30
1429,146,2,512,4,2821,66,66,40
1430,146,2,513,5,2826,42,28,50
1431,146,2,514,8,2834,85,56,80
1432,146,2,515,9,2843,118,80,90
1433,146,2,516,6,2849,95,72,60
1434,146,2,517,5,2854,59,59,50
1435,146,2,518,6,2860,61,39,60
1436,146,2,519,8,2868,85,55,80
1437,146,2,520,6,2874,88,55,60
1438,146,2,521,3,2877,60,36,30
1439,146,2,522,4,2881,76,52,40
1440,146,2,523,3,2884,53,53,30
1441,146,2,524,5,2889,42,42,50
1442,146,2,525,9,2898,92,61,90
1443,146,2,526,7,2905,108,83,70
1444,146,2,527,9,2914,109,109,90
1445,146,2,528,7,2921,79,56,70
1446,146,2,529,9,2930,117,117,90
1447,146,2,530,2,2932,26,26,20
1448,146,2,531,4,2936,36,36,40
1449,146,2,532,5,2941,45,33,50
1450,146,2,533,6,2947,61,37,60
1451,146,2,534,5,2952,78,78,50
1452,146,2,535,7,2959,66,38,70
1453,146,2,536,5,2964,82,43,50
1454,146,2,537,5,2969,87,53,50
1455,146,2,538,7,2976,107,64,70
1456,146,2,539,7,2983,111,78,70
1457,146,2,540,9,2992,131,131,90
1458,146,2,541,5,2997,53,39,50
1459,146,2,542,4,3001,58,58,40
1460,146,2,543,6,3007,65,65,60
1461,146,2,544,2,3009,18,18,20
1462,146,2,545,7,3016,76,51,70
1463,146,2,546,4,3020,62,62,40
1464,146,2,547,5,3025,57,36,50
1465,146,2,548,4,3029,53,35,40
1466,146,2,549,7,3036,97,97,70
1467,146,2,550,9,3045,87,54,90
1468,146,2,551,5,3050,74,49,50
1469,146,2,552,8,3058,107,76,80
1470,146,2,553,4,3062,79,43,40
1471,146,2,554,6,3068,106,106,60
1472,146,2,555,8,3076,76,76,80
1473,146,2,556,8,3084,70,40,80
1474,146,2,557,6,3090,88,62,60
1475,146,2,558,5,3095,83,83,50
1476,146,2,559,9,3104,92,92,90
1477,146,2,560,8,3112,75,52,80
1478,146,2,561,9,3121,117,72,90
1479,146,2,562,9,3130,136,87,90
1480,146,2,563,6,3136,100,68,60
1481,146,2,564,9,3145,130,130,90
1482,146,2,565,6,3151,54,36,60
1483,146,2,566,2,3153,35,35,20
1484,146,2,567,4,3157,57,33,40
1485,146,2,568,4,3161,76,54,40
1486,146,2,569,2,3163,42,25,20
1487,146,2,570,9,3172,103,70,90
1488,146,2,571,8,3180,127,85,80
1489,146,2,572,8,3188,106,75,80
1490,146,2,573,6,3194,105,68,60
1491,146,2,574,4,3198,80,80,40
1492,146,2,575,2,3200,15,8,20
1493,146,2,576,7,3207,77,77,70
1494,146,2,577,6,3213,63,63,60
1495,146,2,578,9,3222,105,72,90
1496,146,2,579,8,3230,109,109,80
1497,146,2,580,7,3237,66,39,70
1498,146,2,581,2,3239,46,24,20
1499,146,2,582,4,3243,62,62,40
1500,146,2,583,7,3250,65,42,70
1501,146,2,584,6,3256,78,44,60
1502,146,2,585,4,3260,72,72,40
1503,146,2,586,9,3269,89,56,90
1504,146,2,587,2,3271,50,50,20
1505,146,2,588,5,3276,43,29,50
1506,146,2,589,5,3281,74,42,50
1507,146,2,590,9,3290,119,119,90
1508,146,2,591,5,3295,53,38,50
1509,146,2,592,7,3302,75,43,70
1510,146,2,593,8,3310,120,120,80
1511,146,2,594,6,3316,53,34,60
1512,146,2,595,8,3324,111,111,80
1513,146,2,596,6,3330,53,53,60
1514,146,2,597,9,3339,97,64,90
1515,146,2,598,4,3343,76,76,40
1516,146,2,599,5,3348,45,34,50
1517,146,2,600,2,3350,30,22,20
1518,146,2,601,2,3352,22,12,20
1519,146,2,602,4,3356,50,30,40
1520,146,2,603,2,3358,43,26,20
1521,146,2,604,9,3367,104,104,90
1522,146,2,605,4,3371,36,23,40
1523,146,2,606,9,3380,125,125,90
1524,146,2,607,6,3386,51,34,60
1525,146,2,608,2,3388,48,28,20
1526,146,2,609,8,3396,90,55,80
1527,146,2,610,5,3401,79,79,50
1528,146,2,611,5,3406,54,54,50
1529,146,2,612,3,3409,38,25,30
1530,146,2,613,4,3413,67,67,40
1531,146,2,614,3,3416,30,30,30
1532,146,2,615,6,3422,66,47,60
1533,146,2,616,4,3426,60,36,40
1534,146,2,617,7,3433,84,84,70
1535,146,2,618,2,3435,19,19,20
1536,146,2,619,2,3437,20,12,20
1537,146,2,620,2,3439,25,17,20
1538,146,2,621,7,3446,76,53,70
1539,146,2,622,7,3453,77,56,70
1540,146,2,623,7,3460,94,94,70
1541,146,2,624,5,3465,46,46,50
1542,146,2,625,6,3471,72,44,60
1543,146,2,626,9,3480,115,75,90
1544,146,2,627,6,3486,106,75,60
1545,146,2,628,8,3494,127,127,80
1546,146,2,629,2,3496,22,22,20
1547,146,2,630,9,3505,81,47,90
1548,146,2,631,6,3511,86,60,60
1549,146,2,632,9,3520,106,106,90
1550,146,2,633,6,3526,69,69,60
1551,146,2,634,8,3534,100,62,80
1552,146,2,635,2,3536,58,37,20
1553,146,2,636,3,3539,54,34,30
1554,146,2,637,8,3547,106,106,80
1555,146,2,638,8,3555,86,86,80
1556,146,2,639,6,3561,66,46,60
1557,146,2,640,9,3570,116,78,90
1558,146,2,641,3,3573,67,67,30
1559,146,2,642,6,3579,71,51,60
1560,146,2,643,9,3588,103,65,90
1561,146,2,644,4,3592,86,55,40
1562,146,2,645,3,3595,56,56,30
1563,146,2,646,7,3602,62,62,70
1564,146,2,647,3,3605,42,42,30
1565,146,2,648,8,3613,82,57,80
1566,146,2,649,6,3619,93,93,60
1567,146,2,650,3,3622,24,24,30
1568,146,2,651,8,3630,72,72,80
1569,146,2,652,3,3633,36,25,30
1570,146,2,653,5,3638,48,48,50
1571,146,2,654,6,3644,58,58,60
1572,146,2,655,4,3648,35,23,40
1573,146,2,656,9,3657,95,63,90
1574,146,2,657,8,3665,116,116,80
1575,146,2,658,5,3670,54,36,50
1576,146,2,659,8,3678,91,56,80
1577,146,2,660,8,3686,120,83,80
1578,146,2,661,7,3693,108,108,70
1579,146,2,662,5,3698,56,37,50
1580,146,2,663,6,3704,84,49,60
1581,146,2,664,4,3708,74,74,40
1582,146,2,665,4,3712,38,25,40
1583,146,2,666,7,3719,75,48,70
1584,146,2,667,5,3724,85,85,50
1585,146,2,668,2,3726,22,22,20
1586,146,2,669,7,3733,69,69,70
1587,146,2,670,2,3735,18,11,20
1588,146,2,671,5,3740,56,38,50
1589,146,2,672,5,3745,72,49,50
1590,146,2,673,4,3749,63,39,40
1591,146,2,674,5,3754,66,41,50
1592,146,2,675,8,3762,111,111,80
1593,146,2,676,8,3770,67,41,80
1594,146,2,677,8,3778,108,108,80
1595,146,2,678,6,3784,65,36,60
1596,146,2,679,4,3788,65,65,40
1597,146,2,680,7,3795,71,43,70
1598,146,2,681,2,3797,43,26,20
1599,146,2,682,7,3804,89,63,70
1600,146,2,683,6,3810,96,96,60
1601,146,2,684,9,3819,93,59,90
1602,146,2,685,4,3823,71,47,40
1603,146,2,686,6,3829,80,80,60
1604,146,2,687,4,3833,37,27,40
1605,146,2,688,3,3836,43,43,30
1606,146,2,689,8,3844,86,86,80
1607,146,2,690,7,3851,69,69,70
1608,146,2,691,4,3855,43,30,40
1609,146,2,692,8,3863,86,86,80
1610,146,2,693,9,3872,97,60,90
1611,146,2,694,6,3878,102,69,60
1612,146,2,695,7,3885,111,83,70
1613,146,2,696,7,3892,94,61,70
1614,146,2,697,5,3897,93,55,50
1615,146,2,698,3,3900,71,53,30
1616,146,2,699,3,3903,50,50,30
1617,146,2,700,3,3906,31,18,30
1618,146,2,701,3,3909,42,42,30
1619,146,2,702,4,3913,35,22,40
1620,146,2,703,2,3915,28,22,20
1621,146,2,704,6,3921,58,38,60
1622,146,2,705,9,3930,100,63,90
1623,146,2,706,8,3938,103,103,80
1624,146,2,707,3,3941,37,21,30
1625,146,2,708,4,3945,60,41,40
1626,146,2,709,8,3953,91,63,80
1627,146,2,710,3,3956,67,43,30
1628,146,2,711,7,3963,98,63,70
1629,146,2,712,4,3967,76,50,40
1630,146,2,713,3,3970,65,41,30
1631,146,2,714,2,3972,42,23,20
1632,146,2,715,2,3974,42,42,20
1633,146,2,716,2,3976,13,8,20
1634,146,2,717,8,3984,84,52,80
1635,146,2,718,7,3991,100,53,70
1636,146,2,719,5,3996,118,77,50
1637,146,2,720,7,4003,126,78,70
1638,146,2,721,8,4011,130,72,80
1639,146,2,722,4,4015,101,69,40
1640,146,2,723,3,4018,60,60,30
1641,146,2,724,4,4022,35,35,40
1642,146,2,725,6,4028,66,46,60
1643,146,2,726,3,4031,51,34,30
1644,146,2,727,8,4039,107,68,80
1645,146,2,728,6,4045,90,90,60
1646,146,2,729,2,4047,21,21,20
1647,146,2,730,2,4049,15,10,20
1648,146,2,731,6,4055,65,43,60
1649,146,2,732,4,4059,56,56,40
1650,146,2,733,7,4066,74,45,70
1651,146,2,734,4,4070,61,37,40
1652,146,2,735,5,4075,61,29,50
1653,146,2,736,3,4078,57,57,30
1654,146,2,737,3,4081,30,17,30
1655,146,2,738,8,4089,109,109,80
1656,146,2,739,4,4093,36,21,40
1657,146,2,740,2,4095,30,15,20
1658,146,2,741,6,4101,79,79,60
1659,146,2,742,5,4106,43,43,50
1660,146,2,743,8,4114,97,68,80
1661,146,2,744,7,4121,113,113,70
1662,146,2,745,5,4126,42,42,50
1663,146,2,746,9,4135,75,51,90
1664,146,2,747,9,4144,108,68,90
1665,146,2,748,2,4146,65,33,20
1666,146,2,749,6,4152,84,57,60
1667,146,2,750,3,4155,56,35,30
1668,146,2,751,5,4160,73,40,50
1669,146,2,752,2,4162,56,56,20
1670,146,2,753,6,4168,59,59,60
1671,146,2,754,6,4174,58,35,60
1672,146,2,755,6,4180,81,81,60
1673,146,2,756,6,4186,64,47,60
1674,146,2,757,5,4191,66,46,50
1675,146,2,758,8,4199,107,107,80
1676,146,2,759,2,4201,24,19,20
1677,146,2,760,2,4203,24,17,20
1678,146,2,761,3,4206,40,40,30
1679,146,2,762,8,4214,100,72,80
1680,146,2,763,5,4219,75,48,50
1681,146,2,764,2,4221,42,42,20
1682,146,2,765,7,4228,62,62,70
1683,146,2,766,5,4233,51,51,50
1684,146,2,767,8,4241,88,88,80
1685,146,2,768,9,4250,84,84,90
1686,146,2,769,6,4256,41,24,60
1687,146,2,770,7,4263,78,56,70
1688,146,2,771,4,4267,64,40,40
1689,146,2,772,3,4270,61,36,30
1690,146,2,773,4,4274,65,37,40
1691,146,2,774,5,4279,76,76,50
1692,146,2,775,9,4288,84,84,90
1693,146,2,776,8,4296,95,58,80
1694,146,2,777,7,4303,98,98,70
1695,146,2,778,2,4305,21,9,20
1696,146,2,779,2,4307,33,33,20
1697,146,2,780,4,4311,48,27,40
1698,146,2,781,4,4315,61,61,40
1699,146,2,782,8,4323,88,88,80
1700,146,2,783,5,4328,52,52,50
1701,146,2,784,6,4334,67,46,60
1702,146,2,785,7,4341,82,82,70
1703,146,2,786,8,4349,76,51,80
1704,146,2,787,3,4352,53,30,30
1705,146,2,788,8,4360,110,63,80
1706,146,2,789,6,4366,101,64,60
1707,146,2,790,7,4373,104,71,70
1708,146,2,791,8,4381,119,119,80
1709,146,2,792,9,4390,90,61,90
1710,146,2,793,5,4395,74,52,50
1711,146,2,794,9,4404,123,123,90
1712,146,2,795,6,4410,60,60,60
1713,146,2,796,6,4416,36,22,60
1714,146,2,797,4,4420,52,33,40
1715,146,2,798,5,4425,71,71,50
1716,146,2,799,8,4433,75,75,80
1717,146,2,800,7,4440,80,80,70
1718,146,2,801,4,4444,48,48,40
1719,146,2,802,7,4451,68,68,70
1720,146,2,803,7,4458,71,71,70
1721,146,2,804,9,4467,100,100,90
1722,146,2,805,8,4475,91,50,80
1723,146,2,806,8,4483,117,77,80
1724,146,2,807,7,4490,104,104,70
1725,146,2,808,8,4498,75,44,80
1726,146,2,809,9,4507,138,138,90
1727,146,2,810,8,4515,70,70,80
1728,146,2,811,9,4524,103,103,90
1729,146,2,812,6,4530,63,63,60
1730,146,2,813,2,4532,22,22,20
1731,146,2,814,6,4538,53,33,60
1732,146,2,815,3,4541,49,33,30
1733,146,2,816,5,4546,53,53,50
1734,146,2,817,5,4551,70,70,50
1735,146,2,818,7,4558,82,82,70
1736,146,2,819,3,4561,36,23,30
1737,146,2,820,8,4569,91,60,80
1738,146,2,821,6,4575,95,95,60
1739,146,2,822,7,4582,58,28,70
1740,146,2,823,3,4585,58,38,30
1741,146,2,824,5,4590,63,63,50
1742,146,2,825,9,4599,77,77,90
1743,146,2,826,7,4606,69,46,70
1744,146,2,827,2,4608,43,43,20
1745,146,2,828,5,4613,55,55,50
1746,146,2,829,5,4618,65,65,50
1747,146,2,830,4,4622,35,35,40
1748,146,2,831,5,4627,54,54,50
1749,146,2,832,4,4631,31,22,40
1750,146,2,833,4,4635,50,50,40
1751,146,2,834,8,4643,89,89,80
1752,146,2,835,3,4646,29,29,30
1753,146,2,836,8,4654,69,69,80
1754,146,2,837,7,4661,78,50,70
1755,146,2,838,9,4670,111,78,90
1756,146,2,839,2,4672,48,29,20
1757,146,2,840,7,4679,102,70,70
1758,146,2,841,3,4682,68,40,30
1759,146,2,842,8,4690,117,77,80
1760,146,2,843,2,4692,59,59,20
1761,146,2,844,9,4701,73,47,90
1762,146,2,845,4,4705,69,69,40
1763,146,2,846,2,4707,16,10,20
1764,146,2,847,9,4716,75,47,90
1765,146,2,848,8,4724,114,71,80
1766,146,2,849,6,4730,98,98,60
1767,146,2,850,8,4738,69,69,80
1768,146,2,851,8,4746,99,99,80
1769,146,2,852,7,4753,61,36,70
1770,146,2,853,7,4760,95,62,70
1771,146,2,854,3,4763,59,44,30
1772,146,2,855,3,4766,40,40,30
1773,146,2,856,2,4768,19,19,20
1774,146,2,857,8,4776,75,75,80
1775,146,2,858,6,4782,49,34,60
1776,146,2,859,9,4791,90,52,90
1777,146,2,860,6,4797,107,72,60
1778,146,2,861,4,4801,68,41,40
1779,146,2,862,3,4804,52,52,30
1780,146,2,863,2,4806,20,11,20
1781,146,2,864,8,4814,107,59,80
1782,146,2,865,5,4819,100,66,50
1783,146,2,866,3,4822,69,69,30
1784,146,2,867,8,4830,63,63,80
1785,146,2,868,5,4835,69,38,50
1786,146,2,869,5,4840,84,53,50
1787,146,2,870,8,4848,105,69,80
1788,146,2,871,7,4855,117,91,70
1789,146,2,872,2,4857,44,26,20
1790,146,2,873,9,4866,109,68,90
1791,146,2,874,9,4875,137,137,90
1792,146,2,875,3,4878,31,31,30
1793,146,2,876,9,4887,92,64,90
1794,146,2,877,4,4891,75,75,40
1795,146,2,878,9,4900,104,104,90
1796,146,2,879,7,4907,74,74,70
1797,146,2,880,8,4915,75,48,80
1798,146,2,881,3,4918,57,57,30
1799,146,2,882,7,4925,75,55,70
1800,146,2,883,5,4930,79,48,50
1801,146,2,884,5,4935,79,79,50
1802,146,2,885,8,4943,90,56,80
1803,146,2,886,7,4950,99,60,70
1804,146,2,887,9,4959,137,137,90
1805,146,2,888,5,4964,46,29,50
1806,146,2,889,5,4969,65,42,50
1807,146,2,890,3,4972,46,31,30
1808,146,2,891,7,4979,84,84,70
1809,146,2,892,9,4988,93,63,90
1810,146,2,893,5,4993,86,86,50
1811,146,3,1,8,8,84,84,80
1812,146,3,2,3,11,31,19,30
1813,146,3,3,4,15,44,44,40
1814,146,3,4,7,22,81,81,70
1815,146,3,5,7,29,59,59,70
1816,146,3,6,7,36,64,46,70
1817,146,3,7,2,38,34,21,20
1818,146,3,8,2,40,35,19,20
1819,146,3,9,2,42,43,26,20
1820,146,3,10,3,45,50,50,30
1821,146,3,11,2,47,20,11,20
1822,146,3,12,8,55,90,90,80
1823,146,3,13,6,61,57,38,60
1824,146,3,14,4,65,63,39,40
1825,146,3,15,4,69,49,31,40
1826,146,3,16,8,77,116,116,80
1827,146,3,17,7,84,67,67,70
1828,146,3,18,7,91,70,44,70
1829,146,3,19,6,97,83,57,60
1830,146,3,20,7,104,104,73,70
1831,146,3,21,8,112,119,119,80
1832,146,3,22,7,119,76,76,70
1833,146,3,23,6,125,54,32,60
1834,146,3,24,9,134,110,68,90
1835,146,3,25,7,141,117,117,70
1836,146,3,26,3,144,30,30,30
1837,146,3,27,3,147,32,16,30
1838,146,3,28,3,150,46,27,30
1839,146,3,29,9,159,113,113,90
1840,146,3,30,5,164,42,42,50
1841,146,3,31,5,169,37,37,50
1842,146,3,32,5,174,52,26,50
1843,146,3,33,6,180,90,90,60
1844,146,3,34,9,189,91,67,90
1845,146,3,35,7,196,96,59,70
1846,146,3,36,9,205,113,113,90
1847,146,3,37,5,210,37,24,50
1848,146,3,38,3,213,46,46,30
1849,146,3,39,2,215,22,13,20
1850,146,3,40,8,223,89,89,80
1851,146,3,41,8,231,90,61,80
1852,146,3,42,3,234,71,71,30
1853,146,3,43,3,237,36,22,30
1854,146,3,44,3,240,46,32,30
1855,146,3,45,9,249,101,101,90
1856,146,3,46,7,256,83,83,70
1857,146,3,47,8,264,79,79,80
1858,146,3,48,7,271,74,74,70
1859,146,3,49,9,280,113,113,90
1860,146,3,50,8,288,62,40,80
1861,146,3,51,8,296,94,94,80
1862,146,3,52,2,298,18,11,20
1863,146,3,53,9,307,107,62,90
1864,146,3,54,4,311,83,48,40
1865,146,3,55,4,315,84,58,40
1866,146,3,56,6,321,79,44,60
1867,146,3,57,4,325,82,46,40
1868,146,3,58,7,332,101,69,70
1869,146,3,59,3,335,66,44,30
1870,146,3,60,4,339,61,46,40
1871,146,3,61,9,348,89,64,90
1872,146,3,62,7,355,106,60,70
1873,146,3,63,6,361,109,109,60
1874,146,3,64,6,367,60,39,60
1875,146,3,65,5,372,72,46,50
1876,146,3,66,3,375,58,41,30
1877,146,3,67,8,383,98,65,80
1878,146,3,68,7,390,94,60,70
1879,146,3,69,7,397,93,93,70
1880,146,3,70,5,402,46,28,50
1881,146,3,71,6,408,75,47,60
1882,146,3,72,2,410,48,32,20
1883,146,3,73,7,417,81,59,70
1884,146,3,74,9,426,109,73,90
1885,146,3,75,9,435,125,125,90
1886,146,3,76,4,439,33,21,40
1887,146,3,77,5,444,49,29,50
1888,146,3,78,2,446,38,38,20
1889,146,3,79,4,450,39,25,40
1890,146,3,80,5,455,61,61,50
1891,146,3,81,2,457,20,6,20
1892,146,3,82,3,460,37,37,30
1893,146,3,83,9,469,80,80,90
1894,146,3,84,6,475,59,38,60
1895,146,3,85,8,483,94,57,80
1896,146,3,86,5,488,91,62,50
1897,146,3,87,6,494,86,59,60
1898,146,3,88,2,496,41,27,20
1899,146,3,89,2,498,39,25,20
1900,146,3,90,3,501,44,44,30
1901,146,3,91,3,504,27,27,30
1902,146,3,92,5,509,48,35,50
1903,146,3,93,5,514,75,45,50
1904,146,3,94,5,519,76,53,50
1905,146,3,95,4,523,60,29,40
1906,146,3,96,8,531,124,85,80
1907,146,3,97,4,535,71,71,40
1908,146,3,98,6,541,72,72,60
1909,146,3,99,6,547,57,38,60
1910,146,3,100,7,554,89,89,70
1911,146,3,101,8,562,81,47,80
1912,146,3,102,5,567,86,57,50
1913,146,3,103,2,569,48,48,20
1914,146,3,104,6,575,57,38,60
1915,146,3,105,8,583,92,57,80
1916,146,3,106,7,590,105,105,70
1917,146,3,107,2,592,19,19,20
1918,146,3,108,2,594,22,14,20
1919,146,3,109,2,596,24,16,20
1920,146,3,110,8,604,95,95,80
1921,146,3,111,2,606,20,11,20
1922,146,3,112,5,611,67,52,50
1923,146,3,113,7,618,96,96,70
1924,146,3,114,9,627,91,91,90
1925,146,3,115,7,634,70,70,70
1926,146,3,116,3,637,32,32,30
1927,146,3,117,2,639,19,10,20
1928,146,3,118,4,643,63,44,40
1929,146,3,119,3,646,54,36,30
1930,146,3,120,3,649,51,51,30
1931,146,3,121,2,651,8,5,20
1932,146,3,122,3,654,26,15,30
1933,146,3,123,4,658,54,37,40
1934,146,3,124,5,663,57,34,50
1935,146,3,125,7,670,90,90,70
1936,146,3,126,3,673,33,19,30
1937,146,3,127,2,675,34,18,20
1938,146,3,128,7,682,107,107,70
1939,146,3,129,4,686,34,18,40
1940,146,3,130,7,693,79,79,70
1941,146,3,131,4,697,35,19,40
1942,146,3,132,5,702,72,47,50
1943,146,3,133,5,707,70,70,50
1944,146,3,134,8,715,97,97,80
1945,146,3,135,2,717,18,11,20
1946,146,3,136,8,725,89,89,80
1947,146,3,137,2,727,24,18,20
1948,146,3,138,9,736,116,116,90
1949,146,3,139,2,738,22,22,20
1950,146,3,140,8,746,74,55,80
1951,146,3,141,8,754,111,73,80
1952,146,3,142,7,761,106,106,70
1953,146,3,143,3,764,36,24,30
1954,146,3,144,3,767,48,39,30
1955,146,3,145,8,775,82,82,80
1956,146,3,146,6,781,59,46,60
1957,146,3,147,5,786,52,52,50
1958,146,3,148,7,793,83,83,70
1959,146,3,149,2,795,18,10,20
1960,146,3,150,5,800,73,45,50
1961,146,3,151,3,803,62,62,30
1962,146,3,152,4,807,48,28,40
1963,146,3,153,5,812,79,79,50
1964,146,3,154,5,817,56,56,50
1965,146,3,155,9,826,89,89,90
1966,146,3,156,2,828,21,21,20
1967,146,3,157,7,835,78,53,70
1968,146,3,158,9,844,118,77,90
1969,146,3,159,2,846,60,60,20
1970,146,3,160,9,855,104,61,90
1971,146,3,161,9,864,129,129,90
1972,146,3,162,3,867,35,35,30
1973,146,3,163,9,876,102,102,90
1974,146,3,164,8,884,75,45,80
1975,146,3,165,2,886,54,54,20
1976,146,3,166,5,891,43,23,50
1977,146,3,167,2,893,31,19,20
1978,146,3,168,7,900,77,50,70
1979,146,3,169,3,903,56,56,30
1980,146,3,170,2,905,20,15,20
1981,146,3,171,3,908,35,35,30
1982,146,3,172,8,916,52,52,80
1983,146,3,173,2,918,26,26,20
1984,146,3,174,8,926,77,52,80
1985,146,3,175,5,931,59,59,50
1986,146,3,176,6,937,60,40,60
1987,146,3,177,2,939,33,33,20
1988,146,3,178,8,947,73,45,80
1989,146,3,179,3,950,58,58,30
1990,146,3,180,6,956,59,59,60
1991,146,3,181,4,960,42,42,40
1992,146,3,182,6,966,49,49,60
1993,146,3,183,6,972,71,39,60
1994,146,3,184,2,974,60,60,20
1995,146,3,185,3,977,26,13,30
1996,146,3,186,8,985,87,52,80
1997,146,3,187,8,993,116,72,80
1998,146,3,188,5,998,88,56,50
1999,146,3,189,4,1002,70,48,40
2000,146,3,190,6,1008,92,92,60
2001,146,3,191,9,1017,79,79,90
2002,146,3,192,9,1026,104,76,90
2003,146,3,193,8,1034,119,119,80
2004,146,3,194,3,1037,31,22,30
2005,146,3,195,9,1046,107,107,90
2006,146,3,196,4,1050,37,37,40
2007,146,3,197,3,1053,30,20,30
2008,146,3,198,4,1057,54,40,40
2009,146,3,199,3,1060,50,32,30
2010,146,3,200,8,1068,92,92,80
2011,146,3,201,4,1072,47,47,40
2012,146,3,202,8,1080,77,51,80
2013,146,3,203,3,1083,60,42,30
2014,146,3,204,2,1085,34,22,20
2015,146,3,205,6,1091,73,73,60
2016,146,3,206,7,1098,69,69,70
2017,146,3,207,5,1103,57,29,50
2018,146,3,208,4,1107,71,71,40
2019,146,3,209,9,1116,81,81,90
2020,146,3,210,4,1120,42,28,40
2021,146,3,211,9,1129,117,117,90
2022,146,3,212,2,1131,36,36,20
2023,146,3,213,9,1140,93,93,90
2024,146,3,214,6,1146,55,35,60
2025,146,3,215,7,1153,83,51,70
2026,146,3,216,2,1155,60,33,20
2027,146,3,217,3,1158,56,56,30
2028,146,3,218,4,1162,46,31,40
2029,146,3,219,7,1169,91,91,70
2030,146,3,220,9,1178,87,87,90
2031,146,3,221,2,1180,16,16,20
2032,146,3,222,6,1186,60,34,60
2033,146,3,223,7,1193,94,62,70
2034,146,3,224,6,1199,75,43,60
2035,146,3,225,3,1202,64,39,30
2036,146,3,226,5,1207,71,42,50
2037,146,3,227,6,1213,101,101,60
2038,146,3,228,4,1217,42,28,40
2039,146,3,229,3,1220,45,45,30
2040,146,3,230,2,1222,18,18,20
2041,146,3,231,6,1228,83,49,60
2042,146,3,232,2,1230,57,37,20
2043,146,3,233,8,1238,86,86,80
2044,146,3,234,4,1242,41,24,40
2045,146,3,235,4,1246,66,66,40
2046,146,3,236,3,1249,24,18,30
2047,146,3,237,4,1253,36,25,40
2048,146,3,238,5,1258,51,51,50
2049,146,3,239,4,1262,40,30,40
2050,146,3,240,3,1265,39,20,30
2051,146,3,241,7,1272,82,47,70
2052,146,3,242,3,1275,66,41,30
2053,146,3,243,3,1278,50,35,30
2054,146,3,244,9,1287,98,69,90
2055,146,3,245,2,1289,49,28,20
2056,146,3,246,3,1292,52,52,30
2057,146,3,247,5,1297,50,36,50
2058,146,3,248,3,1300,45,33,30
2059,146,3,249,2,1302,31,22,20
2060,146,3,250,2,1304,23,23,20
2061,146,3,251,8,1312,83,51,80
2062,146,3,252,5,1317,84,84,50
2063,146,3,253,2,1319,13,10,20
2064,146,3,254,6,1325,65,65,60
2065,146,3,255,4,1329,42,28,40
2066,146,3,256,6,1335,74,74,60
2067,146,3,257,9,1344,87,52,90
2068,146,3,258,9,1353,121,81,90
2069,146,3,259,6,1359,104,69,60
2070,146,3,260,6,1365,113,113,60
2071,146,3,261,5,1370,55,55,50
2072,146,3,262,8,1378,56,38,80
2073,146,3,263,9,1387,117,117,90
2074,146,3,264,3,1390,37,37,30
2075,146,3,265,8,1398,71,71,80
2076,146,3,266,3,1401,26,21,30
2077,146,3,267,5,1406,57,33,50
2078,146,3,268,6,1412,77,77,60
2079,146,3,269,4,1416,35,21,40
2080,146,3,270,4,1420,54,29,40
2081,146,3,271,6,1426,86,86,60
2082,146,3,272,2,1428,18,18,20
2083,146,3,273,3,1431,26,26,30
2084,146,3,274,3,1434,42,29,30
2085,146,3,275,6,1440,76,45,60
2086,146,3,276,2,1442,42,42,20
2087,146,3,277,2,1444,18,11,20
2088,146,3,278,5,1449,60,37,50
2089,146,3,279,9,1458,101,57,90
2090,146,3,280,6,1464,109,109,60
2091,146,3,281,2,1466,14,8,20
2092,146,3,282,5,1471,50,50,50
2093,146,3,283,3,1474,19,10,30
2094,146,3,284,9,1483,82,82,90
2095,146,3,285,6,1489,70,70,60
2096,146,3,286,7,1496,62,39,70
2097,146,3,287,9,1505,120,79,90
2098,146,3,288,8,1513,117,117,80
2099,146,3,289,8,1521,71,43,80
2100,146,3,290,5,1526,83,83,50
2101,146,3,291,7,1533,75,49,70
2102,146,3,292,3,1536,59,38,30
2103,146,3,293,8,1544,105,69,80
2104,146,3,294,6,1550,102,102,60
2105,146,3,295,8,1558,80,80,80
2106,146,3,296,6,1564,62,62,60
2107,146,3,297,4,1568,28,28,40
2108,146,3,298,8,1576,89,49,80
2109,146,3,299,6,1582,95,68,60
2110,146,3,300,8,1590,108,65,80
2111,146,3,301,5,1595,104,104,50
2112,146,3,302,6,1601,66,36,60
2113,146,3,303,4,1605,66,66,40
2114,146,3,304,9,1614,70,70,90
2115,146,3,305,7,1621,56,56,70
2116,146,3,306,5,1626,40,22,50
2117,146,3,307,4,1630,58,39,40
2118,146,3,308,7,1637,89,89,70
2119,146,3,309,2,1639,24,17,20
2120,146,3,310,7,1646,74,45,70
2121,146,3,311,2,1648,49,49,20
2122,146,3,312,5,1653,50,32,50
2123,146,3,313,5,1658,66,49,50
2124,146,3,314,7,1665,89,89,70
2125,146,3,315,5,1670,52,32,50
2126,146,3,316,2,1672,35,35,20
2127,146,3,317,8,1680,82,48,80
2128,146,3,318,9,1689,126,126,90
2129,146,3,319,7,1696,73,73,70
2130,146,3,320,9,1705,91,63,90
2131,146,3,321,5,1710,81,52,50
2132,146,3,322,8,1718,113,78,80
2133,146,3,323,7,1725,113,67,70
2134,146,3,324,5,1730,104,104,50
2135,146,3,325,7,1737,49,30,70
2136,146,3,326,4,1741,58,58,40
2137,146,3,327,7,1748,75,75,70
2138,146,3,328,7,1755,75,75,70
2139,146,3,329,8,1763,91,56,80
2140,146,3,330,7,1770,106,62,70
2141,146,3,331,2,1772,63,42,20
2142,146,3,332,7,1779,93,93,70
2143,146,3,333,9,1788,96,67,90
2144,146,3,334,9,1797,131,85,90
2145,146,3,335,9,1806,142,100,90
2146,146,3,336,6,1812,101,65,60
2147,146,3,337,3,1815,72,45,30
2148,146,3,338,2,1817,43,43,20
2149,146,3,339,6,1823,67,67,60
2150,146,3,340,6,1829,67,46,60
2151,146,3,341,8,1837,110,69,80
2152,146,3,342,8,1845,131,131,80
2153,146,3,343,6,1851,62,37,60
2154,146,3,344,6,1857,84,54,60
2155,146,3,345,5,1862,72,47,50
2156,146,3,346,7,1869,92,92,70
2157,146,3,347,5,1874,37,21,50
2158,146,3,348,2,1876,36,20,20
2159,146,3,349,4,1880,62,62,40
2160,146,3,350,4,1884,45,45,40
2161,146,3,351,4,1888,36,24,40
2162,146,3,352,6,1894,83,83,60
2163,146,3,353,7,1901,61,38,70
2164,146,3,354,5,1906,71,48,50
2165,146,3,355,6,1912,87,87,60
2166,146,3,356,3,1915,25,25,30
2167,146,3,357,6,1921,72,51,60
2168,146,3,358,8,1929,104,104,80
2169,146,3,359,3,1932,33,23,30
2170,146,3,360,8,1940,85,56,80
2171,146,3,361,4,1944,65,34,40
2172,146,3,362,2,1946,53,53,20
2173,146,3,363,6,1952,54,54,60
2174,146,3,364,6,1958,59,59,60
2175,146,3,365,4,1962,40,40,40
2176,146,3,366,6,1968,60,39,60
2177,146,3,367,6,1974,84,53,60
2178,146,3,368,7,1981,104,104,70
2179,146,3,369,9,1990,98,98,90
2180,146,3,370,2,1992,23,12,20
2181,146,3,371,3,1995,36,25,30
2182,146,3,372,9,2004,109,71,90
2183,146,3,373,4,2008,69,46,40
2184,146,3,374,8,2016,125,83,80
2185,146,3,375,6,2022,95,66,60
2186,146,3,376,3,2025,58,58,30
2187,146,3,377,2,2027,23,16,20
2188,146,3,378,6,2033,57,57,60
2189,146,3,379,4,2037,38,23,40
2190,146,3,380,2,2039,35,24,20
2191,146,3,381,6,2045,75,75,60
2192,146,3,382,3,2048,29,20,30
2193,146,3,383,2,2050,28,28,20
2194,146,3,384,7,2057,69,69,70
2195,146,3,385,9,2066,92,53,90
2196,146,3,386,6,2072,104,67,60
2197,146,3,387,7,2079,103,103,70
2198,146,3,388,2,2081,26,20,20
2199,146,3,389,2,2083,23,13,20
2200,146,3,390,6,2089,59,40,60
2201,146,3,391,8,2097,125,77,80
2202,146,3,392,2,2099,68,68,20
2203,146,3,393,7,2106,58,58,70
2204,146,3,394,7,2113,71,71,70
2205,146,3,395,2,2115,25,16,20
2206,146,3,396,4,2119,50,35,40
2207,146,3,397,6,2125,81,56,60
2208,146,3,398,8,2133,90,56,80
2209,146,3,399,8,2141,109,75,80
2210,146,3,400,6,2147,105,68,60
2211,146,3,401,3,2150,69,42,30
2212,146,3,402,9,2159,119,119,90
2213,146,3,403,9,2168,78,78,90
2214,146,3,404,4,2172,47,35,40
2215,146,3,405,9,2181,99,62,90
2216,146,3,406,4,2185,77,77,40
2217,146,3,407,2,2187,23,15,20
2218,146,3,408,4,2191,46,46,40
2219,146,3,409,7,2198,75,75,70
2220,146,3,410,2,2200,17,11,20
2221,146,3,411,5,2205,50,29,50
2222,146,3,412,7,2212,79,79,70
2223,146,3,413,3,2215,25,12,30
2224,146,3,414,9,2224,104,64,90
2225,146,3,415,4,2228,84,84,40
2226,146,3,416,8,2236,80,80,80
2227,146,3,417,4,2240,41,41,40
2228,146,3,418,6,2246,62,42,60
2229,146,3,419,2,2248,39,22,20
2230,146,3,420,9,2257,111,111,90
2231,146,3,421,5,2262,50,50,50
2232,146,3,422,7,2269,74,43,70
2233,146,3,423,3,2272,61,37,30
2234,146,3,424,6,2278,93,93,60
2235,146,3,425,6,2284,52,36,60
2236,146,3,426,8,2292,85,56,80
2237,146,3,427,4,2296,73,51,40
2238,146,3,428,9,2305,111,75,90
2239,146,3,429,3,2308,67,67,30
2240,146,3,430,7,2315,60,37,70
2241,146,3,431,4,2319,73,73,40
2242,146,3,432,3,2322,23,23,30
2243,146,3,433,6,2328,52,34,60
2244,146,3,434,5,2333,67,38,50
2245,146,3,435,6,2339,92,66,60
2246,146,3,436,5,2344,75,75,50
2247,146,3,437,6,2350,55,33,60
2248,146,3,438,7,2357,72,44,70
2249,146,3,439,2,2359,50,28,20
2250,146,3,440,3,2362,51,35,30
2251,146,3,441,5,2367,70,70,50
2252,146,3,442,7,2374,68,42,70
2253,146,3,443,7,2381,82,82,70
2254,146,3,444,6,2387,56,40,60
2255,146,3,445,4,2391,53,37,40
2256,146,3,446,4,2395,39,39,40
2257,146,3,447,6,2401,65,48,60
2258,146,3,448,9,2410,106,64,90
2259,146,3,449,5,2415,87,87,50
2260,146,3,450,5,2420,49,31,50
2261,146,3,451,5,2425,68,68,50
2262,146,3,452,9,2434,78,51,90
2263,146,3,453,8,2442,103,103,80
2264,146,3,454,3,2445,31,19,30
2265,146,3,455,8,2453,107,107,80
2266,146,3,456,6,2459,53,37,60
2267,146,3,457,9,2468,94,94,90
2268,146,3,458,5,2473,53,37,50
2269,146,3,459,7,2480,93,93,70
2270,146,3,460,3,2483,38,38,30
2271,146,3,461,8,2491,81,48,80
2272,146,3,462,3,2494,55,55,30
2273,146,3,463,5,2499,47,31,50
2274,146,3,464,6,2505,70,44,60
2275,146,3,465,9,2514,126,126,90
2276,146,3,466,6,2520,59,59,60
2277,146,3,467,9,2529,87,59,90
2278,146,3,468,5,2534,73,44,50
2279,146,3,469,3,2537,66,66,30
2280,146,3,470,3,2540,29,16,30
2281,146,3,471,4,2544,72,49,40
2282,146,3,472,8,2552,103,64,80
2283,146,3,473,6,2558,93,93,60
2284,146,3,474,3,2561,24,24,30
2285,146,3,475,8,2569,78,78,80
2286,146,3,476,3,2572,30,19,30
2287,146,3,477,9,2581,92,92,90
2288,146,3,478,2,2583,23,15,20
2289,146,3,479,5,2588,55,33,50
2290,146,3,480,8,2596,93,93,80
2291,146,3,481,2,2598,13,13,20
2292,146,3,482,5,2603,63,43,50
2293,146,3,483,5,2608,69,41,50
2294,146,3,484,4,2612,67,42,40
2295,146,3,485,7,2619,92,61,70
2296,146,3,486,2,2621,63,63,20
2297,146,3,487,9,2630,92,92,90
2298,146,3,488,9,2639,98,65,90
2299,146,3,489,6,2645,91,91,60
2300,146,3,490,4,2649,28,15,40
2301,146,3,491,5,2654,65,65,50
2302,146,3,492,9,2663,103,74,90
2303,146,3,493,4,2667,71,45,40
2304,146,3,494,5,2672,71,44,50
2305,146,3,495,8,2680,105,105,80
2306,146,3,496,8,2688,98,98,80
2307,146,3,497,6,2694,58,58,60
2308,146,3,498,3,2697,28,24,30
2309,146,3,499,3,2700,36,36,30
2310,146,3,500,3,2703,42,29,30
2311,146,3,501,6,2709,71,71,60
2312,146,3,502,5,2714,51,51,50
2313,146,3,503,5,2719,58,58,50
2314,146,3,504,2,2721,24,13,20
2315,146,3,505,5,2726,53,30,50
2316,146,3,506,4,2730,62,42,40
2317,146,3,507,3,2733,37,24,30
2318,146,3,508,2,2735,34,20,20
2319,146,3,509,7,2742,79,48,70
2320,146,3,510,3,2745,60,60,30
2321,146,3,511,2,2747,25,14,20
2322,146,3,512,4,2751,38,25,40
2323,146,3,513,7,2758,84,84,70
2324,146,3,514,4,2762,37,37,40
2325,146,3,515,8,2770,74,48,80
2326,146,3,516,2,2772,47,27,20
2327,146,3,517,2,2774,41,41,20
2328,146,3,518,2,2776,15,8,20
2329,146,3,519,2,2778,29,29,20
2330,146,3,520,3,2781,29,29,30
2331,146,3,521,4,2785,46,46,40
2332,146,3,522,3,2788,36,22,30
2333,146,3,523,7,2795,88,61,70
2334,146,3,524,5,2800,88,63,50
2335,146,3,525,9,2809,126,83,90
2336,146,3,526,3,2812,68,42,30
2337,146,3,527,7,2819,92,92,70
2338,146,3,528,5,2824,58,40,50
2339,146,3,529,8,2832,110,59,80
2340,146,3,530,4,2836,83,55,40
2341,146,3,531,7,2843,89,89,70
2342,146,3,532,4,2847,48,23,40
2343,146,3,533,8,2855,133,133,80
2344,146,3,534,4,2859,36,18,40
2345,146,3,535,3,2862,41,41,30
2346,146,3,536,3,2865,29,19,30
2347,146,3,537,6,2871,71,49,60
2348,146,3,538,3,2874,53,33,30
2349,146,3,539,7,2881,94,94,70
2350,146,3,540,2,2883,24,18,20
2351,146,3,541,3,2886,25,16,30
2352,146,3,542,4,2890,38,38,40
2353,146,3,543,7,2897,86,52,70
2354,146,3,544,9,2906,129,82,90
2355,146,3,545,2,2908,63,63,20
2356,146,3,546,7,2915,52,37,70
2357,146,3,547,5,2920,64,43,50
2358,146,3,548,8,2928,108,74,80
2359,146,3,549,8,2936,126,76,80
2360,146,3,550,9,2945,144,144,90
2361,146,3,551,9,2954,91,91,90
2362,146,3,552,4,2958,37,37,40
2363,146,3,553,2,2960,19,10,20
2364,146,3,554,4,2964,66,42,40
2365,146,3,555,7,2971,79,79,70
2366,146,3,556,8,2979,79,51,80
2367,146,3,557,6,2985,96,62,60
2368,146,3,558,6,2991,96,54,60
2369,146,3,559,8,2999,110,61,80
2370,146,3,560,7,3006,112,112,70
2371,146,3,561,3,3009,37,22,30
2372,146,3,562,9,3018,99,67,90
2373,146,3,563,5,3023,77,49,50
2374,146,3,564,5,3028,77,77,50
2375,146,3,565,7,3035,81,55,70
2376,146,3,566,7,3042,92,49,70
2377,146,3,567,5,3047,104,61,50
2378,146,3,568,2,3049,64,64,20
2379,146,3,569,9,3058,74,74,90
2380,146,3,570,5,3063,52,52,50
2381,146,3,571,6,3069,69,69,60
2382,146,3,572,3,3072,21,11,30
2383,146,3,573,3,3075,35,20,30
2384,146,3,574,4,3079,51,29,40
2385,146,3,575,3,3082,59,59,30
2386,146,3,576,7,3089,59,38,70
2387,146,3,577,8,3097,101,71,80
2388,146,3,578,8,3105,131,93,80
2389,146,3,579,4,3109,85,54,40
2390,146,3,580,6,3115,92,56,60
2391,146,3,581,2,3117,60,38,20
2392,146,3,582,4,3121,69,40,40
2393,146,3,583,4,3125,71,50,40
2394,146,3,584,8,3133,97,65,80
2395,146,3,585,9,3142,124,78,90
2396,146,3,586,2,3144,64,43,20
2397,146,3,587,4,3148,64,37,40
2398,146,3,588,5,3153,71,42,50
2399,146,3,589,5,3158,88,88,50
2400,146,3,590,2,3160,20,20,20
2401,146,3,591,2,3162,22,13,20
2402,146,3,592,3,3165,47,47,30
2403,146,3,593,6,3171,59,35,60
2404,146,3,594,3,3174,49,49,30
2405,146,3,595,5,3179,65,45,50
2406,146,3,596,3,3182,50,29,30
2407,146,3,597,9,3191,118,77,90
2408,146,3,598,7,3198,101,62,70
2409,146,3,599,8,3206,115,115,80
2410,146,3,600,6,3212,54,32,60
2411,146,3,601,9,3221,116,82,90
2412,146,3,602,6,3227,96,59,60
2413,146,3,603,8,3235,121,82,80
2414,146,3,604,3,3238,72,72,30
2415,146,3,605,6,3244,63,48,60
2416,146,3,606,2,3246,42,30,20
2417,146,3,607,9,3255,118,118,90
2418,146,3,608,5,3260,58,35,50
2419,146,3,609,9,3269,100,68,90
2420,146,3,610,7,3276,97,97,70
2421,146,3,611,5,3281,50,29,50
2422,146,3,612,9,3290,116,116,90
2423,146,3,613,9,3299,88,56,90
2424,146,3,614,8,3307,111,111,80
2425,146,3,615,4,3311,33,19,40
2426,146,3,616,6,3317,78,57,60
2427,146,3,617,7,3324,82,82,70
2428,146,3,618,6,3330,76,76,60
2429,146,3,619,6,3336,62,62,60
2430,146,3,620,3,3339,44,27,30
2431,146,3,621,3,3342,47,47,30
2432,146,3,622,3,3345,26,26,30
2433,146,3,623,7,3352,65,65,70
2434,146,3,624,4,3356,27,19,40
2435,146,3,625,4,3360,45,45,40
2436,146,3,626,5,3365,50,50,50
2437,146,3,627,8,3373,91,91,80
2438,146,3,628,8,3381,68,40,80
2439,146,3,629,7,3388,94,52,70
2440,146,3,630,5,3393,88,59,50
2441,146,3,631,8,3401,95,95,80
2442,146,3,632,4,3405,34,21,40
2443,146,3,633,9,3414,119,79,90
2444,146,3,634,2,3416,61,41,20
2445,146,3,635,2,3418,34,17,20
2446,146,3,636,9,3427,98,63,90
2447,146,3,637,9,3436,121,70,90
2448,146,3,638,2,3438,73,41,20
2449,146,3,639,5,3443,82,58,50
2450,146,3,640,6,3449,91,91,60
2451,146,3,641,9,3458,105,105,90
2452,146,3,642,8,3466,82,82,80
2453,146,3,643,6,3472,74,74,60
2454,146,3,644,2,3474,15,11,20
2455,146,3,645,6,3480,57,36,60
2456,146,3,646,5,3485,77,77,50
2457,146,3,647,7,3492,77,77,70
2458,146,3,648,5,3497,54,54,50
2459,146,3,649,4,3501,45,31,40
2460,146,3,650,3,3504,40,21,30
2461,146,3,651,2,3506,34,34,20
2462,146,3,652,2,3508,14,10,20
2463,146,3,653,4,3512,51,35,40
2464,146,3,654,9,3521,105,63,90
2465,146,3,655,2,3523,58,58,20
2466,146,3,656,6,3529,50,24,60
2467,146,3,657,8,3537,119,119,80
2468,146,3,658,9,3546,92,60,90
2469,146,3,659,3,3549,67,43,30
2470,146,3,660,4,3553,78,78,40
2471,146,3,661,5,3558,53,53,50
2472,146,3,662,3,3561,30,18,30
2473,146,3,663,4,3565,69,38,40
2474,146,3,664,3,3568,66,41,30
2475,146,3,665,8,3576,105,67,80
2476,146,3,666,7,3583,127,127,70
2477,146,3,667,4,3587,42,26,40
2478,146,3,668,3,3590,57,37,30
2479,146,3,669,6,3596,83,55,60
2480,146,3,670,6,3602,99,62,60
2481,146,3,671,3,3605,66,66,30
2482,146,3,672,9,3614,91,91,90
2483,146,3,673,8,3622,65,41,80
2484,146,3,674,4,3626,55,42,40
2485,146,3,675,8,3634,98,56,80
2486,146,3,676,6,3640,110,110,60
2487,146,3,677,2,3642,20,12,20
2488,146,3,678,7,3649,78,50,70
2489,146,3,679,9,3658,121,79,90
2490,146,3,680,5,3663,88,88,50
2491,146,3,681,7,3670,68,48,70
2492,146,3,682,9,3679,105,105,90
2493,146,3,683,9,3688,92,51,90
2494,146,3,684,3,3691,64,64,30
2495,146,3,685,6,3697,59,43,60
2496,146,3,686,9,3706,108,63,90
2497,146,3,687,3,3709,85,60,30
2498,146,3,688,3,3712,50,50,30
2499,146,3,689,9,3721,71,71,90
2500,146,3,690,8,3729,71,44,80
2501,146,3,691,9,3738,125,83,90
2502,146,3,692,5,3743,91,50,50
2503,146,3,693,3,3746,64,44,30
2504,146,3,694,4,3750,55,55,40
2505,146,3,695,8,3758,82,46,80
2506,146,3,696,3,3761,66,66,30
2507,146,3,697,2,3763,22,10,20
2508,146,3,698,5,3768,62,36,50
2509,146,3,699,4,3772,59,59,40
2510,146,3,700,6,3778,50,30,60
2511,146,3,701,5,3783,72,53,50
2512,146,3,702,9,3792,110,110,90
2513,146,3,703,2,3794,19,19,20
2514,146,3,704,3,3797,31,20,30
2515,146,3,705,3,3800,46,29,30
2516,146,3,706,2,3802,36,23,20
2517,146,3,707,4,3806,51,33,40
2518,146,3,708,6,3812,80,80,60
2519,146,3,709,6,3818,56,31,60
2520,146,3,710,5,3823,74,49,50
2521,146,3,711,5,3828,73,36,50
2522,146,3,712,6,3834,89,89,60
2523,146,3,713,4,3838,45,45,40
2524,146,3,714,7,3845,71,44,70
2525,146,3,715,3,3848,54,40,30
2526,146,3,716,2,3850,35,21,20
2527,146,3,717,3,3853,46,28,30
2528,146,3,718,3,3856,47,29,30
2529,146,3,719,4,3860,70,46,40
2530,146,3,720,2,3862,43,43,20
2531,146,3,721,6,3868,59,59,60
2532,146,3,722,7,3875,71,41,70
2533,146,3,723,7,3882,103,103,70
2534,146,3,724,7,3889,65,41,70
2535,146,3,725,6,3895,75,75,60
2536,146,3,726,6,3901,51,28,60
2537,146,3,727,2,3903,41,41,20
2538,146,3,728,8,3911,88,60,80
2539,146,3,729,7,3918,111,74,70
2540,146,3,730,5,3923,76,54,50
2541,146,3,731,6,3929,76,58,60
2542,146,3,732,9,3938,100,100,90
2543,146,3,733,7,3945,74,48,70
2544,146,3,734,2,3947,49,30,20
2545,146,3,735,8,3955,80,46,80
2546,146,3,736,6,3961,95,61,60
2547,146,3,737,2,3963,47,47,20
2548,146,3,738,7,3970,62,39,70
2549,146,3,739,5,3975,70,40,50
2550,146,3,740,8,3983,122,72,80
2551,146,3,741,6,3989,106,106,60
2552,146,3,742,3,3992,25,17,30
2553,146,3,743,9,4001,94,94,90
2554,146,3,744,3,4004,38,38,30
2555,146,3,745,7,4011,54,33,70
2556,146,3,746,7,4018,97,57,70
2557,146,3,747,5,4023,105,67,50
2558,146,3,748,2,4025,68,44,20
2559,146,3,749,7,4032,86,56,70
2560,146,3,750,9,4041,125,75,90
2561,146,3,751,8,4049,120,81,80
2562,146,3,752,3,4052,61,35,30
2563,146,3,753,2,4054,43,31,20
2564,146,3,754,5,4059,66,66,50
2565,146,3,755,5,4064,49,28,50
2566,146,3,756,5,4069,72,43,50
2567,146,3,757,6,4075,82,48,60
2568,146,3,758,4,4079,72,72,40
2569,146,3,759,2,4081,20,11,20
2570,146,3,760,3,4084,41,41,30
2571,146,3,761,5,4089,50,34,50
2572,146,3,762,5,4094,76,76,50
2573,146,3,763,6,4100,54,54,60
2574,146,3,764,4,4104,42,42,40
2575,146,3,765,3,4107,27,27,30
2576,146,3,766,8,4115,72,50,80
2577,146,3,767,3,4118,46,31,30
2578,146,3,768,7,4125,80,80,70
2579,146,3,769,9,4134,88,88,90
2580,146,3,770,8,4142,81,45,80
2581,146,3,771,4,4146,62,35,40
2582,146,3,772,4,4150,61,39,40
2583,146,3,773,6,4156,72,72,60
2584,146,3,774,8,4164,85,50,80
2585,146,3,775,8,4172,111,111,80
2586,146,3,776,5,4177,48,48,50
2587,146,3,777,5,4182,48,26,50
2588,146,3,778,2,4184,47,39,20
2589,146,3,779,7,4191,73,45,70
2590,146,3,780,5,4196,74,74,50
2591,146,3,781,7,4203,91,91,70
2592,146,3,782,6,4209,64,64,60
2593,146,3,783,7,4216,72,72,70
2594,146,3,784,8,4224,65,37,80
2595,146,3,785,5,4229,86,52,50
2596,146,3,786,9,4238,121,121,90
2597,146,3,787,9,4247,90,61,90
2598,146,3,788,6,4253,86,54,60
2599,146,3,789,5,4258,88,54,50
2600,146,3,790,5,4263,76,46,50
2601,146,3,791,6,4269,108,77,60
2602,146,3,792,6,4275,82,48,60
2603,146,3,793,4,4279,73,73,40
2604,146,3,794,7,4286,85,55,70
2605,146,3,795,6,4292,96,66,60
2606,146,3,796,2,4294,47,27,20
2607,146,3,797,4,4298,59,59,40
2608,146,3,798,7,4305,63,44,70
2609,146,3,799,7,4312,92,92,70
2610,146,3,800,8,4320,72,50,80
2611,146,3,801,3,4323,42,29,30
2612,146,3,802,3,4326,36,36,30
2613,146,3,803,8,4334,78,55,80
2614,146,3,804,4,4338,69,48,40
2615,146,3,805,5,4343,66,46,50
2616,146,3,806,7,4350,80,52,70
2617,146,3,807,2,4352,52,52,20
2618,146,3,808,3,4355,31,22,30
2619,146,3,809,6,4361,83,52,60
2620,146,3,810,9,4370,112,112,90
2621,146,3,811,2,4372,17,11,20
2622,146,3,812,6,4378,64,45,60
2623,146,3,813,5,4383,73,50,50
2624,146,3,814,2,4385,41,28,20
2625,146,3,815,4,4389,55,55,40
2626,146,3,816,8,4397,81,49,80
2627,146,3,817,5,4402,87,53,50
2628,146,3,818,2,4404,47,47,20
2629,146,3,819,3,4407,30,30,30
2630,146,3,820,2,4409,31,24,20
2631,146,3,821,3,4412,34,25,30
2632,146,3,822,6,4418,70,39,60
2633,146,3,823,3,4421,62,33,30
2634,146,3,824,9,4430,138,83,90
2635,146,3,825,7,4437,126,80,70
2636,146,3,826,3,4440,71,46,30
2637,146,3,827,6,4446,98,98,60
2638,146,3,828,6,4452,69,45,60
2639,146,3,829,4,4456,57,57,40
2640,146,3,830,5,4461,52,52,50
2641,146,3,831,5,4466,41,24,50
2642,146,3,832,3,4469,43,20,30
2643,146,3,833,9,4478,113,72,90
2644,146,3,834,3,4481,74,74,30
2645,146,3,835,6,4487,71,48,60
2646,146,3,836,5,4492,84,50,50
2647,146,3,837,7,4499,94,94,70
2648,146,3,838,7,4506,78,78,70
2649,146,3,839,3,4509,39,25,30
2650,146,3,840,7,4516,79,47,70
2651,146,3,841,9,4525,143,92,90
2652,146,3,842,6,4531,111,111,60
2653,146,3,843,2,4533,12,5,20
2654,146,3,844,2,4535,29,29,20
2655,146,3,845,7,4542,87,55,70
2656,146,3,846,7,4549,105,72,70
2657,146,3,847,4,4553,64,40,40
2658,146,3,848,2,4555,42,32,20
2659,146,3,849,2,4557,24,24,20
2660,146,3,850,6,4563,54,31,60
2661,146,3,851,3,4566,56,37,30
2662,146,3,852,5,4571,75,46,50
2663,146,3,853,8,4579,101,62,80
2664,146,3,854,3,4582,58,33,30
2665,146,3,855,7,4589,92,92,70
2666,146,3,856,7,4596,64,36,70
2667,146,3,857,8,4604,111,69,80
2668,146,3,858,5,4609,97,97,50
2669,146,3,859,4,4613,45,45,40
2670,146,3,860,4,4617,32,23,40
2671,146,3,861,6,4623,68,68,60
2672,146,3,862,3,4626,21,16,30
2673,146,3,863,2,4628,26,18,20
2674,146,3,864,5,4633,49,29,50
2675,146,3,865,9,4642,102,67,90
2676,146,3,866,3,4645,63,63,30
2677,146,3,867,8,4653,85,58,80
2678,146,3,868,5,4658,85,85,50
2679,146,3,869,7,4665,76,57,70
2680,146,3,870,7,4672,107,68,70
2681,146,3,871,9,4681,129,129,90
2682,146,3,872,2,4683,18,9,20
2683,146,3,873,7,4690,68,68,70
2684,146,3,874,4,4694,34,14,40
2685,146,3,875,5,4699,66,42,50
2686,146,3,876,7,4706,84,52,70
2687,146,3,877,6,4712,102,61,60
2688,146,3,878,8,4720,125,79,80
2689,146,3,879,3,4723,81,81,30
2690,146,3,880,4,4727,41,21,40
2691,146,3,881,8,4735,105,105,80
2692,146,3,882,9,4744,103,103,90
2693,146,3,883,2,4746,14,9,20
2694,146,3,884,7,4753,71,47,70
2695,146,3,885,3,4756,49,49,30
2696,146,3,886,8,4764,78,78,80
2697,146,3,887,8,4772,82,82,80
2698,146,3,888,2,4774,18,18,20
2699,146,3,889,2,4776,20,10,20
2700,146,3,890,6,4782,71,49,60
2701,146,3,891,9,4791,120,83,90
2702,146,3,892,8,4799,119,119,80
2703,146,3,893,3,4802,28,14,30
2704,146,3,894,6,4808,70,46,60
2705,146,3,895,8,4816,118,78,80
2706,146,3,896,5,4821,94,94,50
2707,146,3,897,2,4823,21,13,20
2708,146,3,898,4,4827,40,23,40
2709,146,3,899,4,4831,50,33,40
2710,146,3,900,4,4835,45,45,40
2711,146,3,901,9,4844,97,59,90
2712,146,3,902,2,4846,53,37,20
2713,146,3,903,4,4850,61,44,40
2714,146,3,904,9,4859,111,69,90
2715,146,3,905,5,4864,103,65,50
2716,146,3,906,5,4869,88,63,50
2717,146,3,907,9,4878,126,80,90
2718,146,3,908,6,4884,102,69,60
2719,146,3,909,9,4893,130,92,90
2720,146,3,910,7,4900,108,68,70
2721,146,3,911,8,4908,111,111,80
2722,146,3,912,5,4913,38,20,50
2723,146,3,913,7,4920,90,60,70
2724,146,3,914,6,4926,95,68,60
2725,146,3,915,4,4930,68,68,40
2726,146,3,916,4,4934,28,14,40
2727,146,3,917,9,4943,115,74,90
2728,146,3,918,4,4947,88,54,40
2729,146,3,919,5,4952,82,51,50
2730,146,3,920,3,4955,67,45,30
2731,146,3,921,3,4958,54,33,30
2732,146,3,922,3,4961,57,57,30
2733,146,3,923,9,4970,89,89,90
2734,146,3,924,3,4973,32,32,30
2735,146,3,925,2,4975,20,20,20
2736,146,3,926,8,4983,64,49,80
2737,146,3,927,8,4991,84,84,80
2738,146,3,928,3,4994,26,26,30
2739,146,3,929,5,4999,43,25,50
