,Scenario,Trial,Inspection,Interval,Time,Accumulation,Defects,Rate
0,104,1,1,7,7,72,32,70
1,104,1,2,8,15,130,130,80
2,104,1,3,4,19,40,40,40
3,104,1,4,5,24,43,15,50
4,104,1,5,3,27,61,28,30
5,104,1,6,3,30,67,27,30
6,104,1,7,5,35,89,38,50
7,104,1,8,8,43,143,143,80
8,104,1,9,9,52,104,104,90
9,104,1,10,7,59,92,46,70
10,104,1,11,8,67,123,52,80
11,104,1,12,7,74,140,67,70
12,104,1,13,8,82,158,72,80
13,104,1,14,5,87,138,138,50
14,104,1,15,4,91,39,19,40
15,104,1,16,9,100,120,61,90
16,104,1,17,2,102,89,89,20
17,104,1,18,5,107,54,54,50
18,104,1,19,7,114,56,22,70
19,104,1,20,8,122,116,53,80
20,104,1,21,8,130,145,145,80
21,104,1,22,7,137,75,75,70
22,104,1,23,8,145,69,32,80
23,104,1,24,9,154,126,54,90
24,104,1,25,7,161,153,78,70
25,104,1,26,9,170,165,76,90
26,104,1,27,7,177,154,65,70
27,104,1,28,3,180,116,44,30
28,104,1,29,8,188,160,76,80
29,104,1,30,7,195,144,61,70
30,104,1,31,4,199,128,49,40
31,104,1,32,8,207,159,72,80
32,104,1,33,2,209,104,47,20
33,104,1,34,4,213,98,41,40
34,104,1,35,6,219,114,51,60
35,104,1,36,2,221,74,74,20
36,104,1,37,5,226,47,21,50
37,104,1,38,5,231,74,33,50
38,104,1,39,5,236,87,39,50
39,104,1,40,9,245,134,134,90
40,104,1,41,9,254,84,38,90
41,104,1,42,4,258,90,45,40
42,104,1,43,3,261,69,69,30
43,104,1,44,7,268,72,72,70
44,104,1,45,2,270,17,7,20
45,104,1,46,5,275,67,22,50
46,104,1,47,9,284,134,63,90
47,104,1,48,3,287,103,54,30
48,104,1,49,5,292,112,43,50
49,104,1,50,6,298,140,59,60
50,104,1,51,8,306,180,180,80
51,104,1,52,8,314,80,34,80
52,104,1,53,7,321,119,52,70
53,104,1,54,9,330,160,61,90
54,104,1,55,5,335,155,155,50
55,104,1,56,7,342,66,27,70
56,104,1,57,6,348,103,49,60
57,104,1,58,2,350,78,35,20
58,104,1,59,9,359,126,126,90
59,104,1,60,6,365,65,31,60
60,104,1,61,8,373,119,50,80
61,104,1,62,4,377,104,45,40
62,104,1,63,4,381,108,48,40
63,104,1,64,7,388,135,61,70
64,104,1,65,9,397,162,70,90
65,104,1,66,2,399,111,47,20
66,104,1,67,5,404,111,52,50
67,104,1,68,9,413,144,55,90
68,104,1,69,6,419,162,72,60
69,104,1,70,9,428,196,95,90
70,104,1,71,9,437,208,91,90
71,104,1,72,6,443,179,179,60
72,104,1,73,9,452,71,71,90
73,104,1,74,9,461,90,90,90
74,104,1,75,5,466,48,48,50
75,104,1,76,3,469,46,19,30
76,104,1,77,9,478,113,46,90
77,104,1,78,7,485,141,61,70
78,104,1,79,6,491,144,59,60
79,104,1,80,9,500,189,80,90
80,104,1,81,6,506,165,165,60
81,104,1,82,5,511,47,20,50
82,104,1,83,7,518,98,37,70
83,104,1,84,6,524,138,138,60
84,104,1,85,2,526,25,11,20
85,104,1,86,5,531,58,31,50
86,104,1,87,8,539,113,113,80
87,104,1,88,3,542,29,14,30
88,104,1,89,9,551,98,39,90
89,104,1,90,2,553,80,30,20
90,104,1,91,7,560,99,41,70
91,104,1,92,5,565,109,48,50
92,104,1,93,8,573,140,62,80
93,104,1,94,4,577,112,49,40
94,104,1,95,9,586,156,65,90
95,104,1,96,7,593,158,75,70
96,104,1,97,8,601,161,70,80
97,104,1,98,3,604,123,59,30
98,104,1,99,6,610,140,65,60
99,104,1,100,9,619,156,156,90
100,104,1,101,3,622,34,17,30
101,104,1,102,3,625,42,42,30
102,104,1,103,8,633,76,42,80
103,104,1,104,3,636,66,31,30
104,104,1,105,7,643,108,52,70
105,104,1,106,8,651,140,58,80
106,104,1,107,2,653,102,41,20
107,104,1,108,6,659,120,54,60
108,104,1,109,4,663,110,55,40
109,104,1,110,7,670,129,60,70
110,104,1,111,6,676,128,128,60
111,104,1,112,9,685,96,96,90
112,104,1,113,2,687,17,17,20
113,104,1,114,9,696,78,78,90
114,104,1,115,2,698,24,24,20
115,104,1,116,3,701,26,11,30
116,104,1,117,6,707,81,40,60
117,104,1,118,5,712,90,38,50
118,104,1,119,3,715,81,34,30
119,104,1,120,5,720,93,39,50
120,104,1,121,2,722,77,77,20
121,104,1,122,9,731,96,44,90
122,104,1,123,3,734,82,46,30
123,104,1,124,7,741,89,38,70
124,104,1,125,6,747,107,107,60
125,104,1,126,5,752,51,22,50
126,104,1,127,6,758,104,104,60
127,104,1,128,2,760,18,11,20
128,104,1,129,3,763,35,35,30
129,104,1,130,7,770,66,66,70
130,104,1,131,4,774,47,20,40
131,104,1,132,3,777,52,25,30
132,104,1,133,9,786,107,107,90
133,104,1,134,6,792,54,27,60
134,104,1,135,5,797,88,88,50
135,104,1,136,7,804,76,35,70
136,104,1,137,3,807,76,76,30
137,104,1,138,8,815,92,40,80
138,104,1,139,3,818,81,81,30
139,104,1,140,7,825,58,21,70
140,104,1,141,8,833,119,60,80
141,104,1,142,7,840,131,63,70
142,104,1,143,9,849,151,151,90
143,104,1,144,9,858,81,36,90
144,104,1,145,2,860,60,29,20
145,104,1,146,8,868,119,119,80
146,104,1,147,4,872,34,11,40
147,104,1,148,6,878,68,68,60
148,104,1,149,7,885,78,29,70
149,104,1,150,7,892,129,56,70
150,104,1,151,4,896,125,60,40
151,104,1,152,3,899,87,39,30
152,104,1,153,4,903,80,31,40
153,104,1,154,6,909,112,46,60
154,104,1,155,8,917,137,60,80
155,104,1,156,3,920,113,51,30
156,104,1,157,9,929,151,79,90
157,104,1,158,9,938,164,164,90
158,104,1,159,5,943,47,47,50
159,104,1,160,3,946,26,14,30
160,104,1,161,5,951,60,25,50
161,104,1,162,7,958,103,44,70
162,104,1,163,3,961,82,42,30
163,104,1,164,3,964,81,43,30
164,104,1,165,5,969,103,45,50
165,104,1,166,5,974,125,125,50
166,104,1,167,9,983,92,92,90
167,104,1,168,4,987,45,45,40
168,104,1,169,8,995,82,38,80
169,104,1,170,5,1000,88,43,50
170,104,1,171,8,1008,114,47,80
171,104,1,172,6,1014,128,49,60
172,104,1,173,2,1016,94,94,20
173,104,1,174,9,1025,84,41,90
174,104,1,175,6,1031,98,45,60
175,104,1,176,3,1034,90,90,30
176,104,1,177,7,1041,63,24,70
177,104,1,178,9,1050,139,64,90
178,104,1,179,9,1059,159,80,90
179,104,1,180,5,1064,129,63,50
180,104,1,181,4,1068,113,113,40
181,104,1,182,4,1072,42,42,40
182,104,1,183,5,1077,52,23,50
183,104,1,184,6,1083,84,39,60
184,104,1,185,5,1088,88,40,50
185,104,1,186,4,1092,88,39,40
186,104,1,187,7,1099,119,50,70
187,104,1,188,8,1107,156,156,80
188,104,1,189,9,1116,74,37,90
189,104,1,190,6,1122,98,98,60
190,104,1,191,2,1124,20,9,20
191,104,1,192,2,1126,33,12,20
192,104,1,193,3,1129,48,20,30
193,104,1,194,3,1132,61,31,30
194,104,1,195,7,1139,91,43,70
195,104,1,196,9,1148,137,62,90
196,104,1,197,9,1157,177,66,90
197,104,1,198,7,1164,164,164,70
198,104,1,199,2,1166,27,11,20
199,104,1,200,4,1170,58,22,40
200,104,1,201,4,1174,73,73,40
201,104,1,202,2,1176,21,11,20
202,104,1,203,2,1178,31,31,20
203,104,1,204,7,1185,73,32,70
204,104,1,205,7,1192,122,49,70
205,104,1,206,6,1198,131,131,60
206,104,1,207,9,1207,107,39,90
207,104,1,208,3,1210,94,40,30
208,104,1,209,2,1212,74,33,20
209,104,1,210,3,1215,62,31,30
210,104,1,211,7,1222,91,41,70
211,104,1,212,4,1226,94,94,40
212,104,1,213,8,1234,79,29,80
213,104,1,214,5,1239,87,36,50
214,104,1,215,6,1245,106,47,60
215,104,1,216,8,1253,125,68,80
216,104,1,217,3,1256,83,36,30
217,104,1,218,6,1262,92,48,60
218,104,1,219,9,1271,137,137,90
219,104,1,220,3,1274,29,29,30
220,104,1,221,7,1281,67,28,70
221,104,1,222,4,1285,84,38,40
222,104,1,223,5,1290,92,92,50
223,104,1,224,9,1299,71,71,90
224,104,1,225,9,1308,101,49,90
225,104,1,226,4,1312,99,49,40
226,104,1,227,3,1315,83,41,30
227,104,1,228,8,1323,121,56,80
228,104,1,229,9,1332,145,63,90
229,104,1,230,4,1336,129,129,40
230,104,1,231,5,1341,46,17,50
231,104,1,232,3,1344,55,26,30
232,104,1,233,4,1348,76,41,40
233,104,1,234,7,1355,110,49,70
234,104,1,235,3,1358,92,92,30
235,104,1,236,4,1362,42,23,40
236,104,1,237,7,1369,85,85,70
237,104,1,238,2,1371,16,16,20
238,104,1,239,4,1375,33,33,40
239,104,1,240,6,1381,61,25,60
240,104,1,241,9,1390,115,55,90
241,104,1,242,5,1395,106,45,50
242,104,1,243,9,1404,148,148,90
243,104,1,244,9,1413,96,45,90
244,104,1,245,3,1416,84,84,30
245,104,1,246,4,1420,42,42,40
246,104,1,247,3,1423,36,36,30
247,104,1,248,3,1426,21,6,30
248,104,1,249,6,1432,80,32,60
249,104,1,250,6,1438,107,51,60
250,104,1,251,4,1442,84,40,40
251,104,1,252,9,1451,121,121,90
252,104,1,253,9,1460,109,49,90
253,104,1,254,3,1463,88,34,30
254,104,1,255,4,1467,96,96,40
255,104,1,256,7,1474,78,38,70
256,104,1,257,2,1476,59,59,20
257,104,1,258,9,1485,90,90,90
258,104,1,259,5,1490,69,35,50
259,104,1,260,7,1497,108,108,70
260,104,1,261,6,1503,59,30,60
261,104,1,262,7,1510,106,46,70
262,104,1,263,8,1518,139,139,80
263,104,1,264,7,1525,68,39,70
264,104,1,265,3,1528,51,51,30
265,104,1,266,6,1534,66,32,60
266,104,1,267,6,1540,101,101,60
267,104,1,268,7,1547,77,77,70
268,104,1,269,9,1556,82,43,90
269,104,1,270,4,1560,80,36,40
270,104,1,271,6,1566,98,45,60
271,104,1,272,3,1569,85,31,30
272,104,1,273,5,1574,106,44,50
273,104,1,274,8,1582,147,82,80
274,104,1,275,9,1591,135,135,90
275,104,1,276,7,1598,66,27,70
276,104,1,277,6,1604,85,33,60
277,104,1,278,8,1612,134,134,80
278,104,1,279,7,1619,77,77,70
279,104,1,280,9,1628,89,33,90
280,104,1,281,7,1635,113,55,70
281,104,1,282,4,1639,87,87,40
282,104,1,283,9,1648,90,90,90
283,104,1,284,2,1650,15,6,20
284,104,1,285,3,1653,41,41,30
285,104,1,286,4,1657,37,16,40
286,104,1,287,5,1662,71,35,50
287,104,1,288,4,1666,81,81,40
288,104,1,289,2,1668,33,8,20
289,104,1,290,8,1676,98,41,80
290,104,1,291,8,1684,131,67,80
291,104,1,292,7,1691,129,44,70
292,104,1,293,2,1693,101,48,20
293,104,1,294,6,1699,115,39,60
294,104,1,295,9,1708,157,67,90
295,104,1,296,3,1711,126,126,30
296,104,1,297,7,1718,53,19,70
297,104,1,298,3,1721,63,25,30
298,104,1,299,7,1728,124,124,70
299,104,1,300,7,1735,70,33,70
300,104,1,301,8,1743,126,55,80
301,104,1,302,7,1750,156,156,70
302,104,1,303,8,1758,70,25,80
303,104,1,304,7,1765,112,46,70
304,104,1,305,7,1772,132,59,70
305,104,1,306,2,1774,89,46,20
306,104,1,307,2,1776,58,26,20
307,104,1,308,4,1780,68,42,40
308,104,1,309,3,1783,47,14,30
309,104,1,310,4,1787,77,31,40
310,104,1,311,6,1793,101,40,60
311,104,1,312,4,1797,96,39,40
312,104,1,313,4,1801,100,100,40
313,104,1,314,9,1810,100,100,90
314,104,1,315,2,1812,36,18,20
315,104,1,316,4,1816,69,31,40
316,104,1,317,6,1822,97,36,60
317,104,1,318,5,1827,102,48,50
318,104,1,319,7,1834,117,117,70
319,104,1,320,5,1839,56,20,50
320,104,1,321,9,1848,130,59,90
321,104,1,322,9,1857,162,71,90
322,104,1,323,2,1859,110,50,20
323,104,1,324,5,1864,98,48,50
324,104,1,325,4,1868,84,28,40
325,104,1,326,2,1870,73,35,20
326,104,1,327,5,1875,84,84,50
327,104,1,328,9,1884,83,83,90
328,104,1,329,9,1893,103,51,90
329,104,1,330,4,1897,100,100,40
330,104,1,331,4,1901,45,45,40
331,104,1,332,7,1908,69,69,70
332,104,1,333,4,1912,38,18,40
333,104,1,334,6,1918,89,41,60
334,104,1,335,7,1925,102,49,70
335,104,1,336,8,1933,125,56,80
336,104,1,337,6,1939,142,64,60
337,104,1,338,2,1941,103,39,20
338,104,1,339,6,1947,120,120,60
339,104,1,340,8,1955,84,84,80
340,104,1,341,9,1964,86,86,90
341,104,1,342,3,1967,31,12,30
342,104,1,343,4,1971,59,33,40
343,104,1,344,5,1976,80,80,50
344,104,1,345,5,1981,40,19,50
345,104,1,346,2,1983,47,17,20
346,104,1,347,2,1985,46,20,20
347,104,1,348,4,1989,69,34,40
348,104,1,349,9,1998,121,55,90
349,104,1,350,2,2000,86,38,20
350,104,1,351,2,2002,72,36,20
351,104,1,352,7,2009,119,47,70
352,104,1,353,7,2016,146,67,70
353,104,1,354,2,2018,104,54,20
354,104,1,355,8,2026,125,125,80
355,104,1,356,9,2035,91,37,90
356,104,1,357,6,2041,111,42,60
357,104,1,358,6,2047,122,42,60
358,104,1,359,7,2054,162,162,70
359,104,1,360,3,2057,22,22,30
360,104,1,361,2,2059,15,6,20
361,104,1,362,4,2063,45,18,40
362,104,1,363,9,2072,118,49,90
363,104,1,364,6,2078,138,138,60
364,104,1,365,8,2086,75,29,80
365,104,1,366,6,2092,108,38,60
366,104,1,367,6,2098,143,63,60
367,104,1,368,9,2107,165,70,90
368,104,1,369,9,2116,175,83,90
369,104,1,370,4,2120,140,140,40
370,104,1,371,8,2128,85,85,80
371,104,1,372,6,2134,53,26,60
372,104,1,373,7,2141,88,88,70
373,104,1,374,8,2149,81,81,80
374,104,1,375,4,2153,30,14,40
375,104,1,376,3,2156,37,37,30
376,104,1,377,4,2160,42,21,40
377,104,1,378,5,2165,73,31,50
378,104,1,379,2,2167,65,19,20
379,104,1,380,4,2171,90,34,40
380,104,1,381,8,2179,145,67,80
381,104,1,382,5,2184,128,128,50
382,104,1,383,2,2186,23,12,20
383,104,1,384,2,2188,34,15,20
384,104,1,385,4,2192,50,25,40
385,104,1,386,9,2201,110,51,90
386,104,1,387,5,2206,123,53,50
387,104,1,388,8,2214,148,66,80
388,104,1,389,5,2219,138,138,50
389,104,1,390,9,2228,91,35,90
390,104,1,391,5,2233,111,58,50
391,104,1,392,9,2242,135,57,90
392,104,1,393,9,2251,169,82,90
393,104,1,394,3,2254,131,131,30
394,104,1,395,3,2257,31,31,30
395,104,1,396,3,2260,34,13,30
396,104,1,397,5,2265,63,25,50
397,104,1,398,7,2272,115,41,70
398,104,1,399,3,2275,107,49,30
399,104,1,400,5,2280,110,51,50
400,104,1,401,3,2283,88,38,30
401,104,1,402,7,2290,131,51,70
402,104,1,403,8,2298,162,80,80
403,104,1,404,4,2302,130,64,40
404,104,1,405,8,2310,150,73,80
405,104,1,406,2,2312,95,45,20
406,104,1,407,5,2317,88,88,50
407,104,1,408,3,2320,28,12,30
408,104,1,409,5,2325,60,28,50
409,104,1,410,6,2331,99,41,60
410,104,1,411,3,2334,86,86,30
411,104,1,412,7,2341,88,33,70
412,104,1,413,4,2345,111,52,40
413,104,1,414,5,2350,105,49,50
414,104,1,415,4,2354,96,42,40
415,104,1,416,7,2361,120,120,70
416,104,1,417,2,2363,18,9,20
417,104,1,418,8,2371,85,36,80
418,104,1,419,6,2377,116,48,60
419,104,1,420,6,2383,113,54,60
420,104,1,421,6,2389,116,116,60
421,104,1,422,7,2396,70,70,70
422,104,1,423,2,2398,14,6,20
423,104,1,424,7,2405,73,27,70
424,104,1,425,5,2410,98,98,50
425,104,1,426,4,2414,42,42,40
426,104,1,427,2,2416,19,19,20
427,104,1,428,3,2419,21,8,30
428,104,1,429,8,2427,97,44,80
429,104,1,430,9,2436,136,136,90
430,104,1,431,7,2443,81,35,70
431,104,1,432,3,2446,70,70,30
432,104,1,433,3,2449,28,15,30
433,104,1,434,3,2452,38,13,30
434,104,1,435,6,2458,77,42,60
435,104,1,436,9,2467,126,126,90
436,104,1,437,3,2470,35,35,30
437,104,1,438,2,2472,20,13,20
438,104,1,439,9,2481,102,102,90
439,104,1,440,3,2484,25,15,30
440,104,1,441,9,2493,108,53,90
441,104,1,442,6,2499,107,46,60
442,104,1,443,7,2506,138,71,70
443,104,1,444,8,2514,140,59,80
444,104,1,445,9,2523,193,193,90
445,104,1,446,7,2530,72,32,70
446,104,1,447,9,2539,133,64,90
447,104,1,448,6,2545,117,53,60
448,104,1,449,4,2549,102,41,40
449,104,1,450,5,2554,102,42,50
450,104,1,451,2,2556,85,46,20
451,104,1,452,9,2565,135,49,90
452,104,1,453,7,2572,147,62,70
453,104,1,454,9,2581,176,75,90
454,104,1,455,8,2589,181,83,80
455,104,1,456,3,2592,128,128,30
456,104,1,457,4,2596,43,43,40
457,104,1,458,7,2603,66,34,70
458,104,1,459,6,2609,83,45,60
459,104,1,460,3,2612,73,26,30
460,104,1,461,5,2617,93,30,50
461,104,1,462,7,2624,133,58,70
462,104,1,463,9,2633,176,78,90
463,104,1,464,9,2642,195,89,90
464,104,1,465,6,2648,172,85,60
465,104,1,466,2,2650,108,41,20
466,104,1,467,6,2656,119,65,60
467,104,1,468,7,2663,125,49,70
468,104,1,469,9,2672,165,73,90
469,104,1,470,2,2674,113,54,20
470,104,1,471,7,2681,132,132,70
471,104,1,472,2,2683,17,17,20
472,104,1,473,6,2689,49,27,60
473,104,1,474,6,2695,76,76,60
474,104,1,475,6,2701,63,63,60
475,104,1,476,8,2709,76,34,80
476,104,1,477,3,2712,70,36,30
477,104,1,478,8,2720,121,121,80
478,104,1,479,5,2725,45,18,50
479,104,1,480,3,2728,60,21,30
480,104,1,481,4,2732,82,31,40
481,104,1,482,9,2741,145,69,90
482,104,1,483,8,2749,168,71,80
483,104,1,484,2,2751,114,114,20
484,104,1,485,5,2756,48,24,50
485,104,1,486,8,2764,96,38,80
486,104,1,487,9,2773,144,56,90
487,104,1,488,9,2782,164,164,90
488,104,1,489,8,2790,65,65,80
489,104,1,490,6,2796,59,26,60
490,104,1,491,6,2802,90,45,60
491,104,1,492,2,2804,71,71,20
492,104,1,493,3,2807,45,17,30
493,104,1,494,8,2815,107,107,80
494,104,1,495,3,2818,34,17,30
495,104,1,496,2,2820,41,16,20
496,104,1,497,4,2824,64,64,40
497,104,1,498,6,2830,66,66,60
498,104,1,499,7,2837,72,72,70
499,104,1,500,4,2841,36,20,40
500,104,1,501,3,2844,48,48,30
501,104,1,502,4,2848,46,19,40
502,104,1,503,5,2853,88,88,50
503,104,1,504,8,2861,73,32,80
504,104,1,505,4,2865,76,36,40
505,104,1,506,7,2872,102,102,70
506,104,1,507,6,2878,62,62,60
507,104,1,508,8,2886,95,95,80
508,104,1,509,6,2892,54,21,60
509,104,1,510,7,2899,111,45,70
510,104,1,511,4,2903,101,101,40
511,104,1,512,8,2911,60,29,80
512,104,1,513,6,2917,83,40,60
513,104,1,514,9,2926,144,144,90
514,104,1,515,9,2935,98,48,90
515,104,1,516,2,2937,73,30,20
516,104,1,517,5,2942,85,43,50
517,104,1,518,8,2950,115,49,80
518,104,1,519,3,2953,99,99,30
519,104,1,520,7,2960,81,36,70
520,104,1,521,5,2965,78,78,50
521,104,1,522,4,2969,36,36,40
522,104,1,523,9,2978,80,45,90
523,104,1,524,7,2985,93,93,70
524,104,1,525,7,2992,64,64,70
525,104,1,526,5,2997,51,27,50
526,104,1,527,9,3006,108,52,90
527,104,1,528,3,3009,89,35,30
528,104,1,529,2,3011,71,71,20
529,104,1,530,9,3020,97,97,90
530,104,1,531,7,3027,93,41,70
531,104,1,532,6,3033,100,48,60
532,104,1,533,5,3038,104,104,50
533,104,1,534,7,3045,66,33,70
534,104,1,535,6,3051,97,97,60
535,104,1,536,3,3054,32,13,30
536,104,1,537,2,3056,35,35,20
537,104,1,538,7,3063,65,26,70
538,104,1,539,7,3070,111,52,70
539,104,1,540,5,3075,108,108,50
540,104,1,541,8,3083,74,32,80
541,104,1,542,3,3086,87,43,30
542,104,1,543,8,3094,122,70,80
543,104,1,544,5,3099,99,41,50
544,104,1,545,3,3102,93,44,30
545,104,1,546,7,3109,114,114,70
546,104,1,547,7,3116,50,50,70
547,104,1,548,2,3118,23,23,20
548,104,1,549,2,3120,21,10,20
549,104,1,550,8,3128,94,42,80
550,104,1,551,6,3134,127,127,60
551,104,1,552,7,3141,80,80,70
552,104,1,553,4,3145,32,16,40
553,104,1,554,2,3147,38,14,20
554,104,1,555,6,3153,84,42,60
555,104,1,556,6,3159,96,40,60
556,104,1,557,8,3167,126,49,80
557,104,1,558,7,3174,151,70,70
558,104,1,559,3,3177,115,51,30
559,104,1,560,6,3183,127,50,60
560,104,1,561,6,3189,122,52,60
561,104,1,562,6,3195,120,44,60
562,104,1,563,3,3198,99,41,30
563,104,1,564,9,3207,134,70,90
564,104,1,565,8,3215,152,69,80
565,104,1,566,4,3219,117,48,40
566,104,1,567,2,3221,92,37,20
567,104,1,568,4,3225,92,41,40
568,104,1,569,2,3227,64,33,20
569,104,1,570,6,3233,95,44,60
570,104,1,571,9,3242,137,70,90
571,104,1,572,7,3249,138,61,70
572,104,1,573,6,3255,137,53,60
573,104,1,574,2,3257,103,42,20
574,104,1,575,5,3262,109,53,50
575,104,1,576,5,3267,100,41,50
576,104,1,577,7,3274,125,125,70
577,104,1,578,9,3283,68,26,90
578,104,1,579,3,3286,75,41,30
579,104,1,580,4,3290,71,71,40
580,104,1,581,3,3293,31,13,30
581,104,1,582,3,3296,46,18,30
582,104,1,583,6,3302,80,42,60
583,104,1,584,5,3307,88,36,50
584,104,1,585,2,3309,69,25,20
585,104,1,586,4,3313,82,34,40
586,104,1,587,6,3319,98,32,60
587,104,1,588,6,3325,117,46,60
588,104,1,589,2,3327,95,37,20
589,104,1,590,2,3329,75,75,20
590,104,1,591,2,3331,29,8,20
591,104,1,592,2,3333,49,24,20
592,104,1,593,4,3337,69,28,40
593,104,1,594,8,3345,106,106,80
594,104,1,595,3,3348,27,9,30
595,104,1,596,4,3352,50,20,40
596,104,1,597,4,3356,79,39,40
597,104,1,598,3,3359,62,27,30
598,104,1,599,9,3368,101,52,90
599,104,1,600,5,3373,113,50,50
600,104,1,601,8,3381,137,63,80
601,104,1,602,6,3387,132,64,60
602,104,1,603,8,3395,129,62,80
603,104,1,604,9,3404,163,70,90
604,104,1,605,4,3408,127,48,40
605,104,1,606,2,3410,91,39,20
606,104,1,607,2,3412,73,27,20
607,104,1,608,5,3417,95,43,50
608,104,1,609,7,3424,132,60,70
609,104,1,610,5,3429,104,38,50
610,104,1,611,6,3435,127,127,60
611,104,1,612,3,3438,31,11,30
612,104,1,613,2,3440,42,20,20
613,104,1,614,9,3449,106,51,90
614,104,1,615,3,3452,89,41,30
615,104,1,616,6,3458,106,44,60
616,104,1,617,5,3463,115,43,50
617,104,1,618,3,3466,110,110,30
618,104,1,619,3,3469,21,10,30
619,104,1,620,9,3478,99,47,90
620,104,1,621,6,3484,111,47,60
621,104,1,622,2,3486,85,39,20
622,104,1,623,5,3491,93,44,50
623,104,1,624,2,3493,72,72,20
624,104,1,625,4,3497,37,37,40
625,104,1,626,6,3503,63,29,60
626,104,1,627,3,3506,63,63,30
627,104,1,628,2,3508,21,10,20
628,104,1,629,5,3513,63,35,50
629,104,1,630,3,3516,55,32,30
630,104,1,631,5,3521,56,56,50
631,104,1,632,6,3527,59,31,60
632,104,1,633,7,3534,95,95,70
633,104,1,634,2,3536,20,20,20
634,104,1,635,8,3544,80,34,80
635,104,1,636,4,3548,99,51,40
636,104,1,637,5,3553,109,109,50
637,104,1,638,8,3561,68,68,80
638,104,1,639,8,3569,83,83,80
639,104,1,640,6,3575,62,62,60
640,104,1,641,6,3581,47,21,60
641,104,1,642,5,3586,55,55,50
642,104,1,643,2,3588,14,5,20
643,104,1,644,9,3597,85,34,90
644,104,1,645,7,3604,110,46,70
645,104,1,646,3,3607,92,44,30
646,104,1,647,8,3615,127,127,80
647,104,1,648,9,3624,96,43,90
648,104,1,649,6,3630,109,109,60
649,104,1,650,2,3632,24,8,20
650,104,1,651,6,3638,80,38,60
651,104,1,652,7,3645,98,41,70
652,104,1,653,9,3654,146,146,90
653,104,1,654,2,3656,15,6,20
654,104,1,655,5,3661,61,29,50
655,104,1,656,4,3665,68,33,40
656,104,1,657,7,3672,101,101,70
657,104,1,658,6,3678,63,31,60
658,104,1,659,6,3684,96,36,60
659,104,1,660,5,3689,104,104,50
660,104,1,661,8,3697,81,81,80
661,104,1,662,3,3700,24,24,30
662,104,1,663,8,3708,83,83,80
663,104,1,664,7,3715,73,29,70
664,104,1,665,4,3719,87,33,40
665,104,1,666,3,3722,79,36,30
666,104,1,667,3,3725,73,32,30
667,104,1,668,5,3730,90,42,50
668,104,1,669,7,3737,118,53,70
669,104,1,670,6,3743,108,46,60
670,104,1,671,8,3751,149,73,80
671,104,1,672,7,3758,135,135,70
672,104,1,673,6,3764,61,17,60
673,104,1,674,6,3770,104,48,60
674,104,1,675,4,3774,94,48,40
675,104,1,676,6,3780,118,58,60
676,104,1,677,2,3782,81,34,20
677,104,1,678,3,3785,73,73,30
678,104,1,679,5,3790,44,44,50
679,104,1,680,5,3795,52,25,50
680,104,1,681,4,3799,70,70,40
681,104,1,682,7,3806,77,77,70
682,104,1,683,9,3815,86,41,90
683,104,1,684,4,3819,76,28,40
684,104,1,685,7,3826,117,52,70
685,104,1,686,2,3828,84,32,20
686,104,1,687,2,3830,71,41,20
687,104,1,688,7,3837,95,43,70
688,104,1,689,7,3844,124,65,70
689,104,1,690,9,3853,147,147,90
690,104,1,691,3,3856,26,26,30
691,104,1,692,4,3860,39,15,40
692,104,1,693,5,3865,80,24,50
693,104,1,694,4,3869,94,49,40
694,104,1,695,9,3878,131,64,90
695,104,1,696,6,3884,122,54,60
696,104,1,697,4,3888,102,56,40
697,104,1,698,8,3896,128,128,80
698,104,1,699,8,3904,65,33,80
699,104,1,700,4,3908,83,37,40
700,104,1,701,8,3916,113,43,80
701,104,1,702,9,3925,173,173,90
702,104,1,703,9,3934,90,34,90
703,104,1,704,8,3942,137,60,80
704,104,1,705,6,3948,133,54,60
705,104,1,706,2,3950,110,43,20
706,104,1,707,9,3959,152,152,90
707,104,1,708,2,3961,16,8,20
708,104,1,709,3,3964,37,37,30
709,104,1,710,6,3970,41,16,60
710,104,1,711,7,3977,88,37,70
711,104,1,712,9,3986,139,62,90
712,104,1,713,9,3995,176,76,90
713,104,1,714,8,4003,201,100,80
714,104,1,715,5,4008,143,78,50
715,104,1,716,4,4012,94,41,40
716,104,1,717,9,4021,139,68,90
717,104,1,718,6,4027,131,63,60
718,104,1,719,6,4033,123,54,60
719,104,1,720,5,4038,118,50,50
720,104,1,721,5,4043,125,54,50
721,104,1,722,4,4047,108,108,40
722,104,1,723,5,4052,49,17,50
723,104,1,724,2,4054,48,20,20
724,104,1,725,5,4059,80,80,50
725,104,1,726,6,4065,63,24,60
726,104,1,727,5,4070,81,38,50
727,104,1,728,8,4078,115,52,80
728,104,1,729,7,4085,135,135,70
729,104,1,730,3,4088,37,15,30
730,104,1,731,2,4090,46,24,20
731,104,1,732,6,4096,80,33,60
732,104,1,733,8,4104,124,124,80
733,104,1,734,2,4106,23,8,20
734,104,1,735,4,4110,58,25,40
735,104,1,736,6,4116,81,40,60
736,104,1,737,8,4124,123,123,80
737,104,1,738,3,4127,29,29,30
738,104,1,739,6,4133,60,28,60
739,104,1,740,3,4136,53,22,30
740,104,1,741,8,4144,104,104,80
741,104,1,742,4,4148,44,44,40
742,104,1,743,3,4151,32,16,30
743,104,1,744,8,4159,91,91,80
744,104,1,745,5,4164,51,23,50
745,104,1,746,2,4166,44,17,20
746,104,1,747,6,4172,77,77,60
747,104,1,748,8,4180,91,91,80
748,104,1,749,5,4185,45,20,50
749,104,1,750,7,4192,95,40,70
750,104,1,751,7,4199,126,55,70
751,104,1,752,2,4201,93,93,20
752,104,1,753,8,4209,78,38,80
753,104,1,754,6,4215,95,41,60
754,104,1,755,5,4220,107,50,50
755,104,1,756,2,4222,73,73,20
756,104,1,757,7,4229,74,36,70
757,104,1,758,6,4235,107,51,60
758,104,1,759,6,4241,134,134,60
759,104,1,760,9,4250,108,108,90
760,104,1,761,9,4259,100,49,90
761,104,1,762,3,4262,84,36,30
762,104,1,763,9,4271,142,64,90
763,104,1,764,7,4278,138,138,70
764,104,1,765,6,4284,56,56,60
765,104,1,766,7,4291,60,23,70
766,104,1,767,9,4300,123,123,90
767,104,1,768,6,4306,53,53,60
768,104,1,769,7,4313,71,32,70
769,104,1,770,2,4315,59,59,20
770,104,1,771,4,4319,46,22,40
771,104,1,772,2,4321,51,21,20
772,104,1,773,9,4330,126,56,90
773,104,1,774,6,4336,134,59,60
774,104,1,775,2,4338,99,37,20
775,104,1,776,7,4345,122,49,70
776,104,1,777,6,4351,146,56,60
777,104,1,778,5,4356,124,124,50
778,104,1,779,8,4364,83,83,80
779,104,1,780,9,4373,95,41,90
780,104,1,781,9,4382,144,58,90
781,104,1,782,8,4390,180,79,80
782,104,1,783,5,4395,151,70,50
783,104,1,784,4,4399,118,118,40
784,104,1,785,2,4401,16,16,20
785,104,1,786,7,4408,68,33,70
786,104,1,787,9,4417,107,107,90
787,104,1,788,9,4426,94,36,90
788,104,1,789,5,4431,119,48,50
789,104,1,790,8,4439,158,75,80
790,104,1,791,6,4445,142,142,60
791,104,1,792,2,4447,16,4,20
792,104,1,793,2,4449,31,31,20
793,104,1,794,2,4451,22,22,20
794,104,1,795,4,4455,39,39,40
795,104,1,796,6,4461,62,62,60
796,104,1,797,4,4465,30,12,40
797,104,1,798,5,4470,67,36,50
798,104,1,799,6,4476,104,49,60
799,104,1,800,4,4480,89,31,40
800,104,1,801,9,4489,150,150,90
801,104,1,802,6,4495,53,27,60
802,104,1,803,2,4497,45,20,20
803,104,1,804,4,4501,61,22,40
804,104,1,805,6,4507,101,48,60
805,104,1,806,8,4515,137,55,80
806,104,1,807,4,4519,136,64,40
807,104,1,808,4,4523,112,47,40
808,104,1,809,2,4525,84,38,20
809,104,1,810,4,4529,84,33,40
810,104,1,811,4,4533,89,42,40
811,104,1,812,7,4540,124,43,70
812,104,1,813,8,4548,167,89,80
813,104,1,814,3,4551,111,52,30
814,104,1,815,6,4557,124,58,60
815,104,1,816,7,4564,130,130,70
816,104,1,817,9,4573,93,47,90
817,104,1,818,3,4576,81,33,30
818,104,1,819,6,4582,95,95,60
819,104,1,820,7,4589,61,24,70
820,104,1,821,8,4597,126,126,80
821,104,1,822,2,4599,11,6,20
822,104,1,823,9,4608,91,45,90
823,104,1,824,9,4617,126,65,90
824,104,1,825,4,4621,100,100,40
825,104,1,826,7,4628,82,38,70
826,104,1,827,3,4631,68,68,30
827,104,1,828,4,4635,38,24,40
828,104,1,829,7,4642,82,36,70
829,104,1,830,6,4648,111,111,60
830,104,1,831,7,4655,66,28,70
831,104,1,832,2,4657,60,60,20
832,104,1,833,6,4663,61,33,60
833,104,1,834,4,4667,74,32,40
834,104,1,835,9,4676,136,136,90
835,104,1,836,8,4684,85,37,80
836,104,1,837,5,4689,111,111,50
837,104,1,838,9,4698,95,41,90
838,104,1,839,2,4700,77,33,20
839,104,1,840,5,4705,95,36,50
840,104,1,841,6,4711,113,113,60
841,104,1,842,6,4717,66,28,60
842,104,1,843,5,4722,83,83,50
843,104,1,844,6,4728,60,30,60
844,104,1,845,9,4737,126,55,90
845,104,1,846,7,4744,143,62,70
846,104,1,847,3,4747,114,39,30
847,104,1,848,4,4751,124,59,40
848,104,1,849,4,4755,111,47,40
849,104,1,850,8,4763,142,57,80
850,104,1,851,3,4766,107,107,30
851,104,1,852,5,4771,54,22,50
852,104,1,853,8,4779,117,117,80
853,104,1,854,8,4787,80,80,80
854,104,1,855,3,4790,23,23,30
855,104,1,856,4,4794,45,27,40
856,104,1,857,4,4798,55,20,40
857,104,1,858,2,4800,56,24,20
858,104,1,859,2,4802,56,56,20
859,104,1,860,9,4811,82,82,90
860,104,1,861,6,4817,53,25,60
861,104,1,862,8,4825,104,42,80
862,104,1,863,5,4830,110,56,50
863,104,1,864,4,4834,101,38,40
864,104,1,865,6,4840,138,138,60
865,104,1,866,6,4846,68,23,60
866,104,1,867,5,4851,99,48,50
867,104,1,868,2,4853,68,39,20
868,104,1,869,8,4861,108,108,80
869,104,1,870,3,4864,35,14,30
870,104,1,871,7,4871,86,86,70
871,104,1,872,5,4876,50,24,50
872,104,1,873,3,4879,57,57,30
873,104,1,874,8,4887,82,32,80
874,104,1,875,3,4890,81,81,30
875,104,1,876,5,4895,39,18,50
876,104,1,877,9,4904,119,44,90
877,104,1,878,3,4907,99,99,30
878,104,1,879,8,4915,82,34,80
879,104,1,880,4,4919,78,31,40
880,104,1,881,8,4927,140,65,80
881,104,1,882,9,4936,160,69,90
882,104,1,883,2,4938,106,106,20
883,104,1,884,5,4943,55,55,50
884,104,1,885,2,4945,18,9,20
885,104,1,886,4,4949,53,27,40
886,104,1,887,3,4952,57,30,30
887,104,1,888,7,4959,83,34,70
888,104,1,889,6,4965,117,117,60
889,104,1,890,2,4967,14,14,20
890,104,1,891,3,4970,29,29,30
891,104,1,892,7,4977,69,36,70
892,104,1,893,4,4981,65,37,40
893,104,1,894,2,4983,56,30,20
894,104,1,895,8,4991,97,97,80
895,104,1,896,5,4996,63,29,50
896,104,1,897,3,4999,69,30,30
897,104,2,1,9,9,77,28,90
898,104,2,2,3,12,79,31,30
899,104,2,3,4,16,96,42,40
900,104,2,4,7,23,126,53,70
901,104,2,5,2,25,87,87,20
902,104,2,6,4,29,48,48,40
903,104,2,7,4,33,40,21,40
904,104,2,8,6,39,61,29,60
905,104,2,9,6,45,106,106,60
906,104,2,10,3,48,39,15,30
907,104,2,11,2,50,45,22,20
908,104,2,12,9,59,111,53,90
909,104,2,13,3,62,95,34,30
910,104,2,14,5,67,122,55,50
911,104,2,15,6,73,122,63,60
912,104,2,16,6,79,117,117,60
913,104,2,17,3,82,34,11,30
914,104,2,18,3,85,66,22,30
915,104,2,19,3,88,72,72,30
916,104,2,20,3,91,29,12,30
917,104,2,21,5,96,59,59,50
918,104,2,22,5,101,47,47,50
919,104,2,23,8,109,91,91,80
920,104,2,24,6,115,40,18,60
921,104,2,25,3,118,48,18,30
922,104,2,26,3,121,64,32,30
923,104,2,27,9,130,123,123,90
924,104,2,28,3,133,31,31,30
925,104,2,29,6,139,59,23,60
926,104,2,30,8,147,125,125,80
927,104,2,31,9,156,88,41,90
928,104,2,32,9,165,132,51,90
929,104,2,33,7,172,149,149,70
930,104,2,34,7,179,85,40,70
931,104,2,35,6,185,100,42,60
932,104,2,36,8,193,143,70,80
933,104,2,37,2,195,93,36,20
934,104,2,38,6,201,124,124,60
935,104,2,39,6,207,64,32,60
936,104,2,40,7,214,90,90,70
937,104,2,41,5,219,61,26,50
938,104,2,42,5,224,85,41,50
939,104,2,43,7,231,113,57,70
940,104,2,44,8,239,132,132,80
941,104,2,45,8,247,87,53,80
942,104,2,46,6,253,107,107,60
943,104,2,47,4,257,40,16,40
944,104,2,48,4,261,60,60,40
945,104,2,49,7,268,79,34,70
946,104,2,50,3,271,73,73,30
947,104,2,51,8,279,72,33,80
948,104,2,52,9,288,140,53,90
949,104,2,53,7,295,151,72,70
950,104,2,54,5,300,123,54,50
951,104,2,55,8,308,147,147,80
952,104,2,56,6,314,65,65,60
953,104,2,57,3,317,35,35,30
954,104,2,58,9,326,86,33,90
955,104,2,59,5,331,94,47,50
956,104,2,60,5,336,96,38,50
957,104,2,61,6,342,107,49,60
958,104,2,62,6,348,119,119,60
959,104,2,63,3,351,17,6,30
960,104,2,64,4,355,53,53,40
961,104,2,65,2,357,20,5,20
962,104,2,66,6,363,68,34,60
963,104,2,67,7,370,100,45,70
964,104,2,68,4,374,103,103,40
965,104,2,69,8,382,83,83,80
966,104,2,70,7,389,59,26,70
967,104,2,71,6,395,98,40,60
968,104,2,72,6,401,130,130,60
969,104,2,73,9,410,94,94,90
970,104,2,74,7,417,68,22,70
971,104,2,75,5,422,94,52,50
972,104,2,76,6,428,108,108,60
973,104,2,77,4,432,36,12,40
974,104,2,78,6,438,97,97,60
975,104,2,79,7,445,76,76,70
976,104,2,80,4,449,44,24,40
977,104,2,81,3,452,43,18,30
978,104,2,82,7,459,92,35,70
979,104,2,83,6,465,119,47,60
980,104,2,84,3,468,98,43,30
981,104,2,85,5,473,116,55,50
982,104,2,86,8,481,148,57,80
983,104,2,87,6,487,153,55,60
984,104,2,88,7,494,185,82,70
985,104,2,89,2,496,116,55,20
986,104,2,90,3,499,82,82,30
987,104,2,91,2,501,14,5,20
988,104,2,92,5,506,59,24,50
989,104,2,93,8,514,118,118,80
990,104,2,94,2,516,20,9,20
991,104,2,95,3,519,46,46,30
992,104,2,96,7,526,68,68,70
993,104,2,97,5,531,58,21,50
994,104,2,98,9,540,146,146,90
995,104,2,99,7,547,70,36,70
996,104,2,100,3,550,59,34,30
997,104,2,101,2,552,55,26,20
998,104,2,102,5,557,75,32,50
999,104,2,103,6,563,92,92,60
1000,104,2,104,4,567,47,23,40
1001,104,2,105,8,575,97,52,80
1002,104,2,106,6,581,103,42,60
1003,104,2,107,3,584,87,49,30
1004,104,2,108,9,593,125,46,90
1005,104,2,109,5,598,130,61,50
1006,104,2,110,3,601,87,40,30
1007,104,2,111,8,609,121,57,80
1008,104,2,112,5,614,109,41,50
1009,104,2,113,9,623,153,153,90
1010,104,2,114,2,625,24,11,20
1011,104,2,115,8,633,89,49,80
1012,104,2,116,2,635,50,50,20
1013,104,2,117,6,641,61,33,60
1014,104,2,118,5,646,91,40,50
1015,104,2,119,9,655,148,66,90
1016,104,2,120,4,659,120,54,40
1017,104,2,121,2,661,84,84,20
1018,104,2,122,2,663,23,10,20
1019,104,2,123,3,666,48,23,30
1020,104,2,124,4,670,58,58,40
1021,104,2,125,7,677,67,32,70
1022,104,2,126,2,679,49,49,20
1023,104,2,127,7,686,67,28,70
1024,104,2,128,7,693,103,41,70
1025,104,2,129,7,700,135,69,70
1026,104,2,130,4,704,96,40,40
1027,104,2,131,8,712,145,145,80
1028,104,2,132,6,718,63,28,60
1029,104,2,133,9,727,124,124,90
1030,104,2,134,4,731,49,14,40
1031,104,2,135,3,734,67,33,30
1032,104,2,136,3,737,60,60,30
1033,104,2,137,3,740,33,14,30
1034,104,2,138,7,747,80,32,70
1035,104,2,139,5,752,95,32,50
1036,104,2,140,3,755,95,43,30
1037,104,2,141,9,764,146,66,90
1038,104,2,142,8,772,163,76,80
1039,104,2,143,3,775,106,53,30
1040,104,2,144,2,777,73,35,20
1041,104,2,145,7,784,109,57,70
1042,104,2,146,6,790,108,108,60
1043,104,2,147,9,799,78,78,90
1044,104,2,148,5,804,40,40,50
1045,104,2,149,4,808,37,37,40
1046,104,2,150,9,817,116,50,90
1047,104,2,151,6,823,129,129,60
1048,104,2,152,6,829,59,31,60
1049,104,2,153,9,838,113,48,90
1050,104,2,154,5,843,118,42,50
1051,104,2,155,2,845,90,39,20
1052,104,2,156,5,850,105,44,50
1053,104,2,157,3,853,91,46,30
1054,104,2,158,7,860,117,46,70
1055,104,2,159,4,864,115,55,40
1056,104,2,160,5,869,96,40,50
1057,104,2,161,4,873,97,46,40
1058,104,2,162,7,880,115,55,70
1059,104,2,163,4,884,95,36,40
1060,104,2,164,4,888,99,99,40
1061,104,2,165,4,892,48,19,40
1062,104,2,166,8,900,98,45,80
1063,104,2,167,7,907,129,68,70
1064,104,2,168,9,916,149,63,90
1065,104,2,169,6,922,141,71,60
1066,104,2,170,2,924,93,93,20
1067,104,2,171,5,929,58,30,50
1068,104,2,172,5,934,76,33,50
1069,104,2,173,8,942,124,56,80
1070,104,2,174,8,950,145,64,80
1071,104,2,175,8,958,161,76,80
1072,104,2,176,8,966,171,74,80
1073,104,2,177,9,975,195,97,90
1074,104,2,178,4,979,147,63,40
1075,104,2,179,9,988,172,73,90
1076,104,2,180,9,997,203,87,90
1077,104,2,181,2,999,136,63,20
1078,104,2,182,9,1008,162,68,90
1079,104,2,183,6,1014,150,68,60
1080,104,2,184,8,1022,180,88,80
1081,104,2,185,6,1028,164,75,60
1082,104,2,186,3,1031,124,59,30
1083,104,2,187,9,1040,154,80,90
1084,104,2,188,9,1049,172,72,90
1085,104,2,189,6,1055,157,65,60
1086,104,2,190,3,1058,114,56,30
1087,104,2,191,7,1065,137,53,70
1088,104,2,192,4,1069,121,51,40
1089,104,2,193,9,1078,153,153,90
1090,104,2,194,5,1083,42,20,50
1091,104,2,195,8,1091,103,36,80
1092,104,2,196,3,1094,103,42,30
1093,104,2,197,4,1098,95,48,40
1094,104,2,198,7,1105,117,56,70
1095,104,2,199,3,1108,95,95,30
1096,104,2,200,5,1113,46,46,50
1097,104,2,201,9,1122,90,40,90
1098,104,2,202,9,1131,132,132,90
1099,104,2,203,9,1140,82,82,90
1100,104,2,204,3,1143,37,37,30
1101,104,2,205,2,1145,29,29,20
1102,104,2,206,9,1154,84,43,90
1103,104,2,207,8,1162,115,115,80
1104,104,2,208,6,1168,55,55,60
1105,104,2,209,7,1175,73,29,70
1106,104,2,210,8,1183,126,44,80
1107,104,2,211,5,1188,130,53,50
1108,104,2,212,5,1193,116,50,50
1109,104,2,213,2,1195,82,82,20
1110,104,2,214,4,1199,35,14,40
1111,104,2,215,2,1201,42,20,20
1112,104,2,216,4,1205,67,23,40
1113,104,2,217,6,1211,97,34,60
1114,104,2,218,6,1217,130,60,60
1115,104,2,219,7,1224,136,54,70
1116,104,2,220,8,1232,167,167,80
1117,104,2,221,4,1236,37,37,40
1118,104,2,222,8,1244,78,32,80
1119,104,2,223,4,1248,85,85,40
1120,104,2,224,6,1254,53,23,60
1121,104,2,225,8,1262,113,49,80
1122,104,2,226,4,1266,98,39,40
1123,104,2,227,5,1271,110,110,50
1124,104,2,228,7,1278,79,43,70
1125,104,2,229,8,1286,133,58,80
1126,104,2,230,6,1292,140,66,60
1127,104,2,231,5,1297,123,123,50
1128,104,2,232,5,1302,49,19,50
1129,104,2,233,7,1309,112,45,70
1130,104,2,234,4,1313,110,45,40
1131,104,2,235,9,1322,150,64,90
1132,104,2,236,3,1325,120,50,30
1133,104,2,237,7,1332,145,77,70
1134,104,2,238,5,1337,111,53,50
1135,104,2,239,8,1345,148,148,80
1136,104,2,240,6,1351,51,20,60
1137,104,2,241,9,1360,115,51,90
1138,104,2,242,5,1365,112,112,50
1139,104,2,243,9,1374,108,41,90
1140,104,2,244,6,1380,135,135,60
1141,104,2,245,4,1384,32,14,40
1142,104,2,246,8,1392,94,41,80
1143,104,2,247,3,1395,77,38,30
1144,104,2,248,6,1401,115,115,60
1145,104,2,249,5,1406,49,49,50
1146,104,2,250,4,1410,32,32,40
1147,104,2,251,2,1412,22,22,20
1148,104,2,252,4,1416,48,18,40
1149,104,2,253,3,1419,63,24,30
1150,104,2,254,9,1428,140,140,90
1151,104,2,255,6,1434,63,26,60
1152,104,2,256,4,1438,87,37,40
1153,104,2,257,6,1444,106,106,60
1154,104,2,258,2,1446,27,27,20
1155,104,2,259,5,1451,41,41,50
1156,104,2,260,6,1457,49,49,60
1157,104,2,261,9,1466,82,32,90
1158,104,2,262,9,1475,129,60,90
1159,104,2,263,3,1478,107,49,30
1160,104,2,264,3,1481,96,38,30
1161,104,2,265,2,1483,82,38,20
1162,104,2,266,5,1488,95,36,50
1163,104,2,267,3,1491,89,33,30
1164,104,2,268,8,1499,130,61,80
1165,104,2,269,8,1507,148,148,80
1166,104,2,270,7,1514,89,41,70
1167,104,2,271,5,1519,95,95,50
1168,104,2,272,4,1523,44,44,40
1169,104,2,273,3,1526,30,30,30
1170,104,2,274,9,1535,96,96,90
1171,104,2,275,5,1540,44,14,50
1172,104,2,276,9,1549,136,63,90
1173,104,2,277,8,1557,151,62,80
1174,104,2,278,7,1564,160,63,70
1175,104,2,279,4,1568,121,121,40
1176,104,2,280,7,1575,68,27,70
1177,104,2,281,7,1582,101,45,70
1178,104,2,282,4,1586,95,43,40
1179,104,2,283,8,1594,139,139,80
1180,104,2,284,7,1601,63,63,70
1181,104,2,285,8,1609,63,27,80
1182,104,2,286,4,1613,69,31,40
1183,104,2,287,2,1615,54,33,20
1184,104,2,288,8,1623,90,90,80
1185,104,2,289,9,1632,77,30,90
1186,104,2,290,7,1639,125,61,70
1187,104,2,291,9,1648,145,145,90
1188,104,2,292,4,1652,46,22,40
1189,104,2,293,9,1661,108,108,90
1190,104,2,294,5,1666,54,54,50
1191,104,2,295,4,1670,36,16,40
1192,104,2,296,3,1673,49,20,30
1193,104,2,297,3,1676,61,26,30
1194,104,2,298,4,1680,82,41,40
1195,104,2,299,8,1688,127,59,80
1196,104,2,300,3,1691,96,41,30
1197,104,2,301,6,1697,119,119,60
1198,104,2,302,5,1702,46,46,50
1199,104,2,303,6,1708,60,24,60
1200,104,2,304,9,1717,123,123,90
1201,104,2,305,5,1722,51,15,50
1202,104,2,306,3,1725,58,29,30
1203,104,2,307,8,1733,112,47,80
1204,104,2,308,3,1736,100,48,30
1205,104,2,309,7,1743,119,50,70
1206,104,2,310,3,1746,99,43,30
1207,104,2,311,7,1753,133,133,70
1208,104,2,312,9,1762,97,97,90
1209,104,2,313,6,1768,61,31,60
1210,104,2,314,5,1773,87,33,50
1211,104,2,315,6,1779,119,50,60
1212,104,2,316,7,1786,149,149,70
1213,104,2,317,6,1792,68,68,60
1214,104,2,318,4,1796,40,40,40
1215,104,2,319,7,1803,82,33,70
1216,104,2,320,6,1809,115,57,60
1217,104,2,321,6,1815,117,51,60
1218,104,2,322,8,1823,145,68,80
1219,104,2,323,8,1831,153,153,80
1220,104,2,324,7,1838,86,86,70
1221,104,2,325,4,1842,38,21,40
1222,104,2,326,6,1848,69,25,60
1223,104,2,327,7,1855,109,109,70
1224,104,2,328,9,1864,117,117,90
1225,104,2,329,7,1871,64,64,70
1226,104,2,330,8,1879,80,37,80
1227,104,2,331,8,1887,109,48,80
1228,104,2,332,8,1895,157,77,80
1229,104,2,333,2,1897,96,39,20
1230,104,2,334,5,1902,103,50,50
1231,104,2,335,4,1906,97,39,40
1232,104,2,336,8,1914,128,57,80
1233,104,2,337,6,1920,120,120,60
1234,104,2,338,6,1926,53,24,60
1235,104,2,339,8,1934,96,96,80
1236,104,2,340,6,1940,75,34,60
1237,104,2,341,5,1945,89,43,50
1238,104,2,342,8,1953,128,56,80
1239,104,2,343,3,1956,98,42,30
1240,104,2,344,9,1965,143,65,90
1241,104,2,345,3,1968,114,54,30
1242,104,2,346,2,1970,81,37,20
1243,104,2,347,3,1973,64,64,30
1244,104,2,348,3,1976,32,15,30
1245,104,2,349,4,1980,46,46,40
1246,104,2,350,4,1984,38,15,40
1247,104,2,351,9,1993,126,58,90
1248,104,2,352,4,1997,104,57,40
1249,104,2,353,9,2006,144,66,90
1250,104,2,354,3,2009,111,111,30
1251,104,2,355,3,2012,27,10,30
1252,104,2,356,6,2018,67,30,60
1253,104,2,357,2,2020,53,18,20
1254,104,2,358,3,2023,57,29,30
1255,104,2,359,3,2026,64,30,30
1256,104,2,360,4,2030,73,73,40
1257,104,2,361,2,2032,16,8,20
1258,104,2,362,2,2034,28,13,20
1259,104,2,363,3,2037,45,45,30
1260,104,2,364,6,2043,55,26,60
1261,104,2,365,6,2049,90,36,60
1262,104,2,366,4,2053,96,96,40
1263,104,2,367,6,2059,70,30,60
1264,104,2,368,7,2066,106,39,70
1265,104,2,369,5,2071,115,53,50
1266,104,2,370,7,2078,131,63,70
1267,104,2,371,3,2081,98,46,30
1268,104,2,372,4,2085,90,90,40
1269,104,2,373,8,2093,95,50,80
1270,104,2,374,2,2095,69,69,20
1271,104,2,375,3,2098,36,15,30
1272,104,2,376,9,2107,103,103,90
1273,104,2,377,2,2109,22,7,20
1274,104,2,378,9,2118,120,47,90
1275,104,2,379,8,2126,155,72,80
1276,104,2,380,3,2129,114,52,30
1277,104,2,381,8,2137,143,143,80
1278,104,2,382,8,2145,79,35,80
1279,104,2,383,5,2150,95,38,50
1280,104,2,384,7,2157,128,57,70
1281,104,2,385,6,2163,129,61,60
1282,104,2,386,4,2167,111,48,40
1283,104,2,387,7,2174,125,60,70
1284,104,2,388,2,2176,80,80,20
1285,104,2,389,4,2180,33,33,40
1286,104,2,390,9,2189,79,25,90
1287,104,2,391,5,2194,117,59,50
1288,104,2,392,2,2196,72,72,20
1289,104,2,393,5,2201,52,52,50
1290,104,2,394,2,2203,20,9,20
1291,104,2,395,4,2207,59,26,40
1292,104,2,396,6,2213,88,41,60
1293,104,2,397,9,2222,150,72,90
1294,104,2,398,9,2231,165,74,90
1295,104,2,399,2,2233,113,113,20
1296,104,2,400,2,2235,19,19,20
1297,104,2,401,5,2240,42,42,50
1298,104,2,402,2,2242,15,5,20
1299,104,2,403,2,2244,27,10,20
1300,104,2,404,6,2250,65,31,60
1301,104,2,405,5,2255,93,46,50
1302,104,2,406,6,2261,108,108,60
1303,104,2,407,5,2266,59,59,50
1304,104,2,408,7,2273,71,71,70
1305,104,2,409,8,2281,87,87,80
1306,104,2,410,5,2286,47,21,50
1307,104,2,411,5,2291,84,32,50
1308,104,2,412,5,2296,113,113,50
1309,104,2,413,6,2302,63,30,60
1310,104,2,414,6,2308,88,88,60
1311,104,2,415,9,2317,92,40,90
1312,104,2,416,4,2321,84,84,40
1313,104,2,417,3,2324,25,19,30
1314,104,2,418,9,2333,100,48,90
1315,104,2,419,7,2340,112,56,70
1316,104,2,420,7,2347,120,120,70
1317,104,2,421,4,2351,41,18,40
1318,104,2,422,6,2357,86,36,60
1319,104,2,423,5,2362,105,54,50
1320,104,2,424,3,2365,90,44,30
1321,104,2,425,7,2372,121,49,70
1322,104,2,426,7,2379,141,141,70
1323,104,2,427,9,2388,91,91,90
1324,104,2,428,7,2395,60,60,70
1325,104,2,429,5,2400,50,22,50
1326,104,2,430,2,2402,50,21,20
1327,104,2,431,6,2408,79,43,60
1328,104,2,432,5,2413,78,78,50
1329,104,2,433,5,2418,46,23,50
1330,104,2,434,6,2424,74,39,60
1331,104,2,435,7,2431,102,102,70
1332,104,2,436,4,2435,35,35,40
1333,104,2,437,6,2441,55,21,60
1334,104,2,438,8,2449,110,110,80
1335,104,2,439,9,2458,80,80,90
1336,104,2,440,9,2467,95,46,90
1337,104,2,441,7,2474,122,51,70
1338,104,2,442,8,2482,151,71,80
1339,104,2,443,9,2491,158,158,90
1340,104,2,444,5,2496,52,52,50
1341,104,2,445,9,2505,97,38,90
1342,104,2,446,7,2512,133,133,70
1343,104,2,447,4,2516,37,15,40
1344,104,2,448,6,2522,83,83,60
1345,104,2,449,2,2524,24,11,20
1346,104,2,450,2,2526,31,31,20
1347,104,2,451,3,2529,25,7,30
1348,104,2,452,8,2537,102,47,80
1349,104,2,453,8,2545,131,64,80
1350,104,2,454,2,2547,81,34,20
1351,104,2,455,9,2556,145,145,90
1352,104,2,456,6,2562,68,31,60
1353,104,2,457,2,2564,61,24,20
1354,104,2,458,4,2568,64,30,40
1355,104,2,459,6,2574,100,48,60
1356,104,2,460,3,2577,75,36,30
1357,104,2,461,6,2583,97,47,60
1358,104,2,462,7,2590,107,43,70
1359,104,2,463,6,2596,130,64,60
1360,104,2,464,3,2599,95,40,30
1361,104,2,465,4,2603,109,40,40
1362,104,2,466,5,2608,112,59,50
1363,104,2,467,6,2614,109,47,60
1364,104,2,468,9,2623,157,71,90
1365,104,2,469,8,2631,164,164,80
1366,104,2,470,6,2637,56,13,60
1367,104,2,471,5,2642,98,98,50
1368,104,2,472,6,2648,59,31,60
1369,104,2,473,9,2657,138,65,90
1370,104,2,474,8,2665,165,165,80
1371,104,2,475,4,2669,41,25,40
1372,104,2,476,9,2678,94,33,90
1373,104,2,477,2,2680,79,46,20
1374,104,2,478,3,2683,65,32,30
1375,104,2,479,2,2685,59,59,20
1376,104,2,480,9,2694,101,101,90
1377,104,2,481,8,2702,93,39,80
1378,104,2,482,7,2709,103,103,70
1379,104,2,483,4,2713,38,16,40
1380,104,2,484,8,2721,92,92,80
1381,104,2,485,9,2730,97,53,90
1382,104,2,486,4,2734,84,41,40
1383,104,2,487,8,2742,141,59,80
1384,104,2,488,2,2744,111,51,20
1385,104,2,489,9,2753,155,72,90
1386,104,2,490,3,2756,107,46,30
1387,104,2,491,9,2765,159,69,90
1388,104,2,492,9,2774,171,79,90
1389,104,2,493,4,2778,127,127,40
1390,104,2,494,8,2786,66,66,80
1391,104,2,495,7,2793,64,64,70
1392,104,2,496,2,2795,24,12,20
1393,104,2,497,8,2803,99,43,80
1394,104,2,498,7,2810,120,120,70
1395,104,2,499,6,2816,54,26,60
1396,104,2,500,5,2821,76,34,50
1397,104,2,501,2,2823,60,60,20
1398,104,2,502,9,2832,110,47,90
1399,104,2,503,9,2841,149,63,90
1400,104,2,504,2,2843,103,41,20
1401,104,2,505,9,2852,143,143,90
1402,104,2,506,7,2859,76,33,70
1403,104,2,507,9,2868,141,141,90
1404,104,2,508,8,2876,97,97,80
1405,104,2,509,3,2879,38,14,30
1406,104,2,510,6,2885,100,50,60
1407,104,2,511,5,2890,108,53,50
1408,104,2,512,8,2898,147,68,80
1409,104,2,513,2,2900,95,39,20
1410,104,2,514,8,2908,129,129,80
1411,104,2,515,6,2914,60,60,60
1412,104,2,516,3,2917,24,5,30
1413,104,2,517,3,2920,57,57,30
1414,104,2,518,2,2922,22,22,20
1415,104,2,519,9,2931,86,41,90
1416,104,2,520,7,2938,115,60,70
1417,104,2,521,9,2947,145,74,90
1418,104,2,522,2,2949,102,102,20
1419,104,2,523,5,2954,41,14,50
1420,104,2,524,9,2963,138,75,90
1421,104,2,525,5,2968,120,120,50
1422,104,2,526,3,2971,43,22,30
1423,104,2,527,9,2980,100,46,90
1424,104,2,528,7,2987,118,51,70
1425,104,2,529,4,2991,107,45,40
1426,104,2,530,9,3000,143,143,90
1427,104,2,531,6,3006,46,46,60
1428,104,2,532,6,3012,57,24,60
1429,104,2,533,6,3018,93,32,60
1430,104,2,534,4,3022,99,41,40
1431,104,2,535,6,3028,111,111,60
1432,104,2,536,3,3031,34,11,30
1433,104,2,537,9,3040,112,57,90
1434,104,2,538,7,3047,114,114,70
1435,104,2,539,7,3054,72,30,70
1436,104,2,540,7,3061,118,47,70
1437,104,2,541,9,3070,160,62,90
1438,104,2,542,7,3077,180,79,70
1439,104,2,543,5,3082,148,65,50
1440,104,2,544,6,3088,146,77,60
1441,104,2,545,6,3094,136,63,60
1442,104,2,546,3,3097,102,102,30
1443,104,2,547,6,3103,57,26,60
1444,104,2,548,5,3108,90,53,50
1445,104,2,549,9,3117,121,42,90
1446,104,2,550,2,3119,99,99,20
1447,104,2,551,5,3124,58,34,50
1448,104,2,552,4,3128,62,26,40
1449,104,2,553,2,3130,58,25,20
1450,104,2,554,9,3139,124,54,90
1451,104,2,555,2,3141,90,36,20
1452,104,2,556,5,3146,102,37,50
1453,104,2,557,6,3152,123,59,60
1454,104,2,558,6,3158,135,135,60
1455,104,2,559,2,3160,17,10,20
1456,104,2,560,4,3164,41,22,40
1457,104,2,561,4,3168,58,58,40
1458,104,2,562,7,3175,69,32,70
1459,104,2,563,7,3182,122,52,70
1460,104,2,564,4,3186,109,47,40
1461,104,2,565,4,3190,101,101,40
1462,104,2,566,2,3192,24,12,20
1463,104,2,567,4,3196,63,63,40
1464,104,2,568,6,3202,59,23,60
1465,104,2,569,4,3206,72,72,40
1466,104,2,570,2,3208,22,11,20
1467,104,2,571,3,3211,44,22,30
1468,104,2,572,9,3220,115,53,90
1469,104,2,573,9,3229,162,162,90
1470,104,2,574,2,3231,17,7,20
1471,104,2,575,3,3234,28,13,30
1472,104,2,576,7,3241,94,46,70
1473,104,2,577,8,3249,119,55,80
1474,104,2,578,2,3251,77,33,20
1475,104,2,579,9,3260,128,128,90
1476,104,2,580,8,3268,75,35,80
1477,104,2,581,6,3274,103,41,60
1478,104,2,582,4,3278,97,34,40
1479,104,2,583,4,3282,103,49,40
1480,104,2,584,9,3291,135,135,90
1481,104,2,585,8,3299,88,88,80
1482,104,2,586,9,3308,86,41,90
1483,104,2,587,6,3314,98,98,60
1484,104,2,588,8,3322,72,24,80
1485,104,2,589,5,3327,102,40,50
1486,104,2,590,7,3334,136,69,70
1487,104,2,591,6,3340,133,133,60
1488,104,2,592,7,3347,67,34,70
1489,104,2,593,3,3350,67,20,30
1490,104,2,594,8,3358,129,54,80
1491,104,2,595,5,3363,115,115,50
1492,104,2,596,2,3365,22,22,20
1493,104,2,597,7,3372,68,68,70
1494,104,2,598,7,3379,74,74,70
1495,104,2,599,4,3383,46,46,40
1496,104,2,600,2,3385,26,14,20
1497,104,2,601,2,3387,37,10,20
1498,104,2,602,4,3391,68,68,40
1499,104,2,603,7,3398,68,32,70
1500,104,2,604,9,3407,118,51,90
1501,104,2,605,8,3415,146,146,80
1502,104,2,606,6,3421,70,24,60
1503,104,2,607,3,3424,75,38,30
1504,104,2,608,5,3429,70,29,50
1505,104,2,609,8,3437,111,51,80
1506,104,2,610,3,3440,92,37,30
1507,104,2,611,4,3444,95,35,40
1508,104,2,612,5,3449,109,48,50
1509,104,2,613,9,3458,143,143,90
1510,104,2,614,3,3461,26,13,30
1511,104,2,615,6,3467,66,28,60
1512,104,2,616,5,3472,87,47,50
1513,104,2,617,3,3475,69,69,30
1514,104,2,618,9,3484,79,38,90
1515,104,2,619,8,3492,107,49,80
1516,104,2,620,5,3497,115,58,50
1517,104,2,621,8,3505,127,57,80
1518,104,2,622,6,3511,127,57,60
1519,104,2,623,4,3515,121,121,40
1520,104,2,624,5,3520,39,20,50
1521,104,2,625,3,3523,48,24,30
1522,104,2,626,2,3525,51,51,20
1523,104,2,627,2,3527,18,8,20
1524,104,2,628,4,3531,44,44,40
1525,104,2,629,6,3537,48,18,60
1526,104,2,630,5,3542,76,35,50
1527,104,2,631,3,3545,58,29,30
1528,104,2,632,8,3553,119,53,80
1529,104,2,633,6,3559,122,48,60
1530,104,2,634,6,3565,117,64,60
1531,104,2,635,9,3574,155,59,90
1532,104,2,636,8,3582,171,84,80
1533,104,2,637,4,3586,129,58,40
1534,104,2,638,2,3588,87,87,20
1535,104,2,639,3,3591,33,33,30
1536,104,2,640,9,3600,70,20,90
1537,104,2,641,9,3609,139,68,90
1538,104,2,642,2,3611,82,43,20
1539,104,2,643,8,3619,117,117,80
1540,104,2,644,8,3627,86,86,80
1541,104,2,645,2,3629,24,11,20
1542,104,2,646,3,3632,42,22,30
1543,104,2,647,7,3639,93,43,70
1544,104,2,648,3,3642,79,37,30
1545,104,2,649,8,3650,118,118,80
1546,104,2,650,2,3652,15,10,20
1547,104,2,651,6,3658,70,31,60
1548,104,2,652,7,3665,114,47,70
1549,104,2,653,7,3672,141,63,70
1550,104,2,654,2,3674,99,99,20
1551,104,2,655,5,3679,57,30,50
1552,104,2,656,8,3687,109,43,80
1553,104,2,657,4,3691,111,46,40
1554,104,2,658,8,3699,148,65,80
1555,104,2,659,4,3703,132,61,40
1556,104,2,660,7,3710,133,60,70
1557,104,2,661,6,3716,131,59,60
1558,104,2,662,5,3721,124,124,50
1559,104,2,663,4,3725,47,16,40
1560,104,2,664,4,3729,69,34,40
1561,104,2,665,2,3731,59,59,20
1562,104,2,666,9,3740,92,45,90
1563,104,2,667,2,3742,75,75,20
1564,104,2,668,9,3751,100,45,90
1565,104,2,669,3,3754,73,37,30
1566,104,2,670,9,3763,131,62,90
1567,104,2,671,3,3766,100,43,30
1568,104,2,672,4,3770,104,49,40
1569,104,2,673,9,3779,141,67,90
1570,104,2,674,3,3782,104,104,30
1571,104,2,675,8,3790,71,26,80
1572,104,2,676,4,3794,86,34,40
1573,104,2,677,9,3803,149,67,90
1574,104,2,678,3,3806,126,126,30
1575,104,2,679,9,3815,94,94,90
1576,104,2,680,7,3822,78,32,70
1577,104,2,681,9,3831,132,132,90
1578,104,2,682,9,3840,99,99,90
1579,104,2,683,5,3845,50,22,50
1580,104,2,684,8,3853,110,46,80
1581,104,2,685,5,3858,109,36,50
1582,104,2,686,5,3863,122,122,50
1583,104,2,687,2,3865,23,11,20
1584,104,2,688,2,3867,31,17,20
1585,104,2,689,9,3876,120,120,90
1586,104,2,690,4,3880,38,18,40
1587,104,2,691,4,3884,52,52,40
1588,104,2,692,7,3891,76,30,70
1589,104,2,693,3,3894,73,36,30
1590,104,2,694,4,3898,75,75,40
1591,104,2,695,7,3905,63,27,70
1592,104,2,696,5,3910,79,41,50
1593,104,2,697,8,3918,120,120,80
1594,104,2,698,4,3922,31,13,40
1595,104,2,699,4,3926,55,24,40
1596,104,2,700,9,3935,114,114,90
1597,104,2,701,6,3941,71,32,60
1598,104,2,702,5,3946,85,44,50
1599,104,2,703,7,3953,103,43,70
1600,104,2,704,4,3957,100,42,40
1601,104,2,705,2,3959,79,44,20
1602,104,2,706,8,3967,118,53,80
1603,104,2,707,4,3971,98,40,40
1604,104,2,708,4,3975,100,46,40
1605,104,2,709,7,3982,112,47,70
1606,104,2,710,2,3984,83,83,20
1607,104,2,711,7,3991,56,56,70
1608,104,2,712,9,4000,81,34,90
1609,104,2,713,2,4002,73,30,20
1610,104,2,714,4,4006,74,32,40
1611,104,2,715,7,4013,107,46,70
1612,104,2,716,4,4017,91,51,40
1613,104,2,717,9,4026,129,56,90
1614,104,2,718,6,4032,129,129,60
1615,104,2,719,5,4037,49,25,50
1616,104,2,720,9,4046,119,64,90
1617,104,2,721,9,4055,145,65,90
1618,104,2,722,8,4063,172,67,80
1619,104,2,723,8,4071,184,184,80
1620,104,2,724,7,4078,60,60,70
1621,104,2,725,8,4086,88,28,80
1622,104,2,726,5,4091,115,49,50
1623,104,2,727,8,4099,153,72,80
1624,104,2,728,9,4108,171,85,90
1625,104,2,729,5,4113,126,126,50
1626,104,2,730,7,4120,74,36,70
1627,104,2,731,5,4125,92,46,50
1628,104,2,732,8,4133,134,53,80
1629,104,2,733,7,4140,151,59,70
1630,104,2,734,2,4142,112,52,20
1631,104,2,735,3,4145,98,35,30
1632,104,2,736,8,4153,155,71,80
1633,104,2,737,4,4157,121,60,40
1634,104,2,738,9,4166,143,143,90
1635,104,2,739,2,4168,20,8,20
1636,104,2,740,2,4170,37,21,20
1637,104,2,741,4,4174,63,63,40
1638,104,2,742,7,4181,64,27,70
1639,104,2,743,6,4187,95,42,60
1640,104,2,744,7,4194,120,64,70
1641,104,2,745,7,4201,124,53,70
1642,104,2,746,3,4204,107,107,30
1643,104,2,747,6,4210,60,60,60
1644,104,2,748,7,4217,66,34,70
1645,104,2,749,9,4226,110,110,90
1646,104,2,750,2,4228,18,9,20
1647,104,2,751,7,4235,67,34,70
1648,104,2,752,9,4244,111,111,90
1649,104,2,753,8,4252,84,84,80
1650,104,2,754,3,4255,32,32,30
1651,104,2,755,3,4258,31,18,30
1652,104,2,756,4,4262,48,21,40
1653,104,2,757,6,4268,81,81,60
1654,104,2,758,9,4277,96,45,90
1655,104,2,759,7,4284,123,123,70
1656,104,2,760,2,4286,24,15,20
1657,104,2,761,4,4290,50,18,40
1658,104,2,762,2,4292,56,20,20
1659,104,2,763,7,4299,113,58,70
1660,104,2,764,4,4303,100,51,40
1661,104,2,765,6,4309,113,50,60
1662,104,2,766,9,4318,156,72,90
1663,104,2,767,5,4323,143,61,50
1664,104,2,768,4,4327,107,47,40
1665,104,2,769,7,4334,126,126,70
1666,104,2,770,2,4336,17,10,20
1667,104,2,771,7,4343,79,40,70
1668,104,2,772,3,4346,66,36,30
1669,104,2,773,7,4353,104,48,70
1670,104,2,774,5,4358,95,49,50
1671,104,2,775,4,4362,86,44,40
1672,104,2,776,7,4369,127,127,70
1673,104,2,777,7,4376,78,31,70
1674,104,2,778,6,4382,111,57,60
1675,104,2,779,6,4388,105,46,60
1676,104,2,780,7,4395,127,42,70
1677,104,2,781,2,4397,103,51,20
1678,104,2,782,6,4403,108,108,60
1679,104,2,783,8,4411,73,73,80
1680,104,2,784,4,4415,51,22,40
1681,104,2,785,8,4423,115,46,80
1682,104,2,786,9,4432,145,67,90
1683,104,2,787,2,4434,91,41,20
1684,104,2,788,7,4441,119,53,70
1685,104,2,789,9,4450,158,71,90
1686,104,2,790,9,4459,179,81,90
1687,104,2,791,2,4461,116,116,20
1688,104,2,792,9,4470,83,42,90
1689,104,2,793,7,4477,109,41,70
1690,104,2,794,3,4480,99,41,30
1691,104,2,795,6,4486,118,51,60
1692,104,2,796,2,4488,90,42,20
1693,104,2,797,4,4492,88,36,40
1694,104,2,798,2,4494,69,28,20
1695,104,2,799,3,4497,68,68,30
1696,104,2,800,3,4500,27,27,30
1697,104,2,801,3,4503,34,14,30
1698,104,2,802,6,4509,90,43,60
1699,104,2,803,5,4514,96,44,50
1700,104,2,804,4,4518,90,37,40
1701,104,2,805,7,4525,115,43,70
1702,104,2,806,9,4534,175,86,90
1703,104,2,807,8,4542,155,155,80
1704,104,2,808,5,4547,40,40,50
1705,104,2,809,3,4550,36,19,30
1706,104,2,810,5,4555,78,33,50
1707,104,2,811,3,4558,76,28,30
1708,104,2,812,7,4565,117,45,70
1709,104,2,813,8,4573,154,154,80
1710,104,2,814,6,4579,46,23,60
1711,104,2,815,5,4584,66,26,50
1712,104,2,816,3,4587,68,27,30
1713,104,2,817,2,4589,58,31,20
1714,104,2,818,5,4594,73,42,50
1715,104,2,819,4,4598,68,33,40
1716,104,2,820,6,4604,83,38,60
1717,104,2,821,2,4606,64,64,20
1718,104,2,822,4,4610,33,33,40
1719,104,2,823,2,4612,20,9,20
1720,104,2,824,6,4618,83,41,60
1721,104,2,825,3,4621,79,79,30
1722,104,2,826,2,4623,22,22,20
1723,104,2,827,5,4628,50,50,50
1724,104,2,828,7,4635,61,29,70
1725,104,2,829,9,4644,118,118,90
1726,104,2,830,3,4647,32,13,30
1727,104,2,831,8,4655,109,109,80
1728,104,2,832,9,4664,90,90,90
1729,104,2,833,5,4669,45,19,50
1730,104,2,834,9,4678,118,118,90
1731,104,2,835,5,4683,49,22,50
1732,104,2,836,3,4686,54,26,30
1733,104,2,837,8,4694,107,107,80
1734,104,2,838,6,4700,66,37,60
1735,104,2,839,2,4702,47,21,20
1736,104,2,840,4,4706,68,23,40
1737,104,2,841,3,4709,77,31,30
1738,104,2,842,9,4718,141,67,90
1739,104,2,843,3,4721,96,96,30
1740,104,2,844,6,4727,62,27,60
1741,104,2,845,7,4734,107,49,70
1742,104,2,846,6,4740,121,58,60
1743,104,2,847,4,4744,107,57,40
1744,104,2,848,6,4750,109,109,60
1745,104,2,849,2,4752,28,13,20
1746,104,2,850,4,4756,60,25,40
1747,104,2,851,9,4765,132,62,90
1748,104,2,852,6,4771,150,72,60
1749,104,2,853,7,4778,144,144,70
1750,104,2,854,4,4782,46,25,40
1751,104,2,855,7,4789,103,38,70
1752,104,2,856,7,4796,123,62,70
1753,104,2,857,6,4802,133,62,60
1754,104,2,858,3,4805,102,102,30
1755,104,2,859,4,4809,45,18,40
1756,104,2,860,7,4816,94,41,70
1757,104,2,861,5,4821,97,44,50
1758,104,2,862,3,4824,92,46,30
1759,104,2,863,3,4827,83,38,30
1760,104,2,864,5,4832,94,41,50
1761,104,2,865,3,4835,84,84,30
1762,104,2,866,9,4844,85,85,90
1763,104,2,867,3,4847,29,29,30
1764,104,2,868,5,4852,54,25,50
1765,104,2,869,2,4854,49,23,20
1766,104,2,870,7,4861,88,88,70
1767,104,2,871,6,4867,58,58,60
1768,104,2,872,7,4874,77,30,70
1769,104,2,873,8,4882,144,69,80
1770,104,2,874,3,4885,102,102,30
1771,104,2,875,7,4892,75,26,70
1772,104,2,876,5,4897,109,46,50
1773,104,2,877,4,4901,101,47,40
1774,104,2,878,4,4905,95,95,40
1775,104,2,879,2,4907,16,16,20
1776,104,2,880,8,4915,61,61,80
1777,104,2,881,8,4923,76,76,80
1778,104,2,882,5,4928,55,26,50
1779,104,2,883,3,4931,55,55,30
1780,104,2,884,9,4940,88,88,90
1781,104,2,885,8,4948,75,33,80
1782,104,2,886,6,4954,112,50,60
1783,104,2,887,3,4957,84,84,30
1784,104,2,888,2,4959,24,12,20
1785,104,2,889,4,4963,51,51,40
1786,104,2,890,4,4967,42,24,40
1787,104,2,891,9,4976,106,52,90
1788,104,2,892,6,4982,114,114,60
1789,104,2,893,8,4990,80,35,80
1790,104,2,894,7,4997,116,56,70
1791,104,3,1,9,9,96,39,90
1792,104,3,2,4,13,94,40,40
1793,104,3,3,8,21,141,64,80
1794,104,3,4,6,27,135,58,60
1795,104,3,5,3,30,112,52,30
1796,104,3,6,9,39,137,63,90
1797,104,3,7,9,48,163,78,90
1798,104,3,8,4,52,127,127,40
1799,104,3,9,6,58,64,29,60
1800,104,3,10,9,67,132,60,90
1801,104,3,11,3,70,101,34,30
1802,104,3,12,2,72,87,44,20
1803,104,3,13,5,77,91,40,50
1804,104,3,14,9,86,141,49,90
1805,104,3,15,9,95,185,185,90
1806,104,3,16,4,99,32,9,40
1807,104,3,17,6,105,93,44,60
1808,104,3,18,9,114,129,129,90
1809,104,3,19,3,117,40,18,30
1810,104,3,20,5,122,68,31,50
1811,104,3,21,8,130,116,52,80
1812,104,3,22,8,138,136,48,80
1813,104,3,23,9,147,180,81,90
1814,104,3,24,8,155,166,76,80
1815,104,3,25,2,157,104,51,20
1816,104,3,26,7,164,112,36,70
1817,104,3,27,8,172,144,58,80
1818,104,3,28,7,179,156,156,70
1819,104,3,29,8,187,79,38,80
1820,104,3,30,8,195,119,119,80
1821,104,3,31,9,204,77,36,90
1822,104,3,32,5,209,83,38,50
1823,104,3,33,8,217,120,53,80
1824,104,3,34,6,223,124,124,60
1825,104,3,35,7,230,69,28,70
1826,104,3,36,4,234,81,34,40
1827,104,3,37,3,237,76,32,30
1828,104,3,38,7,244,118,118,70
1829,104,3,39,5,249,69,28,50
1830,104,3,40,8,257,133,133,80
1831,104,3,41,7,264,74,29,70
1832,104,3,42,6,270,111,111,60
1833,104,3,43,6,276,54,27,60
1834,104,3,44,2,278,54,54,20
1835,104,3,45,2,280,26,10,20
1836,104,3,46,9,289,83,40,90
1837,104,3,47,5,294,98,48,50
1838,104,3,48,5,299,104,104,50
1839,104,3,49,2,301,19,19,20
1840,104,3,50,3,304,35,35,30
1841,104,3,51,5,309,43,18,50
1842,104,3,52,4,313,56,32,40
1843,104,3,53,5,318,89,38,50
1844,104,3,54,9,327,132,55,90
1845,104,3,55,3,330,114,114,30
1846,104,3,56,4,334,42,42,40
1847,104,3,57,4,338,46,27,40
1848,104,3,58,9,347,110,55,90
1849,104,3,59,9,356,155,72,90
1850,104,3,60,7,363,144,144,70
1851,104,3,61,4,367,29,8,40
1852,104,3,62,7,374,96,96,70
1853,104,3,63,2,376,16,11,20
1854,104,3,64,5,381,59,28,50
1855,104,3,65,2,383,49,49,20
1856,104,3,66,5,388,57,57,50
1857,104,3,67,3,391,26,26,30
1858,104,3,68,6,397,73,36,60
1859,104,3,69,4,401,82,26,40
1860,104,3,70,8,409,150,66,80
1861,104,3,71,5,414,136,52,50
1862,104,3,72,8,422,169,74,80
1863,104,3,73,9,431,190,78,90
1864,104,3,74,8,439,199,199,80
1865,104,3,75,5,444,61,32,50
1866,104,3,76,5,449,83,83,50
1867,104,3,77,7,456,73,73,70
1868,104,3,78,5,461,46,19,50
1869,104,3,79,2,463,54,54,20
1870,104,3,80,7,470,73,41,70
1871,104,3,81,9,479,131,57,90
1872,104,3,82,8,487,168,168,80
1873,104,3,83,6,493,60,24,60
1874,104,3,84,3,496,64,32,30
1875,104,3,85,5,501,93,50,50
1876,104,3,86,5,506,90,36,50
1877,104,3,87,8,514,133,65,80
1878,104,3,88,9,523,143,69,90
1879,104,3,89,7,530,141,66,70
1880,104,3,90,7,537,138,55,70
1881,104,3,91,3,540,114,114,30
1882,104,3,92,9,549,91,47,90
1883,104,3,93,2,551,62,24,20
1884,104,3,94,8,559,122,58,80
1885,104,3,95,3,562,97,37,30
1886,104,3,96,4,566,100,41,40
1887,104,3,97,2,568,75,32,20
1888,104,3,98,4,572,94,43,40
1889,104,3,99,6,578,125,51,60
1890,104,3,100,6,584,123,123,60
1891,104,3,101,9,593,86,39,90
1892,104,3,102,9,602,129,52,90
1893,104,3,103,7,609,145,66,70
1894,104,3,104,9,618,171,75,90
1895,104,3,105,9,627,191,101,90
1896,104,3,106,8,635,153,153,80
1897,104,3,107,2,637,14,8,20
1898,104,3,108,6,643,79,42,60
1899,104,3,109,5,648,84,39,50
1900,104,3,110,7,655,132,73,70
1901,104,3,111,5,660,98,42,50
1902,104,3,112,2,662,71,38,20
1903,104,3,113,8,670,122,122,80
1904,104,3,114,4,674,44,14,40
1905,104,3,115,9,683,108,47,90
1906,104,3,116,5,688,116,55,50
1907,104,3,117,2,690,88,36,20
1908,104,3,118,9,699,145,70,90
1909,104,3,119,2,701,88,38,20
1910,104,3,120,6,707,131,52,60
1911,104,3,121,9,716,162,162,90
1912,104,3,122,5,721,53,29,50
1913,104,3,123,7,728,79,43,70
1914,104,3,124,9,737,127,69,90
1915,104,3,125,8,745,152,63,80
1916,104,3,126,5,750,146,146,50
1917,104,3,127,5,755,44,44,50
1918,104,3,128,9,764,72,32,90
1919,104,3,129,6,770,102,40,60
1920,104,3,130,9,779,148,60,90
1921,104,3,131,7,786,157,86,70
1922,104,3,132,8,794,146,65,80
1923,104,3,133,2,796,103,52,20
1924,104,3,134,3,799,80,40,30
1925,104,3,135,9,808,122,48,90
1926,104,3,136,9,817,159,86,90
1927,104,3,137,9,826,176,176,90
1928,104,3,138,5,831,40,17,50
1929,104,3,139,5,836,75,30,50
1930,104,3,140,6,842,108,108,60
1931,104,3,141,7,849,77,24,70
1932,104,3,142,6,855,102,48,60
1933,104,3,143,8,863,144,144,80
1934,104,3,144,4,867,42,42,40
1935,104,3,145,8,875,79,28,80
1936,104,3,146,7,882,122,51,70
1937,104,3,147,7,889,150,150,70
1938,104,3,148,7,896,74,74,70
1939,104,3,149,6,902,63,63,60
1940,104,3,150,2,904,20,9,20
1941,104,3,151,2,906,29,19,20
1942,104,3,152,7,913,85,85,70
1943,104,3,153,2,915,24,24,20
1944,104,3,154,3,918,30,12,30
1945,104,3,155,8,926,116,116,80
1946,104,3,156,4,930,32,14,40
1947,104,3,157,5,935,67,30,50
1948,104,3,158,5,940,80,35,50
1949,104,3,159,3,943,78,43,30
1950,104,3,160,9,952,114,114,90
1951,104,3,161,8,960,83,40,80
1952,104,3,162,9,969,129,57,90
1953,104,3,163,2,971,93,44,20
1954,104,3,164,8,979,126,51,80
1955,104,3,165,8,987,159,72,80
1956,104,3,166,8,995,168,75,80
1957,104,3,167,7,1002,167,167,70
1958,104,3,168,5,1007,45,18,50
1959,104,3,169,6,1013,80,43,60
1960,104,3,170,9,1022,118,118,90
1961,104,3,171,5,1027,66,32,50
1962,104,3,172,3,1030,55,55,30
1963,104,3,173,3,1033,33,11,30
1964,104,3,174,7,1040,84,33,70
1965,104,3,175,5,1045,96,51,50
1966,104,3,176,3,1048,77,77,30
1967,104,3,177,3,1051,33,18,30
1968,104,3,178,4,1055,55,23,40
1969,104,3,179,5,1060,104,45,50
1970,104,3,180,4,1064,106,53,40
1971,104,3,181,8,1072,136,136,80
1972,104,3,182,8,1080,83,83,80
1973,104,3,183,5,1085,52,24,50
1974,104,3,184,4,1089,75,75,40
1975,104,3,185,4,1093,45,20,40
1976,104,3,186,3,1096,57,23,30
1977,104,3,187,4,1100,86,86,40
1978,104,3,188,7,1107,67,31,70
1979,104,3,189,4,1111,73,23,40
1980,104,3,190,4,1115,90,90,40
1981,104,3,191,7,1122,55,55,70
1982,104,3,192,8,1130,78,78,80
1983,104,3,193,9,1139,93,93,90
1984,104,3,194,6,1145,66,28,60
1985,104,3,195,4,1149,75,31,40
1986,104,3,196,7,1156,108,108,70
1987,104,3,197,9,1165,77,38,90
1988,104,3,198,6,1171,78,29,60
1989,104,3,199,7,1178,115,115,70
1990,104,3,200,5,1183,42,42,50
1991,104,3,201,9,1192,90,40,90
1992,104,3,202,8,1200,133,133,80
1993,104,3,203,9,1209,94,44,90
1994,104,3,204,3,1212,75,34,30
1995,104,3,205,7,1219,91,39,70
1996,104,3,206,6,1225,109,41,60
1997,104,3,207,5,1230,110,110,50
1998,104,3,208,3,1233,34,16,30
1999,104,3,209,2,1235,36,14,20
2000,104,3,210,5,1240,71,40,50
2001,104,3,211,2,1242,55,16,20
2002,104,3,212,2,1244,59,59,20
2003,104,3,213,8,1252,88,43,80
2004,104,3,214,7,1259,117,60,70
2005,104,3,215,2,1261,79,38,20
2006,104,3,216,4,1265,80,35,40
2007,104,3,217,5,1270,101,101,50
2008,104,3,218,5,1275,62,29,50
2009,104,3,219,9,1284,114,52,90
2010,104,3,220,3,1287,97,97,30
2011,104,3,221,8,1295,67,67,80
2012,104,3,222,7,1302,70,70,70
2013,104,3,223,6,1308,53,22,60
2014,104,3,224,9,1317,150,150,90
2015,104,3,225,4,1321,33,33,40
2016,104,3,226,2,1323,21,7,20
2017,104,3,227,5,1328,58,25,50
2018,104,3,228,7,1335,107,107,70
2019,104,3,229,3,1338,32,32,30
2020,104,3,230,5,1343,54,27,50
2021,104,3,231,3,1346,64,26,30
2022,104,3,232,3,1349,60,24,30
2023,104,3,233,6,1355,89,38,60
2024,104,3,234,5,1360,97,42,50
2025,104,3,235,3,1363,82,47,30
2026,104,3,236,2,1365,53,15,20
2027,104,3,237,6,1371,93,29,60
2028,104,3,238,8,1379,147,70,80
2029,104,3,239,5,1384,131,56,50
2030,104,3,240,7,1391,141,59,70
2031,104,3,241,2,1393,103,103,20
2032,104,3,242,3,1396,29,29,30
2033,104,3,243,2,1398,25,25,20
2034,104,3,244,8,1406,73,27,80
2035,104,3,245,3,1409,67,28,30
2036,104,3,246,4,1413,77,29,40
2037,104,3,247,4,1417,95,38,40
2038,104,3,248,4,1421,95,95,40
2039,104,3,249,6,1427,56,22,60
2040,104,3,250,5,1432,85,39,50
2041,104,3,251,5,1437,91,38,50
2042,104,3,252,2,1439,72,72,20
2043,104,3,253,5,1444,51,51,50
2044,104,3,254,9,1453,95,48,90
2045,104,3,255,8,1461,136,66,80
2046,104,3,256,8,1469,153,53,80
2047,104,3,257,8,1477,174,68,80
2048,104,3,258,5,1482,153,73,50
2049,104,3,259,6,1488,135,57,60
2050,104,3,260,9,1497,148,68,90
2051,104,3,261,6,1503,137,59,60
2052,104,3,262,5,1508,129,51,50
2053,104,3,263,3,1511,113,71,30
2054,104,3,264,9,1520,115,115,90
2055,104,3,265,7,1527,80,34,70
2056,104,3,266,8,1535,119,119,80
2057,104,3,267,5,1540,53,53,50
2058,104,3,268,5,1545,46,21,50
2059,104,3,269,2,1547,46,21,20
2060,104,3,270,4,1551,54,27,40
2061,104,3,271,6,1557,91,43,60
2062,104,3,272,5,1562,110,48,50
2063,104,3,273,4,1566,104,51,40
2064,104,3,274,4,1570,100,36,40
2065,104,3,275,2,1572,92,92,20
2066,104,3,276,7,1579,79,30,70
2067,104,3,277,3,1582,79,79,30
2068,104,3,278,5,1587,54,24,50
2069,104,3,279,5,1592,73,28,50
2070,104,3,280,9,1601,135,135,90
2071,104,3,281,4,1605,45,24,40
2072,104,3,282,6,1611,72,72,60
2073,104,3,283,2,1613,20,20,20
2074,104,3,284,7,1620,79,79,70
2075,104,3,285,8,1628,94,53,80
2076,104,3,286,5,1633,91,37,50
2077,104,3,287,9,1642,138,61,90
2078,104,3,288,5,1647,125,125,50
2079,104,3,289,2,1649,20,11,20
2080,104,3,290,8,1657,83,36,80
2081,104,3,291,2,1659,67,26,20
2082,104,3,292,3,1662,66,66,30
2083,104,3,293,5,1667,53,23,50
2084,104,3,294,2,1669,59,30,20
2085,104,3,295,6,1675,95,95,60
2086,104,3,296,8,1683,80,32,80
2087,104,3,297,3,1686,79,40,30
2088,104,3,298,4,1690,73,30,40
2089,104,3,299,3,1693,73,39,30
2090,104,3,300,5,1698,79,79,50
2091,104,3,301,3,1701,29,12,30
2092,104,3,302,6,1707,95,42,60
2093,104,3,303,7,1714,126,59,70
2094,104,3,304,8,1722,151,151,80
2095,104,3,305,6,1728,58,23,60
2096,104,3,306,5,1733,88,88,50
2097,104,3,307,8,1741,64,64,80
2098,104,3,308,4,1745,27,12,40
2099,104,3,309,7,1752,90,34,70
2100,104,3,310,9,1761,163,81,90
2101,104,3,311,5,1766,133,60,50
2102,104,3,312,8,1774,153,58,80
2103,104,3,313,9,1783,181,84,90
2104,104,3,314,2,1785,119,52,20
2105,104,3,315,5,1790,115,49,50
2106,104,3,316,7,1797,135,53,70
2107,104,3,317,9,1806,166,66,90
2108,104,3,318,2,1808,120,57,20
2109,104,3,319,8,1816,154,71,80
2110,104,3,320,2,1818,101,101,20
2111,104,3,321,7,1825,87,41,70
2112,104,3,322,2,1827,71,36,20
2113,104,3,323,2,1829,61,24,20
2114,104,3,324,7,1836,110,52,70
2115,104,3,325,4,1840,87,35,40
2116,104,3,326,7,1847,126,55,70
2117,104,3,327,7,1854,143,65,70
2118,104,3,328,3,1857,115,52,30
2119,104,3,329,6,1863,117,42,60
2120,104,3,330,7,1870,136,70,70
2121,104,3,331,9,1879,133,60,90
2122,104,3,332,8,1887,174,91,80
2123,104,3,333,3,1890,122,122,30
2124,104,3,334,9,1899,91,44,90
2125,104,3,335,8,1907,114,114,80
2126,104,3,336,7,1914,71,34,70
2127,104,3,337,4,1918,78,33,40
2128,104,3,338,9,1927,133,133,90
2129,104,3,339,8,1935,58,23,80
2130,104,3,340,7,1942,99,47,70
2131,104,3,341,2,1944,73,29,20
2132,104,3,342,6,1950,110,110,60
2133,104,3,343,4,1954,36,15,40
2134,104,3,344,6,1960,85,85,60
2135,104,3,345,2,1962,16,6,20
2136,104,3,346,7,1969,72,35,70
2137,104,3,347,9,1978,117,56,90
2138,104,3,348,6,1984,139,56,60
2139,104,3,349,3,1987,119,55,30
2140,104,3,350,2,1989,81,81,20
2141,104,3,351,4,1993,30,11,40
2142,104,3,352,2,1995,41,41,20
2143,104,3,353,9,2004,93,34,90
2144,104,3,354,4,2008,108,108,40
2145,104,3,355,7,2015,51,23,70
2146,104,3,356,4,2019,75,25,40
2147,104,3,357,2,2021,77,35,20
2148,104,3,358,8,2029,118,60,80
2149,104,3,359,3,2032,96,49,30
2150,104,3,360,2,2034,62,28,20
2151,104,3,361,9,2043,140,70,90
2152,104,3,362,3,2046,102,102,30
2153,104,3,363,9,2055,96,40,90
2154,104,3,364,5,2060,125,63,50
2155,104,3,365,7,2067,137,67,70
2156,104,3,366,4,2071,119,57,40
2157,104,3,367,9,2080,163,163,90
2158,104,3,368,8,2088,83,83,80
2159,104,3,369,4,2092,39,16,40
2160,104,3,370,8,2100,92,46,80
2161,104,3,371,6,2106,94,94,60
2162,104,3,372,5,2111,54,25,50
2163,104,3,373,2,2113,46,21,20
2164,104,3,374,6,2119,69,29,60
2165,104,3,375,5,2124,78,34,50
2166,104,3,376,2,2126,60,24,20
2167,104,3,377,9,2135,121,62,90
2168,104,3,378,6,2141,122,54,60
2169,104,3,379,9,2150,142,142,90
2170,104,3,380,4,2154,30,30,40
2171,104,3,381,2,2156,24,12,20
2172,104,3,382,8,2164,79,40,80
2173,104,3,383,5,2169,96,49,50
2174,104,3,384,2,2171,59,30,20
2175,104,3,385,9,2180,120,51,90
2176,104,3,386,5,2185,116,116,50
2177,104,3,387,9,2194,93,47,90
2178,104,3,388,7,2201,113,44,70
2179,104,3,389,2,2203,86,36,20
2180,104,3,390,6,2209,110,51,60
2181,104,3,391,2,2211,81,36,20
2182,104,3,392,5,2216,89,50,50
2183,104,3,393,6,2222,103,42,60
2184,104,3,394,3,2225,86,44,30
2185,104,3,395,6,2231,110,39,60
2186,104,3,396,4,2235,115,115,40
2187,104,3,397,7,2242,71,30,70
2188,104,3,398,4,2246,81,34,40
2189,104,3,399,7,2253,127,61,70
2190,104,3,400,9,2262,154,64,90
2191,104,3,401,5,2267,137,57,50
2192,104,3,402,2,2269,103,40,20
2193,104,3,403,4,2273,104,104,40
2194,104,3,404,3,2276,37,20,30
2195,104,3,405,9,2285,100,41,90
2196,104,3,406,8,2293,151,56,80
2197,104,3,407,4,2297,142,67,40
2198,104,3,408,5,2302,109,44,50
2199,104,3,409,9,2311,144,144,90
2200,104,3,410,6,2317,64,29,60
2201,104,3,411,2,2319,55,18,20
2202,104,3,412,7,2326,100,100,70
2203,104,3,413,7,2333,67,28,70
2204,104,3,414,8,2341,112,55,80
2205,104,3,415,6,2347,127,60,60
2206,104,3,416,9,2356,157,63,90
2207,104,3,417,3,2359,113,56,30
2208,104,3,418,5,2364,112,112,50
2209,104,3,419,9,2373,83,37,90
2210,104,3,420,9,2382,127,60,90
2211,104,3,421,3,2385,98,36,30
2212,104,3,422,6,2391,129,129,60
2213,104,3,423,9,2400,86,39,90
2214,104,3,424,4,2404,87,87,40
2215,104,3,425,7,2411,78,78,70
2216,104,3,426,7,2418,67,34,70
2217,104,3,427,7,2425,92,44,70
2218,104,3,428,3,2428,81,40,30
2219,104,3,429,2,2430,59,30,20
2220,104,3,430,5,2435,83,42,50
2221,104,3,431,8,2443,118,55,80
2222,104,3,432,6,2449,134,134,60
2223,104,3,433,7,2456,67,35,70
2224,104,3,434,4,2460,69,30,40
2225,104,3,435,8,2468,129,129,80
2226,104,3,436,9,2477,95,38,90
2227,104,3,437,8,2485,128,56,80
2228,104,3,438,5,2490,112,55,50
2229,104,3,439,2,2492,86,36,20
2230,104,3,440,9,2501,144,70,90
2231,104,3,441,6,2507,128,44,60
2232,104,3,442,7,2514,165,165,70
2233,104,3,443,3,2517,29,29,30
2234,104,3,444,3,2520,29,12,30
2235,104,3,445,7,2527,93,38,70
2236,104,3,446,3,2530,92,41,30
2237,104,3,447,9,2539,126,54,90
2238,104,3,448,3,2542,114,52,30
2239,104,3,449,7,2549,147,71,70
2240,104,3,450,6,2555,141,141,60
2241,104,3,451,7,2562,78,38,70
2242,104,3,452,9,2571,119,55,90
2243,104,3,453,4,2575,102,102,40
2244,104,3,454,8,2583,78,31,80
2245,104,3,455,3,2586,76,39,30
2246,104,3,456,5,2591,86,86,50
2247,104,3,457,4,2595,36,18,40
2248,104,3,458,7,2602,86,38,70
2249,104,3,459,5,2607,101,42,50
2250,104,3,460,3,2610,83,83,30
2251,104,3,461,5,2615,39,39,50
2252,104,3,462,8,2623,95,56,80
2253,104,3,463,2,2625,52,20,20
2254,104,3,464,4,2629,67,67,40
2255,104,3,465,7,2636,66,36,70
2256,104,3,466,5,2641,81,37,50
2257,104,3,467,7,2648,104,104,70
2258,104,3,468,6,2654,66,38,60
2259,104,3,469,2,2656,43,18,20
2260,104,3,470,2,2658,54,54,20
2261,104,3,471,3,2661,41,19,30
2262,104,3,472,8,2669,105,105,80
2263,104,3,473,7,2676,75,31,70
2264,104,3,474,9,2685,147,75,90
2265,104,3,475,8,2693,161,161,80
2266,104,3,476,5,2698,48,17,50
2267,104,3,477,5,2703,80,35,50
2268,104,3,478,3,2706,76,37,30
2269,104,3,479,6,2712,105,39,60
2270,104,3,480,3,2715,87,87,30
2271,104,3,481,6,2721,40,40,60
2272,104,3,482,5,2726,50,50,50
2273,104,3,483,7,2733,80,24,70
2274,104,3,484,8,2741,150,67,80
2275,104,3,485,2,2743,104,50,20
2276,104,3,486,8,2751,114,51,80
2277,104,3,487,7,2758,146,56,70
2278,104,3,488,6,2764,158,79,60
2279,104,3,489,8,2772,155,72,80
2280,104,3,490,4,2776,124,124,40
2281,104,3,491,6,2782,61,61,60
2282,104,3,492,7,2789,62,62,70
2283,104,3,493,6,2795,47,47,60
2284,104,3,494,3,2798,22,6,30
2285,104,3,495,6,2804,90,46,60
2286,104,3,496,4,2808,87,37,40
2287,104,3,497,4,2812,84,42,40
2288,104,3,498,5,2817,90,47,50
2289,104,3,499,7,2824,116,116,70
2290,104,3,500,6,2830,63,63,60
2291,104,3,501,2,2832,26,26,20
2292,104,3,502,2,2834,19,19,20
2293,104,3,503,9,2843,79,32,90
2294,104,3,504,8,2851,121,121,80
2295,104,3,505,2,2853,17,6,20
2296,104,3,506,2,2855,39,13,20
2297,104,3,507,3,2858,59,24,30
2298,104,3,508,2,2860,58,58,20
2299,104,3,509,9,2869,87,87,90
2300,104,3,510,6,2875,68,31,60
2301,104,3,511,6,2881,85,41,60
2302,104,3,512,2,2883,62,62,20
2303,104,3,513,2,2885,18,18,20
2304,104,3,514,4,2889,43,43,40
2305,104,3,515,5,2894,47,47,50
2306,104,3,516,3,2897,24,8,30
2307,104,3,517,7,2904,74,74,70
2308,104,3,518,8,2912,74,74,80
2309,104,3,519,2,2914,16,5,20
2310,104,3,520,7,2921,88,31,70
2311,104,3,521,4,2925,99,47,40
2312,104,3,522,6,2931,113,50,60
2313,104,3,523,4,2935,109,57,40
2314,104,3,524,2,2937,68,35,20
2315,104,3,525,5,2942,85,33,50
2316,104,3,526,3,2945,83,44,30
2317,104,3,527,4,2949,83,38,40
2318,104,3,528,4,2953,77,29,40
2319,104,3,529,3,2956,76,76,30
2320,104,3,530,9,2965,85,39,90
2321,104,3,531,3,2968,82,38,30
2322,104,3,532,8,2976,120,57,80
2323,104,3,533,6,2982,123,65,60
2324,104,3,534,9,2991,146,63,90
2325,104,3,535,6,2997,144,66,60
2326,104,3,536,5,3002,121,121,50
2327,104,3,537,6,3008,44,44,60
2328,104,3,538,7,3015,65,65,70
2329,104,3,539,4,3019,49,23,40
2330,104,3,540,9,3028,99,48,90
2331,104,3,541,6,3034,105,47,60
2332,104,3,542,4,3038,93,93,40
2333,104,3,543,6,3044,57,28,60
2334,104,3,544,8,3052,105,37,80
2335,104,3,545,8,3060,146,146,80
2336,104,3,546,4,3064,33,13,40
2337,104,3,547,5,3069,70,32,50
2338,104,3,548,2,3071,57,23,20
2339,104,3,549,2,3073,55,55,20
2340,104,3,550,8,3081,77,35,80
2341,104,3,551,4,3085,93,39,40
2342,104,3,552,9,3094,144,144,90
2343,104,3,553,8,3102,70,31,80
2344,104,3,554,3,3105,67,32,30
2345,104,3,555,4,3109,84,35,40
2346,104,3,556,6,3115,107,47,60
2347,104,3,557,9,3124,174,87,90
2348,104,3,558,7,3131,165,74,70
2349,104,3,559,2,3133,117,117,20
2350,104,3,560,9,3142,87,38,90
2351,104,3,561,4,3146,89,43,40
2352,104,3,562,8,3154,119,50,80
2353,104,3,563,2,3156,88,51,20
2354,104,3,564,2,3158,69,28,20
2355,104,3,565,7,3165,107,107,70
2356,104,3,566,7,3172,57,31,70
2357,104,3,567,8,3180,106,41,80
2358,104,3,568,7,3187,143,52,70
2359,104,3,569,4,3191,139,61,40
2360,104,3,570,6,3197,142,142,60
2361,104,3,571,6,3203,73,73,60
2362,104,3,572,9,3212,74,35,90
2363,104,3,573,2,3214,55,23,20
2364,104,3,574,5,3219,73,28,50
2365,104,3,575,5,3224,115,56,50
2366,104,3,576,8,3232,128,56,80
2367,104,3,577,9,3241,152,66,90
2368,104,3,578,7,3248,161,161,70
2369,104,3,579,2,3250,28,16,20
2370,104,3,580,2,3252,38,18,20
2371,104,3,581,5,3257,76,76,50
2372,104,3,582,2,3259,14,14,20
2373,104,3,583,7,3266,72,31,70
2374,104,3,584,4,3270,82,37,40
2375,104,3,585,8,3278,134,134,80
2376,104,3,586,9,3287,91,91,90
2377,104,3,587,9,3296,93,33,90
2378,104,3,588,5,3301,111,47,50
2379,104,3,589,6,3307,124,48,60
2380,104,3,590,2,3309,94,51,20
2381,104,3,591,5,3314,112,49,50
2382,104,3,592,9,3323,148,62,90
2383,104,3,593,5,3328,140,60,50
2384,104,3,594,7,3335,134,134,70
2385,104,3,595,9,3344,83,83,90
2386,104,3,596,4,3348,36,8,40
2387,104,3,597,4,3352,69,24,40
2388,104,3,598,4,3356,80,80,40
2389,104,3,599,7,3363,60,32,70
2390,104,3,600,9,3372,137,60,90
2391,104,3,601,8,3380,149,149,80
2392,104,3,602,6,3386,74,30,60
2393,104,3,603,7,3393,116,49,70
2394,104,3,604,2,3395,84,33,20
2395,104,3,605,8,3403,142,70,80
2396,104,3,606,9,3412,172,172,90
2397,104,3,607,6,3418,57,37,60
2398,104,3,608,9,3427,109,109,90
2399,104,3,609,7,3434,73,33,70
2400,104,3,610,7,3441,107,52,70
2401,104,3,611,3,3444,84,45,30
2402,104,3,612,7,3451,104,40,70
2403,104,3,613,9,3460,152,152,90
2404,104,3,614,6,3466,53,23,60
2405,104,3,615,5,3471,89,45,50
2406,104,3,616,5,3476,88,40,50
2407,104,3,617,4,3480,80,36,40
2408,104,3,618,7,3487,103,44,70
2409,104,3,619,2,3489,80,80,20
2410,104,3,620,9,3498,95,42,90
2411,104,3,621,4,3502,113,44,40
2412,104,3,622,7,3509,131,62,70
2413,104,3,623,8,3517,149,69,80
2414,104,3,624,2,3519,102,39,20
2415,104,3,625,7,3526,136,65,70
2416,104,3,626,4,3530,118,118,40
2417,104,3,627,3,3533,27,11,30
2418,104,3,628,5,3538,67,36,50
2419,104,3,629,9,3547,118,47,90
2420,104,3,630,3,3550,106,49,30
2421,104,3,631,4,3554,99,40,40
2422,104,3,632,8,3562,151,151,80
2423,104,3,633,6,3568,71,30,60
2424,104,3,634,8,3576,101,101,80
2425,104,3,635,8,3584,81,40,80
2426,104,3,636,3,3587,74,32,30
2427,104,3,637,3,3590,70,36,30
2428,104,3,638,5,3595,84,39,50
2429,104,3,639,4,3599,87,87,40
2430,104,3,640,5,3604,52,52,50
2431,104,3,641,2,3606,20,7,20
2432,104,3,642,4,3610,48,48,40
2433,104,3,643,3,3613,34,34,30
2434,104,3,644,6,3619,60,22,60
2435,104,3,645,3,3622,61,31,30
2436,104,3,646,5,3627,80,80,50
2437,104,3,647,3,3630,23,13,30
2438,104,3,648,3,3633,32,15,30
2439,104,3,649,2,3635,34,19,20
2440,104,3,650,2,3637,35,17,20
2441,104,3,651,7,3644,92,34,70
2442,104,3,652,4,3648,93,93,40
2443,104,3,653,3,3651,28,28,30
2444,104,3,654,8,3659,67,30,80
2445,104,3,655,7,3666,109,48,70
2446,104,3,656,6,3672,115,57,60
2447,104,3,657,8,3680,146,146,80
2448,104,3,658,7,3687,66,34,70
2449,104,3,659,8,3695,120,48,80
2450,104,3,660,6,3701,139,139,60
2451,104,3,661,9,3710,93,38,90
2452,104,3,662,5,3715,98,98,50
2453,104,3,663,7,3722,74,35,70
2454,104,3,664,3,3725,76,76,30
2455,104,3,665,5,3730,38,13,50
2456,104,3,666,7,3737,98,48,70
2457,104,3,667,6,3743,99,43,60
2458,104,3,668,4,3747,93,93,40
2459,104,3,669,9,3756,80,38,90
2460,104,3,670,4,3760,80,40,40
2461,104,3,671,8,3768,109,50,80
2462,104,3,672,2,3770,78,30,20
2463,104,3,673,8,3778,124,54,80
2464,104,3,674,5,3783,125,54,50
2465,104,3,675,3,3786,98,98,30
2466,104,3,676,8,3794,79,32,80
2467,104,3,677,7,3801,121,51,70
2468,104,3,678,9,3810,156,60,90
2469,104,3,679,9,3819,190,77,90
2470,104,3,680,6,3825,182,80,60
2471,104,3,681,3,3828,125,46,30
2472,104,3,682,5,3833,130,56,50
2473,104,3,683,8,3841,148,148,80
2474,104,3,684,4,3845,46,15,40
2475,104,3,685,9,3854,129,66,90
2476,104,3,686,2,3856,82,34,20
2477,104,3,687,8,3864,139,64,80
2478,104,3,688,6,3870,132,132,60
2479,104,3,689,7,3877,64,29,70
2480,104,3,690,7,3884,110,51,70
2481,104,3,691,2,3886,78,78,20
2482,104,3,692,3,3889,33,33,30
2483,104,3,693,3,3892,23,12,30
2484,104,3,694,5,3897,55,55,50
2485,104,3,695,5,3902,51,51,50
2486,104,3,696,9,3911,94,51,90
2487,104,3,697,6,3917,111,57,60
2488,104,3,698,2,3919,75,75,20
2489,104,3,699,5,3924,55,55,50
2490,104,3,700,3,3927,24,6,30
2491,104,3,701,6,3933,75,33,60
2492,104,3,702,5,3938,86,39,50
2493,104,3,703,3,3941,67,31,30
2494,104,3,704,9,3950,130,130,90
2495,104,3,705,2,3952,22,5,20
2496,104,3,706,7,3959,71,35,70
2497,104,3,707,2,3961,63,63,20
2498,104,3,708,2,3963,22,5,20
2499,104,3,709,4,3967,60,23,40
2500,104,3,710,8,3975,112,112,80
2501,104,3,711,5,3980,50,50,50
2502,104,3,712,9,3989,93,45,90
2503,104,3,713,4,3993,78,78,40
2504,104,3,714,3,3996,29,29,30
2505,104,3,715,8,4004,88,37,80
2506,104,3,716,6,4010,125,51,60
2507,104,3,717,5,4015,127,58,50
2508,104,3,718,6,4021,122,56,60
2509,104,3,719,3,4024,98,98,30
2510,104,3,720,6,4030,53,53,60
2511,104,3,721,4,4034,31,15,40
2512,104,3,722,5,4039,59,28,50
2513,104,3,723,3,4042,61,27,30
2514,104,3,724,2,4044,60,21,20
2515,104,3,725,6,4050,109,109,60
2516,104,3,726,6,4056,55,19,60
2517,104,3,727,6,4062,89,40,60
2518,104,3,728,6,4068,106,42,60
2519,104,3,729,9,4077,157,68,90
2520,104,3,730,3,4080,126,52,30
2521,104,3,731,7,4087,138,66,70
2522,104,3,732,8,4095,148,148,80
2523,104,3,733,9,4104,90,41,90
2524,104,3,734,9,4113,146,146,90
2525,104,3,735,7,4120,73,73,70
2526,104,3,736,5,4125,60,25,50
2527,104,3,737,3,4128,64,30,30
2528,104,3,738,8,4136,120,120,80
2529,104,3,739,5,4141,48,48,50
2530,104,3,740,5,4146,55,27,50
2531,104,3,741,9,4155,121,57,90
2532,104,3,742,8,4163,150,150,80
2533,104,3,743,8,4171,87,43,80
2534,104,3,744,8,4179,125,61,80
2535,104,3,745,2,4181,82,34,20
2536,104,3,746,9,4190,138,138,90
2537,104,3,747,6,4196,59,24,60
2538,104,3,748,9,4205,117,60,90
2539,104,3,749,2,4207,68,68,20
2540,104,3,750,8,4215,78,35,80
2541,104,3,751,3,4218,63,29,30
2542,104,3,752,7,4225,96,41,70
2543,104,3,753,2,4227,79,36,20
2544,104,3,754,6,4233,113,113,60
2545,104,3,755,9,4242,79,33,90
2546,104,3,756,9,4251,148,61,90
2547,104,3,757,8,4259,161,77,80
2548,104,3,758,4,4263,130,59,40
2549,104,3,759,4,4267,120,62,40
2550,104,3,760,3,4270,86,41,30
2551,104,3,761,6,4276,98,43,60
2552,104,3,762,5,4281,113,51,50
2553,104,3,763,3,4284,92,43,30
2554,104,3,764,9,4293,140,140,90
2555,104,3,765,8,4301,83,39,80
2556,104,3,766,6,4307,106,43,60
2557,104,3,767,9,4316,144,60,90
2558,104,3,768,4,4320,131,70,40
2559,104,3,769,7,4327,138,138,70
2560,104,3,770,5,4332,49,26,50
2561,104,3,771,6,4338,72,32,60
2562,104,3,772,8,4346,122,53,80
2563,104,3,773,8,4354,144,74,80
2564,104,3,774,6,4360,127,50,60
2565,104,3,775,3,4363,97,39,30
2566,104,3,776,7,4370,128,128,70
2567,104,3,777,9,4379,77,32,90
2568,104,3,778,6,4385,95,35,60
2569,104,3,779,9,4394,156,70,90
2570,104,3,780,8,4402,160,66,80
2571,104,3,781,6,4408,152,71,60
2572,104,3,782,9,4417,176,176,90
2573,104,3,783,7,4424,68,32,70
2574,104,3,784,7,4431,91,91,70
2575,104,3,785,3,4434,24,9,30
2576,104,3,786,5,4439,67,27,50
2577,104,3,787,4,4443,85,85,40
2578,104,3,788,4,4447,39,39,40
2579,104,3,789,7,4454,74,74,70
2580,104,3,790,9,4463,92,92,90
2581,104,3,791,5,4468,48,48,50
2582,104,3,792,5,4473,45,18,50
2583,104,3,793,8,4481,110,56,80
2584,104,3,794,4,4485,92,38,40
2585,104,3,795,3,4488,76,34,30
2586,104,3,796,6,4494,96,42,60
2587,104,3,797,4,4498,93,42,40
2588,104,3,798,2,4500,69,31,20
2589,104,3,799,7,4507,119,50,70
2590,104,3,800,9,4516,156,156,90
2591,104,3,801,4,4520,28,10,40
2592,104,3,802,9,4529,112,51,90
2593,104,3,803,9,4538,158,81,90
2594,104,3,804,8,4546,164,164,80
2595,104,3,805,3,4549,27,9,30
2596,104,3,806,4,4553,58,58,40
2597,104,3,807,6,4559,60,28,60
2598,104,3,808,3,4562,64,26,30
2599,104,3,809,2,4564,64,64,20
2600,104,3,810,2,4566,19,19,20
2601,104,3,811,2,4568,18,6,20
2602,104,3,812,9,4577,109,109,90
2603,104,3,813,6,4583,52,21,60
2604,104,3,814,4,4587,80,25,40
2605,104,3,815,9,4596,141,70,90
2606,104,3,816,4,4600,116,116,40
2607,104,3,817,7,4607,77,38,70
2608,104,3,818,8,4615,121,121,80
2609,104,3,819,2,4617,23,8,20
2610,104,3,820,9,4626,88,88,90
2611,104,3,821,6,4632,60,60,60
2612,104,3,822,7,4639,52,21,70
2613,104,3,823,6,4645,90,90,60
2614,104,3,824,8,4653,77,42,80
2615,104,3,825,7,4660,114,42,70
2616,104,3,826,5,4665,111,111,50
2617,104,3,827,9,4674,83,40,90
2618,104,3,828,9,4683,134,58,90
2619,104,3,829,8,4691,157,74,80
2620,104,3,830,2,4693,97,45,20
2621,104,3,831,7,4700,116,116,70
2622,104,3,832,8,4708,67,22,80
2623,104,3,833,6,4714,108,51,60
2624,104,3,834,6,4720,123,57,60
2625,104,3,835,9,4729,167,167,90
2626,104,3,836,3,4732,29,14,30
2627,104,3,837,6,4738,76,32,60
2628,104,3,838,5,4743,105,105,50
2629,104,3,839,2,4745,31,14,20
2630,104,3,840,9,4754,112,54,90
2631,104,3,841,3,4757,80,34,30
2632,104,3,842,7,4764,121,55,70
2633,104,3,843,9,4773,157,157,90
2634,104,3,844,3,4776,26,8,30
2635,104,3,845,3,4779,45,17,30
2636,104,3,846,9,4788,121,59,90
2637,104,3,847,5,4793,112,48,50
2638,104,3,848,4,4797,109,42,40
2639,104,3,849,8,4805,138,57,80
2640,104,3,850,6,4811,127,57,60
2641,104,3,851,8,4819,140,65,80
2642,104,3,852,9,4828,155,155,90
2643,104,3,853,7,4835,73,33,70
2644,104,3,854,9,4844,135,135,90
2645,104,3,855,4,4848,39,39,40
2646,104,3,856,7,4855,77,35,70
2647,104,3,857,3,4858,66,33,30
2648,104,3,858,7,4865,104,46,70
2649,104,3,859,7,4872,122,122,70
2650,104,3,860,6,4878,55,29,60
2651,104,3,861,9,4887,131,67,90
2652,104,3,862,4,4891,108,52,40
2653,104,3,863,4,4895,98,40,40
2654,104,3,864,7,4902,121,54,70
2655,104,3,865,7,4909,149,149,70
2656,104,3,866,5,4914,51,23,50
2657,104,3,867,6,4920,82,45,60
2658,104,3,868,7,4927,116,53,70
2659,104,3,869,9,4936,175,175,90
2660,104,3,870,4,4940,44,44,40
2661,104,3,871,2,4942,17,8,20
2662,104,3,872,2,4944,35,35,20
2663,104,3,873,8,4952,81,39,80
2664,104,3,874,3,4955,64,23,30
2665,104,3,875,4,4959,78,29,40
2666,104,3,876,3,4962,71,30,30
2667,104,3,877,2,4964,58,22,20
2668,104,3,878,4,4968,73,33,40
2669,104,3,879,6,4974,89,33,60
2670,104,3,880,3,4977,91,43,30
2671,104,3,881,7,4984,122,48,70
2672,104,3,882,8,4992,154,154,80
2673,104,3,883,4,4996,38,38,40
