,Scenario,Trial,Inspection,Interval,Time,Defects,Rate
0,47,1,1,4,4,20,40
1,47,1,2,5,9,32,50
2,47,1,3,9,18,49,90
3,47,1,4,4,22,1,40
4,47,1,5,5,27,82,50
5,47,1,6,3,30,53,30
6,47,1,7,4,34,43,40
7,47,1,8,5,39,52,50
8,47,1,9,4,43,51,40
9,47,1,10,5,48,35,50
10,47,1,11,7,55,1,70
11,47,1,12,3,58,64,30
12,47,1,13,4,62,1,40
13,47,1,14,9,71,76,90
14,47,1,15,3,74,1,30
15,47,1,16,8,82,116,80
16,47,1,17,6,88,87,60
17,47,1,18,6,94,1,60
18,47,1,19,9,103,109,90
19,47,1,20,8,111,97,80
20,47,1,21,6,117,83,60
21,47,1,22,4,121,56,40
22,47,1,23,3,124,43,30
23,47,1,24,2,126,42,20
24,47,1,25,2,128,25,20
25,47,1,26,3,131,31,30
26,47,1,27,4,135,26,40
27,47,1,28,8,143,58,80
28,47,1,29,3,146,1,30
29,47,1,30,7,153,78,70
30,47,1,31,2,155,58,20
31,47,1,32,5,160,55,50
32,47,1,33,8,168,78,80
33,47,1,34,5,173,64,50
34,47,1,35,7,180,64,70
35,47,1,36,3,183,1,30
36,47,1,37,2,185,54,20
37,47,1,38,5,190,1,50
38,47,1,39,3,193,60,30
39,47,1,40,6,199,65,60
40,47,1,41,9,208,1,90
41,47,1,42,6,214,114,60
42,47,1,43,5,219,70,50
43,47,1,44,8,227,86,80
44,47,1,45,6,233,63,60
45,47,1,46,3,236,55,30
46,47,1,47,2,238,45,20
47,47,1,48,2,240,35,20
48,47,1,49,5,245,47,50
49,47,1,50,8,253,51,80
50,47,1,51,3,256,38,30
51,47,1,52,7,263,66,70
52,47,1,53,5,268,52,50
53,47,1,54,7,275,63,70
54,47,1,55,9,284,82,90
55,47,1,56,7,291,61,70
56,47,1,57,2,293,47,20
57,47,1,58,6,299,40,60
58,47,1,59,4,303,54,40
59,47,1,60,5,308,1,50
60,47,1,61,9,317,105,90
61,47,1,62,9,326,1,90
62,47,1,63,7,333,102,70
63,47,1,64,2,335,72,20
64,47,1,65,6,341,1,60
65,47,1,66,3,344,96,30
66,47,1,67,8,352,69,80
67,47,1,68,4,356,57,40
68,47,1,69,9,365,69,90
69,47,1,70,3,368,55,30
70,47,1,71,7,375,69,70
71,47,1,72,2,377,37,20
72,47,1,73,4,381,37,40
73,47,1,74,8,389,55,80
74,47,1,75,5,394,1,50
75,47,1,76,2,396,67,20
76,47,1,77,7,403,62,70
77,47,1,78,3,406,45,30
78,47,1,79,6,412,62,60
79,47,1,80,6,418,67,60
80,47,1,81,6,424,56,60
81,47,1,82,6,430,1,60
82,47,1,83,4,434,88,40
83,47,1,84,5,439,60,50
84,47,1,85,3,442,45,30
85,47,1,86,5,447,1,50
86,47,1,87,8,455,84,80
87,47,1,88,7,462,71,70
88,47,1,89,9,471,93,90
89,47,1,90,5,476,79,50
90,47,1,91,9,485,75,90
91,47,1,92,5,490,69,50
92,47,1,93,3,493,57,30
93,47,1,94,8,501,71,80
94,47,1,95,5,506,50,50
95,47,1,96,3,509,44,30
96,47,1,97,5,514,40,50
97,47,1,98,8,522,49,80
98,47,1,99,8,530,84,80
99,47,1,100,5,535,58,50
100,47,1,101,4,539,44,40
101,47,1,102,4,543,45,40
102,47,1,103,6,549,50,60
103,47,1,104,6,555,64,60
104,47,1,105,4,559,53,40
105,47,1,106,6,565,1,60
106,47,1,107,2,567,63,20
107,47,1,108,5,572,1,50
108,47,1,109,4,576,1,40
109,47,1,110,2,578,83,20
110,47,1,111,7,585,65,70
111,47,1,112,7,592,72,70
112,47,1,113,6,598,1,60
113,47,1,114,8,606,117,80
114,47,1,115,2,608,72,20
115,47,1,116,8,616,80,80
116,47,1,117,9,625,1,90
117,47,1,118,2,627,91,20
118,47,1,119,6,633,91,60
119,47,1,120,7,640,71,70
120,47,1,121,4,644,47,40
121,47,1,122,2,646,1,20
122,47,1,123,9,655,66,90
123,47,1,124,5,660,71,50
124,47,1,125,7,667,91,70
125,47,1,126,7,674,56,70
126,47,1,127,8,682,76,80
127,47,1,128,3,685,48,30
128,47,1,129,8,693,66,80
129,47,1,130,4,697,55,40
130,47,1,131,4,701,38,40
131,47,1,132,3,704,37,30
132,47,1,133,6,710,37,60
133,47,1,134,4,714,43,40
134,47,1,135,6,720,46,60
135,47,1,136,3,723,39,30
136,47,1,137,8,731,60,80
137,47,1,138,6,737,63,60
138,47,1,139,5,742,47,50
139,47,1,140,4,746,57,40
140,47,1,141,9,755,1,90
141,47,1,142,2,757,82,20
142,47,1,143,8,765,1,80
143,47,1,144,9,774,110,90
144,47,1,145,8,782,1,80
145,47,1,146,6,788,122,60
146,47,1,147,9,797,105,90
147,47,1,148,9,806,114,90
148,47,1,149,5,811,81,50
149,47,1,150,5,816,74,50
150,47,1,151,3,819,43,30
151,47,1,152,3,822,41,30
152,47,1,153,9,831,54,90
153,47,1,154,5,836,57,50
154,47,1,155,6,842,57,60
155,47,1,156,7,849,58,70
156,47,1,157,9,858,67,90
157,47,1,158,6,864,69,60
158,47,1,159,8,872,76,80
159,47,1,160,2,874,42,20
160,47,1,161,7,881,65,70
161,47,1,162,2,883,40,20
162,47,1,163,8,891,61,80
163,47,1,164,7,898,58,70
164,47,1,165,8,906,75,80
165,47,1,166,5,911,63,50
166,47,1,167,2,913,40,20
167,47,1,168,6,919,44,60
168,47,1,169,3,922,40,30
169,47,1,170,2,924,37,20
170,47,1,171,6,930,45,60
171,47,1,172,5,935,40,50
172,47,1,173,6,941,60,60
173,47,1,174,3,944,51,30
174,47,1,175,7,951,65,70
175,47,1,176,5,956,57,50
176,47,1,177,7,963,75,70
177,47,1,178,7,970,70,70
178,47,1,179,2,972,1,20
179,47,1,180,6,978,67,60
180,47,1,181,8,986,83,80
181,47,1,182,2,988,48,20
182,47,1,183,2,990,56,20
183,47,1,184,3,993,33,30
184,47,1,185,3,996,30,30
185,47,1,186,4,1000,1,40
186,47,1,187,6,1006,65,60
187,47,1,188,7,1013,82,70
188,47,1,189,3,1016,61,30
189,47,1,190,9,1025,65,90
190,47,1,191,4,1029,1,40
191,47,1,192,3,1032,66,30
192,47,1,193,6,1038,59,60
193,47,1,194,5,1043,53,50
194,47,1,195,9,1052,79,90
195,47,1,196,6,1058,58,60
196,47,1,197,6,1064,1,60
197,47,1,198,8,1072,98,80
198,47,1,199,6,1078,66,60
199,47,1,200,6,1084,1,60
200,47,1,201,9,1093,1,90
201,47,1,202,4,1097,131,40
202,47,1,203,4,1101,83,40
203,47,1,204,9,1110,76,90
204,47,1,205,8,1118,91,80
205,47,1,206,9,1127,75,90
206,47,1,207,9,1136,97,90
207,47,1,208,3,1139,69,30
208,47,1,209,4,1143,46,40
209,47,1,210,5,1148,51,50
210,47,1,211,7,1155,65,70
211,47,1,212,5,1160,48,50
212,47,1,213,9,1169,82,90
213,47,1,214,3,1172,67,30
214,47,1,215,7,1179,76,70
215,47,1,216,7,1186,58,70
216,47,1,217,4,1190,51,40
217,47,1,218,5,1195,51,50
218,47,1,219,2,1197,32,20
219,47,1,220,7,1204,53,70
220,47,1,221,9,1213,68,90
221,47,1,222,5,1218,1,50
222,47,1,223,5,1223,96,50
223,47,1,224,7,1230,78,70
224,47,1,225,3,1233,52,30
225,47,1,226,4,1237,53,40
226,47,1,227,8,1245,55,80
227,47,1,228,4,1249,47,40
228,47,1,229,9,1258,72,90
229,47,1,230,4,1262,64,40
230,47,1,231,5,1267,53,50
231,47,1,232,3,1270,1,30
232,47,1,233,3,1273,48,30
233,47,1,234,8,1281,1,80
234,47,1,235,8,1289,88,80
235,47,1,236,7,1296,89,70
236,47,1,237,8,1304,1,80
237,47,1,238,2,1306,94,20
238,47,1,239,7,1313,72,70
239,47,1,240,5,1318,70,50
240,47,1,241,8,1326,80,80
241,47,1,242,7,1333,57,70
242,47,1,243,6,1339,1,60
243,47,1,244,7,1346,88,70
244,47,1,245,4,1350,77,40
245,47,1,246,5,1355,57,50
246,47,1,247,8,1363,76,80
247,47,1,248,2,1365,56,20
248,47,1,249,7,1372,1,70
249,47,1,250,7,1379,1,70
250,47,1,251,6,1385,118,60
251,47,1,252,8,1393,101,80
252,47,1,253,3,1396,61,30
253,47,1,254,4,1400,51,40
254,47,1,255,2,1402,43,20
255,47,1,256,4,1406,40,40
256,47,1,257,5,1411,32,50
257,47,1,258,6,1417,48,60
258,47,1,259,8,1425,1,80
259,47,1,260,7,1432,88,70
260,47,1,261,8,1440,98,80
261,47,1,262,7,1447,81,70
262,47,1,263,3,1450,53,30
263,47,1,264,6,1456,44,60
264,47,1,265,6,1462,56,60
265,47,1,266,6,1468,66,60
266,47,1,267,5,1473,58,50
267,47,1,268,6,1479,1,60
268,47,1,269,3,1482,1,30
269,47,1,270,6,1488,85,60
270,47,1,271,6,1494,66,60
271,47,1,272,7,1501,75,70
272,47,1,273,8,1509,87,80
273,47,1,274,7,1516,68,70
274,47,1,275,4,1520,55,40
275,47,1,276,7,1527,61,70
276,47,1,277,2,1529,48,20
277,47,1,278,4,1533,48,40
278,47,1,279,6,1539,1,60
279,47,1,280,9,1548,87,90
280,47,1,281,6,1554,92,60
281,47,1,282,4,1558,55,40
282,47,1,283,3,1561,41,30
283,47,1,284,9,1570,59,90
284,47,1,285,2,1572,33,20
285,47,1,286,2,1574,38,20
286,47,1,287,2,1576,1,20
287,47,1,288,8,1584,1,80
288,47,1,289,5,1589,1,50
289,47,1,290,3,1592,102,30
290,47,1,291,3,1595,63,30
291,47,1,292,9,1604,73,90
292,47,1,293,4,1608,64,40
293,47,1,294,7,1615,63,70
294,47,1,295,4,1619,57,40
295,47,1,296,3,1622,34,30
296,47,1,297,7,1629,62,70
297,47,1,298,8,1637,1,80
298,47,1,299,6,1643,86,60
299,47,1,300,2,1645,59,20
300,47,1,301,9,1654,86,90
301,47,1,302,8,1662,78,80
302,47,1,303,5,1667,62,50
303,47,1,304,7,1674,66,70
304,47,1,305,5,1679,61,50
305,47,1,306,6,1685,53,60
306,47,1,307,9,1694,76,90
307,47,1,308,3,1697,1,30
308,47,1,309,4,1701,56,40
309,47,1,310,9,1710,68,90
310,47,1,311,2,1712,50,20
311,47,1,312,2,1714,36,20
312,47,1,313,9,1723,67,90
313,47,1,314,6,1729,75,60
314,47,1,315,6,1735,1,60
315,47,1,316,3,1738,80,30
316,47,1,317,3,1741,1,30
317,47,1,318,8,1749,81,80
318,47,1,319,2,1751,55,20
319,47,1,320,3,1754,35,30
320,47,1,321,4,1758,1,40
321,47,1,322,4,1762,55,40
322,47,1,323,5,1767,43,50
323,47,1,324,8,1775,60,80
324,47,1,325,8,1783,73,80
325,47,1,326,7,1790,74,70
326,47,1,327,3,1793,61,30
327,47,1,328,6,1799,48,60
328,47,1,329,3,1802,50,30
329,47,1,330,3,1805,1,30
330,47,1,331,5,1810,1,50
331,47,1,332,8,1818,89,80
332,47,1,333,6,1824,70,60
333,47,1,334,6,1830,77,60
334,47,1,335,3,1833,45,30
335,47,1,336,7,1840,42,70
336,47,1,337,7,1847,64,70
337,47,1,338,7,1854,81,70
338,47,1,339,5,1859,51,50
339,47,1,340,6,1865,1,60
340,47,1,341,2,1867,90,20
341,47,1,342,2,1869,48,20
342,47,1,343,5,1874,49,50
343,47,1,344,5,1879,44,50
344,47,1,345,4,1883,46,40
345,47,1,346,7,1890,55,70
346,47,1,347,7,1897,67,70
347,47,1,348,2,1899,38,20
348,47,1,349,5,1904,43,50
349,47,1,350,8,1912,73,80
350,47,1,351,7,1919,63,70
351,47,1,352,2,1921,42,20
352,47,1,353,6,1927,49,60
353,47,1,354,9,1936,1,90
354,47,1,355,2,1938,77,20
355,47,1,356,9,1947,89,90
356,47,1,357,9,1956,80,90
357,47,1,358,9,1965,1,90
358,47,1,359,2,1967,78,20
359,47,1,360,4,1971,58,40
360,47,1,361,4,1975,52,40
361,47,1,362,3,1978,47,30
362,47,1,363,3,1981,1,30
363,47,1,364,2,1983,41,20
364,47,1,365,6,1989,48,60
365,47,1,366,2,1991,42,20
366,47,1,367,5,1996,41,50
367,47,1,368,9,2005,48,90
368,47,1,369,8,2013,65,80
369,47,1,370,2,2015,50,20
370,47,1,371,8,2023,61,80
371,47,1,372,2,2025,1,20
372,47,1,373,6,2031,66,60
373,47,1,374,3,2034,42,30
374,47,1,375,7,2041,61,70
375,47,1,376,7,2048,67,70
376,47,1,377,6,2054,61,60
377,47,1,378,8,2062,68,80
378,47,1,379,9,2071,69,90
379,47,1,380,5,2076,1,50
380,47,1,381,3,2079,86,30
381,47,1,382,9,2088,1,90
382,47,1,383,9,2097,128,90
383,47,1,384,9,2106,110,90
384,47,1,385,7,2113,100,70
385,47,1,386,5,2118,67,50
386,47,1,387,9,2127,61,90
387,47,1,388,4,2131,1,40
388,47,1,389,9,2140,109,90
389,47,1,390,9,2149,98,90
390,47,1,391,9,2158,83,90
391,47,1,392,3,2161,71,30
392,47,1,393,2,2163,49,20
393,47,1,394,9,2172,81,90
394,47,1,395,3,2175,40,30
395,47,1,396,3,2178,50,30
396,47,1,397,2,2180,40,20
397,47,1,398,9,2189,69,90
398,47,1,399,8,2197,1,80
399,47,1,400,9,2206,106,90
400,47,1,401,3,2209,73,30
401,47,1,402,3,2212,56,30
402,47,1,403,8,2220,1,80
403,47,1,404,5,2225,103,50
404,47,1,405,7,2232,70,70
405,47,1,406,7,2239,71,70
406,47,1,407,3,2242,1,30
407,47,1,408,5,2247,65,50
408,47,1,409,8,2255,1,80
409,47,1,410,2,2257,98,20
410,47,1,411,6,2263,80,60
411,47,1,412,2,2265,50,20
412,47,1,413,4,2269,50,40
413,47,1,414,2,2271,29,20
414,47,1,415,8,2279,65,80
415,47,1,416,5,2284,53,50
416,47,1,417,3,2287,30,30
417,47,1,418,2,2289,33,20
418,47,1,419,6,2295,40,60
419,47,1,420,5,2300,1,50
420,47,1,421,3,2303,68,30
421,47,1,422,2,2305,37,20
422,47,1,423,8,2313,1,80
423,47,1,424,7,2320,95,70
424,47,1,425,6,2326,75,60
425,47,1,426,3,2329,48,30
426,47,1,427,7,2336,65,70
427,47,1,428,2,2338,1,20
428,47,1,429,7,2345,62,70
429,47,1,430,3,2348,61,30
430,47,1,431,2,2350,39,20
431,47,1,432,5,2355,1,50
432,47,1,433,3,2358,54,30
433,47,1,434,2,2360,1,20
434,47,1,435,5,2365,71,50
435,47,1,436,3,2368,34,30
436,47,1,437,4,2372,1,40
437,47,1,438,7,2379,84,70
438,47,1,439,9,2388,70,90
439,47,1,440,4,2392,59,40
440,47,1,441,2,2394,37,20
441,47,1,442,2,2396,31,20
442,47,1,443,8,2404,1,80
443,47,1,444,9,2413,109,90
444,47,1,445,8,2421,79,80
445,47,1,446,4,2425,65,40
446,47,1,447,4,2429,60,40
447,47,1,448,9,2438,77,90
448,47,1,449,3,2441,1,30
449,47,1,450,2,2443,44,20
450,47,1,451,7,2450,79,70
451,47,1,452,3,2453,39,30
452,47,1,453,9,2462,52,90
453,47,1,454,5,2467,62,50
454,47,1,455,8,2475,64,80
455,47,1,456,5,2480,57,50
456,47,1,457,2,2482,42,20
457,47,1,458,8,2490,52,80
458,47,1,459,2,2492,35,20
459,47,1,460,6,2498,58,60
460,47,1,461,2,2500,37,20
461,47,1,462,5,2505,1,50
462,47,1,463,8,2513,72,80
463,47,1,464,5,2518,59,50
464,47,1,465,4,2522,66,40
465,47,1,466,8,2530,62,80
466,47,1,467,4,2534,54,40
467,47,1,468,2,2536,29,20
468,47,1,469,6,2542,47,60
469,47,1,470,4,2546,58,40
470,47,1,471,5,2551,46,50
471,47,1,472,2,2553,1,20
472,47,1,473,7,2560,64,70
473,47,1,474,5,2565,58,50
474,47,1,475,6,2571,59,60
475,47,1,476,7,2578,1,70
476,47,1,477,9,2587,104,90
477,47,1,478,6,2593,88,60
478,47,1,479,4,2597,59,40
479,47,1,480,6,2603,75,60
480,47,1,481,6,2609,62,60
481,47,1,482,9,2618,64,90
482,47,1,483,3,2621,44,30
483,47,1,484,4,2625,51,40
484,47,1,485,4,2629,1,40
485,47,1,486,9,2638,80,90
486,47,1,487,9,2647,1,90
487,47,1,488,5,2652,92,50
488,47,1,489,8,2660,1,80
489,47,1,490,4,2664,131,40
490,47,1,491,4,2668,82,40
491,47,1,492,8,2676,1,80
492,47,1,493,7,2683,106,70
493,47,1,494,5,2688,80,50
494,47,1,495,4,2692,1,40
495,47,1,496,8,2700,88,80
496,47,1,497,3,2703,81,30
497,47,1,498,8,2711,71,80
498,47,1,499,8,2719,77,80
499,47,1,500,4,2723,75,40
500,47,1,501,6,2729,1,60
501,47,1,502,4,2733,1,40
502,47,1,503,7,2740,104,70
503,47,1,504,3,2743,1,30
504,47,1,505,6,2749,99,60
505,47,1,506,9,2758,111,90
506,47,1,507,5,2763,66,50
507,47,1,508,8,2771,85,80
508,47,1,509,7,2778,64,70
509,47,1,510,6,2784,87,60
510,47,1,511,5,2789,57,50
511,47,1,512,3,2792,47,30
512,47,1,513,8,2800,70,80
513,47,1,514,4,2804,1,40
514,47,1,515,5,2809,83,50
515,47,1,516,7,2816,75,70
516,47,1,517,8,2824,75,80
517,47,1,518,7,2831,1,70
518,47,1,519,3,2834,76,30
519,47,1,520,8,2842,85,80
520,47,1,521,4,2846,56,40
521,47,1,522,5,2851,59,50
522,47,1,523,4,2855,58,40
523,47,1,524,7,2862,62,70
524,47,1,525,4,2866,34,40
525,47,1,526,5,2871,52,50
526,47,1,527,8,2879,57,80
527,47,1,528,7,2886,1,70
528,47,1,529,4,2890,89,40
529,47,1,530,9,2899,115,90
530,47,1,531,5,2904,53,50
531,47,1,532,5,2909,75,50
532,47,1,533,8,2917,88,80
533,47,1,534,3,2920,43,30
534,47,1,535,7,2927,70,70
535,47,1,536,4,2931,55,40
536,47,1,537,8,2939,61,80
537,47,1,538,3,2942,61,30
538,47,1,539,8,2950,51,80
539,47,1,540,7,2957,75,70
540,47,1,541,3,2960,43,30
541,47,1,542,8,2968,1,80
542,47,1,543,9,2977,1,90
543,47,1,544,2,2979,102,20
544,47,1,545,8,2987,113,80
545,47,1,546,3,2990,1,30
546,47,1,547,4,2994,89,40
547,47,1,548,9,3003,78,90
548,47,1,549,3,3006,66,30
549,47,1,550,9,3015,80,90
550,47,1,551,4,3019,65,40
551,47,1,552,9,3028,63,90
552,47,1,553,4,3032,76,40
553,47,1,554,4,3036,57,40
554,47,1,555,4,3040,42,40
555,47,1,556,4,3044,42,40
556,47,1,557,5,3049,44,50
557,47,1,558,8,3057,52,80
558,47,1,559,9,3066,79,90
559,47,1,560,5,3071,72,50
560,47,1,561,7,3078,71,70
561,47,1,562,6,3084,64,60
562,47,1,563,3,3087,40,30
563,47,1,564,6,3093,52,60
564,47,1,565,4,3097,56,40
565,47,1,566,8,3105,77,80
566,47,1,567,5,3110,44,50
567,47,1,568,4,3114,1,40
568,47,1,569,9,3123,97,90
569,47,1,570,8,3131,93,80
570,47,1,571,2,3133,1,20
571,47,1,572,8,3141,80,80
572,47,1,573,4,3145,76,40
573,47,1,574,9,3154,73,90
574,47,1,575,3,3157,60,30
575,47,1,576,4,3161,50,40
576,47,1,577,2,3163,1,20
577,47,1,578,2,3165,35,20
578,47,1,579,4,3169,33,40
579,47,1,580,4,3173,1,40
580,47,1,581,4,3177,64,40
581,47,1,582,7,3184,54,70
582,47,1,583,8,3192,61,80
583,47,1,584,9,3201,89,90
584,47,1,585,4,3205,1,40
585,47,1,586,4,3209,87,40
586,47,1,587,6,3215,1,60
587,47,1,588,3,3218,86,30
588,47,1,589,4,3222,67,40
589,47,1,590,2,3224,51,20
590,47,1,591,8,3232,78,80
591,47,1,592,2,3234,49,20
592,47,1,593,2,3236,39,20
593,47,1,594,7,3243,46,70
594,47,1,595,9,3252,63,90
595,47,1,596,2,3254,45,20
596,47,1,597,2,3256,36,20
597,47,1,598,5,3261,39,50
598,47,1,599,3,3264,37,30
599,47,1,600,4,3268,29,40
600,47,1,601,9,3277,55,90
601,47,1,602,3,3280,44,30
602,47,1,603,7,3287,1,70
603,47,1,604,6,3293,81,60
604,47,1,605,7,3300,91,70
605,47,1,606,9,3309,89,90
606,47,1,607,7,3316,66,70
607,47,1,608,7,3323,84,70
608,47,1,609,6,3329,71,60
609,47,1,610,7,3336,58,70
610,47,1,611,6,3342,68,60
611,47,1,612,3,3345,47,30
612,47,1,613,6,3351,56,60
613,47,1,614,9,3360,58,90
614,47,1,615,5,3365,62,50
615,47,1,616,2,3367,41,20
616,47,1,617,3,3370,36,30
617,47,1,618,7,3377,1,70
618,47,1,619,2,3379,1,20
619,47,1,620,9,3388,1,90
620,47,1,621,2,3390,113,20
621,47,1,622,6,3396,93,60
622,47,1,623,2,3398,47,20
623,47,1,624,8,3406,63,80
624,47,1,625,3,3409,1,30
625,47,1,626,7,3416,86,70
626,47,1,627,4,3420,65,40
627,47,1,628,9,3429,88,90
628,47,1,629,4,3433,62,40
629,47,1,630,3,3436,46,30
630,47,1,631,6,3442,1,60
631,47,1,632,2,3444,55,20
632,47,1,633,5,3449,39,50
633,47,1,634,5,3454,58,50
634,47,1,635,2,3456,40,20
635,47,1,636,6,3462,50,60
636,47,1,637,2,3464,29,20
637,47,1,638,9,3473,59,90
638,47,1,639,4,3477,52,40
639,47,1,640,8,3485,67,80
640,47,1,641,7,3492,70,70
641,47,1,642,9,3501,95,90
642,47,1,643,9,3510,94,90
643,47,1,644,2,3512,48,20
644,47,1,645,7,3519,52,70
645,47,1,646,5,3524,48,50
646,47,1,647,2,3526,42,20
647,47,1,648,7,3533,57,70
648,47,1,649,3,3536,46,30
649,47,1,650,8,3544,54,80
650,47,1,651,4,3548,55,40
651,47,1,652,4,3552,41,40
652,47,1,653,9,3561,56,90
653,47,1,654,9,3570,95,90
654,47,1,655,3,3573,57,30
655,47,1,656,7,3580,93,70
656,47,1,657,8,3588,66,80
657,47,1,658,9,3597,1,90
658,47,1,659,5,3602,105,50
659,47,1,660,2,3604,58,20
660,47,1,661,8,3612,77,80
661,47,1,662,5,3617,60,50
662,47,1,663,9,3626,49,90
663,47,1,664,8,3634,87,80
664,47,1,665,5,3639,61,50
665,47,1,666,6,3645,80,60
666,47,1,667,6,3651,1,60
667,47,1,668,9,3660,1,90
668,47,1,669,5,3665,132,50
669,47,1,670,7,3672,107,70
670,47,1,671,6,3678,79,60
671,47,1,672,7,3685,80,70
672,47,1,673,8,3693,1,80
673,47,1,674,3,3696,92,30
674,47,1,675,9,3705,90,90
675,47,1,676,4,3709,68,40
676,47,1,677,5,3714,56,50
677,47,1,678,8,3722,68,80
678,47,1,679,5,3727,64,50
679,47,1,680,8,3735,67,80
680,47,1,681,2,3737,48,20
681,47,1,682,5,3742,54,50
682,47,1,683,3,3745,44,30
683,47,1,684,7,3752,58,70
684,47,1,685,9,3761,56,90
685,47,1,686,3,3764,50,30
686,47,1,687,5,3769,1,50
687,47,1,688,9,3778,100,90
688,47,1,689,8,3786,83,80
689,47,1,690,5,3791,58,50
690,47,1,691,3,3794,48,30
691,47,1,692,8,3802,66,80
692,47,1,693,3,3805,47,30
693,47,1,694,6,3811,58,60
694,47,1,695,5,3816,52,50
695,47,1,696,8,3824,57,80
696,47,1,697,9,3833,75,90
697,47,1,698,8,3841,72,80
698,47,1,699,7,3848,1,70
699,47,1,700,6,3854,1,60
700,47,1,701,5,3859,117,50
701,47,1,702,4,3863,84,40
702,47,1,703,2,3865,1,20
703,47,1,704,2,3867,60,20
704,47,1,705,5,3872,59,50
705,47,1,706,6,3878,53,60
706,47,1,707,9,3887,84,90
707,47,1,708,4,3891,69,40
708,47,1,709,5,3896,53,50
709,47,1,710,5,3901,65,50
710,47,1,711,8,3909,64,80
711,47,1,712,8,3917,71,80
712,47,1,713,3,3920,61,30
713,47,1,714,9,3929,57,90
714,47,1,715,3,3932,56,30
715,47,1,716,8,3940,80,80
716,47,1,717,9,3949,103,90
717,47,1,718,3,3952,49,30
718,47,1,719,3,3955,47,30
719,47,1,720,2,3957,28,20
720,47,1,721,3,3960,35,30
721,47,1,722,8,3968,46,80
722,47,1,723,2,3970,50,20
723,47,1,724,3,3973,32,30
724,47,1,725,7,3980,52,70
725,47,1,726,2,3982,44,20
726,47,1,727,5,3987,37,50
727,47,1,728,8,3995,43,80
728,47,1,729,3,3998,35,30
729,47,1,730,9,4007,1,90
730,47,1,731,7,4014,1,70
731,47,1,732,5,4019,123,50
732,47,1,733,5,4024,85,50
733,47,1,734,6,4030,77,60
734,47,1,735,5,4035,69,50
735,47,1,736,9,4044,63,90
736,47,1,737,9,4053,1,90
737,47,1,738,6,4059,110,60
738,47,1,739,5,4064,62,50
739,47,1,740,9,4073,91,90
740,47,1,741,3,4076,72,30
741,47,1,742,6,4082,70,60
742,47,1,743,4,4086,46,40
743,47,1,744,4,4090,1,40
744,47,1,745,7,4097,1,70
745,47,1,746,8,4105,115,80
746,47,1,747,9,4114,120,90
747,47,1,748,9,4123,100,90
748,47,1,749,4,4127,1,40
749,47,1,750,5,4132,89,50
750,47,1,751,5,4137,1,50
751,47,1,752,7,4144,119,70
752,47,1,753,2,4146,63,20
753,47,1,754,3,4149,49,30
754,47,1,755,5,4154,39,50
755,47,1,756,4,4158,47,40
756,47,1,757,5,4163,44,50
757,47,1,758,2,4165,30,20
758,47,1,759,2,4167,28,20
759,47,1,760,8,4175,55,80
760,47,1,761,2,4177,37,20
761,47,1,762,2,4179,30,20
762,47,1,763,3,4182,34,30
763,47,1,764,6,4188,36,60
764,47,1,765,4,4192,47,40
765,47,1,766,5,4197,48,50
766,47,1,767,4,4201,37,40
767,47,1,768,8,4209,61,80
768,47,1,769,6,4215,44,60
769,47,1,770,6,4221,54,60
770,47,1,771,6,4227,55,60
771,47,1,772,3,4230,1,30
772,47,1,773,8,4238,83,80
773,47,1,774,4,4242,1,40
774,47,1,775,5,4247,71,50
775,47,1,776,5,4252,63,50
776,47,1,777,9,4261,83,90
777,47,1,778,7,4268,71,70
778,47,1,779,2,4270,54,20
779,47,1,780,2,4272,1,20
780,47,1,781,7,4279,70,70
781,47,1,782,9,4288,66,90
782,47,1,783,8,4296,69,80
783,47,1,784,3,4299,53,30
784,47,1,785,4,4303,41,40
785,47,1,786,7,4310,63,70
786,47,1,787,2,4312,42,20
787,47,1,788,6,4318,35,60
788,47,1,789,3,4321,36,30
789,47,1,790,9,4330,55,90
790,47,1,791,2,4332,39,20
791,47,1,792,9,4341,1,90
792,47,1,793,7,4348,97,70
793,47,1,794,8,4356,89,80
794,47,1,795,8,4364,68,80
795,47,1,796,8,4372,81,80
796,47,1,797,9,4381,94,90
797,47,1,798,7,4388,80,70
798,47,1,799,8,4396,88,80
799,47,1,800,9,4405,93,90
800,47,1,801,7,4412,68,70
801,47,1,802,4,4416,54,40
802,47,1,803,2,4418,31,20
803,47,1,804,3,4421,28,30
804,47,1,805,4,4425,1,40
805,47,1,806,5,4430,61,50
806,47,1,807,6,4436,60,60
807,47,1,808,3,4439,53,30
808,47,1,809,6,4445,59,60
809,47,1,810,3,4448,35,30
810,47,1,811,4,4452,43,40
811,47,1,812,8,4460,1,80
812,47,1,813,9,4469,91,90
813,47,1,814,2,4471,51,20
814,47,1,815,3,4474,42,30
815,47,1,816,5,4479,59,50
816,47,1,817,2,4481,33,20
817,47,1,818,8,4489,51,80
818,47,1,819,4,4493,55,40
819,47,1,820,6,4499,50,60
820,47,1,821,6,4505,58,60
821,47,1,822,9,4514,70,90
822,47,1,823,2,4516,50,20
823,47,1,824,7,4523,58,70
824,47,1,825,7,4530,78,70
825,47,1,826,9,4539,78,90
826,47,1,827,9,4548,1,90
827,47,1,828,7,4555,113,70
828,47,1,829,5,4560,90,50
829,47,1,830,7,4567,77,70
830,47,1,831,5,4572,56,50
831,47,1,832,4,4576,40,40
832,47,1,833,6,4582,56,60
833,47,1,834,3,4585,56,30
834,47,1,835,6,4591,48,60
835,47,1,836,9,4600,69,90
836,47,1,837,3,4603,42,30
837,47,1,838,6,4609,67,60
838,47,1,839,3,4612,47,30
839,47,1,840,3,4615,1,30
840,47,1,841,7,4622,70,70
841,47,1,842,5,4627,61,50
842,47,1,843,8,4635,90,80
843,47,1,844,3,4638,63,30
844,47,1,845,5,4643,47,50
845,47,1,846,9,4652,67,90
846,47,1,847,5,4657,70,50
847,47,1,848,7,4664,1,70
848,47,1,849,2,4666,75,20
849,47,1,850,7,4673,59,70
850,47,1,851,6,4679,54,60
851,47,1,852,2,4681,48,20
852,47,1,853,2,4683,33,20
853,47,1,854,3,4686,25,30
854,47,1,855,5,4691,45,50
855,47,1,856,2,4693,23,20
856,47,1,857,4,4697,38,40
857,47,1,858,2,4699,24,20
858,47,1,859,3,4702,32,30
859,47,1,860,7,4709,34,70
860,47,1,861,7,4716,71,70
861,47,1,862,7,4723,75,70
862,47,1,863,6,4729,60,60
863,47,1,864,8,4737,69,80
864,47,1,865,5,4742,1,50
865,47,1,866,4,4746,1,40
866,47,1,867,3,4749,88,30
867,47,1,868,3,4752,69,30
868,47,1,869,7,4759,73,70
869,47,1,870,4,4763,61,40
870,47,1,871,6,4769,58,60
871,47,1,872,6,4775,49,60
872,47,1,873,7,4782,52,70
873,47,1,874,5,4787,1,50
874,47,1,875,2,4789,73,20
875,47,1,876,3,4792,46,30
876,47,1,877,6,4798,57,60
877,47,1,878,4,4802,40,40
878,47,1,879,4,4806,47,40
879,47,1,880,8,4814,61,80
880,47,1,881,5,4819,48,50
881,47,1,882,6,4825,1,60
882,47,1,883,3,4828,83,30
883,47,1,884,2,4830,42,20
884,47,1,885,2,4832,39,20
885,47,1,886,6,4838,46,60
886,47,1,887,7,4845,65,70
887,47,1,888,9,4854,71,90
888,47,1,889,5,4859,47,50
889,47,1,890,8,4867,75,80
890,47,1,891,3,4870,44,30
891,47,1,892,4,4874,44,40
892,47,1,893,3,4877,40,30
893,47,1,894,4,4881,42,40
894,47,1,895,5,4886,1,50
895,47,1,896,2,4888,43,20
896,47,1,897,8,4896,66,80
897,47,1,898,7,4903,73,70
898,47,1,899,7,4910,1,70
899,47,1,900,3,4913,74,30
900,47,1,901,5,4918,71,50
901,47,1,902,8,4926,64,80
902,47,1,903,8,4934,67,80
903,47,1,904,3,4937,51,30
904,47,1,905,7,4944,65,70
905,47,1,906,9,4953,62,90
906,47,1,907,7,4960,71,70
907,47,1,908,5,4965,70,50
908,47,1,909,5,4970,62,50
909,47,1,910,2,4972,41,20
910,47,1,911,7,4979,53,70
911,47,1,912,8,4987,63,80
912,47,1,913,5,4992,54,50
913,47,1,914,2,4994,46,20
914,47,2,1,3,3,1,30
915,47,2,2,5,8,25,50
916,47,2,3,4,12,36,40
917,47,2,4,8,20,55,80
918,47,2,5,2,22,48,20
919,47,2,6,7,29,51,70
920,47,2,7,4,33,51,40
921,47,2,8,2,35,34,20
922,47,2,9,2,37,25,20
923,47,2,10,9,46,54,90
924,47,2,11,9,55,79,90
925,47,2,12,8,63,67,80
926,47,2,13,2,65,1,20
927,47,2,14,2,67,45,20
928,47,2,15,4,71,48,40
929,47,2,16,5,76,53,50
930,47,2,17,3,79,42,30
931,47,2,18,4,83,31,40
932,47,2,19,6,89,38,60
933,47,2,20,6,95,1,60
934,47,2,21,3,98,1,30
935,47,2,22,2,100,83,20
936,47,2,23,7,107,1,70
937,47,2,24,5,112,1,50
938,47,2,25,9,121,150,90
939,47,2,26,9,130,130,90
940,47,2,27,4,134,90,40
941,47,2,28,6,140,72,60
942,47,2,29,4,144,56,40
943,47,2,30,6,150,57,60
944,47,2,31,7,157,56,70
945,47,2,32,3,160,58,30
946,47,2,33,8,168,56,80
947,47,2,34,8,176,1,80
948,47,2,35,6,182,93,60
949,47,2,36,5,187,90,50
950,47,2,37,4,191,62,40
951,47,2,38,3,194,39,30
952,47,2,39,7,201,1,70
953,47,2,40,6,207,73,60
954,47,2,41,8,215,1,80
955,47,2,42,9,224,122,90
956,47,2,43,9,233,90,90
957,47,2,44,8,241,95,80
958,47,2,45,6,247,78,60
959,47,2,46,8,255,1,80
960,47,2,47,9,264,101,90
961,47,2,48,2,266,68,20
962,47,2,49,2,268,43,20
963,47,2,50,2,270,38,20
964,47,2,51,8,278,54,80
965,47,2,52,7,285,1,70
966,47,2,53,8,293,114,80
967,47,2,54,2,295,52,20
968,47,2,55,6,301,72,60
969,47,2,56,8,309,64,80
970,47,2,57,6,315,74,60
971,47,2,58,8,323,74,80
972,47,2,59,3,326,45,30
973,47,2,60,3,329,33,30
974,47,2,61,2,331,1,20
975,47,2,62,2,333,1,20
976,47,2,63,6,339,74,60
977,47,2,64,4,343,48,40
978,47,2,65,6,349,70,60
979,47,2,66,7,356,54,70
980,47,2,67,9,365,97,90
981,47,2,68,2,367,46,20
982,47,2,69,5,372,59,50
983,47,2,70,2,374,45,20
984,47,2,71,9,383,56,90
985,47,2,72,4,387,57,40
986,47,2,73,5,392,1,50
987,47,2,74,3,395,60,30
988,47,2,75,8,403,72,80
989,47,2,76,8,411,1,80
990,47,2,77,6,417,111,60
991,47,2,78,2,419,71,20
992,47,2,79,4,423,52,40
993,47,2,80,7,430,1,70
994,47,2,81,3,433,54,30
995,47,2,82,3,436,61,30
996,47,2,83,8,444,59,80
997,47,2,84,9,453,1,90
998,47,2,85,6,459,121,60
999,47,2,86,7,466,83,70
1000,47,2,87,6,472,65,60
1001,47,2,88,8,480,66,80
1002,47,2,89,7,487,77,70
1003,47,2,90,8,495,73,80
1004,47,2,91,2,497,54,20
1005,47,2,92,2,499,45,20
1006,47,2,93,4,503,38,40
1007,47,2,94,9,512,68,90
1008,47,2,95,6,518,60,60
1009,47,2,96,5,523,57,50
1010,47,2,97,7,530,58,70
1011,47,2,98,7,537,64,70
1012,47,2,99,4,541,54,40
1013,47,2,100,7,548,50,70
1014,47,2,101,3,551,50,30
1015,47,2,102,7,558,52,70
1016,47,2,103,9,567,66,90
1017,47,2,104,4,571,62,40
1018,47,2,105,3,574,37,30
1019,47,2,106,2,576,33,20
1020,47,2,107,4,580,36,40
1021,47,2,108,5,585,56,50
1022,47,2,109,7,592,45,70
1023,47,2,110,9,601,91,90
1024,47,2,111,9,610,81,90
1025,47,2,112,6,616,76,60
1026,47,2,113,6,622,1,60
1027,47,2,114,6,628,1,60
1028,47,2,115,5,633,119,50
1029,47,2,116,8,641,113,80
1030,47,2,117,6,647,81,60
1031,47,2,118,6,653,80,60
1032,47,2,119,7,660,91,70
1033,47,2,120,5,665,53,50
1034,47,2,121,4,669,47,40
1035,47,2,122,3,672,34,30
1036,47,2,123,7,679,57,70
1037,47,2,124,9,688,82,90
1038,47,2,125,7,695,64,70
1039,47,2,126,8,703,84,80
1040,47,2,127,5,708,1,50
1041,47,2,128,6,714,85,60
1042,47,2,129,6,720,83,60
1043,47,2,130,9,729,82,90
1044,47,2,131,2,731,60,20
1045,47,2,132,2,733,43,20
1046,47,2,133,9,742,65,90
1047,47,2,134,8,750,78,80
1048,47,2,135,5,755,61,50
1049,47,2,136,7,762,72,70
1050,47,2,137,2,764,57,20
1051,47,2,138,8,772,58,80
1052,47,2,139,3,775,44,30
1053,47,2,140,6,781,65,60
1054,47,2,141,3,784,35,30
1055,47,2,142,9,793,64,90
1056,47,2,143,5,798,69,50
1057,47,2,144,5,803,59,50
1058,47,2,145,3,806,43,30
1059,47,2,146,3,809,29,30
1060,47,2,147,2,811,1,20
1061,47,2,148,7,818,54,70
1062,47,2,149,8,826,51,80
1063,47,2,150,8,834,71,80
1064,47,2,151,7,841,76,70
1065,47,2,152,8,849,73,80
1066,47,2,153,2,851,1,20
1067,47,2,154,2,853,61,20
1068,47,2,155,5,858,59,50
1069,47,2,156,4,862,48,40
1070,47,2,157,3,865,1,30
1071,47,2,158,2,867,47,20
1072,47,2,159,6,873,48,60
1073,47,2,160,4,877,54,40
1074,47,2,161,8,885,64,80
1075,47,2,162,3,888,48,30
1076,47,2,163,6,894,1,60
1077,47,2,164,8,902,106,80
1078,47,2,165,5,907,74,50
1079,47,2,166,5,912,59,50
1080,47,2,167,3,915,46,30
1081,47,2,168,2,917,41,20
1082,47,2,169,6,923,47,60
1083,47,2,170,6,929,49,60
1084,47,2,171,2,931,36,20
1085,47,2,172,9,940,1,90
1086,47,2,173,5,945,89,50
1087,47,2,174,4,949,1,40
1088,47,2,175,2,951,1,20
1089,47,2,176,5,956,102,50
1090,47,2,177,4,960,73,40
1091,47,2,178,3,963,63,30
1092,47,2,179,9,972,1,90
1093,47,2,180,9,981,106,90
1094,47,2,181,6,987,1,60
1095,47,2,182,9,996,117,90
1096,47,2,183,6,1002,89,60
1097,47,2,184,5,1007,66,50
1098,47,2,185,6,1013,71,60
1099,47,2,186,5,1018,55,50
1100,47,2,187,9,1027,64,90
1101,47,2,188,7,1034,47,70
1102,47,2,189,9,1043,1,90
1103,47,2,190,7,1050,108,70
1104,47,2,191,8,1058,135,80
1105,47,2,192,9,1067,96,90
1106,47,2,193,9,1076,89,90
1107,47,2,194,4,1080,1,40
1108,47,2,195,9,1089,113,90
1109,47,2,196,3,1092,70,30
1110,47,2,197,2,1094,36,20
1111,47,2,198,2,1096,28,20
1112,47,2,199,3,1099,1,30
1113,47,2,200,7,1106,58,70
1114,47,2,201,3,1109,42,30
1115,47,2,202,9,1118,56,90
1116,47,2,203,6,1124,73,60
1117,47,2,204,2,1126,1,20
1118,47,2,205,6,1132,72,60
1119,47,2,206,3,1135,49,30
1120,47,2,207,8,1143,71,80
1121,47,2,208,4,1147,58,40
1122,47,2,209,9,1156,58,90
1123,47,2,210,5,1161,57,50
1124,47,2,211,4,1165,56,40
1125,47,2,212,4,1169,47,40
1126,47,2,213,2,1171,1,20
1127,47,2,214,6,1177,1,60
1128,47,2,215,4,1181,67,40
1129,47,2,216,8,1189,1,80
1130,47,2,217,6,1195,115,60
1131,47,2,218,3,1198,1,30
1132,47,2,219,9,1207,117,90
1133,47,2,220,4,1211,87,40
1134,47,2,221,6,1217,55,60
1135,47,2,222,9,1226,77,90
1136,47,2,223,6,1232,63,60
1137,47,2,224,9,1241,78,90
1138,47,2,225,4,1245,41,40
1139,47,2,226,8,1253,64,80
1140,47,2,227,3,1256,47,30
1141,47,2,228,8,1264,66,80
1142,47,2,229,9,1273,63,90
1143,47,2,230,3,1276,64,30
1144,47,2,231,2,1278,33,20
1145,47,2,232,9,1287,68,90
1146,47,2,233,7,1294,55,70
1147,47,2,234,5,1299,61,50
1148,47,2,235,5,1304,57,50
1149,47,2,236,3,1307,29,30
1150,47,2,237,3,1310,33,30
1151,47,2,238,5,1315,45,50
1152,47,2,239,2,1317,39,20
1153,47,2,240,7,1324,49,70
1154,47,2,241,3,1327,1,30
1155,47,2,242,3,1330,50,30
1156,47,2,243,3,1333,62,30
1157,47,2,244,7,1340,59,70
1158,47,2,245,4,1344,69,40
1159,47,2,246,8,1352,1,80
1160,47,2,247,7,1359,81,70
1161,47,2,248,7,1366,71,70
1162,47,2,249,9,1375,85,90
1163,47,2,250,3,1378,54,30
1164,47,2,251,4,1382,67,40
1165,47,2,252,8,1390,62,80
1166,47,2,253,7,1397,72,70
1167,47,2,254,2,1399,1,20
1168,47,2,255,3,1402,71,30
1169,47,2,256,8,1410,69,80
1170,47,2,257,3,1413,46,30
1171,47,2,258,8,1421,1,80
1172,47,2,259,7,1428,111,70
1173,47,2,260,4,1432,49,40
1174,47,2,261,4,1436,71,40
1175,47,2,262,5,1441,45,50
1176,47,2,263,8,1449,67,80
1177,47,2,264,5,1454,1,50
1178,47,2,265,8,1462,81,80
1179,47,2,266,2,1464,60,20
1180,47,2,267,7,1471,62,70
1181,47,2,268,4,1475,58,40
1182,47,2,269,4,1479,35,40
1183,47,2,270,6,1485,53,60
1184,47,2,271,8,1493,58,80
1185,47,2,272,6,1499,63,60
1186,47,2,273,8,1507,72,80
1187,47,2,274,4,1511,1,40
1188,47,2,275,5,1516,73,50
1189,47,2,276,3,1519,59,30
1190,47,2,277,2,1521,37,20
1191,47,2,278,7,1528,51,70
1192,47,2,279,4,1532,63,40
1193,47,2,280,2,1534,33,20
1194,47,2,281,2,1536,17,20
1195,47,2,282,4,1540,25,40
1196,47,2,283,6,1546,30,60
1197,47,2,284,9,1555,80,90
1198,47,2,285,6,1561,76,60
1199,47,2,286,5,1566,65,50
1200,47,2,287,6,1572,62,60
1201,47,2,288,3,1575,48,30
1202,47,2,289,2,1577,32,20
1203,47,2,290,5,1582,30,50
1204,47,2,291,6,1588,1,60
1205,47,2,292,4,1592,1,40
1206,47,2,293,6,1598,94,60
1207,47,2,294,3,1601,85,30
1208,47,2,295,8,1609,57,80
1209,47,2,296,9,1618,76,90
1210,47,2,297,4,1622,58,40
1211,47,2,298,9,1631,65,90
1212,47,2,299,5,1636,71,50
1213,47,2,300,9,1645,76,90
1214,47,2,301,6,1651,59,60
1215,47,2,302,4,1655,57,40
1216,47,2,303,3,1658,39,30
1217,47,2,304,2,1660,39,20
1218,47,2,305,9,1669,66,90
1219,47,2,306,6,1675,67,60
1220,47,2,307,4,1679,52,40
1221,47,2,308,7,1686,57,70
1222,47,2,309,7,1693,79,70
1223,47,2,310,3,1696,42,30
1224,47,2,311,3,1699,42,30
1225,47,2,312,6,1705,1,60
1226,47,2,313,2,1707,68,20
1227,47,2,314,4,1711,62,40
1228,47,2,315,8,1719,64,80
1229,47,2,316,7,1726,63,70
1230,47,2,317,5,1731,1,50
1231,47,2,318,5,1736,75,50
1232,47,2,319,6,1742,1,60
1233,47,2,320,4,1746,95,40
1234,47,2,321,2,1748,56,20
1235,47,2,322,3,1751,1,30
1236,47,2,323,6,1757,68,60
1237,47,2,324,4,1761,57,40
1238,47,2,325,5,1766,41,50
1239,47,2,326,6,1772,65,60
1240,47,2,327,8,1780,53,80
1241,47,2,328,2,1782,38,20
1242,47,2,329,5,1787,66,50
1243,47,2,330,3,1790,37,30
1244,47,2,331,2,1792,30,20
1245,47,2,332,5,1797,51,50
1246,47,2,333,8,1805,1,80
1247,47,2,334,2,1807,55,20
1248,47,2,335,8,1815,66,80
1249,47,2,336,4,1819,55,40
1250,47,2,337,3,1822,48,30
1251,47,2,338,9,1831,64,90
1252,47,2,339,4,1835,54,40
1253,47,2,340,3,1838,44,30
1254,47,2,341,7,1845,1,70
1255,47,2,342,3,1848,67,30
1256,47,2,343,7,1855,77,70
1257,47,2,344,4,1859,58,40
1258,47,2,345,6,1865,60,60
1259,47,2,346,6,1871,55,60
1260,47,2,347,4,1875,1,40
1261,47,2,348,6,1881,1,60
1262,47,2,349,2,1883,89,20
1263,47,2,350,2,1885,61,20
1264,47,2,351,5,1890,54,50
1265,47,2,352,4,1894,37,40
1266,47,2,353,7,1901,1,70
1267,47,2,354,6,1907,63,60
1268,47,2,355,4,1911,70,40
1269,47,2,356,8,1919,67,80
1270,47,2,357,5,1924,77,50
1271,47,2,358,5,1929,46,50
1272,47,2,359,4,1933,73,40
1273,47,2,360,7,1940,54,70
1274,47,2,361,5,1945,67,50
1275,47,2,362,4,1949,54,40
1276,47,2,363,2,1951,40,20
1277,47,2,364,5,1956,40,50
1278,47,2,365,8,1964,58,80
1279,47,2,366,9,1973,63,90
1280,47,2,367,8,1981,76,80
1281,47,2,368,4,1985,51,40
1282,47,2,369,9,1994,75,90
1283,47,2,370,6,2000,57,60
1284,47,2,371,3,2003,41,30
1285,47,2,372,7,2010,52,70
1286,47,2,373,8,2018,63,80
1287,47,2,374,4,2022,49,40
1288,47,2,375,3,2025,46,30
1289,47,2,376,3,2028,40,30
1290,47,2,377,5,2033,34,50
1291,47,2,378,8,2041,1,80
1292,47,2,379,5,2046,95,50
1293,47,2,380,4,2050,59,40
1294,47,2,381,2,2052,47,20
1295,47,2,382,9,2061,67,90
1296,47,2,383,5,2066,72,50
1297,47,2,384,5,2071,1,50
1298,47,2,385,2,2073,59,20
1299,47,2,386,8,2081,60,80
1300,47,2,387,7,2088,60,70
1301,47,2,388,4,2092,53,40
1302,47,2,389,9,2101,76,90
1303,47,2,390,4,2105,1,40
1304,47,2,391,9,2114,1,90
1305,47,2,392,3,2117,1,30
1306,47,2,393,6,2123,150,60
1307,47,2,394,7,2130,1,70
1308,47,2,395,3,2133,117,30
1309,47,2,396,8,2141,75,80
1310,47,2,397,5,2146,76,50
1311,47,2,398,9,2155,85,90
1312,47,2,399,5,2160,60,50
1313,47,2,400,6,2166,64,60
1314,47,2,401,8,2174,77,80
1315,47,2,402,3,2177,48,30
1316,47,2,403,2,2179,46,20
1317,47,2,404,8,2187,51,80
1318,47,2,405,9,2196,65,90
1319,47,2,406,5,2201,54,50
1320,47,2,407,3,2204,46,30
1321,47,2,408,2,2206,33,20
1322,47,2,409,5,2211,40,50
1323,47,2,410,3,2214,38,30
1324,47,2,411,3,2217,26,30
1325,47,2,412,8,2225,54,80
1326,47,2,413,3,2228,41,30
1327,47,2,414,9,2237,59,90
1328,47,2,415,5,2242,55,50
1329,47,2,416,5,2247,1,50
1330,47,2,417,8,2255,1,80
1331,47,2,418,8,2263,136,80
1332,47,2,419,2,2265,86,20
1333,47,2,420,5,2270,64,50
1334,47,2,421,5,2275,55,50
1335,47,2,422,6,2281,67,60
1336,47,2,423,6,2287,61,60
1337,47,2,424,7,2294,65,70
1338,47,2,425,4,2298,51,40
1339,47,2,426,8,2306,71,80
1340,47,2,427,5,2311,55,50
1341,47,2,428,5,2316,49,50
1342,47,2,429,2,2318,43,20
1343,47,2,430,4,2322,26,40
1344,47,2,431,4,2326,1,40
1345,47,2,432,9,2335,92,90
1346,47,2,433,8,2343,63,80
1347,47,2,434,2,2345,51,20
1348,47,2,435,9,2354,68,90
1349,47,2,436,3,2357,51,30
1350,47,2,437,9,2366,67,90
1351,47,2,438,2,2368,40,20
1352,47,2,439,6,2374,1,60
1353,47,2,440,4,2378,87,40
1354,47,2,441,9,2387,68,90
1355,47,2,442,7,2394,68,70
1356,47,2,443,7,2401,1,70
1357,47,2,444,8,2409,122,80
1358,47,2,445,3,2412,1,30
1359,47,2,446,3,2415,83,30
1360,47,2,447,4,2419,1,40
1361,47,2,448,8,2427,109,80
1362,47,2,449,2,2429,76,20
1363,47,2,450,2,2431,43,20
1364,47,2,451,3,2434,1,30
1365,47,2,452,8,2442,71,80
1366,47,2,453,4,2446,65,40
1367,47,2,454,4,2450,1,40
1368,47,2,455,4,2454,75,40
1369,47,2,456,5,2459,55,50
1370,47,2,457,6,2465,1,60
1371,47,2,458,3,2468,72,30
1372,47,2,459,4,2472,47,40
1373,47,2,460,4,2476,47,40
1374,47,2,461,7,2483,57,70
1375,47,2,462,7,2490,59,70
1376,47,2,463,7,2497,67,70
1377,47,2,464,9,2506,1,90
1378,47,2,465,9,2515,1,90
1379,47,2,466,3,2518,132,30
1380,47,2,467,5,2523,80,50
1381,47,2,468,2,2525,64,20
1382,47,2,469,9,2534,54,90
1383,47,2,470,3,2537,45,30
1384,47,2,471,7,2544,60,70
1385,47,2,472,2,2546,35,20
1386,47,2,473,4,2550,1,40
1387,47,2,474,9,2559,80,90
1388,47,2,475,5,2564,57,50
1389,47,2,476,9,2573,67,90
1390,47,2,477,3,2576,53,30
1391,47,2,478,4,2580,56,40
1392,47,2,479,4,2584,36,40
1393,47,2,480,6,2590,1,60
1394,47,2,481,9,2599,103,90
1395,47,2,482,7,2606,99,70
1396,47,2,483,6,2612,70,60
1397,47,2,484,3,2615,44,30
1398,47,2,485,6,2621,60,60
1399,47,2,486,9,2630,74,90
1400,47,2,487,9,2639,78,90
1401,47,2,488,3,2642,50,30
1402,47,2,489,9,2651,62,90
1403,47,2,490,3,2654,50,30
1404,47,2,491,3,2657,1,30
1405,47,2,492,9,2666,97,90
1406,47,2,493,7,2673,75,70
1407,47,2,494,2,2675,56,20
1408,47,2,495,5,2680,49,50
1409,47,2,496,3,2683,40,30
1410,47,2,497,6,2689,50,60
1411,47,2,498,9,2698,57,90
1412,47,2,499,3,2701,1,30
1413,47,2,500,7,2708,98,70
1414,47,2,501,3,2711,53,30
1415,47,2,502,5,2716,1,50
1416,47,2,503,5,2721,70,50
1417,47,2,504,4,2725,61,40
1418,47,2,505,3,2728,1,30
1419,47,2,506,5,2733,70,50
1420,47,2,507,4,2737,56,40
1421,47,2,508,9,2746,73,90
1422,47,2,509,5,2751,70,50
1423,47,2,510,7,2758,1,70
1424,47,2,511,7,2765,83,70
1425,47,2,512,8,2773,1,80
1426,47,2,513,3,2776,90,30
1427,47,2,514,4,2780,71,40
1428,47,2,515,4,2784,56,40
1429,47,2,516,4,2788,46,40
1430,47,2,517,9,2797,1,90
1431,47,2,518,6,2803,116,60
1432,47,2,519,6,2809,78,60
1433,47,2,520,6,2815,58,60
1434,47,2,521,8,2823,71,80
1435,47,2,522,8,2831,76,80
1436,47,2,523,9,2840,1,90
1437,47,2,524,6,2846,108,60
1438,47,2,525,9,2855,114,90
1439,47,2,526,7,2862,81,70
1440,47,2,527,3,2865,1,30
1441,47,2,528,2,2867,78,20
1442,47,2,529,9,2876,65,90
1443,47,2,530,8,2884,75,80
1444,47,2,531,2,2886,51,20
1445,47,2,532,8,2894,1,80
1446,47,2,533,8,2902,1,80
1447,47,2,534,4,2906,106,40
1448,47,2,535,8,2914,108,80
1449,47,2,536,3,2917,63,30
1450,47,2,537,7,2924,63,70
1451,47,2,538,6,2930,1,60
1452,47,2,539,3,2933,67,30
1453,47,2,540,2,2935,60,20
1454,47,2,541,7,2942,1,70
1455,47,2,542,2,2944,66,20
1456,47,2,543,2,2946,46,20
1457,47,2,544,6,2952,46,60
1458,47,2,545,9,2961,67,90
1459,47,2,546,6,2967,60,60
1460,47,2,547,7,2974,58,70
1461,47,2,548,3,2977,48,30
1462,47,2,549,4,2981,47,40
1463,47,2,550,7,2988,55,70
1464,47,2,551,9,2997,70,90
1465,47,2,552,2,2999,1,20
1466,47,2,553,5,3004,71,50
1467,47,2,554,2,3006,42,20
1468,47,2,555,7,3013,52,70
1469,47,2,556,4,3017,44,40
1470,47,2,557,8,3025,61,80
1471,47,2,558,3,3028,44,30
1472,47,2,559,8,3036,64,80
1473,47,2,560,3,3039,1,30
1474,47,2,561,6,3045,70,60
1475,47,2,562,5,3050,59,50
1476,47,2,563,9,3059,65,90
1477,47,2,564,6,3065,64,60
1478,47,2,565,8,3073,93,80
1479,47,2,566,3,3076,61,30
1480,47,2,567,2,3078,31,20
1481,47,2,568,3,3081,35,30
1482,47,2,569,7,3088,49,70
1483,47,2,570,2,3090,39,20
1484,47,2,571,9,3099,76,90
1485,47,2,572,5,3104,50,50
1486,47,2,573,9,3113,1,90
1487,47,2,574,5,3118,91,50
1488,47,2,575,3,3121,59,30
1489,47,2,576,4,3125,1,40
1490,47,2,577,9,3134,103,90
1491,47,2,578,3,3137,72,30
1492,47,2,579,2,3139,42,20
1493,47,2,580,2,3141,1,20
1494,47,2,581,6,3147,62,60
1495,47,2,582,8,3155,70,80
1496,47,2,583,9,3164,86,90
1497,47,2,584,5,3169,49,50
1498,47,2,585,8,3177,86,80
1499,47,2,586,8,3185,62,80
1500,47,2,587,7,3192,83,70
1501,47,2,588,3,3195,49,30
1502,47,2,589,2,3197,52,20
1503,47,2,590,4,3201,37,40
1504,47,2,591,5,3206,47,50
1505,47,2,592,8,3214,1,80
1506,47,2,593,2,3216,72,20
1507,47,2,594,3,3219,55,30
1508,47,2,595,3,3222,43,30
1509,47,2,596,8,3230,66,80
1510,47,2,597,4,3234,51,40
1511,47,2,598,8,3242,1,80
1512,47,2,599,2,3244,79,20
1513,47,2,600,2,3246,51,20
1514,47,2,601,9,3255,78,90
1515,47,2,602,8,3263,69,80
1516,47,2,603,5,3268,1,50
1517,47,2,604,3,3271,1,30
1518,47,2,605,3,3274,1,30
1519,47,2,606,4,3278,111,40
1520,47,2,607,3,3281,73,30
1521,47,2,608,2,3283,40,20
1522,47,2,609,7,3290,69,70
1523,47,2,610,5,3295,59,50
1524,47,2,611,3,3298,41,30
1525,47,2,612,8,3306,1,80
1526,47,2,613,8,3314,98,80
1527,47,2,614,5,3319,76,50
1528,47,2,615,5,3324,55,50
1529,47,2,616,8,3332,65,80
1530,47,2,617,6,3338,60,60
1531,47,2,618,9,3347,1,90
1532,47,2,619,4,3351,99,40
1533,47,2,620,3,3354,77,30
1534,47,2,621,4,3358,45,40
1535,47,2,622,9,3367,58,90
1536,47,2,623,2,3369,39,20
1537,47,2,624,8,3377,64,80
1538,47,2,625,3,3380,44,30
1539,47,2,626,8,3388,58,80
1540,47,2,627,6,3394,53,60
1541,47,2,628,3,3397,42,30
1542,47,2,629,5,3402,58,50
1543,47,2,630,3,3405,45,30
1544,47,2,631,8,3413,65,80
1545,47,2,632,2,3415,38,20
1546,47,2,633,9,3424,70,90
1547,47,2,634,2,3426,1,20
1548,47,2,635,6,3432,83,60
1549,47,2,636,4,3436,62,40
1550,47,2,637,3,3439,33,30
1551,47,2,638,2,3441,30,20
1552,47,2,639,4,3445,1,40
1553,47,2,640,8,3453,84,80
1554,47,2,641,7,3460,65,70
1555,47,2,642,9,3469,1,90
1556,47,2,643,3,3472,82,30
1557,47,2,644,5,3477,67,50
1558,47,2,645,2,3479,58,20
1559,47,2,646,3,3482,37,30
1560,47,2,647,7,3489,65,70
1561,47,2,648,7,3496,55,70
1562,47,2,649,7,3503,55,70
1563,47,2,650,2,3505,40,20
1564,47,2,651,5,3510,50,50
1565,47,2,652,8,3518,63,80
1566,47,2,653,6,3524,64,60
1567,47,2,654,7,3531,61,70
1568,47,2,655,3,3534,42,30
1569,47,2,656,6,3540,43,60
1570,47,2,657,7,3547,63,70
1571,47,2,658,4,3551,48,40
1572,47,2,659,7,3558,48,70
1573,47,2,660,6,3564,55,60
1574,47,2,661,4,3568,53,40
1575,47,2,662,2,3570,1,20
1576,47,2,663,9,3579,68,90
1577,47,2,664,7,3586,83,70
1578,47,2,665,7,3593,64,70
1579,47,2,666,5,3598,63,50
1580,47,2,667,4,3602,46,40
1581,47,2,668,3,3605,47,30
1582,47,2,669,4,3609,1,40
1583,47,2,670,8,3617,83,80
1584,47,2,671,6,3623,57,60
1585,47,2,672,8,3631,71,80
1586,47,2,673,5,3636,68,50
1587,47,2,674,8,3644,68,80
1588,47,2,675,6,3650,64,60
1589,47,2,676,8,3658,67,80
1590,47,2,677,3,3661,1,30
1591,47,2,678,4,3665,65,40
1592,47,2,679,2,3667,53,20
1593,47,2,680,2,3669,36,20
1594,47,2,681,4,3673,1,40
1595,47,2,682,9,3682,58,90
1596,47,2,683,7,3689,66,70
1597,47,2,684,2,3691,62,20
1598,47,2,685,7,3698,58,70
1599,47,2,686,8,3706,63,80
1600,47,2,687,5,3711,1,50
1601,47,2,688,8,3719,1,80
1602,47,2,689,4,3723,122,40
1603,47,2,690,8,3731,105,80
1604,47,2,691,5,3736,75,50
1605,47,2,692,4,3740,1,40
1606,47,2,693,7,3747,1,70
1607,47,2,694,3,3750,96,30
1608,47,2,695,8,3758,99,80
1609,47,2,696,3,3761,1,30
1610,47,2,697,4,3765,69,40
1611,47,2,698,2,3767,76,20
1612,47,2,699,8,3775,68,80
1613,47,2,700,3,3778,46,30
1614,47,2,701,8,3786,68,80
1615,47,2,702,2,3788,40,20
1616,47,2,703,9,3797,76,90
1617,47,2,704,6,3803,56,60
1618,47,2,705,5,3808,56,50
1619,47,2,706,9,3817,1,90
1620,47,2,707,8,3825,77,80
1621,47,2,708,8,3833,71,80
1622,47,2,709,4,3837,66,40
1623,47,2,710,6,3843,75,60
1624,47,2,711,8,3851,88,80
1625,47,2,712,3,3854,60,30
1626,47,2,713,4,3858,59,40
1627,47,2,714,9,3867,53,90
1628,47,2,715,6,3873,1,60
1629,47,2,716,7,3880,98,70
1630,47,2,717,5,3885,82,50
1631,47,2,718,5,3890,1,50
1632,47,2,719,7,3897,99,70
1633,47,2,720,8,3905,1,80
1634,47,2,721,7,3912,1,70
1635,47,2,722,8,3920,149,80
1636,47,2,723,8,3928,116,80
1637,47,2,724,6,3934,92,60
1638,47,2,725,9,3943,84,90
1639,47,2,726,6,3949,86,60
1640,47,2,727,4,3953,60,40
1641,47,2,728,2,3955,1,20
1642,47,2,729,8,3963,83,80
1643,47,2,730,2,3965,44,20
1644,47,2,731,5,3970,50,50
1645,47,2,732,8,3978,71,80
1646,47,2,733,5,3983,66,50
1647,47,2,734,4,3987,41,40
1648,47,2,735,9,3996,75,90
1649,47,2,736,2,3998,43,20
1650,47,2,737,3,4001,43,30
1651,47,2,738,3,4004,29,30
1652,47,2,739,4,4008,29,40
1653,47,2,740,7,4015,56,70
1654,47,2,741,5,4020,32,50
1655,47,2,742,2,4022,31,20
1656,47,2,743,5,4027,56,50
1657,47,2,744,9,4036,1,90
1658,47,2,745,5,4041,88,50
1659,47,2,746,8,4049,82,80
1660,47,2,747,4,4053,1,40
1661,47,2,748,8,4061,1,80
1662,47,2,749,5,4066,106,50
1663,47,2,750,3,4069,75,30
1664,47,2,751,8,4077,78,80
1665,47,2,752,3,4080,59,30
1666,47,2,753,9,4089,1,90
1667,47,2,754,4,4093,91,40
1668,47,2,755,7,4100,69,70
1669,47,2,756,3,4103,62,30
1670,47,2,757,8,4111,72,80
1671,47,2,758,5,4116,50,50
1672,47,2,759,4,4120,63,40
1673,47,2,760,6,4126,60,60
1674,47,2,761,3,4129,1,30
1675,47,2,762,8,4137,76,80
1676,47,2,763,8,4145,1,80
1677,47,2,764,2,4147,87,20
1678,47,2,765,5,4152,68,50
1679,47,2,766,5,4157,55,50
1680,47,2,767,2,4159,54,20
1681,47,2,768,4,4163,42,40
1682,47,2,769,8,4171,48,80
1683,47,2,770,2,4173,47,20
1684,47,2,771,7,4180,1,70
1685,47,2,772,2,4182,71,20
1686,47,2,773,4,4186,61,40
1687,47,2,774,5,4191,59,50
1688,47,2,775,8,4199,65,80
1689,47,2,776,9,4208,76,90
1690,47,2,777,9,4217,88,90
1691,47,2,778,5,4222,80,50
1692,47,2,779,7,4229,78,70
1693,47,2,780,5,4234,73,50
1694,47,2,781,6,4240,62,60
1695,47,2,782,2,4242,1,20
1696,47,2,783,9,4251,71,90
1697,47,2,784,3,4254,1,30
1698,47,2,785,9,4263,97,90
1699,47,2,786,7,4270,84,70
1700,47,2,787,3,4273,60,30
1701,47,2,788,5,4278,67,50
1702,47,2,789,6,4284,58,60
1703,47,2,790,9,4293,79,90
1704,47,2,791,2,4295,44,20
1705,47,2,792,9,4304,73,90
1706,47,2,793,3,4307,40,30
1707,47,2,794,9,4316,64,90
1708,47,2,795,6,4322,72,60
1709,47,2,796,3,4325,45,30
1710,47,2,797,2,4327,34,20
1711,47,2,798,2,4329,26,20
1712,47,2,799,3,4332,32,30
1713,47,2,800,4,4336,1,40
1714,47,2,801,4,4340,1,40
1715,47,2,802,7,4347,83,70
1716,47,2,803,6,4353,70,60
1717,47,2,804,4,4357,58,40
1718,47,2,805,6,4363,61,60
1719,47,2,806,7,4370,60,70
1720,47,2,807,5,4375,55,50
1721,47,2,808,7,4382,59,70
1722,47,2,809,3,4385,52,30
1723,47,2,810,7,4392,51,70
1724,47,2,811,8,4400,90,80
1725,47,2,812,2,4402,40,20
1726,47,2,813,3,4405,31,30
1727,47,2,814,8,4413,61,80
1728,47,2,815,8,4421,66,80
1729,47,2,816,6,4427,52,60
1730,47,2,817,7,4434,65,70
1731,47,2,818,9,4443,76,90
1732,47,2,819,4,4447,62,40
1733,47,2,820,5,4452,51,50
1734,47,2,821,8,4460,54,80
1735,47,2,822,7,4467,69,70
1736,47,2,823,8,4475,61,80
1737,47,2,824,4,4479,43,40
1738,47,2,825,7,4486,58,70
1739,47,2,826,6,4492,70,60
1740,47,2,827,2,4494,43,20
1741,47,2,828,3,4497,45,30
1742,47,2,829,7,4504,51,70
1743,47,2,830,2,4506,39,20
1744,47,2,831,9,4515,1,90
1745,47,2,832,9,4524,1,90
1746,47,2,833,6,4530,118,60
1747,47,2,834,9,4539,99,90
1748,47,2,835,7,4546,91,70
1749,47,2,836,2,4548,64,20
1750,47,2,837,7,4555,53,70
1751,47,2,838,7,4562,72,70
1752,47,2,839,9,4571,75,90
1753,47,2,840,2,4573,49,20
1754,47,2,841,8,4581,1,80
1755,47,2,842,4,4585,84,40
1756,47,2,843,8,4593,75,80
1757,47,2,844,2,4595,36,20
1758,47,2,845,4,4599,48,40
1759,47,2,846,7,4606,70,70
1760,47,2,847,5,4611,49,50
1761,47,2,848,4,4615,51,40
1762,47,2,849,2,4617,33,20
1763,47,2,850,9,4626,50,90
1764,47,2,851,5,4631,55,50
1765,47,2,852,9,4640,64,90
1766,47,2,853,8,4648,1,80
1767,47,2,854,6,4654,93,60
1768,47,2,855,5,4659,61,50
1769,47,2,856,3,4662,44,30
1770,47,2,857,7,4669,61,70
1771,47,2,858,8,4677,1,80
1772,47,2,859,6,4683,92,60
1773,47,2,860,5,4688,81,50
1774,47,2,861,2,4690,1,20
1775,47,2,862,7,4697,77,70
1776,47,2,863,6,4703,1,60
1777,47,2,864,6,4709,101,60
1778,47,2,865,6,4715,82,60
1779,47,2,866,3,4718,72,30
1780,47,2,867,4,4722,1,40
1781,47,2,868,4,4726,66,40
1782,47,2,869,7,4733,81,70
1783,47,2,870,9,4742,84,90
1784,47,2,871,2,4744,44,20
1785,47,2,872,2,4746,42,20
1786,47,2,873,7,4753,63,70
1787,47,2,874,4,4757,47,40
1788,47,2,875,4,4761,44,40
1789,47,2,876,2,4763,37,20
1790,47,2,877,3,4766,1,30
1791,47,2,878,2,4768,44,20
1792,47,2,879,6,4774,45,60
1793,47,2,880,8,4782,72,80
1794,47,2,881,8,4790,76,80
1795,47,2,882,9,4799,96,90
1796,47,2,883,5,4804,58,50
1797,47,2,884,6,4810,45,60
1798,47,2,885,6,4816,62,60
1799,47,2,886,6,4822,57,60
1800,47,2,887,3,4825,57,30
1801,47,2,888,2,4827,39,20
1802,47,2,889,7,4834,53,70
1803,47,2,890,8,4842,52,80
1804,47,2,891,8,4850,1,80
1805,47,2,892,9,4859,93,90
1806,47,2,893,4,4863,74,40
1807,47,2,894,5,4868,56,50
1808,47,2,895,2,4870,40,20
1809,47,2,896,7,4877,53,70
1810,47,2,897,2,4879,50,20
1811,47,2,898,9,4888,49,90
1812,47,2,899,9,4897,73,90
1813,47,2,900,8,4905,86,80
1814,47,2,901,5,4910,77,50
1815,47,2,902,6,4916,63,60
1816,47,2,903,5,4921,53,50
1817,47,2,904,9,4930,77,90
1818,47,2,905,8,4938,1,80
1819,47,2,906,6,4944,105,60
1820,47,2,907,9,4953,102,90
1821,47,2,908,9,4962,100,90
1822,47,2,909,2,4964,1,20
1823,47,2,910,5,4969,91,50
1824,47,2,911,7,4976,80,70
1825,47,2,912,9,4985,84,90
1826,47,2,913,5,4990,68,50
1827,47,2,914,4,4994,63,40
1828,47,2,915,4,4998,51,40
1829,47,3,1,5,5,19,50
1830,47,3,2,9,14,48,90
1831,47,3,3,7,21,1,70
1832,47,3,4,7,28,90,70
1833,47,3,5,8,36,82,80
1834,47,3,6,5,41,60,50
1835,47,3,7,9,50,72,90
1836,47,3,8,3,53,52,30
1837,47,3,9,2,55,37,20
1838,47,3,10,2,57,36,20
1839,47,3,11,5,62,39,50
1840,47,3,12,8,70,67,80
1841,47,3,13,3,73,1,30
1842,47,3,14,8,81,1,80
1843,47,3,15,4,85,99,40
1844,47,3,16,8,93,1,80
1845,47,3,17,4,97,1,40
1846,47,3,18,5,102,108,50
1847,47,3,19,9,111,117,90
1848,47,3,20,7,118,100,70
1849,47,3,21,4,122,73,40
1850,47,3,22,6,128,54,60
1851,47,3,23,6,134,1,60
1852,47,3,24,8,142,102,80
1853,47,3,25,3,145,72,30
1854,47,3,26,8,153,75,80
1855,47,3,27,5,158,67,50
1856,47,3,28,5,163,63,50
1857,47,3,29,9,172,76,90
1858,47,3,30,5,177,51,50
1859,47,3,31,5,182,1,50
1860,47,3,32,6,188,80,60
1861,47,3,33,6,194,62,60
1862,47,3,34,3,197,58,30
1863,47,3,35,6,203,59,60
1864,47,3,36,6,209,50,60
1865,47,3,37,7,216,1,70
1866,47,3,38,6,222,94,60
1867,47,3,39,5,227,1,50
1868,47,3,40,9,236,1,90
1869,47,3,41,4,240,123,40
1870,47,3,42,2,242,72,20
1871,47,3,43,4,246,1,40
1872,47,3,44,9,255,95,90
1873,47,3,45,9,264,1,90
1874,47,3,46,8,272,109,80
1875,47,3,47,3,275,93,30
1876,47,3,48,8,283,81,80
1877,47,3,49,3,286,58,30
1878,47,3,50,7,293,73,70
1879,47,3,51,7,300,65,70
1880,47,3,52,3,303,53,30
1881,47,3,53,6,309,58,60
1882,47,3,54,8,317,69,80
1883,47,3,55,9,326,76,90
1884,47,3,56,5,331,67,50
1885,47,3,57,9,340,71,90
1886,47,3,58,6,346,60,60
1887,47,3,59,7,353,64,70
1888,47,3,60,8,361,67,80
1889,47,3,61,3,364,63,30
1890,47,3,62,2,366,31,20
1891,47,3,63,9,375,56,90
1892,47,3,64,6,381,52,60
1893,47,3,65,7,388,69,70
1894,47,3,66,2,390,42,20
1895,47,3,67,4,394,1,40
1896,47,3,68,8,402,62,80
1897,47,3,69,8,410,62,80
1898,47,3,70,3,413,58,30
1899,47,3,71,2,415,40,20
1900,47,3,72,8,423,54,80
1901,47,3,73,2,425,29,20
1902,47,3,74,6,431,1,60
1903,47,3,75,6,437,71,60
1904,47,3,76,5,442,61,50
1905,47,3,77,3,445,1,30
1906,47,3,78,8,453,73,80
1907,47,3,79,4,457,62,40
1908,47,3,80,3,460,50,30
1909,47,3,81,6,466,63,60
1910,47,3,82,6,472,67,60
1911,47,3,83,9,481,65,90
1912,47,3,84,5,486,71,50
1913,47,3,85,3,489,49,30
1914,47,3,86,5,494,55,50
1915,47,3,87,9,503,69,90
1916,47,3,88,7,510,72,70
1917,47,3,89,5,515,59,50
1918,47,3,90,3,518,57,30
1919,47,3,91,4,522,49,40
1920,47,3,92,4,526,44,40
1921,47,3,93,5,531,47,50
1922,47,3,94,4,535,50,40
1923,47,3,95,4,539,34,40
1924,47,3,96,4,543,40,40
1925,47,3,97,4,547,37,40
1926,47,3,98,3,550,38,30
1927,47,3,99,9,559,61,90
1928,47,3,100,7,566,59,70
1929,47,3,101,8,574,87,80
1930,47,3,102,5,579,57,50
1931,47,3,103,2,581,40,20
1932,47,3,104,3,584,27,30
1933,47,3,105,2,586,1,20
1934,47,3,106,8,594,53,80
1935,47,3,107,9,603,62,90
1936,47,3,108,8,611,79,80
1937,47,3,109,5,616,75,50
1938,47,3,110,5,621,63,50
1939,47,3,111,9,630,68,90
1940,47,3,112,9,639,77,90
1941,47,3,113,9,648,93,90
1942,47,3,114,5,653,75,50
1943,47,3,115,8,661,1,80
1944,47,3,116,2,663,83,20
1945,47,3,117,4,667,57,40
1946,47,3,118,9,676,79,90
1947,47,3,119,5,681,66,50
1948,47,3,120,2,683,33,20
1949,47,3,121,2,685,46,20
1950,47,3,122,9,694,52,90
1951,47,3,123,6,700,51,60
1952,47,3,124,7,707,62,70
1953,47,3,125,8,715,64,80
1954,47,3,126,7,722,68,70
1955,47,3,127,6,728,58,60
1956,47,3,128,2,730,1,20
1957,47,3,129,6,736,69,60
1958,47,3,130,5,741,50,50
1959,47,3,131,4,745,64,40
1960,47,3,132,4,749,54,40
1961,47,3,133,3,752,28,30
1962,47,3,134,9,761,66,90
1963,47,3,135,4,765,59,40
1964,47,3,136,8,773,62,80
1965,47,3,137,7,780,83,70
1966,47,3,138,2,782,60,20
1967,47,3,139,6,788,57,60
1968,47,3,140,8,796,65,80
1969,47,3,141,4,800,54,40
1970,47,3,142,3,803,35,30
1971,47,3,143,3,806,30,30
1972,47,3,144,8,814,42,80
1973,47,3,145,5,819,60,50
1974,47,3,146,9,828,77,90
1975,47,3,147,2,830,1,20
1976,47,3,148,3,833,50,30
1977,47,3,149,3,836,50,30
1978,47,3,150,5,841,53,50
1979,47,3,151,3,844,1,30
1980,47,3,152,4,848,48,40
1981,47,3,153,4,852,44,40
1982,47,3,154,5,857,1,50
1983,47,3,155,7,864,67,70
1984,47,3,156,4,868,76,40
1985,47,3,157,2,870,37,20
1986,47,3,158,6,876,34,60
1987,47,3,159,3,879,31,30
1988,47,3,160,2,881,24,20
1989,47,3,161,6,887,33,60
1990,47,3,162,4,891,61,40
1991,47,3,163,6,897,43,60
1992,47,3,164,7,904,49,70
1993,47,3,165,5,909,54,50
1994,47,3,166,3,912,58,30
1995,47,3,167,9,921,56,90
1996,47,3,168,2,923,45,20
1997,47,3,169,2,925,33,20
1998,47,3,170,8,933,56,80
1999,47,3,171,9,942,60,90
2000,47,3,172,9,951,80,90
2001,47,3,173,8,959,80,80
2002,47,3,174,7,966,64,70
2003,47,3,175,2,968,47,20
2004,47,3,176,7,975,62,70
2005,47,3,177,9,984,89,90
2006,47,3,178,3,987,49,30
2007,47,3,179,9,996,67,90
2008,47,3,180,5,1001,61,50
2009,47,3,181,2,1003,51,20
2010,47,3,182,9,1012,88,90
2011,47,3,183,3,1015,55,30
2012,47,3,184,7,1022,71,70
2013,47,3,185,9,1031,64,90
2014,47,3,186,6,1037,66,60
2015,47,3,187,8,1045,61,80
2016,47,3,188,4,1049,1,40
2017,47,3,189,9,1058,105,90
2018,47,3,190,9,1067,90,90
2019,47,3,191,7,1074,90,70
2020,47,3,192,6,1080,1,60
2021,47,3,193,8,1088,97,80
2022,47,3,194,6,1094,1,60
2023,47,3,195,6,1100,123,60
2024,47,3,196,6,1106,95,60
2025,47,3,197,5,1111,62,50
2026,47,3,198,4,1115,56,40
2027,47,3,199,6,1121,47,60
2028,47,3,200,4,1125,42,40
2029,47,3,201,6,1131,41,60
2030,47,3,202,2,1133,1,20
2031,47,3,203,8,1141,54,80
2032,47,3,204,9,1150,96,90
2033,47,3,205,2,1152,65,20
2034,47,3,206,2,1154,48,20
2035,47,3,207,2,1156,28,20
2036,47,3,208,2,1158,1,20
2037,47,3,209,6,1164,57,60
2038,47,3,210,4,1168,60,40
2039,47,3,211,7,1175,65,70
2040,47,3,212,6,1181,51,60
2041,47,3,213,6,1187,52,60
2042,47,3,214,5,1192,1,50
2043,47,3,215,3,1195,58,30
2044,47,3,216,3,1198,1,30
2045,47,3,217,9,1207,86,90
2046,47,3,218,8,1215,94,80
2047,47,3,219,4,1219,62,40
2048,47,3,220,2,1221,33,20
2049,47,3,221,8,1229,68,80
2050,47,3,222,4,1233,1,40
2051,47,3,223,7,1240,83,70
2052,47,3,224,7,1247,83,70
2053,47,3,225,4,1251,64,40
2054,47,3,226,8,1259,55,80
2055,47,3,227,4,1263,51,40
2056,47,3,228,4,1267,40,40
2057,47,3,229,3,1270,42,30
2058,47,3,230,8,1278,57,80
2059,47,3,231,8,1286,1,80
2060,47,3,232,8,1294,85,80
2061,47,3,233,8,1302,85,80
2062,47,3,234,7,1309,81,70
2063,47,3,235,7,1316,73,70
2064,47,3,236,8,1324,1,80
2065,47,3,237,2,1326,76,20
2066,47,3,238,3,1329,1,30
2067,47,3,239,9,1338,99,90
2068,47,3,240,4,1342,70,40
2069,47,3,241,8,1350,76,80
2070,47,3,242,7,1357,68,70
2071,47,3,243,3,1360,59,30
2072,47,3,244,3,1363,51,30
2073,47,3,245,9,1372,1,90
2074,47,3,246,8,1380,81,80
2075,47,3,247,3,1383,73,30
2076,47,3,248,7,1390,65,70
2077,47,3,249,5,1395,61,50
2078,47,3,250,3,1398,50,30
2079,47,3,251,7,1405,60,70
2080,47,3,252,4,1409,41,40
2081,47,3,253,7,1416,44,70
2082,47,3,254,2,1418,44,20
2083,47,3,255,5,1423,45,50
2084,47,3,256,5,1428,49,50
2085,47,3,257,7,1435,1,70
2086,47,3,258,6,1441,101,60
2087,47,3,259,8,1449,75,80
2088,47,3,260,7,1456,76,70
2089,47,3,261,7,1463,74,70
2090,47,3,262,6,1469,77,60
2091,47,3,263,8,1477,62,80
2092,47,3,264,3,1480,46,30
2093,47,3,265,5,1485,56,50
2094,47,3,266,5,1490,47,50
2095,47,3,267,5,1495,58,50
2096,47,3,268,2,1497,37,20
2097,47,3,269,3,1500,32,30
2098,47,3,270,9,1509,64,90
2099,47,3,271,8,1517,57,80
2100,47,3,272,9,1526,77,90
2101,47,3,273,3,1529,72,30
2102,47,3,274,3,1532,30,30
2103,47,3,275,5,1537,51,50
2104,47,3,276,7,1544,61,70
2105,47,3,277,4,1548,58,40
2106,47,3,278,5,1553,1,50
2107,47,3,279,3,1556,55,30
2108,47,3,280,3,1559,42,30
2109,47,3,281,2,1561,35,20
2110,47,3,282,9,1570,67,90
2111,47,3,283,4,1574,41,40
2112,47,3,284,4,1578,38,40
2113,47,3,285,5,1583,51,50
2114,47,3,286,7,1590,62,70
2115,47,3,287,2,1592,40,20
2116,47,3,288,7,1599,63,70
2117,47,3,289,2,1601,41,20
2118,47,3,290,2,1603,27,20
2119,47,3,291,7,1610,1,70
2120,47,3,292,9,1619,70,90
2121,47,3,293,3,1622,83,30
2122,47,3,294,8,1630,71,80
2123,47,3,295,3,1633,57,30
2124,47,3,296,7,1640,1,70
2125,47,3,297,5,1645,95,50
2126,47,3,298,8,1653,77,80
2127,47,3,299,9,1662,101,90
2128,47,3,300,5,1667,78,50
2129,47,3,301,7,1674,56,70
2130,47,3,302,9,1683,71,90
2131,47,3,303,7,1690,75,70
2132,47,3,304,9,1699,85,90
2133,47,3,305,3,1702,61,30
2134,47,3,306,3,1705,53,30
2135,47,3,307,8,1713,42,80
2136,47,3,308,9,1722,78,90
2137,47,3,309,7,1729,73,70
2138,47,3,310,8,1737,78,80
2139,47,3,311,2,1739,57,20
2140,47,3,312,2,1741,26,20
2141,47,3,313,9,1750,59,90
2142,47,3,314,6,1756,52,60
2143,47,3,315,9,1765,67,90
2144,47,3,316,2,1767,1,20
2145,47,3,317,5,1772,1,50
2146,47,3,318,9,1781,117,90
2147,47,3,319,5,1786,84,50
2148,47,3,320,3,1789,54,30
2149,47,3,321,8,1797,63,80
2150,47,3,322,8,1805,83,80
2151,47,3,323,5,1810,57,50
2152,47,3,324,8,1818,65,80
2153,47,3,325,3,1821,1,30
2154,47,3,326,5,1826,1,50
2155,47,3,327,4,1830,88,40
2156,47,3,328,4,1834,1,40
2157,47,3,329,6,1840,101,60
2158,47,3,330,6,1846,76,60
2159,47,3,331,5,1851,61,50
2160,47,3,332,4,1855,48,40
2161,47,3,333,3,1858,46,30
2162,47,3,334,2,1860,32,20
2163,47,3,335,8,1868,59,80
2164,47,3,336,5,1873,54,50
2165,47,3,337,5,1878,47,50
2166,47,3,338,9,1887,56,90
2167,47,3,339,6,1893,66,60
2168,47,3,340,3,1896,47,30
2169,47,3,341,3,1899,36,30
2170,47,3,342,2,1901,30,20
2171,47,3,343,2,1903,33,20
2172,47,3,344,9,1912,61,90
2173,47,3,345,3,1915,29,30
2174,47,3,346,7,1922,53,70
2175,47,3,347,9,1931,69,90
2176,47,3,348,6,1937,1,60
2177,47,3,349,8,1945,99,80
2178,47,3,350,3,1948,74,30
2179,47,3,351,5,1953,59,50
2180,47,3,352,9,1962,70,90
2181,47,3,353,8,1970,80,80
2182,47,3,354,5,1975,53,50
2183,47,3,355,7,1982,70,70
2184,47,3,356,5,1987,60,50
2185,47,3,357,4,1991,47,40
2186,47,3,358,9,2000,1,90
2187,47,3,359,9,2009,1,90
2188,47,3,360,3,2012,141,30
2189,47,3,361,6,2018,86,60
2190,47,3,362,2,2020,63,20
2191,47,3,363,7,2027,62,70
2192,47,3,364,6,2033,81,60
2193,47,3,365,2,2035,1,20
2194,47,3,366,7,2042,72,70
2195,47,3,367,3,2045,1,30
2196,47,3,368,6,2051,89,60
2197,47,3,369,8,2059,84,80
2198,47,3,370,3,2062,59,30
2199,47,3,371,3,2065,48,30
2200,47,3,372,4,2069,44,40
2201,47,3,373,3,2072,40,30
2202,47,3,374,8,2080,1,80
2203,47,3,375,4,2084,67,40
2204,47,3,376,2,2086,40,20
2205,47,3,377,5,2091,1,50
2206,47,3,378,7,2098,72,70
2207,47,3,379,6,2104,94,60
2208,47,3,380,3,2107,1,30
2209,47,3,381,6,2113,83,60
2210,47,3,382,7,2120,63,70
2211,47,3,383,9,2129,1,90
2212,47,3,384,3,2132,94,30
2213,47,3,385,4,2136,58,40
2214,47,3,386,2,2138,40,20
2215,47,3,387,2,2140,29,20
2216,47,3,388,5,2145,40,50
2217,47,3,389,5,2150,45,50
2218,47,3,390,8,2158,69,80
2219,47,3,391,5,2163,55,50
2220,47,3,392,4,2167,32,40
2221,47,3,393,4,2171,50,40
2222,47,3,394,9,2180,70,90
2223,47,3,395,3,2183,1,30
2224,47,3,396,7,2190,79,70
2225,47,3,397,2,2192,48,20
2226,47,3,398,9,2201,66,90
2227,47,3,399,8,2209,1,80
2228,47,3,400,2,2211,1,20
2229,47,3,401,7,2218,129,70
2230,47,3,402,2,2220,73,20
2231,47,3,403,2,2222,53,20
2232,47,3,404,3,2225,1,30
2233,47,3,405,6,2231,65,60
2234,47,3,406,5,2236,68,50
2235,47,3,407,8,2244,65,80
2236,47,3,408,4,2248,65,40
2237,47,3,409,2,2250,41,20
2238,47,3,410,8,2258,75,80
2239,47,3,411,7,2265,1,70
2240,47,3,412,4,2269,78,40
2241,47,3,413,2,2271,65,20
2242,47,3,414,5,2276,53,50
2243,47,3,415,3,2279,41,30
2244,47,3,416,8,2287,55,80
2245,47,3,417,6,2293,65,60
2246,47,3,418,2,2295,1,20
2247,47,3,419,5,2300,1,50
2248,47,3,420,2,2302,81,20
2249,47,3,421,6,2308,78,60
2250,47,3,422,5,2313,1,50
2251,47,3,423,2,2315,78,20
2252,47,3,424,6,2321,68,60
2253,47,3,425,6,2327,1,60
2254,47,3,426,6,2333,73,60
2255,47,3,427,7,2340,70,70
2256,47,3,428,2,2342,49,20
2257,47,3,429,8,2350,66,80
2258,47,3,430,3,2353,46,30
2259,47,3,431,9,2362,69,90
2260,47,3,432,7,2369,76,70
2261,47,3,433,4,2373,44,40
2262,47,3,434,6,2379,71,60
2263,47,3,435,2,2381,41,20
2264,47,3,436,5,2386,49,50
2265,47,3,437,5,2391,46,50
2266,47,3,438,4,2395,44,40
2267,47,3,439,4,2399,43,40
2268,47,3,440,6,2405,42,60
2269,47,3,441,3,2408,1,30
2270,47,3,442,8,2416,75,80
2271,47,3,443,2,2418,51,20
2272,47,3,444,7,2425,54,70
2273,47,3,445,6,2431,48,60
2274,47,3,446,3,2434,45,30
2275,47,3,447,5,2439,50,50
2276,47,3,448,2,2441,28,20
2277,47,3,449,3,2444,31,30
2278,47,3,450,7,2451,41,70
2279,47,3,451,6,2457,57,60
2280,47,3,452,3,2460,33,30
2281,47,3,453,3,2463,52,30
2282,47,3,454,3,2466,39,30
2283,47,3,455,5,2471,29,50
2284,47,3,456,9,2480,1,90
2285,47,3,457,6,2486,77,60
2286,47,3,458,8,2494,84,80
2287,47,3,459,6,2500,72,60
2288,47,3,460,7,2507,1,70
2289,47,3,461,4,2511,89,40
2290,47,3,462,3,2514,64,30
2291,47,3,463,7,2521,58,70
2292,47,3,464,3,2524,52,30
2293,47,3,465,5,2529,46,50
2294,47,3,466,9,2538,76,90
2295,47,3,467,4,2542,70,40
2296,47,3,468,8,2550,51,80
2297,47,3,469,8,2558,62,80
2298,47,3,470,9,2567,71,90
2299,47,3,471,2,2569,51,20
2300,47,3,472,5,2574,58,50
2301,47,3,473,3,2577,43,30
2302,47,3,474,4,2581,40,40
2303,47,3,475,5,2586,57,50
2304,47,3,476,4,2590,50,40
2305,47,3,477,5,2595,60,50
2306,47,3,478,7,2602,58,70
2307,47,3,479,7,2609,63,70
2308,47,3,480,6,2615,50,60
2309,47,3,481,4,2619,57,40
2310,47,3,482,7,2626,1,70
2311,47,3,483,5,2631,1,50
2312,47,3,484,7,2638,113,70
2313,47,3,485,2,2640,1,20
2314,47,3,486,9,2649,114,90
2315,47,3,487,5,2654,1,50
2316,47,3,488,2,2656,94,20
2317,47,3,489,8,2664,75,80
2318,47,3,490,3,2667,58,30
2319,47,3,491,5,2672,1,50
2320,47,3,492,6,2678,85,60
2321,47,3,493,3,2681,70,30
2322,47,3,494,5,2686,55,50
2323,47,3,495,5,2691,1,50
2324,47,3,496,8,2699,84,80
2325,47,3,497,8,2707,88,80
2326,47,3,498,9,2716,89,90
2327,47,3,499,2,2718,1,20
2328,47,3,500,9,2727,104,90
2329,47,3,501,7,2734,1,70
2330,47,3,502,7,2741,117,70
2331,47,3,503,5,2746,87,50
2332,47,3,504,2,2748,68,20
2333,47,3,505,6,2754,65,60
2334,47,3,506,7,2761,60,70
2335,47,3,507,2,2763,46,20
2336,47,3,508,4,2767,51,40
2337,47,3,509,3,2770,32,30
2338,47,3,510,8,2778,57,80
2339,47,3,511,4,2782,49,40
2340,47,3,512,3,2785,31,30
2341,47,3,513,7,2792,55,70
2342,47,3,514,2,2794,29,20
2343,47,3,515,3,2797,35,30
2344,47,3,516,8,2805,1,80
2345,47,3,517,6,2811,79,60
2346,47,3,518,9,2820,68,90
2347,47,3,519,4,2824,60,40
2348,47,3,520,8,2832,73,80
2349,47,3,521,3,2835,1,30
2350,47,3,522,5,2840,84,50
2351,47,3,523,7,2847,71,70
2352,47,3,524,7,2854,61,70
2353,47,3,525,9,2863,94,90
2354,47,3,526,8,2871,83,80
2355,47,3,527,5,2876,72,50
2356,47,3,528,6,2882,58,60
2357,47,3,529,7,2889,63,70
2358,47,3,530,7,2896,61,70
2359,47,3,531,4,2900,1,40
2360,47,3,532,6,2906,81,60
2361,47,3,533,7,2913,84,70
2362,47,3,534,2,2915,44,20
2363,47,3,535,2,2917,29,20
2364,47,3,536,9,2926,58,90
2365,47,3,537,9,2935,72,90
2366,47,3,538,9,2944,92,90
2367,47,3,539,8,2952,75,80
2368,47,3,540,7,2959,75,70
2369,47,3,541,4,2963,1,40
2370,47,3,542,6,2969,93,60
2371,47,3,543,7,2976,77,70
2372,47,3,544,4,2980,66,40
2373,47,3,545,6,2986,61,60
2374,47,3,546,9,2995,74,90
2375,47,3,547,6,3001,61,60
2376,47,3,548,9,3010,88,90
2377,47,3,549,8,3018,90,80
2378,47,3,550,3,3021,53,30
2379,47,3,551,2,3023,25,20
2380,47,3,552,3,3026,38,30
2381,47,3,553,5,3031,36,50
2382,47,3,554,8,3039,47,80
2383,47,3,555,8,3047,71,80
2384,47,3,556,7,3054,61,70
2385,47,3,557,6,3060,71,60
2386,47,3,558,9,3069,68,90
2387,47,3,559,7,3076,1,70
2388,47,3,560,5,3081,88,50
2389,47,3,561,2,3083,65,20
2390,47,3,562,9,3092,70,90
2391,47,3,563,5,3097,63,50
2392,47,3,564,7,3104,58,70
2393,47,3,565,2,3106,46,20
2394,47,3,566,2,3108,34,20
2395,47,3,567,2,3110,24,20
2396,47,3,568,4,3114,1,40
2397,47,3,569,6,3120,62,60
2398,47,3,570,6,3126,60,60
2399,47,3,571,4,3130,52,40
2400,47,3,572,4,3134,47,40
2401,47,3,573,2,3136,33,20
2402,47,3,574,2,3138,27,20
2403,47,3,575,6,3144,36,60
2404,47,3,576,4,3148,45,40
2405,47,3,577,4,3152,38,40
2406,47,3,578,9,3161,68,90
2407,47,3,579,3,3164,51,30
2408,47,3,580,5,3169,1,50
2409,47,3,581,3,3172,1,30
2410,47,3,582,5,3177,82,50
2411,47,3,583,6,3183,49,60
2412,47,3,584,5,3188,1,50
2413,47,3,585,6,3194,1,60
2414,47,3,586,6,3200,98,60
2415,47,3,587,8,3208,1,80
2416,47,3,588,3,3211,116,30
2417,47,3,589,3,3214,79,30
2418,47,3,590,6,3220,68,60
2419,47,3,591,5,3225,58,50
2420,47,3,592,9,3234,75,90
2421,47,3,593,3,3237,49,30
2422,47,3,594,9,3246,70,90
2423,47,3,595,8,3254,1,80
2424,47,3,596,5,3259,106,50
2425,47,3,597,3,3262,70,30
2426,47,3,598,9,3271,76,90
2427,47,3,599,3,3274,54,30
2428,47,3,600,9,3283,1,90
2429,47,3,601,6,3289,93,60
2430,47,3,602,6,3295,90,60
2431,47,3,603,6,3301,1,60
2432,47,3,604,2,3303,89,20
2433,47,3,605,8,3311,76,80
2434,47,3,606,8,3319,1,80
2435,47,3,607,4,3323,94,40
2436,47,3,608,5,3328,73,50
2437,47,3,609,8,3336,78,80
2438,47,3,610,8,3344,79,80
2439,47,3,611,7,3351,94,70
2440,47,3,612,5,3356,1,50
2441,47,3,613,8,3364,95,80
2442,47,3,614,9,3373,97,90
2443,47,3,615,5,3378,63,50
2444,47,3,616,2,3380,53,20
2445,47,3,617,8,3388,50,80
2446,47,3,618,6,3394,69,60
2447,47,3,619,2,3396,35,20
2448,47,3,620,8,3404,53,80
2449,47,3,621,8,3412,79,80
2450,47,3,622,5,3417,53,50
2451,47,3,623,9,3426,64,90
2452,47,3,624,5,3431,56,50
2453,47,3,625,9,3440,1,90
2454,47,3,626,2,3442,79,20
2455,47,3,627,2,3444,60,20
2456,47,3,628,2,3446,49,20
2457,47,3,629,5,3451,50,50
2458,47,3,630,2,3453,37,20
2459,47,3,631,5,3458,33,50
2460,47,3,632,2,3460,28,20
2461,47,3,633,8,3468,50,80
2462,47,3,634,8,3476,51,80
2463,47,3,635,6,3482,62,60
2464,47,3,636,6,3488,68,60
2465,47,3,637,7,3495,74,70
2466,47,3,638,5,3500,1,50
2467,47,3,639,9,3509,86,90
2468,47,3,640,3,3512,65,30
2469,47,3,641,9,3521,67,90
2470,47,3,642,2,3523,50,20
2471,47,3,643,7,3530,64,70
2472,47,3,644,9,3539,70,90
2473,47,3,645,8,3547,67,80
2474,47,3,646,6,3553,72,60
2475,47,3,647,8,3561,79,80
2476,47,3,648,7,3568,62,70
2477,47,3,649,7,3575,66,70
2478,47,3,650,4,3579,60,40
2479,47,3,651,4,3583,51,40
2480,47,3,652,5,3588,42,50
2481,47,3,653,3,3591,50,30
2482,47,3,654,7,3598,56,70
2483,47,3,655,7,3605,45,70
2484,47,3,656,3,3608,45,30
2485,47,3,657,4,3612,46,40
2486,47,3,658,7,3619,60,70
2487,47,3,659,6,3625,1,60
2488,47,3,660,6,3631,84,60
2489,47,3,661,4,3635,62,40
2490,47,3,662,8,3643,74,80
2491,47,3,663,8,3651,65,80
2492,47,3,664,3,3654,66,30
2493,47,3,665,7,3661,52,70
2494,47,3,666,8,3669,86,80
2495,47,3,667,6,3675,66,60
2496,47,3,668,9,3684,72,90
2497,47,3,669,3,3687,60,30
2498,47,3,670,2,3689,1,20
2499,47,3,671,7,3696,1,70
2500,47,3,672,3,3699,1,30
2501,47,3,673,3,3702,1,30
2502,47,3,674,6,3708,122,60
2503,47,3,675,7,3715,1,70
2504,47,3,676,7,3722,121,70
2505,47,3,677,6,3728,93,60
2506,47,3,678,7,3735,73,70
2507,47,3,679,6,3741,69,60
2508,47,3,680,7,3748,75,70
2509,47,3,681,8,3756,1,80
2510,47,3,682,3,3759,81,30
2511,47,3,683,7,3766,67,70
2512,47,3,684,3,3769,59,30
2513,47,3,685,5,3774,56,50
2514,47,3,686,5,3779,50,50
2515,47,3,687,6,3785,50,60
2516,47,3,688,7,3792,51,70
2517,47,3,689,7,3799,64,70
2518,47,3,690,7,3806,67,70
2519,47,3,691,4,3810,58,40
2520,47,3,692,6,3816,71,60
2521,47,3,693,2,3818,41,20
2522,47,3,694,7,3825,64,70
2523,47,3,695,8,3833,76,80
2524,47,3,696,2,3835,38,20
2525,47,3,697,6,3841,33,60
2526,47,3,698,2,3843,30,20
2527,47,3,699,4,3847,43,40
2528,47,3,700,5,3852,51,50
2529,47,3,701,4,3856,44,40
2530,47,3,702,6,3862,45,60
2531,47,3,703,6,3868,1,60
2532,47,3,704,9,3877,82,90
2533,47,3,705,8,3885,80,80
2534,47,3,706,2,3887,54,20
2535,47,3,707,2,3889,46,20
2536,47,3,708,2,3891,34,20
2537,47,3,709,8,3899,67,80
2538,47,3,710,7,3906,1,70
2539,47,3,711,5,3911,1,50
2540,47,3,712,7,3918,116,70
2541,47,3,713,3,3921,1,30
2542,47,3,714,3,3924,86,30
2543,47,3,715,3,3927,74,30
2544,47,3,716,6,3933,51,60
2545,47,3,717,3,3936,58,30
2546,47,3,718,8,3944,53,80
2547,47,3,719,5,3949,1,50
2548,47,3,720,6,3955,70,60
2549,47,3,721,6,3961,60,60
2550,47,3,722,9,3970,74,90
2551,47,3,723,5,3975,67,50
2552,47,3,724,6,3981,72,60
2553,47,3,725,7,3988,64,70
2554,47,3,726,8,3996,61,80
2555,47,3,727,5,4001,58,50
2556,47,3,728,5,4006,63,50
2557,47,3,729,2,4008,42,20
2558,47,3,730,5,4013,42,50
2559,47,3,731,4,4017,1,40
2560,47,3,732,6,4023,78,60
2561,47,3,733,8,4031,72,80
2562,47,3,734,3,4034,47,30
2563,47,3,735,4,4038,53,40
2564,47,3,736,9,4047,76,90
2565,47,3,737,8,4055,67,80
2566,47,3,738,5,4060,51,50
2567,47,3,739,2,4062,1,20
2568,47,3,740,8,4070,74,80
2569,47,3,741,6,4076,75,60
2570,47,3,742,5,4081,70,50
2571,47,3,743,5,4086,66,50
2572,47,3,744,6,4092,57,60
2573,47,3,745,5,4097,48,50
2574,47,3,746,3,4100,39,30
2575,47,3,747,4,4104,46,40
2576,47,3,748,3,4107,40,30
2577,47,3,749,8,4115,63,80
2578,47,3,750,2,4117,32,20
2579,47,3,751,3,4120,22,30
2580,47,3,752,6,4126,33,60
2581,47,3,753,3,4129,28,30
2582,47,3,754,9,4138,71,90
2583,47,3,755,5,4143,60,50
2584,47,3,756,9,4152,65,90
2585,47,3,757,8,4160,85,80
2586,47,3,758,5,4165,78,50
2587,47,3,759,8,4173,1,80
2588,47,3,760,5,4178,97,50
2589,47,3,761,8,4186,89,80
2590,47,3,762,8,4194,66,80
2591,47,3,763,4,4198,51,40
2592,47,3,764,3,4201,38,30
2593,47,3,765,7,4208,50,70
2594,47,3,766,6,4214,67,60
2595,47,3,767,5,4219,1,50
2596,47,3,768,8,4227,89,80
2597,47,3,769,2,4229,64,20
2598,47,3,770,3,4232,1,30
2599,47,3,771,9,4241,1,90
2600,47,3,772,8,4249,121,80
2601,47,3,773,7,4256,107,70
2602,47,3,774,6,4262,87,60
2603,47,3,775,2,4264,50,20
2604,47,3,776,5,4269,1,50
2605,47,3,777,9,4278,1,90
2606,47,3,778,5,4283,114,50
2607,47,3,779,4,4287,88,40
2608,47,3,780,9,4296,1,90
2609,47,3,781,3,4299,104,30
2610,47,3,782,3,4302,1,30
2611,47,3,783,4,4306,89,40
2612,47,3,784,4,4310,56,40
2613,47,3,785,5,4315,1,50
2614,47,3,786,5,4320,88,50
2615,47,3,787,6,4326,74,60
2616,47,3,788,5,4331,45,50
2617,47,3,789,4,4335,49,40
2618,47,3,790,5,4340,61,50
2619,47,3,791,7,4347,59,70
2620,47,3,792,4,4351,47,40
2621,47,3,793,2,4353,38,20
2622,47,3,794,8,4361,45,80
2623,47,3,795,6,4367,50,60
2624,47,3,796,6,4373,41,60
2625,47,3,797,3,4376,44,30
2626,47,3,798,7,4383,66,70
2627,47,3,799,6,4389,49,60
2628,47,3,800,9,4398,65,90
2629,47,3,801,3,4401,1,30
2630,47,3,802,7,4408,115,70
2631,47,3,803,3,4411,1,30
2632,47,3,804,6,4417,72,60
2633,47,3,805,2,4419,59,20
2634,47,3,806,6,4425,1,60
2635,47,3,807,4,4429,1,40
2636,47,3,808,5,4434,92,50
2637,47,3,809,8,4442,102,80
2638,47,3,810,7,4449,79,70
2639,47,3,811,6,4455,78,60
2640,47,3,812,9,4464,69,90
2641,47,3,813,2,4466,49,20
2642,47,3,814,4,4470,1,40
2643,47,3,815,4,4474,81,40
2644,47,3,816,7,4481,1,70
2645,47,3,817,5,4486,83,50
2646,47,3,818,8,4494,79,80
2647,47,3,819,9,4503,82,90
2648,47,3,820,2,4505,64,20
2649,47,3,821,4,4509,42,40
2650,47,3,822,2,4511,41,20
2651,47,3,823,4,4515,42,40
2652,47,3,824,4,4519,38,40
2653,47,3,825,7,4526,66,70
2654,47,3,826,8,4534,78,80
2655,47,3,827,2,4536,1,20
2656,47,3,828,7,4543,92,70
2657,47,3,829,7,4550,58,70
2658,47,3,830,6,4556,49,60
2659,47,3,831,7,4563,81,70
2660,47,3,832,8,4571,70,80
2661,47,3,833,2,4573,38,20
2662,47,3,834,9,4582,63,90
2663,47,3,835,4,4586,56,40
2664,47,3,836,9,4595,64,90
2665,47,3,837,5,4600,67,50
2666,47,3,838,9,4609,64,90
2667,47,3,839,6,4615,80,60
2668,47,3,840,9,4624,68,90
2669,47,3,841,9,4633,79,90
2670,47,3,842,7,4640,72,70
2671,47,3,843,3,4643,50,30
2672,47,3,844,8,4651,77,80
2673,47,3,845,9,4660,81,90
2674,47,3,846,7,4667,1,70
2675,47,3,847,5,4672,86,50
2676,47,3,848,7,4679,111,70
2677,47,3,849,8,4687,89,80
2678,47,3,850,4,4691,60,40
2679,47,3,851,7,4698,59,70
2680,47,3,852,9,4707,1,90
2681,47,3,853,2,4709,99,20
2682,47,3,854,8,4717,89,80
2683,47,3,855,4,4721,57,40
2684,47,3,856,9,4730,76,90
2685,47,3,857,9,4739,82,90
2686,47,3,858,8,4747,74,80
2687,47,3,859,7,4754,1,70
2688,47,3,860,3,4757,76,30
2689,47,3,861,2,4759,48,20
2690,47,3,862,7,4766,64,70
2691,47,3,863,9,4775,67,90
2692,47,3,864,2,4777,59,20
2693,47,3,865,3,4780,1,30
2694,47,3,866,9,4789,81,90
2695,47,3,867,2,4791,50,20
2696,47,3,868,2,4793,40,20
2697,47,3,869,8,4801,1,80
2698,47,3,870,4,4805,1,40
2699,47,3,871,3,4808,100,30
2700,47,3,872,7,4815,80,70
2701,47,3,873,2,4817,45,20
2702,47,3,874,4,4821,1,40
2703,47,3,875,5,4826,60,50
2704,47,3,876,3,4829,55,30
2705,47,3,877,5,4834,47,50
2706,47,3,878,9,4843,66,90
2707,47,3,879,8,4851,86,80
2708,47,3,880,3,4854,49,30
2709,47,3,881,2,4856,51,20
2710,47,3,882,6,4862,43,60
2711,47,3,883,6,4868,1,60
2712,47,3,884,6,4874,79,60
2713,47,3,885,9,4883,85,90
2714,47,3,886,7,4890,98,70
2715,47,3,887,4,4894,62,40
2716,47,3,888,7,4901,66,70
2717,47,3,889,5,4906,62,50
2718,47,3,890,6,4912,53,60
2719,47,3,891,6,4918,1,60
2720,47,3,892,7,4925,77,70
2721,47,3,893,3,4928,1,30
2722,47,3,894,3,4931,73,30
2723,47,3,895,4,4935,66,40
2724,47,3,896,7,4942,1,70
2725,47,3,897,8,4950,114,80
2726,47,3,898,6,4956,75,60
2727,47,3,899,9,4965,94,90
2728,47,3,900,6,4971,69,60
2729,47,3,901,7,4978,76,70
2730,47,3,902,8,4986,80,80
2731,47,3,903,7,4993,96,70
2732,47,3,904,5,4998,74,50
