,Scenario,Trial,Inspection,Interval,Time,Defects,Rate
0,356,1,1,5,5,1,50
1,356,1,2,3,8,1,30
2,356,1,3,2,10,1,20
3,356,1,4,8,18,1,80
4,356,1,5,6,24,1,60
5,356,1,6,8,32,1,80
6,356,1,7,7,39,1,70
7,356,1,8,9,48,1,90
8,356,1,9,7,55,1,70
9,356,1,10,2,57,1,20
10,356,1,11,9,66,1,90
11,356,1,12,6,72,1,60
12,356,1,13,3,75,1,30
13,356,1,14,9,84,1,90
14,356,1,15,4,88,1,40
15,356,1,16,2,90,1,20
16,356,1,17,2,92,1,20
17,356,1,18,6,98,1,60
18,356,1,19,8,106,1,80
19,356,1,20,3,109,1,30
20,356,1,21,7,116,1,70
21,356,1,22,7,123,1,70
22,356,1,23,7,130,1,70
23,356,1,24,8,138,1,80
24,356,1,25,7,145,1,70
25,356,1,26,6,151,1,60
26,356,1,27,3,154,1,30
27,356,1,28,7,161,1,70
28,356,1,29,4,165,1,40
29,356,1,30,7,172,1,70
30,356,1,31,3,175,1,30
31,356,1,32,2,177,1,20
32,356,1,33,6,183,1,60
33,356,1,34,7,190,1,70
34,356,1,35,2,192,1,20
35,356,1,36,8,200,1,80
36,356,1,37,3,203,1,30
37,356,1,38,6,209,1,60
38,356,1,39,6,215,1,60
39,356,1,40,8,223,1,80
40,356,1,41,4,227,1,40
41,356,1,42,5,232,1,50
42,356,1,43,7,239,1,70
43,356,1,44,8,247,1,80
44,356,1,45,6,253,1,60
45,356,1,46,9,262,1,90
46,356,1,47,5,267,1,50
47,356,1,48,2,269,1,20
48,356,1,49,2,271,1,20
49,356,1,50,2,273,1,20
50,356,1,51,6,279,1,60
51,356,1,52,6,285,1,60
52,356,1,53,7,292,1,70
53,356,1,54,9,301,1,90
54,356,1,55,4,305,1,40
55,356,1,56,2,307,1,20
56,356,1,57,5,312,1,50
57,356,1,58,3,315,1,30
58,356,1,59,9,324,1,90
59,356,1,60,4,328,1,40
60,356,1,61,2,330,1,20
61,356,1,62,8,338,1,80
62,356,1,63,4,342,1,40
63,356,1,64,9,351,1,90
64,356,1,65,8,359,2469,80
65,356,1,66,7,366,1,70
66,356,1,67,4,370,1,40
67,356,1,68,8,378,1,80
68,356,1,69,9,387,1,90
69,356,1,70,2,389,1,20
70,356,1,71,7,396,1,70
71,356,1,72,2,398,1,20
72,356,1,73,7,405,1,70
73,356,1,74,9,414,1,90
74,356,1,75,5,419,1,50
75,356,1,76,4,423,1,40
76,356,1,77,7,430,1,70
77,356,1,78,7,437,1,70
78,356,1,79,8,445,1,80
79,356,1,80,5,450,1,50
80,356,1,81,2,452,1,20
81,356,1,82,5,457,1,50
82,356,1,83,2,459,1,20
83,356,1,84,4,463,1,40
84,356,1,85,5,468,1,50
85,356,1,86,9,477,1,90
86,356,1,87,6,483,1,60
87,356,1,88,7,490,1,70
88,356,1,89,6,496,1,60
89,356,1,90,2,498,1,20
90,356,1,91,4,502,1,40
91,356,1,92,4,506,1,40
92,356,1,93,9,515,1,90
93,356,1,94,3,518,1,30
94,356,1,95,5,523,1,50
95,356,1,96,8,531,1,80
96,356,1,97,4,535,1,40
97,356,1,98,7,542,1,70
98,356,1,99,6,548,1,60
99,356,1,100,2,550,1,20
100,356,1,101,5,555,1,50
101,356,1,102,5,560,1,50
102,356,1,103,8,568,1,80
103,356,1,104,8,576,1,80
104,356,1,105,2,578,1,20
105,356,1,106,4,582,1,40
106,356,1,107,9,591,1,90
107,356,1,108,3,594,1,30
108,356,1,109,2,596,1,20
109,356,1,110,6,602,1,60
110,356,1,111,5,607,1,50
111,356,1,112,7,614,1,70
112,356,1,113,3,617,1,30
113,356,1,114,8,625,1,80
114,356,1,115,9,634,2597,90
115,356,1,116,8,642,1,80
116,356,1,117,8,650,1,80
117,356,1,118,7,657,1,70
118,356,1,119,9,666,1019,90
119,356,1,120,6,672,1,60
120,356,1,121,6,678,1,60
121,356,1,122,3,681,370,30
122,356,1,123,2,683,1,20
123,356,1,124,9,692,1,90
124,356,1,125,9,701,1,90
125,356,1,126,6,707,1,60
126,356,1,127,3,710,1,30
127,356,1,128,8,718,1,80
128,356,1,129,8,726,1,80
129,356,1,130,3,729,1,30
130,356,1,131,5,734,1,50
131,356,1,132,8,742,1,80
132,356,1,133,2,744,1,20
133,356,1,134,5,749,1,50
134,356,1,135,9,758,1,90
135,356,1,136,3,761,1,30
136,356,1,137,5,766,1,50
137,356,1,138,5,771,1,50
138,356,1,139,3,774,1,30
139,356,1,140,6,780,1,60
140,356,1,141,6,786,1,60
141,356,1,142,4,790,1,40
142,356,1,143,6,796,1,60
143,356,1,144,2,798,1,20
144,356,1,145,5,803,1,50
145,356,1,146,7,810,1,70
146,356,1,147,4,814,1,40
147,356,1,148,4,818,1,40
148,356,1,149,4,822,1,40
149,356,1,150,4,826,1,40
150,356,1,151,6,832,1,60
151,356,1,152,5,837,1,50
152,356,1,153,3,840,1,30
153,356,1,154,9,849,1,90
154,356,1,155,4,853,1,40
155,356,1,156,9,862,1,90
156,356,1,157,3,865,1,30
157,356,1,158,3,868,1,30
158,356,1,159,5,873,1,50
159,356,1,160,2,875,1,20
160,356,1,161,6,881,1,60
161,356,1,162,7,888,1542,70
162,356,1,163,3,891,1,30
163,356,1,164,8,899,1,80
164,356,1,165,5,904,1,50
165,356,1,166,8,912,1,80
166,356,1,167,9,921,1,90
167,356,1,168,7,928,1,70
168,356,1,169,4,932,788,40
169,356,1,170,7,939,1,70
170,356,1,171,4,943,1,40
171,356,1,172,2,945,315,20
172,356,1,173,4,949,1,40
173,356,1,174,2,951,1,20
174,356,1,175,4,955,1,40
175,356,1,176,8,963,1,80
176,356,1,177,5,968,1,50
177,356,1,178,4,972,1,40
178,356,1,179,6,978,1,60
179,356,1,180,4,982,1,40
180,356,1,181,2,984,1,20
181,356,1,182,5,989,1,50
182,356,1,183,9,998,1,90
183,356,1,184,5,1003,1,50
184,356,1,185,2,1005,1,20
185,356,1,186,4,1009,1,40
186,356,1,187,7,1016,640,70
187,356,1,188,9,1025,1,90
188,356,1,189,8,1033,1,80
189,356,1,190,7,1040,1,70
190,356,1,191,9,1049,1,90
191,356,1,192,5,1054,1,50
192,356,1,193,8,1062,1,80
193,356,1,194,2,1064,1,20
194,356,1,195,6,1070,1,60
195,356,1,196,7,1077,1,70
196,356,1,197,7,1084,1,70
197,356,1,198,6,1090,1,60
198,356,1,199,9,1099,1,90
199,356,1,200,8,1107,1,80
200,356,1,201,3,1110,1,30
201,356,1,202,7,1117,1,70
202,356,1,203,2,1119,1,20
203,356,1,204,4,1123,1,40
204,356,1,205,6,1129,1,60
205,356,1,206,8,1137,1,80
206,356,1,207,4,1141,1,40
207,356,1,208,2,1143,1,20
208,356,1,209,2,1145,1,20
209,356,1,210,8,1153,1126,80
210,356,1,211,2,1155,1,20
211,356,1,212,9,1164,1,90
212,356,1,213,7,1171,1,70
213,356,1,214,7,1178,1,70
214,356,1,215,7,1185,509,70
215,356,1,216,7,1192,1,70
216,356,1,217,4,1196,1,40
217,356,1,218,2,1198,1,20
218,356,1,219,2,1200,1,20
219,356,1,220,6,1206,1,60
220,356,1,221,4,1210,1,40
221,356,1,222,8,1218,1,80
222,356,1,223,7,1225,1,70
223,356,1,224,8,1233,1,80
224,356,1,225,5,1238,1,50
225,356,1,226,6,1244,1,60
226,356,1,227,8,1252,1,80
227,356,1,228,6,1258,1,60
228,356,1,229,2,1260,1,20
229,356,1,230,8,1268,1,80
230,356,1,231,7,1275,1,70
231,356,1,232,9,1284,1,90
232,356,1,233,9,1293,1,90
233,356,1,234,4,1297,1,40
234,356,1,235,4,1301,1,40
235,356,1,236,4,1305,1,40
236,356,1,237,8,1313,1,80
237,356,1,238,8,1321,1,80
238,356,1,239,4,1325,1,40
239,356,1,240,9,1334,1,90
240,356,1,241,9,1343,1,90
241,356,1,242,3,1346,1,30
242,356,1,243,3,1349,1,30
243,356,1,244,3,1352,1,30
244,356,1,245,4,1356,1,40
245,356,1,246,4,1360,1,40
246,356,1,247,9,1369,1,90
247,356,1,248,6,1375,1,60
248,356,1,249,5,1380,1,50
249,356,1,250,5,1385,1,50
250,356,1,251,2,1387,1,20
251,356,1,252,5,1392,1,50
252,356,1,253,4,1396,1,40
253,356,1,254,6,1402,1,60
254,356,1,255,5,1407,1,50
255,356,1,256,8,1415,1,80
256,356,1,257,2,1417,1,20
257,356,1,258,7,1424,1,70
258,356,1,259,9,1433,1,90
259,356,1,260,4,1437,1,40
260,356,1,261,8,1445,1,80
261,356,1,262,3,1448,1,30
262,356,1,263,4,1452,1,40
263,356,1,264,3,1455,1,30
264,356,1,265,7,1462,1,70
265,356,1,266,4,1466,1,40
266,356,1,267,8,1474,1,80
267,356,1,268,5,1479,1,50
268,356,1,269,4,1483,1,40
269,356,1,270,2,1485,1,20
270,356,1,271,6,1491,1,60
271,356,1,272,5,1496,1,50
272,356,1,273,2,1498,1,20
273,356,1,274,3,1501,1,30
274,356,1,275,6,1507,1,60
275,356,1,276,2,1509,1,20
276,356,1,277,5,1514,1,50
277,356,1,278,4,1518,1,40
278,356,1,279,5,1523,1,50
279,356,1,280,5,1528,1,50
280,356,1,281,6,1534,1,60
281,356,1,282,2,1536,1,20
282,356,1,283,7,1543,1,70
283,356,1,284,7,1550,1,70
284,356,1,285,9,1559,1,90
285,356,1,286,7,1566,1,70
286,356,1,287,5,1571,1,50
287,356,1,288,5,1576,1,50
288,356,1,289,4,1580,1,40
289,356,1,290,8,1588,1,80
290,356,1,291,6,1594,1,60
291,356,1,292,3,1597,1,30
292,356,1,293,4,1601,1,40
293,356,1,294,8,1609,1,80
294,356,1,295,9,1618,1,90
295,356,1,296,9,1627,1,90
296,356,1,297,6,1633,3206,60
297,356,1,298,5,1638,1,50
298,356,1,299,8,1646,1,80
299,356,1,300,2,1648,1,20
300,356,1,301,4,1652,1,40
301,356,1,302,5,1657,1,50
302,356,1,303,8,1665,1,80
303,356,1,304,7,1672,1,70
304,356,1,305,2,1674,1,20
305,356,1,306,3,1677,1,30
306,356,1,307,6,1683,1,60
307,356,1,308,6,1689,1,60
308,356,1,309,8,1697,1,80
309,356,1,310,2,1699,1,20
310,356,1,311,3,1702,1,30
311,356,1,312,3,1705,1,30
312,356,1,313,4,1709,1,40
313,356,1,314,6,1715,1,60
314,356,1,315,9,1724,1572,90
315,356,1,316,8,1732,520,80
316,356,1,317,8,1740,1,80
317,356,1,318,2,1742,1,20
318,356,1,319,4,1746,1,40
319,356,1,320,7,1753,1,70
320,356,1,321,9,1762,336,90
321,356,1,322,5,1767,1,50
322,356,1,323,2,1769,1,20
323,356,1,324,9,1778,1,90
324,356,1,325,6,1784,1,60
325,356,1,326,8,1792,1,80
326,356,1,327,2,1794,1,20
327,356,1,328,5,1799,1,50
328,356,1,329,7,1806,425,70
329,356,1,330,6,1812,1,60
330,356,1,331,2,1814,1,20
331,356,1,332,8,1822,1,80
332,356,1,333,5,1827,1,50
333,356,1,334,2,1829,1,20
334,356,1,335,4,1833,1,40
335,356,1,336,4,1837,1,40
336,356,1,337,4,1841,1,40
337,356,1,338,9,1850,1,90
338,356,1,339,9,1859,1,90
339,356,1,340,3,1862,1,30
340,356,1,341,4,1866,1,40
341,356,1,342,5,1871,1,50
342,356,1,343,8,1879,1,80
343,356,1,344,4,1883,1,40
344,356,1,345,2,1885,707,20
345,356,1,346,4,1889,1,40
346,356,1,347,2,1891,1,20
347,356,1,348,5,1896,1,50
348,356,1,349,5,1901,1,50
349,356,1,350,8,1909,1,80
350,356,1,351,8,1917,1,80
351,356,1,352,6,1923,1,60
352,356,1,353,5,1928,1,50
353,356,1,354,3,1931,1,30
354,356,1,355,7,1938,1,70
355,356,1,356,4,1942,1,40
356,356,1,357,4,1946,1,40
357,356,1,358,8,1954,1,80
358,356,1,359,5,1959,719,50
359,356,1,360,8,1967,1,80
360,356,1,361,2,1969,1,20
361,356,1,362,7,1976,1,70
362,356,1,363,5,1981,1,50
363,356,1,364,8,1989,1,80
364,356,1,365,4,1993,1,40
365,356,1,366,9,2002,1,90
366,356,1,367,9,2011,1,90
367,356,1,368,4,2015,1,40
368,356,1,369,4,2019,1,40
369,356,1,370,3,2022,1,30
370,356,1,371,8,2030,1,80
371,356,1,372,5,2035,1,50
372,356,1,373,9,2044,1,90
373,356,1,374,3,2047,1,30
374,356,1,375,7,2054,1,70
375,356,1,376,7,2061,1,70
376,356,1,377,6,2067,1,60
377,356,1,378,9,2076,1,90
378,356,1,379,4,2080,1,40
379,356,1,380,3,2083,1,30
380,356,1,381,7,2090,1121,70
381,356,1,382,3,2093,1,30
382,356,1,383,5,2098,352,50
383,356,1,384,3,2101,1,30
384,356,1,385,5,2106,1,50
385,356,1,386,3,2109,199,30
386,356,1,387,2,2111,1,20
387,356,1,388,7,2118,1,70
388,356,1,389,6,2124,1,60
389,356,1,390,4,2128,1,40
390,356,1,391,7,2135,1,70
391,356,1,392,8,2143,1,80
392,356,1,393,8,2151,1,80
393,356,1,394,4,2155,1,40
394,356,1,395,8,2163,1,80
395,356,1,396,9,2172,1,90
396,356,1,397,3,2175,520,30
397,356,1,398,7,2182,1,70
398,356,1,399,4,2186,1,40
399,356,1,400,4,2190,1,40
400,356,1,401,3,2193,256,30
401,356,1,402,5,2198,1,50
402,356,1,403,7,2205,168,70
403,356,1,404,7,2212,1,70
404,356,1,405,5,2217,1,50
405,356,1,406,3,2220,1,30
406,356,1,407,5,2225,1,50
407,356,1,408,7,2232,262,70
408,356,1,409,6,2238,1,60
409,356,1,410,3,2241,1,30
410,356,1,411,4,2245,1,40
411,356,1,412,3,2248,1,30
412,356,1,413,4,2252,1,40
413,356,1,414,9,2261,1,90
414,356,1,415,3,2264,1,30
415,356,1,416,5,2269,1,50
416,356,1,417,9,2278,1,90
417,356,1,418,6,2284,1,60
418,356,1,419,5,2289,1,50
419,356,1,420,2,2291,1,20
420,356,1,421,8,2299,1,80
421,356,1,422,5,2304,1,50
422,356,1,423,4,2308,1,40
423,356,1,424,2,2310,573,20
424,356,1,425,9,2319,1,90
425,356,1,426,7,2326,1,70
426,356,1,427,3,2329,1,30
427,356,1,428,7,2336,1,70
428,356,1,429,3,2339,1,30
429,356,1,430,6,2345,1,60
430,356,1,431,5,2350,1,50
431,356,1,432,3,2353,1,30
432,356,1,433,5,2358,1,50
433,356,1,434,9,2367,1,90
434,356,1,435,2,2369,1,20
435,356,1,436,5,2374,1,50
436,356,1,437,4,2378,1,40
437,356,1,438,3,2381,1,30
438,356,1,439,2,2383,1,20
439,356,1,440,5,2388,1,50
440,356,1,441,6,2394,1,60
441,356,1,442,4,2398,1,40
442,356,1,443,2,2400,1,20
443,356,1,444,6,2406,1,60
444,356,1,445,7,2413,1,70
445,356,1,446,5,2418,1,50
446,356,1,447,2,2420,1,20
447,356,1,448,5,2425,1,50
448,356,1,449,2,2427,1,20
449,356,1,450,7,2434,1044,70
450,356,1,451,4,2438,1,40
451,356,1,452,7,2445,1,70
452,356,1,453,5,2450,1,50
453,356,1,454,6,2456,1,60
454,356,1,455,3,2459,1,30
455,356,1,456,8,2467,1,80
456,356,1,457,8,2475,1,80
457,356,1,458,6,2481,1,60
458,356,1,459,4,2485,1,40
459,356,1,460,2,2487,1,20
460,356,1,461,3,2490,1,30
461,356,1,462,3,2493,1,30
462,356,1,463,5,2498,778,50
463,356,1,464,5,2503,1,50
464,356,1,465,6,2509,1,60
465,356,1,466,9,2518,367,90
466,356,1,467,5,2523,1,50
467,356,1,468,7,2530,1,70
468,356,1,469,8,2538,1,80
469,356,1,470,7,2545,1,70
470,356,1,471,6,2551,352,60
471,356,1,472,2,2553,1,20
472,356,1,473,6,2559,1,60
473,356,1,474,9,2568,1,90
474,356,1,475,6,2574,1,60
475,356,1,476,3,2577,1,30
476,356,1,477,8,2585,1,80
477,356,1,478,6,2591,385,60
478,356,1,479,8,2599,1,80
479,356,1,480,8,2607,1,80
480,356,1,481,3,2610,1,30
481,356,1,482,4,2614,1,40
482,356,1,483,6,2620,1,60
483,356,1,484,3,2623,1,30
484,356,1,485,5,2628,1,50
485,356,1,486,3,2631,1,30
486,356,1,487,4,2635,1,40
487,356,1,488,2,2637,1,20
488,356,1,489,7,2644,1,70
489,356,1,490,5,2649,1,50
490,356,1,491,7,2656,1,70
491,356,1,492,2,2658,1,20
492,356,1,493,7,2665,1,70
493,356,1,494,6,2671,1,60
494,356,1,495,5,2676,1,50
495,356,1,496,4,2680,1,40
496,356,1,497,2,2682,1,20
497,356,1,498,8,2690,1,80
498,356,1,499,6,2696,1,60
499,356,1,500,3,2699,1,30
500,356,1,501,6,2705,1,60
501,356,1,502,6,2711,1,60
502,356,1,503,4,2715,1,40
503,356,1,504,7,2722,1,70
504,356,1,505,9,2731,1,90
505,356,1,506,6,2737,1,60
506,356,1,507,3,2740,1,30
507,356,1,508,9,2749,1,90
508,356,1,509,8,2757,1,80
509,356,1,510,7,2764,1,70
510,356,1,511,5,2769,1,50
511,356,1,512,3,2772,1,30
512,356,1,513,6,2778,1,60
513,356,1,514,6,2784,1,60
514,356,1,515,7,2791,1,70
515,356,1,516,2,2793,1,20
516,356,1,517,5,2798,1,50
517,356,1,518,9,2807,1,90
518,356,1,519,7,2814,1554,70
519,356,1,520,4,2818,1,40
520,356,1,521,4,2822,1,40
521,356,1,522,8,2830,1,80
522,356,1,523,5,2835,1,50
523,356,1,524,6,2841,1,60
524,356,1,525,2,2843,1,20
525,356,1,526,8,2851,1,80
526,356,1,527,4,2855,1,40
527,356,1,528,4,2859,1,40
528,356,1,529,9,2868,1,90
529,356,1,530,6,2874,1,60
530,356,1,531,4,2878,1,40
531,356,1,532,6,2884,1,60
532,356,1,533,9,2893,1,90
533,356,1,534,7,2900,1,70
534,356,1,535,6,2906,1,60
535,356,1,536,7,2913,1,70
536,356,1,537,3,2916,1,30
537,356,1,538,3,2919,1,30
538,356,1,539,4,2923,1,40
539,356,1,540,3,2926,1,30
540,356,1,541,2,2928,1,20
541,356,1,542,9,2937,1288,90
542,356,1,543,7,2944,1,70
543,356,1,544,6,2950,1,60
544,356,1,545,9,2959,1,90
545,356,1,546,6,2965,1,60
546,356,1,547,9,2974,1,90
547,356,1,548,4,2978,1,40
548,356,1,549,5,2983,1,50
549,356,1,550,4,2987,1,40
550,356,1,551,5,2992,767,50
551,356,1,552,4,2996,1,40
552,356,1,553,8,3004,1,80
553,356,1,554,9,3013,1,90
554,356,1,555,3,3016,1,30
555,356,1,556,9,3025,1,90
556,356,1,557,9,3034,1,90
557,356,1,558,3,3037,1,30
558,356,1,559,6,3043,1,60
559,356,1,560,2,3045,1,20
560,356,1,561,3,3048,1,30
561,356,1,562,9,3057,1,90
562,356,1,563,3,3060,1,30
563,356,1,564,4,3064,1,40
564,356,1,565,9,3073,1,90
565,356,1,566,8,3081,1,80
566,356,1,567,7,3088,1,70
567,356,1,568,6,3094,1,60
568,356,1,569,8,3102,1,80
569,356,1,570,9,3111,1,90
570,356,1,571,9,3120,1,90
571,356,1,572,5,3125,1,50
572,356,1,573,2,3127,1,20
573,356,1,574,4,3131,1,40
574,356,1,575,5,3136,1,50
575,356,1,576,6,3142,1,60
576,356,1,577,6,3148,1,60
577,356,1,578,2,3150,1,20
578,356,1,579,8,3158,1360,80
579,356,1,580,5,3163,1,50
580,356,1,581,2,3165,1,20
581,356,1,582,8,3173,1,80
582,356,1,583,9,3182,1,90
583,356,1,584,5,3187,1,50
584,356,1,585,8,3195,657,80
585,356,1,586,2,3197,1,20
586,356,1,587,5,3202,1,50
587,356,1,588,3,3205,1,30
588,356,1,589,8,3213,1,80
589,356,1,590,2,3215,1,20
590,356,1,591,5,3220,1,50
591,356,1,592,2,3222,1,20
592,356,1,593,5,3227,1,50
593,356,1,594,2,3229,1,20
594,356,1,595,8,3237,1,80
595,356,1,596,8,3245,1,80
596,356,1,597,5,3250,1,50
597,356,1,598,6,3256,1,60
598,356,1,599,3,3259,1,30
599,356,1,600,4,3263,1,40
600,356,1,601,7,3270,1,70
601,356,1,602,3,3273,1,30
602,356,1,603,2,3275,1,20
603,356,1,604,8,3283,1,80
604,356,1,605,6,3289,1,60
605,356,1,606,4,3293,1,40
606,356,1,607,3,3296,1,30
607,356,1,608,3,3299,1,30
608,356,1,609,2,3301,1,20
609,356,1,610,8,3309,1,80
610,356,1,611,7,3316,1,70
611,356,1,612,6,3322,1,60
612,356,1,613,6,3328,1,60
613,356,1,614,8,3336,1,80
614,356,1,615,5,3341,1,50
615,356,1,616,7,3348,1,70
616,356,1,617,7,3355,1,70
617,356,1,618,7,3362,1,70
618,356,1,619,9,3371,1,90
619,356,1,620,6,3377,1,60
620,356,1,621,2,3379,1,20
621,356,1,622,3,3382,1,30
622,356,1,623,7,3389,1599,70
623,356,1,624,2,3391,1,20
624,356,1,625,2,3393,1,20
625,356,1,626,7,3400,558,70
626,356,1,627,8,3408,1,80
627,356,1,628,8,3416,1,80
628,356,1,629,7,3423,1,70
629,356,1,630,2,3425,1,20
630,356,1,631,2,3427,1,20
631,356,1,632,2,3429,1,20
632,356,1,633,7,3436,1,70
633,356,1,634,3,3439,1,30
634,356,1,635,7,3446,1,70
635,356,1,636,8,3454,1,80
636,356,1,637,9,3463,1,90
637,356,1,638,4,3467,1,40
638,356,1,639,7,3474,1,70
639,356,1,640,3,3477,1,30
640,356,1,641,7,3484,1,70
641,356,1,642,4,3488,1,40
642,356,1,643,6,3494,820,60
643,356,1,644,8,3502,1,80
644,356,1,645,9,3511,1,90
645,356,1,646,6,3517,1,60
646,356,1,647,3,3520,1,30
647,356,1,648,7,3527,1,70
648,356,1,649,9,3536,1,90
649,356,1,650,2,3538,1,20
650,356,1,651,8,3546,1,80
651,356,1,652,8,3554,1,80
652,356,1,653,5,3559,1,50
653,356,1,654,8,3567,1,80
654,356,1,655,6,3573,1,60
655,356,1,656,2,3575,1,20
656,356,1,657,5,3580,1,50
657,356,1,658,5,3585,1,50
658,356,1,659,6,3591,1,60
659,356,1,660,5,3596,1,50
660,356,1,661,3,3599,1,30
661,356,1,662,8,3607,1,80
662,356,1,663,7,3614,1,70
663,356,1,664,4,3618,1,40
664,356,1,665,7,3625,1143,70
665,356,1,666,3,3628,1,30
666,356,1,667,6,3634,1,60
667,356,1,668,3,3637,465,30
668,356,1,669,4,3641,1,40
669,356,1,670,3,3644,1,30
670,356,1,671,5,3649,1,50
671,356,1,672,5,3654,1,50
672,356,1,673,4,3658,1,40
673,356,1,674,7,3665,1,70
674,356,1,675,3,3668,1,30
675,356,1,676,7,3675,1,70
676,356,1,677,7,3682,1,70
677,356,1,678,3,3685,1,30
678,356,1,679,9,3694,1,90
679,356,1,680,3,3697,1,30
680,356,1,681,8,3705,1,80
681,356,1,682,9,3714,1,90
682,356,1,683,2,3716,1,20
683,356,1,684,7,3723,1,70
684,356,1,685,3,3726,1,30
685,356,1,686,6,3732,1,60
686,356,1,687,4,3736,1,40
687,356,1,688,2,3738,1,20
688,356,1,689,7,3745,1,70
689,356,1,690,8,3753,1,80
690,356,1,691,4,3757,1,40
691,356,1,692,5,3762,1,50
692,356,1,693,7,3769,1,70
693,356,1,694,3,3772,1,30
694,356,1,695,2,3774,1,20
695,356,1,696,6,3780,1,60
696,356,1,697,6,3786,1146,60
697,356,1,698,4,3790,1,40
698,356,1,699,9,3799,1,90
699,356,1,700,2,3801,1,20
700,356,1,701,9,3810,1,90
701,356,1,702,7,3817,1,70
702,356,1,703,7,3824,1,70
703,356,1,704,6,3830,1,60
704,356,1,705,6,3836,1,60
705,356,1,706,7,3843,1,70
706,356,1,707,6,3849,1,60
707,356,1,708,3,3852,1,30
708,356,1,709,3,3855,1,30
709,356,1,710,9,3864,1,90
710,356,1,711,7,3871,1,70
711,356,1,712,8,3879,1,80
712,356,1,713,8,3887,1,80
713,356,1,714,7,3894,1,70
714,356,1,715,5,3899,1,50
715,356,1,716,5,3904,1,50
716,356,1,717,7,3911,1,70
717,356,1,718,6,3917,1,60
718,356,1,719,8,3925,1,80
719,356,1,720,7,3932,1,70
720,356,1,721,7,3939,1374,70
721,356,1,722,6,3945,1,60
722,356,1,723,6,3951,1,60
723,356,1,724,2,3953,1,20
724,356,1,725,5,3958,1,50
725,356,1,726,5,3963,1,50
726,356,1,727,7,3970,1,70
727,356,1,728,9,3979,1,90
728,356,1,729,4,3983,1,40
729,356,1,730,7,3990,1,70
730,356,1,731,5,3995,1,50
731,356,1,732,5,4000,1,50
732,356,1,733,5,4005,1,50
733,356,1,734,2,4007,1,20
734,356,1,735,9,4016,1,90
735,356,1,736,5,4021,1,50
736,356,1,737,2,4023,1,20
737,356,1,738,6,4029,989,60
738,356,1,739,3,4032,1,30
739,356,1,740,4,4036,1,40
740,356,1,741,8,4044,1,80
741,356,1,742,4,4048,1,40
742,356,1,743,2,4050,1,20
743,356,1,744,2,4052,1,20
744,356,1,745,4,4056,1,40
745,356,1,746,7,4063,1,70
746,356,1,747,3,4066,591,30
747,356,1,748,5,4071,1,50
748,356,1,749,7,4078,1,70
749,356,1,750,9,4087,1,90
750,356,1,751,5,4092,1,50
751,356,1,752,6,4098,377,60
752,356,1,753,7,4105,1,70
753,356,1,754,6,4111,209,60
754,356,1,755,6,4117,1,60
755,356,1,756,7,4124,1,70
756,356,1,757,6,4130,1,60
757,356,1,758,6,4136,1,60
758,356,1,759,6,4142,1,60
759,356,1,760,4,4146,1,40
760,356,1,761,7,4153,1,70
761,356,1,762,7,4160,1,70
762,356,1,763,8,4168,1,80
763,356,1,764,8,4176,1,80
764,356,1,765,9,4185,1,90
765,356,1,766,6,4191,1,60
766,356,1,767,5,4196,1,50
767,356,1,768,9,4205,1,90
768,356,1,769,7,4212,1,70
769,356,1,770,2,4214,764,20
770,356,1,771,4,4218,1,40
771,356,1,772,6,4224,1,60
772,356,1,773,4,4228,1,40
773,356,1,774,6,4234,1,60
774,356,1,775,3,4237,1,30
775,356,1,776,5,4242,1,50
776,356,1,777,2,4244,1,20
777,356,1,778,5,4249,1,50
778,356,1,779,8,4257,1,80
779,356,1,780,5,4262,1,50
780,356,1,781,7,4269,1,70
781,356,1,782,7,4276,1,70
782,356,1,783,3,4279,1,30
783,356,1,784,3,4282,1,30
784,356,1,785,5,4287,1,50
785,356,1,786,4,4291,1,40
786,356,1,787,5,4296,1,50
787,356,1,788,6,4302,1,60
788,356,1,789,6,4308,1,60
789,356,1,790,8,4316,1,80
790,356,1,791,7,4323,1,70
791,356,1,792,4,4327,1,40
792,356,1,793,3,4330,1074,30
793,356,1,794,6,4336,1,60
794,356,1,795,6,4342,1,60
795,356,1,796,2,4344,1,20
796,356,1,797,4,4348,1,40
797,356,1,798,7,4355,1,70
798,356,1,799,3,4358,1,30
799,356,1,800,9,4367,1,90
800,356,1,801,2,4369,1,20
801,356,1,802,4,4373,1,40
802,356,1,803,7,4380,1,70
803,356,1,804,8,4388,1,80
804,356,1,805,3,4391,1,30
805,356,1,806,7,4398,1,70
806,356,1,807,6,4404,1,60
807,356,1,808,3,4407,1,30
808,356,1,809,3,4410,1,30
809,356,1,810,6,4416,1,60
810,356,1,811,3,4419,1,30
811,356,1,812,4,4423,1,40
812,356,1,813,3,4426,1,30
813,356,1,814,3,4429,1,30
814,356,1,815,8,4437,1,80
815,356,1,816,7,4444,1,70
816,356,1,817,4,4448,1,40
817,356,1,818,7,4455,1,70
818,356,1,819,2,4457,1,20
819,356,1,820,9,4466,1,90
820,356,1,821,3,4469,1,30
821,356,1,822,5,4474,1,50
822,356,1,823,5,4479,1,50
823,356,1,824,2,4481,1,20
824,356,1,825,4,4485,1,40
825,356,1,826,9,4494,1445,90
826,356,1,827,9,4503,483,90
827,356,1,828,9,4512,1,90
828,356,1,829,7,4519,1,70
829,356,1,830,4,4523,1,40
830,356,1,831,9,4532,1,90
831,356,1,832,8,4540,1,80
832,356,1,833,2,4542,1,20
833,356,1,834,2,4544,1,20
834,356,1,835,9,4553,1,90
835,356,1,836,8,4561,1,80
836,356,1,837,2,4563,1,20
837,356,1,838,2,4565,1,20
838,356,1,839,8,4573,1,80
839,356,1,840,2,4575,1,20
840,356,1,841,5,4580,674,50
841,356,1,842,3,4583,1,30
842,356,1,843,7,4590,1,70
843,356,1,844,4,4594,1,40
844,356,1,845,6,4600,1,60
845,356,1,846,6,4606,1,60
846,356,1,847,5,4611,1,50
847,356,1,848,8,4619,1,80
848,356,1,849,7,4626,552,70
849,356,1,850,7,4633,1,70
850,356,1,851,3,4636,1,30
851,356,1,852,7,4643,1,70
852,356,1,853,5,4648,1,50
853,356,1,854,7,4655,1,70
854,356,1,855,6,4661,1,60
855,356,1,856,7,4668,1,70
856,356,1,857,5,4673,1,50
857,356,1,858,8,4681,1,80
858,356,1,859,6,4687,1,60
859,356,1,860,6,4693,1,60
860,356,1,861,3,4696,1,30
861,356,1,862,3,4699,1,30
862,356,1,863,9,4708,1,90
863,356,1,864,3,4711,1,30
864,356,1,865,9,4720,824,90
865,356,1,866,5,4725,1,50
866,356,1,867,6,4731,1,60
867,356,1,868,6,4737,1,60
868,356,1,869,6,4743,1,60
869,356,1,870,8,4751,1,80
870,356,1,871,6,4757,1,60
871,356,1,872,9,4766,1,90
872,356,1,873,7,4773,1,70
873,356,1,874,3,4776,1,30
874,356,1,875,9,4785,1,90
875,356,1,876,4,4789,1,40
876,356,1,877,5,4794,1,50
877,356,1,878,6,4800,1,60
878,356,1,879,4,4804,1,40
879,356,1,880,2,4806,1,20
880,356,1,881,3,4809,1,30
881,356,1,882,3,4812,1,30
882,356,1,883,4,4816,1,40
883,356,1,884,4,4820,1,40
884,356,1,885,4,4824,1,40
885,356,1,886,8,4832,1,80
886,356,1,887,4,4836,1,40
887,356,1,888,2,4838,1,20
888,356,1,889,8,4846,1,80
889,356,1,890,2,4848,1,20
890,356,1,891,9,4857,1,90
891,356,1,892,9,4866,1268,90
892,356,1,893,4,4870,1,40
893,356,1,894,5,4875,1,50
894,356,1,895,3,4878,1,30
895,356,1,896,2,4880,1,20
896,356,1,897,6,4886,1,60
897,356,1,898,8,4894,1,80
898,356,1,899,4,4898,1,40
899,356,1,900,7,4905,1,70
900,356,1,901,8,4913,1,80
901,356,1,902,7,4920,1,70
902,356,1,903,2,4922,1,20
903,356,1,904,6,4928,1,60
904,356,1,905,2,4930,1,20
905,356,1,906,5,4935,1,50
906,356,1,907,6,4941,1,60
907,356,1,908,5,4946,1,50
908,356,1,909,4,4950,1,40
909,356,1,910,5,4955,1,50
910,356,1,911,4,4959,1,40
911,356,1,912,5,4964,1,50
912,356,1,913,6,4970,1,60
913,356,1,914,8,4978,1,80
914,356,1,915,9,4987,1,90
915,356,1,916,7,4994,1,70
916,356,2,1,2,2,1,20
917,356,2,2,7,9,1,70
918,356,2,3,5,14,1,50
919,356,2,4,3,17,1,30
920,356,2,5,4,21,1,40
921,356,2,6,5,26,1,50
922,356,2,7,9,35,1,90
923,356,2,8,2,37,1,20
924,356,2,9,5,42,1,50
925,356,2,10,9,51,1,90
926,356,2,11,7,58,1,70
927,356,2,12,7,65,1,70
928,356,2,13,3,68,1,30
929,356,2,14,5,73,1,50
930,356,2,15,8,81,1,80
931,356,2,16,9,90,1,90
932,356,2,17,7,97,1,70
933,356,2,18,2,99,1,20
934,356,2,19,9,108,1,90
935,356,2,20,9,117,851,90
936,356,2,21,6,123,1,60
937,356,2,22,5,128,1,50
938,356,2,23,6,134,1,60
939,356,2,24,9,143,1,90
940,356,2,25,2,145,1,20
941,356,2,26,2,147,1,20
942,356,2,27,5,152,1,50
943,356,2,28,4,156,1,40
944,356,2,29,5,161,1,50
945,356,2,30,7,168,1,70
946,356,2,31,3,171,1,30
947,356,2,32,7,178,1,70
948,356,2,33,4,182,1,40
949,356,2,34,3,185,1,30
950,356,2,35,5,190,1,50
951,356,2,36,5,195,1,50
952,356,2,37,2,197,759,20
953,356,2,38,3,200,1,30
954,356,2,39,7,207,1,70
955,356,2,40,4,211,1,40
956,356,2,41,5,216,1,50
957,356,2,42,4,220,1,40
958,356,2,43,7,227,1,70
959,356,2,44,6,233,1,60
960,356,2,45,7,240,1,70
961,356,2,46,8,248,1,80
962,356,2,47,8,256,1,80
963,356,2,48,6,262,1,60
964,356,2,49,8,270,1,80
965,356,2,50,2,272,1,20
966,356,2,51,2,274,1,20
967,356,2,52,6,280,805,60
968,356,2,53,3,283,1,30
969,356,2,54,6,289,1,60
970,356,2,55,2,291,1,20
971,356,2,56,8,299,1,80
972,356,2,57,8,307,1,80
973,356,2,58,5,312,1,50
974,356,2,59,6,318,1,60
975,356,2,60,6,324,1,60
976,356,2,61,3,327,1,30
977,356,2,62,7,334,1,70
978,356,2,63,5,339,681,50
979,356,2,64,9,348,275,90
980,356,2,65,6,354,1,60
981,356,2,66,8,362,1,80
982,356,2,67,7,369,1,70
983,356,2,68,4,373,1,40
984,356,2,69,2,375,1,20
985,356,2,70,5,380,1,50
986,356,2,71,9,389,1,90
987,356,2,72,2,391,1,20
988,356,2,73,3,394,1,30
989,356,2,74,9,403,1,90
990,356,2,75,6,409,1,60
991,356,2,76,5,414,1,50
992,356,2,77,7,421,1,70
993,356,2,78,8,429,1,80
994,356,2,79,2,431,1,20
995,356,2,80,7,438,745,70
996,356,2,81,6,444,1,60
997,356,2,82,3,447,1,30
998,356,2,83,7,454,1,70
999,356,2,84,6,460,1,60
1000,356,2,85,2,462,1,20
1001,356,2,86,5,467,1,50
1002,356,2,87,4,471,1,40
1003,356,2,88,3,474,1,30
1004,356,2,89,6,480,1,60
1005,356,2,90,5,485,1,50
1006,356,2,91,4,489,1,40
1007,356,2,92,7,496,1,70
1008,356,2,93,9,505,1,90
1009,356,2,94,8,513,1,80
1010,356,2,95,4,517,1,40
1011,356,2,96,7,524,1,70
1012,356,2,97,6,530,1,60
1013,356,2,98,9,539,1,90
1014,356,2,99,8,547,1,80
1015,356,2,100,2,549,1,20
1016,356,2,101,4,553,1,40
1017,356,2,102,8,561,1,80
1018,356,2,103,2,563,1,20
1019,356,2,104,9,572,1,90
1020,356,2,105,2,574,1165,20
1021,356,2,106,8,582,1,80
1022,356,2,107,7,589,1,70
1023,356,2,108,2,591,1,20
1024,356,2,109,9,600,1,90
1025,356,2,110,3,603,1,30
1026,356,2,111,7,610,1,70
1027,356,2,112,6,616,1,60
1028,356,2,113,6,622,1,60
1029,356,2,114,5,627,1,50
1030,356,2,115,9,636,1,90
1031,356,2,116,4,640,1,40
1032,356,2,117,4,644,1,40
1033,356,2,118,3,647,1,30
1034,356,2,119,2,649,1,20
1035,356,2,120,2,651,1,20
1036,356,2,121,9,660,1,90
1037,356,2,122,8,668,1,80
1038,356,2,123,3,671,1,30
1039,356,2,124,9,680,1,90
1040,356,2,125,6,686,1,60
1041,356,2,126,6,692,1,60
1042,356,2,127,9,701,1,90
1043,356,2,128,6,707,1,60
1044,356,2,129,3,710,1,30
1045,356,2,130,8,718,1,80
1046,356,2,131,6,724,1,60
1047,356,2,132,3,727,1,30
1048,356,2,133,2,729,1,20
1049,356,2,134,8,737,1,80
1050,356,2,135,4,741,1,40
1051,356,2,136,8,749,1,80
1052,356,2,137,2,751,1,20
1053,356,2,138,7,758,1,70
1054,356,2,139,3,761,1,30
1055,356,2,140,5,766,1,50
1056,356,2,141,6,772,1,60
1057,356,2,142,5,777,1,50
1058,356,2,143,4,781,1,40
1059,356,2,144,9,790,1,90
1060,356,2,145,9,799,1,90
1061,356,2,146,9,808,1,90
1062,356,2,147,4,812,1,40
1063,356,2,148,8,820,1,80
1064,356,2,149,4,824,1,40
1065,356,2,150,7,831,1,70
1066,356,2,151,6,837,1,60
1067,356,2,152,4,841,2272,40
1068,356,2,153,7,848,1,70
1069,356,2,154,5,853,1,50
1070,356,2,155,6,859,1,60
1071,356,2,156,6,865,1,60
1072,356,2,157,7,872,1,70
1073,356,2,158,2,874,1,20
1074,356,2,159,9,883,1,90
1075,356,2,160,4,887,1,40
1076,356,2,161,2,889,1,20
1077,356,2,162,6,895,1,60
1078,356,2,163,2,897,1,20
1079,356,2,164,9,906,1,90
1080,356,2,165,8,914,1,80
1081,356,2,166,6,920,1,60
1082,356,2,167,3,923,1,30
1083,356,2,168,7,930,1,70
1084,356,2,169,8,938,1328,80
1085,356,2,170,3,941,1,30
1086,356,2,171,4,945,1,40
1087,356,2,172,8,953,1,80
1088,356,2,173,3,956,1,30
1089,356,2,174,2,958,1,20
1090,356,2,175,3,961,1,30
1091,356,2,176,8,969,1,80
1092,356,2,177,9,978,1,90
1093,356,2,178,6,984,1,60
1094,356,2,179,8,992,1,80
1095,356,2,180,8,1000,1,80
1096,356,2,181,5,1005,1,50
1097,356,2,182,5,1010,1,50
1098,356,2,183,3,1013,1,30
1099,356,2,184,2,1015,1,20
1100,356,2,185,5,1020,1,50
1101,356,2,186,8,1028,1,80
1102,356,2,187,4,1032,1,40
1103,356,2,188,5,1037,1069,50
1104,356,2,189,8,1045,1,80
1105,356,2,190,4,1049,1,40
1106,356,2,191,8,1057,1,80
1107,356,2,192,9,1066,1,90
1108,356,2,193,3,1069,1,30
1109,356,2,194,5,1074,1,50
1110,356,2,195,8,1082,1,80
1111,356,2,196,9,1091,1,90
1112,356,2,197,2,1093,1,20
1113,356,2,198,4,1097,1,40
1114,356,2,199,9,1106,1,90
1115,356,2,200,2,1108,1,20
1116,356,2,201,5,1113,1,50
1117,356,2,202,4,1117,1,40
1118,356,2,203,2,1119,1,20
1119,356,2,204,3,1122,1,30
1120,356,2,205,3,1125,1,30
1121,356,2,206,5,1130,912,50
1122,356,2,207,5,1135,1,50
1123,356,2,208,6,1141,1,60
1124,356,2,209,2,1143,1,20
1125,356,2,210,9,1152,1,90
1126,356,2,211,8,1160,1,80
1127,356,2,212,8,1168,1,80
1128,356,2,213,5,1173,1,50
1129,356,2,214,2,1175,1,20
1130,356,2,215,5,1180,1,50
1131,356,2,216,3,1183,1,30
1132,356,2,217,7,1190,1,70
1133,356,2,218,4,1194,1,40
1134,356,2,219,8,1202,1,80
1135,356,2,220,4,1206,1,40
1136,356,2,221,7,1213,1,70
1137,356,2,222,5,1218,1,50
1138,356,2,223,2,1220,1,20
1139,356,2,224,8,1228,1,80
1140,356,2,225,9,1237,1,90
1141,356,2,226,5,1242,1,50
1142,356,2,227,9,1251,1,90
1143,356,2,228,6,1257,1,60
1144,356,2,229,4,1261,1,40
1145,356,2,230,5,1266,1,50
1146,356,2,231,3,1269,1,30
1147,356,2,232,7,1276,1,70
1148,356,2,233,8,1284,1,80
1149,356,2,234,9,1293,1,90
1150,356,2,235,6,1299,1,60
1151,356,2,236,6,1305,1,60
1152,356,2,237,5,1310,1,50
1153,356,2,238,9,1319,1,90
1154,356,2,239,7,1326,1,70
1155,356,2,240,4,1330,1,40
1156,356,2,241,9,1339,1,90
1157,356,2,242,2,1341,1,20
1158,356,2,243,3,1344,1,30
1159,356,2,244,3,1347,1,30
1160,356,2,245,6,1353,1,60
1161,356,2,246,2,1355,1,20
1162,356,2,247,8,1363,1,80
1163,356,2,248,7,1370,1884,70
1164,356,2,249,8,1378,1,80
1165,356,2,250,5,1383,1,50
1166,356,2,251,8,1391,1,80
1167,356,2,252,3,1394,1,30
1168,356,2,253,8,1402,1,80
1169,356,2,254,5,1407,1,50
1170,356,2,255,4,1411,1,40
1171,356,2,256,2,1413,1,20
1172,356,2,257,5,1418,1,50
1173,356,2,258,5,1423,1,50
1174,356,2,259,2,1425,1,20
1175,356,2,260,8,1433,1,80
1176,356,2,261,6,1439,1,60
1177,356,2,262,6,1445,1,60
1178,356,2,263,6,1451,1,60
1179,356,2,264,3,1454,1,30
1180,356,2,265,8,1462,1,80
1181,356,2,266,3,1465,1,30
1182,356,2,267,9,1474,1,90
1183,356,2,268,3,1477,1,30
1184,356,2,269,8,1485,1,80
1185,356,2,270,7,1492,1,70
1186,356,2,271,8,1500,1,80
1187,356,2,272,3,1503,1,30
1188,356,2,273,5,1508,1,50
1189,356,2,274,2,1510,1,20
1190,356,2,275,5,1515,1,50
1191,356,2,276,2,1517,1,20
1192,356,2,277,2,1519,1,20
1193,356,2,278,2,1521,1,20
1194,356,2,279,6,1527,1,60
1195,356,2,280,2,1529,1,20
1196,356,2,281,8,1537,1,80
1197,356,2,282,5,1542,1,50
1198,356,2,283,5,1547,1,50
1199,356,2,284,8,1555,1910,80
1200,356,2,285,3,1558,1,30
1201,356,2,286,8,1566,1,80
1202,356,2,287,2,1568,1,20
1203,356,2,288,7,1575,1,70
1204,356,2,289,3,1578,1,30
1205,356,2,290,3,1581,1,30
1206,356,2,291,4,1585,1,40
1207,356,2,292,9,1594,1,90
1208,356,2,293,7,1601,862,70
1209,356,2,294,6,1607,1,60
1210,356,2,295,8,1615,1,80
1211,356,2,296,5,1620,1,50
1212,356,2,297,6,1626,1,60
1213,356,2,298,7,1633,1,70
1214,356,2,299,4,1637,518,40
1215,356,2,300,7,1644,1,70
1216,356,2,301,2,1646,1,20
1217,356,2,302,4,1650,1,40
1218,356,2,303,8,1658,1,80
1219,356,2,304,3,1661,1,30
1220,356,2,305,3,1664,1,30
1221,356,2,306,7,1671,1,70
1222,356,2,307,7,1678,1,70
1223,356,2,308,2,1680,444,20
1224,356,2,309,4,1684,1,40
1225,356,2,310,8,1692,1,80
1226,356,2,311,4,1696,1,40
1227,356,2,312,8,1704,1,80
1228,356,2,313,5,1709,1,50
1229,356,2,314,7,1716,1,70
1230,356,2,315,8,1724,1,80
1231,356,2,316,4,1728,1,40
1232,356,2,317,3,1731,1,30
1233,356,2,318,5,1736,1,50
1234,356,2,319,8,1744,1,80
1235,356,2,320,7,1751,1,70
1236,356,2,321,7,1758,1,70
1237,356,2,322,4,1762,1,40
1238,356,2,323,4,1766,1,40
1239,356,2,324,9,1775,1,90
1240,356,2,325,9,1784,820,90
1241,356,2,326,9,1793,1,90
1242,356,2,327,8,1801,1,80
1243,356,2,328,7,1808,1,70
1244,356,2,329,5,1813,1,50
1245,356,2,330,6,1819,1,60
1246,356,2,331,8,1827,1,80
1247,356,2,332,7,1834,1,70
1248,356,2,333,2,1836,1,20
1249,356,2,334,9,1845,1,90
1250,356,2,335,2,1847,1,20
1251,356,2,336,9,1856,1,90
1252,356,2,337,7,1863,1,70
1253,356,2,338,9,1872,1,90
1254,356,2,339,9,1881,1,90
1255,356,2,340,9,1890,1,90
1256,356,2,341,3,1893,1,30
1257,356,2,342,8,1901,1,80
1258,356,2,343,5,1906,1,50
1259,356,2,344,3,1909,1175,30
1260,356,2,345,2,1911,1,20
1261,356,2,346,9,1920,1,90
1262,356,2,347,6,1926,1,60
1263,356,2,348,9,1935,1,90
1264,356,2,349,4,1939,1,40
1265,356,2,350,9,1948,1,90
1266,356,2,351,5,1953,1,50
1267,356,2,352,6,1959,1,60
1268,356,2,353,4,1963,1,40
1269,356,2,354,2,1965,1,20
1270,356,2,355,3,1968,1,30
1271,356,2,356,7,1975,1,70
1272,356,2,357,3,1978,1,30
1273,356,2,358,8,1986,1,80
1274,356,2,359,9,1995,1,90
1275,356,2,360,3,1998,1,30
1276,356,2,361,7,2005,1,70
1277,356,2,362,7,2012,1,70
1278,356,2,363,5,2017,1,50
1279,356,2,364,8,2025,1180,80
1280,356,2,365,5,2030,1,50
1281,356,2,366,2,2032,1,20
1282,356,2,367,2,2034,387,20
1283,356,2,368,3,2037,1,30
1284,356,2,369,7,2044,1,70
1285,356,2,370,5,2049,1,50
1286,356,2,371,6,2055,1,60
1287,356,2,372,8,2063,344,80
1288,356,2,373,9,2072,1,90
1289,356,2,374,7,2079,1,70
1290,356,2,375,2,2081,1,20
1291,356,2,376,3,2084,1,30
1292,356,2,377,6,2090,1,60
1293,356,2,378,3,2093,1,30
1294,356,2,379,6,2099,1,60
1295,356,2,380,5,2104,1,50
1296,356,2,381,2,2106,1,20
1297,356,2,382,9,2115,1,90
1298,356,2,383,5,2120,1,50
1299,356,2,384,6,2126,1,60
1300,356,2,385,9,2135,1,90
1301,356,2,386,9,2144,1,90
1302,356,2,387,5,2149,1,50
1303,356,2,388,4,2153,1,40
1304,356,2,389,7,2160,1,70
1305,356,2,390,6,2166,1,60
1306,356,2,391,9,2175,1,90
1307,356,2,392,2,2177,1,20
1308,356,2,393,6,2183,1,60
1309,356,2,394,3,2186,1,30
1310,356,2,395,2,2188,1,20
1311,356,2,396,2,2190,1,20
1312,356,2,397,6,2196,1,60
1313,356,2,398,4,2200,1,40
1314,356,2,399,2,2202,1,20
1315,356,2,400,6,2208,1,60
1316,356,2,401,5,2213,1,50
1317,356,2,402,9,2222,1,90
1318,356,2,403,3,2225,1,30
1319,356,2,404,3,2228,1,30
1320,356,2,405,4,2232,1,40
1321,356,2,406,9,2241,1,90
1322,356,2,407,6,2247,1,60
1323,356,2,408,2,2249,1,20
1324,356,2,409,4,2253,1,40
1325,356,2,410,8,2261,1,80
1326,356,2,411,4,2265,1,40
1327,356,2,412,7,2272,1565,70
1328,356,2,413,4,2276,1,40
1329,356,2,414,9,2285,1,90
1330,356,2,415,7,2292,1,70
1331,356,2,416,5,2297,1,50
1332,356,2,417,5,2302,1,50
1333,356,2,418,7,2309,1,70
1334,356,2,419,4,2313,1,40
1335,356,2,420,2,2315,1,20
1336,356,2,421,6,2321,1,60
1337,356,2,422,2,2323,1,20
1338,356,2,423,7,2330,1,70
1339,356,2,424,4,2334,1,40
1340,356,2,425,7,2341,1,70
1341,356,2,426,2,2343,892,20
1342,356,2,427,5,2348,1,50
1343,356,2,428,3,2351,1,30
1344,356,2,429,4,2355,1,40
1345,356,2,430,4,2359,1,40
1346,356,2,431,7,2366,1,70
1347,356,2,432,3,2369,1,30
1348,356,2,433,6,2375,1,60
1349,356,2,434,6,2381,1,60
1350,356,2,435,3,2384,1,30
1351,356,2,436,9,2393,1,90
1352,356,2,437,2,2395,1,20
1353,356,2,438,3,2398,1,30
1354,356,2,439,8,2406,1,80
1355,356,2,440,9,2415,1,90
1356,356,2,441,3,2418,1,30
1357,356,2,442,2,2420,1,20
1358,356,2,443,3,2423,1,30
1359,356,2,444,4,2427,1,40
1360,356,2,445,8,2435,1,80
1361,356,2,446,4,2439,1,40
1362,356,2,447,6,2445,1,60
1363,356,2,448,4,2449,1,40
1364,356,2,449,5,2454,1,50
1365,356,2,450,7,2461,1,70
1366,356,2,451,5,2466,1,50
1367,356,2,452,9,2475,1,90
1368,356,2,453,8,2483,1,80
1369,356,2,454,4,2487,1,40
1370,356,2,455,9,2496,1,90
1371,356,2,456,9,2505,1,90
1372,356,2,457,9,2514,1,90
1373,356,2,458,7,2521,1,70
1374,356,2,459,6,2527,1,60
1375,356,2,460,5,2532,1,50
1376,356,2,461,5,2537,1,50
1377,356,2,462,3,2540,1,30
1378,356,2,463,9,2549,1,90
1379,356,2,464,2,2551,1,20
1380,356,2,465,4,2555,1694,40
1381,356,2,466,6,2561,1,60
1382,356,2,467,5,2566,1,50
1383,356,2,468,2,2568,594,20
1384,356,2,469,6,2574,1,60
1385,356,2,470,6,2580,1,60
1386,356,2,471,9,2589,1,90
1387,356,2,472,5,2594,1,50
1388,356,2,473,6,2600,1,60
1389,356,2,474,3,2603,394,30
1390,356,2,475,8,2611,1,80
1391,356,2,476,9,2620,1,90
1392,356,2,477,5,2625,1,50
1393,356,2,478,6,2631,1,60
1394,356,2,479,8,2639,1,80
1395,356,2,480,5,2644,1,50
1396,356,2,481,6,2650,1,60
1397,356,2,482,2,2652,1,20
1398,356,2,483,3,2655,1,30
1399,356,2,484,2,2657,1,20
1400,356,2,485,7,2664,1,70
1401,356,2,486,4,2668,1,40
1402,356,2,487,4,2672,1,40
1403,356,2,488,5,2677,1,50
1404,356,2,489,8,2685,1,80
1405,356,2,490,9,2694,1,90
1406,356,2,491,8,2702,1,80
1407,356,2,492,3,2705,859,30
1408,356,2,493,3,2708,1,30
1409,356,2,494,3,2711,1,30
1410,356,2,495,9,2720,1,90
1411,356,2,496,5,2725,1,50
1412,356,2,497,7,2732,1,70
1413,356,2,498,2,2734,1,20
1414,356,2,499,4,2738,1,40
1415,356,2,500,6,2744,1,60
1416,356,2,501,6,2750,1,60
1417,356,2,502,7,2757,1,70
1418,356,2,503,7,2764,1,70
1419,356,2,504,5,2769,1,50
1420,356,2,505,8,2777,785,80
1421,356,2,506,6,2783,1,60
1422,356,2,507,4,2787,1,40
1423,356,2,508,5,2792,1,50
1424,356,2,509,2,2794,324,20
1425,356,2,510,9,2803,1,90
1426,356,2,511,2,2805,1,20
1427,356,2,512,8,2813,1,80
1428,356,2,513,8,2821,1,80
1429,356,2,514,4,2825,1,40
1430,356,2,515,2,2827,1,20
1431,356,2,516,4,2831,1,40
1432,356,2,517,9,2840,1,90
1433,356,2,518,9,2849,1,90
1434,356,2,519,5,2854,1,50
1435,356,2,520,7,2861,1,70
1436,356,2,521,3,2864,1,30
1437,356,2,522,4,2868,1,40
1438,356,2,523,3,2871,1,30
1439,356,2,524,9,2880,1,90
1440,356,2,525,6,2886,1,60
1441,356,2,526,5,2891,1,50
1442,356,2,527,9,2900,1,90
1443,356,2,528,3,2903,1,30
1444,356,2,529,6,2909,1,60
1445,356,2,530,3,2912,1,30
1446,356,2,531,3,2915,895,30
1447,356,2,532,9,2924,1,90
1448,356,2,533,4,2928,380,40
1449,356,2,534,6,2934,1,60
1450,356,2,535,6,2940,1,60
1451,356,2,536,9,2949,1,90
1452,356,2,537,5,2954,1,50
1453,356,2,538,3,2957,1,30
1454,356,2,539,9,2966,1,90
1455,356,2,540,4,2970,1,40
1456,356,2,541,7,2977,1,70
1457,356,2,542,2,2979,1,20
1458,356,2,543,6,2985,1,60
1459,356,2,544,2,2987,1,20
1460,356,2,545,6,2993,1,60
1461,356,2,546,9,3002,1,90
1462,356,2,547,7,3009,1,70
1463,356,2,548,5,3014,1,50
1464,356,2,549,7,3021,1,70
1465,356,2,550,8,3029,1,80
1466,356,2,551,7,3036,1,70
1467,356,2,552,6,3042,1,60
1468,356,2,553,2,3044,1,20
1469,356,2,554,6,3050,903,60
1470,356,2,555,9,3059,1,90
1471,356,2,556,8,3067,1,80
1472,356,2,557,6,3073,1,60
1473,356,2,558,2,3075,1,20
1474,356,2,559,5,3080,1,50
1475,356,2,560,4,3084,1,40
1476,356,2,561,7,3091,1,70
1477,356,2,562,4,3095,1,40
1478,356,2,563,2,3097,1,20
1479,356,2,564,8,3105,1,80
1480,356,2,565,7,3112,1,70
1481,356,2,566,3,3115,1,30
1482,356,2,567,8,3123,1,80
1483,356,2,568,9,3132,1,90
1484,356,2,569,9,3141,1,90
1485,356,2,570,8,3149,1,80
1486,356,2,571,8,3157,1,80
1487,356,2,572,2,3159,1,20
1488,356,2,573,8,3167,1,80
1489,356,2,574,9,3176,1,90
1490,356,2,575,5,3181,1,50
1491,356,2,576,2,3183,1,20
1492,356,2,577,9,3192,1,90
1493,356,2,578,2,3194,1,20
1494,356,2,579,4,3198,1,40
1495,356,2,580,7,3205,1,70
1496,356,2,581,9,3214,1,90
1497,356,2,582,2,3216,1,20
1498,356,2,583,5,3221,1,50
1499,356,2,584,3,3224,1,30
1500,356,2,585,3,3227,1,30
1501,356,2,586,5,3232,1,50
1502,356,2,587,9,3241,1,90
1503,356,2,588,2,3243,1,20
1504,356,2,589,3,3246,1,30
1505,356,2,590,2,3248,1,20
1506,356,2,591,2,3250,1,20
1507,356,2,592,5,3255,1,50
1508,356,2,593,5,3260,1,50
1509,356,2,594,4,3264,1,40
1510,356,2,595,4,3268,1,40
1511,356,2,596,8,3276,1,80
1512,356,2,597,2,3278,1,20
1513,356,2,598,7,3285,1,70
1514,356,2,599,9,3294,1,90
1515,356,2,600,3,3297,1,30
1516,356,2,601,4,3301,1,40
1517,356,2,602,8,3309,1,80
1518,356,2,603,6,3315,1,60
1519,356,2,604,7,3322,1,70
1520,356,2,605,8,3330,1,80
1521,356,2,606,8,3338,1,80
1522,356,2,607,4,3342,1,40
1523,356,2,608,7,3349,1,70
1524,356,2,609,6,3355,1,60
1525,356,2,610,5,3360,1,50
1526,356,2,611,9,3369,1,90
1527,356,2,612,8,3377,1,80
1528,356,2,613,8,3385,1,80
1529,356,2,614,5,3390,1,50
1530,356,2,615,4,3394,1,40
1531,356,2,616,4,3398,1,40
1532,356,2,617,4,3402,1,40
1533,356,2,618,6,3408,1,60
1534,356,2,619,4,3412,1,40
1535,356,2,620,4,3416,1,40
1536,356,2,621,4,3420,1,40
1537,356,2,622,7,3427,1,70
1538,356,2,623,9,3436,1,90
1539,356,2,624,2,3438,1,20
1540,356,2,625,5,3443,1,50
1541,356,2,626,9,3452,1,90
1542,356,2,627,6,3458,1,60
1543,356,2,628,3,3461,1,30
1544,356,2,629,9,3470,1,90
1545,356,2,630,8,3478,3195,80
1546,356,2,631,3,3481,1,30
1547,356,2,632,3,3484,1,30
1548,356,2,633,4,3488,1,40
1549,356,2,634,7,3495,1,70
1550,356,2,635,4,3499,1,40
1551,356,2,636,6,3505,1,60
1552,356,2,637,7,3512,1,70
1553,356,2,638,5,3517,1,50
1554,356,2,639,3,3520,1,30
1555,356,2,640,4,3524,1,40
1556,356,2,641,5,3529,1,50
1557,356,2,642,2,3531,1,20
1558,356,2,643,8,3539,1,80
1559,356,2,644,5,3544,1476,50
1560,356,2,645,7,3551,1,70
1561,356,2,646,9,3560,1,90
1562,356,2,647,4,3564,1,40
1563,356,2,648,2,3566,1,20
1564,356,2,649,9,3575,1,90
1565,356,2,650,9,3584,1,90
1566,356,2,651,3,3587,1,30
1567,356,2,652,3,3590,1,30
1568,356,2,653,4,3594,1,40
1569,356,2,654,3,3597,1,30
1570,356,2,655,2,3599,1,20
1571,356,2,656,8,3607,1,80
1572,356,2,657,9,3616,1,90
1573,356,2,658,4,3620,1,40
1574,356,2,659,3,3623,1,30
1575,356,2,660,8,3631,1,80
1576,356,2,661,7,3638,1,70
1577,356,2,662,5,3643,1,50
1578,356,2,663,8,3651,1,80
1579,356,2,664,7,3658,1,70
1580,356,2,665,4,3662,1,40
1581,356,2,666,8,3670,1,80
1582,356,2,667,4,3674,1,40
1583,356,2,668,7,3681,1,70
1584,356,2,669,7,3688,1,70
1585,356,2,670,7,3695,1,70
1586,356,2,671,4,3699,1,40
1587,356,2,672,4,3703,1,40
1588,356,2,673,7,3710,1,70
1589,356,2,674,6,3716,1,60
1590,356,2,675,7,3723,1,70
1591,356,2,676,4,3727,1,40
1592,356,2,677,2,3729,1,20
1593,356,2,678,5,3734,1,50
1594,356,2,679,6,3740,1,60
1595,356,2,680,5,3745,1,50
1596,356,2,681,8,3753,1,80
1597,356,2,682,8,3761,1,80
1598,356,2,683,5,3766,1,50
1599,356,2,684,4,3770,2005,40
1600,356,2,685,2,3772,1,20
1601,356,2,686,8,3780,1,80
1602,356,2,687,5,3785,1,50
1603,356,2,688,8,3793,1,80
1604,356,2,689,8,3801,1,80
1605,356,2,690,7,3808,1,70
1606,356,2,691,2,3810,1,20
1607,356,2,692,6,3816,1,60
1608,356,2,693,7,3823,1,70
1609,356,2,694,7,3830,1,70
1610,356,2,695,8,3838,1,80
1611,356,2,696,6,3844,1,60
1612,356,2,697,2,3846,1,20
1613,356,2,698,5,3851,1,50
1614,356,2,699,2,3853,1,20
1615,356,2,700,3,3856,1124,30
1616,356,2,701,7,3863,373,70
1617,356,2,702,4,3867,1,40
1618,356,2,703,9,3876,1,90
1619,356,2,704,7,3883,1,70
1620,356,2,705,7,3890,1,70
1621,356,2,706,5,3895,1,50
1622,356,2,707,5,3900,1,50
1623,356,2,708,9,3909,1,90
1624,356,2,709,7,3916,1,70
1625,356,2,710,3,3919,1,30
1626,356,2,711,4,3923,1,40
1627,356,2,712,7,3930,1,70
1628,356,2,713,2,3932,1,20
1629,356,2,714,4,3936,1,40
1630,356,2,715,9,3945,1,90
1631,356,2,716,4,3949,1,40
1632,356,2,717,6,3955,1,60
1633,356,2,718,6,3961,1,60
1634,356,2,719,2,3963,1,20
1635,356,2,720,4,3967,1,40
1636,356,2,721,9,3976,1,90
1637,356,2,722,5,3981,1,50
1638,356,2,723,5,3986,1,50
1639,356,2,724,6,3992,1,60
1640,356,2,725,7,3999,1,70
1641,356,2,726,3,4002,1,30
1642,356,2,727,4,4006,1,40
1643,356,2,728,5,4011,1,50
1644,356,2,729,6,4017,1,60
1645,356,2,730,7,4024,1237,70
1646,356,2,731,8,4032,1,80
1647,356,2,732,4,4036,1,40
1648,356,2,733,9,4045,1,90
1649,356,2,734,3,4048,1,30
1650,356,2,735,2,4050,1,20
1651,356,2,736,9,4059,1,90
1652,356,2,737,7,4066,1,70
1653,356,2,738,7,4073,1,70
1654,356,2,739,7,4080,1,70
1655,356,2,740,7,4087,1,70
1656,356,2,741,5,4092,1,50
1657,356,2,742,2,4094,1,20
1658,356,2,743,5,4099,1,50
1659,356,2,744,5,4104,1,50
1660,356,2,745,9,4113,1,90
1661,356,2,746,4,4117,1,40
1662,356,2,747,9,4126,1,90
1663,356,2,748,9,4135,1,90
1664,356,2,749,6,4141,1,60
1665,356,2,750,7,4148,1,70
1666,356,2,751,4,4152,1,40
1667,356,2,752,7,4159,1,70
1668,356,2,753,9,4168,1,90
1669,356,2,754,2,4170,1,20
1670,356,2,755,2,4172,1,20
1671,356,2,756,7,4179,1,70
1672,356,2,757,6,4185,1,60
1673,356,2,758,2,4187,1,20
1674,356,2,759,4,4191,1,40
1675,356,2,760,3,4194,1510,30
1676,356,2,761,8,4202,1,80
1677,356,2,762,2,4204,1,20
1678,356,2,763,3,4207,1,30
1679,356,2,764,2,4209,1,20
1680,356,2,765,6,4215,1,60
1681,356,2,766,3,4218,1,30
1682,356,2,767,4,4222,1,40
1683,356,2,768,6,4228,659,60
1684,356,2,769,5,4233,1,50
1685,356,2,770,9,4242,1,90
1686,356,2,771,5,4247,1,50
1687,356,2,772,2,4249,1,20
1688,356,2,773,3,4252,1,30
1689,356,2,774,3,4255,1,30
1690,356,2,775,8,4263,1,80
1691,356,2,776,7,4270,1,70
1692,356,2,777,3,4273,1,30
1693,356,2,778,9,4282,1,90
1694,356,2,779,4,4286,1,40
1695,356,2,780,8,4294,1,80
1696,356,2,781,6,4300,1,60
1697,356,2,782,5,4305,1,50
1698,356,2,783,6,4311,1,60
1699,356,2,784,9,4320,1,90
1700,356,2,785,3,4323,1,30
1701,356,2,786,7,4330,1,70
1702,356,2,787,4,4334,1,40
1703,356,2,788,9,4343,1,90
1704,356,2,789,9,4352,1,90
1705,356,2,790,2,4354,1,20
1706,356,2,791,5,4359,1,50
1707,356,2,792,3,4362,1,30
1708,356,2,793,4,4366,1,40
1709,356,2,794,6,4372,1,60
1710,356,2,795,2,4374,1,20
1711,356,2,796,4,4378,1,40
1712,356,2,797,8,4386,1,80
1713,356,2,798,2,4388,1,20
1714,356,2,799,8,4396,1,80
1715,356,2,800,9,4405,1,90
1716,356,2,801,9,4414,1,90
1717,356,2,802,5,4419,1,50
1718,356,2,803,7,4426,1,70
1719,356,2,804,2,4428,1,20
1720,356,2,805,4,4432,1,40
1721,356,2,806,9,4441,1,90
1722,356,2,807,3,4444,1,30
1723,356,2,808,3,4447,1,30
1724,356,2,809,6,4453,1,60
1725,356,2,810,2,4455,1,20
1726,356,2,811,4,4459,1,40
1727,356,2,812,7,4466,1,70
1728,356,2,813,2,4468,1,20
1729,356,2,814,2,4470,1,20
1730,356,2,815,4,4474,1,40
1731,356,2,816,3,4477,1,30
1732,356,2,817,7,4484,1,70
1733,356,2,818,6,4490,1,60
1734,356,2,819,5,4495,1,50
1735,356,2,820,9,4504,1,90
1736,356,2,821,8,4512,1,80
1737,356,2,822,3,4515,1,30
1738,356,2,823,6,4521,1,60
1739,356,2,824,3,4524,1,30
1740,356,2,825,9,4533,1,90
1741,356,2,826,8,4541,1,80
1742,356,2,827,3,4544,2463,30
1743,356,2,828,4,4548,1,40
1744,356,2,829,9,4557,1,90
1745,356,2,830,7,4564,1,70
1746,356,2,831,3,4567,1,30
1747,356,2,832,7,4574,1,70
1748,356,2,833,9,4583,1,90
1749,356,2,834,7,4590,1,70
1750,356,2,835,7,4597,1,70
1751,356,2,836,3,4600,1,30
1752,356,2,837,5,4605,1,50
1753,356,2,838,9,4614,1,90
1754,356,2,839,6,4620,1,60
1755,356,2,840,5,4625,1,50
1756,356,2,841,7,4632,1,70
1757,356,2,842,5,4637,1291,50
1758,356,2,843,2,4639,1,20
1759,356,2,844,8,4647,1,80
1760,356,2,845,8,4655,1,80
1761,356,2,846,8,4663,1,80
1762,356,2,847,2,4665,1,20
1763,356,2,848,8,4673,1,80
1764,356,2,849,2,4675,1,20
1765,356,2,850,7,4682,1,70
1766,356,2,851,4,4686,1,40
1767,356,2,852,8,4694,1,80
1768,356,2,853,7,4701,1,70
1769,356,2,854,3,4704,1,30
1770,356,2,855,9,4713,1,90
1771,356,2,856,7,4720,1,70
1772,356,2,857,9,4729,1086,90
1773,356,2,858,7,4736,375,70
1774,356,2,859,5,4741,1,50
1775,356,2,860,2,4743,1,20
1776,356,2,861,5,4748,1,50
1777,356,2,862,8,4756,1,80
1778,356,2,863,2,4758,1,20
1779,356,2,864,4,4762,1,40
1780,356,2,865,6,4768,364,60
1781,356,2,866,2,4770,1,20
1782,356,2,867,7,4777,1,70
1783,356,2,868,4,4781,1,40
1784,356,2,869,4,4785,192,40
1785,356,2,870,6,4791,111,60
1786,356,2,871,9,4800,1,90
1787,356,2,872,6,4806,1,60
1788,356,2,873,9,4815,1,90
1789,356,2,874,9,4824,1,90
1790,356,2,875,9,4833,1,90
1791,356,2,876,8,4841,355,80
1792,356,2,877,7,4848,1,70
1793,356,2,878,3,4851,1,30
1794,356,2,879,3,4854,1,30
1795,356,2,880,3,4857,1,30
1796,356,2,881,3,4860,1,30
1797,356,2,882,4,4864,1,40
1798,356,2,883,7,4871,300,70
1799,356,2,884,7,4878,1,70
1800,356,2,885,8,4886,1,80
1801,356,2,886,3,4889,1,30
1802,356,2,887,7,4896,1,70
1803,356,2,888,5,4901,1,50
1804,356,2,889,9,4910,1,90
1805,356,2,890,2,4912,1,20
1806,356,2,891,8,4920,1,80
1807,356,2,892,7,4927,1,70
1808,356,2,893,5,4932,1,50
1809,356,2,894,2,4934,1,20
1810,356,2,895,9,4943,1,90
1811,356,2,896,7,4950,1,70
1812,356,2,897,2,4952,1,20
1813,356,2,898,5,4957,1,50
1814,356,2,899,4,4961,1,40
1815,356,2,900,7,4968,1,70
1816,356,2,901,3,4971,1,30
1817,356,2,902,9,4980,1,90
1818,356,2,903,4,4984,1,40
1819,356,2,904,6,4990,1,60
1820,356,2,905,4,4994,1,40
1821,356,3,1,3,3,1,30
1822,356,3,2,9,12,1,90
1823,356,3,3,5,17,1,50
1824,356,3,4,6,23,1,60
1825,356,3,5,6,29,1,60
1826,356,3,6,8,37,1,80
1827,356,3,7,2,39,1,20
1828,356,3,8,8,47,1,80
1829,356,3,9,7,54,1,70
1830,356,3,10,7,61,426,70
1831,356,3,11,5,66,157,50
1832,356,3,12,2,68,1,20
1833,356,3,13,8,76,1,80
1834,356,3,14,2,78,1,20
1835,356,3,15,4,82,1,40
1836,356,3,16,7,89,1,70
1837,356,3,17,8,97,1,80
1838,356,3,18,8,105,1,80
1839,356,3,19,6,111,1,60
1840,356,3,20,6,117,1,60
1841,356,3,21,6,123,1,60
1842,356,3,22,3,126,481,30
1843,356,3,23,8,134,193,80
1844,356,3,24,3,137,1,30
1845,356,3,25,7,144,1,70
1846,356,3,26,9,153,1,90
1847,356,3,27,9,162,1,90
1848,356,3,28,2,164,1,20
1849,356,3,29,3,167,1,30
1850,356,3,30,4,171,1,40
1851,356,3,31,5,176,1,50
1852,356,3,32,4,180,1,40
1853,356,3,33,2,182,1,20
1854,356,3,34,8,190,438,80
1855,356,3,35,2,192,1,20
1856,356,3,36,7,199,1,70
1857,356,3,37,6,205,1,60
1858,356,3,38,8,213,1,80
1859,356,3,39,5,218,1,50
1860,356,3,40,6,224,1,60
1861,356,3,41,6,230,1,60
1862,356,3,42,2,232,1,20
1863,356,3,43,5,237,1,50
1864,356,3,44,2,239,1,20
1865,356,3,45,9,248,1,90
1866,356,3,46,8,256,1,80
1867,356,3,47,6,262,1,60
1868,356,3,48,6,268,1,60
1869,356,3,49,6,274,1,60
1870,356,3,50,9,283,1,90
1871,356,3,51,2,285,1,20
1872,356,3,52,3,288,1,30
1873,356,3,53,8,296,1,80
1874,356,3,54,4,300,1,40
1875,356,3,55,8,308,1,80
1876,356,3,56,2,310,1,20
1877,356,3,57,9,319,1,90
1878,356,3,58,6,325,1,60
1879,356,3,59,4,329,1,40
1880,356,3,60,6,335,1106,60
1881,356,3,61,9,344,1,90
1882,356,3,62,6,350,1,60
1883,356,3,63,6,356,1,60
1884,356,3,64,5,361,1,50
1885,356,3,65,9,370,1,90
1886,356,3,66,3,373,1,30
1887,356,3,67,5,378,1,50
1888,356,3,68,6,384,1,60
1889,356,3,69,9,393,696,90
1890,356,3,70,4,397,249,40
1891,356,3,71,9,406,1,90
1892,356,3,72,4,410,1,40
1893,356,3,73,2,412,1,20
1894,356,3,74,3,415,1,30
1895,356,3,75,5,420,1,50
1896,356,3,76,6,426,1,60
1897,356,3,77,7,433,1,70
1898,356,3,78,6,439,1,60
1899,356,3,79,4,443,1,40
1900,356,3,80,7,450,1,70
1901,356,3,81,8,458,1,80
1902,356,3,82,9,467,1,90
1903,356,3,83,6,473,1,60
1904,356,3,84,7,480,1,70
1905,356,3,85,5,485,1,50
1906,356,3,86,3,488,1,30
1907,356,3,87,4,492,750,40
1908,356,3,88,6,498,1,60
1909,356,3,89,8,506,1,80
1910,356,3,90,6,512,1,60
1911,356,3,91,6,518,1,60
1912,356,3,92,8,526,1,80
1913,356,3,93,9,535,1,90
1914,356,3,94,6,541,1,60
1915,356,3,95,7,548,1,70
1916,356,3,96,2,550,1,20
1917,356,3,97,6,556,1,60
1918,356,3,98,3,559,1,30
1919,356,3,99,9,568,788,90
1920,356,3,100,2,570,1,20
1921,356,3,101,8,578,1,80
1922,356,3,102,4,582,1,40
1923,356,3,103,4,586,1,40
1924,356,3,104,7,593,1,70
1925,356,3,105,9,602,1,90
1926,356,3,106,2,604,462,20
1927,356,3,107,4,608,1,40
1928,356,3,108,5,613,1,50
1929,356,3,109,7,620,259,70
1930,356,3,110,9,629,1,90
1931,356,3,111,4,633,1,40
1932,356,3,112,3,636,1,30
1933,356,3,113,5,641,1,50
1934,356,3,114,5,646,1,50
1935,356,3,115,9,655,1,90
1936,356,3,116,6,661,1,60
1937,356,3,117,9,670,1,90
1938,356,3,118,2,672,1,20
1939,356,3,119,6,678,1,60
1940,356,3,120,2,680,1,20
1941,356,3,121,3,683,1,30
1942,356,3,122,3,686,1,30
1943,356,3,123,6,692,1,60
1944,356,3,124,5,697,1,50
1945,356,3,125,4,701,1,40
1946,356,3,126,7,708,1,70
1947,356,3,127,4,712,1,40
1948,356,3,128,7,719,746,70
1949,356,3,129,3,722,1,30
1950,356,3,130,9,731,1,90
1951,356,3,131,3,734,1,30
1952,356,3,132,8,742,1,80
1953,356,3,133,4,746,1,40
1954,356,3,134,7,753,1,70
1955,356,3,135,9,762,1,90
1956,356,3,136,3,765,1,30
1957,356,3,137,9,774,1,90
1958,356,3,138,3,777,1,30
1959,356,3,139,5,782,1,50
1960,356,3,140,7,789,1,70
1961,356,3,141,6,795,1,60
1962,356,3,142,7,802,1,70
1963,356,3,143,5,807,1,50
1964,356,3,144,9,816,1,90
1965,356,3,145,5,821,880,50
1966,356,3,146,5,826,1,50
1967,356,3,147,5,831,1,50
1968,356,3,148,4,835,357,40
1969,356,3,149,2,837,1,20
1970,356,3,150,9,846,1,90
1971,356,3,151,5,851,1,50
1972,356,3,152,8,859,1,80
1973,356,3,153,9,868,1,90
1974,356,3,154,3,871,1,30
1975,356,3,155,5,876,1,50
1976,356,3,156,2,878,1,20
1977,356,3,157,3,881,1,30
1978,356,3,158,3,884,1,30
1979,356,3,159,4,888,1,40
1980,356,3,160,8,896,1,80
1981,356,3,161,8,904,1,80
1982,356,3,162,5,909,1,50
1983,356,3,163,2,911,1,20
1984,356,3,164,6,917,1,60
1985,356,3,165,9,926,1,90
1986,356,3,166,3,929,819,30
1987,356,3,167,4,933,1,40
1988,356,3,168,8,941,1,80
1989,356,3,169,4,945,1,40
1990,356,3,170,2,947,1,20
1991,356,3,171,6,953,1,60
1992,356,3,172,3,956,1,30
1993,356,3,173,8,964,1,80
1994,356,3,174,3,967,1,30
1995,356,3,175,2,969,1,20
1996,356,3,176,9,978,1,90
1997,356,3,177,6,984,1,60
1998,356,3,178,9,993,1,90
1999,356,3,179,9,1002,1,90
2000,356,3,180,6,1008,1,60
2001,356,3,181,6,1014,1,60
2002,356,3,182,7,1021,1,70
2003,356,3,183,9,1030,1,90
2004,356,3,184,2,1032,1,20
2005,356,3,185,2,1034,1,20
2006,356,3,186,7,1041,1,70
2007,356,3,187,7,1048,1,70
2008,356,3,188,2,1050,1,20
2009,356,3,189,8,1058,1,80
2010,356,3,190,7,1065,1,70
2011,356,3,191,3,1068,1,30
2012,356,3,192,3,1071,1,30
2013,356,3,193,5,1076,1,50
2014,356,3,194,2,1078,1,20
2015,356,3,195,6,1084,1,60
2016,356,3,196,3,1087,1,30
2017,356,3,197,9,1096,1,90
2018,356,3,198,2,1098,1,20
2019,356,3,199,6,1104,1,60
2020,356,3,200,6,1110,1,60
2021,356,3,201,6,1116,1,60
2022,356,3,202,5,1121,1,50
2023,356,3,203,4,1125,1,40
2024,356,3,204,3,1128,1,30
2025,356,3,205,2,1130,1,20
2026,356,3,206,3,1133,1,30
2027,356,3,207,9,1142,1,90
2028,356,3,208,7,1149,1,70
2029,356,3,209,5,1154,1,50
2030,356,3,210,9,1163,1,90
2031,356,3,211,8,1171,1,80
2032,356,3,212,3,1174,1,30
2033,356,3,213,5,1179,1,50
2034,356,3,214,9,1188,1,90
2035,356,3,215,7,1195,1,70
2036,356,3,216,6,1201,1,60
2037,356,3,217,3,1204,1,30
2038,356,3,218,3,1207,1,30
2039,356,3,219,5,1212,1,50
2040,356,3,220,2,1214,1,20
2041,356,3,221,8,1222,1,80
2042,356,3,222,9,1231,2381,90
2043,356,3,223,8,1239,1,80
2044,356,3,224,5,1244,824,50
2045,356,3,225,2,1246,1,20
2046,356,3,226,4,1250,1,40
2047,356,3,227,4,1254,1,40
2048,356,3,228,4,1258,1,40
2049,356,3,229,7,1265,1,70
2050,356,3,230,9,1274,1,90
2051,356,3,231,7,1281,1,70
2052,356,3,232,4,1285,1,40
2053,356,3,233,6,1291,1,60
2054,356,3,234,9,1300,1,90
2055,356,3,235,2,1302,1,20
2056,356,3,236,8,1310,1,80
2057,356,3,237,4,1314,709,40
2058,356,3,238,6,1320,1,60
2059,356,3,239,7,1327,1,70
2060,356,3,240,8,1335,1,80
2061,356,3,241,6,1341,387,60
2062,356,3,242,5,1346,1,50
2063,356,3,243,6,1352,1,60
2064,356,3,244,4,1356,1,40
2065,356,3,245,6,1362,1,60
2066,356,3,246,9,1371,1,90
2067,356,3,247,9,1380,1,90
2068,356,3,248,2,1382,1,20
2069,356,3,249,9,1391,1,90
2070,356,3,250,4,1395,1,40
2071,356,3,251,8,1403,1,80
2072,356,3,252,7,1410,1,70
2073,356,3,253,2,1412,1,20
2074,356,3,254,7,1419,1,70
2075,356,3,255,7,1426,1,70
2076,356,3,256,3,1429,1,30
2077,356,3,257,4,1433,1,40
2078,356,3,258,9,1442,821,90
2079,356,3,259,7,1449,1,70
2080,356,3,260,4,1453,1,40
2081,356,3,261,2,1455,1,20
2082,356,3,262,9,1464,1,90
2083,356,3,263,7,1471,1,70
2084,356,3,264,4,1475,1,40
2085,356,3,265,9,1484,1,90
2086,356,3,266,2,1486,1,20
2087,356,3,267,9,1495,1,90
2088,356,3,268,5,1500,1,50
2089,356,3,269,8,1508,1,80
2090,356,3,270,8,1516,1,80
2091,356,3,271,2,1518,1,20
2092,356,3,272,2,1520,1,20
2093,356,3,273,4,1524,1,40
2094,356,3,274,2,1526,1,20
2095,356,3,275,7,1533,1,70
2096,356,3,276,6,1539,1,60
2097,356,3,277,6,1545,1,60
2098,356,3,278,6,1551,1,60
2099,356,3,279,7,1558,1,70
2100,356,3,280,5,1563,1,50
2101,356,3,281,6,1569,1,60
2102,356,3,282,4,1573,1,40
2103,356,3,283,2,1575,1,20
2104,356,3,284,6,1581,1,60
2105,356,3,285,9,1590,1,90
2106,356,3,286,4,1594,1,40
2107,356,3,287,2,1596,1,20
2108,356,3,288,6,1602,1,60
2109,356,3,289,7,1609,1,70
2110,356,3,290,3,1612,1,30
2111,356,3,291,4,1616,1,40
2112,356,3,292,8,1624,1,80
2113,356,3,293,8,1632,1,80
2114,356,3,294,6,1638,1,60
2115,356,3,295,4,1642,1,40
2116,356,3,296,5,1647,1,50
2117,356,3,297,6,1653,1654,60
2118,356,3,298,2,1655,520,20
2119,356,3,299,9,1664,1,90
2120,356,3,300,4,1668,1,40
2121,356,3,301,3,1671,1,30
2122,356,3,302,7,1678,1,70
2123,356,3,303,4,1682,1,40
2124,356,3,304,5,1687,1,50
2125,356,3,305,6,1693,1,60
2126,356,3,306,7,1700,1,70
2127,356,3,307,3,1703,1,30
2128,356,3,308,5,1708,1,50
2129,356,3,309,2,1710,1,20
2130,356,3,310,9,1719,1,90
2131,356,3,311,3,1722,1,30
2132,356,3,312,5,1727,1,50
2133,356,3,313,2,1729,1,20
2134,356,3,314,6,1735,1,60
2135,356,3,315,9,1744,1,90
2136,356,3,316,3,1747,1,30
2137,356,3,317,5,1752,1,50
2138,356,3,318,4,1756,1,40
2139,356,3,319,9,1765,1,90
2140,356,3,320,7,1772,1,70
2141,356,3,321,5,1777,1,50
2142,356,3,322,8,1785,1,80
2143,356,3,323,4,1789,1,40
2144,356,3,324,4,1793,1,40
2145,356,3,325,6,1799,1,60
2146,356,3,326,9,1808,1,90
2147,356,3,327,9,1817,1,90
2148,356,3,328,3,1820,1,30
2149,356,3,329,7,1827,1,70
2150,356,3,330,3,1830,1,30
2151,356,3,331,9,1839,1,90
2152,356,3,332,5,1844,1,50
2153,356,3,333,7,1851,1,70
2154,356,3,334,6,1857,1,60
2155,356,3,335,5,1862,1,50
2156,356,3,336,8,1870,1,80
2157,356,3,337,9,1879,1,90
2158,356,3,338,8,1887,1,80
2159,356,3,339,7,1894,1,70
2160,356,3,340,8,1902,1,80
2161,356,3,341,6,1908,1,60
2162,356,3,342,7,1915,1,70
2163,356,3,343,9,1924,1,90
2164,356,3,344,6,1930,1,60
2165,356,3,345,9,1939,1,90
2166,356,3,346,8,1947,1,80
2167,356,3,347,8,1955,2189,80
2168,356,3,348,8,1963,1,80
2169,356,3,349,6,1969,1,60
2170,356,3,350,8,1977,1,80
2171,356,3,351,5,1982,1,50
2172,356,3,352,4,1986,1,40
2173,356,3,353,4,1990,1,40
2174,356,3,354,5,1995,1,50
2175,356,3,355,2,1997,1001,20
2176,356,3,356,6,2003,1,60
2177,356,3,357,6,2009,1,60
2178,356,3,358,3,2012,1,30
2179,356,3,359,3,2015,1,30
2180,356,3,360,4,2019,1,40
2181,356,3,361,7,2026,1,70
2182,356,3,362,3,2029,1,30
2183,356,3,363,5,2034,1,50
2184,356,3,364,9,2043,1,90
2185,356,3,365,4,2047,1,40
2186,356,3,366,6,2053,1,60
2187,356,3,367,7,2060,1,70
2188,356,3,368,7,2067,1,70
2189,356,3,369,8,2075,1,80
2190,356,3,370,8,2083,1,80
2191,356,3,371,3,2086,1,30
2192,356,3,372,2,2088,1,20
2193,356,3,373,9,2097,1,90
2194,356,3,374,4,2101,1,40
2195,356,3,375,2,2103,1,20
2196,356,3,376,3,2106,1,30
2197,356,3,377,4,2110,1,40
2198,356,3,378,3,2113,1,30
2199,356,3,379,6,2119,1,60
2200,356,3,380,5,2124,1,50
2201,356,3,381,3,2127,1,30
2202,356,3,382,8,2135,1,80
2203,356,3,383,3,2138,1,30
2204,356,3,384,4,2142,1,40
2205,356,3,385,8,2150,1364,80
2206,356,3,386,7,2157,1,70
2207,356,3,387,2,2159,1,20
2208,356,3,388,3,2162,1,30
2209,356,3,389,5,2167,1,50
2210,356,3,390,7,2174,1,70
2211,356,3,391,2,2176,1,20
2212,356,3,392,4,2180,1,40
2213,356,3,393,5,2185,1,50
2214,356,3,394,9,2194,1,90
2215,356,3,395,6,2200,1,60
2216,356,3,396,5,2205,1,50
2217,356,3,397,3,2208,1,30
2218,356,3,398,2,2210,808,20
2219,356,3,399,2,2212,1,20
2220,356,3,400,2,2214,1,20
2221,356,3,401,2,2216,1,20
2222,356,3,402,3,2219,1,30
2223,356,3,403,8,2227,1,80
2224,356,3,404,7,2234,1,70
2225,356,3,405,4,2238,1,40
2226,356,3,406,6,2244,1,60
2227,356,3,407,5,2249,1,50
2228,356,3,408,8,2257,1,80
2229,356,3,409,5,2262,583,50
2230,356,3,410,3,2265,1,30
2231,356,3,411,9,2274,1,90
2232,356,3,412,4,2278,1,40
2233,356,3,413,6,2284,1,60
2234,356,3,414,4,2288,1,40
2235,356,3,415,7,2295,1,70
2236,356,3,416,7,2302,1,70
2237,356,3,417,5,2307,1,50
2238,356,3,418,5,2312,1,50
2239,356,3,419,5,2317,1,50
2240,356,3,420,2,2319,1,20
2241,356,3,421,4,2323,1,40
2242,356,3,422,7,2330,1,70
2243,356,3,423,5,2335,1,50
2244,356,3,424,9,2344,1,90
2245,356,3,425,5,2349,1,50
2246,356,3,426,6,2355,1,60
2247,356,3,427,5,2360,1,50
2248,356,3,428,4,2364,1,40
2249,356,3,429,4,2368,1,40
2250,356,3,430,8,2376,979,80
2251,356,3,431,2,2378,1,20
2252,356,3,432,4,2382,1,40
2253,356,3,433,4,2386,1,40
2254,356,3,434,9,2395,1,90
2255,356,3,435,6,2401,1,60
2256,356,3,436,5,2406,1,50
2257,356,3,437,8,2414,1,80
2258,356,3,438,3,2417,1,30
2259,356,3,439,2,2419,1,20
2260,356,3,440,2,2421,1,20
2261,356,3,441,8,2429,612,80
2262,356,3,442,9,2438,1,90
2263,356,3,443,4,2442,1,40
2264,356,3,444,5,2447,1,50
2265,356,3,445,3,2450,1,30
2266,356,3,446,5,2455,1,50
2267,356,3,447,3,2458,1,30
2268,356,3,448,6,2464,1,60
2269,356,3,449,9,2473,1,90
2270,356,3,450,4,2477,1,40
2271,356,3,451,3,2480,1,30
2272,356,3,452,2,2482,1,20
2273,356,3,453,9,2491,1,90
2274,356,3,454,8,2499,1,80
2275,356,3,455,2,2501,1,20
2276,356,3,456,6,2507,1,60
2277,356,3,457,4,2511,1,40
2278,356,3,458,5,2516,1,50
2279,356,3,459,7,2523,1,70
2280,356,3,460,9,2532,1,90
2281,356,3,461,2,2534,1,20
2282,356,3,462,2,2536,1,20
2283,356,3,463,7,2543,1,70
2284,356,3,464,3,2546,1,30
2285,356,3,465,3,2549,1,30
2286,356,3,466,7,2556,1,70
2287,356,3,467,9,2565,1,90
2288,356,3,468,7,2572,1,70
2289,356,3,469,9,2581,1,90
2290,356,3,470,2,2583,1,20
2291,356,3,471,8,2591,1,80
2292,356,3,472,7,2598,1,70
2293,356,3,473,8,2606,1,80
2294,356,3,474,4,2610,1,40
2295,356,3,475,5,2615,1,50
2296,356,3,476,4,2619,1,40
2297,356,3,477,9,2628,1,90
2298,356,3,478,4,2632,1,40
2299,356,3,479,9,2641,1,90
2300,356,3,480,8,2649,1,80
2301,356,3,481,4,2653,1,40
2302,356,3,482,8,2661,1,80
2303,356,3,483,4,2665,1837,40
2304,356,3,484,2,2667,1,20
2305,356,3,485,7,2674,1,70
2306,356,3,486,8,2682,1,80
2307,356,3,487,5,2687,1,50
2308,356,3,488,7,2694,1,70
2309,356,3,489,4,2698,1,40
2310,356,3,490,3,2701,1,30
2311,356,3,491,8,2709,1,80
2312,356,3,492,2,2711,1,20
2313,356,3,493,7,2718,1,70
2314,356,3,494,3,2721,1,30
2315,356,3,495,5,2726,1,50
2316,356,3,496,2,2728,1,20
2317,356,3,497,6,2734,1,60
2318,356,3,498,6,2740,1,60
2319,356,3,499,6,2746,1,60
2320,356,3,500,6,2752,1,60
2321,356,3,501,5,2757,1,50
2322,356,3,502,3,2760,1,30
2323,356,3,503,9,2769,1,90
2324,356,3,504,7,2776,1383,70
2325,356,3,505,8,2784,1,80
2326,356,3,506,3,2787,1,30
2327,356,3,507,6,2793,1,60
2328,356,3,508,8,2801,1,80
2329,356,3,509,3,2804,1,30
2330,356,3,510,9,2813,1,90
2331,356,3,511,2,2815,1,20
2332,356,3,512,6,2821,1,60
2333,356,3,513,2,2823,1,20
2334,356,3,514,8,2831,1,80
2335,356,3,515,3,2834,1,30
2336,356,3,516,4,2838,1,40
2337,356,3,517,7,2845,1,70
2338,356,3,518,6,2851,1,60
2339,356,3,519,8,2859,1,80
2340,356,3,520,2,2861,1,20
2341,356,3,521,7,2868,1,70
2342,356,3,522,5,2873,1,50
2343,356,3,523,9,2882,1,90
2344,356,3,524,7,2889,1,70
2345,356,3,525,2,2891,1,20
2346,356,3,526,5,2896,1,50
2347,356,3,527,6,2902,1,60
2348,356,3,528,8,2910,1,80
2349,356,3,529,6,2916,1,60
2350,356,3,530,6,2922,1,60
2351,356,3,531,7,2929,1,70
2352,356,3,532,8,2937,1,80
2353,356,3,533,7,2944,1,70
2354,356,3,534,4,2948,1674,40
2355,356,3,535,9,2957,1,90
2356,356,3,536,7,2964,1,70
2357,356,3,537,6,2970,1,60
2358,356,3,538,4,2974,1,40
2359,356,3,539,4,2978,1,40
2360,356,3,540,7,2985,1,70
2361,356,3,541,8,2993,1,80
2362,356,3,542,2,2995,1,20
2363,356,3,543,7,3002,1,70
2364,356,3,544,8,3010,1,80
2365,356,3,545,4,3014,1,40
2366,356,3,546,3,3017,1,30
2367,356,3,547,3,3020,1,30
2368,356,3,548,8,3028,1035,80
2369,356,3,549,4,3032,1,40
2370,356,3,550,8,3040,1,80
2371,356,3,551,5,3045,1,50
2372,356,3,552,8,3053,1,80
2373,356,3,553,3,3056,1,30
2374,356,3,554,7,3063,553,70
2375,356,3,555,8,3071,1,80
2376,356,3,556,6,3077,1,60
2377,356,3,557,4,3081,1,40
2378,356,3,558,3,3084,1,30
2379,356,3,559,8,3092,1,80
2380,356,3,560,2,3094,1,20
2381,356,3,561,8,3102,1,80
2382,356,3,562,9,3111,1,90
2383,356,3,563,9,3120,581,90
2384,356,3,564,2,3122,1,20
2385,356,3,565,9,3131,1,90
2386,356,3,566,2,3133,1,20
2387,356,3,567,2,3135,1,20
2388,356,3,568,3,3138,1,30
2389,356,3,569,5,3143,1,50
2390,356,3,570,8,3151,1,80
2391,356,3,571,9,3160,1,90
2392,356,3,572,8,3168,1,80
2393,356,3,573,8,3176,1,80
2394,356,3,574,8,3184,1,80
2395,356,3,575,6,3190,1,60
2396,356,3,576,4,3194,1,40
2397,356,3,577,8,3202,1,80
2398,356,3,578,5,3207,1,50
2399,356,3,579,2,3209,1,20
2400,356,3,580,3,3212,1,30
2401,356,3,581,6,3218,1,60
2402,356,3,582,6,3224,1,60
2403,356,3,583,4,3228,1,40
2404,356,3,584,4,3232,1,40
2405,356,3,585,8,3240,1,80
2406,356,3,586,9,3249,1,90
2407,356,3,587,2,3251,1,20
2408,356,3,588,4,3255,1,40
2409,356,3,589,6,3261,1,60
2410,356,3,590,9,3270,1,90
2411,356,3,591,3,3273,1,30
2412,356,3,592,2,3275,1,20
2413,356,3,593,8,3283,1,80
2414,356,3,594,5,3288,1,50
2415,356,3,595,5,3293,1,50
2416,356,3,596,4,3297,1,40
2417,356,3,597,6,3303,1,60
2418,356,3,598,6,3309,1,60
2419,356,3,599,6,3315,1,60
2420,356,3,600,9,3324,1,90
2421,356,3,601,5,3329,1,50
2422,356,3,602,2,3331,1,20
2423,356,3,603,7,3338,1,70
2424,356,3,604,4,3342,1,40
2425,356,3,605,9,3351,1,90
2426,356,3,606,6,3357,1,60
2427,356,3,607,9,3366,1,90
2428,356,3,608,9,3375,1,90
2429,356,3,609,7,3382,1,70
2430,356,3,610,3,3385,1,30
2431,356,3,611,6,3391,1,60
2432,356,3,612,8,3399,1,80
2433,356,3,613,3,3402,1,30
2434,356,3,614,9,3411,1,90
2435,356,3,615,6,3417,1,60
2436,356,3,616,4,3421,2228,40
2437,356,3,617,8,3429,1,80
2438,356,3,618,2,3431,1,20
2439,356,3,619,5,3436,1,50
2440,356,3,620,4,3440,1,40
2441,356,3,621,6,3446,840,60
2442,356,3,622,3,3449,1,30
2443,356,3,623,9,3458,341,90
2444,356,3,624,6,3464,1,60
2445,356,3,625,4,3468,1,40
2446,356,3,626,3,3471,1,30
2447,356,3,627,2,3473,1,20
2448,356,3,628,9,3482,1,90
2449,356,3,629,8,3490,1,80
2450,356,3,630,9,3499,1,90
2451,356,3,631,3,3502,1,30
2452,356,3,632,2,3504,1,20
2453,356,3,633,6,3510,1,60
2454,356,3,634,8,3518,1,80
2455,356,3,635,2,3520,1,20
2456,356,3,636,4,3524,1,40
2457,356,3,637,6,3530,1,60
2458,356,3,638,7,3537,1,70
2459,356,3,639,7,3544,1,70
2460,356,3,640,8,3552,1,80
2461,356,3,641,2,3554,1,20
2462,356,3,642,3,3557,1,30
2463,356,3,643,6,3563,1,60
2464,356,3,644,4,3567,1,40
2465,356,3,645,8,3575,1,80
2466,356,3,646,5,3580,1,50
2467,356,3,647,5,3585,1,50
2468,356,3,648,7,3592,1,70
2469,356,3,649,7,3599,1,70
2470,356,3,650,3,3602,1,30
2471,356,3,651,2,3604,1,20
2472,356,3,652,2,3606,1,20
2473,356,3,653,6,3612,1,60
2474,356,3,654,5,3617,1,50
2475,356,3,655,7,3624,1,70
2476,356,3,656,8,3632,1,80
2477,356,3,657,7,3639,1,70
2478,356,3,658,2,3641,1,20
2479,356,3,659,9,3650,1,90
2480,356,3,660,3,3653,1,30
2481,356,3,661,9,3662,1,90
2482,356,3,662,8,3670,1,80
2483,356,3,663,5,3675,1557,50
2484,356,3,664,6,3681,1,60
2485,356,3,665,6,3687,1,60
2486,356,3,666,3,3690,1,30
2487,356,3,667,7,3697,1,70
2488,356,3,668,7,3704,1,70
2489,356,3,669,7,3711,1,70
2490,356,3,670,2,3713,1,20
2491,356,3,671,3,3716,1,30
2492,356,3,672,3,3719,1,30
2493,356,3,673,7,3726,1,70
2494,356,3,674,2,3728,1,20
2495,356,3,675,7,3735,1,70
2496,356,3,676,5,3740,1,50
2497,356,3,677,6,3746,1,60
2498,356,3,678,7,3753,1,70
2499,356,3,679,8,3761,1,80
2500,356,3,680,6,3767,1,60
2501,356,3,681,2,3769,1,20
2502,356,3,682,7,3776,1,70
2503,356,3,683,6,3782,1,60
2504,356,3,684,4,3786,1,40
2505,356,3,685,4,3790,1,40
2506,356,3,686,3,3793,1,30
2507,356,3,687,3,3796,1,30
2508,356,3,688,4,3800,1,40
2509,356,3,689,9,3809,1,90
2510,356,3,690,4,3813,1,40
2511,356,3,691,4,3817,1,40
2512,356,3,692,2,3819,1,20
2513,356,3,693,2,3821,1,20
2514,356,3,694,9,3830,1,90
2515,356,3,695,2,3832,1,20
2516,356,3,696,3,3835,1,30
2517,356,3,697,7,3842,1,70
2518,356,3,698,8,3850,1,80
2519,356,3,699,4,3854,1,40
2520,356,3,700,7,3861,1,70
2521,356,3,701,2,3863,1,20
2522,356,3,702,8,3871,1,80
2523,356,3,703,6,3877,1,60
2524,356,3,704,7,3884,1,70
2525,356,3,705,6,3890,1,60
2526,356,3,706,3,3893,1,30
2527,356,3,707,8,3901,1,80
2528,356,3,708,6,3907,2111,60
2529,356,3,709,6,3913,1,60
2530,356,3,710,4,3917,1,40
2531,356,3,711,8,3925,1,80
2532,356,3,712,8,3933,1,80
2533,356,3,713,9,3942,1,90
2534,356,3,714,4,3946,881,40
2535,356,3,715,4,3950,1,40
2536,356,3,716,3,3953,1,30
2537,356,3,717,2,3955,1,20
2538,356,3,718,9,3964,1,90
2539,356,3,719,5,3969,1,50
2540,356,3,720,3,3972,1,30
2541,356,3,721,5,3977,1,50
2542,356,3,722,8,3985,1,80
2543,356,3,723,7,3992,1,70
2544,356,3,724,9,4001,1,90
2545,356,3,725,9,4010,1,90
2546,356,3,726,8,4018,1,80
2547,356,3,727,6,4024,1,60
2548,356,3,728,4,4028,1,40
2549,356,3,729,5,4033,1,50
2550,356,3,730,2,4035,1,20
2551,356,3,731,5,4040,1,50
2552,356,3,732,5,4045,1,50
2553,356,3,733,5,4050,1,50
2554,356,3,734,2,4052,1,20
2555,356,3,735,3,4055,1,30
2556,356,3,736,6,4061,1,60
2557,356,3,737,3,4064,1,30
2558,356,3,738,3,4067,1,30
2559,356,3,739,2,4069,1,20
2560,356,3,740,2,4071,1076,20
2561,356,3,741,5,4076,1,50
2562,356,3,742,5,4081,1,50
2563,356,3,743,8,4089,1,80
2564,356,3,744,5,4094,1,50
2565,356,3,745,3,4097,1,30
2566,356,3,746,5,4102,1,50
2567,356,3,747,4,4106,1,40
2568,356,3,748,4,4110,1,40
2569,356,3,749,9,4119,1,90
2570,356,3,750,4,4123,1,40
2571,356,3,751,8,4131,1,80
2572,356,3,752,8,4139,1,80
2573,356,3,753,3,4142,1,30
2574,356,3,754,8,4150,1,80
2575,356,3,755,5,4155,1,50
2576,356,3,756,4,4159,1,40
2577,356,3,757,3,4162,1,30
2578,356,3,758,7,4169,1,70
2579,356,3,759,3,4172,1,30
2580,356,3,760,8,4180,1,80
2581,356,3,761,8,4188,1,80
2582,356,3,762,8,4196,1,80
2583,356,3,763,7,4203,1,70
2584,356,3,764,9,4212,1,90
2585,356,3,765,4,4216,1,40
2586,356,3,766,2,4218,1,20
2587,356,3,767,7,4225,1,70
2588,356,3,768,3,4228,1,30
2589,356,3,769,8,4236,1,80
2590,356,3,770,6,4242,1,60
2591,356,3,771,4,4246,1,40
2592,356,3,772,6,4252,1,60
2593,356,3,773,5,4257,1658,50
2594,356,3,774,7,4264,1,70
2595,356,3,775,2,4266,1,20
2596,356,3,776,9,4275,1,90
2597,356,3,777,3,4278,1,30
2598,356,3,778,3,4281,1,30
2599,356,3,779,3,4284,1,30
2600,356,3,780,5,4289,1,50
2601,356,3,781,2,4291,1,20
2602,356,3,782,2,4293,1,20
2603,356,3,783,2,4295,1,20
2604,356,3,784,5,4300,1,50
2605,356,3,785,9,4309,1,90
2606,356,3,786,3,4312,1,30
2607,356,3,787,5,4317,1,50
2608,356,3,788,7,4324,1,70
2609,356,3,789,2,4326,935,20
2610,356,3,790,6,4332,1,60
2611,356,3,791,9,4341,1,90
2612,356,3,792,2,4343,1,20
2613,356,3,793,8,4351,478,80
2614,356,3,794,6,4357,1,60
2615,356,3,795,6,4363,1,60
2616,356,3,796,3,4366,1,30
2617,356,3,797,4,4370,1,40
2618,356,3,798,3,4373,1,30
2619,356,3,799,9,4382,1,90
2620,356,3,800,7,4389,1,70
2621,356,3,801,5,4394,1,50
2622,356,3,802,7,4401,1,70
2623,356,3,803,9,4410,1,90
2624,356,3,804,6,4416,1,60
2625,356,3,805,2,4418,1,20
2626,356,3,806,3,4421,1,30
2627,356,3,807,9,4430,1,90
2628,356,3,808,4,4434,1,40
2629,356,3,809,3,4437,1,30
2630,356,3,810,2,4439,1,20
2631,356,3,811,7,4446,1,70
2632,356,3,812,7,4453,1,70
2633,356,3,813,4,4457,1,40
2634,356,3,814,5,4462,1,50
2635,356,3,815,7,4469,1,70
2636,356,3,816,5,4474,1,50
2637,356,3,817,6,4480,1,60
2638,356,3,818,6,4486,1057,60
2639,356,3,819,3,4489,1,30
2640,356,3,820,4,4493,1,40
2641,356,3,821,7,4500,1,70
2642,356,3,822,6,4506,1,60
2643,356,3,823,9,4515,1,90
2644,356,3,824,3,4518,1,30
2645,356,3,825,9,4527,1,90
2646,356,3,826,4,4531,639,40
2647,356,3,827,5,4536,1,50
2648,356,3,828,5,4541,1,50
2649,356,3,829,2,4543,1,20
2650,356,3,830,7,4550,1,70
2651,356,3,831,4,4554,1,40
2652,356,3,832,2,4556,1,20
2653,356,3,833,3,4559,1,30
2654,356,3,834,2,4561,1,20
2655,356,3,835,7,4568,1,70
2656,356,3,836,8,4576,1,80
2657,356,3,837,6,4582,1,60
2658,356,3,838,7,4589,1,70
2659,356,3,839,5,4594,1,50
2660,356,3,840,9,4603,1,90
2661,356,3,841,9,4612,1,90
2662,356,3,842,9,4621,1,90
2663,356,3,843,7,4628,1,70
2664,356,3,844,2,4630,1,20
2665,356,3,845,9,4639,1,90
2666,356,3,846,7,4646,1,70
2667,356,3,847,3,4649,1,30
2668,356,3,848,3,4652,1,30
2669,356,3,849,4,4656,1,40
2670,356,3,850,6,4662,1,60
2671,356,3,851,5,4667,1,50
2672,356,3,852,3,4670,1,30
2673,356,3,853,9,4679,1,90
2674,356,3,854,4,4683,1265,40
2675,356,3,855,3,4686,1,30
2676,356,3,856,8,4694,1,80
2677,356,3,857,4,4698,1,40
2678,356,3,858,9,4707,1,90
2679,356,3,859,2,4709,1,20
2680,356,3,860,7,4716,1,70
2681,356,3,861,4,4720,1,40
2682,356,3,862,8,4728,1,80
2683,356,3,863,4,4732,1,40
2684,356,3,864,2,4734,1,20
2685,356,3,865,2,4736,1,20
2686,356,3,866,3,4739,1,30
2687,356,3,867,5,4744,1,50
2688,356,3,868,3,4747,1,30
2689,356,3,869,2,4749,1,20
2690,356,3,870,4,4753,1,40
2691,356,3,871,5,4758,1,50
2692,356,3,872,4,4762,1,40
2693,356,3,873,4,4766,1,40
2694,356,3,874,8,4774,1,80
2695,356,3,875,9,4783,1,90
2696,356,3,876,4,4787,1,40
2697,356,3,877,7,4794,1,70
2698,356,3,878,4,4798,1,40
2699,356,3,879,3,4801,1,30
2700,356,3,880,2,4803,1,20
2701,356,3,881,5,4808,1,50
2702,356,3,882,5,4813,1,50
2703,356,3,883,3,4816,1,30
2704,356,3,884,3,4819,1,30
2705,356,3,885,6,4825,1,60
2706,356,3,886,9,4834,1,90
2707,356,3,887,2,4836,1,20
2708,356,3,888,4,4840,1,40
2709,356,3,889,4,4844,1,40
2710,356,3,890,6,4850,1,60
2711,356,3,891,2,4852,1,20
2712,356,3,892,4,4856,1,40
2713,356,3,893,5,4861,1,50
2714,356,3,894,2,4863,1571,20
2715,356,3,895,8,4871,545,80
2716,356,3,896,4,4875,1,40
2717,356,3,897,8,4883,1,80
2718,356,3,898,5,4888,1,50
2719,356,3,899,9,4897,1,90
2720,356,3,900,7,4904,1,70
2721,356,3,901,5,4909,1,50
2722,356,3,902,4,4913,1,40
2723,356,3,903,7,4920,1,70
2724,356,3,904,8,4928,1,80
2725,356,3,905,7,4935,1,70
2726,356,3,906,7,4942,1,70
2727,356,3,907,6,4948,1,60
2728,356,3,908,9,4957,1,90
2729,356,3,909,2,4959,1,20
2730,356,3,910,8,4967,1,80
2731,356,3,911,7,4974,1,70
2732,356,3,912,9,4983,1,90
2733,356,3,913,2,4985,1,20
2734,356,3,914,3,4988,1,30
2735,356,3,915,6,4994,1,60
2736,356,3,916,4,4998,1,40
