,Scenario,Trial,Inspection,Interval,Time,Defects,Rate
0,209,1,1,2,2,17,20
1,209,1,2,2,4,16,20
2,209,1,3,8,12,79,80
3,209,1,4,8,20,76,80
4,209,1,5,8,28,1,80
5,209,1,6,4,32,1,40
6,209,1,7,3,35,145,30
7,209,1,8,2,37,23,20
8,209,1,9,4,41,40,40
9,209,1,10,9,50,79,90
10,209,1,11,8,58,76,80
11,209,1,12,2,60,1,20
12,209,1,13,9,69,132,90
13,209,1,14,6,75,67,60
14,209,1,15,4,79,1,40
15,209,1,16,6,85,106,60
16,209,1,17,9,94,91,90
17,209,1,18,7,101,65,70
18,209,1,19,2,103,1,20
19,209,1,20,7,110,69,70
20,209,1,21,8,118,1,80
21,209,1,22,7,125,143,70
22,209,1,23,6,131,1,60
23,209,1,24,3,134,1,30
24,209,1,25,4,138,1,40
25,209,1,26,2,140,1,20
26,209,1,27,8,148,213,80
27,209,1,28,8,156,88,80
28,209,1,29,7,163,1,70
29,209,1,30,2,165,1,20
30,209,1,31,4,169,111,40
31,209,1,32,4,173,50,40
32,209,1,33,3,176,1,30
33,209,1,34,5,181,1,50
34,209,1,35,5,186,1,50
35,209,1,36,9,195,222,90
36,209,1,37,6,201,1,60
37,209,1,38,7,208,132,70
38,209,1,39,6,214,60,60
39,209,1,40,6,220,65,60
40,209,1,41,6,226,75,60
41,209,1,42,5,231,1,50
42,209,1,43,4,235,1,40
43,209,1,44,4,239,1,40
44,209,1,45,8,247,1,80
45,209,1,46,6,253,251,60
46,209,1,47,2,255,1,20
47,209,1,48,3,258,1,30
48,209,1,49,3,261,1,30
49,209,1,50,3,264,119,30
50,209,1,51,7,271,1,70
51,209,1,52,2,273,88,20
52,209,1,53,2,275,1,20
53,209,1,54,8,283,96,80
54,209,1,55,6,289,1,60
55,209,1,56,8,297,143,80
56,209,1,57,3,300,34,30
57,209,1,58,3,303,32,30
58,209,1,59,7,310,1,70
59,209,1,60,3,313,1,30
60,209,1,61,9,322,1,90
61,209,1,62,4,326,194,40
62,209,1,63,9,335,1,90
63,209,1,64,7,342,1,70
64,209,1,65,4,346,193,40
65,209,1,66,5,351,43,50
66,209,1,67,2,353,1,20
67,209,1,68,5,358,77,50
68,209,1,69,5,363,54,50
69,209,1,70,2,365,1,20
70,209,1,71,6,371,1,60
71,209,1,72,8,379,162,80
72,209,1,73,3,382,30,30
73,209,1,74,3,385,1,30
74,209,1,75,2,387,42,20
75,209,1,76,6,393,1,60
76,209,1,77,3,396,87,30
77,209,1,78,9,405,83,90
78,209,1,79,6,411,76,60
79,209,1,80,7,418,70,70
80,209,1,81,2,420,1,20
81,209,1,82,7,427,114,70
82,209,1,83,4,431,1,40
83,209,1,84,4,435,1,40
84,209,1,85,4,439,127,40
85,209,1,86,8,447,82,80
86,209,1,87,2,449,1,20
87,209,1,88,9,458,1,90
88,209,1,89,9,467,1,90
89,209,1,90,2,469,1,20
90,209,1,91,2,471,204,20
91,209,1,92,2,473,35,20
92,209,1,93,6,479,1,60
93,209,1,94,8,487,118,80
94,209,1,95,6,493,1,60
95,209,1,96,8,501,1,80
96,209,1,97,2,503,1,20
97,209,1,98,3,506,1,30
98,209,1,99,3,509,1,30
99,209,1,100,4,513,1,40
100,209,1,101,3,516,1,30
101,209,1,102,7,523,1,70
102,209,1,103,3,526,1,30
103,209,1,104,8,534,452,80
104,209,1,105,2,536,39,20
105,209,1,106,3,539,1,30
106,209,1,107,3,542,1,30
107,209,1,108,6,548,120,60
108,209,1,109,7,555,78,70
109,209,1,110,6,561,56,60
110,209,1,111,9,570,108,90
111,209,1,112,4,574,39,40
112,209,1,113,8,582,1,80
113,209,1,114,8,590,1,80
114,209,1,115,9,599,1,90
115,209,1,116,4,603,1,40
116,209,1,117,9,612,319,90
117,209,1,118,8,620,111,80
118,209,1,119,2,622,1,20
119,209,1,120,6,628,1,60
120,209,1,121,4,632,1,40
121,209,1,122,8,640,1,80
122,209,1,123,9,649,318,90
123,209,1,124,3,652,1,30
124,209,1,125,9,661,1,90
125,209,1,126,8,669,1,80
126,209,1,127,5,674,261,50
127,209,1,128,4,678,1,40
128,209,1,129,7,685,107,70
129,209,1,130,8,693,1,80
130,209,1,131,2,695,1,20
131,209,1,132,6,701,150,60
132,209,1,133,3,704,32,30
133,209,1,134,7,711,66,70
134,209,1,135,2,713,26,20
135,209,1,136,7,720,76,70
136,209,1,137,2,722,1,20
137,209,1,138,7,729,99,70
138,209,1,139,7,736,1,70
139,209,1,140,3,739,93,30
140,209,1,141,2,741,1,20
141,209,1,142,2,743,33,20
142,209,1,143,7,750,1,70
143,209,1,144,6,756,140,60
144,209,1,145,6,762,55,60
145,209,1,146,7,769,1,70
146,209,1,147,6,775,1,60
147,209,1,148,5,780,175,50
148,209,1,149,6,786,1,60
149,209,1,150,3,789,82,30
150,209,1,151,8,797,78,80
151,209,1,152,6,803,70,60
152,209,1,153,9,812,85,90
153,209,1,154,9,821,89,90
154,209,1,155,7,828,71,70
155,209,1,156,8,836,1,80
156,209,1,157,4,840,99,40
157,209,1,158,8,848,1,80
158,209,1,159,8,856,1,80
159,209,1,160,2,858,174,20
160,209,1,161,6,864,1,60
161,209,1,162,2,866,83,20
162,209,1,163,6,872,1,60
163,209,1,164,3,875,1,30
164,209,1,165,4,879,1,40
165,209,1,166,4,883,1,40
166,209,1,167,4,887,1,40
167,209,1,168,5,892,246,50
168,209,1,169,9,901,76,90
169,209,1,170,5,906,1,50
170,209,1,171,9,915,151,90
171,209,1,172,7,922,1,70
172,209,1,173,7,929,147,70
173,209,1,174,8,937,1,80
174,209,1,175,7,944,173,70
175,209,1,176,4,948,1,40
176,209,1,177,7,955,99,70
177,209,1,178,2,957,1,20
178,209,1,179,9,966,1,90
179,209,1,180,4,970,1,40
180,209,1,181,4,974,201,40
181,209,1,182,5,979,1,50
182,209,1,183,7,986,1,70
183,209,1,184,3,989,150,30
184,209,1,185,4,993,1,40
185,209,1,186,6,999,108,60
186,209,1,187,2,1001,17,20
187,209,1,188,8,1009,1,80
188,209,1,189,7,1016,149,70
189,209,1,190,2,1018,32,20
190,209,1,191,5,1023,61,50
191,209,1,192,7,1030,61,70
192,209,1,193,7,1037,1,70
193,209,1,194,4,1041,1,40
194,209,1,195,8,1049,174,80
195,209,1,196,7,1056,79,70
196,209,1,197,5,1061,1,50
197,209,1,198,6,1067,1,60
198,209,1,199,4,1071,1,40
199,209,1,200,3,1074,1,30
200,209,1,201,5,1079,228,50
201,209,1,202,9,1088,1,90
202,209,1,203,2,1090,1,20
203,209,1,204,8,1098,191,80
204,209,1,205,3,1101,1,30
205,209,1,206,2,1103,58,20
206,209,1,207,2,1105,1,20
207,209,1,208,7,1112,1,70
208,209,1,209,7,1119,1,70
209,209,1,210,2,1121,184,20
210,209,1,211,3,1124,36,30
211,209,1,212,9,1133,1,90
212,209,1,213,3,1136,1,30
213,209,1,214,6,1142,170,60
214,209,1,215,2,1144,1,20
215,209,1,216,6,1150,1,60
216,209,1,217,8,1158,1,80
217,209,1,218,2,1160,178,20
218,209,1,219,4,1164,1,40
219,209,1,220,9,1173,119,90
220,209,1,221,3,1176,41,30
221,209,1,222,7,1183,60,70
222,209,1,223,7,1190,1,70
223,209,1,224,3,1193,1,30
224,209,1,225,8,1201,174,80
225,209,1,226,9,1210,1,90
226,209,1,227,9,1219,1,90
227,209,1,228,2,1221,1,20
228,209,1,229,7,1228,261,70
229,209,1,230,4,1232,1,40
230,209,1,231,6,1238,84,60
231,209,1,232,5,1243,1,50
232,209,1,233,9,1252,1,90
233,209,1,234,3,1255,164,30
234,209,1,235,2,1257,1,20
235,209,1,236,6,1263,85,60
236,209,1,237,6,1269,1,60
237,209,1,238,3,1272,1,30
238,209,1,239,5,1277,136,50
239,209,1,240,4,1281,38,40
240,209,1,241,2,1283,23,20
241,209,1,242,7,1290,1,70
242,209,1,243,5,1295,105,50
243,209,1,244,2,1297,1,20
244,209,1,245,9,1306,107,90
245,209,1,246,3,1309,1,30
246,209,1,247,5,1314,1,50
247,209,1,248,2,1316,102,20
248,209,1,249,9,1325,92,90
249,209,1,250,4,1329,1,40
250,209,1,251,6,1335,1,60
251,209,1,252,9,1344,213,90
252,209,1,253,5,1349,55,50
253,209,1,254,2,1351,1,20
254,209,1,255,2,1353,39,20
255,209,1,256,3,1356,1,30
256,209,1,257,7,1363,90,70
257,209,1,258,5,1368,1,50
258,209,1,259,2,1370,1,20
259,209,1,260,6,1376,1,60
260,209,1,261,8,1384,207,80
261,209,1,262,7,1391,1,70
262,209,1,263,6,1397,1,60
263,209,1,264,3,1400,1,30
264,209,1,265,3,1403,197,30
265,209,1,266,6,1409,1,60
266,209,1,267,5,1414,1,50
267,209,1,268,9,1423,1,90
268,209,1,269,5,1428,221,50
269,209,1,270,3,1431,1,30
270,209,1,271,4,1435,1,40
271,209,1,272,6,1441,114,60
272,209,1,273,3,1444,41,30
273,209,1,274,6,1450,48,60
274,209,1,275,6,1456,1,60
275,209,1,276,2,1458,1,20
276,209,1,277,9,1467,1,90
277,209,1,278,4,1471,186,40
278,209,1,279,4,1475,1,40
279,209,1,280,7,1482,110,70
280,209,1,281,4,1486,1,40
281,209,1,282,8,1494,1,80
282,209,1,283,8,1502,1,80
283,209,1,284,6,1508,1,60
284,209,1,285,4,1512,283,40
285,209,1,286,7,1519,1,70
286,209,1,287,7,1526,1,70
287,209,1,288,9,1535,1,90
288,209,1,289,5,1540,260,50
289,209,1,290,9,1549,1,90
290,209,1,291,4,1553,1,40
291,209,1,292,8,1561,205,80
292,209,1,293,9,1570,1,90
293,209,1,294,2,1572,108,20
294,209,1,295,4,1576,1,40
295,209,1,296,4,1580,1,40
296,209,1,297,8,1588,1,80
297,209,1,298,7,1595,1,70
298,209,1,299,2,1597,1,20
299,209,1,300,5,1602,1,50
300,209,1,301,7,1609,340,70
301,209,1,302,9,1618,1,90
302,209,1,303,9,1627,1,90
303,209,1,304,5,1632,252,50
304,209,1,305,7,1639,64,70
305,209,1,306,8,1647,1,80
306,209,1,307,2,1649,81,20
307,209,1,308,7,1656,1,70
308,209,1,309,8,1664,1,80
309,209,1,310,7,1671,1,70
310,209,1,311,7,1678,262,70
311,209,1,312,8,1686,78,80
312,209,1,313,3,1689,31,30
313,209,1,314,7,1696,1,70
314,209,1,315,5,1701,1,50
315,209,1,316,5,1706,1,50
316,209,1,317,4,1710,212,40
317,209,1,318,9,1719,100,90
318,209,1,319,5,1724,1,50
319,209,1,320,3,1727,1,30
320,209,1,321,3,1730,1,30
321,209,1,322,8,1738,1,80
322,209,1,323,6,1744,256,60
323,209,1,324,5,1749,58,50
324,209,1,325,6,1755,54,60
325,209,1,326,2,1757,20,20
326,209,1,327,7,1764,1,70
327,209,1,328,4,1768,1,40
328,209,1,329,5,1773,1,50
329,209,1,330,9,1782,1,90
330,209,1,331,5,1787,279,50
331,209,1,332,2,1789,1,20
332,209,1,333,9,1798,123,90
333,209,1,334,9,1807,101,90
334,209,1,335,8,1815,1,80
335,209,1,336,4,1819,1,40
336,209,1,337,4,1823,1,40
337,209,1,338,7,1830,1,70
338,209,1,339,5,1835,271,50
339,209,1,340,8,1843,1,80
340,209,1,341,3,1846,1,30
341,209,1,342,8,1854,192,80
342,209,1,343,9,1863,1,90
343,209,1,344,3,1866,1,30
344,209,1,345,9,1875,179,90
345,209,1,346,6,1881,72,60
346,209,1,347,3,1884,25,30
347,209,1,348,9,1893,79,90
348,209,1,349,6,1899,1,60
349,209,1,350,7,1906,124,70
350,209,1,351,9,1915,1,90
351,209,1,352,7,1922,171,70
352,209,1,353,8,1930,1,80
353,209,1,354,3,1933,1,30
354,209,1,355,9,1942,207,90
355,209,1,356,9,1951,1,90
356,209,1,357,7,1958,1,70
357,209,1,358,9,1967,1,90
358,209,1,359,2,1969,257,20
359,209,1,360,7,1976,72,70
360,209,1,361,4,1980,52,40
361,209,1,362,2,1982,16,20
362,209,1,363,8,1990,73,80
363,209,1,364,9,1999,102,90
364,209,1,365,5,2004,1,50
365,209,1,366,4,2008,99,40
366,209,1,367,8,2016,97,80
367,209,1,368,8,2024,1,80
368,209,1,369,5,2029,1,50
369,209,1,370,6,2035,1,60
370,209,1,371,5,2040,229,50
371,209,1,372,3,2043,40,30
372,209,1,373,3,2046,1,30
373,209,1,374,2,2048,1,20
374,209,1,375,6,2054,111,60
375,209,1,376,9,2063,1,90
376,209,1,377,6,2069,1,60
377,209,1,378,8,2077,1,80
378,209,1,379,2,2079,1,20
379,209,1,380,3,2082,258,30
380,209,1,381,5,2087,66,50
381,209,1,382,4,2091,50,40
382,209,1,383,9,2100,76,90
383,209,1,384,2,2102,1,20
384,209,1,385,8,2110,1,80
385,209,1,386,7,2117,1,70
386,209,1,387,2,2119,146,20
387,209,1,388,9,2128,90,90
388,209,1,389,6,2134,1,60
389,209,1,390,2,2136,1,20
390,209,1,391,2,2138,96,20
391,209,1,392,9,2147,81,90
392,209,1,393,7,2154,79,70
393,209,1,394,5,2159,1,50
394,209,1,395,9,2168,133,90
395,209,1,396,9,2177,92,90
396,209,1,397,8,2185,78,80
397,209,1,398,2,2187,22,20
398,209,1,399,7,2194,1,70
399,209,1,400,2,2196,83,20
400,209,1,401,5,2201,1,50
401,209,1,402,5,2206,1,50
402,209,1,403,9,2215,1,90
403,209,1,404,7,2222,261,70
404,209,1,405,7,2229,1,70
405,209,1,406,6,2235,1,60
406,209,1,407,5,2240,190,50
407,209,1,408,8,2248,1,80
408,209,1,409,7,2255,126,70
409,209,1,410,8,2263,1,80
410,209,1,411,4,2267,1,40
411,209,1,412,6,2273,1,60
412,209,1,413,2,2275,1,20
413,209,1,414,3,2278,1,30
414,209,1,415,3,2281,1,30
415,209,1,416,8,2289,320,80
416,209,1,417,2,2291,1,20
417,209,1,418,6,2297,1,60
418,209,1,419,6,2303,147,60
419,209,1,420,7,2310,84,70
420,209,1,421,7,2317,1,70
421,209,1,422,9,2326,1,90
422,209,1,423,2,2328,165,20
423,209,1,424,8,2336,102,80
424,209,1,425,7,2343,1,70
425,209,1,426,3,2346,101,30
426,209,1,427,3,2349,1,30
427,209,1,428,4,2353,1,40
428,209,1,429,7,2360,1,70
429,209,1,430,8,2368,241,80
430,209,1,431,7,2375,66,70
431,209,1,432,4,2379,1,40
432,209,1,433,3,2382,1,30
433,209,1,434,6,2388,140,60
434,209,1,435,2,2390,31,20
435,209,1,436,9,2399,100,90
436,209,1,437,5,2404,1,50
437,209,1,438,2,2406,60,20
438,209,1,439,9,2415,87,90
439,209,1,440,6,2421,1,60
440,209,1,441,2,2423,77,20
441,209,1,442,8,2431,69,80
442,209,1,443,3,2434,31,30
443,209,1,444,8,2442,1,80
444,209,1,445,3,2445,1,30
445,209,1,446,7,2452,1,70
446,209,1,447,5,2457,1,50
447,209,1,448,2,2459,1,20
448,209,1,449,6,2465,267,60
449,209,1,450,9,2474,1,90
450,209,1,451,2,2476,1,20
451,209,1,452,6,2482,166,60
452,209,1,453,3,2485,46,30
453,209,1,454,4,2489,1,40
454,209,1,455,8,2497,118,80
455,209,1,456,5,2502,1,50
456,209,1,457,6,2508,1,60
457,209,1,458,4,2512,1,40
458,209,1,459,5,2517,179,50
459,209,1,460,5,2522,1,50
460,209,1,461,7,2529,129,70
461,209,1,462,4,2533,46,40
462,209,1,463,5,2538,1,50
463,209,1,464,8,2546,123,80
464,209,1,465,2,2548,1,20
465,209,1,466,9,2557,1,90
466,209,1,467,8,2565,183,80
467,209,1,468,5,2570,68,50
468,209,1,469,7,2577,78,70
469,209,1,470,2,2579,1,20
470,209,1,471,7,2586,1,70
471,209,1,472,8,2594,1,80
472,209,1,473,8,2602,1,80
473,209,1,474,4,2606,285,40
474,209,1,475,5,2611,1,50
475,209,1,476,3,2614,1,30
476,209,1,477,8,2622,142,80
477,209,1,478,8,2630,1,80
478,209,1,479,3,2633,1,30
479,209,1,480,7,2640,1,70
480,209,1,481,3,2643,1,30
481,209,1,482,6,2649,260,60
482,209,1,483,2,2651,1,20
483,209,1,484,3,2654,1,30
484,209,1,485,6,2660,1,60
485,209,1,486,4,2664,171,40
486,209,1,487,9,2673,1,90
487,209,1,488,3,2676,1,30
488,209,1,489,3,2679,1,30
489,209,1,490,8,2687,1,80
490,209,1,491,6,2693,295,60
491,209,1,492,2,2695,1,20
492,209,1,493,2,2697,1,20
493,209,1,494,8,2705,106,80
494,209,1,495,2,2707,1,20
495,209,1,496,2,2709,44,20
496,209,1,497,6,2715,52,60
497,209,1,498,8,2723,89,80
498,209,1,499,5,2728,1,50
499,209,1,500,2,2730,68,20
500,209,1,501,8,2738,80,80
501,209,1,502,8,2746,87,80
502,209,1,503,4,2750,49,40
503,209,1,504,4,2754,1,40
504,209,1,505,8,2762,125,80
505,209,1,506,4,2766,46,40
506,209,1,507,9,2775,101,90
507,209,1,508,8,2783,1,80
508,209,1,509,8,2791,1,80
509,209,1,510,5,2796,1,50
510,209,1,511,3,2799,250,30
511,209,1,512,6,2805,1,60
512,209,1,513,4,2809,1,40
513,209,1,514,6,2815,162,60
514,209,1,515,8,2823,1,80
515,209,1,516,4,2827,118,40
516,209,1,517,2,2829,20,20
517,209,1,518,3,2832,33,30
518,209,1,519,8,2840,1,80
519,209,1,520,4,2844,1,40
520,209,1,521,2,2846,114,20
521,209,1,522,7,2853,1,70
522,209,1,523,2,2855,1,20
523,209,1,524,8,2863,1,80
524,209,1,525,7,2870,233,70
525,209,1,526,4,2874,1,40
526,209,1,527,4,2878,108,40
527,209,1,528,7,2885,65,70
528,209,1,529,4,2889,1,40
529,209,1,530,2,2891,1,20
530,209,1,531,9,2900,1,90
531,209,1,532,4,2904,1,40
532,209,1,533,4,2908,1,40
533,209,1,534,3,2911,249,30
534,209,1,535,2,2913,1,20
535,209,1,536,5,2918,1,50
536,209,1,537,4,2922,112,40
537,209,1,538,8,2930,1,80
538,209,1,539,2,2932,1,20
539,209,1,540,8,2940,1,80
540,209,1,541,5,2945,1,50
541,209,1,542,2,2947,223,20
542,209,1,543,3,2950,1,30
543,209,1,544,3,2953,77,30
544,209,1,545,9,2962,1,90
545,209,1,546,5,2967,1,50
546,209,1,547,9,2976,1,90
547,209,1,548,4,2980,1,40
548,209,1,549,2,2982,1,20
549,209,1,550,2,2984,1,20
550,209,1,551,4,2988,1,40
551,209,1,552,4,2992,1,40
552,209,1,553,6,2998,407,60
553,209,1,554,5,3003,1,50
554,209,1,555,9,3012,172,90
555,209,1,556,4,3016,40,40
556,209,1,557,6,3022,1,60
557,209,1,558,8,3030,146,80
558,209,1,559,5,3035,1,50
559,209,1,560,3,3038,93,30
560,209,1,561,3,3041,37,30
561,209,1,562,3,3044,27,30
562,209,1,563,6,3050,1,60
563,209,1,564,9,3059,1,90
564,209,1,565,6,3065,176,60
565,209,1,566,7,3072,1,70
566,209,1,567,9,3081,1,90
567,209,1,568,3,3084,184,30
568,209,1,569,5,3089,48,50
569,209,1,570,7,3096,1,70
570,209,1,571,9,3105,171,90
571,209,1,572,8,3113,1,80
572,209,1,573,2,3115,1,20
573,209,1,574,9,3124,1,90
574,209,1,575,3,3127,202,30
575,209,1,576,9,3136,1,90
576,209,1,577,4,3140,1,40
577,209,1,578,3,3143,157,30
578,209,1,579,7,3150,1,70
579,209,1,580,5,3155,1,50
580,209,1,581,9,3164,1,90
581,209,1,582,9,3173,1,90
582,209,1,583,7,3180,349,70
583,209,1,584,8,3188,79,80
584,209,1,585,8,3196,1,80
585,209,1,586,3,3199,1,30
586,209,1,587,5,3204,1,50
587,209,1,588,9,3213,1,90
588,209,1,589,8,3221,1,80
589,209,1,590,7,3228,376,70
590,209,1,591,9,3237,99,90
591,209,1,592,3,3240,1,30
592,209,1,593,2,3242,55,20
593,209,1,594,3,3245,1,30
594,209,1,595,3,3248,61,30
595,209,1,596,3,3251,28,30
596,209,1,597,9,3260,1,90
597,209,1,598,8,3268,170,80
598,209,1,599,8,3276,89,80
599,209,1,600,9,3285,1,90
600,209,1,601,2,3287,85,20
601,209,1,602,6,3293,1,60
602,209,1,603,4,3297,90,40
603,209,1,604,2,3299,1,20
604,209,1,605,3,3302,64,30
605,209,1,606,2,3304,1,20
606,209,1,607,7,3311,87,70
607,209,1,608,5,3316,72,50
608,209,1,609,6,3322,1,60
609,209,1,610,7,3329,1,70
610,209,1,611,8,3337,204,80
611,209,1,612,3,3340,43,30
612,209,1,613,2,3342,1,20
613,209,1,614,6,3348,69,60
614,209,1,615,3,3351,1,30
615,209,1,616,5,3356,1,50
616,209,1,617,9,3365,1,90
617,209,1,618,9,3374,1,90
618,209,1,619,2,3376,1,20
619,209,1,620,9,3385,1,90
620,209,1,621,9,3394,1,90
621,209,1,622,3,3397,1,30
622,209,1,623,9,3406,1,90
623,209,1,624,3,3409,1,30
624,209,1,625,6,3415,634,60
625,209,1,626,8,3423,94,80
626,209,1,627,9,3432,1,90
627,209,1,628,3,3435,111,30
628,209,1,629,9,3444,97,90
629,209,1,630,9,3453,1,90
630,209,1,631,2,3455,1,20
631,209,1,632,9,3464,196,90
632,209,1,633,8,3472,1,80
633,209,1,634,7,3479,1,70
634,209,1,635,4,3483,186,40
635,209,1,636,3,3486,1,30
636,209,1,637,3,3489,69,30
637,209,1,638,7,3496,1,70
638,209,1,639,5,3501,1,50
639,209,1,640,3,3504,139,30
640,209,1,641,2,3506,24,20
641,209,1,642,7,3513,66,70
642,209,1,643,2,3515,18,20
643,209,1,644,8,3523,78,80
644,209,1,645,4,3527,44,40
645,209,1,646,6,3533,1,60
646,209,1,647,5,3538,113,50
647,209,1,648,8,3546,1,80
648,209,1,649,9,3555,1,90
649,209,1,650,4,3559,1,40
650,209,1,651,3,3562,1,30
651,209,1,652,4,3566,267,40
652,209,1,653,3,3569,34,30
653,209,1,654,7,3576,73,70
654,209,1,655,5,3581,1,50
655,209,1,656,2,3583,69,20
656,209,1,657,4,3587,1,40
657,209,1,658,8,3595,109,80
658,209,1,659,9,3604,1,90
659,209,1,660,3,3607,116,30
660,209,1,661,7,3614,77,70
661,209,1,662,3,3617,1,30
662,209,1,663,8,3625,113,80
663,209,1,664,3,3628,1,30
664,209,1,665,8,3636,1,80
665,209,1,666,9,3645,185,90
666,209,1,667,7,3652,1,70
667,209,1,668,3,3655,89,30
668,209,1,669,8,3663,1,80
669,209,1,670,6,3669,155,60
670,209,1,671,9,3678,87,90
671,209,1,672,8,3686,1,80
672,209,1,673,6,3692,1,60
673,209,1,674,5,3697,191,50
674,209,1,675,2,3699,1,20
675,209,1,676,6,3705,97,60
676,209,1,677,2,3707,1,20
677,209,1,678,4,3711,54,40
678,209,1,679,3,3714,1,30
679,209,1,680,8,3722,112,80
680,209,1,681,7,3729,1,70
681,209,1,682,4,3733,102,40
682,209,1,683,7,3740,66,70
683,209,1,684,2,3742,1,20
684,209,1,685,6,3748,74,60
685,209,1,686,4,3752,1,40
686,209,1,687,9,3761,1,90
687,209,1,688,9,3770,236,90
688,209,1,689,6,3776,1,60
689,209,1,690,9,3785,1,90
690,209,1,691,3,3788,1,30
691,209,1,692,8,3796,1,80
692,209,1,693,3,3799,1,30
693,209,1,694,3,3802,1,30
694,209,1,695,8,3810,385,80
695,209,1,696,2,3812,1,20
696,209,1,697,5,3817,1,50
697,209,1,698,2,3819,103,20
698,209,1,699,5,3824,50,50
699,209,1,700,8,3832,85,80
700,209,1,701,8,3840,84,80
701,209,1,702,7,3847,75,70
702,209,1,703,9,3856,1,90
703,209,1,704,5,3861,129,50
704,209,1,705,6,3867,58,60
705,209,1,706,3,3870,1,30
706,209,1,707,2,3872,1,20
707,209,1,708,3,3875,89,30
708,209,1,709,5,3880,1,50
709,209,1,710,9,3889,140,90
710,209,1,711,2,3891,1,20
711,209,1,712,4,3895,73,40
712,209,1,713,9,3904,1,90
713,209,1,714,8,3912,1,80
714,209,1,715,8,3920,1,80
715,209,1,716,3,3923,1,30
716,209,1,717,8,3931,1,80
717,209,1,718,2,3933,381,20
718,209,1,719,6,3939,1,60
719,209,1,720,6,3945,1,60
720,209,1,721,4,3949,1,40
721,209,1,722,4,3953,231,40
722,209,1,723,8,3961,84,80
723,209,1,724,5,3966,1,50
724,209,1,725,4,3970,1,40
725,209,1,726,7,3977,1,70
726,209,1,727,4,3981,1,40
727,209,1,728,6,3987,1,60
728,209,1,729,7,3994,321,70
729,209,1,730,4,3998,62,40
730,209,1,731,8,4006,77,80
731,209,1,732,9,4015,1,90
732,209,1,733,9,4024,1,90
733,209,1,734,7,4031,214,70
734,209,1,735,4,4035,59,40
735,209,1,736,3,4038,25,30
736,209,1,737,7,4045,81,70
737,209,1,738,8,4053,1,80
738,209,1,739,3,4056,103,30
739,209,1,740,3,4059,31,30
740,209,1,741,6,4065,61,60
741,209,1,742,6,4071,1,60
742,209,1,743,6,4077,141,60
743,209,1,744,2,4079,1,20
744,209,1,745,7,4086,1,70
745,209,1,746,5,4091,133,50
746,209,1,747,4,4095,1,40
747,209,1,748,3,4098,1,30
748,209,1,749,6,4104,110,60
749,209,1,750,6,4110,1,60
750,209,1,751,3,4113,1,30
751,209,1,752,6,4119,1,60
752,209,1,753,5,4124,1,50
753,209,1,754,8,4132,264,80
754,209,1,755,2,4134,28,20
755,209,1,756,7,4141,50,70
756,209,1,757,9,4150,1,90
757,209,1,758,3,4153,1,30
758,209,1,759,9,4162,217,90
759,209,1,760,7,4169,66,70
760,209,1,761,8,4177,1,80
761,209,1,762,7,4184,1,70
762,209,1,763,9,4193,265,90
763,209,1,764,4,4197,52,40
764,209,1,765,8,4205,76,80
765,209,1,766,5,4210,1,50
766,209,1,767,8,4218,1,80
767,209,1,768,6,4224,1,60
768,209,1,769,9,4233,1,90
769,209,1,770,9,4242,1,90
770,209,1,771,7,4249,415,70
771,209,1,772,9,4258,1,90
772,209,1,773,2,4260,1,20
773,209,1,774,8,4268,1,80
774,209,1,775,9,4277,277,90
775,209,1,776,8,4285,1,80
776,209,1,777,8,4293,164,80
777,209,1,778,4,4297,1,40
778,209,1,779,2,4299,62,20
779,209,1,780,5,4304,1,50
780,209,1,781,6,4310,1,60
781,209,1,782,7,4317,199,70
782,209,1,783,5,4322,1,50
783,209,1,784,3,4325,1,30
784,209,1,785,5,4330,1,50
785,209,1,786,4,4334,153,40
786,209,1,787,8,4342,1,80
787,209,1,788,8,4350,147,80
788,209,1,789,4,4354,1,40
789,209,1,790,5,4359,1,50
790,209,1,791,2,4361,105,20
791,209,1,792,7,4368,1,70
792,209,1,793,8,4376,138,80
793,209,1,794,9,4385,1,90
794,209,1,795,8,4393,1,80
795,209,1,796,8,4401,1,80
796,209,1,797,5,4406,1,50
797,209,1,798,6,4412,1,60
798,209,1,799,4,4416,448,40
799,209,1,800,6,4422,69,60
800,209,1,801,6,4428,1,60
801,209,1,802,6,4434,1,60
802,209,1,803,2,4436,149,20
803,209,1,804,8,4444,1,80
804,209,1,805,2,4446,113,20
805,209,1,806,9,4455,82,90
806,209,1,807,9,4464,1,90
807,209,1,808,8,4472,177,80
808,209,1,809,9,4481,1,90
809,209,1,810,3,4484,1,30
810,209,1,811,7,4491,177,70
811,209,1,812,8,4499,1,80
812,209,1,813,9,4508,142,90
813,209,1,814,5,4513,1,50
814,209,1,815,8,4521,158,80
815,209,1,816,2,4523,1,20
816,209,1,817,7,4530,1,70
817,209,1,818,7,4537,153,70
818,209,1,819,5,4542,51,50
819,209,1,820,7,4549,84,70
820,209,1,821,9,4558,1,90
821,209,1,822,6,4564,131,60
822,209,1,823,3,4567,34,30
823,209,1,824,8,4575,1,80
824,209,1,825,4,4579,1,40
825,209,1,826,4,4583,167,40
826,209,1,827,9,4592,90,90
827,209,1,828,8,4600,89,80
828,209,1,829,5,4605,1,50
829,209,1,830,6,4611,111,60
830,209,1,831,5,4616,1,50
831,209,1,832,9,4625,127,90
832,209,1,833,2,4627,1,20
833,209,1,834,5,4632,72,50
834,209,1,835,7,4639,69,70
835,209,1,836,8,4647,1,80
836,209,1,837,6,4653,1,60
837,209,1,838,3,4656,1,30
838,209,1,839,2,4658,1,20
839,209,1,840,5,4663,216,50
840,209,1,841,3,4666,1,30
841,209,1,842,8,4674,116,80
842,209,1,843,5,4679,1,50
843,209,1,844,3,4682,1,30
844,209,1,845,9,4691,1,90
845,209,1,846,6,4697,1,60
846,209,1,847,7,4704,279,70
847,209,1,848,2,4706,27,20
848,209,1,849,6,4712,53,60
849,209,1,850,5,4717,1,50
850,209,1,851,8,4725,1,80
851,209,1,852,8,4733,190,80
852,209,1,853,4,4737,57,40
853,209,1,854,7,4744,68,70
854,209,1,855,5,4749,40,50
855,209,1,856,3,4752,32,30
856,209,1,857,4,4756,1,40
857,209,1,858,3,4759,1,30
858,209,1,859,3,4762,1,30
859,209,1,860,6,4768,1,60
860,209,1,861,7,4775,1,70
861,209,1,862,5,4780,1,50
862,209,1,863,5,4785,340,50
863,209,1,864,6,4791,66,60
864,209,1,865,6,4797,64,60
865,209,1,866,9,4806,90,90
866,209,1,867,3,4809,1,30
867,209,1,868,3,4812,60,30
868,209,1,869,6,4818,1,60
869,209,1,870,9,4827,132,90
870,209,1,871,4,4831,39,40
871,209,1,872,3,4834,1,30
872,209,1,873,4,4838,55,40
873,209,1,874,3,4841,1,30
874,209,1,875,5,4846,1,50
875,209,1,876,5,4851,1,50
876,209,1,877,5,4856,189,50
877,209,1,878,8,4864,1,80
878,209,1,879,8,4872,1,80
879,209,1,880,3,4875,167,30
880,209,1,881,4,4879,49,40
881,209,1,882,7,4886,1,70
882,209,1,883,4,4890,1,40
883,209,1,884,2,4892,1,20
884,209,1,885,7,4899,1,70
885,209,1,886,5,4904,255,50
886,209,1,887,3,4907,1,30
887,209,1,888,3,4910,77,30
888,209,1,889,9,4919,1,90
889,209,1,890,6,4925,135,60
890,209,1,891,8,4933,1,80
891,209,1,892,9,4942,159,90
892,209,1,893,9,4951,1,90
893,209,1,894,4,4955,1,40
894,209,1,895,2,4957,140,20
895,209,1,896,3,4960,37,30
896,209,1,897,6,4966,1,60
897,209,1,898,7,4973,108,70
898,209,1,899,7,4980,1,70
899,209,1,900,7,4987,1,70
900,209,1,901,9,4996,224,90
901,209,2,1,7,7,1,70
902,209,2,2,7,14,1,70
903,209,2,3,2,16,170,20
904,209,2,4,3,19,1,30
905,209,2,5,4,23,75,40
906,209,2,6,4,27,1,40
907,209,2,7,9,36,120,90
908,209,2,8,4,40,1,40
909,209,2,9,7,47,99,70
910,209,2,10,3,50,1,30
911,209,2,11,8,58,1,80
912,209,2,12,9,67,182,90
913,209,2,13,6,73,1,60
914,209,2,14,6,79,116,60
915,209,2,15,5,84,1,50
916,209,2,16,3,87,86,30
917,209,2,17,2,89,1,20
918,209,2,18,9,98,117,90
919,209,2,19,4,102,1,40
920,209,2,20,3,105,1,30
921,209,2,21,4,109,1,40
922,209,2,22,8,117,186,80
923,209,2,23,2,119,1,20
924,209,2,24,4,123,63,40
925,209,2,25,9,132,1,90
926,209,2,26,3,135,114,30
927,209,2,27,3,138,1,30
928,209,2,28,9,147,1,90
929,209,2,29,4,151,154,40
930,209,2,30,6,157,75,60
931,209,2,31,7,164,70,70
932,209,2,32,8,172,1,80
933,209,2,33,4,176,120,40
934,209,2,34,4,180,1,40
935,209,2,35,6,186,99,60
936,209,2,36,5,191,1,50
937,209,2,37,7,198,114,70
938,209,2,38,2,200,1,20
939,209,2,39,9,209,1,90
940,209,2,40,3,212,1,30
941,209,2,41,9,221,237,90
942,209,2,42,6,227,1,60
943,209,2,43,8,235,147,80
944,209,2,44,5,240,61,50
945,209,2,45,8,248,1,80
946,209,2,46,8,256,1,80
947,209,2,47,7,263,1,70
948,209,2,48,2,265,252,20
949,209,2,49,9,274,1,90
950,209,2,50,5,279,153,50
951,209,2,51,6,285,1,60
952,209,2,52,5,290,1,50
953,209,2,53,5,295,170,50
954,209,2,54,3,298,1,30
955,209,2,55,4,302,56,40
956,209,2,56,3,305,1,30
957,209,2,57,3,308,1,30
958,209,2,58,8,316,120,80
959,209,2,59,7,323,1,70
960,209,2,60,9,332,1,90
961,209,2,61,5,337,1,50
962,209,2,62,8,345,260,80
963,209,2,63,7,352,1,70
964,209,2,64,3,355,1,30
965,209,2,65,2,357,1,20
966,209,2,66,9,366,1,90
967,209,2,67,9,375,295,90
968,209,2,68,9,384,106,90
969,209,2,69,6,390,1,60
970,209,2,70,2,392,90,20
971,209,2,71,5,397,1,50
972,209,2,72,2,399,51,20
973,209,2,73,7,406,1,70
974,209,2,74,4,410,1,40
975,209,2,75,8,418,1,80
976,209,2,76,9,427,1,90
977,209,2,77,8,435,1,80
978,209,2,78,6,441,409,60
979,209,2,79,5,446,71,50
980,209,2,80,6,452,1,60
981,209,2,81,3,455,1,30
982,209,2,82,2,457,110,20
983,209,2,83,6,463,57,60
984,209,2,84,9,472,74,90
985,209,2,85,9,481,1,90
986,209,2,86,7,488,158,70
987,209,2,87,8,496,79,80
988,209,2,88,7,503,1,70
989,209,2,89,6,509,116,60
990,209,2,90,5,514,64,50
991,209,2,91,9,523,75,90
992,209,2,92,6,529,58,60
993,209,2,93,3,532,1,30
994,209,2,94,8,540,1,80
995,209,2,95,4,544,161,40
996,209,2,96,7,551,1,70
997,209,2,97,9,560,1,90
998,209,2,98,3,563,1,30
999,209,2,99,8,571,1,80
1000,209,2,100,2,573,1,20
1001,209,2,101,9,582,1,90
1002,209,2,102,2,584,1,20
1003,209,2,103,3,587,420,30
1004,209,2,104,3,590,1,30
1005,209,2,105,2,592,90,20
1006,209,2,106,6,598,1,60
1007,209,2,107,2,600,63,20
1008,209,2,108,9,609,1,90
1009,209,2,109,9,618,1,90
1010,209,2,110,9,627,1,90
1011,209,2,111,4,631,1,40
1012,209,2,112,8,639,1,80
1013,209,2,113,8,647,455,80
1014,209,2,114,4,651,51,40
1015,209,2,115,5,656,39,50
1016,209,2,116,3,659,1,30
1017,209,2,117,7,666,1,70
1018,209,2,118,9,675,1,90
1019,209,2,119,6,681,1,60
1020,209,2,120,2,683,256,20
1021,209,2,121,9,692,1,90
1022,209,2,122,3,695,1,30
1023,209,2,123,7,702,197,70
1024,209,2,124,7,709,71,70
1025,209,2,125,7,716,1,70
1026,209,2,126,8,724,142,80
1027,209,2,127,7,731,1,70
1028,209,2,128,6,737,124,60
1029,209,2,129,8,745,1,80
1030,209,2,130,3,748,117,30
1031,209,2,131,9,757,83,90
1032,209,2,132,9,766,90,90
1033,209,2,133,9,775,84,90
1034,209,2,134,6,781,59,60
1035,209,2,135,9,790,98,90
1036,209,2,136,7,797,70,70
1037,209,2,137,8,805,1,80
1038,209,2,138,2,807,97,20
1039,209,2,139,8,815,81,80
1040,209,2,140,6,821,59,60
1041,209,2,141,3,824,1,30
1042,209,2,142,4,828,1,40
1043,209,2,143,4,832,109,40
1044,209,2,144,7,839,80,70
1045,209,2,145,3,842,1,30
1046,209,2,146,7,849,94,70
1047,209,2,147,9,858,104,90
1048,209,2,148,9,867,87,90
1049,209,2,149,5,872,1,50
1050,209,2,150,7,879,1,70
1051,209,2,151,5,884,142,50
1052,209,2,152,8,892,1,80
1053,209,2,153,8,900,160,80
1054,209,2,154,2,902,23,20
1055,209,2,155,8,910,84,80
1056,209,2,156,3,913,1,30
1057,209,2,157,8,921,112,80
1058,209,2,158,5,926,68,50
1059,209,2,159,5,931,41,50
1060,209,2,160,4,935,1,40
1061,209,2,161,4,939,72,40
1062,209,2,162,5,944,1,50
1063,209,2,163,5,949,1,50
1064,209,2,164,7,956,1,70
1065,209,2,165,7,963,218,70
1066,209,2,166,7,970,65,70
1067,209,2,167,2,972,23,20
1068,209,2,168,5,977,62,50
1069,209,2,169,3,980,1,30
1070,209,2,170,7,987,95,70
1071,209,2,171,7,994,1,70
1072,209,2,172,5,999,111,50
1073,209,2,173,7,1006,59,70
1074,209,2,174,3,1009,29,30
1075,209,2,175,4,1013,1,40
1076,209,2,176,8,1021,1,80
1077,209,2,177,8,1029,1,80
1078,209,2,178,9,1038,275,90
1079,209,2,179,9,1047,101,90
1080,209,2,180,4,1051,1,40
1081,209,2,181,6,1057,109,60
1082,209,2,182,9,1066,1,90
1083,209,2,183,2,1068,1,20
1084,209,2,184,2,1070,120,20
1085,209,2,185,3,1073,28,30
1086,209,2,186,9,1082,89,90
1087,209,2,187,2,1084,1,20
1088,209,2,188,7,1091,1,70
1089,209,2,189,4,1095,1,40
1090,209,2,190,7,1102,1,70
1091,209,2,191,3,1105,233,30
1092,209,2,192,4,1109,1,40
1093,209,2,193,5,1114,99,50
1094,209,2,194,5,1119,47,50
1095,209,2,195,4,1123,1,40
1096,209,2,196,6,1129,76,60
1097,209,2,197,9,1138,1,90
1098,209,2,198,5,1143,136,50
1099,209,2,199,4,1147,37,40
1100,209,2,200,7,1154,1,70
1101,209,2,201,9,1163,1,90
1102,209,2,202,3,1166,1,30
1103,209,2,203,4,1170,214,40
1104,209,2,204,6,1176,1,60
1105,209,2,205,4,1180,110,40
1106,209,2,206,3,1183,1,30
1107,209,2,207,2,1185,45,20
1108,209,2,208,6,1191,1,60
1109,209,2,209,4,1195,104,40
1110,209,2,210,2,1197,26,20
1111,209,2,211,9,1206,78,90
1112,209,2,212,6,1212,1,60
1113,209,2,213,3,1215,1,30
1114,209,2,214,6,1221,1,60
1115,209,2,215,6,1227,207,60
1116,209,2,216,5,1232,1,50
1117,209,2,217,3,1235,1,30
1118,209,2,218,6,1241,1,60
1119,209,2,219,4,1245,1,40
1120,209,2,220,8,1253,243,80
1121,209,2,221,2,1255,1,20
1122,209,2,222,5,1260,1,50
1123,209,2,223,7,1267,1,70
1124,209,2,224,8,1275,1,80
1125,209,2,225,2,1277,1,20
1126,209,2,226,2,1279,1,20
1127,209,2,227,7,1286,316,70
1128,209,2,228,9,1295,109,90
1129,209,2,229,7,1302,1,70
1130,209,2,230,4,1306,1,40
1131,209,2,231,9,1315,195,90
1132,209,2,232,8,1323,89,80
1133,209,2,233,4,1327,40,40
1134,209,2,234,2,1329,1,20
1135,209,2,235,9,1338,126,90
1136,209,2,236,8,1346,76,80
1137,209,2,237,5,1351,1,50
1138,209,2,238,7,1358,1,70
1139,209,2,239,6,1364,187,60
1140,209,2,240,4,1368,45,40
1141,209,2,241,8,1376,82,80
1142,209,2,242,7,1383,84,70
1143,209,2,243,4,1387,1,40
1144,209,2,244,2,1389,58,20
1145,209,2,245,5,1394,63,50
1146,209,2,246,5,1399,58,50
1147,209,2,247,4,1403,1,40
1148,209,2,248,6,1409,1,60
1149,209,2,249,9,1418,1,90
1150,209,2,250,9,1427,276,90
1151,209,2,251,4,1431,1,40
1152,209,2,252,2,1433,57,20
1153,209,2,253,2,1435,16,20
1154,209,2,254,4,1439,1,40
1155,209,2,255,7,1446,1,70
1156,209,2,256,6,1452,1,60
1157,209,2,257,9,1461,218,90
1158,209,2,258,2,1463,1,20
1159,209,2,259,6,1469,74,60
1160,209,2,260,8,1477,1,80
1161,209,2,261,9,1486,161,90
1162,209,2,262,3,1489,27,30
1163,209,2,263,8,1497,1,80
1164,209,2,264,4,1501,1,40
1165,209,2,265,6,1507,162,60
1166,209,2,266,4,1511,1,40
1167,209,2,267,4,1515,1,40
1168,209,2,268,8,1523,1,80
1169,209,2,269,5,1528,204,50
1170,209,2,270,6,1534,1,60
1171,209,2,271,7,1541,130,70
1172,209,2,272,3,1544,1,30
1173,209,2,273,4,1548,70,40
1174,209,2,274,6,1554,65,60
1175,209,2,275,9,1563,1,90
1176,209,2,276,4,1567,1,40
1177,209,2,277,7,1574,189,70
1178,209,2,278,2,1576,17,20
1179,209,2,279,6,1582,1,60
1180,209,2,280,9,1591,1,90
1181,209,2,281,9,1600,1,90
1182,209,2,282,7,1607,293,70
1183,209,2,283,9,1616,1,90
1184,209,2,284,7,1623,1,70
1185,209,2,285,2,1625,163,20
1186,209,2,286,2,1627,1,20
1187,209,2,287,8,1635,1,80
1188,209,2,288,4,1639,169,40
1189,209,2,289,9,1648,96,90
1190,209,2,290,3,1651,1,30
1191,209,2,291,8,1659,113,80
1192,209,2,292,7,1666,64,70
1193,209,2,293,4,1670,34,40
1194,209,2,294,3,1673,1,30
1195,209,2,295,2,1675,51,20
1196,209,2,296,5,1680,1,50
1197,209,2,297,7,1687,118,70
1198,209,2,298,7,1694,1,70
1199,209,2,299,4,1698,105,40
1200,209,2,300,3,1701,1,30
1201,209,2,301,2,1703,1,20
1202,209,2,302,6,1709,121,60
1203,209,2,303,2,1711,1,20
1204,209,2,304,2,1713,41,20
1205,209,2,305,7,1720,65,70
1206,209,2,306,6,1726,60,60
1207,209,2,307,8,1734,1,80
1208,209,2,308,7,1741,144,70
1209,209,2,309,8,1749,1,80
1210,209,2,310,2,1751,110,20
1211,209,2,311,6,1757,1,60
1212,209,2,312,6,1763,111,60
1213,209,2,313,4,1767,51,40
1214,209,2,314,9,1776,90,90
1215,209,2,315,6,1782,1,60
1216,209,2,316,9,1791,151,90
1217,209,2,317,9,1800,1,90
1218,209,2,318,9,1809,1,90
1219,209,2,319,8,1817,1,80
1220,209,2,320,8,1825,1,80
1221,209,2,321,5,1830,1,50
1222,209,2,322,5,1835,411,50
1223,209,2,323,8,1843,1,80
1224,209,2,324,3,1846,137,30
1225,209,2,325,6,1852,50,60
1226,209,2,326,3,1855,20,30
1227,209,2,327,2,1857,1,20
1228,209,2,328,5,1862,71,50
1229,209,2,329,9,1871,84,90
1230,209,2,330,2,1873,21,20
1231,209,2,331,9,1882,1,90
1232,209,2,332,8,1890,156,80
1233,209,2,333,5,1895,56,50
1234,209,2,334,6,1901,65,60
1235,209,2,335,4,1905,48,40
1236,209,2,336,2,1907,16,20
1237,209,2,337,4,1911,1,40
1238,209,2,338,2,1913,79,20
1239,209,2,339,8,1921,76,80
1240,209,2,340,8,1929,1,80
1241,209,2,341,9,1938,1,90
1242,209,2,342,9,1947,235,90
1243,209,2,343,4,1951,53,40
1244,209,2,344,5,1956,1,50
1245,209,2,345,6,1962,112,60
1246,209,2,346,4,1966,1,40
1247,209,2,347,8,1974,99,80
1248,209,2,348,9,1983,88,90
1249,209,2,349,9,1992,90,90
1250,209,2,350,9,2001,80,90
1251,209,2,351,6,2007,63,60
1252,209,2,352,5,2012,57,50
1253,209,2,353,3,2015,33,30
1254,209,2,354,8,2023,79,80
1255,209,2,355,5,2028,43,50
1256,209,2,356,5,2033,1,50
1257,209,2,357,6,2039,112,60
1258,209,2,358,6,2045,1,60
1259,209,2,359,3,2048,1,30
1260,209,2,360,5,2053,147,50
1261,209,2,361,9,2062,1,90
1262,209,2,362,7,2069,1,70
1263,209,2,363,4,2073,1,40
1264,209,2,364,6,2079,1,60
1265,209,2,365,5,2084,326,50
1266,209,2,366,5,2089,1,50
1267,209,2,367,3,2092,1,30
1268,209,2,368,4,2096,115,40
1269,209,2,369,3,2099,35,30
1270,209,2,370,8,2107,69,80
1271,209,2,371,3,2110,1,30
1272,209,2,372,8,2118,1,80
1273,209,2,373,6,2124,1,60
1274,209,2,374,8,2132,212,80
1275,209,2,375,2,2134,29,20
1276,209,2,376,8,2142,70,80
1277,209,2,377,9,2151,94,90
1278,209,2,378,2,2153,1,20
1279,209,2,379,8,2161,101,80
1280,209,2,380,8,2169,1,80
1281,209,2,381,9,2178,176,90
1282,209,2,382,4,2182,1,40
1283,209,2,383,2,2184,60,20
1284,209,2,384,8,2192,1,80
1285,209,2,385,2,2194,100,20
1286,209,2,386,8,2202,1,80
1287,209,2,387,3,2205,94,30
1288,209,2,388,8,2213,1,80
1289,209,2,389,9,2222,152,90
1290,209,2,390,5,2227,1,50
1291,209,2,391,6,2233,104,60
1292,209,2,392,3,2236,1,30
1293,209,2,393,6,2242,112,60
1294,209,2,394,8,2250,1,80
1295,209,2,395,4,2254,119,40
1296,209,2,396,7,2261,61,70
1297,209,2,397,8,2269,75,80
1298,209,2,398,4,2273,1,40
1299,209,2,399,4,2277,1,40
1300,209,2,400,7,2284,149,70
1301,209,2,401,5,2289,1,50
1302,209,2,402,6,2295,1,60
1303,209,2,403,7,2302,178,70
1304,209,2,404,7,2309,1,70
1305,209,2,405,5,2314,130,50
1306,209,2,406,3,2317,1,30
1307,209,2,407,8,2325,114,80
1308,209,2,408,3,2328,43,30
1309,209,2,409,2,2330,28,20
1310,209,2,410,5,2335,1,50
1311,209,2,411,4,2339,81,40
1312,209,2,412,8,2347,1,80
1313,209,2,413,2,2349,85,20
1314,209,2,414,9,2358,1,90
1315,209,2,415,8,2366,157,80
1316,209,2,416,2,2368,42,20
1317,209,2,417,2,2370,1,20
1318,209,2,418,5,2375,1,50
1319,209,2,419,8,2383,1,80
1320,209,2,420,3,2386,1,30
1321,209,2,421,5,2391,244,50
1322,209,2,422,8,2399,82,80
1323,209,2,423,5,2404,1,50
1324,209,2,424,7,2411,104,70
1325,209,2,425,3,2414,35,30
1326,209,2,426,3,2417,1,30
1327,209,2,427,7,2424,1,70
1328,209,2,428,5,2429,1,50
1329,209,2,429,2,2431,1,20
1330,209,2,430,3,2434,1,30
1331,209,2,431,9,2443,1,90
1332,209,2,432,3,2446,1,30
1333,209,2,433,9,2455,391,90
1334,209,2,434,6,2461,1,60
1335,209,2,435,3,2464,1,30
1336,209,2,436,9,2473,1,90
1337,209,2,437,6,2479,1,60
1338,209,2,438,8,2487,341,80
1339,209,2,439,9,2496,1,90
1340,209,2,440,5,2501,1,50
1341,209,2,441,7,2508,1,70
1342,209,2,442,8,2516,291,80
1343,209,2,443,3,2519,45,30
1344,209,2,444,6,2525,1,60
1345,209,2,445,6,2531,1,60
1346,209,2,446,8,2539,1,80
1347,209,2,447,4,2543,1,40
1348,209,2,448,7,2550,294,70
1349,209,2,449,8,2558,1,80
1350,209,2,450,2,2560,1,20
1351,209,2,451,2,2562,1,20
1352,209,2,452,5,2567,164,50
1353,209,2,453,3,2570,36,30
1354,209,2,454,2,2572,25,20
1355,209,2,455,5,2577,63,50
1356,209,2,456,3,2580,33,30
1357,209,2,457,8,2588,1,80
1358,209,2,458,3,2591,1,30
1359,209,2,459,8,2599,1,80
1360,209,2,460,7,2606,239,70
1361,209,2,461,3,2609,31,30
1362,209,2,462,4,2613,1,40
1363,209,2,463,5,2618,1,50
1364,209,2,464,7,2625,1,70
1365,209,2,465,6,2631,1,60
1366,209,2,466,8,2639,1,80
1367,209,2,467,6,2645,361,60
1368,209,2,468,2,2647,1,20
1369,209,2,469,3,2650,1,30
1370,209,2,470,6,2656,1,60
1371,209,2,471,2,2658,1,20
1372,209,2,472,5,2663,197,50
1373,209,2,473,2,2665,24,20
1374,209,2,474,3,2668,27,30
1375,209,2,475,9,2677,80,90
1376,209,2,476,2,2679,28,20
1377,209,2,477,6,2685,74,60
1378,209,2,478,7,2692,65,70
1379,209,2,479,7,2699,1,70
1380,209,2,480,8,2707,125,80
1381,209,2,481,8,2715,83,80
1382,209,2,482,4,2719,56,40
1383,209,2,483,9,2728,1,90
1384,209,2,484,3,2731,1,30
1385,209,2,485,7,2738,189,70
1386,209,2,486,3,2741,35,30
1387,209,2,487,4,2745,1,40
1388,209,2,488,8,2753,115,80
1389,209,2,489,4,2757,1,40
1390,209,2,490,8,2765,121,80
1391,209,2,491,6,2771,1,60
1392,209,2,492,7,2778,1,70
1393,209,2,493,4,2782,175,40
1394,209,2,494,5,2787,1,50
1395,209,2,495,9,2796,128,90
1396,209,2,496,5,2801,1,50
1397,209,2,497,2,2803,69,20
1398,209,2,498,7,2810,69,70
1399,209,2,499,7,2817,1,70
1400,209,2,500,3,2820,97,30
1401,209,2,501,8,2828,1,80
1402,209,2,502,8,2836,1,80
1403,209,2,503,2,2838,1,20
1404,209,2,504,3,2841,1,30
1405,209,2,505,8,2849,1,80
1406,209,2,506,2,2851,292,20
1407,209,2,507,5,2856,60,50
1408,209,2,508,5,2861,53,50
1409,209,2,509,5,2866,41,50
1410,209,2,510,4,2870,1,40
1411,209,2,511,8,2878,109,80
1412,209,2,512,8,2886,74,80
1413,209,2,513,5,2891,1,50
1414,209,2,514,2,2893,69,20
1415,209,2,515,9,2902,1,90
1416,209,2,516,9,2911,169,90
1417,209,2,517,8,2919,86,80
1418,209,2,518,9,2928,85,90
1419,209,2,519,5,2933,50,50
1420,209,2,520,6,2939,1,60
1421,209,2,521,3,2942,1,30
1422,209,2,522,5,2947,134,50
1423,209,2,523,4,2951,36,40
1424,209,2,524,2,2953,1,20
1425,209,2,525,6,2959,1,60
1426,209,2,526,2,2961,92,20
1427,209,2,527,7,2968,72,70
1428,209,2,528,7,2975,61,70
1429,209,2,529,9,2984,1,90
1430,209,2,530,6,2990,1,60
1431,209,2,531,6,2996,194,60
1432,209,2,532,7,3003,1,70
1433,209,2,533,8,3011,1,80
1434,209,2,534,5,3016,197,50
1435,209,2,535,2,3018,33,20
1436,209,2,536,8,3026,73,80
1437,209,2,537,3,3029,49,30
1438,209,2,538,2,3031,24,20
1439,209,2,539,9,3040,93,90
1440,209,2,540,5,3045,1,50
1441,209,2,541,8,3053,1,80
1442,209,2,542,5,3058,1,50
1443,209,2,543,3,3061,191,30
1444,209,2,544,9,3070,1,90
1445,209,2,545,3,3073,114,30
1446,209,2,546,5,3078,52,50
1447,209,2,547,9,3087,90,90
1448,209,2,548,3,3090,31,30
1449,209,2,549,3,3093,31,30
1450,209,2,550,7,3100,57,70
1451,209,2,551,8,3108,1,80
1452,209,2,552,7,3115,1,70
1453,209,2,553,4,3119,1,40
1454,209,2,554,6,3125,239,60
1455,209,2,555,5,3130,1,50
1456,209,2,556,4,3134,1,40
1457,209,2,557,4,3138,1,40
1458,209,2,558,5,3143,1,50
1459,209,2,559,5,3148,237,50
1460,209,2,560,3,3151,39,30
1461,209,2,561,3,3154,36,30
1462,209,2,562,3,3157,1,30
1463,209,2,563,2,3159,1,20
1464,209,2,564,5,3164,78,50
1465,209,2,565,4,3168,43,40
1466,209,2,566,7,3175,53,70
1467,209,2,567,6,3181,1,60
1468,209,2,568,8,3189,118,80
1469,209,2,569,6,3195,78,60
1470,209,2,570,6,3201,1,60
1471,209,2,571,8,3209,1,80
1472,209,2,572,5,3214,168,50
1473,209,2,573,6,3220,70,60
1474,209,2,574,4,3224,1,40
1475,209,2,575,4,3228,55,40
1476,209,2,576,8,3236,1,80
1477,209,2,577,5,3241,1,50
1478,209,2,578,6,3247,169,60
1479,209,2,579,4,3251,43,40
1480,209,2,580,6,3257,57,60
1481,209,2,581,3,3260,26,30
1482,209,2,582,5,3265,1,50
1483,209,2,583,4,3269,1,40
1484,209,2,584,5,3274,1,50
1485,209,2,585,2,3276,171,20
1486,209,2,586,4,3280,1,40
1487,209,2,587,7,3287,1,70
1488,209,2,588,4,3291,132,40
1489,209,2,589,3,3294,39,30
1490,209,2,590,2,3296,1,20
1491,209,2,591,3,3299,45,30
1492,209,2,592,4,3303,38,40
1493,209,2,593,9,3312,78,90
1494,209,2,594,4,3316,40,40
1495,209,2,595,3,3319,1,30
1496,209,2,596,9,3328,116,90
1497,209,2,597,8,3336,68,80
1498,209,2,598,2,3338,30,20
1499,209,2,599,4,3342,46,40
1500,209,2,600,4,3346,42,40
1501,209,2,601,6,3352,47,60
1502,209,2,602,7,3359,1,70
1503,209,2,603,4,3363,1,40
1504,209,2,604,5,3368,1,50
1505,209,2,605,8,3376,211,80
1506,209,2,606,7,3383,84,70
1507,209,2,607,4,3387,1,40
1508,209,2,608,4,3391,1,40
1509,209,2,609,4,3395,1,40
1510,209,2,610,8,3403,1,80
1511,209,2,611,6,3409,239,60
1512,209,2,612,2,3411,1,20
1513,209,2,613,9,3420,1,90
1514,209,2,614,2,3422,1,20
1515,209,2,615,3,3425,1,30
1516,209,2,616,2,3427,186,20
1517,209,2,617,7,3434,1,70
1518,209,2,618,4,3438,1,40
1519,209,2,619,3,3441,135,30
1520,209,2,620,9,3450,74,90
1521,209,2,621,8,3458,93,80
1522,209,2,622,5,3463,52,50
1523,209,2,623,8,3471,1,80
1524,209,2,624,9,3480,167,90
1525,209,2,625,9,3489,92,90
1526,209,2,626,6,3495,63,60
1527,209,2,627,3,3498,32,30
1528,209,2,628,6,3504,1,60
1529,209,2,629,5,3509,108,50
1530,209,2,630,4,3513,1,40
1531,209,2,631,5,3518,80,50
1532,209,2,632,2,3520,1,20
1533,209,2,633,7,3527,1,70
1534,209,2,634,9,3536,1,90
1535,209,2,635,6,3542,1,60
1536,209,2,636,7,3549,1,70
1537,209,2,637,2,3551,1,20
1538,209,2,638,6,3557,396,60
1539,209,2,639,7,3564,1,70
1540,209,2,640,7,3571,1,70
1541,209,2,641,7,3578,1,70
1542,209,2,642,4,3582,1,40
1543,209,2,643,9,3591,352,90
1544,209,2,644,5,3596,1,50
1545,209,2,645,3,3599,1,30
1546,209,2,646,7,3606,148,70
1547,209,2,647,8,3614,89,80
1548,209,2,648,3,3617,28,30
1549,209,2,649,9,3626,97,90
1550,209,2,650,9,3635,98,90
1551,209,2,651,4,3639,1,40
1552,209,2,652,6,3645,1,60
1553,209,2,653,2,3647,133,20
1554,209,2,654,6,3653,1,60
1555,209,2,655,5,3658,1,50
1556,209,2,656,8,3666,183,80
1557,209,2,657,6,3672,73,60
1558,209,2,658,8,3680,84,80
1559,209,2,659,3,3683,32,30
1560,209,2,660,2,3685,1,20
1561,209,2,661,9,3694,1,90
1562,209,2,662,7,3701,1,70
1563,209,2,663,7,3708,277,70
1564,209,2,664,4,3712,1,40
1565,209,2,665,5,3717,113,50
1566,209,2,666,8,3725,70,80
1567,209,2,667,4,3729,47,40
1568,209,2,668,8,3737,1,80
1569,209,2,669,3,3740,114,30
1570,209,2,670,3,3743,1,30
1571,209,2,671,6,3749,86,60
1572,209,2,672,6,3755,1,60
1573,209,2,673,6,3761,1,60
1574,209,2,674,4,3765,155,40
1575,209,2,675,6,3771,84,60
1576,209,2,676,6,3777,71,60
1577,209,2,677,7,3784,64,70
1578,209,2,678,3,3787,1,30
1579,209,2,679,2,3789,1,20
1580,209,2,680,7,3796,111,70
1581,209,2,681,2,3798,22,20
1582,209,2,682,9,3807,1,90
1583,209,2,683,7,3814,1,70
1584,209,2,684,5,3819,1,50
1585,209,2,685,9,3828,1,90
1586,209,2,686,2,3830,312,20
1587,209,2,687,2,3832,26,20
1588,209,2,688,5,3837,51,50
1589,209,2,689,9,3846,1,90
1590,209,2,690,6,3852,140,60
1591,209,2,691,2,3854,28,20
1592,209,2,692,9,3863,80,90
1593,209,2,693,7,3870,1,70
1594,209,2,694,7,3877,1,70
1595,209,2,695,3,3880,1,30
1596,209,2,696,7,3887,1,70
1597,209,2,697,9,3896,1,90
1598,209,2,698,3,3899,344,30
1599,209,2,699,8,3907,97,80
1600,209,2,700,7,3914,1,70
1601,209,2,701,4,3918,115,40
1602,209,2,702,7,3925,1,70
1603,209,2,703,7,3932,133,70
1604,209,2,704,8,3940,82,80
1605,209,2,705,2,3942,26,20
1606,209,2,706,3,3945,29,30
1607,209,2,707,2,3947,1,20
1608,209,2,708,9,3956,96,90
1609,209,2,709,6,3962,56,60
1610,209,2,710,3,3965,1,30
1611,209,2,711,4,3969,1,40
1612,209,2,712,3,3972,114,30
1613,209,2,713,4,3976,41,40
1614,209,2,714,3,3979,1,30
1615,209,2,715,7,3986,1,70
1616,209,2,716,6,3992,1,60
1617,209,2,717,6,3998,1,60
1618,209,2,718,9,4007,1,90
1619,209,2,719,8,4015,1,80
1620,209,2,720,4,4019,1,40
1621,209,2,721,9,4028,1,90
1622,209,2,722,5,4033,505,50
1623,209,2,723,4,4037,1,40
1624,209,2,724,8,4045,1,80
1625,209,2,725,6,4051,1,60
1626,209,2,726,9,4060,313,90
1627,209,2,727,5,4065,1,50
1628,209,2,728,8,4073,1,80
1629,209,2,729,2,4075,1,20
1630,209,2,730,7,4082,222,70
1631,209,2,731,8,4090,88,80
1632,209,2,732,9,4099,1,90
1633,209,2,733,8,4107,180,80
1634,209,2,734,5,4112,1,50
1635,209,2,735,7,4119,113,70
1636,209,2,736,4,4123,38,40
1637,209,2,737,2,4125,15,20
1638,209,2,738,8,4133,105,80
1639,209,2,739,4,4137,42,40
1640,209,2,740,6,4143,65,60
1641,209,2,741,3,4146,1,30
1642,209,2,742,8,4154,1,80
1643,209,2,743,8,4162,1,80
1644,209,2,744,5,4167,1,50
1645,209,2,745,5,4172,1,50
1646,209,2,746,6,4178,321,60
1647,209,2,747,8,4186,98,80
1648,209,2,748,7,4193,80,70
1649,209,2,749,5,4198,1,50
1650,209,2,750,2,4200,1,20
1651,209,2,751,6,4206,118,60
1652,209,2,752,7,4213,63,70
1653,209,2,753,3,4216,1,30
1654,209,2,754,2,4218,44,20
1655,209,2,755,6,4224,65,60
1656,209,2,756,9,4233,1,90
1657,209,2,757,8,4241,1,80
1658,209,2,758,9,4250,238,90
1659,209,2,759,3,4253,1,30
1660,209,2,760,2,4255,1,20
1661,209,2,761,9,4264,1,90
1662,209,2,762,5,4269,1,50
1663,209,2,763,9,4278,295,90
1664,209,2,764,5,4283,1,50
1665,209,2,765,2,4285,90,20
1666,209,2,766,6,4291,58,60
1667,209,2,767,4,4295,1,40
1668,209,2,768,2,4297,1,20
1669,209,2,769,3,4300,106,30
1670,209,2,770,7,4307,74,70
1671,209,2,771,3,4310,1,30
1672,209,2,772,5,4315,90,50
1673,209,2,773,2,4317,1,20
1674,209,2,774,2,4319,45,20
1675,209,2,775,3,4322,32,30
1676,209,2,776,3,4325,32,30
1677,209,2,777,5,4330,1,50
1678,209,2,778,7,4337,1,70
1679,209,2,779,9,4346,210,90
1680,209,2,780,2,4348,1,20
1681,209,2,781,3,4351,55,30
1682,209,2,782,9,4360,99,90
1683,209,2,783,6,4366,75,60
1684,209,2,784,8,4374,1,80
1685,209,2,785,5,4379,126,50
1686,209,2,786,3,4382,42,30
1687,209,2,787,8,4390,1,80
1688,209,2,788,6,4396,1,60
1689,209,2,789,2,4398,1,20
1690,209,2,790,4,4402,1,40
1691,209,2,791,9,4411,1,90
1692,209,2,792,2,4413,1,20
1693,209,2,793,9,4422,380,90
1694,209,2,794,6,4428,76,60
1695,209,2,795,9,4437,1,90
1696,209,2,796,9,4446,1,90
1697,209,2,797,5,4451,1,50
1698,209,2,798,2,4453,228,20
1699,209,2,799,9,4462,97,90
1700,209,2,800,5,4467,1,50
1701,209,2,801,8,4475,1,80
1702,209,2,802,3,4478,1,30
1703,209,2,803,2,4480,148,20
1704,209,2,804,6,4486,1,60
1705,209,2,805,9,4495,139,90
1706,209,2,806,6,4501,78,60
1707,209,2,807,6,4507,56,60
1708,209,2,808,5,4512,51,50
1709,209,2,809,2,4514,1,20
1710,209,2,810,6,4520,66,60
1711,209,2,811,6,4526,1,60
1712,209,2,812,6,4532,1,60
1713,209,2,813,9,4541,1,90
1714,209,2,814,7,4548,253,70
1715,209,2,815,2,4550,1,20
1716,209,2,816,4,4554,60,40
1717,209,2,817,7,4561,59,70
1718,209,2,818,5,4566,1,50
1719,209,2,819,8,4574,128,80
1720,209,2,820,5,4579,1,50
1721,209,2,821,6,4585,106,60
1722,209,2,822,5,4590,1,50
1723,209,2,823,6,4596,1,60
1724,209,2,824,8,4604,1,80
1725,209,2,825,8,4612,1,80
1726,209,2,826,5,4617,280,50
1727,209,2,827,3,4620,45,30
1728,209,2,828,5,4625,1,50
1729,209,2,829,6,4631,1,60
1730,209,2,830,5,4636,1,50
1731,209,2,831,9,4645,1,90
1732,209,2,832,6,4651,1,60
1733,209,2,833,8,4659,1,80
1734,209,2,834,3,4662,1,30
1735,209,2,835,3,4665,1,30
1736,209,2,836,5,4670,1,50
1737,209,2,837,9,4679,1,90
1738,209,2,838,8,4687,635,80
1739,209,2,839,3,4690,1,30
1740,209,2,840,4,4694,1,40
1741,209,2,841,3,4697,1,30
1742,209,2,842,4,4701,1,40
1743,209,2,843,6,4707,203,60
1744,209,2,844,2,4709,16,20
1745,209,2,845,8,4717,1,80
1746,209,2,846,3,4720,1,30
1747,209,2,847,3,4723,1,30
1748,209,2,848,3,4726,1,30
1749,209,2,849,7,4733,1,70
1750,209,2,850,9,4742,1,90
1751,209,2,851,5,4747,1,50
1752,209,2,852,8,4755,438,80
1753,209,2,853,8,4763,107,80
1754,209,2,854,9,4772,1,90
1755,209,2,855,8,4780,172,80
1756,209,2,856,4,4784,55,40
1757,209,2,857,9,4793,1,90
1758,209,2,858,9,4802,1,90
1759,209,2,859,7,4809,1,70
1760,209,2,860,5,4814,313,50
1761,209,2,861,8,4822,101,80
1762,209,2,862,7,4829,1,70
1763,209,2,863,2,4831,1,20
1764,209,2,864,9,4840,1,90
1765,209,2,865,9,4849,1,90
1766,209,2,866,2,4851,1,20
1767,209,2,867,6,4857,1,60
1768,209,2,868,3,4860,1,30
1769,209,2,869,2,4862,351,20
1770,209,2,870,5,4867,56,50
1771,209,2,871,6,4873,53,60
1772,209,2,872,9,4882,88,90
1773,209,2,873,9,4891,1,90
1774,209,2,874,8,4899,1,80
1775,209,2,875,7,4906,1,70
1776,209,2,876,4,4910,279,40
1777,209,2,877,2,4912,50,20
1778,209,2,878,8,4920,75,80
1779,209,2,879,7,4927,1,70
1780,209,2,880,5,4932,116,50
1781,209,2,881,8,4940,1,80
1782,209,2,882,5,4945,1,50
1783,209,2,883,8,4953,1,80
1784,209,2,884,4,4957,1,40
1785,209,2,885,6,4963,320,60
1786,209,2,886,7,4970,86,70
1787,209,2,887,5,4975,46,50
1788,209,2,888,8,4983,81,80
1789,209,2,889,9,4992,1,90
1790,209,3,1,5,5,59,50
1791,209,3,2,7,12,97,70
1792,209,3,3,4,16,1,40
1793,209,3,4,8,24,127,80
1794,209,3,5,4,28,40,40
1795,209,3,6,7,35,64,70
1796,209,3,7,6,41,1,60
1797,209,3,8,8,49,1,80
1798,209,3,9,6,55,1,60
1799,209,3,10,5,60,245,50
1800,209,3,11,3,63,45,30
1801,209,3,12,5,68,1,50
1802,209,3,13,8,76,1,80
1803,209,3,14,3,79,1,30
1804,209,3,15,7,86,1,70
1805,209,3,16,7,93,1,70
1806,209,3,17,4,97,320,40
1807,209,3,18,3,100,51,30
1808,209,3,19,2,102,26,20
1809,209,3,20,2,104,1,20
1810,209,3,21,6,110,74,60
1811,209,3,22,5,115,53,50
1812,209,3,23,8,123,1,80
1813,209,3,24,4,127,1,40
1814,209,3,25,8,135,201,80
1815,209,3,26,2,137,1,20
1816,209,3,27,6,143,1,60
1817,209,3,28,2,145,104,20
1818,209,3,29,8,153,1,80
1819,209,3,30,4,157,112,40
1820,209,3,31,2,159,20,20
1821,209,3,32,8,167,65,80
1822,209,3,33,3,170,1,30
1823,209,3,34,8,178,1,80
1824,209,3,35,8,186,170,80
1825,209,3,36,4,190,1,40
1826,209,3,37,6,196,1,60
1827,209,3,38,6,202,176,60
1828,209,3,39,8,210,1,80
1829,209,3,40,8,218,1,80
1830,209,3,41,2,220,173,20
1831,209,3,42,9,229,1,90
1832,209,3,43,2,231,119,20
1833,209,3,44,9,240,1,90
1834,209,3,45,5,245,149,50
1835,209,3,46,3,248,1,30
1836,209,3,47,9,257,1,90
1837,209,3,48,2,259,1,20
1838,209,3,49,8,267,1,80
1839,209,3,50,6,273,1,60
1840,209,3,51,3,276,1,30
1841,209,3,52,7,283,352,70
1842,209,3,53,4,287,1,40
1843,209,3,54,2,289,71,20
1844,209,3,55,7,296,1,70
1845,209,3,56,2,298,1,20
1846,209,3,57,3,301,1,30
1847,209,3,58,2,303,128,20
1848,209,3,59,7,310,1,70
1849,209,3,60,5,315,1,50
1850,209,3,61,9,324,212,90
1851,209,3,62,3,327,1,30
1852,209,3,63,4,331,1,40
1853,209,3,64,4,335,1,40
1854,209,3,65,5,340,148,50
1855,209,3,66,8,348,89,80
1856,209,3,67,8,356,1,80
1857,209,3,68,8,364,1,80
1858,209,3,69,2,366,1,20
1859,209,3,70,4,370,1,40
1860,209,3,71,4,374,1,40
1861,209,3,72,5,379,1,50
1862,209,3,73,2,381,312,20
1863,209,3,74,8,389,90,80
1864,209,3,75,6,395,1,60
1865,209,3,76,2,397,92,20
1866,209,3,77,9,406,1,90
1867,209,3,78,2,408,119,20
1868,209,3,79,2,410,1,20
1869,209,3,80,9,419,1,90
1870,209,3,81,3,422,128,30
1871,209,3,82,3,425,35,30
1872,209,3,83,6,431,1,60
1873,209,3,84,6,437,1,60
1874,209,3,85,8,445,193,80
1875,209,3,86,7,452,1,70
1876,209,3,87,5,457,1,50
1877,209,3,88,6,463,1,60
1878,209,3,89,9,472,245,90
1879,209,3,90,9,481,106,90
1880,209,3,91,4,485,38,40
1881,209,3,92,8,493,81,80
1882,209,3,93,7,500,1,70
1883,209,3,94,3,503,92,30
1884,209,3,95,6,509,60,60
1885,209,3,96,6,515,62,60
1886,209,3,97,8,523,66,80
1887,209,3,98,4,527,44,40
1888,209,3,99,9,536,1,90
1889,209,3,100,6,542,146,60
1890,209,3,101,9,551,1,90
1891,209,3,102,9,560,1,90
1892,209,3,103,9,569,245,90
1893,209,3,104,7,576,85,70
1894,209,3,105,9,585,81,90
1895,209,3,106,2,587,1,20
1896,209,3,107,9,596,1,90
1897,209,3,108,8,604,202,80
1898,209,3,109,2,606,26,20
1899,209,3,110,8,614,1,80
1900,209,3,111,9,623,166,90
1901,209,3,112,2,625,1,20
1902,209,3,113,7,632,85,70
1903,209,3,114,6,638,73,60
1904,209,3,115,2,640,19,20
1905,209,3,116,8,648,94,80
1906,209,3,117,9,657,1,90
1907,209,3,118,7,664,155,70
1908,209,3,119,3,667,32,30
1909,209,3,120,8,675,67,80
1910,209,3,121,2,677,1,20
1911,209,3,122,3,680,54,30
1912,209,3,123,5,685,1,50
1913,209,3,124,7,692,1,70
1914,209,3,125,4,696,1,40
1915,209,3,126,2,698,187,20
1916,209,3,127,6,704,67,60
1917,209,3,128,8,712,66,80
1918,209,3,129,6,718,69,60
1919,209,3,130,2,720,25,20
1920,209,3,131,7,727,1,70
1921,209,3,132,6,733,1,60
1922,209,3,133,4,737,1,40
1923,209,3,134,7,744,241,70
1924,209,3,135,9,753,105,90
1925,209,3,136,3,756,31,30
1926,209,3,137,4,760,1,40
1927,209,3,138,6,766,1,60
1928,209,3,139,2,768,129,20
1929,209,3,140,6,774,70,60
1930,209,3,141,2,776,1,20
1931,209,3,142,2,778,1,20
1932,209,3,143,2,780,69,20
1933,209,3,144,2,782,18,20
1934,209,3,145,8,790,77,80
1935,209,3,146,6,796,1,60
1936,209,3,147,8,804,129,80
1937,209,3,148,8,812,107,80
1938,209,3,149,7,819,84,70
1939,209,3,150,6,825,1,60
1940,209,3,151,8,833,1,80
1941,209,3,152,2,835,158,20
1942,209,3,153,8,843,1,80
1943,209,3,154,2,845,1,20
1944,209,3,155,8,853,1,80
1945,209,3,156,4,857,205,40
1946,209,3,157,2,859,1,20
1947,209,3,158,6,865,82,60
1948,209,3,159,3,868,1,30
1949,209,3,160,6,874,1,60
1950,209,3,161,4,878,1,40
1951,209,3,162,3,881,1,30
1952,209,3,163,7,888,218,70
1953,209,3,164,4,892,1,40
1954,209,3,165,6,898,121,60
1955,209,3,166,9,907,94,90
1956,209,3,167,4,911,46,40
1957,209,3,168,3,914,27,30
1958,209,3,169,8,922,1,80
1959,209,3,170,3,925,117,30
1960,209,3,171,6,931,1,60
1961,209,3,172,6,937,1,60
1962,209,3,173,2,939,131,20
1963,209,3,174,8,947,1,80
1964,209,3,175,9,956,188,90
1965,209,3,176,2,958,29,20
1966,209,3,177,3,961,1,30
1967,209,3,178,9,970,1,90
1968,209,3,179,8,978,153,80
1969,209,3,180,2,980,37,20
1970,209,3,181,3,983,1,30
1971,209,3,182,9,992,1,90
1972,209,3,183,2,994,119,20
1973,209,3,184,6,1000,63,60
1974,209,3,185,9,1009,74,90
1975,209,3,186,8,1017,1,80
1976,209,3,187,9,1026,170,90
1977,209,3,188,6,1032,1,60
1978,209,3,189,7,1039,129,70
1979,209,3,190,9,1048,1,90
1980,209,3,191,5,1053,1,50
1981,209,3,192,3,1056,1,30
1982,209,3,193,9,1065,1,90
1983,209,3,194,2,1067,264,20
1984,209,3,195,2,1069,1,20
1985,209,3,196,7,1076,1,70
1986,209,3,197,8,1084,169,80
1987,209,3,198,9,1093,1,90
1988,209,3,199,8,1101,1,80
1989,209,3,200,9,1110,1,90
1990,209,3,201,6,1116,1,60
1991,209,3,202,2,1118,290,20
1992,209,3,203,4,1122,1,40
1993,209,3,204,8,1130,1,80
1994,209,3,205,4,1134,184,40
1995,209,3,206,9,1143,92,90
1996,209,3,207,6,1149,1,60
1997,209,3,208,6,1155,1,60
1998,209,3,209,4,1159,146,40
1999,209,3,210,4,1163,1,40
2000,209,3,211,5,1168,1,50
2001,209,3,212,3,1171,1,30
2002,209,3,213,5,1176,160,50
2003,209,3,214,4,1180,39,40
2004,209,3,215,2,1182,1,20
2005,209,3,216,7,1189,1,70
2006,209,3,217,9,1198,160,90
2007,209,3,218,3,1201,1,30
2008,209,3,219,3,1204,62,30
2009,209,3,220,5,1209,58,50
2010,209,3,221,7,1216,62,70
2011,209,3,222,7,1223,69,70
2012,209,3,223,5,1228,1,50
2013,209,3,224,4,1232,95,40
2014,209,3,225,8,1240,65,80
2015,209,3,226,4,1244,34,40
2016,209,3,227,7,1251,73,70
2017,209,3,228,5,1256,1,50
2018,209,3,229,6,1262,86,60
2019,209,3,230,2,1264,33,20
2020,209,3,231,4,1268,1,40
2021,209,3,232,2,1270,63,20
2022,209,3,233,2,1272,1,20
2023,209,3,234,8,1280,101,80
2024,209,3,235,9,1289,1,90
2025,209,3,236,8,1297,201,80
2026,209,3,237,7,1304,1,70
2027,209,3,238,2,1306,97,20
2028,209,3,239,9,1315,1,90
2029,209,3,240,8,1323,158,80
2030,209,3,241,9,1332,1,90
2031,209,3,242,6,1338,1,60
2032,209,3,243,3,1341,164,30
2033,209,3,244,3,1344,23,30
2034,209,3,245,4,1348,1,40
2035,209,3,246,7,1355,1,70
2036,209,3,247,9,1364,1,90
2037,209,3,248,7,1371,1,70
2038,209,3,249,2,1373,272,20
2039,209,3,250,3,1376,45,30
2040,209,3,251,2,1378,19,20
2041,209,3,252,5,1383,1,50
2042,209,3,253,5,1388,1,50
2043,209,3,254,3,1391,1,30
2044,209,3,255,9,1400,202,90
2045,209,3,256,5,1405,1,50
2046,209,3,257,6,1411,97,60
2047,209,3,258,8,1419,87,80
2048,209,3,259,7,1426,1,70
2049,209,3,260,4,1430,1,40
2050,209,3,261,2,1432,1,20
2051,209,3,262,7,1439,1,70
2052,209,3,263,8,1447,1,80
2053,209,3,264,5,1452,1,50
2054,209,3,265,3,1455,1,30
2055,209,3,266,5,1460,1,50
2056,209,3,267,9,1469,1,90
2057,209,3,268,4,1473,1,40
2058,209,3,269,3,1476,1,30
2059,209,3,270,9,1485,613,90
2060,209,3,271,6,1491,90,60
2061,209,3,272,2,1493,27,20
2062,209,3,273,2,1495,1,20
2063,209,3,274,2,1497,50,20
2064,209,3,275,4,1501,1,40
2065,209,3,276,9,1510,125,90
2066,209,3,277,2,1512,28,20
2067,209,3,278,5,1517,43,50
2068,209,3,279,4,1521,40,40
2069,209,3,280,7,1528,1,70
2070,209,3,281,6,1534,1,60
2071,209,3,282,4,1538,199,40
2072,209,3,283,6,1544,73,60
2073,209,3,284,5,1549,58,50
2074,209,3,285,4,1553,44,40
2075,209,3,286,5,1558,1,50
2076,209,3,287,9,1567,132,90
2077,209,3,288,4,1571,45,40
2078,209,3,289,8,1579,83,80
2079,209,3,290,2,1581,31,20
2080,209,3,291,2,1583,15,20
2081,209,3,292,3,1586,1,30
2082,209,3,293,5,1591,80,50
2083,209,3,294,8,1599,87,80
2084,209,3,295,2,1601,1,20
2085,209,3,296,3,1604,59,30
2086,209,3,297,9,1613,1,90
2087,209,3,298,7,1620,144,70
2088,209,3,299,7,1627,77,70
2089,209,3,300,2,1629,18,20
2090,209,3,301,7,1636,1,70
2091,209,3,302,8,1644,1,80
2092,209,3,303,4,1648,1,40
2093,209,3,304,5,1653,242,50
2094,209,3,305,3,1656,1,30
2095,209,3,306,4,1660,1,40
2096,209,3,307,6,1666,1,60
2097,209,3,308,5,1671,1,50
2098,209,3,309,8,1679,231,80
2099,209,3,310,9,1688,114,90
2100,209,3,311,8,1696,1,80
2101,209,3,312,3,1699,1,30
2102,209,3,313,3,1702,140,30
2103,209,3,314,3,1705,36,30
2104,209,3,315,6,1711,1,60
2105,209,3,316,2,1713,1,20
2106,209,3,317,5,1718,1,50
2107,209,3,318,6,1724,175,60
2108,209,3,319,3,1727,1,30
2109,209,3,320,6,1733,79,60
2110,209,3,321,2,1735,1,20
2111,209,3,322,4,1739,1,40
2112,209,3,323,2,1741,1,20
2113,209,3,324,3,1744,1,30
2114,209,3,325,5,1749,1,50
2115,209,3,326,9,1758,1,90
2116,209,3,327,3,1761,268,30
2117,209,3,328,8,1769,94,80
2118,209,3,329,5,1774,1,50
2119,209,3,330,3,1777,86,30
2120,209,3,331,8,1785,1,80
2121,209,3,332,9,1794,166,90
2122,209,3,333,5,1799,65,50
2123,209,3,334,8,1807,1,80
2124,209,3,335,5,1812,126,50
2125,209,3,336,9,1821,1,90
2126,209,3,337,4,1825,1,40
2127,209,3,338,9,1834,1,90
2128,209,3,339,8,1842,1,80
2129,209,3,340,2,1844,1,20
2130,209,3,341,8,1852,1,80
2131,209,3,342,9,1861,1,90
2132,209,3,343,6,1867,484,60
2133,209,3,344,4,1871,1,40
2134,209,3,345,8,1879,136,80
2135,209,3,346,9,1888,88,90
2136,209,3,347,4,1892,1,40
2137,209,3,348,6,1898,1,60
2138,209,3,349,4,1902,114,40
2139,209,3,350,7,1909,1,70
2140,209,3,351,9,1918,1,90
2141,209,3,352,4,1922,1,40
2142,209,3,353,2,1924,241,20
2143,209,3,354,8,1932,84,80
2144,209,3,355,8,1940,89,80
2145,209,3,356,2,1942,23,20
2146,209,3,357,4,1946,37,40
2147,209,3,358,9,1955,82,90
2148,209,3,359,8,1963,1,80
2149,209,3,360,4,1967,1,40
2150,209,3,361,4,1971,1,40
2151,209,3,362,7,1978,209,70
2152,209,3,363,8,1986,92,80
2153,209,3,364,9,1995,99,90
2154,209,3,365,5,2000,48,50
2155,209,3,366,3,2003,32,30
2156,209,3,367,5,2008,1,50
2157,209,3,368,5,2013,1,50
2158,209,3,369,3,2016,119,30
2159,209,3,370,6,2022,1,60
2160,209,3,371,8,2030,1,80
2161,209,3,372,4,2034,1,40
2162,209,3,373,6,2040,1,60
2163,209,3,374,3,2043,1,30
2164,209,3,375,2,2045,1,20
2165,209,3,376,9,2054,1,90
2166,209,3,377,5,2059,435,50
2167,209,3,378,6,2065,1,60
2168,209,3,379,6,2071,134,60
2169,209,3,380,4,2075,42,40
2170,209,3,381,8,2083,1,80
2171,209,3,382,4,2087,120,40
2172,209,3,383,8,2095,85,80
2173,209,3,384,2,2097,19,20
2174,209,3,385,5,2102,1,50
2175,209,3,386,9,2111,1,90
2176,209,3,387,7,2118,1,70
2177,209,3,388,5,2123,1,50
2178,209,3,389,5,2128,1,50
2179,209,3,390,4,2132,321,40
2180,209,3,391,2,2134,43,20
2181,209,3,392,9,2143,83,90
2182,209,3,393,6,2149,1,60
2183,209,3,394,6,2155,124,60
2184,209,3,395,8,2163,66,80
2185,209,3,396,4,2167,1,40
2186,209,3,397,5,2172,1,50
2187,209,3,398,9,2181,1,90
2188,209,3,399,3,2184,188,30
2189,209,3,400,4,2188,1,40
2190,209,3,401,7,2195,110,70
2191,209,3,402,2,2197,25,20
2192,209,3,403,6,2203,57,60
2193,209,3,404,4,2207,1,40
2194,209,3,405,3,2210,1,30
2195,209,3,406,5,2215,1,50
2196,209,3,407,8,2223,168,80
2197,209,3,408,2,2225,1,20
2198,209,3,409,3,2228,41,30
2199,209,3,410,2,2230,25,20
2200,209,3,411,4,2234,30,40
2201,209,3,412,8,2242,1,80
2202,209,3,413,3,2245,1,30
2203,209,3,414,3,2248,131,30
2204,209,3,415,3,2251,1,30
2205,209,3,416,7,2258,1,70
2206,209,3,417,2,2260,1,20
2207,209,3,418,9,2269,1,90
2208,209,3,419,9,2278,1,90
2209,209,3,420,6,2284,338,60
2210,209,3,421,9,2293,130,90
2211,209,3,422,9,2302,1,90
2212,209,3,423,9,2311,208,90
2213,209,3,424,4,2315,42,40
2214,209,3,425,9,2324,1,90
2215,209,3,426,7,2331,1,70
2216,209,3,427,8,2339,1,80
2217,209,3,428,2,2341,1,20
2218,209,3,429,8,2349,299,80
2219,209,3,430,4,2353,1,40
2220,209,3,431,2,2355,1,20
2221,209,3,432,6,2361,1,60
2222,209,3,433,5,2366,1,50
2223,209,3,434,2,2368,213,20
2224,209,3,435,8,2376,106,80
2225,209,3,436,2,2378,1,20
2226,209,3,437,6,2384,1,60
2227,209,3,438,2,2386,95,20
2228,209,3,439,6,2392,1,60
2229,209,3,440,2,2394,75,20
2230,209,3,441,5,2399,54,50
2231,209,3,442,4,2403,44,40
2232,209,3,443,5,2408,66,50
2233,209,3,444,8,2416,1,80
2234,209,3,445,5,2421,1,50
2235,209,3,446,7,2428,189,70
2236,209,3,447,6,2434,72,60
2237,209,3,448,5,2439,70,50
2238,209,3,449,5,2444,1,50
2239,209,3,450,2,2446,71,20
2240,209,3,451,6,2452,1,60
2241,209,3,452,2,2454,1,20
2242,209,3,453,5,2459,1,50
2243,209,3,454,8,2467,1,80
2244,209,3,455,9,2476,1,90
2245,209,3,456,7,2483,1,70
2246,209,3,457,8,2491,1,80
2247,209,3,458,3,2494,1,30
2248,209,3,459,9,2503,1,90
2249,209,3,460,4,2507,1,40
2250,209,3,461,6,2513,1,60
2251,209,3,462,7,2520,710,70
2252,209,3,463,6,2526,89,60
2253,209,3,464,2,2528,21,20
2254,209,3,465,2,2530,1,20
2255,209,3,466,6,2536,84,60
2256,209,3,467,9,2545,111,90
2257,209,3,468,4,2549,37,40
2258,209,3,469,9,2558,1,90
2259,209,3,470,6,2564,142,60
2260,209,3,471,3,2567,29,30
2261,209,3,472,2,2569,27,20
2262,209,3,473,6,2575,1,60
2263,209,3,474,9,2584,1,90
2264,209,3,475,4,2588,168,40
2265,209,3,476,3,2591,1,30
2266,209,3,477,3,2594,74,30
2267,209,3,478,2,2596,26,20
2268,209,3,479,5,2601,53,50
2269,209,3,480,3,2604,1,30
2270,209,3,481,3,2607,1,30
2271,209,3,482,2,2609,98,20
2272,209,3,483,5,2614,50,50
2273,209,3,484,7,2621,1,70
2274,209,3,485,6,2627,1,60
2275,209,3,486,3,2630,167,30
2276,209,3,487,2,2632,1,20
2277,209,3,488,9,2641,76,90
2278,209,3,489,6,2647,1,60
2279,209,3,490,5,2652,1,50
2280,209,3,491,8,2660,184,80
2281,209,3,492,8,2668,1,80
2282,209,3,493,2,2670,1,20
2283,209,3,494,2,2672,1,20
2284,209,3,495,5,2677,1,50
2285,209,3,496,5,2682,1,50
2286,209,3,497,9,2691,1,90
2287,209,3,498,5,2696,328,50
2288,209,3,499,6,2702,1,60
2289,209,3,500,9,2711,1,90
2290,209,3,501,5,2716,210,50
2291,209,3,502,7,2723,1,70
2292,209,3,503,8,2731,1,80
2293,209,3,504,2,2733,1,20
2294,209,3,505,6,2739,197,60
2295,209,3,506,2,2741,30,20
2296,209,3,507,5,2746,1,50
2297,209,3,508,4,2750,84,40
2298,209,3,509,6,2756,1,60
2299,209,3,510,7,2763,1,70
2300,209,3,511,5,2768,1,50
2301,209,3,512,4,2772,1,40
2302,209,3,513,2,2774,1,20
2303,209,3,514,9,2783,336,90
2304,209,3,515,2,2785,27,20
2305,209,3,516,4,2789,1,40
2306,209,3,517,5,2794,76,50
2307,209,3,518,2,2796,1,20
2308,209,3,519,4,2800,66,40
2309,209,3,520,5,2805,44,50
2310,209,3,521,3,2808,39,30
2311,209,3,522,4,2812,1,40
2312,209,3,523,4,2816,73,40
2313,209,3,524,3,2819,1,30
2314,209,3,525,9,2828,130,90
2315,209,3,526,6,2834,1,60
2316,209,3,527,8,2842,162,80
2317,209,3,528,8,2850,1,80
2318,209,3,529,3,2853,137,30
2319,209,3,530,9,2862,107,90
2320,209,3,531,2,2864,1,20
2321,209,3,532,2,2866,42,20
2322,209,3,533,9,2875,80,90
2323,209,3,534,3,2878,23,30
2324,209,3,535,3,2881,1,30
2325,209,3,536,3,2884,1,30
2326,209,3,537,3,2887,1,30
2327,209,3,538,6,2893,1,60
2328,209,3,539,4,2897,183,40
2329,209,3,540,5,2902,47,50
2330,209,3,541,5,2907,1,50
2331,209,3,542,6,2913,1,60
2332,209,3,543,3,2916,122,30
2333,209,3,544,5,2921,51,50
2334,209,3,545,6,2927,51,60
2335,209,3,546,9,2936,87,90
2336,209,3,547,8,2944,1,80
2337,209,3,548,7,2951,1,70
2338,209,3,549,4,2955,198,40
2339,209,3,550,4,2959,49,40
2340,209,3,551,4,2963,1,40
2341,209,3,552,3,2966,55,30
2342,209,3,553,5,2971,1,50
2343,209,3,554,7,2978,124,70
2344,209,3,555,5,2983,1,50
2345,209,3,556,3,2986,1,30
2346,209,3,557,3,2989,1,30
2347,209,3,558,3,2992,139,30
2348,209,3,559,5,2997,67,50
2349,209,3,560,3,3000,25,30
2350,209,3,561,3,3003,1,30
2351,209,3,562,4,3007,63,40
2352,209,3,563,5,3012,50,50
2353,209,3,564,6,3018,59,60
2354,209,3,565,9,3027,77,90
2355,209,3,566,3,3030,37,30
2356,209,3,567,4,3034,1,40
2357,209,3,568,2,3036,66,20
2358,209,3,569,3,3039,1,30
2359,209,3,570,6,3045,1,60
2360,209,3,571,3,3048,118,30
2361,209,3,572,6,3054,68,60
2362,209,3,573,8,3062,1,80
2363,209,3,574,4,3066,116,40
2364,209,3,575,9,3075,87,90
2365,209,3,576,6,3081,66,60
2366,209,3,577,6,3087,1,60
2367,209,3,578,5,3092,123,50
2368,209,3,579,4,3096,35,40
2369,209,3,580,8,3104,1,80
2370,209,3,581,4,3108,1,40
2371,209,3,582,2,3110,145,20
2372,209,3,583,6,3116,1,60
2373,209,3,584,7,3123,128,70
2374,209,3,585,3,3126,1,30
2375,209,3,586,7,3133,1,70
2376,209,3,587,4,3137,1,40
2377,209,3,588,3,3140,1,30
2378,209,3,589,5,3145,1,50
2379,209,3,590,7,3152,1,70
2380,209,3,591,6,3158,309,60
2381,209,3,592,7,3165,71,70
2382,209,3,593,7,3172,68,70
2383,209,3,594,5,3177,1,50
2384,209,3,595,9,3186,1,90
2385,209,3,596,5,3191,171,50
2386,209,3,597,3,3194,1,30
2387,209,3,598,5,3199,1,50
2388,209,3,599,2,3201,119,20
2389,209,3,600,7,3208,1,70
2390,209,3,601,6,3214,1,60
2391,209,3,602,8,3222,1,80
2392,209,3,603,8,3230,1,80
2393,209,3,604,2,3232,314,20
2394,209,3,605,5,3237,1,50
2395,209,3,606,3,3240,1,30
2396,209,3,607,3,3243,1,30
2397,209,3,608,5,3248,1,50
2398,209,3,609,7,3255,1,70
2399,209,3,610,2,3257,1,20
2400,209,3,611,3,3260,1,30
2401,209,3,612,3,3263,1,30
2402,209,3,613,8,3271,382,80
2403,209,3,614,9,3280,1,90
2404,209,3,615,2,3282,1,20
2405,209,3,616,8,3290,228,80
2406,209,3,617,8,3298,1,80
2407,209,3,618,7,3305,155,70
2408,209,3,619,2,3307,1,20
2409,209,3,620,4,3311,1,40
2410,209,3,621,4,3315,1,40
2411,209,3,622,4,3319,1,40
2412,209,3,623,7,3326,191,70
2413,209,3,624,4,3330,1,40
2414,209,3,625,3,3333,1,30
2415,209,3,626,5,3338,1,50
2416,209,3,627,6,3344,1,60
2417,209,3,628,3,3347,208,30
2418,209,3,629,9,3356,88,90
2419,209,3,630,8,3364,1,80
2420,209,3,631,5,3369,1,50
2421,209,3,632,5,3374,1,50
2422,209,3,633,4,3378,1,40
2423,209,3,634,7,3385,1,70
2424,209,3,635,4,3389,308,40
2425,209,3,636,3,3392,1,30
2426,209,3,637,2,3394,61,20
2427,209,3,638,2,3396,23,20
2428,209,3,639,3,3399,1,30
2429,209,3,640,3,3402,53,30
2430,209,3,641,9,3411,1,90
2431,209,3,642,8,3419,1,80
2432,209,3,643,3,3422,1,30
2433,209,3,644,6,3428,246,60
2434,209,3,645,5,3433,45,50
2435,209,3,646,6,3439,56,60
2436,209,3,647,7,3446,1,70
2437,209,3,648,7,3453,1,70
2438,209,3,649,2,3455,1,20
2439,209,3,650,3,3458,159,30
2440,209,3,651,4,3462,1,40
2441,209,3,652,2,3464,1,20
2442,209,3,653,7,3471,144,70
2443,209,3,654,2,3473,28,20
2444,209,3,655,4,3477,39,40
2445,209,3,656,8,3485,1,80
2446,209,3,657,9,3494,147,90
2447,209,3,658,3,3497,1,30
2448,209,3,659,7,3504,99,70
2449,209,3,660,2,3506,1,20
2450,209,3,661,3,3509,53,30
2451,209,3,662,5,3514,52,50
2452,209,3,663,3,3517,1,30
2453,209,3,664,8,3525,1,80
2454,209,3,665,9,3534,172,90
2455,209,3,666,3,3537,41,30
2456,209,3,667,3,3540,29,30
2457,209,3,668,7,3547,1,70
2458,209,3,669,4,3551,92,40
2459,209,3,670,5,3556,54,50
2460,209,3,671,7,3563,1,70
2461,209,3,672,4,3567,113,40
2462,209,3,673,4,3571,42,40
2463,209,3,674,3,3574,1,30
2464,209,3,675,3,3577,1,30
2465,209,3,676,8,3585,117,80
2466,209,3,677,6,3591,1,60
2467,209,3,678,9,3600,1,90
2468,209,3,679,3,3603,1,30
2469,209,3,680,7,3610,1,70
2470,209,3,681,8,3618,1,80
2471,209,3,682,8,3626,1,80
2472,209,3,683,3,3629,1,30
2473,209,3,684,4,3633,439,40
2474,209,3,685,2,3635,1,20
2475,209,3,686,7,3642,92,70
2476,209,3,687,2,3644,29,20
2477,209,3,688,9,3653,93,90
2478,209,3,689,2,3655,26,20
2479,209,3,690,6,3661,1,60
2480,209,3,691,8,3669,143,80
2481,209,3,692,9,3678,1,90
2482,209,3,693,9,3687,1,90
2483,209,3,694,8,3695,1,80
2484,209,3,695,3,3698,1,30
2485,209,3,696,3,3701,294,30
2486,209,3,697,2,3703,1,20
2487,209,3,698,9,3712,1,90
2488,209,3,699,8,3720,1,80
2489,209,3,700,8,3728,1,80
2490,209,3,701,5,3733,1,50
2491,209,3,702,9,3742,425,90
2492,209,3,703,2,3744,46,20
2493,209,3,704,4,3748,46,40
2494,209,3,705,5,3753,46,50
2495,209,3,706,6,3759,65,60
2496,209,3,707,5,3764,1,50
2497,209,3,708,4,3768,1,40
2498,209,3,709,4,3772,1,40
2499,209,3,710,8,3780,1,80
2500,209,3,711,8,3788,276,80
2501,209,3,712,2,3790,1,20
2502,209,3,713,9,3799,1,90
2503,209,3,714,9,3808,225,90
2504,209,3,715,7,3815,86,70
2505,209,3,716,4,3819,42,40
2506,209,3,717,4,3823,45,40
2507,209,3,718,8,3831,1,80
2508,209,3,719,9,3840,1,90
2509,209,3,720,7,3847,1,70
2510,209,3,721,7,3854,1,70
2511,209,3,722,9,3863,369,90
2512,209,3,723,8,3871,1,80
2513,209,3,724,7,3878,1,70
2514,209,3,725,7,3885,234,70
2515,209,3,726,8,3893,1,80
2516,209,3,727,5,3898,1,50
2517,209,3,728,2,3900,1,20
2518,209,3,729,5,3905,183,50
2519,209,3,730,8,3913,1,80
2520,209,3,731,8,3921,166,80
2521,209,3,732,3,3924,1,30
2522,209,3,733,5,3929,94,50
2523,209,3,734,9,3938,84,90
2524,209,3,735,4,3942,33,40
2525,209,3,736,8,3950,80,80
2526,209,3,737,9,3959,88,90
2527,209,3,738,6,3965,1,60
2528,209,3,739,9,3974,1,90
2529,209,3,740,9,3983,251,90
2530,209,3,741,8,3991,104,80
2531,209,3,742,9,4000,1,90
2532,209,3,743,5,4005,136,50
2533,209,3,744,9,4014,90,90
2534,209,3,745,8,4022,1,80
2535,209,3,746,7,4029,1,70
2536,209,3,747,2,4031,1,20
2537,209,3,748,3,4034,1,30
2538,209,3,749,4,4038,1,40
2539,209,3,750,2,4040,1,20
2540,209,3,751,4,4044,285,40
2541,209,3,752,9,4053,1,90
2542,209,3,753,6,4059,1,60
2543,209,3,754,4,4063,1,40
2544,209,3,755,3,4066,224,30
2545,209,3,756,5,4071,1,50
2546,209,3,757,3,4074,91,30
2547,209,3,758,2,4076,1,20
2548,209,3,759,5,4081,1,50
2549,209,3,760,6,4087,1,60
2550,209,3,761,3,4090,143,30
2551,209,3,762,2,4092,1,20
2552,209,3,763,7,4099,1,70
2553,209,3,764,9,4108,1,90
2554,209,3,765,9,4117,1,90
2555,209,3,766,8,4125,342,80
2556,209,3,767,3,4128,1,30
2557,209,3,768,4,4132,83,40
2558,209,3,769,7,4139,72,70
2559,209,3,770,4,4143,63,40
2560,209,3,771,8,4151,1,80
2561,209,3,772,5,4156,1,50
2562,209,3,773,6,4162,182,60
2563,209,3,774,9,4171,108,90
2564,209,3,775,7,4178,1,70
2565,209,3,776,7,4185,1,70
2566,209,3,777,2,4187,1,20
2567,209,3,778,6,4193,235,60
2568,209,3,779,6,4199,66,60
2569,209,3,780,5,4204,47,50
2570,209,3,781,9,4213,87,90
2571,209,3,782,3,4216,40,30
2572,209,3,783,5,4221,1,50
2573,209,3,784,4,4225,1,40
2574,209,3,785,4,4229,124,40
2575,209,3,786,8,4237,87,80
2576,209,3,787,6,4243,1,60
2577,209,3,788,8,4251,1,80
2578,209,3,789,4,4255,1,40
2579,209,3,790,3,4258,191,30
2580,209,3,791,5,4263,60,50
2581,209,3,792,3,4266,1,30
2582,209,3,793,6,4272,95,60
2583,209,3,794,6,4278,51,60
2584,209,3,795,9,4287,68,90
2585,209,3,796,4,4291,1,40
2586,209,3,797,7,4298,110,70
2587,209,3,798,3,4301,1,30
2588,209,3,799,9,4310,1,90
2589,209,3,800,3,4313,139,30
2590,209,3,801,8,4321,1,80
2591,209,3,802,9,4330,1,90
2592,209,3,803,5,4335,1,50
2593,209,3,804,5,4340,258,50
2594,209,3,805,6,4346,61,60
2595,209,3,806,5,4351,1,50
2596,209,3,807,9,4360,132,90
2597,209,3,808,5,4365,48,50
2598,209,3,809,4,4369,38,40
2599,209,3,810,9,4378,85,90
2600,209,3,811,5,4383,1,50
2601,209,3,812,8,4391,1,80
2602,209,3,813,5,4396,1,50
2603,209,3,814,7,4403,1,70
2604,209,3,815,3,4406,1,30
2605,209,3,816,8,4414,360,80
2606,209,3,817,4,4418,1,40
2607,209,3,818,6,4424,1,60
2608,209,3,819,4,4428,166,40
2609,209,3,820,3,4431,37,30
2610,209,3,821,2,4433,26,20
2611,209,3,822,9,4442,84,90
2612,209,3,823,6,4448,1,60
2613,209,3,824,9,4457,147,90
2614,209,3,825,5,4462,1,50
2615,209,3,826,8,4470,108,80
2616,209,3,827,7,4477,79,70
2617,209,3,828,6,4483,49,60
2618,209,3,829,3,4486,34,30
2619,209,3,830,3,4489,27,30
2620,209,3,831,2,4491,1,20
2621,209,3,832,2,4493,37,20
2622,209,3,833,8,4501,1,80
2623,209,3,834,7,4508,1,70
2624,209,3,835,8,4516,1,80
2625,209,3,836,7,4523,1,70
2626,209,3,837,3,4526,319,30
2627,209,3,838,9,4535,1,90
2628,209,3,839,3,4538,134,30
2629,209,3,840,5,4543,1,50
2630,209,3,841,7,4550,1,70
2631,209,3,842,4,4554,157,40
2632,209,3,843,2,4556,1,20
2633,209,3,844,5,4561,1,50
2634,209,3,845,9,4570,155,90
2635,209,3,846,5,4575,53,50
2636,209,3,847,3,4578,1,30
2637,209,3,848,2,4580,1,20
2638,209,3,849,2,4582,84,20
2639,209,3,850,9,4591,103,90
2640,209,3,851,7,4598,61,70
2641,209,3,852,9,4607,81,90
2642,209,3,853,8,4615,1,80
2643,209,3,854,6,4621,144,60
2644,209,3,855,7,4628,1,70
2645,209,3,856,9,4637,1,90
2646,209,3,857,3,4640,1,30
2647,209,3,858,4,4644,1,40
2648,209,3,859,9,4653,294,90
2649,209,3,860,2,4655,48,20
2650,209,3,861,7,4662,1,70
2651,209,3,862,9,4671,1,90
2652,209,3,863,6,4677,1,60
2653,209,3,864,2,4679,1,20
2654,209,3,865,4,4683,1,40
2655,209,3,866,9,4692,384,90
2656,209,3,867,2,4694,37,20
2657,209,3,868,5,4699,1,50
2658,209,3,869,4,4703,1,40
2659,209,3,870,3,4706,113,30
2660,209,3,871,4,4710,49,40
2661,209,3,872,5,4715,46,50
2662,209,3,873,7,4722,1,70
2663,209,3,874,6,4728,145,60
2664,209,3,875,6,4734,54,60
2665,209,3,876,6,4740,1,60
2666,209,3,877,9,4749,1,90
2667,209,3,878,5,4754,1,50
2668,209,3,879,5,4759,1,50
2669,209,3,880,4,4763,278,40
2670,209,3,881,3,4766,46,30
2671,209,3,882,6,4772,1,60
2672,209,3,883,9,4781,145,90
2673,209,3,884,2,4783,1,20
2674,209,3,885,7,4790,1,70
2675,209,3,886,2,4792,1,20
2676,209,3,887,4,4796,142,40
2677,209,3,888,8,4804,90,80
2678,209,3,889,8,4812,78,80
2679,209,3,890,4,4816,1,40
2680,209,3,891,6,4822,87,60
2681,209,3,892,9,4831,1,90
2682,209,3,893,6,4837,1,60
2683,209,3,894,8,4845,1,80
2684,209,3,895,6,4851,1,60
2685,209,3,896,3,4854,299,30
2686,209,3,897,2,4856,40,20
2687,209,3,898,2,4858,13,20
2688,209,3,899,5,4863,51,50
2689,209,3,900,8,4871,1,80
2690,209,3,901,5,4876,135,50
2691,209,3,902,7,4883,1,70
2692,209,3,903,4,4887,1,40
2693,209,3,904,8,4895,1,80
2694,209,3,905,4,4899,1,40
2695,209,3,906,9,4908,1,90
2696,209,3,907,2,4910,281,20
2697,209,3,908,7,4917,1,70
2698,209,3,909,3,4920,128,30
2699,209,3,910,3,4923,1,30
2700,209,3,911,6,4929,89,60
2701,209,3,912,5,4934,1,50
2702,209,3,913,4,4938,1,40
2703,209,3,914,2,4940,1,20
2704,209,3,915,3,4943,1,30
2705,209,3,916,5,4948,1,50
2706,209,3,917,9,4957,251,90
2707,209,3,918,5,4962,1,50
2708,209,3,919,2,4964,1,20
2709,209,3,920,5,4969,107,50
2710,209,3,921,8,4977,1,80
2711,209,3,922,5,4982,120,50
2712,209,3,923,6,4988,1,60
2713,209,3,924,3,4991,108,30
2714,209,3,925,8,4999,80,80
