,Scenario,Trial,Inspection,Interval,Time,Accumulation,Defects,Rate
0,16,1,1,5,5,51,34,50
1,16,1,2,7,12,82,65,70
2,16,1,3,6,18,65,46,60
3,16,1,4,3,21,51,39,30
4,16,1,5,7,28,96,73,70
5,16,1,6,6,34,82,67,60
6,16,1,7,4,38,54,41,40
7,16,1,8,2,40,39,28,20
8,16,1,9,8,48,106,82,80
9,16,1,10,5,53,77,65,50
10,16,1,11,2,55,29,19,20
11,16,1,12,5,60,56,48,50
12,16,1,13,8,68,91,73,80
13,16,1,14,2,70,34,34,20
14,16,1,15,5,75,50,39,50
15,16,1,16,3,78,36,27,30
16,16,1,17,8,86,93,74,80
17,16,1,18,4,90,67,54,40
18,16,1,19,2,92,33,23,20
19,16,1,20,4,96,40,40,40
20,16,1,21,4,100,32,27,40
21,16,1,22,3,103,39,33,30
22,16,1,23,2,105,21,16,20
23,16,1,24,4,109,37,32,40
24,16,1,25,3,112,45,33,30
25,16,1,26,3,115,40,30,30
26,16,1,27,8,123,92,70,80
27,16,1,28,4,127,60,48,40
28,16,1,29,6,133,80,66,60
29,16,1,30,8,141,83,68,80
30,16,1,31,2,143,40,34,20
31,16,1,32,8,151,74,54,80
32,16,1,33,8,159,106,86,80
33,16,1,34,3,162,53,44,30
34,16,1,35,4,166,59,49,40
35,16,1,36,6,172,76,58,60
36,16,1,37,4,176,59,59,40
37,16,1,38,8,184,84,65,80
38,16,1,39,5,189,70,55,50
39,16,1,40,6,195,71,54,60
40,16,1,41,9,204,109,94,90
41,16,1,42,3,207,46,40,30
42,16,1,43,7,214,68,55,70
43,16,1,44,8,222,86,69,80
44,16,1,45,6,228,67,52,60
45,16,1,46,5,233,65,51,50
46,16,1,47,9,242,112,112,90
47,16,1,48,4,246,47,47,40
48,16,1,49,7,253,73,60,70
49,16,1,50,3,256,41,41,30
50,16,1,51,2,258,15,10,20
51,16,1,52,5,263,64,51,50
52,16,1,53,2,265,35,28,20
53,16,1,54,3,268,36,29,30
54,16,1,55,3,271,36,28,30
55,16,1,56,3,274,40,40,30
56,16,1,57,7,281,64,51,70
57,16,1,58,8,289,84,73,80
58,16,1,59,5,294,67,51,50
59,16,1,60,2,296,38,32,20
60,16,1,61,9,305,96,77,90
61,16,1,62,3,308,55,46,30
62,16,1,63,7,315,80,80,70
63,16,1,64,8,323,81,69,80
64,16,1,65,2,325,34,26,20
65,16,1,66,8,333,95,95,80
66,16,1,67,3,336,32,21,30
67,16,1,68,9,345,105,85,90
68,16,1,69,5,350,74,59,50
69,16,1,70,6,356,75,62,60
70,16,1,71,3,359,41,30,30
71,16,1,72,4,363,52,44,40
72,16,1,73,2,365,43,36,20
73,16,1,74,8,373,68,54,80
74,16,1,75,8,381,124,90,80
75,16,1,76,9,390,130,104,90
76,16,1,77,8,398,97,78,80
77,16,1,78,8,406,95,70,80
78,16,1,79,9,415,116,88,90
79,16,1,80,9,424,107,88,90
80,16,1,81,7,431,99,79,70
81,16,1,82,3,434,48,48,30
82,16,1,83,2,436,26,24,20
83,16,1,84,8,444,73,54,80
84,16,1,85,3,447,50,37,30
85,16,1,86,9,456,104,87,90
86,16,1,87,6,462,75,57,60
87,16,1,88,2,464,43,34,20
88,16,1,89,6,470,72,61,60
89,16,1,90,7,477,87,69,70
90,16,1,91,9,486,111,88,90
91,16,1,92,5,491,64,49,50
92,16,1,93,4,495,60,44,40
93,16,1,94,6,501,74,66,60
94,16,1,95,4,505,43,26,40
95,16,1,96,2,507,31,23,20
96,16,1,97,2,509,35,27,20
97,16,1,98,2,511,22,14,20
98,16,1,99,3,514,48,41,30
99,16,1,100,4,518,54,43,40
100,16,1,101,6,524,71,56,60
101,16,1,102,9,533,103,82,90
102,16,1,103,6,539,77,77,60
103,16,1,104,4,543,37,30,40
104,16,1,105,7,550,71,71,70
105,16,1,106,6,556,66,56,60
106,16,1,107,3,559,36,28,30
107,16,1,108,6,565,61,43,60
108,16,1,109,8,573,109,89,80
109,16,1,110,6,579,81,61,60
110,16,1,111,6,585,93,73,60
111,16,1,112,7,592,110,94,70
112,16,1,113,5,597,72,61,50
113,16,1,114,9,606,98,98,90
114,16,1,115,7,613,71,58,70
115,16,1,116,8,621,97,80,80
116,16,1,117,8,629,105,84,80
117,16,1,118,7,636,83,70,70
118,16,1,119,5,641,58,49,50
119,16,1,120,6,647,83,69,60
120,16,1,121,5,652,57,49,50
121,16,1,122,5,657,68,68,50
122,16,1,123,5,662,48,39,50
123,16,1,124,4,666,56,56,40
124,16,1,125,9,675,81,60,90
125,16,1,126,5,680,76,60,50
126,16,1,127,5,685,66,49,50
127,16,1,128,4,689,57,48,40
128,16,1,129,5,694,57,46,50
129,16,1,130,2,696,27,24,20
130,16,1,131,6,702,74,62,60
131,16,1,132,4,706,62,51,40
132,16,1,133,7,713,70,59,70
133,16,1,134,3,716,41,32,30
134,16,1,135,5,721,72,56,50
135,16,1,136,3,724,49,39,30
136,16,1,137,8,732,86,72,80
137,16,1,138,9,741,96,96,90
138,16,1,139,7,748,77,65,70
139,16,1,140,6,754,64,53,60
140,16,1,141,8,762,106,86,80
141,16,1,142,7,769,79,53,70
142,16,1,143,3,772,54,36,30
143,16,1,144,5,777,70,57,50
144,16,1,145,6,783,74,60,60
145,16,1,146,4,787,59,48,40
146,16,1,147,2,789,30,30,20
147,16,1,148,9,798,88,66,90
148,16,1,149,6,804,80,66,60
149,16,1,150,5,809,62,49,50
150,16,1,151,7,816,79,65,70
151,16,1,152,3,819,38,32,30
152,16,1,153,6,825,63,51,60
153,16,1,154,9,834,109,79,90
154,16,1,155,5,839,71,59,50
155,16,1,156,2,841,35,22,20
156,16,1,157,4,845,60,47,40
157,16,1,158,2,847,37,29,20
158,16,1,159,3,850,42,34,30
159,16,1,160,2,852,28,19,20
160,16,1,161,6,858,67,55,60
161,16,1,162,2,860,32,26,20
162,16,1,163,7,867,88,65,70
163,16,1,164,5,872,87,71,50
164,16,1,165,2,874,33,24,20
165,16,1,166,4,878,57,48,40
166,16,1,167,2,880,24,20,20
167,16,1,168,2,882,28,22,20
168,16,1,169,5,887,69,56,50
169,16,1,170,6,893,86,69,60
170,16,1,171,8,901,105,84,80
171,16,1,172,8,909,92,74,80
172,16,1,173,4,913,58,47,40
173,16,1,174,9,922,93,72,90
174,16,1,175,3,925,44,35,30
175,16,1,176,9,934,99,77,90
176,16,1,177,2,936,37,29,20
177,16,1,178,3,939,37,29,30
178,16,1,179,9,948,97,66,90
179,16,1,180,9,957,126,91,90
180,16,1,181,7,964,103,86,70
181,16,1,182,3,967,54,45,30
182,16,1,183,7,974,73,58,70
183,16,1,184,8,982,94,67,80
184,16,1,185,6,988,83,68,60
185,16,1,186,7,995,94,80,70
186,16,1,187,2,997,28,22,20
187,16,1,188,6,1003,72,62,60
188,16,1,189,5,1008,61,49,50
189,16,1,190,2,1010,39,28,20
190,16,1,191,4,1014,40,33,40
191,16,1,192,8,1022,78,50,80
192,16,1,193,5,1027,76,66,50
193,16,1,194,2,1029,28,21,20
194,16,1,195,6,1035,68,49,60
195,16,1,196,3,1038,54,45,30
196,16,1,197,6,1044,80,80,60
197,16,1,198,8,1052,91,69,80
198,16,1,199,6,1058,83,68,60
199,16,1,200,5,1063,65,54,50
200,16,1,201,6,1069,74,74,60
201,16,1,202,3,1072,36,28,30
202,16,1,203,8,1080,96,72,80
203,16,1,204,9,1089,119,90,90
204,16,1,205,5,1094,85,67,50
205,16,1,206,8,1102,101,79,80
206,16,1,207,6,1108,85,73,60
207,16,1,208,2,1110,38,31,20
208,16,1,209,4,1114,49,40,40
209,16,1,210,6,1120,64,49,60
210,16,1,211,9,1129,91,80,90
211,16,1,212,7,1136,85,71,70
212,16,1,213,9,1145,97,97,90
213,16,1,214,4,1149,46,33,40
214,16,1,215,4,1153,46,31,40
215,16,1,216,8,1161,89,62,80
216,16,1,217,2,1163,43,36,20
217,16,1,218,2,1165,24,20,20
218,16,1,219,3,1168,41,32,30
219,16,1,220,2,1170,25,24,20
220,16,1,221,6,1176,62,48,60
221,16,1,222,9,1185,103,82,90
222,16,1,223,6,1191,68,54,60
223,16,1,224,6,1197,60,46,60
224,16,1,225,4,1201,58,40,40
225,16,1,226,3,1204,48,32,30
226,16,1,227,8,1212,95,67,80
227,16,1,228,3,1215,67,51,30
228,16,1,229,6,1221,89,68,60
229,16,1,230,9,1230,123,105,90
230,16,1,231,3,1233,42,33,30
231,16,1,232,3,1236,34,27,30
232,16,1,233,3,1239,37,30,30
233,16,1,234,5,1244,53,44,50
234,16,1,235,5,1249,49,40,50
235,16,1,236,9,1258,95,71,90
236,16,1,237,9,1267,116,116,90
237,16,1,238,4,1271,43,33,40
238,16,1,239,6,1277,69,59,60
239,16,1,240,8,1285,73,64,80
240,16,1,241,8,1293,85,62,80
241,16,1,242,6,1299,95,68,60
242,16,1,243,5,1304,86,69,50
243,16,1,244,3,1307,38,30,30
244,16,1,245,9,1316,81,65,90
245,16,1,246,6,1322,92,62,60
246,16,1,247,5,1327,93,75,50
247,16,1,248,8,1335,106,78,80
248,16,1,249,7,1342,81,65,70
249,16,1,250,5,1347,76,60,50
250,16,1,251,2,1349,37,28,20
251,16,1,252,5,1354,71,60,50
252,16,1,253,4,1358,51,40,40
253,16,1,254,4,1362,48,42,40
254,16,1,255,8,1370,88,76,80
255,16,1,256,9,1379,111,94,90
256,16,1,257,8,1387,97,81,80
257,16,1,258,3,1390,49,45,30
258,16,1,259,9,1399,111,86,90
259,16,1,260,4,1403,58,43,40
260,16,1,261,8,1411,105,86,80
261,16,1,262,3,1414,48,38,30
262,16,1,263,5,1419,58,42,50
263,16,1,264,5,1424,67,52,50
264,16,1,265,8,1432,86,66,80
265,16,1,266,4,1436,58,50,40
266,16,1,267,9,1445,83,71,90
267,16,1,268,9,1454,102,80,90
268,16,1,269,3,1457,55,55,30
269,16,1,270,6,1463,54,37,60
270,16,1,271,9,1472,109,94,90
271,16,1,272,2,1474,37,30,20
272,16,1,273,3,1477,35,28,30
273,16,1,274,3,1480,43,31,30
274,16,1,275,3,1483,29,24,30
275,16,1,276,6,1489,64,49,60
276,16,1,277,8,1497,98,80,80
277,16,1,278,3,1500,42,32,30
278,16,1,279,8,1508,95,71,80
279,16,1,280,8,1516,113,88,80
280,16,1,281,3,1519,53,44,30
281,16,1,282,6,1525,74,60,60
282,16,1,283,3,1528,32,26,30
283,16,1,284,2,1530,26,19,20
284,16,1,285,8,1538,91,71,80
285,16,1,286,8,1546,109,88,80
286,16,1,287,3,1549,41,37,30
287,16,1,288,7,1556,81,68,70
288,16,1,289,3,1559,47,35,30
289,16,1,290,7,1566,72,53,70
290,16,1,291,6,1572,76,60,60
291,16,1,292,2,1574,44,33,20
292,16,1,293,4,1578,48,41,40
293,16,1,294,4,1582,49,42,40
294,16,1,295,3,1585,34,21,30
295,16,1,296,9,1594,100,81,90
296,16,1,297,8,1602,92,67,80
297,16,1,298,2,1604,47,37,20
298,16,1,299,6,1610,69,55,60
299,16,1,300,3,1613,42,32,30
300,16,1,301,7,1620,77,53,70
301,16,1,302,8,1628,107,89,80
302,16,1,303,3,1631,53,36,30
303,16,1,304,8,1639,91,70,80
304,16,1,305,2,1641,40,28,20
305,16,1,306,7,1648,97,81,70
306,16,1,307,5,1653,72,64,50
307,16,1,308,8,1661,81,60,80
308,16,1,309,4,1665,62,50,40
309,16,1,310,4,1669,61,61,40
310,16,1,311,2,1671,21,16,20
311,16,1,312,5,1676,48,38,50
312,16,1,313,3,1679,37,32,30
313,16,1,314,2,1681,17,13,20
314,16,1,315,6,1687,68,51,60
315,16,1,316,6,1693,69,55,60
316,16,1,317,8,1701,88,74,80
317,16,1,318,7,1708,81,66,70
318,16,1,319,4,1712,62,47,40
319,16,1,320,7,1719,90,73,70
320,16,1,321,7,1726,84,68,70
321,16,1,322,8,1734,111,88,80
322,16,1,323,6,1740,84,64,60
323,16,1,324,9,1749,103,81,90
324,16,1,325,4,1753,59,46,40
325,16,1,326,2,1755,39,31,20
326,16,1,327,8,1763,91,70,80
327,16,1,328,4,1767,55,42,40
328,16,1,329,6,1773,91,71,60
329,16,1,330,6,1779,91,71,60
330,16,1,331,4,1783,60,49,40
331,16,1,332,8,1791,105,81,80
332,16,1,333,5,1796,77,57,50
333,16,1,334,8,1804,117,93,80
334,16,1,335,5,1809,68,68,50
335,16,1,336,4,1813,36,28,40
336,16,1,337,5,1818,62,51,50
337,16,1,338,3,1821,39,32,30
338,16,1,339,7,1828,71,59,70
339,16,1,340,8,1836,80,65,80
340,16,1,341,2,1838,39,30,20
341,16,1,342,7,1845,86,68,70
342,16,1,343,8,1853,106,83,80
343,16,1,344,7,1860,98,80,70
344,16,1,345,6,1866,84,68,60
345,16,1,346,8,1874,106,88,80
346,16,1,347,4,1878,54,48,40
347,16,1,348,7,1885,70,70,70
348,16,1,349,8,1893,94,77,80
349,16,1,350,8,1901,96,71,80
350,16,1,351,3,1904,59,41,30
351,16,1,352,3,1907,48,38,30
352,16,1,353,8,1915,91,71,80
353,16,1,354,2,1917,43,30,20
354,16,1,355,6,1923,69,49,60
355,16,1,356,9,1932,116,96,90
356,16,1,357,2,1934,33,26,20
357,16,1,358,8,1942,91,91,80
358,16,1,359,7,1949,57,38,70
359,16,1,360,2,1951,31,24,20
360,16,1,361,2,1953,28,25,20
361,16,1,362,3,1956,41,37,30
362,16,1,363,8,1964,82,56,80
363,16,1,364,4,1968,56,46,40
364,16,1,365,6,1974,74,74,60
365,16,1,366,2,1976,30,22,20
366,16,1,367,5,1981,59,47,50
367,16,1,368,9,1990,101,81,90
368,16,1,369,6,1996,70,52,60
369,16,1,370,9,2005,118,97,90
370,16,1,371,5,2010,62,47,50
371,16,1,372,8,2018,97,76,80
372,16,1,373,5,2023,64,57,50
373,16,1,374,9,2032,88,72,90
374,16,1,375,6,2038,87,66,60
375,16,1,376,3,2041,55,43,30
376,16,1,377,2,2043,40,32,20
377,16,1,378,6,2049,61,50,60
378,16,1,379,2,2051,35,31,20
379,16,1,380,2,2053,18,12,20
380,16,1,381,8,2061,85,67,80
381,16,1,382,9,2070,118,93,90
382,16,1,383,4,2074,56,41,40
383,16,1,384,3,2077,59,47,30
384,16,1,385,9,2086,92,92,90
385,16,1,386,5,2091,49,38,50
386,16,1,387,4,2095,67,55,40
387,16,1,388,3,2098,39,30,30
388,16,1,389,9,2107,100,75,90
389,16,1,390,6,2113,84,65,60
390,16,1,391,3,2116,43,39,30
391,16,1,392,2,2118,22,18,20
392,16,1,393,5,2123,58,47,50
393,16,1,394,8,2131,87,72,80
394,16,1,395,8,2139,92,76,80
395,16,1,396,5,2144,65,47,50
396,16,1,397,2,2146,38,27,20
397,16,1,398,2,2148,34,28,20
398,16,1,399,9,2157,87,76,90
399,16,1,400,5,2162,62,47,50
400,16,1,401,8,2170,102,84,80
401,16,1,402,7,2177,114,83,70
402,16,1,403,8,2185,115,94,80
403,16,1,404,7,2192,87,70,70
404,16,1,405,8,2200,91,74,80
405,16,1,406,5,2205,65,53,50
406,16,1,407,4,2209,52,35,40
407,16,1,408,6,2215,73,56,60
408,16,1,409,2,2217,40,31,20
409,16,1,410,9,2226,87,74,90
410,16,1,411,9,2235,115,97,90
411,16,1,412,4,2239,61,46,40
412,16,1,413,2,2241,41,28,20
413,16,1,414,9,2250,103,78,90
414,16,1,415,8,2258,118,88,80
415,16,1,416,7,2265,115,94,70
416,16,1,417,6,2271,93,81,60
417,16,1,418,9,2280,99,73,90
418,16,1,419,3,2283,49,42,30
419,16,1,420,4,2287,42,32,40
420,16,1,421,9,2296,88,69,90
421,16,1,422,9,2305,109,89,90
422,16,1,423,3,2308,54,43,30
423,16,1,424,9,2317,81,69,90
424,16,1,425,2,2319,29,29,20
425,16,1,426,5,2324,53,36,50
426,16,1,427,5,2329,62,49,50
427,16,1,428,3,2332,40,30,30
428,16,1,429,4,2336,52,44,40
429,16,1,430,9,2345,103,87,90
430,16,1,431,4,2349,68,54,40
431,16,1,432,8,2357,74,57,80
432,16,1,433,9,2366,94,74,90
433,16,1,434,8,2374,107,86,80
434,16,1,435,7,2381,106,85,70
435,16,1,436,7,2388,98,75,70
436,16,1,437,2,2390,40,32,20
437,16,1,438,2,2392,23,16,20
438,16,1,439,7,2399,76,58,70
439,16,1,440,2,2401,44,39,20
440,16,1,441,6,2407,80,60,60
441,16,1,442,4,2411,55,40,40
442,16,1,443,3,2414,46,32,30
443,16,1,444,9,2423,104,104,90
444,16,1,445,2,2425,16,14,20
445,16,1,446,3,2428,32,25,30
446,16,1,447,9,2437,90,72,90
447,16,1,448,9,2446,113,113,90
448,16,1,449,5,2451,51,41,50
449,16,1,450,5,2456,61,50,50
450,16,1,451,7,2463,71,55,70
451,16,1,452,7,2470,83,66,70
452,16,1,453,8,2478,92,72,80
453,16,1,454,8,2486,86,69,80
454,16,1,455,5,2491,60,48,50
455,16,1,456,9,2500,102,79,90
456,16,1,457,6,2506,80,63,60
457,16,1,458,4,2510,58,49,40
458,16,1,459,6,2516,65,65,60
459,16,1,460,7,2523,72,63,70
460,16,1,461,7,2530,71,59,70
461,16,1,462,6,2536,61,48,60
462,16,1,463,6,2542,70,54,60
463,16,1,464,5,2547,56,49,50
464,16,1,465,3,2550,39,32,30
465,16,1,466,2,2552,26,22,20
466,16,1,467,2,2554,24,19,20
467,16,1,468,8,2562,70,54,80
468,16,1,469,8,2570,90,61,80
469,16,1,470,7,2577,97,75,70
470,16,1,471,9,2586,104,83,90
471,16,1,472,4,2590,62,48,40
472,16,1,473,5,2595,67,54,50
473,16,1,474,7,2602,79,65,70
474,16,1,475,4,2606,42,31,40
475,16,1,476,8,2614,75,54,80
476,16,1,477,2,2616,38,34,20
477,16,1,478,5,2621,62,54,50
478,16,1,479,9,2630,98,78,90
479,16,1,480,7,2637,93,72,70
480,16,1,481,6,2643,82,69,60
481,16,1,482,8,2651,102,81,80
482,16,1,483,5,2656,69,50,50
483,16,1,484,2,2658,39,33,20
484,16,1,485,7,2665,68,57,70
485,16,1,486,8,2673,95,75,80
486,16,1,487,3,2676,48,36,30
487,16,1,488,6,2682,60,46,60
488,16,1,489,3,2685,37,29,30
489,16,1,490,4,2689,66,56,40
490,16,1,491,2,2691,27,18,20
491,16,1,492,4,2695,42,34,40
492,16,1,493,6,2701,67,53,60
493,16,1,494,3,2704,51,41,30
494,16,1,495,4,2708,37,26,40
495,16,1,496,8,2716,92,72,80
496,16,1,497,3,2719,50,36,30
497,16,1,498,4,2723,55,43,40
498,16,1,499,2,2725,31,21,20
499,16,1,500,8,2733,85,66,80
500,16,1,501,2,2735,37,31,20
501,16,1,502,5,2740,48,39,50
502,16,1,503,4,2744,53,35,40
503,16,1,504,2,2746,34,29,20
504,16,1,505,8,2754,82,66,80
505,16,1,506,2,2756,41,31,20
506,16,1,507,9,2765,96,71,90
507,16,1,508,8,2773,114,86,80
508,16,1,509,5,2778,84,65,50
509,16,1,510,5,2783,77,59,50
510,16,1,511,4,2787,59,47,40
511,16,1,512,5,2792,57,47,50
512,16,1,513,4,2796,42,32,40
513,16,1,514,2,2798,25,17,20
514,16,1,515,7,2805,88,68,70
515,16,1,516,5,2810,76,61,50
516,16,1,517,3,2813,42,33,30
517,16,1,518,7,2820,70,52,70
518,16,1,519,2,2822,34,28,20
519,16,1,520,6,2828,59,47,60
520,16,1,521,7,2835,79,60,70
521,16,1,522,6,2841,92,71,60
522,16,1,523,8,2849,113,88,80
523,16,1,524,6,2855,79,65,60
524,16,1,525,8,2863,104,90,80
525,16,1,526,8,2871,92,71,80
526,16,1,527,5,2876,73,50,50
527,16,1,528,2,2878,38,31,20
528,16,1,529,4,2882,54,44,40
529,16,1,530,6,2888,74,56,60
530,16,1,531,9,2897,127,99,90
531,16,1,532,3,2900,58,51,30
532,16,1,533,3,2903,39,33,30
533,16,1,534,6,2909,70,59,60
534,16,1,535,3,2912,43,39,30
535,16,1,536,8,2920,82,66,80
536,16,1,537,9,2929,95,72,90
537,16,1,538,5,2934,78,60,50
538,16,1,539,5,2939,69,56,50
539,16,1,540,9,2948,108,84,90
540,16,1,541,8,2956,96,81,80
541,16,1,542,3,2959,44,35,30
542,16,1,543,5,2964,56,46,50
543,16,1,544,7,2971,78,61,70
544,16,1,545,5,2976,63,54,50
545,16,1,546,9,2985,90,72,90
546,16,1,547,8,2993,99,72,80
547,16,1,548,4,2997,64,50,40
548,16,1,549,8,3005,80,65,80
549,16,1,550,8,3013,73,61,80
550,16,1,551,8,3021,78,60,80
551,16,1,552,2,3023,44,34,20
552,16,1,553,5,3028,59,45,50
553,16,1,554,9,3037,108,84,90
554,16,1,555,7,3044,95,81,70
555,16,1,556,8,3052,83,67,80
556,16,1,557,4,3056,58,43,40
557,16,1,558,7,3063,72,55,70
558,16,1,559,2,3065,43,30,20
559,16,1,560,7,3072,108,88,70
560,16,1,561,5,3077,63,50,50
561,16,1,562,9,3086,103,81,90
562,16,1,563,6,3092,85,69,60
563,16,1,564,9,3101,100,78,90
564,16,1,565,8,3109,105,83,80
565,16,1,566,6,3115,80,58,60
566,16,1,567,7,3122,106,81,70
567,16,1,568,6,3128,95,73,60
568,16,1,569,4,3132,52,37,40
569,16,1,570,7,3139,91,91,70
570,16,1,571,7,3146,75,62,70
571,16,1,572,4,3150,60,45,40
572,16,1,573,2,3152,33,24,20
573,16,1,574,4,3156,48,41,40
574,16,1,575,7,3163,67,54,70
575,16,1,576,3,3166,39,29,30
576,16,1,577,5,3171,56,48,50
577,16,1,578,6,3177,69,50,60
578,16,1,579,9,3186,107,86,90
579,16,1,580,6,3192,77,62,60
580,16,1,581,8,3200,85,63,80
581,16,1,582,2,3202,49,39,20
582,16,1,583,2,3204,28,22,20
583,16,1,584,7,3211,80,62,70
584,16,1,585,3,3214,45,34,30
585,16,1,586,8,3222,89,72,80
586,16,1,587,3,3225,50,37,30
587,16,1,588,7,3232,90,62,70
588,16,1,589,5,3237,81,68,50
589,16,1,590,5,3242,67,56,50
590,16,1,591,3,3245,44,30,30
591,16,1,592,8,3253,70,53,80
592,16,1,593,2,3255,34,24,20
593,16,1,594,2,3257,28,21,20
594,16,1,595,6,3263,81,66,60
595,16,1,596,2,3265,30,24,20
596,16,1,597,7,3272,84,62,70
597,16,1,598,7,3279,88,68,70
598,16,1,599,4,3283,74,57,40
599,16,1,600,2,3285,41,35,20
600,16,1,601,6,3291,77,54,60
601,16,1,602,2,3293,45,39,20
602,16,1,603,2,3295,26,18,20
603,16,1,604,3,3298,30,26,30
604,16,1,605,8,3306,86,72,80
605,16,1,606,3,3309,40,33,30
606,16,1,607,7,3316,85,71,70
607,16,1,608,3,3319,42,38,30
608,16,1,609,9,3328,87,64,90
609,16,1,610,8,3336,117,94,80
610,16,1,611,2,3338,54,41,20
611,16,1,612,2,3340,37,28,20
612,16,1,613,2,3342,33,28,20
613,16,1,614,6,3348,73,54,60
614,16,1,615,6,3354,80,63,60
615,16,1,616,4,3358,57,45,40
616,16,1,617,5,3363,73,62,50
617,16,1,618,7,3370,87,70,70
618,16,1,619,2,3372,37,27,20
619,16,1,620,8,3380,107,87,80
620,16,1,621,6,3386,82,66,60
621,16,1,622,3,3389,48,39,30
622,16,1,623,8,3397,91,70,80
623,16,1,624,4,3401,55,41,40
624,16,1,625,2,3403,31,21,20
625,16,1,626,7,3410,85,64,70
626,16,1,627,7,3417,89,72,70
627,16,1,628,9,3426,111,86,90
628,16,1,629,3,3429,64,43,30
629,16,1,630,5,3434,69,52,50
630,16,1,631,3,3437,45,33,30
631,16,1,632,2,3439,36,32,20
632,16,1,633,4,3443,39,27,40
633,16,1,634,8,3451,102,82,80
634,16,1,635,6,3457,79,64,60
635,16,1,636,7,3464,90,77,70
636,16,1,637,6,3470,65,53,60
637,16,1,638,7,3477,80,65,70
638,16,1,639,2,3479,40,31,20
639,16,1,640,2,3481,33,23,20
640,16,1,641,3,3484,33,27,30
641,16,1,642,2,3486,28,22,20
642,16,1,643,3,3489,31,25,30
643,16,1,644,9,3498,99,81,90
644,16,1,645,7,3505,109,86,70
645,16,1,646,2,3507,44,35,20
646,16,1,647,8,3515,90,68,80
647,16,1,648,3,3518,50,38,30
648,16,1,649,7,3525,88,73,70
649,16,1,650,7,3532,89,76,70
650,16,1,651,7,3539,78,63,70
651,16,1,652,6,3545,73,61,60
652,16,1,653,3,3548,45,33,30
653,16,1,654,6,3554,72,56,60
654,16,1,655,4,3558,59,48,40
655,16,1,656,2,3560,31,31,20
656,16,1,657,9,3569,122,100,90
657,16,1,658,2,3571,33,33,20
658,16,1,659,6,3577,61,35,60
659,16,1,660,7,3584,94,77,70
660,16,1,661,6,3590,86,68,60
661,16,1,662,7,3597,92,75,70
662,16,1,663,2,3599,41,29,20
663,16,1,664,7,3606,90,66,70
664,16,1,665,5,3611,79,55,50
665,16,1,666,5,3616,75,61,50
666,16,1,667,3,3619,41,41,30
667,16,1,668,8,3627,78,60,80
668,16,1,669,8,3635,105,81,80
669,16,1,670,8,3643,111,85,80
670,16,1,671,7,3650,91,74,70
671,16,1,672,7,3657,82,73,70
672,16,1,673,2,3659,32,24,20
673,16,1,674,6,3665,72,49,60
674,16,1,675,5,3670,64,52,50
675,16,1,676,3,3673,41,31,30
676,16,1,677,6,3679,73,40,60
677,16,1,678,7,3686,109,90,70
678,16,1,679,7,3693,98,73,70
679,16,1,680,6,3699,81,60,60
680,16,1,681,2,3701,46,35,20
681,16,1,682,9,3710,110,90,90
682,16,1,683,8,3718,97,74,80
683,16,1,684,3,3721,50,37,30
684,16,1,685,4,3725,54,48,40
685,16,1,686,4,3729,53,43,40
686,16,1,687,3,3732,40,31,30
687,16,1,688,5,3737,58,45,50
688,16,1,689,7,3744,87,72,70
689,16,1,690,6,3750,74,58,60
690,16,1,691,9,3759,108,80,90
691,16,1,692,7,3766,94,76,70
692,16,1,693,7,3773,84,67,70
693,16,1,694,4,3777,56,43,40
694,16,1,695,2,3779,34,25,20
695,16,1,696,5,3784,51,38,50
696,16,1,697,8,3792,101,74,80
697,16,1,698,8,3800,113,90,80
698,16,1,699,9,3809,108,75,90
699,16,1,700,2,3811,50,41,20
700,16,1,701,9,3820,89,67,90
701,16,1,702,2,3822,41,31,20
702,16,1,703,3,3825,42,29,30
703,16,1,704,7,3832,104,84,70
704,16,1,705,2,3834,36,25,20
705,16,1,706,5,3839,55,41,50
706,16,1,707,4,3843,65,48,40
707,16,1,708,8,3851,99,87,80
708,16,1,709,9,3860,96,79,90
709,16,1,710,3,3863,48,37,30
710,16,1,711,4,3867,40,32,40
711,16,1,712,8,3875,89,68,80
712,16,1,713,4,3879,70,49,40
713,16,1,714,8,3887,105,80,80
714,16,1,715,4,3891,54,41,40
715,16,1,716,5,3896,60,50,50
716,16,1,717,8,3904,77,66,80
717,16,1,718,5,3909,58,49,50
718,16,1,719,8,3917,84,65,80
719,16,1,720,4,3921,53,40,40
720,16,1,721,2,3923,37,31,20
721,16,1,722,5,3928,56,46,50
722,16,1,723,5,3933,60,45,50
723,16,1,724,9,3942,107,77,90
724,16,1,725,8,3950,111,93,80
725,16,1,726,3,3953,55,35,30
726,16,1,727,3,3956,50,45,30
727,16,1,728,3,3959,30,23,30
728,16,1,729,3,3962,40,33,30
729,16,1,730,8,3970,88,72,80
730,16,1,731,2,3972,50,39,20
731,16,1,732,2,3974,35,26,20
732,16,1,733,8,3982,87,68,80
733,16,1,734,6,3988,76,54,60
734,16,1,735,8,3996,101,101,80
735,16,1,736,8,4004,68,68,80
736,16,1,737,8,4012,61,48,80
737,16,1,738,3,4015,55,42,30
738,16,1,739,4,4019,51,51,40
739,16,1,740,6,4025,55,55,60
740,16,1,741,6,4031,51,37,60
741,16,1,742,3,4034,36,25,30
742,16,1,743,7,4041,78,63,70
743,16,1,744,2,4043,37,37,20
744,16,1,745,2,4045,14,10,20
745,16,1,746,4,4049,43,33,40
746,16,1,747,3,4052,44,32,30
747,16,1,748,2,4054,27,20,20
748,16,1,749,7,4061,72,53,70
749,16,1,750,7,4068,97,72,70
750,16,1,751,9,4077,101,72,90
751,16,1,752,4,4081,79,63,40
752,16,1,753,6,4087,70,57,60
753,16,1,754,6,4093,73,58,60
754,16,1,755,7,4100,81,63,70
755,16,1,756,8,4108,117,87,80
756,16,1,757,6,4114,103,82,60
757,16,1,758,8,4122,102,80,80
758,16,1,759,6,4128,89,65,60
759,16,1,760,6,4134,77,61,60
760,16,1,761,5,4139,55,45,50
761,16,1,762,5,4144,71,61,50
762,16,1,763,8,4152,88,69,80
763,16,1,764,2,4154,41,32,20
764,16,1,765,5,4159,65,50,50
765,16,1,766,5,4164,69,58,50
766,16,1,767,9,4173,109,89,90
767,16,1,768,3,4176,47,35,30
768,16,1,769,4,4180,52,44,40
769,16,1,770,7,4187,85,65,70
770,16,1,771,9,4196,110,86,90
771,16,1,772,4,4200,66,56,40
772,16,1,773,9,4209,110,87,90
773,16,1,774,9,4218,136,107,90
774,16,1,775,9,4227,122,103,90
775,16,1,776,4,4231,50,38,40
776,16,1,777,4,4235,51,40,40
777,16,1,778,2,4237,27,24,20
778,16,1,779,5,4242,51,36,50
779,16,1,780,3,4245,43,28,30
780,16,1,781,6,4251,74,55,60
781,16,1,782,7,4258,94,79,70
782,16,1,783,8,4266,111,88,80
783,16,1,784,3,4269,68,52,30
784,16,1,785,9,4278,106,83,90
785,16,1,786,4,4282,67,53,40
786,16,1,787,7,4289,81,65,70
787,16,1,788,7,4296,82,63,70
788,16,1,789,9,4305,116,98,90
789,16,1,790,8,4313,95,69,80
790,16,1,791,4,4317,62,52,40
791,16,1,792,9,4326,107,78,90
792,16,1,793,8,4334,111,90,80
793,16,1,794,9,4343,117,90,90
794,16,1,795,8,4351,101,79,80
795,16,1,796,3,4354,46,38,30
796,16,1,797,9,4363,91,68,90
797,16,1,798,2,4365,34,26,20
798,16,1,799,4,4369,40,34,40
799,16,1,800,9,4378,89,65,90
800,16,1,801,9,4387,129,101,90
801,16,1,802,2,4389,46,37,20
802,16,1,803,8,4397,86,66,80
803,16,1,804,9,4406,103,78,90
804,16,1,805,6,4412,89,69,60
805,16,1,806,9,4421,113,88,90
806,16,1,807,2,4423,38,28,20
807,16,1,808,7,4430,72,57,70
808,16,1,809,9,4439,107,88,90
809,16,1,810,5,4444,66,54,50
810,16,1,811,4,4448,48,38,40
811,16,1,812,5,4453,66,55,50
812,16,1,813,7,4460,73,62,70
813,16,1,814,8,4468,89,66,80
814,16,1,815,9,4477,102,84,90
815,16,1,816,5,4482,57,45,50
816,16,1,817,5,4487,63,48,50
817,16,1,818,5,4492,66,45,50
818,16,1,819,8,4500,93,74,80
819,16,1,820,8,4508,99,76,80
820,16,1,821,9,4517,103,82,90
821,16,1,822,4,4521,60,60,40
822,16,1,823,3,4524,25,25,30
823,16,1,824,6,4530,69,54,60
824,16,1,825,8,4538,87,72,80
825,16,1,826,6,4544,77,60,60
826,16,1,827,9,4553,111,78,90
827,16,1,828,8,4561,110,89,80
828,16,1,829,5,4566,63,44,50
829,16,1,830,3,4569,51,36,30
830,16,1,831,8,4577,104,83,80
831,16,1,832,6,4583,85,70,60
832,16,1,833,4,4587,59,45,40
833,16,1,834,9,4596,106,83,90
834,16,1,835,2,4598,48,40,20
835,16,1,836,6,4604,79,64,60
836,16,1,837,7,4611,94,74,70
837,16,1,838,5,4616,64,54,50
838,16,1,839,8,4624,87,62,80
839,16,1,840,5,4629,72,59,50
840,16,1,841,3,4632,43,35,30
841,16,1,842,9,4641,91,91,90
842,16,1,843,9,4650,101,86,90
843,16,1,844,7,4657,77,58,70
844,16,1,845,5,4662,65,52,50
845,16,1,846,7,4669,85,64,70
846,16,1,847,6,4675,83,83,60
847,16,1,848,7,4682,66,54,70
848,16,1,849,5,4687,60,49,50
849,16,1,850,7,4694,76,60,70
850,16,1,851,2,4696,32,24,20
851,16,1,852,5,4701,49,38,50
852,16,1,853,5,4706,86,70,50
853,16,1,854,9,4715,98,74,90
854,16,1,855,8,4723,93,77,80
855,16,1,856,5,4728,81,61,50
856,16,1,857,2,4730,48,36,20
857,16,1,858,3,4733,45,38,30
858,16,1,859,4,4737,60,45,40
859,16,1,860,4,4741,65,52,40
860,16,1,861,6,4747,77,60,60
861,16,1,862,4,4751,54,43,40
862,16,1,863,2,4753,30,24,20
863,16,1,864,8,4761,92,72,80
864,16,1,865,9,4770,119,119,90
865,16,1,866,5,4775,49,36,50
866,16,1,867,8,4783,105,74,80
867,16,1,868,4,4787,65,50,40
868,16,1,869,8,4795,93,68,80
869,16,1,870,7,4802,98,78,70
870,16,1,871,8,4810,83,70,80
871,16,1,872,8,4818,90,71,80
872,16,1,873,4,4822,62,50,40
873,16,1,874,2,4824,33,23,20
874,16,1,875,5,4829,48,38,50
875,16,1,876,3,4832,36,28,30
876,16,1,877,2,4834,34,27,20
877,16,1,878,7,4841,90,75,70
878,16,1,879,9,4850,103,88,90
879,16,1,880,3,4853,36,24,30
880,16,1,881,9,4862,114,88,90
881,16,1,882,9,4871,116,88,90
882,16,1,883,7,4878,105,105,70
883,16,1,884,5,4883,61,44,50
884,16,1,885,9,4892,100,79,90
885,16,1,886,7,4899,76,60,70
886,16,1,887,6,4905,75,66,60
887,16,1,888,8,4913,91,75,80
888,16,1,889,2,4915,31,25,20
889,16,1,890,6,4921,71,55,60
890,16,1,891,9,4930,98,74,90
891,16,1,892,7,4937,93,79,70
892,16,1,893,3,4940,39,29,30
893,16,1,894,9,4949,105,83,90
894,16,1,895,6,4955,101,78,60
895,16,1,896,6,4961,83,67,60
896,16,1,897,2,4963,30,24,20
897,16,1,898,7,4970,79,59,70
898,16,1,899,8,4978,92,71,80
899,16,1,900,3,4981,60,50,30
900,16,1,901,7,4988,85,67,70
901,16,1,902,4,4992,55,40,40
902,16,1,903,3,4995,45,31,30
903,16,1,904,3,4998,46,39,30
904,16,2,1,2,2,18,18,20
905,16,2,2,8,10,79,61,80
906,16,2,3,3,13,42,31,30
907,16,2,4,5,18,74,56,50
908,16,2,5,7,25,92,78,70
909,16,2,6,6,31,72,61,60
910,16,2,7,4,35,51,40,40
911,16,2,8,5,40,59,50,50
912,16,2,9,3,43,44,30,30
913,16,2,10,5,48,68,68,50
914,16,2,11,9,57,97,85,90
915,16,2,12,7,64,75,58,70
916,16,2,13,2,66,37,29,20
917,16,2,14,7,73,78,61,70
918,16,2,15,5,78,67,50,50
919,16,2,16,3,81,51,42,30
920,16,2,17,4,85,62,47,40
921,16,2,18,8,93,104,93,80
922,16,2,19,5,98,52,40,50
923,16,2,20,2,100,30,21,20
924,16,2,21,8,108,96,72,80
925,16,2,22,6,114,101,80,60
926,16,2,23,9,123,115,89,90
927,16,2,24,8,131,110,83,80
928,16,2,25,2,133,43,31,20
929,16,2,26,6,139,64,49,60
930,16,2,27,4,143,64,53,40
931,16,2,28,9,152,109,89,90
932,16,2,29,7,159,95,73,70
933,16,2,30,3,162,47,39,30
934,16,2,31,9,171,94,69,90
935,16,2,32,2,173,41,31,20
936,16,2,33,6,179,72,56,60
937,16,2,34,2,181,39,29,20
938,16,2,35,5,186,53,44,50
939,16,2,36,8,194,87,64,80
940,16,2,37,2,196,40,31,20
941,16,2,38,6,202,63,50,60
942,16,2,39,7,209,97,79,70
943,16,2,40,2,211,35,28,20
944,16,2,41,3,214,30,22,30
945,16,2,42,7,221,100,81,70
946,16,2,43,3,224,53,46,30
947,16,2,44,7,231,85,67,70
948,16,2,45,7,238,93,72,70
949,16,2,46,9,247,115,86,90
950,16,2,47,5,252,82,66,50
951,16,2,48,9,261,102,77,90
952,16,2,49,8,269,112,85,80
953,16,2,50,5,274,66,66,50
954,16,2,51,4,278,30,20,40
955,16,2,52,2,280,23,16,20
956,16,2,53,5,285,52,39,50
957,16,2,54,4,289,63,56,40
958,16,2,55,9,298,84,69,90
959,16,2,56,9,307,113,96,90
960,16,2,57,2,309,28,21,20
961,16,2,58,2,311,33,26,20
962,16,2,59,7,318,68,53,70
963,16,2,60,4,322,55,43,40
964,16,2,61,3,325,49,36,30
965,16,2,62,5,330,62,46,50
966,16,2,63,2,332,43,30,20
967,16,2,64,6,338,74,52,60
968,16,2,65,6,344,84,61,60
969,16,2,66,7,351,85,67,70
970,16,2,67,6,357,79,67,60
971,16,2,68,8,365,86,69,80
972,16,2,69,8,373,103,83,80
973,16,2,70,3,376,59,43,30
974,16,2,71,7,383,91,75,70
975,16,2,72,5,388,65,46,50
976,16,2,73,3,391,44,37,30
977,16,2,74,4,395,45,34,40
978,16,2,75,2,397,32,26,20
979,16,2,76,2,399,32,26,20
980,16,2,77,6,405,59,44,60
981,16,2,78,9,414,96,72,90
982,16,2,79,7,421,101,91,70
983,16,2,80,6,427,67,56,60
984,16,2,81,3,430,41,30,30
985,16,2,82,2,432,32,26,20
986,16,2,83,8,440,76,61,80
987,16,2,84,4,444,50,32,40
988,16,2,85,2,446,41,30,20
989,16,2,86,7,453,76,61,70
990,16,2,87,9,462,118,96,90
991,16,2,88,4,466,49,41,40
992,16,2,89,9,475,101,85,90
993,16,2,90,9,484,86,61,90
994,16,2,91,9,493,121,92,90
995,16,2,92,8,501,93,71,80
996,16,2,93,7,508,104,84,70
997,16,2,94,8,516,101,82,80
998,16,2,95,8,524,94,76,80
999,16,2,96,3,527,59,44,30
1000,16,2,97,9,536,112,86,90
1001,16,2,98,5,541,73,56,50
1002,16,2,99,8,549,95,75,80
1003,16,2,100,4,553,55,43,40
1004,16,2,101,6,559,61,46,60
1005,16,2,102,7,566,83,66,70
1006,16,2,103,2,568,40,40,20
1007,16,2,104,8,576,95,75,80
1008,16,2,105,9,585,114,89,90
1009,16,2,106,2,587,45,34,20
1010,16,2,107,4,591,52,36,40
1011,16,2,108,6,597,78,58,60
1012,16,2,109,9,606,101,82,90
1013,16,2,110,9,615,92,78,90
1014,16,2,111,6,621,70,54,60
1015,16,2,112,5,626,65,60,50
1016,16,2,113,3,629,36,28,30
1017,16,2,114,3,632,38,31,30
1018,16,2,115,4,636,47,39,40
1019,16,2,116,2,638,31,26,20
1020,16,2,117,7,645,66,49,70
1021,16,2,118,8,653,85,72,80
1022,16,2,119,6,659,73,65,60
1023,16,2,120,7,666,81,64,70
1024,16,2,121,9,675,106,79,90
1025,16,2,122,9,684,115,93,90
1026,16,2,123,4,688,62,53,40
1027,16,2,124,3,691,46,36,30
1028,16,2,125,7,698,75,56,70
1029,16,2,126,9,707,103,78,90
1030,16,2,127,2,709,54,47,20
1031,16,2,128,2,711,27,19,20
1032,16,2,129,6,717,62,46,60
1033,16,2,130,6,723,78,61,60
1034,16,2,131,7,730,83,67,70
1035,16,2,132,6,736,70,59,60
1036,16,2,133,6,742,79,60,60
1037,16,2,134,3,745,51,38,30
1038,16,2,135,5,750,59,47,50
1039,16,2,136,7,757,68,54,70
1040,16,2,137,8,765,96,82,80
1041,16,2,138,6,771,64,53,60
1042,16,2,139,5,776,69,57,50
1043,16,2,140,7,783,85,60,70
1044,16,2,141,7,790,95,75,70
1045,16,2,142,2,792,43,35,20
1046,16,2,143,3,795,39,34,30
1047,16,2,144,7,802,72,58,70
1048,16,2,145,7,809,76,58,70
1049,16,2,146,3,812,49,34,30
1050,16,2,147,6,818,81,69,60
1051,16,2,148,5,823,55,44,50
1052,16,2,149,4,827,58,47,40
1053,16,2,150,5,832,66,49,50
1054,16,2,151,7,839,87,73,70
1055,16,2,152,4,843,46,32,40
1056,16,2,153,5,848,68,68,50
1057,16,2,154,2,850,13,9,20
1058,16,2,155,2,852,29,18,20
1059,16,2,156,7,859,79,60,70
1060,16,2,157,5,864,56,49,50
1061,16,2,158,3,867,37,31,30
1062,16,2,159,6,873,57,44,60
1063,16,2,160,4,877,48,37,40
1064,16,2,161,9,886,98,77,90
1065,16,2,162,3,889,47,41,30
1066,16,2,163,4,893,49,37,40
1067,16,2,164,7,900,94,74,70
1068,16,2,165,4,904,56,41,40
1069,16,2,166,5,909,68,57,50
1070,16,2,167,7,916,85,67,70
1071,16,2,168,8,924,107,80,80
1072,16,2,169,7,931,104,88,70
1073,16,2,170,8,939,90,62,80
1074,16,2,171,9,948,141,116,90
1075,16,2,172,5,953,74,58,50
1076,16,2,173,9,962,97,74,90
1077,16,2,174,9,971,125,103,90
1078,16,2,175,9,980,108,84,90
1079,16,2,176,3,983,59,50,30
1080,16,2,177,2,985,25,19,20
1081,16,2,178,9,994,103,77,90
1082,16,2,179,9,1003,113,89,90
1083,16,2,180,7,1010,97,74,70
1084,16,2,181,7,1017,95,77,70
1085,16,2,182,5,1022,69,55,50
1086,16,2,183,8,1030,84,70,80
1087,16,2,184,5,1035,55,45,50
1088,16,2,185,9,1044,105,83,90
1089,16,2,186,6,1050,67,52,60
1090,16,2,187,5,1055,67,55,50
1091,16,2,188,5,1060,70,57,50
1092,16,2,189,4,1064,52,42,40
1093,16,2,190,9,1073,102,82,90
1094,16,2,191,2,1075,39,27,20
1095,16,2,192,3,1078,40,29,30
1096,16,2,193,8,1086,95,72,80
1097,16,2,194,4,1090,67,53,40
1098,16,2,195,2,1092,29,22,20
1099,16,2,196,7,1099,67,51,70
1100,16,2,197,8,1107,97,73,80
1101,16,2,198,4,1111,62,50,40
1102,16,2,199,2,1113,31,25,20
1103,16,2,200,5,1118,53,42,50
1104,16,2,201,9,1127,113,93,90
1105,16,2,202,8,1135,92,75,80
1106,16,2,203,2,1137,43,37,20
1107,16,2,204,8,1145,84,61,80
1108,16,2,205,2,1147,44,38,20
1109,16,2,206,3,1150,40,31,30
1110,16,2,207,5,1155,48,36,50
1111,16,2,208,6,1161,64,54,60
1112,16,2,209,2,1163,34,27,20
1113,16,2,210,4,1167,55,55,40
1114,16,2,211,5,1172,51,37,50
1115,16,2,212,4,1176,52,43,40
1116,16,2,213,4,1180,46,36,40
1117,16,2,214,8,1188,94,74,80
1118,16,2,215,4,1192,70,58,40
1119,16,2,216,7,1199,75,55,70
1120,16,2,217,9,1208,112,84,90
1121,16,2,218,4,1212,62,48,40
1122,16,2,219,5,1217,66,51,50
1123,16,2,220,6,1223,86,86,60
1124,16,2,221,6,1229,66,53,60
1125,16,2,222,8,1237,98,78,80
1126,16,2,223,6,1243,69,55,60
1127,16,2,224,7,1250,86,71,70
1128,16,2,225,8,1258,97,78,80
1129,16,2,226,6,1264,78,64,60
1130,16,2,227,3,1267,49,42,30
1131,16,2,228,2,1269,33,21,20
1132,16,2,229,7,1276,84,69,70
1133,16,2,230,4,1280,51,41,40
1134,16,2,231,5,1285,52,35,50
1135,16,2,232,6,1291,79,60,60
1136,16,2,233,9,1300,118,92,90
1137,16,2,234,7,1307,88,66,70
1138,16,2,235,3,1310,64,52,30
1139,16,2,236,4,1314,54,39,40
1140,16,2,237,6,1320,76,64,60
1141,16,2,238,9,1329,98,79,90
1142,16,2,239,6,1335,78,56,60
1143,16,2,240,7,1342,92,79,70
1144,16,2,241,3,1345,45,33,30
1145,16,2,242,6,1351,67,55,60
1146,16,2,243,5,1356,58,47,50
1147,16,2,244,5,1361,60,44,50
1148,16,2,245,8,1369,87,65,80
1149,16,2,246,4,1373,63,50,40
1150,16,2,247,8,1381,88,62,80
1151,16,2,248,7,1388,99,99,70
1152,16,2,249,4,1392,40,33,40
1153,16,2,250,5,1397,52,42,50
1154,16,2,251,8,1405,101,79,80
1155,16,2,252,7,1412,90,65,70
1156,16,2,253,9,1421,117,97,90
1157,16,2,254,7,1428,78,78,70
1158,16,2,255,9,1437,86,70,90
1159,16,2,256,3,1440,31,25,30
1160,16,2,257,3,1443,37,31,30
1161,16,2,258,4,1447,50,39,40
1162,16,2,259,9,1456,110,90,90
1163,16,2,260,6,1462,82,60,60
1164,16,2,261,7,1469,98,72,70
1165,16,2,262,7,1476,93,75,70
1166,16,2,263,5,1481,67,55,50
1167,16,2,264,6,1487,78,62,60
1168,16,2,265,2,1489,36,23,20
1169,16,2,266,9,1498,106,85,90
1170,16,2,267,9,1507,98,72,90
1171,16,2,268,4,1511,74,58,40
1172,16,2,269,4,1515,45,38,40
1173,16,2,270,2,1517,25,17,20
1174,16,2,271,5,1522,51,44,50
1175,16,2,272,8,1530,84,70,80
1176,16,2,273,9,1539,105,84,90
1177,16,2,274,9,1548,107,88,90
1178,16,2,275,5,1553,77,58,50
1179,16,2,276,4,1557,58,41,40
1180,16,2,277,4,1561,54,40,40
1181,16,2,278,3,1564,52,43,30
1182,16,2,279,9,1573,94,74,90
1183,16,2,280,8,1581,105,82,80
1184,16,2,281,6,1587,67,52,60
1185,16,2,282,4,1591,57,46,40
1186,16,2,283,2,1593,33,27,20
1187,16,2,284,2,1595,32,32,20
1188,16,2,285,8,1603,93,74,80
1189,16,2,286,6,1609,72,48,60
1190,16,2,287,4,1613,58,40,40
1191,16,2,288,4,1617,46,37,40
1192,16,2,289,8,1625,116,99,80
1193,16,2,290,3,1628,46,33,30
1194,16,2,291,2,1630,31,24,20
1195,16,2,292,6,1636,55,44,60
1196,16,2,293,4,1640,51,39,40
1197,16,2,294,5,1645,61,46,50
1198,16,2,295,2,1647,29,24,20
1199,16,2,296,8,1655,98,73,80
1200,16,2,297,9,1664,139,113,90
1201,16,2,298,7,1671,110,84,70
1202,16,2,299,8,1679,98,79,80
1203,16,2,300,4,1683,57,43,40
1204,16,2,301,2,1685,36,29,20
1205,16,2,302,6,1691,56,48,60
1206,16,2,303,5,1696,63,48,50
1207,16,2,304,6,1702,62,44,60
1208,16,2,305,4,1706,66,48,40
1209,16,2,306,2,1708,41,30,20
1210,16,2,307,5,1713,61,52,50
1211,16,2,308,6,1719,69,54,60
1212,16,2,309,8,1727,98,73,80
1213,16,2,310,8,1735,116,95,80
1214,16,2,311,7,1742,93,78,70
1215,16,2,312,8,1750,85,69,80
1216,16,2,313,4,1754,54,45,40
1217,16,2,314,6,1760,71,56,60
1218,16,2,315,5,1765,61,45,50
1219,16,2,316,9,1774,99,79,90
1220,16,2,317,9,1783,99,83,90
1221,16,2,318,4,1787,52,46,40
1222,16,2,319,9,1796,83,66,90
1223,16,2,320,6,1802,74,54,60
1224,16,2,321,2,1804,46,35,20
1225,16,2,322,3,1807,41,30,30
1226,16,2,323,2,1809,32,26,20
1227,16,2,324,5,1814,62,49,50
1228,16,2,325,3,1817,49,36,30
1229,16,2,326,6,1823,66,58,60
1230,16,2,327,2,1825,30,21,20
1231,16,2,328,6,1831,61,44,60
1232,16,2,329,5,1836,70,57,50
1233,16,2,330,9,1845,104,88,90
1234,16,2,331,5,1850,70,61,50
1235,16,2,332,7,1857,74,57,70
1236,16,2,333,3,1860,43,33,30
1237,16,2,334,3,1863,41,30,30
1238,16,2,335,3,1866,36,29,30
1239,16,2,336,3,1869,37,37,30
1240,16,2,337,8,1877,62,54,80
1241,16,2,338,9,1886,110,89,90
1242,16,2,339,5,1891,80,58,50
1243,16,2,340,2,1893,36,30,20
1244,16,2,341,2,1895,28,25,20
1245,16,2,342,5,1900,51,41,50
1246,16,2,343,3,1903,44,33,30
1247,16,2,344,2,1905,30,23,20
1248,16,2,345,8,1913,87,62,80
1249,16,2,346,6,1919,87,64,60
1250,16,2,347,9,1928,105,85,90
1251,16,2,348,6,1934,101,76,60
1252,16,2,349,6,1940,85,69,60
1253,16,2,350,6,1946,54,54,60
1254,16,2,351,4,1950,42,33,40
1255,16,2,352,5,1955,65,65,50
1256,16,2,353,4,1959,35,28,40
1257,16,2,354,3,1962,34,25,30
1258,16,2,355,3,1965,44,35,30
1259,16,2,356,3,1968,41,33,30
1260,16,2,357,3,1971,49,43,30
1261,16,2,358,9,1980,95,80,90
1262,16,2,359,8,1988,101,77,80
1263,16,2,360,4,1992,64,50,40
1264,16,2,361,6,1998,73,61,60
1265,16,2,362,2,2000,34,28,20
1266,16,2,363,3,2003,30,23,30
1267,16,2,364,4,2007,44,38,40
1268,16,2,365,9,2016,97,74,90
1269,16,2,366,6,2022,79,64,60
1270,16,2,367,9,2031,121,102,90
1271,16,2,368,3,2034,48,38,30
1272,16,2,369,5,2039,65,54,50
1273,16,2,370,9,2048,109,84,90
1274,16,2,371,6,2054,85,67,60
1275,16,2,372,6,2060,79,54,60
1276,16,2,373,7,2067,100,77,70
1277,16,2,374,5,2072,74,58,50
1278,16,2,375,8,2080,87,66,80
1279,16,2,376,9,2089,99,76,90
1280,16,2,377,3,2092,52,42,30
1281,16,2,378,2,2094,29,25,20
1282,16,2,379,8,2102,88,71,80
1283,16,2,380,5,2107,49,42,50
1284,16,2,381,3,2110,38,32,30
1285,16,2,382,5,2115,52,42,50
1286,16,2,383,8,2123,79,66,80
1287,16,2,384,4,2127,50,36,40
1288,16,2,385,6,2133,77,61,60
1289,16,2,386,5,2138,67,53,50
1290,16,2,387,5,2143,59,46,50
1291,16,2,388,9,2152,133,112,90
1292,16,2,389,6,2158,84,71,60
1293,16,2,390,9,2167,102,80,90
1294,16,2,391,5,2172,79,62,50
1295,16,2,392,9,2181,104,85,90
1296,16,2,393,8,2189,107,91,80
1297,16,2,394,9,2198,104,80,90
1298,16,2,395,4,2202,55,40,40
1299,16,2,396,8,2210,98,81,80
1300,16,2,397,6,2216,69,55,60
1301,16,2,398,9,2225,104,80,90
1302,16,2,399,9,2234,115,92,90
1303,16,2,400,7,2241,115,86,70
1304,16,2,401,5,2246,85,69,50
1305,16,2,402,6,2252,78,65,60
1306,16,2,403,5,2257,63,50,50
1307,16,2,404,3,2260,36,28,30
1308,16,2,405,3,2263,47,34,30
1309,16,2,406,6,2269,66,51,60
1310,16,2,407,3,2272,49,37,30
1311,16,2,408,7,2279,90,68,70
1312,16,2,409,2,2281,39,30,20
1313,16,2,410,8,2289,91,72,80
1314,16,2,411,4,2293,55,45,40
1315,16,2,412,2,2295,27,22,20
1316,16,2,413,4,2299,54,45,40
1317,16,2,414,8,2307,103,81,80
1318,16,2,415,7,2314,92,76,70
1319,16,2,416,4,2318,55,42,40
1320,16,2,417,8,2326,114,114,80
1321,16,2,418,5,2331,55,41,50
1322,16,2,419,7,2338,81,70,70
1323,16,2,420,7,2345,82,65,70
1324,16,2,421,2,2347,36,23,20
1325,16,2,422,7,2354,93,74,70
1326,16,2,423,6,2360,82,60,60
1327,16,2,424,3,2363,50,42,30
1328,16,2,425,3,2366,42,33,30
1329,16,2,426,4,2370,45,35,40
1330,16,2,427,5,2375,63,52,50
1331,16,2,428,8,2383,110,87,80
1332,16,2,429,7,2390,105,91,70
1333,16,2,430,9,2399,112,87,90
1334,16,2,431,2,2401,48,39,20
1335,16,2,432,3,2404,36,32,30
1336,16,2,433,5,2409,62,53,50
1337,16,2,434,2,2411,36,32,20
1338,16,2,435,9,2420,110,92,90
1339,16,2,436,9,2429,106,77,90
1340,16,2,437,7,2436,99,76,70
1341,16,2,438,9,2445,111,94,90
1342,16,2,439,3,2448,48,37,30
1343,16,2,440,7,2455,87,71,70
1344,16,2,441,3,2458,40,30,30
1345,16,2,442,2,2460,37,30,20
1346,16,2,443,3,2463,32,23,30
1347,16,2,444,2,2465,30,20,20
1348,16,2,445,7,2472,98,76,70
1349,16,2,446,7,2479,90,90,70
1350,16,2,447,3,2482,33,23,30
1351,16,2,448,6,2488,74,57,60
1352,16,2,449,9,2497,104,84,90
1353,16,2,450,3,2500,49,35,30
1354,16,2,451,7,2507,79,61,70
1355,16,2,452,5,2512,78,60,50
1356,16,2,453,3,2515,48,38,30
1357,16,2,454,2,2517,27,21,20
1358,16,2,455,2,2519,31,23,20
1359,16,2,456,3,2522,27,20,30
1360,16,2,457,5,2527,60,46,50
1361,16,2,458,8,2535,86,69,80
1362,16,2,459,7,2542,102,76,70
1363,16,2,460,9,2551,112,92,90
1364,16,2,461,8,2559,95,74,80
1365,16,2,462,9,2568,126,105,90
1366,16,2,463,2,2570,33,27,20
1367,16,2,464,3,2573,30,30,30
1368,16,2,465,8,2581,65,54,80
1369,16,2,466,4,2585,48,43,40
1370,16,2,467,7,2592,79,62,70
1371,16,2,468,4,2596,62,38,40
1372,16,2,469,9,2605,120,92,90
1373,16,2,470,7,2612,96,71,70
1374,16,2,471,4,2616,56,41,40
1375,16,2,472,5,2621,70,54,50
1376,16,2,473,9,2630,127,100,90
1377,16,2,474,9,2639,109,91,90
1378,16,2,475,7,2646,92,73,70
1379,16,2,476,8,2654,108,78,80
1380,16,2,477,5,2659,75,63,50
1381,16,2,478,3,2662,38,31,30
1382,16,2,479,9,2671,88,70,90
1383,16,2,480,8,2679,93,69,80
1384,16,2,481,3,2682,49,36,30
1385,16,2,482,2,2684,28,21,20
1386,16,2,483,7,2691,88,77,70
1387,16,2,484,9,2700,89,61,90
1388,16,2,485,4,2704,67,52,40
1389,16,2,486,2,2706,31,31,20
1390,16,2,487,7,2713,73,59,70
1391,16,2,488,2,2715,37,28,20
1392,16,2,489,5,2720,48,38,50
1393,16,2,490,2,2722,34,25,20
1394,16,2,491,4,2726,50,35,40
1395,16,2,492,5,2731,77,55,50
1396,16,2,493,7,2738,86,62,70
1397,16,2,494,5,2743,79,63,50
1398,16,2,495,7,2750,98,78,70
1399,16,2,496,3,2753,52,39,30
1400,16,2,497,6,2759,69,47,60
1401,16,2,498,3,2762,58,49,30
1402,16,2,499,8,2770,103,84,80
1403,16,2,500,3,2773,38,29,30
1404,16,2,501,9,2782,99,76,90
1405,16,2,502,9,2791,130,105,90
1406,16,2,503,9,2800,130,106,90
1407,16,2,504,3,2803,61,52,30
1408,16,2,505,7,2810,65,48,70
1409,16,2,506,7,2817,75,61,70
1410,16,2,507,9,2826,113,85,90
1411,16,2,508,2,2828,54,39,20
1412,16,2,509,6,2834,78,62,60
1413,16,2,510,5,2839,66,66,50
1414,16,2,511,4,2843,40,33,40
1415,16,2,512,7,2850,80,58,70
1416,16,2,513,5,2855,66,53,50
1417,16,2,514,3,2858,55,39,30
1418,16,2,515,3,2861,39,30,30
1419,16,2,516,7,2868,73,62,70
1420,16,2,517,6,2874,67,57,60
1421,16,2,518,3,2877,43,37,30
1422,16,2,519,2,2879,25,23,20
1423,16,2,520,7,2886,76,60,70
1424,16,2,521,8,2894,81,59,80
1425,16,2,522,7,2901,96,96,70
1426,16,2,523,8,2909,88,67,80
1427,16,2,524,4,2913,66,50,40
1428,16,2,525,9,2922,112,89,90
1429,16,2,526,7,2929,100,78,70
1430,16,2,527,6,2935,84,66,60
1431,16,2,528,5,2940,65,52,50
1432,16,2,529,6,2946,68,54,60
1433,16,2,530,2,2948,36,28,20
1434,16,2,531,5,2953,62,45,50
1435,16,2,532,2,2955,38,30,20
1436,16,2,533,9,2964,95,76,90
1437,16,2,534,8,2972,105,86,80
1438,16,2,535,2,2974,37,30,20
1439,16,2,536,9,2983,80,66,90
1440,16,2,537,7,2990,76,59,70
1441,16,2,538,6,2996,76,61,60
1442,16,2,539,8,3004,102,81,80
1443,16,2,540,2,3006,44,41,20
1444,16,2,541,7,3013,67,54,70
1445,16,2,542,3,3016,47,42,30
1446,16,2,543,6,3022,64,47,60
1447,16,2,544,2,3024,38,32,20
1448,16,2,545,5,3029,54,44,50
1449,16,2,546,9,3038,101,82,90
1450,16,2,547,8,3046,99,79,80
1451,16,2,548,8,3054,96,76,80
1452,16,2,549,7,3061,95,76,70
1453,16,2,550,8,3069,96,78,80
1454,16,2,551,9,3078,109,82,90
1455,16,2,552,3,3081,59,59,30
1456,16,2,553,9,3090,82,62,90
1457,16,2,554,9,3099,117,91,90
1458,16,2,555,4,3103,66,56,40
1459,16,2,556,7,3110,89,68,70
1460,16,2,557,5,3115,70,52,50
1461,16,2,558,8,3123,96,83,80
1462,16,2,559,8,3131,100,73,80
1463,16,2,560,8,3139,107,80,80
1464,16,2,561,6,3145,93,81,60
1465,16,2,562,5,3150,67,51,50
1466,16,2,563,5,3155,58,47,50
1467,16,2,564,6,3161,78,63,60
1468,16,2,565,8,3169,98,73,80
1469,16,2,566,7,3176,94,71,70
1470,16,2,567,4,3180,60,48,40
1471,16,2,568,9,3189,103,103,90
1472,16,2,569,2,3191,15,13,20
1473,16,2,570,2,3193,27,21,20
1474,16,2,571,9,3202,94,74,90
1475,16,2,572,4,3206,52,52,40
1476,16,2,573,2,3208,18,17,20
1477,16,2,574,6,3214,67,50,60
1478,16,2,575,6,3220,74,63,60
1479,16,2,576,6,3226,71,58,60
1480,16,2,577,7,3233,81,62,70
1481,16,2,578,2,3235,28,21,20
1482,16,2,579,8,3243,91,68,80
1483,16,2,580,4,3247,72,59,40
1484,16,2,581,9,3256,105,85,90
1485,16,2,582,7,3263,87,72,70
1486,16,2,583,4,3267,53,53,40
1487,16,2,584,3,3270,34,29,30
1488,16,2,585,6,3276,58,42,60
1489,16,2,586,7,3283,76,59,70
1490,16,2,587,3,3286,40,30,30
1491,16,2,588,6,3292,65,54,60
1492,16,2,589,4,3296,46,38,40
1493,16,2,590,6,3302,70,58,60
1494,16,2,591,3,3305,36,29,30
1495,16,2,592,8,3313,91,75,80
1496,16,2,593,6,3319,74,56,60
1497,16,2,594,2,3321,39,24,20
1498,16,2,595,5,3326,75,65,50
1499,16,2,596,3,3329,22,18,30
1500,16,2,597,3,3332,49,36,30
1501,16,2,598,6,3338,60,46,60
1502,16,2,599,9,3347,110,86,90
1503,16,2,600,5,3352,86,69,50
1504,16,2,601,9,3361,104,80,90
1505,16,2,602,3,3364,54,45,30
1506,16,2,603,8,3372,87,69,80
1507,16,2,604,2,3374,38,30,20
1508,16,2,605,8,3382,100,79,80
1509,16,2,606,5,3387,70,70,50
1510,16,2,607,3,3390,30,20,30
1511,16,2,608,8,3398,81,64,80
1512,16,2,609,5,3403,67,49,50
1513,16,2,610,6,3409,79,61,60
1514,16,2,611,5,3414,73,55,50
1515,16,2,612,5,3419,67,55,50
1516,16,2,613,6,3425,70,56,60
1517,16,2,614,3,3428,38,30,30
1518,16,2,615,8,3436,85,71,80
1519,16,2,616,3,3439,50,38,30
1520,16,2,617,8,3447,74,61,80
1521,16,2,618,5,3452,63,50,50
1522,16,2,619,5,3457,60,51,50
1523,16,2,620,5,3462,57,57,50
1524,16,2,621,2,3464,20,19,20
1525,16,2,622,4,3468,40,34,40
1526,16,2,623,4,3472,52,38,40
1527,16,2,624,4,3476,48,41,40
1528,16,2,625,6,3482,60,45,60
1529,16,2,626,3,3485,43,31,30
1530,16,2,627,8,3493,117,89,80
1531,16,2,628,8,3501,97,72,80
1532,16,2,629,4,3505,58,51,40
1533,16,2,630,8,3513,97,77,80
1534,16,2,631,5,3518,78,58,50
1535,16,2,632,9,3527,104,88,90
1536,16,2,633,8,3535,106,88,80
1537,16,2,634,2,3537,36,27,20
1538,16,2,635,3,3540,36,30,30
1539,16,2,636,4,3544,44,34,40
1540,16,2,637,9,3553,105,79,90
1541,16,2,638,2,3555,48,48,20
1542,16,2,639,3,3558,30,22,30
1543,16,2,640,7,3565,79,58,70
1544,16,2,641,5,3570,73,58,50
1545,16,2,642,5,3575,55,47,50
1546,16,2,643,7,3582,81,65,70
1547,16,2,644,9,3591,100,89,90
1548,16,2,645,9,3600,118,93,90
1549,16,2,646,5,3605,80,66,50
1550,16,2,647,2,3607,34,24,20
1551,16,2,648,9,3616,97,82,90
1552,16,2,649,8,3624,101,76,80
1553,16,2,650,7,3631,110,79,70
1554,16,2,651,2,3633,42,33,20
1555,16,2,652,6,3639,57,46,60
1556,16,2,653,4,3643,55,48,40
1557,16,2,654,2,3645,28,22,20
1558,16,2,655,8,3653,94,76,80
1559,16,2,656,5,3658,86,66,50
1560,16,2,657,8,3666,100,78,80
1561,16,2,658,8,3674,92,67,80
1562,16,2,659,3,3677,62,44,30
1563,16,2,660,6,3683,73,57,60
1564,16,2,661,4,3687,62,52,40
1565,16,2,662,9,3696,86,71,90
1566,16,2,663,9,3705,110,110,90
1567,16,2,664,4,3709,37,32,40
1568,16,2,665,7,3716,77,56,70
1569,16,2,666,2,3718,41,29,20
1570,16,2,667,8,3726,94,73,80
1571,16,2,668,7,3733,79,59,70
1572,16,2,669,6,3739,82,70,60
1573,16,2,670,8,3747,84,57,80
1574,16,2,671,3,3750,57,48,30
1575,16,2,672,5,3755,61,46,50
1576,16,2,673,5,3760,63,48,50
1577,16,2,674,7,3767,67,51,70
1578,16,2,675,8,3775,88,72,80
1579,16,2,676,4,3779,61,47,40
1580,16,2,677,2,3781,32,23,20
1581,16,2,678,4,3785,57,43,40
1582,16,2,679,8,3793,100,75,80
1583,16,2,680,5,3798,84,68,50
1584,16,2,681,5,3803,77,64,50
1585,16,2,682,2,3805,24,22,20
1586,16,2,683,3,3808,33,17,30
1587,16,2,684,7,3815,81,74,70
1588,16,2,685,2,3817,33,29,20
1589,16,2,686,7,3824,65,53,70
1590,16,2,687,3,3827,48,43,30
1591,16,2,688,6,3833,77,53,60
1592,16,2,689,8,3841,103,83,80
1593,16,2,690,8,3849,111,90,80
1594,16,2,691,2,3851,36,30,20
1595,16,2,692,4,3855,49,37,40
1596,16,2,693,3,3858,46,33,30
1597,16,2,694,6,3864,74,52,60
1598,16,2,695,8,3872,99,78,80
1599,16,2,696,5,3877,69,55,50
1600,16,2,697,2,3879,35,26,20
1601,16,2,698,7,3886,87,66,70
1602,16,2,699,6,3892,80,66,60
1603,16,2,700,6,3898,78,58,60
1604,16,2,701,2,3900,48,48,20
1605,16,2,702,6,3906,55,45,60
1606,16,2,703,6,3912,71,59,60
1607,16,2,704,4,3916,55,43,40
1608,16,2,705,2,3918,33,33,20
1609,16,2,706,2,3920,19,16,20
1610,16,2,707,3,3923,41,30,30
1611,16,2,708,4,3927,52,52,40
1612,16,2,709,7,3934,75,62,70
1613,16,2,710,4,3938,48,35,40
1614,16,2,711,6,3944,80,61,60
1615,16,2,712,3,3947,56,44,30
1616,16,2,713,8,3955,94,77,80
1617,16,2,714,8,3963,89,64,80
1618,16,2,715,9,3972,119,97,90
1619,16,2,716,2,3974,44,31,20
1620,16,2,717,9,3983,102,86,90
1621,16,2,718,6,3989,79,62,60
1622,16,2,719,6,3995,84,72,60
1623,16,2,720,4,3999,51,35,40
1624,16,2,721,4,4003,63,50,40
1625,16,2,722,5,4008,66,51,50
1626,16,2,723,3,4011,53,39,30
1627,16,2,724,2,4013,31,25,20
1628,16,2,725,4,4017,53,38,40
1629,16,2,726,3,4020,46,32,30
1630,16,2,727,7,4027,81,64,70
1631,16,2,728,5,4032,65,48,50
1632,16,2,729,6,4038,67,50,60
1633,16,2,730,6,4044,82,66,60
1634,16,2,731,3,4047,57,43,30
1635,16,2,732,9,4056,109,83,90
1636,16,2,733,2,4058,43,29,20
1637,16,2,734,8,4066,106,81,80
1638,16,2,735,6,4072,91,75,60
1639,16,2,736,6,4078,76,65,60
1640,16,2,737,9,4087,105,83,90
1641,16,2,738,7,4094,87,73,70
1642,16,2,739,5,4099,75,62,50
1643,16,2,740,5,4104,63,48,50
1644,16,2,741,9,4113,106,87,90
1645,16,2,742,6,4119,79,62,60
1646,16,2,743,8,4127,95,78,80
1647,16,2,744,3,4130,50,36,30
1648,16,2,745,8,4138,115,82,80
1649,16,2,746,5,4143,81,64,50
1650,16,2,747,2,4145,45,34,20
1651,16,2,748,8,4153,97,97,80
1652,16,2,749,9,4162,95,76,90
1653,16,2,750,5,4167,72,56,50
1654,16,2,751,2,4169,33,25,20
1655,16,2,752,5,4174,47,47,50
1656,16,2,753,7,4181,82,60,70
1657,16,2,754,6,4187,92,71,60
1658,16,2,755,4,4191,58,51,40
1659,16,2,756,7,4198,76,58,70
1660,16,2,757,9,4207,105,85,90
1661,16,2,758,5,4212,69,51,50
1662,16,2,759,9,4221,104,81,90
1663,16,2,760,5,4226,76,60,50
1664,16,2,761,6,4232,89,89,60
1665,16,2,762,6,4238,56,39,60
1666,16,2,763,6,4244,78,59,60
1667,16,2,764,8,4252,92,73,80
1668,16,2,765,7,4259,83,68,70
1669,16,2,766,4,4263,48,36,40
1670,16,2,767,2,4265,36,31,20
1671,16,2,768,2,4267,21,15,20
1672,16,2,769,5,4272,50,50,50
1673,16,2,770,5,4277,44,38,50
1674,16,2,771,6,4283,73,52,60
1675,16,2,772,9,4292,113,91,90
1676,16,2,773,2,4294,36,25,20
1677,16,2,774,6,4300,56,44,60
1678,16,2,775,9,4309,100,83,90
1679,16,2,776,6,4315,80,63,60
1680,16,2,777,8,4323,91,69,80
1681,16,2,778,2,4325,42,34,20
1682,16,2,779,3,4328,31,28,30
1683,16,2,780,7,4335,88,71,70
1684,16,2,781,8,4343,78,61,80
1685,16,2,782,2,4345,40,29,20
1686,16,2,783,3,4348,46,41,30
1687,16,2,784,4,4352,41,32,40
1688,16,2,785,2,4354,24,21,20
1689,16,2,786,8,4362,82,63,80
1690,16,2,787,8,4370,100,75,80
1691,16,2,788,3,4373,48,36,30
1692,16,2,789,4,4377,41,35,40
1693,16,2,790,6,4383,67,67,60
1694,16,2,791,5,4388,58,41,50
1695,16,2,792,6,4394,82,63,60
1696,16,2,793,2,4396,44,38,20
1697,16,2,794,7,4403,73,59,70
1698,16,2,795,8,4411,88,72,80
1699,16,2,796,7,4418,83,71,70
1700,16,2,797,8,4426,90,72,80
1701,16,2,798,7,4433,95,82,70
1702,16,2,799,3,4436,41,31,30
1703,16,2,800,9,4445,95,80,90
1704,16,2,801,4,4449,51,37,40
1705,16,2,802,2,4451,23,17,20
1706,16,2,803,4,4455,46,37,40
1707,16,2,804,4,4459,37,32,40
1708,16,2,805,7,4466,73,58,70
1709,16,2,806,6,4472,83,76,60
1710,16,2,807,3,4475,31,27,30
1711,16,2,808,6,4481,66,54,60
1712,16,2,809,7,4488,76,61,70
1713,16,2,810,8,4496,88,68,80
1714,16,2,811,3,4499,42,34,30
1715,16,2,812,3,4502,33,25,30
1716,16,2,813,6,4508,60,51,60
1717,16,2,814,7,4515,62,52,70
1718,16,2,815,9,4524,96,70,90
1719,16,2,816,2,4526,52,45,20
1720,16,2,817,2,4528,33,28,20
1721,16,2,818,7,4535,72,55,70
1722,16,2,819,3,4538,58,38,30
1723,16,2,820,9,4547,105,85,90
1724,16,2,821,4,4551,61,44,40
1725,16,2,822,2,4553,34,26,20
1726,16,2,823,8,4561,91,69,80
1727,16,2,824,3,4564,63,44,30
1728,16,2,825,2,4566,36,33,20
1729,16,2,826,2,4568,30,23,20
1730,16,2,827,2,4570,21,14,20
1731,16,2,828,9,4579,111,88,90
1732,16,2,829,5,4584,64,55,50
1733,16,2,830,3,4587,32,25,30
1734,16,2,831,4,4591,48,36,40
1735,16,2,832,3,4594,43,35,30
1736,16,2,833,9,4603,94,75,90
1737,16,2,834,9,4612,107,90,90
1738,16,2,835,6,4618,80,62,60
1739,16,2,836,4,4622,70,58,40
1740,16,2,837,8,4630,78,60,80
1741,16,2,838,4,4634,57,47,40
1742,16,2,839,2,4636,32,27,20
1743,16,2,840,2,4638,21,17,20
1744,16,2,841,8,4646,66,54,80
1745,16,2,842,4,4650,62,49,40
1746,16,2,843,8,4658,89,69,80
1747,16,2,844,7,4665,102,79,70
1748,16,2,845,2,4667,43,37,20
1749,16,2,846,8,4675,108,87,80
1750,16,2,847,2,4677,40,28,20
1751,16,2,848,2,4679,32,26,20
1752,16,2,849,2,4681,26,23,20
1753,16,2,850,4,4685,39,29,40
1754,16,2,851,2,4687,24,19,20
1755,16,2,852,5,4692,49,38,50
1756,16,2,853,9,4701,118,91,90
1757,16,2,854,3,4704,70,63,30
1758,16,2,855,9,4713,91,77,90
1759,16,2,856,4,4717,58,50,40
1760,16,2,857,9,4726,93,78,90
1761,16,2,858,7,4733,74,57,70
1762,16,2,859,3,4736,38,30,30
1763,16,2,860,6,4742,67,52,60
1764,16,2,861,4,4746,63,54,40
1765,16,2,862,4,4750,54,44,40
1766,16,2,863,7,4757,77,58,70
1767,16,2,864,9,4766,113,97,90
1768,16,2,865,9,4775,106,81,90
1769,16,2,866,2,4777,53,38,20
1770,16,2,867,8,4785,96,81,80
1771,16,2,868,7,4792,76,58,70
1772,16,2,869,6,4798,85,70,60
1773,16,2,870,6,4804,73,61,60
1774,16,2,871,6,4810,65,50,60
1775,16,2,872,5,4815,64,54,50
1776,16,2,873,8,4823,77,62,80
1777,16,2,874,4,4827,60,43,40
1778,16,2,875,4,4831,48,40,40
1779,16,2,876,3,4834,41,31,30
1780,16,2,877,3,4837,42,37,30
1781,16,2,878,6,4843,59,46,60
1782,16,2,879,6,4849,73,57,60
1783,16,2,880,5,4854,60,53,50
1784,16,2,881,5,4859,47,35,50
1785,16,2,882,3,4862,39,27,30
1786,16,2,883,2,4864,38,32,20
1787,16,2,884,4,4868,57,39,40
1788,16,2,885,3,4871,41,33,30
1789,16,2,886,3,4874,37,28,30
1790,16,2,887,7,4881,72,58,70
1791,16,2,888,2,4883,40,27,20
1792,16,2,889,7,4890,79,62,70
1793,16,2,890,8,4898,89,67,80
1794,16,2,891,5,4903,74,60,50
1795,16,2,892,8,4911,110,84,80
1796,16,2,893,7,4918,94,74,70
1797,16,2,894,3,4921,47,37,30
1798,16,2,895,5,4926,73,59,50
1799,16,2,896,9,4935,115,96,90
1800,16,2,897,6,4941,74,59,60
1801,16,2,898,3,4944,46,46,30
1802,16,2,899,6,4950,67,50,60
1803,16,2,900,3,4953,42,33,30
1804,16,2,901,2,4955,29,25,20
1805,16,2,902,3,4958,41,32,30
1806,16,2,903,6,4964,74,60,60
1807,16,2,904,8,4972,100,100,80
1808,16,2,905,2,4974,18,12,20
1809,16,2,906,7,4981,57,47,70
1810,16,2,907,7,4988,92,79,70
1811,16,2,908,6,4994,66,66,60
1812,16,3,1,5,5,38,28,50
1813,16,3,2,8,13,83,66,80
1814,16,3,3,2,15,32,25,20
1815,16,3,4,3,18,41,30,30
1816,16,3,5,3,21,45,35,30
1817,16,3,6,4,25,36,36,40
1818,16,3,7,6,31,80,65,60
1819,16,3,8,8,39,101,101,80
1820,16,3,9,3,42,25,19,30
1821,16,3,10,2,44,28,23,20
1822,16,3,11,4,48,52,37,40
1823,16,3,12,9,57,95,73,90
1824,16,3,13,7,64,101,73,70
1825,16,3,14,3,67,60,44,30
1826,16,3,15,6,73,67,51,60
1827,16,3,16,2,75,33,24,20
1828,16,3,17,9,84,95,74,90
1829,16,3,18,9,93,118,96,90
1830,16,3,19,4,97,56,42,40
1831,16,3,20,6,103,69,49,60
1832,16,3,21,5,108,79,79,50
1833,16,3,22,9,117,84,71,90
1834,16,3,23,7,124,82,73,70
1835,16,3,24,3,127,41,37,30
1836,16,3,25,3,130,36,29,30
1837,16,3,26,6,136,82,65,60
1838,16,3,27,7,143,84,63,70
1839,16,3,28,6,149,77,77,60
1840,16,3,29,6,155,41,34,60
1841,16,3,30,3,158,39,26,30
1842,16,3,31,2,160,31,22,20
1843,16,3,32,5,165,56,43,50
1844,16,3,33,6,171,65,47,60
1845,16,3,34,2,173,34,26,20
1846,16,3,35,2,175,22,18,20
1847,16,3,36,7,182,99,78,70
1848,16,3,37,4,186,61,45,40
1849,16,3,38,6,192,74,61,60
1850,16,3,39,8,200,93,77,80
1851,16,3,40,5,205,59,59,50
1852,16,3,41,6,211,54,40,60
1853,16,3,42,3,214,50,42,30
1854,16,3,43,4,218,52,40,40
1855,16,3,44,6,224,70,57,60
1856,16,3,45,6,230,91,74,60
1857,16,3,46,7,237,81,59,70
1858,16,3,47,7,244,87,62,70
1859,16,3,48,6,250,69,57,60
1860,16,3,49,4,254,56,47,40
1861,16,3,50,8,262,104,77,80
1862,16,3,51,9,271,123,92,90
1863,16,3,52,3,274,62,45,30
1864,16,3,53,8,282,97,82,80
1865,16,3,54,7,289,90,69,70
1866,16,3,55,6,295,78,62,60
1867,16,3,56,9,304,94,94,90
1868,16,3,57,5,309,53,37,50
1869,16,3,58,2,311,34,25,20
1870,16,3,59,7,318,66,55,70
1871,16,3,60,6,324,67,67,60
1872,16,3,61,7,331,71,53,70
1873,16,3,62,5,336,70,56,50
1874,16,3,63,4,340,59,49,40
1875,16,3,64,8,348,101,76,80
1876,16,3,65,2,350,46,35,20
1877,16,3,66,7,357,79,58,70
1878,16,3,67,9,366,117,97,90
1879,16,3,68,8,374,103,76,80
1880,16,3,69,6,380,88,60,60
1881,16,3,70,6,386,90,64,60
1882,16,3,71,5,391,90,67,50
1883,16,3,72,9,400,109,85,90
1884,16,3,73,3,403,64,52,30
1885,16,3,74,7,410,63,50,70
1886,16,3,75,8,418,94,74,80
1887,16,3,76,6,424,78,61,60
1888,16,3,77,8,432,103,81,80
1889,16,3,78,2,434,39,29,20
1890,16,3,79,6,440,78,62,60
1891,16,3,80,9,449,101,79,90
1892,16,3,81,5,454,75,56,50
1893,16,3,82,7,461,74,61,70
1894,16,3,83,9,470,124,105,90
1895,16,3,84,5,475,73,60,50
1896,16,3,85,7,482,79,57,70
1897,16,3,86,9,491,116,90,90
1898,16,3,87,8,499,111,85,80
1899,16,3,88,8,507,103,81,80
1900,16,3,89,8,515,110,89,80
1901,16,3,90,2,517,40,29,20
1902,16,3,91,9,526,110,85,90
1903,16,3,92,9,535,101,85,90
1904,16,3,93,4,539,50,42,40
1905,16,3,94,5,544,58,48,50
1906,16,3,95,8,552,89,71,80
1907,16,3,96,6,558,67,53,60
1908,16,3,97,7,565,90,69,70
1909,16,3,98,6,571,72,54,60
1910,16,3,99,8,579,108,85,80
1911,16,3,100,6,585,80,62,60
1912,16,3,101,3,588,45,36,30
1913,16,3,102,8,596,93,74,80
1914,16,3,103,8,604,97,80,80
1915,16,3,104,8,612,100,74,80
1916,16,3,105,2,614,44,33,20
1917,16,3,106,5,619,69,57,50
1918,16,3,107,3,622,42,35,30
1919,16,3,108,7,629,79,61,70
1920,16,3,109,7,636,103,79,70
1921,16,3,110,9,645,111,92,90
1922,16,3,111,8,653,79,60,80
1923,16,3,112,3,656,48,40,30
1924,16,3,113,5,661,63,54,50
1925,16,3,114,9,670,111,85,90
1926,16,3,115,2,672,51,51,20
1927,16,3,116,7,679,71,71,70
1928,16,3,117,7,686,62,49,70
1929,16,3,118,6,692,70,51,60
1930,16,3,119,5,697,69,59,50
1931,16,3,120,2,699,30,21,20
1932,16,3,121,2,701,37,29,20
1933,16,3,122,2,703,32,26,20
1934,16,3,123,4,707,40,31,40
1935,16,3,124,8,715,97,73,80
1936,16,3,125,8,723,108,87,80
1937,16,3,126,7,730,78,65,70
1938,16,3,127,5,735,62,54,50
1939,16,3,128,9,744,100,76,90
1940,16,3,129,9,753,130,100,90
1941,16,3,130,9,762,107,86,90
1942,16,3,131,7,769,88,65,70
1943,16,3,132,2,771,38,29,20
1944,16,3,133,7,778,75,65,70
1945,16,3,134,6,784,58,48,60
1946,16,3,135,8,792,88,68,80
1947,16,3,136,4,796,62,54,40
1948,16,3,137,8,804,97,76,80
1949,16,3,138,8,812,108,92,80
1950,16,3,139,4,816,48,36,40
1951,16,3,140,7,823,99,82,70
1952,16,3,141,8,831,110,86,80
1953,16,3,142,3,834,49,39,30
1954,16,3,143,2,836,32,27,20
1955,16,3,144,5,841,44,36,50
1956,16,3,145,9,850,98,78,90
1957,16,3,146,7,857,94,72,70
1958,16,3,147,8,865,111,89,80
1959,16,3,148,5,870,69,56,50
1960,16,3,149,7,877,78,67,70
1961,16,3,150,8,885,108,95,80
1962,16,3,151,6,891,68,52,60
1963,16,3,152,6,897,72,54,60
1964,16,3,153,7,904,82,63,70
1965,16,3,154,2,906,41,41,20
1966,16,3,155,5,911,39,28,50
1967,16,3,156,2,913,34,27,20
1968,16,3,157,8,921,95,73,80
1969,16,3,158,3,924,52,48,30
1970,16,3,159,7,931,68,56,70
1971,16,3,160,2,933,31,23,20
1972,16,3,161,8,941,89,68,80
1973,16,3,162,5,946,74,58,50
1974,16,3,163,3,949,45,37,30
1975,16,3,164,2,951,31,23,20
1976,16,3,165,2,953,25,18,20
1977,16,3,166,7,960,81,70,70
1978,16,3,167,2,962,32,25,20
1979,16,3,168,5,967,52,37,50
1980,16,3,169,4,971,65,49,40
1981,16,3,170,6,977,73,59,60
1982,16,3,171,2,979,40,31,20
1983,16,3,172,7,986,68,58,70
1984,16,3,173,8,994,81,66,80
1985,16,3,174,3,997,52,38,30
1986,16,3,175,7,1004,94,94,70
1987,16,3,176,6,1010,66,47,60
1988,16,3,177,6,1016,73,57,60
1989,16,3,178,9,1025,121,99,90
1990,16,3,179,2,1027,40,32,20
1991,16,3,180,8,1035,99,70,80
1992,16,3,181,8,1043,103,80,80
1993,16,3,182,3,1046,55,39,30
1994,16,3,183,6,1052,69,53,60
1995,16,3,184,5,1057,77,55,50
1996,16,3,185,9,1066,106,82,90
1997,16,3,186,5,1071,76,60,50
1998,16,3,187,4,1075,65,56,40
1999,16,3,188,4,1079,49,32,40
2000,16,3,189,8,1087,113,88,80
2001,16,3,190,7,1094,98,79,70
2002,16,3,191,3,1097,51,39,30
2003,16,3,192,7,1104,80,57,70
2004,16,3,193,7,1111,87,69,70
2005,16,3,194,6,1117,105,85,60
2006,16,3,195,5,1122,75,75,50
2007,16,3,196,8,1130,73,73,80
2008,16,3,197,3,1133,30,24,30
2009,16,3,198,3,1136,34,24,30
2010,16,3,199,8,1144,96,96,80
2011,16,3,200,5,1149,39,27,50
2012,16,3,201,9,1158,89,70,90
2013,16,3,202,6,1164,69,52,60
2014,16,3,203,5,1169,65,50,50
2015,16,3,204,8,1177,100,81,80
2016,16,3,205,3,1180,44,36,30
2017,16,3,206,6,1186,61,53,60
2018,16,3,207,8,1194,98,80,80
2019,16,3,208,9,1203,112,89,90
2020,16,3,209,3,1206,44,33,30
2021,16,3,210,6,1212,72,65,60
2022,16,3,211,9,1221,95,76,90
2023,16,3,212,4,1225,66,66,40
2024,16,3,213,9,1234,89,89,90
2025,16,3,214,8,1242,78,55,80
2026,16,3,215,7,1249,97,81,70
2027,16,3,216,5,1254,72,61,50
2028,16,3,217,5,1259,65,50,50
2029,16,3,218,6,1265,68,54,60
2030,16,3,219,9,1274,128,128,90
2031,16,3,220,4,1278,42,31,40
2032,16,3,221,3,1281,41,30,30
2033,16,3,222,8,1289,74,61,80
2034,16,3,223,3,1292,44,34,30
2035,16,3,224,7,1299,79,69,70
2036,16,3,225,4,1303,35,28,40
2037,16,3,226,8,1311,78,56,80
2038,16,3,227,9,1320,110,82,90
2039,16,3,228,2,1322,51,41,20
2040,16,3,229,6,1328,66,48,60
2041,16,3,230,8,1336,103,81,80
2042,16,3,231,9,1345,113,94,90
2043,16,3,232,9,1354,105,81,90
2044,16,3,233,6,1360,88,69,60
2045,16,3,234,6,1366,82,66,60
2046,16,3,235,7,1373,85,64,70
2047,16,3,236,2,1375,46,41,20
2048,16,3,237,5,1380,60,43,50
2049,16,3,238,8,1388,80,66,80
2050,16,3,239,2,1390,38,38,20
2051,16,3,240,5,1395,54,44,50
2052,16,3,241,7,1402,80,65,70
2053,16,3,242,6,1408,78,61,60
2054,16,3,243,9,1417,103,78,90
2055,16,3,244,4,1421,59,51,40
2056,16,3,245,7,1428,82,59,70
2057,16,3,246,2,1430,34,26,20
2058,16,3,247,6,1436,83,67,60
2059,16,3,248,8,1444,99,71,80
2060,16,3,249,4,1448,61,52,40
2061,16,3,250,8,1456,73,62,80
2062,16,3,251,3,1459,38,30,30
2063,16,3,252,2,1461,39,33,20
2064,16,3,253,6,1467,66,50,60
2065,16,3,254,7,1474,96,85,70
2066,16,3,255,7,1481,83,83,70
2067,16,3,256,7,1488,69,51,70
2068,16,3,257,4,1492,72,60,40
2069,16,3,258,4,1496,52,45,40
2070,16,3,259,8,1504,96,75,80
2071,16,3,260,4,1508,60,49,40
2072,16,3,261,8,1516,99,85,80
2073,16,3,262,8,1524,90,67,80
2074,16,3,263,9,1533,128,96,90
2075,16,3,264,5,1538,82,61,50
2076,16,3,265,2,1540,37,21,20
2077,16,3,266,7,1547,79,64,70
2078,16,3,267,2,1549,35,27,20
2079,16,3,268,6,1555,61,49,60
2080,16,3,269,3,1558,40,40,30
2081,16,3,270,8,1566,87,69,80
2082,16,3,271,7,1573,90,71,70
2083,16,3,272,7,1580,87,68,70
2084,16,3,273,9,1589,123,93,90
2085,16,3,274,6,1595,87,59,60
2086,16,3,275,8,1603,105,88,80
2087,16,3,276,5,1608,56,43,50
2088,16,3,277,6,1614,78,62,60
2089,16,3,278,3,1617,35,23,30
2090,16,3,279,6,1623,77,60,60
2091,16,3,280,5,1628,60,48,50
2092,16,3,281,4,1632,55,37,40
2093,16,3,282,4,1636,58,46,40
2094,16,3,283,2,1638,40,30,20
2095,16,3,284,7,1645,61,61,70
2096,16,3,285,4,1649,38,38,40
2097,16,3,286,3,1652,26,23,30
2098,16,3,287,3,1655,37,26,30
2099,16,3,288,9,1664,109,86,90
2100,16,3,289,6,1670,80,63,60
2101,16,3,290,8,1678,87,67,80
2102,16,3,291,7,1685,81,67,70
2103,16,3,292,2,1687,36,26,20
2104,16,3,293,7,1694,67,50,70
2105,16,3,294,3,1697,41,32,30
2106,16,3,295,7,1704,66,48,70
2107,16,3,296,5,1709,75,61,50
2108,16,3,297,2,1711,38,29,20
2109,16,3,298,7,1718,75,60,70
2110,16,3,299,7,1725,85,63,70
2111,16,3,300,7,1732,95,76,70
2112,16,3,301,5,1737,64,55,50
2113,16,3,302,7,1744,80,61,70
2114,16,3,303,4,1748,50,38,40
2115,16,3,304,8,1756,106,81,80
2116,16,3,305,3,1759,60,48,30
2117,16,3,306,7,1766,77,63,70
2118,16,3,307,5,1771,75,58,50
2119,16,3,308,6,1777,62,50,60
2120,16,3,309,6,1783,79,58,60
2121,16,3,310,8,1791,107,78,80
2122,16,3,311,8,1799,90,70,80
2123,16,3,312,5,1804,88,68,50
2124,16,3,313,7,1811,98,72,70
2125,16,3,314,5,1816,87,67,50
2126,16,3,315,3,1819,56,43,30
2127,16,3,316,8,1827,98,85,80
2128,16,3,317,7,1834,88,72,70
2129,16,3,318,7,1841,83,59,70
2130,16,3,319,8,1849,110,84,80
2131,16,3,320,4,1853,67,52,40
2132,16,3,321,5,1858,77,65,50
2133,16,3,322,3,1861,45,37,30
2134,16,3,323,8,1869,88,72,80
2135,16,3,324,3,1872,36,26,30
2136,16,3,325,3,1875,33,27,30
2137,16,3,326,7,1882,74,63,70
2138,16,3,327,5,1887,60,42,50
2139,16,3,328,8,1895,78,60,80
2140,16,3,329,4,1899,53,38,40
2141,16,3,330,9,1908,110,90,90
2142,16,3,331,5,1913,86,86,50
2143,16,3,332,3,1916,24,16,30
2144,16,3,333,2,1918,31,24,20
2145,16,3,334,9,1927,99,84,90
2146,16,3,335,2,1929,31,24,20
2147,16,3,336,9,1938,90,68,90
2148,16,3,337,2,1940,38,26,20
2149,16,3,338,8,1948,89,67,80
2150,16,3,339,6,1954,87,72,60
2151,16,3,340,3,1957,40,30,30
2152,16,3,341,6,1963,60,51,60
2153,16,3,342,9,1972,108,82,90
2154,16,3,343,7,1979,89,89,70
2155,16,3,344,7,1986,70,60,70
2156,16,3,345,3,1989,42,34,30
2157,16,3,346,3,1992,39,33,30
2158,16,3,347,6,1998,64,48,60
2159,16,3,348,7,2005,86,60,70
2160,16,3,349,5,2010,81,66,50
2161,16,3,350,9,2019,122,101,90
2162,16,3,351,8,2027,97,77,80
2163,16,3,352,6,2033,66,56,60
2164,16,3,353,4,2037,52,44,40
2165,16,3,354,9,2046,85,66,90
2166,16,3,355,3,2049,48,37,30
2167,16,3,356,8,2057,91,75,80
2168,16,3,357,3,2060,41,34,30
2169,16,3,358,7,2067,92,73,70
2170,16,3,359,6,2073,75,60,60
2171,16,3,360,7,2080,91,67,70
2172,16,3,361,4,2084,65,52,40
2173,16,3,362,9,2093,104,84,90
2174,16,3,363,2,2095,41,28,20
2175,16,3,364,9,2104,104,84,90
2176,16,3,365,7,2111,88,66,70
2177,16,3,366,5,2116,73,58,50
2178,16,3,367,3,2119,47,47,30
2179,16,3,368,6,2125,58,46,60
2180,16,3,369,4,2129,50,39,40
2181,16,3,370,7,2136,67,58,70
2182,16,3,371,9,2145,106,80,90
2183,16,3,372,4,2149,70,58,40
2184,16,3,373,9,2158,114,93,90
2185,16,3,374,2,2160,43,33,20
2186,16,3,375,5,2165,71,58,50
2187,16,3,376,5,2170,57,44,50
2188,16,3,377,9,2179,107,85,90
2189,16,3,378,7,2186,87,72,70
2190,16,3,379,9,2195,109,89,90
2191,16,3,380,4,2199,51,46,40
2192,16,3,381,9,2208,108,81,90
2193,16,3,382,8,2216,108,91,80
2194,16,3,383,3,2219,46,36,30
2195,16,3,384,4,2223,46,36,40
2196,16,3,385,6,2229,69,54,60
2197,16,3,386,9,2238,113,96,90
2198,16,3,387,9,2247,91,69,90
2199,16,3,388,4,2251,60,49,40
2200,16,3,389,8,2259,88,74,80
2201,16,3,390,7,2266,80,57,70
2202,16,3,391,9,2275,101,101,90
2203,16,3,392,4,2279,45,35,40
2204,16,3,393,2,2281,33,26,20
2205,16,3,394,6,2287,67,50,60
2206,16,3,395,3,2290,50,35,30
2207,16,3,396,5,2295,64,48,50
2208,16,3,397,6,2301,75,59,60
2209,16,3,398,3,2304,49,37,30
2210,16,3,399,9,2313,98,82,90
2211,16,3,400,4,2317,54,42,40
2212,16,3,401,7,2324,109,81,70
2213,16,3,402,8,2332,99,74,80
2214,16,3,403,3,2335,60,46,30
2215,16,3,404,8,2343,81,64,80
2216,16,3,405,4,2347,48,40,40
2217,16,3,406,3,2350,41,29,30
2218,16,3,407,5,2355,68,54,50
2219,16,3,408,4,2359,54,41,40
2220,16,3,409,4,2363,53,41,40
2221,16,3,410,7,2370,95,74,70
2222,16,3,411,6,2376,87,72,60
2223,16,3,412,4,2380,66,54,40
2224,16,3,413,5,2385,86,68,50
2225,16,3,414,8,2393,100,80,80
2226,16,3,415,5,2398,65,49,50
2227,16,3,416,8,2406,93,76,80
2228,16,3,417,9,2415,121,93,90
2229,16,3,418,8,2423,111,97,80
2230,16,3,419,2,2425,37,24,20
2231,16,3,420,8,2433,96,75,80
2232,16,3,421,9,2442,93,70,90
2233,16,3,422,6,2448,89,70,60
2234,16,3,423,5,2453,74,62,50
2235,16,3,424,2,2455,32,29,20
2236,16,3,425,9,2464,117,97,90
2237,16,3,426,6,2470,83,66,60
2238,16,3,427,7,2477,86,66,70
2239,16,3,428,4,2481,56,45,40
2240,16,3,429,8,2489,93,70,80
2241,16,3,430,6,2495,84,59,60
2242,16,3,431,9,2504,106,86,90
2243,16,3,432,3,2507,59,47,30
2244,16,3,433,4,2511,47,37,40
2245,16,3,434,4,2515,68,50,40
2246,16,3,435,8,2523,87,74,80
2247,16,3,436,7,2530,95,72,70
2248,16,3,437,2,2532,44,34,20
2249,16,3,438,3,2535,44,32,30
2250,16,3,439,3,2538,38,28,30
2251,16,3,440,8,2546,80,65,80
2252,16,3,441,6,2552,81,65,60
2253,16,3,442,3,2555,48,39,30
2254,16,3,443,7,2562,88,65,70
2255,16,3,444,5,2567,72,60,50
2256,16,3,445,3,2570,37,25,30
2257,16,3,446,4,2574,55,46,40
2258,16,3,447,6,2580,69,56,60
2259,16,3,448,2,2582,30,23,20
2260,16,3,449,8,2590,73,59,80
2261,16,3,450,3,2593,47,39,30
2262,16,3,451,5,2598,55,45,50
2263,16,3,452,6,2604,67,53,60
2264,16,3,453,7,2611,82,72,70
2265,16,3,454,7,2618,88,61,70
2266,16,3,455,9,2627,107,74,90
2267,16,3,456,9,2636,133,103,90
2268,16,3,457,8,2644,127,101,80
2269,16,3,458,7,2651,100,76,70
2270,16,3,459,6,2657,70,52,60
2271,16,3,460,7,2664,83,65,70
2272,16,3,461,6,2670,77,61,60
2273,16,3,462,7,2677,78,55,70
2274,16,3,463,9,2686,113,87,90
2275,16,3,464,5,2691,74,56,50
2276,16,3,465,8,2699,91,69,80
2277,16,3,466,4,2703,64,45,40
2278,16,3,467,9,2712,101,83,90
2279,16,3,468,6,2718,83,69,60
2280,16,3,469,2,2720,26,21,20
2281,16,3,470,7,2727,64,53,70
2282,16,3,471,3,2730,40,34,30
2283,16,3,472,6,2736,56,45,60
2284,16,3,473,4,2740,47,38,40
2285,16,3,474,4,2744,48,40,40
2286,16,3,475,6,2750,79,62,60
2287,16,3,476,8,2758,90,73,80
2288,16,3,477,5,2763,59,46,50
2289,16,3,478,8,2771,98,77,80
2290,16,3,479,3,2774,50,38,30
2291,16,3,480,6,2780,74,61,60
2292,16,3,481,3,2783,57,47,30
2293,16,3,482,3,2786,28,24,30
2294,16,3,483,3,2789,35,27,30
2295,16,3,484,2,2791,29,26,20
2296,16,3,485,6,2797,62,46,60
2297,16,3,486,2,2799,43,30,20
2298,16,3,487,5,2804,65,50,50
2299,16,3,488,3,2807,45,37,30
2300,16,3,489,7,2814,74,62,70
2301,16,3,490,6,2820,56,46,60
2302,16,3,491,9,2829,97,74,90
2303,16,3,492,5,2834,81,61,50
2304,16,3,493,8,2842,99,83,80
2305,16,3,494,8,2850,99,87,80
2306,16,3,495,9,2859,104,104,90
2307,16,3,496,4,2863,41,32,40
2308,16,3,497,9,2872,95,75,90
2309,16,3,498,4,2876,58,47,40
2310,16,3,499,4,2880,57,47,40
2311,16,3,500,6,2886,71,62,60
2312,16,3,501,6,2892,52,37,60
2313,16,3,502,9,2901,116,91,90
2314,16,3,503,6,2907,82,69,60
2315,16,3,504,5,2912,53,45,50
2316,16,3,505,3,2915,44,31,30
2317,16,3,506,6,2921,75,75,60
2318,16,3,507,8,2929,69,50,80
2319,16,3,508,4,2933,52,52,40
2320,16,3,509,3,2936,27,21,30
2321,16,3,510,8,2944,83,66,80
2322,16,3,511,2,2946,38,31,20
2323,16,3,512,8,2954,90,72,80
2324,16,3,513,3,2957,47,34,30
2325,16,3,514,8,2965,115,96,80
2326,16,3,515,8,2973,98,80,80
2327,16,3,516,7,2980,86,74,70
2328,16,3,517,9,2989,91,68,90
2329,16,3,518,3,2992,48,34,30
2330,16,3,519,5,2997,60,52,50
2331,16,3,520,3,3000,38,27,30
2332,16,3,521,7,3007,83,68,70
2333,16,3,522,8,3015,106,91,80
2334,16,3,523,5,3020,76,56,50
2335,16,3,524,8,3028,113,95,80
2336,16,3,525,7,3035,91,70,70
2337,16,3,526,7,3042,91,68,70
2338,16,3,527,6,3048,68,54,60
2339,16,3,528,9,3057,79,66,90
2340,16,3,529,3,3060,47,37,30
2341,16,3,530,2,3062,25,21,20
2342,16,3,531,2,3064,23,18,20
2343,16,3,532,6,3070,64,47,60
2344,16,3,533,6,3076,75,59,60
2345,16,3,534,9,3085,99,80,90
2346,16,3,535,4,3089,74,58,40
2347,16,3,536,7,3096,73,59,70
2348,16,3,537,2,3098,30,24,20
2349,16,3,538,6,3104,61,49,60
2350,16,3,539,5,3109,69,52,50
2351,16,3,540,9,3118,113,91,90
2352,16,3,541,3,3121,49,42,30
2353,16,3,542,9,3130,94,71,90
2354,16,3,543,9,3139,126,101,90
2355,16,3,544,9,3148,110,85,90
2356,16,3,545,8,3156,101,80,80
2357,16,3,546,9,3165,119,95,90
2358,16,3,547,4,3169,74,62,40
2359,16,3,548,2,3171,30,24,20
2360,16,3,549,3,3174,34,25,30
2361,16,3,550,9,3183,86,72,90
2362,16,3,551,5,3188,61,48,50
2363,16,3,552,2,3190,28,17,20
2364,16,3,553,6,3196,67,54,60
2365,16,3,554,2,3198,30,22,20
2366,16,3,555,2,3200,28,22,20
2367,16,3,556,9,3209,87,71,90
2368,16,3,557,5,3214,64,48,50
2369,16,3,558,5,3219,62,48,50
2370,16,3,559,3,3222,40,31,30
2371,16,3,560,4,3226,55,46,40
2372,16,3,561,7,3233,80,66,70
2373,16,3,562,8,3241,91,65,80
2374,16,3,563,6,3247,94,72,60
2375,16,3,564,9,3256,109,89,90
2376,16,3,565,2,3258,35,29,20
2377,16,3,566,6,3264,52,40,60
2378,16,3,567,3,3267,47,37,30
2379,16,3,568,4,3271,58,48,40
2380,16,3,569,9,3280,115,90,90
2381,16,3,570,6,3286,91,66,60
2382,16,3,571,5,3291,87,68,50
2383,16,3,572,8,3299,115,88,80
2384,16,3,573,2,3301,50,39,20
2385,16,3,574,5,3306,76,61,50
2386,16,3,575,4,3310,64,49,40
2387,16,3,576,6,3316,73,59,60
2388,16,3,577,9,3325,113,88,90
2389,16,3,578,8,3333,105,81,80
2390,16,3,579,5,3338,78,64,50
2391,16,3,580,8,3346,89,74,80
2392,16,3,581,5,3351,63,47,50
2393,16,3,582,8,3359,93,82,80
2394,16,3,583,4,3363,47,36,40
2395,16,3,584,6,3369,67,52,60
2396,16,3,585,4,3373,55,45,40
2397,16,3,586,7,3380,69,50,70
2398,16,3,587,9,3389,108,108,90
2399,16,3,588,5,3394,55,46,50
2400,16,3,589,9,3403,108,87,90
2401,16,3,590,4,3407,56,44,40
2402,16,3,591,4,3411,49,39,40
2403,16,3,592,9,3420,85,65,90
2404,16,3,593,2,3422,41,34,20
2405,16,3,594,8,3430,80,60,80
2406,16,3,595,9,3439,109,90,90
2407,16,3,596,5,3444,68,53,50
2408,16,3,597,4,3448,59,43,40
2409,16,3,598,7,3455,90,66,70
2410,16,3,599,9,3464,108,80,90
2411,16,3,600,9,3473,110,89,90
2412,16,3,601,2,3475,43,34,20
2413,16,3,602,2,3477,34,28,20
2414,16,3,603,7,3484,67,50,70
2415,16,3,604,6,3490,74,56,60
2416,16,3,605,4,3494,62,48,40
2417,16,3,606,8,3502,88,71,80
2418,16,3,607,5,3507,48,35,50
2419,16,3,608,4,3511,43,35,40
2420,16,3,609,2,3513,38,30,20
2421,16,3,610,6,3519,74,58,60
2422,16,3,611,4,3523,57,57,40
2423,16,3,612,4,3527,46,38,40
2424,16,3,613,2,3529,30,23,20
2425,16,3,614,8,3537,80,66,80
2426,16,3,615,4,3541,58,41,40
2427,16,3,616,3,3544,48,42,30
2428,16,3,617,4,3548,32,23,40
2429,16,3,618,8,3556,87,72,80
2430,16,3,619,8,3564,96,70,80
2431,16,3,620,7,3571,75,58,70
2432,16,3,621,5,3576,79,60,50
2433,16,3,622,4,3580,64,52,40
2434,16,3,623,5,3585,55,48,50
2435,16,3,624,2,3587,26,19,20
2436,16,3,625,8,3595,91,69,80
2437,16,3,626,7,3602,95,76,70
2438,16,3,627,6,3608,69,52,60
2439,16,3,628,4,3612,70,54,40
2440,16,3,629,4,3616,60,49,40
2441,16,3,630,9,3625,108,84,90
2442,16,3,631,8,3633,91,71,80
2443,16,3,632,5,3638,70,54,50
2444,16,3,633,7,3645,86,65,70
2445,16,3,634,6,3651,92,74,60
2446,16,3,635,5,3656,73,57,50
2447,16,3,636,7,3663,95,71,70
2448,16,3,637,6,3669,78,57,60
2449,16,3,638,2,3671,41,33,20
2450,16,3,639,9,3680,89,64,90
2451,16,3,640,4,3684,54,45,40
2452,16,3,641,9,3693,94,78,90
2453,16,3,642,4,3697,59,51,40
2454,16,3,643,6,3703,58,58,60
2455,16,3,644,2,3705,21,17,20
2456,16,3,645,5,3710,42,30,50
2457,16,3,646,7,3717,80,67,70
2458,16,3,647,2,3719,32,27,20
2459,16,3,648,8,3727,93,79,80
2460,16,3,649,5,3732,49,39,50
2461,16,3,650,2,3734,29,22,20
2462,16,3,651,9,3743,96,71,90
2463,16,3,652,7,3750,90,75,70
2464,16,3,653,9,3759,110,94,90
2465,16,3,654,8,3767,94,81,80
2466,16,3,655,4,3771,50,37,40
2467,16,3,656,5,3776,56,49,50
2468,16,3,657,5,3781,58,46,50
2469,16,3,658,9,3790,99,78,90
2470,16,3,659,7,3797,102,76,70
2471,16,3,660,2,3799,39,39,20
2472,16,3,661,3,3802,25,17,30
2473,16,3,662,7,3809,79,61,70
2474,16,3,663,7,3816,87,66,70
2475,16,3,664,3,3819,51,39,30
2476,16,3,665,6,3825,62,62,60
2477,16,3,666,4,3829,45,35,40
2478,16,3,667,6,3835,73,57,60
2479,16,3,668,9,3844,115,87,90
2480,16,3,669,8,3852,110,78,80
2481,16,3,670,4,3856,78,63,40
2482,16,3,671,7,3863,77,58,70
2483,16,3,672,4,3867,50,39,40
2484,16,3,673,6,3873,67,47,60
2485,16,3,674,6,3879,86,66,60
2486,16,3,675,2,3881,46,35,20
2487,16,3,676,7,3888,79,79,70
2488,16,3,677,4,3892,50,40,40
2489,16,3,678,4,3896,50,38,40
2490,16,3,679,6,3902,64,53,60
2491,16,3,680,8,3910,99,75,80
2492,16,3,681,4,3914,67,52,40
2493,16,3,682,3,3917,37,30,30
2494,16,3,683,5,3922,61,52,50
2495,16,3,684,4,3926,62,56,40
2496,16,3,685,5,3931,61,44,50
2497,16,3,686,4,3935,40,30,40
2498,16,3,687,3,3938,43,30,30
2499,16,3,688,8,3946,68,53,80
2500,16,3,689,9,3955,97,74,90
2501,16,3,690,2,3957,40,33,20
2502,16,3,691,8,3965,97,74,80
2503,16,3,692,7,3972,95,77,70
2504,16,3,693,6,3978,74,55,60
2505,16,3,694,6,3984,75,59,60
2506,16,3,695,4,3988,59,43,40
2507,16,3,696,4,3992,65,65,40
2508,16,3,697,6,3998,58,44,60
2509,16,3,698,8,4006,101,87,80
2510,16,3,699,4,4010,45,29,40
2511,16,3,700,3,4013,51,42,30
2512,16,3,701,2,4015,29,23,20
2513,16,3,702,7,4022,95,95,70
2514,16,3,703,5,4027,50,38,50
2515,16,3,704,2,4029,42,32,20
2516,16,3,705,7,4036,65,53,70
2517,16,3,706,5,4041,59,45,50
2518,16,3,707,4,4045,56,45,40
2519,16,3,708,4,4049,58,44,40
2520,16,3,709,9,4058,105,83,90
2521,16,3,710,5,4063,77,64,50
2522,16,3,711,6,4069,86,58,60
2523,16,3,712,4,4073,71,59,40
2524,16,3,713,3,4076,43,33,30
2525,16,3,714,9,4085,103,80,90
2526,16,3,715,5,4090,82,67,50
2527,16,3,716,9,4099,105,81,90
2528,16,3,717,6,4105,98,74,60
2529,16,3,718,3,4108,52,42,30
2530,16,3,719,6,4114,78,62,60
2531,16,3,720,3,4117,47,37,30
2532,16,3,721,3,4120,42,30,30
2533,16,3,722,6,4126,79,65,60
2534,16,3,723,2,4128,35,32,20
2535,16,3,724,5,4133,58,47,50
2536,16,3,725,4,4137,62,49,40
2537,16,3,726,4,4141,57,38,40
2538,16,3,727,5,4146,60,48,50
2539,16,3,728,7,4153,79,63,70
2540,16,3,729,6,4159,78,67,60
2541,16,3,730,7,4166,80,64,70
2542,16,3,731,5,4171,81,65,50
2543,16,3,732,4,4175,59,47,40
2544,16,3,733,7,4182,74,61,70
2545,16,3,734,2,4184,32,24,20
2546,16,3,735,9,4193,109,90,90
2547,16,3,736,2,4195,38,30,20
2548,16,3,737,8,4203,105,86,80
2549,16,3,738,4,4207,57,57,40
2550,16,3,739,5,4212,46,36,50
2551,16,3,740,8,4220,85,67,80
2552,16,3,741,4,4224,53,45,40
2553,16,3,742,9,4233,101,81,90
2554,16,3,743,2,4235,36,26,20
2555,16,3,744,6,4241,62,52,60
2556,16,3,745,9,4250,96,96,90
2557,16,3,746,8,4258,87,70,80
2558,16,3,747,7,4265,86,86,70
2559,16,3,748,2,4267,22,17,20
2560,16,3,749,4,4271,46,34,40
2561,16,3,750,3,4274,38,28,30
2562,16,3,751,8,4282,90,72,80
2563,16,3,752,4,4286,66,53,40
2564,16,3,753,9,4295,100,87,90
2565,16,3,754,2,4297,50,38,20
2566,16,3,755,9,4306,93,73,90
2567,16,3,756,2,4308,33,27,20
2568,16,3,757,3,4311,44,37,30
2569,16,3,758,4,4315,47,36,40
2570,16,3,759,4,4319,56,45,40
2571,16,3,760,7,4326,77,60,70
2572,16,3,761,8,4334,98,76,80
2573,16,3,762,4,4338,57,48,40
2574,16,3,763,7,4345,79,63,70
2575,16,3,764,9,4354,112,84,90
2576,16,3,765,5,4359,81,67,50
2577,16,3,766,2,4361,27,15,20
2578,16,3,767,8,4369,94,65,80
2579,16,3,768,3,4372,56,45,30
2580,16,3,769,6,4378,69,55,60
2581,16,3,770,7,4385,98,98,70
2582,16,3,771,4,4389,46,37,40
2583,16,3,772,7,4396,76,60,70
2584,16,3,773,3,4399,34,26,30
2585,16,3,774,7,4406,73,56,70
2586,16,3,775,9,4415,116,90,90
2587,16,3,776,6,4421,102,81,60
2588,16,3,777,9,4430,97,79,90
2589,16,3,778,7,4437,94,83,70
2590,16,3,779,2,4439,31,29,20
2591,16,3,780,6,4445,59,46,60
2592,16,3,781,4,4449,50,39,40
2593,16,3,782,5,4454,55,45,50
2594,16,3,783,4,4458,45,32,40
2595,16,3,784,2,4460,37,27,20
2596,16,3,785,4,4464,59,47,40
2597,16,3,786,4,4468,46,37,40
2598,16,3,787,3,4471,44,35,30
2599,16,3,788,9,4480,102,80,90
2600,16,3,789,7,4487,101,101,70
2601,16,3,790,8,4495,85,65,80
2602,16,3,791,9,4504,112,91,90
2603,16,3,792,9,4513,108,91,90
2604,16,3,793,7,4520,83,64,70
2605,16,3,794,6,4526,87,68,60
2606,16,3,795,6,4532,82,71,60
2607,16,3,796,9,4541,90,77,90
2608,16,3,797,3,4544,41,32,30
2609,16,3,798,9,4553,118,100,90
2610,16,3,799,7,4560,77,63,70
2611,16,3,800,8,4568,96,72,80
2612,16,3,801,5,4573,75,58,50
2613,16,3,802,2,4575,39,33,20
2614,16,3,803,9,4584,108,87,90
2615,16,3,804,4,4588,66,52,40
2616,16,3,805,2,4590,31,25,20
2617,16,3,806,4,4594,40,40,40
2618,16,3,807,2,4596,15,11,20
2619,16,3,808,8,4604,92,70,80
2620,16,3,809,4,4608,64,54,40
2621,16,3,810,8,4616,90,73,80
2622,16,3,811,2,4618,40,31,20
2623,16,3,812,5,4623,63,48,50
2624,16,3,813,5,4628,63,48,50
2625,16,3,814,5,4633,56,38,50
2626,16,3,815,7,4640,98,81,70
2627,16,3,816,3,4643,42,31,30
2628,16,3,817,3,4646,38,31,30
2629,16,3,818,9,4655,83,71,90
2630,16,3,819,2,4657,30,24,20
2631,16,3,820,3,4660,41,34,30
2632,16,3,821,8,4668,89,64,80
2633,16,3,822,2,4670,44,39,20
2634,16,3,823,9,4679,79,64,90
2635,16,3,824,4,4683,63,48,40
2636,16,3,825,5,4688,83,68,50
2637,16,3,826,7,4695,68,57,70
2638,16,3,827,4,4699,57,46,40
2639,16,3,828,4,4703,45,37,40
2640,16,3,829,9,4712,110,91,90
2641,16,3,830,6,4718,77,65,60
2642,16,3,831,6,4724,75,61,60
2643,16,3,832,2,4726,30,23,20
2644,16,3,833,6,4732,60,45,60
2645,16,3,834,7,4739,90,71,70
2646,16,3,835,8,4747,102,84,80
2647,16,3,836,8,4755,101,81,80
2648,16,3,837,4,4759,51,37,40
2649,16,3,838,5,4764,61,46,50
2650,16,3,839,3,4767,36,29,30
2651,16,3,840,6,4773,77,77,60
2652,16,3,841,4,4777,43,31,40
2653,16,3,842,8,4785,88,69,80
2654,16,3,843,9,4794,119,92,90
2655,16,3,844,4,4798,72,60,40
2656,16,3,845,5,4803,63,49,50
2657,16,3,846,6,4809,67,54,60
2658,16,3,847,9,4818,112,91,90
2659,16,3,848,5,4823,68,56,50
2660,16,3,849,3,4826,43,31,30
2661,16,3,850,4,4830,55,44,40
2662,16,3,851,9,4839,105,79,90
2663,16,3,852,9,4848,103,85,90
2664,16,3,853,9,4857,118,81,90
2665,16,3,854,2,4859,53,45,20
2666,16,3,855,7,4866,72,58,70
2667,16,3,856,3,4869,39,33,30
2668,16,3,857,9,4878,101,76,90
2669,16,3,858,8,4886,102,91,80
2670,16,3,859,3,4889,37,32,30
2671,16,3,860,7,4896,71,57,70
2672,16,3,861,4,4900,63,51,40
2673,16,3,862,9,4909,94,75,90
2674,16,3,863,5,4914,75,63,50
2675,16,3,864,6,4920,79,66,60
2676,16,3,865,9,4929,95,78,90
2677,16,3,866,8,4937,108,90,80
2678,16,3,867,7,4944,93,74,70
2679,16,3,868,3,4947,48,43,30
2680,16,3,869,2,4949,19,13,20
2681,16,3,870,5,4954,57,42,50
2682,16,3,871,7,4961,97,83,70
2683,16,3,872,7,4968,87,70,70
2684,16,3,873,3,4971,41,37,30
2685,16,3,874,2,4973,21,16,20
2686,16,3,875,9,4982,99,74,90
2687,16,3,876,8,4990,101,82,80
2688,16,3,877,8,4998,105,92,80
