,Scenario,Trial,Inspection,Interval,Time,Defects,Rate
0,146,1,1,9,9,63,90
1,146,1,2,7,16,52,70
2,146,1,3,6,22,53,60
3,146,1,4,3,25,42,30
4,146,1,5,2,27,23,20
5,146,1,6,7,34,1,70
6,146,1,7,6,40,1,60
7,146,1,8,9,49,1,90
8,146,1,9,7,56,1,70
9,146,1,10,9,65,1,90
10,146,1,11,7,72,296,70
11,146,1,12,7,79,146,70
12,146,1,13,3,82,69,30
13,146,1,14,5,87,1,50
14,146,1,15,7,94,1,70
15,146,1,16,6,100,139,60
16,146,1,17,9,109,116,90
17,146,1,18,9,118,104,90
18,146,1,19,8,126,1,80
19,146,1,20,3,129,102,30
20,146,1,21,5,134,1,50
21,146,1,22,7,141,1,70
22,146,1,23,9,150,166,90
23,146,1,24,3,153,80,30
24,146,1,25,4,157,53,40
25,146,1,26,7,164,62,70
26,146,1,27,4,168,48,40
27,146,1,28,9,177,1,90
28,146,1,29,4,181,107,40
29,146,1,30,2,183,41,20
30,146,1,31,3,186,41,30
31,146,1,32,4,190,36,40
32,146,1,33,3,193,37,30
33,146,1,34,9,202,71,90
34,146,1,35,3,205,20,30
35,146,1,36,7,212,1,70
36,146,1,37,7,219,110,70
37,146,1,38,3,222,1,30
38,146,1,39,9,231,102,90
39,146,1,40,9,240,1,90
40,146,1,41,3,243,117,30
41,146,1,42,2,245,1,20
42,146,1,43,9,254,124,90
43,146,1,44,3,257,44,30
44,146,1,45,6,263,1,60
45,146,1,46,7,270,111,70
46,146,1,47,7,277,1,70
47,146,1,48,3,280,1,30
48,146,1,49,7,287,1,70
49,146,1,50,6,293,188,60
50,146,1,51,3,296,1,30
51,146,1,52,9,305,160,90
52,146,1,53,6,311,1,60
53,146,1,54,3,314,1,30
54,146,1,55,8,322,164,80
55,146,1,56,8,330,101,80
56,146,1,57,6,336,1,60
57,146,1,58,3,339,110,30
58,146,1,59,5,344,69,50
59,146,1,60,2,346,1,20
60,146,1,61,5,351,55,50
61,146,1,62,7,358,61,70
62,146,1,63,7,365,75,70
63,146,1,64,8,373,79,80
64,146,1,65,9,382,86,90
65,146,1,66,7,389,1,70
66,146,1,67,8,397,137,80
67,146,1,68,8,405,93,80
68,146,1,69,7,412,1,70
69,146,1,70,9,421,130,90
70,146,1,71,2,423,1,20
71,146,1,72,9,432,121,90
72,146,1,73,9,441,1,90
73,146,1,74,8,449,135,80
74,146,1,75,9,458,1,90
75,146,1,76,2,460,120,20
76,146,1,77,7,467,1,70
77,146,1,78,3,470,113,30
78,146,1,79,6,476,74,60
79,146,1,80,5,481,1,50
80,146,1,81,8,489,109,80
81,146,1,82,8,497,81,80
82,146,1,83,7,504,73,70
83,146,1,84,7,511,1,70
84,146,1,85,5,516,103,50
85,146,1,86,6,522,70,60
86,146,1,87,7,529,81,70
87,146,1,88,7,536,1,70
88,146,1,89,2,538,1,20
89,146,1,90,7,545,1,70
90,146,1,91,2,547,141,20
91,146,1,92,7,554,1,70
92,146,1,93,4,558,1,40
93,146,1,94,7,565,1,70
94,146,1,95,4,569,1,40
95,146,1,96,5,574,1,50
96,146,1,97,6,580,241,60
97,146,1,98,2,582,102,20
98,146,1,99,9,591,85,90
99,146,1,100,2,593,47,20
100,146,1,101,5,598,1,50
101,146,1,102,9,607,1,90
102,146,1,103,7,614,172,70
103,146,1,104,7,621,113,70
104,146,1,105,2,623,34,20
105,146,1,106,7,630,1,70
106,146,1,107,3,633,85,30
107,146,1,108,4,637,52,40
108,146,1,109,6,643,1,60
109,146,1,110,8,651,1,80
110,146,1,111,5,656,129,50
111,146,1,112,4,660,1,40
112,146,1,113,2,662,93,20
113,146,1,114,3,665,52,30
114,146,1,115,5,670,1,50
115,146,1,116,9,679,1,90
116,146,1,117,8,687,134,80
117,146,1,118,6,693,109,60
118,146,1,119,5,698,1,50
119,146,1,120,7,705,121,70
120,146,1,121,5,710,78,50
121,146,1,122,5,715,1,50
122,146,1,123,9,724,1,90
123,146,1,124,4,728,1,40
124,146,1,125,3,731,1,30
125,146,1,126,2,733,167,20
126,146,1,127,8,741,100,80
127,146,1,128,3,744,57,30
128,146,1,129,4,748,1,40
129,146,1,130,4,752,1,40
130,146,1,131,6,758,120,60
131,146,1,132,7,765,86,70
132,146,1,133,5,770,55,50
133,146,1,134,5,775,1,50
134,146,1,135,9,784,107,90
135,146,1,136,6,790,94,60
136,146,1,137,8,798,86,80
137,146,1,138,8,806,68,80
138,146,1,139,8,814,81,80
139,146,1,140,6,820,1,60
140,146,1,141,9,829,1,90
141,146,1,142,7,836,1,70
142,146,1,143,2,838,1,20
143,146,1,144,2,840,172,20
144,146,1,145,4,844,99,40
145,146,1,146,8,852,1,80
146,146,1,147,9,861,158,90
147,146,1,148,5,866,1,50
148,146,1,149,3,869,1,30
149,146,1,150,3,872,1,30
150,146,1,151,4,876,1,40
151,146,1,152,2,878,172,20
152,146,1,153,3,881,1,30
153,146,1,154,4,885,1,40
154,146,1,155,3,888,1,30
155,146,1,156,2,890,104,20
156,146,1,157,6,896,92,60
157,146,1,158,8,904,88,80
158,146,1,159,9,913,1,90
159,146,1,160,5,918,1,50
160,146,1,161,3,921,145,30
161,146,1,162,5,926,1,50
162,146,1,163,8,934,130,80
163,146,1,164,5,939,78,50
164,146,1,165,4,943,1,40
165,146,1,166,4,947,1,40
166,146,1,167,7,954,129,70
167,146,1,168,9,963,80,90
168,146,1,169,9,972,90,90
169,146,1,170,5,977,1,50
170,146,1,171,3,980,84,30
171,146,1,172,2,982,48,20
172,146,1,173,5,987,56,50
173,146,1,174,4,991,44,40
174,146,1,175,2,993,26,20
175,146,1,176,3,996,32,30
176,146,1,177,2,998,26,20
177,146,1,178,7,1005,57,70
178,146,1,179,3,1008,50,30
179,146,1,180,6,1014,1,60
180,146,1,181,6,1020,83,60
181,146,1,182,6,1026,1,60
182,146,1,183,5,1031,1,50
183,146,1,184,8,1039,149,80
184,146,1,185,7,1046,1,70
185,146,1,186,4,1050,1,40
186,146,1,187,8,1058,1,80
187,146,1,188,6,1064,198,60
188,146,1,189,8,1072,1,80
189,146,1,190,7,1079,182,70
190,146,1,191,5,1084,1,50
191,146,1,192,5,1089,142,50
192,146,1,193,5,1094,1,50
193,146,1,194,3,1097,1,30
194,146,1,195,5,1102,1,50
195,146,1,196,5,1107,1,50
196,146,1,197,8,1115,219,80
197,146,1,198,5,1120,1,50
198,146,1,199,9,1129,169,90
199,146,1,200,7,1136,116,70
200,146,1,201,5,1141,1,50
201,146,1,202,9,1150,137,90
202,146,1,203,5,1155,81,50
203,146,1,204,6,1161,1,60
204,146,1,205,8,1169,1,80
205,146,1,206,2,1171,128,20
206,146,1,207,5,1176,1,50
207,146,1,208,6,1182,125,60
208,146,1,209,2,1184,41,20
209,146,1,210,7,1191,72,70
210,146,1,211,7,1198,80,70
211,146,1,212,4,1202,1,40
212,146,1,213,9,1211,1,90
213,146,1,214,5,1216,1,50
214,146,1,215,8,1224,1,80
215,146,1,216,8,1232,236,80
216,146,1,217,2,1234,86,20
217,146,1,218,4,1238,70,40
218,146,1,219,2,1240,1,20
219,146,1,220,4,1244,56,40
220,146,1,221,8,1252,69,80
221,146,1,222,4,1256,48,40
222,146,1,223,8,1264,85,80
223,146,1,224,3,1267,44,30
224,146,1,225,8,1275,65,80
225,146,1,226,4,1279,51,40
226,146,1,227,2,1281,30,20
227,146,1,228,6,1287,63,60
228,146,1,229,2,1289,26,20
229,146,1,230,4,1293,32,40
230,146,1,231,9,1302,1,90
231,146,1,232,9,1311,133,90
232,146,1,233,7,1318,87,70
233,146,1,234,8,1326,87,80
234,146,1,235,4,1330,1,40
235,146,1,236,2,1332,61,20
236,146,1,237,9,1341,84,90
237,146,1,238,6,1347,58,60
238,146,1,239,4,1351,1,40
239,146,1,240,4,1355,65,40
240,146,1,241,9,1364,76,90
241,146,1,242,7,1371,71,70
242,146,1,243,3,1374,1,30
243,146,1,244,5,1379,77,50
244,146,1,245,2,1381,44,20
245,146,1,246,3,1384,1,30
246,146,1,247,8,1392,92,80
247,146,1,248,2,1394,35,20
248,146,1,249,8,1402,1,80
249,146,1,250,2,1404,68,20
250,146,1,251,5,1409,65,50
251,146,1,252,2,1411,41,20
252,146,1,253,3,1414,39,30
253,146,1,254,9,1423,68,90
254,146,1,255,5,1428,72,50
255,146,1,256,4,1432,1,40
256,146,1,257,8,1440,82,80
257,146,1,258,5,1445,71,50
258,146,1,259,8,1453,65,80
259,146,1,260,3,1456,52,30
260,146,1,261,2,1458,1,20
261,146,1,262,3,1461,40,30
262,146,1,263,6,1467,64,60
263,146,1,264,2,1469,1,20
264,146,1,265,9,1478,1,90
265,146,1,266,3,1481,1,30
266,146,1,267,6,1487,1,60
267,146,1,268,3,1490,1,30
268,146,1,269,7,1497,1,70
269,146,1,270,7,1504,1,70
270,146,1,271,6,1510,286,60
271,146,1,272,4,1514,127,40
272,146,1,273,4,1518,1,40
273,146,1,274,4,1522,92,40
274,146,1,275,8,1530,94,80
275,146,1,276,3,1533,41,30
276,146,1,277,4,1537,1,40
277,146,1,278,2,1539,55,20
278,146,1,279,3,1542,34,30
279,146,1,280,6,1548,47,60
280,146,1,281,7,1555,1,70
281,146,1,282,7,1562,111,70
282,146,1,283,5,1567,60,50
283,146,1,284,3,1570,1,30
284,146,1,285,3,1573,76,30
285,146,1,286,8,1581,77,80
286,146,1,287,5,1586,48,50
287,146,1,288,2,1588,1,20
288,146,1,289,3,1591,39,30
289,146,1,290,3,1594,35,30
290,146,1,291,8,1602,1,80
291,146,1,292,6,1608,89,60
292,146,1,293,8,1616,1,80
293,146,1,294,2,1618,1,20
294,146,1,295,8,1626,140,80
295,146,1,296,2,1628,67,20
296,146,1,297,3,1631,1,30
297,146,1,298,5,1636,83,50
298,146,1,299,3,1639,60,30
299,146,1,300,7,1646,1,70
300,146,1,301,3,1649,1,30
301,146,1,302,3,1652,1,30
302,146,1,303,6,1658,158,60
303,146,1,304,6,1664,1,60
304,146,1,305,4,1668,106,40
305,146,1,306,5,1673,1,50
306,146,1,307,7,1680,1,70
307,146,1,308,5,1685,1,50
308,146,1,309,4,1689,187,40
309,146,1,310,2,1691,1,20
310,146,1,311,2,1693,102,20
311,146,1,312,3,1696,50,30
312,146,1,313,8,1704,1,80
313,146,1,314,8,1712,1,80
314,146,1,315,7,1719,1,70
315,146,1,316,8,1727,201,80
316,146,1,317,2,1729,78,20
317,146,1,318,7,1736,86,70
318,146,1,319,7,1743,1,70
319,146,1,320,8,1751,1,80
320,146,1,321,2,1753,125,20
321,146,1,322,3,1756,1,30
322,146,1,323,6,1762,101,60
323,146,1,324,4,1766,72,40
324,146,1,325,3,1769,42,30
325,146,1,326,3,1772,32,30
326,146,1,327,4,1776,38,40
327,146,1,328,7,1783,1,70
328,146,1,329,5,1788,83,50
329,146,1,330,2,1790,45,20
330,146,1,331,3,1793,32,30
331,146,1,332,6,1799,1,60
332,146,1,333,8,1807,103,80
333,146,1,334,6,1813,86,60
334,146,1,335,7,1820,1,70
335,146,1,336,2,1822,77,20
336,146,1,337,5,1827,1,50
337,146,1,338,8,1835,1,80
338,146,1,339,3,1838,1,30
339,146,1,340,2,1840,1,20
340,146,1,341,8,1848,1,80
341,146,1,342,4,1852,202,40
342,146,1,343,4,1856,95,40
343,146,1,344,7,1863,78,70
344,146,1,345,8,1871,1,80
345,146,1,346,3,1874,1,30
346,146,1,347,6,1880,140,60
347,146,1,348,4,1884,1,40
348,146,1,349,9,1893,121,90
349,146,1,350,9,1902,111,90
350,146,1,351,9,1911,101,90
351,146,1,352,4,1915,48,40
352,146,1,353,4,1919,55,40
353,146,1,354,7,1926,69,70
354,146,1,355,3,1929,31,30
355,146,1,356,2,1931,20,20
356,146,1,357,2,1933,1,20
357,146,1,358,3,1936,34,30
358,146,1,359,2,1938,18,20
359,146,1,360,8,1946,1,80
360,146,1,361,8,1954,124,80
361,146,1,362,9,1963,82,90
362,146,1,363,3,1966,1,30
363,146,1,364,7,1973,115,70
364,146,1,365,5,1978,1,50
365,146,1,366,7,1985,1,70
366,146,1,367,3,1988,122,30
367,146,1,368,4,1992,62,40
368,146,1,369,9,2001,1,90
369,146,1,370,5,2006,109,50
370,146,1,371,7,2013,1,70
371,146,1,372,9,2022,1,90
372,146,1,373,2,2024,137,20
373,146,1,374,4,2028,1,40
374,146,1,375,5,2033,1,50
375,146,1,376,7,2040,1,70
376,146,1,377,3,2043,175,30
377,146,1,378,9,2052,110,90
378,146,1,379,2,2054,1,20
379,146,1,380,6,2060,94,60
380,146,1,381,3,2063,1,30
381,146,1,382,7,2070,1,70
382,146,1,383,4,2074,1,40
383,146,1,384,3,2077,142,30
384,146,1,385,9,2086,119,90
385,146,1,386,4,2090,63,40
386,146,1,387,2,2092,1,20
387,146,1,388,9,2101,96,90
388,146,1,389,9,2110,82,90
389,146,1,390,7,2117,1,70
390,146,1,391,9,2126,132,90
391,146,1,392,8,2134,93,80
392,146,1,393,9,2143,82,90
393,146,1,394,6,2149,76,60
394,146,1,395,8,2157,1,80
395,146,1,396,2,2159,96,20
396,146,1,397,9,2168,1,90
397,146,1,398,6,2174,130,60
398,146,1,399,3,2177,1,30
399,146,1,400,3,2180,75,30
400,146,1,401,2,2182,1,20
401,146,1,402,5,2187,79,50
402,146,1,403,2,2189,40,20
403,146,1,404,4,2193,34,40
404,146,1,405,7,2200,1,70
405,146,1,406,7,2207,120,70
406,146,1,407,6,2213,84,60
407,146,1,408,8,2221,72,80
408,146,1,409,7,2228,62,70
409,146,1,410,9,2237,102,90
410,146,1,411,8,2245,1,80
411,146,1,412,8,2253,139,80
412,146,1,413,5,2258,58,50
413,146,1,414,2,2260,40,20
414,146,1,415,3,2263,1,30
415,146,1,416,7,2270,1,70
416,146,1,417,4,2274,1,40
417,146,1,418,9,2283,1,90
418,146,1,419,4,2287,201,40
419,146,1,420,8,2295,126,80
420,146,1,421,9,2304,92,90
421,146,1,422,4,2308,73,40
422,146,1,423,5,2313,40,50
423,146,1,424,4,2317,1,40
424,146,1,425,7,2324,1,70
425,146,1,426,5,2329,137,50
426,146,1,427,2,2331,46,20
427,146,1,428,6,2337,1,60
428,146,1,429,6,2343,1,60
429,146,1,430,7,2350,1,70
430,146,1,431,3,2353,1,30
431,146,1,432,6,2359,197,60
432,146,1,433,6,2365,103,60
433,146,1,434,9,2374,1,90
434,146,1,435,3,2377,1,30
435,146,1,436,4,2381,1,40
436,146,1,437,8,2389,190,80
437,146,1,438,3,2392,1,30
438,146,1,439,4,2396,109,40
439,146,1,440,2,2398,33,20
440,146,1,441,8,2406,62,80
441,146,1,442,2,2408,41,20
442,146,1,443,2,2410,28,20
443,146,1,444,2,2412,20,20
444,146,1,445,3,2415,25,30
445,146,1,446,3,2418,28,30
446,146,1,447,9,2427,70,90
447,146,1,448,9,2436,1,90
448,146,1,449,4,2440,108,40
449,146,1,450,7,2447,68,70
450,146,1,451,5,2452,1,50
451,146,1,452,4,2456,84,40
452,146,1,453,6,2462,1,60
453,146,1,454,6,2468,117,60
454,146,1,455,2,2470,1,20
455,146,1,456,9,2479,1,90
456,146,1,457,6,2485,136,60
457,146,1,458,6,2491,1,60
458,146,1,459,5,2496,113,50
459,146,1,460,9,2505,88,90
460,146,1,461,8,2513,89,80
461,146,1,462,3,2516,1,30
462,146,1,463,8,2524,1,80
463,146,1,464,8,2532,1,80
464,146,1,465,3,2535,1,30
465,146,1,466,9,2544,1,90
466,146,1,467,2,2546,255,20
467,146,1,468,8,2554,143,80
468,146,1,469,5,2559,88,50
469,146,1,470,2,2561,46,20
470,146,1,471,7,2568,67,70
471,146,1,472,6,2574,1,60
472,146,1,473,5,2579,94,50
473,146,1,474,4,2583,55,40
474,146,1,475,8,2591,1,80
475,146,1,476,8,2599,1,80
476,146,1,477,9,2608,168,90
477,146,1,478,6,2614,101,60
478,146,1,479,5,2619,1,50
479,146,1,480,5,2624,106,50
480,146,1,481,8,2632,100,80
481,146,1,482,2,2634,1,20
482,146,1,483,2,2636,1,20
483,146,1,484,3,2639,58,30
484,146,1,485,6,2645,66,60
485,146,1,486,6,2651,68,60
486,146,1,487,5,2656,66,50
487,146,1,488,7,2663,56,70
488,146,1,489,4,2667,47,40
489,146,1,490,2,2669,39,20
490,146,1,491,9,2678,64,90
491,146,1,492,6,2684,70,60
492,146,1,493,3,2687,1,30
493,146,1,494,2,2689,40,20
494,146,1,495,2,2691,46,20
495,146,1,496,4,2695,1,40
496,146,1,497,6,2701,1,60
497,146,1,498,6,2707,113,60
498,146,1,499,3,2710,1,30
499,146,1,500,8,2718,115,80
500,146,1,501,9,2727,1,90
501,146,1,502,2,2729,118,20
502,146,1,503,7,2736,1,70
503,146,1,504,9,2745,1,90
504,146,1,505,9,2754,188,90
505,146,1,506,2,2756,1,20
506,146,1,507,4,2760,1,40
507,146,1,508,2,2762,1,20
508,146,1,509,4,2766,1,40
509,146,1,510,5,2771,196,50
510,146,1,511,8,2779,120,80
511,146,1,512,7,2786,1,70
512,146,1,513,9,2795,153,90
513,146,1,514,2,2797,61,20
514,146,1,515,9,2806,78,90
515,146,1,516,6,2812,1,60
516,146,1,517,6,2818,1,60
517,146,1,518,3,2821,1,30
518,146,1,519,8,2829,1,80
519,146,1,520,7,2836,216,70
520,146,1,521,7,2843,1,70
521,146,1,522,5,2848,166,50
522,146,1,523,7,2855,97,70
523,146,1,524,3,2858,1,30
524,146,1,525,3,2861,69,30
525,146,1,526,3,2864,41,30
526,146,1,527,6,2870,47,60
527,146,1,528,2,2872,30,20
528,146,1,529,5,2877,44,50
529,146,1,530,6,2883,1,60
530,146,1,531,6,2889,1,60
531,146,1,532,2,2891,1,20
532,146,1,533,3,2894,105,30
533,146,1,534,2,2896,1,20
534,146,1,535,3,2899,63,30
535,146,1,536,3,2902,1,30
536,146,1,537,3,2905,1,30
537,146,1,538,5,2910,1,50
538,146,1,539,4,2914,137,40
539,146,1,540,3,2917,54,30
540,146,1,541,6,2923,65,60
541,146,1,542,8,2931,1,80
542,146,1,543,3,2934,99,30
543,146,1,544,9,2943,1,90
544,146,1,545,2,2945,1,20
545,146,1,546,8,2953,149,80
546,146,1,547,5,2958,86,50
547,146,1,548,4,2962,45,40
548,146,1,549,6,2968,57,60
549,146,1,550,3,2971,42,30
550,146,1,551,4,2975,36,40
551,146,1,552,9,2984,67,90
552,146,1,553,8,2992,73,80
553,146,1,554,4,2996,45,40
554,146,1,555,5,3001,58,50
555,146,1,556,4,3005,1,40
556,146,1,557,5,3010,71,50
557,146,1,558,4,3014,49,40
558,146,1,559,4,3018,43,40
559,146,1,560,4,3022,1,40
560,146,1,561,6,3028,97,60
561,146,1,562,7,3035,72,70
562,146,1,563,5,3040,55,50
563,146,1,564,4,3044,1,40
564,146,1,565,5,3049,71,50
565,146,1,566,2,3051,44,20
566,146,1,567,3,3054,33,30
567,146,1,568,6,3060,60,60
568,146,1,569,7,3067,1,70
569,146,1,570,4,3071,1,40
570,146,1,571,7,3078,123,70
571,146,1,572,8,3086,1,80
572,146,1,573,5,3091,119,50
573,146,1,574,3,3094,58,30
574,146,1,575,2,3096,1,20
575,146,1,576,8,3104,85,80
576,146,1,577,5,3109,1,50
577,146,1,578,9,3118,1,90
578,146,1,579,8,3126,179,80
579,146,1,580,4,3130,71,40
580,146,1,581,9,3139,1,90
581,146,1,582,5,3144,108,50
582,146,1,583,5,3149,68,50
583,146,1,584,7,3156,77,70
584,146,1,585,2,3158,36,20
585,146,1,586,4,3162,42,40
586,146,1,587,6,3168,60,60
587,146,1,588,4,3172,1,40
588,146,1,589,7,3179,1,70
589,146,1,590,3,3182,106,30
590,146,1,591,5,3187,1,50
591,146,1,592,6,3193,1,60
592,146,1,593,5,3198,138,50
593,146,1,594,9,3207,107,90
594,146,1,595,5,3212,1,50
595,146,1,596,7,3219,118,70
596,146,1,597,8,3227,1,80
597,146,1,598,9,3236,1,90
598,146,1,599,7,3243,193,70
599,146,1,600,4,3247,90,40
600,146,1,601,7,3254,1,70
601,146,1,602,6,3260,108,60
602,146,1,603,7,3267,1,70
603,146,1,604,6,3273,135,60
604,146,1,605,2,3275,1,20
605,146,1,606,3,3278,65,30
606,146,1,607,7,3285,1,70
607,146,1,608,5,3290,116,50
608,146,1,609,9,3299,1,90
609,146,1,610,7,3306,1,70
610,146,1,611,5,3311,1,50
611,146,1,612,5,3316,202,50
612,146,1,613,3,3319,88,30
613,146,1,614,3,3322,1,30
614,146,1,615,3,3325,75,30
615,146,1,616,5,3330,1,50
616,146,1,617,6,3336,96,60
617,146,1,618,9,3345,81,90
618,146,1,619,8,3353,85,80
619,146,1,620,3,3356,39,30
620,146,1,621,8,3364,73,80
621,146,1,622,3,3367,1,30
622,146,1,623,5,3372,1,50
623,146,1,624,5,3377,1,50
624,146,1,625,2,3379,121,20
625,146,1,626,3,3382,44,30
626,146,1,627,7,3389,55,70
627,146,1,628,8,3397,1,80
628,146,1,629,3,3400,1,30
629,146,1,630,2,3402,123,20
630,146,1,631,7,3409,1,70
631,146,1,632,7,3416,1,70
632,146,1,633,8,3424,157,80
633,146,1,634,2,3426,79,20
634,146,1,635,9,3435,81,90
635,146,1,636,3,3438,48,30
636,146,1,637,6,3444,61,60
637,146,1,638,9,3453,91,90
638,146,1,639,3,3456,51,30
639,146,1,640,3,3459,1,30
640,146,1,641,8,3467,1,80
641,146,1,642,7,3474,128,70
642,146,1,643,5,3479,1,50
643,146,1,644,5,3484,1,50
644,146,1,645,3,3487,147,30
645,146,1,646,6,3493,78,60
646,146,1,647,8,3501,81,80
647,146,1,648,6,3507,51,60
648,146,1,649,8,3515,79,80
649,146,1,650,5,3520,61,50
650,146,1,651,9,3529,1,90
651,146,1,652,6,3535,119,60
652,146,1,653,5,3540,67,50
653,146,1,654,4,3544,1,40
654,146,1,655,6,3550,1,60
655,146,1,656,7,3557,118,70
656,146,1,657,6,3563,86,60
657,146,1,658,9,3572,94,90
658,146,1,659,3,3575,51,30
659,146,1,660,9,3584,1,90
660,146,1,661,3,3587,108,30
661,146,1,662,9,3596,96,90
662,146,1,663,7,3603,82,70
663,146,1,664,9,3612,76,90
664,146,1,665,2,3614,39,20
665,146,1,666,7,3621,63,70
666,146,1,667,5,3626,1,50
667,146,1,668,3,3629,76,30
668,146,1,669,2,3631,1,20
669,146,1,670,6,3637,84,60
670,146,1,671,9,3646,1,90
671,146,1,672,5,3651,136,50
672,146,1,673,2,3653,60,20
673,146,1,674,2,3655,1,20
674,146,1,675,6,3661,69,60
675,146,1,676,5,3666,54,50
676,146,1,677,2,3668,41,20
677,146,1,678,4,3672,36,40
678,146,1,679,9,3681,1,90
679,146,1,680,3,3684,100,30
680,146,1,681,7,3691,1,70
681,146,1,682,7,3698,119,70
682,146,1,683,8,3706,108,80
683,146,1,684,6,3712,68,60
684,146,1,685,9,3721,80,90
685,146,1,686,5,3726,56,50
686,146,1,687,7,3733,59,70
687,146,1,688,4,3737,38,40
688,146,1,689,4,3741,37,40
689,146,1,690,4,3745,1,40
690,146,1,691,7,3752,84,70
691,146,1,692,5,3757,61,50
692,146,1,693,4,3761,40,40
693,146,1,694,8,3769,1,80
694,146,1,695,6,3775,109,60
695,146,1,696,9,3784,96,90
696,146,1,697,4,3788,62,40
697,146,1,698,7,3795,66,70
698,146,1,699,2,3797,1,20
699,146,1,700,8,3805,80,80
700,146,1,701,8,3813,96,80
701,146,1,702,9,3822,1,90
702,146,1,703,9,3831,140,90
703,146,1,704,2,3833,67,20
704,146,1,705,9,3842,1,90
705,146,1,706,4,3846,1,40
706,146,1,707,4,3850,1,40
707,146,1,708,8,3858,1,80
708,146,1,709,6,3864,1,60
709,146,1,710,8,3872,1,80
710,146,1,711,4,3876,301,40
711,146,1,712,7,3883,136,70
712,146,1,713,6,3889,89,60
713,146,1,714,3,3892,48,30
714,146,1,715,5,3897,41,50
715,146,1,716,3,3900,44,30
716,146,1,717,9,3909,1,90
717,146,1,718,7,3916,112,70
718,146,1,719,5,3921,1,50
719,146,1,720,3,3924,1,30
720,146,1,721,9,3933,154,90
721,146,1,722,8,3941,1,80
722,146,1,723,9,3950,167,90
723,146,1,724,7,3957,110,70
724,146,1,725,5,3962,1,50
725,146,1,726,5,3967,114,50
726,146,1,727,2,3969,1,20
727,146,1,728,7,3976,93,70
728,146,1,729,6,3982,79,60
729,146,1,730,2,3984,1,20
730,146,1,731,8,3992,98,80
731,146,1,732,2,3994,48,20
732,146,1,733,6,4000,54,60
733,146,1,734,5,4005,47,50
734,146,1,735,4,4009,50,40
735,146,1,736,5,4014,44,50
736,146,1,737,3,4017,28,30
737,146,1,738,2,4019,26,20
738,146,1,739,2,4021,24,20
739,146,1,740,3,4024,22,30
740,146,1,741,9,4033,71,90
741,146,1,742,5,4038,56,50
742,146,1,743,3,4041,1,30
743,146,1,744,4,4045,1,40
744,146,1,745,8,4053,1,80
745,146,1,746,5,4058,161,50
746,146,1,747,9,4067,113,90
747,146,1,748,5,4072,1,50
748,146,1,749,3,4075,83,30
749,146,1,750,6,4081,74,60
750,146,1,751,4,4085,1,40
751,146,1,752,6,4091,1,60
752,146,1,753,5,4096,107,50
753,146,1,754,4,4100,64,40
754,146,1,755,9,4109,1,90
755,146,1,756,4,4113,1,40
756,146,1,757,8,4121,129,80
757,146,1,758,7,4128,107,70
758,146,1,759,4,4132,1,40
759,146,1,760,9,4141,1,90
760,146,1,761,4,4145,147,40
761,146,1,762,9,4154,102,90
762,146,1,763,7,4161,1,70
763,146,1,764,9,4170,1,90
764,146,1,765,5,4175,180,50
765,146,1,766,2,4177,89,20
766,146,1,767,4,4181,48,40
767,146,1,768,5,4186,59,50
768,146,1,769,5,4191,1,50
769,146,1,770,8,4199,95,80
770,146,1,771,9,4208,81,90
771,146,1,772,7,4215,78,70
772,146,1,773,8,4223,68,80
773,146,1,774,4,4227,52,40
774,146,1,775,8,4235,84,80
775,146,1,776,9,4244,77,90
776,146,1,777,6,4250,1,60
777,146,1,778,9,4259,1,90
778,146,1,779,7,4266,166,70
779,146,1,780,9,4275,119,90
780,146,1,781,7,4282,1,70
781,146,1,782,3,4285,112,30
782,146,1,783,7,4292,100,70
783,146,1,784,8,4300,1,80
784,146,1,785,8,4308,133,80
785,146,1,786,8,4316,98,80
786,146,1,787,8,4324,94,80
787,146,1,788,6,4330,1,60
788,146,1,789,4,4334,85,40
789,146,1,790,9,4343,83,90
790,146,1,791,3,4346,1,30
791,146,1,792,7,4353,106,70
792,146,1,793,8,4361,1,80
793,146,1,794,6,4367,1,60
794,146,1,795,2,4369,139,20
795,146,1,796,2,4371,58,20
796,146,1,797,4,4375,1,40
797,146,1,798,9,4384,104,90
798,146,1,799,8,4392,1,80
799,146,1,800,7,4399,125,70
800,146,1,801,9,4408,1,90
801,146,1,802,4,4412,121,40
802,146,1,803,3,4415,1,30
803,146,1,804,4,4419,88,40
804,146,1,805,8,4427,65,80
805,146,1,806,7,4434,86,70
806,146,1,807,2,4436,1,20
807,146,1,808,7,4443,93,70
808,146,1,809,8,4451,1,80
809,146,1,810,2,4453,98,20
810,146,1,811,8,4461,79,80
811,146,1,812,2,4463,1,20
812,146,1,813,8,4471,95,80
813,146,1,814,3,4474,55,30
814,146,1,815,5,4479,45,50
815,146,1,816,3,4482,1,30
816,146,1,817,6,4488,60,60
817,146,1,818,7,4495,73,70
818,146,1,819,9,4504,72,90
819,146,1,820,2,4506,45,20
820,146,1,821,9,4515,81,90
821,146,1,822,3,4518,47,30
822,146,1,823,2,4520,1,20
823,146,1,824,9,4529,101,90
824,146,1,825,4,4533,50,40
825,146,1,826,6,4539,1,60
826,146,1,827,3,4542,60,30
827,146,1,828,6,4548,71,60
828,146,1,829,4,4552,1,40
829,146,1,830,8,4560,1,80
830,146,1,831,9,4569,1,90
831,146,1,832,9,4578,220,90
832,146,1,833,2,4580,1,20
833,146,1,834,8,4588,1,80
834,146,1,835,8,4596,1,80
835,146,1,836,2,4598,230,20
836,146,1,837,2,4600,98,20
837,146,1,838,3,4603,1,30
838,146,1,839,5,4608,1,50
839,146,1,840,4,4612,110,40
840,146,1,841,7,4619,1,70
841,146,1,842,3,4622,100,30
842,146,1,843,4,4626,1,40
843,146,1,844,4,4630,86,40
844,146,1,845,4,4634,54,40
845,146,1,846,2,4636,26,20
846,146,1,847,6,4642,1,60
847,146,1,848,6,4648,1,60
848,146,1,849,8,4656,1,80
849,146,1,850,7,4663,188,70
850,146,1,851,2,4665,1,20
851,146,1,852,4,4669,87,40
852,146,1,853,3,4672,62,30
853,146,1,854,4,4676,1,40
854,146,1,855,8,4684,95,80
855,146,1,856,8,4692,79,80
856,146,1,857,6,4698,83,60
857,146,1,858,2,4700,46,20
858,146,1,859,9,4709,68,90
859,146,1,860,7,4716,58,70
860,146,1,861,9,4725,73,90
861,146,1,862,5,4730,56,50
862,146,1,863,7,4737,59,70
863,146,1,864,8,4745,84,80
864,146,1,865,4,4749,1,40
865,146,1,866,8,4757,84,80
866,146,1,867,3,4760,61,30
867,146,1,868,2,4762,1,20
868,146,1,869,2,4764,51,20
869,146,1,870,5,4769,51,50
870,146,1,871,9,4778,1,90
871,146,1,872,7,4785,126,70
872,146,1,873,2,4787,56,20
873,146,1,874,9,4796,1,90
874,146,1,875,8,4804,1,80
875,146,1,876,6,4810,1,60
876,146,1,877,6,4816,194,60
877,146,1,878,7,4823,1,70
878,146,1,879,8,4831,159,80
879,146,1,880,8,4839,1,80
880,146,1,881,8,4847,136,80
881,146,1,882,3,4850,1,30
882,146,1,883,2,4852,1,20
883,146,1,884,2,4854,97,20
884,146,1,885,3,4857,62,30
885,146,1,886,3,4860,1,30
886,146,1,887,9,4869,1,90
887,146,1,888,7,4876,135,70
888,146,1,889,7,4883,104,70
889,146,1,890,4,4887,52,40
890,146,1,891,2,4889,1,20
891,146,1,892,7,4896,86,70
892,146,1,893,5,4901,1,50
893,146,1,894,5,4906,100,50
894,146,1,895,2,4908,1,20
895,146,1,896,6,4914,1,60
896,146,1,897,7,4921,143,70
897,146,1,898,9,4930,1,90
898,146,1,899,2,4932,112,20
899,146,1,900,6,4938,92,60
900,146,1,901,7,4945,74,70
901,146,1,902,4,4949,58,40
902,146,1,903,3,4952,34,30
903,146,1,904,4,4956,32,40
904,146,1,905,5,4961,1,50
905,146,1,906,2,4963,1,20
906,146,1,907,5,4968,92,50
907,146,1,908,9,4977,85,90
908,146,1,909,2,4979,33,20
909,146,1,910,4,4983,1,40
910,146,1,911,4,4987,1,40
911,146,1,912,2,4989,1,20
912,146,1,913,7,4996,118,70
913,146,2,1,9,9,1,90
914,146,2,2,6,15,99,60
915,146,2,3,2,17,40,20
916,146,2,4,9,26,1,90
917,146,2,5,7,33,114,70
918,146,2,6,3,36,55,30
919,146,2,7,6,42,1,60
920,146,2,8,9,51,1,90
921,146,2,9,7,58,169,70
922,146,2,10,9,67,133,90
923,146,2,11,4,71,1,40
924,146,2,12,9,80,1,90
925,146,2,13,6,86,1,60
926,146,2,14,2,88,166,20
927,146,2,15,8,96,1,80
928,146,2,16,3,99,112,30
929,146,2,17,9,108,1,90
930,146,2,18,5,113,1,50
931,146,2,19,8,121,1,80
932,146,2,20,9,130,247,90
933,146,2,21,2,132,1,20
934,146,2,22,2,134,110,20
935,146,2,23,9,143,92,90
936,146,2,24,9,152,1,90
937,146,2,25,7,159,1,70
938,146,2,26,8,167,195,80
939,146,2,27,4,171,96,40
940,146,2,28,4,175,56,40
941,146,2,29,2,177,20,20
942,146,2,30,2,179,1,20
943,146,2,31,6,185,1,60
944,146,2,32,8,193,121,80
945,146,2,33,7,200,1,70
946,146,2,34,4,204,110,40
947,146,2,35,7,211,76,70
948,146,2,36,3,214,1,30
949,146,2,37,8,222,1,80
950,146,2,38,4,226,1,40
951,146,2,39,8,234,177,80
952,146,2,40,5,239,93,50
953,146,2,41,6,245,89,60
954,146,2,42,3,248,56,30
955,146,2,43,7,255,55,70
956,146,2,44,5,260,46,50
957,146,2,45,3,263,1,30
958,146,2,46,9,272,1,90
959,146,2,47,3,275,114,30
960,146,2,48,2,277,1,20
961,146,2,49,4,281,1,40
962,146,2,50,8,289,125,80
963,146,2,51,9,298,1,90
964,146,2,52,6,304,139,60
965,146,2,53,3,307,70,30
966,146,2,54,3,310,1,30
967,146,2,55,4,314,58,40
968,146,2,56,9,323,70,90
969,146,2,57,2,325,34,20
970,146,2,58,2,327,1,20
971,146,2,59,3,330,1,30
972,146,2,60,2,332,1,20
973,146,2,61,9,341,109,90
974,146,2,62,4,345,1,40
975,146,2,63,4,349,95,40
976,146,2,64,7,356,76,70
977,146,2,65,5,361,78,50
978,146,2,66,5,366,1,50
979,146,2,67,6,372,1,60
980,146,2,68,6,378,116,60
981,146,2,69,8,386,106,80
982,146,2,70,3,389,1,30
983,146,2,71,2,391,76,20
984,146,2,72,2,393,1,20
985,146,2,73,5,398,1,50
986,146,2,74,5,403,1,50
987,146,2,75,7,410,1,70
988,146,2,76,6,416,174,60
989,146,2,77,3,419,1,30
990,146,2,78,4,423,98,40
991,146,2,79,6,429,86,60
992,146,2,80,2,431,30,20
993,146,2,81,3,434,1,30
994,146,2,82,5,439,82,50
995,146,2,83,2,441,42,20
996,146,2,84,7,448,64,70
997,146,2,85,2,450,1,20
998,146,2,86,5,455,74,50
999,146,2,87,7,462,52,70
1000,146,2,88,8,470,64,80
1001,146,2,89,7,477,61,70
1002,146,2,90,2,479,36,20
1003,146,2,91,8,487,62,80
1004,146,2,92,7,494,1,70
1005,146,2,93,7,501,119,70
1006,146,2,94,4,505,69,40
1007,146,2,95,7,512,66,70
1008,146,2,96,7,519,1,70
1009,146,2,97,3,522,82,30
1010,146,2,98,4,526,1,40
1011,146,2,99,4,530,103,40
1012,146,2,100,6,536,1,60
1013,146,2,101,2,538,73,20
1014,146,2,102,8,546,1,80
1015,146,2,103,4,550,109,40
1016,146,2,104,8,558,1,80
1017,146,2,105,7,565,1,70
1018,146,2,106,2,567,1,20
1019,146,2,107,9,576,1,90
1020,146,2,108,5,581,249,50
1021,146,2,109,6,587,123,60
1022,146,2,110,8,595,1,80
1023,146,2,111,7,602,1,70
1024,146,2,112,3,605,139,30
1025,146,2,113,8,613,1,80
1026,146,2,114,8,621,1,80
1027,146,2,115,7,628,198,70
1028,146,2,116,4,632,95,40
1029,146,2,117,6,638,79,60
1030,146,2,118,8,646,1,80
1031,146,2,119,8,654,1,80
1032,146,2,120,5,659,1,50
1033,146,2,121,2,661,1,20
1034,146,2,122,9,670,1,90
1035,146,2,123,3,673,1,30
1036,146,2,124,2,675,276,20
1037,146,2,125,6,681,1,60
1038,146,2,126,6,687,172,60
1039,146,2,127,2,689,1,20
1040,146,2,128,3,692,1,30
1041,146,2,129,4,696,109,40
1042,146,2,130,8,704,1,80
1043,146,2,131,7,711,139,70
1044,146,2,132,7,718,100,70
1045,146,2,133,4,722,1,40
1046,146,2,134,7,729,97,70
1047,146,2,135,8,737,91,80
1048,146,2,136,3,740,1,30
1049,146,2,137,4,744,76,40
1050,146,2,138,9,753,1,90
1051,146,2,139,4,757,133,40
1052,146,2,140,3,760,1,30
1053,146,2,141,8,768,1,80
1054,146,2,142,5,773,1,50
1055,146,2,143,7,780,1,70
1056,146,2,144,7,787,1,70
1057,146,2,145,5,792,264,50
1058,146,2,146,9,801,1,90
1059,146,2,147,4,805,179,40
1060,146,2,148,7,812,99,70
1061,146,2,149,7,819,1,70
1062,146,2,150,5,824,1,50
1063,146,2,151,3,827,121,30
1064,146,2,152,7,834,1,70
1065,146,2,153,3,837,100,30
1066,146,2,154,5,842,70,50
1067,146,2,155,7,849,82,70
1068,146,2,156,7,856,62,70
1069,146,2,157,2,858,1,20
1070,146,2,158,8,866,1,80
1071,146,2,159,2,868,112,20
1072,146,2,160,2,870,46,20
1073,146,2,161,2,872,1,20
1074,146,2,162,2,874,1,20
1075,146,2,163,2,876,57,20
1076,146,2,164,5,881,50,50
1077,146,2,165,2,883,26,20
1078,146,2,166,2,885,1,20
1079,146,2,167,9,894,1,90
1080,146,2,168,6,900,1,60
1081,146,2,169,9,909,183,90
1082,146,2,170,6,915,94,60
1083,146,2,171,5,920,69,50
1084,146,2,172,2,922,40,20
1085,146,2,173,3,925,1,30
1086,146,2,174,8,933,1,80
1087,146,2,175,8,941,1,80
1088,146,2,176,6,947,185,60
1089,146,2,177,9,956,1,90
1090,146,2,178,2,958,1,20
1091,146,2,179,8,966,150,80
1092,146,2,180,5,971,95,50
1093,146,2,181,2,973,42,20
1094,146,2,182,3,976,1,30
1095,146,2,183,4,980,1,40
1096,146,2,184,4,984,1,40
1097,146,2,185,2,986,1,20
1098,146,2,186,5,991,1,50
1099,146,2,187,5,996,1,50
1100,146,2,188,9,1005,209,90
1101,146,2,189,7,1012,124,70
1102,146,2,190,8,1020,95,80
1103,146,2,191,5,1025,64,50
1104,146,2,192,3,1028,30,30
1105,146,2,193,2,1030,1,20
1106,146,2,194,9,1039,82,90
1107,146,2,195,6,1045,1,60
1108,146,2,196,3,1048,1,30
1109,146,2,197,5,1053,123,50
1110,146,2,198,5,1058,1,50
1111,146,2,199,8,1066,136,80
1112,146,2,200,8,1074,102,80
1113,146,2,201,6,1080,78,60
1114,146,2,202,7,1087,1,70
1115,146,2,203,7,1094,126,70
1116,146,2,204,3,1097,59,30
1117,146,2,205,7,1104,1,70
1118,146,2,206,5,1109,97,50
1119,146,2,207,8,1117,96,80
1120,146,2,208,2,1119,1,20
1121,146,2,209,4,1123,86,40
1122,146,2,210,7,1130,61,70
1123,146,2,211,2,1132,33,20
1124,146,2,212,7,1139,55,70
1125,146,2,213,2,1141,41,20
1126,146,2,214,4,1145,35,40
1127,146,2,215,3,1148,35,30
1128,146,2,216,9,1157,1,90
1129,146,2,217,5,1162,107,50
1130,146,2,218,4,1166,1,40
1131,146,2,219,9,1175,120,90
1132,146,2,220,4,1179,1,40
1133,146,2,221,5,1184,98,50
1134,146,2,222,6,1190,70,60
1135,146,2,223,4,1194,1,40
1136,146,2,224,5,1199,82,50
1137,146,2,225,5,1204,70,50
1138,146,2,226,9,1213,68,90
1139,146,2,227,8,1221,78,80
1140,146,2,228,8,1229,73,80
1141,146,2,229,2,1231,45,20
1142,146,2,230,3,1234,31,30
1143,146,2,231,7,1241,52,70
1144,146,2,232,7,1248,52,70
1145,146,2,233,5,1253,55,50
1146,146,2,234,6,1259,1,60
1147,146,2,235,3,1262,1,30
1148,146,2,236,2,1264,1,20
1149,146,2,237,4,1268,95,40
1150,146,2,238,5,1273,90,50
1151,146,2,239,6,1279,78,60
1152,146,2,240,4,1283,49,40
1153,146,2,241,3,1286,32,30
1154,146,2,242,3,1289,26,30
1155,146,2,243,2,1291,21,20
1156,146,2,244,2,1293,30,20
1157,146,2,245,6,1299,1,60
1158,146,2,246,3,1302,68,30
1159,146,2,247,8,1310,71,80
1160,146,2,248,5,1315,1,50
1161,146,2,249,9,1324,118,90
1162,146,2,250,5,1329,1,50
1163,146,2,251,9,1338,135,90
1164,146,2,252,3,1341,1,30
1165,146,2,253,9,1350,115,90
1166,146,2,254,6,1356,1,60
1167,146,2,255,8,1364,1,80
1168,146,2,256,7,1371,1,70
1169,146,2,257,6,1377,226,60
1170,146,2,258,4,1381,1,40
1171,146,2,259,5,1386,138,50
1172,146,2,260,8,1394,108,80
1173,146,2,261,4,1398,54,40
1174,146,2,262,6,1404,1,60
1175,146,2,263,7,1411,114,70
1176,146,2,264,3,1414,57,30
1177,146,2,265,6,1420,1,60
1178,146,2,266,3,1423,80,30
1179,146,2,267,2,1425,40,20
1180,146,2,268,3,1428,1,30
1181,146,2,269,4,1432,1,40
1182,146,2,270,7,1439,105,70
1183,146,2,271,3,1442,58,30
1184,146,2,272,9,1451,74,90
1185,146,2,273,3,1454,42,30
1186,146,2,274,4,1458,1,40
1187,146,2,275,3,1461,54,30
1188,146,2,276,5,1466,43,50
1189,146,2,277,9,1475,1,90
1190,146,2,278,9,1484,129,90
1191,146,2,279,9,1493,1,90
1192,146,2,280,8,1501,156,80
1193,146,2,281,2,1503,71,20
1194,146,2,282,5,1508,54,50
1195,146,2,283,9,1517,1,90
1196,146,2,284,5,1522,115,50
1197,146,2,285,6,1528,83,60
1198,146,2,286,6,1534,1,60
1199,146,2,287,8,1542,1,80
1200,146,2,288,6,1548,1,60
1201,146,2,289,8,1556,214,80
1202,146,2,290,7,1563,1,70
1203,146,2,291,4,1567,1,40
1204,146,2,292,7,1574,1,70
1205,146,2,293,8,1582,245,80
1206,146,2,294,6,1588,1,60
1207,146,2,295,2,1590,133,20
1208,146,2,296,9,1599,105,90
1209,146,2,297,8,1607,1,80
1210,146,2,298,4,1611,121,40
1211,146,2,299,5,1616,1,50
1212,146,2,300,3,1619,84,30
1213,146,2,301,9,1628,84,90
1214,146,2,302,4,1632,52,40
1215,146,2,303,6,1638,1,60
1216,146,2,304,3,1641,83,30
1217,146,2,305,4,1645,56,40
1218,146,2,306,6,1651,49,60
1219,146,2,307,2,1653,26,20
1220,146,2,308,2,1655,25,20
1221,146,2,309,7,1662,1,70
1222,146,2,310,8,1670,99,80
1223,146,2,311,4,1674,70,40
1224,146,2,312,2,1676,35,20
1225,146,2,313,8,1684,61,80
1226,146,2,314,3,1687,1,30
1227,146,2,315,3,1690,1,30
1228,146,2,316,2,1692,1,20
1229,146,2,317,9,1701,1,90
1230,146,2,318,9,1710,1,90
1231,146,2,319,2,1712,192,20
1232,146,2,320,3,1715,1,30
1233,146,2,321,8,1723,1,80
1234,146,2,322,4,1727,188,40
1235,146,2,323,4,1731,1,40
1236,146,2,324,6,1737,1,60
1237,146,2,325,3,1740,138,30
1238,146,2,326,6,1746,94,60
1239,146,2,327,5,1751,1,50
1240,146,2,328,5,1756,104,50
1241,146,2,329,2,1758,35,20
1242,146,2,330,4,1762,41,40
1243,146,2,331,6,1768,1,60
1244,146,2,332,2,1770,1,20
1245,146,2,333,2,1772,70,20
1246,146,2,334,6,1778,1,60
1247,146,2,335,5,1783,104,50
1248,146,2,336,4,1787,1,40
1249,146,2,337,8,1795,96,80
1250,146,2,338,7,1802,76,70
1251,146,2,339,9,1811,92,90
1252,146,2,340,7,1818,71,70
1253,146,2,341,2,1820,1,20
1254,146,2,342,8,1828,102,80
1255,146,2,343,7,1835,73,70
1256,146,2,344,2,1837,1,20
1257,146,2,345,6,1843,84,60
1258,146,2,346,5,1848,1,50
1259,146,2,347,3,1851,87,30
1260,146,2,348,4,1855,59,40
1261,146,2,349,2,1857,25,20
1262,146,2,350,9,1866,57,90
1263,146,2,351,9,1875,93,90
1264,146,2,352,4,1879,61,40
1265,146,2,353,3,1882,42,30
1266,146,2,354,9,1891,79,90
1267,146,2,355,9,1900,84,90
1268,146,2,356,2,1902,1,20
1269,146,2,357,8,1910,1,80
1270,146,2,358,8,1918,147,80
1271,146,2,359,9,1927,112,90
1272,146,2,360,3,1930,56,30
1273,146,2,361,9,1939,1,90
1274,146,2,362,5,1944,1,50
1275,146,2,363,6,1950,134,60
1276,146,2,364,6,1956,91,60
1277,146,2,365,3,1959,52,30
1278,146,2,366,4,1963,1,40
1279,146,2,367,8,1971,1,80
1280,146,2,368,4,1975,1,40
1281,146,2,369,9,1984,195,90
1282,146,2,370,8,1992,100,80
1283,146,2,371,3,1995,1,30
1284,146,2,372,7,2002,1,70
1285,146,2,373,9,2011,1,90
1286,146,2,374,8,2019,1,80
1287,146,2,375,7,2026,245,70
1288,146,2,376,3,2029,98,30
1289,146,2,377,9,2038,102,90
1290,146,2,378,9,2047,1,90
1291,146,2,379,6,2053,153,60
1292,146,2,380,3,2056,62,30
1293,146,2,381,9,2065,94,90
1294,146,2,382,3,2068,43,30
1295,146,2,383,3,2071,34,30
1296,146,2,384,3,2074,31,30
1297,146,2,385,4,2078,29,40
1298,146,2,386,5,2083,45,50
1299,146,2,387,8,2091,1,80
1300,146,2,388,9,2100,138,90
1301,146,2,389,7,2107,96,70
1302,146,2,390,4,2111,58,40
1303,146,2,391,2,2113,27,20
1304,146,2,392,9,2122,1,90
1305,146,2,393,6,2128,1,60
1306,146,2,394,3,2131,123,30
1307,146,2,395,5,2136,1,50
1308,146,2,396,2,2138,103,20
1309,146,2,397,5,2143,1,50
1310,146,2,398,2,2145,1,20
1311,146,2,399,7,2152,133,70
1312,146,2,400,4,2156,57,40
1313,146,2,401,9,2165,1,90
1314,146,2,402,5,2170,1,50
1315,146,2,403,4,2174,130,40
1316,146,2,404,8,2182,1,80
1317,146,2,405,6,2188,128,60
1318,146,2,406,3,2191,1,30
1319,146,2,407,2,2193,1,20
1320,146,2,408,8,2201,135,80
1321,146,2,409,6,2207,76,60
1322,146,2,410,8,2215,1,80
1323,146,2,411,2,2217,1,20
1324,146,2,412,5,2222,1,50
1325,146,2,413,3,2225,1,30
1326,146,2,414,8,2233,210,80
1327,146,2,415,4,2237,93,40
1328,146,2,416,9,2246,1,90
1329,146,2,417,2,2248,1,20
1330,146,2,418,7,2255,155,70
1331,146,2,419,7,2262,1,70
1332,146,2,420,5,2267,125,50
1333,146,2,421,7,2274,1,70
1334,146,2,422,4,2278,1,40
1335,146,2,423,4,2282,1,40
1336,146,2,424,2,2284,1,20
1337,146,2,425,7,2291,235,70
1338,146,2,426,9,2300,122,90
1339,146,2,427,6,2306,1,60
1340,146,2,428,8,2314,136,80
1341,146,2,429,9,2323,116,90
1342,146,2,430,5,2328,1,50
1343,146,2,431,8,2336,130,80
1344,146,2,432,3,2339,79,30
1345,146,2,433,6,2345,48,60
1346,146,2,434,7,2352,1,70
1347,146,2,435,6,2358,102,60
1348,146,2,436,7,2365,89,70
1349,146,2,437,2,2367,42,20
1350,146,2,438,7,2374,1,70
1351,146,2,439,4,2378,1,40
1352,146,2,440,7,2385,132,70
1353,146,2,441,6,2391,1,60
1354,146,2,442,4,2395,1,40
1355,146,2,443,8,2403,145,80
1356,146,2,444,8,2411,1,80
1357,146,2,445,6,2417,144,60
1358,146,2,446,2,2419,1,20
1359,146,2,447,2,2421,80,20
1360,146,2,448,9,2430,1,90
1361,146,2,449,4,2434,115,40
1362,146,2,450,6,2440,70,60
1363,146,2,451,7,2447,1,70
1364,146,2,452,9,2456,124,90
1365,146,2,453,9,2465,1,90
1366,146,2,454,8,2473,131,80
1367,146,2,455,4,2477,1,40
1368,146,2,456,3,2480,95,30
1369,146,2,457,6,2486,72,60
1370,146,2,458,3,2489,1,30
1371,146,2,459,2,2491,1,20
1372,146,2,460,9,2500,1,90
1373,146,2,461,8,2508,168,80
1374,146,2,462,3,2511,76,30
1375,146,2,463,9,2520,1,90
1376,146,2,464,4,2524,1,40
1377,146,2,465,4,2528,128,40
1378,146,2,466,3,2531,75,30
1379,146,2,467,3,2534,26,30
1380,146,2,468,5,2539,52,50
1381,146,2,469,5,2544,52,50
1382,146,2,470,5,2549,1,50
1383,146,2,471,9,2558,116,90
1384,146,2,472,4,2562,67,40
1385,146,2,473,3,2565,47,30
1386,146,2,474,6,2571,51,60
1387,146,2,475,8,2579,64,80
1388,146,2,476,8,2587,79,80
1389,146,2,477,8,2595,1,80
1390,146,2,478,5,2600,1,50
1391,146,2,479,2,2602,111,20
1392,146,2,480,7,2609,1,70
1393,146,2,481,8,2617,131,80
1394,146,2,482,9,2626,1,90
1395,146,2,483,5,2631,1,50
1396,146,2,484,5,2636,149,50
1397,146,2,485,3,2639,81,30
1398,146,2,486,2,2641,44,20
1399,146,2,487,8,2649,1,80
1400,146,2,488,2,2651,92,20
1401,146,2,489,5,2656,1,50
1402,146,2,490,7,2663,109,70
1403,146,2,491,4,2667,73,40
1404,146,2,492,6,2673,1,60
1405,146,2,493,4,2677,1,40
1406,146,2,494,9,2686,155,90
1407,146,2,495,9,2695,99,90
1408,146,2,496,6,2701,69,60
1409,146,2,497,4,2705,1,40
1410,146,2,498,6,2711,1,60
1411,146,2,499,5,2716,137,50
1412,146,2,500,5,2721,60,50
1413,146,2,501,3,2724,38,30
1414,146,2,502,9,2733,1,90
1415,146,2,503,3,2736,1,30
1416,146,2,504,3,2739,1,30
1417,146,2,505,4,2743,142,40
1418,146,2,506,9,2752,91,90
1419,146,2,507,5,2757,78,50
1420,146,2,508,7,2764,66,70
1421,146,2,509,3,2767,54,30
1422,146,2,510,5,2772,41,50
1423,146,2,511,8,2780,81,80
1424,146,2,512,6,2786,53,60
1425,146,2,513,3,2789,41,30
1426,146,2,514,4,2793,44,40
1427,146,2,515,2,2795,1,20
1428,146,2,516,3,2798,1,30
1429,146,2,517,2,2800,1,20
1430,146,2,518,9,2809,1,90
1431,146,2,519,6,2815,1,60
1432,146,2,520,3,2818,175,30
1433,146,2,521,2,2820,65,20
1434,146,2,522,4,2824,57,40
1435,146,2,523,2,2826,1,20
1436,146,2,524,9,2835,1,90
1437,146,2,525,4,2839,117,40
1438,146,2,526,6,2845,1,60
1439,146,2,527,3,2848,1,30
1440,146,2,528,6,2854,1,60
1441,146,2,529,4,2858,146,40
1442,146,2,530,8,2866,109,80
1443,146,2,531,4,2870,1,40
1444,146,2,532,5,2875,1,50
1445,146,2,533,2,2877,1,20
1446,146,2,534,8,2885,1,80
1447,146,2,535,4,2889,168,40
1448,146,2,536,9,2898,137,90
1449,146,2,537,5,2903,74,50
1450,146,2,538,9,2912,84,90
1451,146,2,539,7,2919,71,70
1452,146,2,540,8,2927,71,80
1453,146,2,541,3,2930,1,30
1454,146,2,542,3,2933,1,30
1455,146,2,543,5,2938,104,50
1456,146,2,544,2,2940,1,20
1457,146,2,545,9,2949,112,90
1458,146,2,546,6,2955,1,60
1459,146,2,547,5,2960,109,50
1460,146,2,548,4,2964,57,40
1461,146,2,549,8,2972,1,80
1462,146,2,550,3,2975,85,30
1463,146,2,551,9,2984,1,90
1464,146,2,552,2,2986,79,20
1465,146,2,553,9,2995,80,90
1466,146,2,554,8,3003,1,80
1467,146,2,555,7,3010,1,70
1468,146,2,556,6,3016,1,60
1469,146,2,557,8,3024,241,80
1470,146,2,558,2,3026,89,20
1471,146,2,559,2,3028,46,20
1472,146,2,560,8,3036,70,80
1473,146,2,561,5,3041,50,50
1474,146,2,562,2,3043,1,20
1475,146,2,563,3,3046,61,30
1476,146,2,564,8,3054,1,80
1477,146,2,565,8,3062,108,80
1478,146,2,566,8,3070,109,80
1479,146,2,567,6,3076,1,60
1480,146,2,568,3,3079,97,30
1481,146,2,569,8,3087,88,80
1482,146,2,570,7,3094,1,70
1483,146,2,571,6,3100,1,60
1484,146,2,572,2,3102,141,20
1485,146,2,573,6,3108,1,60
1486,146,2,574,3,3111,110,30
1487,146,2,575,8,3119,1,80
1488,146,2,576,7,3126,135,70
1489,146,2,577,2,3128,54,20
1490,146,2,578,7,3135,61,70
1491,146,2,579,9,3144,85,90
1492,146,2,580,6,3150,65,60
1493,146,2,581,6,3156,1,60
1494,146,2,582,6,3162,96,60
1495,146,2,583,8,3170,1,80
1496,146,2,584,9,3179,155,90
1497,146,2,585,2,3181,1,20
1498,146,2,586,6,3187,98,60
1499,146,2,587,4,3191,68,40
1500,146,2,588,8,3199,1,80
1501,146,2,589,5,3204,1,50
1502,146,2,590,6,3210,161,60
1503,146,2,591,7,3217,93,70
1504,146,2,592,7,3224,56,70
1505,146,2,593,7,3231,62,70
1506,146,2,594,3,3234,46,30
1507,146,2,595,4,3238,1,40
1508,146,2,596,4,3242,1,40
1509,146,2,597,2,3244,83,20
1510,146,2,598,5,3249,69,50
1511,146,2,599,7,3256,1,70
1512,146,2,600,7,3263,104,70
1513,146,2,601,4,3267,69,40
1514,146,2,602,8,3275,63,80
1515,146,2,603,4,3279,1,40
1516,146,2,604,4,3283,1,40
1517,146,2,605,3,3286,100,30
1518,146,2,606,5,3291,1,50
1519,146,2,607,5,3296,1,50
1520,146,2,608,6,3302,127,60
1521,146,2,609,6,3308,97,60
1522,146,2,610,4,3312,73,40
1523,146,2,611,8,3320,58,80
1524,146,2,612,2,3322,1,20
1525,146,2,613,3,3325,59,30
1526,146,2,614,3,3328,1,30
1527,146,2,615,2,3330,52,20
1528,146,2,616,7,3337,56,70
1529,146,2,617,5,3342,45,50
1530,146,2,618,7,3349,66,70
1531,146,2,619,9,3358,1,90
1532,146,2,620,6,3364,128,60
1533,146,2,621,7,3371,101,70
1534,146,2,622,6,3377,80,60
1535,146,2,623,2,3379,1,20
1536,146,2,624,7,3386,80,70
1537,146,2,625,8,3394,75,80
1538,146,2,626,6,3400,1,60
1539,146,2,627,7,3407,108,70
1540,146,2,628,6,3413,83,60
1541,146,2,629,7,3420,69,70
1542,146,2,630,9,3429,1,90
1543,146,2,631,4,3433,1,40
1544,146,2,632,2,3435,1,20
1545,146,2,633,6,3441,1,60
1546,146,2,634,6,3447,213,60
1547,146,2,635,3,3450,90,30
1548,146,2,636,4,3454,60,40
1549,146,2,637,4,3458,1,40
1550,146,2,638,6,3464,1,60
1551,146,2,639,8,3472,1,80
1552,146,2,640,7,3479,190,70
1553,146,2,641,2,3481,69,20
1554,146,2,642,2,3483,37,20
1555,146,2,643,9,3492,78,90
1556,146,2,644,5,3497,64,50
1557,146,2,645,9,3506,75,90
1558,146,2,646,8,3514,1,80
1559,146,2,647,2,3516,1,20
1560,146,2,648,7,3523,160,70
1561,146,2,649,7,3530,92,70
1562,146,2,650,7,3537,1,70
1563,146,2,651,6,3543,1,60
1564,146,2,652,7,3550,1,70
1565,146,2,653,7,3557,1,70
1566,146,2,654,5,3562,1,50
1567,146,2,655,5,3567,269,50
1568,146,2,656,7,3574,121,70
1569,146,2,657,3,3577,75,30
1570,146,2,658,2,3579,1,20
1571,146,2,659,7,3586,1,70
1572,146,2,660,3,3589,1,30
1573,146,2,661,8,3597,1,80
1574,146,2,662,2,3599,181,20
1575,146,2,663,7,3606,107,70
1576,146,2,664,7,3613,82,70
1577,146,2,665,9,3622,69,90
1578,146,2,666,9,3631,1,90
1579,146,2,667,2,3633,101,20
1580,146,2,668,8,3641,79,80
1581,146,2,669,6,3647,67,60
1582,146,2,670,6,3653,68,60
1583,146,2,671,5,3658,48,50
1584,146,2,672,8,3666,93,80
1585,146,2,673,9,3675,1,90
1586,146,2,674,2,3677,80,20
1587,146,2,675,5,3682,1,50
1588,146,2,676,9,3691,118,90
1589,146,2,677,6,3697,90,60
1590,146,2,678,6,3703,62,60
1591,146,2,679,3,3706,35,30
1592,146,2,680,8,3714,1,80
1593,146,2,681,5,3719,1,50
1594,146,2,682,7,3726,1,70
1595,146,2,683,4,3730,1,40
1596,146,2,684,4,3734,212,40
1597,146,2,685,4,3738,1,40
1598,146,2,686,8,3746,128,80
1599,146,2,687,6,3752,1,60
1600,146,2,688,9,3761,1,90
1601,146,2,689,5,3766,1,50
1602,146,2,690,3,3769,221,30
1603,146,2,691,9,3778,127,90
1604,146,2,692,2,3780,56,20
1605,146,2,693,6,3786,60,60
1606,146,2,694,4,3790,51,40
1607,146,2,695,7,3797,1,70
1608,146,2,696,8,3805,1,80
1609,146,2,697,6,3811,142,60
1610,146,2,698,4,3815,1,40
1611,146,2,699,5,3820,104,50
1612,146,2,700,4,3824,68,40
1613,146,2,701,8,3832,1,80
1614,146,2,702,8,3840,123,80
1615,146,2,703,4,3844,1,40
1616,146,2,704,6,3850,107,60
1617,146,2,705,9,3859,113,90
1618,146,2,706,7,3866,1,70
1619,146,2,707,8,3874,143,80
1620,146,2,708,4,3878,60,40
1621,146,2,709,3,3881,1,30
1622,146,2,710,4,3885,80,40
1623,146,2,711,3,3888,44,30
1624,146,2,712,5,3893,1,50
1625,146,2,713,5,3898,69,50
1626,146,2,714,8,3906,64,80
1627,146,2,715,6,3912,1,60
1628,146,2,716,3,3915,86,30
1629,146,2,717,6,3921,61,60
1630,146,2,718,7,3928,1,70
1631,146,2,719,8,3936,127,80
1632,146,2,720,3,3939,1,30
1633,146,2,721,2,3941,1,20
1634,146,2,722,2,3943,84,20
1635,146,2,723,7,3950,1,70
1636,146,2,724,4,3954,1,40
1637,146,2,725,8,3962,1,80
1638,146,2,726,3,3965,181,30
1639,146,2,727,5,3970,95,50
1640,146,2,728,2,3972,55,20
1641,146,2,729,6,3978,58,60
1642,146,2,730,4,3982,1,40
1643,146,2,731,7,3989,103,70
1644,146,2,732,8,3997,1,80
1645,146,2,733,3,4000,1,30
1646,146,2,734,7,4007,160,70
1647,146,2,735,7,4014,92,70
1648,146,2,736,5,4019,55,50
1649,146,2,737,8,4027,75,80
1650,146,2,738,3,4030,1,30
1651,146,2,739,4,4034,1,40
1652,146,2,740,7,4041,113,70
1653,146,2,741,2,4043,70,20
1654,146,2,742,4,4047,38,40
1655,146,2,743,3,4050,39,30
1656,146,2,744,5,4055,1,50
1657,146,2,745,5,4060,59,50
1658,146,2,746,5,4065,47,50
1659,146,2,747,7,4072,60,70
1660,146,2,748,9,4081,1,90
1661,146,2,749,8,4089,145,80
1662,146,2,750,3,4092,70,30
1663,146,2,751,8,4100,75,80
1664,146,2,752,5,4105,62,50
1665,146,2,753,8,4113,1,80
1666,146,2,754,4,4117,1,40
1667,146,2,755,3,4120,1,30
1668,146,2,756,2,4122,140,20
1669,146,2,757,2,4124,1,20
1670,146,2,758,2,4126,82,20
1671,146,2,759,7,4133,73,70
1672,146,2,760,6,4139,1,60
1673,146,2,761,6,4145,1,60
1674,146,2,762,5,4150,1,50
1675,146,2,763,4,4154,168,40
1676,146,2,764,9,4163,120,90
1677,146,2,765,4,4167,1,40
1678,146,2,766,7,4174,92,70
1679,146,2,767,8,4182,1,80
1680,146,2,768,4,4186,126,40
1681,146,2,769,8,4194,86,80
1682,146,2,770,8,4202,68,80
1683,146,2,771,7,4209,1,70
1684,146,2,772,3,4212,101,30
1685,146,2,773,3,4215,1,30
1686,146,2,774,2,4217,65,20
1687,146,2,775,8,4225,63,80
1688,146,2,776,8,4233,1,80
1689,146,2,777,4,4237,95,40
1690,146,2,778,3,4240,1,30
1691,146,2,779,9,4249,1,90
1692,146,2,780,8,4257,162,80
1693,146,2,781,3,4260,77,30
1694,146,2,782,4,4264,1,40
1695,146,2,783,2,4266,1,20
1696,146,2,784,3,4269,1,30
1697,146,2,785,2,4271,1,20
1698,146,2,786,2,4273,115,20
1699,146,2,787,3,4276,64,30
1700,146,2,788,5,4281,1,50
1701,146,2,789,2,4283,1,20
1702,146,2,790,6,4289,109,60
1703,146,2,791,9,4298,1,90
1704,146,2,792,7,4305,143,70
1705,146,2,793,9,4314,108,90
1706,146,2,794,2,4316,59,20
1707,146,2,795,5,4321,59,50
1708,146,2,796,7,4328,68,70
1709,146,2,797,7,4335,1,70
1710,146,2,798,6,4341,92,60
1711,146,2,799,9,4350,93,90
1712,146,2,800,5,4355,71,50
1713,146,2,801,7,4362,1,70
1714,146,2,802,7,4369,1,70
1715,146,2,803,4,4373,137,40
1716,146,2,804,6,4379,1,60
1717,146,2,805,3,4382,1,30
1718,146,2,806,4,4386,1,40
1719,146,2,807,6,4392,182,60
1720,146,2,808,5,4397,96,50
1721,146,2,809,4,4401,63,40
1722,146,2,810,6,4407,1,60
1723,146,2,811,3,4410,1,30
1724,146,2,812,7,4417,117,70
1725,146,2,813,4,4421,1,40
1726,146,2,814,2,4423,77,20
1727,146,2,815,3,4426,1,30
1728,146,2,816,6,4432,1,60
1729,146,2,817,2,4434,94,20
1730,146,2,818,2,4436,44,20
1731,146,2,819,4,4440,1,40
1732,146,2,820,7,4447,1,70
1733,146,2,821,9,4456,150,90
1734,146,2,822,5,4461,77,50
1735,146,2,823,2,4463,1,20
1736,146,2,824,5,4468,85,50
1737,146,2,825,6,4474,83,60
1738,146,2,826,6,4480,63,60
1739,146,2,827,7,4487,58,70
1740,146,2,828,2,4489,43,20
1741,146,2,829,6,4495,58,60
1742,146,2,830,8,4503,76,80
1743,146,2,831,7,4510,70,70
1744,146,2,832,8,4518,74,80
1745,146,2,833,5,4523,55,50
1746,146,2,834,4,4527,47,40
1747,146,2,835,2,4529,30,20
1748,146,2,836,4,4533,35,40
1749,146,2,837,9,4542,75,90
1750,146,2,838,5,4547,47,50
1751,146,2,839,2,4549,33,20
1752,146,2,840,5,4554,1,50
1753,146,2,841,5,4559,70,50
1754,146,2,842,8,4567,98,80
1755,146,2,843,3,4570,44,30
1756,146,2,844,2,4572,21,20
1757,146,2,845,4,4576,1,40
1758,146,2,846,7,4583,1,70
1759,146,2,847,2,4585,1,20
1760,146,2,848,3,4588,120,30
1761,146,2,849,6,4594,81,60
1762,146,2,850,4,4598,40,40
1763,146,2,851,8,4606,58,80
1764,146,2,852,5,4611,62,50
1765,146,2,853,6,4617,55,60
1766,146,2,854,2,4619,39,20
1767,146,2,855,4,4623,1,40
1768,146,2,856,9,4632,1,90
1769,146,2,857,6,4638,143,60
1770,146,2,858,9,4647,1,90
1771,146,2,859,8,4655,162,80
1772,146,2,860,8,4663,1,80
1773,146,2,861,9,4672,174,90
1774,146,2,862,9,4681,128,90
1775,146,2,863,6,4687,91,60
1776,146,2,864,5,4692,55,50
1777,146,2,865,8,4700,64,80
1778,146,2,866,2,4702,42,20
1779,146,2,867,8,4710,63,80
1780,146,2,868,5,4715,49,50
1781,146,2,869,5,4720,47,50
1782,146,2,870,9,4729,75,90
1783,146,2,871,5,4734,53,50
1784,146,2,872,5,4739,52,50
1785,146,2,873,5,4744,55,50
1786,146,2,874,2,4746,25,20
1787,146,2,875,6,4752,1,60
1788,146,2,876,4,4756,67,40
1789,146,2,877,2,4758,1,20
1790,146,2,878,2,4760,1,20
1791,146,2,879,9,4769,104,90
1792,146,2,880,8,4777,1,80
1793,146,2,881,9,4786,1,90
1794,146,2,882,3,4789,156,30
1795,146,2,883,8,4797,121,80
1796,146,2,884,3,4800,44,30
1797,146,2,885,6,4806,1,60
1798,146,2,886,5,4811,1,50
1799,146,2,887,5,4816,1,50
1800,146,2,888,7,4823,182,70
1801,146,2,889,3,4826,79,30
1802,146,2,890,7,4833,1,70
1803,146,2,891,6,4839,103,60
1804,146,2,892,2,4841,1,20
1805,146,2,893,2,4843,1,20
1806,146,2,894,6,4849,103,60
1807,146,2,895,6,4855,1,60
1808,146,2,896,9,4864,1,90
1809,146,2,897,4,4868,1,40
1810,146,2,898,5,4873,1,50
1811,146,2,899,4,4877,199,40
1812,146,2,900,2,4879,103,20
1813,146,2,901,9,4888,82,90
1814,146,2,902,2,4890,50,20
1815,146,2,903,2,4892,1,20
1816,146,2,904,4,4896,47,40
1817,146,2,905,6,4902,1,60
1818,146,2,906,6,4908,1,60
1819,146,2,907,8,4916,154,80
1820,146,2,908,3,4919,1,30
1821,146,2,909,9,4928,104,90
1822,146,2,910,3,4931,1,30
1823,146,2,911,2,4933,1,20
1824,146,2,912,3,4936,108,30
1825,146,2,913,7,4943,89,70
1826,146,2,914,4,4947,1,40
1827,146,2,915,4,4951,1,40
1828,146,2,916,5,4956,122,50
1829,146,2,917,2,4958,54,20
1830,146,2,918,6,4964,1,60
1831,146,2,919,8,4972,1,80
1832,146,2,920,5,4977,138,50
1833,146,2,921,2,4979,74,20
1834,146,2,922,2,4981,41,20
1835,146,2,923,6,4987,56,60
1836,146,2,924,9,4996,75,90
1837,146,3,1,5,5,1,50
1838,146,3,2,6,11,67,60
1839,146,3,3,7,18,74,70
1840,146,3,4,5,23,1,50
1841,146,3,5,4,27,83,40
1842,146,3,6,6,33,1,60
1843,146,3,7,4,37,96,40
1844,146,3,8,6,43,1,60
1845,146,3,9,8,51,112,80
1846,146,3,10,2,53,60,20
1847,146,3,11,3,56,42,30
1848,146,3,12,5,61,1,50
1849,146,3,13,5,66,82,50
1850,146,3,14,9,75,90,90
1851,146,3,15,5,80,59,50
1852,146,3,16,8,88,59,80
1853,146,3,17,7,95,68,70
1854,146,3,18,3,98,53,30
1855,146,3,19,3,101,36,30
1856,146,3,20,6,107,46,60
1857,146,3,21,9,116,75,90
1858,146,3,22,3,119,1,30
1859,146,3,23,8,127,1,80
1860,146,3,24,4,131,148,40
1861,146,3,25,2,133,62,20
1862,146,3,26,9,142,79,90
1863,146,3,27,5,147,55,50
1864,146,3,28,8,155,1,80
1865,146,3,29,8,163,1,80
1866,146,3,30,5,168,146,50
1867,146,3,31,4,172,77,40
1868,146,3,32,5,177,63,50
1869,146,3,33,3,180,1,30
1870,146,3,34,6,186,1,60
1871,146,3,35,4,190,124,40
1872,146,3,36,6,196,1,60
1873,146,3,37,3,199,1,30
1874,146,3,38,6,205,127,60
1875,146,3,39,8,213,120,80
1876,146,3,40,7,220,94,70
1877,146,3,41,6,226,73,60
1878,146,3,42,2,228,31,20
1879,146,3,43,7,235,1,70
1880,146,3,44,5,240,1,50
1881,146,3,45,7,247,126,70
1882,146,3,46,9,256,109,90
1883,146,3,47,3,259,45,30
1884,146,3,48,3,262,1,30
1885,146,3,49,4,266,1,40
1886,146,3,50,6,272,1,60
1887,146,3,51,4,276,130,40
1888,146,3,52,6,282,1,60
1889,146,3,53,2,284,1,20
1890,146,3,54,3,287,114,30
1891,146,3,55,3,290,52,30
1892,146,3,56,8,298,76,80
1893,146,3,57,4,302,66,40
1894,146,3,58,8,310,1,80
1895,146,3,59,3,313,1,30
1896,146,3,60,5,318,1,50
1897,146,3,61,2,320,139,20
1898,146,3,62,3,323,58,30
1899,146,3,63,8,331,1,80
1900,146,3,64,4,335,93,40
1901,146,3,65,9,344,88,90
1902,146,3,66,2,346,1,20
1903,146,3,67,2,348,64,20
1904,146,3,68,4,352,58,40
1905,146,3,69,2,354,30,20
1906,146,3,70,7,361,50,70
1907,146,3,71,8,369,63,80
1908,146,3,72,6,375,1,60
1909,146,3,73,6,381,96,60
1910,146,3,74,7,388,1,70
1911,146,3,75,6,394,128,60
1912,146,3,76,3,397,58,30
1913,146,3,77,2,399,1,20
1914,146,3,78,7,406,1,70
1915,146,3,79,5,411,1,50
1916,146,3,80,3,414,1,30
1917,146,3,81,6,420,161,60
1918,146,3,82,7,427,106,70
1919,146,3,83,5,432,1,50
1920,146,3,84,6,438,101,60
1921,146,3,85,9,447,85,90
1922,146,3,86,2,449,1,20
1923,146,3,87,5,454,81,50
1924,146,3,88,4,458,42,40
1925,146,3,89,4,462,51,40
1926,146,3,90,3,465,1,30
1927,146,3,91,6,471,1,60
1928,146,3,92,4,475,1,40
1929,146,3,93,8,483,156,80
1930,146,3,94,8,491,104,80
1931,146,3,95,4,495,67,40
1932,146,3,96,4,499,42,40
1933,146,3,97,3,502,30,30
1934,146,3,98,5,507,1,50
1935,146,3,99,2,509,64,20
1936,146,3,100,4,513,43,40
1937,146,3,101,9,522,71,90
1938,146,3,102,6,528,1,60
1939,146,3,103,6,534,115,60
1940,146,3,104,3,537,1,30
1941,146,3,105,7,544,1,70
1942,146,3,106,2,546,1,20
1943,146,3,107,8,554,1,80
1944,146,3,108,8,562,219,80
1945,146,3,109,2,564,69,20
1946,146,3,110,4,568,1,40
1947,146,3,111,5,573,94,50
1948,146,3,112,9,582,1,90
1949,146,3,113,4,586,104,40
1950,146,3,114,3,589,1,30
1951,146,3,115,8,597,121,80
1952,146,3,116,8,605,1,80
1953,146,3,117,2,607,1,20
1954,146,3,118,7,614,145,70
1955,146,3,119,9,623,100,90
1956,146,3,120,7,630,95,70
1957,146,3,121,9,639,81,90
1958,146,3,122,4,643,72,40
1959,146,3,123,8,651,1,80
1960,146,3,124,4,655,102,40
1961,146,3,125,2,657,1,20
1962,146,3,126,8,665,117,80
1963,146,3,127,3,668,57,30
1964,146,3,128,7,675,1,70
1965,146,3,129,3,678,1,30
1966,146,3,130,3,681,94,30
1967,146,3,131,2,683,39,20
1968,146,3,132,7,690,67,70
1969,146,3,133,8,698,72,80
1970,146,3,134,6,704,1,60
1971,146,3,135,4,708,102,40
1972,146,3,136,9,717,91,90
1973,146,3,137,4,721,48,40
1974,146,3,138,7,728,1,70
1975,146,3,139,2,730,83,20
1976,146,3,140,8,738,85,80
1977,146,3,141,8,746,74,80
1978,146,3,142,7,753,1,70
1979,146,3,143,8,761,132,80
1980,146,3,144,6,767,77,60
1981,146,3,145,2,769,36,20
1982,146,3,146,7,776,60,70
1983,146,3,147,2,778,1,20
1984,146,3,148,3,781,46,30
1985,146,3,149,3,784,1,30
1986,146,3,150,4,788,1,40
1987,146,3,151,7,795,1,70
1988,146,3,152,4,799,134,40
1989,146,3,153,5,804,1,50
1990,146,3,154,5,809,113,50
1991,146,3,155,9,818,94,90
1992,146,3,156,9,827,79,90
1993,146,3,157,3,830,63,30
1994,146,3,158,6,836,60,60
1995,146,3,159,6,842,1,60
1996,146,3,160,9,851,1,90
1997,146,3,161,5,856,153,50
1998,146,3,162,6,862,94,60
1999,146,3,163,7,869,79,70
2000,146,3,164,4,873,40,40
2001,146,3,165,3,876,39,30
2002,146,3,166,4,880,1,40
2003,146,3,167,8,888,84,80
2004,146,3,168,4,892,1,40
2005,146,3,169,4,896,90,40
2006,146,3,170,5,901,70,50
2007,146,3,171,8,909,60,80
2008,146,3,172,2,911,29,20
2009,146,3,173,7,918,57,70
2010,146,3,174,9,927,74,90
2011,146,3,175,9,936,1,90
2012,146,3,176,4,940,106,40
2013,146,3,177,3,943,51,30
2014,146,3,178,7,950,1,70
2015,146,3,179,4,954,1,40
2016,146,3,180,6,960,1,60
2017,146,3,181,9,969,1,90
2018,146,3,182,3,972,1,30
2019,146,3,183,3,975,239,30
2020,146,3,184,7,982,104,70
2021,146,3,185,3,985,59,30
2022,146,3,186,9,994,1,90
2023,146,3,187,5,999,108,50
2024,146,3,188,8,1007,98,80
2025,146,3,189,2,1009,45,20
2026,146,3,190,3,1012,33,30
2027,146,3,191,8,1020,1,80
2028,146,3,192,9,1029,146,90
2029,146,3,193,7,1036,1,70
2030,146,3,194,6,1042,1,60
2031,146,3,195,2,1044,1,20
2032,146,3,196,8,1052,203,80
2033,146,3,197,7,1059,101,70
2034,146,3,198,3,1062,1,30
2035,146,3,199,5,1067,1,50
2036,146,3,200,5,1072,127,50
2037,146,3,201,2,1074,48,20
2038,146,3,202,3,1077,1,30
2039,146,3,203,8,1085,90,80
2040,146,3,204,7,1092,73,70
2041,146,3,205,3,1095,1,30
2042,146,3,206,9,1104,103,90
2043,146,3,207,9,1113,102,90
2044,146,3,208,9,1122,94,90
2045,146,3,209,2,1124,46,20
2046,146,3,210,3,1127,31,30
2047,146,3,211,9,1136,1,90
2048,146,3,212,7,1143,109,70
2049,146,3,213,4,1147,81,40
2050,146,3,214,9,1156,1,90
2051,146,3,215,2,1158,91,20
2052,146,3,216,7,1165,73,70
2053,146,3,217,5,1170,1,50
2054,146,3,218,5,1175,1,50
2055,146,3,219,5,1180,1,50
2056,146,3,220,5,1185,161,50
2057,146,3,221,4,1189,1,40
2058,146,3,222,9,1198,1,90
2059,146,3,223,3,1201,169,30
2060,146,3,224,8,1209,1,80
2061,146,3,225,9,1218,157,90
2062,146,3,226,5,1223,69,50
2063,146,3,227,8,1231,1,80
2064,146,3,228,2,1233,102,20
2065,146,3,229,8,1241,81,80
2066,146,3,230,8,1249,79,80
2067,146,3,231,3,1252,1,30
2068,146,3,232,4,1256,1,40
2069,146,3,233,3,1259,79,30
2070,146,3,234,2,1261,1,20
2071,146,3,235,2,1263,52,20
2072,146,3,236,8,1271,1,80
2073,146,3,237,7,1278,1,70
2074,146,3,238,5,1283,1,50
2075,146,3,239,3,1286,1,30
2076,146,3,240,4,1290,192,40
2077,146,3,241,9,1299,117,90
2078,146,3,242,6,1305,89,60
2079,146,3,243,4,1309,47,40
2080,146,3,244,4,1313,44,40
2081,146,3,245,4,1317,1,40
2082,146,3,246,2,1319,1,20
2083,146,3,247,8,1327,101,80
2084,146,3,248,9,1336,89,90
2085,146,3,249,4,1340,57,40
2086,146,3,250,5,1345,1,50
2087,146,3,251,8,1353,1,80
2088,146,3,252,9,1362,1,90
2089,146,3,253,6,1368,204,60
2090,146,3,254,2,1370,1,20
2091,146,3,255,2,1372,81,20
2092,146,3,256,9,1381,1,90
2093,146,3,257,3,1384,1,30
2094,146,3,258,6,1390,153,60
2095,146,3,259,8,1398,99,80
2096,146,3,260,2,1400,1,20
2097,146,3,261,2,1402,1,20
2098,146,3,262,7,1409,85,70
2099,146,3,263,8,1417,1,80
2100,146,3,264,8,1425,128,80
2101,146,3,265,3,1428,73,30
2102,146,3,266,2,1430,1,20
2103,146,3,267,4,1434,72,40
2104,146,3,268,5,1439,1,50
2105,146,3,269,8,1447,97,80
2106,146,3,270,3,1450,1,30
2107,146,3,271,9,1459,112,90
2108,146,3,272,4,1463,71,40
2109,146,3,273,7,1470,69,70
2110,146,3,274,8,1478,1,80
2111,146,3,275,3,1481,105,30
2112,146,3,276,2,1483,34,20
2113,146,3,277,4,1487,1,40
2114,146,3,278,9,1496,1,90
2115,146,3,279,6,1502,146,60
2116,146,3,280,2,1504,59,20
2117,146,3,281,6,1510,55,60
2118,146,3,282,9,1519,71,90
2119,146,3,283,6,1525,70,60
2120,146,3,284,8,1533,88,80
2121,146,3,285,8,1541,1,80
2122,146,3,286,4,1545,1,40
2123,146,3,287,8,1553,154,80
2124,146,3,288,6,1559,1,60
2125,146,3,289,2,1561,85,20
2126,146,3,290,5,1566,1,50
2127,146,3,291,5,1571,108,50
2128,146,3,292,6,1577,66,60
2129,146,3,293,6,1583,1,60
2130,146,3,294,7,1590,1,70
2131,146,3,295,4,1594,121,40
2132,146,3,296,3,1597,69,30
2133,146,3,297,5,1602,1,50
2134,146,3,298,6,1608,1,60
2135,146,3,299,3,1611,1,30
2136,146,3,300,3,1614,1,30
2137,146,3,301,8,1622,183,80
2138,146,3,302,5,1627,1,50
2139,146,3,303,3,1630,105,30
2140,146,3,304,5,1635,1,50
2141,146,3,305,8,1643,131,80
2142,146,3,306,9,1652,95,90
2143,146,3,307,9,1661,93,90
2144,146,3,308,7,1668,67,70
2145,146,3,309,6,1674,71,60
2146,146,3,310,8,1682,1,80
2147,146,3,311,8,1690,112,80
2148,146,3,312,4,1694,73,40
2149,146,3,313,5,1699,60,50
2150,146,3,314,7,1706,58,70
2151,146,3,315,6,1712,74,60
2152,146,3,316,4,1716,1,40
2153,146,3,317,9,1725,1,90
2154,146,3,318,9,1734,1,90
2155,146,3,319,7,1741,202,70
2156,146,3,320,9,1750,130,90
2157,146,3,321,6,1756,1,60
2158,146,3,322,4,1760,113,40
2159,146,3,323,8,1768,95,80
2160,146,3,324,2,1770,40,20
2161,146,3,325,9,1779,78,90
2162,146,3,326,4,1783,1,40
2163,146,3,327,7,1790,105,70
2164,146,3,328,2,1792,49,20
2165,146,3,329,9,1801,79,90
2166,146,3,330,4,1805,1,40
2167,146,3,331,9,1814,118,90
2168,146,3,332,5,1819,63,50
2169,146,3,333,9,1828,87,90
2170,146,3,334,9,1837,1,90
2171,146,3,335,3,1840,1,30
2172,146,3,336,8,1848,1,80
2173,146,3,337,6,1854,1,60
2174,146,3,338,8,1862,1,80
2175,146,3,339,6,1868,1,60
2176,146,3,340,3,1871,337,30
2177,146,3,341,6,1877,150,60
2178,146,3,342,8,1885,1,80
2179,146,3,343,9,1894,1,90
2180,146,3,344,3,1897,173,30
2181,146,3,345,5,1902,1,50
2182,146,3,346,9,1911,139,90
2183,146,3,347,5,1916,93,50
2184,146,3,348,2,1918,1,20
2185,146,3,349,4,1922,74,40
2186,146,3,350,7,1929,77,70
2187,146,3,351,9,1938,95,90
2188,146,3,352,6,1944,73,60
2189,146,3,353,6,1950,1,60
2190,146,3,354,5,1955,1,50
2191,146,3,355,2,1957,91,20
2192,146,3,356,9,1966,90,90
2193,146,3,357,7,1973,1,70
2194,146,3,358,5,1978,106,50
2195,146,3,359,2,1980,40,20
2196,146,3,360,2,1982,19,20
2197,146,3,361,3,1985,30,30
2198,146,3,362,8,1993,1,80
2199,146,3,363,4,1997,1,40
2200,146,3,364,3,2000,131,30
2201,146,3,365,5,2005,1,50
2202,146,3,366,5,2010,1,50
2203,146,3,367,5,2015,1,50
2204,146,3,368,9,2024,1,90
2205,146,3,369,9,2033,259,90
2206,146,3,370,6,2039,1,60
2207,146,3,371,3,2042,1,30
2208,146,3,372,4,2046,184,40
2209,146,3,373,7,2053,1,70
2210,146,3,374,5,2058,130,50
2211,146,3,375,4,2062,1,40
2212,146,3,376,6,2068,1,60
2213,146,3,377,7,2075,1,70
2214,146,3,378,4,2079,198,40
2215,146,3,379,6,2085,1,60
2216,146,3,380,6,2091,130,60
2217,146,3,381,9,2100,99,90
2218,146,3,382,6,2106,63,60
2219,146,3,383,8,2114,1,80
2220,146,3,384,3,2117,94,30
2221,146,3,385,9,2126,85,90
2222,146,3,386,9,2135,1,90
2223,146,3,387,8,2143,1,80
2224,146,3,388,3,2146,1,30
2225,146,3,389,8,2154,194,80
2226,146,3,390,7,2161,140,70
2227,146,3,391,4,2165,67,40
2228,146,3,392,8,2173,1,80
2229,146,3,393,9,2182,1,90
2230,146,3,394,8,2190,203,80
2231,146,3,395,4,2194,91,40
2232,146,3,396,7,2201,1,70
2233,146,3,397,9,2210,1,90
2234,146,3,398,8,2218,205,80
2235,146,3,399,7,2225,101,70
2236,146,3,400,8,2233,75,80
2237,146,3,401,6,2239,1,60
2238,146,3,402,3,2242,99,30
2239,146,3,403,6,2248,1,60
2240,146,3,404,5,2253,92,50
2241,146,3,405,6,2259,88,60
2242,146,3,406,6,2265,54,60
2243,146,3,407,9,2274,75,90
2244,146,3,408,7,2281,71,70
2245,146,3,409,9,2290,86,90
2246,146,3,410,8,2298,1,80
2247,146,3,411,7,2305,124,70
2248,146,3,412,6,2311,1,60
2249,146,3,413,2,2313,99,20
2250,146,3,414,8,2321,1,80
2251,146,3,415,6,2327,1,60
2252,146,3,416,4,2331,138,40
2253,146,3,417,9,2340,1,90
2254,146,3,418,5,2345,1,50
2255,146,3,419,6,2351,191,60
2256,146,3,420,5,2356,1,50
2257,146,3,421,7,2363,140,70
2258,146,3,422,9,2372,113,90
2259,146,3,423,7,2379,1,70
2260,146,3,424,8,2387,1,80
2261,146,3,425,8,2395,216,80
2262,146,3,426,9,2404,125,90
2263,146,3,427,6,2410,1,60
2264,146,3,428,2,2412,110,20
2265,146,3,429,8,2420,1,80
2266,146,3,430,6,2426,112,60
2267,146,3,431,7,2433,79,70
2268,146,3,432,7,2440,79,70
2269,146,3,433,5,2445,1,50
2270,146,3,434,7,2452,114,70
2271,146,3,435,4,2456,1,40
2272,146,3,436,6,2462,93,60
2273,146,3,437,8,2470,1,80
2274,146,3,438,9,2479,162,90
2275,146,3,439,8,2487,105,80
2276,146,3,440,7,2494,1,70
2277,146,3,441,2,2496,1,20
2278,146,3,442,4,2500,99,40
2279,146,3,443,6,2506,66,60
2280,146,3,444,9,2515,106,90
2281,146,3,445,7,2522,1,70
2282,146,3,446,2,2524,83,20
2283,146,3,447,3,2527,53,30
2284,146,3,448,6,2533,37,60
2285,146,3,449,7,2540,1,70
2286,146,3,450,2,2542,78,20
2287,146,3,451,7,2549,1,70
2288,146,3,452,8,2557,140,80
2289,146,3,453,3,2560,65,30
2290,146,3,454,9,2569,99,90
2291,146,3,455,7,2576,73,70
2292,146,3,456,6,2582,63,60
2293,146,3,457,3,2585,1,30
2294,146,3,458,2,2587,63,20
2295,146,3,459,2,2589,27,20
2296,146,3,460,6,2595,53,60
2297,146,3,461,7,2602,1,70
2298,146,3,462,7,2609,99,70
2299,146,3,463,4,2613,76,40
2300,146,3,464,5,2618,68,50
2301,146,3,465,3,2621,1,30
2302,146,3,466,8,2629,94,80
2303,146,3,467,6,2635,82,60
2304,146,3,468,8,2643,91,80
2305,146,3,469,2,2645,1,20
2306,146,3,470,4,2649,54,40
2307,146,3,471,7,2656,66,70
2308,146,3,472,2,2658,36,20
2309,146,3,473,5,2663,54,50
2310,146,3,474,2,2665,28,20
2311,146,3,475,4,2669,33,40
2312,146,3,476,7,2676,55,70
2313,146,3,477,5,2681,1,50
2314,146,3,478,4,2685,74,40
2315,146,3,479,2,2687,42,20
2316,146,3,480,7,2694,1,70
2317,146,3,481,4,2698,91,40
2318,146,3,482,4,2702,52,40
2319,146,3,483,7,2709,73,70
2320,146,3,484,2,2711,43,20
2321,146,3,485,6,2717,42,60
2322,146,3,486,3,2720,38,30
2323,146,3,487,7,2727,60,70
2324,146,3,488,3,2730,51,30
2325,146,3,489,6,2736,1,60
2326,146,3,490,9,2745,1,90
2327,146,3,491,2,2747,118,20
2328,146,3,492,2,2749,59,20
2329,146,3,493,6,2755,51,60
2330,146,3,494,6,2761,69,60
2331,146,3,495,3,2764,1,30
2332,146,3,496,9,2773,1,90
2333,146,3,497,6,2779,1,60
2334,146,3,498,3,2782,161,30
2335,146,3,499,6,2788,84,60
2336,146,3,500,7,2795,66,70
2337,146,3,501,5,2800,55,50
2338,146,3,502,8,2808,1,80
2339,146,3,503,7,2815,114,70
2340,146,3,504,3,2818,64,30
2341,146,3,505,5,2823,1,50
2342,146,3,506,5,2828,72,50
2343,146,3,507,8,2836,85,80
2344,146,3,508,4,2840,58,40
2345,146,3,509,7,2847,58,70
2346,146,3,510,4,2851,1,40
2347,146,3,511,3,2854,68,30
2348,146,3,512,6,2860,60,60
2349,146,3,513,5,2865,1,50
2350,146,3,514,2,2867,1,20
2351,146,3,515,6,2873,1,60
2352,146,3,516,9,2882,1,90
2353,146,3,517,5,2887,1,50
2354,146,3,518,5,2892,224,50
2355,146,3,519,5,2897,114,50
2356,146,3,520,6,2903,1,60
2357,146,3,521,5,2908,1,50
2358,146,3,522,5,2913,138,50
2359,146,3,523,2,2915,1,20
2360,146,3,524,8,2923,1,80
2361,146,3,525,6,2929,1,60
2362,146,3,526,7,2936,210,70
2363,146,3,527,6,2942,111,60
2364,146,3,528,4,2946,1,40
2365,146,3,529,2,2948,76,20
2366,146,3,530,3,2951,1,30
2367,146,3,531,2,2953,57,20
2368,146,3,532,7,2960,1,70
2369,146,3,533,7,2967,104,70
2370,146,3,534,6,2973,97,60
2371,146,3,535,2,2975,1,20
2372,146,3,536,9,2984,1,90
2373,146,3,537,8,2992,138,80
2374,146,3,538,3,2995,65,30
2375,146,3,539,3,2998,47,30
2376,146,3,540,3,3001,1,30
2377,146,3,541,6,3007,1,60
2378,146,3,542,5,3012,1,50
2379,146,3,543,9,3021,152,90
2380,146,3,544,4,3025,93,40
2381,146,3,545,3,3028,1,30
2382,146,3,546,9,3037,97,90
2383,146,3,547,2,3039,49,20
2384,146,3,548,3,3042,39,30
2385,146,3,549,5,3047,44,50
2386,146,3,550,9,3056,1,90
2387,146,3,551,8,3064,111,80
2388,146,3,552,9,3073,1,90
2389,146,3,553,2,3075,108,20
2390,146,3,554,3,3078,1,30
2391,146,3,555,7,3085,1,70
2392,146,3,556,7,3092,1,70
2393,146,3,557,2,3094,1,20
2394,146,3,558,3,3097,171,30
2395,146,3,559,4,3101,1,40
2396,146,3,560,3,3104,1,30
2397,146,3,561,3,3107,1,30
2398,146,3,562,9,3116,1,90
2399,146,3,563,2,3118,169,20
2400,146,3,564,5,3123,103,50
2401,146,3,565,7,3130,1,70
2402,146,3,566,3,3133,89,30
2403,146,3,567,2,3135,61,20
2404,146,3,568,3,3138,1,30
2405,146,3,569,7,3145,1,70
2406,146,3,570,5,3150,114,50
2407,146,3,571,3,3153,1,30
2408,146,3,572,4,3157,85,40
2409,146,3,573,3,3160,1,30
2410,146,3,574,9,3169,1,90
2411,146,3,575,2,3171,111,20
2412,146,3,576,5,3176,1,50
2413,146,3,577,5,3181,1,50
2414,146,3,578,6,3187,129,60
2415,146,3,579,6,3193,1,60
2416,146,3,580,7,3200,1,70
2417,146,3,581,4,3204,1,40
2418,146,3,582,4,3208,160,40
2419,146,3,583,5,3213,1,50
2420,146,3,584,7,3220,162,70
2421,146,3,585,2,3222,1,20
2422,146,3,586,7,3229,1,70
2423,146,3,587,5,3234,1,50
2424,146,3,588,2,3236,168,20
2425,146,3,589,2,3238,71,20
2426,146,3,590,3,3241,1,30
2427,146,3,591,6,3247,89,60
2428,146,3,592,8,3255,1,80
2429,146,3,593,3,3258,85,30
2430,146,3,594,9,3267,108,90
2431,146,3,595,7,3274,84,70
2432,146,3,596,5,3279,62,50
2433,146,3,597,9,3288,75,90
2434,146,3,598,9,3297,1,90
2435,146,3,599,5,3302,1,50
2436,146,3,600,3,3305,1,30
2437,146,3,601,8,3313,186,80
2438,146,3,602,5,3318,95,50
2439,146,3,603,6,3324,80,60
2440,146,3,604,4,3328,50,40
2441,146,3,605,2,3330,29,20
2442,146,3,606,2,3332,25,20
2443,146,3,607,5,3337,43,50
2444,146,3,608,4,3341,33,40
2445,146,3,609,8,3349,77,80
2446,146,3,610,9,3358,1,90
2447,146,3,611,4,3362,96,40
2448,146,3,612,4,3366,59,40
2449,146,3,613,3,3369,35,30
2450,146,3,614,8,3377,59,80
2451,146,3,615,3,3380,1,30
2452,146,3,616,3,3383,65,30
2453,146,3,617,8,3391,77,80
2454,146,3,618,7,3398,1,70
2455,146,3,619,6,3404,1,60
2456,146,3,620,4,3408,131,40
2457,146,3,621,6,3414,75,60
2458,146,3,622,7,3421,1,70
2459,146,3,623,6,3427,1,60
2460,146,3,624,2,3429,102,20
2461,146,3,625,7,3436,108,70
2462,146,3,626,2,3438,1,20
2463,146,3,627,7,3445,80,70
2464,146,3,628,2,3447,1,20
2465,146,3,629,9,3456,97,90
2466,146,3,630,6,3462,76,60
2467,146,3,631,5,3467,58,50
2468,146,3,632,4,3471,1,40
2469,146,3,633,4,3475,1,40
2470,146,3,634,8,3483,109,80
2471,146,3,635,6,3489,68,60
2472,146,3,636,3,3492,45,30
2473,146,3,637,2,3494,1,20
2474,146,3,638,5,3499,61,50
2475,146,3,639,4,3503,39,40
2476,146,3,640,6,3509,1,60
2477,146,3,641,7,3516,1,70
2478,146,3,642,2,3518,107,20
2479,146,3,643,5,3523,1,50
2480,146,3,644,5,3528,110,50
2481,146,3,645,6,3534,76,60
2482,146,3,646,7,3541,83,70
2483,146,3,647,6,3547,54,60
2484,146,3,648,8,3555,67,80
2485,146,3,649,5,3560,1,50
2486,146,3,650,4,3564,1,40
2487,146,3,651,3,3567,95,30
2488,146,3,652,7,3574,78,70
2489,146,3,653,9,3583,90,90
2490,146,3,654,3,3586,57,30
2491,146,3,655,4,3590,1,40
2492,146,3,656,6,3596,93,60
2493,146,3,657,7,3603,1,70
2494,146,3,658,9,3612,132,90
2495,146,3,659,3,3615,52,30
2496,146,3,660,7,3622,1,70
2497,146,3,661,7,3629,113,70
2498,146,3,662,6,3635,75,60
2499,146,3,663,6,3641,1,60
2500,146,3,664,4,3645,1,40
2501,146,3,665,2,3647,107,20
2502,146,3,666,5,3652,74,50
2503,146,3,667,7,3659,73,70
2504,146,3,668,9,3668,105,90
2505,146,3,669,8,3676,91,80
2506,146,3,670,7,3683,79,70
2507,146,3,671,7,3690,72,70
2508,146,3,672,3,3693,1,30
2509,146,3,673,4,3697,1,40
2510,146,3,674,6,3703,96,60
2511,146,3,675,3,3706,1,30
2512,146,3,676,8,3714,124,80
2513,146,3,677,2,3716,46,20
2514,146,3,678,5,3721,59,50
2515,146,3,679,2,3723,1,20
2516,146,3,680,8,3731,82,80
2517,146,3,681,5,3736,60,50
2518,146,3,682,6,3742,52,60
2519,146,3,683,5,3747,1,50
2520,146,3,684,7,3754,102,70
2521,146,3,685,2,3756,56,20
2522,146,3,686,3,3759,43,30
2523,146,3,687,8,3767,64,80
2524,146,3,688,2,3769,28,20
2525,146,3,689,7,3776,1,70
2526,146,3,690,6,3782,105,60
2527,146,3,691,4,3786,71,40
2528,146,3,692,2,3788,1,20
2529,146,3,693,4,3792,1,40
2530,146,3,694,4,3796,78,40
2531,146,3,695,2,3798,38,20
2532,146,3,696,5,3803,44,50
2533,146,3,697,7,3810,59,70
2534,146,3,698,8,3818,1,80
2535,146,3,699,5,3823,1,50
2536,146,3,700,9,3832,165,90
2537,146,3,701,2,3834,66,20
2538,146,3,702,6,3840,59,60
2539,146,3,703,4,3844,1,40
2540,146,3,704,3,3847,1,30
2541,146,3,705,6,3853,102,60
2542,146,3,706,8,3861,1,80
2543,146,3,707,4,3865,113,40
2544,146,3,708,5,3870,1,50
2545,146,3,709,7,3877,120,70
2546,146,3,710,9,3886,1,90
2547,146,3,711,6,3892,121,60
2548,146,3,712,7,3899,78,70
2549,146,3,713,3,3902,60,30
2550,146,3,714,4,3906,34,40
2551,146,3,715,4,3910,1,40
2552,146,3,716,4,3914,76,40
2553,146,3,717,3,3917,1,30
2554,146,3,718,5,3922,68,50
2555,146,3,719,7,3929,1,70
2556,146,3,720,7,3936,117,70
2557,146,3,721,8,3944,1,80
2558,146,3,722,5,3949,129,50
2559,146,3,723,6,3955,76,60
2560,146,3,724,9,3964,75,90
2561,146,3,725,4,3968,55,40
2562,146,3,726,6,3974,52,60
2563,146,3,727,9,3983,66,90
2564,146,3,728,2,3985,36,20
2565,146,3,729,9,3994,76,90
2566,146,3,730,9,4003,1,90
2567,146,3,731,4,4007,97,40
2568,146,3,732,8,4015,1,80
2569,146,3,733,9,4024,1,90
2570,146,3,734,3,4027,160,30
2571,146,3,735,8,4035,111,80
2572,146,3,736,7,4042,88,70
2573,146,3,737,3,4045,1,30
2574,146,3,738,8,4053,1,80
2575,146,3,739,3,4056,1,30
2576,146,3,740,5,4061,155,50
2577,146,3,741,9,4070,113,90
2578,146,3,742,3,4073,1,30
2579,146,3,743,4,4077,84,40
2580,146,3,744,9,4086,104,90
2581,146,3,745,8,4094,96,80
2582,146,3,746,6,4100,1,60
2583,146,3,747,6,4106,115,60
2584,146,3,748,7,4113,1,70
2585,146,3,749,3,4116,1,30
2586,146,3,750,7,4123,1,70
2587,146,3,751,4,4127,1,40
2588,146,3,752,4,4131,1,40
2589,146,3,753,4,4135,222,40
2590,146,3,754,2,4137,69,20
2591,146,3,755,3,4140,1,30
2592,146,3,756,2,4142,1,20
2593,146,3,757,9,4151,134,90
2594,146,3,758,2,4153,60,20
2595,146,3,759,2,4155,28,20
2596,146,3,760,2,4157,1,20
2597,146,3,761,8,4165,1,80
2598,146,3,762,7,4172,1,70
2599,146,3,763,8,4180,199,80
2600,146,3,764,3,4183,1,30
2601,146,3,765,2,4185,1,20
2602,146,3,766,5,4190,124,50
2603,146,3,767,2,4192,1,20
2604,146,3,768,5,4197,91,50
2605,146,3,769,7,4204,1,70
2606,146,3,770,9,4213,144,90
2607,146,3,771,6,4219,90,60
2608,146,3,772,9,4228,88,90
2609,146,3,773,8,4236,76,80
2610,146,3,774,5,4241,67,50
2611,146,3,775,9,4250,78,90
2612,146,3,776,8,4258,74,80
2613,146,3,777,7,4265,1,70
2614,146,3,778,7,4272,1,70
2615,146,3,779,3,4275,1,30
2616,146,3,780,7,4282,1,70
2617,146,3,781,6,4288,251,60
2618,146,3,782,8,4296,133,80
2619,146,3,783,3,4299,70,30
2620,146,3,784,4,4303,45,40
2621,146,3,785,5,4308,72,50
2622,146,3,786,4,4312,45,40
2623,146,3,787,2,4314,1,20
2624,146,3,788,4,4318,48,40
2625,146,3,789,2,4320,40,20
2626,146,3,790,7,4327,1,70
2627,146,3,791,6,4333,1,60
2628,146,3,792,8,4341,131,80
2629,146,3,793,3,4344,1,30
2630,146,3,794,9,4353,139,90
2631,146,3,795,9,4362,1,90
2632,146,3,796,4,4366,133,40
2633,146,3,797,7,4373,1,70
2634,146,3,798,6,4379,140,60
2635,146,3,799,4,4383,75,40
2636,146,3,800,9,4392,75,90
2637,146,3,801,4,4396,1,40
2638,146,3,802,7,4403,1,70
2639,146,3,803,5,4408,136,50
2640,146,3,804,9,4417,92,90
2641,146,3,805,4,4421,51,40
2642,146,3,806,3,4424,40,30
2643,146,3,807,3,4427,37,30
2644,146,3,808,4,4431,1,40
2645,146,3,809,6,4437,1,60
2646,146,3,810,7,4444,118,70
2647,146,3,811,2,4446,1,20
2648,146,3,812,7,4453,84,70
2649,146,3,813,4,4457,50,40
2650,146,3,814,4,4461,46,40
2651,146,3,815,4,4465,1,40
2652,146,3,816,5,4470,73,50
2653,146,3,817,5,4475,45,50
2654,146,3,818,2,4477,1,20
2655,146,3,819,7,4484,75,70
2656,146,3,820,3,4487,1,30
2657,146,3,821,6,4493,86,60
2658,146,3,822,8,4501,1,80
2659,146,3,823,4,4505,104,40
2660,146,3,824,8,4513,1,80
2661,146,3,825,2,4515,110,20
2662,146,3,826,4,4519,78,40
2663,146,3,827,8,4527,85,80
2664,146,3,828,2,4529,32,20
2665,146,3,829,4,4533,37,40
2666,146,3,830,3,4536,30,30
2667,146,3,831,4,4540,1,40
2668,146,3,832,8,4548,86,80
2669,146,3,833,3,4551,1,30
2670,146,3,834,5,4556,1,50
2671,146,3,835,2,4558,81,20
2672,146,3,836,7,4565,60,70
2673,146,3,837,9,4574,1,90
2674,146,3,838,4,4578,91,40
2675,146,3,839,9,4587,104,90
2676,146,3,840,9,4596,1,90
2677,146,3,841,5,4601,133,50
2678,146,3,842,5,4606,70,50
2679,146,3,843,8,4614,85,80
2680,146,3,844,9,4623,85,90
2681,146,3,845,8,4631,1,80
2682,146,3,846,9,4640,144,90
2683,146,3,847,3,4643,1,30
2684,146,3,848,7,4650,96,70
2685,146,3,849,7,4657,1,70
2686,146,3,850,6,4663,119,60
2687,146,3,851,9,4672,99,90
2688,146,3,852,2,4674,1,20
2689,146,3,853,7,4681,100,70
2690,146,3,854,2,4683,1,20
2691,146,3,855,6,4689,1,60
2692,146,3,856,9,4698,154,90
2693,146,3,857,9,4707,103,90
2694,146,3,858,7,4714,100,70
2695,146,3,859,3,4717,1,30
2696,146,3,860,2,4719,1,20
2697,146,3,861,2,4721,1,20
2698,146,3,862,6,4727,1,60
2699,146,3,863,2,4729,98,20
2700,146,3,864,4,4733,66,40
2701,146,3,865,8,4741,1,80
2702,146,3,866,8,4749,129,80
2703,146,3,867,7,4756,1,70
2704,146,3,868,9,4765,170,90
2705,146,3,869,4,4769,73,40
2706,146,3,870,9,4778,1,90
2707,146,3,871,9,4787,117,90
2708,146,3,872,2,4789,57,20
2709,146,3,873,9,4798,80,90
2710,146,3,874,4,4802,51,40
2711,146,3,875,5,4807,1,50
2712,146,3,876,4,4811,82,40
2713,146,3,877,6,4817,61,60
2714,146,3,878,6,4823,60,60
2715,146,3,879,6,4829,1,60
2716,146,3,880,4,4833,1,40
2717,146,3,881,6,4839,136,60
2718,146,3,882,8,4847,1,80
2719,146,3,883,2,4849,1,20
2720,146,3,884,7,4856,137,70
2721,146,3,885,5,4861,1,50
2722,146,3,886,9,4870,1,90
2723,146,3,887,2,4872,142,20
2724,146,3,888,6,4878,1,60
2725,146,3,889,4,4882,1,40
2726,146,3,890,8,4890,175,80
2727,146,3,891,9,4899,120,90
2728,146,3,892,5,4904,72,50
2729,146,3,893,7,4911,1,70
2730,146,3,894,8,4919,120,80
2731,146,3,895,8,4927,109,80
2732,146,3,896,9,4936,1,90
2733,146,3,897,6,4942,1,60
2734,146,3,898,4,4946,1,40
2735,146,3,899,9,4955,1,90
2736,146,3,900,2,4957,1,20
2737,146,3,901,4,4961,1,40
2738,146,3,902,7,4968,303,70
2739,146,3,903,4,4972,1,40
2740,146,3,904,8,4980,165,80
2741,146,3,905,7,4987,112,70
2742,146,3,906,8,4995,1,80
