,Scenario,Trial,Inspection,Interval,Time,Accumulation,Defects,Rate
0,268,1,1,2,2,18,18,20
1,268,1,2,8,10,85,10,80
2,268,1,3,5,15,119,119,50
3,268,1,4,7,22,64,13,70
4,268,1,5,2,24,62,62,20
5,268,1,6,9,33,95,95,90
6,268,1,7,8,41,99,9,80
7,268,1,8,7,48,166,166,70
8,268,1,9,2,50,20,20,20
9,268,1,10,6,56,58,58,60
10,268,1,11,8,64,89,89,80
11,268,1,12,3,67,24,1,30
12,268,1,13,9,76,119,119,90
13,268,1,14,8,84,76,76,80
14,268,1,15,7,91,61,61,70
15,268,1,16,2,93,21,21,20
16,268,1,17,5,98,50,50,50
17,268,1,18,2,100,22,2,20
18,268,1,19,4,104,70,70,40
19,268,1,20,2,106,15,15,20
20,268,1,21,2,108,17,17,20
21,268,1,22,5,113,43,43,50
22,268,1,23,6,119,63,63,60
23,268,1,24,8,127,83,83,80
24,268,1,25,9,136,89,89,90
25,268,1,26,8,144,78,78,80
26,268,1,27,7,151,66,66,70
27,268,1,28,6,157,72,7,60
28,268,1,29,3,160,98,98,30
29,268,1,30,7,167,69,69,70
30,268,1,31,5,172,53,4,50
31,268,1,32,9,181,123,123,90
32,268,1,33,7,188,73,10,70
33,268,1,34,9,197,147,147,90
34,268,1,35,5,202,48,48,50
35,268,1,36,2,204,30,30,20
36,268,1,37,2,206,18,18,20
37,268,1,38,2,208,24,2,20
38,268,1,39,4,212,71,71,40
39,268,1,40,4,216,38,38,40
40,268,1,41,4,220,45,45,40
41,268,1,42,7,227,65,8,70
42,268,1,43,7,234,139,13,70
43,268,1,44,6,240,180,180,60
44,268,1,45,7,247,66,66,70
45,268,1,46,5,252,54,54,50
46,268,1,47,6,258,57,57,60
47,268,1,48,7,265,77,77,70
48,268,1,49,7,272,60,60,70
49,268,1,50,9,281,97,97,90
50,268,1,51,3,284,26,26,30
51,268,1,52,4,288,44,6,40
52,268,1,53,4,292,72,72,40
53,268,1,54,7,299,88,88,70
54,268,1,55,6,305,58,5,60
55,268,1,56,5,310,96,96,50
56,268,1,57,2,312,21,21,20
57,268,1,58,6,318,49,49,60
58,268,1,59,5,323,38,38,50
59,268,1,60,5,328,56,56,50
60,268,1,61,3,331,23,23,30
61,268,1,62,9,340,86,86,90
62,268,1,63,3,343,31,31,30
63,268,1,64,3,346,33,33,30
64,268,1,65,6,352,53,53,60
65,268,1,66,9,361,86,86,90
66,268,1,67,7,368,77,77,70
67,268,1,68,2,370,15,5,20
68,268,1,69,5,375,59,59,50
69,268,1,70,6,381,53,53,60
70,268,1,71,7,388,63,63,70
71,268,1,72,3,391,33,33,30
72,268,1,73,9,400,101,8,90
73,268,1,74,7,407,163,12,70
74,268,1,75,2,409,171,171,20
75,268,1,76,7,416,69,69,70
76,268,1,77,5,421,58,6,50
77,268,1,78,8,429,138,138,80
78,268,1,79,5,434,53,6,50
79,268,1,80,3,437,80,6,30
80,268,1,81,3,440,103,103,30
81,268,1,82,4,444,32,2,40
82,268,1,83,2,446,39,39,20
83,268,1,84,3,449,35,2,30
84,268,1,85,6,455,95,95,60
85,268,1,86,2,457,20,20,20
86,268,1,87,2,459,26,26,20
87,268,1,88,8,467,91,91,80
88,268,1,89,4,471,42,42,40
89,268,1,90,5,476,49,3,50
90,268,1,91,6,482,112,13,60
91,268,1,92,9,491,190,190,90
92,268,1,93,8,499,78,78,80
93,268,1,94,9,508,97,97,90
94,268,1,95,6,514,67,67,60
95,268,1,96,7,521,71,71,70
96,268,1,97,9,530,82,82,90
97,268,1,98,4,534,34,34,40
98,268,1,99,6,540,57,57,60
99,268,1,100,6,546,66,66,60
100,268,1,101,6,552,67,67,60
101,268,1,102,6,558,45,45,60
102,268,1,103,2,560,17,17,20
103,268,1,104,5,565,45,5,50
104,268,1,105,8,573,121,121,80
105,268,1,106,6,579,62,62,60
106,268,1,107,7,586,64,64,70
107,268,1,108,3,589,41,41,30
108,268,1,109,8,597,87,87,80
109,268,1,110,7,604,75,75,70
110,268,1,111,8,612,76,76,80
111,268,1,112,3,615,29,29,30
112,268,1,113,3,618,24,24,30
113,268,1,114,7,625,78,78,70
114,268,1,115,6,631,52,52,60
115,268,1,116,9,640,92,92,90
116,268,1,117,2,642,18,18,20
117,268,1,118,9,651,97,97,90
118,268,1,119,7,658,56,56,70
119,268,1,120,9,667,98,10,90
120,268,1,121,5,672,149,149,50
121,268,1,122,5,677,54,54,50
122,268,1,123,3,680,32,32,30
123,268,1,124,2,682,22,22,20
124,268,1,125,4,686,36,36,40
125,268,1,126,9,695,89,89,90
126,268,1,127,4,699,45,45,40
127,268,1,128,9,708,96,18,90
128,268,1,129,9,717,171,171,90
129,268,1,130,3,720,33,33,30
130,268,1,131,5,725,51,2,50
131,268,1,132,6,731,110,110,60
132,268,1,133,9,740,81,9,90
133,268,1,134,5,745,125,125,50
134,268,1,135,2,747,31,4,20
135,268,1,136,8,755,119,19,80
136,268,1,137,6,761,155,155,60
137,268,1,138,9,770,100,14,90
138,268,1,139,9,779,173,173,90
139,268,1,140,2,781,21,3,20
140,268,1,141,8,789,97,8,80
141,268,1,142,6,795,153,17,60
142,268,1,143,6,801,193,193,60
143,268,1,144,2,803,17,17,20
144,268,1,145,5,808,50,8,50
145,268,1,146,3,811,75,3,30
146,268,1,147,2,813,89,89,20
147,268,1,148,4,817,36,36,40
148,268,1,149,6,823,55,9,60
149,268,1,150,5,828,102,102,50
150,268,1,151,3,831,36,36,30
151,268,1,152,9,840,100,100,90
152,268,1,153,8,848,84,8,80
153,268,1,154,3,851,108,8,30
154,268,1,155,9,860,191,191,90
155,268,1,156,7,867,74,8,70
156,268,1,157,3,870,100,100,30
157,268,1,158,9,879,83,83,90
158,268,1,159,9,888,83,83,90
159,268,1,160,5,893,68,68,50
160,268,1,161,4,897,39,39,40
161,268,1,162,3,900,40,3,30
162,268,1,163,7,907,107,9,70
163,268,1,164,5,912,148,148,50
164,268,1,165,2,914,23,4,20
165,268,1,166,2,916,50,3,20
166,268,1,167,3,919,81,81,30
167,268,1,168,8,927,79,79,80
168,268,1,169,9,936,84,84,90
169,268,1,170,8,944,86,86,80
170,268,1,171,9,953,88,88,90
171,268,1,172,7,960,62,62,70
172,268,1,173,7,967,74,74,70
173,268,1,174,6,973,62,62,60
174,268,1,175,2,975,9,1,20
175,268,1,176,5,980,58,58,50
176,268,1,177,4,984,29,2,40
177,268,1,178,7,991,106,106,70
178,268,1,179,2,993,18,18,20
179,268,1,180,7,1000,74,74,70
180,268,1,181,4,1004,43,4,40
181,268,1,182,4,1008,87,11,40
182,268,1,183,6,1014,142,142,60
183,268,1,184,3,1017,32,2,30
184,268,1,185,3,1020,53,53,30
185,268,1,186,7,1027,73,73,70
186,268,1,187,5,1032,52,52,50
187,268,1,188,7,1039,73,6,70
188,268,1,189,2,1041,90,90,20
189,268,1,190,2,1043,23,4,20
190,268,1,191,6,1049,77,5,60
191,268,1,192,4,1053,111,111,40
192,268,1,193,9,1062,100,13,90
193,268,1,194,6,1068,136,136,60
194,268,1,195,2,1070,22,2,20
195,268,1,196,5,1075,69,69,50
196,268,1,197,3,1078,19,19,30
197,268,1,198,4,1082,52,52,40
198,268,1,199,6,1088,63,6,60
199,268,1,200,7,1095,126,15,70
200,268,1,201,4,1099,152,13,40
201,268,1,202,6,1105,195,195,60
202,268,1,203,9,1114,80,80,90
203,268,1,204,8,1122,72,72,80
204,268,1,205,5,1127,59,59,50
205,268,1,206,3,1130,25,0,30
206,268,1,207,8,1138,110,14,80
207,268,1,208,9,1147,173,17,90
208,268,1,209,4,1151,190,190,40
209,268,1,210,2,1153,18,18,20
210,268,1,211,8,1161,100,100,80
211,268,1,212,2,1163,22,22,20
212,268,1,213,9,1172,106,106,90
213,268,1,214,5,1177,49,49,50
214,268,1,215,3,1180,39,39,30
215,268,1,216,9,1189,89,4,90
216,268,1,217,6,1195,150,150,60
217,268,1,218,6,1201,56,6,60
218,268,1,219,2,1203,71,71,20
219,268,1,220,5,1208,57,57,50
220,268,1,221,8,1216,93,93,80
221,268,1,222,4,1220,44,44,40
222,268,1,223,4,1224,43,43,40
223,268,1,224,8,1232,93,93,80
224,268,1,225,6,1238,54,54,60
225,268,1,226,8,1246,58,58,80
226,268,1,227,6,1252,63,63,60
227,268,1,228,6,1258,58,58,60
228,268,1,229,2,1260,17,1,20
229,268,1,230,7,1267,88,88,70
230,268,1,231,7,1274,68,68,70
231,268,1,232,4,1278,34,34,40
232,268,1,233,6,1284,71,71,60
233,268,1,234,8,1292,89,89,80
234,268,1,235,7,1299,71,71,70
235,268,1,236,5,1304,49,49,50
236,268,1,237,3,1307,36,3,30
237,268,1,238,9,1316,110,110,90
238,268,1,239,6,1322,61,61,60
239,268,1,240,7,1329,57,57,70
240,268,1,241,4,1333,46,46,40
241,268,1,242,5,1338,53,53,50
242,268,1,243,7,1345,54,54,70
243,268,1,244,6,1351,65,65,60
244,268,1,245,4,1355,44,44,40
245,268,1,246,4,1359,37,37,40
246,268,1,247,3,1362,34,34,30
247,268,1,248,3,1365,29,29,30
248,268,1,249,5,1370,51,51,50
249,268,1,250,9,1379,80,80,90
250,268,1,251,5,1384,55,55,50
251,268,1,252,4,1388,50,50,40
252,268,1,253,2,1390,16,1,20
253,268,1,254,6,1396,91,91,60
254,268,1,255,6,1402,56,56,60
255,268,1,256,8,1410,84,84,80
256,268,1,257,8,1418,76,8,80
257,268,1,258,6,1424,144,144,60
258,268,1,259,6,1430,63,63,60
259,268,1,260,6,1436,48,3,60
260,268,1,261,3,1439,80,80,30
261,268,1,262,2,1441,28,28,20
262,268,1,263,5,1446,57,57,50
263,268,1,264,9,1455,89,89,90
264,268,1,265,8,1463,74,74,80
265,268,1,266,2,1465,18,18,20
266,268,1,267,9,1474,88,88,90
267,268,1,268,9,1483,97,10,90
268,268,1,269,8,1491,163,15,80
269,268,1,270,5,1496,189,189,50
270,268,1,271,8,1504,76,6,80
271,268,1,272,8,1512,150,150,80
272,268,1,273,4,1516,34,7,40
273,268,1,274,3,1519,59,59,30
274,268,1,275,7,1526,64,64,70
275,268,1,276,2,1528,26,26,20
276,268,1,277,8,1536,75,75,80
277,268,1,278,4,1540,38,1,40
278,268,1,279,9,1549,131,131,90
279,268,1,280,2,1551,15,0,20
280,268,1,281,9,1560,112,112,90
281,268,1,282,7,1567,57,6,70
282,268,1,283,6,1573,112,112,60
283,268,1,284,4,1577,42,42,40
284,268,1,285,7,1584,80,80,70
285,268,1,286,7,1591,78,78,70
286,268,1,287,6,1597,56,56,60
287,268,1,288,8,1605,80,80,80
288,268,1,289,9,1614,83,83,90
289,268,1,290,2,1616,17,17,20
290,268,1,291,6,1622,47,3,60
291,268,1,292,4,1626,79,79,40
292,268,1,293,8,1634,71,71,80
293,268,1,294,9,1643,98,98,90
294,268,1,295,7,1650,63,63,70
295,268,1,296,9,1659,91,5,90
296,268,1,297,5,1664,140,140,50
297,268,1,298,6,1670,90,90,60
298,268,1,299,7,1677,65,65,70
299,268,1,300,4,1681,38,38,40
300,268,1,301,2,1683,21,21,20
301,268,1,302,4,1687,51,51,40
302,268,1,303,3,1690,25,25,30
303,268,1,304,9,1699,87,6,90
304,268,1,305,6,1705,146,146,60
305,268,1,306,3,1708,26,1,30
306,268,1,307,6,1714,78,78,60
307,268,1,308,4,1718,42,42,40
308,268,1,309,2,1720,28,28,20
309,268,1,310,4,1724,27,27,40
310,268,1,311,8,1732,78,78,80
311,268,1,312,4,1736,38,6,40
312,268,1,313,9,1745,105,9,90
313,268,1,314,2,1747,122,122,20
314,268,1,315,4,1751,36,36,40
315,268,1,316,8,1759,81,81,80
316,268,1,317,6,1765,54,7,60
317,268,1,318,3,1768,71,71,30
318,268,1,319,6,1774,72,72,60
319,268,1,320,4,1778,45,45,40
320,268,1,321,9,1787,94,94,90
321,268,1,322,4,1791,46,46,40
322,268,1,323,6,1797,76,76,60
323,268,1,324,4,1801,56,6,40
324,268,1,325,9,1810,131,131,90
325,268,1,326,6,1816,67,67,60
326,268,1,327,4,1820,44,44,40
327,268,1,328,6,1826,56,56,60
328,268,1,329,9,1835,94,94,90
329,268,1,330,4,1839,28,28,40
330,268,1,331,5,1844,49,3,50
331,268,1,332,4,1848,96,8,40
332,268,1,333,5,1853,134,12,50
333,268,1,334,4,1857,166,166,40
334,268,1,335,3,1860,23,2,30
335,268,1,336,8,1868,110,110,80
336,268,1,337,3,1871,20,20,30
337,268,1,338,7,1878,82,82,70
338,268,1,339,8,1886,67,67,80
339,268,1,340,9,1895,99,99,90
340,268,1,341,2,1897,11,11,20
341,268,1,342,5,1902,58,9,50
342,268,1,343,5,1907,113,14,50
343,268,1,344,5,1912,151,151,50
344,268,1,345,6,1918,45,45,60
345,268,1,346,3,1921,44,44,30
346,268,1,347,5,1926,50,50,50
347,268,1,348,2,1928,30,4,20
348,268,1,349,4,1932,75,75,40
349,268,1,350,4,1936,46,46,40
350,268,1,351,6,1942,59,2,60
351,268,1,352,3,1945,81,81,30
352,268,1,353,4,1949,40,40,40
353,268,1,354,7,1956,68,68,70
354,268,1,355,5,1961,50,50,50
355,268,1,356,5,1966,46,8,50
356,268,1,357,7,1973,97,97,70
357,268,1,358,3,1976,25,25,30
358,268,1,359,4,1980,39,39,40
359,268,1,360,2,1982,19,19,20
360,268,1,361,5,1987,37,4,50
361,268,1,362,6,1993,95,13,60
362,268,1,363,8,2001,154,20,80
363,268,1,364,7,2008,206,206,70
364,268,1,365,9,2017,100,100,90
365,268,1,366,3,2020,29,5,30
366,268,1,367,6,2026,85,85,60
367,268,1,368,8,2034,86,86,80
368,268,1,369,5,2039,58,58,50
369,268,1,370,9,2048,97,97,90
370,268,1,371,9,2057,74,74,90
371,268,1,372,7,2064,61,61,70
372,268,1,373,3,2067,23,23,30
373,268,1,374,6,2073,65,65,60
374,268,1,375,5,2078,63,63,50
375,268,1,376,7,2085,79,11,70
376,268,1,377,5,2090,117,117,50
377,268,1,378,7,2097,78,78,70
378,268,1,379,3,2100,28,28,30
379,268,1,380,9,2109,99,99,90
380,268,1,381,2,2111,21,21,20
381,268,1,382,5,2116,44,44,50
382,268,1,383,5,2121,41,41,50
383,268,1,384,9,2130,83,83,90
384,268,1,385,9,2139,116,116,90
385,268,1,386,5,2144,61,5,50
386,268,1,387,2,2146,80,80,20
387,268,1,388,8,2154,85,2,80
388,268,1,389,7,2161,145,145,70
389,268,1,390,4,2165,48,48,40
390,268,1,391,6,2171,70,8,60
391,268,1,392,5,2176,122,122,50
392,268,1,393,3,2179,42,42,30
393,268,1,394,5,2184,40,40,50
394,268,1,395,9,2193,73,73,90
395,268,1,396,2,2195,20,20,20
396,268,1,397,4,2199,41,41,40
397,268,1,398,4,2203,32,32,40
398,268,1,399,9,2212,92,92,90
399,268,1,400,8,2220,70,70,80
400,268,1,401,7,2227,77,77,70
401,268,1,402,8,2235,89,89,80
402,268,1,403,4,2239,41,41,40
403,268,1,404,7,2246,67,67,70
404,268,1,405,3,2249,29,29,30
405,268,1,406,6,2255,66,11,60
406,268,1,407,2,2257,82,82,20
407,268,1,408,5,2262,55,5,50
408,268,1,409,6,2268,111,111,60
409,268,1,410,4,2272,31,31,40
410,268,1,411,5,2277,52,52,50
411,268,1,412,8,2285,79,79,80
412,268,1,413,2,2287,21,21,20
413,268,1,414,3,2290,31,3,30
414,268,1,415,3,2293,61,61,30
415,268,1,416,4,2297,37,6,40
416,268,1,417,9,2306,140,140,90
417,268,1,418,2,2308,11,11,20
418,268,1,419,6,2314,53,53,60
419,268,1,420,9,2323,85,6,90
420,268,1,421,4,2327,114,114,40
421,268,1,422,5,2332,54,4,50
422,268,1,423,4,2336,99,99,40
423,268,1,424,9,2345,92,92,90
424,268,1,425,7,2352,66,66,70
425,268,1,426,8,2360,86,86,80
426,268,1,427,4,2364,47,47,40
427,268,1,428,7,2371,62,62,70
428,268,1,429,2,2373,19,19,20
429,268,1,430,9,2382,107,107,90
430,268,1,431,5,2387,55,55,50
431,268,1,432,3,2390,27,27,30
432,268,1,433,5,2395,60,60,50
433,268,1,434,8,2403,70,5,80
434,268,1,435,3,2406,92,92,30
435,268,1,436,4,2410,34,34,40
436,268,1,437,9,2419,80,10,90
437,268,1,438,6,2425,130,130,60
438,268,1,439,7,2432,69,8,70
439,268,1,440,9,2441,170,170,90
440,268,1,441,6,2447,64,64,60
441,268,1,442,6,2453,71,71,60
442,268,1,443,9,2462,104,10,90
443,268,1,444,2,2464,117,10,20
444,268,1,445,8,2472,183,183,80
445,268,1,446,6,2478,57,57,60
446,268,1,447,6,2484,65,65,60
447,268,1,448,7,2491,69,69,70
448,268,1,449,4,2495,23,23,40
449,268,1,450,7,2502,69,8,70
450,268,1,451,9,2511,150,23,90
451,268,1,452,6,2517,187,187,60
452,268,1,453,9,2526,83,83,90
453,268,1,454,7,2533,66,66,70
454,268,1,455,6,2539,52,52,60
455,268,1,456,5,2544,54,54,50
456,268,1,457,5,2549,51,51,50
457,268,1,458,5,2554,53,53,50
458,268,1,459,8,2562,83,83,80
459,268,1,460,7,2569,77,5,70
460,268,1,461,5,2574,124,124,50
461,268,1,462,3,2577,35,35,30
462,268,1,463,3,2580,30,30,30
463,268,1,464,6,2586,62,6,60
464,268,1,465,5,2591,109,17,50
465,268,1,466,7,2598,167,11,70
466,268,1,467,8,2606,223,223,80
467,268,1,468,7,2613,60,6,70
468,268,1,469,4,2617,91,91,40
469,268,1,470,3,2620,40,40,30
470,268,1,471,3,2623,35,35,30
471,268,1,472,8,2631,74,74,80
472,268,1,473,4,2635,32,6,40
473,268,1,474,2,2637,46,46,20
474,268,1,475,7,2644,67,67,70
475,268,1,476,6,2650,62,12,60
476,268,1,477,7,2657,115,8,70
477,268,1,478,5,2662,150,150,50
478,268,1,479,4,2666,37,5,40
479,268,1,480,5,2671,81,81,50
480,268,1,481,3,2674,24,24,30
481,268,1,482,6,2680,54,5,60
482,268,1,483,4,2684,92,92,40
483,268,1,484,5,2689,55,5,50
484,268,1,485,6,2695,104,13,60
485,268,1,486,8,2703,179,18,80
486,268,1,487,4,2707,200,29,40
487,268,1,488,8,2715,257,257,80
488,268,1,489,2,2717,27,27,20
489,268,1,490,8,2725,85,85,80
490,268,1,491,7,2732,69,69,70
491,268,1,492,2,2734,23,23,20
492,268,1,493,2,2736,18,3,20
493,268,1,494,7,2743,96,96,70
494,268,1,495,9,2752,75,8,90
495,268,1,496,8,2760,140,140,80
496,268,1,497,3,2763,34,34,30
497,268,1,498,3,2766,31,31,30
498,268,1,499,6,2772,65,65,60
499,268,1,500,5,2777,41,41,50
500,268,1,501,3,2780,35,35,30
501,268,1,502,5,2785,39,5,50
502,268,1,503,9,2794,131,15,90
503,268,1,504,4,2798,167,167,40
504,268,1,505,6,2804,62,7,60
505,268,1,506,9,2813,151,151,90
506,268,1,507,7,2820,60,6,70
507,268,1,508,6,2826,110,110,60
508,268,1,509,4,2830,31,31,40
509,268,1,510,4,2834,52,52,40
510,268,1,511,3,2837,29,29,30
511,268,1,512,5,2842,31,31,50
512,268,1,513,4,2846,45,5,40
513,268,1,514,7,2853,117,117,70
514,268,1,515,7,2860,71,71,70
515,268,1,516,5,2865,50,50,50
516,268,1,517,9,2874,92,92,90
517,268,1,518,4,2878,32,32,40
518,268,1,519,8,2886,71,71,80
519,268,1,520,3,2889,31,31,30
520,268,1,521,8,2897,68,68,80
521,268,1,522,6,2903,60,5,60
522,268,1,523,5,2908,106,3,50
523,268,1,524,9,2917,202,202,90
524,268,1,525,6,2923,71,71,60
525,268,1,526,8,2931,79,79,80
526,268,1,527,5,2936,48,48,50
527,268,1,528,5,2941,53,53,50
528,268,1,529,7,2948,72,72,70
529,268,1,530,2,2950,19,0,20
530,268,1,531,6,2956,90,10,60
531,268,1,532,9,2965,181,12,90
532,268,1,533,9,2974,272,272,90
533,268,1,534,6,2980,53,3,60
534,268,1,535,3,2983,79,79,30
535,268,1,536,2,2985,21,21,20
536,268,1,537,2,2987,27,27,20
537,268,1,538,2,2989,18,18,20
538,268,1,539,5,2994,41,6,50
539,268,1,540,6,3000,90,90,60
540,268,1,541,7,3007,62,62,70
541,268,1,542,6,3013,53,53,60
542,268,1,543,5,3018,54,54,50
543,268,1,544,5,3023,48,48,50
544,268,1,545,3,3026,28,28,30
545,268,1,546,6,3032,62,62,60
546,268,1,547,5,3037,53,7,50
547,268,1,548,3,3040,70,70,30
548,268,1,549,5,3045,42,42,50
549,268,1,550,7,3052,65,4,70
550,268,1,551,4,3056,107,107,40
551,268,1,552,8,3064,65,65,80
552,268,1,553,6,3070,52,8,60
553,268,1,554,4,3074,83,83,40
554,268,1,555,5,3079,48,48,50
555,268,1,556,8,3087,75,8,80
556,268,1,557,5,3092,108,108,50
557,268,1,558,8,3100,84,84,80
558,268,1,559,4,3104,34,34,40
559,268,1,560,7,3111,69,69,70
560,268,1,561,7,3118,80,80,70
561,268,1,562,2,3120,16,16,20
562,268,1,563,2,3122,11,0,20
563,268,1,564,6,3128,78,9,60
564,268,1,565,7,3135,139,16,70
565,268,1,566,7,3142,192,192,70
566,268,1,567,8,3150,81,81,80
567,268,1,568,9,3159,93,11,90
568,268,1,569,7,3166,162,162,70
569,268,1,570,6,3172,53,5,60
570,268,1,571,4,3176,84,84,40
571,268,1,572,2,3178,13,1,20
572,268,1,573,2,3180,35,35,20
573,268,1,574,7,3187,70,8,70
574,268,1,575,3,3190,97,97,30
575,268,1,576,6,3196,49,49,60
576,268,1,577,4,3200,43,43,40
577,268,1,578,8,3208,88,88,80
578,268,1,579,5,3213,50,6,50
579,268,1,580,7,3220,107,107,70
580,268,1,581,4,3224,41,41,40
581,268,1,582,3,3227,26,2,30
582,268,1,583,8,3235,107,107,80
583,268,1,584,3,3238,34,2,30
584,268,1,585,5,3243,70,70,50
585,268,1,586,8,3251,83,83,80
586,268,1,587,7,3258,63,63,70
587,268,1,588,2,3260,28,28,20
588,268,1,589,5,3265,42,42,50
589,268,1,590,7,3272,64,64,70
590,268,1,591,2,3274,15,15,20
591,268,1,592,4,3278,40,3,40
592,268,1,593,3,3281,65,65,30
593,268,1,594,8,3289,82,4,80
594,268,1,595,8,3297,165,165,80
595,268,1,596,4,3301,39,2,40
596,268,1,597,3,3304,64,64,30
597,268,1,598,4,3308,43,4,40
598,268,1,599,2,3310,64,64,20
599,268,1,600,9,3319,94,8,90
600,268,1,601,2,3321,107,21,20
601,268,1,602,9,3330,163,163,90
602,268,1,603,6,3336,60,60,60
603,268,1,604,4,3340,37,3,40
604,268,1,605,3,3343,60,60,30
605,268,1,606,9,3352,98,11,90
606,268,1,607,7,3359,162,162,70
607,268,1,608,9,3368,78,7,90
608,268,1,609,3,3371,107,107,30
609,268,1,610,7,3378,79,79,70
610,268,1,611,6,3384,71,9,60
611,268,1,612,6,3390,124,124,60
612,268,1,613,8,3398,90,14,80
613,268,1,614,9,3407,174,174,90
614,268,1,615,3,3410,29,29,30
615,268,1,616,9,3419,95,12,90
616,268,1,617,6,3425,135,135,60
617,268,1,618,7,3432,66,66,70
618,268,1,619,2,3434,22,22,20
619,268,1,620,5,3439,51,51,50
620,268,1,621,8,3447,84,84,80
621,268,1,622,6,3453,71,71,60
622,268,1,623,4,3457,40,40,40
623,268,1,624,3,3460,28,28,30
624,268,1,625,8,3468,81,81,80
625,268,1,626,5,3473,53,53,50
626,268,1,627,7,3480,70,70,70
627,268,1,628,5,3485,54,6,50
628,268,1,629,8,3493,141,141,80
629,268,1,630,3,3496,35,35,30
630,268,1,631,4,3500,35,35,40
631,268,1,632,3,3503,22,2,30
632,268,1,633,5,3508,76,76,50
633,268,1,634,8,3516,80,80,80
634,268,1,635,7,3523,70,70,70
635,268,1,636,8,3531,79,79,80
636,268,1,637,9,3540,91,10,90
637,268,1,638,5,3545,130,130,50
638,268,1,639,8,3553,83,4,80
639,268,1,640,9,3562,173,173,90
640,268,1,641,9,3571,73,5,90
641,268,1,642,8,3579,154,154,80
642,268,1,643,5,3584,40,40,50
643,268,1,644,5,3589,54,3,50
644,268,1,645,2,3591,72,72,20
645,268,1,646,8,3599,70,13,80
646,268,1,647,8,3607,150,150,80
647,268,1,648,3,3610,35,35,30
648,268,1,649,4,3614,41,41,40
649,268,1,650,3,3617,23,23,30
650,268,1,651,2,3619,23,23,20
651,268,1,652,4,3623,32,32,40
652,268,1,653,6,3629,58,58,60
653,268,1,654,3,3632,38,4,30
654,268,1,655,9,3641,119,119,90
655,268,1,656,7,3648,82,82,70
656,268,1,657,3,3651,28,28,30
657,268,1,658,5,3656,48,48,50
658,268,1,659,2,3658,25,25,20
659,268,1,660,6,3664,61,5,60
660,268,1,661,8,3672,143,13,80
661,268,1,662,7,3679,200,200,70
662,268,1,663,5,3684,55,55,50
663,268,1,664,8,3692,90,8,80
664,268,1,665,3,3695,103,12,30
665,268,1,666,8,3703,176,13,80
666,268,1,667,7,3710,238,238,70
667,268,1,668,3,3713,26,26,30
668,268,1,669,3,3716,37,37,30
669,268,1,670,5,3721,50,50,50
670,268,1,671,9,3730,94,94,90
671,268,1,672,6,3736,56,56,60
672,268,1,673,8,3744,76,76,80
673,268,1,674,7,3751,73,73,70
674,268,1,675,5,3756,51,51,50
675,268,1,676,4,3760,40,40,40
676,268,1,677,5,3765,56,56,50
677,268,1,678,2,3767,23,23,20
678,268,1,679,3,3770,30,2,30
679,268,1,680,6,3776,78,78,60
680,268,1,681,3,3779,34,34,30
681,268,1,682,4,3783,32,32,40
682,268,1,683,6,3789,70,6,60
683,268,1,684,7,3796,129,129,70
684,268,1,685,2,3798,15,1,20
685,268,1,686,7,3805,74,74,70
686,268,1,687,8,3813,88,88,80
687,268,1,688,3,3816,36,36,30
688,268,1,689,9,3825,101,101,90
689,268,1,690,2,3827,17,17,20
690,268,1,691,5,3832,53,4,50
691,268,1,692,3,3835,82,10,30
692,268,1,693,2,3837,96,96,20
693,268,1,694,9,3846,84,84,90
694,268,1,695,7,3853,50,50,70
695,268,1,696,5,3858,56,56,50
696,268,1,697,4,3862,36,36,40
697,268,1,698,6,3868,65,4,60
698,268,1,699,2,3870,77,77,20
699,268,1,700,2,3872,15,15,20
700,268,1,701,2,3874,20,4,20
701,268,1,702,9,3883,110,110,90
702,268,1,703,8,3891,74,74,80
703,268,1,704,5,3896,45,3,50
704,268,1,705,5,3901,90,90,50
705,268,1,706,9,3910,93,93,90
706,268,1,707,6,3916,54,54,60
707,268,1,708,9,3925,84,84,90
708,268,1,709,7,3932,66,66,70
709,268,1,710,6,3938,60,5,60
710,268,1,711,5,3943,100,100,50
711,268,1,712,4,3947,39,3,40
712,268,1,713,7,3954,115,115,70
713,268,1,714,7,3961,74,74,70
714,268,1,715,3,3964,27,27,30
715,268,1,716,3,3967,39,39,30
716,268,1,717,3,3970,32,32,30
717,268,1,718,7,3977,57,3,70
718,268,1,719,4,3981,87,87,40
719,268,1,720,5,3986,55,3,50
720,268,1,721,9,3995,144,144,90
721,268,1,722,5,4000,54,54,50
722,268,1,723,8,4008,72,72,80
723,268,1,724,9,4017,91,11,90
724,268,1,725,3,4020,113,113,30
725,268,1,726,9,4029,104,104,90
726,268,1,727,9,4038,88,6,90
727,268,1,728,2,4040,104,104,20
728,268,1,729,9,4049,108,108,90
729,268,1,730,9,4058,79,79,90
730,268,1,731,9,4067,71,71,90
731,268,1,732,6,4073,57,9,60
732,268,1,733,5,4078,95,95,50
733,268,1,734,4,4082,47,47,40
734,268,1,735,7,4089,64,64,70
735,268,1,736,4,4093,39,39,40
736,268,1,737,4,4097,45,45,40
737,268,1,738,5,4102,63,8,50
738,268,1,739,4,4106,97,97,40
739,268,1,740,2,4108,20,20,20
740,268,1,741,2,4110,21,21,20
741,268,1,742,2,4112,29,29,20
742,268,1,743,3,4115,32,32,30
743,268,1,744,5,4120,66,66,50
744,268,1,745,2,4122,22,22,20
745,268,1,746,5,4127,63,63,50
746,268,1,747,4,4131,50,50,40
747,268,1,748,9,4140,95,95,90
748,268,1,749,8,4148,87,87,80
749,268,1,750,9,4157,102,15,90
750,268,1,751,2,4159,104,104,20
751,268,1,752,9,4168,95,11,90
752,268,1,753,7,4175,145,145,70
753,268,1,754,9,4184,78,78,90
754,268,1,755,6,4190,53,53,60
755,268,1,756,6,4196,63,63,60
756,268,1,757,9,4205,77,77,90
757,268,1,758,4,4209,38,38,40
758,268,1,759,3,4212,29,29,30
759,268,1,760,9,4221,100,100,90
760,268,1,761,2,4223,18,0,20
761,268,1,762,8,4231,115,115,80
762,268,1,763,7,4238,61,61,70
763,268,1,764,8,4246,78,78,80
764,268,1,765,3,4249,30,30,30
765,268,1,766,8,4257,76,76,80
766,268,1,767,9,4266,81,81,90
767,268,1,768,7,4273,78,78,70
768,268,1,769,4,4277,44,6,40
769,268,1,770,5,4282,93,8,50
770,268,1,771,8,4290,153,153,80
771,268,1,772,3,4293,27,27,30
772,268,1,773,8,4301,93,93,80
773,268,1,774,3,4304,23,5,30
774,268,1,775,7,4311,74,74,70
775,268,1,776,8,4319,97,97,80
776,268,1,777,6,4325,65,4,60
777,268,1,778,5,4330,112,112,50
778,268,1,779,5,4335,58,9,50
779,268,1,780,2,4337,69,69,20
780,268,1,781,9,4346,82,82,90
781,268,1,782,2,4348,26,26,20
782,268,1,783,9,4357,89,89,90
783,268,1,784,4,4361,36,3,40
784,268,1,785,8,4369,109,109,80
785,268,1,786,8,4377,78,78,80
786,268,1,787,6,4383,54,54,60
787,268,1,788,7,4390,73,73,70
788,268,1,789,9,4399,101,101,90
789,268,1,790,3,4402,25,25,30
790,268,1,791,6,4408,50,5,60
791,268,1,792,6,4414,97,97,60
792,268,1,793,2,4416,19,19,20
793,268,1,794,2,4418,16,16,20
794,268,1,795,9,4427,88,8,90
795,268,1,796,6,4433,150,150,60
796,268,1,797,7,4440,59,59,70
797,268,1,798,2,4442,18,18,20
798,268,1,799,9,4451,89,8,90
799,268,1,800,6,4457,146,12,60
800,268,1,801,8,4465,221,221,80
801,268,1,802,9,4474,76,76,90
802,268,1,803,3,4477,24,24,30
803,268,1,804,7,4484,59,59,70
804,268,1,805,3,4487,29,29,30
805,268,1,806,2,4489,22,1,20
806,268,1,807,5,4494,79,7,50
807,268,1,808,7,4501,140,140,70
808,268,1,809,8,4509,78,9,80
809,268,1,810,4,4513,122,122,40
810,268,1,811,4,4517,41,41,40
811,268,1,812,3,4520,19,19,30
812,268,1,813,4,4524,45,6,40
813,268,1,814,3,4527,59,59,30
814,268,1,815,9,4536,90,90,90
815,268,1,816,4,4540,37,37,40
816,268,1,817,7,4547,68,7,70
817,268,1,818,8,4555,131,131,80
818,268,1,819,8,4563,80,80,80
819,268,1,820,6,4569,62,62,60
820,268,1,821,8,4577,98,98,80
821,268,1,822,5,4582,43,43,50
822,268,1,823,2,4584,18,18,20
823,268,1,824,7,4591,64,64,70
824,268,1,825,2,4593,24,24,20
825,268,1,826,8,4601,73,73,80
826,268,1,827,7,4608,76,76,70
827,268,1,828,6,4614,58,58,60
828,268,1,829,4,4618,39,39,40
829,268,1,830,7,4625,80,12,70
830,268,1,831,3,4628,100,100,30
831,268,1,832,9,4637,89,89,90
832,268,1,833,7,4644,76,76,70
833,268,1,834,9,4653,114,114,90
834,268,1,835,7,4660,74,74,70
835,268,1,836,5,4665,53,8,50
836,268,1,837,4,4669,80,80,40
837,268,1,838,3,4672,27,27,30
838,268,1,839,7,4679,68,68,70
839,268,1,840,2,4681,24,24,20
840,268,1,841,5,4686,58,58,50
841,268,1,842,6,4692,64,64,60
842,268,1,843,9,4701,87,5,90
843,268,1,844,3,4704,108,108,30
844,268,1,845,3,4707,21,5,30
845,268,1,846,3,4710,44,44,30
846,268,1,847,2,4712,20,1,20
847,268,1,848,7,4719,84,84,70
848,268,1,849,2,4721,21,3,20
849,268,1,850,4,4725,65,65,40
850,268,1,851,8,4733,83,83,80
851,268,1,852,6,4739,77,77,60
852,268,1,853,5,4744,52,10,50
853,268,1,854,8,4752,123,18,80
854,268,1,855,6,4758,173,173,60
855,268,1,856,3,4761,35,4,30
856,268,1,857,9,4770,121,121,90
857,268,1,858,8,4778,65,8,80
858,268,1,859,9,4787,154,11,90
859,268,1,860,8,4795,219,19,80
860,268,1,861,4,4799,247,247,40
861,268,1,862,7,4806,66,66,70
862,268,1,863,8,4814,72,72,80
863,268,1,864,8,4822,79,79,80
864,268,1,865,8,4830,85,85,80
865,268,1,866,8,4838,78,78,80
866,268,1,867,9,4847,86,86,90
867,268,1,868,7,4854,69,69,70
868,268,1,869,8,4862,66,3,80
869,268,1,870,9,4871,164,164,90
870,268,1,871,2,4873,23,23,20
871,268,1,872,9,4882,103,103,90
872,268,1,873,7,4889,69,5,70
873,268,1,874,2,4891,85,85,20
874,268,1,875,4,4895,51,4,40
875,268,1,876,6,4901,111,111,60
876,268,1,877,4,4905,38,38,40
877,268,1,878,3,4908,29,29,30
878,268,1,879,7,4915,80,5,70
879,268,1,880,3,4918,96,9,30
880,268,1,881,7,4925,154,154,70
881,268,1,882,8,4933,67,67,80
882,268,1,883,5,4938,49,49,50
883,268,1,884,2,4940,26,26,20
884,268,1,885,5,4945,58,11,50
885,268,1,886,3,4948,82,12,30
886,268,1,887,6,4954,126,126,60
887,268,1,888,9,4963,84,7,90
888,268,1,889,6,4969,140,13,60
889,268,1,890,7,4976,188,19,70
890,268,1,891,5,4981,225,225,50
891,268,1,892,3,4984,32,32,30
892,268,1,893,8,4992,64,7,80
893,268,1,894,4,4996,96,10,40
894,268,2,1,8,8,63,63,80
895,268,2,2,4,12,39,39,40
896,268,2,3,6,18,56,56,60
897,268,2,4,5,23,55,55,50
898,268,2,5,6,29,63,63,60
899,268,2,6,9,38,91,91,90
900,268,2,7,5,43,44,7,50
901,268,2,8,8,51,138,14,80
902,268,2,9,2,53,146,146,20
903,268,2,10,9,62,91,91,90
904,268,2,11,2,64,20,20,20
905,268,2,12,9,73,88,88,90
906,268,2,13,2,75,25,25,20
907,268,2,14,5,80,59,59,50
908,268,2,15,8,88,75,75,80
909,268,2,16,9,97,88,88,90
910,268,2,17,8,105,85,85,80
911,268,2,18,2,107,23,23,20
912,268,2,19,3,110,23,23,30
913,268,2,20,4,114,44,44,40
914,268,2,21,5,119,54,7,50
915,268,2,22,8,127,117,117,80
916,268,2,23,7,134,87,9,70
917,268,2,24,9,143,163,163,90
918,268,2,25,6,149,62,62,60
919,268,2,26,9,158,83,83,90
920,268,2,27,3,161,36,0,30
921,268,2,28,6,167,86,86,60
922,268,2,29,8,175,87,87,80
923,268,2,30,8,183,94,94,80
924,268,2,31,6,189,51,51,60
925,268,2,32,4,193,39,39,40
926,268,2,33,9,202,92,92,90
927,268,2,34,8,210,87,87,80
928,268,2,35,7,217,71,71,70
929,268,2,36,5,222,47,47,50
930,268,2,37,7,229,85,85,70
931,268,2,38,7,236,71,71,70
932,268,2,39,5,241,63,63,50
933,268,2,40,7,248,73,73,70
934,268,2,41,2,250,10,10,20
935,268,2,42,3,253,27,27,30
936,268,2,43,8,261,86,86,80
937,268,2,44,2,263,17,17,20
938,268,2,45,6,269,61,61,60
939,268,2,46,9,278,76,76,90
940,268,2,47,9,287,82,82,90
941,268,2,48,2,289,17,17,20
942,268,2,49,7,296,71,71,70
943,268,2,50,5,301,36,36,50
944,268,2,51,2,303,20,20,20
945,268,2,52,3,306,25,25,30
946,268,2,53,8,314,80,80,80
947,268,2,54,3,317,29,29,30
948,268,2,55,3,320,31,31,30
949,268,2,56,6,326,53,53,60
950,268,2,57,6,332,60,60,60
951,268,2,58,8,340,74,74,80
952,268,2,59,9,349,87,87,90
953,268,2,60,2,351,22,22,20
954,268,2,61,5,356,48,48,50
955,268,2,62,5,361,59,59,50
956,268,2,63,2,363,26,1,20
957,268,2,64,5,368,70,70,50
958,268,2,65,4,372,41,41,40
959,268,2,66,4,376,27,27,40
960,268,2,67,2,378,20,20,20
961,268,2,68,5,383,49,2,50
962,268,2,69,4,387,80,80,40
963,268,2,70,4,391,42,42,40
964,268,2,71,8,399,76,76,80
965,268,2,72,4,403,40,40,40
966,268,2,73,6,409,62,62,60
967,268,2,74,5,414,49,49,50
968,268,2,75,8,422,64,64,80
969,268,2,76,3,425,23,23,30
970,268,2,77,2,427,26,26,20
971,268,2,78,6,433,67,67,60
972,268,2,79,3,436,27,27,30
973,268,2,80,2,438,21,21,20
974,268,2,81,4,442,43,3,40
975,268,2,82,6,448,96,14,60
976,268,2,83,5,453,125,125,50
977,268,2,84,3,456,31,31,30
978,268,2,85,9,465,91,91,90
979,268,2,86,7,472,69,69,70
980,268,2,87,3,475,37,37,30
981,268,2,88,6,481,71,71,60
982,268,2,89,5,486,48,48,50
983,268,2,90,2,488,13,0,20
984,268,2,91,4,492,56,56,40
985,268,2,92,6,498,70,70,60
986,268,2,93,6,504,73,73,60
987,268,2,94,6,510,58,58,60
988,268,2,95,2,512,17,0,20
989,268,2,96,8,520,105,12,80
990,268,2,97,7,527,167,167,70
991,268,2,98,3,530,36,36,30
992,268,2,99,4,534,41,41,40
993,268,2,100,4,538,40,40,40
994,268,2,101,3,541,39,39,30
995,268,2,102,8,549,83,83,80
996,268,2,103,7,556,65,65,70
997,268,2,104,9,565,100,100,90
998,268,2,105,4,569,34,3,40
999,268,2,106,3,572,59,59,30
1000,268,2,107,5,577,49,49,50
1001,268,2,108,4,581,39,39,40
1002,268,2,109,5,586,40,2,50
1003,268,2,110,7,593,115,13,70
1004,268,2,111,7,600,183,183,70
1005,268,2,112,6,606,67,4,60
1006,268,2,113,4,610,98,98,40
1007,268,2,114,8,618,82,82,80
1008,268,2,115,6,624,59,59,60
1009,268,2,116,8,632,75,75,80
1010,268,2,117,3,635,22,22,30
1011,268,2,118,6,641,39,39,60
1012,268,2,119,2,643,20,20,20
1013,268,2,120,5,648,54,54,50
1014,268,2,121,2,650,21,21,20
1015,268,2,122,5,655,43,2,50
1016,268,2,123,8,663,108,108,80
1017,268,2,124,8,671,80,80,80
1018,268,2,125,4,675,45,7,40
1019,268,2,126,2,677,54,54,20
1020,268,2,127,6,683,56,56,60
1021,268,2,128,8,691,79,8,80
1022,268,2,129,2,693,97,10,20
1023,268,2,130,6,699,146,146,60
1024,268,2,131,5,704,47,47,50
1025,268,2,132,3,707,23,23,30
1026,268,2,133,5,712,42,42,50
1027,268,2,134,9,721,80,80,90
1028,268,2,135,5,726,46,5,50
1029,268,2,136,4,730,95,95,40
1030,268,2,137,3,733,32,32,30
1031,268,2,138,5,738,52,52,50
1032,268,2,139,8,746,77,77,80
1033,268,2,140,4,750,37,6,40
1034,268,2,141,9,759,110,10,90
1035,268,2,142,6,765,165,165,60
1036,268,2,143,6,771,53,4,60
1037,268,2,144,3,774,70,70,30
1038,268,2,145,5,779,47,47,50
1039,268,2,146,5,784,52,9,50
1040,268,2,147,3,787,72,72,30
1041,268,2,148,3,790,32,3,30
1042,268,2,149,2,792,49,49,20
1043,268,2,150,2,794,20,20,20
1044,268,2,151,5,799,50,3,50
1045,268,2,152,8,807,134,134,80
1046,268,2,153,2,809,22,22,20
1047,268,2,154,6,815,57,57,60
1048,268,2,155,2,817,17,17,20
1049,268,2,156,8,825,74,9,80
1050,268,2,157,8,833,135,135,80
1051,268,2,158,3,836,31,31,30
1052,268,2,159,3,839,27,27,30
1053,268,2,160,8,847,88,10,80
1054,268,2,161,3,850,107,107,30
1055,268,2,162,8,858,86,86,80
1056,268,2,163,5,863,61,61,50
1057,268,2,164,5,868,39,4,50
1058,268,2,165,6,874,70,70,60
1059,268,2,166,9,883,73,11,90
1060,268,2,167,8,891,151,151,80
1061,268,2,168,6,897,72,6,60
1062,268,2,169,6,903,113,14,60
1063,268,2,170,4,907,140,140,40
1064,268,2,171,2,909,17,17,20
1065,268,2,172,9,918,73,73,90
1066,268,2,173,8,926,80,8,80
1067,268,2,174,7,933,146,146,70
1068,268,2,175,3,936,34,34,30
1069,268,2,176,3,939,24,24,30
1070,268,2,177,3,942,37,37,30
1071,268,2,178,4,946,49,49,40
1072,268,2,179,3,949,20,20,30
1073,268,2,180,7,956,83,83,70
1074,268,2,181,2,958,28,28,20
1075,268,2,182,4,962,30,3,40
1076,268,2,183,8,970,103,103,80
1077,268,2,184,8,978,81,81,80
1078,268,2,185,4,982,40,40,40
1079,268,2,186,8,990,69,69,80
1080,268,2,187,8,998,79,79,80
1081,268,2,188,4,1002,40,40,40
1082,268,2,189,2,1004,15,15,20
1083,268,2,190,4,1008,46,46,40
1084,268,2,191,6,1014,68,68,60
1085,268,2,192,3,1017,33,33,30
1086,268,2,193,9,1026,72,72,90
1087,268,2,194,5,1031,42,42,50
1088,268,2,195,7,1038,62,62,70
1089,268,2,196,5,1043,46,46,50
1090,268,2,197,8,1051,78,78,80
1091,268,2,198,2,1053,17,17,20
1092,268,2,199,3,1056,21,2,30
1093,268,2,200,7,1063,73,73,70
1094,268,2,201,9,1072,93,13,90
1095,268,2,202,8,1080,176,176,80
1096,268,2,203,4,1084,26,26,40
1097,268,2,204,6,1090,51,51,60
1098,268,2,205,4,1094,43,43,40
1099,268,2,206,7,1101,67,67,70
1100,268,2,207,2,1103,20,20,20
1101,268,2,208,8,1111,97,97,80
1102,268,2,209,3,1114,25,25,30
1103,268,2,210,6,1120,68,68,60
1104,268,2,211,6,1126,61,4,60
1105,268,2,212,5,1131,115,115,50
1106,268,2,213,3,1134,27,27,30
1107,268,2,214,3,1137,30,3,30
1108,268,2,215,2,1139,42,42,20
1109,268,2,216,7,1146,80,80,70
1110,268,2,217,6,1152,64,4,60
1111,268,2,218,6,1158,118,118,60
1112,268,2,219,7,1165,66,66,70
1113,268,2,220,5,1170,61,61,50
1114,268,2,221,9,1179,100,100,90
1115,268,2,222,9,1188,94,94,90
1116,268,2,223,7,1195,77,77,70
1117,268,2,224,8,1203,75,75,80
1118,268,2,225,5,1208,43,43,50
1119,268,2,226,2,1210,17,17,20
1120,268,2,227,9,1219,88,9,90
1121,268,2,228,2,1221,98,13,20
1122,268,2,229,4,1225,129,129,40
1123,268,2,230,5,1230,58,5,50
1124,268,2,231,6,1236,122,122,60
1125,268,2,232,4,1240,40,2,40
1126,268,2,233,5,1245,87,87,50
1127,268,2,234,6,1251,56,56,60
1128,268,2,235,4,1255,46,7,40
1129,268,2,236,2,1257,54,54,20
1130,268,2,237,5,1262,44,44,50
1131,268,2,238,3,1265,33,33,30
1132,268,2,239,5,1270,52,52,50
1133,268,2,240,8,1278,84,84,80
1134,268,2,241,6,1284,52,52,60
1135,268,2,242,3,1287,39,8,30
1136,268,2,243,2,1289,54,5,20
1137,268,2,244,6,1295,111,111,60
1138,268,2,245,8,1303,93,6,80
1139,268,2,246,2,1305,107,107,20
1140,268,2,247,6,1311,69,69,60
1141,268,2,248,3,1314,20,20,30
1142,268,2,249,3,1317,41,4,30
1143,268,2,250,5,1322,83,83,50
1144,268,2,251,9,1331,76,5,90
1145,268,2,252,2,1333,88,88,20
1146,268,2,253,3,1336,33,4,30
1147,268,2,254,3,1339,55,55,30
1148,268,2,255,8,1347,75,75,80
1149,268,2,256,9,1356,103,12,90
1150,268,2,257,6,1362,158,12,60
1151,268,2,258,4,1366,187,25,40
1152,268,2,259,5,1371,205,205,50
1153,268,2,260,2,1373,18,1,20
1154,268,2,261,3,1376,50,50,30
1155,268,2,262,9,1385,92,92,90
1156,268,2,263,3,1388,30,30,30
1157,268,2,264,8,1396,69,9,80
1158,268,2,265,2,1398,88,88,20
1159,268,2,266,8,1406,68,4,80
1160,268,2,267,9,1415,162,162,90
1161,268,2,268,4,1419,33,3,40
1162,268,2,269,6,1425,84,84,60
1163,268,2,270,9,1434,75,75,90
1164,268,2,271,6,1440,64,64,60
1165,268,2,272,6,1446,64,64,60
1166,268,2,273,5,1451,41,41,50
1167,268,2,274,3,1454,23,23,30
1168,268,2,275,9,1463,78,78,90
1169,268,2,276,6,1469,52,52,60
1170,268,2,277,4,1473,42,42,40
1171,268,2,278,6,1479,60,60,60
1172,268,2,279,8,1487,69,69,80
1173,268,2,280,9,1496,88,11,90
1174,268,2,281,3,1499,100,100,30
1175,268,2,282,4,1503,42,42,40
1176,268,2,283,3,1506,29,29,30
1177,268,2,284,3,1509,33,7,30
1178,268,2,285,2,1511,46,46,20
1179,268,2,286,9,1520,89,89,90
1180,268,2,287,7,1527,78,78,70
1181,268,2,288,4,1531,52,52,40
1182,268,2,289,2,1533,19,4,20
1183,268,2,290,8,1541,89,89,80
1184,268,2,291,6,1547,66,66,60
1185,268,2,292,5,1552,48,48,50
1186,268,2,293,2,1554,16,0,20
1187,268,2,294,2,1556,39,39,20
1188,268,2,295,6,1562,55,5,60
1189,268,2,296,8,1570,133,7,80
1190,268,2,297,4,1574,158,158,40
1191,268,2,298,7,1581,73,73,70
1192,268,2,299,8,1589,69,5,80
1193,268,2,300,5,1594,118,118,50
1194,268,2,301,4,1598,35,35,40
1195,268,2,302,6,1604,68,68,60
1196,268,2,303,7,1611,70,70,70
1197,268,2,304,3,1614,29,29,30
1198,268,2,305,6,1620,46,46,60
1199,268,2,306,6,1626,54,54,60
1200,268,2,307,8,1634,90,90,80
1201,268,2,308,7,1641,56,56,70
1202,268,2,309,6,1647,65,65,60
1203,268,2,310,7,1654,60,60,70
1204,268,2,311,7,1661,55,55,70
1205,268,2,312,2,1663,25,25,20
1206,268,2,313,2,1665,16,16,20
1207,268,2,314,3,1668,29,29,30
1208,268,2,315,8,1676,77,11,80
1209,268,2,316,6,1682,124,124,60
1210,268,2,317,5,1687,46,46,50
1211,268,2,318,9,1696,88,88,90
1212,268,2,319,3,1699,30,30,30
1213,268,2,320,4,1703,42,42,40
1214,268,2,321,9,1712,87,87,90
1215,268,2,322,3,1715,36,36,30
1216,268,2,323,4,1719,36,2,40
1217,268,2,324,5,1724,71,71,50
1218,268,2,325,3,1727,29,29,30
1219,268,2,326,5,1732,52,2,50
1220,268,2,327,2,1734,66,66,20
1221,268,2,328,2,1736,24,24,20
1222,268,2,329,8,1744,89,89,80
1223,268,2,330,2,1746,36,4,20
1224,268,2,331,8,1754,117,10,80
1225,268,2,332,4,1758,147,147,40
1226,268,2,333,6,1764,54,54,60
1227,268,2,334,6,1770,63,6,60
1228,268,2,335,2,1772,78,7,20
1229,268,2,336,3,1775,100,7,30
1230,268,2,337,6,1781,149,12,60
1231,268,2,338,9,1790,222,222,90
1232,268,2,339,8,1798,67,67,80
1233,268,2,340,7,1805,72,72,70
1234,268,2,341,7,1812,75,75,70
1235,268,2,342,5,1817,42,42,50
1236,268,2,343,4,1821,45,45,40
1237,268,2,344,2,1823,19,19,20
1238,268,2,345,4,1827,44,44,40
1239,268,2,346,2,1829,25,25,20
1240,268,2,347,6,1835,49,7,60
1241,268,2,348,9,1844,129,129,90
1242,268,2,349,6,1850,52,2,60
1243,268,2,350,3,1853,77,77,30
1244,268,2,351,5,1858,54,54,50
1245,268,2,352,9,1867,102,11,90
1246,268,2,353,3,1870,114,114,30
1247,268,2,354,8,1878,88,88,80
1248,268,2,355,9,1887,93,93,90
1249,268,2,356,4,1891,37,37,40
1250,268,2,357,4,1895,46,46,40
1251,268,2,358,8,1903,77,77,80
1252,268,2,359,4,1907,40,40,40
1253,268,2,360,2,1909,16,4,20
1254,268,2,361,9,1918,83,83,90
1255,268,2,362,5,1923,44,4,50
1256,268,2,363,5,1928,99,99,50
1257,268,2,364,3,1931,31,31,30
1258,268,2,365,5,1936,61,61,50
1259,268,2,366,6,1942,56,56,60
1260,268,2,367,6,1948,61,61,60
1261,268,2,368,9,1957,94,94,90
1262,268,2,369,2,1959,20,20,20
1263,268,2,370,4,1963,46,46,40
1264,268,2,371,5,1968,44,3,50
1265,268,2,372,3,1971,77,77,30
1266,268,2,373,5,1976,48,9,50
1267,268,2,374,4,1980,88,88,40
1268,268,2,375,8,1988,79,79,80
1269,268,2,376,3,1991,37,37,30
1270,268,2,377,7,1998,75,75,70
1271,268,2,378,7,2005,54,54,70
1272,268,2,379,2,2007,14,14,20
1273,268,2,380,9,2016,91,10,90
1274,268,2,381,7,2023,158,158,70
1275,268,2,382,9,2032,80,80,90
1276,268,2,383,6,2038,54,54,60
1277,268,2,384,5,2043,31,31,50
1278,268,2,385,4,2047,48,48,40
1279,268,2,386,5,2052,55,8,50
1280,268,2,387,6,2058,99,12,60
1281,268,2,388,9,2067,171,18,90
1282,268,2,389,8,2075,234,234,80
1283,268,2,390,5,2080,50,50,50
1284,268,2,391,7,2087,61,6,70
1285,268,2,392,9,2096,146,146,90
1286,268,2,393,4,2100,33,33,40
1287,268,2,394,6,2106,55,55,60
1288,268,2,395,9,2115,91,91,90
1289,268,2,396,6,2121,50,50,60
1290,268,2,397,6,2127,66,4,60
1291,268,2,398,3,2130,94,7,30
1292,268,2,399,4,2134,121,12,40
1293,268,2,400,9,2143,194,194,90
1294,268,2,401,3,2146,27,27,30
1295,268,2,402,8,2154,82,82,80
1296,268,2,403,9,2163,76,76,90
1297,268,2,404,9,2172,80,80,90
1298,268,2,405,6,2178,60,60,60
1299,268,2,406,9,2187,92,11,90
1300,268,2,407,9,2196,164,19,90
1301,268,2,408,9,2205,234,23,90
1302,268,2,409,9,2214,301,301,90
1303,268,2,410,5,2219,54,54,50
1304,268,2,411,2,2221,27,1,20
1305,268,2,412,4,2225,55,55,40
1306,268,2,413,8,2233,83,83,80
1307,268,2,414,8,2241,77,10,80
1308,268,2,415,6,2247,120,120,60
1309,268,2,416,4,2251,31,31,40
1310,268,2,417,4,2255,31,31,40
1311,268,2,418,5,2260,55,2,50
1312,268,2,419,7,2267,114,114,70
1313,268,2,420,3,2270,33,33,30
1314,268,2,421,7,2277,81,10,70
1315,268,2,422,6,2283,133,133,60
1316,268,2,423,7,2290,65,65,70
1317,268,2,424,3,2293,29,0,30
1318,268,2,425,8,2301,115,10,80
1319,268,2,426,8,2309,191,191,80
1320,268,2,427,4,2313,49,49,40
1321,268,2,428,8,2321,83,83,80
1322,268,2,429,8,2329,90,90,80
1323,268,2,430,5,2334,46,46,50
1324,268,2,431,8,2342,78,5,80
1325,268,2,432,7,2349,139,139,70
1326,268,2,433,5,2354,48,48,50
1327,268,2,434,5,2359,47,47,50
1328,268,2,435,3,2362,36,36,30
1329,268,2,436,2,2364,17,17,20
1330,268,2,437,2,2366,20,20,20
1331,268,2,438,3,2369,38,38,30
1332,268,2,439,7,2376,74,5,70
1333,268,2,440,8,2384,152,19,80
1334,268,2,441,8,2392,222,222,80
1335,268,2,442,3,2395,21,21,30
1336,268,2,443,3,2398,24,24,30
1337,268,2,444,5,2403,45,6,50
1338,268,2,445,7,2410,116,9,70
1339,268,2,446,9,2419,203,203,90
1340,268,2,447,3,2422,31,6,30
1341,268,2,448,9,2431,109,109,90
1342,268,2,449,5,2436,44,44,50
1343,268,2,450,7,2443,59,59,70
1344,268,2,451,9,2452,93,8,90
1345,268,2,452,7,2459,144,144,70
1346,268,2,453,6,2465,49,49,60
1347,268,2,454,3,2468,35,35,30
1348,268,2,455,4,2472,39,39,40
1349,268,2,456,6,2478,52,52,60
1350,268,2,457,2,2480,18,18,20
1351,268,2,458,6,2486,61,61,60
1352,268,2,459,4,2490,40,40,40
1353,268,2,460,9,2499,92,92,90
1354,268,2,461,6,2505,58,4,60
1355,268,2,462,9,2514,135,135,90
1356,268,2,463,6,2520,65,65,60
1357,268,2,464,7,2527,52,3,70
1358,268,2,465,5,2532,85,85,50
1359,268,2,466,4,2536,39,39,40
1360,268,2,467,2,2538,28,3,20
1361,268,2,468,5,2543,82,7,50
1362,268,2,469,2,2545,87,10,20
1363,268,2,470,4,2549,105,105,40
1364,268,2,471,4,2553,39,39,40
1365,268,2,472,2,2555,26,26,20
1366,268,2,473,8,2563,95,95,80
1367,268,2,474,5,2568,53,53,50
1368,268,2,475,7,2575,77,14,70
1369,268,2,476,2,2577,87,87,20
1370,268,2,477,4,2581,45,6,40
1371,268,2,478,5,2586,84,84,50
1372,268,2,479,6,2592,63,63,60
1373,268,2,480,7,2599,61,61,70
1374,268,2,481,2,2601,26,26,20
1375,268,2,482,9,2610,70,70,90
1376,268,2,483,8,2618,57,57,80
1377,268,2,484,6,2624,58,58,60
1378,268,2,485,6,2630,54,6,60
1379,268,2,486,4,2634,95,95,40
1380,268,2,487,3,2637,24,4,30
1381,268,2,488,6,2643,66,66,60
1382,268,2,489,7,2650,66,5,70
1383,268,2,490,7,2657,130,130,70
1384,268,2,491,9,2666,85,85,90
1385,268,2,492,9,2675,94,94,90
1386,268,2,493,4,2679,37,37,40
1387,268,2,494,3,2682,24,24,30
1388,268,2,495,7,2689,69,6,70
1389,268,2,496,6,2695,123,12,60
1390,268,2,497,9,2704,204,204,90
1391,268,2,498,9,2713,94,10,90
1392,268,2,499,9,2722,178,22,90
1393,268,2,500,2,2724,180,180,20
1394,268,2,501,4,2728,45,45,40
1395,268,2,502,3,2731,29,29,30
1396,268,2,503,5,2736,56,56,50
1397,268,2,504,2,2738,23,23,20
1398,268,2,505,9,2747,92,7,90
1399,268,2,506,2,2749,108,14,20
1400,268,2,507,5,2754,136,136,50
1401,268,2,508,3,2757,34,34,30
1402,268,2,509,8,2765,72,72,80
1403,268,2,510,4,2769,43,43,40
1404,268,2,511,4,2773,28,28,40
1405,268,2,512,3,2776,36,36,30
1406,268,2,513,5,2781,39,39,50
1407,268,2,514,2,2783,18,18,20
1408,268,2,515,5,2788,49,4,50
1409,268,2,516,8,2796,128,128,80
1410,268,2,517,9,2805,76,10,90
1411,268,2,518,3,2808,100,100,30
1412,268,2,519,4,2812,42,4,40
1413,268,2,520,4,2816,70,70,40
1414,268,2,521,7,2823,63,63,70
1415,268,2,522,5,2828,33,33,50
1416,268,2,523,7,2835,72,72,70
1417,268,2,524,4,2839,33,33,40
1418,268,2,525,6,2845,66,66,60
1419,268,2,526,7,2852,68,68,70
1420,268,2,527,4,2856,38,38,40
1421,268,2,528,8,2864,91,91,80
1422,268,2,529,7,2871,79,79,70
1423,268,2,530,6,2877,64,6,60
1424,268,2,531,4,2881,99,99,40
1425,268,2,532,6,2887,65,65,60
1426,268,2,533,7,2894,84,84,70
1427,268,2,534,2,2896,23,23,20
1428,268,2,535,4,2900,45,45,40
1429,268,2,536,2,2902,18,18,20
1430,268,2,537,2,2904,20,20,20
1431,268,2,538,8,2912,63,63,80
1432,268,2,539,4,2916,34,34,40
1433,268,2,540,2,2918,12,12,20
1434,268,2,541,9,2927,95,95,90
1435,268,2,542,4,2931,38,38,40
1436,268,2,543,8,2939,81,81,80
1437,268,2,544,6,2945,56,56,60
1438,268,2,545,7,2952,75,4,70
1439,268,2,546,5,2957,125,125,50
1440,268,2,547,9,2966,91,91,90
1441,268,2,548,5,2971,69,7,50
1442,268,2,549,5,2976,118,16,50
1443,268,2,550,9,2985,196,196,90
1444,268,2,551,3,2988,32,32,30
1445,268,2,552,3,2991,25,25,30
1446,268,2,553,6,2997,69,69,60
1447,268,2,554,5,3002,61,61,50
1448,268,2,555,9,3011,71,71,90
1449,268,2,556,7,3018,67,67,70
1450,268,2,557,3,3021,30,30,30
1451,268,2,558,8,3029,71,71,80
1452,268,2,559,8,3037,86,86,80
1453,268,2,560,2,3039,20,20,20
1454,268,2,561,3,3042,27,27,30
1455,268,2,562,9,3051,88,88,90
1456,268,2,563,3,3054,28,28,30
1457,268,2,564,3,3057,29,3,30
1458,268,2,565,9,3066,111,111,90
1459,268,2,566,6,3072,68,68,60
1460,268,2,567,5,3077,52,52,50
1461,268,2,568,7,3084,69,69,70
1462,268,2,569,2,3086,21,21,20
1463,268,2,570,7,3093,58,58,70
1464,268,2,571,9,3102,103,103,90
1465,268,2,572,7,3109,70,70,70
1466,268,2,573,2,3111,19,3,20
1467,268,2,574,4,3115,58,58,40
1468,268,2,575,4,3119,42,42,40
1469,268,2,576,5,3124,52,7,50
1470,268,2,577,3,3127,73,73,30
1471,268,2,578,4,3131,53,53,40
1472,268,2,579,8,3139,75,75,80
1473,268,2,580,5,3144,52,52,50
1474,268,2,581,5,3149,48,48,50
1475,268,2,582,7,3156,73,6,70
1476,268,2,583,3,3159,98,98,30
1477,268,2,584,4,3163,46,46,40
1478,268,2,585,8,3171,83,9,80
1479,268,2,586,8,3179,149,149,80
1480,268,2,587,8,3187,93,93,80
1481,268,2,588,5,3192,44,44,50
1482,268,2,589,7,3199,65,65,70
1483,268,2,590,5,3204,53,53,50
1484,268,2,591,9,3213,92,14,90
1485,268,2,592,3,3216,110,110,30
1486,268,2,593,6,3222,47,47,60
1487,268,2,594,2,3224,19,19,20
1488,268,2,595,9,3233,94,94,90
1489,268,2,596,2,3235,18,18,20
1490,268,2,597,2,3237,16,3,20
1491,268,2,598,7,3244,83,83,70
1492,268,2,599,5,3249,62,2,50
1493,268,2,600,5,3254,102,102,50
1494,268,2,601,5,3259,62,62,50
1495,268,2,602,8,3267,90,90,80
1496,268,2,603,8,3275,78,78,80
1497,268,2,604,4,3279,45,45,40
1498,268,2,605,6,3285,62,62,60
1499,268,2,606,2,3287,14,14,20
1500,268,2,607,2,3289,20,20,20
1501,268,2,608,4,3293,39,3,40
1502,268,2,609,7,3300,103,103,70
1503,268,2,610,3,3303,22,22,30
1504,268,2,611,2,3305,19,19,20
1505,268,2,612,6,3311,52,52,60
1506,268,2,613,2,3313,20,2,20
1507,268,2,614,7,3320,78,78,70
1508,268,2,615,9,3329,89,6,90
1509,268,2,616,3,3332,111,5,30
1510,268,2,617,5,3337,154,20,50
1511,268,2,618,9,3346,217,217,90
1512,268,2,619,2,3348,19,19,20
1513,268,2,620,7,3355,74,74,70
1514,268,2,621,7,3362,57,2,70
1515,268,2,622,5,3367,105,105,50
1516,268,2,623,7,3374,85,85,70
1517,268,2,624,9,3383,97,97,90
1518,268,2,625,2,3385,19,19,20
1519,268,2,626,9,3394,99,99,90
1520,268,2,627,3,3397,21,21,30
1521,268,2,628,6,3403,60,60,60
1522,268,2,629,4,3407,47,47,40
1523,268,2,630,4,3411,52,4,40
1524,268,2,631,7,3418,113,113,70
1525,268,2,632,6,3424,67,67,60
1526,268,2,633,5,3429,32,2,50
1527,268,2,634,4,3433,68,68,40
1528,268,2,635,3,3436,26,4,30
1529,268,2,636,8,3444,114,114,80
1530,268,2,637,3,3447,30,30,30
1531,268,2,638,3,3450,26,26,30
1532,268,2,639,8,3458,82,82,80
1533,268,2,640,2,3460,15,15,20
1534,268,2,641,5,3465,51,51,50
1535,268,2,642,6,3471,55,55,60
1536,268,2,643,4,3475,40,40,40
1537,268,2,644,6,3481,64,64,60
1538,268,2,645,7,3488,73,73,70
1539,268,2,646,9,3497,86,86,90
1540,268,2,647,2,3499,24,24,20
1541,268,2,648,7,3506,70,9,70
1542,268,2,649,3,3509,91,13,30
1543,268,2,650,3,3512,106,106,30
1544,268,2,651,9,3521,75,75,90
1545,268,2,652,8,3529,96,96,80
1546,268,2,653,5,3534,43,4,50
1547,268,2,654,9,3543,124,124,90
1548,268,2,655,8,3551,77,7,80
1549,268,2,656,2,3553,92,12,20
1550,268,2,657,4,3557,125,17,40
1551,268,2,658,4,3561,143,143,40
1552,268,2,659,9,3570,99,99,90
1553,268,2,660,5,3575,45,45,50
1554,268,2,661,2,3577,25,25,20
1555,268,2,662,7,3584,58,58,70
1556,268,2,663,6,3590,63,63,60
1557,268,2,664,6,3596,58,8,60
1558,268,2,665,2,3598,67,67,20
1559,268,2,666,2,3600,21,21,20
1560,268,2,667,4,3604,34,34,40
1561,268,2,668,3,3607,32,32,30
1562,268,2,669,3,3610,33,33,30
1563,268,2,670,6,3616,64,64,60
1564,268,2,671,3,3619,26,2,30
1565,268,2,672,9,3628,118,118,90
1566,268,2,673,2,3630,25,25,20
1567,268,2,674,6,3636,61,8,60
1568,268,2,675,2,3638,72,72,20
1569,268,2,676,5,3643,46,46,50
1570,268,2,677,8,3651,75,7,80
1571,268,2,678,8,3659,136,11,80
1572,268,2,679,8,3667,213,213,80
1573,268,2,680,8,3675,78,7,80
1574,268,2,681,8,3683,152,152,80
1575,268,2,682,6,3689,48,48,60
1576,268,2,683,7,3696,65,65,70
1577,268,2,684,7,3703,85,85,70
1578,268,2,685,7,3710,80,7,70
1579,268,2,686,9,3719,152,152,90
1580,268,2,687,2,3721,17,4,20
1581,268,2,688,7,3728,81,81,70
1582,268,2,689,5,3733,52,52,50
1583,268,2,690,8,3741,95,95,80
1584,268,2,691,2,3743,18,0,20
1585,268,2,692,8,3751,118,118,80
1586,268,2,693,7,3758,82,82,70
1587,268,2,694,8,3766,72,72,80
1588,268,2,695,6,3772,62,62,60
1589,268,2,696,9,3781,101,101,90
1590,268,2,697,5,3786,54,8,50
1591,268,2,698,4,3790,84,84,40
1592,268,2,699,6,3796,62,4,60
1593,268,2,700,3,3799,93,93,30
1594,268,2,701,2,3801,26,26,20
1595,268,2,702,4,3805,45,45,40
1596,268,2,703,3,3808,31,31,30
1597,268,2,704,5,3813,71,7,50
1598,268,2,705,9,3822,152,152,90
1599,268,2,706,6,3828,82,82,60
1600,268,2,707,4,3832,40,40,40
1601,268,2,708,6,3838,56,5,60
1602,268,2,709,3,3841,83,83,30
1603,268,2,710,4,3845,30,3,40
1604,268,2,711,8,3853,118,118,80
1605,268,2,712,2,3855,17,17,20
1606,268,2,713,7,3862,78,78,70
1607,268,2,714,9,3871,96,96,90
1608,268,2,715,7,3878,62,62,70
1609,268,2,716,4,3882,33,33,40
1610,268,2,717,4,3886,29,29,40
1611,268,2,718,9,3895,91,8,90
1612,268,2,719,7,3902,151,18,70
1613,268,2,720,2,3904,160,160,20
1614,268,2,721,8,3912,61,61,80
1615,268,2,722,9,3921,101,101,90
1616,268,2,723,4,3925,40,6,40
1617,268,2,724,2,3927,59,8,20
1618,268,2,725,2,3929,71,71,20
1619,268,2,726,2,3931,22,22,20
1620,268,2,727,6,3937,74,9,60
1621,268,2,728,9,3946,151,151,90
1622,268,2,729,7,3953,75,75,70
1623,268,2,730,7,3960,65,4,70
1624,268,2,731,3,3963,89,89,30
1625,268,2,732,9,3972,86,86,90
1626,268,2,733,8,3980,98,98,80
1627,268,2,734,9,3989,86,86,90
1628,268,2,735,9,3998,83,5,90
1629,268,2,736,8,4006,142,15,80
1630,268,2,737,9,4015,218,218,90
1631,268,2,738,5,4020,56,56,50
1632,268,2,739,7,4027,57,57,70
1633,268,2,740,9,4036,98,9,90
1634,268,2,741,5,4041,144,14,50
1635,268,2,742,4,4045,169,169,40
1636,268,2,743,8,4053,83,83,80
1637,268,2,744,3,4056,27,1,30
1638,268,2,745,7,4063,89,89,70
1639,268,2,746,3,4066,29,2,30
1640,268,2,747,8,4074,110,11,80
1641,268,2,748,4,4078,137,137,40
1642,268,2,749,8,4086,73,73,80
1643,268,2,750,7,4093,59,7,70
1644,268,2,751,8,4101,122,122,80
1645,268,2,752,4,4105,36,36,40
1646,268,2,753,9,4114,93,8,90
1647,268,2,754,9,4123,179,179,90
1648,268,2,755,8,4131,77,77,80
1649,268,2,756,7,4138,81,81,70
1650,268,2,757,9,4147,93,93,90
1651,268,2,758,5,4152,52,52,50
1652,268,2,759,6,4158,51,51,60
1653,268,2,760,2,4160,14,14,20
1654,268,2,761,9,4169,87,87,90
1655,268,2,762,2,4171,16,16,20
1656,268,2,763,2,4173,24,0,20
1657,268,2,764,6,4179,72,72,60
1658,268,2,765,5,4184,57,57,50
1659,268,2,766,9,4193,107,107,90
1660,268,2,767,3,4196,26,26,30
1661,268,2,768,8,4204,83,83,80
1662,268,2,769,6,4210,73,73,60
1663,268,2,770,8,4218,82,82,80
1664,268,2,771,2,4220,23,23,20
1665,268,2,772,9,4229,75,75,90
1666,268,2,773,2,4231,19,19,20
1667,268,2,774,3,4234,35,35,30
1668,268,2,775,5,4239,54,54,50
1669,268,2,776,3,4242,34,34,30
1670,268,2,777,7,4249,74,74,70
1671,268,2,778,8,4257,64,64,80
1672,268,2,779,9,4266,99,99,90
1673,268,2,780,9,4275,87,87,90
1674,268,2,781,7,4282,65,65,70
1675,268,2,782,3,4285,18,18,30
1676,268,2,783,2,4287,17,17,20
1677,268,2,784,8,4295,74,74,80
1678,268,2,785,5,4300,54,54,50
1679,268,2,786,9,4309,83,2,90
1680,268,2,787,4,4313,125,125,40
1681,268,2,788,6,4319,66,5,60
1682,268,2,789,9,4328,132,132,90
1683,268,2,790,9,4337,90,90,90
1684,268,2,791,5,4342,48,48,50
1685,268,2,792,8,4350,75,75,80
1686,268,2,793,6,4356,52,4,60
1687,268,2,794,6,4362,95,10,60
1688,268,2,795,5,4367,140,12,50
1689,268,2,796,5,4372,174,174,50
1690,268,2,797,4,4376,41,41,40
1691,268,2,798,3,4379,31,31,30
1692,268,2,799,7,4386,73,73,70
1693,268,2,800,2,4388,12,0,20
1694,268,2,801,2,4390,25,4,20
1695,268,2,802,7,4397,88,4,70
1696,268,2,803,4,4401,116,116,40
1697,268,2,804,8,4409,76,5,80
1698,268,2,805,6,4415,127,127,60
1699,268,2,806,3,4418,27,4,30
1700,268,2,807,5,4423,81,15,50
1701,268,2,808,8,4431,136,136,80
1702,268,2,809,2,4433,15,15,20
1703,268,2,810,8,4441,82,7,80
1704,268,2,811,6,4447,138,138,60
1705,268,2,812,9,4456,84,84,90
1706,268,2,813,4,4460,44,44,40
1707,268,2,814,7,4467,61,61,70
1708,268,2,815,6,4473,55,5,60
1709,268,2,816,3,4476,77,77,30
1710,268,2,817,2,4478,16,16,20
1711,268,2,818,7,4485,73,73,70
1712,268,2,819,3,4488,39,39,30
1713,268,2,820,8,4496,81,81,80
1714,268,2,821,5,4501,45,8,50
1715,268,2,822,9,4510,150,150,90
1716,268,2,823,6,4516,66,66,60
1717,268,2,824,5,4521,58,8,50
1718,268,2,825,8,4529,130,130,80
1719,268,2,826,5,4534,43,43,50
1720,268,2,827,4,4538,40,40,40
1721,268,2,828,7,4545,70,70,70
1722,268,2,829,8,4553,86,86,80
1723,268,2,830,8,4561,69,69,80
1724,268,2,831,4,4565,38,38,40
1725,268,2,832,7,4572,66,66,70
1726,268,2,833,3,4575,43,3,30
1727,268,2,834,8,4583,117,15,80
1728,268,2,835,3,4586,132,132,30
1729,268,2,836,4,4590,30,30,40
1730,268,2,837,6,4596,61,4,60
1731,268,2,838,8,4604,142,142,80
1732,268,2,839,7,4611,73,73,70
1733,268,2,840,8,4619,79,79,80
1734,268,2,841,5,4624,47,47,50
1735,268,2,842,7,4631,62,62,70
1736,268,2,843,8,4639,80,8,80
1737,268,2,844,5,4644,127,127,50
1738,268,2,845,2,4646,18,18,20
1739,268,2,846,2,4648,21,21,20
1740,268,2,847,6,4654,55,55,60
1741,268,2,848,6,4660,68,68,60
1742,268,2,849,3,4663,28,1,30
1743,268,2,850,7,4670,93,93,70
1744,268,2,851,5,4675,54,4,50
1745,268,2,852,4,4679,98,98,40
1746,268,2,853,9,4688,90,90,90
1747,268,2,854,5,4693,49,49,50
1748,268,2,855,6,4699,55,55,60
1749,268,2,856,9,4708,82,82,90
1750,268,2,857,5,4713,40,40,50
1751,268,2,858,3,4716,28,28,30
1752,268,2,859,4,4720,44,44,40
1753,268,2,860,9,4729,87,87,90
1754,268,2,861,7,4736,79,79,70
1755,268,2,862,8,4744,84,84,80
1756,268,2,863,6,4750,58,58,60
1757,268,2,864,7,4757,76,76,70
1758,268,2,865,7,4764,77,77,70
1759,268,2,866,9,4773,87,87,90
1760,268,2,867,8,4781,83,83,80
1761,268,2,868,4,4785,38,3,40
1762,268,2,869,7,4792,116,116,70
1763,268,2,870,7,4799,69,69,70
1764,268,2,871,9,4808,88,88,90
1765,268,2,872,6,4814,68,68,60
1766,268,2,873,4,4818,38,5,40
1767,268,2,874,5,4823,83,83,50
1768,268,2,875,8,4831,87,11,80
1769,268,2,876,7,4838,141,16,70
1770,268,2,877,4,4842,160,160,40
1771,268,2,878,6,4848,62,62,60
1772,268,2,879,7,4855,60,60,70
1773,268,2,880,9,4864,90,90,90
1774,268,2,881,4,4868,30,30,40
1775,268,2,882,9,4877,85,85,90
1776,268,2,883,2,4879,23,23,20
1777,268,2,884,7,4886,45,45,70
1778,268,2,885,3,4889,24,2,30
1779,268,2,886,8,4897,104,104,80
1780,268,2,887,4,4901,36,36,40
1781,268,2,888,9,4910,103,11,90
1782,268,2,889,3,4913,124,124,30
1783,268,2,890,3,4916,33,1,30
1784,268,2,891,4,4920,67,2,40
1785,268,2,892,4,4924,103,103,40
1786,268,2,893,2,4926,22,3,20
1787,268,2,894,2,4928,52,4,20
1788,268,2,895,2,4930,65,65,20
1789,268,2,896,7,4937,73,73,70
1790,268,2,897,5,4942,63,63,50
1791,268,2,898,6,4948,59,59,60
1792,268,2,899,5,4953,47,47,50
1793,268,2,900,2,4955,20,3,20
1794,268,2,901,6,4961,74,74,60
1795,268,2,902,6,4967,69,69,60
1796,268,2,903,9,4976,80,80,90
1797,268,2,904,3,4979,27,27,30
1798,268,2,905,3,4982,23,23,30
1799,268,2,906,6,4988,54,54,60
1800,268,2,907,7,4995,57,57,70
1801,268,3,1,4,4,39,39,40
1802,268,3,2,8,12,91,91,80
1803,268,3,3,4,16,30,3,40
1804,268,3,4,8,24,118,118,80
1805,268,3,5,9,33,95,6,90
1806,268,3,6,2,35,106,106,20
1807,268,3,7,6,41,63,63,60
1808,268,3,8,7,48,68,68,70
1809,268,3,9,3,51,37,37,30
1810,268,3,10,7,58,67,6,70
1811,268,3,11,2,60,75,75,20
1812,268,3,12,4,64,37,37,40
1813,268,3,13,6,70,62,62,60
1814,268,3,14,7,77,69,69,70
1815,268,3,15,8,85,89,7,80
1816,268,3,16,6,91,133,133,60
1817,268,3,17,7,98,77,7,70
1818,268,3,18,8,106,140,140,80
1819,268,3,19,2,108,24,24,20
1820,268,3,20,7,115,77,9,70
1821,268,3,21,5,120,110,110,50
1822,268,3,22,8,128,88,12,80
1823,268,3,23,8,136,159,159,80
1824,268,3,24,5,141,60,60,50
1825,268,3,25,5,146,43,43,50
1826,268,3,26,9,155,81,14,90
1827,268,3,27,8,163,150,18,80
1828,268,3,28,2,165,156,156,20
1829,268,3,29,7,172,71,71,70
1830,268,3,30,6,178,68,8,60
1831,268,3,31,2,180,74,74,20
1832,268,3,32,8,188,85,5,80
1833,268,3,33,4,192,111,111,40
1834,268,3,34,7,199,59,3,70
1835,268,3,35,8,207,142,11,80
1836,268,3,36,9,216,208,208,90
1837,268,3,37,2,218,26,26,20
1838,268,3,38,9,227,101,101,90
1839,268,3,39,6,233,64,64,60
1840,268,3,40,4,237,42,42,40
1841,268,3,41,2,239,18,18,20
1842,268,3,42,5,244,52,52,50
1843,268,3,43,7,251,74,74,70
1844,268,3,44,3,254,32,32,30
1845,268,3,45,4,258,43,43,40
1846,268,3,46,4,262,33,5,40
1847,268,3,47,8,270,114,114,80
1848,268,3,48,9,279,100,100,90
1849,268,3,49,9,288,81,81,90
1850,268,3,50,2,290,17,17,20
1851,268,3,51,3,293,29,1,30
1852,268,3,52,7,300,92,92,70
1853,268,3,53,7,307,67,67,70
1854,268,3,54,6,313,54,54,60
1855,268,3,55,7,320,64,64,70
1856,268,3,56,6,326,49,49,60
1857,268,3,57,5,331,52,52,50
1858,268,3,58,9,340,82,82,90
1859,268,3,59,8,348,70,70,80
1860,268,3,60,8,356,72,72,80
1861,268,3,61,8,364,69,69,80
1862,268,3,62,3,367,29,29,30
1863,268,3,63,7,374,71,71,70
1864,268,3,64,2,376,19,3,20
1865,268,3,65,7,383,80,80,70
1866,268,3,66,5,388,53,53,50
1867,268,3,67,9,397,109,109,90
1868,268,3,68,9,406,85,85,90
1869,268,3,69,5,411,38,38,50
1870,268,3,70,5,416,57,57,50
1871,268,3,71,8,424,88,88,80
1872,268,3,72,9,433,95,95,90
1873,268,3,73,7,440,69,69,70
1874,268,3,74,4,444,42,42,40
1875,268,3,75,6,450,78,4,60
1876,268,3,76,9,459,172,172,90
1877,268,3,77,5,464,42,42,50
1878,268,3,78,4,468,35,35,40
1879,268,3,79,4,472,40,0,40
1880,268,3,80,7,479,109,109,70
1881,268,3,81,3,482,27,4,30
1882,268,3,82,2,484,39,7,20
1883,268,3,83,2,486,43,43,20
1884,268,3,84,4,490,28,28,40
1885,268,3,85,9,499,86,86,90
1886,268,3,86,8,507,85,85,80
1887,268,3,87,4,511,46,46,40
1888,268,3,88,3,514,30,3,30
1889,268,3,89,3,517,65,65,30
1890,268,3,90,6,523,49,49,60
1891,268,3,91,7,530,81,81,70
1892,268,3,92,2,532,21,21,20
1893,268,3,93,9,541,83,83,90
1894,268,3,94,7,548,75,75,70
1895,268,3,95,5,553,47,47,50
1896,268,3,96,3,556,29,29,30
1897,268,3,97,7,563,75,7,70
1898,268,3,98,6,569,139,14,60
1899,268,3,99,8,577,203,203,80
1900,268,3,100,8,585,77,77,80
1901,268,3,101,5,590,59,59,50
1902,268,3,102,8,598,100,100,80
1903,268,3,103,8,606,89,9,80
1904,268,3,104,5,611,123,123,50
1905,268,3,105,2,613,18,2,20
1906,268,3,106,5,618,64,64,50
1907,268,3,107,9,627,94,94,90
1908,268,3,108,7,634,69,69,70
1909,268,3,109,7,641,76,9,70
1910,268,3,110,9,650,148,148,90
1911,268,3,111,6,656,34,3,60
1912,268,3,112,4,660,68,68,40
1913,268,3,113,2,662,14,14,20
1914,268,3,114,6,668,59,59,60
1915,268,3,115,2,670,23,23,20
1916,268,3,116,4,674,42,42,40
1917,268,3,117,5,679,58,58,50
1918,268,3,118,8,687,79,79,80
1919,268,3,119,4,691,37,37,40
1920,268,3,120,5,696,46,3,50
1921,268,3,121,8,704,119,119,80
1922,268,3,122,5,709,60,60,50
1923,268,3,123,6,715,67,7,60
1924,268,3,124,7,722,131,131,70
1925,268,3,125,8,730,88,88,80
1926,268,3,126,6,736,50,50,60
1927,268,3,127,8,744,76,76,80
1928,268,3,128,3,747,40,40,30
1929,268,3,129,2,749,29,29,20
1930,268,3,130,6,755,47,6,60
1931,268,3,131,7,762,124,124,70
1932,268,3,132,7,769,56,56,70
1933,268,3,133,4,773,39,39,40
1934,268,3,134,9,782,87,87,90
1935,268,3,135,9,791,71,4,90
1936,268,3,136,6,797,143,14,60
1937,268,3,137,9,806,218,218,90
1938,268,3,138,8,814,63,63,80
1939,268,3,139,8,822,87,87,80
1940,268,3,140,8,830,84,84,80
1941,268,3,141,4,834,42,5,40
1942,268,3,142,4,838,71,71,40
1943,268,3,143,4,842,40,3,40
1944,268,3,144,6,848,98,98,60
1945,268,3,145,5,853,57,57,50
1946,268,3,146,5,858,49,49,50
1947,268,3,147,7,865,78,78,70
1948,268,3,148,7,872,72,7,70
1949,268,3,149,7,879,144,144,70
1950,268,3,150,3,882,35,1,30
1951,268,3,151,4,886,72,12,40
1952,268,3,152,4,890,88,88,40
1953,268,3,153,9,899,80,80,90
1954,268,3,154,7,906,82,11,70
1955,268,3,155,8,914,156,156,80
1956,268,3,156,3,917,30,30,30
1957,268,3,157,3,920,33,33,30
1958,268,3,158,4,924,42,42,40
1959,268,3,159,9,933,90,9,90
1960,268,3,160,2,935,106,106,20
1961,268,3,161,8,943,68,68,80
1962,268,3,162,5,948,42,42,50
1963,268,3,163,4,952,43,43,40
1964,268,3,164,4,956,44,44,40
1965,268,3,165,6,962,57,57,60
1966,268,3,166,2,964,16,16,20
1967,268,3,167,4,968,42,42,40
1968,268,3,168,6,974,66,66,60
1969,268,3,169,7,981,69,69,70
1970,268,3,170,7,988,63,9,70
1971,268,3,171,8,996,135,135,80
1972,268,3,172,2,998,20,20,20
1973,268,3,173,6,1004,60,60,60
1974,268,3,174,2,1006,22,22,20
1975,268,3,175,8,1014,74,74,80
1976,268,3,176,9,1023,86,86,90
1977,268,3,177,7,1030,61,61,70
1978,268,3,178,5,1035,45,45,50
1979,268,3,179,7,1042,80,80,70
1980,268,3,180,7,1049,86,86,70
1981,268,3,181,2,1051,24,24,20
1982,268,3,182,9,1060,95,95,90
1983,268,3,183,5,1065,45,45,50
1984,268,3,184,6,1071,47,3,60
1985,268,3,185,7,1078,101,101,70
1986,268,3,186,2,1080,13,13,20
1987,268,3,187,5,1085,54,54,50
1988,268,3,188,4,1089,34,34,40
1989,268,3,189,9,1098,97,97,90
1990,268,3,190,6,1104,68,6,60
1991,268,3,191,7,1111,134,134,70
1992,268,3,192,5,1116,44,7,50
1993,268,3,193,7,1123,117,117,70
1994,268,3,194,6,1129,52,6,60
1995,268,3,195,4,1133,84,84,40
1996,268,3,196,7,1140,69,69,70
1997,268,3,197,9,1149,91,91,90
1998,268,3,198,5,1154,47,47,50
1999,268,3,199,7,1161,79,79,70
2000,268,3,200,3,1164,26,3,30
2001,268,3,201,9,1173,114,114,90
2002,268,3,202,9,1182,66,5,90
2003,268,3,203,7,1189,132,132,70
2004,268,3,204,9,1198,106,106,90
2005,268,3,205,6,1204,42,42,60
2006,268,3,206,7,1211,75,8,70
2007,268,3,207,2,1213,81,81,20
2008,268,3,208,4,1217,36,36,40
2009,268,3,209,9,1226,81,9,90
2010,268,3,210,6,1232,135,18,60
2011,268,3,211,6,1238,165,165,60
2012,268,3,212,7,1245,83,83,70
2013,268,3,213,5,1250,48,48,50
2014,268,3,214,5,1255,44,44,50
2015,268,3,215,8,1263,62,2,80
2016,268,3,216,9,1272,130,130,90
2017,268,3,217,9,1281,91,91,90
2018,268,3,218,4,1285,25,25,40
2019,268,3,219,4,1289,38,38,40
2020,268,3,220,5,1294,46,6,50
2021,268,3,221,7,1301,102,102,70
2022,268,3,222,2,1303,15,15,20
2023,268,3,223,4,1307,51,51,40
2024,268,3,224,5,1312,48,48,50
2025,268,3,225,2,1314,12,12,20
2026,268,3,226,2,1316,17,1,20
2027,268,3,227,6,1322,65,65,60
2028,268,3,228,7,1329,59,59,70
2029,268,3,229,4,1333,43,2,40
2030,268,3,230,4,1337,81,81,40
2031,268,3,231,3,1340,20,20,30
2032,268,3,232,9,1349,84,84,90
2033,268,3,233,6,1355,60,7,60
2034,268,3,234,6,1361,114,114,60
2035,268,3,235,6,1367,57,57,60
2036,268,3,236,4,1371,43,43,40
2037,268,3,237,6,1377,70,70,60
2038,268,3,238,5,1382,53,53,50
2039,268,3,239,2,1384,23,23,20
2040,268,3,240,8,1392,71,11,80
2041,268,3,241,6,1398,102,8,60
2042,268,3,242,9,1407,180,21,90
2043,268,3,243,9,1416,251,251,90
2044,268,3,244,3,1419,31,31,30
2045,268,3,245,9,1428,92,92,90
2046,268,3,246,4,1432,43,43,40
2047,268,3,247,7,1439,69,69,70
2048,268,3,248,3,1442,25,25,30
2049,268,3,249,9,1451,77,77,90
2050,268,3,250,3,1454,29,2,30
2051,268,3,251,7,1461,98,98,70
2052,268,3,252,9,1470,96,96,90
2053,268,3,253,2,1472,15,1,20
2054,268,3,254,6,1478,58,58,60
2055,268,3,255,8,1486,79,79,80
2056,268,3,256,8,1494,79,79,80
2057,268,3,257,9,1503,86,86,90
2058,268,3,258,6,1509,59,4,60
2059,268,3,259,2,1511,82,8,20
2060,268,3,260,2,1513,91,91,20
2061,268,3,261,5,1518,50,50,50
2062,268,3,262,7,1525,55,5,70
2063,268,3,263,3,1528,71,11,30
2064,268,3,264,2,1530,85,85,20
2065,268,3,265,4,1534,33,33,40
2066,268,3,266,5,1539,43,43,50
2067,268,3,267,8,1547,90,90,80
2068,268,3,268,3,1550,29,29,30
2069,268,3,269,3,1553,25,0,30
2070,268,3,270,7,1560,98,98,70
2071,268,3,271,5,1565,40,40,50
2072,268,3,272,3,1568,33,3,30
2073,268,3,273,7,1575,101,101,70
2074,268,3,274,7,1582,58,9,70
2075,268,3,275,4,1586,77,77,40
2076,268,3,276,5,1591,48,48,50
2077,268,3,277,6,1597,56,56,60
2078,268,3,278,4,1601,49,49,40
2079,268,3,279,3,1604,25,3,30
2080,268,3,280,8,1612,102,102,80
2081,268,3,281,5,1617,59,59,50
2082,268,3,282,6,1623,52,52,60
2083,268,3,283,4,1627,35,2,40
2084,268,3,284,7,1634,91,91,70
2085,268,3,285,5,1639,52,52,50
2086,268,3,286,6,1645,56,56,60
2087,268,3,287,7,1652,63,3,70
2088,268,3,288,6,1658,133,133,60
2089,268,3,289,6,1664,55,55,60
2090,268,3,290,3,1667,23,23,30
2091,268,3,291,4,1671,34,34,40
2092,268,3,292,6,1677,50,50,60
2093,268,3,293,5,1682,51,51,50
2094,268,3,294,6,1688,68,68,60
2095,268,3,295,5,1693,49,49,50
2096,268,3,296,6,1699,52,52,60
2097,268,3,297,5,1704,48,48,50
2098,268,3,298,7,1711,76,76,70
2099,268,3,299,9,1720,75,75,90
2100,268,3,300,2,1722,17,17,20
2101,268,3,301,9,1731,94,94,90
2102,268,3,302,4,1735,40,40,40
2103,268,3,303,6,1741,68,68,60
2104,268,3,304,7,1748,56,4,70
2105,268,3,305,2,1750,68,68,20
2106,268,3,306,4,1754,41,41,40
2107,268,3,307,5,1759,45,45,50
2108,268,3,308,2,1761,18,1,20
2109,268,3,309,6,1767,81,81,60
2110,268,3,310,9,1776,91,91,90
2111,268,3,311,3,1779,32,32,30
2112,268,3,312,4,1783,39,39,40
2113,268,3,313,2,1785,17,1,20
2114,268,3,314,4,1789,64,64,40
2115,268,3,315,2,1791,14,14,20
2116,268,3,316,3,1794,29,29,30
2117,268,3,317,4,1798,46,46,40
2118,268,3,318,5,1803,48,48,50
2119,268,3,319,4,1807,41,41,40
2120,268,3,320,3,1810,29,3,30
2121,268,3,321,7,1817,96,96,70
2122,268,3,322,9,1826,100,100,90
2123,268,3,323,4,1830,31,4,40
2124,268,3,324,4,1834,64,8,40
2125,268,3,325,3,1837,81,7,30
2126,268,3,326,6,1843,131,131,60
2127,268,3,327,3,1846,30,30,30
2128,268,3,328,5,1851,43,7,50
2129,268,3,329,3,1854,58,58,30
2130,268,3,330,4,1858,35,35,40
2131,268,3,331,5,1863,42,42,50
2132,268,3,332,6,1869,58,58,60
2133,268,3,333,6,1875,62,62,60
2134,268,3,334,4,1879,43,43,40
2135,268,3,335,6,1885,60,60,60
2136,268,3,336,6,1891,63,3,60
2137,268,3,337,3,1894,106,106,30
2138,268,3,338,9,1903,87,8,90
2139,268,3,339,4,1907,118,16,40
2140,268,3,340,2,1909,125,125,20
2141,268,3,341,8,1917,76,76,80
2142,268,3,342,5,1922,45,45,50
2143,268,3,343,3,1925,35,35,30
2144,268,3,344,2,1927,20,20,20
2145,268,3,345,3,1930,22,2,30
2146,268,3,346,2,1932,44,44,20
2147,268,3,347,7,1939,70,70,70
2148,268,3,348,8,1947,67,67,80
2149,268,3,349,4,1951,42,42,40
2150,268,3,350,3,1954,38,7,30
2151,268,3,351,4,1958,82,82,40
2152,268,3,352,7,1965,67,9,70
2153,268,3,353,5,1970,102,102,50
2154,268,3,354,6,1976,63,6,60
2155,268,3,355,6,1982,104,104,60
2156,268,3,356,5,1987,54,7,50
2157,268,3,357,7,1994,125,125,70
2158,268,3,358,7,2001,59,59,70
2159,268,3,359,6,2007,61,61,60
2160,268,3,360,5,2012,55,55,50
2161,268,3,361,6,2018,57,57,60
2162,268,3,362,7,2025,79,79,70
2163,268,3,363,4,2029,39,39,40
2164,268,3,364,8,2037,88,6,80
2165,268,3,365,7,2044,146,15,70
2166,268,3,366,7,2051,194,194,70
2167,268,3,367,9,2060,88,88,90
2168,268,3,368,4,2064,46,46,40
2169,268,3,369,4,2068,36,36,40
2170,268,3,370,6,2074,67,8,60
2171,268,3,371,8,2082,147,17,80
2172,268,3,372,4,2086,166,14,40
2173,268,3,373,3,2089,171,171,30
2174,268,3,374,3,2092,23,4,30
2175,268,3,375,6,2098,79,11,60
2176,268,3,376,4,2102,107,9,40
2177,268,3,377,2,2104,122,16,20
2178,268,3,378,4,2108,152,152,40
2179,268,3,379,2,2110,26,6,20
2180,268,3,380,8,2118,99,99,80
2181,268,3,381,4,2122,35,4,40
2182,268,3,382,5,2127,82,82,50
2183,268,3,383,3,2130,31,31,30
2184,268,3,384,2,2132,21,21,20
2185,268,3,385,9,2141,96,96,90
2186,268,3,386,7,2148,74,74,70
2187,268,3,387,3,2151,34,34,30
2188,268,3,388,7,2158,58,2,70
2189,268,3,389,2,2160,79,79,20
2190,268,3,390,2,2162,27,2,20
2191,268,3,391,5,2167,62,5,50
2192,268,3,392,3,2170,88,88,30
2193,268,3,393,2,2172,19,3,20
2194,268,3,394,5,2177,59,59,50
2195,268,3,395,6,2183,58,58,60
2196,268,3,396,5,2188,56,56,50
2197,268,3,397,4,2192,41,41,40
2198,268,3,398,3,2195,21,21,30
2199,268,3,399,7,2202,68,68,70
2200,268,3,400,4,2206,36,36,40
2201,268,3,401,4,2210,32,6,40
2202,268,3,402,7,2217,92,92,70
2203,268,3,403,9,2226,81,81,90
2204,268,3,404,4,2230,51,8,40
2205,268,3,405,3,2233,75,75,30
2206,268,3,406,6,2239,75,75,60
2207,268,3,407,2,2241,19,19,20
2208,268,3,408,2,2243,19,19,20
2209,268,3,409,4,2247,44,44,40
2210,268,3,410,9,2256,107,4,90
2211,268,3,411,5,2261,146,146,50
2212,268,3,412,8,2269,95,95,80
2213,268,3,413,8,2277,95,95,80
2214,268,3,414,6,2283,66,5,60
2215,268,3,415,2,2285,79,79,20
2216,268,3,416,3,2288,23,23,30
2217,268,3,417,4,2292,39,39,40
2218,268,3,418,9,2301,105,105,90
2219,268,3,419,4,2305,40,40,40
2220,268,3,420,6,2311,60,10,60
2221,268,3,421,2,2313,67,67,20
2222,268,3,422,7,2320,61,61,70
2223,268,3,423,5,2325,43,43,50
2224,268,3,424,2,2327,24,24,20
2225,268,3,425,9,2336,107,107,90
2226,268,3,426,8,2344,73,5,80
2227,268,3,427,4,2348,99,5,40
2228,268,3,428,9,2357,171,171,90
2229,268,3,429,4,2361,42,42,40
2230,268,3,430,5,2366,63,7,50
2231,268,3,431,5,2371,105,105,50
2232,268,3,432,9,2380,96,96,90
2233,268,3,433,6,2386,61,8,60
2234,268,3,434,6,2392,121,15,60
2235,268,3,435,2,2394,120,120,20
2236,268,3,436,7,2401,78,2,70
2237,268,3,437,9,2410,164,164,90
2238,268,3,438,7,2417,63,63,70
2239,268,3,439,7,2424,66,66,70
2240,268,3,440,3,2427,27,27,30
2241,268,3,441,6,2433,84,84,60
2242,268,3,442,9,2442,107,107,90
2243,268,3,443,7,2449,62,62,70
2244,268,3,444,8,2457,80,80,80
2245,268,3,445,6,2463,47,4,60
2246,268,3,446,7,2470,110,110,70
2247,268,3,447,9,2479,81,81,90
2248,268,3,448,5,2484,40,40,50
2249,268,3,449,9,2493,87,13,90
2250,268,3,450,9,2502,183,17,90
2251,268,3,451,6,2508,229,229,60
2252,268,3,452,2,2510,26,26,20
2253,268,3,453,7,2517,79,79,70
2254,268,3,454,5,2522,49,49,50
2255,268,3,455,6,2528,61,61,60
2256,268,3,456,9,2537,80,13,90
2257,268,3,457,8,2545,155,155,80
2258,268,3,458,3,2548,35,35,30
2259,268,3,459,6,2554,62,6,60
2260,268,3,460,4,2558,99,8,40
2261,268,3,461,4,2562,127,127,40
2262,268,3,462,7,2569,78,78,70
2263,268,3,463,8,2577,77,77,80
2264,268,3,464,2,2579,20,20,20
2265,268,3,465,5,2584,53,53,50
2266,268,3,466,6,2590,47,47,60
2267,268,3,467,4,2594,41,41,40
2268,268,3,468,9,2603,97,97,90
2269,268,3,469,3,2606,31,0,30
2270,268,3,470,8,2614,111,11,80
2271,268,3,471,6,2620,144,144,60
2272,268,3,472,9,2629,99,99,90
2273,268,3,473,2,2631,17,17,20
2274,268,3,474,5,2636,58,8,50
2275,268,3,475,2,2638,64,64,20
2276,268,3,476,2,2640,25,25,20
2277,268,3,477,8,2648,60,5,80
2278,268,3,478,4,2652,96,96,40
2279,268,3,479,3,2655,30,30,30
2280,268,3,480,5,2660,51,6,50
2281,268,3,481,3,2663,78,78,30
2282,268,3,482,8,2671,74,8,80
2283,268,3,483,7,2678,144,12,70
2284,268,3,484,6,2684,199,20,60
2285,268,3,485,5,2689,217,217,50
2286,268,3,486,3,2692,29,29,30
2287,268,3,487,4,2696,44,8,40
2288,268,3,488,2,2698,55,55,20
2289,268,3,489,2,2700,26,2,20
2290,268,3,490,6,2706,77,77,60
2291,268,3,491,7,2713,68,68,70
2292,268,3,492,2,2715,16,16,20
2293,268,3,493,4,2719,41,41,40
2294,268,3,494,6,2725,53,53,60
2295,268,3,495,6,2731,72,11,60
2296,268,3,496,3,2734,89,89,30
2297,268,3,497,7,2741,76,76,70
2298,268,3,498,2,2743,22,22,20
2299,268,3,499,8,2751,80,80,80
2300,268,3,500,6,2757,51,51,60
2301,268,3,501,3,2760,25,25,30
2302,268,3,502,6,2766,63,8,60
2303,268,3,503,8,2774,147,147,80
2304,268,3,504,4,2778,37,37,40
2305,268,3,505,9,2787,89,89,90
2306,268,3,506,2,2789,13,0,20
2307,268,3,507,7,2796,78,78,70
2308,268,3,508,7,2803,53,53,70
2309,268,3,509,4,2807,31,1,40
2310,268,3,510,3,2810,67,67,30
2311,268,3,511,6,2816,67,67,60
2312,268,3,512,9,2825,89,89,90
2313,268,3,513,3,2828,28,28,30
2314,268,3,514,8,2836,101,101,80
2315,268,3,515,8,2844,56,4,80
2316,268,3,516,4,2848,90,90,40
2317,268,3,517,4,2852,38,5,40
2318,268,3,518,2,2854,55,55,20
2319,268,3,519,3,2857,22,22,30
2320,268,3,520,3,2860,36,36,30
2321,268,3,521,7,2867,69,69,70
2322,268,3,522,5,2872,65,65,50
2323,268,3,523,8,2880,78,78,80
2324,268,3,524,7,2887,64,64,70
2325,268,3,525,2,2889,19,19,20
2326,268,3,526,9,2898,92,10,90
2327,268,3,527,8,2906,168,21,80
2328,268,3,528,8,2914,245,245,80
2329,268,3,529,5,2919,54,54,50
2330,268,3,530,9,2928,103,12,90
2331,268,3,531,3,2931,121,121,30
2332,268,3,532,7,2938,78,78,70
2333,268,3,533,2,2940,22,22,20
2334,268,3,534,5,2945,59,5,50
2335,268,3,535,8,2953,126,126,80
2336,268,3,536,2,2955,20,20,20
2337,268,3,537,8,2963,86,86,80
2338,268,3,538,7,2970,72,72,70
2339,268,3,539,8,2978,73,5,80
2340,268,3,540,3,2981,106,12,30
2341,268,3,541,7,2988,161,16,70
2342,268,3,542,6,2994,202,202,60
2343,268,3,543,6,3000,76,76,60
2344,268,3,544,2,3002,17,17,20
2345,268,3,545,8,3010,80,80,80
2346,268,3,546,7,3017,71,71,70
2347,268,3,547,2,3019,23,3,20
2348,268,3,548,8,3027,90,90,80
2349,268,3,549,9,3036,87,87,90
2350,268,3,550,5,3041,61,61,50
2351,268,3,551,8,3049,97,13,80
2352,268,3,552,8,3057,169,15,80
2353,268,3,553,4,3061,194,194,40
2354,268,3,554,6,3067,64,64,60
2355,268,3,555,6,3073,58,58,60
2356,268,3,556,7,3080,67,67,70
2357,268,3,557,9,3089,99,99,90
2358,268,3,558,9,3098,98,98,90
2359,268,3,559,9,3107,108,7,90
2360,268,3,560,3,3110,120,120,30
2361,268,3,561,2,3112,18,18,20
2362,268,3,562,7,3119,65,9,70
2363,268,3,563,7,3126,120,120,70
2364,268,3,564,4,3130,31,31,40
2365,268,3,565,3,3133,31,31,30
2366,268,3,566,7,3140,74,74,70
2367,268,3,567,2,3142,16,16,20
2368,268,3,568,8,3150,73,5,80
2369,268,3,569,2,3152,86,86,20
2370,268,3,570,3,3155,34,34,30
2371,268,3,571,3,3158,36,36,30
2372,268,3,572,4,3162,42,42,40
2373,268,3,573,4,3166,36,36,40
2374,268,3,574,5,3171,48,48,50
2375,268,3,575,2,3173,17,17,20
2376,268,3,576,8,3181,64,64,80
2377,268,3,577,9,3190,98,11,90
2378,268,3,578,2,3192,107,107,20
2379,268,3,579,9,3201,77,77,90
2380,268,3,580,6,3207,76,76,60
2381,268,3,581,8,3215,71,71,80
2382,268,3,582,4,3219,40,3,40
2383,268,3,583,5,3224,80,80,50
2384,268,3,584,4,3228,45,45,40
2385,268,3,585,8,3236,77,77,80
2386,268,3,586,3,3239,19,19,30
2387,268,3,587,2,3241,18,1,20
2388,268,3,588,6,3247,79,79,60
2389,268,3,589,6,3253,45,45,60
2390,268,3,590,6,3259,57,57,60
2391,268,3,591,9,3268,79,79,90
2392,268,3,592,6,3274,57,57,60
2393,268,3,593,6,3280,44,44,60
2394,268,3,594,2,3282,19,19,20
2395,268,3,595,5,3287,39,39,50
2396,268,3,596,2,3289,23,23,20
2397,268,3,597,2,3291,13,2,20
2398,268,3,598,9,3300,98,98,90
2399,268,3,599,5,3305,39,39,50
2400,268,3,600,7,3312,68,68,70
2401,268,3,601,5,3317,45,45,50
2402,268,3,602,3,3320,34,34,30
2403,268,3,603,4,3324,35,35,40
2404,268,3,604,8,3332,74,74,80
2405,268,3,605,8,3340,93,6,80
2406,268,3,606,8,3348,155,155,80
2407,268,3,607,7,3355,78,78,70
2408,268,3,608,6,3361,55,55,60
2409,268,3,609,5,3366,43,43,50
2410,268,3,610,5,3371,59,59,50
2411,268,3,611,2,3373,21,21,20
2412,268,3,612,4,3377,42,3,40
2413,268,3,613,6,3383,102,102,60
2414,268,3,614,6,3389,56,7,60
2415,268,3,615,9,3398,143,14,90
2416,268,3,616,5,3403,174,174,50
2417,268,3,617,4,3407,33,33,40
2418,268,3,618,9,3416,98,98,90
2419,268,3,619,2,3418,18,18,20
2420,268,3,620,3,3421,36,36,30
2421,268,3,621,2,3423,16,16,20
2422,268,3,622,4,3427,37,37,40
2423,268,3,623,7,3434,59,59,70
2424,268,3,624,4,3438,39,39,40
2425,268,3,625,9,3447,107,107,90
2426,268,3,626,3,3450,28,28,30
2427,268,3,627,4,3454,40,40,40
2428,268,3,628,6,3460,65,8,60
2429,268,3,629,7,3467,130,130,70
2430,268,3,630,4,3471,40,40,40
2431,268,3,631,8,3479,78,78,80
2432,268,3,632,3,3482,24,1,30
2433,268,3,633,2,3484,38,38,20
2434,268,3,634,9,3493,90,90,90
2435,268,3,635,8,3501,81,81,80
2436,268,3,636,4,3505,40,40,40
2437,268,3,637,7,3512,84,84,70
2438,268,3,638,3,3515,28,28,30
2439,268,3,639,9,3524,78,78,90
2440,268,3,640,7,3531,81,81,70
2441,268,3,641,4,3535,33,33,40
2442,268,3,642,4,3539,41,41,40
2443,268,3,643,3,3542,25,25,30
2444,268,3,644,5,3547,48,3,50
2445,268,3,645,9,3556,142,142,90
2446,268,3,646,3,3559,27,27,30
2447,268,3,647,2,3561,16,16,20
2448,268,3,648,8,3569,76,76,80
2449,268,3,649,8,3577,72,72,80
2450,268,3,650,3,3580,27,27,30
2451,268,3,651,5,3585,46,46,50
2452,268,3,652,4,3589,28,28,40
2453,268,3,653,7,3596,70,6,70
2454,268,3,654,6,3602,125,7,60
2455,268,3,655,2,3604,139,139,20
2456,268,3,656,6,3610,68,68,60
2457,268,3,657,8,3618,69,69,80
2458,268,3,658,9,3627,81,7,90
2459,268,3,659,6,3633,147,147,60
2460,268,3,660,7,3640,66,11,70
2461,268,3,661,3,3643,92,11,30
2462,268,3,662,6,3649,130,130,60
2463,268,3,663,5,3654,49,49,50
2464,268,3,664,9,3663,72,7,90
2465,268,3,665,6,3669,130,130,60
2466,268,3,666,2,3671,28,28,20
2467,268,3,667,7,3678,62,62,70
2468,268,3,668,8,3686,92,92,80
2469,268,3,669,6,3692,52,52,60
2470,268,3,670,2,3694,18,18,20
2471,268,3,671,5,3699,58,58,50
2472,268,3,672,5,3704,33,4,50
2473,268,3,673,2,3706,45,45,20
2474,268,3,674,9,3715,71,71,90
2475,268,3,675,2,3717,22,22,20
2476,268,3,676,2,3719,10,10,20
2477,268,3,677,3,3722,33,2,30
2478,268,3,678,8,3730,99,99,80
2479,268,3,679,9,3739,81,81,90
2480,268,3,680,6,3745,42,42,60
2481,268,3,681,6,3751,47,47,60
2482,268,3,682,8,3759,86,86,80
2483,268,3,683,5,3764,51,51,50
2484,268,3,684,6,3770,63,63,60
2485,268,3,685,3,3773,35,2,30
2486,268,3,686,4,3777,72,9,40
2487,268,3,687,2,3779,87,87,20
2488,268,3,688,8,3787,83,83,80
2489,268,3,689,3,3790,33,33,30
2490,268,3,690,7,3797,75,9,70
2491,268,3,691,7,3804,141,141,70
2492,268,3,692,7,3811,60,60,70
2493,268,3,693,5,3816,43,43,50
2494,268,3,694,5,3821,48,48,50
2495,268,3,695,5,3826,46,4,50
2496,268,3,696,9,3835,148,148,90
2497,268,3,697,9,3844,83,83,90
2498,268,3,698,3,3847,31,31,30
2499,268,3,699,6,3853,58,3,60
2500,268,3,700,2,3855,71,7,20
2501,268,3,701,6,3861,127,127,60
2502,268,3,702,5,3866,43,2,50
2503,268,3,703,5,3871,82,82,50
2504,268,3,704,2,3873,15,1,20
2505,268,3,705,6,3879,81,9,60
2506,268,3,706,4,3883,110,13,40
2507,268,3,707,8,3891,173,173,80
2508,268,3,708,3,3894,26,2,30
2509,268,3,709,6,3900,75,75,60
2510,268,3,710,2,3902,23,23,20
2511,268,3,711,7,3909,69,6,70
2512,268,3,712,8,3917,146,146,80
2513,268,3,713,7,3924,72,72,70
2514,268,3,714,8,3932,87,87,80
2515,268,3,715,4,3936,39,39,40
2516,268,3,716,8,3944,77,10,80
2517,268,3,717,6,3950,122,122,60
2518,268,3,718,7,3957,87,4,70
2519,268,3,719,8,3965,169,169,80
2520,268,3,720,9,3974,87,87,90
2521,268,3,721,3,3977,42,6,30
2522,268,3,722,3,3980,63,63,30
2523,268,3,723,3,3983,28,28,30
2524,268,3,724,4,3987,43,43,40
2525,268,3,725,9,3996,84,84,90
2526,268,3,726,9,4005,99,99,90
2527,268,3,727,6,4011,65,65,60
2528,268,3,728,3,4014,29,3,30
2529,268,3,729,7,4021,122,122,70
2530,268,3,730,5,4026,49,3,50
2531,268,3,731,6,4032,114,15,60
2532,268,3,732,5,4037,139,139,50
2533,268,3,733,2,4039,22,22,20
2534,268,3,734,6,4045,60,60,60
2535,268,3,735,6,4051,60,7,60
2536,268,3,736,4,4055,87,7,40
2537,268,3,737,7,4062,154,154,70
2538,268,3,738,6,4068,59,59,60
2539,268,3,739,5,4073,49,49,50
2540,268,3,740,4,4077,35,35,40
2541,268,3,741,9,4086,90,90,90
2542,268,3,742,2,4088,17,0,20
2543,268,3,743,8,4096,86,11,80
2544,268,3,744,7,4103,149,149,70
2545,268,3,745,4,4107,45,5,40
2546,268,3,746,8,4115,126,126,80
2547,268,3,747,7,4122,70,70,70
2548,268,3,748,3,4125,36,36,30
2549,268,3,749,2,4127,18,18,20
2550,268,3,750,9,4136,94,94,90
2551,268,3,751,9,4145,82,82,90
2552,268,3,752,5,4150,46,46,50
2553,268,3,753,7,4157,68,9,70
2554,268,3,754,6,4163,123,123,60
2555,268,3,755,9,4172,94,94,90
2556,268,3,756,5,4177,40,40,50
2557,268,3,757,7,4184,74,9,70
2558,268,3,758,2,4186,91,10,20
2559,268,3,759,2,4188,106,13,20
2560,268,3,760,8,4196,159,159,80
2561,268,3,761,9,4205,75,75,90
2562,268,3,762,6,4211,57,57,60
2563,268,3,763,8,4219,74,74,80
2564,268,3,764,5,4224,39,39,50
2565,268,3,765,6,4230,59,59,60
2566,268,3,766,2,4232,23,2,20
2567,268,3,767,9,4241,115,115,90
2568,268,3,768,2,4243,20,20,20
2569,268,3,769,2,4245,19,19,20
2570,268,3,770,6,4251,69,69,60
2571,268,3,771,6,4257,63,63,60
2572,268,3,772,2,4259,19,19,20
2573,268,3,773,8,4267,91,91,80
2574,268,3,774,3,4270,34,3,30
2575,268,3,775,8,4278,113,11,80
2576,268,3,776,4,4282,134,134,40
2577,268,3,777,3,4285,29,3,30
2578,268,3,778,8,4293,98,98,80
2579,268,3,779,9,4302,92,14,90
2580,268,3,780,7,4309,163,13,70
2581,268,3,781,9,4318,239,239,90
2582,268,3,782,8,4326,73,73,80
2583,268,3,783,2,4328,22,22,20
2584,268,3,784,5,4333,49,3,50
2585,268,3,785,3,4336,79,79,30
2586,268,3,786,7,4343,61,61,70
2587,268,3,787,4,4347,48,48,40
2588,268,3,788,8,4355,86,5,80
2589,268,3,789,9,4364,168,20,90
2590,268,3,790,5,4369,200,20,50
2591,268,3,791,7,4376,260,21,70
2592,268,3,792,7,4383,300,300,70
2593,268,3,793,4,4387,44,4,40
2594,268,3,794,3,4390,72,7,30
2595,268,3,795,7,4397,138,138,70
2596,268,3,796,4,4401,42,8,40
2597,268,3,797,6,4407,86,86,60
2598,268,3,798,3,4410,26,26,30
2599,268,3,799,9,4419,89,89,90
2600,268,3,800,4,4423,38,38,40
2601,268,3,801,3,4426,29,29,30
2602,268,3,802,3,4429,35,2,30
2603,268,3,803,3,4432,59,59,30
2604,268,3,804,6,4438,50,50,60
2605,268,3,805,3,4441,29,2,30
2606,268,3,806,7,4448,105,105,70
2607,268,3,807,8,4456,95,95,80
2608,268,3,808,8,4464,77,77,80
2609,268,3,809,2,4466,24,3,20
2610,268,3,810,2,4468,50,6,20
2611,268,3,811,5,4473,93,93,50
2612,268,3,812,7,4480,75,75,70
2613,268,3,813,3,4483,24,2,30
2614,268,3,814,2,4485,38,38,20
2615,268,3,815,7,4492,61,4,70
2616,268,3,816,8,4500,158,158,80
2617,268,3,817,7,4507,63,63,70
2618,268,3,818,5,4512,53,6,50
2619,268,3,819,3,4515,75,75,30
2620,268,3,820,4,4519,33,33,40
2621,268,3,821,7,4526,53,53,70
2622,268,3,822,4,4530,33,33,40
2623,268,3,823,6,4536,62,62,60
2624,268,3,824,5,4541,40,40,50
2625,268,3,825,8,4549,77,12,80
2626,268,3,826,7,4556,129,129,70
2627,268,3,827,9,4565,66,66,90
2628,268,3,828,3,4568,29,1,30
2629,268,3,829,9,4577,119,119,90
2630,268,3,830,2,4579,25,2,20
2631,268,3,831,4,4583,66,66,40
2632,268,3,832,5,4588,61,61,50
2633,268,3,833,5,4593,47,6,50
2634,268,3,834,4,4597,91,91,40
2635,268,3,835,2,4599,31,31,20
2636,268,3,836,2,4601,18,18,20
2637,268,3,837,2,4603,18,18,20
2638,268,3,838,5,4608,46,46,50
2639,268,3,839,2,4610,15,15,20
2640,268,3,840,8,4618,75,75,80
2641,268,3,841,5,4623,57,57,50
2642,268,3,842,3,4626,33,33,30
2643,268,3,843,7,4633,64,9,70
2644,268,3,844,9,4642,139,139,90
2645,268,3,845,4,4646,46,46,40
2646,268,3,846,7,4653,82,82,70
2647,268,3,847,3,4656,30,30,30
2648,268,3,848,9,4665,89,89,90
2649,268,3,849,2,4667,18,18,20
2650,268,3,850,3,4670,37,1,30
2651,268,3,851,2,4672,53,53,20
2652,268,3,852,3,4675,36,36,30
2653,268,3,853,9,4684,88,88,90
2654,268,3,854,6,4690,50,6,60
2655,268,3,855,2,4692,66,66,20
2656,268,3,856,8,4700,80,7,80
2657,268,3,857,2,4702,96,96,20
2658,268,3,858,7,4709,64,64,70
2659,268,3,859,2,4711,27,27,20
2660,268,3,860,5,4716,41,5,50
2661,268,3,861,2,4718,55,55,20
2662,268,3,862,6,4724,63,5,60
2663,268,3,863,5,4729,102,102,50
2664,268,3,864,4,4733,44,4,40
2665,268,3,865,9,4742,134,16,90
2666,268,3,866,4,4746,160,160,40
2667,268,3,867,9,4755,76,76,90
2668,268,3,868,6,4761,56,56,60
2669,268,3,869,3,4764,28,28,30
2670,268,3,870,3,4767,38,38,30
2671,268,3,871,4,4771,39,3,40
2672,268,3,872,2,4773,52,3,20
2673,268,3,873,8,4781,122,122,80
2674,268,3,874,9,4790,104,104,90
2675,268,3,875,5,4795,51,51,50
2676,268,3,876,9,4804,84,84,90
2677,268,3,877,7,4811,82,82,70
2678,268,3,878,9,4820,102,102,90
2679,268,3,879,7,4827,76,76,70
2680,268,3,880,4,4831,44,6,40
2681,268,3,881,2,4833,53,53,20
2682,268,3,882,7,4840,66,4,70
2683,268,3,883,2,4842,82,82,20
2684,268,3,884,5,4847,46,2,50
2685,268,3,885,4,4851,83,83,40
2686,268,3,886,2,4853,13,13,20
2687,268,3,887,8,4861,83,83,80
2688,268,3,888,8,4869,79,79,80
2689,268,3,889,9,4878,103,10,90
2690,268,3,890,8,4886,160,160,80
2691,268,3,891,2,4888,25,25,20
2692,268,3,892,3,4891,31,5,30
2693,268,3,893,2,4893,42,42,20
2694,268,3,894,8,4901,79,7,80
2695,268,3,895,4,4905,131,11,40
2696,268,3,896,4,4909,170,170,40
2697,268,3,897,3,4912,28,28,30
2698,268,3,898,6,4918,56,6,60
2699,268,3,899,8,4926,131,131,80
2700,268,3,900,5,4931,52,52,50
2701,268,3,901,3,4934,32,32,30
2702,268,3,902,2,4936,10,10,20
2703,268,3,903,2,4938,28,28,20
2704,268,3,904,6,4944,62,62,60
2705,268,3,905,9,4953,77,77,90
2706,268,3,906,3,4956,35,6,30
2707,268,3,907,7,4963,84,13,70
2708,268,3,908,9,4972,167,11,90
2709,268,3,909,7,4979,235,15,70
2710,268,3,910,2,4981,234,234,20
2711,268,3,911,8,4989,85,85,80
2712,268,3,912,6,4995,65,65,60
