,Scenario,Trial,Inspection,Interval,Time,Accumulation,Defects,Rate
0,228,1,1,7,7,56,54,70
1,228,1,2,5,12,49,49,50
2,228,1,3,5,17,47,43,50
3,228,1,4,6,23,50,47,60
4,228,1,5,9,32,94,89,90
5,228,1,6,6,38,54,50,60
6,228,1,7,4,42,51,51,40
7,228,1,8,3,45,36,36,30
8,228,1,9,4,49,48,44,40
9,228,1,10,5,54,53,51,50
10,228,1,11,3,57,41,41,30
11,228,1,12,6,63,54,54,60
12,228,1,13,6,69,58,55,60
13,228,1,14,2,71,19,19,20
14,228,1,15,9,80,89,82,90
15,228,1,16,4,84,36,33,40
16,228,1,17,6,90,60,60,60
17,228,1,18,6,96,50,50,60
18,228,1,19,9,105,88,88,90
19,228,1,20,7,112,58,58,70
20,228,1,21,3,115,23,23,30
21,228,1,22,8,123,75,70,80
22,228,1,23,3,126,31,31,30
23,228,1,24,5,131,60,57,50
24,228,1,25,7,138,74,74,70
25,228,1,26,3,141,35,31,30
26,228,1,27,2,143,22,22,20
27,228,1,28,7,150,60,60,70
28,228,1,29,9,159,114,114,90
29,228,1,30,8,167,87,87,80
30,228,1,31,6,173,51,48,60
31,228,1,32,9,182,91,89,90
32,228,1,33,5,187,46,46,50
33,228,1,34,6,193,69,69,60
34,228,1,35,5,198,59,59,50
35,228,1,36,9,207,105,105,90
36,228,1,37,7,214,90,90,70
37,228,1,38,6,220,58,55,60
38,228,1,39,8,228,92,92,80
39,228,1,40,5,233,50,50,50
40,228,1,41,7,240,70,70,70
41,228,1,42,7,247,78,78,70
42,228,1,43,5,252,41,38,50
43,228,1,44,3,255,34,34,30
44,228,1,45,3,258,27,27,30
45,228,1,46,2,260,28,28,20
46,228,1,47,9,269,84,84,90
47,228,1,48,5,274,52,48,50
48,228,1,49,5,279,51,46,50
49,228,1,50,5,284,63,60,50
50,228,1,51,7,291,67,64,70
51,228,1,52,2,293,21,19,20
52,228,1,53,3,296,29,29,30
53,228,1,54,3,299,29,29,30
54,228,1,55,5,304,56,56,50
55,228,1,56,9,313,105,101,90
56,228,1,57,6,319,61,61,60
57,228,1,58,3,322,39,37,30
58,228,1,59,2,324,21,17,20
59,228,1,60,6,330,53,50,60
60,228,1,61,6,336,63,63,60
61,228,1,62,6,342,70,70,60
62,228,1,63,4,346,30,30,40
63,228,1,64,2,348,19,19,20
64,228,1,65,6,354,65,65,60
65,228,1,66,8,362,60,60,80
66,228,1,67,9,371,82,76,90
67,228,1,68,6,377,58,58,60
68,228,1,69,8,385,73,73,80
69,228,1,70,8,393,76,72,80
70,228,1,71,9,402,84,84,90
71,228,1,72,6,408,52,52,60
72,228,1,73,7,415,78,74,70
73,228,1,74,3,418,37,35,30
74,228,1,75,3,421,39,36,30
75,228,1,76,2,423,28,28,20
76,228,1,77,8,431,71,71,80
77,228,1,78,3,434,34,34,30
78,228,1,79,9,443,98,98,90
79,228,1,80,2,445,21,20,20
80,228,1,81,7,452,63,59,70
81,228,1,82,8,460,64,64,80
82,228,1,83,7,467,71,65,70
83,228,1,84,3,470,35,32,30
84,228,1,85,5,475,46,44,50
85,228,1,86,9,484,89,81,90
86,228,1,87,9,493,114,114,90
87,228,1,88,9,502,87,80,90
88,228,1,89,6,508,67,67,60
89,228,1,90,3,511,22,22,30
90,228,1,91,6,517,63,59,60
91,228,1,92,5,522,37,37,50
92,228,1,93,8,530,77,77,80
93,228,1,94,7,537,72,69,70
94,228,1,95,5,542,41,41,50
95,228,1,96,6,548,56,52,60
96,228,1,97,7,555,79,79,70
97,228,1,98,5,560,50,47,50
98,228,1,99,9,569,92,82,90
99,228,1,100,7,576,78,78,70
100,228,1,101,2,578,17,17,20
101,228,1,102,5,583,41,41,50
102,228,1,103,5,588,49,45,50
103,228,1,104,4,592,46,42,40
104,228,1,105,3,595,25,24,30
105,228,1,106,9,604,104,96,90
106,228,1,107,6,610,71,71,60
107,228,1,108,2,612,17,17,20
108,228,1,109,5,617,52,50,50
109,228,1,110,8,625,76,76,80
110,228,1,111,9,634,88,88,90
111,228,1,112,9,643,91,87,90
112,228,1,113,5,648,58,58,50
113,228,1,114,7,655,64,61,70
114,228,1,115,7,662,71,71,70
115,228,1,116,7,669,72,70,70
116,228,1,117,4,673,35,35,40
117,228,1,118,9,682,96,96,90
118,228,1,119,8,690,70,70,80
119,228,1,120,6,696,67,67,60
120,228,1,121,4,700,37,37,40
121,228,1,122,4,704,46,42,40
122,228,1,123,2,706,22,22,20
123,228,1,124,2,708,19,18,20
124,228,1,125,8,716,78,78,80
125,228,1,126,3,719,33,31,30
126,228,1,127,6,725,62,58,60
127,228,1,128,8,733,89,89,80
128,228,1,129,9,742,106,97,90
129,228,1,130,7,749,93,86,70
130,228,1,131,5,754,68,68,50
131,228,1,132,3,757,29,29,30
132,228,1,133,5,762,47,47,50
133,228,1,134,2,764,18,17,20
134,228,1,135,5,769,42,42,50
135,228,1,136,9,778,71,71,90
136,228,1,137,7,785,78,78,70
137,228,1,138,6,791,57,53,60
138,228,1,139,8,799,84,84,80
139,228,1,140,5,804,50,50,50
140,228,1,141,7,811,67,65,70
141,228,1,142,4,815,38,38,40
142,228,1,143,7,822,57,54,70
143,228,1,144,5,827,52,52,50
144,228,1,145,9,836,109,109,90
145,228,1,146,3,839,35,35,30
146,228,1,147,7,846,68,68,70
147,228,1,148,4,850,41,41,40
148,228,1,149,2,852,25,23,20
149,228,1,150,6,858,49,45,60
150,228,1,151,6,864,89,82,60
151,228,1,152,3,867,36,36,30
152,228,1,153,8,875,72,72,80
153,228,1,154,6,881,39,39,60
154,228,1,155,6,887,55,55,60
155,228,1,156,7,894,65,65,70
156,228,1,157,7,901,77,77,70
157,228,1,158,6,907,60,60,60
158,228,1,159,6,913,63,63,60
159,228,1,160,9,922,101,101,90
160,228,1,161,8,930,68,68,80
161,228,1,162,7,937,73,73,70
162,228,1,163,9,946,96,96,90
163,228,1,164,4,950,40,40,40
164,228,1,165,4,954,47,45,40
165,228,1,166,9,963,81,75,90
166,228,1,167,3,966,32,32,30
167,228,1,168,9,975,98,91,90
168,228,1,169,7,982,69,69,70
169,228,1,170,2,984,24,24,20
170,228,1,171,6,990,56,56,60
171,228,1,172,4,994,37,37,40
172,228,1,173,6,1000,52,49,60
173,228,1,174,5,1005,48,48,50
174,228,1,175,8,1013,72,68,80
175,228,1,176,6,1019,67,67,60
176,228,1,177,3,1022,35,35,30
177,228,1,178,5,1027,60,56,50
178,228,1,179,7,1034,75,75,70
179,228,1,180,3,1037,44,40,30
180,228,1,181,8,1045,81,76,80
181,228,1,182,3,1048,38,35,30
182,228,1,183,8,1056,77,73,80
183,228,1,184,2,1058,22,20,20
184,228,1,185,5,1063,47,47,50
185,228,1,186,4,1067,39,39,40
186,228,1,187,2,1069,16,16,20
187,228,1,188,7,1076,73,68,70
188,228,1,189,2,1078,27,27,20
189,228,1,190,2,1080,14,14,20
190,228,1,191,7,1087,72,72,70
191,228,1,192,7,1094,75,75,70
192,228,1,193,4,1098,52,50,40
193,228,1,194,8,1106,78,78,80
194,228,1,195,7,1113,62,62,70
195,228,1,196,9,1122,90,87,90
196,228,1,197,6,1128,65,63,60
197,228,1,198,9,1137,89,86,90
198,228,1,199,7,1144,82,82,70
199,228,1,200,5,1149,41,39,50
200,228,1,201,8,1157,69,64,80
201,228,1,202,9,1166,88,86,90
202,228,1,203,6,1172,55,55,60
203,228,1,204,8,1180,74,67,80
204,228,1,205,6,1186,66,66,60
205,228,1,206,9,1195,95,92,90
206,228,1,207,9,1204,70,66,90
207,228,1,208,3,1207,38,32,30
208,228,1,209,8,1215,78,74,80
209,228,1,210,8,1223,89,89,80
210,228,1,211,4,1227,42,42,40
211,228,1,212,4,1231,44,40,40
212,228,1,213,6,1237,79,79,60
213,228,1,214,8,1245,91,91,80
214,228,1,215,5,1250,49,49,50
215,228,1,216,3,1253,29,29,30
216,228,1,217,9,1262,101,101,90
217,228,1,218,8,1270,73,66,80
218,228,1,219,3,1273,36,33,30
219,228,1,220,9,1282,92,92,90
220,228,1,221,8,1290,81,78,80
221,228,1,222,3,1293,30,27,30
222,228,1,223,5,1298,61,58,50
223,228,1,224,9,1307,80,80,90
224,228,1,225,7,1314,70,67,70
225,228,1,226,7,1321,69,69,70
226,228,1,227,9,1330,69,69,90
227,228,1,228,4,1334,41,36,40
228,228,1,229,9,1343,93,93,90
229,228,1,230,9,1352,82,78,90
230,228,1,231,9,1361,99,94,90
231,228,1,232,3,1364,34,34,30
232,228,1,233,5,1369,54,50,50
233,228,1,234,2,1371,23,23,20
234,228,1,235,7,1378,73,73,70
235,228,1,236,2,1380,23,23,20
236,228,1,237,8,1388,78,78,80
237,228,1,238,6,1394,48,48,60
238,228,1,239,8,1402,76,73,80
239,228,1,240,9,1411,92,92,90
240,228,1,241,8,1419,68,68,80
241,228,1,242,6,1425,55,55,60
242,228,1,243,8,1433,77,71,80
243,228,1,244,2,1435,22,18,20
244,228,1,245,3,1438,32,29,30
245,228,1,246,5,1443,64,61,50
246,228,1,247,3,1446,38,38,30
247,228,1,248,3,1449,26,20,30
248,228,1,249,3,1452,25,24,30
249,228,1,250,8,1460,76,76,80
250,228,1,251,8,1468,78,78,80
251,228,1,252,9,1477,100,100,90
252,228,1,253,9,1486,89,89,90
253,228,1,254,3,1489,31,31,30
254,228,1,255,9,1498,82,80,90
255,228,1,256,7,1505,72,72,70
256,228,1,257,6,1511,62,62,60
257,228,1,258,4,1515,47,43,40
258,228,1,259,6,1521,66,66,60
259,228,1,260,6,1527,66,66,60
260,228,1,261,2,1529,24,24,20
261,228,1,262,9,1538,98,98,90
262,228,1,263,2,1540,28,28,20
263,228,1,264,5,1545,51,51,50
264,228,1,265,2,1547,23,20,20
265,228,1,266,5,1552,59,59,50
266,228,1,267,5,1557,44,44,50
267,228,1,268,8,1565,82,76,80
268,228,1,269,2,1567,22,22,20
269,228,1,270,9,1576,80,80,90
270,228,1,271,2,1578,19,19,20
271,228,1,272,8,1586,89,89,80
272,228,1,273,6,1592,60,60,60
273,228,1,274,8,1600,80,74,80
274,228,1,275,4,1604,36,36,40
275,228,1,276,6,1610,57,57,60
276,228,1,277,3,1613,35,33,30
277,228,1,278,5,1618,48,44,50
278,228,1,279,7,1625,73,73,70
279,228,1,280,8,1633,101,101,80
280,228,1,281,7,1640,67,67,70
281,228,1,282,5,1645,49,46,50
282,228,1,283,7,1652,71,71,70
283,228,1,284,9,1661,117,117,90
284,228,1,285,2,1663,17,17,20
285,228,1,286,2,1665,23,23,20
286,228,1,287,6,1671,61,61,60
287,228,1,288,5,1676,47,47,50
288,228,1,289,7,1683,69,69,70
289,228,1,290,6,1689,51,51,60
290,228,1,291,4,1693,48,48,40
291,228,1,292,7,1700,61,61,70
292,228,1,293,6,1706,61,60,60
293,228,1,294,8,1714,91,85,80
294,228,1,295,4,1718,41,41,40
295,228,1,296,2,1720,21,16,20
296,228,1,297,3,1723,34,34,30
297,228,1,298,7,1730,73,73,70
298,228,1,299,8,1738,79,76,80
299,228,1,300,4,1742,38,34,40
300,228,1,301,9,1751,96,90,90
301,228,1,302,9,1760,88,88,90
302,228,1,303,4,1764,41,41,40
303,228,1,304,2,1766,19,19,20
304,228,1,305,6,1772,49,43,60
305,228,1,306,8,1780,87,82,80
306,228,1,307,2,1782,34,34,20
307,228,1,308,6,1788,54,51,60
308,228,1,309,9,1797,105,97,90
309,228,1,310,3,1800,35,33,30
310,228,1,311,4,1804,44,41,40
311,228,1,312,3,1807,34,34,30
312,228,1,313,2,1809,22,21,20
313,228,1,314,5,1814,55,55,50
314,228,1,315,8,1822,83,83,80
315,228,1,316,3,1825,26,26,30
316,228,1,317,3,1828,33,28,30
317,228,1,318,2,1830,20,17,20
318,228,1,319,3,1833,35,35,30
319,228,1,320,4,1837,34,34,40
320,228,1,321,2,1839,18,16,20
321,228,1,322,6,1845,68,67,60
322,228,1,323,7,1852,69,62,70
323,228,1,324,6,1858,64,64,60
324,228,1,325,6,1864,58,55,60
325,228,1,326,9,1873,89,89,90
326,228,1,327,9,1882,90,90,90
327,228,1,328,5,1887,50,50,50
328,228,1,329,4,1891,33,33,40
329,228,1,330,2,1893,18,18,20
330,228,1,331,5,1898,49,44,50
331,228,1,332,8,1906,77,77,80
332,228,1,333,3,1909,34,34,30
333,228,1,334,7,1916,65,58,70
334,228,1,335,3,1919,41,37,30
335,228,1,336,6,1925,70,70,60
336,228,1,337,9,1934,90,84,90
337,228,1,338,9,1943,106,106,90
338,228,1,339,4,1947,36,36,40
339,228,1,340,4,1951,39,35,40
340,228,1,341,8,1959,80,80,80
341,228,1,342,2,1961,16,15,20
342,228,1,343,6,1967,50,50,60
343,228,1,344,4,1971,35,33,40
344,228,1,345,7,1978,75,71,70
345,228,1,346,5,1983,59,59,50
346,228,1,347,6,1989,75,75,60
347,228,1,348,2,1991,21,21,20
348,228,1,349,2,1993,15,14,20
349,228,1,350,5,1998,49,47,50
350,228,1,351,6,2004,55,55,60
351,228,1,352,9,2013,78,71,90
352,228,1,353,6,2019,73,73,60
353,228,1,354,6,2025,55,50,60
354,228,1,355,3,2028,27,25,30
355,228,1,356,9,2037,97,97,90
356,228,1,357,2,2039,19,18,20
357,228,1,358,7,2046,67,67,70
358,228,1,359,8,2054,70,60,80
359,228,1,360,3,2057,47,47,30
360,228,1,361,3,2060,33,31,30
361,228,1,362,8,2068,80,74,80
362,228,1,363,3,2071,27,27,30
363,228,1,364,3,2074,23,22,30
364,228,1,365,6,2080,60,60,60
365,228,1,366,9,2089,93,93,90
366,228,1,367,4,2093,44,41,40
367,228,1,368,8,2101,79,73,80
368,228,1,369,9,2110,86,86,90
369,228,1,370,9,2119,89,81,90
370,228,1,371,4,2123,47,47,40
371,228,1,372,7,2130,78,72,70
372,228,1,373,3,2133,29,26,30
373,228,1,374,3,2136,30,30,30
374,228,1,375,5,2141,49,49,50
375,228,1,376,7,2148,79,79,70
376,228,1,377,2,2150,21,21,20
377,228,1,378,3,2153,29,29,30
378,228,1,379,4,2157,52,52,40
379,228,1,380,9,2166,80,74,90
380,228,1,381,5,2171,47,47,50
381,228,1,382,4,2175,47,47,40
382,228,1,383,4,2179,40,40,40
383,228,1,384,3,2182,27,27,30
384,228,1,385,3,2185,32,32,30
385,228,1,386,2,2187,18,18,20
386,228,1,387,5,2192,59,55,50
387,228,1,388,6,2198,62,59,60
388,228,1,389,2,2200,21,20,20
389,228,1,390,3,2203,36,35,30
390,228,1,391,3,2206,36,36,30
391,228,1,392,5,2211,52,50,50
392,228,1,393,4,2215,45,45,40
393,228,1,394,6,2221,57,57,60
394,228,1,395,7,2228,80,80,70
395,228,1,396,7,2235,85,85,70
396,228,1,397,8,2243,76,76,80
397,228,1,398,6,2249,60,60,60
398,228,1,399,5,2254,54,54,50
399,228,1,400,8,2262,77,77,80
400,228,1,401,5,2267,51,48,50
401,228,1,402,9,2276,109,109,90
402,228,1,403,7,2283,52,49,70
403,228,1,404,6,2289,66,63,60
404,228,1,405,8,2297,99,91,80
405,228,1,406,8,2305,92,87,80
406,228,1,407,4,2309,50,50,40
407,228,1,408,9,2318,87,82,90
408,228,1,409,2,2320,29,29,20
409,228,1,410,3,2323,25,21,30
410,228,1,411,5,2328,58,58,50
411,228,1,412,7,2335,83,83,70
412,228,1,413,5,2340,55,52,50
413,228,1,414,8,2348,90,90,80
414,228,1,415,4,2352,41,41,40
415,228,1,416,2,2354,16,16,20
416,228,1,417,4,2358,56,56,40
417,228,1,418,9,2367,72,72,90
418,228,1,419,3,2370,32,32,30
419,228,1,420,8,2378,92,92,80
420,228,1,421,4,2382,41,41,40
421,228,1,422,7,2389,80,80,70
422,228,1,423,4,2393,40,40,40
423,228,1,424,9,2402,92,92,90
424,228,1,425,3,2405,40,40,30
425,228,1,426,5,2410,48,44,50
426,228,1,427,8,2418,87,77,80
427,228,1,428,6,2424,72,70,60
428,228,1,429,8,2432,74,74,80
429,228,1,430,7,2439,79,79,70
430,228,1,431,6,2445,62,60,60
431,228,1,432,4,2449,55,55,40
432,228,1,433,5,2454,42,39,50
433,228,1,434,2,2456,26,26,20
434,228,1,435,6,2462,74,74,60
435,228,1,436,2,2464,12,10,20
436,228,1,437,9,2473,88,88,90
437,228,1,438,5,2478,47,44,50
438,228,1,439,3,2481,25,25,30
439,228,1,440,4,2485,40,40,40
440,228,1,441,3,2488,21,21,30
441,228,1,442,7,2495,45,45,70
442,228,1,443,4,2499,53,49,40
443,228,1,444,3,2502,35,34,30
444,228,1,445,5,2507,58,58,50
445,228,1,446,6,2513,58,58,60
446,228,1,447,9,2522,93,85,90
447,228,1,448,6,2528,70,70,60
448,228,1,449,2,2530,15,15,20
449,228,1,450,2,2532,26,26,20
450,228,1,451,7,2539,76,76,70
451,228,1,452,9,2548,81,76,90
452,228,1,453,6,2554,59,57,60
453,228,1,454,7,2561,96,96,70
454,228,1,455,9,2570,87,82,90
455,228,1,456,4,2574,38,38,40
456,228,1,457,4,2578,34,29,40
457,228,1,458,2,2580,31,31,20
458,228,1,459,3,2583,25,22,30
459,228,1,460,4,2587,40,38,40
460,228,1,461,8,2595,85,80,80
461,228,1,462,6,2601,81,81,60
462,228,1,463,4,2605,32,32,40
463,228,1,464,2,2607,19,18,20
464,228,1,465,3,2610,34,32,30
465,228,1,466,5,2615,46,46,50
466,228,1,467,7,2622,61,58,70
467,228,1,468,7,2629,69,69,70
468,228,1,469,7,2636,67,67,70
469,228,1,470,6,2642,80,80,60
470,228,1,471,6,2648,58,58,60
471,228,1,472,6,2654,64,61,60
472,228,1,473,6,2660,57,52,60
473,228,1,474,7,2667,70,68,70
474,228,1,475,8,2675,91,91,80
475,228,1,476,4,2679,42,40,40
476,228,1,477,9,2688,94,94,90
477,228,1,478,4,2692,37,37,40
478,228,1,479,7,2699,67,64,70
479,228,1,480,3,2702,30,28,30
480,228,1,481,3,2705,36,36,30
481,228,1,482,4,2709,32,30,40
482,228,1,483,2,2711,30,30,20
483,228,1,484,2,2713,20,20,20
484,228,1,485,5,2718,46,45,50
485,228,1,486,8,2726,85,82,80
486,228,1,487,8,2734,110,103,80
487,228,1,488,9,2743,110,110,90
488,228,1,489,7,2750,86,83,70
489,228,1,490,8,2758,87,82,80
490,228,1,491,2,2760,14,13,20
491,228,1,492,3,2763,38,36,30
492,228,1,493,3,2766,33,30,30
493,228,1,494,2,2768,26,26,20
494,228,1,495,8,2776,77,77,80
495,228,1,496,4,2780,32,29,40
496,228,1,497,6,2786,62,62,60
497,228,1,498,4,2790,44,44,40
498,228,1,499,4,2794,41,35,40
499,228,1,500,3,2797,50,45,30
500,228,1,501,6,2803,64,64,60
501,228,1,502,6,2809,63,63,60
502,228,1,503,8,2817,83,79,80
503,228,1,504,2,2819,17,16,20
504,228,1,505,2,2821,24,21,20
505,228,1,506,5,2826,51,51,50
506,228,1,507,7,2833,82,82,70
507,228,1,508,2,2835,21,21,20
508,228,1,509,9,2844,84,84,90
509,228,1,510,2,2846,23,23,20
510,228,1,511,8,2854,71,71,80
511,228,1,512,4,2858,31,31,40
512,228,1,513,3,2861,30,30,30
513,228,1,514,3,2864,27,27,30
514,228,1,515,4,2868,42,42,40
515,228,1,516,5,2873,53,53,50
516,228,1,517,6,2879,54,54,60
517,228,1,518,4,2883,39,37,40
518,228,1,519,2,2885,18,18,20
519,228,1,520,9,2894,96,92,90
520,228,1,521,2,2896,25,25,20
521,228,1,522,8,2904,82,82,80
522,228,1,523,7,2911,72,72,70
523,228,1,524,4,2915,45,45,40
524,228,1,525,2,2917,25,25,20
525,228,1,526,7,2924,56,56,70
526,228,1,527,6,2930,57,57,60
527,228,1,528,9,2939,91,86,90
528,228,1,529,2,2941,24,24,20
529,228,1,530,6,2947,65,65,60
530,228,1,531,7,2954,66,66,70
531,228,1,532,3,2957,29,29,30
532,228,1,533,6,2963,53,49,60
533,228,1,534,8,2971,82,82,80
534,228,1,535,4,2975,37,37,40
535,228,1,536,7,2982,73,68,70
536,228,1,537,9,2991,93,87,90
537,228,1,538,7,2998,73,73,70
538,228,1,539,2,3000,27,27,20
539,228,1,540,8,3008,71,71,80
540,228,1,541,6,3014,77,77,60
541,228,1,542,6,3020,56,56,60
542,228,1,543,6,3026,56,56,60
543,228,1,544,6,3032,69,69,60
544,228,1,545,3,3035,36,34,30
545,228,1,546,6,3041,60,55,60
546,228,1,547,8,3049,77,77,80
547,228,1,548,5,3054,43,43,50
548,228,1,549,2,3056,19,19,20
549,228,1,550,7,3063,78,78,70
550,228,1,551,8,3071,66,61,80
551,228,1,552,3,3074,28,26,30
552,228,1,553,3,3077,27,27,30
553,228,1,554,2,3079,17,15,20
554,228,1,555,2,3081,28,28,20
555,228,1,556,2,3083,16,16,20
556,228,1,557,3,3086,26,26,30
557,228,1,558,8,3094,70,70,80
558,228,1,559,3,3097,31,31,30
559,228,1,560,6,3103,52,52,60
560,228,1,561,8,3111,81,76,80
561,228,1,562,2,3113,18,18,20
562,228,1,563,8,3121,102,102,80
563,228,1,564,8,3129,93,93,80
564,228,1,565,7,3136,74,68,70
565,228,1,566,6,3142,65,61,60
566,228,1,567,8,3150,71,67,80
567,228,1,568,4,3154,38,38,40
568,228,1,569,8,3162,88,88,80
569,228,1,570,5,3167,57,57,50
570,228,1,571,3,3170,29,27,30
571,228,1,572,8,3178,91,86,80
572,228,1,573,7,3185,78,78,70
573,228,1,574,2,3187,17,17,20
574,228,1,575,6,3193,60,60,60
575,228,1,576,3,3196,30,28,30
576,228,1,577,3,3199,31,31,30
577,228,1,578,4,3203,40,40,40
578,228,1,579,6,3209,53,49,60
579,228,1,580,5,3214,64,62,50
580,228,1,581,4,3218,46,40,40
581,228,1,582,4,3222,55,55,40
582,228,1,583,7,3229,63,63,70
583,228,1,584,3,3232,31,31,30
584,228,1,585,5,3237,48,48,50
585,228,1,586,8,3245,80,80,80
586,228,1,587,3,3248,24,24,30
587,228,1,588,8,3256,85,85,80
588,228,1,589,7,3263,54,54,70
589,228,1,590,7,3270,68,68,70
590,228,1,591,6,3276,66,66,60
591,228,1,592,4,3280,44,44,40
592,228,1,593,2,3282,29,26,20
593,228,1,594,2,3284,22,21,20
594,228,1,595,5,3289,64,58,50
595,228,1,596,2,3291,28,24,20
596,228,1,597,4,3295,43,43,40
597,228,1,598,4,3299,28,26,40
598,228,1,599,5,3304,52,50,50
599,228,1,600,2,3306,18,18,20
600,228,1,601,3,3309,35,35,30
601,228,1,602,7,3316,64,64,70
602,228,1,603,3,3319,28,27,30
603,228,1,604,7,3326,81,81,70
604,228,1,605,9,3335,83,83,90
605,228,1,606,3,3338,39,39,30
606,228,1,607,7,3345,69,67,70
607,228,1,608,2,3347,18,15,20
608,228,1,609,5,3352,50,48,50
609,228,1,610,3,3355,26,26,30
610,228,1,611,3,3358,27,27,30
611,228,1,612,2,3360,18,16,20
612,228,1,613,7,3367,65,62,70
613,228,1,614,2,3369,29,29,20
614,228,1,615,9,3378,81,81,90
615,228,1,616,2,3380,22,22,20
616,228,1,617,5,3385,37,37,50
617,228,1,618,4,3389,46,46,40
618,228,1,619,9,3398,81,81,90
619,228,1,620,6,3404,78,74,60
620,228,1,621,2,3406,26,24,20
621,228,1,622,4,3410,37,37,40
622,228,1,623,8,3418,70,67,80
623,228,1,624,3,3421,32,32,30
624,228,1,625,4,3425,45,45,40
625,228,1,626,6,3431,55,54,60
626,228,1,627,6,3437,71,71,60
627,228,1,628,6,3443,58,53,60
628,228,1,629,8,3451,82,78,80
629,228,1,630,5,3456,59,59,50
630,228,1,631,8,3464,79,76,80
631,228,1,632,9,3473,92,87,90
632,228,1,633,2,3475,19,19,20
633,228,1,634,2,3477,25,22,20
634,228,1,635,4,3481,39,39,40
635,228,1,636,7,3488,71,71,70
636,228,1,637,2,3490,28,28,20
637,228,1,638,7,3497,79,76,70
638,228,1,639,6,3503,60,55,60
639,228,1,640,4,3507,45,40,40
640,228,1,641,9,3516,78,74,90
641,228,1,642,5,3521,57,57,50
642,228,1,643,4,3525,39,39,40
643,228,1,644,4,3529,40,40,40
644,228,1,645,3,3532,32,30,30
645,228,1,646,6,3538,57,55,60
646,228,1,647,7,3545,71,71,70
647,228,1,648,6,3551,64,61,60
648,228,1,649,7,3558,78,78,70
649,228,1,650,4,3562,31,28,40
650,228,1,651,8,3570,74,69,80
651,228,1,652,9,3579,99,93,90
652,228,1,653,9,3588,107,107,90
653,228,1,654,2,3590,21,21,20
654,228,1,655,5,3595,65,62,50
655,228,1,656,8,3603,98,98,80
656,228,1,657,8,3611,87,87,80
657,228,1,658,2,3613,23,23,20
658,228,1,659,8,3621,75,75,80
659,228,1,660,4,3625,35,35,40
660,228,1,661,3,3628,29,27,30
661,228,1,662,4,3632,48,46,40
662,228,1,663,5,3637,50,50,50
663,228,1,664,6,3643,62,62,60
664,228,1,665,9,3652,93,91,90
665,228,1,666,4,3656,35,32,40
666,228,1,667,6,3662,53,48,60
667,228,1,668,9,3671,103,97,90
668,228,1,669,7,3678,64,64,70
669,228,1,670,4,3682,28,27,40
670,228,1,671,6,3688,58,58,60
671,228,1,672,6,3694,57,57,60
672,228,1,673,5,3699,35,32,50
673,228,1,674,2,3701,27,25,20
674,228,1,675,7,3708,76,76,70
675,228,1,676,8,3716,101,101,80
676,228,1,677,4,3720,40,40,40
677,228,1,678,7,3727,73,73,70
678,228,1,679,4,3731,39,38,40
679,228,1,680,7,3738,72,72,70
680,228,1,681,6,3744,64,64,60
681,228,1,682,7,3751,67,60,70
682,228,1,683,3,3754,35,35,30
683,228,1,684,9,3763,83,74,90
684,228,1,685,4,3767,39,39,40
685,228,1,686,9,3776,90,90,90
686,228,1,687,5,3781,40,40,50
687,228,1,688,6,3787,54,54,60
688,228,1,689,4,3791,33,33,40
689,228,1,690,3,3794,23,22,30
690,228,1,691,9,3803,79,73,90
691,228,1,692,8,3811,80,80,80
692,228,1,693,6,3817,49,45,60
693,228,1,694,2,3819,21,21,20
694,228,1,695,6,3825,52,52,60
695,228,1,696,5,3830,48,48,50
696,228,1,697,8,3838,92,92,80
697,228,1,698,3,3841,30,28,30
698,228,1,699,4,3845,37,37,40
699,228,1,700,7,3852,74,74,70
700,228,1,701,4,3856,43,43,40
701,228,1,702,9,3865,92,92,90
702,228,1,703,9,3874,91,86,90
703,228,1,704,2,3876,27,27,20
704,228,1,705,5,3881,56,53,50
705,228,1,706,2,3883,24,24,20
706,228,1,707,4,3887,40,40,40
707,228,1,708,7,3894,81,76,70
708,228,1,709,7,3901,64,64,70
709,228,1,710,7,3908,73,73,70
710,228,1,711,6,3914,63,62,60
711,228,1,712,4,3918,41,41,40
712,228,1,713,6,3924,66,64,60
713,228,1,714,6,3930,49,49,60
714,228,1,715,9,3939,83,83,90
715,228,1,716,4,3943,39,36,40
716,228,1,717,7,3950,69,69,70
717,228,1,718,2,3952,15,15,20
718,228,1,719,5,3957,53,53,50
719,228,1,720,5,3962,46,46,50
720,228,1,721,7,3969,66,66,70
721,228,1,722,9,3978,83,76,90
722,228,1,723,2,3980,35,35,20
723,228,1,724,5,3985,47,42,50
724,228,1,725,9,3994,97,94,90
725,228,1,726,8,4002,93,93,80
726,228,1,727,9,4011,90,90,90
727,228,1,728,7,4018,57,57,70
728,228,1,729,5,4023,54,54,50
729,228,1,730,9,4032,106,99,90
730,228,1,731,4,4036,48,48,40
731,228,1,732,7,4043,77,77,70
732,228,1,733,3,4046,22,22,30
733,228,1,734,2,4048,19,19,20
734,228,1,735,5,4053,47,41,50
735,228,1,736,8,4061,76,76,80
736,228,1,737,9,4070,101,101,90
737,228,1,738,3,4073,33,33,30
738,228,1,739,6,4079,55,55,60
739,228,1,740,4,4083,41,41,40
740,228,1,741,4,4087,33,33,40
741,228,1,742,2,4089,23,23,20
742,228,1,743,5,4094,50,50,50
743,228,1,744,5,4099,47,44,50
744,228,1,745,3,4102,34,32,30
745,228,1,746,3,4105,38,33,30
746,228,1,747,3,4108,35,31,30
747,228,1,748,8,4116,90,90,80
748,228,1,749,9,4125,76,76,90
749,228,1,750,8,4133,88,88,80
750,228,1,751,6,4139,67,67,60
751,228,1,752,6,4145,79,79,60
752,228,1,753,9,4154,98,94,90
753,228,1,754,2,4156,34,34,20
754,228,1,755,8,4164,93,84,80
755,228,1,756,3,4167,36,36,30
756,228,1,757,7,4174,69,69,70
757,228,1,758,7,4181,77,77,70
758,228,1,759,9,4190,93,92,90
759,228,1,760,2,4192,25,25,20
760,228,1,761,8,4200,75,70,80
761,228,1,762,6,4206,62,58,60
762,228,1,763,6,4212,47,43,60
763,228,1,764,8,4220,87,84,80
764,228,1,765,3,4223,41,41,30
765,228,1,766,9,4232,88,83,90
766,228,1,767,7,4239,88,88,70
767,228,1,768,5,4244,56,48,50
768,228,1,769,7,4251,94,88,70
769,228,1,770,6,4257,56,52,60
770,228,1,771,9,4266,76,74,90
771,228,1,772,6,4272,59,59,60
772,228,1,773,3,4275,40,40,30
773,228,1,774,8,4283,83,83,80
774,228,1,775,3,4286,35,35,30
775,228,1,776,7,4293,63,63,70
776,228,1,777,9,4302,76,76,90
777,228,1,778,5,4307,44,44,50
778,228,1,779,8,4315,77,73,80
779,228,1,780,4,4319,46,46,40
780,228,1,781,2,4321,28,28,20
781,228,1,782,8,4329,86,86,80
782,228,1,783,6,4335,71,71,60
783,228,1,784,8,4343,91,87,80
784,228,1,785,6,4349,56,54,60
785,228,1,786,6,4355,65,65,60
786,228,1,787,2,4357,20,20,20
787,228,1,788,8,4365,100,100,80
788,228,1,789,8,4373,81,81,80
789,228,1,790,5,4378,51,47,50
790,228,1,791,6,4384,67,67,60
791,228,1,792,5,4389,48,48,50
792,228,1,793,7,4396,82,82,70
793,228,1,794,5,4401,49,49,50
794,228,1,795,9,4410,90,85,90
795,228,1,796,2,4412,21,21,20
796,228,1,797,3,4415,35,35,30
797,228,1,798,6,4421,70,70,60
798,228,1,799,2,4423,18,18,20
799,228,1,800,9,4432,96,92,90
800,228,1,801,4,4436,41,41,40
801,228,1,802,4,4440,42,40,40
802,228,1,803,2,4442,25,23,20
803,228,1,804,9,4451,88,84,90
804,228,1,805,3,4454,32,28,30
805,228,1,806,3,4457,30,27,30
806,228,1,807,7,4464,75,75,70
807,228,1,808,8,4472,70,66,80
808,228,1,809,2,4474,26,23,20
809,228,1,810,7,4481,61,61,70
810,228,1,811,5,4486,52,52,50
811,228,1,812,7,4493,63,56,70
812,228,1,813,6,4499,65,62,60
813,228,1,814,3,4502,33,33,30
814,228,1,815,7,4509,79,79,70
815,228,1,816,7,4516,67,67,70
816,228,1,817,4,4520,50,50,40
817,228,1,818,6,4526,50,50,60
818,228,1,819,2,4528,14,14,20
819,228,1,820,2,4530,19,19,20
820,228,1,821,3,4533,36,36,30
821,228,1,822,6,4539,66,61,60
822,228,1,823,8,4547,74,74,80
823,228,1,824,6,4553,59,59,60
824,228,1,825,4,4557,36,36,40
825,228,1,826,5,4562,58,58,50
826,228,1,827,5,4567,42,42,50
827,228,1,828,6,4573,62,58,60
828,228,1,829,6,4579,75,75,60
829,228,1,830,5,4584,52,50,50
830,228,1,831,3,4587,36,33,30
831,228,1,832,9,4596,100,100,90
832,228,1,833,6,4602,63,59,60
833,228,1,834,8,4610,89,89,80
834,228,1,835,5,4615,57,54,50
835,228,1,836,3,4618,42,38,30
836,228,1,837,6,4624,69,66,60
837,228,1,838,7,4631,75,75,70
838,228,1,839,3,4634,24,23,30
839,228,1,840,7,4641,86,83,70
840,228,1,841,2,4643,26,26,20
841,228,1,842,4,4647,47,44,40
842,228,1,843,3,4650,35,33,30
843,228,1,844,7,4657,62,56,70
844,228,1,845,8,4665,99,99,80
845,228,1,846,2,4667,20,20,20
846,228,1,847,9,4676,92,84,90
847,228,1,848,3,4679,37,35,30
848,228,1,849,6,4685,62,62,60
849,228,1,850,3,4688,29,27,30
850,228,1,851,7,4695,76,71,70
851,228,1,852,7,4702,79,79,70
852,228,1,853,8,4710,86,78,80
853,228,1,854,7,4717,72,72,70
854,228,1,855,5,4722,59,59,50
855,228,1,856,8,4730,71,71,80
856,228,1,857,3,4733,33,28,30
857,228,1,858,5,4738,47,47,50
858,228,1,859,2,4740,16,16,20
859,228,1,860,4,4744,47,47,40
860,228,1,861,9,4753,77,74,90
861,228,1,862,5,4758,61,57,50
862,228,1,863,7,4765,70,60,70
863,228,1,864,3,4768,37,37,30
864,228,1,865,6,4774,68,68,60
865,228,1,866,7,4781,65,65,70
866,228,1,867,5,4786,44,44,50
867,228,1,868,9,4795,82,77,90
868,228,1,869,9,4804,85,77,90
869,228,1,870,2,4806,23,20,20
870,228,1,871,2,4808,31,31,20
871,228,1,872,7,4815,68,68,70
872,228,1,873,6,4821,52,50,60
873,228,1,874,5,4826,45,45,50
874,228,1,875,6,4832,60,60,60
875,228,1,876,4,4836,44,44,40
876,228,1,877,2,4838,24,24,20
877,228,1,878,3,4841,19,19,30
878,228,1,879,8,4849,87,82,80
879,228,1,880,2,4851,19,16,20
880,228,1,881,9,4860,96,96,90
881,228,1,882,4,4864,31,27,40
882,228,1,883,2,4866,14,12,20
883,228,1,884,7,4873,75,75,70
884,228,1,885,8,4881,80,80,80
885,228,1,886,2,4883,16,14,20
886,228,1,887,6,4889,61,56,60
887,228,1,888,7,4896,76,72,70
888,228,1,889,5,4901,50,50,50
889,228,1,890,8,4909,88,84,80
890,228,1,891,4,4913,49,49,40
891,228,1,892,8,4921,66,62,80
892,228,1,893,7,4928,84,83,70
893,228,1,894,7,4935,82,82,70
894,228,1,895,7,4942,62,60,70
895,228,1,896,5,4947,44,39,50
896,228,1,897,9,4956,105,101,90
897,228,1,898,4,4960,50,50,40
898,228,1,899,6,4966,79,79,60
899,228,1,900,4,4970,40,40,40
900,228,1,901,9,4979,103,103,90
901,228,1,902,7,4986,87,87,70
902,228,1,903,6,4992,67,64,60
903,228,1,904,6,4998,61,61,60
904,228,2,1,7,7,73,73,70
905,228,2,2,8,15,86,77,80
906,228,2,3,3,18,35,35,30
907,228,2,4,6,24,51,51,60
908,228,2,5,5,29,60,54,50
909,228,2,6,6,35,58,56,60
910,228,2,7,3,38,40,40,30
911,228,2,8,6,44,82,75,60
912,228,2,9,5,49,57,53,50
913,228,2,10,9,58,83,83,90
914,228,2,11,4,62,34,34,40
915,228,2,12,6,68,67,67,60
916,228,2,13,3,71,28,26,30
917,228,2,14,5,76,41,41,50
918,228,2,15,6,82,70,63,60
919,228,2,16,9,91,102,98,90
920,228,2,17,6,97,66,66,60
921,228,2,18,8,105,89,83,80
922,228,2,19,6,111,72,72,60
923,228,2,20,2,113,22,22,20
924,228,2,21,2,115,19,16,20
925,228,2,22,8,123,81,78,80
926,228,2,23,2,125,24,19,20
927,228,2,24,5,130,54,54,50
928,228,2,25,8,138,83,76,80
929,228,2,26,4,142,56,56,40
930,228,2,27,2,144,26,26,20
931,228,2,28,2,146,19,18,20
932,228,2,29,3,149,34,34,30
933,228,2,30,7,156,73,73,70
934,228,2,31,3,159,27,25,30
935,228,2,32,8,167,77,77,80
936,228,2,33,5,172,68,68,50
937,228,2,34,6,178,67,67,60
938,228,2,35,4,182,32,32,40
939,228,2,36,5,187,42,39,50
940,228,2,37,2,189,29,29,20
941,228,2,38,9,198,89,79,90
942,228,2,39,6,204,69,64,60
943,228,2,40,6,210,76,76,60
944,228,2,41,3,213,32,32,30
945,228,2,42,7,220,59,54,70
946,228,2,43,6,226,88,84,60
947,228,2,44,7,233,80,80,70
948,228,2,45,8,241,79,79,80
949,228,2,46,7,248,85,85,70
950,228,2,47,6,254,48,44,60
951,228,2,48,7,261,77,77,70
952,228,2,49,4,265,39,34,40
953,228,2,50,3,268,31,31,30
954,228,2,51,3,271,33,32,30
955,228,2,52,5,276,63,63,50
956,228,2,53,8,284,76,70,80
957,228,2,54,2,286,21,18,20
958,228,2,55,8,294,88,88,80
959,228,2,56,9,303,81,74,90
960,228,2,57,6,309,62,62,60
961,228,2,58,5,314,54,49,50
962,228,2,59,6,320,79,72,60
963,228,2,60,6,326,60,57,60
964,228,2,61,9,335,85,81,90
965,228,2,62,6,341,55,55,60
966,228,2,63,5,346,45,43,50
967,228,2,64,7,353,78,72,70
968,228,2,65,2,355,19,19,20
969,228,2,66,8,363,78,78,80
970,228,2,67,2,365,23,23,20
971,228,2,68,8,373,76,76,80
972,228,2,69,9,382,85,82,90
973,228,2,70,8,390,90,90,80
974,228,2,71,4,394,34,34,40
975,228,2,72,7,401,85,85,70
976,228,2,73,2,403,26,23,20
977,228,2,74,7,410,79,79,70
978,228,2,75,7,417,79,79,70
979,228,2,76,7,424,58,58,70
980,228,2,77,6,430,71,66,60
981,228,2,78,9,439,94,94,90
982,228,2,79,2,441,10,9,20
983,228,2,80,4,445,43,43,40
984,228,2,81,7,452,70,65,70
985,228,2,82,8,460,86,78,80
986,228,2,83,7,467,77,75,70
987,228,2,84,2,469,19,19,20
988,228,2,85,9,478,85,82,90
989,228,2,86,4,482,39,36,40
990,228,2,87,5,487,45,45,50
991,228,2,88,4,491,56,52,40
992,228,2,89,3,494,31,31,30
993,228,2,90,2,496,22,22,20
994,228,2,91,3,499,29,29,30
995,228,2,92,4,503,39,39,40
996,228,2,93,7,510,63,61,70
997,228,2,94,9,519,82,79,90
998,228,2,95,7,526,68,66,70
999,228,2,96,2,528,29,29,20
1000,228,2,97,6,534,66,66,60
1001,228,2,98,8,542,80,76,80
1002,228,2,99,8,550,95,88,80
1003,228,2,100,5,555,51,51,50
1004,228,2,101,3,558,24,24,30
1005,228,2,102,5,563,49,49,50
1006,228,2,103,6,569,63,57,60
1007,228,2,104,7,576,81,81,70
1008,228,2,105,2,578,23,23,20
1009,228,2,106,2,580,12,10,20
1010,228,2,107,8,588,76,76,80
1011,228,2,108,7,595,76,76,70
1012,228,2,109,2,597,16,16,20
1013,228,2,110,7,604,76,76,70
1014,228,2,111,2,606,18,18,20
1015,228,2,112,2,608,13,11,20
1016,228,2,113,4,612,47,47,40
1017,228,2,114,4,616,41,39,40
1018,228,2,115,2,618,18,18,20
1019,228,2,116,7,625,71,71,70
1020,228,2,117,8,633,75,75,80
1021,228,2,118,6,639,56,56,60
1022,228,2,119,4,643,43,42,40
1023,228,2,120,2,645,16,16,20
1024,228,2,121,7,652,72,69,70
1025,228,2,122,8,660,85,85,80
1026,228,2,123,6,666,64,64,60
1027,228,2,124,8,674,62,62,80
1028,228,2,125,3,677,33,30,30
1029,228,2,126,3,680,31,28,30
1030,228,2,127,5,685,61,57,50
1031,228,2,128,5,690,65,61,50
1032,228,2,129,9,699,100,96,90
1033,228,2,130,8,707,70,70,80
1034,228,2,131,3,710,31,31,30
1035,228,2,132,8,718,78,78,80
1036,228,2,133,9,727,83,83,90
1037,228,2,134,8,735,63,63,80
1038,228,2,135,6,741,67,60,60
1039,228,2,136,5,746,64,60,50
1040,228,2,137,4,750,41,41,40
1041,228,2,138,4,754,44,44,40
1042,228,2,139,7,761,72,72,70
1043,228,2,140,7,768,62,62,70
1044,228,2,141,3,771,27,23,30
1045,228,2,142,6,777,60,55,60
1046,228,2,143,8,785,90,83,80
1047,228,2,144,5,790,58,58,50
1048,228,2,145,3,793,25,25,30
1049,228,2,146,3,796,26,26,30
1050,228,2,147,3,799,25,23,30
1051,228,2,148,8,807,77,77,80
1052,228,2,149,4,811,40,40,40
1053,228,2,150,8,819,77,74,80
1054,228,2,151,9,828,83,83,90
1055,228,2,152,4,832,27,27,40
1056,228,2,153,5,837,66,66,50
1057,228,2,154,5,842,47,47,50
1058,228,2,155,3,845,27,27,30
1059,228,2,156,5,850,43,40,50
1060,228,2,157,8,858,91,91,80
1061,228,2,158,3,861,26,23,30
1062,228,2,159,4,865,45,45,40
1063,228,2,160,6,871,70,70,60
1064,228,2,161,6,877,47,47,60
1065,228,2,162,7,884,74,74,70
1066,228,2,163,8,892,78,78,80
1067,228,2,164,8,900,86,80,80
1068,228,2,165,4,904,45,45,40
1069,228,2,166,5,909,42,39,50
1070,228,2,167,6,915,55,55,60
1071,228,2,168,9,924,89,82,90
1072,228,2,169,9,933,98,98,90
1073,228,2,170,9,942,80,80,90
1074,228,2,171,3,945,28,26,30
1075,228,2,172,8,953,75,67,80
1076,228,2,173,6,959,77,77,60
1077,228,2,174,2,961,18,18,20
1078,228,2,175,4,965,38,38,40
1079,228,2,176,6,971,52,50,60
1080,228,2,177,7,978,68,68,70
1081,228,2,178,4,982,30,28,40
1082,228,2,179,9,991,82,82,90
1083,228,2,180,8,999,78,78,80
1084,228,2,181,3,1002,39,34,30
1085,228,2,182,7,1009,68,63,70
1086,228,2,183,7,1016,67,63,70
1087,228,2,184,4,1020,36,36,40
1088,228,2,185,2,1022,18,18,20
1089,228,2,186,4,1026,36,35,40
1090,228,2,187,9,1035,83,83,90
1091,228,2,188,8,1043,79,79,80
1092,228,2,189,4,1047,45,42,40
1093,228,2,190,3,1050,35,31,30
1094,228,2,191,2,1052,18,18,20
1095,228,2,192,3,1055,26,21,30
1096,228,2,193,8,1063,89,89,80
1097,228,2,194,7,1070,58,57,70
1098,228,2,195,6,1076,47,47,60
1099,228,2,196,8,1084,86,86,80
1100,228,2,197,2,1086,24,22,20
1101,228,2,198,3,1089,45,45,30
1102,228,2,199,9,1098,84,84,90
1103,228,2,200,8,1106,68,63,80
1104,228,2,201,9,1115,105,105,90
1105,228,2,202,5,1120,41,41,50
1106,228,2,203,8,1128,76,76,80
1107,228,2,204,6,1134,57,57,60
1108,228,2,205,5,1139,51,51,50
1109,228,2,206,5,1144,41,41,50
1110,228,2,207,4,1148,36,30,40
1111,228,2,208,2,1150,26,26,20
1112,228,2,209,8,1158,80,80,80
1113,228,2,210,5,1163,55,55,50
1114,228,2,211,9,1172,112,108,90
1115,228,2,212,7,1179,76,73,70
1116,228,2,213,9,1188,99,99,90
1117,228,2,214,8,1196,83,77,80
1118,228,2,215,5,1201,45,41,50
1119,228,2,216,2,1203,23,21,20
1120,228,2,217,4,1207,46,46,40
1121,228,2,218,6,1213,55,52,60
1122,228,2,219,8,1221,86,79,80
1123,228,2,220,9,1230,124,124,90
1124,228,2,221,5,1235,61,61,50
1125,228,2,222,7,1242,67,67,70
1126,228,2,223,7,1249,70,65,70
1127,228,2,224,4,1253,50,50,40
1128,228,2,225,3,1256,33,33,30
1129,228,2,226,2,1258,15,14,20
1130,228,2,227,4,1262,42,42,40
1131,228,2,228,9,1271,91,91,90
1132,228,2,229,3,1274,35,35,30
1133,228,2,230,6,1280,65,65,60
1134,228,2,231,8,1288,85,85,80
1135,228,2,232,8,1296,82,82,80
1136,228,2,233,4,1300,33,33,40
1137,228,2,234,3,1303,41,41,30
1138,228,2,235,9,1312,89,89,90
1139,228,2,236,2,1314,25,23,20
1140,228,2,237,9,1323,89,89,90
1141,228,2,238,9,1332,96,96,90
1142,228,2,239,9,1341,102,102,90
1143,228,2,240,9,1350,101,94,90
1144,228,2,241,6,1356,60,58,60
1145,228,2,242,2,1358,16,16,20
1146,228,2,243,6,1364,58,58,60
1147,228,2,244,5,1369,44,42,50
1148,228,2,245,7,1376,74,71,70
1149,228,2,246,3,1379,35,35,30
1150,228,2,247,2,1381,19,16,20
1151,228,2,248,6,1387,60,56,60
1152,228,2,249,9,1396,102,102,90
1153,228,2,250,5,1401,44,41,50
1154,228,2,251,8,1409,91,85,80
1155,228,2,252,3,1412,25,20,30
1156,228,2,253,4,1416,44,41,40
1157,228,2,254,9,1425,91,91,90
1158,228,2,255,4,1429,47,47,40
1159,228,2,256,6,1435,45,43,60
1160,228,2,257,8,1443,87,87,80
1161,228,2,258,2,1445,12,11,20
1162,228,2,259,3,1448,29,29,30
1163,228,2,260,4,1452,33,33,40
1164,228,2,261,9,1461,85,85,90
1165,228,2,262,7,1468,73,73,70
1166,228,2,263,5,1473,45,45,50
1167,228,2,264,5,1478,37,37,50
1168,228,2,265,5,1483,52,52,50
1169,228,2,266,7,1490,64,62,70
1170,228,2,267,3,1493,32,32,30
1171,228,2,268,2,1495,13,13,20
1172,228,2,269,2,1497,12,11,20
1173,228,2,270,9,1506,84,84,90
1174,228,2,271,8,1514,92,90,80
1175,228,2,272,9,1523,100,96,90
1176,228,2,273,4,1527,39,36,40
1177,228,2,274,5,1532,54,52,50
1178,228,2,275,8,1540,102,102,80
1179,228,2,276,2,1542,23,23,20
1180,228,2,277,4,1546,39,39,40
1181,228,2,278,5,1551,48,48,50
1182,228,2,279,6,1557,58,58,60
1183,228,2,280,7,1564,69,69,70
1184,228,2,281,4,1568,32,32,40
1185,228,2,282,7,1575,67,65,70
1186,228,2,283,7,1582,70,65,70
1187,228,2,284,7,1589,68,63,70
1188,228,2,285,8,1597,94,88,80
1189,228,2,286,8,1605,82,82,80
1190,228,2,287,9,1614,89,89,90
1191,228,2,288,7,1621,75,75,70
1192,228,2,289,9,1630,90,87,90
1193,228,2,290,3,1633,32,29,30
1194,228,2,291,2,1635,19,19,20
1195,228,2,292,4,1639,39,39,40
1196,228,2,293,8,1647,72,72,80
1197,228,2,294,8,1655,70,66,80
1198,228,2,295,7,1662,62,58,70
1199,228,2,296,6,1668,55,55,60
1200,228,2,297,6,1674,47,40,60
1201,228,2,298,9,1683,86,86,90
1202,228,2,299,3,1686,19,19,30
1203,228,2,300,8,1694,96,96,80
1204,228,2,301,5,1699,52,52,50
1205,228,2,302,5,1704,45,45,50
1206,228,2,303,8,1712,92,87,80
1207,228,2,304,3,1715,35,32,30
1208,228,2,305,7,1722,62,60,70
1209,228,2,306,4,1726,42,42,40
1210,228,2,307,7,1733,76,76,70
1211,228,2,308,5,1738,61,61,50
1212,228,2,309,6,1744,52,52,60
1213,228,2,310,2,1746,20,20,20
1214,228,2,311,7,1753,82,82,70
1215,228,2,312,5,1758,47,47,50
1216,228,2,313,4,1762,31,31,40
1217,228,2,314,7,1769,83,83,70
1218,228,2,315,6,1775,66,66,60
1219,228,2,316,9,1784,86,86,90
1220,228,2,317,3,1787,22,22,30
1221,228,2,318,4,1791,45,45,40
1222,228,2,319,5,1796,57,57,50
1223,228,2,320,2,1798,20,20,20
1224,228,2,321,6,1804,60,56,60
1225,228,2,322,3,1807,43,41,30
1226,228,2,323,9,1816,79,74,90
1227,228,2,324,6,1822,56,54,60
1228,228,2,325,7,1829,63,63,70
1229,228,2,326,9,1838,91,81,90
1230,228,2,327,5,1843,59,59,50
1231,228,2,328,9,1852,103,103,90
1232,228,2,329,3,1855,34,31,30
1233,228,2,330,3,1858,27,25,30
1234,228,2,331,3,1861,34,34,30
1235,228,2,332,2,1863,14,14,20
1236,228,2,333,4,1867,36,35,40
1237,228,2,334,7,1874,85,79,70
1238,228,2,335,3,1877,34,31,30
1239,228,2,336,3,1880,36,36,30
1240,228,2,337,3,1883,33,31,30
1241,228,2,338,9,1892,74,74,90
1242,228,2,339,3,1895,27,24,30
1243,228,2,340,5,1900,58,58,50
1244,228,2,341,6,1906,71,67,60
1245,228,2,342,2,1908,20,20,20
1246,228,2,343,6,1914,58,54,60
1247,228,2,344,9,1923,107,103,90
1248,228,2,345,4,1927,55,55,40
1249,228,2,346,2,1929,16,13,20
1250,228,2,347,5,1934,50,45,50
1251,228,2,348,7,1941,88,81,70
1252,228,2,349,5,1946,51,51,50
1253,228,2,350,5,1951,40,36,50
1254,228,2,351,2,1953,20,20,20
1255,228,2,352,4,1957,35,34,40
1256,228,2,353,4,1961,43,40,40
1257,228,2,354,5,1966,51,51,50
1258,228,2,355,4,1970,43,43,40
1259,228,2,356,7,1977,56,52,70
1260,228,2,357,9,1986,96,96,90
1261,228,2,358,7,1993,69,65,70
1262,228,2,359,7,2000,78,78,70
1263,228,2,360,3,2003,38,38,30
1264,228,2,361,9,2012,125,114,90
1265,228,2,362,6,2018,76,71,60
1266,228,2,363,7,2025,82,82,70
1267,228,2,364,6,2031,67,62,60
1268,228,2,365,2,2033,19,19,20
1269,228,2,366,4,2037,38,38,40
1270,228,2,367,6,2043,49,49,60
1271,228,2,368,5,2048,46,44,50
1272,228,2,369,5,2053,54,54,50
1273,228,2,370,2,2055,16,16,20
1274,228,2,371,6,2061,71,71,60
1275,228,2,372,5,2066,40,40,50
1276,228,2,373,3,2069,26,26,30
1277,228,2,374,8,2077,94,94,80
1278,228,2,375,8,2085,81,81,80
1279,228,2,376,8,2093,63,58,80
1280,228,2,377,7,2100,81,81,70
1281,228,2,378,5,2105,51,48,50
1282,228,2,379,6,2111,63,61,60
1283,228,2,380,8,2119,78,70,80
1284,228,2,381,4,2123,47,47,40
1285,228,2,382,7,2130,69,69,70
1286,228,2,383,9,2139,106,101,90
1287,228,2,384,7,2146,80,74,70
1288,228,2,385,4,2150,50,49,40
1289,228,2,386,8,2158,77,77,80
1290,228,2,387,9,2167,102,102,90
1291,228,2,388,5,2172,49,44,50
1292,228,2,389,4,2176,40,40,40
1293,228,2,390,4,2180,39,39,40
1294,228,2,391,9,2189,89,89,90
1295,228,2,392,9,2198,88,84,90
1296,228,2,393,2,2200,20,18,20
1297,228,2,394,3,2203,29,27,30
1298,228,2,395,3,2206,30,30,30
1299,228,2,396,9,2215,84,84,90
1300,228,2,397,6,2221,67,67,60
1301,228,2,398,9,2230,83,83,90
1302,228,2,399,6,2236,46,46,60
1303,228,2,400,8,2244,95,90,80
1304,228,2,401,3,2247,33,33,30
1305,228,2,402,4,2251,38,38,40
1306,228,2,403,8,2259,81,81,80
1307,228,2,404,3,2262,36,36,30
1308,228,2,405,9,2271,92,88,90
1309,228,2,406,8,2279,83,76,80
1310,228,2,407,8,2287,83,78,80
1311,228,2,408,3,2290,42,40,30
1312,228,2,409,5,2295,74,74,50
1313,228,2,410,8,2303,90,90,80
1314,228,2,411,5,2308,57,57,50
1315,228,2,412,4,2312,54,51,40
1316,228,2,413,5,2317,66,66,50
1317,228,2,414,8,2325,85,85,80
1318,228,2,415,7,2332,72,72,70
1319,228,2,416,2,2334,19,19,20
1320,228,2,417,9,2343,95,95,90
1321,228,2,418,9,2352,86,82,90
1322,228,2,419,3,2355,37,37,30
1323,228,2,420,6,2361,64,59,60
1324,228,2,421,9,2370,94,94,90
1325,228,2,422,2,2372,18,18,20
1326,228,2,423,8,2380,87,82,80
1327,228,2,424,3,2383,36,34,30
1328,228,2,425,9,2392,71,71,90
1329,228,2,426,9,2401,100,100,90
1330,228,2,427,6,2407,54,54,60
1331,228,2,428,2,2409,17,17,20
1332,228,2,429,3,2412,29,26,30
1333,228,2,430,4,2416,53,49,40
1334,228,2,431,7,2423,81,73,70
1335,228,2,432,4,2427,57,57,40
1336,228,2,433,4,2431,42,38,40
1337,228,2,434,3,2434,30,30,30
1338,228,2,435,8,2442,84,84,80
1339,228,2,436,7,2449,69,67,70
1340,228,2,437,7,2456,85,78,70
1341,228,2,438,9,2465,93,93,90
1342,228,2,439,6,2471,50,50,60
1343,228,2,440,4,2475,44,42,40
1344,228,2,441,4,2479,37,34,40
1345,228,2,442,3,2482,32,30,30
1346,228,2,443,9,2491,103,103,90
1347,228,2,444,9,2500,87,87,90
1348,228,2,445,3,2503,30,29,30
1349,228,2,446,8,2511,92,92,80
1350,228,2,447,8,2519,80,80,80
1351,228,2,448,8,2527,76,76,80
1352,228,2,449,7,2534,77,73,70
1353,228,2,450,3,2537,27,27,30
1354,228,2,451,7,2544,71,63,70
1355,228,2,452,7,2551,73,73,70
1356,228,2,453,6,2557,57,57,60
1357,228,2,454,5,2562,57,50,50
1358,228,2,455,3,2565,38,34,30
1359,228,2,456,6,2571,62,62,60
1360,228,2,457,3,2574,36,36,30
1361,228,2,458,6,2580,56,50,60
1362,228,2,459,7,2587,69,69,70
1363,228,2,460,9,2596,80,80,90
1364,228,2,461,8,2604,81,81,80
1365,228,2,462,9,2613,75,75,90
1366,228,2,463,2,2615,14,11,20
1367,228,2,464,5,2620,46,44,50
1368,228,2,465,3,2623,37,34,30
1369,228,2,466,3,2626,30,29,30
1370,228,2,467,3,2629,32,32,30
1371,228,2,468,3,2632,28,25,30
1372,228,2,469,8,2640,83,83,80
1373,228,2,470,9,2649,86,86,90
1374,228,2,471,2,2651,23,21,20
1375,228,2,472,2,2653,33,33,20
1376,228,2,473,6,2659,65,58,60
1377,228,2,474,7,2666,71,71,70
1378,228,2,475,3,2669,37,37,30
1379,228,2,476,6,2675,51,48,60
1380,228,2,477,6,2681,58,58,60
1381,228,2,478,3,2684,20,20,30
1382,228,2,479,9,2693,103,103,90
1383,228,2,480,7,2700,76,76,70
1384,228,2,481,4,2704,41,41,40
1385,228,2,482,5,2709,51,47,50
1386,228,2,483,9,2718,84,84,90
1387,228,2,484,5,2723,50,50,50
1388,228,2,485,6,2729,56,53,60
1389,228,2,486,2,2731,18,14,20
1390,228,2,487,8,2739,91,86,80
1391,228,2,488,2,2741,31,29,20
1392,228,2,489,8,2749,85,85,80
1393,228,2,490,7,2756,84,78,70
1394,228,2,491,6,2762,62,62,60
1395,228,2,492,6,2768,62,62,60
1396,228,2,493,7,2775,54,52,70
1397,228,2,494,2,2777,18,16,20
1398,228,2,495,5,2782,55,47,50
1399,228,2,496,9,2791,88,84,90
1400,228,2,497,3,2794,42,39,30
1401,228,2,498,2,2796,24,24,20
1402,228,2,499,3,2799,33,30,30
1403,228,2,500,5,2804,61,61,50
1404,228,2,501,6,2810,57,55,60
1405,228,2,502,8,2818,79,79,80
1406,228,2,503,5,2823,43,43,50
1407,228,2,504,6,2829,66,66,60
1408,228,2,505,3,2832,36,33,30
1409,228,2,506,4,2836,48,46,40
1410,228,2,507,8,2844,94,89,80
1411,228,2,508,4,2848,41,36,40
1412,228,2,509,7,2855,69,69,70
1413,228,2,510,8,2863,65,61,80
1414,228,2,511,8,2871,94,94,80
1415,228,2,512,4,2875,35,35,40
1416,228,2,513,8,2883,82,78,80
1417,228,2,514,8,2891,90,90,80
1418,228,2,515,4,2895,49,49,40
1419,228,2,516,4,2899,35,32,40
1420,228,2,517,3,2902,26,22,30
1421,228,2,518,5,2907,56,56,50
1422,228,2,519,5,2912,54,54,50
1423,228,2,520,4,2916,36,32,40
1424,228,2,521,7,2923,71,66,70
1425,228,2,522,2,2925,21,21,20
1426,228,2,523,5,2930,51,49,50
1427,228,2,524,4,2934,39,39,40
1428,228,2,525,7,2941,75,67,70
1429,228,2,526,6,2947,59,59,60
1430,228,2,527,4,2951,42,42,40
1431,228,2,528,9,2960,109,109,90
1432,228,2,529,8,2968,74,74,80
1433,228,2,530,9,2977,102,98,90
1434,228,2,531,4,2981,46,46,40
1435,228,2,532,8,2989,87,81,80
1436,228,2,533,3,2992,36,32,30
1437,228,2,534,7,2999,69,69,70
1438,228,2,535,3,3002,31,31,30
1439,228,2,536,9,3011,106,106,90
1440,228,2,537,2,3013,21,17,20
1441,228,2,538,9,3022,111,111,90
1442,228,2,539,8,3030,80,74,80
1443,228,2,540,4,3034,49,49,40
1444,228,2,541,2,3036,27,27,20
1445,228,2,542,2,3038,24,24,20
1446,228,2,543,4,3042,41,41,40
1447,228,2,544,6,3048,58,48,60
1448,228,2,545,2,3050,28,28,20
1449,228,2,546,5,3055,47,47,50
1450,228,2,547,6,3061,57,57,60
1451,228,2,548,5,3066,37,35,50
1452,228,2,549,2,3068,22,22,20
1453,228,2,550,8,3076,71,63,80
1454,228,2,551,5,3081,56,54,50
1455,228,2,552,2,3083,20,19,20
1456,228,2,553,7,3090,62,62,70
1457,228,2,554,4,3094,35,35,40
1458,228,2,555,8,3102,78,78,80
1459,228,2,556,4,3106,51,51,40
1460,228,2,557,3,3109,28,28,30
1461,228,2,558,4,3113,50,48,40
1462,228,2,559,2,3115,28,26,20
1463,228,2,560,4,3119,39,39,40
1464,228,2,561,8,3127,72,72,80
1465,228,2,562,8,3135,76,70,80
1466,228,2,563,7,3142,78,78,70
1467,228,2,564,2,3144,15,15,20
1468,228,2,565,6,3150,64,64,60
1469,228,2,566,5,3155,55,52,50
1470,228,2,567,9,3164,98,97,90
1471,228,2,568,7,3171,71,71,70
1472,228,2,569,3,3174,23,23,30
1473,228,2,570,4,3178,37,34,40
1474,228,2,571,6,3184,59,59,60
1475,228,2,572,2,3186,22,22,20
1476,228,2,573,5,3191,57,54,50
1477,228,2,574,5,3196,59,59,50
1478,228,2,575,8,3204,86,86,80
1479,228,2,576,7,3211,71,71,70
1480,228,2,577,4,3215,38,35,40
1481,228,2,578,2,3217,26,24,20
1482,228,2,579,8,3225,83,76,80
1483,228,2,580,8,3233,93,89,80
1484,228,2,581,2,3235,23,22,20
1485,228,2,582,7,3242,65,65,70
1486,228,2,583,3,3245,32,32,30
1487,228,2,584,7,3252,75,75,70
1488,228,2,585,5,3257,47,47,50
1489,228,2,586,7,3264,72,72,70
1490,228,2,587,7,3271,67,67,70
1491,228,2,588,2,3273,23,20,20
1492,228,2,589,3,3276,29,29,30
1493,228,2,590,3,3279,43,43,30
1494,228,2,591,8,3287,86,77,80
1495,228,2,592,6,3293,71,70,60
1496,228,2,593,6,3299,60,60,60
1497,228,2,594,4,3303,38,35,40
1498,228,2,595,7,3310,74,74,70
1499,228,2,596,4,3314,41,41,40
1500,228,2,597,6,3320,55,55,60
1501,228,2,598,4,3324,32,28,40
1502,228,2,599,9,3333,93,93,90
1503,228,2,600,4,3337,37,33,40
1504,228,2,601,8,3345,89,89,80
1505,228,2,602,7,3352,63,63,70
1506,228,2,603,6,3358,66,66,60
1507,228,2,604,3,3361,36,36,30
1508,228,2,605,7,3368,81,81,70
1509,228,2,606,9,3377,81,81,90
1510,228,2,607,4,3381,43,43,40
1511,228,2,608,3,3384,28,28,30
1512,228,2,609,9,3393,99,99,90
1513,228,2,610,7,3400,60,60,70
1514,228,2,611,3,3403,26,26,30
1515,228,2,612,7,3410,75,75,70
1516,228,2,613,2,3412,18,18,20
1517,228,2,614,7,3419,55,48,70
1518,228,2,615,6,3425,51,48,60
1519,228,2,616,8,3433,79,79,80
1520,228,2,617,7,3440,66,66,70
1521,228,2,618,8,3448,89,89,80
1522,228,2,619,8,3456,69,69,80
1523,228,2,620,4,3460,40,40,40
1524,228,2,621,2,3462,18,18,20
1525,228,2,622,5,3467,48,48,50
1526,228,2,623,5,3472,38,33,50
1527,228,2,624,5,3477,56,54,50
1528,228,2,625,3,3480,33,33,30
1529,228,2,626,2,3482,12,12,20
1530,228,2,627,4,3486,42,36,40
1531,228,2,628,4,3490,46,43,40
1532,228,2,629,2,3492,20,20,20
1533,228,2,630,9,3501,70,70,90
1534,228,2,631,8,3509,85,85,80
1535,228,2,632,2,3511,20,20,20
1536,228,2,633,6,3517,58,54,60
1537,228,2,634,2,3519,22,22,20
1538,228,2,635,7,3526,61,59,70
1539,228,2,636,2,3528,22,22,20
1540,228,2,637,7,3535,65,65,70
1541,228,2,638,6,3541,64,64,60
1542,228,2,639,3,3544,47,47,30
1543,228,2,640,5,3549,41,41,50
1544,228,2,641,2,3551,16,16,20
1545,228,2,642,9,3560,91,91,90
1546,228,2,643,5,3565,36,34,50
1547,228,2,644,9,3574,100,94,90
1548,228,2,645,9,3583,103,103,90
1549,228,2,646,7,3590,75,75,70
1550,228,2,647,8,3598,76,74,80
1551,228,2,648,7,3605,57,52,70
1552,228,2,649,8,3613,85,85,80
1553,228,2,650,5,3618,50,48,50
1554,228,2,651,6,3624,51,48,60
1555,228,2,652,6,3630,59,59,60
1556,228,2,653,2,3632,19,19,20
1557,228,2,654,6,3638,67,67,60
1558,228,2,655,3,3641,16,16,30
1559,228,2,656,5,3646,64,62,50
1560,228,2,657,8,3654,81,75,80
1561,228,2,658,2,3656,23,21,20
1562,228,2,659,2,3658,23,23,20
1563,228,2,660,4,3662,44,44,40
1564,228,2,661,5,3667,46,46,50
1565,228,2,662,6,3673,68,66,60
1566,228,2,663,8,3681,78,78,80
1567,228,2,664,8,3689,73,73,80
1568,228,2,665,4,3693,38,38,40
1569,228,2,666,5,3698,32,31,50
1570,228,2,667,6,3704,42,39,60
1571,228,2,668,6,3710,49,42,60
1572,228,2,669,4,3714,47,45,40
1573,228,2,670,2,3716,19,18,20
1574,228,2,671,5,3721,55,49,50
1575,228,2,672,3,3724,41,41,30
1576,228,2,673,8,3732,80,80,80
1577,228,2,674,6,3738,60,60,60
1578,228,2,675,3,3741,23,23,30
1579,228,2,676,6,3747,58,58,60
1580,228,2,677,2,3749,12,11,20
1581,228,2,678,3,3752,32,31,30
1582,228,2,679,4,3756,32,29,40
1583,228,2,680,8,3764,85,81,80
1584,228,2,681,8,3772,82,82,80
1585,228,2,682,6,3778,57,52,60
1586,228,2,683,8,3786,84,84,80
1587,228,2,684,4,3790,38,38,40
1588,228,2,685,8,3798,68,66,80
1589,228,2,686,5,3803,42,38,50
1590,228,2,687,5,3808,43,41,50
1591,228,2,688,9,3817,101,95,90
1592,228,2,689,4,3821,45,42,40
1593,228,2,690,6,3827,65,59,60
1594,228,2,691,9,3836,91,91,90
1595,228,2,692,5,3841,56,56,50
1596,228,2,693,2,3843,18,17,20
1597,228,2,694,4,3847,39,36,40
1598,228,2,695,5,3852,51,48,50
1599,228,2,696,9,3861,85,82,90
1600,228,2,697,9,3870,93,93,90
1601,228,2,698,8,3878,92,92,80
1602,228,2,699,7,3885,75,70,70
1603,228,2,700,4,3889,45,45,40
1604,228,2,701,8,3897,79,74,80
1605,228,2,702,2,3899,15,15,20
1606,228,2,703,5,3904,41,41,50
1607,228,2,704,4,3908,47,44,40
1608,228,2,705,3,3911,39,39,30
1609,228,2,706,3,3914,31,31,30
1610,228,2,707,7,3921,80,80,70
1611,228,2,708,3,3924,33,33,30
1612,228,2,709,5,3929,54,54,50
1613,228,2,710,3,3932,28,28,30
1614,228,2,711,9,3941,84,77,90
1615,228,2,712,9,3950,90,90,90
1616,228,2,713,6,3956,52,52,60
1617,228,2,714,3,3959,29,29,30
1618,228,2,715,7,3966,76,76,70
1619,228,2,716,5,3971,55,52,50
1620,228,2,717,3,3974,32,32,30
1621,228,2,718,4,3978,39,39,40
1622,228,2,719,5,3983,44,44,50
1623,228,2,720,8,3991,81,77,80
1624,228,2,721,7,3998,83,83,70
1625,228,2,722,6,4004,54,54,60
1626,228,2,723,7,4011,61,61,70
1627,228,2,724,9,4020,89,89,90
1628,228,2,725,5,4025,61,61,50
1629,228,2,726,2,4027,16,15,20
1630,228,2,727,5,4032,45,43,50
1631,228,2,728,7,4039,81,78,70
1632,228,2,729,3,4042,36,34,30
1633,228,2,730,2,4044,21,21,20
1634,228,2,731,4,4048,40,35,40
1635,228,2,732,8,4056,87,87,80
1636,228,2,733,7,4063,77,77,70
1637,228,2,734,8,4071,81,81,80
1638,228,2,735,8,4079,71,71,80
1639,228,2,736,6,4085,47,47,60
1640,228,2,737,2,4087,26,26,20
1641,228,2,738,2,4089,24,20,20
1642,228,2,739,5,4094,57,57,50
1643,228,2,740,9,4103,86,80,90
1644,228,2,741,3,4106,31,31,30
1645,228,2,742,5,4111,61,55,50
1646,228,2,743,8,4119,91,85,80
1647,228,2,744,3,4122,45,45,30
1648,228,2,745,4,4126,35,35,40
1649,228,2,746,3,4129,35,35,30
1650,228,2,747,2,4131,12,12,20
1651,228,2,748,9,4140,96,96,90
1652,228,2,749,4,4144,31,31,40
1653,228,2,750,9,4153,76,76,90
1654,228,2,751,5,4158,49,49,50
1655,228,2,752,7,4165,74,68,70
1656,228,2,753,9,4174,108,104,90
1657,228,2,754,8,4182,93,93,80
1658,228,2,755,8,4190,81,81,80
1659,228,2,756,6,4196,59,59,60
1660,228,2,757,9,4205,85,85,90
1661,228,2,758,3,4208,30,30,30
1662,228,2,759,8,4216,83,81,80
1663,228,2,760,9,4225,96,96,90
1664,228,2,761,4,4229,35,35,40
1665,228,2,762,4,4233,41,37,40
1666,228,2,763,4,4237,44,44,40
1667,228,2,764,3,4240,25,22,30
1668,228,2,765,6,4246,53,46,60
1669,228,2,766,2,4248,27,27,20
1670,228,2,767,8,4256,82,77,80
1671,228,2,768,4,4260,46,46,40
1672,228,2,769,3,4263,28,25,30
1673,228,2,770,5,4268,52,49,50
1674,228,2,771,6,4274,63,58,60
1675,228,2,772,7,4281,80,80,70
1676,228,2,773,6,4287,54,54,60
1677,228,2,774,9,4296,100,100,90
1678,228,2,775,2,4298,13,11,20
1679,228,2,776,4,4302,29,29,40
1680,228,2,777,5,4307,51,50,50
1681,228,2,778,5,4312,49,46,50
1682,228,2,779,2,4314,28,26,20
1683,228,2,780,9,4323,72,66,90
1684,228,2,781,6,4329,66,66,60
1685,228,2,782,3,4332,26,26,30
1686,228,2,783,3,4335,27,27,30
1687,228,2,784,9,4344,98,90,90
1688,228,2,785,8,4352,92,86,80
1689,228,2,786,7,4359,85,85,70
1690,228,2,787,3,4362,30,30,30
1691,228,2,788,3,4365,30,28,30
1692,228,2,789,4,4369,32,32,40
1693,228,2,790,6,4375,70,70,60
1694,228,2,791,5,4380,52,52,50
1695,228,2,792,2,4382,20,17,20
1696,228,2,793,4,4386,36,36,40
1697,228,2,794,5,4391,57,57,50
1698,228,2,795,6,4397,69,69,60
1699,228,2,796,3,4400,30,30,30
1700,228,2,797,8,4408,86,79,80
1701,228,2,798,8,4416,92,84,80
1702,228,2,799,9,4425,100,96,90
1703,228,2,800,4,4429,62,62,40
1704,228,2,801,9,4438,80,76,90
1705,228,2,802,8,4446,86,86,80
1706,228,2,803,4,4450,27,27,40
1707,228,2,804,3,4453,41,39,30
1708,228,2,805,7,4460,62,59,70
1709,228,2,806,5,4465,49,47,50
1710,228,2,807,4,4469,45,45,40
1711,228,2,808,3,4472,35,35,30
1712,228,2,809,3,4475,31,29,30
1713,228,2,810,7,4482,66,60,70
1714,228,2,811,5,4487,56,56,50
1715,228,2,812,9,4496,83,83,90
1716,228,2,813,7,4503,83,77,70
1717,228,2,814,5,4508,57,55,50
1718,228,2,815,8,4516,68,68,80
1719,228,2,816,5,4521,31,31,50
1720,228,2,817,5,4526,47,45,50
1721,228,2,818,7,4533,66,63,70
1722,228,2,819,7,4540,76,71,70
1723,228,2,820,9,4549,98,98,90
1724,228,2,821,2,4551,13,13,20
1725,228,2,822,7,4558,73,73,70
1726,228,2,823,5,4563,42,42,50
1727,228,2,824,5,4568,54,54,50
1728,228,2,825,4,4572,39,39,40
1729,228,2,826,3,4575,29,27,30
1730,228,2,827,8,4583,80,80,80
1731,228,2,828,4,4587,41,41,40
1732,228,2,829,6,4593,58,55,60
1733,228,2,830,7,4600,79,79,70
1734,228,2,831,2,4602,19,19,20
1735,228,2,832,5,4607,37,35,50
1736,228,2,833,8,4615,77,77,80
1737,228,2,834,9,4624,95,95,90
1738,228,2,835,5,4629,47,44,50
1739,228,2,836,7,4636,61,61,70
1740,228,2,837,9,4645,96,96,90
1741,228,2,838,2,4647,24,24,20
1742,228,2,839,9,4656,83,77,90
1743,228,2,840,6,4662,59,59,60
1744,228,2,841,4,4666,50,50,40
1745,228,2,842,5,4671,51,51,50
1746,228,2,843,8,4679,69,66,80
1747,228,2,844,2,4681,28,26,20
1748,228,2,845,4,4685,48,46,40
1749,228,2,846,9,4694,99,99,90
1750,228,2,847,9,4703,76,76,90
1751,228,2,848,8,4711,84,84,80
1752,228,2,849,9,4720,88,85,90
1753,228,2,850,7,4727,74,70,70
1754,228,2,851,5,4732,55,49,50
1755,228,2,852,2,4734,21,18,20
1756,228,2,853,9,4743,108,99,90
1757,228,2,854,9,4752,112,103,90
1758,228,2,855,3,4755,36,36,30
1759,228,2,856,4,4759,45,45,40
1760,228,2,857,2,4761,23,23,20
1761,228,2,858,7,4768,81,81,70
1762,228,2,859,4,4772,38,35,40
1763,228,2,860,4,4776,35,35,40
1764,228,2,861,9,4785,92,88,90
1765,228,2,862,2,4787,30,30,20
1766,228,2,863,2,4789,27,27,20
1767,228,2,864,3,4792,32,29,30
1768,228,2,865,4,4796,51,51,40
1769,228,2,866,3,4799,32,30,30
1770,228,2,867,7,4806,64,64,70
1771,228,2,868,2,4808,22,22,20
1772,228,2,869,8,4816,71,71,80
1773,228,2,870,8,4824,80,80,80
1774,228,2,871,3,4827,28,27,30
1775,228,2,872,2,4829,16,16,20
1776,228,2,873,6,4835,56,50,60
1777,228,2,874,7,4842,90,90,70
1778,228,2,875,8,4850,79,74,80
1779,228,2,876,9,4859,89,83,90
1780,228,2,877,9,4868,82,77,90
1781,228,2,878,7,4875,67,67,70
1782,228,2,879,3,4878,38,34,30
1783,228,2,880,4,4882,40,39,40
1784,228,2,881,9,4891,124,124,90
1785,228,2,882,8,4899,79,79,80
1786,228,2,883,7,4906,70,70,70
1787,228,2,884,8,4914,70,70,80
1788,228,2,885,3,4917,37,37,30
1789,228,2,886,6,4923,59,59,60
1790,228,2,887,6,4929,61,61,60
1791,228,2,888,7,4936,82,74,70
1792,228,2,889,8,4944,84,84,80
1793,228,2,890,7,4951,80,80,70
1794,228,2,891,3,4954,27,27,30
1795,228,2,892,3,4957,26,26,30
1796,228,2,893,5,4962,55,53,50
1797,228,2,894,5,4967,49,45,50
1798,228,2,895,3,4970,36,36,30
1799,228,2,896,5,4975,47,47,50
1800,228,2,897,8,4983,82,78,80
1801,228,2,898,2,4985,23,23,20
1802,228,2,899,6,4991,69,69,60
1803,228,2,900,5,4996,53,53,50
1804,228,3,1,9,9,94,90,90
1805,228,3,2,8,17,78,78,80
1806,228,3,3,3,20,25,22,30
1807,228,3,4,4,24,50,50,40
1808,228,3,5,2,26,24,24,20
1809,228,3,6,6,32,50,44,60
1810,228,3,7,5,37,46,44,50
1811,228,3,8,2,39,22,22,20
1812,228,3,9,5,44,45,44,50
1813,228,3,10,8,52,77,69,80
1814,228,3,11,6,58,51,51,60
1815,228,3,12,3,61,39,34,30
1816,228,3,13,4,65,44,44,40
1817,228,3,14,8,73,82,79,80
1818,228,3,15,2,75,22,22,20
1819,228,3,16,5,80,54,54,50
1820,228,3,17,4,84,27,26,40
1821,228,3,18,4,88,40,38,40
1822,228,3,19,2,90,22,22,20
1823,228,3,20,7,97,74,74,70
1824,228,3,21,5,102,43,40,50
1825,228,3,22,6,108,57,57,60
1826,228,3,23,6,114,59,59,60
1827,228,3,24,3,117,35,35,30
1828,228,3,25,8,125,79,77,80
1829,228,3,26,2,127,30,30,20
1830,228,3,27,6,133,59,56,60
1831,228,3,28,4,137,41,41,40
1832,228,3,29,6,143,60,55,60
1833,228,3,30,3,146,30,30,30
1834,228,3,31,7,153,69,69,70
1835,228,3,32,4,157,37,37,40
1836,228,3,33,7,164,67,67,70
1837,228,3,34,8,172,62,58,80
1838,228,3,35,8,180,79,79,80
1839,228,3,36,7,187,65,58,70
1840,228,3,37,5,192,51,51,50
1841,228,3,38,9,201,88,88,90
1842,228,3,39,9,210,86,86,90
1843,228,3,40,5,215,46,44,50
1844,228,3,41,7,222,61,61,70
1845,228,3,42,2,224,21,20,20
1846,228,3,43,5,229,63,63,50
1847,228,3,44,7,236,64,64,70
1848,228,3,45,3,239,26,26,30
1849,228,3,46,4,243,46,46,40
1850,228,3,47,7,250,72,72,70
1851,228,3,48,5,255,44,44,50
1852,228,3,49,3,258,30,30,30
1853,228,3,50,8,266,93,91,80
1854,228,3,51,9,275,93,89,90
1855,228,3,52,2,277,29,25,20
1856,228,3,53,8,285,87,87,80
1857,228,3,54,4,289,34,34,40
1858,228,3,55,5,294,51,51,50
1859,228,3,56,9,303,62,62,90
1860,228,3,57,7,310,68,68,70
1861,228,3,58,2,312,24,22,20
1862,228,3,59,4,316,36,34,40
1863,228,3,60,8,324,94,94,80
1864,228,3,61,8,332,71,69,80
1865,228,3,62,2,334,20,17,20
1866,228,3,63,5,339,59,59,50
1867,228,3,64,6,345,50,45,60
1868,228,3,65,8,353,88,81,80
1869,228,3,66,8,361,87,82,80
1870,228,3,67,4,365,46,44,40
1871,228,3,68,4,369,49,49,40
1872,228,3,69,3,372,39,39,30
1873,228,3,70,7,379,79,73,70
1874,228,3,71,8,387,70,70,80
1875,228,3,72,2,389,19,18,20
1876,228,3,73,8,397,72,72,80
1877,228,3,74,9,406,83,79,90
1878,228,3,75,2,408,29,29,20
1879,228,3,76,6,414,59,59,60
1880,228,3,77,2,416,20,20,20
1881,228,3,78,7,423,79,76,70
1882,228,3,79,8,431,75,75,80
1883,228,3,80,7,438,80,80,70
1884,228,3,81,9,447,87,84,90
1885,228,3,82,2,449,24,24,20
1886,228,3,83,7,456,65,63,70
1887,228,3,84,5,461,53,53,50
1888,228,3,85,9,470,104,104,90
1889,228,3,86,2,472,20,20,20
1890,228,3,87,4,476,29,29,40
1891,228,3,88,6,482,54,54,60
1892,228,3,89,3,485,32,29,30
1893,228,3,90,3,488,30,26,30
1894,228,3,91,2,490,32,31,20
1895,228,3,92,3,493,26,24,30
1896,228,3,93,8,501,71,65,80
1897,228,3,94,3,504,30,30,30
1898,228,3,95,8,512,67,63,80
1899,228,3,96,6,518,72,60,60
1900,228,3,97,3,521,40,40,30
1901,228,3,98,6,527,43,43,60
1902,228,3,99,7,534,73,73,70
1903,228,3,100,8,542,78,78,80
1904,228,3,101,8,550,86,79,80
1905,228,3,102,4,554,44,44,40
1906,228,3,103,7,561,65,65,70
1907,228,3,104,2,563,11,11,20
1908,228,3,105,9,572,100,95,90
1909,228,3,106,2,574,23,22,20
1910,228,3,107,2,576,26,24,20
1911,228,3,108,8,584,73,73,80
1912,228,3,109,9,593,99,99,90
1913,228,3,110,6,599,57,57,60
1914,228,3,111,3,602,29,25,30
1915,228,3,112,3,605,35,32,30
1916,228,3,113,5,610,50,50,50
1917,228,3,114,4,614,39,37,40
1918,228,3,115,4,618,38,38,40
1919,228,3,116,9,627,80,80,90
1920,228,3,117,3,630,40,40,30
1921,228,3,118,2,632,15,15,20
1922,228,3,119,3,635,27,27,30
1923,228,3,120,3,638,30,30,30
1924,228,3,121,9,647,104,100,90
1925,228,3,122,2,649,29,26,20
1926,228,3,123,6,655,79,75,60
1927,228,3,124,7,662,76,76,70
1928,228,3,125,6,668,60,57,60
1929,228,3,126,4,672,41,38,40
1930,228,3,127,4,676,43,41,40
1931,228,3,128,3,679,27,27,30
1932,228,3,129,3,682,32,32,30
1933,228,3,130,8,690,95,95,80
1934,228,3,131,7,697,83,83,70
1935,228,3,132,2,699,20,20,20
1936,228,3,133,2,701,19,18,20
1937,228,3,134,6,707,50,50,60
1938,228,3,135,2,709,23,20,20
1939,228,3,136,9,718,89,82,90
1940,228,3,137,6,724,69,69,60
1941,228,3,138,9,733,99,99,90
1942,228,3,139,5,738,53,50,50
1943,228,3,140,4,742,44,44,40
1944,228,3,141,5,747,62,62,50
1945,228,3,142,7,754,62,62,70
1946,228,3,143,8,762,92,92,80
1947,228,3,144,2,764,17,15,20
1948,228,3,145,9,773,115,110,90
1949,228,3,146,2,775,27,27,20
1950,228,3,147,6,781,57,57,60
1951,228,3,148,5,786,52,52,50
1952,228,3,149,2,788,20,20,20
1953,228,3,150,6,794,50,50,60
1954,228,3,151,8,802,80,80,80
1955,228,3,152,5,807,48,48,50
1956,228,3,153,2,809,21,21,20
1957,228,3,154,8,817,69,69,80
1958,228,3,155,7,824,57,52,70
1959,228,3,156,7,831,78,78,70
1960,228,3,157,2,833,23,21,20
1961,228,3,158,4,837,46,38,40
1962,228,3,159,9,846,105,101,90
1963,228,3,160,3,849,42,42,30
1964,228,3,161,2,851,16,15,20
1965,228,3,162,7,858,82,82,70
1966,228,3,163,4,862,35,35,40
1967,228,3,164,4,866,53,49,40
1968,228,3,165,7,873,76,73,70
1969,228,3,166,4,877,54,54,40
1970,228,3,167,2,879,17,17,20
1971,228,3,168,5,884,58,56,50
1972,228,3,169,2,886,22,20,20
1973,228,3,170,2,888,25,23,20
1974,228,3,171,2,890,33,28,20
1975,228,3,172,9,899,116,116,90
1976,228,3,173,5,904,52,47,50
1977,228,3,174,9,913,91,91,90
1978,228,3,175,5,918,58,58,50
1979,228,3,176,8,926,71,61,80
1980,228,3,177,5,931,65,65,50
1981,228,3,178,7,938,71,71,70
1982,228,3,179,8,946,86,84,80
1983,228,3,180,2,948,19,17,20
1984,228,3,181,3,951,38,37,30
1985,228,3,182,3,954,27,27,30
1986,228,3,183,4,958,34,34,40
1987,228,3,184,4,962,37,37,40
1988,228,3,185,7,969,69,69,70
1989,228,3,186,4,973,30,30,40
1990,228,3,187,5,978,44,41,50
1991,228,3,188,2,980,24,23,20
1992,228,3,189,3,983,37,37,30
1993,228,3,190,7,990,65,62,70
1994,228,3,191,4,994,43,43,40
1995,228,3,192,5,999,57,53,50
1996,228,3,193,9,1008,99,99,90
1997,228,3,194,9,1017,92,88,90
1998,228,3,195,3,1020,29,29,30
1999,228,3,196,3,1023,26,24,30
2000,228,3,197,2,1025,25,24,20
2001,228,3,198,9,1034,94,94,90
2002,228,3,199,2,1036,14,13,20
2003,228,3,200,7,1043,53,53,70
2004,228,3,201,6,1049,65,65,60
2005,228,3,202,8,1057,60,60,80
2006,228,3,203,7,1064,63,58,70
2007,228,3,204,9,1073,96,96,90
2008,228,3,205,7,1080,70,70,70
2009,228,3,206,7,1087,59,59,70
2010,228,3,207,7,1094,62,62,70
2011,228,3,208,6,1100,61,61,60
2012,228,3,209,6,1106,56,50,60
2013,228,3,210,8,1114,98,98,80
2014,228,3,211,8,1122,73,73,80
2015,228,3,212,6,1128,79,79,60
2016,228,3,213,3,1131,34,34,30
2017,228,3,214,4,1135,47,45,40
2018,228,3,215,3,1138,35,31,30
2019,228,3,216,5,1143,54,54,50
2020,228,3,217,8,1151,79,76,80
2021,228,3,218,8,1159,93,93,80
2022,228,3,219,8,1167,89,86,80
2023,228,3,220,9,1176,96,89,90
2024,228,3,221,9,1185,83,83,90
2025,228,3,222,5,1190,45,45,50
2026,228,3,223,6,1196,63,59,60
2027,228,3,224,3,1199,29,29,30
2028,228,3,225,7,1206,63,58,70
2029,228,3,226,9,1215,83,83,90
2030,228,3,227,4,1219,46,44,40
2031,228,3,228,3,1222,28,28,30
2032,228,3,229,3,1225,27,23,30
2033,228,3,230,8,1233,95,95,80
2034,228,3,231,2,1235,22,22,20
2035,228,3,232,4,1239,46,44,40
2036,228,3,233,4,1243,42,40,40
2037,228,3,234,6,1249,56,56,60
2038,228,3,235,2,1251,15,15,20
2039,228,3,236,2,1253,22,22,20
2040,228,3,237,4,1257,26,26,40
2041,228,3,238,4,1261,29,29,40
2042,228,3,239,8,1269,76,76,80
2043,228,3,240,5,1274,49,45,50
2044,228,3,241,3,1277,29,29,30
2045,228,3,242,7,1284,83,83,70
2046,228,3,243,6,1290,70,70,60
2047,228,3,244,8,1298,83,83,80
2048,228,3,245,8,1306,73,73,80
2049,228,3,246,5,1311,51,51,50
2050,228,3,247,6,1317,62,62,60
2051,228,3,248,7,1324,68,68,70
2052,228,3,249,6,1330,57,57,60
2053,228,3,250,2,1332,21,21,20
2054,228,3,251,2,1334,21,21,20
2055,228,3,252,5,1339,37,32,50
2056,228,3,253,6,1345,63,62,60
2057,228,3,254,2,1347,17,17,20
2058,228,3,255,6,1353,64,60,60
2059,228,3,256,5,1358,61,61,50
2060,228,3,257,5,1363,36,33,50
2061,228,3,258,5,1368,62,62,50
2062,228,3,259,5,1373,48,45,50
2063,228,3,260,7,1380,71,71,70
2064,228,3,261,8,1388,71,67,80
2065,228,3,262,4,1392,43,43,40
2066,228,3,263,7,1399,64,64,70
2067,228,3,264,3,1402,40,37,30
2068,228,3,265,8,1410,91,91,80
2069,228,3,266,6,1416,64,58,60
2070,228,3,267,5,1421,58,54,50
2071,228,3,268,4,1425,52,49,40
2072,228,3,269,4,1429,35,35,40
2073,228,3,270,4,1433,55,55,40
2074,228,3,271,3,1436,36,31,30
2075,228,3,272,2,1438,23,21,20
2076,228,3,273,7,1445,85,79,70
2077,228,3,274,9,1454,103,98,90
2078,228,3,275,7,1461,76,76,70
2079,228,3,276,9,1470,84,84,90
2080,228,3,277,5,1475,43,43,50
2081,228,3,278,6,1481,77,77,60
2082,228,3,279,8,1489,90,83,80
2083,228,3,280,8,1497,89,89,80
2084,228,3,281,3,1500,24,20,30
2085,228,3,282,2,1502,20,20,20
2086,228,3,283,3,1505,30,29,30
2087,228,3,284,5,1510,46,45,50
2088,228,3,285,9,1519,83,79,90
2089,228,3,286,3,1522,26,26,30
2090,228,3,287,2,1524,21,19,20
2091,228,3,288,3,1527,31,29,30
2092,228,3,289,7,1534,70,70,70
2093,228,3,290,8,1542,96,96,80
2094,228,3,291,7,1549,82,82,70
2095,228,3,292,5,1554,44,44,50
2096,228,3,293,3,1557,28,26,30
2097,228,3,294,9,1566,88,81,90
2098,228,3,295,4,1570,39,39,40
2099,228,3,296,3,1573,27,27,30
2100,228,3,297,2,1575,17,17,20
2101,228,3,298,5,1580,62,62,50
2102,228,3,299,3,1583,39,37,30
2103,228,3,300,9,1592,121,114,90
2104,228,3,301,2,1594,26,23,20
2105,228,3,302,5,1599,49,49,50
2106,228,3,303,6,1605,60,60,60
2107,228,3,304,8,1613,98,98,80
2108,228,3,305,8,1621,72,67,80
2109,228,3,306,6,1627,56,56,60
2110,228,3,307,7,1634,66,66,70
2111,228,3,308,7,1641,85,75,70
2112,228,3,309,7,1648,78,78,70
2113,228,3,310,5,1653,51,51,50
2114,228,3,311,4,1657,43,43,40
2115,228,3,312,9,1666,86,86,90
2116,228,3,313,6,1672,50,50,60
2117,228,3,314,3,1675,40,38,30
2118,228,3,315,9,1684,82,73,90
2119,228,3,316,6,1690,80,72,60
2120,228,3,317,7,1697,91,91,70
2121,228,3,318,2,1699,20,20,20
2122,228,3,319,3,1702,22,21,30
2123,228,3,320,5,1707,58,58,50
2124,228,3,321,8,1715,85,85,80
2125,228,3,322,6,1721,58,58,60
2126,228,3,323,7,1728,81,81,70
2127,228,3,324,2,1730,18,17,20
2128,228,3,325,6,1736,62,62,60
2129,228,3,326,7,1743,67,67,70
2130,228,3,327,4,1747,37,37,40
2131,228,3,328,5,1752,47,47,50
2132,228,3,329,3,1755,26,26,30
2133,228,3,330,2,1757,21,16,20
2134,228,3,331,5,1762,51,51,50
2135,228,3,332,8,1770,73,73,80
2136,228,3,333,5,1775,51,49,50
2137,228,3,334,3,1778,28,28,30
2138,228,3,335,9,1787,91,82,90
2139,228,3,336,3,1790,42,42,30
2140,228,3,337,4,1794,39,39,40
2141,228,3,338,3,1797,36,33,30
2142,228,3,339,8,1805,85,82,80
2143,228,3,340,8,1813,75,70,80
2144,228,3,341,5,1818,58,58,50
2145,228,3,342,2,1820,21,21,20
2146,228,3,343,7,1827,78,78,70
2147,228,3,344,2,1829,23,21,20
2148,228,3,345,7,1836,64,64,70
2149,228,3,346,3,1839,30,28,30
2150,228,3,347,4,1843,42,42,40
2151,228,3,348,8,1851,72,69,80
2152,228,3,349,3,1854,26,26,30
2153,228,3,350,4,1858,32,27,40
2154,228,3,351,2,1860,23,23,20
2155,228,3,352,3,1863,28,28,30
2156,228,3,353,8,1871,81,79,80
2157,228,3,354,3,1874,29,29,30
2158,228,3,355,8,1882,76,74,80
2159,228,3,356,9,1891,85,85,90
2160,228,3,357,3,1894,38,38,30
2161,228,3,358,3,1897,28,28,30
2162,228,3,359,9,1906,77,77,90
2163,228,3,360,6,1912,64,60,60
2164,228,3,361,3,1915,32,32,30
2165,228,3,362,9,1924,88,88,90
2166,228,3,363,2,1926,24,24,20
2167,228,3,364,9,1935,94,94,90
2168,228,3,365,2,1937,16,16,20
2169,228,3,366,7,1944,75,75,70
2170,228,3,367,9,1953,89,89,90
2171,228,3,368,8,1961,72,66,80
2172,228,3,369,5,1966,54,52,50
2173,228,3,370,6,1972,61,61,60
2174,228,3,371,7,1979,72,72,70
2175,228,3,372,8,1987,72,72,80
2176,228,3,373,9,1996,83,77,90
2177,228,3,374,9,2005,98,98,90
2178,228,3,375,3,2008,27,27,30
2179,228,3,376,4,2012,34,30,40
2180,228,3,377,9,2021,105,94,90
2181,228,3,378,5,2026,71,71,50
2182,228,3,379,4,2030,31,30,40
2183,228,3,380,3,2033,22,22,30
2184,228,3,381,7,2040,67,65,70
2185,228,3,382,8,2048,78,75,80
2186,228,3,383,7,2055,73,67,70
2187,228,3,384,4,2059,45,42,40
2188,228,3,385,9,2068,98,98,90
2189,228,3,386,6,2074,65,59,60
2190,228,3,387,9,2083,89,84,90
2191,228,3,388,3,2086,28,28,30
2192,228,3,389,7,2093,64,64,70
2193,228,3,390,7,2100,69,69,70
2194,228,3,391,2,2102,23,23,20
2195,228,3,392,8,2110,64,64,80
2196,228,3,393,8,2118,84,84,80
2197,228,3,394,4,2122,50,50,40
2198,228,3,395,3,2125,35,35,30
2199,228,3,396,5,2130,53,53,50
2200,228,3,397,4,2134,45,45,40
2201,228,3,398,5,2139,57,49,50
2202,228,3,399,5,2144,56,54,50
2203,228,3,400,4,2148,47,46,40
2204,228,3,401,4,2152,42,39,40
2205,228,3,402,6,2158,75,75,60
2206,228,3,403,2,2160,25,25,20
2207,228,3,404,7,2167,70,70,70
2208,228,3,405,7,2174,67,66,70
2209,228,3,406,8,2182,81,81,80
2210,228,3,407,2,2184,14,14,20
2211,228,3,408,4,2188,48,44,40
2212,228,3,409,9,2197,92,92,90
2213,228,3,410,9,2206,95,90,90
2214,228,3,411,8,2214,88,80,80
2215,228,3,412,7,2221,68,60,70
2216,228,3,413,4,2225,56,56,40
2217,228,3,414,6,2231,58,58,60
2218,228,3,415,3,2234,25,25,30
2219,228,3,416,7,2241,71,71,70
2220,228,3,417,7,2248,68,63,70
2221,228,3,418,5,2253,60,55,50
2222,228,3,419,6,2259,72,72,60
2223,228,3,420,7,2266,74,74,70
2224,228,3,421,4,2270,40,40,40
2225,228,3,422,7,2277,71,71,70
2226,228,3,423,2,2279,22,20,20
2227,228,3,424,2,2281,17,15,20
2228,228,3,425,6,2287,58,52,60
2229,228,3,426,2,2289,24,24,20
2230,228,3,427,4,2293,42,42,40
2231,228,3,428,9,2302,109,109,90
2232,228,3,429,9,2311,82,82,90
2233,228,3,430,8,2319,65,65,80
2234,228,3,431,6,2325,62,62,60
2235,228,3,432,2,2327,20,18,20
2236,228,3,433,7,2334,70,70,70
2237,228,3,434,7,2341,71,71,70
2238,228,3,435,4,2345,34,30,40
2239,228,3,436,7,2352,64,64,70
2240,228,3,437,6,2358,49,49,60
2241,228,3,438,8,2366,79,79,80
2242,228,3,439,3,2369,33,33,30
2243,228,3,440,6,2375,57,54,60
2244,228,3,441,3,2378,28,28,30
2245,228,3,442,7,2385,78,78,70
2246,228,3,443,2,2387,22,22,20
2247,228,3,444,5,2392,50,50,50
2248,228,3,445,3,2395,29,26,30
2249,228,3,446,7,2402,59,59,70
2250,228,3,447,4,2406,45,45,40
2251,228,3,448,3,2409,36,36,30
2252,228,3,449,9,2418,83,83,90
2253,228,3,450,5,2423,48,48,50
2254,228,3,451,5,2428,54,52,50
2255,228,3,452,3,2431,39,37,30
2256,228,3,453,9,2440,87,87,90
2257,228,3,454,4,2444,35,35,40
2258,228,3,455,4,2448,40,40,40
2259,228,3,456,4,2452,37,35,40
2260,228,3,457,8,2460,86,81,80
2261,228,3,458,9,2469,110,110,90
2262,228,3,459,7,2476,72,72,70
2263,228,3,460,2,2478,19,19,20
2264,228,3,461,6,2484,57,53,60
2265,228,3,462,9,2493,102,102,90
2266,228,3,463,2,2495,20,20,20
2267,228,3,464,3,2498,32,32,30
2268,228,3,465,3,2501,33,33,30
2269,228,3,466,6,2507,49,47,60
2270,228,3,467,4,2511,45,45,40
2271,228,3,468,2,2513,16,16,20
2272,228,3,469,9,2522,81,81,90
2273,228,3,470,4,2526,39,39,40
2274,228,3,471,2,2528,22,19,20
2275,228,3,472,9,2537,93,93,90
2276,228,3,473,9,2546,76,76,90
2277,228,3,474,2,2548,17,17,20
2278,228,3,475,6,2554,68,68,60
2279,228,3,476,2,2556,17,16,20
2280,228,3,477,8,2564,83,83,80
2281,228,3,478,9,2573,87,87,90
2282,228,3,479,3,2576,33,33,30
2283,228,3,480,9,2585,100,91,90
2284,228,3,481,7,2592,76,76,70
2285,228,3,482,8,2600,77,77,80
2286,228,3,483,4,2604,41,41,40
2287,228,3,484,8,2612,70,70,80
2288,228,3,485,4,2616,47,42,40
2289,228,3,486,2,2618,22,20,20
2290,228,3,487,9,2627,91,88,90
2291,228,3,488,7,2634,55,55,70
2292,228,3,489,9,2643,89,89,90
2293,228,3,490,4,2647,34,34,40
2294,228,3,491,9,2656,96,91,90
2295,228,3,492,2,2658,23,23,20
2296,228,3,493,2,2660,18,18,20
2297,228,3,494,9,2669,93,88,90
2298,228,3,495,8,2677,82,82,80
2299,228,3,496,2,2679,15,15,20
2300,228,3,497,3,2682,35,32,30
2301,228,3,498,3,2685,31,29,30
2302,228,3,499,7,2692,63,61,70
2303,228,3,500,4,2696,46,46,40
2304,228,3,501,6,2702,62,58,60
2305,228,3,502,9,2711,116,106,90
2306,228,3,503,6,2717,61,61,60
2307,228,3,504,3,2720,38,38,30
2308,228,3,505,5,2725,51,48,50
2309,228,3,506,8,2733,102,102,80
2310,228,3,507,6,2739,56,52,60
2311,228,3,508,2,2741,26,26,20
2312,228,3,509,7,2748,70,64,70
2313,228,3,510,6,2754,76,76,60
2314,228,3,511,7,2761,77,77,70
2315,228,3,512,8,2769,103,103,80
2316,228,3,513,9,2778,88,79,90
2317,228,3,514,8,2786,101,98,80
2318,228,3,515,4,2790,40,37,40
2319,228,3,516,8,2798,99,92,80
2320,228,3,517,2,2800,23,23,20
2321,228,3,518,3,2803,30,29,30
2322,228,3,519,6,2809,57,57,60
2323,228,3,520,7,2816,71,71,70
2324,228,3,521,2,2818,20,20,20
2325,228,3,522,9,2827,84,84,90
2326,228,3,523,9,2836,76,76,90
2327,228,3,524,8,2844,93,93,80
2328,228,3,525,5,2849,55,53,50
2329,228,3,526,5,2854,59,59,50
2330,228,3,527,4,2858,46,42,40
2331,228,3,528,4,2862,48,45,40
2332,228,3,529,7,2869,75,69,70
2333,228,3,530,6,2875,71,71,60
2334,228,3,531,6,2881,64,59,60
2335,228,3,532,2,2883,28,28,20
2336,228,3,533,4,2887,54,54,40
2337,228,3,534,8,2895,102,98,80
2338,228,3,535,2,2897,20,20,20
2339,228,3,536,4,2901,41,39,40
2340,228,3,537,8,2909,74,74,80
2341,228,3,538,5,2914,44,44,50
2342,228,3,539,3,2917,31,31,30
2343,228,3,540,9,2926,94,94,90
2344,228,3,541,5,2931,59,55,50
2345,228,3,542,6,2937,62,62,60
2346,228,3,543,5,2942,46,46,50
2347,228,3,544,6,2948,56,56,60
2348,228,3,545,7,2955,72,72,70
2349,228,3,546,6,2961,74,69,60
2350,228,3,547,3,2964,31,31,30
2351,228,3,548,9,2973,89,83,90
2352,228,3,549,8,2981,69,69,80
2353,228,3,550,7,2988,74,74,70
2354,228,3,551,8,2996,62,62,80
2355,228,3,552,3,2999,27,27,30
2356,228,3,553,7,3006,70,64,70
2357,228,3,554,6,3012,63,61,60
2358,228,3,555,9,3021,92,92,90
2359,228,3,556,2,3023,23,23,20
2360,228,3,557,9,3032,88,88,90
2361,228,3,558,2,3034,18,18,20
2362,228,3,559,8,3042,71,64,80
2363,228,3,560,4,3046,41,39,40
2364,228,3,561,8,3054,79,79,80
2365,228,3,562,5,3059,41,41,50
2366,228,3,563,7,3066,65,61,70
2367,228,3,564,2,3068,19,18,20
2368,228,3,565,9,3077,99,99,90
2369,228,3,566,3,3080,30,30,30
2370,228,3,567,2,3082,20,18,20
2371,228,3,568,8,3090,85,85,80
2372,228,3,569,5,3095,60,60,50
2373,228,3,570,5,3100,55,52,50
2374,228,3,571,8,3108,80,80,80
2375,228,3,572,8,3116,74,74,80
2376,228,3,573,7,3123,72,72,70
2377,228,3,574,9,3132,95,95,90
2378,228,3,575,9,3141,99,95,90
2379,228,3,576,2,3143,24,24,20
2380,228,3,577,2,3145,26,26,20
2381,228,3,578,5,3150,50,50,50
2382,228,3,579,5,3155,45,45,50
2383,228,3,580,6,3161,67,64,60
2384,228,3,581,5,3166,49,49,50
2385,228,3,582,3,3169,41,41,30
2386,228,3,583,7,3176,84,78,70
2387,228,3,584,8,3184,82,82,80
2388,228,3,585,6,3190,57,57,60
2389,228,3,586,5,3195,54,54,50
2390,228,3,587,7,3202,80,75,70
2391,228,3,588,3,3205,35,35,30
2392,228,3,589,9,3214,83,77,90
2393,228,3,590,6,3220,71,71,60
2394,228,3,591,3,3223,33,33,30
2395,228,3,592,3,3226,26,26,30
2396,228,3,593,3,3229,26,26,30
2397,228,3,594,4,3233,40,34,40
2398,228,3,595,2,3235,25,24,20
2399,228,3,596,3,3238,29,28,30
2400,228,3,597,6,3244,58,58,60
2401,228,3,598,6,3250,74,74,60
2402,228,3,599,8,3258,90,90,80
2403,228,3,600,8,3266,98,98,80
2404,228,3,601,3,3269,29,28,30
2405,228,3,602,7,3276,64,64,70
2406,228,3,603,2,3278,28,27,20
2407,228,3,604,2,3280,17,17,20
2408,228,3,605,8,3288,88,88,80
2409,228,3,606,2,3290,20,20,20
2410,228,3,607,8,3298,60,57,80
2411,228,3,608,7,3305,73,73,70
2412,228,3,609,7,3312,72,69,70
2413,228,3,610,7,3319,79,79,70
2414,228,3,611,9,3328,93,90,90
2415,228,3,612,4,3332,33,33,40
2416,228,3,613,7,3339,73,73,70
2417,228,3,614,3,3342,32,27,30
2418,228,3,615,2,3344,24,24,20
2419,228,3,616,6,3350,52,52,60
2420,228,3,617,9,3359,94,89,90
2421,228,3,618,5,3364,63,63,50
2422,228,3,619,3,3367,20,20,30
2423,228,3,620,8,3375,73,73,80
2424,228,3,621,8,3383,72,72,80
2425,228,3,622,8,3391,80,80,80
2426,228,3,623,8,3399,83,78,80
2427,228,3,624,9,3408,95,95,90
2428,228,3,625,6,3414,58,58,60
2429,228,3,626,9,3423,107,101,90
2430,228,3,627,2,3425,23,23,20
2431,228,3,628,7,3432,62,59,70
2432,228,3,629,7,3439,69,69,70
2433,228,3,630,9,3448,87,87,90
2434,228,3,631,5,3453,56,56,50
2435,228,3,632,6,3459,72,72,60
2436,228,3,633,2,3461,18,18,20
2437,228,3,634,8,3469,83,83,80
2438,228,3,635,7,3476,92,87,70
2439,228,3,636,9,3485,100,100,90
2440,228,3,637,4,3489,36,36,40
2441,228,3,638,6,3495,64,64,60
2442,228,3,639,4,3499,29,29,40
2443,228,3,640,8,3507,76,74,80
2444,228,3,641,8,3515,84,84,80
2445,228,3,642,9,3524,93,93,90
2446,228,3,643,8,3532,74,70,80
2447,228,3,644,8,3540,76,73,80
2448,228,3,645,2,3542,27,26,20
2449,228,3,646,6,3548,45,45,60
2450,228,3,647,3,3551,28,28,30
2451,228,3,648,4,3555,46,41,40
2452,228,3,649,4,3559,46,46,40
2453,228,3,650,8,3567,79,72,80
2454,228,3,651,3,3570,39,39,30
2455,228,3,652,6,3576,65,65,60
2456,228,3,653,4,3580,43,41,40
2457,228,3,654,3,3583,32,32,30
2458,228,3,655,7,3590,83,76,70
2459,228,3,656,4,3594,59,54,40
2460,228,3,657,8,3602,79,79,80
2461,228,3,658,9,3611,91,91,90
2462,228,3,659,9,3620,90,85,90
2463,228,3,660,2,3622,35,35,20
2464,228,3,661,9,3631,88,84,90
2465,228,3,662,5,3636,57,57,50
2466,228,3,663,3,3639,35,32,30
2467,228,3,664,9,3648,87,77,90
2468,228,3,665,6,3654,60,59,60
2469,228,3,666,9,3663,97,97,90
2470,228,3,667,5,3668,33,33,50
2471,228,3,668,3,3671,23,23,30
2472,228,3,669,6,3677,65,65,60
2473,228,3,670,6,3683,59,58,60
2474,228,3,671,3,3686,37,33,30
2475,228,3,672,4,3690,43,43,40
2476,228,3,673,8,3698,56,56,80
2477,228,3,674,6,3704,59,53,60
2478,228,3,675,4,3708,40,40,40
2479,228,3,676,6,3714,57,57,60
2480,228,3,677,3,3717,28,28,30
2481,228,3,678,5,3722,45,45,50
2482,228,3,679,4,3726,31,31,40
2483,228,3,680,7,3733,75,75,70
2484,228,3,681,8,3741,79,73,80
2485,228,3,682,3,3744,34,32,30
2486,228,3,683,9,3753,83,76,90
2487,228,3,684,6,3759,77,77,60
2488,228,3,685,4,3763,42,38,40
2489,228,3,686,2,3765,19,19,20
2490,228,3,687,6,3771,58,54,60
2491,228,3,688,3,3774,33,33,30
2492,228,3,689,4,3778,49,44,40
2493,228,3,690,9,3787,78,78,90
2494,228,3,691,3,3790,40,35,30
2495,228,3,692,9,3799,89,83,90
2496,228,3,693,5,3804,57,52,50
2497,228,3,694,6,3810,72,64,60
2498,228,3,695,7,3817,82,82,70
2499,228,3,696,9,3826,87,87,90
2500,228,3,697,2,3828,20,18,20
2501,228,3,698,2,3830,23,21,20
2502,228,3,699,3,3833,29,28,30
2503,228,3,700,5,3838,51,51,50
2504,228,3,701,3,3841,28,28,30
2505,228,3,702,5,3846,40,36,50
2506,228,3,703,4,3850,42,40,40
2507,228,3,704,7,3857,66,66,70
2508,228,3,705,5,3862,51,51,50
2509,228,3,706,3,3865,33,33,30
2510,228,3,707,2,3867,24,21,20
2511,228,3,708,4,3871,47,45,40
2512,228,3,709,3,3874,32,31,30
2513,228,3,710,2,3876,20,18,20
2514,228,3,711,5,3881,52,52,50
2515,228,3,712,5,3886,48,48,50
2516,228,3,713,8,3894,78,69,80
2517,228,3,714,8,3902,88,88,80
2518,228,3,715,4,3906,36,36,40
2519,228,3,716,8,3914,84,84,80
2520,228,3,717,6,3920,60,60,60
2521,228,3,718,4,3924,30,29,40
2522,228,3,719,5,3929,43,41,50
2523,228,3,720,5,3934,46,46,50
2524,228,3,721,9,3943,95,88,90
2525,228,3,722,7,3950,74,74,70
2526,228,3,723,7,3957,70,64,70
2527,228,3,724,7,3964,88,83,70
2528,228,3,725,4,3968,49,46,40
2529,228,3,726,4,3972,48,44,40
2530,228,3,727,8,3980,96,96,80
2531,228,3,728,3,3983,30,28,30
2532,228,3,729,2,3985,22,19,20
2533,228,3,730,3,3988,35,35,30
2534,228,3,731,4,3992,43,43,40
2535,228,3,732,4,3996,46,42,40
2536,228,3,733,3,3999,33,30,30
2537,228,3,734,6,4005,65,65,60
2538,228,3,735,9,4014,107,107,90
2539,228,3,736,6,4020,62,62,60
2540,228,3,737,3,4023,28,28,30
2541,228,3,738,2,4025,27,27,20
2542,228,3,739,2,4027,20,17,20
2543,228,3,740,7,4034,74,74,70
2544,228,3,741,7,4041,66,60,70
2545,228,3,742,5,4046,56,56,50
2546,228,3,743,4,4050,38,38,40
2547,228,3,744,6,4056,49,45,60
2548,228,3,745,3,4059,36,36,30
2549,228,3,746,4,4063,37,37,40
2550,228,3,747,2,4065,23,23,20
2551,228,3,748,6,4071,54,54,60
2552,228,3,749,5,4076,61,61,50
2553,228,3,750,6,4082,66,66,60
2554,228,3,751,8,4090,88,88,80
2555,228,3,752,9,4099,82,82,90
2556,228,3,753,3,4102,25,25,30
2557,228,3,754,5,4107,44,44,50
2558,228,3,755,5,4112,36,33,50
2559,228,3,756,8,4120,83,78,80
2560,228,3,757,4,4124,42,39,40
2561,228,3,758,3,4127,36,33,30
2562,228,3,759,7,4134,74,74,70
2563,228,3,760,6,4140,54,54,60
2564,228,3,761,8,4148,79,71,80
2565,228,3,762,2,4150,28,26,20
2566,228,3,763,4,4154,38,38,40
2567,228,3,764,8,4162,75,75,80
2568,228,3,765,6,4168,51,51,60
2569,228,3,766,9,4177,94,94,90
2570,228,3,767,4,4181,30,30,40
2571,228,3,768,8,4189,67,67,80
2572,228,3,769,9,4198,80,80,90
2573,228,3,770,2,4200,18,18,20
2574,228,3,771,4,4204,42,42,40
2575,228,3,772,2,4206,21,17,20
2576,228,3,773,3,4209,35,30,30
2577,228,3,774,8,4217,94,89,80
2578,228,3,775,2,4219,27,27,20
2579,228,3,776,5,4224,57,57,50
2580,228,3,777,4,4228,36,34,40
2581,228,3,778,5,4233,52,52,50
2582,228,3,779,5,4238,51,46,50
2583,228,3,780,2,4240,28,28,20
2584,228,3,781,9,4249,104,98,90
2585,228,3,782,7,4256,80,80,70
2586,228,3,783,4,4260,42,42,40
2587,228,3,784,9,4269,89,81,90
2588,228,3,785,8,4277,88,84,80
2589,228,3,786,8,4285,77,72,80
2590,228,3,787,7,4292,64,64,70
2591,228,3,788,9,4301,89,89,90
2592,228,3,789,7,4308,80,80,70
2593,228,3,790,5,4313,46,41,50
2594,228,3,791,5,4318,50,48,50
2595,228,3,792,6,4324,62,58,60
2596,228,3,793,2,4326,26,26,20
2597,228,3,794,3,4329,27,27,30
2598,228,3,795,6,4335,62,62,60
2599,228,3,796,2,4337,11,10,20
2600,228,3,797,4,4341,38,38,40
2601,228,3,798,7,4348,68,68,70
2602,228,3,799,3,4351,37,37,30
2603,228,3,800,7,4358,77,73,70
2604,228,3,801,8,4366,100,100,80
2605,228,3,802,8,4374,82,80,80
2606,228,3,803,6,4380,67,67,60
2607,228,3,804,8,4388,92,87,80
2608,228,3,805,4,4392,41,37,40
2609,228,3,806,2,4394,21,21,20
2610,228,3,807,2,4396,17,17,20
2611,228,3,808,4,4400,37,37,40
2612,228,3,809,4,4404,36,35,40
2613,228,3,810,7,4411,74,74,70
2614,228,3,811,3,4414,23,23,30
2615,228,3,812,2,4416,15,15,20
2616,228,3,813,9,4425,97,97,90
2617,228,3,814,7,4432,75,69,70
2618,228,3,815,3,4435,35,35,30
2619,228,3,816,4,4439,39,39,40
2620,228,3,817,4,4443,30,30,40
2621,228,3,818,4,4447,47,44,40
2622,228,3,819,8,4455,83,76,80
2623,228,3,820,7,4462,90,88,70
2624,228,3,821,8,4470,79,75,80
2625,228,3,822,4,4474,42,42,40
2626,228,3,823,6,4480,67,67,60
2627,228,3,824,2,4482,19,19,20
2628,228,3,825,7,4489,70,69,70
2629,228,3,826,6,4495,57,53,60
2630,228,3,827,2,4497,17,15,20
2631,228,3,828,4,4501,40,38,40
2632,228,3,829,5,4506,56,56,50
2633,228,3,830,9,4515,109,109,90
2634,228,3,831,2,4517,19,19,20
2635,228,3,832,8,4525,71,69,80
2636,228,3,833,3,4528,35,32,30
2637,228,3,834,4,4532,33,31,40
2638,228,3,835,6,4538,65,65,60
2639,228,3,836,9,4547,90,84,90
2640,228,3,837,3,4550,36,36,30
2641,228,3,838,3,4553,31,29,30
2642,228,3,839,7,4560,77,71,70
2643,228,3,840,2,4562,27,23,20
2644,228,3,841,4,4566,40,40,40
2645,228,3,842,4,4570,43,43,40
2646,228,3,843,3,4573,28,28,30
2647,228,3,844,8,4581,76,71,80
2648,228,3,845,9,4590,95,95,90
2649,228,3,846,8,4598,75,72,80
2650,228,3,847,8,4606,86,83,80
2651,228,3,848,8,4614,106,106,80
2652,228,3,849,4,4618,45,42,40
2653,228,3,850,9,4627,85,78,90
2654,228,3,851,2,4629,23,23,20
2655,228,3,852,2,4631,20,20,20
2656,228,3,853,3,4634,40,36,30
2657,228,3,854,2,4636,29,26,20
2658,228,3,855,4,4640,36,36,40
2659,228,3,856,7,4647,71,70,70
2660,228,3,857,4,4651,41,39,40
2661,228,3,858,3,4654,30,30,30
2662,228,3,859,4,4658,51,46,40
2663,228,3,860,7,4665,70,65,70
2664,228,3,861,2,4667,21,21,20
2665,228,3,862,6,4673,71,62,60
2666,228,3,863,4,4677,43,37,40
2667,228,3,864,2,4679,27,27,20
2668,228,3,865,5,4684,62,58,50
2669,228,3,866,2,4686,26,26,20
2670,228,3,867,2,4688,18,17,20
2671,228,3,868,5,4693,49,42,50
2672,228,3,869,2,4695,22,20,20
2673,228,3,870,5,4700,59,56,50
2674,228,3,871,7,4707,91,91,70
2675,228,3,872,9,4716,88,88,90
2676,228,3,873,7,4723,75,73,70
2677,228,3,874,9,4732,101,101,90
2678,228,3,875,3,4735,21,18,30
2679,228,3,876,8,4743,87,87,80
2680,228,3,877,9,4752,86,86,90
2681,228,3,878,5,4757,49,49,50
2682,228,3,879,3,4760,31,30,30
2683,228,3,880,2,4762,18,17,20
2684,228,3,881,8,4770,87,84,80
2685,228,3,882,8,4778,81,77,80
2686,228,3,883,2,4780,24,22,20
2687,228,3,884,2,4782,17,17,20
2688,228,3,885,6,4788,54,54,60
2689,228,3,886,3,4791,29,27,30
2690,228,3,887,3,4794,32,29,30
2691,228,3,888,7,4801,88,84,70
2692,228,3,889,6,4807,66,66,60
2693,228,3,890,2,4809,19,17,20
2694,228,3,891,9,4818,83,83,90
2695,228,3,892,4,4822,32,32,40
2696,228,3,893,4,4826,46,46,40
2697,228,3,894,3,4829,25,25,30
2698,228,3,895,5,4834,52,48,50
2699,228,3,896,2,4836,26,26,20
2700,228,3,897,4,4840,30,28,40
2701,228,3,898,9,4849,84,79,90
2702,228,3,899,2,4851,24,24,20
2703,228,3,900,5,4856,50,50,50
2704,228,3,901,5,4861,44,44,50
2705,228,3,902,3,4864,29,29,30
2706,228,3,903,2,4866,33,33,20
2707,228,3,904,6,4872,75,75,60
2708,228,3,905,4,4876,34,34,40
2709,228,3,906,7,4883,71,68,70
2710,228,3,907,8,4891,90,90,80
2711,228,3,908,8,4899,56,56,80
2712,228,3,909,5,4904,60,52,50
2713,228,3,910,9,4913,103,95,90
2714,228,3,911,6,4919,56,56,60
2715,228,3,912,8,4927,89,89,80
2716,228,3,913,7,4934,82,82,70
2717,228,3,914,5,4939,44,41,50
2718,228,3,915,9,4948,94,94,90
2719,228,3,916,6,4954,58,58,60
2720,228,3,917,4,4958,34,34,40
2721,228,3,918,8,4966,74,74,80
2722,228,3,919,6,4972,60,60,60
2723,228,3,920,6,4978,57,57,60
2724,228,3,921,9,4987,97,97,90
2725,228,3,922,8,4995,84,82,80
2726,228,3,923,2,4997,19,17,20
