,Scenario,Trial,Inspection,Interval,Time,Defects,Rate
0,228,1,1,6,6,1,60
1,228,1,2,8,14,127,80
2,228,1,3,5,19,55,50
3,228,1,4,7,26,89,70
4,228,1,5,4,30,1,40
5,228,1,6,7,37,111,70
6,228,1,7,9,46,1,90
7,228,1,8,8,54,1,80
8,228,1,9,8,62,230,80
9,228,1,10,3,65,1,30
10,228,1,11,4,69,1,40
11,228,1,12,4,73,1,40
12,228,1,13,8,81,1,80
13,228,1,14,4,85,1,40
14,228,1,15,7,92,1,70
15,228,1,16,2,94,1,20
16,228,1,17,4,98,1,40
17,228,1,18,6,104,418,60
18,228,1,19,8,112,1,80
19,228,1,20,7,119,1,70
20,228,1,21,4,123,1,40
21,228,1,22,5,128,280,50
22,228,1,23,2,130,1,20
23,228,1,24,7,137,1,70
24,228,1,25,3,140,1,30
25,228,1,26,6,146,1,60
26,228,1,27,3,149,220,30
27,228,1,28,7,156,1,70
28,228,1,29,6,162,1,60
29,228,1,30,4,166,165,40
30,228,1,31,6,172,59,60
31,228,1,32,9,181,1,90
32,228,1,33,8,189,179,80
33,228,1,34,7,196,64,70
34,228,1,35,6,202,1,60
35,228,1,36,6,208,1,60
36,228,1,37,8,216,1,80
37,228,1,38,3,219,223,30
38,228,1,39,6,225,1,60
39,228,1,40,4,229,103,40
40,228,1,41,4,233,1,40
41,228,1,42,5,238,1,50
42,228,1,43,7,245,150,70
43,228,1,44,4,249,1,40
44,228,1,45,8,257,122,80
45,228,1,46,9,266,1,90
46,228,1,47,5,271,123,50
47,228,1,48,7,278,1,70
48,228,1,49,5,283,125,50
49,228,1,50,8,291,68,80
50,228,1,51,7,298,72,70
51,228,1,52,4,302,1,40
52,228,1,53,2,304,51,20
53,228,1,54,8,312,1,80
54,228,1,55,2,314,1,20
55,228,1,56,8,322,1,80
56,228,1,57,6,328,1,60
57,228,1,58,2,330,1,20
58,228,1,59,2,332,280,20
59,228,1,60,8,340,83,80
60,228,1,61,3,343,1,30
61,228,1,62,7,350,1,70
62,228,1,63,8,358,1,80
63,228,1,64,6,364,1,60
64,228,1,65,8,372,301,80
65,228,1,66,8,380,1,80
66,228,1,67,7,387,1,70
67,228,1,68,5,392,196,50
68,228,1,69,7,399,1,70
69,228,1,70,4,403,124,40
70,228,1,71,3,406,36,30
71,228,1,72,2,408,1,20
72,228,1,73,3,411,42,30
73,228,1,74,8,419,1,80
74,228,1,75,2,421,1,20
75,228,1,76,9,430,159,90
76,228,1,77,4,434,1,40
77,228,1,78,7,441,1,70
78,228,1,79,4,445,147,40
79,228,1,80,4,449,1,40
80,228,1,81,8,457,126,80
81,228,1,82,2,459,17,20
82,228,1,83,4,463,1,40
83,228,1,84,7,470,102,70
84,228,1,85,4,474,43,40
85,228,1,86,6,480,1,60
86,228,1,87,3,483,1,30
87,228,1,88,7,490,1,70
88,228,1,89,9,499,1,90
89,228,1,90,3,502,1,30
90,228,1,91,3,505,1,30
91,228,1,92,5,510,357,50
92,228,1,93,5,515,59,50
93,228,1,94,2,517,23,20
94,228,1,95,7,524,76,70
95,228,1,96,7,531,1,70
96,228,1,97,6,537,1,60
97,228,1,98,6,543,1,60
98,228,1,99,5,548,1,50
99,228,1,100,5,553,1,50
100,228,1,101,2,555,285,20
101,228,1,102,4,559,41,40
102,228,1,103,2,561,1,20
103,228,1,104,2,563,1,20
104,228,1,105,6,569,1,60
105,228,1,106,6,575,173,60
106,228,1,107,3,578,29,30
107,228,1,108,3,581,1,30
108,228,1,109,8,589,1,80
109,228,1,110,5,594,118,50
110,228,1,111,2,596,1,20
111,228,1,112,9,605,1,90
112,228,1,113,9,614,1,90
113,228,1,114,6,620,233,60
114,228,1,115,3,623,1,30
115,228,1,116,9,632,1,90
116,228,1,117,3,635,1,30
117,228,1,118,7,642,1,70
118,228,1,119,9,651,1,90
119,228,1,120,6,657,359,60
120,228,1,121,3,660,44,30
121,228,1,122,5,665,1,50
122,228,1,123,7,672,108,70
123,228,1,124,3,675,1,30
124,228,1,125,3,678,1,30
125,228,1,126,8,686,1,80
126,228,1,127,9,695,1,90
127,228,1,128,3,698,240,30
128,228,1,129,5,703,1,50
129,228,1,130,4,707,95,40
130,228,1,131,2,709,22,20
131,228,1,132,8,717,1,80
132,228,1,133,7,724,1,70
133,228,1,134,9,733,1,90
134,228,1,135,3,736,1,30
135,228,1,136,8,744,1,80
136,228,1,137,2,746,316,20
137,228,1,138,3,749,1,30
138,228,1,139,7,756,1,70
139,228,1,140,9,765,200,90
140,228,1,141,4,769,1,40
141,228,1,142,2,771,68,20
142,228,1,143,3,774,1,30
143,228,1,144,8,782,1,80
144,228,1,145,3,785,130,30
145,228,1,146,4,789,37,40
146,228,1,147,2,791,22,20
147,228,1,148,6,797,53,60
148,228,1,149,2,799,1,20
149,228,1,150,9,808,98,90
150,228,1,151,9,817,1,90
151,228,1,152,3,820,1,30
152,228,1,153,9,829,1,90
153,228,1,154,4,833,252,40
154,228,1,155,9,842,1,90
155,228,1,156,2,844,111,20
156,228,1,157,6,850,1,60
157,228,1,158,2,852,79,20
158,228,1,159,5,857,1,50
159,228,1,160,4,861,1,40
160,228,1,161,6,867,1,60
161,228,1,162,6,873,1,60
162,228,1,163,6,879,1,60
163,228,1,164,8,887,1,80
164,228,1,165,7,894,1,70
165,228,1,166,5,899,432,50
166,228,1,167,9,908,111,90
167,228,1,168,3,911,35,30
168,228,1,169,3,914,1,30
169,228,1,170,5,919,1,50
170,228,1,171,4,923,1,40
171,228,1,172,2,925,1,20
172,228,1,173,9,934,1,90
173,228,1,174,6,940,263,60
174,228,1,175,7,947,77,70
175,228,1,176,9,956,1,90
176,228,1,177,4,960,1,40
177,228,1,178,6,966,153,60
178,228,1,179,6,972,71,60
179,228,1,180,5,977,1,50
180,228,1,181,7,984,1,70
181,228,1,182,5,989,1,50
182,228,1,183,7,996,1,70
183,228,1,184,3,999,1,30
184,228,1,185,3,1002,1,30
185,228,1,186,3,1005,1,30
186,228,1,187,2,1007,1,20
187,228,1,188,2,1009,1,20
188,228,1,189,4,1013,350,40
189,228,1,190,3,1016,1,30
190,228,1,191,3,1019,1,30
191,228,1,192,9,1028,161,90
192,228,1,193,3,1031,1,30
193,228,1,194,3,1034,58,30
194,228,1,195,9,1043,1,90
195,228,1,196,3,1046,1,30
196,228,1,197,9,1055,1,90
197,228,1,198,2,1057,1,20
198,228,1,199,6,1063,1,60
199,228,1,200,4,1067,1,40
200,228,1,201,5,1072,330,50
201,228,1,202,7,1079,70,70
202,228,1,203,6,1085,1,60
203,228,1,204,2,1087,78,20
204,228,1,205,8,1095,1,80
205,228,1,206,6,1101,1,60
206,228,1,207,5,1106,1,50
207,228,1,208,5,1111,1,50
208,228,1,209,5,1116,1,50
209,228,1,210,7,1123,357,70
210,228,1,211,5,1128,59,50
211,228,1,212,2,1130,1,20
212,228,1,213,4,1134,1,40
213,228,1,214,3,1137,83,30
214,228,1,215,9,1146,91,90
215,228,1,216,3,1149,1,30
216,228,1,217,8,1157,1,80
217,228,1,218,3,1160,117,30
218,228,1,219,2,1162,31,20
219,228,1,220,3,1165,1,30
220,228,1,221,6,1171,93,60
221,228,1,222,5,1176,1,50
222,228,1,223,4,1180,1,40
223,228,1,224,9,1189,1,90
224,228,1,225,2,1191,1,20
225,228,1,226,5,1196,1,50
226,228,1,227,3,1199,1,30
227,228,1,228,8,1207,1,80
228,228,1,229,9,1216,400,90
229,228,1,230,2,1218,33,20
230,228,1,231,7,1225,1,70
231,228,1,232,2,1227,103,20
232,228,1,233,5,1232,51,50
233,228,1,234,3,1235,1,30
234,228,1,235,4,1239,1,40
235,228,1,236,3,1242,1,30
236,228,1,237,7,1249,1,70
237,228,1,238,4,1253,199,40
238,228,1,239,2,1255,1,20
239,228,1,240,7,1262,1,70
240,228,1,241,6,1268,152,60
241,228,1,242,3,1271,37,30
242,228,1,243,5,1276,60,50
243,228,1,244,2,1278,1,20
244,228,1,245,9,1287,107,90
245,228,1,246,8,1295,85,80
246,228,1,247,3,1298,1,30
247,228,1,248,8,1306,88,80
248,228,1,249,5,1311,63,50
249,228,1,250,4,1315,1,40
250,228,1,251,3,1318,1,30
251,228,1,252,4,1322,101,40
252,228,1,253,9,1331,1,90
253,228,1,254,6,1337,1,60
254,228,1,255,3,1340,174,30
255,228,1,256,5,1345,1,50
256,228,1,257,8,1353,133,80
257,228,1,258,5,1358,65,50
258,228,1,259,8,1366,62,80
259,228,1,260,5,1371,1,50
260,228,1,261,4,1375,86,40
261,228,1,262,7,1382,85,70
262,228,1,263,2,1384,1,20
263,228,1,264,9,1393,117,90
264,228,1,265,6,1399,64,60
265,228,1,266,2,1401,23,20
266,228,1,267,9,1410,1,90
267,228,1,268,6,1416,122,60
268,228,1,269,2,1418,35,20
269,228,1,270,8,1426,65,80
270,228,1,271,7,1433,1,70
271,228,1,272,6,1439,1,60
272,228,1,273,6,1445,1,60
273,228,1,274,2,1447,1,20
274,228,1,275,8,1455,1,80
275,228,1,276,5,1460,316,50
276,228,1,277,6,1466,1,60
277,228,1,278,5,1471,1,50
278,228,1,279,7,1478,1,70
279,228,1,280,7,1485,265,70
280,228,1,281,4,1489,1,40
281,228,1,282,5,1494,105,50
282,228,1,283,7,1501,76,70
283,228,1,284,9,1510,1,90
284,228,1,285,5,1515,1,50
285,228,1,286,7,1522,1,70
286,228,1,287,2,1524,1,20
287,228,1,288,8,1532,269,80
288,228,1,289,3,1535,43,30
289,228,1,290,5,1540,37,50
290,228,1,291,4,1544,1,40
291,228,1,292,8,1552,1,80
292,228,1,293,9,1561,213,90
293,228,1,294,3,1564,1,30
294,228,1,295,7,1571,1,70
295,228,1,296,9,1580,1,90
296,228,1,297,4,1584,1,40
297,228,1,298,4,1588,1,40
298,228,1,299,3,1591,276,30
299,228,1,300,2,1593,31,20
300,228,1,301,8,1601,71,80
301,228,1,302,9,1610,78,90
302,228,1,303,9,1619,89,90
303,228,1,304,5,1624,1,50
304,228,1,305,7,1631,1,70
305,228,1,306,9,1640,218,90
306,228,1,307,9,1649,1,90
307,228,1,308,8,1657,158,80
308,228,1,309,4,1661,44,40
309,228,1,310,8,1669,75,80
310,228,1,311,4,1673,1,40
311,228,1,312,4,1677,1,40
312,228,1,313,6,1683,1,60
313,228,1,314,8,1691,200,80
314,228,1,315,6,1697,69,60
315,228,1,316,3,1700,1,30
316,228,1,317,2,1702,51,20
317,228,1,318,9,1711,1,90
318,228,1,319,9,1720,1,90
319,228,1,320,8,1728,1,80
320,228,1,321,4,1732,286,40
321,228,1,322,5,1737,70,50
322,228,1,323,4,1741,1,40
323,228,1,324,4,1745,89,40
324,228,1,325,6,1751,1,60
325,228,1,326,8,1759,130,80
326,228,1,327,6,1765,56,60
327,228,1,328,2,1767,1,20
328,228,1,329,8,1775,98,80
329,228,1,330,3,1778,1,30
330,228,1,331,9,1787,116,90
331,228,1,332,2,1789,30,20
332,228,1,333,4,1793,40,40
333,228,1,334,2,1795,1,20
334,228,1,335,8,1803,93,80
335,228,1,336,6,1809,70,60
336,228,1,337,4,1813,1,40
337,228,1,338,6,1819,97,60
338,228,1,339,9,1828,93,90
339,228,1,340,9,1837,1,90
340,228,1,341,7,1844,1,70
341,228,1,342,7,1851,201,70
342,228,1,343,6,1857,1,60
343,228,1,344,9,1866,1,90
344,228,1,345,4,1870,1,40
345,228,1,346,4,1874,231,40
346,228,1,347,5,1879,1,50
347,228,1,348,8,1887,1,80
348,228,1,349,3,1890,1,30
349,228,1,350,8,1898,245,80
350,228,1,351,2,1900,1,20
351,228,1,352,8,1908,1,80
352,228,1,353,7,1915,1,70
353,228,1,354,6,1921,1,60
354,228,1,355,7,1928,1,70
355,228,1,356,7,1935,1,70
356,228,1,357,7,1942,1,70
357,228,1,358,6,1948,1,60
358,228,1,359,4,1952,1,40
359,228,1,360,8,1960,576,80
360,228,1,361,8,1968,1,80
361,228,1,362,3,1971,1,30
362,228,1,363,8,1979,245,80
363,228,1,364,5,1984,1,50
364,228,1,365,8,1992,1,80
365,228,1,366,9,2001,200,90
366,228,1,367,9,2010,1,90
367,228,1,368,7,2017,1,70
368,228,1,369,7,2024,1,70
369,228,1,370,7,2031,1,70
370,228,1,371,4,2035,1,40
371,228,1,372,3,2038,363,30
372,228,1,373,9,2047,107,90
373,228,1,374,2,2049,20,20
374,228,1,375,3,2052,1,30
375,228,1,376,3,2055,1,30
376,228,1,377,8,2063,1,80
377,228,1,378,3,2066,1,30
378,228,1,379,6,2072,1,60
379,228,1,380,6,2078,1,60
380,228,1,381,5,2083,1,50
381,228,1,382,6,2089,1,60
382,228,1,383,2,2091,415,20
383,228,1,384,3,2094,39,30
384,228,1,385,2,2096,23,20
385,228,1,386,2,2098,1,20
386,228,1,387,5,2103,75,50
387,228,1,388,6,2109,1,60
388,228,1,389,4,2113,1,40
389,228,1,390,3,2116,1,30
390,228,1,391,4,2120,1,40
391,228,1,392,4,2124,1,40
392,228,1,393,2,2126,233,20
393,228,1,394,4,2130,1,40
394,228,1,395,3,2133,1,30
395,228,1,396,2,2135,1,20
396,228,1,397,4,2139,1,40
397,228,1,398,6,2145,1,60
398,228,1,399,3,2148,216,30
399,228,1,400,6,2154,70,60
400,228,1,401,4,2158,1,40
401,228,1,402,4,2162,1,40
402,228,1,403,2,2164,1,20
403,228,1,404,5,2169,1,50
404,228,1,405,2,2171,1,20
405,228,1,406,9,2180,1,90
406,228,1,407,3,2183,1,30
407,228,1,408,5,2188,1,50
408,228,1,409,6,2194,394,60
409,228,1,410,7,2201,92,70
410,228,1,411,2,2203,1,20
411,228,1,412,7,2210,1,70
412,228,1,413,4,2214,125,40
413,228,1,414,6,2220,1,60
414,228,1,415,8,2228,132,80
415,228,1,416,5,2233,1,50
416,228,1,417,4,2237,1,40
417,228,1,418,3,2240,105,30
418,228,1,419,2,2242,1,20
419,228,1,420,5,2247,57,50
420,228,1,421,3,2250,28,30
421,228,1,422,6,2256,1,60
422,228,1,423,5,2261,1,50
423,228,1,424,7,2268,1,70
424,228,1,425,5,2273,240,50
425,228,1,426,7,2280,1,70
426,228,1,427,8,2288,1,80
427,228,1,428,8,2296,1,80
428,228,1,429,3,2299,1,30
429,228,1,430,8,2307,1,80
430,228,1,431,5,2312,362,50
431,228,1,432,7,2319,1,70
432,228,1,433,7,2326,1,70
433,228,1,434,6,2332,1,60
434,228,1,435,2,2334,1,20
435,228,1,436,6,2340,1,60
436,228,1,437,8,2348,1,80
437,228,1,438,3,2351,395,30
438,228,1,439,7,2358,1,70
439,228,1,440,8,2366,1,80
440,228,1,441,4,2370,1,40
441,228,1,442,8,2378,1,80
442,228,1,443,8,2386,318,80
443,228,1,444,7,2393,80,70
444,228,1,445,3,2396,1,30
445,228,1,446,5,2401,1,50
446,228,1,447,9,2410,165,90
447,228,1,448,2,2412,31,20
448,228,1,449,8,2420,73,80
449,228,1,450,9,2429,1,90
450,228,1,451,4,2433,1,40
451,228,1,452,6,2439,1,60
452,228,1,453,2,2441,1,20
453,228,1,454,9,2450,1,90
454,228,1,455,2,2452,1,20
455,228,1,456,5,2457,332,50
456,228,1,457,8,2465,1,80
457,228,1,458,7,2472,1,70
458,228,1,459,2,2474,157,20
459,228,1,460,3,2477,1,30
460,228,1,461,5,2482,1,50
461,228,1,462,9,2491,1,90
462,228,1,463,6,2497,1,60
463,228,1,464,9,2506,1,90
464,228,1,465,3,2509,321,30
465,228,1,466,7,2516,1,70
466,228,1,467,2,2518,104,20
467,228,1,468,4,2522,1,40
468,228,1,469,7,2529,1,70
469,228,1,470,9,2538,205,90
470,228,1,471,5,2543,1,50
471,228,1,472,2,2545,1,20
472,228,1,473,2,2547,69,20
473,228,1,474,5,2552,1,50
474,228,1,475,3,2555,85,30
475,228,1,476,8,2563,1,80
476,228,1,477,4,2567,1,40
477,228,1,478,5,2572,1,50
478,228,1,479,4,2576,191,40
479,228,1,480,5,2581,1,50
480,228,1,481,7,2588,1,70
481,228,1,482,2,2590,1,20
482,228,1,483,9,2599,213,90
483,228,1,484,3,2602,1,30
484,228,1,485,8,2610,1,80
485,228,1,486,9,2619,167,90
486,228,1,487,8,2627,1,80
487,228,1,488,3,2630,1,30
488,228,1,489,6,2636,155,60
489,228,1,490,4,2640,45,40
490,228,1,491,6,2646,1,60
491,228,1,492,4,2650,1,40
492,228,1,493,4,2654,1,40
493,228,1,494,2,2656,1,20
494,228,1,495,9,2665,1,90
495,228,1,496,8,2673,1,80
496,228,1,497,4,2677,1,40
497,228,1,498,6,2683,1,60
498,228,1,499,5,2688,1,50
499,228,1,500,6,2694,1,60
500,228,1,501,3,2697,1,30
501,228,1,502,9,2706,1,90
502,228,1,503,9,2715,1,90
503,228,1,504,4,2719,1,40
504,228,1,505,5,2724,1,50
505,228,1,506,3,2727,1,30
506,228,1,507,5,2732,1,50
507,228,1,508,7,2739,1,70
508,228,1,509,9,2748,1,90
509,228,1,510,8,2756,1,80
510,228,1,511,4,2760,1111,40
511,228,1,512,3,2763,85,30
512,228,1,513,6,2769,1,60
513,228,1,514,4,2773,1,40
514,228,1,515,9,2782,1,90
515,228,1,516,6,2788,234,60
516,228,1,517,9,2797,1,90
517,228,1,518,7,2804,174,70
518,228,1,519,7,2811,1,70
519,228,1,520,6,2817,1,60
520,228,1,521,2,2819,147,20
521,228,1,522,3,2822,1,30
522,228,1,523,7,2829,101,70
523,228,1,524,5,2834,48,50
524,228,1,525,2,2836,1,20
525,228,1,526,3,2839,1,30
526,228,1,527,9,2848,127,90
527,228,1,528,5,2853,1,50
528,228,1,529,7,2860,106,70
529,228,1,530,6,2866,1,60
530,228,1,531,8,2874,1,80
531,228,1,532,8,2882,206,80
532,228,1,533,2,2884,28,20
533,228,1,534,6,2890,63,60
534,228,1,535,7,2897,71,70
535,228,1,536,8,2905,1,80
536,228,1,537,8,2913,1,80
537,228,1,538,3,2916,179,30
538,228,1,539,2,2918,1,20
539,228,1,540,6,2924,1,60
540,228,1,541,3,2927,119,30
541,228,1,542,5,2932,62,50
542,228,1,543,9,2941,73,90
543,228,1,544,2,2943,1,20
544,228,1,545,5,2948,1,50
545,228,1,546,7,2955,135,70
546,228,1,547,4,2959,43,40
547,228,1,548,6,2965,1,60
548,228,1,549,3,2968,1,30
549,228,1,550,6,2974,134,60
550,228,1,551,8,2982,88,80
551,228,1,552,4,2986,1,40
552,228,1,553,4,2990,1,40
553,228,1,554,3,2993,91,30
554,228,1,555,6,2999,1,60
555,228,1,556,8,3007,1,80
556,228,1,557,9,3016,1,90
557,228,1,558,2,3018,220,20
558,228,1,559,2,3020,28,20
559,228,1,560,8,3028,1,80
560,228,1,561,2,3030,77,20
561,228,1,562,3,3033,1,30
562,228,1,563,8,3041,1,80
563,228,1,564,7,3048,1,70
564,228,1,565,7,3055,1,70
565,228,1,566,5,3060,1,50
566,228,1,567,3,3063,1,30
567,228,1,568,8,3071,1,80
568,228,1,569,6,3077,442,60
569,228,1,570,9,3086,1,90
570,228,1,571,6,3092,168,60
571,228,1,572,7,3099,73,70
572,228,1,573,9,3108,1,90
573,228,1,574,4,3112,134,40
574,228,1,575,9,3121,1,90
575,228,1,576,3,3124,1,30
576,228,1,577,9,3133,1,90
577,228,1,578,9,3142,1,90
578,228,1,579,4,3146,1,40
579,228,1,580,2,3148,322,20
580,228,1,581,3,3151,1,30
581,228,1,582,3,3154,83,30
582,228,1,583,3,3157,1,30
583,228,1,584,7,3164,1,70
584,228,1,585,3,3167,135,30
585,228,1,586,2,3169,31,20
586,228,1,587,7,3176,1,70
587,228,1,588,7,3183,1,70
588,228,1,589,3,3186,1,30
589,228,1,590,3,3189,1,30
590,228,1,591,3,3192,200,30
591,228,1,592,3,3195,40,30
592,228,1,593,5,3200,56,50
593,228,1,594,8,3208,1,80
594,228,1,595,8,3216,1,80
595,228,1,596,6,3222,1,60
596,228,1,597,9,3231,299,90
597,228,1,598,8,3239,94,80
598,228,1,599,4,3243,1,40
599,228,1,600,8,3251,117,80
600,228,1,601,3,3254,1,30
601,228,1,602,2,3256,61,20
602,228,1,603,8,3264,1,80
603,228,1,604,5,3269,1,50
604,228,1,605,2,3271,147,20
605,228,1,606,7,3278,1,70
606,228,1,607,6,3284,1,60
607,228,1,608,2,3286,1,20
608,228,1,609,6,3292,1,60
609,228,1,610,9,3301,1,90
610,228,1,611,2,3303,319,20
611,228,1,612,3,3306,55,30
612,228,1,613,6,3312,75,60
613,228,1,614,3,3315,1,30
614,228,1,615,3,3318,70,30
615,228,1,616,8,3326,1,80
616,228,1,617,2,3328,100,20
617,228,1,618,6,3334,1,60
618,228,1,619,2,3336,69,20
619,228,1,620,8,3344,72,80
620,228,1,621,8,3352,79,80
621,228,1,622,7,3359,1,70
622,228,1,623,7,3366,1,70
623,228,1,624,5,3371,1,50
624,228,1,625,2,3373,195,20
625,228,1,626,5,3378,58,50
626,228,1,627,6,3384,69,60
627,228,1,628,4,3388,1,40
628,228,1,629,8,3396,1,80
629,228,1,630,2,3398,148,20
630,228,1,631,4,3402,1,40
631,228,1,632,6,3408,1,60
632,228,1,633,5,3413,1,50
633,228,1,634,8,3421,1,80
634,228,1,635,5,3426,1,50
635,228,1,636,9,3435,1,90
636,228,1,637,7,3442,421,70
637,228,1,638,3,3445,46,30
638,228,1,639,2,3447,16,20
639,228,1,640,4,3451,1,40
640,228,1,641,6,3457,100,60
641,228,1,642,8,3465,1,80
642,228,1,643,8,3473,1,80
643,228,1,644,6,3479,1,60
644,228,1,645,5,3484,1,50
645,228,1,646,7,3491,1,70
646,228,1,647,2,3493,348,20
647,228,1,648,2,3495,1,20
648,228,1,649,8,3503,113,80
649,228,1,650,8,3511,79,80
650,228,1,651,8,3519,1,80
651,228,1,652,6,3525,128,60
652,228,1,653,8,3533,1,80
653,228,1,654,6,3539,1,60
654,228,1,655,3,3542,1,30
655,228,1,656,8,3550,1,80
656,228,1,657,8,3558,1,80
657,228,1,658,4,3562,1,40
658,228,1,659,8,3570,1,80
659,228,1,660,9,3579,1,90
660,228,1,661,8,3587,1,80
661,228,1,662,2,3589,621,20
662,228,1,663,5,3594,77,50
663,228,1,664,8,3602,75,80
664,228,1,665,9,3611,1,90
665,228,1,666,8,3619,187,80
666,228,1,667,5,3624,58,50
667,228,1,668,7,3631,1,70
668,228,1,669,9,3640,149,90
669,228,1,670,4,3644,46,40
670,228,1,671,2,3646,1,20
671,228,1,672,4,3650,59,40
672,228,1,673,3,3653,33,30
673,228,1,674,6,3659,53,60
674,228,1,675,2,3661,11,20
675,228,1,676,5,3666,46,50
676,228,1,677,8,3674,1,80
677,228,1,678,7,3681,1,70
678,228,1,679,7,3688,1,70
679,228,1,680,4,3692,262,40
680,228,1,681,8,3700,71,80
681,228,1,682,6,3706,1,60
682,228,1,683,9,3715,123,90
683,228,1,684,7,3722,65,70
684,228,1,685,5,3727,40,50
685,228,1,686,2,3729,1,20
686,228,1,687,9,3738,94,90
687,228,1,688,4,3742,38,40
688,228,1,689,7,3749,63,70
689,228,1,690,5,3754,49,50
690,228,1,691,9,3763,1,90
691,228,1,692,2,3765,1,20
692,228,1,693,4,3769,1,40
693,228,1,694,4,3773,161,40
694,228,1,695,4,3777,1,40
695,228,1,696,3,3780,1,30
696,228,1,697,4,3784,1,40
697,228,1,698,8,3792,193,80
698,228,1,699,3,3795,43,30
699,228,1,700,5,3800,1,50
700,228,1,701,2,3802,81,20
701,228,1,702,7,3809,70,70
702,228,1,703,5,3814,55,50
703,228,1,704,6,3820,62,60
704,228,1,705,3,3823,28,30
705,228,1,706,2,3825,1,20
706,228,1,707,6,3831,62,60
707,228,1,708,6,3837,74,60
708,228,1,709,5,3842,50,50
709,228,1,710,2,3844,1,20
710,228,1,711,2,3846,1,20
711,228,1,712,9,3855,124,90
712,228,1,713,5,3860,60,50
713,228,1,714,8,3868,86,80
714,228,1,715,5,3873,1,50
715,228,1,716,6,3879,1,60
716,228,1,717,2,3881,114,20
717,228,1,718,3,3884,1,30
718,228,1,719,8,3892,1,80
719,228,1,720,8,3900,1,80
720,228,1,721,9,3909,280,90
721,228,1,722,5,3914,1,50
722,228,1,723,6,3920,120,60
723,228,1,724,2,3922,1,20
724,228,1,725,9,3931,109,90
725,228,1,726,6,3937,58,60
726,228,1,727,2,3939,19,20
727,228,1,728,6,3945,1,60
728,228,1,729,4,3949,1,40
729,228,1,730,2,3951,109,20
730,228,1,731,4,3955,48,40
731,228,1,732,3,3958,1,30
732,228,1,733,4,3962,1,40
733,228,1,734,8,3970,1,80
734,228,1,735,8,3978,200,80
735,228,1,736,4,3982,45,40
736,228,1,737,8,3990,76,80
737,228,1,738,6,3996,57,60
738,228,1,739,4,4000,1,40
739,228,1,740,7,4007,125,70
740,228,1,741,9,4016,1,90
741,228,1,742,7,4023,154,70
742,228,1,743,4,4027,1,40
743,228,1,744,9,4036,121,90
744,228,1,745,5,4041,57,50
745,228,1,746,7,4048,1,70
746,228,1,747,5,4053,121,50
747,228,1,748,8,4061,1,80
748,228,1,749,4,4065,115,40
749,228,1,750,4,4069,1,40
750,228,1,751,8,4077,1,80
751,228,1,752,7,4084,1,70
752,228,1,753,3,4087,204,30
753,228,1,754,6,4093,73,60
754,228,1,755,6,4099,1,60
755,228,1,756,7,4106,1,70
756,228,1,757,7,4113,1,70
757,228,1,758,2,4115,1,20
758,228,1,759,8,4123,1,80
759,228,1,760,5,4128,324,50
760,228,1,761,7,4135,75,70
761,228,1,762,7,4142,1,70
762,228,1,763,4,4146,1,40
763,228,1,764,2,4148,120,20
764,228,1,765,2,4150,1,20
765,228,1,766,2,4152,51,20
766,228,1,767,4,4156,30,40
767,228,1,768,5,4161,1,50
768,228,1,769,4,4165,1,40
769,228,1,770,8,4173,185,80
770,228,1,771,6,4179,1,60
771,228,1,772,8,4187,144,80
772,228,1,773,2,4189,1,20
773,228,1,774,2,4191,1,20
774,228,1,775,9,4200,1,90
775,228,1,776,8,4208,213,80
776,228,1,777,6,4214,1,60
777,228,1,778,8,4222,1,80
778,228,1,779,8,4230,1,80
779,228,1,780,4,4234,1,40
780,228,1,781,6,4240,1,60
781,228,1,782,3,4243,376,30
782,228,1,783,9,4252,1,90
783,228,1,784,9,4261,1,90
784,228,1,785,5,4266,1,50
785,228,1,786,5,4271,1,50
786,228,1,787,4,4275,321,40
787,228,1,788,4,4279,1,40
788,228,1,789,9,4288,1,90
789,228,1,790,7,4295,1,70
790,228,1,791,3,4298,1,30
791,228,1,792,6,4304,1,60
792,228,1,793,5,4309,348,50
793,228,1,794,8,4317,1,80
794,228,1,795,4,4321,1,40
795,228,1,796,4,4325,1,40
796,228,1,797,3,4328,182,30
797,228,1,798,7,4335,87,70
798,228,1,799,4,4339,1,40
799,228,1,800,2,4341,1,20
800,228,1,801,7,4348,129,70
801,228,1,802,3,4351,1,30
802,228,1,803,7,4358,1,70
803,228,1,804,7,4365,176,70
804,228,1,805,4,4369,47,40
805,228,1,806,3,4372,37,30
806,228,1,807,5,4377,1,50
807,228,1,808,3,4380,72,30
808,228,1,809,5,4385,1,50
809,228,1,810,7,4392,1,70
810,228,1,811,3,4395,142,30
811,228,1,812,7,4402,75,70
812,228,1,813,4,4406,1,40
813,228,1,814,2,4408,1,20
814,228,1,815,3,4411,1,30
815,228,1,816,5,4416,139,50
816,228,1,817,6,4422,1,60
817,228,1,818,2,4424,1,20
818,228,1,819,2,4426,90,20
819,228,1,820,9,4435,1,90
820,228,1,821,8,4443,1,80
821,228,1,822,5,4448,1,50
822,228,1,823,6,4454,1,60
823,228,1,824,2,4456,315,20
824,228,1,825,6,4462,1,60
825,228,1,826,4,4466,1,40
826,228,1,827,8,4474,1,80
827,228,1,828,4,4478,188,40
828,228,1,829,8,4486,98,80
829,228,1,830,7,4493,1,70
830,228,1,831,9,4502,145,90
831,228,1,832,9,4511,1,90
832,228,1,833,9,4520,1,90
833,228,1,834,6,4526,1,60
834,228,1,835,2,4528,1,20
835,228,1,836,4,4532,1,40
836,228,1,837,3,4535,308,30
837,228,1,838,8,4543,1,80
838,228,1,839,3,4546,106,30
839,228,1,840,9,4555,1,90
840,228,1,841,4,4559,1,40
841,228,1,842,9,4568,1,90
842,228,1,843,6,4574,290,60
843,228,1,844,5,4579,1,50
844,228,1,845,3,4582,90,30
845,228,1,846,9,4591,1,90
846,228,1,847,2,4593,1,20
847,228,1,848,5,4598,1,50
848,228,1,849,7,4605,1,70
849,228,1,850,2,4607,261,20
850,228,1,851,7,4614,1,70
851,228,1,852,6,4620,136,60
852,228,1,853,3,4623,1,30
853,228,1,854,4,4627,1,40
854,228,1,855,3,4630,1,30
855,228,1,856,2,4632,114,20
856,228,1,857,8,4640,65,80
857,228,1,858,3,4643,33,30
858,228,1,859,6,4649,1,60
859,228,1,860,7,4656,1,70
860,228,1,861,8,4664,1,80
861,228,1,862,7,4671,1,70
862,228,1,863,3,4674,1,30
863,228,1,864,7,4681,1,70
864,228,1,865,2,4683,1,20
865,228,1,866,9,4692,1,90
866,228,1,867,3,4695,502,30
867,228,1,868,3,4698,1,30
868,228,1,869,5,4703,103,50
869,228,1,870,4,4707,1,40
870,228,1,871,7,4714,1,70
871,228,1,872,7,4721,1,70
872,228,1,873,4,4725,225,40
873,228,1,874,9,4734,1,90
874,228,1,875,9,4743,1,90
875,228,1,876,4,4747,1,40
876,228,1,877,4,4751,244,40
877,228,1,878,3,4754,1,30
878,228,1,879,8,4762,1,80
879,228,1,880,4,4766,142,40
880,228,1,881,3,4769,1,30
881,228,1,882,9,4778,1,90
882,228,1,883,4,4782,137,40
883,228,1,884,9,4791,1,90
884,228,1,885,5,4796,126,50
885,228,1,886,7,4803,1,70
886,228,1,887,8,4811,152,80
887,228,1,888,5,4816,54,50
888,228,1,889,9,4825,1,90
889,228,1,890,5,4830,131,50
890,228,1,891,6,4836,59,60
891,228,1,892,2,4838,1,20
892,228,1,893,2,4840,45,20
893,228,1,894,2,4842,19,20
894,228,1,895,2,4844,21,20
895,228,1,896,6,4850,1,60
896,228,1,897,9,4859,1,90
897,228,1,898,6,4865,1,60
898,228,1,899,7,4872,1,70
899,228,1,900,7,4879,360,70
900,228,1,901,4,4883,1,40
901,228,1,902,9,4892,134,90
902,228,1,903,5,4897,53,50
903,228,1,904,9,4906,97,90
904,228,1,905,3,4909,1,30
905,228,1,906,4,4913,1,40
906,228,1,907,2,4915,1,20
907,228,1,908,7,4922,1,70
908,228,1,909,2,4924,173,20
909,228,1,910,2,4926,33,20
910,228,1,911,4,4930,1,40
911,228,1,912,4,4934,1,40
912,228,1,913,4,4938,1,40
913,228,1,914,3,4941,1,30
914,228,1,915,9,4950,1,90
915,228,1,916,7,4957,290,70
916,228,1,917,3,4960,42,30
917,228,1,918,9,4969,1,90
918,228,1,919,7,4976,1,70
919,228,1,920,8,4984,212,80
920,228,1,921,8,4992,1,80
921,228,1,922,2,4994,1,20
922,228,2,1,2,2,16,20
923,228,2,2,2,4,1,20
924,228,2,3,3,7,1,30
925,228,2,4,5,12,1,50
926,228,2,5,3,15,120,30
927,228,2,6,5,20,46,50
928,228,2,7,6,26,1,60
929,228,2,8,9,35,1,90
930,228,2,9,6,41,1,60
931,228,2,10,9,50,304,90
932,228,2,11,2,52,1,20
933,228,2,12,4,56,83,40
934,228,2,13,2,58,25,20
935,228,2,14,6,64,67,60
936,228,2,15,8,72,72,80
937,228,2,16,9,81,1,90
938,228,2,17,5,86,1,50
939,228,2,18,7,93,196,70
940,228,2,19,2,95,29,20
941,228,2,20,4,99,47,40
942,228,2,21,3,102,34,30
943,228,2,22,6,108,62,60
944,228,2,23,4,112,1,40
945,228,2,24,8,120,1,80
946,228,2,25,3,123,146,30
947,228,2,26,5,128,59,50
948,228,2,27,8,136,1,80
949,228,2,28,5,141,1,50
950,228,2,29,4,145,1,40
951,228,2,30,7,152,1,70
952,228,2,31,8,160,1,80
953,228,2,32,6,166,388,60
954,228,2,33,2,168,32,20
955,228,2,34,2,170,1,20
956,228,2,35,7,177,1,70
957,228,2,36,6,183,116,60
958,228,2,37,8,191,1,80
959,228,2,38,8,199,165,80
960,228,2,39,4,203,46,40
961,228,2,40,2,205,16,20
962,228,2,41,3,208,25,30
963,228,2,42,4,212,1,40
964,228,2,43,2,214,64,20
965,228,2,44,2,216,1,20
966,228,2,45,3,219,1,30
967,228,2,46,6,225,103,60
968,228,2,47,5,230,51,50
969,228,2,48,7,237,70,70
970,228,2,49,7,244,1,70
971,228,2,50,4,248,1,40
972,228,2,51,8,256,1,80
973,228,2,52,4,260,214,40
974,228,2,53,3,263,40,30
975,228,2,54,7,270,63,70
976,228,2,55,9,279,1,90
977,228,2,56,5,284,1,50
978,228,2,57,7,291,207,70
979,228,2,58,8,299,1,80
980,228,2,59,9,308,1,90
981,228,2,60,8,316,1,80
982,228,2,61,8,324,310,80
983,228,2,62,8,332,74,80
984,228,2,63,5,337,57,50
985,228,2,64,2,339,1,20
986,228,2,65,3,342,1,30
987,228,2,66,5,347,83,50
988,228,2,67,7,354,1,70
989,228,2,68,8,362,1,80
990,228,2,69,4,366,1,40
991,228,2,70,5,371,249,50
992,228,2,71,7,378,1,70
993,228,2,72,9,387,1,90
994,228,2,73,8,395,1,80
995,228,2,74,3,398,1,30
996,228,2,75,5,403,1,50
997,228,2,76,9,412,392,90
998,228,2,77,7,419,94,70
999,228,2,78,7,426,68,70
1000,228,2,79,6,432,1,60
1001,228,2,80,3,435,88,30
1002,228,2,81,5,440,1,50
1003,228,2,82,7,447,1,70
1004,228,2,83,6,453,1,60
1005,228,2,84,5,458,1,50
1006,228,2,85,9,467,329,90
1007,228,2,86,2,469,1,20
1008,228,2,87,8,477,120,80
1009,228,2,88,7,484,1,70
1010,228,2,89,2,486,87,20
1011,228,2,90,7,493,1,70
1012,228,2,91,3,496,1,30
1013,228,2,92,6,502,1,60
1014,228,2,93,3,505,188,30
1015,228,2,94,8,513,1,80
1016,228,2,95,5,518,1,50
1017,228,2,96,4,522,185,40
1018,228,2,97,8,530,89,80
1019,228,2,98,3,533,1,30
1020,228,2,99,9,542,122,90
1021,228,2,100,4,546,46,40
1022,228,2,101,7,553,1,70
1023,228,2,102,5,558,1,50
1024,228,2,103,7,565,1,70
1025,228,2,104,2,567,1,20
1026,228,2,105,7,574,289,70
1027,228,2,106,3,577,1,30
1028,228,2,107,2,579,58,20
1029,228,2,108,5,584,52,50
1030,228,2,109,3,587,1,30
1031,228,2,110,3,590,68,30
1032,228,2,111,6,596,55,60
1033,228,2,112,2,598,24,20
1034,228,2,113,8,606,103,80
1035,228,2,114,4,610,1,40
1036,228,2,115,9,619,1,90
1037,228,2,116,6,625,1,60
1038,228,2,117,3,628,209,30
1039,228,2,118,6,634,76,60
1040,228,2,119,9,643,1,90
1041,228,2,120,9,652,179,90
1042,228,2,121,5,657,1,50
1043,228,2,122,5,662,102,50
1044,228,2,123,5,667,65,50
1045,228,2,124,9,676,1,90
1046,228,2,125,8,684,149,80
1047,228,2,126,4,688,1,40
1048,228,2,127,5,693,91,50
1049,228,2,128,3,696,1,30
1050,228,2,129,5,701,1,50
1051,228,2,130,6,707,125,60
1052,228,2,131,7,714,73,70
1053,228,2,132,4,718,1,40
1054,228,2,133,7,725,1,70
1055,228,2,134,9,734,1,90
1056,228,2,135,2,736,223,20
1057,228,2,136,9,745,1,90
1058,228,2,137,6,751,1,60
1059,228,2,138,8,759,1,80
1060,228,2,139,5,764,1,50
1061,228,2,140,3,767,1,30
1062,228,2,141,2,769,1,20
1063,228,2,142,9,778,384,90
1064,228,2,143,4,782,66,40
1065,228,2,144,9,791,1,90
1066,228,2,145,3,794,1,30
1067,228,2,146,2,796,1,20
1068,228,2,147,9,805,228,90
1069,228,2,148,8,813,1,80
1070,228,2,149,5,818,124,50
1071,228,2,150,2,820,1,20
1072,228,2,151,7,827,1,70
1073,228,2,152,8,835,1,80
1074,228,2,153,4,839,1,40
1075,228,2,154,5,844,1,50
1076,228,2,155,8,852,300,80
1077,228,2,156,3,855,1,30
1078,228,2,157,3,858,1,30
1079,228,2,158,2,860,92,20
1080,228,2,159,9,869,92,90
1081,228,2,160,4,873,1,40
1082,228,2,161,7,880,1,70
1083,228,2,162,7,887,1,70
1084,228,2,163,6,893,1,60
1085,228,2,164,6,899,1,60
1086,228,2,165,3,902,1,30
1087,228,2,166,8,910,1,80
1088,228,2,167,9,919,477,90
1089,228,2,168,6,925,77,60
1090,228,2,169,2,927,1,20
1091,228,2,170,5,932,1,50
1092,228,2,171,4,936,1,40
1093,228,2,172,7,943,1,70
1094,228,2,173,3,946,1,30
1095,228,2,174,8,954,1,80
1096,228,2,175,3,957,316,30
1097,228,2,176,3,960,39,30
1098,228,2,177,7,967,86,70
1099,228,2,178,4,971,1,40
1100,228,2,179,8,979,90,80
1101,228,2,180,4,983,1,40
1102,228,2,181,5,988,93,50
1103,228,2,182,3,991,35,30
1104,228,2,183,6,997,1,60
1105,228,2,184,8,1005,142,80
1106,228,2,185,9,1014,99,90
1107,228,2,186,4,1018,1,40
1108,228,2,187,2,1020,32,20
1109,228,2,188,9,1029,1,90
1110,228,2,189,5,1034,1,50
1111,228,2,190,8,1042,197,80
1112,228,2,191,4,1046,55,40
1113,228,2,192,9,1055,1,90
1114,228,2,193,8,1063,176,80
1115,228,2,194,3,1066,1,30
1116,228,2,195,7,1073,1,70
1117,228,2,196,2,1075,1,20
1118,228,2,197,5,1080,1,50
1119,228,2,198,5,1085,1,50
1120,228,2,199,5,1090,270,50
1121,228,2,200,8,1098,1,80
1122,228,2,201,3,1101,127,30
1123,228,2,202,2,1103,1,20
1124,228,2,203,3,1106,57,30
1125,228,2,204,8,1114,1,80
1126,228,2,205,4,1118,1,40
1127,228,2,206,7,1125,189,70
1128,228,2,207,6,1131,1,60
1129,228,2,208,4,1135,93,40
1130,228,2,209,7,1142,70,70
1131,228,2,210,2,1144,1,20
1132,228,2,211,5,1149,74,50
1133,228,2,212,5,1154,53,50
1134,228,2,213,6,1160,47,60
1135,228,2,214,4,1164,1,40
1136,228,2,215,3,1167,1,30
1137,228,2,216,3,1170,1,30
1138,228,2,217,8,1178,165,80
1139,228,2,218,9,1187,1,90
1140,228,2,219,2,1189,1,20
1141,228,2,220,6,1195,154,60
1142,228,2,221,2,1197,1,20
1143,228,2,222,4,1201,1,40
1144,228,2,223,2,1203,92,20
1145,228,2,224,8,1211,80,80
1146,228,2,225,7,1218,60,70
1147,228,2,226,9,1227,1,90
1148,228,2,227,2,1229,1,20
1149,228,2,228,2,1231,133,20
1150,228,2,229,9,1240,1,90
1151,228,2,230,4,1244,118,40
1152,228,2,231,6,1250,1,60
1153,228,2,232,3,1253,1,30
1154,228,2,233,3,1256,117,30
1155,228,2,234,3,1259,1,30
1156,228,2,235,6,1265,1,60
1157,228,2,236,9,1274,1,90
1158,228,2,237,5,1279,1,50
1159,228,2,238,8,1287,1,80
1160,228,2,239,7,1294,1,70
1161,228,2,240,3,1297,405,30
1162,228,2,241,5,1302,79,50
1163,228,2,242,3,1305,27,30
1164,228,2,243,5,1310,1,50
1165,228,2,244,2,1312,66,20
1166,228,2,245,2,1314,23,20
1167,228,2,246,2,1316,18,20
1168,228,2,247,6,1322,71,60
1169,228,2,248,7,1329,1,70
1170,228,2,249,2,1331,1,20
1171,228,2,250,8,1339,173,80
1172,228,2,251,2,1341,1,20
1173,228,2,252,3,1344,44,30
1174,228,2,253,6,1350,50,60
1175,228,2,254,7,1357,73,70
1176,228,2,255,5,1362,1,50
1177,228,2,256,3,1365,73,30
1178,228,2,257,3,1368,1,30
1179,228,2,258,4,1372,69,40
1180,228,2,259,2,1374,1,20
1181,228,2,260,6,1380,1,60
1182,228,2,261,2,1382,101,20
1183,228,2,262,8,1390,1,80
1184,228,2,263,8,1398,156,80
1185,228,2,264,2,1400,27,20
1186,228,2,265,3,1403,1,30
1187,228,2,266,2,1405,1,20
1188,228,2,267,9,1414,127,90
1189,228,2,268,9,1423,84,90
1190,228,2,269,6,1429,1,60
1191,228,2,270,8,1437,127,80
1192,228,2,271,8,1445,1,80
1193,228,2,272,5,1450,137,50
1194,228,2,273,5,1455,40,50
1195,228,2,274,7,1462,60,70
1196,228,2,275,3,1465,1,30
1197,228,2,276,8,1473,1,80
1198,228,2,277,8,1481,175,80
1199,228,2,278,7,1488,1,70
1200,228,2,279,5,1493,112,50
1201,228,2,280,2,1495,29,20
1202,228,2,281,3,1498,36,30
1203,228,2,282,7,1505,1,70
1204,228,2,283,9,1514,187,90
1205,228,2,284,4,1518,1,40
1206,228,2,285,2,1520,68,20
1207,228,2,286,2,1522,16,20
1208,228,2,287,7,1529,59,70
1209,228,2,288,8,1537,68,80
1210,228,2,289,2,1539,26,20
1211,228,2,290,8,1547,1,80
1212,228,2,291,3,1550,1,30
1213,228,2,292,8,1558,1,80
1214,228,2,293,6,1564,1,60
1215,228,2,294,5,1569,279,50
1216,228,2,295,5,1574,1,50
1217,228,2,296,6,1580,1,60
1218,228,2,297,2,1582,1,20
1219,228,2,298,8,1590,199,80
1220,228,2,299,4,1594,1,40
1221,228,2,300,6,1600,103,60
1222,228,2,301,5,1605,1,50
1223,228,2,302,7,1612,1,70
1224,228,2,303,8,1620,1,80
1225,228,2,304,9,1629,1,90
1226,228,2,305,4,1633,1,40
1227,228,2,306,8,1641,1,80
1228,228,2,307,8,1649,1,80
1229,228,2,308,9,1658,557,90
1230,228,2,309,7,1665,1,70
1231,228,2,310,5,1670,1,50
1232,228,2,311,7,1677,236,70
1233,228,2,312,4,1681,56,40
1234,228,2,313,4,1685,44,40
1235,228,2,314,9,1694,1,90
1236,228,2,315,5,1699,1,50
1237,228,2,316,4,1703,1,40
1238,228,2,317,5,1708,200,50
1239,228,2,318,5,1713,1,50
1240,228,2,319,6,1719,1,60
1241,228,2,320,2,1721,121,20
1242,228,2,321,7,1728,1,70
1243,228,2,322,9,1737,145,90
1244,228,2,323,2,1739,1,20
1245,228,2,324,8,1747,1,80
1246,228,2,325,2,1749,1,20
1247,228,2,326,6,1755,1,60
1248,228,2,327,6,1761,1,60
1249,228,2,328,7,1768,304,70
1250,228,2,329,3,1771,43,30
1251,228,2,330,4,1775,1,40
1252,228,2,331,2,1777,61,20
1253,228,2,332,6,1783,64,60
1254,228,2,333,6,1789,59,60
1255,228,2,334,4,1793,47,40
1256,228,2,335,2,1795,1,20
1257,228,2,336,8,1803,1,80
1258,228,2,337,2,1805,1,20
1259,228,2,338,6,1811,1,60
1260,228,2,339,3,1814,1,30
1261,228,2,340,8,1822,1,80
1262,228,2,341,7,1829,339,70
1263,228,2,342,4,1833,1,40
1264,228,2,343,3,1836,1,30
1265,228,2,344,6,1842,129,60
1266,228,2,345,5,1847,1,50
1267,228,2,346,7,1854,106,70
1268,228,2,347,7,1861,1,70
1269,228,2,348,6,1867,133,60
1270,228,2,349,5,1872,1,50
1271,228,2,350,6,1878,1,60
1272,228,2,351,2,1880,1,20
1273,228,2,352,6,1886,1,60
1274,228,2,353,5,1891,229,50
1275,228,2,354,6,1897,56,60
1276,228,2,355,4,1901,1,40
1277,228,2,356,2,1903,1,20
1278,228,2,357,2,1905,85,20
1279,228,2,358,6,1911,1,60
1280,228,2,359,3,1914,1,30
1281,228,2,360,3,1917,1,30
1282,228,2,361,4,1921,141,40
1283,228,2,362,7,1928,1,70
1284,228,2,363,6,1934,136,60
1285,228,2,364,4,1938,1,40
1286,228,2,365,5,1943,95,50
1287,228,2,366,2,1945,17,20
1288,228,2,367,6,1951,50,60
1289,228,2,368,3,1954,1,30
1290,228,2,369,7,1961,93,70
1291,228,2,370,6,1967,59,60
1292,228,2,371,2,1969,1,20
1293,228,2,372,9,1978,1,90
1294,228,2,373,5,1983,1,50
1295,228,2,374,2,1985,1,20
1296,228,2,375,9,1994,265,90
1297,228,2,376,3,1997,29,30
1298,228,2,377,6,2003,1,60
1299,228,2,378,3,2006,1,30
1300,228,2,379,6,2012,1,60
1301,228,2,380,6,2018,1,60
1302,228,2,381,7,2025,256,70
1303,228,2,382,7,2032,80,70
1304,228,2,383,5,2037,1,50
1305,228,2,384,2,2039,51,20
1306,228,2,385,4,2043,43,40
1307,228,2,386,8,2051,1,80
1308,228,2,387,6,2057,115,60
1309,228,2,388,3,2060,1,30
1310,228,2,389,2,2062,1,20
1311,228,2,390,6,2068,1,60
1312,228,2,391,4,2072,1,40
1313,228,2,392,6,2078,1,60
1314,228,2,393,9,2087,1,90
1315,228,2,394,2,2089,290,20
1316,228,2,395,2,2091,1,20
1317,228,2,396,2,2093,1,20
1318,228,2,397,2,2095,1,20
1319,228,2,398,8,2103,1,80
1320,228,2,399,9,2112,1,90
1321,228,2,400,4,2116,1,40
1322,228,2,401,6,2122,333,60
1323,228,2,402,3,2125,1,30
1324,228,2,403,4,2129,84,40
1325,228,2,404,3,2132,28,30
1326,228,2,405,4,2136,1,40
1327,228,2,406,4,2140,1,40
1328,228,2,407,5,2145,1,50
1329,228,2,408,7,2152,167,70
1330,228,2,409,9,2161,1,90
1331,228,2,410,6,2167,168,60
1332,228,2,411,3,2170,1,30
1333,228,2,412,5,2175,90,50
1334,228,2,413,6,2181,1,60
1335,228,2,414,2,2183,80,20
1336,228,2,415,2,2185,1,20
1337,228,2,416,3,2188,1,30
1338,228,2,417,4,2192,77,40
1339,228,2,418,6,2198,67,60
1340,228,2,419,2,2200,23,20
1341,228,2,420,2,2202,17,20
1342,228,2,421,3,2205,22,30
1343,228,2,422,5,2210,1,50
1344,228,2,423,5,2215,1,50
1345,228,2,424,8,2223,1,80
1346,228,2,425,4,2227,172,40
1347,228,2,426,4,2231,1,40
1348,228,2,427,4,2235,86,40
1349,228,2,428,3,2238,1,30
1350,228,2,429,5,2243,65,50
1351,228,2,430,9,2252,1,90
1352,228,2,431,3,2255,1,30
1353,228,2,432,6,2261,1,60
1354,228,2,433,7,2268,256,70
1355,228,2,434,3,2271,1,30
1356,228,2,435,5,2276,1,50
1357,228,2,436,7,2283,1,70
1358,228,2,437,7,2290,1,70
1359,228,2,438,6,2296,1,60
1360,228,2,439,8,2304,350,80
1361,228,2,440,5,2309,1,50
1362,228,2,441,7,2316,134,70
1363,228,2,442,7,2323,71,70
1364,228,2,443,9,2332,1,90
1365,228,2,444,5,2337,137,50
1366,228,2,445,3,2340,39,30
1367,228,2,446,2,2342,13,20
1368,228,2,447,8,2350,1,80
1369,228,2,448,2,2352,110,20
1370,228,2,449,3,2355,45,30
1371,228,2,450,2,2357,1,20
1372,228,2,451,2,2359,34,20
1373,228,2,452,3,2362,1,30
1374,228,2,453,5,2367,1,50
1375,228,2,454,8,2375,1,80
1376,228,2,455,9,2384,229,90
1377,228,2,456,5,2389,1,50
1378,228,2,457,6,2395,1,60
1379,228,2,458,6,2401,1,60
1380,228,2,459,8,2409,1,80
1381,228,2,460,4,2413,1,40
1382,228,2,461,3,2416,1,30
1383,228,2,462,9,2425,1,90
1384,228,2,463,8,2433,1,80
1385,228,2,464,9,2442,541,90
1386,228,2,465,9,2451,113,90
1387,228,2,466,4,2455,1,40
1388,228,2,467,4,2459,73,40
1389,228,2,468,8,2467,85,80
1390,228,2,469,2,2469,24,20
1391,228,2,470,2,2471,14,20
1392,228,2,471,4,2475,40,40
1393,228,2,472,3,2478,31,30
1394,228,2,473,8,2486,1,80
1395,228,2,474,7,2493,125,70
1396,228,2,475,6,2499,1,60
1397,228,2,476,7,2506,1,70
1398,228,2,477,3,2509,1,30
1399,228,2,478,4,2513,1,40
1400,228,2,479,7,2520,263,70
1401,228,2,480,4,2524,44,40
1402,228,2,481,7,2531,1,70
1403,228,2,482,6,2537,1,60
1404,228,2,483,8,2545,1,80
1405,228,2,484,9,2554,308,90
1406,228,2,485,9,2563,1,90
1407,228,2,486,9,2572,1,90
1408,228,2,487,4,2576,207,40
1409,228,2,488,8,2584,93,80
1410,228,2,489,5,2589,1,50
1411,228,2,490,5,2594,100,50
1412,228,2,491,6,2600,1,60
1413,228,2,492,6,2606,1,60
1414,228,2,493,2,2608,1,20
1415,228,2,494,2,2610,1,20
1416,228,2,495,7,2617,1,70
1417,228,2,496,7,2624,1,70
1418,228,2,497,7,2631,1,70
1419,228,2,498,8,2639,1,80
1420,228,2,499,9,2648,525,90
1421,228,2,500,7,2655,100,70
1422,228,2,501,3,2658,1,30
1423,228,2,502,4,2662,69,40
1424,228,2,503,4,2666,43,40
1425,228,2,504,4,2670,34,40
1426,228,2,505,2,2672,1,20
1427,228,2,506,9,2681,110,90
1428,228,2,507,9,2690,77,90
1429,228,2,508,2,2692,1,20
1430,228,2,509,5,2697,1,50
1431,228,2,510,7,2704,1,70
1432,228,2,511,5,2709,1,50
1433,228,2,512,5,2714,1,50
1434,228,2,513,3,2717,1,30
1435,228,2,514,7,2724,1,70
1436,228,2,515,3,2727,1,30
1437,228,2,516,2,2729,389,20
1438,228,2,517,8,2737,1,80
1439,228,2,518,6,2743,1,60
1440,228,2,519,7,2750,1,70
1441,228,2,520,9,2759,1,90
1442,228,2,521,8,2767,1,80
1443,228,2,522,8,2775,452,80
1444,228,2,523,8,2783,108,80
1445,228,2,524,3,2786,1,30
1446,228,2,525,8,2794,1,80
1447,228,2,526,8,2802,166,80
1448,228,2,527,3,2805,1,30
1449,228,2,528,7,2812,1,70
1450,228,2,529,6,2818,158,60
1451,228,2,530,4,2822,1,40
1452,228,2,531,7,2829,1,70
1453,228,2,532,4,2833,1,40
1454,228,2,533,4,2837,1,40
1455,228,2,534,6,2843,1,60
1456,228,2,535,9,2852,1,90
1457,228,2,536,6,2858,362,60
1458,228,2,537,4,2862,1,40
1459,228,2,538,7,2869,1,70
1460,228,2,539,4,2873,173,40
1461,228,2,540,4,2877,38,40
1462,228,2,541,3,2880,1,30
1463,228,2,542,9,2889,1,90
1464,228,2,543,8,2897,175,80
1465,228,2,544,2,2899,1,20
1466,228,2,545,8,2907,119,80
1467,228,2,546,7,2914,1,70
1468,228,2,547,7,2921,1,70
1469,228,2,548,9,2930,1,90
1470,228,2,549,6,2936,291,60
1471,228,2,550,5,2941,76,50
1472,228,2,551,7,2948,1,70
1473,228,2,552,4,2952,101,40
1474,228,2,553,9,2961,1,90
1475,228,2,554,7,2968,1,70
1476,228,2,555,5,2973,1,50
1477,228,2,556,4,2977,1,40
1478,228,2,557,9,2986,330,90
1479,228,2,558,3,2989,1,30
1480,228,2,559,3,2992,1,30
1481,228,2,560,9,3001,1,90
1482,228,2,561,4,3005,1,40
1483,228,2,562,8,3013,273,80
1484,228,2,563,5,3018,1,50
1485,228,2,564,4,3022,1,40
1486,228,2,565,9,3031,1,90
1487,228,2,566,9,3040,1,90
1488,228,2,567,9,3049,1,90
1489,228,2,568,3,3052,1,30
1490,228,2,569,7,3059,1,70
1491,228,2,570,7,3066,1,70
1492,228,2,571,3,3069,1,30
1493,228,2,572,8,3077,1,80
1494,228,2,573,8,3085,740,80
1495,228,2,574,4,3089,1,40
1496,228,2,575,9,3098,1,90
1497,228,2,576,4,3102,191,40
1498,228,2,577,3,3105,41,30
1499,228,2,578,3,3108,26,30
1500,228,2,579,7,3115,79,70
1501,228,2,580,2,3117,1,20
1502,228,2,581,4,3121,59,40
1503,228,2,582,5,3126,39,50
1504,228,2,583,3,3129,1,30
1505,228,2,584,8,3137,1,80
1506,228,2,585,7,3144,198,70
1507,228,2,586,4,3148,1,40
1508,228,2,587,3,3151,1,30
1509,228,2,588,3,3154,1,30
1510,228,2,589,7,3161,156,70
1511,228,2,590,9,3170,1,90
1512,228,2,591,5,3175,1,50
1513,228,2,592,5,3180,199,50
1514,228,2,593,3,3183,1,30
1515,228,2,594,3,3186,1,30
1516,228,2,595,8,3194,123,80
1517,228,2,596,7,3201,1,70
1518,228,2,597,4,3205,1,40
1519,228,2,598,3,3208,143,30
1520,228,2,599,6,3214,1,60
1521,228,2,600,7,3221,1,70
1522,228,2,601,6,3227,1,60
1523,228,2,602,4,3231,1,40
1524,228,2,603,9,3240,261,90
1525,228,2,604,4,3244,50,40
1526,228,2,605,8,3252,108,80
1527,228,2,606,2,3254,1,20
1528,228,2,607,7,3261,1,70
1529,228,2,608,6,3267,1,60
1530,228,2,609,7,3274,219,70
1531,228,2,610,2,3276,1,20
1532,228,2,611,2,3278,1,20
1533,228,2,612,7,3285,1,70
1534,228,2,613,6,3291,161,60
1535,228,2,614,9,3300,1,90
1536,228,2,615,6,3306,1,60
1537,228,2,616,8,3314,1,80
1538,228,2,617,7,3321,301,70
1539,228,2,618,5,3326,1,50
1540,228,2,619,2,3328,94,20
1541,228,2,620,4,3332,1,40
1542,228,2,621,8,3340,1,80
1543,228,2,622,5,3345,164,50
1544,228,2,623,6,3351,72,60
1545,228,2,624,9,3360,101,90
1546,228,2,625,2,3362,1,20
1547,228,2,626,3,3365,1,30
1548,228,2,627,6,3371,107,60
1549,228,2,628,6,3377,1,60
1550,228,2,629,8,3385,165,80
1551,228,2,630,6,3391,64,60
1552,228,2,631,8,3399,1,80
1553,228,2,632,3,3402,1,30
1554,228,2,633,5,3407,1,50
1555,228,2,634,9,3416,229,90
1556,228,2,635,9,3425,74,90
1557,228,2,636,8,3433,1,80
1558,228,2,637,7,3440,1,70
1559,228,2,638,2,3442,1,20
1560,228,2,639,6,3448,1,60
1561,228,2,640,9,3457,1,90
1562,228,2,641,4,3461,331,40
1563,228,2,642,7,3468,1,70
1564,228,2,643,8,3476,164,80
1565,228,2,644,9,3485,1,90
1566,228,2,645,2,3487,122,20
1567,228,2,646,9,3496,91,90
1568,228,2,647,4,3500,1,40
1569,228,2,648,8,3508,1,80
1570,228,2,649,3,3511,1,30
1571,228,2,650,2,3513,159,20
1572,228,2,651,9,3522,98,90
1573,228,2,652,8,3530,1,80
1574,228,2,653,8,3538,1,80
1575,228,2,654,8,3546,1,80
1576,228,2,655,9,3555,306,90
1577,228,2,656,2,3557,1,20
1578,228,2,657,9,3566,129,90
1579,228,2,658,3,3569,1,30
1580,228,2,659,5,3574,61,50
1581,228,2,660,5,3579,1,50
1582,228,2,661,6,3585,96,60
1583,228,2,662,5,3590,1,50
1584,228,2,663,2,3592,1,20
1585,228,2,664,5,3597,1,50
1586,228,2,665,5,3602,1,50
1587,228,2,666,7,3609,1,70
1588,228,2,667,6,3615,290,60
1589,228,2,668,4,3619,1,40
1590,228,2,669,7,3626,120,70
1591,228,2,670,7,3633,1,70
1592,228,2,671,4,3637,1,40
1593,228,2,672,3,3640,1,30
1594,228,2,673,2,3642,1,20
1595,228,2,674,4,3646,1,40
1596,228,2,675,5,3651,225,50
1597,228,2,676,5,3656,60,50
1598,228,2,677,9,3665,1,90
1599,228,2,678,5,3670,1,50
1600,228,2,679,2,3672,145,20
1601,228,2,680,9,3681,1,90
1602,228,2,681,5,3686,149,50
1603,228,2,682,4,3690,52,40
1604,228,2,683,6,3696,1,60
1605,228,2,684,8,3704,1,80
1606,228,2,685,9,3713,1,90
1607,228,2,686,3,3716,1,30
1608,228,2,687,6,3722,1,60
1609,228,2,688,9,3731,1,90
1610,228,2,689,7,3738,464,70
1611,228,2,690,3,3741,1,30
1612,228,2,691,5,3746,1,50
1613,228,2,692,8,3754,1,80
1614,228,2,693,7,3761,1,70
1615,228,2,694,9,3770,1,90
1616,228,2,695,9,3779,386,90
1617,228,2,696,5,3784,1,50
1618,228,2,697,7,3791,1,70
1619,228,2,698,4,3795,168,40
1620,228,2,699,2,3797,19,20
1621,228,2,700,6,3803,69,60
1622,228,2,701,4,3807,1,40
1623,228,2,702,4,3811,86,40
1624,228,2,703,7,3818,71,70
1625,228,2,704,5,3823,1,50
1626,228,2,705,9,3832,127,90
1627,228,2,706,6,3838,58,60
1628,228,2,707,9,3847,1,90
1629,228,2,708,7,3854,1,70
1630,228,2,709,6,3860,1,60
1631,228,2,710,8,3868,1,80
1632,228,2,711,4,3872,280,40
1633,228,2,712,4,3876,1,40
1634,228,2,713,6,3882,95,60
1635,228,2,714,7,3889,78,70
1636,228,2,715,4,3893,1,40
1637,228,2,716,6,3899,1,60
1638,228,2,717,9,3908,185,90
1639,228,2,718,9,3917,1,90
1640,228,2,719,5,3922,1,50
1641,228,2,720,8,3930,1,80
1642,228,2,721,4,3934,1,40
1643,228,2,722,8,3942,340,80
1644,228,2,723,7,3949,1,70
1645,228,2,724,6,3955,1,60
1646,228,2,725,6,3961,1,60
1647,228,2,726,4,3965,221,40
1648,228,2,727,6,3971,1,60
1649,228,2,728,7,3978,1,70
1650,228,2,729,5,3983,1,50
1651,228,2,730,3,3986,1,30
1652,228,2,731,5,3991,234,50
1653,228,2,732,5,3996,63,50
1654,228,2,733,3,3999,1,30
1655,228,2,734,2,4001,1,20
1656,228,2,735,7,4008,1,70
1657,228,2,736,4,4012,1,40
1658,228,2,737,2,4014,1,20
1659,228,2,738,3,4017,1,30
1660,228,2,739,5,4022,236,50
1661,228,2,740,7,4029,1,70
1662,228,2,741,7,4036,144,70
1663,228,2,742,7,4043,1,70
1664,228,2,743,7,4050,148,70
1665,228,2,744,7,4057,71,70
1666,228,2,745,2,4059,1,20
1667,228,2,746,3,4062,1,30
1668,228,2,747,4,4066,1,40
1669,228,2,748,6,4072,1,60
1670,228,2,749,2,4074,1,20
1671,228,2,750,3,4077,189,30
1672,228,2,751,6,4083,1,60
1673,228,2,752,6,4089,138,60
1674,228,2,753,4,4093,1,40
1675,228,2,754,5,4098,1,50
1676,228,2,755,8,4106,176,80
1677,228,2,756,2,4108,1,20
1678,228,2,757,3,4111,58,30
1679,228,2,758,2,4113,25,20
1680,228,2,759,3,4116,1,30
1681,228,2,760,6,4122,102,60
1682,228,2,761,5,4127,1,50
1683,228,2,762,6,4133,1,60
1684,228,2,763,6,4139,1,60
1685,228,2,764,5,4144,1,50
1686,228,2,765,9,4153,1,90
1687,228,2,766,3,4156,343,30
1688,228,2,767,7,4163,1,70
1689,228,2,768,2,4165,1,20
1690,228,2,769,8,4173,1,80
1691,228,2,770,8,4181,259,80
1692,228,2,771,6,4187,81,60
1693,228,2,772,7,4194,79,70
1694,228,2,773,9,4203,1,90
1695,228,2,774,3,4206,1,30
1696,228,2,775,8,4214,1,80
1697,228,2,776,8,4222,1,80
1698,228,2,777,3,4225,293,30
1699,228,2,778,3,4228,1,30
1700,228,2,779,9,4237,1,90
1701,228,2,780,4,4241,1,40
1702,228,2,781,8,4249,219,80
1703,228,2,782,2,4251,1,20
1704,228,2,783,6,4257,1,60
1705,228,2,784,2,4259,1,20
1706,228,2,785,3,4262,1,30
1707,228,2,786,9,4271,1,90
1708,228,2,787,3,4274,1,30
1709,228,2,788,3,4277,1,30
1710,228,2,789,9,4286,1,90
1711,228,2,790,6,4292,1,60
1712,228,2,791,2,4294,442,20
1713,228,2,792,6,4300,1,60
1714,228,2,793,8,4308,1,80
1715,228,2,794,8,4316,1,80
1716,228,2,795,5,4321,290,50
1717,228,2,796,4,4325,1,40
1718,228,2,797,8,4333,1,80
1719,228,2,798,2,4335,1,20
1720,228,2,799,7,4342,214,70
1721,228,2,800,3,4345,1,30
1722,228,2,801,5,4350,74,50
1723,228,2,802,7,4357,1,70
1724,228,2,803,2,4359,80,20
1725,228,2,804,5,4364,1,50
1726,228,2,805,7,4371,1,70
1727,228,2,806,3,4374,1,30
1728,228,2,807,8,4382,232,80
1729,228,2,808,4,4386,1,40
1730,228,2,809,3,4389,78,30
1731,228,2,810,9,4398,83,90
1732,228,2,811,8,4406,1,80
1733,228,2,812,5,4411,1,50
1734,228,2,813,4,4415,1,40
1735,228,2,814,2,4417,184,20
1736,228,2,815,4,4421,1,40
1737,228,2,816,7,4428,1,70
1738,228,2,817,3,4431,138,30
1739,228,2,818,7,4438,1,70
1740,228,2,819,2,4440,93,20
1741,228,2,820,3,4443,1,30
1742,228,2,821,4,4447,66,40
1743,228,2,822,6,4453,55,60
1744,228,2,823,5,4458,1,50
1745,228,2,824,3,4461,87,30
1746,228,2,825,9,4470,102,90
1747,228,2,826,5,4475,1,50
1748,228,2,827,5,4480,1,50
1749,228,2,828,4,4484,1,40
1750,228,2,829,6,4490,1,60
1751,228,2,830,3,4493,225,30
1752,228,2,831,7,4500,1,70
1753,228,2,832,7,4507,1,70
1754,228,2,833,7,4514,1,70
1755,228,2,834,7,4521,289,70
1756,228,2,835,8,4529,1,80
1757,228,2,836,6,4535,128,60
1758,228,2,837,2,4537,1,20
1759,228,2,838,9,4546,1,90
1760,228,2,839,6,4552,1,60
1761,228,2,840,4,4556,213,40
1762,228,2,841,8,4564,1,80
1763,228,2,842,9,4573,1,90
1764,228,2,843,2,4575,202,20
1765,228,2,844,3,4578,1,30
1766,228,2,845,3,4581,75,30
1767,228,2,846,2,4583,1,20
1768,228,2,847,3,4586,50,30
1769,228,2,848,8,4594,1,80
1770,228,2,849,9,4603,1,90
1771,228,2,850,5,4608,215,50
1772,228,2,851,3,4611,28,30
1773,228,2,852,7,4618,68,70
1774,228,2,853,2,4620,1,20
1775,228,2,854,5,4625,1,50
1776,228,2,855,9,4634,150,90
1777,228,2,856,5,4639,1,50
1778,228,2,857,7,4646,123,70
1779,228,2,858,9,4655,1,90
1780,228,2,859,2,4657,1,20
1781,228,2,860,7,4664,194,70
1782,228,2,861,4,4668,34,40
1783,228,2,862,4,4672,46,40
1784,228,2,863,3,4675,1,30
1785,228,2,864,2,4677,62,20
1786,228,2,865,7,4684,68,70
1787,228,2,866,3,4687,1,30
1788,228,2,867,6,4693,1,60
1789,228,2,868,3,4696,127,30
1790,228,2,869,9,4705,1,90
1791,228,2,870,5,4710,141,50
1792,228,2,871,9,4719,87,90
1793,228,2,872,7,4726,71,70
1794,228,2,873,4,4730,1,40
1795,228,2,874,7,4737,111,70
1796,228,2,875,5,4742,54,50
1797,228,2,876,4,4746,1,40
1798,228,2,877,7,4753,1,70
1799,228,2,878,7,4760,161,70
1800,228,2,879,6,4766,1,60
1801,228,2,880,4,4770,95,40
1802,228,2,881,6,4776,1,60
1803,228,2,882,2,4778,1,20
1804,228,2,883,8,4786,164,80
1805,228,2,884,9,4795,1,90
1806,228,2,885,2,4797,1,20
1807,228,2,886,7,4804,1,70
1808,228,2,887,6,4810,1,60
1809,228,2,888,4,4814,274,40
1810,228,2,889,9,4823,1,90
1811,228,2,890,3,4826,1,30
1812,228,2,891,6,4832,177,60
1813,228,2,892,4,4836,47,40
1814,228,2,893,9,4845,90,90
1815,228,2,894,3,4848,33,30
1816,228,2,895,2,4850,18,20
1817,228,2,896,8,4858,64,80
1818,228,2,897,2,4860,28,20
1819,228,2,898,5,4865,57,50
1820,228,2,899,9,4874,1,90
1821,228,2,900,8,4882,1,80
1822,228,2,901,9,4891,1,90
1823,228,2,902,3,4894,1,30
1824,228,2,903,9,4903,1,90
1825,228,2,904,3,4906,1,30
1826,228,2,905,3,4909,1,30
1827,228,2,906,2,4911,1,20
1828,228,2,907,4,4915,480,40
1829,228,2,908,2,4917,1,20
1830,228,2,909,8,4925,1,80
1831,228,2,910,9,4934,1,90
1832,228,2,911,3,4937,1,30
1833,228,2,912,3,4940,1,30
1834,228,2,913,5,4945,288,50
1835,228,2,914,2,4947,32,20
1836,228,2,915,4,4951,1,40
1837,228,2,916,4,4955,1,40
1838,228,2,917,8,4963,1,80
1839,228,2,918,6,4969,236,60
1840,228,2,919,6,4975,68,60
1841,228,2,920,4,4979,41,40
1842,228,2,921,6,4985,1,60
1843,228,2,922,3,4988,77,30
1844,228,2,923,2,4990,34,20
1845,228,2,924,4,4994,1,40
1846,228,3,1,4,4,1,40
1847,228,3,2,6,10,115,60
1848,228,3,3,3,13,1,30
1849,228,3,4,7,20,1,70
1850,228,3,5,3,23,145,30
1851,228,3,6,9,32,82,90
1852,228,3,7,5,37,51,50
1853,228,3,8,5,42,1,50
1854,228,3,9,9,51,133,90
1855,228,3,10,2,53,1,20
1856,228,3,11,6,59,83,60
1857,228,3,12,6,65,68,60
1858,228,3,13,2,67,25,20
1859,228,3,14,8,75,56,80
1860,228,3,15,5,80,54,50
1861,228,3,16,5,85,68,50
1862,228,3,17,9,94,1,90
1863,228,3,18,3,97,90,30
1864,228,3,19,9,106,88,90
1865,228,3,20,7,113,61,70
1866,228,3,21,3,116,1,30
1867,228,3,22,2,118,1,20
1868,228,3,23,4,122,1,40
1869,228,3,24,4,126,141,40
1870,228,3,25,6,132,1,60
1871,228,3,26,9,141,166,90
1872,228,3,27,2,143,1,20
1873,228,3,28,7,150,76,70
1874,228,3,29,7,157,1,70
1875,228,3,30,6,163,134,60
1876,228,3,31,7,170,1,70
1877,228,3,32,4,174,124,40
1878,228,3,33,9,183,1,90
1879,228,3,34,7,190,1,70
1880,228,3,35,5,195,1,50
1881,228,3,36,7,202,1,70
1882,228,3,37,3,205,272,30
1883,228,3,38,6,211,79,60
1884,228,3,39,6,217,1,60
1885,228,3,40,6,223,1,60
1886,228,3,41,7,230,1,70
1887,228,3,42,5,235,228,50
1888,228,3,43,3,238,54,30
1889,228,3,44,6,244,70,60
1890,228,3,45,8,252,1,80
1891,228,3,46,3,255,1,30
1892,228,3,47,4,259,1,40
1893,228,3,48,2,261,1,20
1894,228,3,49,5,266,210,50
1895,228,3,50,5,271,63,50
1896,228,3,51,8,279,1,80
1897,228,3,52,8,287,156,80
1898,228,3,53,7,294,81,70
1899,228,3,54,3,297,45,30
1900,228,3,55,5,302,1,50
1901,228,3,56,2,304,1,20
1902,228,3,57,6,310,1,60
1903,228,3,58,4,314,145,40
1904,228,3,59,9,323,1,90
1905,228,3,60,5,328,150,50
1906,228,3,61,5,333,53,50
1907,228,3,62,7,340,1,70
1908,228,3,63,5,345,98,50
1909,228,3,64,6,351,1,60
1910,228,3,65,2,353,81,20
1911,228,3,66,3,356,29,30
1912,228,3,67,9,365,91,90
1913,228,3,68,2,367,1,20
1914,228,3,69,4,371,58,40
1915,228,3,70,8,379,88,80
1916,228,3,71,4,383,1,40
1917,228,3,72,8,391,1,80
1918,228,3,73,8,399,207,80
1919,228,3,74,9,408,107,90
1920,228,3,75,2,410,1,20
1921,228,3,76,5,415,84,50
1922,228,3,77,7,422,1,70
1923,228,3,78,2,424,1,20
1924,228,3,79,4,428,1,40
1925,228,3,80,8,436,1,80
1926,228,3,81,6,442,1,60
1927,228,3,82,7,449,357,70
1928,228,3,83,5,454,1,50
1929,228,3,84,5,459,107,50
1930,228,3,85,5,464,58,50
1931,228,3,86,7,471,1,70
1932,228,3,87,2,473,1,20
1933,228,3,88,6,479,1,60
1934,228,3,89,7,486,226,70
1935,228,3,90,9,495,103,90
1936,228,3,91,2,497,1,20
1937,228,3,92,5,502,1,50
1938,228,3,93,8,510,1,80
1939,228,3,94,4,514,1,40
1940,228,3,95,6,520,1,60
1941,228,3,96,8,528,284,80
1942,228,3,97,7,535,1,70
1943,228,3,98,4,539,1,40
1944,228,3,99,4,543,1,40
1945,228,3,100,3,546,198,30
1946,228,3,101,6,552,1,60
1947,228,3,102,3,555,1,30
1948,228,3,103,3,558,1,30
1949,228,3,104,6,564,177,60
1950,228,3,105,2,566,1,20
1951,228,3,106,9,575,1,90
1952,228,3,107,2,577,1,20
1953,228,3,108,6,583,180,60
1954,228,3,109,3,586,39,30
1955,228,3,110,9,595,1,90
1956,228,3,111,3,598,99,30
1957,228,3,112,7,605,1,70
1958,228,3,113,6,611,1,60
1959,228,3,114,7,618,179,70
1960,228,3,115,9,627,1,90
1961,228,3,116,4,631,126,40
1962,228,3,117,3,634,1,30
1963,228,3,118,6,640,1,60
1964,228,3,119,9,649,1,90
1965,228,3,120,8,657,1,80
1966,228,3,121,9,666,311,90
1967,228,3,122,8,674,1,80
1968,228,3,123,8,682,1,80
1969,228,3,124,8,690,1,80
1970,228,3,125,6,696,1,60
1971,228,3,126,9,705,1,90
1972,228,3,127,6,711,1,60
1973,228,3,128,8,719,522,80
1974,228,3,129,4,723,1,40
1975,228,3,130,5,728,1,50
1976,228,3,131,5,733,167,50
1977,228,3,132,7,740,70,70
1978,228,3,133,3,743,27,30
1979,228,3,134,4,747,39,40
1980,228,3,135,6,753,1,60
1981,228,3,136,9,762,150,90
1982,228,3,137,8,770,69,80
1983,228,3,138,3,773,1,30
1984,228,3,139,5,778,71,50
1985,228,3,140,5,783,72,50
1986,228,3,141,5,788,1,50
1987,228,3,142,5,793,1,50
1988,228,3,143,3,796,1,30
1989,228,3,144,9,805,1,90
1990,228,3,145,4,809,1,40
1991,228,3,146,3,812,1,30
1992,228,3,147,5,817,324,50
1993,228,3,148,7,824,1,70
1994,228,3,149,3,827,94,30
1995,228,3,150,5,832,1,50
1996,228,3,151,6,838,1,60
1997,228,3,152,7,845,1,70
1998,228,3,153,6,851,1,60
1999,228,3,154,8,859,1,80
2000,228,3,155,7,866,1,70
2001,228,3,156,2,868,1,20
2002,228,3,157,7,875,1,70
2003,228,3,158,2,877,1,20
2004,228,3,159,7,884,533,70
2005,228,3,160,8,892,1,80
2006,228,3,161,4,896,118,40
2007,228,3,162,5,901,65,50
2008,228,3,163,3,904,1,30
2009,228,3,164,7,911,1,70
2010,228,3,165,6,917,1,60
2011,228,3,166,9,926,224,90
2012,228,3,167,2,928,29,20
2013,228,3,168,3,931,36,30
2014,228,3,169,8,939,1,80
2015,228,3,170,2,941,1,20
2016,228,3,171,5,946,1,50
2017,228,3,172,4,950,1,40
2018,228,3,173,8,958,234,80
2019,228,3,174,5,963,1,50
2020,228,3,175,3,966,84,30
2021,228,3,176,2,968,23,20
2022,228,3,177,5,973,1,50
2023,228,3,178,5,978,1,50
2024,228,3,179,9,987,1,90
2025,228,3,180,3,990,182,30
2026,228,3,181,3,993,43,30
2027,228,3,182,6,999,1,60
2028,228,3,183,6,1005,1,60
2029,228,3,184,8,1013,1,80
2030,228,3,185,7,1020,1,70
2031,228,3,186,3,1023,1,30
2032,228,3,187,6,1029,342,60
2033,228,3,188,5,1034,64,50
2034,228,3,189,3,1037,1,30
2035,228,3,190,7,1044,1,70
2036,228,3,191,8,1052,139,80
2037,228,3,192,8,1060,63,80
2038,228,3,193,6,1066,1,60
2039,228,3,194,2,1068,1,20
2040,228,3,195,2,1070,1,20
2041,228,3,196,4,1074,125,40
2042,228,3,197,5,1079,1,50
2043,228,3,198,4,1083,79,40
2044,228,3,199,8,1091,91,80
2045,228,3,200,6,1097,1,60
2046,228,3,201,9,1106,1,90
2047,228,3,202,9,1115,1,90
2048,228,3,203,4,1119,1,40
2049,228,3,204,5,1124,330,50
2050,228,3,205,5,1129,1,50
2051,228,3,206,9,1138,1,90
2052,228,3,207,2,1140,148,20
2053,228,3,208,6,1146,57,60
2054,228,3,209,8,1154,1,80
2055,228,3,210,3,1157,1,30
2056,228,3,211,4,1161,1,40
2057,228,3,212,8,1169,1,80
2058,228,3,213,7,1176,291,70
2059,228,3,214,8,1184,78,80
2060,228,3,215,8,1192,81,80
2061,228,3,216,4,1196,1,40
2062,228,3,217,7,1203,1,70
2063,228,3,218,6,1209,1,60
2064,228,3,219,4,1213,1,40
2065,228,3,220,8,1221,1,80
2066,228,3,221,8,1229,1,80
2067,228,3,222,4,1233,1,40
2068,228,3,223,7,1240,440,70
2069,228,3,224,8,1248,1,80
2070,228,3,225,7,1255,153,70
2071,228,3,226,7,1262,1,70
2072,228,3,227,3,1265,114,30
2073,228,3,228,3,1268,31,30
2074,228,3,229,3,1271,1,30
2075,228,3,230,7,1278,1,70
2076,228,3,231,2,1280,1,20
2077,228,3,232,8,1288,1,80
2078,228,3,233,4,1292,202,40
2079,228,3,234,2,1294,1,20
2080,228,3,235,9,1303,111,90
2081,228,3,236,6,1309,1,60
2082,228,3,237,3,1312,1,30
2083,228,3,238,7,1319,1,70
2084,228,3,239,6,1325,1,60
2085,228,3,240,2,1327,233,20
2086,228,3,241,7,1334,82,70
2087,228,3,242,9,1343,87,90
2088,228,3,243,8,1351,1,80
2089,228,3,244,7,1358,146,70
2090,228,3,245,4,1362,1,40
2091,228,3,246,5,1367,1,50
2092,228,3,247,7,1374,189,70
2093,228,3,248,2,1376,33,20
2094,228,3,249,2,1378,1,20
2095,228,3,250,7,1385,75,70
2096,228,3,251,4,1389,39,40
2097,228,3,252,9,1398,1,90
2098,228,3,253,4,1402,125,40
2099,228,3,254,9,1411,1,90
2100,228,3,255,3,1414,112,30
2101,228,3,256,8,1422,1,80
2102,228,3,257,9,1431,1,90
2103,228,3,258,2,1433,1,20
2104,228,3,259,7,1440,260,70
2105,228,3,260,5,1445,1,50
2106,228,3,261,6,1451,118,60
2107,228,3,262,7,1458,75,70
2108,228,3,263,6,1464,54,60
2109,228,3,264,4,1468,1,40
2110,228,3,265,2,1470,1,20
2111,228,3,266,2,1472,1,20
2112,228,3,267,2,1474,1,20
2113,228,3,268,4,1478,144,40
2114,228,3,269,5,1483,47,50
2115,228,3,270,5,1488,1,50
2116,228,3,271,7,1495,119,70
2117,228,3,272,6,1501,1,60
2118,228,3,273,5,1506,105,50
2119,228,3,274,2,1508,33,20
2120,228,3,275,3,1511,1,30
2121,228,3,276,8,1519,1,80
2122,228,3,277,7,1526,1,70
2123,228,3,278,7,1533,221,70
2124,228,3,279,6,1539,1,60
2125,228,3,280,6,1545,102,60
2126,228,3,281,3,1548,1,30
2127,228,3,282,3,1551,55,30
2128,228,3,283,7,1558,1,70
2129,228,3,284,6,1564,1,60
2130,228,3,285,5,1569,1,50
2131,228,3,286,9,1578,262,90
2132,228,3,287,4,1582,1,40
2133,228,3,288,8,1590,132,80
2134,228,3,289,4,1594,1,40
2135,228,3,290,6,1600,1,60
2136,228,3,291,7,1607,1,70
2137,228,3,292,4,1611,1,40
2138,228,3,293,9,1620,1,90
2139,228,3,294,2,1622,1,20
2140,228,3,295,6,1628,358,60
2141,228,3,296,3,1631,45,30
2142,228,3,297,3,1634,1,30
2143,228,3,298,8,1642,1,80
2144,228,3,299,5,1647,161,50
2145,228,3,300,3,1650,37,30
2146,228,3,301,9,1659,81,90
2147,228,3,302,2,1661,1,20
2148,228,3,303,9,1670,1,90
2149,228,3,304,6,1676,1,60
2150,228,3,305,6,1682,245,60
2151,228,3,306,9,1691,1,90
2152,228,3,307,8,1699,1,80
2153,228,3,308,3,1702,208,30
2154,228,3,309,3,1705,1,30
2155,228,3,310,6,1711,1,60
2156,228,3,311,5,1716,137,50
2157,228,3,312,6,1722,1,60
2158,228,3,313,2,1724,1,20
2159,228,3,314,3,1727,1,30
2160,228,3,315,8,1735,1,80
2161,228,3,316,4,1739,1,40
2162,228,3,317,4,1743,1,40
2163,228,3,318,4,1747,1,40
2164,228,3,319,8,1755,1,80
2165,228,3,320,3,1758,396,30
2166,228,3,321,3,1761,1,30
2167,228,3,322,9,1770,154,90
2168,228,3,323,9,1779,1,90
2169,228,3,324,4,1783,119,40
2170,228,3,325,3,1786,1,30
2171,228,3,326,7,1793,1,70
2172,228,3,327,3,1796,1,30
2173,228,3,328,8,1804,1,80
2174,228,3,329,5,1809,1,50
2175,228,3,330,6,1815,297,60
2176,228,3,331,8,1823,1,80
2177,228,3,332,3,1826,1,30
2178,228,3,333,6,1832,167,60
2179,228,3,334,3,1835,40,30
2180,228,3,335,3,1838,1,30
2181,228,3,336,7,1845,1,70
2182,228,3,337,3,1848,1,30
2183,228,3,338,3,1851,1,30
2184,228,3,339,4,1855,1,40
2185,228,3,340,6,1861,1,60
2186,228,3,341,2,1863,253,20
2187,228,3,342,8,1871,1,80
2188,228,3,343,4,1875,1,40
2189,228,3,344,6,1881,1,60
2190,228,3,345,2,1883,1,20
2191,228,3,346,4,1887,210,40
2192,228,3,347,6,1893,1,60
2193,228,3,348,4,1897,1,40
2194,228,3,349,5,1902,141,50
2195,228,3,350,5,1907,53,50
2196,228,3,351,9,1916,1,90
2197,228,3,352,2,1918,96,20
2198,228,3,353,3,1921,1,30
2199,228,3,354,2,1923,1,20
2200,228,3,355,9,1932,1,90
2201,228,3,356,7,1939,1,70
2202,228,3,357,2,1941,207,20
2203,228,3,358,5,1946,1,50
2204,228,3,359,6,1952,115,60
2205,228,3,360,7,1959,1,70
2206,228,3,361,3,1962,1,30
2207,228,3,362,5,1967,125,50
2208,228,3,363,6,1973,71,60
2209,228,3,364,9,1982,97,90
2210,228,3,365,3,1985,1,30
2211,228,3,366,2,1987,1,20
2212,228,3,367,9,1996,1,90
2213,228,3,368,5,2001,170,50
2214,228,3,369,6,2007,65,60
2215,228,3,370,2,2009,30,20
2216,228,3,371,5,2014,1,50
2217,228,3,372,7,2021,120,70
2218,228,3,373,4,2025,1,40
2219,228,3,374,4,2029,1,40
2220,228,3,375,3,2032,1,30
2221,228,3,376,6,2038,1,60
2222,228,3,377,9,2047,1,90
2223,228,3,378,5,2052,298,50
2224,228,3,379,2,2054,1,20
2225,228,3,380,3,2057,60,30
2226,228,3,381,3,2060,1,30
2227,228,3,382,8,2068,109,80
2228,228,3,383,3,2071,1,30
2229,228,3,384,9,2080,1,90
2230,228,3,385,7,2087,178,70
2231,228,3,386,8,2095,81,80
2232,228,3,387,8,2103,82,80
2233,228,3,388,9,2112,1,90
2234,228,3,389,3,2115,107,30
2235,228,3,390,8,2123,90,80
2236,228,3,391,7,2130,1,70
2237,228,3,392,6,2136,1,60
2238,228,3,393,9,2145,1,90
2239,228,3,394,5,2150,1,50
2240,228,3,395,7,2157,319,70
2241,228,3,396,7,2164,88,70
2242,228,3,397,5,2169,72,50
2243,228,3,398,9,2178,88,90
2244,228,3,399,8,2186,76,80
2245,228,3,400,5,2191,1,50
2246,228,3,401,6,2197,110,60
2247,228,3,402,4,2201,40,40
2248,228,3,403,3,2204,1,30
2249,228,3,404,3,2207,1,30
2250,228,3,405,2,2209,70,20
2251,228,3,406,3,2212,1,30
2252,228,3,407,2,2214,1,20
2253,228,3,408,5,2219,74,50
2254,228,3,409,3,2222,23,30
2255,228,3,410,7,2229,62,70
2256,228,3,411,9,2238,76,90
2257,228,3,412,2,2240,26,20
2258,228,3,413,9,2249,1,90
2259,228,3,414,5,2254,1,50
2260,228,3,415,7,2261,1,70
2261,228,3,416,7,2268,1,70
2262,228,3,417,4,2272,1,40
2263,228,3,418,9,2281,403,90
2264,228,3,419,7,2288,1,70
2265,228,3,420,5,2293,1,50
2266,228,3,421,4,2297,175,40
2267,228,3,422,4,2301,41,40
2268,228,3,423,3,2304,28,30
2269,228,3,424,3,2307,1,30
2270,228,3,425,2,2309,54,20
2271,228,3,426,6,2315,63,60
2272,228,3,427,3,2318,28,30
2273,228,3,428,9,2327,1,90
2274,228,3,429,7,2334,160,70
2275,228,3,430,3,2337,1,30
2276,228,3,431,9,2346,1,90
2277,228,3,432,9,2355,1,90
2278,228,3,433,7,2362,1,70
2279,228,3,434,8,2370,1,80
2280,228,3,435,6,2376,388,60
2281,228,3,436,3,2379,1,30
2282,228,3,437,8,2387,125,80
2283,228,3,438,6,2393,1,60
2284,228,3,439,3,2396,102,30
2285,228,3,440,2,2398,1,20
2286,228,3,441,6,2404,87,60
2287,228,3,442,5,2409,1,50
2288,228,3,443,3,2412,1,30
2289,228,3,444,8,2420,1,80
2290,228,3,445,5,2425,1,50
2291,228,3,446,9,2434,277,90
2292,228,3,447,4,2438,1,40
2293,228,3,448,8,2446,140,80
2294,228,3,449,4,2450,1,40
2295,228,3,450,5,2455,1,50
2296,228,3,451,9,2464,180,90
2297,228,3,452,8,2472,1,80
2298,228,3,453,7,2479,1,70
2299,228,3,454,2,2481,183,20
2300,228,3,455,7,2488,1,70
2301,228,3,456,9,2497,1,90
2302,228,3,457,7,2504,233,70
2303,228,3,458,9,2513,87,90
2304,228,3,459,5,2518,1,50
2305,228,3,460,2,2520,1,20
2306,228,3,461,5,2525,121,50
2307,228,3,462,4,2529,1,40
2308,228,3,463,4,2533,95,40
2309,228,3,464,6,2539,1,60
2310,228,3,465,8,2547,1,80
2311,228,3,466,7,2554,1,70
2312,228,3,467,9,2563,1,90
2313,228,3,468,6,2569,329,60
2314,228,3,469,3,2572,37,30
2315,228,3,470,6,2578,62,60
2316,228,3,471,5,2583,41,50
2317,228,3,472,4,2587,1,40
2318,228,3,473,2,2589,1,20
2319,228,3,474,5,2594,123,50
2320,228,3,475,9,2603,74,90
2321,228,3,476,6,2609,1,60
2322,228,3,477,4,2613,1,40
2323,228,3,478,7,2620,162,70
2324,228,3,479,4,2624,42,40
2325,228,3,480,9,2633,1,90
2326,228,3,481,3,2636,113,30
2327,228,3,482,2,2638,1,20
2328,228,3,483,3,2641,1,30
2329,228,3,484,7,2648,130,70
2330,228,3,485,7,2655,1,70
2331,228,3,486,3,2658,1,30
2332,228,3,487,9,2667,188,90
2333,228,3,488,8,2675,1,80
2334,228,3,489,6,2681,152,60
2335,228,3,490,9,2690,85,90
2336,228,3,491,9,2699,90,90
2337,228,3,492,9,2708,1,90
2338,228,3,493,6,2714,1,60
2339,228,3,494,8,2722,212,80
2340,228,3,495,5,2727,1,50
2341,228,3,496,8,2735,120,80
2342,228,3,497,5,2740,1,50
2343,228,3,498,9,2749,145,90
2344,228,3,499,4,2753,1,40
2345,228,3,500,3,2756,1,30
2346,228,3,501,4,2760,1,40
2347,228,3,502,2,2762,134,20
2348,228,3,503,2,2764,1,20
2349,228,3,504,7,2771,1,70
2350,228,3,505,4,2775,1,40
2351,228,3,506,4,2779,164,40
2352,228,3,507,5,2784,42,50
2353,228,3,508,8,2792,72,80
2354,228,3,509,9,2801,1,90
2355,228,3,510,9,2810,174,90
2356,228,3,511,3,2813,1,30
2357,228,3,512,3,2816,1,30
2358,228,3,513,6,2822,118,60
2359,228,3,514,2,2824,1,20
2360,228,3,515,2,2826,41,20
2361,228,3,516,7,2833,1,70
2362,228,3,517,2,2835,1,20
2363,228,3,518,4,2839,1,40
2364,228,3,519,2,2841,1,20
2365,228,3,520,8,2849,1,80
2366,228,3,521,5,2854,260,50
2367,228,3,522,9,2863,1,90
2368,228,3,523,2,2865,1,20
2369,228,3,524,8,2873,1,80
2370,228,3,525,8,2881,262,80
2371,228,3,526,9,2890,1,90
2372,228,3,527,2,2892,131,20
2373,228,3,528,4,2896,1,40
2374,228,3,529,7,2903,1,70
2375,228,3,530,9,2912,1,90
2376,228,3,531,2,2914,1,20
2377,228,3,532,8,2922,1,80
2378,228,3,533,7,2929,1,70
2379,228,3,534,9,2938,434,90
2380,228,3,535,8,2946,1,80
2381,228,3,536,6,2952,152,60
2382,228,3,537,2,2954,1,20
2383,228,3,538,5,2959,1,50
2384,228,3,539,4,2963,1,40
2385,228,3,540,7,2970,154,70
2386,228,3,541,6,2976,63,60
2387,228,3,542,9,2985,98,90
2388,228,3,543,6,2991,1,60
2389,228,3,544,9,3000,130,90
2390,228,3,545,7,3007,74,70
2391,228,3,546,6,3013,1,60
2392,228,3,547,6,3019,1,60
2393,228,3,548,8,3027,1,80
2394,228,3,549,8,3035,1,80
2395,228,3,550,2,3037,1,20
2396,228,3,551,9,3046,1,90
2397,228,3,552,5,3051,1,50
2398,228,3,553,3,3054,1,30
2399,228,3,554,7,3061,1,70
2400,228,3,555,7,3068,1,70
2401,228,3,556,7,3075,1,70
2402,228,3,557,5,3080,689,50
2403,228,3,558,6,3086,1,60
2404,228,3,559,8,3094,183,80
2405,228,3,560,2,3096,1,20
2406,228,3,561,4,3100,56,40
2407,228,3,562,9,3109,1,90
2408,228,3,563,8,3117,178,80
2409,228,3,564,5,3122,1,50
2410,228,3,565,9,3131,1,90
2411,228,3,566,3,3134,172,30
2412,228,3,567,3,3137,41,30
2413,228,3,568,9,3146,75,90
2414,228,3,569,4,3150,48,40
2415,228,3,570,8,3158,1,80
2416,228,3,571,5,3163,1,50
2417,228,3,572,3,3166,148,30
2418,228,3,573,4,3170,38,40
2419,228,3,574,3,3173,1,30
2420,228,3,575,2,3175,1,20
2421,228,3,576,9,3184,1,90
2422,228,3,577,2,3186,1,20
2423,228,3,578,3,3189,172,30
2424,228,3,579,9,3198,1,90
2425,228,3,580,5,3203,1,50
2426,228,3,581,2,3205,1,20
2427,228,3,582,8,3213,217,80
2428,228,3,583,4,3217,1,40
2429,228,3,584,8,3225,1,80
2430,228,3,585,2,3227,1,20
2431,228,3,586,4,3231,1,40
2432,228,3,587,7,3238,1,70
2433,228,3,588,5,3243,1,50
2434,228,3,589,8,3251,377,80
2435,228,3,590,9,3260,88,90
2436,228,3,591,6,3266,1,60
2437,228,3,592,6,3272,1,60
2438,228,3,593,5,3277,1,50
2439,228,3,594,5,3282,1,50
2440,228,3,595,3,3285,1,30
2441,228,3,596,3,3288,271,30
2442,228,3,597,3,3291,1,30
2443,228,3,598,2,3293,60,20
2444,228,3,599,3,3296,1,30
2445,228,3,600,7,3303,1,70
2446,228,3,601,4,3307,148,40
2447,228,3,602,7,3314,1,70
2448,228,3,603,2,3316,1,20
2449,228,3,604,4,3320,1,40
2450,228,3,605,2,3322,136,20
2451,228,3,606,2,3324,23,20
2452,228,3,607,3,3327,36,30
2453,228,3,608,5,3332,1,50
2454,228,3,609,9,3341,1,90
2455,228,3,610,5,3346,1,50
2456,228,3,611,3,3349,205,30
2457,228,3,612,7,3356,1,70
2458,228,3,613,4,3360,1,40
2459,228,3,614,2,3362,1,20
2460,228,3,615,3,3365,1,30
2461,228,3,616,7,3372,1,70
2462,228,3,617,7,3379,1,70
2463,228,3,618,9,3388,367,90
2464,228,3,619,2,3390,1,20
2465,228,3,620,6,3396,97,60
2466,228,3,621,3,3399,1,30
2467,228,3,622,5,3404,1,50
2468,228,3,623,5,3409,1,50
2469,228,3,624,8,3417,177,80
2470,228,3,625,5,3422,61,50
2471,228,3,626,6,3428,63,60
2472,228,3,627,5,3433,1,50
2473,228,3,628,9,3442,1,90
2474,228,3,629,2,3444,152,20
2475,228,3,630,7,3451,82,70
2476,228,3,631,3,3454,37,30
2477,228,3,632,4,3458,44,40
2478,228,3,633,9,3467,1,90
2479,228,3,634,2,3469,1,20
2480,228,3,635,8,3477,1,80
2481,228,3,636,3,3480,1,30
2482,228,3,637,8,3488,1,80
2483,228,3,638,7,3495,1,70
2484,228,3,639,8,3503,402,80
2485,228,3,640,9,3512,114,90
2486,228,3,641,9,3521,111,90
2487,228,3,642,2,3523,1,20
2488,228,3,643,6,3529,1,60
2489,228,3,644,6,3535,1,60
2490,228,3,645,3,3538,1,30
2491,228,3,646,7,3545,1,70
2492,228,3,647,2,3547,1,20
2493,228,3,648,9,3556,1,90
2494,228,3,649,8,3564,437,80
2495,228,3,650,2,3566,1,20
2496,228,3,651,9,3575,120,90
2497,228,3,652,6,3581,1,60
2498,228,3,653,2,3583,1,20
2499,228,3,654,6,3589,1,60
2500,228,3,655,8,3597,1,80
2501,228,3,656,7,3604,1,70
2502,228,3,657,9,3613,1,90
2503,228,3,658,8,3621,1,80
2504,228,3,659,9,3630,1,90
2505,228,3,660,9,3639,1,90
2506,228,3,661,7,3646,636,70
2507,228,3,662,6,3652,77,60
2508,228,3,663,2,3654,1,20
2509,228,3,664,6,3660,86,60
2510,228,3,665,5,3665,1,50
2511,228,3,666,8,3673,1,80
2512,228,3,667,8,3681,1,80
2513,228,3,668,2,3683,197,20
2514,228,3,669,9,3692,1,90
2515,228,3,670,2,3694,1,20
2516,228,3,671,8,3702,1,80
2517,228,3,672,5,3707,1,50
2518,228,3,673,5,3712,1,50
2519,228,3,674,6,3718,345,60
2520,228,3,675,6,3724,75,60
2521,228,3,676,3,3727,31,30
2522,228,3,677,8,3735,71,80
2523,228,3,678,5,3740,1,50
2524,228,3,679,3,3743,85,30
2525,228,3,680,5,3748,32,50
2526,228,3,681,2,3750,17,20
2527,228,3,682,4,3754,1,40
2528,228,3,683,8,3762,1,80
2529,228,3,684,7,3769,169,70
2530,228,3,685,8,3777,1,80
2531,228,3,686,7,3784,1,70
2532,228,3,687,6,3790,208,60
2533,228,3,688,9,3799,95,90
2534,228,3,689,9,3808,1,90
2535,228,3,690,6,3814,144,60
2536,228,3,691,3,3817,38,30
2537,228,3,692,9,3826,1,90
2538,228,3,693,6,3832,164,60
2539,228,3,694,6,3838,1,60
2540,228,3,695,5,3843,1,50
2541,228,3,696,4,3847,136,40
2542,228,3,697,3,3850,35,30
2543,228,3,698,2,3852,1,20
2544,228,3,699,4,3856,1,40
2545,228,3,700,4,3860,1,40
2546,228,3,701,3,3863,1,30
2547,228,3,702,4,3867,1,40
2548,228,3,703,3,3870,1,30
2549,228,3,704,5,3875,227,50
2550,228,3,705,7,3882,1,70
2551,228,3,706,9,3891,1,90
2552,228,3,707,6,3897,1,60
2553,228,3,708,3,3900,1,30
2554,228,3,709,7,3907,1,70
2555,228,3,710,2,3909,1,20
2556,228,3,711,8,3917,1,80
2557,228,3,712,6,3923,465,60
2558,228,3,713,5,3928,1,50
2559,228,3,714,9,3937,1,90
2560,228,3,715,9,3946,1,90
2561,228,3,716,5,3951,287,50
2562,228,3,717,6,3957,1,60
2563,228,3,718,7,3964,1,70
2564,228,3,719,2,3966,1,20
2565,228,3,720,3,3969,1,30
2566,228,3,721,8,3977,249,80
2567,228,3,722,7,3984,1,70
2568,228,3,723,5,3989,1,50
2569,228,3,724,5,3994,181,50
2570,228,3,725,2,3996,1,20
2571,228,3,726,9,4005,1,90
2572,228,3,727,7,4012,173,70
2573,228,3,728,5,4017,1,50
2574,228,3,729,3,4020,1,30
2575,228,3,730,3,4023,117,30
2576,228,3,731,8,4031,1,80
2577,228,3,732,2,4033,1,20
2578,228,3,733,9,4042,1,90
2579,228,3,734,3,4045,1,30
2580,228,3,735,4,4049,231,40
2581,228,3,736,5,4054,53,50
2582,228,3,737,7,4061,1,70
2583,228,3,738,8,4069,1,80
2584,228,3,739,2,4071,1,20
2585,228,3,740,9,4080,240,90
2586,228,3,741,4,4084,56,40
2587,228,3,742,6,4090,1,60
2588,228,3,743,6,4096,105,60
2589,228,3,744,3,4099,36,30
2590,228,3,745,3,4102,25,30
2591,228,3,746,3,4105,27,30
2592,228,3,747,9,4114,1,90
2593,228,3,748,4,4118,120,40
2594,228,3,749,8,4126,1,80
2595,228,3,750,4,4130,1,40
2596,228,3,751,9,4139,218,90
2597,228,3,752,2,4141,1,20
2598,228,3,753,7,4148,1,70
2599,228,3,754,2,4150,100,20
2600,228,3,755,7,4157,1,70
2601,228,3,756,4,4161,119,40
2602,228,3,757,3,4164,33,30
2603,228,3,758,2,4166,24,20
2604,228,3,759,5,4171,1,50
2605,228,3,760,8,4179,116,80
2606,228,3,761,8,4187,1,80
2607,228,3,762,8,4195,1,80
2608,228,3,763,9,4204,227,90
2609,228,3,764,2,4206,1,20
2610,228,3,765,4,4210,64,40
2611,228,3,766,6,4216,1,60
2612,228,3,767,6,4222,115,60
2613,228,3,768,3,4225,1,30
2614,228,3,769,5,4230,1,50
2615,228,3,770,8,4238,1,80
2616,228,3,771,3,4241,156,30
2617,228,3,772,5,4246,53,50
2618,228,3,773,9,4255,1,90
2619,228,3,774,4,4259,1,40
2620,228,3,775,4,4263,143,40
2621,228,3,776,2,4265,1,20
2622,228,3,777,4,4269,1,40
2623,228,3,778,2,4271,1,20
2624,228,3,779,3,4274,1,30
2625,228,3,780,3,4277,1,30
2626,228,3,781,2,4279,1,20
2627,228,3,782,7,4286,1,70
2628,228,3,783,2,4288,1,20
2629,228,3,784,7,4295,286,70
2630,228,3,785,4,4299,52,40
2631,228,3,786,2,4301,1,20
2632,228,3,787,6,4307,76,60
2633,228,3,788,2,4309,1,20
2634,228,3,789,5,4314,1,50
2635,228,3,790,3,4317,1,30
2636,228,3,791,4,4321,147,40
2637,228,3,792,2,4323,1,20
2638,228,3,793,2,4325,1,20
2639,228,3,794,7,4332,138,70
2640,228,3,795,6,4338,66,60
2641,228,3,796,6,4344,1,60
2642,228,3,797,8,4352,1,80
2643,228,3,798,5,4357,150,50
2644,228,3,799,9,4366,1,90
2645,228,3,800,2,4368,1,20
2646,228,3,801,6,4374,1,60
2647,228,3,802,2,4376,1,20
2648,228,3,803,8,4384,1,80
2649,228,3,804,6,4390,1,60
2650,228,3,805,5,4395,1,50
2651,228,3,806,7,4402,1,70
2652,228,3,807,9,4411,1,90
2653,228,3,808,2,4413,548,20
2654,228,3,809,2,4415,1,20
2655,228,3,810,2,4417,66,20
2656,228,3,811,9,4426,1,90
2657,228,3,812,5,4431,1,50
2658,228,3,813,5,4436,1,50
2659,228,3,814,8,4444,247,80
2660,228,3,815,6,4450,1,60
2661,228,3,816,9,4459,1,90
2662,228,3,817,5,4464,193,50
2663,228,3,818,4,4468,45,40
2664,228,3,819,5,4473,1,50
2665,228,3,820,3,4476,1,30
2666,228,3,821,2,4478,96,20
2667,228,3,822,4,4482,1,40
2668,228,3,823,4,4486,1,40
2669,228,3,824,7,4493,148,70
2670,228,3,825,8,4501,76,80
2671,228,3,826,2,4503,18,20
2672,228,3,827,7,4510,73,70
2673,228,3,828,2,4512,1,20
2674,228,3,829,7,4519,1,70
2675,228,3,830,7,4526,160,70
2676,228,3,831,6,4532,68,60
2677,228,3,832,5,4537,40,50
2678,228,3,833,9,4546,1,90
2679,228,3,834,7,4553,1,70
2680,228,3,835,9,4562,237,90
2681,228,3,836,8,4570,84,80
2682,228,3,837,4,4574,1,40
2683,228,3,838,6,4580,92,60
2684,228,3,839,8,4588,79,80
2685,228,3,840,5,4593,1,50
2686,228,3,841,7,4600,1,70
2687,228,3,842,6,4606,159,60
2688,228,3,843,6,4612,1,60
2689,228,3,844,4,4616,1,40
2690,228,3,845,4,4620,122,40
2691,228,3,846,3,4623,1,30
2692,228,3,847,4,4627,1,40
2693,228,3,848,8,4635,154,80
2694,228,3,849,9,4644,87,90
2695,228,3,850,6,4650,77,60
2696,228,3,851,5,4655,33,50
2697,228,3,852,9,4664,101,90
2698,228,3,853,8,4672,82,80
2699,228,3,854,4,4676,1,40
2700,228,3,855,2,4678,61,20
2701,228,3,856,5,4683,46,50
2702,228,3,857,4,4687,1,40
2703,228,3,858,8,4695,103,80
2704,228,3,859,5,4700,1,50
2705,228,3,860,7,4707,111,70
2706,228,3,861,4,4711,1,40
2707,228,3,862,9,4720,1,90
2708,228,3,863,4,4724,1,40
2709,228,3,864,5,4729,1,50
2710,228,3,865,3,4732,276,30
2711,228,3,866,9,4741,1,90
2712,228,3,867,3,4744,1,30
2713,228,3,868,5,4749,181,50
2714,228,3,869,4,4753,1,40
2715,228,3,870,3,4756,1,30
2716,228,3,871,7,4763,161,70
2717,228,3,872,7,4770,81,70
2718,228,3,873,7,4777,1,70
2719,228,3,874,8,4785,1,80
2720,228,3,875,6,4791,1,60
2721,228,3,876,5,4796,242,50
2722,228,3,877,3,4799,39,30
2723,228,3,878,3,4802,33,30
2724,228,3,879,4,4806,1,40
2725,228,3,880,4,4810,1,40
2726,228,3,881,7,4817,132,70
2727,228,3,882,9,4826,93,90
2728,228,3,883,2,4828,17,20
2729,228,3,884,2,4830,18,20
2730,228,3,885,9,4839,83,90
2731,228,3,886,8,4847,1,80
2732,228,3,887,7,4854,1,70
2733,228,3,888,2,4856,1,20
2734,228,3,889,5,4861,1,50
2735,228,3,890,4,4865,1,40
2736,228,3,891,6,4871,1,60
2737,228,3,892,6,4877,372,60
2738,228,3,893,3,4880,45,30
2739,228,3,894,2,4882,1,20
2740,228,3,895,7,4889,96,70
2741,228,3,896,3,4892,38,30
2742,228,3,897,6,4898,1,60
2743,228,3,898,9,4907,127,90
2744,228,3,899,9,4916,83,90
2745,228,3,900,7,4923,1,70
2746,228,3,901,6,4929,1,60
2747,228,3,902,8,4937,202,80
2748,228,3,903,2,4939,1,20
2749,228,3,904,5,4944,1,50
2750,228,3,905,3,4947,124,30
2751,228,3,906,7,4954,1,70
2752,228,3,907,4,4958,119,40
2753,228,3,908,5,4963,1,50
2754,228,3,909,2,4965,1,20
2755,228,3,910,4,4969,92,40
2756,228,3,911,9,4978,1,90
2757,228,3,912,8,4986,180,80
2758,228,3,913,3,4989,30,30
2759,228,3,914,4,4993,1,40
2760,228,3,915,6,4999,1,60
