,Scenario,Trial,Inspection,Interval,Time,Defects,Rate
0,327,1,1,4,4,12,40
1,327,1,2,3,7,1,30
2,327,1,3,5,12,1,50
3,327,1,4,5,17,1,50
4,327,1,5,9,26,46,90
5,327,1,6,7,33,1,70
6,327,1,7,8,41,1,80
7,327,1,8,5,46,1,50
8,327,1,9,8,54,1,80
9,327,1,10,7,61,1,70
10,327,1,11,9,70,1,90
11,327,1,12,5,75,1,50
12,327,1,13,8,83,163,80
13,327,1,14,2,85,1,20
14,327,1,15,5,90,1,50
15,327,1,16,3,93,1,30
16,327,1,17,8,101,1,80
17,327,1,18,2,103,1,20
18,327,1,19,8,111,1,80
19,327,1,20,5,116,1,50
20,327,1,21,6,122,1,60
21,327,1,22,4,126,1,40
22,327,1,23,6,132,1,60
23,327,1,24,3,135,1,30
24,327,1,25,6,141,1,60
25,327,1,26,8,149,1,80
26,327,1,27,8,157,1,80
27,327,1,28,6,163,1,60
28,327,1,29,5,168,1,50
29,327,1,30,7,175,1,70
30,327,1,31,3,178,1,30
31,327,1,32,8,186,1,80
32,327,1,33,2,188,1,20
33,327,1,34,7,195,1,70
34,327,1,35,5,200,1,50
35,327,1,36,5,205,1,50
36,327,1,37,5,210,1,50
37,327,1,38,6,216,1,60
38,327,1,39,7,223,1,70
39,327,1,40,6,229,1,60
40,327,1,41,6,235,1,60
41,327,1,42,9,244,1,90
42,327,1,43,8,252,1,80
43,327,1,44,3,255,1,30
44,327,1,45,7,262,1,70
45,327,1,46,2,264,1,20
46,327,1,47,5,269,1,50
47,327,1,48,6,275,1,60
48,327,1,49,9,284,1,90
49,327,1,50,5,289,1,50
50,327,1,51,5,294,1,50
51,327,1,52,8,302,1,80
52,327,1,53,2,304,1,20
53,327,1,54,8,312,1,80
54,327,1,55,5,317,1,50
55,327,1,56,4,321,1,40
56,327,1,57,9,330,1,90
57,327,1,58,4,334,1,40
58,327,1,59,3,337,1,30
59,327,1,60,3,340,1,30
60,327,1,61,8,348,1,80
61,327,1,62,3,351,1,30
62,327,1,63,7,358,1,70
63,327,1,64,6,364,1,60
64,327,1,65,4,368,1,40
65,327,1,66,9,377,1,90
66,327,1,67,6,383,1,60
67,327,1,68,4,387,1,40
68,327,1,69,7,394,1,70
69,327,1,70,3,397,1,30
70,327,1,71,3,400,1,30
71,327,1,72,2,402,1,20
72,327,1,73,6,408,1,60
73,327,1,74,8,416,1,80
74,327,1,75,3,419,825,30
75,327,1,76,5,424,1,50
76,327,1,77,8,432,1,80
77,327,1,78,2,434,1,20
78,327,1,79,3,437,1,30
79,327,1,80,9,446,1,90
80,327,1,81,8,454,1,80
81,327,1,82,6,460,1,60
82,327,1,83,5,465,714,50
83,327,1,84,4,469,1,40
84,327,1,85,6,475,1,60
85,327,1,86,6,481,1,60
86,327,1,87,4,485,1,40
87,327,1,88,9,494,1,90
88,327,1,89,9,503,1,90
89,327,1,90,8,511,1,80
90,327,1,91,4,515,1,40
91,327,1,92,8,523,1,80
92,327,1,93,4,527,1,40
93,327,1,94,8,535,1,80
94,327,1,95,7,542,1,70
95,327,1,96,5,547,1,50
96,327,1,97,5,552,1,50
97,327,1,98,9,561,1,90
98,327,1,99,6,567,1,60
99,327,1,100,4,571,835,40
100,327,1,101,7,578,1,70
101,327,1,102,3,581,1,30
102,327,1,103,4,585,1,40
103,327,1,104,3,588,1,30
104,327,1,105,4,592,1,40
105,327,1,106,8,600,1,80
106,327,1,107,5,605,1,50
107,327,1,108,3,608,1,30
108,327,1,109,8,616,1,80
109,327,1,110,6,622,1,60
110,327,1,111,5,627,1,50
111,327,1,112,8,635,1,80
112,327,1,113,6,641,1,60
113,327,1,114,4,645,1,40
114,327,1,115,6,651,1,60
115,327,1,116,4,655,804,40
116,327,1,117,2,657,1,20
117,327,1,118,2,659,1,20
118,327,1,119,6,665,1,60
119,327,1,120,8,673,1,80
120,327,1,121,3,676,1,30
121,327,1,122,4,680,1,40
122,327,1,123,5,685,1,50
123,327,1,124,4,689,1,40
124,327,1,125,9,698,1,90
125,327,1,126,7,705,1,70
126,327,1,127,5,710,1,50
127,327,1,128,4,714,1,40
128,327,1,129,2,716,1,20
129,327,1,130,4,720,1,40
130,327,1,131,5,725,1,50
131,327,1,132,7,732,1,70
132,327,1,133,7,739,1,70
133,327,1,134,3,742,1,30
134,327,1,135,6,748,1,60
135,327,1,136,6,754,1,60
136,327,1,137,9,763,1,90
137,327,1,138,4,767,880,40
138,327,1,139,4,771,1,40
139,327,1,140,6,777,1,60
140,327,1,141,5,782,1,50
141,327,1,142,3,785,1,30
142,327,1,143,6,791,1,60
143,327,1,144,2,793,1,20
144,327,1,145,4,797,1,40
145,327,1,146,8,805,1,80
146,327,1,147,3,808,1,30
147,327,1,148,3,811,1,30
148,327,1,149,8,819,1,80
149,327,1,150,6,825,1,60
150,327,1,151,8,833,785,80
151,327,1,152,5,838,1,50
152,327,1,153,4,842,1,40
153,327,1,154,7,849,1,70
154,327,1,155,3,852,1,30
155,327,1,156,2,854,1,20
156,327,1,157,3,857,1,30
157,327,1,158,8,865,1,80
158,327,1,159,8,873,1,80
159,327,1,160,3,876,1,30
160,327,1,161,4,880,1,40
161,327,1,162,4,884,1,40
162,327,1,163,7,891,1,70
163,327,1,164,7,898,776,70
164,327,1,165,3,901,1,30
165,327,1,166,9,910,1,90
166,327,1,167,4,914,1,40
167,327,1,168,6,920,1,60
168,327,1,169,8,928,1,80
169,327,1,170,9,937,1,90
170,327,1,171,3,940,1,30
171,327,1,172,9,949,1,90
172,327,1,173,2,951,1,20
173,327,1,174,6,957,1,60
174,327,1,175,4,961,761,40
175,327,1,176,7,968,1,70
176,327,1,177,5,973,629,50
177,327,1,178,4,977,1,40
178,327,1,179,8,985,1,80
179,327,1,180,5,990,1,50
180,327,1,181,5,995,1,50
181,327,1,182,2,997,1,20
182,327,1,183,4,1001,1,40
183,327,1,184,4,1005,1,40
184,327,1,185,3,1008,1,30
185,327,1,186,5,1013,1,50
186,327,1,187,5,1018,1,50
187,327,1,188,3,1021,1,30
188,327,1,189,6,1027,1,60
189,327,1,190,6,1033,1,60
190,327,1,191,6,1039,1,60
191,327,1,192,4,1043,1,40
192,327,1,193,8,1051,1,80
193,327,1,194,9,1060,1,90
194,327,1,195,8,1068,1,80
195,327,1,196,3,1071,1,30
196,327,1,197,4,1075,1,40
197,327,1,198,7,1082,1,70
198,327,1,199,6,1088,1,60
199,327,1,200,6,1094,1,60
200,327,1,201,4,1098,1,40
201,327,1,202,7,1105,1,70
202,327,1,203,4,1109,1,40
203,327,1,204,8,1117,1,80
204,327,1,205,5,1122,1,50
205,327,1,206,3,1125,1,30
206,327,1,207,4,1129,790,40
207,327,1,208,7,1136,1,70
208,327,1,209,2,1138,1,20
209,327,1,210,3,1141,1,30
210,327,1,211,3,1144,1,30
211,327,1,212,2,1146,1,20
212,327,1,213,2,1148,1,20
213,327,1,214,2,1150,1,20
214,327,1,215,2,1152,1,20
215,327,1,216,9,1161,1,90
216,327,1,217,6,1167,1,60
217,327,1,218,3,1170,1,30
218,327,1,219,3,1173,1,30
219,327,1,220,8,1181,1,80
220,327,1,221,9,1190,1,90
221,327,1,222,9,1199,1,90
222,327,1,223,2,1201,826,20
223,327,1,224,2,1203,661,20
224,327,1,225,2,1205,1,20
225,327,1,226,5,1210,1,50
226,327,1,227,9,1219,1,90
227,327,1,228,8,1227,1,80
228,327,1,229,9,1236,1,90
229,327,1,230,6,1242,1,60
230,327,1,231,5,1247,1,50
231,327,1,232,3,1250,1,30
232,327,1,233,5,1255,1,50
233,327,1,234,7,1262,1,70
234,327,1,235,2,1264,1,20
235,327,1,236,6,1270,1,60
236,327,1,237,7,1277,1,70
237,327,1,238,5,1282,1,50
238,327,1,239,8,1290,1,80
239,327,1,240,4,1294,1,40
240,327,1,241,2,1296,1,20
241,327,1,242,2,1298,638,20
242,327,1,243,9,1307,1,90
243,327,1,244,3,1310,1,30
244,327,1,245,3,1313,1,30
245,327,1,246,6,1319,1,60
246,327,1,247,2,1321,1,20
247,327,1,248,5,1326,1,50
248,327,1,249,2,1328,602,20
249,327,1,250,3,1331,1,30
250,327,1,251,2,1333,1,20
251,327,1,252,3,1336,1,30
252,327,1,253,2,1338,1,20
253,327,1,254,4,1342,1,40
254,327,1,255,5,1347,508,50
255,327,1,256,4,1351,440,40
256,327,1,257,3,1354,1,30
257,327,1,258,3,1357,1,30
258,327,1,259,3,1360,384,30
259,327,1,260,7,1367,1,70
260,327,1,261,4,1371,1,40
261,327,1,262,4,1375,1,40
262,327,1,263,5,1380,1,50
263,327,1,264,7,1387,1,70
264,327,1,265,6,1393,1,60
265,327,1,266,7,1400,1,70
266,327,1,267,6,1406,1,60
267,327,1,268,5,1411,1,50
268,327,1,269,7,1418,409,70
269,327,1,270,5,1423,1,50
270,327,1,271,2,1425,1,20
271,327,1,272,4,1429,1,40
272,327,1,273,4,1433,1,40
273,327,1,274,3,1436,1,30
274,327,1,275,3,1439,1,30
275,327,1,276,7,1446,1,70
276,327,1,277,3,1449,1,30
277,327,1,278,7,1456,1,70
278,327,1,279,5,1461,1,50
279,327,1,280,3,1464,1,30
280,327,1,281,3,1467,1,30
281,327,1,282,8,1475,1,80
282,327,1,283,2,1477,1,20
283,327,1,284,3,1480,1,30
284,327,1,285,6,1486,1,60
285,327,1,286,7,1493,1,70
286,327,1,287,8,1501,1,80
287,327,1,288,5,1506,1,50
288,327,1,289,8,1514,487,80
289,327,1,290,4,1518,412,40
290,327,1,291,9,1527,1,90
291,327,1,292,4,1531,1,40
292,327,1,293,5,1536,1,50
293,327,1,294,5,1541,1,50
294,327,1,295,2,1543,1,20
295,327,1,296,3,1546,1,30
296,327,1,297,7,1553,1,70
297,327,1,298,9,1562,1,90
298,327,1,299,8,1570,1,80
299,327,1,300,5,1575,1,50
300,327,1,301,6,1581,1,60
301,327,1,302,8,1589,1,80
302,327,1,303,5,1594,1,50
303,327,1,304,9,1603,1,90
304,327,1,305,7,1610,1,70
305,327,1,306,6,1616,1,60
306,327,1,307,5,1621,1,50
307,327,1,308,2,1623,1,20
308,327,1,309,4,1627,1,40
309,327,1,310,2,1629,1,20
310,327,1,311,5,1634,1,50
311,327,1,312,9,1643,1,90
312,327,1,313,3,1646,1,30
313,327,1,314,4,1650,563,40
314,327,1,315,8,1658,1,80
315,327,1,316,5,1663,1,50
316,327,1,317,8,1671,1,80
317,327,1,318,7,1678,1,70
318,327,1,319,9,1687,1,90
319,327,1,320,2,1689,1,20
320,327,1,321,4,1693,1,40
321,327,1,322,3,1696,1,30
322,327,1,323,7,1703,1,70
323,327,1,324,7,1710,1,70
324,327,1,325,4,1714,1,40
325,327,1,326,7,1721,1,70
326,327,1,327,8,1729,1,80
327,327,1,328,6,1735,1,60
328,327,1,329,2,1737,1,20
329,327,1,330,3,1740,1,30
330,327,1,331,2,1742,1,20
331,327,1,332,5,1747,634,50
332,327,1,333,6,1753,1,60
333,327,1,334,3,1756,1,30
334,327,1,335,9,1765,1,90
335,327,1,336,9,1774,1,90
336,327,1,337,4,1778,1,40
337,327,1,338,8,1786,1,80
338,327,1,339,6,1792,1,60
339,327,1,340,9,1801,1,90
340,327,1,341,2,1803,1,20
341,327,1,342,7,1810,1,70
342,327,1,343,2,1812,1,20
343,327,1,344,3,1815,1,30
344,327,1,345,9,1824,713,90
345,327,1,346,7,1831,1,70
346,327,1,347,6,1837,1,60
347,327,1,348,6,1843,1,60
348,327,1,349,6,1849,1,60
349,327,1,350,4,1853,1,40
350,327,1,351,9,1862,1,90
351,327,1,352,9,1871,649,90
352,327,1,353,5,1876,1,50
353,327,1,354,2,1878,1,20
354,327,1,355,8,1886,510,80
355,327,1,356,2,1888,1,20
356,327,1,357,8,1896,1,80
357,327,1,358,6,1902,1,60
358,327,1,359,9,1911,501,90
359,327,1,360,5,1916,1,50
360,327,1,361,2,1918,1,20
361,327,1,362,7,1925,1,70
362,327,1,363,2,1927,1,20
363,327,1,364,9,1936,1,90
364,327,1,365,3,1939,1,30
365,327,1,366,9,1948,1,90
366,327,1,367,8,1956,1,80
367,327,1,368,4,1960,463,40
368,327,1,369,8,1968,1,80
369,327,1,370,2,1970,1,20
370,327,1,371,5,1975,1,50
371,327,1,372,5,1980,1,50
372,327,1,373,6,1986,1,60
373,327,1,374,2,1988,1,20
374,327,1,375,6,1994,1,60
375,327,1,376,9,2003,1,90
376,327,1,377,4,2007,1,40
377,327,1,378,4,2011,1,40
378,327,1,379,4,2015,1,40
379,327,1,380,4,2019,1,40
380,327,1,381,6,2025,1,60
381,327,1,382,3,2028,1,30
382,327,1,383,5,2033,1,50
383,327,1,384,5,2038,1,50
384,327,1,385,3,2041,1,30
385,327,1,386,3,2044,1,30
386,327,1,387,7,2051,1,70
387,327,1,388,5,2056,1,50
388,327,1,389,7,2063,1,70
389,327,1,390,4,2067,1,40
390,327,1,391,2,2069,1,20
391,327,1,392,3,2072,600,30
392,327,1,393,7,2079,1,70
393,327,1,394,6,2085,1,60
394,327,1,395,7,2092,1,70
395,327,1,396,2,2094,1,20
396,327,1,397,2,2096,1,20
397,327,1,398,8,2104,1,80
398,327,1,399,2,2106,1,20
399,327,1,400,8,2114,1,80
400,327,1,401,6,2120,1,60
401,327,1,402,2,2122,1,20
402,327,1,403,3,2125,1,30
403,327,1,404,8,2133,1,80
404,327,1,405,9,2142,625,90
405,327,1,406,2,2144,1,20
406,327,1,407,3,2147,487,30
407,327,1,408,6,2153,1,60
408,327,1,409,4,2157,1,40
409,327,1,410,3,2160,1,30
410,327,1,411,5,2165,1,50
411,327,1,412,9,2174,1,90
412,327,1,413,8,2182,1,80
413,327,1,414,2,2184,1,20
414,327,1,415,4,2188,1,40
415,327,1,416,3,2191,1,30
416,327,1,417,2,2193,1,20
417,327,1,418,3,2196,1,30
418,327,1,419,7,2203,1,70
419,327,1,420,9,2212,1,90
420,327,1,421,6,2218,1,60
421,327,1,422,9,2227,1,90
422,327,1,423,4,2231,1,40
423,327,1,424,7,2238,1,70
424,327,1,425,4,2242,1,40
425,327,1,426,3,2245,1,30
426,327,1,427,5,2250,1,50
427,327,1,428,2,2252,1,20
428,327,1,429,3,2255,1,30
429,327,1,430,8,2263,1,80
430,327,1,431,6,2269,1,60
431,327,1,432,8,2277,1,80
432,327,1,433,3,2280,1,30
433,327,1,434,3,2283,1,30
434,327,1,435,6,2289,1,60
435,327,1,436,5,2294,698,50
436,327,1,437,5,2299,1,50
437,327,1,438,8,2307,1,80
438,327,1,439,2,2309,1,20
439,327,1,440,6,2315,1,60
440,327,1,441,2,2317,1,20
441,327,1,442,7,2324,1,70
442,327,1,443,4,2328,1,40
443,327,1,444,9,2337,1,90
444,327,1,445,6,2343,1,60
445,327,1,446,6,2349,1,60
446,327,1,447,6,2355,1,60
447,327,1,448,8,2363,1,80
448,327,1,449,3,2366,1,30
449,327,1,450,2,2368,1,20
450,327,1,451,9,2377,1,90
451,327,1,452,9,2386,763,90
452,327,1,453,3,2389,1,30
453,327,1,454,2,2391,1,20
454,327,1,455,7,2398,1,70
455,327,1,456,4,2402,1,40
456,327,1,457,3,2405,1,30
457,327,1,458,6,2411,1,60
458,327,1,459,5,2416,1,50
459,327,1,460,8,2424,1,80
460,327,1,461,6,2430,653,60
461,327,1,462,2,2432,1,20
462,327,1,463,6,2438,1,60
463,327,1,464,5,2443,1,50
464,327,1,465,4,2447,1,40
465,327,1,466,9,2456,1,90
466,327,1,467,2,2458,1,20
467,327,1,468,9,2467,634,90
468,327,1,469,7,2474,1,70
469,327,1,470,7,2481,1,70
470,327,1,471,3,2484,501,30
471,327,1,472,4,2488,1,40
472,327,1,473,8,2496,1,80
473,327,1,474,4,2500,1,40
474,327,1,475,3,2503,1,30
475,327,1,476,7,2510,1,70
476,327,1,477,2,2512,1,20
477,327,1,478,9,2521,1,90
478,327,1,479,9,2530,1,90
479,327,1,480,5,2535,1,50
480,327,1,481,6,2541,1,60
481,327,1,482,4,2545,1,40
482,327,1,483,4,2549,1,40
483,327,1,484,2,2551,1,20
484,327,1,485,6,2557,1,60
485,327,1,486,4,2561,583,40
486,327,1,487,8,2569,1,80
487,327,1,488,3,2572,1,30
488,327,1,489,5,2577,490,50
489,327,1,490,6,2583,1,60
490,327,1,491,3,2586,1,30
491,327,1,492,8,2594,1,80
492,327,1,493,2,2596,425,20
493,327,1,494,3,2599,1,30
494,327,1,495,8,2607,1,80
495,327,1,496,7,2614,1,70
496,327,1,497,4,2618,1,40
497,327,1,498,9,2627,1,90
498,327,1,499,7,2634,1,70
499,327,1,500,2,2636,1,20
500,327,1,501,3,2639,1,30
501,327,1,502,7,2646,1,70
502,327,1,503,4,2650,1,40
503,327,1,504,3,2653,1,30
504,327,1,505,6,2659,1,60
505,327,1,506,8,2667,1,80
506,327,1,507,2,2669,1,20
507,327,1,508,9,2678,1,90
508,327,1,509,8,2686,1,80
509,327,1,510,8,2694,1,80
510,327,1,511,9,2703,1,90
511,327,1,512,3,2706,1,30
512,327,1,513,7,2713,1,70
513,327,1,514,8,2721,1,80
514,327,1,515,6,2727,1,60
515,327,1,516,9,2736,1,90
516,327,1,517,2,2738,1,20
517,327,1,518,5,2743,649,50
518,327,1,519,8,2751,1,80
519,327,1,520,7,2758,1,70
520,327,1,521,3,2761,1,30
521,327,1,522,5,2766,1,50
522,327,1,523,8,2774,1,80
523,327,1,524,4,2778,1,40
524,327,1,525,4,2782,1,40
525,327,1,526,9,2791,595,90
526,327,1,527,9,2800,1,90
527,327,1,528,4,2804,1,40
528,327,1,529,7,2811,1,70
529,327,1,530,6,2817,1,60
530,327,1,531,7,2824,1,70
531,327,1,532,2,2826,575,20
532,327,1,533,5,2831,1,50
533,327,1,534,9,2840,1,90
534,327,1,535,8,2848,1,80
535,327,1,536,7,2855,531,70
536,327,1,537,5,2860,1,50
537,327,1,538,6,2866,1,60
538,327,1,539,3,2869,1,30
539,327,1,540,6,2875,412,60
540,327,1,541,4,2879,353,40
541,327,1,542,2,2881,1,20
542,327,1,543,9,2890,1,90
543,327,1,544,9,2899,1,90
544,327,1,545,3,2902,1,30
545,327,1,546,5,2907,1,50
546,327,1,547,7,2914,1,70
547,327,1,548,5,2919,1,50
548,327,1,549,6,2925,1,60
549,327,1,550,9,2934,1,90
550,327,1,551,6,2940,1,60
551,327,1,552,9,2949,1,90
552,327,1,553,8,2957,1,80
553,327,1,554,7,2964,453,70
554,327,1,555,9,2973,1,90
555,327,1,556,9,2982,1,90
556,327,1,557,6,2988,1,60
557,327,1,558,3,2991,1,30
558,327,1,559,6,2997,1,60
559,327,1,560,4,3001,436,40
560,327,1,561,2,3003,1,20
561,327,1,562,5,3008,1,50
562,327,1,563,7,3015,1,70
563,327,1,564,2,3017,1,20
564,327,1,565,5,3022,1,50
565,327,1,566,5,3027,402,50
566,327,1,567,5,3032,1,50
567,327,1,568,4,3036,1,40
568,327,1,569,9,3045,1,90
569,327,1,570,9,3054,1,90
570,327,1,571,6,3060,1,60
571,327,1,572,9,3069,1,90
572,327,1,573,3,3072,1,30
573,327,1,574,9,3081,1,90
574,327,1,575,4,3085,1,40
575,327,1,576,4,3089,1,40
576,327,1,577,2,3091,1,20
577,327,1,578,9,3100,1,90
578,327,1,579,9,3109,1,90
579,327,1,580,5,3114,1,50
580,327,1,581,7,3121,1,70
581,327,1,582,7,3128,1,70
582,327,1,583,8,3136,1,80
583,327,1,584,9,3145,1,90
584,327,1,585,3,3148,1,30
585,327,1,586,7,3155,1,70
586,327,1,587,2,3157,1,20
587,327,1,588,4,3161,1,40
588,327,1,589,3,3164,1,30
589,327,1,590,6,3170,1,60
590,327,1,591,3,3173,588,30
591,327,1,592,8,3181,1,80
592,327,1,593,3,3184,1,30
593,327,1,594,8,3192,1,80
594,327,1,595,4,3196,1,40
595,327,1,596,6,3202,529,60
596,327,1,597,2,3204,1,20
597,327,1,598,4,3208,1,40
598,327,1,599,5,3213,1,50
599,327,1,600,4,3217,1,40
600,327,1,601,5,3222,1,50
601,327,1,602,8,3230,1,80
602,327,1,603,2,3232,1,20
603,327,1,604,9,3241,1,90
604,327,1,605,8,3249,1,80
605,327,1,606,3,3252,1,30
606,327,1,607,5,3257,1,50
607,327,1,608,9,3266,1,90
608,327,1,609,7,3273,1,70
609,327,1,610,8,3281,1,80
610,327,1,611,7,3288,1,70
611,327,1,612,7,3295,1,70
612,327,1,613,4,3299,1,40
613,327,1,614,2,3301,1,20
614,327,1,615,8,3309,1,80
615,327,1,616,7,3316,1,70
616,327,1,617,6,3322,1,60
617,327,1,618,8,3330,696,80
618,327,1,619,8,3338,1,80
619,327,1,620,2,3340,1,20
620,327,1,621,4,3344,1,40
621,327,1,622,5,3349,1,50
622,327,1,623,6,3355,1,60
623,327,1,624,6,3361,574,60
624,327,1,625,9,3370,1,90
625,327,1,626,9,3379,1,90
626,327,1,627,4,3383,1,40
627,327,1,628,5,3388,1,50
628,327,1,629,8,3396,1,80
629,327,1,630,9,3405,1,90
630,327,1,631,4,3409,1,40
631,327,1,632,7,3416,1,70
632,327,1,633,4,3420,1,40
633,327,1,634,7,3427,1,70
634,327,1,635,4,3431,1,40
635,327,1,636,7,3438,1,70
636,327,1,637,7,3445,1,70
637,327,1,638,2,3447,1,20
638,327,1,639,6,3453,1,60
639,327,1,640,2,3455,1,20
640,327,1,641,8,3463,1,80
641,327,1,642,5,3468,736,50
642,327,1,643,4,3472,1,40
643,327,1,644,4,3476,1,40
644,327,1,645,5,3481,1,50
645,327,1,646,4,3485,1,40
646,327,1,647,4,3489,1,40
647,327,1,648,9,3498,1,90
648,327,1,649,6,3504,1,60
649,327,1,650,4,3508,663,40
650,327,1,651,3,3511,1,30
651,327,1,652,4,3515,1,40
652,327,1,653,9,3524,1,90
653,327,1,654,2,3526,1,20
654,327,1,655,5,3531,1,50
655,327,1,656,4,3535,528,40
656,327,1,657,8,3543,1,80
657,327,1,658,9,3552,451,90
658,327,1,659,5,3557,1,50
659,327,1,660,6,3563,1,60
660,327,1,661,5,3568,1,50
661,327,1,662,2,3570,1,20
662,327,1,663,5,3575,1,50
663,327,1,664,4,3579,1,40
664,327,1,665,6,3585,1,60
665,327,1,666,9,3594,1,90
666,327,1,667,4,3598,1,40
667,327,1,668,5,3603,1,50
668,327,1,669,6,3609,1,60
669,327,1,670,9,3618,1,90
670,327,1,671,5,3623,1,50
671,327,1,672,9,3632,1,90
672,327,1,673,5,3637,1,50
673,327,1,674,9,3646,1,90
674,327,1,675,4,3650,1,40
675,327,1,676,5,3655,1,50
676,327,1,677,2,3657,1,20
677,327,1,678,7,3664,1,70
678,327,1,679,5,3669,1,50
679,327,1,680,2,3671,1,20
680,327,1,681,4,3675,1,40
681,327,1,682,3,3678,1,30
682,327,1,683,2,3680,1,20
683,327,1,684,4,3684,1,40
684,327,1,685,6,3690,1,60
685,327,1,686,8,3698,1,80
686,327,1,687,6,3704,1,60
687,327,1,688,2,3706,692,20
688,327,1,689,7,3713,1,70
689,327,1,690,9,3722,1,90
690,327,1,691,5,3727,1,50
691,327,1,692,7,3734,1,70
692,327,1,693,5,3739,608,50
693,327,1,694,2,3741,1,20
694,327,1,695,9,3750,1,90
695,327,1,696,4,3754,1,40
696,327,1,697,9,3763,1,90
697,327,1,698,8,3771,1,80
698,327,1,699,6,3777,1,60
699,327,1,700,3,3780,1,30
700,327,1,701,3,3783,1,30
701,327,1,702,7,3790,1,70
702,327,1,703,2,3792,1,20
703,327,1,704,5,3797,1,50
704,327,1,705,9,3806,1,90
705,327,1,706,3,3809,1,30
706,327,1,707,5,3814,1,50
707,327,1,708,8,3822,1,80
708,327,1,709,4,3826,1,40
709,327,1,710,3,3829,1,30
710,327,1,711,4,3833,1,40
711,327,1,712,8,3841,1,80
712,327,1,713,8,3849,1,80
713,327,1,714,3,3852,1,30
714,327,1,715,8,3860,1,80
715,327,1,716,7,3867,1,70
716,327,1,717,8,3875,1,80
717,327,1,718,3,3878,1,30
718,327,1,719,8,3886,1,80
719,327,1,720,3,3889,1,30
720,327,1,721,5,3894,1,50
721,327,1,722,6,3900,1,60
722,327,1,723,5,3905,786,50
723,327,1,724,3,3908,1,30
724,327,1,725,2,3910,1,20
725,327,1,726,7,3917,644,70
726,327,1,727,7,3924,1,70
727,327,1,728,5,3929,1,50
728,327,1,729,7,3936,581,70
729,327,1,730,6,3942,468,60
730,327,1,731,8,3950,1,80
731,327,1,732,7,3957,1,70
732,327,1,733,8,3965,1,80
733,327,1,734,4,3969,1,40
734,327,1,735,9,3978,1,90
735,327,1,736,4,3982,1,40
736,327,1,737,3,3985,1,30
737,327,1,738,6,3991,1,60
738,327,1,739,4,3995,1,40
739,327,1,740,5,4000,1,50
740,327,1,741,4,4004,1,40
741,327,1,742,4,4008,1,40
742,327,1,743,2,4010,1,20
743,327,1,744,5,4015,1,50
744,327,1,745,9,4024,1,90
745,327,1,746,9,4033,1,90
746,327,1,747,5,4038,1,50
747,327,1,748,6,4044,1,60
748,327,1,749,2,4046,1,20
749,327,1,750,5,4051,1,50
750,327,1,751,8,4059,1,80
751,327,1,752,6,4065,1,60
752,327,1,753,3,4068,1,30
753,327,1,754,2,4070,1,20
754,327,1,755,2,4072,1,20
755,327,1,756,2,4074,1,20
756,327,1,757,4,4078,642,40
757,327,1,758,5,4083,1,50
758,327,1,759,2,4085,532,20
759,327,1,760,5,4090,1,50
760,327,1,761,2,4092,1,20
761,327,1,762,4,4096,1,40
762,327,1,763,2,4098,1,20
763,327,1,764,9,4107,1,90
764,327,1,765,5,4112,1,50
765,327,1,766,4,4116,1,40
766,327,1,767,4,4120,1,40
767,327,1,768,9,4129,1,90
768,327,1,769,5,4134,544,50
769,327,1,770,4,4138,1,40
770,327,1,771,6,4144,1,60
771,327,1,772,6,4150,1,60
772,327,1,773,9,4159,1,90
773,327,1,774,7,4166,1,70
774,327,1,775,5,4171,1,50
775,327,1,776,3,4174,551,30
776,327,1,777,2,4176,1,20
777,327,1,778,6,4182,1,60
778,327,1,779,2,4184,1,20
779,327,1,780,4,4188,1,40
780,327,1,781,7,4195,456,70
781,327,1,782,7,4202,1,70
782,327,1,783,3,4205,1,30
783,327,1,784,5,4210,1,50
784,327,1,785,9,4219,1,90
785,327,1,786,5,4224,438,50
786,327,1,787,7,4231,321,70
787,327,1,788,5,4236,1,50
788,327,1,789,9,4245,294,90
789,327,1,790,4,4249,256,40
790,327,1,791,3,4252,1,30
791,327,1,792,7,4259,1,70
792,327,1,793,5,4264,1,50
793,327,1,794,2,4266,1,20
794,327,1,795,5,4271,1,50
795,327,1,796,5,4276,240,50
796,327,1,797,8,4284,1,80
797,327,1,798,2,4286,1,20
798,327,1,799,2,4288,1,20
799,327,1,800,7,4295,1,70
800,327,1,801,7,4302,1,70
801,327,1,802,2,4304,1,20
802,327,1,803,9,4313,1,90
803,327,1,804,4,4317,1,40
804,327,1,805,2,4319,1,20
805,327,1,806,3,4322,1,30
806,327,1,807,8,4330,1,80
807,327,1,808,9,4339,1,90
808,327,1,809,6,4345,1,60
809,327,1,810,4,4349,1,40
810,327,1,811,2,4351,1,20
811,327,1,812,8,4359,1,80
812,327,1,813,4,4363,1,40
813,327,1,814,3,4366,1,30
814,327,1,815,8,4374,1,80
815,327,1,816,3,4377,1,30
816,327,1,817,2,4379,1,20
817,327,1,818,5,4384,1,50
818,327,1,819,2,4386,1,20
819,327,1,820,4,4390,1,40
820,327,1,821,7,4397,443,70
821,327,1,822,2,4399,332,20
822,327,1,823,5,4404,1,50
823,327,1,824,9,4413,1,90
824,327,1,825,3,4416,1,30
825,327,1,826,7,4423,1,70
826,327,1,827,3,4426,1,30
827,327,1,828,3,4429,1,30
828,327,1,829,7,4436,1,70
829,327,1,830,8,4444,1,80
830,327,1,831,9,4453,1,90
831,327,1,832,7,4460,1,70
832,327,1,833,8,4468,406,80
833,327,1,834,5,4473,1,50
834,327,1,835,3,4476,1,30
835,327,1,836,2,4478,1,20
836,327,1,837,8,4486,1,80
837,327,1,838,7,4493,1,70
838,327,1,839,5,4498,1,50
839,327,1,840,2,4500,1,20
840,327,1,841,3,4503,1,30
841,327,1,842,8,4511,1,80
842,327,1,843,5,4516,1,50
843,327,1,844,2,4518,1,20
844,327,1,845,5,4523,1,50
845,327,1,846,7,4530,1,70
846,327,1,847,5,4535,1,50
847,327,1,848,5,4540,507,50
848,327,1,849,5,4545,1,50
849,327,1,850,5,4550,1,50
850,327,1,851,9,4559,1,90
851,327,1,852,5,4564,1,50
852,327,1,853,8,4572,1,80
853,327,1,854,6,4578,1,60
854,327,1,855,2,4580,1,20
855,327,1,856,6,4586,1,60
856,327,1,857,6,4592,1,60
857,327,1,858,9,4601,1,90
858,327,1,859,4,4605,1,40
859,327,1,860,4,4609,501,40
860,327,1,861,8,4617,1,80
861,327,1,862,2,4619,1,20
862,327,1,863,8,4627,485,80
863,327,1,864,8,4635,374,80
864,327,1,865,3,4638,1,30
865,327,1,866,7,4645,1,70
866,327,1,867,6,4651,1,60
867,327,1,868,4,4655,1,40
868,327,1,869,9,4664,1,90
869,327,1,870,7,4671,1,70
870,327,1,871,7,4678,1,70
871,327,1,872,7,4685,1,70
872,327,1,873,2,4687,1,20
873,327,1,874,8,4695,1,80
874,327,1,875,7,4702,1,70
875,327,1,876,4,4706,1,40
876,327,1,877,3,4709,1,30
877,327,1,878,8,4717,1,80
878,327,1,879,4,4721,1,40
879,327,1,880,9,4730,1,90
880,327,1,881,9,4739,468,90
881,327,1,882,7,4746,1,70
882,327,1,883,3,4749,1,30
883,327,1,884,8,4757,1,80
884,327,1,885,5,4762,1,50
885,327,1,886,2,4764,1,20
886,327,1,887,7,4771,490,70
887,327,1,888,5,4776,1,50
888,327,1,889,7,4783,1,70
889,327,1,890,9,4792,1,90
890,327,1,891,2,4794,1,20
891,327,1,892,4,4798,1,40
892,327,1,893,7,4805,464,70
893,327,1,894,6,4811,353,60
894,327,1,895,9,4820,1,90
895,327,1,896,4,4824,1,40
896,327,1,897,7,4831,1,70
897,327,1,898,6,4837,349,60
898,327,1,899,7,4844,1,70
899,327,1,900,5,4849,308,50
900,327,1,901,9,4858,1,90
901,327,1,902,8,4866,1,80
902,327,1,903,7,4873,1,70
903,327,1,904,6,4879,1,60
904,327,1,905,9,4888,1,90
905,327,1,906,5,4893,1,50
906,327,1,907,9,4902,1,90
907,327,1,908,4,4906,1,40
908,327,1,909,2,4908,1,20
909,327,1,910,9,4917,1,90
910,327,1,911,3,4920,1,30
911,327,1,912,7,4927,1,70
912,327,1,913,8,4935,441,80
913,327,1,914,6,4941,1,60
914,327,1,915,6,4947,1,60
915,327,1,916,3,4950,1,30
916,327,1,917,5,4955,1,50
917,327,1,918,7,4962,1,70
918,327,1,919,2,4964,1,20
919,327,1,920,9,4973,1,90
920,327,1,921,8,4981,1,80
921,327,1,922,4,4985,1,40
922,327,1,923,8,4993,1,80
923,327,2,1,3,3,1,30
924,327,2,2,6,9,1,60
925,327,2,3,5,14,1,50
926,327,2,4,6,20,1,60
927,327,2,5,2,22,1,20
928,327,2,6,3,25,1,30
929,327,2,7,2,27,1,20
930,327,2,8,3,30,1,30
931,327,2,9,4,34,1,40
932,327,2,10,5,39,1,50
933,327,2,11,7,46,1,70
934,327,2,12,5,51,1,50
935,327,2,13,2,53,1,20
936,327,2,14,6,59,1,60
937,327,2,15,8,67,1,80
938,327,2,16,2,69,1,20
939,327,2,17,7,76,1,70
940,327,2,18,2,78,1,20
941,327,2,19,4,82,1,40
942,327,2,20,6,88,1,60
943,327,2,21,3,91,165,30
944,327,2,22,5,96,1,50
945,327,2,23,2,98,1,20
946,327,2,24,6,104,167,60
947,327,2,25,8,112,1,80
948,327,2,26,3,115,1,30
949,327,2,27,7,122,1,70
950,327,2,28,6,128,1,60
951,327,2,29,6,134,1,60
952,327,2,30,6,140,1,60
953,327,2,31,7,147,1,70
954,327,2,32,7,154,1,70
955,327,2,33,2,156,1,20
956,327,2,34,7,163,1,70
957,327,2,35,4,167,1,40
958,327,2,36,8,175,286,80
959,327,2,37,8,183,1,80
960,327,2,38,7,190,1,70
961,327,2,39,5,195,1,50
962,327,2,40,3,198,1,30
963,327,2,41,9,207,1,90
964,327,2,42,5,212,1,50
965,327,2,43,8,220,1,80
966,327,2,44,8,228,1,80
967,327,2,45,2,230,1,20
968,327,2,46,6,236,376,60
969,327,2,47,3,239,1,30
970,327,2,48,8,247,1,80
971,327,2,49,5,252,1,50
972,327,2,50,2,254,1,20
973,327,2,51,4,258,1,40
974,327,2,52,5,263,1,50
975,327,2,53,4,267,345,40
976,327,2,54,7,274,1,70
977,327,2,55,5,279,1,50
978,327,2,56,9,288,1,90
979,327,2,57,8,296,323,80
980,327,2,58,3,299,1,30
981,327,2,59,2,301,1,20
982,327,2,60,2,303,1,20
983,327,2,61,4,307,1,40
984,327,2,62,9,316,1,90
985,327,2,63,4,320,1,40
986,327,2,64,8,328,382,80
987,327,2,65,2,330,1,20
988,327,2,66,6,336,1,60
989,327,2,67,3,339,1,30
990,327,2,68,2,341,1,20
991,327,2,69,7,348,1,70
992,327,2,70,8,356,1,80
993,327,2,71,4,360,1,40
994,327,2,72,7,367,1,70
995,327,2,73,9,376,1,90
996,327,2,74,6,382,1,60
997,327,2,75,7,389,1,70
998,327,2,76,2,391,1,20
999,327,2,77,8,399,1,80
1000,327,2,78,6,405,1,60
1001,327,2,79,8,413,430,80
1002,327,2,80,5,418,342,50
1003,327,2,81,5,423,1,50
1004,327,2,82,5,428,1,50
1005,327,2,83,9,437,1,90
1006,327,2,84,8,445,323,80
1007,327,2,85,4,449,1,40
1008,327,2,86,4,453,1,40
1009,327,2,87,9,462,1,90
1010,327,2,88,5,467,1,50
1011,327,2,89,2,469,1,20
1012,327,2,90,3,472,1,30
1013,327,2,91,4,476,1,40
1014,327,2,92,6,482,1,60
1015,327,2,93,6,488,1,60
1016,327,2,94,8,496,1,80
1017,327,2,95,8,504,1,80
1018,327,2,96,6,510,1,60
1019,327,2,97,3,513,1,30
1020,327,2,98,6,519,1,60
1021,327,2,99,5,524,1,50
1022,327,2,100,4,528,1,40
1023,327,2,101,9,537,1,90
1024,327,2,102,8,545,464,80
1025,327,2,103,5,550,1,50
1026,327,2,104,3,553,1,30
1027,327,2,105,6,559,1,60
1028,327,2,106,5,564,1,50
1029,327,2,107,7,571,1,70
1030,327,2,108,4,575,451,40
1031,327,2,109,5,580,1,50
1032,327,2,110,3,583,1,30
1033,327,2,111,3,586,347,30
1034,327,2,112,8,594,1,80
1035,327,2,113,3,597,1,30
1036,327,2,114,7,604,1,70
1037,327,2,115,7,611,1,70
1038,327,2,116,6,617,366,60
1039,327,2,117,6,623,1,60
1040,327,2,118,9,632,1,90
1041,327,2,119,4,636,332,40
1042,327,2,120,3,639,275,30
1043,327,2,121,2,641,1,20
1044,327,2,122,2,643,1,20
1045,327,2,123,7,650,1,70
1046,327,2,124,8,658,1,80
1047,327,2,125,7,665,293,70
1048,327,2,126,5,670,1,50
1049,327,2,127,2,672,1,20
1050,327,2,128,9,681,1,90
1051,327,2,129,9,690,1,90
1052,327,2,130,4,694,250,40
1053,327,2,131,3,697,1,30
1054,327,2,132,6,703,1,60
1055,327,2,133,3,706,1,30
1056,327,2,134,6,712,1,60
1057,327,2,135,6,718,306,60
1058,327,2,136,8,726,1,80
1059,327,2,137,7,733,1,70
1060,327,2,138,9,742,1,90
1061,327,2,139,4,746,1,40
1062,327,2,140,7,753,1,70
1063,327,2,141,3,756,1,30
1064,327,2,142,9,765,1,90
1065,327,2,143,3,768,1,30
1066,327,2,144,5,773,1,50
1067,327,2,145,6,779,1,60
1068,327,2,146,8,787,1,80
1069,327,2,147,4,791,1,40
1070,327,2,148,7,798,1,70
1071,327,2,149,3,801,1,30
1072,327,2,150,4,805,1,40
1073,327,2,151,6,811,1,60
1074,327,2,152,8,819,1,80
1075,327,2,153,4,823,1,40
1076,327,2,154,5,828,437,50
1077,327,2,155,5,833,1,50
1078,327,2,156,8,841,1,80
1079,327,2,157,4,845,1,40
1080,327,2,158,8,853,1,80
1081,327,2,159,9,862,1,90
1082,327,2,160,9,871,1,90
1083,327,2,161,4,875,1,40
1084,327,2,162,6,881,1,60
1085,327,2,163,6,887,1,60
1086,327,2,164,7,894,1,70
1087,327,2,165,4,898,1,40
1088,327,2,166,5,903,1,50
1089,327,2,167,5,908,1,50
1090,327,2,168,7,915,1,70
1091,327,2,169,5,920,1,50
1092,327,2,170,2,922,1,20
1093,327,2,171,8,930,1,80
1094,327,2,172,7,937,1,70
1095,327,2,173,6,943,1,60
1096,327,2,174,4,947,1,40
1097,327,2,175,3,950,1,30
1098,327,2,176,4,954,1,40
1099,327,2,177,8,962,1,80
1100,327,2,178,6,968,1,60
1101,327,2,179,8,976,1,80
1102,327,2,180,8,984,1,80
1103,327,2,181,5,989,1,50
1104,327,2,182,7,996,1,70
1105,327,2,183,4,1000,1,40
1106,327,2,184,7,1007,1,70
1107,327,2,185,3,1010,1,30
1108,327,2,186,8,1018,1,80
1109,327,2,187,4,1022,1,40
1110,327,2,188,2,1024,1,20
1111,327,2,189,6,1030,1,60
1112,327,2,190,5,1035,1,50
1113,327,2,191,4,1039,1,40
1114,327,2,192,8,1047,1,80
1115,327,2,193,9,1056,1,90
1116,327,2,194,5,1061,1,50
1117,327,2,195,3,1064,1,30
1118,327,2,196,5,1069,1,50
1119,327,2,197,9,1078,1,90
1120,327,2,198,4,1082,1,40
1121,327,2,199,6,1088,1,60
1122,327,2,200,9,1097,1,90
1123,327,2,201,4,1101,867,40
1124,327,2,202,3,1104,1,30
1125,327,2,203,7,1111,1,70
1126,327,2,204,8,1119,1,80
1127,327,2,205,2,1121,1,20
1128,327,2,206,3,1124,1,30
1129,327,2,207,2,1126,1,20
1130,327,2,208,7,1133,1,70
1131,327,2,209,8,1141,1,80
1132,327,2,210,6,1147,769,60
1133,327,2,211,9,1156,1,90
1134,327,2,212,4,1160,1,40
1135,327,2,213,7,1167,1,70
1136,327,2,214,8,1175,1,80
1137,327,2,215,2,1177,1,20
1138,327,2,216,6,1183,1,60
1139,327,2,217,9,1192,1,90
1140,327,2,218,2,1194,1,20
1141,327,2,219,5,1199,1,50
1142,327,2,220,7,1206,1,70
1143,327,2,221,2,1208,1,20
1144,327,2,222,7,1215,1,70
1145,327,2,223,3,1218,1,30
1146,327,2,224,7,1225,1,70
1147,327,2,225,6,1231,1,60
1148,327,2,226,2,1233,1,20
1149,327,2,227,4,1237,1,40
1150,327,2,228,4,1241,1,40
1151,327,2,229,2,1243,784,20
1152,327,2,230,8,1251,1,80
1153,327,2,231,9,1260,1,90
1154,327,2,232,9,1269,1,90
1155,327,2,233,6,1275,1,60
1156,327,2,234,3,1278,1,30
1157,327,2,235,6,1284,1,60
1158,327,2,236,7,1291,1,70
1159,327,2,237,2,1293,1,20
1160,327,2,238,7,1300,1,70
1161,327,2,239,4,1304,1,40
1162,327,2,240,9,1313,1,90
1163,327,2,241,7,1320,1,70
1164,327,2,242,8,1328,1,80
1165,327,2,243,8,1336,1,80
1166,327,2,244,5,1341,1,50
1167,327,2,245,8,1349,1,80
1168,327,2,246,9,1358,1,90
1169,327,2,247,8,1366,1,80
1170,327,2,248,2,1368,897,20
1171,327,2,249,6,1374,1,60
1172,327,2,250,5,1379,1,50
1173,327,2,251,2,1381,1,20
1174,327,2,252,3,1384,1,30
1175,327,2,253,4,1388,1,40
1176,327,2,254,3,1391,1,30
1177,327,2,255,7,1398,1,70
1178,327,2,256,7,1405,1,70
1179,327,2,257,4,1409,1,40
1180,327,2,258,9,1418,1,90
1181,327,2,259,3,1421,1,30
1182,327,2,260,7,1428,1,70
1183,327,2,261,9,1437,1,90
1184,327,2,262,2,1439,1,20
1185,327,2,263,7,1446,874,70
1186,327,2,264,5,1451,1,50
1187,327,2,265,6,1457,1,60
1188,327,2,266,9,1466,1,90
1189,327,2,267,2,1468,1,20
1190,327,2,268,5,1473,1,50
1191,327,2,269,6,1479,1,60
1192,327,2,270,2,1481,1,20
1193,327,2,271,8,1489,1,80
1194,327,2,272,8,1497,1,80
1195,327,2,273,6,1503,1,60
1196,327,2,274,3,1506,1,30
1197,327,2,275,3,1509,1,30
1198,327,2,276,4,1513,1,40
1199,327,2,277,6,1519,1,60
1200,327,2,278,2,1521,1,20
1201,327,2,279,2,1523,1,20
1202,327,2,280,7,1530,1,70
1203,327,2,281,4,1534,1,40
1204,327,2,282,2,1536,1,20
1205,327,2,283,7,1543,1,70
1206,327,2,284,6,1549,1,60
1207,327,2,285,3,1552,1,30
1208,327,2,286,8,1560,1,80
1209,327,2,287,3,1563,1,30
1210,327,2,288,5,1568,1,50
1211,327,2,289,3,1571,1,30
1212,327,2,290,8,1579,1,80
1213,327,2,291,8,1587,1,80
1214,327,2,292,2,1589,1,20
1215,327,2,293,2,1591,1,20
1216,327,2,294,9,1600,1,90
1217,327,2,295,5,1605,1,50
1218,327,2,296,9,1614,1,90
1219,327,2,297,5,1619,1,50
1220,327,2,298,5,1624,1,50
1221,327,2,299,6,1630,1,60
1222,327,2,300,7,1637,1,70
1223,327,2,301,7,1644,1,70
1224,327,2,302,5,1649,1,50
1225,327,2,303,3,1652,1113,30
1226,327,2,304,7,1659,1,70
1227,327,2,305,8,1667,1,80
1228,327,2,306,6,1673,1,60
1229,327,2,307,5,1678,1,50
1230,327,2,308,3,1681,1,30
1231,327,2,309,8,1689,1,80
1232,327,2,310,4,1693,1,40
1233,327,2,311,7,1700,1,70
1234,327,2,312,7,1707,1,70
1235,327,2,313,5,1712,1013,50
1236,327,2,314,9,1721,1,90
1237,327,2,315,7,1728,1,70
1238,327,2,316,4,1732,1,40
1239,327,2,317,9,1741,1,90
1240,327,2,318,9,1750,1,90
1241,327,2,319,8,1758,1,80
1242,327,2,320,9,1767,1,90
1243,327,2,321,5,1772,1,50
1244,327,2,322,7,1779,951,70
1245,327,2,323,5,1784,1,50
1246,327,2,324,9,1793,1,90
1247,327,2,325,2,1795,1,20
1248,327,2,326,9,1804,816,90
1249,327,2,327,7,1811,1,70
1250,327,2,328,8,1819,1,80
1251,327,2,329,8,1827,1,80
1252,327,2,330,6,1833,1,60
1253,327,2,331,7,1840,1,70
1254,327,2,332,4,1844,1,40
1255,327,2,333,6,1850,1,60
1256,327,2,334,9,1859,1,90
1257,327,2,335,9,1868,1,90
1258,327,2,336,5,1873,1,50
1259,327,2,337,3,1876,752,30
1260,327,2,338,6,1882,1,60
1261,327,2,339,8,1890,1,80
1262,327,2,340,5,1895,1,50
1263,327,2,341,8,1903,1,80
1264,327,2,342,5,1908,1,50
1265,327,2,343,4,1912,1,40
1266,327,2,344,3,1915,1,30
1267,327,2,345,5,1920,1,50
1268,327,2,346,6,1926,1,60
1269,327,2,347,4,1930,1,40
1270,327,2,348,7,1937,1,70
1271,327,2,349,4,1941,1,40
1272,327,2,350,2,1943,1,20
1273,327,2,351,9,1952,1,90
1274,327,2,352,9,1961,1,90
1275,327,2,353,5,1966,1,50
1276,327,2,354,5,1971,1,50
1277,327,2,355,7,1978,1,70
1278,327,2,356,2,1980,1,20
1279,327,2,357,2,1982,1,20
1280,327,2,358,4,1986,823,40
1281,327,2,359,2,1988,698,20
1282,327,2,360,6,1994,1,60
1283,327,2,361,6,2000,1,60
1284,327,2,362,6,2006,1,60
1285,327,2,363,7,2013,1,70
1286,327,2,364,4,2017,1,40
1287,327,2,365,4,2021,1,40
1288,327,2,366,9,2030,1,90
1289,327,2,367,5,2035,1,50
1290,327,2,368,4,2039,607,40
1291,327,2,369,6,2045,1,60
1292,327,2,370,2,2047,1,20
1293,327,2,371,7,2054,1,70
1294,327,2,372,3,2057,1,30
1295,327,2,373,3,2060,1,30
1296,327,2,374,5,2065,524,50
1297,327,2,375,8,2073,1,80
1298,327,2,376,8,2081,1,80
1299,327,2,377,6,2087,1,60
1300,327,2,378,9,2096,1,90
1301,327,2,379,2,2098,504,20
1302,327,2,380,5,2103,1,50
1303,327,2,381,9,2112,1,90
1304,327,2,382,8,2120,1,80
1305,327,2,383,7,2127,1,70
1306,327,2,384,2,2129,1,20
1307,327,2,385,9,2138,1,90
1308,327,2,386,8,2146,1,80
1309,327,2,387,3,2149,1,30
1310,327,2,388,3,2152,1,30
1311,327,2,389,2,2154,1,20
1312,327,2,390,2,2156,1,20
1313,327,2,391,2,2158,1,20
1314,327,2,392,3,2161,550,30
1315,327,2,393,3,2164,1,30
1316,327,2,394,6,2170,1,60
1317,327,2,395,6,2176,1,60
1318,327,2,396,6,2182,1,60
1319,327,2,397,2,2184,1,20
1320,327,2,398,3,2187,1,30
1321,327,2,399,8,2195,1,80
1322,327,2,400,6,2201,1,60
1323,327,2,401,5,2206,1,50
1324,327,2,402,4,2210,1,40
1325,327,2,403,6,2216,1,60
1326,327,2,404,4,2220,1,40
1327,327,2,405,3,2223,1,30
1328,327,2,406,2,2225,1,20
1329,327,2,407,3,2228,552,30
1330,327,2,408,8,2236,1,80
1331,327,2,409,4,2240,1,40
1332,327,2,410,5,2245,1,50
1333,327,2,411,5,2250,1,50
1334,327,2,412,9,2259,1,90
1335,327,2,413,6,2265,1,60
1336,327,2,414,4,2269,563,40
1337,327,2,415,9,2278,1,90
1338,327,2,416,6,2284,1,60
1339,327,2,417,2,2286,1,20
1340,327,2,418,9,2295,1,90
1341,327,2,419,2,2297,1,20
1342,327,2,420,9,2306,1,90
1343,327,2,421,8,2314,1,80
1344,327,2,422,8,2322,517,80
1345,327,2,423,7,2329,1,70
1346,327,2,424,9,2338,1,90
1347,327,2,425,7,2345,1,70
1348,327,2,426,3,2348,1,30
1349,327,2,427,8,2356,1,80
1350,327,2,428,8,2364,1,80
1351,327,2,429,5,2369,1,50
1352,327,2,430,3,2372,1,30
1353,327,2,431,9,2381,1,90
1354,327,2,432,5,2386,1,50
1355,327,2,433,3,2389,1,30
1356,327,2,434,9,2398,1,90
1357,327,2,435,2,2400,1,20
1358,327,2,436,3,2403,1,30
1359,327,2,437,7,2410,1,70
1360,327,2,438,6,2416,1,60
1361,327,2,439,8,2424,1,80
1362,327,2,440,2,2426,624,20
1363,327,2,441,2,2428,1,20
1364,327,2,442,4,2432,514,40
1365,327,2,443,6,2438,1,60
1366,327,2,444,4,2442,1,40
1367,327,2,445,2,2444,1,20
1368,327,2,446,4,2448,1,40
1369,327,2,447,5,2453,1,50
1370,327,2,448,7,2460,1,70
1371,327,2,449,3,2463,1,30
1372,327,2,450,6,2469,1,60
1373,327,2,451,6,2475,1,60
1374,327,2,452,4,2479,1,40
1375,327,2,453,7,2486,1,70
1376,327,2,454,7,2493,1,70
1377,327,2,455,6,2499,1,60
1378,327,2,456,4,2503,532,40
1379,327,2,457,3,2506,1,30
1380,327,2,458,8,2514,1,80
1381,327,2,459,3,2517,476,30
1382,327,2,460,8,2525,1,80
1383,327,2,461,9,2534,1,90
1384,327,2,462,2,2536,1,20
1385,327,2,463,4,2540,1,40
1386,327,2,464,3,2543,1,30
1387,327,2,465,9,2552,1,90
1388,327,2,466,4,2556,1,40
1389,327,2,467,9,2565,1,90
1390,327,2,468,7,2572,1,70
1391,327,2,469,6,2578,490,60
1392,327,2,470,6,2584,1,60
1393,327,2,471,2,2586,1,20
1394,327,2,472,4,2590,1,40
1395,327,2,473,8,2598,1,80
1396,327,2,474,7,2605,1,70
1397,327,2,475,3,2608,1,30
1398,327,2,476,8,2616,478,80
1399,327,2,477,3,2619,1,30
1400,327,2,478,7,2626,1,70
1401,327,2,479,2,2628,1,20
1402,327,2,480,6,2634,1,60
1403,327,2,481,2,2636,419,20
1404,327,2,482,4,2640,1,40
1405,327,2,483,4,2644,1,40
1406,327,2,484,2,2646,1,20
1407,327,2,485,8,2654,1,80
1408,327,2,486,4,2658,1,40
1409,327,2,487,5,2663,1,50
1410,327,2,488,3,2666,1,30
1411,327,2,489,8,2674,420,80
1412,327,2,490,2,2676,1,20
1413,327,2,491,9,2685,343,90
1414,327,2,492,2,2687,1,20
1415,327,2,493,3,2690,1,30
1416,327,2,494,3,2693,1,30
1417,327,2,495,7,2700,1,70
1418,327,2,496,4,2704,1,40
1419,327,2,497,8,2712,323,80
1420,327,2,498,2,2714,1,20
1421,327,2,499,6,2720,1,60
1422,327,2,500,6,2726,1,60
1423,327,2,501,7,2733,1,70
1424,327,2,502,9,2742,1,90
1425,327,2,503,2,2744,1,20
1426,327,2,504,8,2752,1,80
1427,327,2,505,5,2757,1,50
1428,327,2,506,6,2763,1,60
1429,327,2,507,8,2771,1,80
1430,327,2,508,6,2777,370,60
1431,327,2,509,9,2786,1,90
1432,327,2,510,9,2795,1,90
1433,327,2,511,5,2800,1,50
1434,327,2,512,7,2807,1,70
1435,327,2,513,8,2815,386,80
1436,327,2,514,2,2817,1,20
1437,327,2,515,5,2822,1,50
1438,327,2,516,3,2825,1,30
1439,327,2,517,2,2827,1,20
1440,327,2,518,7,2834,1,70
1441,327,2,519,5,2839,1,50
1442,327,2,520,7,2846,1,70
1443,327,2,521,4,2850,1,40
1444,327,2,522,2,2852,1,20
1445,327,2,523,4,2856,1,40
1446,327,2,524,4,2860,1,40
1447,327,2,525,8,2868,1,80
1448,327,2,526,6,2874,1,60
1449,327,2,527,6,2880,1,60
1450,327,2,528,7,2887,1,70
1451,327,2,529,4,2891,1,40
1452,327,2,530,3,2894,1,30
1453,327,2,531,3,2897,1,30
1454,327,2,532,7,2904,1,70
1455,327,2,533,8,2912,1,80
1456,327,2,534,7,2919,1,70
1457,327,2,535,6,2925,1,60
1458,327,2,536,4,2929,1,40
1459,327,2,537,9,2938,1,90
1460,327,2,538,6,2944,1,60
1461,327,2,539,5,2949,1,50
1462,327,2,540,3,2952,1,30
1463,327,2,541,8,2960,1,80
1464,327,2,542,9,2969,1,90
1465,327,2,543,2,2971,629,20
1466,327,2,544,3,2974,1,30
1467,327,2,545,8,2982,1,80
1468,327,2,546,3,2985,1,30
1469,327,2,547,2,2987,1,20
1470,327,2,548,7,2994,1,70
1471,327,2,549,2,2996,541,20
1472,327,2,550,2,2998,1,20
1473,327,2,551,4,3002,428,40
1474,327,2,552,6,3008,1,60
1475,327,2,553,9,3017,343,90
1476,327,2,554,5,3022,1,50
1477,327,2,555,8,3030,1,80
1478,327,2,556,8,3038,352,80
1479,327,2,557,9,3047,286,90
1480,327,2,558,5,3052,1,50
1481,327,2,559,8,3060,1,80
1482,327,2,560,6,3066,268,60
1483,327,2,561,8,3074,231,80
1484,327,2,562,7,3081,1,70
1485,327,2,563,3,3084,1,30
1486,327,2,564,6,3090,1,60
1487,327,2,565,5,3095,1,50
1488,327,2,566,5,3100,1,50
1489,327,2,567,4,3104,1,40
1490,327,2,568,4,3108,1,40
1491,327,2,569,8,3116,1,80
1492,327,2,570,3,3119,1,30
1493,327,2,571,3,3122,1,30
1494,327,2,572,5,3127,1,50
1495,327,2,573,5,3132,1,50
1496,327,2,574,3,3135,1,30
1497,327,2,575,3,3138,1,30
1498,327,2,576,6,3144,1,60
1499,327,2,577,5,3149,1,50
1500,327,2,578,5,3154,1,50
1501,327,2,579,5,3159,1,50
1502,327,2,580,9,3168,1,90
1503,327,2,581,9,3177,1,90
1504,327,2,582,4,3181,1,40
1505,327,2,583,6,3187,1,60
1506,327,2,584,2,3189,1,20
1507,327,2,585,5,3194,1,50
1508,327,2,586,8,3202,1,80
1509,327,2,587,6,3208,1,60
1510,327,2,588,2,3210,1,20
1511,327,2,589,7,3217,1,70
1512,327,2,590,4,3221,1,40
1513,327,2,591,8,3229,1,80
1514,327,2,592,3,3232,1,30
1515,327,2,593,8,3240,1,80
1516,327,2,594,2,3242,1,20
1517,327,2,595,2,3244,1,20
1518,327,2,596,8,3252,1,80
1519,327,2,597,6,3258,1,60
1520,327,2,598,7,3265,1,70
1521,327,2,599,6,3271,600,60
1522,327,2,600,7,3278,1,70
1523,327,2,601,8,3286,483,80
1524,327,2,602,6,3292,396,60
1525,327,2,603,9,3301,1,90
1526,327,2,604,5,3306,1,50
1527,327,2,605,9,3315,1,90
1528,327,2,606,7,3322,384,70
1529,327,2,607,8,3330,1,80
1530,327,2,608,3,3333,1,30
1531,327,2,609,8,3341,1,80
1532,327,2,610,8,3349,1,80
1533,327,2,611,5,3354,332,50
1534,327,2,612,5,3359,1,50
1535,327,2,613,7,3366,343,70
1536,327,2,614,5,3371,1,50
1537,327,2,615,2,3373,1,20
1538,327,2,616,5,3378,1,50
1539,327,2,617,3,3381,1,30
1540,327,2,618,3,3384,1,30
1541,327,2,619,6,3390,1,60
1542,327,2,620,2,3392,1,20
1543,327,2,621,8,3400,1,80
1544,327,2,622,6,3406,1,60
1545,327,2,623,9,3415,1,90
1546,327,2,624,2,3417,1,20
1547,327,2,625,2,3419,1,20
1548,327,2,626,5,3424,1,50
1549,327,2,627,5,3429,1,50
1550,327,2,628,5,3434,1,50
1551,327,2,629,4,3438,1,40
1552,327,2,630,3,3441,1,30
1553,327,2,631,4,3445,1,40
1554,327,2,632,6,3451,1,60
1555,327,2,633,9,3460,1,90
1556,327,2,634,9,3469,1,90
1557,327,2,635,3,3472,1,30
1558,327,2,636,8,3480,1,80
1559,327,2,637,7,3487,1,70
1560,327,2,638,7,3494,1,70
1561,327,2,639,3,3497,1,30
1562,327,2,640,7,3504,1,70
1563,327,2,641,6,3510,556,60
1564,327,2,642,3,3513,1,30
1565,327,2,643,2,3515,1,20
1566,327,2,644,5,3520,1,50
1567,327,2,645,2,3522,1,20
1568,327,2,646,5,3527,491,50
1569,327,2,647,4,3531,1,40
1570,327,2,648,3,3534,1,30
1571,327,2,649,3,3537,1,30
1572,327,2,650,4,3541,1,40
1573,327,2,651,6,3547,1,60
1574,327,2,652,2,3549,1,20
1575,327,2,653,9,3558,1,90
1576,327,2,654,7,3565,1,70
1577,327,2,655,2,3567,448,20
1578,327,2,656,3,3570,349,30
1579,327,2,657,8,3578,1,80
1580,327,2,658,2,3580,1,20
1581,327,2,659,3,3583,1,30
1582,327,2,660,8,3591,1,80
1583,327,2,661,6,3597,1,60
1584,327,2,662,7,3604,1,70
1585,327,2,663,8,3612,1,80
1586,327,2,664,3,3615,1,30
1587,327,2,665,9,3624,382,90
1588,327,2,666,7,3631,1,70
1589,327,2,667,4,3635,345,40
1590,327,2,668,5,3640,1,50
1591,327,2,669,4,3644,1,40
1592,327,2,670,2,3646,1,20
1593,327,2,671,4,3650,1,40
1594,327,2,672,2,3652,1,20
1595,327,2,673,2,3654,1,20
1596,327,2,674,6,3660,1,60
1597,327,2,675,6,3666,1,60
1598,327,2,676,9,3675,1,90
1599,327,2,677,3,3678,1,30
1600,327,2,678,9,3687,1,90
1601,327,2,679,6,3693,1,60
1602,327,2,680,9,3702,1,90
1603,327,2,681,5,3707,1,50
1604,327,2,682,6,3713,1,60
1605,327,2,683,6,3719,1,60
1606,327,2,684,4,3723,1,40
1607,327,2,685,3,3726,1,30
1608,327,2,686,4,3730,1,40
1609,327,2,687,3,3733,1,30
1610,327,2,688,6,3739,1,60
1611,327,2,689,6,3745,1,60
1612,327,2,690,6,3751,1,60
1613,327,2,691,3,3754,499,30
1614,327,2,692,6,3760,1,60
1615,327,2,693,2,3762,1,20
1616,327,2,694,9,3771,457,90
1617,327,2,695,2,3773,1,20
1618,327,2,696,3,3776,372,30
1619,327,2,697,6,3782,1,60
1620,327,2,698,2,3784,1,20
1621,327,2,699,9,3793,1,90
1622,327,2,700,7,3800,1,70
1623,327,2,701,9,3809,1,90
1624,327,2,702,3,3812,1,30
1625,327,2,703,9,3821,1,90
1626,327,2,704,8,3829,1,80
1627,327,2,705,6,3835,1,60
1628,327,2,706,8,3843,419,80
1629,327,2,707,7,3850,1,70
1630,327,2,708,9,3859,1,90
1631,327,2,709,6,3865,1,60
1632,327,2,710,9,3874,1,90
1633,327,2,711,8,3882,435,80
1634,327,2,712,8,3890,1,80
1635,327,2,713,3,3893,1,30
1636,327,2,714,9,3902,1,90
1637,327,2,715,4,3906,1,40
1638,327,2,716,4,3910,1,40
1639,327,2,717,4,3914,1,40
1640,327,2,718,8,3922,1,80
1641,327,2,719,6,3928,1,60
1642,327,2,720,3,3931,1,30
1643,327,2,721,2,3933,1,20
1644,327,2,722,7,3940,1,70
1645,327,2,723,6,3946,1,60
1646,327,2,724,2,3948,1,20
1647,327,2,725,2,3950,1,20
1648,327,2,726,4,3954,1,40
1649,327,2,727,6,3960,476,60
1650,327,2,728,7,3967,1,70
1651,327,2,729,7,3974,423,70
1652,327,2,730,9,3983,1,90
1653,327,2,731,2,3985,1,20
1654,327,2,732,4,3989,1,40
1655,327,2,733,9,3998,1,90
1656,327,2,734,5,4003,1,50
1657,327,2,735,6,4009,1,60
1658,327,2,736,7,4016,1,70
1659,327,2,737,3,4019,1,30
1660,327,2,738,5,4024,1,50
1661,327,2,739,2,4026,1,20
1662,327,2,740,4,4030,1,40
1663,327,2,741,8,4038,1,80
1664,327,2,742,3,4041,1,30
1665,327,2,743,3,4044,1,30
1666,327,2,744,2,4046,1,20
1667,327,2,745,7,4053,1,70
1668,327,2,746,3,4056,1,30
1669,327,2,747,9,4065,1,90
1670,327,2,748,5,4070,534,50
1671,327,2,749,8,4078,1,80
1672,327,2,750,2,4080,1,20
1673,327,2,751,3,4083,1,30
1674,327,2,752,8,4091,1,80
1675,327,2,753,5,4096,1,50
1676,327,2,754,3,4099,1,30
1677,327,2,755,6,4105,1,60
1678,327,2,756,2,4107,1,20
1679,327,2,757,9,4116,1,90
1680,327,2,758,8,4124,1,80
1681,327,2,759,7,4131,1,70
1682,327,2,760,8,4139,1,80
1683,327,2,761,6,4145,1,60
1684,327,2,762,3,4148,1,30
1685,327,2,763,8,4156,1,80
1686,327,2,764,5,4161,1,50
1687,327,2,765,2,4163,1,20
1688,327,2,766,7,4170,1,70
1689,327,2,767,6,4176,1,60
1690,327,2,768,4,4180,1,40
1691,327,2,769,2,4182,1,20
1692,327,2,770,6,4188,1,60
1693,327,2,771,7,4195,1,70
1694,327,2,772,9,4204,1,90
1695,327,2,773,9,4213,1,90
1696,327,2,774,2,4215,1,20
1697,327,2,775,2,4217,1,20
1698,327,2,776,9,4226,1,90
1699,327,2,777,7,4233,1,70
1700,327,2,778,9,4242,1,90
1701,327,2,779,2,4244,1,20
1702,327,2,780,3,4247,1,30
1703,327,2,781,4,4251,1,40
1704,327,2,782,4,4255,1,40
1705,327,2,783,2,4257,1,20
1706,327,2,784,6,4263,1,60
1707,327,2,785,5,4268,1,50
1708,327,2,786,5,4273,1,50
1709,327,2,787,6,4279,1,60
1710,327,2,788,7,4286,1,70
1711,327,2,789,6,4292,1,60
1712,327,2,790,3,4295,1,30
1713,327,2,791,7,4302,1,70
1714,327,2,792,9,4311,1,90
1715,327,2,793,7,4318,1,70
1716,327,2,794,9,4327,1,90
1717,327,2,795,4,4331,1,40
1718,327,2,796,8,4339,1,80
1719,327,2,797,2,4341,1,20
1720,327,2,798,2,4343,1,20
1721,327,2,799,3,4346,1,30
1722,327,2,800,7,4353,1,70
1723,327,2,801,4,4357,1,40
1724,327,2,802,6,4363,1,60
1725,327,2,803,6,4369,1,60
1726,327,2,804,7,4376,1,70
1727,327,2,805,8,4384,1,80
1728,327,2,806,6,4390,1,60
1729,327,2,807,3,4393,1,30
1730,327,2,808,9,4402,1,90
1731,327,2,809,5,4407,1,50
1732,327,2,810,6,4413,1,60
1733,327,2,811,8,4421,1,80
1734,327,2,812,9,4430,1,90
1735,327,2,813,9,4439,1,90
1736,327,2,814,5,4444,1,50
1737,327,2,815,8,4452,1,80
1738,327,2,816,2,4454,1,20
1739,327,2,817,6,4460,1,60
1740,327,2,818,5,4465,1224,50
1741,327,2,819,3,4468,1,30
1742,327,2,820,6,4474,1,60
1743,327,2,821,5,4479,1,50
1744,327,2,822,7,4486,1,70
1745,327,2,823,2,4488,1,20
1746,327,2,824,3,4491,1,30
1747,327,2,825,3,4494,1,30
1748,327,2,826,9,4503,1,90
1749,327,2,827,4,4507,1,40
1750,327,2,828,3,4510,1,30
1751,327,2,829,6,4516,1,60
1752,327,2,830,8,4524,1,80
1753,327,2,831,7,4531,1,70
1754,327,2,832,4,4535,1,40
1755,327,2,833,6,4541,1,60
1756,327,2,834,4,4545,1,40
1757,327,2,835,5,4550,1,50
1758,327,2,836,6,4556,1,60
1759,327,2,837,6,4562,1,60
1760,327,2,838,3,4565,1,30
1761,327,2,839,6,4571,1,60
1762,327,2,840,7,4578,1,70
1763,327,2,841,3,4581,1159,30
1764,327,2,842,2,4583,1,20
1765,327,2,843,7,4590,1,70
1766,327,2,844,4,4594,1,40
1767,327,2,845,5,4599,1,50
1768,327,2,846,9,4608,1,90
1769,327,2,847,5,4613,1,50
1770,327,2,848,5,4618,1,50
1771,327,2,849,2,4620,1,20
1772,327,2,850,8,4628,1036,80
1773,327,2,851,9,4637,1,90
1774,327,2,852,4,4641,1,40
1775,327,2,853,7,4648,884,70
1776,327,2,854,8,4656,1,80
1777,327,2,855,4,4660,1,40
1778,327,2,856,9,4669,1,90
1779,327,2,857,2,4671,1,20
1780,327,2,858,9,4680,1,90
1781,327,2,859,8,4688,1,80
1782,327,2,860,4,4692,1,40
1783,327,2,861,7,4699,1,70
1784,327,2,862,8,4707,851,80
1785,327,2,863,6,4713,1,60
1786,327,2,864,4,4717,1,40
1787,327,2,865,7,4724,1,70
1788,327,2,866,3,4727,685,30
1789,327,2,867,8,4735,1,80
1790,327,2,868,4,4739,1,40
1791,327,2,869,7,4746,1,70
1792,327,2,870,4,4750,1,40
1793,327,2,871,6,4756,1,60
1794,327,2,872,2,4758,1,20
1795,327,2,873,8,4766,1,80
1796,327,2,874,4,4770,645,40
1797,327,2,875,4,4774,1,40
1798,327,2,876,5,4779,1,50
1799,327,2,877,4,4783,1,40
1800,327,2,878,7,4790,1,70
1801,327,2,879,5,4795,1,50
1802,327,2,880,3,4798,1,30
1803,327,2,881,6,4804,1,60
1804,327,2,882,5,4809,1,50
1805,327,2,883,5,4814,624,50
1806,327,2,884,3,4817,1,30
1807,327,2,885,4,4821,1,40
1808,327,2,886,3,4824,1,30
1809,327,2,887,6,4830,1,60
1810,327,2,888,7,4837,1,70
1811,327,2,889,7,4844,1,70
1812,327,2,890,5,4849,1,50
1813,327,2,891,9,4858,566,90
1814,327,2,892,4,4862,458,40
1815,327,2,893,5,4867,1,50
1816,327,2,894,5,4872,1,50
1817,327,2,895,2,4874,404,20
1818,327,2,896,8,4882,333,80
1819,327,2,897,4,4886,1,40
1820,327,2,898,4,4890,1,40
1821,327,2,899,6,4896,1,60
1822,327,2,900,3,4899,1,30
1823,327,2,901,4,4903,1,40
1824,327,2,902,4,4907,1,40
1825,327,2,903,8,4915,1,80
1826,327,2,904,3,4918,1,30
1827,327,2,905,8,4926,1,80
1828,327,2,906,9,4935,1,90
1829,327,2,907,4,4939,1,40
1830,327,2,908,3,4942,1,30
1831,327,2,909,2,4944,374,20
1832,327,2,910,2,4946,1,20
1833,327,2,911,2,4948,1,20
1834,327,2,912,6,4954,1,60
1835,327,2,913,9,4963,1,90
1836,327,2,914,3,4966,1,30
1837,327,2,915,3,4969,354,30
1838,327,2,916,4,4973,1,40
1839,327,2,917,6,4979,1,60
1840,327,2,918,7,4986,1,70
1841,327,2,919,4,4990,1,40
1842,327,2,920,6,4996,1,60
1843,327,3,1,2,2,1,20
1844,327,3,2,5,7,1,50
1845,327,3,3,3,10,1,30
1846,327,3,4,5,15,1,50
1847,327,3,5,2,17,1,20
1848,327,3,6,5,22,1,50
1849,327,3,7,2,24,1,20
1850,327,3,8,3,27,1,30
1851,327,3,9,4,31,1,40
1852,327,3,10,8,39,1,80
1853,327,3,11,4,43,1,40
1854,327,3,12,4,47,88,40
1855,327,3,13,2,49,1,20
1856,327,3,14,9,58,1,90
1857,327,3,15,8,66,1,80
1858,327,3,16,8,74,1,80
1859,327,3,17,8,82,1,80
1860,327,3,18,9,91,1,90
1861,327,3,19,6,97,169,60
1862,327,3,20,3,100,1,30
1863,327,3,21,7,107,179,70
1864,327,3,22,3,110,1,30
1865,327,3,23,7,117,1,70
1866,327,3,24,6,123,1,60
1867,327,3,25,8,131,1,80
1868,327,3,26,9,140,1,90
1869,327,3,27,2,142,1,20
1870,327,3,28,7,149,1,70
1871,327,3,29,5,154,1,50
1872,327,3,30,2,156,1,20
1873,327,3,31,9,165,1,90
1874,327,3,32,9,174,1,90
1875,327,3,33,9,183,266,90
1876,327,3,34,2,185,1,20
1877,327,3,35,2,187,1,20
1878,327,3,36,5,192,239,50
1879,327,3,37,4,196,1,40
1880,327,3,38,6,202,1,60
1881,327,3,39,9,211,241,90
1882,327,3,40,9,220,1,90
1883,327,3,41,5,225,1,50
1884,327,3,42,6,231,1,60
1885,327,3,43,7,238,1,70
1886,327,3,44,4,242,1,40
1887,327,3,45,8,250,1,80
1888,327,3,46,8,258,1,80
1889,327,3,47,4,262,1,40
1890,327,3,48,9,271,1,90
1891,327,3,49,6,277,1,60
1892,327,3,50,6,283,1,60
1893,327,3,51,3,286,1,30
1894,327,3,52,4,290,1,40
1895,327,3,53,3,293,1,30
1896,327,3,54,7,300,1,70
1897,327,3,55,2,302,1,20
1898,327,3,56,3,305,1,30
1899,327,3,57,6,311,1,60
1900,327,3,58,5,316,1,50
1901,327,3,59,9,325,1,90
1902,327,3,60,5,330,1,50
1903,327,3,61,9,339,1,90
1904,327,3,62,2,341,1,20
1905,327,3,63,5,346,1,50
1906,327,3,64,7,353,1,70
1907,327,3,65,5,358,1,50
1908,327,3,66,9,367,1,90
1909,327,3,67,2,369,1,20
1910,327,3,68,7,376,469,70
1911,327,3,69,4,380,1,40
1912,327,3,70,4,384,1,40
1913,327,3,71,4,388,1,40
1914,327,3,72,5,393,1,50
1915,327,3,73,8,401,1,80
1916,327,3,74,5,406,1,50
1917,327,3,75,9,415,1,90
1918,327,3,76,8,423,1,80
1919,327,3,77,3,426,1,30
1920,327,3,78,9,435,1,90
1921,327,3,79,8,443,1,80
1922,327,3,80,9,452,1,90
1923,327,3,81,6,458,1,60
1924,327,3,82,3,461,1,30
1925,327,3,83,8,469,1,80
1926,327,3,84,3,472,1,30
1927,327,3,85,8,480,1,80
1928,327,3,86,3,483,1,30
1929,327,3,87,9,492,1,90
1930,327,3,88,3,495,1,30
1931,327,3,89,9,504,1,90
1932,327,3,90,2,506,1,20
1933,327,3,91,3,509,709,30
1934,327,3,92,7,516,1,70
1935,327,3,93,5,521,1,50
1936,327,3,94,8,529,1,80
1937,327,3,95,7,536,1,70
1938,327,3,96,4,540,1,40
1939,327,3,97,7,547,1,70
1940,327,3,98,2,549,1,20
1941,327,3,99,2,551,606,20
1942,327,3,100,2,553,1,20
1943,327,3,101,7,560,1,70
1944,327,3,102,3,563,1,30
1945,327,3,103,9,572,1,90
1946,327,3,104,6,578,1,60
1947,327,3,105,2,580,1,20
1948,327,3,106,8,588,1,80
1949,327,3,107,8,596,1,80
1950,327,3,108,5,601,1,50
1951,327,3,109,9,610,1,90
1952,327,3,110,3,613,1,30
1953,327,3,111,8,621,1,80
1954,327,3,112,7,628,1,70
1955,327,3,113,2,630,1,20
1956,327,3,114,3,633,1,30
1957,327,3,115,6,639,1,60
1958,327,3,116,4,643,1,40
1959,327,3,117,9,652,1,90
1960,327,3,118,2,654,1,20
1961,327,3,119,3,657,1,30
1962,327,3,120,9,666,1,90
1963,327,3,121,9,675,1,90
1964,327,3,122,8,683,783,80
1965,327,3,123,9,692,1,90
1966,327,3,124,8,700,1,80
1967,327,3,125,2,702,1,20
1968,327,3,126,5,707,1,50
1969,327,3,127,4,711,1,40
1970,327,3,128,5,716,1,50
1971,327,3,129,9,725,1,90
1972,327,3,130,9,734,684,90
1973,327,3,131,6,740,1,60
1974,327,3,132,3,743,1,30
1975,327,3,133,7,750,1,70
1976,327,3,134,7,757,1,70
1977,327,3,135,4,761,1,40
1978,327,3,136,8,769,1,80
1979,327,3,137,3,772,1,30
1980,327,3,138,2,774,1,20
1981,327,3,139,2,776,1,20
1982,327,3,140,3,779,1,30
1983,327,3,141,4,783,1,40
1984,327,3,142,2,785,624,20
1985,327,3,143,2,787,1,20
1986,327,3,144,6,793,1,60
1987,327,3,145,7,800,1,70
1988,327,3,146,8,808,1,80
1989,327,3,147,8,816,1,80
1990,327,3,148,9,825,1,90
1991,327,3,149,5,830,1,50
1992,327,3,150,5,835,1,50
1993,327,3,151,2,837,1,20
1994,327,3,152,6,843,1,60
1995,327,3,153,3,846,1,30
1996,327,3,154,6,852,1,60
1997,327,3,155,8,860,1,80
1998,327,3,156,9,869,1,90
1999,327,3,157,7,876,1,70
2000,327,3,158,6,882,691,60
2001,327,3,159,4,886,1,40
2002,327,3,160,5,891,1,50
2003,327,3,161,5,896,1,50
2004,327,3,162,8,904,1,80
2005,327,3,163,3,907,1,30
2006,327,3,164,5,912,1,50
2007,327,3,165,2,914,1,20
2008,327,3,166,9,923,1,90
2009,327,3,167,9,932,1,90
2010,327,3,168,2,934,1,20
2011,327,3,169,2,936,1,20
2012,327,3,170,7,943,1,70
2013,327,3,171,2,945,1,20
2014,327,3,172,8,953,1,80
2015,327,3,173,8,961,1,80
2016,327,3,174,6,967,1,60
2017,327,3,175,6,973,1,60
2018,327,3,176,4,977,1,40
2019,327,3,177,8,985,1,80
2020,327,3,178,3,988,1,30
2021,327,3,179,3,991,1,30
2022,327,3,180,7,998,1,70
2023,327,3,181,7,1005,1,70
2024,327,3,182,9,1014,1,90
2025,327,3,183,2,1016,1,20
2026,327,3,184,2,1018,1,20
2027,327,3,185,7,1025,1,70
2028,327,3,186,3,1028,1,30
2029,327,3,187,3,1031,1,30
2030,327,3,188,5,1036,1,50
2031,327,3,189,8,1044,1,80
2032,327,3,190,2,1046,878,20
2033,327,3,191,5,1051,1,50
2034,327,3,192,2,1053,1,20
2035,327,3,193,2,1055,1,20
2036,327,3,194,7,1062,1,70
2037,327,3,195,8,1070,1,80
2038,327,3,196,9,1079,819,90
2039,327,3,197,2,1081,1,20
2040,327,3,198,3,1084,1,30
2041,327,3,199,2,1086,1,20
2042,327,3,200,7,1093,1,70
2043,327,3,201,8,1101,1,80
2044,327,3,202,6,1107,1,60
2045,327,3,203,6,1113,1,60
2046,327,3,204,7,1120,1,70
2047,327,3,205,4,1124,1,40
2048,327,3,206,6,1130,1,60
2049,327,3,207,3,1133,1,30
2050,327,3,208,8,1141,1,80
2051,327,3,209,6,1147,1,60
2052,327,3,210,2,1149,1,20
2053,327,3,211,4,1153,1,40
2054,327,3,212,8,1161,1,80
2055,327,3,213,7,1168,1,70
2056,327,3,214,7,1175,1,70
2057,327,3,215,9,1184,1,90
2058,327,3,216,6,1190,1,60
2059,327,3,217,3,1193,1,30
2060,327,3,218,9,1202,1,90
2061,327,3,219,2,1204,1,20
2062,327,3,220,4,1208,1,40
2063,327,3,221,6,1214,1,60
2064,327,3,222,8,1222,1,80
2065,327,3,223,8,1230,1,80
2066,327,3,224,4,1234,1,40
2067,327,3,225,8,1242,1,80
2068,327,3,226,2,1244,1,20
2069,327,3,227,2,1246,1,20
2070,327,3,228,7,1253,1,70
2071,327,3,229,3,1256,1,30
2072,327,3,230,6,1262,1,60
2073,327,3,231,3,1265,1,30
2074,327,3,232,2,1267,1,20
2075,327,3,233,2,1269,1,20
2076,327,3,234,9,1278,1,90
2077,327,3,235,2,1280,1,20
2078,327,3,236,2,1282,1040,20
2079,327,3,237,4,1286,1,40
2080,327,3,238,9,1295,1,90
2081,327,3,239,6,1301,1,60
2082,327,3,240,8,1309,1,80
2083,327,3,241,5,1314,1,50
2084,327,3,242,8,1322,1,80
2085,327,3,243,5,1327,1,50
2086,327,3,244,6,1333,922,60
2087,327,3,245,4,1337,1,40
2088,327,3,246,9,1346,1,90
2089,327,3,247,6,1352,1,60
2090,327,3,248,8,1360,1,80
2091,327,3,249,8,1368,1,80
2092,327,3,250,6,1374,1,60
2093,327,3,251,5,1379,1,50
2094,327,3,252,2,1381,1,20
2095,327,3,253,7,1388,1,70
2096,327,3,254,5,1393,1,50
2097,327,3,255,3,1396,875,30
2098,327,3,256,9,1405,1,90
2099,327,3,257,3,1408,1,30
2100,327,3,258,8,1416,1,80
2101,327,3,259,4,1420,1,40
2102,327,3,260,5,1425,1,50
2103,327,3,261,6,1431,1,60
2104,327,3,262,5,1436,1,50
2105,327,3,263,2,1438,1,20
2106,327,3,264,6,1444,1,60
2107,327,3,265,6,1450,821,60
2108,327,3,266,8,1458,1,80
2109,327,3,267,6,1464,650,60
2110,327,3,268,5,1469,1,50
2111,327,3,269,2,1471,1,20
2112,327,3,270,3,1474,1,30
2113,327,3,271,2,1476,583,20
2114,327,3,272,7,1483,1,70
2115,327,3,273,7,1490,1,70
2116,327,3,274,3,1493,1,30
2117,327,3,275,6,1499,1,60
2118,327,3,276,3,1502,481,30
2119,327,3,277,8,1510,1,80
2120,327,3,278,8,1518,1,80
2121,327,3,279,9,1527,1,90
2122,327,3,280,5,1532,1,50
2123,327,3,281,4,1536,1,40
2124,327,3,282,8,1544,1,80
2125,327,3,283,8,1552,1,80
2126,327,3,284,3,1555,1,30
2127,327,3,285,7,1562,1,70
2128,327,3,286,3,1565,1,30
2129,327,3,287,2,1567,1,20
2130,327,3,288,6,1573,1,60
2131,327,3,289,9,1582,1,90
2132,327,3,290,3,1585,1,30
2133,327,3,291,4,1589,1,40
2134,327,3,292,8,1597,1,80
2135,327,3,293,2,1599,580,20
2136,327,3,294,2,1601,462,20
2137,327,3,295,9,1610,1,90
2138,327,3,296,2,1612,1,20
2139,327,3,297,7,1619,1,70
2140,327,3,298,6,1625,1,60
2141,327,3,299,2,1627,1,20
2142,327,3,300,9,1636,1,90
2143,327,3,301,2,1638,1,20
2144,327,3,302,3,1641,1,30
2145,327,3,303,8,1649,1,80
2146,327,3,304,9,1658,1,90
2147,327,3,305,2,1660,1,20
2148,327,3,306,4,1664,1,40
2149,327,3,307,4,1668,1,40
2150,327,3,308,9,1677,1,90
2151,327,3,309,3,1680,1,30
2152,327,3,310,3,1683,1,30
2153,327,3,311,7,1690,568,70
2154,327,3,312,7,1697,1,70
2155,327,3,313,8,1705,1,80
2156,327,3,314,7,1712,1,70
2157,327,3,315,3,1715,1,30
2158,327,3,316,2,1717,1,20
2159,327,3,317,3,1720,1,30
2160,327,3,318,9,1729,1,90
2161,327,3,319,3,1732,508,30
2162,327,3,320,4,1736,1,40
2163,327,3,321,8,1744,1,80
2164,327,3,322,8,1752,1,80
2165,327,3,323,8,1760,501,80
2166,327,3,324,8,1768,398,80
2167,327,3,325,6,1774,1,60
2168,327,3,326,6,1780,1,60
2169,327,3,327,3,1783,1,30
2170,327,3,328,5,1788,1,50
2171,327,3,329,4,1792,1,40
2172,327,3,330,7,1799,1,70
2173,327,3,331,6,1805,1,60
2174,327,3,332,8,1813,1,80
2175,327,3,333,6,1819,1,60
2176,327,3,334,9,1828,1,90
2177,327,3,335,7,1835,1,70
2178,327,3,336,5,1840,497,50
2179,327,3,337,2,1842,1,20
2180,327,3,338,9,1851,1,90
2181,327,3,339,2,1853,1,20
2182,327,3,340,5,1858,1,50
2183,327,3,341,3,1861,1,30
2184,327,3,342,7,1868,1,70
2185,327,3,343,7,1875,1,70
2186,327,3,344,3,1878,1,30
2187,327,3,345,4,1882,1,40
2188,327,3,346,2,1884,443,20
2189,327,3,347,8,1892,1,80
2190,327,3,348,6,1898,1,60
2191,327,3,349,4,1902,1,40
2192,327,3,350,3,1905,406,30
2193,327,3,351,8,1913,1,80
2194,327,3,352,7,1920,1,70
2195,327,3,353,4,1924,1,40
2196,327,3,354,8,1932,1,80
2197,327,3,355,3,1935,1,30
2198,327,3,356,8,1943,1,80
2199,327,3,357,6,1949,1,60
2200,327,3,358,8,1957,415,80
2201,327,3,359,9,1966,1,90
2202,327,3,360,7,1973,1,70
2203,327,3,361,6,1979,1,60
2204,327,3,362,4,1983,386,40
2205,327,3,363,5,1988,1,50
2206,327,3,364,7,1995,1,70
2207,327,3,365,7,2002,1,70
2208,327,3,366,2,2004,1,20
2209,327,3,367,7,2011,1,70
2210,327,3,368,2,2013,1,20
2211,327,3,369,4,2017,1,40
2212,327,3,370,7,2024,1,70
2213,327,3,371,2,2026,1,20
2214,327,3,372,4,2030,1,40
2215,327,3,373,6,2036,1,60
2216,327,3,374,7,2043,1,70
2217,327,3,375,6,2049,1,60
2218,327,3,376,3,2052,1,30
2219,327,3,377,5,2057,1,50
2220,327,3,378,8,2065,1,80
2221,327,3,379,4,2069,1,40
2222,327,3,380,7,2076,1,70
2223,327,3,381,7,2083,1,70
2224,327,3,382,9,2092,1,90
2225,327,3,383,7,2099,581,70
2226,327,3,384,6,2105,1,60
2227,327,3,385,9,2114,1,90
2228,327,3,386,6,2120,450,60
2229,327,3,387,6,2126,1,60
2230,327,3,388,7,2133,1,70
2231,327,3,389,6,2139,1,60
2232,327,3,390,8,2147,448,80
2233,327,3,391,9,2156,1,90
2234,327,3,392,4,2160,1,40
2235,327,3,393,4,2164,1,40
2236,327,3,394,3,2167,1,30
2237,327,3,395,2,2169,1,20
2238,327,3,396,3,2172,1,30
2239,327,3,397,8,2180,1,80
2240,327,3,398,3,2183,1,30
2241,327,3,399,5,2188,1,50
2242,327,3,400,5,2193,1,50
2243,327,3,401,4,2197,450,40
2244,327,3,402,6,2203,1,60
2245,327,3,403,6,2209,376,60
2246,327,3,404,7,2216,1,70
2247,327,3,405,3,2219,1,30
2248,327,3,406,3,2222,1,30
2249,327,3,407,6,2228,1,60
2250,327,3,408,2,2230,1,20
2251,327,3,409,2,2232,398,20
2252,327,3,410,5,2237,282,50
2253,327,3,411,8,2245,1,80
2254,327,3,412,8,2253,1,80
2255,327,3,413,7,2260,1,70
2256,327,3,414,7,2267,1,70
2257,327,3,415,7,2274,1,70
2258,327,3,416,5,2279,297,50
2259,327,3,417,5,2284,1,50
2260,327,3,418,4,2288,1,40
2261,327,3,419,4,2292,1,40
2262,327,3,420,7,2299,286,70
2263,327,3,421,9,2308,1,90
2264,327,3,422,5,2313,270,50
2265,327,3,423,8,2321,1,80
2266,327,3,424,7,2328,1,70
2267,327,3,425,3,2331,261,30
2268,327,3,426,2,2333,200,20
2269,327,3,427,5,2338,1,50
2270,327,3,428,9,2347,1,90
2271,327,3,429,6,2353,1,60
2272,327,3,430,2,2355,1,20
2273,327,3,431,5,2360,1,50
2274,327,3,432,7,2367,1,70
2275,327,3,433,6,2373,1,60
2276,327,3,434,6,2379,1,60
2277,327,3,435,6,2385,1,60
2278,327,3,436,3,2388,1,30
2279,327,3,437,4,2392,1,40
2280,327,3,438,5,2397,1,50
2281,327,3,439,6,2403,1,60
2282,327,3,440,6,2409,1,60
2283,327,3,441,5,2414,1,50
2284,327,3,442,6,2420,1,60
2285,327,3,443,3,2423,310,30
2286,327,3,444,7,2430,1,70
2287,327,3,445,3,2433,1,30
2288,327,3,446,6,2439,1,60
2289,327,3,447,6,2445,1,60
2290,327,3,448,8,2453,1,80
2291,327,3,449,2,2455,1,20
2292,327,3,450,7,2462,1,70
2293,327,3,451,2,2464,1,20
2294,327,3,452,6,2470,1,60
2295,327,3,453,6,2476,1,60
2296,327,3,454,6,2482,1,60
2297,327,3,455,2,2484,1,20
2298,327,3,456,8,2492,1,80
2299,327,3,457,6,2498,422,60
2300,327,3,458,9,2507,357,90
2301,327,3,459,8,2515,1,80
2302,327,3,460,8,2523,1,80
2303,327,3,461,3,2526,1,30
2304,327,3,462,5,2531,1,50
2305,327,3,463,8,2539,1,80
2306,327,3,464,2,2541,1,20
2307,327,3,465,6,2547,1,60
2308,327,3,466,5,2552,1,50
2309,327,3,467,7,2559,340,70
2310,327,3,468,7,2566,1,70
2311,327,3,469,4,2570,1,40
2312,327,3,470,8,2578,1,80
2313,327,3,471,7,2585,1,70
2314,327,3,472,9,2594,1,90
2315,327,3,473,4,2598,1,40
2316,327,3,474,7,2605,1,70
2317,327,3,475,2,2607,1,20
2318,327,3,476,5,2612,1,50
2319,327,3,477,9,2621,1,90
2320,327,3,478,3,2624,426,30
2321,327,3,479,5,2629,1,50
2322,327,3,480,8,2637,1,80
2323,327,3,481,8,2645,1,80
2324,327,3,482,6,2651,1,60
2325,327,3,483,9,2660,1,90
2326,327,3,484,7,2667,1,70
2327,327,3,485,6,2673,1,60
2328,327,3,486,8,2681,1,80
2329,327,3,487,3,2684,1,30
2330,327,3,488,7,2691,1,70
2331,327,3,489,2,2693,1,20
2332,327,3,490,3,2696,1,30
2333,327,3,491,2,2698,496,20
2334,327,3,492,5,2703,1,50
2335,327,3,493,8,2711,1,80
2336,327,3,494,4,2715,1,40
2337,327,3,495,4,2719,1,40
2338,327,3,496,7,2726,1,70
2339,327,3,497,8,2734,1,80
2340,327,3,498,9,2743,1,90
2341,327,3,499,4,2747,515,40
2342,327,3,500,3,2750,1,30
2343,327,3,501,3,2753,398,30
2344,327,3,502,7,2760,1,70
2345,327,3,503,4,2764,1,40
2346,327,3,504,2,2766,1,20
2347,327,3,505,3,2769,1,30
2348,327,3,506,8,2777,1,80
2349,327,3,507,8,2785,1,80
2350,327,3,508,9,2794,1,90
2351,327,3,509,5,2799,1,50
2352,327,3,510,3,2802,1,30
2353,327,3,511,3,2805,1,30
2354,327,3,512,5,2810,443,50
2355,327,3,513,2,2812,1,20
2356,327,3,514,4,2816,1,40
2357,327,3,515,9,2825,1,90
2358,327,3,516,4,2829,1,40
2359,327,3,517,7,2836,1,70
2360,327,3,518,7,2843,1,70
2361,327,3,519,5,2848,1,50
2362,327,3,520,4,2852,1,40
2363,327,3,521,3,2855,1,30
2364,327,3,522,9,2864,1,90
2365,327,3,523,9,2873,1,90
2366,327,3,524,2,2875,1,20
2367,327,3,525,3,2878,1,30
2368,327,3,526,3,2881,1,30
2369,327,3,527,5,2886,1,50
2370,327,3,528,2,2888,536,20
2371,327,3,529,7,2895,1,70
2372,327,3,530,6,2901,1,60
2373,327,3,531,7,2908,1,70
2374,327,3,532,7,2915,1,70
2375,327,3,533,4,2919,1,40
2376,327,3,534,7,2926,1,70
2377,327,3,535,7,2933,1,70
2378,327,3,536,9,2942,1,90
2379,327,3,537,2,2944,1,20
2380,327,3,538,8,2952,1,80
2381,327,3,539,2,2954,551,20
2382,327,3,540,9,2963,1,90
2383,327,3,541,9,2972,1,90
2384,327,3,542,9,2981,1,90
2385,327,3,543,9,2990,1,90
2386,327,3,544,5,2995,503,50
2387,327,3,545,5,3000,1,50
2388,327,3,546,2,3002,1,20
2389,327,3,547,4,3006,382,40
2390,327,3,548,7,3013,1,70
2391,327,3,549,8,3021,1,80
2392,327,3,550,5,3026,1,50
2393,327,3,551,6,3032,1,60
2394,327,3,552,5,3037,1,50
2395,327,3,553,6,3043,1,60
2396,327,3,554,5,3048,1,50
2397,327,3,555,7,3055,1,70
2398,327,3,556,2,3057,1,20
2399,327,3,557,6,3063,1,60
2400,327,3,558,6,3069,493,60
2401,327,3,559,2,3071,1,20
2402,327,3,560,9,3080,1,90
2403,327,3,561,2,3082,1,20
2404,327,3,562,3,3085,1,30
2405,327,3,563,9,3094,441,90
2406,327,3,564,7,3101,1,70
2407,327,3,565,9,3110,1,90
2408,327,3,566,3,3113,1,30
2409,327,3,567,3,3116,1,30
2410,327,3,568,5,3121,1,50
2411,327,3,569,5,3126,1,50
2412,327,3,570,7,3133,1,70
2413,327,3,571,7,3140,1,70
2414,327,3,572,7,3147,1,70
2415,327,3,573,8,3155,1,80
2416,327,3,574,9,3164,1,90
2417,327,3,575,6,3170,482,60
2418,327,3,576,2,3172,1,20
2419,327,3,577,4,3176,1,40
2420,327,3,578,8,3184,1,80
2421,327,3,579,3,3187,389,30
2422,327,3,580,2,3189,1,20
2423,327,3,581,8,3197,1,80
2424,327,3,582,4,3201,1,40
2425,327,3,583,2,3203,1,20
2426,327,3,584,3,3206,1,30
2427,327,3,585,7,3213,1,70
2428,327,3,586,7,3220,1,70
2429,327,3,587,7,3227,1,70
2430,327,3,588,3,3230,1,30
2431,327,3,589,5,3235,1,50
2432,327,3,590,6,3241,1,60
2433,327,3,591,9,3250,1,90
2434,327,3,592,8,3258,1,80
2435,327,3,593,6,3264,1,60
2436,327,3,594,7,3271,1,70
2437,327,3,595,9,3280,1,90
2438,327,3,596,7,3287,1,70
2439,327,3,597,8,3295,1,80
2440,327,3,598,3,3298,1,30
2441,327,3,599,8,3306,1,80
2442,327,3,600,2,3308,1,20
2443,327,3,601,5,3313,1,50
2444,327,3,602,6,3319,1,60
2445,327,3,603,4,3323,1,40
2446,327,3,604,9,3332,1,90
2447,327,3,605,4,3336,588,40
2448,327,3,606,2,3338,1,20
2449,327,3,607,2,3340,1,20
2450,327,3,608,4,3344,513,40
2451,327,3,609,6,3350,1,60
2452,327,3,610,8,3358,1,80
2453,327,3,611,7,3365,1,70
2454,327,3,612,5,3370,1,50
2455,327,3,613,6,3376,1,60
2456,327,3,614,2,3378,1,20
2457,327,3,615,8,3386,1,80
2458,327,3,616,2,3388,1,20
2459,327,3,617,4,3392,1,40
2460,327,3,618,3,3395,1,30
2461,327,3,619,9,3404,1,90
2462,327,3,620,7,3411,1,70
2463,327,3,621,5,3416,1,50
2464,327,3,622,2,3418,532,20
2465,327,3,623,8,3426,1,80
2466,327,3,624,4,3430,1,40
2467,327,3,625,9,3439,1,90
2468,327,3,626,9,3448,1,90
2469,327,3,627,6,3454,1,60
2470,327,3,628,8,3462,1,80
2471,327,3,629,3,3465,1,30
2472,327,3,630,6,3471,1,60
2473,327,3,631,5,3476,589,50
2474,327,3,632,5,3481,1,50
2475,327,3,633,7,3488,1,70
2476,327,3,634,9,3497,1,90
2477,327,3,635,9,3506,1,90
2478,327,3,636,9,3515,1,90
2479,327,3,637,9,3524,1,90
2480,327,3,638,6,3530,1,60
2481,327,3,639,6,3536,1,60
2482,327,3,640,3,3539,1,30
2483,327,3,641,8,3547,1,80
2484,327,3,642,8,3555,1,80
2485,327,3,643,3,3558,1,30
2486,327,3,644,6,3564,1,60
2487,327,3,645,2,3566,1,20
2488,327,3,646,4,3570,1,40
2489,327,3,647,6,3576,1,60
2490,327,3,648,3,3579,1,30
2491,327,3,649,7,3586,1,70
2492,327,3,650,5,3591,1,50
2493,327,3,651,9,3600,1,90
2494,327,3,652,9,3609,1,90
2495,327,3,653,6,3615,760,60
2496,327,3,654,2,3617,1,20
2497,327,3,655,3,3620,1,30
2498,327,3,656,8,3628,1,80
2499,327,3,657,8,3636,1,80
2500,327,3,658,5,3641,1,50
2501,327,3,659,2,3643,1,20
2502,327,3,660,8,3651,637,80
2503,327,3,661,7,3658,1,70
2504,327,3,662,5,3663,1,50
2505,327,3,663,3,3666,1,30
2506,327,3,664,5,3671,572,50
2507,327,3,665,8,3679,1,80
2508,327,3,666,7,3686,1,70
2509,327,3,667,9,3695,1,90
2510,327,3,668,8,3703,1,80
2511,327,3,669,9,3712,523,90
2512,327,3,670,3,3715,1,30
2513,327,3,671,6,3721,1,60
2514,327,3,672,9,3730,1,90
2515,327,3,673,4,3734,1,40
2516,327,3,674,4,3738,1,40
2517,327,3,675,3,3741,1,30
2518,327,3,676,3,3744,1,30
2519,327,3,677,4,3748,1,40
2520,327,3,678,4,3752,1,40
2521,327,3,679,9,3761,1,90
2522,327,3,680,5,3766,1,50
2523,327,3,681,9,3775,1,90
2524,327,3,682,4,3779,1,40
2525,327,3,683,8,3787,1,80
2526,327,3,684,5,3792,1,50
2527,327,3,685,5,3797,1,50
2528,327,3,686,2,3799,1,20
2529,327,3,687,7,3806,1,70
2530,327,3,688,3,3809,1,30
2531,327,3,689,4,3813,1,40
2532,327,3,690,6,3819,1,60
2533,327,3,691,7,3826,1,70
2534,327,3,692,4,3830,1,40
2535,327,3,693,3,3833,1,30
2536,327,3,694,8,3841,1,80
2537,327,3,695,7,3848,1,70
2538,327,3,696,6,3854,1,60
2539,327,3,697,4,3858,1,40
2540,327,3,698,6,3864,1,60
2541,327,3,699,7,3871,1,70
2542,327,3,700,5,3876,1,50
2543,327,3,701,9,3885,1,90
2544,327,3,702,5,3890,829,50
2545,327,3,703,7,3897,1,70
2546,327,3,704,3,3900,1,30
2547,327,3,705,4,3904,1,40
2548,327,3,706,6,3910,1,60
2549,327,3,707,4,3914,1,40
2550,327,3,708,6,3920,1,60
2551,327,3,709,8,3928,1,80
2552,327,3,710,2,3930,1,20
2553,327,3,711,9,3939,1,90
2554,327,3,712,3,3942,1,30
2555,327,3,713,9,3951,721,90
2556,327,3,714,4,3955,1,40
2557,327,3,715,4,3959,1,40
2558,327,3,716,7,3966,1,70
2559,327,3,717,5,3971,1,50
2560,327,3,718,2,3973,1,20
2561,327,3,719,2,3975,1,20
2562,327,3,720,8,3983,1,80
2563,327,3,721,8,3991,1,80
2564,327,3,722,9,4000,1,90
2565,327,3,723,3,4003,1,30
2566,327,3,724,2,4005,1,20
2567,327,3,725,4,4009,1,40
2568,327,3,726,9,4018,1,90
2569,327,3,727,4,4022,1,40
2570,327,3,728,5,4027,1,50
2571,327,3,729,2,4029,727,20
2572,327,3,730,9,4038,1,90
2573,327,3,731,3,4041,1,30
2574,327,3,732,6,4047,1,60
2575,327,3,733,4,4051,615,40
2576,327,3,734,9,4060,1,90
2577,327,3,735,9,4069,1,90
2578,327,3,736,4,4073,1,40
2579,327,3,737,4,4077,548,40
2580,327,3,738,5,4082,1,50
2581,327,3,739,6,4088,447,60
2582,327,3,740,3,4091,1,30
2583,327,3,741,2,4093,1,20
2584,327,3,742,2,4095,1,20
2585,327,3,743,3,4098,1,30
2586,327,3,744,4,4102,1,40
2587,327,3,745,5,4107,1,50
2588,327,3,746,5,4112,1,50
2589,327,3,747,5,4117,1,50
2590,327,3,748,2,4119,1,20
2591,327,3,749,8,4127,1,80
2592,327,3,750,2,4129,1,20
2593,327,3,751,2,4131,1,20
2594,327,3,752,4,4135,1,40
2595,327,3,753,5,4140,1,50
2596,327,3,754,9,4149,1,90
2597,327,3,755,5,4154,1,50
2598,327,3,756,5,4159,529,50
2599,327,3,757,9,4168,1,90
2600,327,3,758,5,4173,1,50
2601,327,3,759,5,4178,1,50
2602,327,3,760,5,4183,1,50
2603,327,3,761,2,4185,1,20
2604,327,3,762,6,4191,1,60
2605,327,3,763,7,4198,1,70
2606,327,3,764,3,4201,1,30
2607,327,3,765,5,4206,1,50
2608,327,3,766,7,4213,1,70
2609,327,3,767,2,4215,1,20
2610,327,3,768,3,4218,1,30
2611,327,3,769,3,4221,1,30
2612,327,3,770,2,4223,1,20
2613,327,3,771,7,4230,1,70
2614,327,3,772,9,4239,1,90
2615,327,3,773,9,4248,1,90
2616,327,3,774,4,4252,1,40
2617,327,3,775,6,4258,1,60
2618,327,3,776,5,4263,1,50
2619,327,3,777,5,4268,649,50
2620,327,3,778,7,4275,526,70
2621,327,3,779,5,4280,1,50
2622,327,3,780,9,4289,1,90
2623,327,3,781,8,4297,1,80
2624,327,3,782,3,4300,1,30
2625,327,3,783,5,4305,1,50
2626,327,3,784,5,4310,1,50
2627,327,3,785,8,4318,509,80
2628,327,3,786,9,4327,426,90
2629,327,3,787,7,4334,354,70
2630,327,3,788,3,4337,1,30
2631,327,3,789,6,4343,1,60
2632,327,3,790,9,4352,1,90
2633,327,3,791,3,4355,1,30
2634,327,3,792,5,4360,326,50
2635,327,3,793,6,4366,1,60
2636,327,3,794,9,4375,1,90
2637,327,3,795,7,4382,1,70
2638,327,3,796,9,4391,1,90
2639,327,3,797,4,4395,1,40
2640,327,3,798,3,4398,1,30
2641,327,3,799,2,4400,1,20
2642,327,3,800,9,4409,1,90
2643,327,3,801,2,4411,1,20
2644,327,3,802,6,4417,1,60
2645,327,3,803,7,4424,1,70
2646,327,3,804,9,4433,1,90
2647,327,3,805,7,4440,418,70
2648,327,3,806,4,4444,1,40
2649,327,3,807,9,4453,1,90
2650,327,3,808,3,4456,1,30
2651,327,3,809,6,4462,367,60
2652,327,3,810,3,4465,1,30
2653,327,3,811,2,4467,1,20
2654,327,3,812,4,4471,1,40
2655,327,3,813,5,4476,1,50
2656,327,3,814,5,4481,1,50
2657,327,3,815,4,4485,1,40
2658,327,3,816,8,4493,1,80
2659,327,3,817,5,4498,1,50
2660,327,3,818,2,4500,1,20
2661,327,3,819,4,4504,1,40
2662,327,3,820,8,4512,1,80
2663,327,3,821,2,4514,1,20
2664,327,3,822,5,4519,1,50
2665,327,3,823,6,4525,1,60
2666,327,3,824,6,4531,1,60
2667,327,3,825,8,4539,1,80
2668,327,3,826,4,4543,1,40
2669,327,3,827,7,4550,1,70
2670,327,3,828,2,4552,1,20
2671,327,3,829,2,4554,1,20
2672,327,3,830,2,4556,1,20
2673,327,3,831,5,4561,1,50
2674,327,3,832,5,4566,1,50
2675,327,3,833,6,4572,1,60
2676,327,3,834,2,4574,1,20
2677,327,3,835,8,4582,1,80
2678,327,3,836,3,4585,1,30
2679,327,3,837,8,4593,1,80
2680,327,3,838,7,4600,1,70
2681,327,3,839,5,4605,1,50
2682,327,3,840,2,4607,1,20
2683,327,3,841,7,4614,1,70
2684,327,3,842,7,4621,593,70
2685,327,3,843,4,4625,1,40
2686,327,3,844,9,4634,1,90
2687,327,3,845,2,4636,1,20
2688,327,3,846,8,4644,1,80
2689,327,3,847,6,4650,1,60
2690,327,3,848,7,4657,1,70
2691,327,3,849,8,4665,1,80
2692,327,3,850,5,4670,596,50
2693,327,3,851,6,4676,1,60
2694,327,3,852,5,4681,1,50
2695,327,3,853,7,4688,1,70
2696,327,3,854,3,4691,535,30
2697,327,3,855,8,4699,1,80
2698,327,3,856,4,4703,1,40
2699,327,3,857,4,4707,1,40
2700,327,3,858,2,4709,1,20
2701,327,3,859,3,4712,1,30
2702,327,3,860,9,4721,1,90
2703,327,3,861,8,4729,1,80
2704,327,3,862,8,4737,486,80
2705,327,3,863,8,4745,1,80
2706,327,3,864,2,4747,1,20
2707,327,3,865,7,4754,1,70
2708,327,3,866,5,4759,1,50
2709,327,3,867,2,4761,1,20
2710,327,3,868,2,4763,1,20
2711,327,3,869,5,4768,1,50
2712,327,3,870,6,4774,1,60
2713,327,3,871,6,4780,1,60
2714,327,3,872,2,4782,1,20
2715,327,3,873,6,4788,1,60
2716,327,3,874,8,4796,1,80
2717,327,3,875,4,4800,1,40
2718,327,3,876,9,4809,1,90
2719,327,3,877,6,4815,1,60
2720,327,3,878,8,4823,1,80
2721,327,3,879,6,4829,1,60
2722,327,3,880,9,4838,1,90
2723,327,3,881,4,4842,1,40
2724,327,3,882,9,4851,1,90
2725,327,3,883,3,4854,1,30
2726,327,3,884,3,4857,621,30
2727,327,3,885,6,4863,1,60
2728,327,3,886,9,4872,1,90
2729,327,3,887,6,4878,1,60
2730,327,3,888,9,4887,1,90
2731,327,3,889,6,4893,1,60
2732,327,3,890,5,4898,1,50
2733,327,3,891,7,4905,1,70
2734,327,3,892,4,4909,1,40
2735,327,3,893,9,4918,1,90
2736,327,3,894,6,4924,1,60
2737,327,3,895,2,4926,1,20
2738,327,3,896,8,4934,1,80
2739,327,3,897,6,4940,1,60
2740,327,3,898,7,4947,1,70
2741,327,3,899,2,4949,1,20
2742,327,3,900,2,4951,702,20
2743,327,3,901,6,4957,1,60
2744,327,3,902,6,4963,1,60
2745,327,3,903,5,4968,1,50
2746,327,3,904,7,4975,1,70
2747,327,3,905,3,4978,1,30
2748,327,3,906,4,4982,1,40
2749,327,3,907,3,4985,1,30
2750,327,3,908,6,4991,1,60
