,Scenario,Trial,Inspection,Interval,Time,Accumulation,Defects,Rate
0,47,1,1,8,8,80,34,80
1,47,1,2,4,12,86,37,40
2,47,1,3,6,18,104,45,60
3,47,1,4,2,20,74,27,20
4,47,1,5,3,23,79,27,30
5,47,1,6,2,25,78,37,20
6,47,1,7,8,33,119,48,80
7,47,1,8,9,42,150,66,90
8,47,1,9,5,47,135,65,50
9,47,1,10,4,51,107,56,40
10,47,1,11,7,58,119,119,70
11,47,1,12,2,60,20,13,20
12,47,1,13,3,63,30,8,30
13,47,1,14,8,71,102,57,80
14,47,1,15,6,77,95,43,60
15,47,1,16,9,86,153,79,90
16,47,1,17,3,89,106,48,30
17,47,1,18,7,96,135,67,70
18,47,1,19,8,104,147,75,80
19,47,1,20,6,110,130,55,60
20,47,1,21,6,116,138,52,60
21,47,1,22,8,124,163,74,80
22,47,1,23,8,132,156,64,80
23,47,1,24,4,136,131,68,40
24,47,1,25,9,145,176,72,90
25,47,1,26,4,149,142,71,40
26,47,1,27,4,153,107,59,40
27,47,1,28,7,160,119,58,70
28,47,1,29,8,168,145,71,80
29,47,1,30,5,173,123,59,50
30,47,1,31,3,176,93,93,30
31,47,1,32,2,178,12,12,20
32,47,1,33,5,183,40,11,50
33,47,1,34,9,192,141,54,90
34,47,1,35,8,200,161,65,80
35,47,1,36,3,203,135,65,30
36,47,1,37,3,206,107,107,30
37,47,1,38,3,209,30,17,30
38,47,1,39,7,216,94,49,70
39,47,1,40,4,220,84,39,40
40,47,1,41,8,228,125,52,80
41,47,1,42,4,232,126,62,40
42,47,1,43,6,238,129,71,60
43,47,1,44,3,241,98,45,30
44,47,1,45,6,247,109,48,60
45,47,1,46,9,256,143,62,90
46,47,1,47,4,260,121,49,40
47,47,1,48,4,264,111,42,40
48,47,1,49,3,267,98,37,30
49,47,1,50,6,273,131,59,60
50,47,1,51,4,277,116,46,40
51,47,1,52,5,282,121,55,50
52,47,1,53,9,291,178,88,90
53,47,1,54,8,299,176,81,80
54,47,1,55,8,307,171,78,80
55,47,1,56,3,310,130,71,30
56,47,1,57,6,316,118,50,60
57,47,1,58,3,319,95,40,30
58,47,1,59,6,325,124,58,60
59,47,1,60,5,330,122,55,50
60,47,1,61,5,335,121,58,50
61,47,1,62,5,340,110,48,50
62,47,1,63,2,342,78,78,20
63,47,1,64,5,347,31,13,50
64,47,1,65,9,356,104,49,90
65,47,1,66,5,361,111,42,50
66,47,1,67,7,368,146,77,70
67,47,1,68,2,370,89,46,20
68,47,1,69,6,376,97,49,60
69,47,1,70,2,378,69,34,20
70,47,1,71,7,385,112,112,70
71,47,1,72,4,389,40,20,40
72,47,1,73,6,395,84,35,60
73,47,1,74,4,399,92,39,40
74,47,1,75,6,405,121,46,60
75,47,1,76,7,412,142,69,70
76,47,1,77,9,421,165,67,90
77,47,1,78,8,429,175,80,80
78,47,1,79,7,436,156,156,70
79,47,1,80,8,444,83,83,80
80,47,1,81,3,447,32,12,30
81,47,1,82,4,451,60,29,40
82,47,1,83,5,456,88,41,50
83,47,1,84,9,465,146,146,90
84,47,1,85,9,474,85,38,90
85,47,1,86,7,481,111,44,70
86,47,1,87,9,490,145,64,90
87,47,1,88,2,492,106,106,20
88,47,1,89,3,495,25,25,30
89,47,1,90,8,503,65,33,80
90,47,1,91,4,507,66,25,40
91,47,1,92,7,514,103,48,70
92,47,1,93,2,516,79,43,20
93,47,1,94,3,519,71,28,30
94,47,1,95,8,527,112,112,80
95,47,1,96,2,529,17,8,20
96,47,1,97,8,537,99,49,80
97,47,1,98,3,540,80,36,30
98,47,1,99,3,543,70,32,30
99,47,1,100,6,549,95,48,60
100,47,1,101,6,555,104,38,60
101,47,1,102,7,562,130,52,70
102,47,1,103,8,570,172,61,80
103,47,1,104,6,576,167,86,60
104,47,1,105,3,579,108,47,30
105,47,1,106,8,587,132,58,80
106,47,1,107,6,593,142,67,60
107,47,1,108,6,599,136,57,60
108,47,1,109,4,603,118,51,40
109,47,1,110,3,606,98,45,30
110,47,1,111,3,609,87,43,30
111,47,1,112,6,615,103,39,60
112,47,1,113,6,621,120,58,60
113,47,1,114,7,628,127,53,70
114,47,1,115,2,630,91,44,20
115,47,1,116,7,637,119,119,70
116,47,1,117,3,640,31,31,30
117,47,1,118,4,644,36,16,40
118,47,1,119,8,652,110,45,80
119,47,1,120,2,654,86,39,20
120,47,1,121,4,658,79,30,40
121,47,1,122,9,667,133,53,90
122,47,1,123,3,670,106,54,30
123,47,1,124,2,672,76,33,20
124,47,1,125,8,680,124,65,80
125,47,1,126,8,688,135,135,80
126,47,1,127,3,691,26,8,30
127,47,1,128,3,694,49,49,30
128,47,1,129,6,700,52,21,60
129,47,1,130,8,708,106,48,80
130,47,1,131,8,716,144,73,80
131,47,1,132,6,722,132,56,60
132,47,1,133,4,726,116,116,40
133,47,1,134,2,728,20,12,20
134,47,1,135,6,734,74,33,60
135,47,1,136,5,739,94,37,50
136,47,1,137,7,746,130,53,70
137,47,1,138,9,755,159,159,90
138,47,1,139,8,763,76,39,80
139,47,1,140,4,767,71,34,40
140,47,1,141,8,775,115,59,80
141,47,1,142,3,778,91,91,30
142,47,1,143,4,782,43,20,40
143,47,1,144,2,784,36,16,20
144,47,1,145,2,786,48,48,20
145,47,1,146,8,794,79,79,80
146,47,1,147,8,802,83,38,80
147,47,1,148,4,806,87,87,40
148,47,1,149,9,815,90,37,90
149,47,1,150,6,821,110,55,60
150,47,1,151,2,823,78,32,20
151,47,1,152,7,830,101,50,70
152,47,1,153,8,838,130,54,80
153,47,1,154,4,842,117,53,40
154,47,1,155,5,847,126,57,50
155,47,1,156,4,851,117,61,40
156,47,1,157,4,855,100,42,40
157,47,1,158,9,864,170,75,90
158,47,1,159,9,873,183,76,90
159,47,1,160,3,876,145,62,30
160,47,1,161,3,879,114,49,30
161,47,1,162,8,887,134,134,80
162,47,1,163,2,889,22,14,20
163,47,1,164,5,894,59,59,50
164,47,1,165,9,903,87,34,90
165,47,1,166,4,907,94,43,40
166,47,1,167,5,912,95,95,50
167,47,1,168,2,914,16,8,20
168,47,1,169,3,917,40,16,30
169,47,1,170,3,920,59,28,30
170,47,1,171,5,925,72,27,50
171,47,1,172,2,927,66,27,20
172,47,1,173,9,936,118,54,90
173,47,1,174,2,938,77,39,20
174,47,1,175,8,946,126,52,80
175,47,1,176,8,954,150,82,80
176,47,1,177,9,963,147,68,90
177,47,1,178,7,970,153,58,70
178,47,1,179,6,976,159,75,60
179,47,1,180,6,982,149,61,60
180,47,1,181,3,985,125,48,30
181,47,1,182,7,992,147,67,70
182,47,1,183,8,1000,166,91,80
183,47,1,184,3,1003,106,50,30
184,47,1,185,3,1006,91,39,30
185,47,1,186,9,1015,163,79,90
186,47,1,187,2,1017,102,40,20
187,47,1,188,7,1024,132,132,70
188,47,1,189,2,1026,32,13,20
189,47,1,190,8,1034,93,93,80
190,47,1,191,2,1036,25,12,20
191,47,1,192,6,1042,85,30,60
192,47,1,193,9,1051,155,64,90
193,47,1,194,5,1056,134,74,50
194,47,1,195,8,1064,152,75,80
195,47,1,196,9,1073,158,65,90
196,47,1,197,6,1079,149,71,60
197,47,1,198,8,1087,168,85,80
198,47,1,199,8,1095,175,175,80
199,47,1,200,5,1100,52,21,50
200,47,1,201,5,1105,83,38,50
201,47,1,202,9,1114,124,47,90
202,47,1,203,6,1120,145,68,60
203,47,1,204,9,1129,175,73,90
204,47,1,205,6,1135,155,155,60
205,47,1,206,2,1137,17,8,20
206,47,1,207,2,1139,28,10,20
207,47,1,208,3,1142,58,58,30
208,47,1,209,5,1147,50,50,50
209,47,1,210,5,1152,44,20,50
210,47,1,211,9,1161,138,138,90
211,47,1,212,7,1168,65,30,70
212,47,1,213,3,1171,67,30,30
213,47,1,214,2,1173,58,23,20
214,47,1,215,3,1176,71,34,30
215,47,1,216,7,1183,113,55,70
216,47,1,217,9,1192,144,144,90
217,47,1,218,8,1200,73,73,80
218,47,1,219,9,1209,100,49,90
219,47,1,220,6,1215,114,49,60
220,47,1,221,8,1223,137,137,80
221,47,1,222,9,1232,94,44,90
222,47,1,223,6,1238,104,50,60
223,47,1,224,7,1245,130,47,70
224,47,1,225,5,1250,140,61,50
225,47,1,226,7,1257,142,142,70
226,47,1,227,2,1259,18,10,20
227,47,1,228,4,1263,44,11,40
228,47,1,229,6,1269,89,43,60
229,47,1,230,8,1277,124,49,80
230,47,1,231,8,1285,163,74,80
231,47,1,232,7,1292,154,71,70
232,47,1,233,7,1299,157,72,70
233,47,1,234,6,1305,153,74,60
234,47,1,235,7,1312,156,67,70
235,47,1,236,4,1316,131,60,40
236,47,1,237,3,1319,98,36,30
237,47,1,238,9,1328,155,57,90
238,47,1,239,7,1335,172,69,70
239,47,1,240,5,1340,135,63,50
240,47,1,241,7,1347,151,151,70
241,47,1,242,3,1350,25,25,30
242,47,1,243,8,1358,62,31,80
243,47,1,244,2,1360,52,23,20
244,47,1,245,7,1367,106,44,70
245,47,1,246,5,1372,116,51,50
246,47,1,247,4,1376,107,40,40
247,47,1,248,2,1378,92,43,20
248,47,1,249,6,1384,101,38,60
249,47,1,250,2,1386,86,38,20
250,47,1,251,3,1389,76,28,30
251,47,1,252,3,1392,86,37,30
252,47,1,253,5,1397,118,52,50
253,47,1,254,3,1400,93,93,30
254,47,1,255,6,1406,53,30,60
255,47,1,256,7,1413,88,35,70
256,47,1,257,7,1420,119,50,70
257,47,1,258,2,1422,83,83,20
258,47,1,259,3,1425,30,11,30
259,47,1,260,7,1432,100,42,70
260,47,1,261,8,1440,149,149,80
261,47,1,262,4,1444,39,20,40
262,47,1,263,9,1453,120,53,90
263,47,1,264,7,1460,127,127,70
264,47,1,265,9,1469,98,39,90
265,47,1,266,2,1471,77,38,20
266,47,1,267,9,1480,138,59,90
267,47,1,268,3,1483,110,44,30
268,47,1,269,5,1488,118,53,50
269,47,1,270,8,1496,134,57,80
270,47,1,271,3,1499,99,50,30
271,47,1,272,2,1501,68,32,20
272,47,1,273,6,1507,86,86,60
273,47,1,274,7,1514,71,71,70
274,47,1,275,7,1521,70,33,70
275,47,1,276,2,1523,55,23,20
276,47,1,277,2,1525,49,25,20
277,47,1,278,7,1532,88,43,70
278,47,1,279,3,1535,85,40,30
279,47,1,280,4,1539,83,38,40
280,47,1,281,8,1547,136,59,80
281,47,1,282,2,1549,99,99,20
282,47,1,283,5,1554,47,22,50
283,47,1,284,5,1559,63,24,50
284,47,1,285,3,1562,79,79,30
285,47,1,286,7,1569,85,41,70
286,47,1,287,9,1578,140,65,90
287,47,1,288,8,1586,152,66,80
288,47,1,289,2,1588,97,97,20
289,47,1,290,7,1595,72,26,70
290,47,1,291,8,1603,126,59,80
291,47,1,292,2,1605,86,86,20
292,47,1,293,7,1612,73,31,70
293,47,1,294,6,1618,105,54,60
294,47,1,295,4,1622,88,44,40
295,47,1,296,7,1629,114,52,70
296,47,1,297,9,1638,160,160,90
297,47,1,298,2,1640,26,8,20
298,47,1,299,8,1648,106,51,80
299,47,1,300,5,1653,97,97,50
300,47,1,301,6,1659,67,29,60
301,47,1,302,3,1662,73,38,30
302,47,1,303,4,1666,75,34,40
303,47,1,304,7,1673,105,50,70
304,47,1,305,5,1678,102,44,50
305,47,1,306,3,1681,95,42,30
306,47,1,307,2,1683,69,38,20
307,47,1,308,3,1686,61,27,30
308,47,1,309,9,1695,131,56,90
309,47,1,310,2,1697,85,43,20
310,47,1,311,5,1702,85,36,50
311,47,1,312,9,1711,143,58,90
312,47,1,313,3,1714,113,52,30
313,47,1,314,7,1721,135,63,70
314,47,1,315,3,1724,110,49,30
315,47,1,316,9,1733,165,79,90
316,47,1,317,4,1737,130,55,40
317,47,1,318,4,1741,119,49,40
318,47,1,319,8,1749,134,59,80
319,47,1,320,6,1755,148,71,60
320,47,1,321,6,1761,135,56,60
321,47,1,322,9,1770,163,66,90
322,47,1,323,7,1777,164,67,70
323,47,1,324,7,1784,166,166,70
324,47,1,325,8,1792,73,37,80
325,47,1,326,6,1798,88,43,60
326,47,1,327,7,1805,110,58,70
327,47,1,328,9,1814,151,62,90
328,47,1,329,5,1819,133,52,50
329,47,1,330,2,1821,93,35,20
330,47,1,331,2,1823,86,34,20
331,47,1,332,7,1830,130,61,70
332,47,1,333,2,1832,88,40,20
333,47,1,334,3,1835,75,27,30
334,47,1,335,9,1844,144,59,90
335,47,1,336,8,1852,176,80,80
336,47,1,337,7,1859,175,84,70
337,47,1,338,8,1867,168,72,80
338,47,1,339,2,1869,115,43,20
339,47,1,340,2,1871,88,88,20
340,47,1,341,8,1879,77,37,80
341,47,1,342,9,1888,130,56,90
342,47,1,343,6,1894,132,51,60
343,47,1,344,7,1901,163,66,70
344,47,1,345,5,1906,155,60,50
345,47,1,346,6,1912,141,62,60
346,47,1,347,2,1914,104,45,20
347,47,1,348,5,1919,118,68,50
348,47,1,349,3,1922,77,33,30
349,47,1,350,6,1928,113,55,60
350,47,1,351,4,1932,91,46,40
351,47,1,352,3,1935,70,35,30
352,47,1,353,2,1937,49,23,20
353,47,1,354,8,1945,100,46,80
354,47,1,355,2,1947,70,70,20
355,47,1,356,5,1952,39,39,50
356,47,1,357,9,1961,87,38,90
357,47,1,358,2,1963,70,34,20
358,47,1,359,7,1970,110,63,70
359,47,1,360,7,1977,132,63,70
360,47,1,361,9,1986,140,54,90
361,47,1,362,2,1988,117,56,20
362,47,1,363,2,1990,89,37,20
363,47,1,364,8,1998,155,86,80
364,47,1,365,9,2007,156,53,90
365,47,1,366,3,2010,143,58,30
366,47,1,367,8,2018,169,76,80
367,47,1,368,7,2025,159,74,70
368,47,1,369,4,2029,128,56,40
369,47,1,370,6,2035,138,64,60
370,47,1,371,2,2037,94,37,20
371,47,1,372,5,2042,103,49,50
372,47,1,373,8,2050,130,60,80
373,47,1,374,6,2056,127,58,60
374,47,1,375,4,2060,107,44,40
375,47,1,376,9,2069,159,71,90
376,47,1,377,4,2073,129,51,40
377,47,1,378,6,2079,133,56,60
378,47,1,379,7,2086,142,142,70
379,47,1,380,5,2091,38,14,50
380,47,1,381,9,2100,118,47,90
381,47,1,382,3,2103,95,43,30
382,47,1,383,8,2111,138,52,80
383,47,1,384,8,2119,154,71,80
384,47,1,385,4,2123,131,52,40
385,47,1,386,2,2125,95,95,20
386,47,1,387,3,2128,33,15,30
387,47,1,388,9,2137,99,40,90
388,47,1,389,3,2140,93,42,30
389,47,1,390,8,2148,123,54,80
390,47,1,391,7,2155,141,73,70
391,47,1,392,3,2158,105,47,30
392,47,1,393,8,2166,157,56,80
393,47,1,394,5,2171,150,150,50
394,47,1,395,2,2173,13,6,20
395,47,1,396,3,2176,26,18,30
396,47,1,397,8,2184,77,31,80
397,47,1,398,6,2190,100,44,60
398,47,1,399,3,2193,85,41,30
399,47,1,400,2,2195,64,31,20
400,47,1,401,5,2200,95,41,50
401,47,1,402,2,2202,79,35,20
402,47,1,403,2,2204,66,32,20
403,47,1,404,5,2209,72,72,50
404,47,1,405,4,2213,47,22,40
405,47,1,406,4,2217,57,57,40
406,47,1,407,8,2225,75,38,80
407,47,1,408,9,2234,132,68,90
408,47,1,409,5,2239,102,50,50
409,47,1,410,9,2248,134,65,90
410,47,1,411,8,2256,149,149,80
411,47,1,412,4,2260,38,18,40
412,47,1,413,9,2269,113,43,90
413,47,1,414,3,2272,97,46,30
414,47,1,415,6,2278,105,47,60
415,47,1,416,4,2282,100,100,40
416,47,1,417,9,2291,93,46,90
417,47,1,418,2,2293,63,30,20
418,47,1,419,4,2297,68,40,40
419,47,1,420,7,2304,89,39,70
420,47,1,421,7,2311,120,48,70
421,47,1,422,7,2318,139,64,70
422,47,1,423,7,2325,136,65,70
423,47,1,424,7,2332,139,71,70
424,47,1,425,9,2341,172,76,90
425,47,1,426,7,2348,171,78,70
426,47,1,427,4,2352,129,129,40
427,47,1,428,6,2358,63,35,60
428,47,1,429,6,2364,92,44,60
429,47,1,430,3,2367,84,34,30
430,47,1,431,2,2369,63,26,20
431,47,1,432,9,2378,135,60,90
432,47,1,433,3,2381,105,58,30
433,47,1,434,8,2389,142,79,80
434,47,1,435,5,2394,113,50,50
435,47,1,436,8,2402,136,57,80
436,47,1,437,5,2407,120,55,50
437,47,1,438,8,2415,153,67,80
438,47,1,439,3,2418,111,47,30
439,47,1,440,7,2425,130,62,70
440,47,1,441,5,2430,122,122,50
441,47,1,442,6,2436,53,24,60
442,47,1,443,3,2439,71,24,30
443,47,1,444,4,2443,88,33,40
444,47,1,445,9,2452,144,144,90
445,47,1,446,6,2458,65,35,60
446,47,1,447,3,2461,67,35,30
447,47,1,448,9,2470,128,55,90
448,47,1,449,2,2472,93,41,20
449,47,1,450,2,2474,79,79,20
450,47,1,451,5,2479,52,32,50
451,47,1,452,3,2482,48,48,30
452,47,1,453,5,2487,54,19,50
453,47,1,454,3,2490,66,38,30
454,47,1,455,2,2492,51,25,20
455,47,1,456,6,2498,80,36,60
456,47,1,457,2,2500,62,30,20
457,47,1,458,4,2504,65,30,40
458,47,1,459,4,2508,62,62,40
459,47,1,460,9,2517,85,85,90
460,47,1,461,6,2523,57,22,60
461,47,1,462,4,2527,83,35,40
462,47,1,463,8,2535,138,70,80
463,47,1,464,7,2542,149,69,70
464,47,1,465,4,2546,120,51,40
465,47,1,466,3,2549,88,45,30
466,47,1,467,3,2552,71,38,30
467,47,1,468,7,2559,101,46,70
468,47,1,469,9,2568,148,69,90
469,47,1,470,9,2577,166,69,90
470,47,1,471,9,2586,185,90,90
471,47,1,472,5,2591,143,70,50
472,47,1,473,6,2597,129,68,60
473,47,1,474,5,2602,119,50,50
474,47,1,475,9,2611,160,87,90
475,47,1,476,6,2617,153,67,60
476,47,1,477,6,2623,154,66,60
477,47,1,478,8,2631,163,73,80
478,47,1,479,3,2634,122,122,30
479,47,1,480,2,2636,14,2,20
480,47,1,481,7,2643,80,38,70
481,47,1,482,3,2646,68,26,30
482,47,1,483,5,2651,88,35,50
483,47,1,484,6,2657,101,35,60
484,47,1,485,7,2664,141,63,70
485,47,1,486,8,2672,159,71,80
486,47,1,487,4,2676,135,65,40
487,47,1,488,8,2684,149,62,80
488,47,1,489,4,2688,126,53,40
489,47,1,490,7,2695,130,59,70
490,47,1,491,4,2699,110,50,40
491,47,1,492,6,2705,146,146,60
492,47,1,493,6,2711,65,35,60
493,47,1,494,6,2717,93,29,60
494,47,1,495,8,2725,132,66,80
495,47,1,496,9,2734,149,66,90
496,47,1,497,9,2743,170,84,90
497,47,1,498,2,2745,109,54,20
498,47,1,499,5,2750,109,109,50
499,47,1,500,7,2757,78,78,70
500,47,1,501,4,2761,57,26,40
501,47,1,502,7,2768,98,49,70
502,47,1,503,5,2773,98,43,50
503,47,1,504,2,2775,81,81,20
504,47,1,505,7,2782,70,31,70
505,47,1,506,8,2790,112,43,80
506,47,1,507,7,2797,157,69,70
507,47,1,508,7,2804,146,73,70
508,47,1,509,6,2810,148,148,60
509,47,1,510,9,2819,67,30,90
510,47,1,511,6,2825,94,46,60
511,47,1,512,6,2831,109,48,60
512,47,1,513,8,2839,156,80,80
513,47,1,514,7,2846,138,57,70
514,47,1,515,7,2853,161,65,70
515,47,1,516,2,2855,115,48,20
516,47,1,517,9,2864,167,72,90
517,47,1,518,4,2868,143,70,40
518,47,1,519,8,2876,149,62,80
519,47,1,520,4,2880,127,56,40
520,47,1,521,2,2882,87,40,20
521,47,1,522,7,2889,119,43,70
522,47,1,523,3,2892,104,51,30
523,47,1,524,7,2899,126,61,70
524,47,1,525,9,2908,148,56,90
525,47,1,526,8,2916,165,74,80
526,47,1,527,7,2923,158,74,70
527,47,1,528,9,2932,184,184,90
528,47,1,529,5,2937,52,52,50
529,47,1,530,3,2940,26,13,30
530,47,1,531,7,2947,94,94,70
531,47,1,532,7,2954,53,53,70
532,47,1,533,8,2962,88,36,80
533,47,1,534,4,2966,89,35,40
534,47,1,535,7,2973,121,61,70
535,47,1,536,6,2979,116,116,60
536,47,1,537,5,2984,56,56,50
537,47,1,538,6,2990,66,34,60
538,47,1,539,7,2997,97,97,70
539,47,1,540,4,3001,39,16,40
540,47,1,541,6,3007,74,74,60
541,47,1,542,4,3011,43,21,40
542,47,1,543,2,3013,40,16,20
543,47,1,544,4,3017,63,31,40
544,47,1,545,6,3023,91,47,60
545,47,1,546,3,3026,74,37,30
546,47,1,547,9,3035,132,62,90
547,47,1,548,6,3041,138,71,60
548,47,1,549,6,3047,137,55,60
549,47,1,550,8,3055,163,76,80
550,47,1,551,3,3058,116,116,30
551,47,1,552,6,3064,58,17,60
552,47,1,553,4,3068,88,88,40
553,47,1,554,2,3070,20,8,20
554,47,1,555,8,3078,83,38,80
555,47,1,556,5,3083,102,41,50
556,47,1,557,4,3087,91,32,40
557,47,1,558,2,3089,76,32,20
558,47,1,559,5,3094,97,50,50
559,47,1,560,2,3096,66,66,20
560,47,1,561,6,3102,57,22,60
561,47,1,562,8,3110,112,47,80
562,47,1,563,6,3116,134,54,60
563,47,1,564,8,3124,169,169,80
564,47,1,565,3,3127,30,17,30
565,47,1,566,3,3130,48,24,30
566,47,1,567,3,3133,47,24,30
567,47,1,568,8,3141,104,50,80
568,47,1,569,8,3149,120,48,80
569,47,1,570,3,3152,104,46,30
570,47,1,571,7,3159,139,58,70
571,47,1,572,6,3165,153,79,60
572,47,1,573,7,3172,141,58,70
573,47,1,574,9,3181,166,77,90
574,47,1,575,9,3190,181,86,90
575,47,1,576,7,3197,158,60,70
576,47,1,577,9,3206,169,76,90
577,47,1,578,8,3214,167,75,80
578,47,1,579,8,3222,161,60,80
579,47,1,580,7,3229,186,186,70
580,47,1,581,4,3233,46,24,40
581,47,1,582,7,3240,91,42,70
582,47,1,583,8,3248,131,69,80
583,47,1,584,8,3256,143,66,80
584,47,1,585,4,3260,101,101,40
585,47,1,586,6,3266,55,26,60
586,47,1,587,9,3275,123,44,90
587,47,1,588,7,3282,147,60,70
588,47,1,589,2,3284,106,51,20
589,47,1,590,4,3288,84,41,40
590,47,1,591,5,3293,95,42,50
591,47,1,592,2,3295,76,32,20
592,47,1,593,8,3303,123,50,80
593,47,1,594,6,3309,126,126,60
594,47,1,595,6,3315,59,59,60
595,47,1,596,5,3320,47,19,50
596,47,1,597,8,3328,98,98,80
597,47,1,598,5,3333,44,44,50
598,47,1,599,8,3341,74,38,80
599,47,1,600,6,3347,104,104,60
600,47,1,601,5,3352,47,18,50
601,47,1,602,8,3360,112,112,80
602,47,1,603,7,3367,62,26,70
603,47,1,604,5,3372,88,45,50
604,47,1,605,2,3374,62,29,20
605,47,1,606,3,3377,64,34,30
606,47,1,607,5,3382,80,43,50
607,47,1,608,5,3387,95,38,50
608,47,1,609,3,3390,94,40,30
609,47,1,610,6,3396,105,44,60
610,47,1,611,6,3402,131,58,60
611,47,1,612,9,3411,162,78,90
612,47,1,613,5,3416,136,57,50
613,47,1,614,5,3421,125,54,50
614,47,1,615,6,3427,116,52,60
615,47,1,616,2,3429,85,40,20
616,47,1,617,4,3433,85,42,40
617,47,1,618,8,3441,122,57,80
618,47,1,619,3,3444,87,39,30
619,47,1,620,5,3449,109,48,50
620,47,1,621,4,3453,120,59,40
621,47,1,622,4,3457,108,54,40
622,47,1,623,9,3466,144,70,90
623,47,1,624,7,3473,145,64,70
624,47,1,625,5,3478,122,46,50
625,47,1,626,4,3482,119,50,40
626,47,1,627,5,3487,120,53,50
627,47,1,628,8,3495,139,62,80
628,47,1,629,6,3501,137,54,60
629,47,1,630,8,3509,170,75,80
630,47,1,631,9,3518,187,82,90
631,47,1,632,7,3525,182,89,70
632,47,1,633,6,3531,169,80,60
633,47,1,634,7,3538,162,70,70
634,47,1,635,4,3542,135,67,40
635,47,1,636,2,3544,90,40,20
636,47,1,637,6,3550,113,50,60
637,47,1,638,3,3553,94,42,30
638,47,1,639,3,3556,85,34,30
639,47,1,640,9,3565,142,56,90
640,47,1,641,4,3569,125,47,40
641,47,1,642,9,3578,176,71,90
642,47,1,643,7,3585,169,78,70
643,47,1,644,2,3587,103,51,20
644,47,1,645,7,3594,116,58,70
645,47,1,646,6,3600,121,121,60
646,47,1,647,4,3604,29,13,40
647,47,1,648,2,3606,35,17,20
648,47,1,649,7,3613,101,57,70
649,47,1,650,2,3615,71,32,20
650,47,1,651,2,3617,53,18,20
651,47,1,652,7,3624,105,51,70
652,47,1,653,9,3633,135,64,90
653,47,1,654,2,3635,94,39,20
654,47,1,655,3,3638,89,36,30
655,47,1,656,7,3645,134,61,70
656,47,1,657,9,3654,163,71,90
657,47,1,658,2,3656,109,109,20
658,47,1,659,5,3661,50,22,50
659,47,1,660,2,3663,58,21,20
660,47,1,661,2,3665,54,20,20
661,47,1,662,7,3672,107,50,70
662,47,1,663,7,3679,125,56,70
663,47,1,664,8,3687,150,71,80
664,47,1,665,4,3691,113,113,40
665,47,1,666,2,3693,27,14,20
666,47,1,667,9,3702,108,56,90
667,47,1,668,8,3710,123,123,80
668,47,1,669,5,3715,49,49,50
669,47,1,670,8,3723,59,22,80
670,47,1,671,5,3728,75,28,50
671,47,1,672,3,3731,76,76,30
672,47,1,673,2,3733,26,11,20
673,47,1,674,5,3738,54,23,50
674,47,1,675,2,3740,51,24,20
675,47,1,676,5,3745,70,38,50
676,47,1,677,2,3747,56,21,20
677,47,1,678,3,3750,55,24,30
678,47,1,679,4,3754,74,34,40
679,47,1,680,7,3761,116,52,70
680,47,1,681,9,3770,136,63,90
681,47,1,682,7,3777,145,64,70
682,47,1,683,7,3784,149,72,70
683,47,1,684,6,3790,143,53,60
684,47,1,685,7,3797,152,67,70
685,47,1,686,3,3800,113,113,30
686,47,1,687,6,3806,51,19,60
687,47,1,688,5,3811,64,26,50
688,47,1,689,2,3813,62,26,20
689,47,1,690,5,3818,85,40,50
690,47,1,691,3,3821,73,33,30
691,47,1,692,5,3826,89,50,50
692,47,1,693,4,3830,81,40,40
693,47,1,694,4,3834,83,33,40
694,47,1,695,9,3843,151,77,90
695,47,1,696,7,3850,131,58,70
696,47,1,697,6,3856,132,69,60
697,47,1,698,3,3859,89,38,30
698,47,1,699,5,3864,98,46,50
699,47,1,700,8,3872,129,58,80
700,47,1,701,4,3876,107,107,40
701,47,1,702,4,3880,32,11,40
702,47,1,703,3,3883,47,18,30
703,47,1,704,4,3887,69,34,40
704,47,1,705,5,3892,94,48,50
705,47,1,706,4,3896,89,38,40
706,47,1,707,7,3903,109,53,70
707,47,1,708,9,3912,136,61,90
708,47,1,709,9,3921,172,75,90
709,47,1,710,3,3924,119,63,30
710,47,1,711,3,3927,88,40,30
711,47,1,712,8,3935,123,67,80
712,47,1,713,4,3939,91,39,40
713,47,1,714,8,3947,131,61,80
714,47,1,715,5,3952,118,61,50
715,47,1,716,4,3956,93,42,40
716,47,1,717,7,3963,113,45,70
717,47,1,718,4,3967,114,51,40
718,47,1,719,7,3974,125,52,70
719,47,1,720,6,3980,130,63,60
720,47,1,721,4,3984,102,37,40
721,47,1,722,7,3991,145,68,70
722,47,1,723,7,3998,141,62,70
723,47,1,724,7,4005,146,79,70
724,47,1,725,6,4011,115,52,60
725,47,1,726,5,4016,120,58,50
726,47,1,727,4,4020,98,39,40
727,47,1,728,9,4029,141,65,90
728,47,1,729,7,4036,139,139,70
729,47,1,730,4,4040,35,15,40
730,47,1,731,6,4046,84,36,60
731,47,1,732,2,4048,73,38,20
732,47,1,733,5,4053,96,96,50
733,47,1,734,8,4061,82,33,80
734,47,1,735,6,4067,119,119,60
735,47,1,736,2,4069,17,9,20
736,47,1,737,9,4078,91,46,90
737,47,1,738,2,4080,71,30,20
738,47,1,739,9,4089,131,66,90
739,47,1,740,3,4092,94,43,30
740,47,1,741,5,4097,92,51,50
741,47,1,742,6,4103,96,49,60
742,47,1,743,9,4112,128,56,90
743,47,1,744,7,4119,143,70,70
744,47,1,745,6,4125,137,62,60
745,47,1,746,6,4131,132,53,60
746,47,1,747,2,4133,93,42,20
747,47,1,748,4,4137,95,95,40
748,47,1,749,3,4140,34,12,30
749,47,1,750,5,4145,82,35,50
750,47,1,751,2,4147,72,72,20
751,47,1,752,5,4152,52,28,50
752,47,1,753,7,4159,84,28,70
753,47,1,754,7,4166,125,52,70
754,47,1,755,5,4171,120,57,50
755,47,1,756,6,4177,121,59,60
756,47,1,757,4,4181,112,46,40
757,47,1,758,6,4187,120,120,60
758,47,1,759,3,4190,26,12,30
759,47,1,760,9,4199,107,49,90
760,47,1,761,9,4208,151,69,90
761,47,1,762,3,4211,117,51,30
762,47,1,763,8,4219,136,63,80
763,47,1,764,8,4227,138,69,80
764,47,1,765,2,4229,90,90,20
765,47,1,766,4,4233,49,16,40
766,47,1,767,4,4237,74,33,40
767,47,1,768,9,4246,144,62,90
768,47,1,769,5,4251,135,66,50
769,47,1,770,5,4256,120,56,50
770,47,1,771,3,4259,90,46,30
771,47,1,772,7,4266,122,49,70
772,47,1,773,4,4270,115,56,40
773,47,1,774,4,4274,109,48,40
774,47,1,775,4,4278,98,46,40
775,47,1,776,8,4286,152,67,80
776,47,1,777,8,4294,169,66,80
777,47,1,778,6,4300,167,88,60
778,47,1,779,4,4304,123,63,40
779,47,1,780,2,4306,82,35,20
780,47,1,781,2,4308,65,23,20
781,47,1,782,9,4317,137,52,90
782,47,1,783,3,4320,115,54,30
783,47,1,784,4,4324,106,46,40
784,47,1,785,3,4327,89,37,30
785,47,1,786,9,4336,150,71,90
786,47,1,787,8,4344,175,84,80
787,47,1,788,8,4352,180,84,80
788,47,1,789,9,4361,192,73,90
789,47,1,790,4,4365,161,76,40
790,47,1,791,5,4370,133,49,50
791,47,1,792,3,4373,113,50,30
792,47,1,793,3,4376,91,41,30
793,47,1,794,3,4379,81,37,30
794,47,1,795,8,4387,127,53,80
795,47,1,796,7,4394,153,66,70
796,47,1,797,4,4398,130,62,40
797,47,1,798,6,4404,136,62,60
798,47,1,799,2,4406,94,43,20
799,47,1,800,2,4408,64,64,20
800,47,1,801,7,4415,63,63,70
801,47,1,802,9,4424,72,72,90
802,47,1,803,8,4432,79,43,80
803,47,1,804,4,4436,81,38,40
804,47,1,805,6,4442,99,99,60
805,47,1,806,4,4446,42,22,40
806,47,1,807,8,4454,94,94,80
807,47,1,808,8,4462,89,89,80
808,47,1,809,9,4471,87,36,90
809,47,1,810,9,4480,133,57,90
810,47,1,811,4,4484,107,57,40
811,47,1,812,3,4487,75,75,30
812,47,1,813,5,4492,51,51,50
813,47,1,814,4,4496,46,46,40
814,47,1,815,6,4502,70,31,60
815,47,1,816,9,4511,130,52,90
816,47,1,817,7,4518,160,84,70
817,47,1,818,4,4522,108,53,40
818,47,1,819,3,4525,78,28,30
819,47,1,820,4,4529,79,30,40
820,47,1,821,2,4531,65,32,20
821,47,1,822,6,4537,89,42,60
822,47,1,823,5,4542,87,46,50
823,47,1,824,9,4551,122,54,90
824,47,1,825,8,4559,149,149,80
825,47,1,826,2,4561,12,5,20
826,47,1,827,5,4566,55,26,50
827,47,1,828,4,4570,76,38,40
828,47,1,829,7,4577,122,122,70
829,47,1,830,5,4582,41,19,50
830,47,1,831,8,4590,88,33,80
831,47,1,832,7,4597,112,46,70
832,47,1,833,5,4602,102,41,50
833,47,1,834,2,4604,81,34,20
834,47,1,835,4,4608,103,48,40
835,47,1,836,7,4615,128,54,70
836,47,1,837,7,4622,138,138,70
837,47,1,838,4,4626,40,15,40
838,47,1,839,2,4628,46,18,20
839,47,1,840,6,4634,80,35,60
840,47,1,841,4,4638,87,37,40
841,47,1,842,7,4645,127,49,70
842,47,1,843,9,4654,155,73,90
843,47,1,844,6,4660,150,66,60
844,47,1,845,4,4664,123,48,40
845,47,1,846,2,4666,95,42,20
846,47,1,847,6,4672,105,49,60
847,47,1,848,9,4681,129,49,90
848,47,1,849,2,4683,98,53,20
849,47,1,850,3,4686,80,80,30
850,47,1,851,4,4690,41,16,40
851,47,1,852,6,4696,95,44,60
852,47,1,853,9,4705,151,81,90
853,47,1,854,3,4708,98,41,30
854,47,1,855,7,4715,122,47,70
855,47,1,856,9,4724,174,84,90
856,47,1,857,6,4730,146,73,60
857,47,1,858,6,4736,129,60,60
858,47,1,859,4,4740,101,45,40
859,47,1,860,3,4743,75,33,30
860,47,1,861,4,4747,78,40,40
861,47,1,862,6,4753,95,51,60
862,47,1,863,3,4756,67,29,30
863,47,1,864,8,4764,112,50,80
864,47,1,865,8,4772,143,60,80
865,47,1,866,7,4779,152,68,70
866,47,1,867,9,4788,179,81,90
867,47,1,868,3,4791,138,51,30
868,47,1,869,9,4800,168,87,90
869,47,1,870,5,4805,132,64,50
870,47,1,871,2,4807,85,85,20
871,47,1,872,7,4814,59,26,70
872,47,1,873,6,4820,93,42,60
873,47,1,874,8,4828,129,56,80
874,47,1,875,6,4834,123,123,60
875,47,1,876,6,4840,46,20,60
876,47,1,877,4,4844,67,28,40
877,47,1,878,2,4846,54,22,20
878,47,1,879,8,4854,115,58,80
879,47,1,880,5,4859,117,63,50
880,47,1,881,5,4864,103,41,50
881,47,1,882,8,4872,144,144,80
882,47,1,883,7,4879,90,44,70
883,47,1,884,5,4884,85,43,50
884,47,1,885,7,4891,101,45,70
885,47,1,886,7,4898,127,52,70
886,47,1,887,7,4905,124,65,70
887,47,1,888,6,4911,111,50,60
888,47,1,889,7,4918,124,124,70
889,47,1,890,9,4927,87,43,90
890,47,1,891,7,4934,120,120,70
891,47,1,892,4,4938,46,46,40
892,47,1,893,6,4944,68,32,60
893,47,1,894,8,4952,114,52,80
894,47,1,895,7,4959,121,54,70
895,47,1,896,9,4968,170,63,90
896,47,1,897,2,4970,133,66,20
897,47,1,898,6,4976,137,71,60
898,47,1,899,4,4980,117,40,40
899,47,1,900,6,4986,140,57,60
900,47,1,901,7,4993,154,73,70
901,47,1,902,3,4996,109,109,30
902,47,2,1,4,4,37,21,40
903,47,2,2,2,6,36,36,20
904,47,2,3,5,11,58,24,50
905,47,2,4,9,20,117,51,90
906,47,2,5,7,27,162,162,70
907,47,2,6,2,29,12,3,20
908,47,2,7,8,37,86,32,80
909,47,2,8,7,44,108,48,70
910,47,2,9,9,53,144,56,90
911,47,2,10,2,55,105,41,20
912,47,2,11,2,57,83,83,20
913,47,2,12,7,64,64,25,70
914,47,2,13,9,73,142,142,90
915,47,2,14,7,80,73,33,70
916,47,2,15,2,82,53,53,20
917,47,2,16,6,88,65,65,60
918,47,2,17,9,97,87,36,90
919,47,2,18,9,106,150,61,90
920,47,2,19,6,112,145,64,60
921,47,2,20,8,120,170,74,80
922,47,2,21,2,122,122,122,20
923,47,2,22,2,124,12,8,20
924,47,2,23,9,133,100,44,90
925,47,2,24,7,140,132,132,70
926,47,2,25,3,143,29,29,30
927,47,2,26,5,148,53,53,50
928,47,2,27,8,156,73,36,80
929,47,2,28,5,161,88,38,50
930,47,2,29,2,163,72,72,20
931,47,2,30,3,166,24,9,30
932,47,2,31,2,168,35,13,20
933,47,2,32,4,172,66,66,40
934,47,2,33,2,174,23,10,20
935,47,2,34,2,176,30,16,20
936,47,2,35,9,185,110,110,90
937,47,2,36,8,193,70,35,80
938,47,2,37,3,196,61,28,30
939,47,2,38,3,199,63,23,30
940,47,2,39,4,203,82,37,40
941,47,2,40,5,208,103,46,50
942,47,2,41,5,213,107,46,50
943,47,2,42,4,217,91,91,40
944,47,2,43,6,223,68,32,60
945,47,2,44,4,227,82,47,40
946,47,2,45,9,236,127,48,90
947,47,2,46,4,240,114,50,40
948,47,2,47,3,243,98,40,30
949,47,2,48,9,252,153,74,90
950,47,2,49,9,261,185,78,90
951,47,2,50,4,265,140,59,40
952,47,2,51,4,269,120,50,40
953,47,2,52,4,273,113,45,40
954,47,2,53,9,282,150,69,90
955,47,2,54,8,290,152,72,80
956,47,2,55,5,295,131,59,50
957,47,2,56,7,302,143,61,70
958,47,2,57,6,308,140,71,60
959,47,2,58,5,313,132,61,50
960,47,2,59,4,317,102,37,40
961,47,2,60,5,322,108,51,50
962,47,2,61,5,327,110,51,50
963,47,2,62,9,336,149,62,90
964,47,2,63,6,342,150,64,60
965,47,2,64,5,347,131,131,50
966,47,2,65,9,356,99,47,90
967,47,2,66,6,362,115,51,60
968,47,2,67,4,366,99,44,40
969,47,2,68,7,373,122,51,70
970,47,2,69,2,375,93,40,20
971,47,2,70,8,383,131,69,80
972,47,2,71,2,385,80,35,20
973,47,2,72,9,394,144,53,90
974,47,2,73,5,399,132,48,50
975,47,2,74,4,403,132,55,40
976,47,2,75,6,409,151,87,60
977,47,2,76,2,411,82,36,20
978,47,2,77,5,416,103,54,50
979,47,2,78,8,424,137,54,80
980,47,2,79,6,430,133,50,60
981,47,2,80,5,435,138,55,50
982,47,2,81,2,437,104,104,20
983,47,2,82,7,444,63,30,70
984,47,2,83,2,446,53,30,20
985,47,2,84,3,449,49,20,30
986,47,2,85,7,456,105,40,70
987,47,2,86,6,462,126,50,60
988,47,2,87,2,464,100,41,20
989,47,2,88,7,471,128,59,70
990,47,2,89,6,477,130,55,60
991,47,2,90,9,486,176,70,90
992,47,2,91,9,495,199,97,90
993,47,2,92,6,501,166,78,60
994,47,2,93,3,504,117,53,30
995,47,2,94,6,510,137,62,60
996,47,2,95,8,518,152,71,80
997,47,2,96,8,526,162,162,80
998,47,2,97,8,534,88,40,80
999,47,2,98,6,540,112,49,60
1000,47,2,99,3,543,87,30,30
1001,47,2,100,8,551,140,72,80
1002,47,2,101,4,555,105,45,40
1003,47,2,102,8,563,140,52,80
1004,47,2,103,7,570,173,69,70
1005,47,2,104,3,573,118,54,30
1006,47,2,105,8,581,134,55,80
1007,47,2,106,8,589,162,74,80
1008,47,2,107,7,596,159,67,70
1009,47,2,108,9,605,182,80,90
1010,47,2,109,3,608,131,63,30
1011,47,2,110,7,615,125,55,70
1012,47,2,111,9,624,153,153,90
1013,47,2,112,4,628,34,13,40
1014,47,2,113,6,634,85,36,60
1015,47,2,114,6,640,106,45,60
1016,47,2,115,8,648,138,66,80
1017,47,2,116,7,655,152,73,70
1018,47,2,117,4,659,107,46,40
1019,47,2,118,8,667,133,60,80
1020,47,2,119,7,674,142,142,70
1021,47,2,120,5,679,54,21,50
1022,47,2,121,3,682,66,27,30
1023,47,2,122,2,684,63,25,20
1024,47,2,123,2,686,65,24,20
1025,47,2,124,2,688,59,27,20
1026,47,2,125,9,697,129,58,90
1027,47,2,126,5,702,123,55,50
1028,47,2,127,2,704,86,35,20
1029,47,2,128,7,711,122,61,70
1030,47,2,129,3,714,92,92,30
1031,47,2,130,3,717,33,15,30
1032,47,2,131,4,721,55,19,40
1033,47,2,132,2,723,60,24,20
1034,47,2,133,8,731,111,53,80
1035,47,2,134,8,739,128,57,80
1036,47,2,135,4,743,118,47,40
1037,47,2,136,4,747,109,52,40
1038,47,2,137,5,752,113,49,50
1039,47,2,138,9,761,157,68,90
1040,47,2,139,5,766,143,56,50
1041,47,2,140,9,775,172,75,90
1042,47,2,141,4,779,140,60,40
1043,47,2,142,4,783,129,61,40
1044,47,2,143,8,791,153,72,80
1045,47,2,144,3,794,111,52,30
1046,47,2,145,5,799,118,53,50
1047,47,2,146,6,805,122,62,60
1048,47,2,147,2,807,82,42,20
1049,47,2,148,6,813,103,44,60
1050,47,2,149,4,817,101,45,40
1051,47,2,150,9,826,141,68,90
1052,47,2,151,7,833,138,59,70
1053,47,2,152,2,835,94,40,20
1054,47,2,153,2,837,79,37,20
1055,47,2,154,2,839,63,26,20
1056,47,2,155,3,842,69,69,30
1057,47,2,156,9,851,106,50,90
1058,47,2,157,3,854,81,49,30
1059,47,2,158,6,860,99,51,60
1060,47,2,159,9,869,137,64,90
1061,47,2,160,5,874,119,49,50
1062,47,2,161,9,883,178,81,90
1063,47,2,162,2,885,118,48,20
1064,47,2,163,2,887,91,40,20
1065,47,2,164,6,893,116,53,60
1066,47,2,165,7,900,138,61,70
1067,47,2,166,6,906,136,56,60
1068,47,2,167,6,912,128,62,60
1069,47,2,168,7,919,129,62,70
1070,47,2,169,4,923,100,44,40
1071,47,2,170,6,929,105,42,60
1072,47,2,171,3,932,92,45,30
1073,47,2,172,6,938,114,46,60
1074,47,2,173,9,947,141,141,90
1075,47,2,174,3,950,30,15,30
1076,47,2,175,4,954,59,27,40
1077,47,2,176,5,959,71,25,50
1078,47,2,177,9,968,138,63,90
1079,47,2,178,3,971,105,46,30
1080,47,2,179,8,979,137,51,80
1081,47,2,180,3,982,104,47,30
1082,47,2,181,4,986,96,96,40
1083,47,2,182,9,995,77,36,90
1084,47,2,183,3,998,69,32,30
1085,47,2,184,3,1001,72,32,30
1086,47,2,185,8,1009,103,49,80
1087,47,2,186,6,1015,106,44,60
1088,47,2,187,8,1023,139,67,80
1089,47,2,188,4,1027,111,55,40
1090,47,2,189,4,1031,96,46,40
1091,47,2,190,8,1039,133,67,80
1092,47,2,191,5,1044,105,51,50
1093,47,2,192,8,1052,132,132,80
1094,47,2,193,5,1057,61,29,50
1095,47,2,194,6,1063,82,39,60
1096,47,2,195,6,1069,113,55,60
1097,47,2,196,3,1072,86,36,30
1098,47,2,197,4,1076,97,38,40
1099,47,2,198,4,1080,96,37,40
1100,47,2,199,6,1086,106,48,60
1101,47,2,200,5,1091,101,50,50
1102,47,2,201,3,1094,75,30,30
1103,47,2,202,5,1099,105,40,50
1104,47,2,203,8,1107,153,63,80
1105,47,2,204,9,1116,187,81,90
1106,47,2,205,2,1118,125,57,20
1107,47,2,206,9,1127,145,59,90
1108,47,2,207,4,1131,117,51,40
1109,47,2,208,8,1139,134,134,80
1110,47,2,209,9,1148,110,59,90
1111,47,2,210,4,1152,93,93,40
1112,47,2,211,9,1161,93,43,90
1113,47,2,212,8,1169,123,53,80
1114,47,2,213,3,1172,100,44,30
1115,47,2,214,9,1181,135,64,90
1116,47,2,215,8,1189,162,74,80
1117,47,2,216,8,1197,161,76,80
1118,47,2,217,6,1203,139,139,60
1119,47,2,218,4,1207,30,30,40
1120,47,2,219,4,1211,45,19,40
1121,47,2,220,6,1217,94,94,60
1122,47,2,221,3,1220,33,15,30
1123,47,2,222,3,1223,57,24,30
1124,47,2,223,3,1226,68,27,30
1125,47,2,224,4,1230,85,85,40
1126,47,2,225,5,1235,43,16,50
1127,47,2,226,2,1237,51,20,20
1128,47,2,227,2,1239,46,46,20
1129,47,2,228,8,1247,85,36,80
1130,47,2,229,7,1254,124,55,70
1131,47,2,230,8,1262,138,70,80
1132,47,2,231,3,1265,97,41,30
1133,47,2,232,6,1271,113,51,60
1134,47,2,233,7,1278,138,56,70
1135,47,2,234,4,1282,132,54,40
1136,47,2,235,6,1288,131,55,60
1137,47,2,236,4,1292,116,41,40
1138,47,2,237,4,1296,112,56,40
1139,47,2,238,3,1299,80,28,30
1140,47,2,239,3,1302,82,33,30
1141,47,2,240,5,1307,107,107,50
1142,47,2,241,9,1316,97,41,90
1143,47,2,242,9,1325,126,55,90
1144,47,2,243,3,1328,101,101,30
1145,47,2,244,2,1330,24,13,20
1146,47,2,245,7,1337,82,38,70
1147,47,2,246,7,1344,113,53,70
1148,47,2,247,8,1352,136,65,80
1149,47,2,248,8,1360,137,61,80
1150,47,2,249,3,1363,105,44,30
1151,47,2,250,2,1365,81,81,20
1152,47,2,251,7,1372,53,53,70
1153,47,2,252,9,1381,100,51,90
1154,47,2,253,6,1387,107,107,60
1155,47,2,254,4,1391,47,28,40
1156,47,2,255,2,1393,32,14,20
1157,47,2,256,4,1397,59,28,40
1158,47,2,257,7,1404,103,39,70
1159,47,2,258,7,1411,140,53,70
1160,47,2,259,9,1420,192,192,90
1161,47,2,260,5,1425,41,16,50
1162,47,2,261,6,1431,94,42,60
1163,47,2,262,5,1436,94,39,50
1164,47,2,263,2,1438,83,39,20
1165,47,2,264,5,1443,83,32,50
1166,47,2,265,5,1448,97,41,50
1167,47,2,266,4,1452,109,47,40
1168,47,2,267,7,1459,123,55,70
1169,47,2,268,7,1466,144,70,70
1170,47,2,269,8,1474,154,68,80
1171,47,2,270,3,1477,112,112,30
1172,47,2,271,4,1481,48,48,40
1173,47,2,272,7,1488,56,27,70
1174,47,2,273,2,1490,48,23,20
1175,47,2,274,2,1492,38,18,20
1176,47,2,275,3,1495,50,28,30
1177,47,2,276,3,1498,50,24,30
1178,47,2,277,2,1500,42,18,20
1179,47,2,278,7,1507,93,41,70
1180,47,2,279,2,1509,68,68,20
1181,47,2,280,3,1512,26,8,30
1182,47,2,281,9,1521,112,40,90
1183,47,2,282,9,1530,183,88,90
1184,47,2,283,7,1537,174,79,70
1185,47,2,284,4,1541,131,62,40
1186,47,2,285,2,1543,90,43,20
1187,47,2,286,9,1552,143,65,90
1188,47,2,287,3,1555,111,52,30
1189,47,2,288,4,1559,98,41,40
1190,47,2,289,4,1563,100,45,40
1191,47,2,290,7,1570,135,56,70
1192,47,2,291,4,1574,118,54,40
1193,47,2,292,6,1580,119,45,60
1194,47,2,293,8,1588,150,61,80
1195,47,2,294,7,1595,155,74,70
1196,47,2,295,8,1603,164,73,80
1197,47,2,296,3,1606,133,133,30
1198,47,2,297,8,1614,82,82,80
1199,47,2,298,7,1621,70,70,70
1200,47,2,299,3,1624,26,26,30
1201,47,2,300,4,1628,40,18,40
1202,47,2,301,3,1631,55,27,30
1203,47,2,302,7,1638,105,50,70
1204,47,2,303,4,1642,94,36,40
1205,47,2,304,6,1648,126,52,60
1206,47,2,305,7,1655,139,56,70
1207,47,2,306,5,1660,110,110,50
1208,47,2,307,9,1669,79,36,90
1209,47,2,308,9,1678,121,55,90
1210,47,2,309,3,1681,110,51,30
1211,47,2,310,2,1683,83,34,20
1212,47,2,311,3,1686,85,41,30
1213,47,2,312,4,1690,85,39,40
1214,47,2,313,5,1695,96,46,50
1215,47,2,314,8,1703,136,71,80
1216,47,2,315,8,1711,140,68,80
1217,47,2,316,9,1720,169,75,90
1218,47,2,317,7,1727,162,67,70
1219,47,2,318,8,1735,189,88,80
1220,47,2,319,5,1740,143,65,50
1221,47,2,320,6,1746,140,62,60
1222,47,2,321,5,1751,110,48,50
1223,47,2,322,2,1753,87,40,20
1224,47,2,323,9,1762,151,79,90
1225,47,2,324,3,1765,106,52,30
1226,47,2,325,7,1772,129,60,70
1227,47,2,326,5,1777,115,49,50
1228,47,2,327,6,1783,120,55,60
1229,47,2,328,8,1791,140,59,80
1230,47,2,329,4,1795,122,122,40
1231,47,2,330,4,1799,46,22,40
1232,47,2,331,4,1803,66,29,40
1233,47,2,332,8,1811,107,40,80
1234,47,2,333,6,1817,136,71,60
1235,47,2,334,5,1822,111,111,50
1236,47,2,335,6,1828,58,24,60
1237,47,2,336,7,1835,128,128,70
1238,47,2,337,6,1841,65,21,60
1239,47,2,338,9,1850,141,69,90
1240,47,2,339,9,1859,153,78,90
1241,47,2,340,5,1864,134,54,50
1242,47,2,341,8,1872,161,161,80
1243,47,2,342,5,1877,49,24,50
1244,47,2,343,9,1886,132,56,90
1245,47,2,344,6,1892,134,52,60
1246,47,2,345,3,1895,125,63,30
1247,47,2,346,7,1902,121,52,70
1248,47,2,347,3,1905,91,41,30
1249,47,2,348,3,1908,71,23,30
1250,47,2,349,5,1913,107,44,50
1251,47,2,350,3,1916,95,38,30
1252,47,2,351,2,1918,80,30,20
1253,47,2,352,5,1923,98,48,50
1254,47,2,353,2,1925,65,40,20
1255,47,2,354,8,1933,118,56,80
1256,47,2,355,3,1936,93,37,30
1257,47,2,356,4,1940,96,47,40
1258,47,2,357,2,1942,60,26,20
1259,47,2,358,6,1948,97,44,60
1260,47,2,359,3,1951,73,73,30
1261,47,2,360,9,1960,86,36,90
1262,47,2,361,4,1964,89,39,40
1263,47,2,362,3,1967,80,80,30
1264,47,2,363,8,1975,74,34,80
1265,47,2,364,7,1982,97,97,70
1266,47,2,365,7,1989,60,25,70
1267,47,2,366,7,1996,101,50,70
1268,47,2,367,7,2003,108,39,70
1269,47,2,368,5,2008,113,51,50
1270,47,2,369,5,2013,117,49,50
1271,47,2,370,5,2018,122,52,50
1272,47,2,371,8,2026,158,71,80
1273,47,2,372,7,2033,149,149,70
1274,47,2,373,4,2037,38,14,40
1275,47,2,374,4,2041,61,61,40
1276,47,2,375,2,2043,15,4,20
1277,47,2,376,4,2047,52,25,40
1278,47,2,377,2,2049,47,18,20
1279,47,2,378,9,2058,126,57,90
1280,47,2,379,9,2067,147,61,90
1281,47,2,380,5,2072,132,54,50
1282,47,2,381,5,2077,120,57,50
1283,47,2,382,8,2085,158,69,80
1284,47,2,383,2,2087,101,47,20
1285,47,2,384,2,2089,76,33,20
1286,47,2,385,6,2095,114,45,60
1287,47,2,386,9,2104,163,68,90
1288,47,2,387,2,2106,109,53,20
1289,47,2,388,6,2112,118,59,60
1290,47,2,389,5,2117,103,41,50
1291,47,2,390,5,2122,101,49,50
1292,47,2,391,9,2131,156,65,90
1293,47,2,392,7,2138,158,77,70
1294,47,2,393,8,2146,160,68,80
1295,47,2,394,4,2150,140,78,40
1296,47,2,395,7,2157,133,62,70
1297,47,2,396,9,2166,149,55,90
1298,47,2,397,8,2174,172,74,80
1299,47,2,398,7,2181,169,69,70
1300,47,2,399,3,2184,129,60,30
1301,47,2,400,4,2188,106,106,40
1302,47,2,401,6,2194,62,22,60
1303,47,2,402,6,2200,114,54,60
1304,47,2,403,6,2206,119,47,60
1305,47,2,404,8,2214,148,148,80
1306,47,2,405,8,2222,90,90,80
1307,47,2,406,2,2224,21,9,20
1308,47,2,407,6,2230,75,36,60
1309,47,2,408,7,2237,99,50,70
1310,47,2,409,4,2241,90,41,40
1311,47,2,410,8,2249,125,53,80
1312,47,2,411,6,2255,128,55,60
1313,47,2,412,8,2263,151,65,80
1314,47,2,413,8,2271,178,76,80
1315,47,2,414,4,2275,153,74,40
1316,47,2,415,5,2280,121,45,50
1317,47,2,416,4,2284,109,109,40
1318,47,2,417,2,2286,18,9,20
1319,47,2,418,2,2288,22,13,20
1320,47,2,419,2,2290,30,10,20
1321,47,2,420,3,2293,53,25,30
1322,47,2,421,4,2297,74,74,40
1323,47,2,422,7,2304,60,21,70
1324,47,2,423,5,2309,75,36,50
1325,47,2,424,3,2312,58,27,30
1326,47,2,425,8,2320,102,51,80
1327,47,2,426,4,2324,84,36,40
1328,47,2,427,3,2327,71,30,30
1329,47,2,428,3,2330,64,30,30
1330,47,2,429,2,2332,52,24,20
1331,47,2,430,9,2341,121,57,90
1332,47,2,431,8,2349,144,63,80
1333,47,2,432,5,2354,132,60,50
1334,47,2,433,8,2362,159,75,80
1335,47,2,434,5,2367,137,137,50
1336,47,2,435,4,2371,39,23,40
1337,47,2,436,6,2377,77,28,60
1338,47,2,437,7,2384,126,126,70
1339,47,2,438,5,2389,42,19,50
1340,47,2,439,9,2398,113,54,90
1341,47,2,440,5,2403,105,49,50
1342,47,2,441,7,2410,141,60,70
1343,47,2,442,7,2417,153,68,70
1344,47,2,443,4,2421,122,122,40
1345,47,2,444,3,2424,38,38,30
1346,47,2,445,6,2430,61,23,60
1347,47,2,446,6,2436,98,46,60
1348,47,2,447,3,2439,80,32,30
1349,47,2,448,8,2447,121,51,80
1350,47,2,449,4,2451,107,45,40
1351,47,2,450,5,2456,112,58,50
1352,47,2,451,5,2461,105,46,50
1353,47,2,452,7,2468,142,142,70
1354,47,2,453,5,2473,51,24,50
1355,47,2,454,8,2481,104,104,80
1356,47,2,455,3,2484,32,32,30
1357,47,2,456,4,2488,47,21,40
1358,47,2,457,2,2490,36,36,20
1359,47,2,458,4,2494,40,21,40
1360,47,2,459,8,2502,94,47,80
1361,47,2,460,3,2505,76,27,30
1362,47,2,461,8,2513,133,67,80
1363,47,2,462,4,2517,103,44,40
1364,47,2,463,8,2525,120,120,80
1365,47,2,464,9,2534,98,40,90
1366,47,2,465,7,2541,114,55,70
1367,47,2,466,8,2549,142,61,80
1368,47,2,467,2,2551,100,48,20
1369,47,2,468,2,2553,73,34,20
1370,47,2,469,4,2557,86,35,40
1371,47,2,470,6,2563,114,49,60
1372,47,2,471,8,2571,148,148,80
1373,47,2,472,6,2577,53,25,60
1374,47,2,473,5,2582,89,48,50
1375,47,2,474,7,2589,106,47,70
1376,47,2,475,7,2596,146,70,70
1377,47,2,476,2,2598,99,47,20
1378,47,2,477,4,2602,90,37,40
1379,47,2,478,9,2611,135,68,90
1380,47,2,479,4,2615,102,51,40
1381,47,2,480,9,2624,138,62,90
1382,47,2,481,9,2633,155,72,90
1383,47,2,482,4,2637,126,48,40
1384,47,2,483,7,2644,144,70,70
1385,47,2,484,7,2651,152,63,70
1386,47,2,485,3,2654,115,57,30
1387,47,2,486,7,2661,133,63,70
1388,47,2,487,5,2666,126,62,50
1389,47,2,488,9,2675,165,79,90
1390,47,2,489,6,2681,149,70,60
1391,47,2,490,6,2687,142,64,60
1392,47,2,491,4,2691,128,51,40
1393,47,2,492,9,2700,171,78,90
1394,47,2,493,9,2709,184,72,90
1395,47,2,494,4,2713,143,143,40
1396,47,2,495,3,2716,21,9,30
1397,47,2,496,7,2723,60,34,70
1398,47,2,497,5,2728,63,63,50
1399,47,2,498,2,2730,10,4,20
1400,47,2,499,4,2734,53,30,40
1401,47,2,500,5,2739,64,18,50
1402,47,2,501,2,2741,63,25,20
1403,47,2,502,9,2750,123,45,90
1404,47,2,503,2,2752,99,43,20
1405,47,2,504,3,2755,84,44,30
1406,47,2,505,7,2762,114,114,70
1407,47,2,506,6,2768,50,24,60
1408,47,2,507,9,2777,117,58,90
1409,47,2,508,3,2780,89,33,30
1410,47,2,509,7,2787,110,51,70
1411,47,2,510,8,2795,125,125,80
1412,47,2,511,6,2801,69,28,60
1413,47,2,512,5,2806,94,38,50
1414,47,2,513,8,2814,132,61,80
1415,47,2,514,2,2816,100,100,20
1416,47,2,515,3,2819,29,13,30
1417,47,2,516,5,2824,67,27,50
1418,47,2,517,2,2826,61,37,20
1419,47,2,518,9,2835,94,40,90
1420,47,2,519,5,2840,105,105,50
1421,47,2,520,2,2842,17,7,20
1422,47,2,521,6,2848,66,32,60
1423,47,2,522,9,2857,134,66,90
1424,47,2,523,7,2864,143,64,70
1425,47,2,524,9,2873,180,82,90
1426,47,2,525,7,2880,158,64,70
1427,47,2,526,5,2885,141,62,50
1428,47,2,527,6,2891,138,50,60
1429,47,2,528,9,2900,171,80,90
1430,47,2,529,4,2904,133,60,40
1431,47,2,530,8,2912,168,168,80
1432,47,2,531,3,2915,21,10,30
1433,47,2,532,2,2917,34,13,20
1434,47,2,533,5,2922,77,36,50
1435,47,2,534,3,2925,79,44,30
1436,47,2,535,5,2930,81,81,50
1437,47,2,536,8,2938,85,32,80
1438,47,2,537,2,2940,73,73,20
1439,47,2,538,4,2944,44,24,40
1440,47,2,539,3,2947,51,27,30
1441,47,2,540,7,2954,99,43,70
1442,47,2,541,7,2961,124,50,70
1443,47,2,542,8,2969,141,54,80
1444,47,2,543,9,2978,172,172,90
1445,47,2,544,2,2980,25,9,20
1446,47,2,545,2,2982,43,21,20
1447,47,2,546,4,2986,62,32,40
1448,47,2,547,6,2992,86,40,60
1449,47,2,548,9,3001,138,65,90
1450,47,2,549,3,3004,98,43,30
1451,47,2,550,3,3007,83,35,30
1452,47,2,551,2,3009,62,30,20
1453,47,2,552,8,3017,111,49,80
1454,47,2,553,8,3025,143,70,80
1455,47,2,554,4,3029,102,40,40
1456,47,2,555,6,3035,117,52,60
1457,47,2,556,8,3043,149,71,80
1458,47,2,557,4,3047,124,63,40
1459,47,2,558,9,3056,172,82,90
1460,47,2,559,8,3064,167,167,80
1461,47,2,560,4,3068,48,20,40
1462,47,2,561,9,3077,107,48,90
1463,47,2,562,4,3081,92,43,40
1464,47,2,563,8,3089,131,52,80
1465,47,2,564,3,3092,101,42,30
1466,47,2,565,6,3098,121,50,60
1467,47,2,566,8,3106,159,70,80
1468,47,2,567,7,3113,171,72,70
1469,47,2,568,5,3118,145,75,50
1470,47,2,569,7,3125,137,74,70
1471,47,2,570,3,3128,93,39,30
1472,47,2,571,8,3136,127,55,80
1473,47,2,572,2,3138,95,45,20
1474,47,2,573,9,3147,152,70,90
1475,47,2,574,9,3156,158,69,90
1476,47,2,575,3,3159,132,64,30
1477,47,2,576,3,3162,88,88,30
1478,47,2,577,7,3169,66,34,70
1479,47,2,578,8,3177,94,37,80
1480,47,2,579,9,3186,139,139,90
1481,47,2,580,9,3195,93,35,90
1482,47,2,581,9,3204,128,54,90
1483,47,2,582,6,3210,145,145,60
1484,47,2,583,3,3213,22,6,30
1485,47,2,584,9,3222,103,44,90
1486,47,2,585,2,3224,78,34,20
1487,47,2,586,4,3228,85,33,40
1488,47,2,587,3,3231,83,42,30
1489,47,2,588,9,3240,136,59,90
1490,47,2,589,3,3243,110,50,30
1491,47,2,590,2,3245,78,37,20
1492,47,2,591,5,3250,83,38,50
1493,47,2,592,4,3254,81,39,40
1494,47,2,593,4,3258,73,30,40
1495,47,2,594,5,3263,99,42,50
1496,47,2,595,4,3267,103,55,40
1497,47,2,596,4,3271,86,32,40
1498,47,2,597,7,3278,121,66,70
1499,47,2,598,3,3281,94,94,30
1500,47,2,599,2,3283,19,7,20
1501,47,2,600,3,3286,41,23,30
1502,47,2,601,9,3295,106,106,90
1503,47,2,602,8,3303,70,70,80
1504,47,2,603,8,3311,75,28,80
1505,47,2,604,7,3318,101,46,70
1506,47,2,605,8,3326,138,61,80
1507,47,2,606,5,3331,129,59,50
1508,47,2,607,7,3338,138,51,70
1509,47,2,608,9,3347,179,86,90
1510,47,2,609,7,3354,177,84,70
1511,47,2,610,9,3363,187,86,90
1512,47,2,611,6,3369,168,74,60
1513,47,2,612,2,3371,116,43,20
1514,47,2,613,8,3379,154,69,80
1515,47,2,614,3,3382,120,51,30
1516,47,2,615,3,3385,104,48,30
1517,47,2,616,9,3394,145,72,90
1518,47,2,617,8,3402,147,65,80
1519,47,2,618,9,3411,185,93,90
1520,47,2,619,9,3420,189,90,90
1521,47,2,620,3,3423,128,55,30
1522,47,2,621,9,3432,170,73,90
1523,47,2,622,2,3434,122,59,20
1524,47,2,623,2,3436,78,34,20
1525,47,2,624,2,3438,60,26,20
1526,47,2,625,5,3443,93,40,50
1527,47,2,626,5,3448,100,46,50
1528,47,2,627,3,3451,79,31,30
1529,47,2,628,3,3454,74,74,30
1530,47,2,629,7,3461,73,31,70
1531,47,2,630,8,3469,123,56,80
1532,47,2,631,6,3475,120,120,60
1533,47,2,632,9,3484,84,33,90
1534,47,2,633,8,3492,118,60,80
1535,47,2,634,2,3494,85,85,20
1536,47,2,635,7,3501,74,40,70
1537,47,2,636,9,3510,109,51,90
1538,47,2,637,2,3512,72,29,20
1539,47,2,638,7,3519,118,53,70
1540,47,2,639,6,3525,122,57,60
1541,47,2,640,9,3534,148,68,90
1542,47,2,641,2,3536,102,44,20
1543,47,2,642,5,3541,105,105,50
1544,47,2,643,9,3550,96,96,90
1545,47,2,644,4,3554,37,20,40
1546,47,2,645,5,3559,69,69,50
1547,47,2,646,7,3566,82,28,70
1548,47,2,647,4,3570,90,42,40
1549,47,2,648,8,3578,126,55,80
1550,47,2,649,5,3583,117,55,50
1551,47,2,650,8,3591,139,68,80
1552,47,2,651,3,3594,106,46,30
1553,47,2,652,7,3601,125,61,70
1554,47,2,653,6,3607,119,51,60
1555,47,2,654,5,3612,110,58,50
1556,47,2,655,4,3616,90,36,40
1557,47,2,656,3,3619,95,95,30
1558,47,2,657,2,3621,20,11,20
1559,47,2,658,7,3628,83,41,70
1560,47,2,659,6,3634,103,42,60
1561,47,2,660,7,3641,119,56,70
1562,47,2,661,2,3643,79,79,20
1563,47,2,662,2,3645,18,7,20
1564,47,2,663,6,3651,75,28,60
1565,47,2,664,5,3656,109,55,50
1566,47,2,665,9,3665,143,68,90
1567,47,2,666,7,3672,150,65,70
1568,47,2,667,6,3678,143,66,60
1569,47,2,668,6,3684,156,67,60
1570,47,2,669,4,3688,134,134,40
1571,47,2,670,5,3693,42,19,50
1572,47,2,671,5,3698,86,42,50
1573,47,2,672,8,3706,103,47,80
1574,47,2,673,6,3712,114,52,60
1575,47,2,674,3,3715,88,43,30
1576,47,2,675,7,3722,116,47,70
1577,47,2,676,8,3730,158,68,80
1578,47,2,677,4,3734,125,125,40
1579,47,2,678,7,3741,66,26,70
1580,47,2,679,4,3745,79,37,40
1581,47,2,680,5,3750,99,45,50
1582,47,2,681,2,3752,74,36,20
1583,47,2,682,3,3755,69,23,30
1584,47,2,683,8,3763,145,66,80
1585,47,2,684,6,3769,152,74,60
1586,47,2,685,2,3771,99,40,20
1587,47,2,686,3,3774,99,99,30
1588,47,2,687,2,3776,10,6,20
1589,47,2,688,7,3783,59,27,70
1590,47,2,689,8,3791,98,38,80
1591,47,2,690,9,3800,165,72,90
1592,47,2,691,9,3809,186,98,90
1593,47,2,692,9,3818,174,84,90
1594,47,2,693,2,3820,108,108,20
1595,47,2,694,3,3823,21,10,30
1596,47,2,695,8,3831,76,32,80
1597,47,2,696,2,3833,62,24,20
1598,47,2,697,2,3835,55,20,20
1599,47,2,698,8,3843,139,75,80
1600,47,2,699,9,3852,153,76,90
1601,47,2,700,8,3860,165,165,80
1602,47,2,701,9,3869,89,41,90
1603,47,2,702,5,3874,105,105,50
1604,47,2,703,3,3877,24,11,30
1605,47,2,704,3,3880,35,16,30
1606,47,2,705,7,3887,95,52,70
1607,47,2,706,6,3893,98,49,60
1608,47,2,707,5,3898,94,43,50
1609,47,2,708,2,3900,69,31,20
1610,47,2,709,8,3908,118,118,80
1611,47,2,710,8,3916,82,34,80
1612,47,2,711,2,3918,69,69,20
1613,47,2,712,5,3923,48,18,50
1614,47,2,713,8,3931,112,51,80
1615,47,2,714,3,3934,93,93,30
1616,47,2,715,8,3942,102,38,80
1617,47,2,716,6,3948,116,116,60
1618,47,2,717,3,3951,24,8,30
1619,47,2,718,4,3955,56,25,40
1620,47,2,719,6,3961,90,29,60
1621,47,2,720,9,3970,148,71,90
1622,47,2,721,2,3972,100,52,20
1623,47,2,722,3,3975,71,26,30
1624,47,2,723,8,3983,117,62,80
1625,47,2,724,4,3987,110,51,40
1626,47,2,725,6,3993,108,46,60
1627,47,2,726,9,4002,150,58,90
1628,47,2,727,5,4007,154,154,50
1629,47,2,728,5,4012,58,25,50
1630,47,2,729,4,4016,80,27,40
1631,47,2,730,9,4025,154,65,90
1632,47,2,731,8,4033,161,82,80
1633,47,2,732,4,4037,122,44,40
1634,47,2,733,3,4040,103,48,30
1635,47,2,734,3,4043,99,99,30
1636,47,2,735,4,4047,48,20,40
1637,47,2,736,7,4054,106,40,70
1638,47,2,737,5,4059,113,52,50
1639,47,2,738,7,4066,134,57,70
1640,47,2,739,5,4071,127,58,50
1641,47,2,740,4,4075,108,48,40
1642,47,2,741,6,4081,135,67,60
1643,47,2,742,7,4088,128,60,70
1644,47,2,743,3,4091,99,38,30
1645,47,2,744,4,4095,101,46,40
1646,47,2,745,4,4099,89,89,40
1647,47,2,746,5,4104,53,26,50
1648,47,2,747,7,4111,98,44,70
1649,47,2,748,8,4119,127,68,80
1650,47,2,749,6,4125,113,47,60
1651,47,2,750,3,4128,90,36,30
1652,47,2,751,9,4137,170,69,90
1653,47,2,752,8,4145,184,80,80
1654,47,2,753,2,4147,123,53,20
1655,47,2,754,3,4150,95,44,30
1656,47,2,755,9,4159,119,50,90
1657,47,2,756,7,4166,136,61,70
1658,47,2,757,5,4171,122,43,50
1659,47,2,758,2,4173,94,41,20
1660,47,2,759,2,4175,75,29,20
1661,47,2,760,4,4179,87,43,40
1662,47,2,761,5,4184,96,50,50
1663,47,2,762,8,4192,116,62,80
1664,47,2,763,2,4194,71,21,20
1665,47,2,764,8,4202,127,54,80
1666,47,2,765,3,4205,102,42,30
1667,47,2,766,2,4207,74,74,20
1668,47,2,767,4,4211,46,18,40
1669,47,2,768,9,4220,121,51,90
1670,47,2,769,9,4229,152,65,90
1671,47,2,770,4,4233,123,54,40
1672,47,2,771,2,4235,84,48,20
1673,47,2,772,4,4239,78,39,40
1674,47,2,773,9,4248,128,58,90
1675,47,2,774,3,4251,107,48,30
1676,47,2,775,2,4253,85,37,20
1677,47,2,776,3,4256,82,46,30
1678,47,2,777,2,4258,51,26,20
1679,47,2,778,4,4262,62,31,40
1680,47,2,779,6,4268,75,75,60
1681,47,2,780,5,4273,38,16,50
1682,47,2,781,7,4280,83,83,70
1683,47,2,782,4,4284,44,13,40
1684,47,2,783,6,4290,89,39,60
1685,47,2,784,7,4297,109,54,70
1686,47,2,785,3,4300,87,87,30
1687,47,2,786,5,4305,52,30,50
1688,47,2,787,2,4307,43,20,20
1689,47,2,788,5,4312,80,34,50
1690,47,2,789,3,4315,71,26,30
1691,47,2,790,4,4319,90,47,40
1692,47,2,791,7,4326,113,48,70
1693,47,2,792,4,4330,91,39,40
1694,47,2,793,2,4332,79,79,20
1695,47,2,794,5,4337,43,19,50
1696,47,2,795,2,4339,41,17,20
1697,47,2,796,5,4344,72,28,50
1698,47,2,797,6,4350,95,48,60
1699,47,2,798,3,4353,85,36,30
1700,47,2,799,2,4355,64,29,20
1701,47,2,800,7,4362,95,95,70
1702,47,2,801,2,4364,18,7,20
1703,47,2,802,3,4367,47,16,30
1704,47,2,803,7,4374,102,36,70
1705,47,2,804,2,4376,95,44,20
1706,47,2,805,5,4381,81,40,50
1707,47,2,806,3,4384,65,28,30
1708,47,2,807,9,4393,134,60,90
1709,47,2,808,6,4399,128,58,60
1710,47,2,809,7,4406,134,59,70
1711,47,2,810,9,4415,179,179,90
1712,47,2,811,6,4421,55,28,60
1713,47,2,812,2,4423,43,43,20
1714,47,2,813,5,4428,48,20,50
1715,47,2,814,6,4434,91,40,60
1716,47,2,815,9,4443,139,62,90
1717,47,2,816,9,4452,158,68,90
1718,47,2,817,6,4458,163,77,60
1719,47,2,818,3,4461,117,53,30
1720,47,2,819,7,4468,148,66,70
1721,47,2,820,5,4473,138,60,50
1722,47,2,821,5,4478,131,61,50
1723,47,2,822,5,4483,110,52,50
1724,47,2,823,3,4486,90,37,30
1725,47,2,824,6,4492,116,116,60
1726,47,2,825,5,4497,55,28,50
1727,47,2,826,3,4500,54,27,30
1728,47,2,827,9,4509,115,43,90
1729,47,2,828,2,4511,83,32,20
1730,47,2,829,8,4519,136,55,80
1731,47,2,830,6,4525,135,50,60
1732,47,2,831,8,4533,160,160,80
1733,47,2,832,7,4540,75,75,70
1734,47,2,833,4,4544,34,11,40
1735,47,2,834,8,4552,124,54,80
1736,47,2,835,9,4561,159,82,90
1737,47,2,836,6,4567,137,72,60
1738,47,2,837,9,4576,148,63,90
1739,47,2,838,2,4578,98,37,20
1740,47,2,839,4,4582,99,42,40
1741,47,2,840,3,4585,94,38,30
1742,47,2,841,8,4593,142,59,80
1743,47,2,842,2,4595,103,50,20
1744,47,2,843,3,4598,80,38,30
1745,47,2,844,6,4604,107,42,60
1746,47,2,845,2,4606,82,33,20
1747,47,2,846,2,4608,64,30,20
1748,47,2,847,4,4612,64,31,40
1749,47,2,848,8,4620,122,50,80
1750,47,2,849,3,4623,94,33,30
1751,47,2,850,8,4631,138,63,80
1752,47,2,851,9,4640,149,56,90
1753,47,2,852,6,4646,148,64,60
1754,47,2,853,2,4648,99,40,20
1755,47,2,854,5,4653,111,43,50
1756,47,2,855,8,4661,168,75,80
1757,47,2,856,5,4666,142,59,50
1758,47,2,857,4,4670,120,53,40
1759,47,2,858,5,4675,118,118,50
1760,47,2,859,2,4677,13,4,20
1761,47,2,860,2,4679,27,12,20
1762,47,2,861,4,4683,58,58,40
1763,47,2,862,2,4685,20,5,20
1764,47,2,863,8,4693,94,45,80
1765,47,2,864,5,4698,106,47,50
1766,47,2,865,2,4700,72,29,20
1767,47,2,866,5,4705,94,50,50
1768,47,2,867,3,4708,67,30,30
1769,47,2,868,4,4712,85,41,40
1770,47,2,869,9,4721,122,57,90
1771,47,2,870,5,4726,120,57,50
1772,47,2,871,6,4732,104,47,60
1773,47,2,872,7,4739,127,57,70
1774,47,2,873,7,4746,130,130,70
1775,47,2,874,5,4751,37,15,50
1776,47,2,875,4,4755,55,55,40
1777,47,2,876,9,4764,76,33,90
1778,47,2,877,2,4766,58,27,20
1779,47,2,878,2,4768,61,34,20
1780,47,2,879,3,4771,57,23,30
1781,47,2,880,6,4777,83,83,60
1782,47,2,881,4,4781,23,6,40
1783,47,2,882,2,4783,35,11,20
1784,47,2,883,3,4786,51,17,30
1785,47,2,884,6,4792,87,41,60
1786,47,2,885,3,4795,74,33,30
1787,47,2,886,9,4804,138,68,90
1788,47,2,887,6,4810,134,57,60
1789,47,2,888,5,4815,132,132,50
1790,47,2,889,3,4818,35,16,30
1791,47,2,890,2,4820,44,16,20
1792,47,2,891,4,4824,72,34,40
1793,47,2,892,8,4832,115,48,80
1794,47,2,893,6,4838,134,59,60
1795,47,2,894,5,4843,124,55,50
1796,47,2,895,5,4848,115,52,50
1797,47,2,896,7,4855,126,59,70
1798,47,2,897,6,4861,113,55,60
1799,47,2,898,2,4863,82,46,20
1800,47,2,899,2,4865,55,24,20
1801,47,2,900,3,4868,65,25,30
1802,47,2,901,8,4876,95,38,80
1803,47,2,902,4,4880,101,38,40
1804,47,2,903,8,4888,149,61,80
1805,47,2,904,4,4892,132,60,40
1806,47,2,905,6,4898,139,59,60
1807,47,2,906,5,4903,126,60,50
1808,47,2,907,4,4907,116,43,40
1809,47,2,908,3,4910,103,103,30
1810,47,2,909,4,4914,37,15,40
1811,47,2,910,6,4920,67,27,60
1812,47,2,911,4,4924,68,68,40
1813,47,2,912,4,4928,45,18,40
1814,47,2,913,2,4930,39,13,20
1815,47,2,914,5,4935,74,38,50
1816,47,2,915,4,4939,85,32,40
1817,47,2,916,3,4942,87,39,30
1818,47,2,917,9,4951,131,55,90
1819,47,2,918,7,4958,144,79,70
1820,47,2,919,8,4966,160,79,80
1821,47,2,920,7,4973,150,150,70
1822,47,2,921,3,4976,36,36,30
1823,47,2,922,6,4982,59,25,60
1824,47,2,923,8,4990,96,41,80
1825,47,2,924,7,4997,137,55,70
1826,47,3,1,9,9,107,44,90
1827,47,3,2,2,11,87,87,20
1828,47,3,3,6,17,58,29,60
1829,47,3,4,5,22,71,27,50
1830,47,3,5,5,27,77,42,50
1831,47,3,6,6,33,104,46,60
1832,47,3,7,6,39,122,61,60
1833,47,3,8,4,43,105,105,40
1834,47,3,9,6,49,59,28,60
1835,47,3,10,5,54,81,35,50
1836,47,3,11,3,57,73,73,30
1837,47,3,12,9,66,107,47,90
1838,47,3,13,5,71,96,41,50
1839,47,3,14,2,73,75,23,20
1840,47,3,15,2,75,78,36,20
1841,47,3,16,3,78,66,25,30
1842,47,3,17,2,80,63,26,20
1843,47,3,18,5,85,96,96,50
1844,47,3,19,5,90,49,49,50
1845,47,3,20,8,98,77,38,80
1846,47,3,21,6,104,106,45,60
1847,47,3,22,4,108,99,44,40
1848,47,3,23,4,112,100,42,40
1849,47,3,24,2,114,80,39,20
1850,47,3,25,9,123,128,52,90
1851,47,3,26,5,128,125,68,50
1852,47,3,27,6,134,114,45,60
1853,47,3,28,5,139,112,55,50
1854,47,3,29,8,147,140,66,80
1855,47,3,30,3,150,108,45,30
1856,47,3,31,5,155,111,55,50
1857,47,3,32,7,162,126,49,70
1858,47,3,33,6,168,134,58,60
1859,47,3,34,5,173,126,126,50
1860,47,3,35,6,179,67,31,60
1861,47,3,36,6,185,88,39,60
1862,47,3,37,5,190,108,45,50
1863,47,3,38,8,198,139,58,80
1864,47,3,39,6,204,143,143,60
1865,47,3,40,9,213,91,31,90
1866,47,3,41,9,222,156,156,90
1867,47,3,42,4,226,35,18,40
1868,47,3,43,8,234,100,48,80
1869,47,3,44,8,242,127,61,80
1870,47,3,45,8,250,145,61,80
1871,47,3,46,5,255,140,63,50
1872,47,3,47,5,260,125,48,50
1873,47,3,48,9,269,164,87,90
1874,47,3,49,8,277,133,133,80
1875,47,3,50,2,279,23,14,20
1876,47,3,51,4,283,61,30,40
1877,47,3,52,2,285,57,57,20
1878,47,3,53,8,293,79,36,80
1879,47,3,54,5,298,78,32,50
1880,47,3,55,2,300,66,29,20
1881,47,3,56,7,307,103,38,70
1882,47,3,57,8,315,123,55,80
1883,47,3,58,3,318,103,47,30
1884,47,3,59,2,320,77,38,20
1885,47,3,60,9,329,139,57,90
1886,47,3,61,9,338,179,82,90
1887,47,3,62,5,343,141,66,50
1888,47,3,63,3,346,114,43,30
1889,47,3,64,7,353,132,53,70
1890,47,3,65,9,362,186,80,90
1891,47,3,66,7,369,183,77,70
1892,47,3,67,4,373,149,75,40
1893,47,3,68,4,377,121,62,40
1894,47,3,69,2,379,79,33,20
1895,47,3,70,9,388,127,53,90
1896,47,3,71,4,392,111,50,40
1897,47,3,72,6,398,125,57,60
1898,47,3,73,2,400,85,39,20
1899,47,3,74,3,403,77,77,30
1900,47,3,75,5,408,57,57,50
1901,47,3,76,3,411,32,32,30
1902,47,3,77,5,416,42,23,50
1903,47,3,78,8,424,95,51,80
1904,47,3,79,7,431,102,46,70
1905,47,3,80,7,438,123,54,70
1906,47,3,81,8,446,148,74,80
1907,47,3,82,2,448,91,40,20
1908,47,3,83,3,451,77,41,30
1909,47,3,84,5,456,85,36,50
1910,47,3,85,5,461,91,42,50
1911,47,3,86,8,469,129,59,80
1912,47,3,87,5,474,113,54,50
1913,47,3,88,4,478,102,44,40
1914,47,3,89,7,485,122,61,70
1915,47,3,90,4,489,105,49,40
1916,47,3,91,8,497,147,69,80
1917,47,3,92,3,500,109,47,30
1918,47,3,93,4,504,110,51,40
1919,47,3,94,5,509,122,122,50
1920,47,3,95,6,515,50,22,60
1921,47,3,96,3,518,63,24,30
1922,47,3,97,6,524,101,50,60
1923,47,3,98,9,533,128,63,90
1924,47,3,99,5,538,126,61,50
1925,47,3,100,2,540,89,40,20
1926,47,3,101,4,544,87,49,40
1927,47,3,102,2,546,55,25,20
1928,47,3,103,4,550,68,28,40
1929,47,3,104,5,555,79,31,50
1930,47,3,105,6,561,114,114,60
1931,47,3,106,7,568,67,21,70
1932,47,3,107,5,573,103,103,50
1933,47,3,108,5,578,49,49,50
1934,47,3,109,7,585,71,71,70
1935,47,3,110,6,591,50,18,60
1936,47,3,111,8,599,107,44,80
1937,47,3,112,7,606,138,66,70
1938,47,3,113,9,615,176,85,90
1939,47,3,114,3,618,117,45,30
1940,47,3,115,3,621,111,48,30
1941,47,3,116,9,630,150,67,90
1942,47,3,117,9,639,170,84,90
1943,47,3,118,9,648,192,192,90
1944,47,3,119,6,654,63,30,60
1945,47,3,120,2,656,47,19,20
1946,47,3,121,4,660,79,37,40
1947,47,3,122,2,662,60,60,20
1948,47,3,123,2,664,25,13,20
1949,47,3,124,2,666,35,12,20
1950,47,3,125,3,669,51,14,30
1951,47,3,126,9,678,136,65,90
1952,47,3,127,3,681,94,94,30
1953,47,3,128,9,690,80,35,90
1954,47,3,129,6,696,117,57,60
1955,47,3,130,6,702,119,56,60
1956,47,3,131,7,709,146,55,70
1957,47,3,132,7,716,160,78,70
1958,47,3,133,5,721,127,50,50
1959,47,3,134,7,728,146,59,70
1960,47,3,135,8,736,168,70,80
1961,47,3,136,2,738,111,111,20
1962,47,3,137,8,746,80,80,80
1963,47,3,138,5,751,61,28,50
1964,47,3,139,3,754,62,20,30
1965,47,3,140,6,760,99,41,60
1966,47,3,141,9,769,145,145,90
1967,47,3,142,2,771,19,19,20
1968,47,3,143,8,779,90,42,80
1969,47,3,144,6,785,100,48,60
1970,47,3,145,7,792,117,55,70
1971,47,3,146,2,794,99,48,20
1972,47,3,147,6,800,108,54,60
1973,47,3,148,7,807,128,55,70
1974,47,3,149,4,811,117,53,40
1975,47,3,150,7,818,130,56,70
1976,47,3,151,8,826,144,144,80
1977,47,3,152,8,834,81,28,80
1978,47,3,153,3,837,76,36,30
1979,47,3,154,3,840,71,29,30
1980,47,3,155,5,845,88,37,50
1981,47,3,156,7,852,111,46,70
1982,47,3,157,6,858,131,55,60
1983,47,3,158,2,860,88,35,20
1984,47,3,159,5,865,101,49,50
1985,47,3,160,6,871,126,126,60
1986,47,3,161,3,874,34,18,30
1987,47,3,162,8,882,94,47,80
1988,47,3,163,5,887,84,49,50
1989,47,3,164,2,889,65,65,20
1990,47,3,165,3,892,32,17,30
1991,47,3,166,9,901,102,41,90
1992,47,3,167,2,903,80,43,20
1993,47,3,168,8,911,121,52,80
1994,47,3,169,8,919,145,64,80
1995,47,3,170,4,923,131,65,40
1996,47,3,171,6,929,121,60,60
1997,47,3,172,4,933,105,105,40
1998,47,3,173,6,939,63,25,60
1999,47,3,174,2,941,54,24,20
2000,47,3,175,6,947,82,36,60
2001,47,3,176,9,956,150,150,90
2002,47,3,177,5,961,45,18,50
2003,47,3,178,9,970,105,47,90
2004,47,3,179,7,977,125,55,70
2005,47,3,180,2,979,85,38,20
2006,47,3,181,5,984,93,41,50
2007,47,3,182,9,993,134,134,90
2008,47,3,183,2,995,23,8,20
2009,47,3,184,3,998,49,27,30
2010,47,3,185,3,1001,61,23,30
2011,47,3,186,6,1007,87,41,60
2012,47,3,187,2,1009,68,26,20
2013,47,3,188,2,1011,60,31,20
2014,47,3,189,3,1014,55,21,30
2015,47,3,190,3,1017,66,21,30
2016,47,3,191,5,1022,90,37,50
2017,47,3,192,6,1028,120,57,60
2018,47,3,193,9,1037,158,66,90
2019,47,3,194,5,1042,142,61,50
2020,47,3,195,5,1047,132,55,50
2021,47,3,196,6,1053,132,54,60
2022,47,3,197,7,1060,157,62,70
2023,47,3,198,4,1064,134,60,40
2024,47,3,199,9,1073,153,76,90
2025,47,3,200,4,1077,118,65,40
2026,47,3,201,7,1084,116,65,70
2027,47,3,202,5,1089,100,45,50
2028,47,3,203,9,1098,145,70,90
2029,47,3,204,5,1103,128,47,50
2030,47,3,205,5,1108,123,59,50
2031,47,3,206,3,1111,98,43,30
2032,47,3,207,5,1116,105,34,50
2033,47,3,208,9,1125,159,69,90
2034,47,3,209,5,1130,133,55,50
2035,47,3,210,7,1137,152,62,70
2036,47,3,211,8,1145,185,85,80
2037,47,3,212,2,1147,119,50,20
2038,47,3,213,7,1154,142,67,70
2039,47,3,214,4,1158,117,50,40
2040,47,3,215,2,1160,88,38,20
2041,47,3,216,9,1169,130,56,90
2042,47,3,217,7,1176,134,64,70
2043,47,3,218,5,1181,120,48,50
2044,47,3,219,5,1186,126,51,50
2045,47,3,220,6,1192,120,120,60
2046,47,3,221,7,1199,76,31,70
2047,47,3,222,6,1205,99,38,60
2048,47,3,223,2,1207,89,36,20
2049,47,3,224,4,1211,109,50,40
2050,47,3,225,6,1217,115,45,60
2051,47,3,226,3,1220,104,46,30
2052,47,3,227,5,1225,105,40,50
2053,47,3,228,7,1232,122,56,70
2054,47,3,229,5,1237,114,51,50
2055,47,3,230,3,1240,96,45,30
2056,47,3,231,6,1246,113,49,60
2057,47,3,232,4,1250,95,52,40
2058,47,3,233,7,1257,106,47,70
2059,47,3,234,8,1265,131,51,80
2060,47,3,235,3,1268,110,110,30
2061,47,3,236,7,1275,65,33,70
2062,47,3,237,8,1283,108,54,80
2063,47,3,238,9,1292,137,64,90
2064,47,3,239,9,1301,171,86,90
2065,47,3,240,9,1310,166,74,90
2066,47,3,241,8,1318,170,83,80
2067,47,3,242,9,1327,184,76,90
2068,47,3,243,4,1331,142,58,40
2069,47,3,244,5,1336,142,142,50
2070,47,3,245,6,1342,61,30,60
2071,47,3,246,4,1346,72,35,40
2072,47,3,247,5,1351,89,48,50
2073,47,3,248,9,1360,121,60,90
2074,47,3,249,6,1366,116,53,60
2075,47,3,250,4,1370,106,47,40
2076,47,3,251,6,1376,121,53,60
2077,47,3,252,5,1381,129,68,50
2078,47,3,253,7,1388,133,133,70
2079,47,3,254,5,1393,41,14,50
2080,47,3,255,5,1398,82,38,50
2081,47,3,256,4,1402,84,84,40
2082,47,3,257,2,1404,19,19,20
2083,47,3,258,3,1407,23,8,30
2084,47,3,259,9,1416,97,39,90
2085,47,3,260,9,1425,144,61,90
2086,47,3,261,4,1429,122,58,40
2087,47,3,262,2,1431,86,34,20
2088,47,3,263,7,1438,113,113,70
2089,47,3,264,7,1445,70,29,70
2090,47,3,265,5,1450,88,41,50
2091,47,3,266,5,1455,96,96,50
2092,47,3,267,6,1461,53,29,60
2093,47,3,268,3,1464,59,59,30
2094,47,3,269,6,1470,70,32,60
2095,47,3,270,8,1478,107,50,80
2096,47,3,271,4,1482,93,41,40
2097,47,3,272,7,1489,129,62,70
2098,47,3,273,9,1498,161,67,90
2099,47,3,274,8,1506,178,178,80
2100,47,3,275,5,1511,45,16,50
2101,47,3,276,7,1518,110,110,70
2102,47,3,277,2,1520,14,8,20
2103,47,3,278,3,1523,26,13,30
2104,47,3,279,9,1532,111,59,90
2105,47,3,280,5,1537,96,96,50
2106,47,3,281,7,1544,71,32,70
2107,47,3,282,5,1549,75,33,50
2108,47,3,283,4,1553,82,33,40
2109,47,3,284,9,1562,129,57,90
2110,47,3,285,7,1569,150,54,70
2111,47,3,286,2,1571,113,52,20
2112,47,3,287,2,1573,85,40,20
2113,47,3,288,7,1580,130,70,70
2114,47,3,289,8,1588,143,64,80
2115,47,3,290,8,1596,162,63,80
2116,47,3,291,9,1605,184,184,90
2117,47,3,292,5,1610,54,27,50
2118,47,3,293,4,1614,70,31,40
2119,47,3,294,3,1617,65,31,30
2120,47,3,295,9,1626,116,55,90
2121,47,3,296,5,1631,115,59,50
2122,47,3,297,3,1634,90,40,30
2123,47,3,298,3,1637,74,37,30
2124,47,3,299,5,1642,88,38,50
2125,47,3,300,4,1646,91,35,40
2126,47,3,301,9,1655,141,141,90
2127,47,3,302,3,1658,36,12,30
2128,47,3,303,5,1663,81,38,50
2129,47,3,304,3,1666,74,31,30
2130,47,3,305,6,1672,95,34,60
2131,47,3,306,9,1681,154,70,90
2132,47,3,307,9,1690,176,78,90
2133,47,3,308,4,1694,153,69,40
2134,47,3,309,6,1700,148,148,60
2135,47,3,310,4,1704,38,14,40
2136,47,3,311,3,1707,52,18,30
2137,47,3,312,9,1716,128,68,90
2138,47,3,313,4,1720,98,52,40
2139,47,3,314,6,1726,97,44,60
2140,47,3,315,4,1730,95,38,40
2141,47,3,316,8,1738,157,76,80
2142,47,3,317,3,1741,118,55,30
2143,47,3,318,7,1748,122,122,70
2144,47,3,319,4,1752,39,20,40
2145,47,3,320,4,1756,71,31,40
2146,47,3,321,8,1764,115,44,80
2147,47,3,322,6,1770,134,58,60
2148,47,3,323,9,1779,168,78,90
2149,47,3,324,6,1785,153,70,60
2150,47,3,325,7,1792,170,74,70
2151,47,3,326,2,1794,118,118,20
2152,47,3,327,2,1796,17,17,20
2153,47,3,328,5,1801,43,16,50
2154,47,3,329,4,1805,65,29,40
2155,47,3,330,9,1814,109,59,90
2156,47,3,331,3,1817,84,84,30
2157,47,3,332,7,1824,63,31,70
2158,47,3,333,5,1829,84,46,50
2159,47,3,334,7,1836,105,44,70
2160,47,3,335,6,1842,122,52,60
2161,47,3,336,8,1850,134,68,80
2162,47,3,337,5,1855,111,54,50
2163,47,3,338,5,1860,106,46,50
2164,47,3,339,7,1867,135,64,70
2165,47,3,340,5,1872,111,55,50
2166,47,3,341,6,1878,114,61,60
2167,47,3,342,9,1887,143,64,90
2168,47,3,343,3,1890,114,49,30
2169,47,3,344,5,1895,106,106,50
2170,47,3,345,8,1903,97,40,80
2171,47,3,346,6,1909,116,56,60
2172,47,3,347,8,1917,147,68,80
2173,47,3,348,5,1922,119,53,50
2174,47,3,349,9,1931,177,71,90
2175,47,3,350,3,1934,133,53,30
2176,47,3,351,4,1938,117,117,40
2177,47,3,352,6,1944,63,63,60
2178,47,3,353,6,1950,58,29,60
2179,47,3,354,3,1953,56,24,30
2180,47,3,355,4,1957,64,32,40
2181,47,3,356,8,1965,113,42,80
2182,47,3,357,9,1974,153,71,90
2183,47,3,358,4,1978,110,44,40
2184,47,3,359,5,1983,106,45,50
2185,47,3,360,5,1988,109,42,50
2186,47,3,361,4,1992,102,40,40
2187,47,3,362,6,1998,115,115,60
2188,47,3,363,6,2004,57,20,60
2189,47,3,364,7,2011,120,50,70
2190,47,3,365,3,2014,109,46,30
2191,47,3,366,7,2021,139,64,70
2192,47,3,367,9,2030,176,75,90
2193,47,3,368,9,2039,192,78,90
2194,47,3,369,9,2048,198,90,90
2195,47,3,370,2,2050,124,54,20
2196,47,3,371,5,2055,127,55,50
2197,47,3,372,2,2057,99,99,20
2198,47,3,373,6,2063,50,17,60
2199,47,3,374,9,2072,122,51,90
2200,47,3,375,4,2076,106,53,40
2201,47,3,376,8,2084,120,49,80
2202,47,3,377,2,2086,90,48,20
2203,47,3,378,2,2088,58,25,20
2204,47,3,379,4,2092,68,30,40
2205,47,3,380,9,2101,117,52,90
2206,47,3,381,8,2109,154,63,80
2207,47,3,382,2,2111,109,48,20
2208,47,3,383,7,2118,131,69,70
2209,47,3,384,7,2125,126,67,70
2210,47,3,385,7,2132,133,56,70
2211,47,3,386,6,2138,148,64,60
2212,47,3,387,3,2141,107,107,30
2213,47,3,388,2,2143,27,27,20
2214,47,3,389,6,2149,49,22,60
2215,47,3,390,6,2155,82,35,60
2216,47,3,391,3,2158,79,35,30
2217,47,3,392,3,2161,81,31,30
2218,47,3,393,9,2170,144,68,90
2219,47,3,394,4,2174,110,40,40
2220,47,3,395,2,2176,92,41,20
2221,47,3,396,8,2184,121,52,80
2222,47,3,397,6,2190,137,66,60
2223,47,3,398,6,2196,123,52,60
2224,47,3,399,6,2202,142,58,60
2225,47,3,400,7,2209,150,55,70
2226,47,3,401,7,2216,169,68,70
2227,47,3,402,8,2224,175,77,80
2228,47,3,403,5,2229,131,62,50
2229,47,3,404,2,2231,96,47,20
2230,47,3,405,6,2237,108,56,60
2231,47,3,406,8,2245,129,53,80
2232,47,3,407,5,2250,115,51,50
2233,47,3,408,3,2253,95,49,30
2234,47,3,409,2,2255,70,30,20
2235,47,3,410,3,2258,72,30,30
2236,47,3,411,3,2261,65,34,30
2237,47,3,412,3,2264,60,33,30
2238,47,3,413,3,2267,48,16,30
2239,47,3,414,5,2272,86,40,50
2240,47,3,415,7,2279,120,49,70
2241,47,3,416,4,2283,120,51,40
2242,47,3,417,9,2292,166,80,90
2243,47,3,418,6,2298,141,141,60
2244,47,3,419,5,2303,51,23,50
2245,47,3,420,7,2310,100,43,70
2246,47,3,421,2,2312,80,28,20
2247,47,3,422,8,2320,121,60,80
2248,47,3,423,4,2324,97,38,40
2249,47,3,424,5,2329,112,44,50
2250,47,3,425,8,2337,158,75,80
2251,47,3,426,8,2345,169,80,80
2252,47,3,427,8,2353,185,93,80
2253,47,3,428,4,2357,127,62,40
2254,47,3,429,6,2363,142,60,60
2255,47,3,430,8,2371,152,66,80
2256,47,3,431,2,2373,103,51,20
2257,47,3,432,2,2375,71,27,20
2258,47,3,433,6,2381,97,97,60
2259,47,3,434,7,2388,63,30,70
2260,47,3,435,3,2391,64,33,30
2261,47,3,436,4,2395,72,32,40
2262,47,3,437,2,2397,56,24,20
2263,47,3,438,9,2406,130,60,90
2264,47,3,439,4,2410,109,43,40
2265,47,3,440,6,2416,118,54,60
2266,47,3,441,5,2421,104,43,50
2267,47,3,442,6,2427,111,41,60
2268,47,3,443,9,2436,160,61,90
2269,47,3,444,5,2441,152,68,50
2270,47,3,445,3,2444,121,121,30
2271,47,3,446,4,2448,32,17,40
2272,47,3,447,9,2457,107,41,90
2273,47,3,448,7,2464,136,64,70
2274,47,3,449,3,2467,103,48,30
2275,47,3,450,5,2472,106,44,50
2276,47,3,451,4,2476,100,46,40
2277,47,3,452,8,2484,143,67,80
2278,47,3,453,9,2493,158,76,90
2279,47,3,454,4,2497,123,56,40
2280,47,3,455,2,2499,90,90,20
2281,47,3,456,6,2505,55,21,60
2282,47,3,457,6,2511,92,44,60
2283,47,3,458,5,2516,107,54,50
2284,47,3,459,8,2524,120,46,80
2285,47,3,460,9,2533,155,61,90
2286,47,3,461,6,2539,156,156,60
2287,47,3,462,9,2548,90,47,90
2288,47,3,463,4,2552,82,35,40
2289,47,3,464,8,2560,122,65,80
2290,47,3,465,6,2566,123,52,60
2291,47,3,466,2,2568,84,39,20
2292,47,3,467,8,2576,114,58,80
2293,47,3,468,8,2584,146,67,80
2294,47,3,469,8,2592,172,80,80
2295,47,3,470,9,2601,184,70,90
2296,47,3,471,2,2603,127,54,20
2297,47,3,472,7,2610,140,57,70
2298,47,3,473,2,2612,102,47,20
2299,47,3,474,8,2620,143,68,80
2300,47,3,475,7,2627,139,67,70
2301,47,3,476,2,2629,95,95,20
2302,47,3,477,5,2634,46,18,50
2303,47,3,478,3,2637,54,54,30
2304,47,3,479,3,2640,31,10,30
2305,47,3,480,3,2643,55,21,30
2306,47,3,481,2,2645,52,19,20
2307,47,3,482,6,2651,83,83,60
2308,47,3,483,2,2653,26,11,20
2309,47,3,484,7,2660,72,28,70
2310,47,3,485,9,2669,132,60,90
2311,47,3,486,5,2674,116,60,50
2312,47,3,487,4,2678,98,46,40
2313,47,3,488,9,2687,129,60,90
2314,47,3,489,3,2690,103,45,30
2315,47,3,490,9,2699,150,55,90
2316,47,3,491,2,2701,119,54,20
2317,47,3,492,2,2703,79,38,20
2318,47,3,493,6,2709,99,99,60
2319,47,3,494,8,2717,103,103,80
2320,47,3,495,7,2724,76,76,70
2321,47,3,496,6,2730,62,27,60
2322,47,3,497,9,2739,118,49,90
2323,47,3,498,5,2744,111,40,50
2324,47,3,499,3,2747,97,41,30
2325,47,3,500,9,2756,159,159,90
2326,47,3,501,2,2758,16,16,20
2327,47,3,502,6,2764,53,25,60
2328,47,3,503,9,2773,105,55,90
2329,47,3,504,7,2780,117,63,70
2330,47,3,505,4,2784,89,36,40
2331,47,3,506,5,2789,111,45,50
2332,47,3,507,8,2797,136,58,80
2333,47,3,508,8,2805,151,70,80
2334,47,3,509,5,2810,129,58,50
2335,47,3,510,5,2815,113,113,50
2336,47,3,511,2,2817,23,10,20
2337,47,3,512,2,2819,26,11,20
2338,47,3,513,4,2823,55,29,40
2339,47,3,514,4,2827,77,36,40
2340,47,3,515,5,2832,83,45,50
2341,47,3,516,7,2839,112,52,70
2342,47,3,517,8,2847,141,65,80
2343,47,3,518,8,2855,162,77,80
2344,47,3,519,5,2860,144,62,50
2345,47,3,520,8,2868,163,75,80
2346,47,3,521,8,2876,159,159,80
2347,47,3,522,4,2880,29,29,40
2348,47,3,523,7,2887,59,24,70
2349,47,3,524,3,2890,60,34,30
2350,47,3,525,4,2894,62,62,40
2351,47,3,526,4,2898,31,31,40
2352,47,3,527,7,2905,72,33,70
2353,47,3,528,6,2911,95,45,60
2354,47,3,529,8,2919,123,51,80
2355,47,3,530,5,2924,115,58,50
2356,47,3,531,8,2932,136,61,80
2357,47,3,532,7,2939,138,67,70
2358,47,3,533,8,2947,162,75,80
2359,47,3,534,9,2956,176,74,90
2360,47,3,535,5,2961,167,167,50
2361,47,3,536,3,2964,40,20,30
2362,47,3,537,7,2971,94,32,70
2363,47,3,538,8,2979,131,131,80
2364,47,3,539,9,2988,77,32,90
2365,47,3,540,6,2994,96,39,60
2366,47,3,541,9,3003,148,70,90
2367,47,3,542,2,3005,98,45,20
2368,47,3,543,4,3009,82,35,40
2369,47,3,544,4,3013,80,30,40
2370,47,3,545,2,3015,70,27,20
2371,47,3,546,4,3019,86,86,40
2372,47,3,547,6,3025,56,21,60
2373,47,3,548,3,3028,61,22,30
2374,47,3,549,7,3035,114,54,70
2375,47,3,550,4,3039,105,46,40
2376,47,3,551,5,3044,110,50,50
2377,47,3,552,5,3049,117,53,50
2378,47,3,553,4,3053,101,45,40
2379,47,3,554,2,3055,82,35,20
2380,47,3,555,2,3057,66,66,20
2381,47,3,556,7,3064,78,30,70
2382,47,3,557,6,3070,102,41,60
2383,47,3,558,9,3079,151,61,90
2384,47,3,559,2,3081,105,46,20
2385,47,3,560,8,3089,138,66,80
2386,47,3,561,8,3097,138,62,80
2387,47,3,562,5,3102,113,42,50
2388,47,3,563,8,3110,152,68,80
2389,47,3,564,9,3119,180,86,90
2390,47,3,565,2,3121,116,54,20
2391,47,3,566,4,3125,98,50,40
2392,47,3,567,7,3132,112,112,70
2393,47,3,568,2,3134,27,13,20
2394,47,3,569,7,3141,89,89,70
2395,47,3,570,4,3145,42,24,40
2396,47,3,571,7,3152,93,46,70
2397,47,3,572,9,3161,145,71,90
2398,47,3,573,2,3163,99,46,20
2399,47,3,574,7,3170,116,59,70
2400,47,3,575,9,3179,146,64,90
2401,47,3,576,5,3184,137,57,50
2402,47,3,577,5,3189,129,58,50
2403,47,3,578,9,3198,166,71,90
2404,47,3,579,9,3207,188,90,90
2405,47,3,580,7,3214,168,66,70
2406,47,3,581,2,3216,117,56,20
2407,47,3,582,4,3220,101,101,40
2408,47,3,583,2,3222,17,10,20
2409,47,3,584,4,3226,42,21,40
2410,47,3,585,8,3234,104,47,80
2411,47,3,586,2,3236,76,36,20
2412,47,3,587,7,3243,120,59,70
2413,47,3,588,6,3249,127,56,60
2414,47,3,589,2,3251,88,88,20
2415,47,3,590,8,3259,70,37,80
2416,47,3,591,8,3267,112,48,80
2417,47,3,592,3,3270,98,51,30
2418,47,3,593,5,3275,91,40,50
2419,47,3,594,5,3280,95,40,50
2420,47,3,595,6,3286,116,68,60
2421,47,3,596,8,3294,128,56,80
2422,47,3,597,6,3300,129,58,60
2423,47,3,598,8,3308,137,68,80
2424,47,3,599,3,3311,98,98,30
2425,47,3,600,2,3313,18,8,20
2426,47,3,601,2,3315,32,16,20
2427,47,3,602,2,3317,37,13,20
2428,47,3,603,7,3324,75,41,70
2429,47,3,604,6,3330,95,29,60
2430,47,3,605,2,3332,84,39,20
2431,47,3,606,5,3337,90,40,50
2432,47,3,607,9,3346,152,62,90
2433,47,3,608,4,3350,129,59,40
2434,47,3,609,8,3358,146,146,80
2435,47,3,610,5,3363,47,21,50
2436,47,3,611,7,3370,103,48,70
2437,47,3,612,9,3379,133,66,90
2438,47,3,613,6,3385,152,64,60
2439,47,3,614,4,3389,124,60,40
2440,47,3,615,3,3392,96,43,30
2441,47,3,616,7,3399,119,60,70
2442,47,3,617,7,3406,128,128,70
2443,47,3,618,5,3411,41,18,50
2444,47,3,619,5,3416,69,34,50
2445,47,3,620,2,3418,54,54,20
2446,47,3,621,5,3423,53,23,50
2447,47,3,622,9,3432,122,52,90
2448,47,3,623,5,3437,120,50,50
2449,47,3,624,6,3443,121,47,60
2450,47,3,625,7,3450,150,70,70
2451,47,3,626,5,3455,132,59,50
2452,47,3,627,3,3458,107,49,30
2453,47,3,628,5,3463,110,110,50
2454,47,3,629,7,3470,72,28,70
2455,47,3,630,9,3479,142,142,90
2456,47,3,631,2,3481,19,8,20
2457,47,3,632,8,3489,94,47,80
2458,47,3,633,8,3497,126,126,80
2459,47,3,634,9,3506,92,36,90
2460,47,3,635,8,3514,141,141,80
2461,47,3,636,7,3521,67,31,70
2462,47,3,637,3,3524,75,36,30
2463,47,3,638,3,3527,75,36,30
2464,47,3,639,8,3535,114,45,80
2465,47,3,640,3,3538,104,58,30
2466,47,3,641,6,3544,102,35,60
2467,47,3,642,2,3546,90,90,20
2468,47,3,643,2,3548,17,7,20
2469,47,3,644,9,3557,107,47,90
2470,47,3,645,7,3564,129,58,70
2471,47,3,646,4,3568,115,58,40
2472,47,3,647,7,3575,124,43,70
2473,47,3,648,8,3583,154,78,80
2474,47,3,649,8,3591,161,74,80
2475,47,3,650,2,3593,107,51,20
2476,47,3,651,2,3595,72,29,20
2477,47,3,652,8,3603,145,145,80
2478,47,3,653,2,3605,17,17,20
2479,47,3,654,7,3612,65,35,70
2480,47,3,655,2,3614,50,26,20
2481,47,3,656,6,3620,71,34,60
2482,47,3,657,9,3629,116,53,90
2483,47,3,658,4,3633,100,45,40
2484,47,3,659,4,3637,86,33,40
2485,47,3,660,8,3645,142,59,80
2486,47,3,661,9,3654,189,78,90
2487,47,3,662,6,3660,162,71,60
2488,47,3,663,3,3663,115,43,30
2489,47,3,664,4,3667,104,41,40
2490,47,3,665,8,3675,131,58,80
2491,47,3,666,6,3681,133,68,60
2492,47,3,667,6,3687,118,52,60
2493,47,3,668,3,3690,95,95,30
2494,47,3,669,7,3697,70,31,70
2495,47,3,670,4,3701,82,39,40
2496,47,3,671,9,3710,128,128,90
2497,47,3,672,7,3717,70,26,70
2498,47,3,673,5,3722,89,39,50
2499,47,3,674,8,3730,117,51,80
2500,47,3,675,5,3735,109,56,50
2501,47,3,676,2,3737,72,72,20
2502,47,3,677,4,3741,45,21,40
2503,47,3,678,4,3745,61,61,40
2504,47,3,679,8,3753,85,36,80
2505,47,3,680,5,3758,109,48,50
2506,47,3,681,6,3764,116,55,60
2507,47,3,682,9,3773,148,148,90
2508,47,3,683,5,3778,54,26,50
2509,47,3,684,4,3782,69,69,40
2510,47,3,685,8,3790,77,77,80
2511,47,3,686,6,3796,60,25,60
2512,47,3,687,9,3805,133,133,90
2513,47,3,688,8,3813,97,97,80
2514,47,3,689,5,3818,51,27,50
2515,47,3,690,6,3824,85,31,60
2516,47,3,691,4,3828,93,43,40
2517,47,3,692,6,3834,120,57,60
2518,47,3,693,7,3841,135,56,70
2519,47,3,694,7,3848,163,64,70
2520,47,3,695,4,3852,137,137,40
2521,47,3,696,6,3858,61,31,60
2522,47,3,697,5,3863,67,67,50
2523,47,3,698,8,3871,78,36,80
2524,47,3,699,9,3880,141,58,90
2525,47,3,700,4,3884,121,56,40
2526,47,3,701,9,3893,154,65,90
2527,47,3,702,6,3899,155,61,60
2528,47,3,703,8,3907,172,62,80
2529,47,3,704,4,3911,147,61,40
2530,47,3,705,9,3920,187,92,90
2531,47,3,706,9,3929,204,92,90
2532,47,3,707,9,3938,185,83,90
2533,47,3,708,5,3943,151,69,50
2534,47,3,709,7,3950,151,64,70
2535,47,3,710,4,3954,125,52,40
2536,47,3,711,3,3957,110,41,30
2537,47,3,712,7,3964,137,66,70
2538,47,3,713,6,3970,137,137,60
2539,47,3,714,5,3975,63,28,50
2540,47,3,715,8,3983,126,48,80
2541,47,3,716,6,3989,127,58,60
2542,47,3,717,7,3996,145,65,70
2543,47,3,718,9,4005,173,81,90
2544,47,3,719,3,4008,130,67,30
2545,47,3,720,2,4010,83,38,20
2546,47,3,721,9,4019,149,71,90
2547,47,3,722,4,4023,110,49,40
2548,47,3,723,7,4030,113,44,70
2549,47,3,724,8,4038,132,53,80
2550,47,3,725,3,4041,105,44,30
2551,47,3,726,8,4049,149,149,80
2552,47,3,727,4,4053,47,19,40
2553,47,3,728,5,4058,74,30,50
2554,47,3,729,3,4061,86,47,30
2555,47,3,730,2,4063,62,23,20
2556,47,3,731,2,4065,56,56,20
2557,47,3,732,5,4070,48,19,50
2558,47,3,733,2,4072,42,42,20
2559,47,3,734,2,4074,23,12,20
2560,47,3,735,9,4083,106,55,90
2561,47,3,736,3,4086,88,35,30
2562,47,3,737,9,4095,127,55,90
2563,47,3,738,3,4098,105,43,30
2564,47,3,739,5,4103,111,53,50
2565,47,3,740,5,4108,106,46,50
2566,47,3,741,4,4112,90,39,40
2567,47,3,742,9,4121,128,54,90
2568,47,3,743,3,4124,96,35,30
2569,47,3,744,8,4132,161,80,80
2570,47,3,745,3,4135,126,56,30
2571,47,3,746,3,4138,107,51,30
2572,47,3,747,5,4143,91,51,50
2573,47,3,748,2,4145,61,28,20
2574,47,3,749,5,4150,72,41,50
2575,47,3,750,9,4159,122,54,90
2576,47,3,751,9,4168,166,75,90
2577,47,3,752,4,4172,130,59,40
2578,47,3,753,7,4179,143,67,70
2579,47,3,754,8,4187,132,58,80
2580,47,3,755,6,4193,142,60,60
2581,47,3,756,4,4197,107,47,40
2582,47,3,757,4,4201,98,98,40
2583,47,3,758,2,4203,17,5,20
2584,47,3,759,7,4210,77,35,70
2585,47,3,760,2,4212,71,32,20
2586,47,3,761,9,4221,119,66,90
2587,47,3,762,9,4230,147,65,90
2588,47,3,763,2,4232,96,38,20
2589,47,3,764,5,4237,116,52,50
2590,47,3,765,4,4241,106,106,40
2591,47,3,766,4,4245,45,20,40
2592,47,3,767,9,4254,128,57,90
2593,47,3,768,3,4257,110,56,30
2594,47,3,769,2,4259,71,25,20
2595,47,3,770,3,4262,81,32,30
2596,47,3,771,5,4267,87,37,50
2597,47,3,772,8,4275,117,50,80
2598,47,3,773,7,4282,133,54,70
2599,47,3,774,6,4288,152,68,60
2600,47,3,775,6,4294,151,65,60
2601,47,3,776,2,4296,111,55,20
2602,47,3,777,3,4299,95,44,30
2603,47,3,778,5,4304,103,51,50
2604,47,3,779,4,4308,96,33,40
2605,47,3,780,4,4312,106,40,40
2606,47,3,781,6,4318,121,52,60
2607,47,3,782,2,4320,91,45,20
2608,47,3,783,4,4324,93,38,40
2609,47,3,784,7,4331,120,52,70
2610,47,3,785,5,4336,112,112,50
2611,47,3,786,4,4340,39,39,40
2612,47,3,787,6,4346,66,31,60
2613,47,3,788,2,4348,66,66,20
2614,47,3,789,2,4350,15,4,20
2615,47,3,790,2,4352,41,16,20
2616,47,3,791,6,4358,81,39,60
2617,47,3,792,8,4366,121,53,80
2618,47,3,793,2,4368,90,39,20
2619,47,3,794,5,4373,106,50,50
2620,47,3,795,2,4375,77,40,20
2621,47,3,796,8,4383,123,61,80
2622,47,3,797,5,4388,129,65,50
2623,47,3,798,6,4394,118,57,60
2624,47,3,799,8,4402,145,67,80
2625,47,3,800,6,4408,128,56,60
2626,47,3,801,9,4417,164,66,90
2627,47,3,802,3,4420,124,49,30
2628,47,3,803,6,4426,145,64,60
2629,47,3,804,2,4428,99,39,20
2630,47,3,805,2,4430,81,35,20
2631,47,3,806,4,4434,86,49,40
2632,47,3,807,6,4440,94,37,60
2633,47,3,808,2,4442,79,32,20
2634,47,3,809,7,4449,139,45,70
2635,47,3,810,6,4455,166,73,60
2636,47,3,811,4,4459,129,44,40
2637,47,3,812,6,4465,148,76,60
2638,47,3,813,9,4474,156,78,90
2639,47,3,814,5,4479,123,52,50
2640,47,3,815,6,4485,129,49,60
2641,47,3,816,5,4490,125,64,50
2642,47,3,817,3,4493,88,88,30
2643,47,3,818,5,4498,46,20,50
2644,47,3,819,4,4502,66,31,40
2645,47,3,820,8,4510,119,119,80
2646,47,3,821,5,4515,41,20,50
2647,47,3,822,6,4521,92,48,60
2648,47,3,823,6,4527,107,44,60
2649,47,3,824,9,4536,149,60,90
2650,47,3,825,2,4538,117,49,20
2651,47,3,826,5,4543,115,56,50
2652,47,3,827,3,4546,83,34,30
2653,47,3,828,6,4552,108,50,60
2654,47,3,829,7,4559,126,45,70
2655,47,3,830,4,4563,120,56,40
2656,47,3,831,9,4572,166,71,90
2657,47,3,832,4,4576,132,62,40
2658,47,3,833,2,4578,89,35,20
2659,47,3,834,7,4585,137,62,70
2660,47,3,835,9,4594,174,82,90
2661,47,3,836,3,4597,119,59,30
2662,47,3,837,8,4605,128,64,80
2663,47,3,838,7,4612,135,62,70
2664,47,3,839,7,4619,142,142,70
2665,47,3,840,6,4625,68,23,60
2666,47,3,841,7,4632,94,94,70
2667,47,3,842,4,4636,39,15,40
2668,47,3,843,7,4643,88,37,70
2669,47,3,844,9,4652,140,61,90
2670,47,3,845,8,4660,173,74,80
2671,47,3,846,5,4665,164,74,50
2672,47,3,847,2,4667,112,55,20
2673,47,3,848,8,4675,144,70,80
2674,47,3,849,2,4677,80,80,20
2675,47,3,850,6,4683,58,23,60
2676,47,3,851,4,4687,75,30,40
2677,47,3,852,8,4695,143,67,80
2678,47,3,853,8,4703,156,73,80
2679,47,3,854,4,4707,123,51,40
2680,47,3,855,2,4709,88,47,20
2681,47,3,856,2,4711,65,28,20
2682,47,3,857,5,4716,100,100,50
2683,47,3,858,4,4720,35,12,40
2684,47,3,859,2,4722,52,22,20
2685,47,3,860,7,4729,120,57,70
2686,47,3,861,5,4734,116,58,50
2687,47,3,862,2,4736,73,36,20
2688,47,3,863,7,4743,110,38,70
2689,47,3,864,9,4752,162,77,90
2690,47,3,865,7,4759,148,148,70
2691,47,3,866,3,4762,35,17,30
2692,47,3,867,4,4766,60,33,40
2693,47,3,868,3,4769,56,56,30
2694,47,3,869,4,4773,32,11,40
2695,47,3,870,7,4780,98,45,70
2696,47,3,871,4,4784,103,39,40
2697,47,3,872,7,4791,121,48,70
2698,47,3,873,8,4799,137,57,80
2699,47,3,874,7,4806,149,74,70
2700,47,3,875,8,4814,153,68,80
2701,47,3,876,9,4823,173,81,90
2702,47,3,877,5,4828,145,56,50
2703,47,3,878,6,4834,154,78,60
2704,47,3,879,6,4840,144,144,60
2705,47,3,880,4,4844,39,39,40
2706,47,3,881,2,4846,30,11,20
2707,47,3,882,2,4848,32,16,20
2708,47,3,883,7,4855,86,37,70
2709,47,3,884,7,4862,134,61,70
2710,47,3,885,8,4870,164,75,80
2711,47,3,886,4,4874,125,125,40
2712,47,3,887,6,4880,56,20,60
2713,47,3,888,4,4884,61,31,40
2714,47,3,889,8,4892,109,109,80
2715,47,3,890,7,4899,67,67,70
2716,47,3,891,9,4908,84,36,90
2717,47,3,892,7,4915,126,43,70
2718,47,3,893,5,4920,143,67,50
2719,47,3,894,9,4929,168,168,90
2720,47,3,895,3,4932,24,12,30
2721,47,3,896,4,4936,50,21,40
2722,47,3,897,5,4941,78,37,50
2723,47,3,898,9,4950,140,60,90
2724,47,3,899,3,4953,109,109,30
2725,47,3,900,7,4960,68,33,70
2726,47,3,901,9,4969,131,71,90
2727,47,3,902,8,4977,137,61,80
2728,47,3,903,8,4985,169,68,80
2729,47,3,904,7,4992,177,86,70
2730,47,3,905,4,4996,130,130,40
