,Scenario,Trial,Inspection,Interval,Time,Defects,Rate
0,15,1,1,4,4,31,40
1,15,1,2,6,10,68,60
2,15,1,3,8,18,72,80
3,15,1,4,4,22,37,40
4,15,1,5,4,26,43,40
5,15,1,6,4,30,37,40
6,15,1,7,4,34,34,40
7,15,1,8,9,43,79,90
8,15,1,9,4,47,36,40
9,15,1,10,4,51,39,40
10,15,1,11,9,60,79,90
11,15,1,12,4,64,37,40
12,15,1,13,4,68,48,40
13,15,1,14,9,77,84,90
14,15,1,15,5,82,44,50
15,15,1,16,2,84,21,20
16,15,1,17,7,91,69,70
17,15,1,18,8,99,83,80
18,15,1,19,5,104,36,50
19,15,1,20,9,113,87,90
20,15,1,21,3,116,28,30
21,15,1,22,7,123,67,70
22,15,1,23,3,126,21,30
23,15,1,24,5,131,64,50
24,15,1,25,8,139,74,80
25,15,1,26,8,147,68,80
26,15,1,27,2,149,14,20
27,15,1,28,5,154,48,50
28,15,1,29,2,156,26,20
29,15,1,30,2,158,0,20
30,15,1,31,4,162,65,40
31,15,1,32,5,167,47,50
32,15,1,33,6,173,59,60
33,15,1,34,4,177,38,40
34,15,1,35,2,179,17,20
35,15,1,36,9,188,91,90
36,15,1,37,2,190,17,20
37,15,1,38,3,193,24,30
38,15,1,39,5,198,41,50
39,15,1,40,6,204,61,60
40,15,1,41,3,207,0,30
41,15,1,42,6,213,97,60
42,15,1,43,4,217,47,40
43,15,1,44,4,221,41,40
44,15,1,45,2,223,14,20
45,15,1,46,3,226,31,30
46,15,1,47,6,232,54,60
47,15,1,48,4,236,28,40
48,15,1,49,2,238,15,20
49,15,1,50,6,244,62,60
50,15,1,51,7,251,0,70
51,15,1,52,8,259,150,80
52,15,1,53,6,265,73,60
53,15,1,54,8,273,81,80
54,15,1,55,9,282,94,90
55,15,1,56,4,286,39,40
56,15,1,57,4,290,43,40
57,15,1,58,3,293,21,30
58,15,1,59,6,299,50,60
59,15,1,60,6,305,68,60
60,15,1,61,8,313,84,80
61,15,1,62,5,318,50,50
62,15,1,63,8,326,75,80
63,15,1,64,5,331,54,50
64,15,1,65,5,336,57,50
65,15,1,66,5,341,66,50
66,15,1,67,3,344,32,30
67,15,1,68,8,352,73,80
68,15,1,69,8,360,89,80
69,15,1,70,4,364,36,40
70,15,1,71,6,370,56,60
71,15,1,72,9,379,0,90
72,15,1,73,5,384,131,50
73,15,1,74,9,393,87,90
74,15,1,75,2,395,12,20
75,15,1,76,8,403,83,80
76,15,1,77,6,409,75,60
77,15,1,78,6,415,59,60
78,15,1,79,5,420,44,50
79,15,1,80,8,428,97,80
80,15,1,81,6,434,49,60
81,15,1,82,9,443,96,90
82,15,1,83,4,447,34,40
83,15,1,84,5,452,52,50
84,15,1,85,7,459,73,70
85,15,1,86,8,467,71,80
86,15,1,87,3,470,24,30
87,15,1,88,6,476,58,60
88,15,1,89,6,482,71,60
89,15,1,90,5,487,64,50
90,15,1,91,8,495,68,80
91,15,1,92,2,497,10,20
92,15,1,93,3,500,34,30
93,15,1,94,2,502,17,20
94,15,1,95,8,510,79,80
95,15,1,96,5,515,50,50
96,15,1,97,7,522,65,70
97,15,1,98,9,531,79,90
98,15,1,99,6,537,62,60
99,15,1,100,9,546,91,90
100,15,1,101,5,551,47,50
101,15,1,102,6,557,61,60
102,15,1,103,2,559,16,20
103,15,1,104,4,563,0,40
104,15,1,105,9,572,140,90
105,15,1,106,2,574,20,20
106,15,1,107,8,582,79,80
107,15,1,108,2,584,18,20
108,15,1,109,8,592,74,80
109,15,1,110,5,597,45,50
110,15,1,111,8,605,90,80
111,15,1,112,9,614,93,90
112,15,1,113,4,618,42,40
113,15,1,114,8,626,71,80
114,15,1,115,9,635,81,90
115,15,1,116,2,637,0,20
116,15,1,117,5,642,70,50
117,15,1,118,6,648,60,60
118,15,1,119,3,651,28,30
119,15,1,120,7,658,62,70
120,15,1,121,2,660,17,20
121,15,1,122,3,663,37,30
122,15,1,123,4,667,35,40
123,15,1,124,7,674,79,70
124,15,1,125,6,680,52,60
125,15,1,126,2,682,0,20
126,15,1,127,7,689,92,70
127,15,1,128,2,691,23,20
128,15,1,129,7,698,63,70
129,15,1,130,6,704,43,60
130,15,1,131,5,709,45,50
131,15,1,132,5,714,40,50
132,15,1,133,7,721,68,70
133,15,1,134,9,730,99,90
134,15,1,135,2,732,12,20
135,15,1,136,7,739,73,70
136,15,1,137,4,743,34,40
137,15,1,138,2,745,22,20
138,15,1,139,7,752,74,70
139,15,1,140,3,755,24,30
140,15,1,141,2,757,18,20
141,15,1,142,6,763,74,60
142,15,1,143,6,769,0,60
143,15,1,144,2,771,83,20
144,15,1,145,5,776,45,50
145,15,1,146,9,785,104,90
146,15,1,147,3,788,37,30
147,15,1,148,2,790,22,20
148,15,1,149,5,795,47,50
149,15,1,150,9,804,80,90
150,15,1,151,5,809,37,50
151,15,1,152,2,811,20,20
152,15,1,153,5,816,52,50
153,15,1,154,7,823,70,70
154,15,1,155,6,829,59,60
155,15,1,156,4,833,49,40
156,15,1,157,5,838,0,50
157,15,1,158,3,841,0,30
158,15,1,159,5,846,132,50
159,15,1,160,8,854,82,80
160,15,1,161,9,863,96,90
161,15,1,162,9,872,91,90
162,15,1,163,7,879,65,70
163,15,1,164,4,883,0,40
164,15,1,165,4,887,0,40
165,15,1,166,3,890,104,30
166,15,1,167,4,894,32,40
167,15,1,168,2,896,24,20
168,15,1,169,4,900,41,40
169,15,1,170,5,905,44,50
170,15,1,171,4,909,55,40
171,15,1,172,6,915,51,60
172,15,1,173,2,917,15,20
173,15,1,174,3,920,35,30
174,15,1,175,9,929,96,90
175,15,1,176,5,934,59,50
176,15,1,177,5,939,0,50
177,15,1,178,7,946,114,70
178,15,1,179,3,949,32,30
179,15,1,180,3,952,44,30
180,15,1,181,9,961,74,90
181,15,1,182,6,967,48,60
182,15,1,183,7,974,66,70
183,15,1,184,5,979,53,50
184,15,1,185,8,987,69,80
185,15,1,186,4,991,36,40
186,15,1,187,3,994,30,30
187,15,1,188,2,996,23,20
188,15,1,189,9,1005,96,90
189,15,1,190,9,1014,94,90
190,15,1,191,3,1017,25,30
191,15,1,192,3,1020,23,30
192,15,1,193,2,1022,24,20
193,15,1,194,5,1027,0,50
194,15,1,195,6,1033,112,60
195,15,1,196,3,1036,30,30
196,15,1,197,9,1045,94,90
197,15,1,198,9,1054,95,90
198,15,1,199,5,1059,39,50
199,15,1,200,6,1065,58,60
200,15,1,201,6,1071,57,60
201,15,1,202,8,1079,80,80
202,15,1,203,9,1088,110,90
203,15,1,204,2,1090,25,20
204,15,1,205,8,1098,106,80
205,15,1,206,7,1105,69,70
206,15,1,207,6,1111,63,60
207,15,1,208,5,1116,48,50
208,15,1,209,5,1121,42,50
209,15,1,210,8,1129,67,80
210,15,1,211,4,1133,40,40
211,15,1,212,4,1137,41,40
212,15,1,213,4,1141,28,40
213,15,1,214,5,1146,54,50
214,15,1,215,2,1148,19,20
215,15,1,216,2,1150,16,20
216,15,1,217,3,1153,30,30
217,15,1,218,9,1162,92,90
218,15,1,219,4,1166,43,40
219,15,1,220,2,1168,24,20
220,15,1,221,8,1176,73,80
221,15,1,222,8,1184,58,80
222,15,1,223,6,1190,56,60
223,15,1,224,6,1196,52,60
224,15,1,225,6,1202,63,60
225,15,1,226,2,1204,20,20
226,15,1,227,7,1211,59,70
227,15,1,228,5,1216,37,50
228,15,1,229,2,1218,17,20
229,15,1,230,4,1222,0,40
230,15,1,231,8,1230,131,80
231,15,1,232,5,1235,61,50
232,15,1,233,4,1239,37,40
233,15,1,234,7,1246,62,70
234,15,1,235,2,1248,17,20
235,15,1,236,4,1252,33,40
236,15,1,237,5,1257,34,50
237,15,1,238,6,1263,64,60
238,15,1,239,9,1272,101,90
239,15,1,240,7,1279,74,70
240,15,1,241,7,1286,64,70
241,15,1,242,6,1292,52,60
242,15,1,243,5,1297,39,50
243,15,1,244,8,1305,70,80
244,15,1,245,6,1311,55,60
245,15,1,246,5,1316,49,50
246,15,1,247,5,1321,54,50
247,15,1,248,9,1330,101,90
248,15,1,249,6,1336,50,60
249,15,1,250,4,1340,33,40
250,15,1,251,5,1345,41,50
251,15,1,252,3,1348,37,30
252,15,1,253,8,1356,78,80
253,15,1,254,6,1362,50,60
254,15,1,255,7,1369,73,70
255,15,1,256,7,1376,66,70
256,15,1,257,5,1381,50,50
257,15,1,258,5,1386,44,50
258,15,1,259,6,1392,54,60
259,15,1,260,3,1395,23,30
260,15,1,261,5,1400,44,50
261,15,1,262,8,1408,82,80
262,15,1,263,9,1417,97,90
263,15,1,264,4,1421,38,40
264,15,1,265,5,1426,54,50
265,15,1,266,7,1433,64,70
266,15,1,267,9,1442,79,90
267,15,1,268,4,1446,43,40
268,15,1,269,3,1449,39,30
269,15,1,270,6,1455,57,60
270,15,1,271,4,1459,54,40
271,15,1,272,8,1467,0,80
272,15,1,273,4,1471,110,40
273,15,1,274,2,1473,18,20
274,15,1,275,9,1482,80,90
275,15,1,276,9,1491,97,90
276,15,1,277,6,1497,63,60
277,15,1,278,3,1500,30,30
278,15,1,279,3,1503,33,30
279,15,1,280,2,1505,23,20
280,15,1,281,8,1513,72,80
281,15,1,282,9,1522,100,90
282,15,1,283,5,1527,50,50
283,15,1,284,2,1529,18,20
284,15,1,285,4,1533,42,40
285,15,1,286,4,1537,35,40
286,15,1,287,5,1542,43,50
287,15,1,288,5,1547,52,50
288,15,1,289,5,1552,47,50
289,15,1,290,4,1556,46,40
290,15,1,291,4,1560,40,40
291,15,1,292,7,1567,71,70
292,15,1,293,5,1572,52,50
293,15,1,294,4,1576,39,40
294,15,1,295,9,1585,103,90
295,15,1,296,7,1592,51,70
296,15,1,297,6,1598,58,60
297,15,1,298,5,1603,42,50
298,15,1,299,8,1611,63,80
299,15,1,300,4,1615,40,40
300,15,1,301,3,1618,31,30
301,15,1,302,6,1624,47,60
302,15,1,303,2,1626,0,20
303,15,1,304,6,1632,63,60
304,15,1,305,4,1636,50,40
305,15,1,306,7,1643,0,70
306,15,1,307,2,1645,70,20
307,15,1,308,9,1654,73,90
308,15,1,309,2,1656,22,20
309,15,1,310,6,1662,61,60
310,15,1,311,3,1665,26,30
311,15,1,312,4,1669,27,40
312,15,1,313,7,1676,77,70
313,15,1,314,4,1680,48,40
314,15,1,315,3,1683,31,30
315,15,1,316,5,1688,58,50
316,15,1,317,2,1690,18,20
317,15,1,318,6,1696,59,60
318,15,1,319,3,1699,30,30
319,15,1,320,9,1708,112,90
320,15,1,321,7,1715,74,70
321,15,1,322,6,1721,64,60
322,15,1,323,3,1724,31,30
323,15,1,324,7,1731,74,70
324,15,1,325,3,1734,22,30
325,15,1,326,3,1737,28,30
326,15,1,327,9,1746,93,90
327,15,1,328,3,1749,33,30
328,15,1,329,9,1758,101,90
329,15,1,330,7,1765,66,70
330,15,1,331,6,1771,50,60
331,15,1,332,3,1774,22,30
332,15,1,333,8,1782,77,80
333,15,1,334,5,1787,49,50
334,15,1,335,9,1796,88,90
335,15,1,336,6,1802,64,60
336,15,1,337,2,1804,22,20
337,15,1,338,8,1812,84,80
338,15,1,339,6,1818,52,60
339,15,1,340,3,1821,35,30
340,15,1,341,5,1826,45,50
341,15,1,342,7,1833,80,70
342,15,1,343,9,1842,94,90
343,15,1,344,7,1849,66,70
344,15,1,345,9,1858,115,90
345,15,1,346,4,1862,35,40
346,15,1,347,7,1869,75,70
347,15,1,348,9,1878,93,90
348,15,1,349,7,1885,74,70
349,15,1,350,7,1892,77,70
350,15,1,351,2,1894,17,20
351,15,1,352,3,1897,39,30
352,15,1,353,5,1902,35,50
353,15,1,354,2,1904,23,20
354,15,1,355,3,1907,33,30
355,15,1,356,2,1909,21,20
356,15,1,357,5,1914,58,50
357,15,1,358,3,1917,31,30
358,15,1,359,8,1925,69,80
359,15,1,360,9,1934,98,90
360,15,1,361,3,1937,29,30
361,15,1,362,2,1939,18,20
362,15,1,363,5,1944,44,50
363,15,1,364,6,1950,55,60
364,15,1,365,2,1952,18,20
365,15,1,366,5,1957,45,50
366,15,1,367,6,1963,61,60
367,15,1,368,4,1967,0,40
368,15,1,369,6,1973,96,60
369,15,1,370,5,1978,63,50
370,15,1,371,2,1980,19,20
371,15,1,372,4,1984,36,40
372,15,1,373,3,1987,31,30
373,15,1,374,5,1992,52,50
374,15,1,375,7,1999,59,70
375,15,1,376,3,2002,42,30
376,15,1,377,4,2006,37,40
377,15,1,378,2,2008,16,20
378,15,1,379,4,2012,32,40
379,15,1,380,5,2017,56,50
380,15,1,381,2,2019,21,20
381,15,1,382,7,2026,69,70
382,15,1,383,9,2035,103,90
383,15,1,384,8,2043,61,80
384,15,1,385,2,2045,21,20
385,15,1,386,3,2048,31,30
386,15,1,387,7,2055,80,70
387,15,1,388,4,2059,47,40
388,15,1,389,7,2066,82,70
389,15,1,390,5,2071,48,50
390,15,1,391,9,2080,105,90
391,15,1,392,7,2087,56,70
392,15,1,393,9,2096,97,90
393,15,1,394,2,2098,27,20
394,15,1,395,7,2105,77,70
395,15,1,396,7,2112,61,70
396,15,1,397,4,2116,35,40
397,15,1,398,8,2124,89,80
398,15,1,399,3,2127,35,30
399,15,1,400,5,2132,54,50
400,15,1,401,2,2134,19,20
401,15,1,402,4,2138,26,40
402,15,1,403,3,2141,27,30
403,15,1,404,8,2149,77,80
404,15,1,405,4,2153,56,40
405,15,1,406,2,2155,21,20
406,15,1,407,6,2161,0,60
407,15,1,408,9,2170,169,90
408,15,1,409,6,2176,70,60
409,15,1,410,8,2184,0,80
410,15,1,411,5,2189,129,50
411,15,1,412,8,2197,82,80
412,15,1,413,4,2201,45,40
413,15,1,414,2,2203,21,20
414,15,1,415,8,2211,76,80
415,15,1,416,5,2216,42,50
416,15,1,417,3,2219,29,30
417,15,1,418,4,2223,43,40
418,15,1,419,2,2225,33,20
419,15,1,420,8,2233,83,80
420,15,1,421,7,2240,66,70
421,15,1,422,8,2248,78,80
422,15,1,423,2,2250,22,20
423,15,1,424,5,2255,48,50
424,15,1,425,2,2257,23,20
425,15,1,426,5,2262,61,50
426,15,1,427,3,2265,38,30
427,15,1,428,6,2271,56,60
428,15,1,429,7,2278,79,70
429,15,1,430,3,2281,36,30
430,15,1,431,4,2285,38,40
431,15,1,432,5,2290,55,50
432,15,1,433,8,2298,70,80
433,15,1,434,7,2305,73,70
434,15,1,435,6,2311,64,60
435,15,1,436,7,2318,62,70
436,15,1,437,4,2322,37,40
437,15,1,438,7,2329,76,70
438,15,1,439,8,2337,83,80
439,15,1,440,8,2345,73,80
440,15,1,441,7,2352,63,70
441,15,1,442,6,2358,63,60
442,15,1,443,7,2365,70,70
443,15,1,444,4,2369,39,40
444,15,1,445,8,2377,84,80
445,15,1,446,7,2384,74,70
446,15,1,447,5,2389,64,50
447,15,1,448,3,2392,41,30
448,15,1,449,8,2400,86,80
449,15,1,450,5,2405,45,50
450,15,1,451,2,2407,21,20
451,15,1,452,4,2411,38,40
452,15,1,453,7,2418,75,70
453,15,1,454,9,2427,0,90
454,15,1,455,7,2434,157,70
455,15,1,456,7,2441,77,70
456,15,1,457,9,2450,88,90
457,15,1,458,7,2457,0,70
458,15,1,459,8,2465,141,80
459,15,1,460,7,2472,64,70
460,15,1,461,5,2477,65,50
461,15,1,462,4,2481,45,40
462,15,1,463,3,2484,28,30
463,15,1,464,7,2491,69,70
464,15,1,465,8,2499,85,80
465,15,1,466,3,2502,38,30
466,15,1,467,2,2504,23,20
467,15,1,468,9,2513,96,90
468,15,1,469,8,2521,63,80
469,15,1,470,5,2526,42,50
470,15,1,471,5,2531,40,50
471,15,1,472,8,2539,83,80
472,15,1,473,5,2544,42,50
473,15,1,474,8,2552,67,80
474,15,1,475,6,2558,53,60
475,15,1,476,5,2563,57,50
476,15,1,477,9,2572,96,90
477,15,1,478,7,2579,76,70
478,15,1,479,3,2582,29,30
479,15,1,480,7,2589,73,70
480,15,1,481,9,2598,82,90
481,15,1,482,9,2607,98,90
482,15,1,483,6,2613,61,60
483,15,1,484,8,2621,93,80
484,15,1,485,3,2624,26,30
485,15,1,486,2,2626,15,20
486,15,1,487,7,2633,64,70
487,15,1,488,9,2642,75,90
488,15,1,489,3,2645,29,30
489,15,1,490,9,2654,100,90
490,15,1,491,3,2657,37,30
491,15,1,492,2,2659,16,20
492,15,1,493,8,2667,81,80
493,15,1,494,3,2670,25,30
494,15,1,495,4,2674,51,40
495,15,1,496,5,2679,0,50
496,15,1,497,4,2683,104,40
497,15,1,498,7,2690,73,70
498,15,1,499,2,2692,20,20
499,15,1,500,5,2697,52,50
500,15,1,501,9,2706,101,90
501,15,1,502,4,2710,46,40
502,15,1,503,3,2713,32,30
503,15,1,504,7,2720,60,70
504,15,1,505,7,2727,77,70
505,15,1,506,8,2735,77,80
506,15,1,507,8,2743,89,80
507,15,1,508,8,2751,85,80
508,15,1,509,8,2759,73,80
509,15,1,510,2,2761,23,20
510,15,1,511,3,2764,30,30
511,15,1,512,4,2768,32,40
512,15,1,513,8,2776,94,80
513,15,1,514,2,2778,25,20
514,15,1,515,3,2781,26,30
515,15,1,516,6,2787,56,60
516,15,1,517,2,2789,25,20
517,15,1,518,5,2794,36,50
518,15,1,519,3,2797,31,30
519,15,1,520,8,2805,67,80
520,15,1,521,4,2809,38,40
521,15,1,522,5,2814,46,50
522,15,1,523,3,2817,39,30
523,15,1,524,4,2821,47,40
524,15,1,525,9,2830,84,90
525,15,1,526,9,2839,85,90
526,15,1,527,7,2846,79,70
527,15,1,528,4,2850,39,40
528,15,1,529,2,2852,17,20
529,15,1,530,3,2855,35,30
530,15,1,531,5,2860,63,50
531,15,1,532,7,2867,74,70
532,15,1,533,4,2871,28,40
533,15,1,534,3,2874,42,30
534,15,1,535,7,2881,76,70
535,15,1,536,9,2890,88,90
536,15,1,537,9,2899,80,90
537,15,1,538,6,2905,62,60
538,15,1,539,2,2907,26,20
539,15,1,540,7,2914,76,70
540,15,1,541,7,2921,74,70
541,15,1,542,4,2925,31,40
542,15,1,543,2,2927,19,20
543,15,1,544,6,2933,69,60
544,15,1,545,2,2935,17,20
545,15,1,546,8,2943,0,80
546,15,1,547,5,2948,113,50
547,15,1,548,5,2953,51,50
548,15,1,549,6,2959,61,60
549,15,1,550,6,2965,60,60
550,15,1,551,2,2967,13,20
551,15,1,552,7,2974,62,70
552,15,1,553,2,2976,20,20
553,15,1,554,2,2978,20,20
554,15,1,555,2,2980,0,20
555,15,1,556,6,2986,66,60
556,15,1,557,8,2994,89,80
557,15,1,558,5,2999,48,50
558,15,1,559,8,3007,85,80
559,15,1,560,6,3013,61,60
560,15,1,561,2,3015,21,20
561,15,1,562,2,3017,29,20
562,15,1,563,2,3019,17,20
563,15,1,564,4,3023,31,40
564,15,1,565,9,3032,85,90
565,15,1,566,5,3037,55,50
566,15,1,567,8,3045,85,80
567,15,1,568,6,3051,61,60
568,15,1,569,8,3059,74,80
569,15,1,570,6,3065,69,60
570,15,1,571,8,3073,85,80
571,15,1,572,3,3076,29,30
572,15,1,573,8,3084,67,80
573,15,1,574,3,3087,32,30
574,15,1,575,2,3089,22,20
575,15,1,576,9,3098,104,90
576,15,1,577,9,3107,82,90
577,15,1,578,7,3114,75,70
578,15,1,579,7,3121,76,70
579,15,1,580,2,3123,15,20
580,15,1,581,8,3131,76,80
581,15,1,582,8,3139,85,80
582,15,1,583,5,3144,50,50
583,15,1,584,9,3153,83,90
584,15,1,585,7,3160,69,70
585,15,1,586,7,3167,76,70
586,15,1,587,6,3173,54,60
587,15,1,588,3,3176,24,30
588,15,1,589,8,3184,91,80
589,15,1,590,6,3190,56,60
590,15,1,591,2,3192,32,20
591,15,1,592,4,3196,33,40
592,15,1,593,9,3205,96,90
593,15,1,594,3,3208,34,30
594,15,1,595,4,3212,37,40
595,15,1,596,5,3217,49,50
596,15,1,597,9,3226,87,90
597,15,1,598,2,3228,14,20
598,15,1,599,7,3235,0,70
599,15,1,600,2,3237,93,20
600,15,1,601,6,3243,60,60
601,15,1,602,4,3247,37,40
602,15,1,603,5,3252,41,50
603,15,1,604,3,3255,21,30
604,15,1,605,6,3261,59,60
605,15,1,606,8,3269,78,80
606,15,1,607,5,3274,40,50
607,15,1,608,6,3280,56,60
608,15,1,609,3,3283,38,30
609,15,1,610,5,3288,51,50
610,15,1,611,6,3294,62,60
611,15,1,612,7,3301,60,70
612,15,1,613,7,3308,67,70
613,15,1,614,3,3311,32,30
614,15,1,615,3,3314,0,30
615,15,1,616,4,3318,73,40
616,15,1,617,7,3325,68,70
617,15,1,618,6,3331,70,60
618,15,1,619,9,3340,96,90
619,15,1,620,9,3349,88,90
620,15,1,621,5,3354,38,50
621,15,1,622,2,3356,18,20
622,15,1,623,4,3360,0,40
623,15,1,624,3,3363,61,30
624,15,1,625,2,3365,10,20
625,15,1,626,6,3371,76,60
626,15,1,627,3,3374,40,30
627,15,1,628,6,3380,78,60
628,15,1,629,5,3385,53,50
629,15,1,630,3,3388,26,30
630,15,1,631,2,3390,22,20
631,15,1,632,6,3396,55,60
632,15,1,633,4,3400,37,40
633,15,1,634,3,3403,30,30
634,15,1,635,3,3406,37,30
635,15,1,636,5,3411,49,50
636,15,1,637,8,3419,87,80
637,15,1,638,6,3425,62,60
638,15,1,639,7,3432,66,70
639,15,1,640,2,3434,14,20
640,15,1,641,4,3438,37,40
641,15,1,642,9,3447,81,90
642,15,1,643,2,3449,0,20
643,15,1,644,5,3454,72,50
644,15,1,645,3,3457,27,30
645,15,1,646,3,3460,27,30
646,15,1,647,5,3465,45,50
647,15,1,648,5,3470,59,50
648,15,1,649,5,3475,46,50
649,15,1,650,5,3480,56,50
650,15,1,651,3,3483,28,30
651,15,1,652,5,3488,0,50
652,15,1,653,7,3495,119,70
653,15,1,654,5,3500,49,50
654,15,1,655,7,3507,68,70
655,15,1,656,5,3512,54,50
656,15,1,657,7,3519,65,70
657,15,1,658,2,3521,18,20
658,15,1,659,2,3523,16,20
659,15,1,660,5,3528,58,50
660,15,1,661,8,3536,0,80
661,15,1,662,5,3541,140,50
662,15,1,663,5,3546,45,50
663,15,1,664,7,3553,66,70
664,15,1,665,6,3559,63,60
665,15,1,666,3,3562,35,30
666,15,1,667,3,3565,27,30
667,15,1,668,5,3570,37,50
668,15,1,669,2,3572,18,20
669,15,1,670,7,3579,67,70
670,15,1,671,2,3581,15,20
671,15,1,672,6,3587,60,60
672,15,1,673,3,3590,30,30
673,15,1,674,2,3592,12,20
674,15,1,675,3,3595,31,30
675,15,1,676,9,3604,90,90
676,15,1,677,6,3610,65,60
677,15,1,678,9,3619,105,90
678,15,1,679,4,3623,45,40
679,15,1,680,5,3628,36,50
680,15,1,681,2,3630,20,20
681,15,1,682,4,3634,50,40
682,15,1,683,6,3640,62,60
683,15,1,684,5,3645,43,50
684,15,1,685,9,3654,84,90
685,15,1,686,9,3663,88,90
686,15,1,687,4,3667,44,40
687,15,1,688,3,3670,0,30
688,15,1,689,4,3674,66,40
689,15,1,690,2,3676,23,20
690,15,1,691,4,3680,0,40
691,15,1,692,6,3686,101,60
692,15,1,693,9,3695,85,90
693,15,1,694,7,3702,72,70
694,15,1,695,6,3708,68,60
695,15,1,696,3,3711,35,30
696,15,1,697,7,3718,0,70
697,15,1,698,3,3721,97,30
698,15,1,699,4,3725,40,40
699,15,1,700,5,3730,59,50
700,15,1,701,8,3738,83,80
701,15,1,702,4,3742,30,40
702,15,1,703,9,3751,84,90
703,15,1,704,7,3758,86,70
704,15,1,705,8,3766,79,80
705,15,1,706,7,3773,60,70
706,15,1,707,9,3782,91,90
707,15,1,708,6,3788,45,60
708,15,1,709,2,3790,0,20
709,15,1,710,6,3796,80,60
710,15,1,711,3,3799,24,30
711,15,1,712,7,3806,75,70
712,15,1,713,3,3809,30,30
713,15,1,714,2,3811,25,20
714,15,1,715,9,3820,90,90
715,15,1,716,3,3823,26,30
716,15,1,717,4,3827,39,40
717,15,1,718,8,3835,84,80
718,15,1,719,6,3841,58,60
719,15,1,720,6,3847,66,60
720,15,1,721,6,3853,63,60
721,15,1,722,3,3856,41,30
722,15,1,723,9,3865,87,90
723,15,1,724,5,3870,55,50
724,15,1,725,5,3875,58,50
725,15,1,726,2,3877,25,20
726,15,1,727,8,3885,88,80
727,15,1,728,7,3892,72,70
728,15,1,729,2,3894,28,20
729,15,1,730,9,3903,92,90
730,15,1,731,7,3910,71,70
731,15,1,732,3,3913,33,30
732,15,1,733,3,3916,30,30
733,15,1,734,5,3921,0,50
734,15,1,735,9,3930,153,90
735,15,1,736,7,3937,76,70
736,15,1,737,9,3946,83,90
737,15,1,738,8,3954,77,80
738,15,1,739,8,3962,80,80
739,15,1,740,4,3966,40,40
740,15,1,741,8,3974,79,80
741,15,1,742,4,3978,46,40
742,15,1,743,6,3984,56,60
743,15,1,744,8,3992,74,80
744,15,1,745,6,3998,55,60
745,15,1,746,8,4006,81,80
746,15,1,747,8,4014,85,80
747,15,1,748,9,4023,96,90
748,15,1,749,6,4029,65,60
749,15,1,750,5,4034,49,50
750,15,1,751,7,4041,70,70
751,15,1,752,4,4045,37,40
752,15,1,753,9,4054,83,90
753,15,1,754,5,4059,45,50
754,15,1,755,7,4066,55,70
755,15,1,756,5,4071,53,50
756,15,1,757,4,4075,48,40
757,15,1,758,7,4082,77,70
758,15,1,759,8,4090,79,80
759,15,1,760,7,4097,77,70
760,15,1,761,2,4099,20,20
761,15,1,762,9,4108,81,90
762,15,1,763,8,4116,84,80
763,15,1,764,2,4118,26,20
764,15,1,765,2,4120,20,20
765,15,1,766,8,4128,73,80
766,15,1,767,8,4136,99,80
767,15,1,768,8,4144,89,80
768,15,1,769,4,4148,49,40
769,15,1,770,7,4155,70,70
770,15,1,771,2,4157,16,20
771,15,1,772,6,4163,66,60
772,15,1,773,3,4166,37,30
773,15,1,774,2,4168,16,20
774,15,1,775,8,4176,81,80
775,15,1,776,2,4178,21,20
776,15,1,777,2,4180,16,20
777,15,1,778,4,4184,40,40
778,15,1,779,6,4190,63,60
779,15,1,780,7,4197,61,70
780,15,1,781,6,4203,56,60
781,15,1,782,6,4209,49,60
782,15,1,783,6,4215,66,60
783,15,1,784,5,4220,55,50
784,15,1,785,9,4229,100,90
785,15,1,786,7,4236,65,70
786,15,1,787,8,4244,89,80
787,15,1,788,7,4251,68,70
788,15,1,789,6,4257,63,60
789,15,1,790,3,4260,0,30
790,15,1,791,9,4269,118,90
791,15,1,792,6,4275,70,60
792,15,1,793,4,4279,43,40
793,15,1,794,5,4284,57,50
794,15,1,795,3,4287,26,30
795,15,1,796,4,4291,39,40
796,15,1,797,4,4295,39,40
797,15,1,798,2,4297,22,20
798,15,1,799,6,4303,59,60
799,15,1,800,5,4308,50,50
800,15,1,801,8,4316,77,80
801,15,1,802,7,4323,84,70
802,15,1,803,5,4328,57,50
803,15,1,804,8,4336,83,80
804,15,1,805,8,4344,67,80
805,15,1,806,9,4353,91,90
806,15,1,807,7,4360,66,70
807,15,1,808,8,4368,82,80
808,15,1,809,7,4375,69,70
809,15,1,810,2,4377,32,20
810,15,1,811,8,4385,80,80
811,15,1,812,5,4390,44,50
812,15,1,813,5,4395,57,50
813,15,1,814,8,4403,83,80
814,15,1,815,8,4411,75,80
815,15,1,816,9,4420,83,90
816,15,1,817,3,4423,37,30
817,15,1,818,9,4432,91,90
818,15,1,819,2,4434,24,20
819,15,1,820,7,4441,77,70
820,15,1,821,2,4443,22,20
821,15,1,822,7,4450,58,70
822,15,1,823,3,4453,37,30
823,15,1,824,7,4460,73,70
824,15,1,825,9,4469,86,90
825,15,1,826,4,4473,38,40
826,15,1,827,8,4481,86,80
827,15,1,828,7,4488,66,70
828,15,1,829,3,4491,0,30
829,15,1,830,5,4496,0,50
830,15,1,831,5,4501,136,50
831,15,1,832,2,4503,18,20
832,15,1,833,9,4512,91,90
833,15,1,834,9,4521,74,90
834,15,1,835,6,4527,53,60
835,15,1,836,4,4531,37,40
836,15,1,837,8,4539,83,80
837,15,1,838,9,4548,99,90
838,15,1,839,3,4551,33,30
839,15,1,840,3,4554,33,30
840,15,1,841,8,4562,72,80
841,15,1,842,7,4569,74,70
842,15,1,843,2,4571,27,20
843,15,1,844,7,4578,62,70
844,15,1,845,3,4581,32,30
845,15,1,846,3,4584,26,30
846,15,1,847,5,4589,67,50
847,15,1,848,2,4591,22,20
848,15,1,849,2,4593,23,20
849,15,1,850,6,4599,67,60
850,15,1,851,9,4608,98,90
851,15,1,852,2,4610,17,20
852,15,1,853,9,4619,88,90
853,15,1,854,7,4626,59,70
854,15,1,855,8,4634,96,80
855,15,1,856,9,4643,101,90
856,15,1,857,9,4652,82,90
857,15,1,858,8,4660,90,80
858,15,1,859,7,4667,71,70
859,15,1,860,5,4672,48,50
860,15,1,861,8,4680,75,80
861,15,1,862,4,4684,40,40
862,15,1,863,4,4688,30,40
863,15,1,864,9,4697,92,90
864,15,1,865,9,4706,95,90
865,15,1,866,6,4712,57,60
866,15,1,867,6,4718,65,60
867,15,1,868,9,4727,90,90
868,15,1,869,6,4733,64,60
869,15,1,870,5,4738,45,50
870,15,1,871,8,4746,83,80
871,15,1,872,9,4755,85,90
872,15,1,873,6,4761,63,60
873,15,1,874,9,4770,70,90
874,15,1,875,5,4775,64,50
875,15,1,876,9,4784,93,90
876,15,1,877,8,4792,96,80
877,15,1,878,5,4797,60,50
878,15,1,879,2,4799,12,20
879,15,1,880,6,4805,75,60
880,15,1,881,3,4808,29,30
881,15,1,882,9,4817,90,90
882,15,1,883,4,4821,48,40
883,15,1,884,7,4828,68,70
884,15,1,885,3,4831,31,30
885,15,1,886,4,4835,22,40
886,15,1,887,9,4844,89,90
887,15,1,888,9,4853,88,90
888,15,1,889,2,4855,21,20
889,15,1,890,8,4863,61,80
890,15,1,891,4,4867,43,40
891,15,1,892,7,4874,0,70
892,15,1,893,4,4878,117,40
893,15,1,894,8,4886,75,80
894,15,1,895,4,4890,44,40
895,15,1,896,8,4898,68,80
896,15,1,897,9,4907,92,90
897,15,1,898,2,4909,26,20
898,15,1,899,5,4914,56,50
899,15,1,900,9,4923,82,90
900,15,1,901,3,4926,27,30
901,15,1,902,9,4935,100,90
902,15,1,903,6,4941,64,60
903,15,1,904,7,4948,68,70
904,15,1,905,2,4950,26,20
905,15,1,906,5,4955,48,50
906,15,1,907,3,4958,30,30
907,15,1,908,3,4961,30,30
908,15,1,909,5,4966,45,50
909,15,1,910,8,4974,79,80
910,15,1,911,8,4982,82,80
911,15,1,912,5,4987,0,50
912,15,1,913,7,4994,105,70
913,15,1,914,3,4997,33,30
914,15,2,1,8,8,80,80
915,15,2,2,5,13,55,50
916,15,2,3,9,22,94,90
917,15,2,4,3,25,28,30
918,15,2,5,5,30,42,50
919,15,2,6,5,35,52,50
920,15,2,7,7,42,81,70
921,15,2,8,2,44,17,20
922,15,2,9,6,50,87,60
923,15,2,10,2,52,15,20
924,15,2,11,9,61,0,90
925,15,2,12,3,64,119,30
926,15,2,13,4,68,37,40
927,15,2,14,5,73,51,50
928,15,2,15,8,81,84,80
929,15,2,16,2,83,20,20
930,15,2,17,2,85,0,20
931,15,2,18,7,92,111,70
932,15,2,19,6,98,59,60
933,15,2,20,6,104,65,60
934,15,2,21,4,108,40,40
935,15,2,22,4,112,49,40
936,15,2,23,8,120,98,80
937,15,2,24,3,123,28,30
938,15,2,25,8,131,66,80
939,15,2,26,9,140,95,90
940,15,2,27,7,147,76,70
941,15,2,28,5,152,45,50
942,15,2,29,4,156,41,40
943,15,2,30,7,163,0,70
944,15,2,31,5,168,129,50
945,15,2,32,2,170,18,20
946,15,2,33,9,179,84,90
947,15,2,34,2,181,21,20
948,15,2,35,5,186,46,50
949,15,2,36,4,190,27,40
950,15,2,37,2,192,22,20
951,15,2,38,6,198,55,60
952,15,2,39,5,203,56,50
953,15,2,40,3,206,0,30
954,15,2,41,4,210,73,40
955,15,2,42,2,212,20,20
956,15,2,43,4,216,36,40
957,15,2,44,4,220,27,40
958,15,2,45,5,225,67,50
959,15,2,46,7,232,79,70
960,15,2,47,4,236,29,40
961,15,2,48,5,241,48,50
962,15,2,49,2,243,18,20
963,15,2,50,8,251,82,80
964,15,2,51,8,259,76,80
965,15,2,52,5,264,49,50
966,15,2,53,8,272,90,80
967,15,2,54,7,279,69,70
968,15,2,55,5,284,48,50
969,15,2,56,5,289,57,50
970,15,2,57,7,296,88,70
971,15,2,58,4,300,35,40
972,15,2,59,3,303,28,30
973,15,2,60,2,305,21,20
974,15,2,61,4,309,41,40
975,15,2,62,2,311,24,20
976,15,2,63,9,320,89,90
977,15,2,64,7,327,52,70
978,15,2,65,7,334,69,70
979,15,2,66,8,342,84,80
980,15,2,67,4,346,34,40
981,15,2,68,9,355,87,90
982,15,2,69,6,361,0,60
983,15,2,70,6,367,113,60
984,15,2,71,2,369,21,20
985,15,2,72,4,373,50,40
986,15,2,73,8,381,72,80
987,15,2,74,4,385,45,40
988,15,2,75,6,391,64,60
989,15,2,76,6,397,60,60
990,15,2,77,7,404,68,70
991,15,2,78,7,411,53,70
992,15,2,79,6,417,65,60
993,15,2,80,3,420,28,30
994,15,2,81,8,428,66,80
995,15,2,82,9,437,86,90
996,15,2,83,4,441,46,40
997,15,2,84,6,447,62,60
998,15,2,85,8,455,78,80
999,15,2,86,2,457,19,20
1000,15,2,87,3,460,31,30
1001,15,2,88,8,468,82,80
1002,15,2,89,4,472,38,40
1003,15,2,90,5,477,45,50
1004,15,2,91,4,481,38,40
1005,15,2,92,3,484,28,30
1006,15,2,93,3,487,30,30
1007,15,2,94,3,490,38,30
1008,15,2,95,6,496,64,60
1009,15,2,96,5,501,38,50
1010,15,2,97,6,507,47,60
1011,15,2,98,2,509,21,20
1012,15,2,99,9,518,86,90
1013,15,2,100,6,524,67,60
1014,15,2,101,9,533,101,90
1015,15,2,102,7,540,66,70
1016,15,2,103,2,542,26,20
1017,15,2,104,3,545,26,30
1018,15,2,105,3,548,21,30
1019,15,2,106,7,555,64,70
1020,15,2,107,6,561,60,60
1021,15,2,108,9,570,93,90
1022,15,2,109,4,574,48,40
1023,15,2,110,9,583,89,90
1024,15,2,111,2,585,15,20
1025,15,2,112,5,590,38,50
1026,15,2,113,6,596,0,60
1027,15,2,114,5,601,102,50
1028,15,2,115,4,605,33,40
1029,15,2,116,2,607,25,20
1030,15,2,117,3,610,31,30
1031,15,2,118,7,617,57,70
1032,15,2,119,7,624,78,70
1033,15,2,120,2,626,21,20
1034,15,2,121,3,629,31,30
1035,15,2,122,5,634,54,50
1036,15,2,123,8,642,78,80
1037,15,2,124,8,650,78,80
1038,15,2,125,6,656,67,60
1039,15,2,126,8,664,89,80
1040,15,2,127,5,669,52,50
1041,15,2,128,8,677,80,80
1042,15,2,129,8,685,82,80
1043,15,2,130,3,688,32,30
1044,15,2,131,6,694,53,60
1045,15,2,132,3,697,34,30
1046,15,2,133,7,704,77,70
1047,15,2,134,7,711,66,70
1048,15,2,135,6,717,62,60
1049,15,2,136,8,725,0,80
1050,15,2,137,8,733,177,80
1051,15,2,138,7,740,54,70
1052,15,2,139,3,743,39,30
1053,15,2,140,2,745,21,20
1054,15,2,141,4,749,37,40
1055,15,2,142,4,753,50,40
1056,15,2,143,7,760,74,70
1057,15,2,144,5,765,45,50
1058,15,2,145,7,772,62,70
1059,15,2,146,8,780,95,80
1060,15,2,147,2,782,19,20
1061,15,2,148,2,784,30,20
1062,15,2,149,9,793,83,90
1063,15,2,150,9,802,94,90
1064,15,2,151,3,805,23,30
1065,15,2,152,2,807,0,20
1066,15,2,153,6,813,77,60
1067,15,2,154,8,821,85,80
1068,15,2,155,8,829,78,80
1069,15,2,156,9,838,86,90
1070,15,2,157,2,840,18,20
1071,15,2,158,7,847,61,70
1072,15,2,159,9,856,90,90
1073,15,2,160,8,864,73,80
1074,15,2,161,2,866,13,20
1075,15,2,162,8,874,73,80
1076,15,2,163,2,876,11,20
1077,15,2,164,3,879,38,30
1078,15,2,165,2,881,22,20
1079,15,2,166,7,888,64,70
1080,15,2,167,8,896,84,80
1081,15,2,168,8,904,83,80
1082,15,2,169,9,913,88,90
1083,15,2,170,7,920,65,70
1084,15,2,171,8,928,69,80
1085,15,2,172,7,935,71,70
1086,15,2,173,5,940,63,50
1087,15,2,174,4,944,43,40
1088,15,2,175,5,949,47,50
1089,15,2,176,4,953,26,40
1090,15,2,177,6,959,53,60
1091,15,2,178,5,964,56,50
1092,15,2,179,5,969,44,50
1093,15,2,180,8,977,96,80
1094,15,2,181,6,983,66,60
1095,15,2,182,9,992,92,90
1096,15,2,183,9,1001,88,90
1097,15,2,184,2,1003,0,20
1098,15,2,185,5,1008,78,50
1099,15,2,186,3,1011,23,30
1100,15,2,187,5,1016,0,50
1101,15,2,188,4,1020,102,40
1102,15,2,189,7,1027,59,70
1103,15,2,190,7,1034,62,70
1104,15,2,191,6,1040,64,60
1105,15,2,192,3,1043,35,30
1106,15,2,193,5,1048,0,50
1107,15,2,194,4,1052,101,40
1108,15,2,195,7,1059,64,70
1109,15,2,196,6,1065,47,60
1110,15,2,197,2,1067,23,20
1111,15,2,198,9,1076,94,90
1112,15,2,199,9,1085,89,90
1113,15,2,200,4,1089,44,40
1114,15,2,201,5,1094,54,50
1115,15,2,202,4,1098,56,40
1116,15,2,203,9,1107,0,90
1117,15,2,204,8,1115,174,80
1118,15,2,205,5,1120,44,50
1119,15,2,206,5,1125,53,50
1120,15,2,207,9,1134,92,90
1121,15,2,208,4,1138,41,40
1122,15,2,209,8,1146,71,80
1123,15,2,210,9,1155,94,90
1124,15,2,211,4,1159,33,40
1125,15,2,212,7,1166,73,70
1126,15,2,213,4,1170,37,40
1127,15,2,214,5,1175,63,50
1128,15,2,215,9,1184,77,90
1129,15,2,216,9,1193,0,90
1130,15,2,217,5,1198,147,50
1131,15,2,218,7,1205,83,70
1132,15,2,219,6,1211,56,60
1133,15,2,220,9,1220,88,90
1134,15,2,221,2,1222,21,20
1135,15,2,222,9,1231,58,90
1136,15,2,223,5,1236,73,50
1137,15,2,224,8,1244,83,80
1138,15,2,225,6,1250,0,60
1139,15,2,226,3,1253,89,30
1140,15,2,227,7,1260,69,70
1141,15,2,228,4,1264,44,40
1142,15,2,229,4,1268,32,40
1143,15,2,230,9,1277,70,90
1144,15,2,231,8,1285,88,80
1145,15,2,232,7,1292,69,70
1146,15,2,233,5,1297,58,50
1147,15,2,234,9,1306,0,90
1148,15,2,235,3,1309,125,30
1149,15,2,236,4,1313,44,40
1150,15,2,237,5,1318,41,50
1151,15,2,238,2,1320,18,20
1152,15,2,239,4,1324,37,40
1153,15,2,240,7,1331,68,70
1154,15,2,241,9,1340,83,90
1155,15,2,242,7,1347,75,70
1156,15,2,243,7,1354,73,70
1157,15,2,244,4,1358,39,40
1158,15,2,245,2,1360,18,20
1159,15,2,246,4,1364,43,40
1160,15,2,247,7,1371,68,70
1161,15,2,248,8,1379,77,80
1162,15,2,249,6,1385,50,60
1163,15,2,250,5,1390,59,50
1164,15,2,251,2,1392,24,20
1165,15,2,252,6,1398,57,60
1166,15,2,253,4,1402,38,40
1167,15,2,254,7,1409,68,70
1168,15,2,255,4,1413,30,40
1169,15,2,256,8,1421,64,80
1170,15,2,257,2,1423,19,20
1171,15,2,258,9,1432,109,90
1172,15,2,259,2,1434,20,20
1173,15,2,260,5,1439,52,50
1174,15,2,261,2,1441,27,20
1175,15,2,262,5,1446,38,50
1176,15,2,263,2,1448,21,20
1177,15,2,264,4,1452,42,40
1178,15,2,265,8,1460,80,80
1179,15,2,266,2,1462,25,20
1180,15,2,267,2,1464,18,20
1181,15,2,268,4,1468,0,40
1182,15,2,269,7,1475,103,70
1183,15,2,270,4,1479,45,40
1184,15,2,271,6,1485,68,60
1185,15,2,272,6,1491,58,60
1186,15,2,273,4,1495,40,40
1187,15,2,274,4,1499,44,40
1188,15,2,275,3,1502,32,30
1189,15,2,276,9,1511,82,90
1190,15,2,277,3,1514,25,30
1191,15,2,278,8,1522,0,80
1192,15,2,279,8,1530,159,80
1193,15,2,280,4,1534,43,40
1194,15,2,281,8,1542,81,80
1195,15,2,282,7,1549,86,70
1196,15,2,283,3,1552,33,30
1197,15,2,284,8,1560,85,80
1198,15,2,285,6,1566,59,60
1199,15,2,286,4,1570,40,40
1200,15,2,287,9,1579,105,90
1201,15,2,288,3,1582,46,30
1202,15,2,289,5,1587,28,50
1203,15,2,290,6,1593,60,60
1204,15,2,291,6,1599,56,60
1205,15,2,292,5,1604,47,50
1206,15,2,293,4,1608,40,40
1207,15,2,294,5,1613,45,50
1208,15,2,295,3,1616,33,30
1209,15,2,296,6,1622,69,60
1210,15,2,297,5,1627,67,50
1211,15,2,298,4,1631,41,40
1212,15,2,299,3,1634,25,30
1213,15,2,300,7,1641,79,70
1214,15,2,301,8,1649,68,80
1215,15,2,302,3,1652,31,30
1216,15,2,303,3,1655,21,30
1217,15,2,304,5,1660,48,50
1218,15,2,305,8,1668,65,80
1219,15,2,306,5,1673,53,50
1220,15,2,307,3,1676,0,30
1221,15,2,308,8,1684,120,80
1222,15,2,309,5,1689,0,50
1223,15,2,310,4,1693,100,40
1224,15,2,311,4,1697,38,40
1225,15,2,312,4,1701,53,40
1226,15,2,313,2,1703,17,20
1227,15,2,314,4,1707,27,40
1228,15,2,315,2,1709,17,20
1229,15,2,316,7,1716,76,70
1230,15,2,317,5,1721,52,50
1231,15,2,318,6,1727,73,60
1232,15,2,319,8,1735,79,80
1233,15,2,320,4,1739,49,40
1234,15,2,321,2,1741,21,20
1235,15,2,322,3,1744,30,30
1236,15,2,323,9,1753,87,90
1237,15,2,324,8,1761,80,80
1238,15,2,325,7,1768,80,70
1239,15,2,326,3,1771,27,30
1240,15,2,327,8,1779,92,80
1241,15,2,328,7,1786,76,70
1242,15,2,329,9,1795,93,90
1243,15,2,330,2,1797,15,20
1244,15,2,331,6,1803,63,60
1245,15,2,332,9,1812,82,90
1246,15,2,333,8,1820,97,80
1247,15,2,334,3,1823,27,30
1248,15,2,335,7,1830,70,70
1249,15,2,336,9,1839,82,90
1250,15,2,337,6,1845,58,60
1251,15,2,338,5,1850,52,50
1252,15,2,339,2,1852,26,20
1253,15,2,340,2,1854,18,20
1254,15,2,341,2,1856,25,20
1255,15,2,342,6,1862,63,60
1256,15,2,343,3,1865,33,30
1257,15,2,344,2,1867,21,20
1258,15,2,345,4,1871,41,40
1259,15,2,346,4,1875,47,40
1260,15,2,347,9,1884,82,90
1261,15,2,348,9,1893,98,90
1262,15,2,349,8,1901,68,80
1263,15,2,350,7,1908,88,70
1264,15,2,351,7,1915,69,70
1265,15,2,352,6,1921,52,60
1266,15,2,353,6,1927,61,60
1267,15,2,354,5,1932,55,50
1268,15,2,355,9,1941,85,90
1269,15,2,356,6,1947,63,60
1270,15,2,357,5,1952,57,50
1271,15,2,358,7,1959,62,70
1272,15,2,359,7,1966,65,70
1273,15,2,360,3,1969,26,30
1274,15,2,361,3,1972,30,30
1275,15,2,362,8,1980,80,80
1276,15,2,363,7,1987,63,70
1277,15,2,364,2,1989,23,20
1278,15,2,365,9,1998,87,90
1279,15,2,366,8,2006,62,80
1280,15,2,367,9,2015,64,90
1281,15,2,368,5,2020,60,50
1282,15,2,369,5,2025,54,50
1283,15,2,370,6,2031,60,60
1284,15,2,371,9,2040,93,90
1285,15,2,372,4,2044,45,40
1286,15,2,373,6,2050,70,60
1287,15,2,374,8,2058,83,80
1288,15,2,375,2,2060,20,20
1289,15,2,376,8,2068,91,80
1290,15,2,377,3,2071,31,30
1291,15,2,378,9,2080,83,90
1292,15,2,379,5,2085,52,50
1293,15,2,380,4,2089,37,40
1294,15,2,381,6,2095,66,60
1295,15,2,382,4,2099,46,40
1296,15,2,383,8,2107,87,80
1297,15,2,384,8,2115,78,80
1298,15,2,385,9,2124,92,90
1299,15,2,386,7,2131,61,70
1300,15,2,387,2,2133,22,20
1301,15,2,388,4,2137,48,40
1302,15,2,389,4,2141,46,40
1303,15,2,390,4,2145,45,40
1304,15,2,391,9,2154,94,90
1305,15,2,392,4,2158,38,40
1306,15,2,393,5,2163,52,50
1307,15,2,394,9,2172,74,90
1308,15,2,395,2,2174,24,20
1309,15,2,396,3,2177,33,30
1310,15,2,397,7,2184,66,70
1311,15,2,398,6,2190,70,60
1312,15,2,399,9,2199,104,90
1313,15,2,400,9,2208,84,90
1314,15,2,401,5,2213,45,50
1315,15,2,402,6,2219,65,60
1316,15,2,403,4,2223,49,40
1317,15,2,404,8,2231,84,80
1318,15,2,405,6,2237,56,60
1319,15,2,406,5,2242,57,50
1320,15,2,407,5,2247,46,50
1321,15,2,408,2,2249,22,20
1322,15,2,409,5,2254,55,50
1323,15,2,410,7,2261,65,70
1324,15,2,411,2,2263,20,20
1325,15,2,412,8,2271,80,80
1326,15,2,413,2,2273,21,20
1327,15,2,414,8,2281,89,80
1328,15,2,415,4,2285,46,40
1329,15,2,416,2,2287,19,20
1330,15,2,417,6,2293,0,60
1331,15,2,418,4,2297,0,40
1332,15,2,419,9,2306,0,90
1333,15,2,420,7,2313,263,70
1334,15,2,421,6,2319,71,60
1335,15,2,422,4,2323,56,40
1336,15,2,423,2,2325,14,20
1337,15,2,424,4,2329,34,40
1338,15,2,425,8,2337,84,80
1339,15,2,426,7,2344,83,70
1340,15,2,427,4,2348,51,40
1341,15,2,428,2,2350,16,20
1342,15,2,429,2,2352,16,20
1343,15,2,430,5,2357,44,50
1344,15,2,431,5,2362,48,50
1345,15,2,432,4,2366,52,40
1346,15,2,433,7,2373,68,70
1347,15,2,434,4,2377,35,40
1348,15,2,435,9,2386,96,90
1349,15,2,436,7,2393,86,70
1350,15,2,437,9,2402,80,90
1351,15,2,438,8,2410,67,80
1352,15,2,439,9,2419,81,90
1353,15,2,440,7,2426,79,70
1354,15,2,441,3,2429,30,30
1355,15,2,442,7,2436,76,70
1356,15,2,443,3,2439,41,30
1357,15,2,444,4,2443,25,40
1358,15,2,445,2,2445,17,20
1359,15,2,446,5,2450,63,50
1360,15,2,447,7,2457,71,70
1361,15,2,448,3,2460,42,30
1362,15,2,449,5,2465,53,50
1363,15,2,450,2,2467,11,20
1364,15,2,451,4,2471,40,40
1365,15,2,452,9,2480,78,90
1366,15,2,453,6,2486,46,60
1367,15,2,454,2,2488,18,20
1368,15,2,455,9,2497,107,90
1369,15,2,456,2,2499,21,20
1370,15,2,457,6,2505,62,60
1371,15,2,458,9,2514,89,90
1372,15,2,459,5,2519,55,50
1373,15,2,460,4,2523,37,40
1374,15,2,461,3,2526,28,30
1375,15,2,462,4,2530,46,40
1376,15,2,463,7,2537,83,70
1377,15,2,464,7,2544,64,70
1378,15,2,465,9,2553,93,90
1379,15,2,466,3,2556,24,30
1380,15,2,467,9,2565,98,90
1381,15,2,468,2,2567,21,20
1382,15,2,469,7,2574,76,70
1383,15,2,470,5,2579,53,50
1384,15,2,471,2,2581,26,20
1385,15,2,472,2,2583,16,20
1386,15,2,473,3,2586,32,30
1387,15,2,474,2,2588,12,20
1388,15,2,475,9,2597,98,90
1389,15,2,476,7,2604,63,70
1390,15,2,477,2,2606,21,20
1391,15,2,478,8,2614,66,80
1392,15,2,479,9,2623,85,90
1393,15,2,480,6,2629,60,60
1394,15,2,481,2,2631,23,20
1395,15,2,482,2,2633,0,20
1396,15,2,483,3,2636,51,30
1397,15,2,484,3,2639,46,30
1398,15,2,485,5,2644,44,50
1399,15,2,486,4,2648,42,40
1400,15,2,487,2,2650,15,20
1401,15,2,488,3,2653,34,30
1402,15,2,489,4,2657,40,40
1403,15,2,490,5,2662,47,50
1404,15,2,491,7,2669,68,70
1405,15,2,492,3,2672,36,30
1406,15,2,493,7,2679,66,70
1407,15,2,494,8,2687,85,80
1408,15,2,495,3,2690,34,30
1409,15,2,496,2,2692,19,20
1410,15,2,497,5,2697,60,50
1411,15,2,498,3,2700,25,30
1412,15,2,499,9,2709,111,90
1413,15,2,500,6,2715,47,60
1414,15,2,501,9,2724,92,90
1415,15,2,502,6,2730,52,60
1416,15,2,503,4,2734,44,40
1417,15,2,504,3,2737,24,30
1418,15,2,505,5,2742,33,50
1419,15,2,506,5,2747,39,50
1420,15,2,507,6,2753,71,60
1421,15,2,508,3,2756,23,30
1422,15,2,509,6,2762,75,60
1423,15,2,510,2,2764,22,20
1424,15,2,511,8,2772,74,80
1425,15,2,512,4,2776,41,40
1426,15,2,513,6,2782,62,60
1427,15,2,514,8,2790,85,80
1428,15,2,515,3,2793,24,30
1429,15,2,516,8,2801,79,80
1430,15,2,517,6,2807,58,60
1431,15,2,518,3,2810,35,30
1432,15,2,519,2,2812,25,20
1433,15,2,520,3,2815,32,30
1434,15,2,521,9,2824,91,90
1435,15,2,522,3,2827,31,30
1436,15,2,523,4,2831,38,40
1437,15,2,524,8,2839,85,80
1438,15,2,525,7,2846,73,70
1439,15,2,526,2,2848,23,20
1440,15,2,527,8,2856,82,80
1441,15,2,528,7,2863,52,70
1442,15,2,529,2,2865,27,20
1443,15,2,530,2,2867,15,20
1444,15,2,531,6,2873,0,60
1445,15,2,532,2,2875,75,20
1446,15,2,533,8,2883,79,80
1447,15,2,534,9,2892,105,90
1448,15,2,535,3,2895,24,30
1449,15,2,536,6,2901,59,60
1450,15,2,537,6,2907,71,60
1451,15,2,538,5,2912,36,50
1452,15,2,539,7,2919,77,70
1453,15,2,540,6,2925,47,60
1454,15,2,541,8,2933,88,80
1455,15,2,542,9,2942,93,90
1456,15,2,543,8,2950,73,80
1457,15,2,544,3,2953,36,30
1458,15,2,545,2,2955,20,20
1459,15,2,546,5,2960,55,50
1460,15,2,547,6,2966,43,60
1461,15,2,548,5,2971,54,50
1462,15,2,549,3,2974,33,30
1463,15,2,550,3,2977,35,30
1464,15,2,551,3,2980,32,30
1465,15,2,552,2,2982,20,20
1466,15,2,553,7,2989,70,70
1467,15,2,554,2,2991,18,20
1468,15,2,555,2,2993,17,20
1469,15,2,556,7,3000,64,70
1470,15,2,557,3,3003,35,30
1471,15,2,558,7,3010,72,70
1472,15,2,559,3,3013,32,30
1473,15,2,560,9,3022,85,90
1474,15,2,561,6,3028,61,60
1475,15,2,562,9,3037,77,90
1476,15,2,563,7,3044,79,70
1477,15,2,564,3,3047,33,30
1478,15,2,565,7,3054,61,70
1479,15,2,566,6,3060,65,60
1480,15,2,567,4,3064,39,40
1481,15,2,568,5,3069,50,50
1482,15,2,569,7,3076,75,70
1483,15,2,570,9,3085,97,90
1484,15,2,571,7,3092,82,70
1485,15,2,572,3,3095,0,30
1486,15,2,573,8,3103,123,80
1487,15,2,574,4,3107,48,40
1488,15,2,575,3,3110,37,30
1489,15,2,576,6,3116,70,60
1490,15,2,577,8,3124,67,80
1491,15,2,578,9,3133,69,90
1492,15,2,579,3,3136,32,30
1493,15,2,580,6,3142,66,60
1494,15,2,581,7,3149,79,70
1495,15,2,582,8,3157,74,80
1496,15,2,583,8,3165,78,80
1497,15,2,584,7,3172,75,70
1498,15,2,585,7,3179,79,70
1499,15,2,586,2,3181,21,20
1500,15,2,587,5,3186,52,50
1501,15,2,588,4,3190,39,40
1502,15,2,589,4,3194,41,40
1503,15,2,590,6,3200,65,60
1504,15,2,591,5,3205,46,50
1505,15,2,592,4,3209,0,40
1506,15,2,593,5,3214,98,50
1507,15,2,594,8,3222,77,80
1508,15,2,595,6,3228,66,60
1509,15,2,596,5,3233,59,50
1510,15,2,597,7,3240,64,70
1511,15,2,598,8,3248,98,80
1512,15,2,599,9,3257,107,90
1513,15,2,600,5,3262,50,50
1514,15,2,601,2,3264,15,20
1515,15,2,602,4,3268,44,40
1516,15,2,603,6,3274,59,60
1517,15,2,604,9,3283,81,90
1518,15,2,605,8,3291,84,80
1519,15,2,606,6,3297,46,60
1520,15,2,607,9,3306,88,90
1521,15,2,608,5,3311,37,50
1522,15,2,609,5,3316,53,50
1523,15,2,610,6,3322,0,60
1524,15,2,611,8,3330,133,80
1525,15,2,612,8,3338,72,80
1526,15,2,613,4,3342,41,40
1527,15,2,614,6,3348,61,60
1528,15,2,615,4,3352,31,40
1529,15,2,616,9,3361,84,90
1530,15,2,617,9,3370,103,90
1531,15,2,618,9,3379,90,90
1532,15,2,619,7,3386,84,70
1533,15,2,620,9,3395,111,90
1534,15,2,621,7,3402,64,70
1535,15,2,622,8,3410,81,80
1536,15,2,623,2,3412,25,20
1537,15,2,624,8,3420,62,80
1538,15,2,625,6,3426,53,60
1539,15,2,626,5,3431,49,50
1540,15,2,627,4,3435,37,40
1541,15,2,628,5,3440,48,50
1542,15,2,629,4,3444,42,40
1543,15,2,630,7,3451,56,70
1544,15,2,631,7,3458,72,70
1545,15,2,632,6,3464,57,60
1546,15,2,633,7,3471,57,70
1547,15,2,634,7,3478,0,70
1548,15,2,635,9,3487,173,90
1549,15,2,636,7,3494,66,70
1550,15,2,637,2,3496,22,20
1551,15,2,638,3,3499,0,30
1552,15,2,639,4,3503,77,40
1553,15,2,640,5,3508,49,50
1554,15,2,641,7,3515,73,70
1555,15,2,642,6,3521,0,60
1556,15,2,643,3,3524,99,30
1557,15,2,644,3,3527,36,30
1558,15,2,645,7,3534,79,70
1559,15,2,646,6,3540,62,60
1560,15,2,647,9,3549,91,90
1561,15,2,648,7,3556,64,70
1562,15,2,649,3,3559,30,30
1563,15,2,650,9,3568,94,90
1564,15,2,651,4,3572,40,40
1565,15,2,652,9,3581,81,90
1566,15,2,653,2,3583,18,20
1567,15,2,654,7,3590,78,70
1568,15,2,655,9,3599,96,90
1569,15,2,656,6,3605,52,60
1570,15,2,657,4,3609,38,40
1571,15,2,658,8,3617,67,80
1572,15,2,659,3,3620,42,30
1573,15,2,660,6,3626,45,60
1574,15,2,661,7,3633,62,70
1575,15,2,662,2,3635,17,20
1576,15,2,663,7,3642,60,70
1577,15,2,664,5,3647,49,50
1578,15,2,665,6,3653,50,60
1579,15,2,666,6,3659,58,60
1580,15,2,667,9,3668,89,90
1581,15,2,668,3,3671,27,30
1582,15,2,669,3,3674,35,30
1583,15,2,670,5,3679,57,50
1584,15,2,671,5,3684,50,50
1585,15,2,672,3,3687,22,30
1586,15,2,673,8,3695,81,80
1587,15,2,674,5,3700,61,50
1588,15,2,675,4,3704,0,40
1589,15,2,676,6,3710,104,60
1590,15,2,677,6,3716,68,60
1591,15,2,678,8,3724,94,80
1592,15,2,679,4,3728,43,40
1593,15,2,680,2,3730,22,20
1594,15,2,681,3,3733,38,30
1595,15,2,682,4,3737,59,40
1596,15,2,683,2,3739,21,20
1597,15,2,684,5,3744,45,50
1598,15,2,685,5,3749,60,50
1599,15,2,686,4,3753,55,40
1600,15,2,687,4,3757,46,40
1601,15,2,688,7,3764,66,70
1602,15,2,689,5,3769,36,50
1603,15,2,690,8,3777,79,80
1604,15,2,691,4,3781,37,40
1605,15,2,692,9,3790,75,90
1606,15,2,693,6,3796,67,60
1607,15,2,694,2,3798,23,20
1608,15,2,695,5,3803,58,50
1609,15,2,696,7,3810,0,70
1610,15,2,697,3,3813,95,30
1611,15,2,698,8,3821,73,80
1612,15,2,699,2,3823,16,20
1613,15,2,700,6,3829,53,60
1614,15,2,701,5,3834,58,50
1615,15,2,702,5,3839,0,50
1616,15,2,703,7,3846,112,70
1617,15,2,704,4,3850,44,40
1618,15,2,705,5,3855,45,50
1619,15,2,706,6,3861,63,60
1620,15,2,707,2,3863,18,20
1621,15,2,708,8,3871,74,80
1622,15,2,709,3,3874,29,30
1623,15,2,710,3,3877,39,30
1624,15,2,711,6,3883,49,60
1625,15,2,712,2,3885,22,20
1626,15,2,713,2,3887,20,20
1627,15,2,714,2,3889,28,20
1628,15,2,715,6,3895,47,60
1629,15,2,716,3,3898,26,30
1630,15,2,717,9,3907,76,90
1631,15,2,718,2,3909,24,20
1632,15,2,719,6,3915,50,60
1633,15,2,720,5,3920,57,50
1634,15,2,721,9,3929,97,90
1635,15,2,722,4,3933,43,40
1636,15,2,723,3,3936,32,30
1637,15,2,724,4,3940,44,40
1638,15,2,725,3,3943,0,30
1639,15,2,726,2,3945,49,20
1640,15,2,727,4,3949,31,40
1641,15,2,728,7,3956,70,70
1642,15,2,729,8,3964,58,80
1643,15,2,730,2,3966,16,20
1644,15,2,731,9,3975,74,90
1645,15,2,732,4,3979,37,40
1646,15,2,733,2,3981,18,20
1647,15,2,734,3,3984,26,30
1648,15,2,735,6,3990,63,60
1649,15,2,736,8,3998,77,80
1650,15,2,737,6,4004,62,60
1651,15,2,738,2,4006,17,20
1652,15,2,739,6,4012,51,60
1653,15,2,740,4,4016,29,40
1654,15,2,741,8,4024,80,80
1655,15,2,742,9,4033,84,90
1656,15,2,743,8,4041,78,80
1657,15,2,744,6,4047,72,60
1658,15,2,745,6,4053,66,60
1659,15,2,746,4,4057,45,40
1660,15,2,747,2,4059,26,20
1661,15,2,748,7,4066,86,70
1662,15,2,749,7,4073,87,70
1663,15,2,750,2,4075,16,20
1664,15,2,751,9,4084,0,90
1665,15,2,752,7,4091,146,70
1666,15,2,753,4,4095,43,40
1667,15,2,754,2,4097,0,20
1668,15,2,755,7,4104,96,70
1669,15,2,756,5,4109,56,50
1670,15,2,757,5,4114,60,50
1671,15,2,758,8,4122,76,80
1672,15,2,759,2,4124,21,20
1673,15,2,760,7,4131,62,70
1674,15,2,761,4,4135,42,40
1675,15,2,762,2,4137,19,20
1676,15,2,763,8,4145,75,80
1677,15,2,764,4,4149,45,40
1678,15,2,765,5,4154,43,50
1679,15,2,766,5,4159,62,50
1680,15,2,767,7,4166,67,70
1681,15,2,768,6,4172,67,60
1682,15,2,769,4,4176,42,40
1683,15,2,770,7,4183,64,70
1684,15,2,771,8,4191,90,80
1685,15,2,772,4,4195,47,40
1686,15,2,773,8,4203,72,80
1687,15,2,774,8,4211,74,80
1688,15,2,775,8,4219,84,80
1689,15,2,776,9,4228,79,90
1690,15,2,777,5,4233,0,50
1691,15,2,778,9,4242,139,90
1692,15,2,779,3,4245,35,30
1693,15,2,780,8,4253,78,80
1694,15,2,781,3,4256,34,30
1695,15,2,782,2,4258,17,20
1696,15,2,783,3,4261,40,30
1697,15,2,784,3,4264,19,30
1698,15,2,785,8,4272,81,80
1699,15,2,786,7,4279,72,70
1700,15,2,787,7,4286,78,70
1701,15,2,788,3,4289,30,30
1702,15,2,789,2,4291,26,20
1703,15,2,790,6,4297,62,60
1704,15,2,791,6,4303,65,60
1705,15,2,792,9,4312,111,90
1706,15,2,793,7,4319,78,70
1707,15,2,794,5,4324,55,50
1708,15,2,795,2,4326,23,20
1709,15,2,796,2,4328,16,20
1710,15,2,797,3,4331,33,30
1711,15,2,798,3,4334,26,30
1712,15,2,799,2,4336,15,20
1713,15,2,800,5,4341,49,50
1714,15,2,801,4,4345,44,40
1715,15,2,802,6,4351,60,60
1716,15,2,803,2,4353,24,20
1717,15,2,804,6,4359,58,60
1718,15,2,805,5,4364,49,50
1719,15,2,806,3,4367,26,30
1720,15,2,807,7,4374,77,70
1721,15,2,808,3,4377,29,30
1722,15,2,809,2,4379,17,20
1723,15,2,810,8,4387,83,80
1724,15,2,811,8,4395,82,80
1725,15,2,812,4,4399,40,40
1726,15,2,813,9,4408,82,90
1727,15,2,814,4,4412,46,40
1728,15,2,815,7,4419,62,70
1729,15,2,816,3,4422,35,30
1730,15,2,817,5,4427,31,50
1731,15,2,818,5,4432,34,50
1732,15,2,819,4,4436,42,40
1733,15,2,820,5,4441,44,50
1734,15,2,821,9,4450,91,90
1735,15,2,822,8,4458,86,80
1736,15,2,823,4,4462,44,40
1737,15,2,824,8,4470,77,80
1738,15,2,825,8,4478,83,80
1739,15,2,826,5,4483,54,50
1740,15,2,827,9,4492,99,90
1741,15,2,828,6,4498,55,60
1742,15,2,829,4,4502,52,40
1743,15,2,830,2,4504,24,20
1744,15,2,831,3,4507,27,30
1745,15,2,832,2,4509,18,20
1746,15,2,833,6,4515,66,60
1747,15,2,834,2,4517,24,20
1748,15,2,835,6,4523,56,60
1749,15,2,836,4,4527,34,40
1750,15,2,837,9,4536,84,90
1751,15,2,838,2,4538,14,20
1752,15,2,839,9,4547,89,90
1753,15,2,840,5,4552,45,50
1754,15,2,841,9,4561,75,90
1755,15,2,842,3,4564,28,30
1756,15,2,843,2,4566,16,20
1757,15,2,844,6,4572,54,60
1758,15,2,845,8,4580,79,80
1759,15,2,846,6,4586,79,60
1760,15,2,847,5,4591,0,50
1761,15,2,848,7,4598,110,70
1762,15,2,849,3,4601,21,30
1763,15,2,850,4,4605,44,40
1764,15,2,851,5,4610,49,50
1765,15,2,852,2,4612,24,20
1766,15,2,853,8,4620,84,80
1767,15,2,854,8,4628,92,80
1768,15,2,855,3,4631,23,30
1769,15,2,856,6,4637,59,60
1770,15,2,857,7,4644,97,70
1771,15,2,858,5,4649,47,50
1772,15,2,859,8,4657,81,80
1773,15,2,860,3,4660,30,30
1774,15,2,861,6,4666,61,60
1775,15,2,862,2,4668,0,20
1776,15,2,863,9,4677,108,90
1777,15,2,864,4,4681,40,40
1778,15,2,865,9,4690,0,90
1779,15,2,866,9,4699,161,90
1780,15,2,867,2,4701,19,20
1781,15,2,868,2,4703,22,20
1782,15,2,869,7,4710,59,70
1783,15,2,870,7,4717,56,70
1784,15,2,871,3,4720,34,30
1785,15,2,872,7,4727,0,70
1786,15,2,873,7,4734,113,70
1787,15,2,874,8,4742,72,80
1788,15,2,875,6,4748,53,60
1789,15,2,876,6,4754,55,60
1790,15,2,877,2,4756,18,20
1791,15,2,878,6,4762,49,60
1792,15,2,879,6,4768,71,60
1793,15,2,880,9,4777,0,90
1794,15,2,881,8,4785,168,80
1795,15,2,882,8,4793,84,80
1796,15,2,883,6,4799,51,60
1797,15,2,884,2,4801,16,20
1798,15,2,885,7,4808,63,70
1799,15,2,886,2,4810,28,20
1800,15,2,887,2,4812,20,20
1801,15,2,888,3,4815,36,30
1802,15,2,889,6,4821,45,60
1803,15,2,890,5,4826,38,50
1804,15,2,891,9,4835,94,90
1805,15,2,892,7,4842,80,70
1806,15,2,893,6,4848,58,60
1807,15,2,894,7,4855,91,70
1808,15,2,895,2,4857,22,20
1809,15,2,896,2,4859,30,20
1810,15,2,897,3,4862,24,30
1811,15,2,898,5,4867,46,50
1812,15,2,899,7,4874,65,70
1813,15,2,900,7,4881,55,70
1814,15,2,901,2,4883,23,20
1815,15,2,902,8,4891,72,80
1816,15,2,903,8,4899,83,80
1817,15,2,904,4,4903,44,40
1818,15,2,905,3,4906,32,30
1819,15,2,906,7,4913,71,70
1820,15,2,907,7,4920,68,70
1821,15,2,908,8,4928,63,80
1822,15,2,909,6,4934,73,60
1823,15,2,910,2,4936,14,20
1824,15,2,911,7,4943,61,70
1825,15,2,912,4,4947,40,40
1826,15,2,913,2,4949,0,20
1827,15,2,914,4,4953,51,40
1828,15,2,915,2,4955,25,20
1829,15,2,916,8,4963,75,80
1830,15,2,917,7,4970,80,70
1831,15,2,918,5,4975,45,50
1832,15,2,919,5,4980,32,50
1833,15,2,920,7,4987,64,70
1834,15,2,921,6,4993,64,60
1835,15,3,1,7,7,81,70
1836,15,3,2,6,13,76,60
1837,15,3,3,7,20,62,70
1838,15,3,4,6,26,72,60
1839,15,3,5,9,35,74,90
1840,15,3,6,9,44,72,90
1841,15,3,7,9,53,94,90
1842,15,3,8,2,55,21,20
1843,15,3,9,7,62,98,70
1844,15,3,10,2,64,28,20
1845,15,3,11,8,72,87,80
1846,15,3,12,6,78,61,60
1847,15,3,13,7,85,83,70
1848,15,3,14,2,87,19,20
1849,15,3,15,2,89,18,20
1850,15,3,16,7,96,63,70
1851,15,3,17,7,103,69,70
1852,15,3,18,8,111,83,80
1853,15,3,19,9,120,96,90
1854,15,3,20,4,124,27,40
1855,15,3,21,9,133,95,90
1856,15,3,22,9,142,91,90
1857,15,3,23,6,148,64,60
1858,15,3,24,4,152,49,40
1859,15,3,25,7,159,70,70
1860,15,3,26,5,164,46,50
1861,15,3,27,4,168,33,40
1862,15,3,28,8,176,85,80
1863,15,3,29,8,184,83,80
1864,15,3,30,2,186,11,20
1865,15,3,31,7,193,87,70
1866,15,3,32,3,196,27,30
1867,15,3,33,5,201,47,50
1868,15,3,34,8,209,82,80
1869,15,3,35,6,215,57,60
1870,15,3,36,2,217,16,20
1871,15,3,37,6,223,54,60
1872,15,3,38,8,231,91,80
1873,15,3,39,4,235,43,40
1874,15,3,40,8,243,88,80
1875,15,3,41,8,251,67,80
1876,15,3,42,6,257,71,60
1877,15,3,43,8,265,72,80
1878,15,3,44,9,274,85,90
1879,15,3,45,3,277,28,30
1880,15,3,46,4,281,40,40
1881,15,3,47,7,288,62,70
1882,15,3,48,7,295,70,70
1883,15,3,49,6,301,57,60
1884,15,3,50,5,306,64,50
1885,15,3,51,9,315,98,90
1886,15,3,52,6,321,73,60
1887,15,3,53,5,326,52,50
1888,15,3,54,8,334,86,80
1889,15,3,55,5,339,55,50
1890,15,3,56,5,344,50,50
1891,15,3,57,9,353,97,90
1892,15,3,58,3,356,34,30
1893,15,3,59,5,361,48,50
1894,15,3,60,5,366,53,50
1895,15,3,61,8,374,74,80
1896,15,3,62,8,382,80,80
1897,15,3,63,6,388,56,60
1898,15,3,64,6,394,56,60
1899,15,3,65,2,396,27,20
1900,15,3,66,8,404,79,80
1901,15,3,67,6,410,70,60
1902,15,3,68,2,412,21,20
1903,15,3,69,6,418,64,60
1904,15,3,70,3,421,32,30
1905,15,3,71,6,427,59,60
1906,15,3,72,2,429,18,20
1907,15,3,73,2,431,23,20
1908,15,3,74,9,440,86,90
1909,15,3,75,7,447,81,70
1910,15,3,76,5,452,0,50
1911,15,3,77,4,456,111,40
1912,15,3,78,7,463,63,70
1913,15,3,79,2,465,15,20
1914,15,3,80,3,468,34,30
1915,15,3,81,7,475,87,70
1916,15,3,82,2,477,19,20
1917,15,3,83,3,480,25,30
1918,15,3,84,6,486,68,60
1919,15,3,85,8,494,64,80
1920,15,3,86,3,497,0,30
1921,15,3,87,8,505,120,80
1922,15,3,88,8,513,80,80
1923,15,3,89,6,519,54,60
1924,15,3,90,3,522,33,30
1925,15,3,91,3,525,37,30
1926,15,3,92,8,533,71,80
1927,15,3,93,7,540,62,70
1928,15,3,94,8,548,75,80
1929,15,3,95,8,556,82,80
1930,15,3,96,8,564,92,80
1931,15,3,97,6,570,70,60
1932,15,3,98,7,577,74,70
1933,15,3,99,9,586,77,90
1934,15,3,100,8,594,86,80
1935,15,3,101,9,603,98,90
1936,15,3,102,5,608,64,50
1937,15,3,103,8,616,89,80
1938,15,3,104,8,624,92,80
1939,15,3,105,2,626,12,20
1940,15,3,106,7,633,69,70
1941,15,3,107,9,642,102,90
1942,15,3,108,6,648,62,60
1943,15,3,109,9,657,87,90
1944,15,3,110,4,661,33,40
1945,15,3,111,7,668,69,70
1946,15,3,112,5,673,55,50
1947,15,3,113,5,678,57,50
1948,15,3,114,8,686,69,80
1949,15,3,115,6,692,55,60
1950,15,3,116,8,700,99,80
1951,15,3,117,3,703,33,30
1952,15,3,118,4,707,34,40
1953,15,3,119,8,715,64,80
1954,15,3,120,9,724,83,90
1955,15,3,121,2,726,14,20
1956,15,3,122,2,728,20,20
1957,15,3,123,4,732,37,40
1958,15,3,124,7,739,68,70
1959,15,3,125,4,743,26,40
1960,15,3,126,7,750,56,70
1961,15,3,127,8,758,93,80
1962,15,3,128,7,765,58,70
1963,15,3,129,5,770,54,50
1964,15,3,130,5,775,43,50
1965,15,3,131,3,778,20,30
1966,15,3,132,6,784,65,60
1967,15,3,133,6,790,62,60
1968,15,3,134,6,796,47,60
1969,15,3,135,6,802,63,60
1970,15,3,136,2,804,16,20
1971,15,3,137,3,807,42,30
1972,15,3,138,2,809,23,20
1973,15,3,139,2,811,12,20
1974,15,3,140,3,814,32,30
1975,15,3,141,7,821,0,70
1976,15,3,142,8,829,129,80
1977,15,3,143,4,833,39,40
1978,15,3,144,2,835,22,20
1979,15,3,145,6,841,48,60
1980,15,3,146,8,849,92,80
1981,15,3,147,6,855,65,60
1982,15,3,148,2,857,13,20
1983,15,3,149,7,864,82,70
1984,15,3,150,3,867,25,30
1985,15,3,151,6,873,70,60
1986,15,3,152,3,876,37,30
1987,15,3,153,3,879,0,30
1988,15,3,154,5,884,80,50
1989,15,3,155,8,892,65,80
1990,15,3,156,6,898,69,60
1991,15,3,157,4,902,36,40
1992,15,3,158,6,908,0,60
1993,15,3,159,7,915,141,70
1994,15,3,160,7,922,74,70
1995,15,3,161,2,924,19,20
1996,15,3,162,9,933,89,90
1997,15,3,163,4,937,33,40
1998,15,3,164,4,941,42,40
1999,15,3,165,2,943,19,20
2000,15,3,166,6,949,67,60
2001,15,3,167,5,954,48,50
2002,15,3,168,7,961,68,70
2003,15,3,169,6,967,68,60
2004,15,3,170,8,975,89,80
2005,15,3,171,4,979,48,40
2006,15,3,172,6,985,60,60
2007,15,3,173,7,992,73,70
2008,15,3,174,5,997,44,50
2009,15,3,175,8,1005,83,80
2010,15,3,176,5,1010,42,50
2011,15,3,177,4,1014,52,40
2012,15,3,178,6,1020,47,60
2013,15,3,179,3,1023,31,30
2014,15,3,180,6,1029,50,60
2015,15,3,181,3,1032,29,30
2016,15,3,182,9,1041,105,90
2017,15,3,183,9,1050,97,90
2018,15,3,184,6,1056,61,60
2019,15,3,185,6,1062,47,60
2020,15,3,186,4,1066,37,40
2021,15,3,187,8,1074,77,80
2022,15,3,188,8,1082,93,80
2023,15,3,189,8,1090,65,80
2024,15,3,190,8,1098,96,80
2025,15,3,191,9,1107,80,90
2026,15,3,192,4,1111,49,40
2027,15,3,193,7,1118,80,70
2028,15,3,194,6,1124,54,60
2029,15,3,195,9,1133,84,90
2030,15,3,196,2,1135,13,20
2031,15,3,197,2,1137,14,20
2032,15,3,198,5,1142,53,50
2033,15,3,199,8,1150,0,80
2034,15,3,200,4,1154,0,40
2035,15,3,201,4,1158,177,40
2036,15,3,202,4,1162,39,40
2037,15,3,203,9,1171,93,90
2038,15,3,204,7,1178,62,70
2039,15,3,205,3,1181,30,30
2040,15,3,206,6,1187,58,60
2041,15,3,207,6,1193,0,60
2042,15,3,208,7,1200,122,70
2043,15,3,209,7,1207,74,70
2044,15,3,210,9,1216,101,90
2045,15,3,211,4,1220,33,40
2046,15,3,212,3,1223,29,30
2047,15,3,213,6,1229,61,60
2048,15,3,214,6,1235,61,60
2049,15,3,215,8,1243,58,80
2050,15,3,216,9,1252,79,90
2051,15,3,217,7,1259,70,70
2052,15,3,218,6,1265,52,60
2053,15,3,219,4,1269,37,40
2054,15,3,220,6,1275,53,60
2055,15,3,221,7,1282,76,70
2056,15,3,222,5,1287,52,50
2057,15,3,223,6,1293,78,60
2058,15,3,224,4,1297,55,40
2059,15,3,225,8,1305,72,80
2060,15,3,226,4,1309,37,40
2061,15,3,227,2,1311,22,20
2062,15,3,228,2,1313,0,20
2063,15,3,229,8,1321,91,80
2064,15,3,230,3,1324,35,30
2065,15,3,231,8,1332,88,80
2066,15,3,232,9,1341,102,90
2067,15,3,233,9,1350,92,90
2068,15,3,234,3,1353,22,30
2069,15,3,235,6,1359,61,60
2070,15,3,236,4,1363,33,40
2071,15,3,237,8,1371,85,80
2072,15,3,238,8,1379,82,80
2073,15,3,239,6,1385,54,60
2074,15,3,240,2,1387,23,20
2075,15,3,241,5,1392,63,50
2076,15,3,242,5,1397,50,50
2077,15,3,243,8,1405,80,80
2078,15,3,244,2,1407,25,20
2079,15,3,245,9,1416,92,90
2080,15,3,246,9,1425,106,90
2081,15,3,247,2,1427,26,20
2082,15,3,248,6,1433,56,60
2083,15,3,249,5,1438,49,50
2084,15,3,250,9,1447,89,90
2085,15,3,251,5,1452,37,50
2086,15,3,252,7,1459,78,70
2087,15,3,253,4,1463,43,40
2088,15,3,254,2,1465,18,20
2089,15,3,255,3,1468,38,30
2090,15,3,256,5,1473,41,50
2091,15,3,257,2,1475,22,20
2092,15,3,258,8,1483,73,80
2093,15,3,259,5,1488,38,50
2094,15,3,260,2,1490,13,20
2095,15,3,261,9,1499,77,90
2096,15,3,262,6,1505,73,60
2097,15,3,263,5,1510,44,50
2098,15,3,264,8,1518,76,80
2099,15,3,265,7,1525,69,70
2100,15,3,266,9,1534,94,90
2101,15,3,267,8,1542,77,80
2102,15,3,268,2,1544,31,20
2103,15,3,269,7,1551,68,70
2104,15,3,270,2,1553,21,20
2105,15,3,271,3,1556,28,30
2106,15,3,272,5,1561,52,50
2107,15,3,273,9,1570,90,90
2108,15,3,274,8,1578,83,80
2109,15,3,275,3,1581,29,30
2110,15,3,276,8,1589,64,80
2111,15,3,277,2,1591,19,20
2112,15,3,278,7,1598,72,70
2113,15,3,279,7,1605,86,70
2114,15,3,280,3,1608,0,30
2115,15,3,281,9,1617,116,90
2116,15,3,282,3,1620,0,30
2117,15,3,283,4,1624,65,40
2118,15,3,284,6,1630,69,60
2119,15,3,285,9,1639,89,90
2120,15,3,286,3,1642,25,30
2121,15,3,287,6,1648,50,60
2122,15,3,288,9,1657,82,90
2123,15,3,289,2,1659,17,20
2124,15,3,290,8,1667,79,80
2125,15,3,291,5,1672,54,50
2126,15,3,292,3,1675,38,30
2127,15,3,293,2,1677,13,20
2128,15,3,294,8,1685,78,80
2129,15,3,295,5,1690,53,50
2130,15,3,296,4,1694,53,40
2131,15,3,297,4,1698,44,40
2132,15,3,298,6,1704,61,60
2133,15,3,299,9,1713,106,90
2134,15,3,300,5,1718,46,50
2135,15,3,301,3,1721,37,30
2136,15,3,302,4,1725,34,40
2137,15,3,303,7,1732,81,70
2138,15,3,304,6,1738,66,60
2139,15,3,305,7,1745,70,70
2140,15,3,306,6,1751,62,60
2141,15,3,307,3,1754,24,30
2142,15,3,308,3,1757,33,30
2143,15,3,309,9,1766,90,90
2144,15,3,310,6,1772,57,60
2145,15,3,311,9,1781,96,90
2146,15,3,312,2,1783,15,20
2147,15,3,313,8,1791,0,80
2148,15,3,314,6,1797,152,60
2149,15,3,315,5,1802,36,50
2150,15,3,316,7,1809,65,70
2151,15,3,317,5,1814,0,50
2152,15,3,318,2,1816,70,20
2153,15,3,319,6,1822,0,60
2154,15,3,320,8,1830,138,80
2155,15,3,321,2,1832,26,20
2156,15,3,322,7,1839,83,70
2157,15,3,323,2,1841,18,20
2158,15,3,324,5,1846,55,50
2159,15,3,325,7,1853,62,70
2160,15,3,326,7,1860,79,70
2161,15,3,327,7,1867,63,70
2162,15,3,328,6,1873,64,60
2163,15,3,329,4,1877,35,40
2164,15,3,330,3,1880,33,30
2165,15,3,331,4,1884,44,40
2166,15,3,332,8,1892,78,80
2167,15,3,333,8,1900,83,80
2168,15,3,334,9,1909,86,90
2169,15,3,335,8,1917,76,80
2170,15,3,336,6,1923,72,60
2171,15,3,337,5,1928,57,50
2172,15,3,338,2,1930,23,20
2173,15,3,339,8,1938,68,80
2174,15,3,340,8,1946,85,80
2175,15,3,341,6,1952,60,60
2176,15,3,342,5,1957,44,50
2177,15,3,343,4,1961,42,40
2178,15,3,344,8,1969,90,80
2179,15,3,345,2,1971,28,20
2180,15,3,346,5,1976,53,50
2181,15,3,347,5,1981,52,50
2182,15,3,348,5,1986,41,50
2183,15,3,349,9,1995,85,90
2184,15,3,350,2,1997,24,20
2185,15,3,351,7,2004,72,70
2186,15,3,352,8,2012,67,80
2187,15,3,353,8,2020,75,80
2188,15,3,354,3,2023,32,30
2189,15,3,355,4,2027,50,40
2190,15,3,356,5,2032,48,50
2191,15,3,357,4,2036,47,40
2192,15,3,358,7,2043,72,70
2193,15,3,359,9,2052,0,90
2194,15,3,360,2,2054,111,20
2195,15,3,361,8,2062,78,80
2196,15,3,362,5,2067,50,50
2197,15,3,363,2,2069,0,20
2198,15,3,364,5,2074,71,50
2199,15,3,365,5,2079,0,50
2200,15,3,366,2,2081,82,20
2201,15,3,367,4,2085,44,40
2202,15,3,368,9,2094,102,90
2203,15,3,369,4,2098,43,40
2204,15,3,370,3,2101,24,30
2205,15,3,371,5,2106,40,50
2206,15,3,372,2,2108,22,20
2207,15,3,373,4,2112,38,40
2208,15,3,374,6,2118,64,60
2209,15,3,375,7,2125,73,70
2210,15,3,376,3,2128,32,30
2211,15,3,377,3,2131,36,30
2212,15,3,378,7,2138,68,70
2213,15,3,379,9,2147,84,90
2214,15,3,380,5,2152,53,50
2215,15,3,381,3,2155,25,30
2216,15,3,382,4,2159,42,40
2217,15,3,383,8,2167,78,80
2218,15,3,384,4,2171,38,40
2219,15,3,385,5,2176,0,50
2220,15,3,386,2,2178,79,20
2221,15,3,387,7,2185,81,70
2222,15,3,388,7,2192,84,70
2223,15,3,389,2,2194,20,20
2224,15,3,390,9,2203,70,90
2225,15,3,391,6,2209,67,60
2226,15,3,392,4,2213,43,40
2227,15,3,393,5,2218,40,50
2228,15,3,394,9,2227,87,90
2229,15,3,395,9,2236,94,90
2230,15,3,396,9,2245,66,90
2231,15,3,397,3,2248,36,30
2232,15,3,398,7,2255,71,70
2233,15,3,399,4,2259,50,40
2234,15,3,400,3,2262,27,30
2235,15,3,401,5,2267,45,50
2236,15,3,402,6,2273,58,60
2237,15,3,403,2,2275,18,20
2238,15,3,404,7,2282,71,70
2239,15,3,405,8,2290,72,80
2240,15,3,406,4,2294,40,40
2241,15,3,407,5,2299,37,50
2242,15,3,408,8,2307,85,80
2243,15,3,409,8,2315,100,80
2244,15,3,410,6,2321,43,60
2245,15,3,411,6,2327,68,60
2246,15,3,412,9,2336,93,90
2247,15,3,413,6,2342,68,60
2248,15,3,414,3,2345,23,30
2249,15,3,415,4,2349,36,40
2250,15,3,416,9,2358,84,90
2251,15,3,417,5,2363,38,50
2252,15,3,418,8,2371,70,80
2253,15,3,419,4,2375,46,40
2254,15,3,420,5,2380,53,50
2255,15,3,421,8,2388,86,80
2256,15,3,422,5,2393,44,50
2257,15,3,423,7,2400,0,70
2258,15,3,424,3,2403,112,30
2259,15,3,425,6,2409,74,60
2260,15,3,426,9,2418,87,90
2261,15,3,427,3,2421,27,30
2262,15,3,428,4,2425,45,40
2263,15,3,429,2,2427,0,20
2264,15,3,430,8,2435,101,80
2265,15,3,431,3,2438,25,30
2266,15,3,432,5,2443,0,50
2267,15,3,433,2,2445,66,20
2268,15,3,434,4,2449,46,40
2269,15,3,435,9,2458,85,90
2270,15,3,436,7,2465,62,70
2271,15,3,437,3,2468,32,30
2272,15,3,438,7,2475,64,70
2273,15,3,439,5,2480,61,50
2274,15,3,440,8,2488,0,80
2275,15,3,441,4,2492,0,40
2276,15,3,442,8,2500,204,80
2277,15,3,443,3,2503,0,30
2278,15,3,444,2,2505,59,20
2279,15,3,445,7,2512,0,70
2280,15,3,446,4,2516,0,40
2281,15,3,447,8,2524,186,80
2282,15,3,448,6,2530,53,60
2283,15,3,449,9,2539,88,90
2284,15,3,450,2,2541,19,20
2285,15,3,451,6,2547,59,60
2286,15,3,452,5,2552,53,50
2287,15,3,453,7,2559,66,70
2288,15,3,454,8,2567,79,80
2289,15,3,455,4,2571,45,40
2290,15,3,456,9,2580,90,90
2291,15,3,457,5,2585,51,50
2292,15,3,458,4,2589,0,40
2293,15,3,459,9,2598,106,90
2294,15,3,460,3,2601,27,30
2295,15,3,461,4,2605,40,40
2296,15,3,462,4,2609,41,40
2297,15,3,463,8,2617,75,80
2298,15,3,464,5,2622,51,50
2299,15,3,465,9,2631,84,90
2300,15,3,466,4,2635,32,40
2301,15,3,467,8,2643,87,80
2302,15,3,468,4,2647,39,40
2303,15,3,469,8,2655,68,80
2304,15,3,470,5,2660,57,50
2305,15,3,471,5,2665,0,50
2306,15,3,472,5,2670,105,50
2307,15,3,473,7,2677,66,70
2308,15,3,474,3,2680,42,30
2309,15,3,475,3,2683,19,30
2310,15,3,476,9,2692,97,90
2311,15,3,477,6,2698,59,60
2312,15,3,478,5,2703,60,50
2313,15,3,479,3,2706,30,30
2314,15,3,480,8,2714,80,80
2315,15,3,481,6,2720,69,60
2316,15,3,482,6,2726,62,60
2317,15,3,483,5,2731,39,50
2318,15,3,484,6,2737,64,60
2319,15,3,485,7,2744,67,70
2320,15,3,486,5,2749,48,50
2321,15,3,487,9,2758,81,90
2322,15,3,488,7,2765,76,70
2323,15,3,489,5,2770,49,50
2324,15,3,490,3,2773,28,30
2325,15,3,491,4,2777,46,40
2326,15,3,492,8,2785,71,80
2327,15,3,493,3,2788,31,30
2328,15,3,494,4,2792,0,40
2329,15,3,495,7,2799,100,70
2330,15,3,496,4,2803,34,40
2331,15,3,497,5,2808,62,50
2332,15,3,498,5,2813,55,50
2333,15,3,499,7,2820,68,70
2334,15,3,500,4,2824,38,40
2335,15,3,501,9,2833,87,90
2336,15,3,502,2,2835,26,20
2337,15,3,503,4,2839,0,40
2338,15,3,504,4,2843,72,40
2339,15,3,505,6,2849,59,60
2340,15,3,506,3,2852,32,30
2341,15,3,507,7,2859,78,70
2342,15,3,508,9,2868,84,90
2343,15,3,509,8,2876,69,80
2344,15,3,510,5,2881,44,50
2345,15,3,511,3,2884,41,30
2346,15,3,512,7,2891,68,70
2347,15,3,513,4,2895,41,40
2348,15,3,514,6,2901,80,60
2349,15,3,515,9,2910,98,90
2350,15,3,516,9,2919,74,90
2351,15,3,517,9,2928,109,90
2352,15,3,518,8,2936,68,80
2353,15,3,519,8,2944,89,80
2354,15,3,520,5,2949,48,50
2355,15,3,521,6,2955,67,60
2356,15,3,522,5,2960,45,50
2357,15,3,523,9,2969,106,90
2358,15,3,524,8,2977,77,80
2359,15,3,525,5,2982,59,50
2360,15,3,526,3,2985,26,30
2361,15,3,527,3,2988,33,30
2362,15,3,528,5,2993,56,50
2363,15,3,529,9,3002,72,90
2364,15,3,530,2,3004,17,20
2365,15,3,531,5,3009,58,50
2366,15,3,532,5,3014,39,50
2367,15,3,533,7,3021,85,70
2368,15,3,534,2,3023,19,20
2369,15,3,535,7,3030,74,70
2370,15,3,536,9,3039,90,90
2371,15,3,537,7,3046,79,70
2372,15,3,538,8,3054,90,80
2373,15,3,539,5,3059,54,50
2374,15,3,540,8,3067,92,80
2375,15,3,541,8,3075,87,80
2376,15,3,542,5,3080,53,50
2377,15,3,543,5,3085,42,50
2378,15,3,544,2,3087,23,20
2379,15,3,545,2,3089,18,20
2380,15,3,546,2,3091,27,20
2381,15,3,547,3,3094,33,30
2382,15,3,548,8,3102,0,80
2383,15,3,549,2,3104,109,20
2384,15,3,550,9,3113,96,90
2385,15,3,551,8,3121,96,80
2386,15,3,552,9,3130,115,90
2387,15,3,553,6,3136,61,60
2388,15,3,554,5,3141,0,50
2389,15,3,555,4,3145,93,40
2390,15,3,556,8,3153,79,80
2391,15,3,557,3,3156,31,30
2392,15,3,558,9,3165,77,90
2393,15,3,559,7,3172,78,70
2394,15,3,560,9,3181,105,90
2395,15,3,561,2,3183,26,20
2396,15,3,562,9,3192,72,90
2397,15,3,563,8,3200,73,80
2398,15,3,564,9,3209,88,90
2399,15,3,565,2,3211,20,20
2400,15,3,566,3,3214,31,30
2401,15,3,567,3,3217,29,30
2402,15,3,568,2,3219,27,20
2403,15,3,569,3,3222,37,30
2404,15,3,570,3,3225,22,30
2405,15,3,571,6,3231,49,60
2406,15,3,572,2,3233,20,20
2407,15,3,573,4,3237,38,40
2408,15,3,574,2,3239,15,20
2409,15,3,575,9,3248,112,90
2410,15,3,576,9,3257,101,90
2411,15,3,577,2,3259,26,20
2412,15,3,578,2,3261,21,20
2413,15,3,579,4,3265,40,40
2414,15,3,580,7,3272,69,70
2415,15,3,581,2,3274,17,20
2416,15,3,582,2,3276,25,20
2417,15,3,583,5,3281,48,50
2418,15,3,584,8,3289,64,80
2419,15,3,585,3,3292,22,30
2420,15,3,586,8,3300,72,80
2421,15,3,587,7,3307,60,70
2422,15,3,588,3,3310,29,30
2423,15,3,589,9,3319,85,90
2424,15,3,590,2,3321,13,20
2425,15,3,591,6,3327,66,60
2426,15,3,592,9,3336,92,90
2427,15,3,593,7,3343,74,70
2428,15,3,594,8,3351,79,80
2429,15,3,595,2,3353,19,20
2430,15,3,596,7,3360,89,70
2431,15,3,597,9,3369,95,90
2432,15,3,598,9,3378,99,90
2433,15,3,599,3,3381,24,30
2434,15,3,600,3,3384,34,30
2435,15,3,601,8,3392,66,80
2436,15,3,602,4,3396,37,40
2437,15,3,603,5,3401,57,50
2438,15,3,604,2,3403,18,20
2439,15,3,605,8,3411,79,80
2440,15,3,606,5,3416,46,50
2441,15,3,607,6,3422,50,60
2442,15,3,608,8,3430,70,80
2443,15,3,609,2,3432,16,20
2444,15,3,610,2,3434,26,20
2445,15,3,611,3,3437,26,30
2446,15,3,612,4,3441,41,40
2447,15,3,613,6,3447,60,60
2448,15,3,614,7,3454,87,70
2449,15,3,615,4,3458,28,40
2450,15,3,616,7,3465,84,70
2451,15,3,617,5,3470,44,50
2452,15,3,618,5,3475,51,50
2453,15,3,619,8,3483,78,80
2454,15,3,620,2,3485,19,20
2455,15,3,621,7,3492,61,70
2456,15,3,622,8,3500,70,80
2457,15,3,623,3,3503,33,30
2458,15,3,624,9,3512,87,90
2459,15,3,625,8,3520,60,80
2460,15,3,626,5,3525,48,50
2461,15,3,627,7,3532,76,70
2462,15,3,628,4,3536,40,40
2463,15,3,629,6,3542,61,60
2464,15,3,630,4,3546,46,40
2465,15,3,631,2,3548,28,20
2466,15,3,632,2,3550,13,20
2467,15,3,633,9,3559,0,90
2468,15,3,634,6,3565,155,60
2469,15,3,635,6,3571,64,60
2470,15,3,636,8,3579,73,80
2471,15,3,637,8,3587,73,80
2472,15,3,638,4,3591,46,40
2473,15,3,639,6,3597,51,60
2474,15,3,640,7,3604,92,70
2475,15,3,641,3,3607,30,30
2476,15,3,642,4,3611,35,40
2477,15,3,643,4,3615,42,40
2478,15,3,644,7,3622,74,70
2479,15,3,645,6,3628,62,60
2480,15,3,646,9,3637,93,90
2481,15,3,647,8,3645,76,80
2482,15,3,648,3,3648,34,30
2483,15,3,649,9,3657,92,90
2484,15,3,650,6,3663,0,60
2485,15,3,651,8,3671,133,80
2486,15,3,652,2,3673,19,20
2487,15,3,653,9,3682,86,90
2488,15,3,654,6,3688,59,60
2489,15,3,655,3,3691,33,30
2490,15,3,656,5,3696,52,50
2491,15,3,657,4,3700,49,40
2492,15,3,658,4,3704,40,40
2493,15,3,659,3,3707,27,30
2494,15,3,660,6,3713,62,60
2495,15,3,661,8,3721,67,80
2496,15,3,662,3,3724,0,30
2497,15,3,663,8,3732,116,80
2498,15,3,664,3,3735,25,30
2499,15,3,665,4,3739,37,40
2500,15,3,666,2,3741,27,20
2501,15,3,667,4,3745,41,40
2502,15,3,668,2,3747,26,20
2503,15,3,669,4,3751,0,40
2504,15,3,670,2,3753,0,20
2505,15,3,671,7,3760,122,70
2506,15,3,672,6,3766,56,60
2507,15,3,673,4,3770,55,40
2508,15,3,674,5,3775,53,50
2509,15,3,675,4,3779,35,40
2510,15,3,676,7,3786,71,70
2511,15,3,677,2,3788,29,20
2512,15,3,678,2,3790,19,20
2513,15,3,679,5,3795,50,50
2514,15,3,680,3,3798,29,30
2515,15,3,681,8,3806,86,80
2516,15,3,682,3,3809,33,30
2517,15,3,683,4,3813,41,40
2518,15,3,684,2,3815,22,20
2519,15,3,685,2,3817,17,20
2520,15,3,686,6,3823,0,60
2521,15,3,687,9,3832,145,90
2522,15,3,688,9,3841,109,90
2523,15,3,689,7,3848,64,70
2524,15,3,690,6,3854,0,60
2525,15,3,691,3,3857,81,30
2526,15,3,692,7,3864,81,70
2527,15,3,693,5,3869,57,50
2528,15,3,694,6,3875,62,60
2529,15,3,695,7,3882,61,70
2530,15,3,696,7,3889,74,70
2531,15,3,697,8,3897,88,80
2532,15,3,698,8,3905,85,80
2533,15,3,699,9,3914,95,90
2534,15,3,700,2,3916,20,20
2535,15,3,701,9,3925,87,90
2536,15,3,702,3,3928,29,30
2537,15,3,703,8,3936,75,80
2538,15,3,704,6,3942,63,60
2539,15,3,705,3,3945,43,30
2540,15,3,706,4,3949,34,40
2541,15,3,707,2,3951,14,20
2542,15,3,708,2,3953,16,20
2543,15,3,709,6,3959,0,60
2544,15,3,710,5,3964,102,50
2545,15,3,711,5,3969,47,50
2546,15,3,712,4,3973,42,40
2547,15,3,713,5,3978,48,50
2548,15,3,714,6,3984,56,60
2549,15,3,715,9,3993,78,90
2550,15,3,716,4,3997,50,40
2551,15,3,717,9,4006,82,90
2552,15,3,718,3,4009,32,30
2553,15,3,719,5,4014,42,50
2554,15,3,720,2,4016,22,20
2555,15,3,721,6,4022,77,60
2556,15,3,722,3,4025,29,30
2557,15,3,723,5,4030,60,50
2558,15,3,724,8,4038,69,80
2559,15,3,725,3,4041,22,30
2560,15,3,726,9,4050,85,90
2561,15,3,727,5,4055,41,50
2562,15,3,728,8,4063,68,80
2563,15,3,729,8,4071,0,80
2564,15,3,730,9,4080,145,90
2565,15,3,731,8,4088,77,80
2566,15,3,732,8,4096,72,80
2567,15,3,733,7,4103,0,70
2568,15,3,734,9,4112,153,90
2569,15,3,735,6,4118,62,60
2570,15,3,736,4,4122,35,40
2571,15,3,737,3,4125,24,30
2572,15,3,738,2,4127,0,20
2573,15,3,739,4,4131,71,40
2574,15,3,740,9,4140,96,90
2575,15,3,741,6,4146,40,60
2576,15,3,742,4,4150,51,40
2577,15,3,743,9,4159,98,90
2578,15,3,744,4,4163,37,40
2579,15,3,745,5,4168,54,50
2580,15,3,746,9,4177,97,90
2581,15,3,747,9,4186,78,90
2582,15,3,748,3,4189,29,30
2583,15,3,749,8,4197,74,80
2584,15,3,750,4,4201,43,40
2585,15,3,751,6,4207,65,60
2586,15,3,752,5,4212,53,50
2587,15,3,753,9,4221,82,90
2588,15,3,754,6,4227,61,60
2589,15,3,755,9,4236,104,90
2590,15,3,756,6,4242,50,60
2591,15,3,757,4,4246,40,40
2592,15,3,758,5,4251,49,50
2593,15,3,759,9,4260,85,90
2594,15,3,760,9,4269,89,90
2595,15,3,761,9,4278,80,90
2596,15,3,762,4,4282,38,40
2597,15,3,763,8,4290,68,80
2598,15,3,764,2,4292,26,20
2599,15,3,765,9,4301,0,90
2600,15,3,766,7,4308,164,70
2601,15,3,767,2,4310,18,20
2602,15,3,768,9,4319,88,90
2603,15,3,769,7,4326,67,70
2604,15,3,770,6,4332,53,60
2605,15,3,771,7,4339,67,70
2606,15,3,772,9,4348,90,90
2607,15,3,773,6,4354,78,60
2608,15,3,774,7,4361,61,70
2609,15,3,775,2,4363,11,20
2610,15,3,776,4,4367,28,40
2611,15,3,777,7,4374,71,70
2612,15,3,778,6,4380,52,60
2613,15,3,779,3,4383,26,30
2614,15,3,780,9,4392,80,90
2615,15,3,781,2,4394,18,20
2616,15,3,782,5,4399,37,50
2617,15,3,783,3,4402,36,30
2618,15,3,784,6,4408,58,60
2619,15,3,785,7,4415,75,70
2620,15,3,786,8,4423,84,80
2621,15,3,787,6,4429,61,60
2622,15,3,788,2,4431,18,20
2623,15,3,789,8,4439,77,80
2624,15,3,790,6,4445,49,60
2625,15,3,791,8,4453,71,80
2626,15,3,792,5,4458,55,50
2627,15,3,793,8,4466,79,80
2628,15,3,794,7,4473,72,70
2629,15,3,795,5,4478,43,50
2630,15,3,796,5,4483,46,50
2631,15,3,797,7,4490,72,70
2632,15,3,798,3,4493,29,30
2633,15,3,799,9,4502,89,90
2634,15,3,800,6,4508,62,60
2635,15,3,801,7,4515,71,70
2636,15,3,802,3,4518,36,30
2637,15,3,803,4,4522,36,40
2638,15,3,804,2,4524,15,20
2639,15,3,805,9,4533,98,90
2640,15,3,806,8,4541,0,80
2641,15,3,807,7,4548,138,70
2642,15,3,808,3,4551,29,30
2643,15,3,809,5,4556,55,50
2644,15,3,810,8,4564,85,80
2645,15,3,811,4,4568,29,40
2646,15,3,812,3,4571,26,30
2647,15,3,813,2,4573,17,20
2648,15,3,814,2,4575,19,20
2649,15,3,815,6,4581,64,60
2650,15,3,816,2,4583,19,20
2651,15,3,817,8,4591,0,80
2652,15,3,818,3,4594,113,30
2653,15,3,819,3,4597,37,30
2654,15,3,820,4,4601,44,40
2655,15,3,821,3,4604,25,30
2656,15,3,822,7,4611,68,70
2657,15,3,823,2,4613,0,20
2658,15,3,824,4,4617,51,40
2659,15,3,825,8,4625,75,80
2660,15,3,826,9,4634,89,90
2661,15,3,827,7,4641,78,70
2662,15,3,828,4,4645,28,40
2663,15,3,829,2,4647,19,20
2664,15,3,830,7,4654,77,70
2665,15,3,831,3,4657,33,30
2666,15,3,832,9,4666,94,90
2667,15,3,833,2,4668,12,20
2668,15,3,834,2,4670,23,20
2669,15,3,835,8,4678,78,80
2670,15,3,836,6,4684,57,60
2671,15,3,837,7,4691,69,70
2672,15,3,838,7,4698,73,70
2673,15,3,839,2,4700,24,20
2674,15,3,840,9,4709,88,90
2675,15,3,841,8,4717,77,80
2676,15,3,842,3,4720,25,30
2677,15,3,843,6,4726,63,60
2678,15,3,844,4,4730,40,40
2679,15,3,845,5,4735,32,50
2680,15,3,846,6,4741,65,60
2681,15,3,847,9,4750,90,90
2682,15,3,848,7,4757,52,70
2683,15,3,849,8,4765,84,80
2684,15,3,850,5,4770,54,50
2685,15,3,851,6,4776,67,60
2686,15,3,852,7,4783,64,70
2687,15,3,853,8,4791,74,80
2688,15,3,854,4,4795,26,40
2689,15,3,855,2,4797,21,20
2690,15,3,856,5,4802,50,50
2691,15,3,857,3,4805,24,30
2692,15,3,858,5,4810,54,50
2693,15,3,859,2,4812,17,20
2694,15,3,860,9,4821,95,90
2695,15,3,861,5,4826,47,50
2696,15,3,862,8,4834,72,80
2697,15,3,863,6,4840,59,60
2698,15,3,864,5,4845,46,50
2699,15,3,865,2,4847,17,20
2700,15,3,866,8,4855,87,80
2701,15,3,867,6,4861,56,60
2702,15,3,868,5,4866,58,50
2703,15,3,869,9,4875,78,90
2704,15,3,870,6,4881,63,60
2705,15,3,871,6,4887,67,60
2706,15,3,872,5,4892,47,50
2707,15,3,873,9,4901,92,90
2708,15,3,874,6,4907,55,60
2709,15,3,875,8,4915,85,80
2710,15,3,876,4,4919,46,40
2711,15,3,877,4,4923,28,40
2712,15,3,878,7,4930,74,70
2713,15,3,879,4,4934,41,40
2714,15,3,880,5,4939,35,50
2715,15,3,881,4,4943,41,40
2716,15,3,882,8,4951,76,80
2717,15,3,883,6,4957,55,60
2718,15,3,884,7,4964,67,70
2719,15,3,885,5,4969,46,50
2720,15,3,886,9,4978,79,90
2721,15,3,887,2,4980,24,20
2722,15,3,888,3,4983,40,30
2723,15,3,889,4,4987,45,40
2724,15,3,890,6,4993,63,60
2725,15,3,891,4,4997,43,40
