,Scenario,Trial,Inspection,Interval,Time,Defects,Rate
0,82,1,1,4,4,35,40
1,82,1,2,7,11,77,70
2,82,1,3,5,16,50,50
3,82,1,4,5,21,46,50
4,82,1,5,5,26,54,50
5,82,1,6,7,33,68,70
6,82,1,7,6,39,66,60
7,82,1,8,4,43,52,40
8,82,1,9,2,45,0,20
9,82,1,10,2,47,0,20
10,82,1,11,6,53,105,60
11,82,1,12,5,58,37,50
12,82,1,13,9,67,0,90
13,82,1,14,9,76,0,90
14,82,1,15,7,83,0,70
15,82,1,16,5,88,313,50
16,82,1,17,9,97,102,90
17,82,1,18,2,99,17,20
18,82,1,19,6,105,52,60
19,82,1,20,3,108,43,30
20,82,1,21,3,111,33,30
21,82,1,22,2,113,19,20
22,82,1,23,5,118,54,50
23,82,1,24,4,122,36,40
24,82,1,25,9,131,0,90
25,82,1,26,4,135,131,40
26,82,1,27,3,138,0,30
27,82,1,28,3,141,56,30
28,82,1,29,9,150,0,90
29,82,1,30,4,154,146,40
30,82,1,31,4,158,41,40
31,82,1,32,3,161,36,30
32,82,1,33,3,164,33,30
33,82,1,34,2,166,0,20
34,82,1,35,2,168,37,20
35,82,1,36,3,171,26,30
36,82,1,37,5,176,40,50
37,82,1,38,3,179,0,30
38,82,1,39,9,188,98,90
39,82,1,40,9,197,90,90
40,82,1,41,5,202,0,50
41,82,1,42,2,204,76,20
42,82,1,43,7,211,77,70
43,82,1,44,4,215,0,40
44,82,1,45,7,222,106,70
45,82,1,46,9,231,78,90
46,82,1,47,3,234,33,30
47,82,1,48,8,242,74,80
48,82,1,49,3,245,31,30
49,82,1,50,4,249,0,40
50,82,1,51,8,257,0,80
51,82,1,52,4,261,0,40
52,82,1,53,9,270,249,90
53,82,1,54,6,276,56,60
54,82,1,55,3,279,29,30
55,82,1,56,2,281,21,20
56,82,1,57,9,290,70,90
57,82,1,58,6,296,66,60
58,82,1,59,7,303,74,70
59,82,1,60,9,312,0,90
60,82,1,61,2,314,92,20
61,82,1,62,6,320,79,60
62,82,1,63,3,323,34,30
63,82,1,64,5,328,0,50
64,82,1,65,6,334,100,60
65,82,1,66,7,341,66,70
66,82,1,67,2,343,23,20
67,82,1,68,5,348,47,50
68,82,1,69,9,357,99,90
69,82,1,70,3,360,32,30
70,82,1,71,3,363,16,30
71,82,1,72,6,369,66,60
72,82,1,73,9,378,100,90
73,82,1,74,9,387,78,90
74,82,1,75,9,396,107,90
75,82,1,76,4,400,0,40
76,82,1,77,9,409,144,90
77,82,1,78,4,413,31,40
78,82,1,79,9,422,0,90
79,82,1,80,6,428,138,60
80,82,1,81,8,436,80,80
81,82,1,82,3,439,38,30
82,82,1,83,2,441,22,20
83,82,1,84,9,450,0,90
84,82,1,85,7,457,137,70
85,82,1,86,9,466,83,90
86,82,1,87,2,468,16,20
87,82,1,88,8,476,82,80
88,82,1,89,4,480,0,40
89,82,1,90,4,484,73,40
90,82,1,91,2,486,0,20
91,82,1,92,5,491,59,50
92,82,1,93,7,498,0,70
93,82,1,94,9,507,120,90
94,82,1,95,6,513,67,60
95,82,1,96,8,521,0,80
96,82,1,97,8,529,157,80
97,82,1,98,9,538,0,90
98,82,1,99,2,540,0,20
99,82,1,100,7,547,213,70
100,82,1,101,4,551,57,40
101,82,1,102,9,560,0,90
102,82,1,103,2,562,115,20
103,82,1,104,4,566,0,40
104,82,1,105,8,574,0,80
105,82,1,106,8,582,186,80
106,82,1,107,8,590,69,80
107,82,1,108,4,594,0,40
108,82,1,109,9,603,114,90
109,82,1,110,5,608,37,50
110,82,1,111,3,611,32,30
111,82,1,112,9,620,99,90
112,82,1,113,9,629,80,90
113,82,1,114,2,631,28,20
114,82,1,115,3,634,0,30
115,82,1,116,2,636,66,20
116,82,1,117,8,644,63,80
117,82,1,118,6,650,70,60
118,82,1,119,8,658,84,80
119,82,1,120,3,661,0,30
120,82,1,121,3,664,67,30
121,82,1,122,4,668,35,40
122,82,1,123,5,673,0,50
123,82,1,124,4,677,0,40
124,82,1,125,4,681,123,40
125,82,1,126,6,687,0,60
126,82,1,127,5,692,0,50
127,82,1,128,7,699,176,70
128,82,1,129,6,705,72,60
129,82,1,130,9,714,84,90
130,82,1,131,6,720,43,60
131,82,1,132,7,727,63,70
132,82,1,133,2,729,0,20
133,82,1,134,5,734,0,50
134,82,1,135,3,737,96,30
135,82,1,136,9,746,90,90
136,82,1,137,6,752,56,60
137,82,1,138,7,759,0,70
138,82,1,139,7,766,148,70
139,82,1,140,3,769,28,30
140,82,1,141,9,778,100,90
141,82,1,142,8,786,0,80
142,82,1,143,8,794,173,80
143,82,1,144,7,801,81,70
144,82,1,145,8,809,79,80
145,82,1,146,2,811,25,20
146,82,1,147,8,819,64,80
147,82,1,148,8,827,70,80
148,82,1,149,9,836,75,90
149,82,1,150,5,841,0,50
150,82,1,151,5,846,0,50
151,82,1,152,9,855,0,90
152,82,1,153,6,861,226,60
153,82,1,154,9,870,94,90
154,82,1,155,7,877,68,70
155,82,1,156,9,886,0,90
156,82,1,157,3,889,115,30
157,82,1,158,8,897,83,80
158,82,1,159,9,906,92,90
159,82,1,160,8,914,81,80
160,82,1,161,9,923,75,90
161,82,1,162,5,928,46,50
162,82,1,163,6,934,0,60
163,82,1,164,6,940,114,60
164,82,1,165,5,945,46,50
165,82,1,166,7,952,73,70
166,82,1,167,2,954,0,20
167,82,1,168,9,963,112,90
168,82,1,169,7,970,69,70
169,82,1,170,5,975,52,50
170,82,1,171,5,980,39,50
171,82,1,172,6,986,56,60
172,82,1,173,2,988,0,20
173,82,1,174,2,990,0,20
174,82,1,175,3,993,86,30
175,82,1,176,8,1001,72,80
176,82,1,177,9,1010,0,90
177,82,1,178,6,1016,156,60
178,82,1,179,4,1020,0,40
179,82,1,180,3,1023,86,30
180,82,1,181,4,1027,30,40
181,82,1,182,8,1035,55,80
182,82,1,183,5,1040,46,50
183,82,1,184,8,1048,72,80
184,82,1,185,7,1055,72,70
185,82,1,186,7,1062,0,70
186,82,1,187,6,1068,0,60
187,82,1,188,7,1075,209,70
188,82,1,189,6,1081,55,60
189,82,1,190,9,1090,0,90
190,82,1,191,4,1094,122,40
191,82,1,192,9,1103,99,90
192,82,1,193,9,1112,91,90
193,82,1,194,7,1119,63,70
194,82,1,195,3,1122,41,30
195,82,1,196,4,1126,31,40
196,82,1,197,7,1133,67,70
197,82,1,198,5,1138,45,50
198,82,1,199,4,1142,38,40
199,82,1,200,6,1148,0,60
200,82,1,201,5,1153,98,50
201,82,1,202,9,1162,96,90
202,82,1,203,8,1170,78,80
203,82,1,204,8,1178,73,80
204,82,1,205,5,1183,0,50
205,82,1,206,9,1192,148,90
206,82,1,207,7,1199,67,70
207,82,1,208,4,1203,38,40
208,82,1,209,7,1210,63,70
209,82,1,210,9,1219,84,90
210,82,1,211,3,1222,25,30
211,82,1,212,8,1230,67,80
212,82,1,213,4,1234,43,40
213,82,1,214,3,1237,27,30
214,82,1,215,2,1239,21,20
215,82,1,216,2,1241,21,20
216,82,1,217,8,1249,80,80
217,82,1,218,9,1258,112,90
218,82,1,219,3,1261,31,30
219,82,1,220,5,1266,41,50
220,82,1,221,4,1270,0,40
221,82,1,222,3,1273,0,30
222,82,1,223,4,1277,0,40
223,82,1,224,9,1286,212,90
224,82,1,225,6,1292,74,60
225,82,1,226,6,1298,52,60
226,82,1,227,4,1302,41,40
227,82,1,228,2,1304,21,20
228,82,1,229,2,1306,0,20
229,82,1,230,7,1313,89,70
230,82,1,231,3,1316,30,30
231,82,1,232,8,1324,71,80
232,82,1,233,9,1333,82,90
233,82,1,234,4,1337,44,40
234,82,1,235,6,1343,0,60
235,82,1,236,4,1347,101,40
236,82,1,237,2,1349,23,20
237,82,1,238,3,1352,26,30
238,82,1,239,9,1361,0,90
239,82,1,240,3,1364,125,30
240,82,1,241,6,1370,89,60
241,82,1,242,7,1377,54,70
242,82,1,243,6,1383,61,60
243,82,1,244,6,1389,78,60
244,82,1,245,6,1395,71,60
245,82,1,246,8,1403,83,80
246,82,1,247,9,1412,0,90
247,82,1,248,4,1416,0,40
248,82,1,249,2,1418,0,20
249,82,1,250,4,1422,201,40
250,82,1,251,8,1430,72,80
251,82,1,252,7,1437,69,70
252,82,1,253,5,1442,42,50
253,82,1,254,6,1448,63,60
254,82,1,255,5,1453,45,50
255,82,1,256,7,1460,65,70
256,82,1,257,9,1469,90,90
257,82,1,258,4,1473,41,40
258,82,1,259,9,1482,83,90
259,82,1,260,3,1485,26,30
260,82,1,261,5,1490,56,50
261,82,1,262,9,1499,95,90
262,82,1,263,2,1501,23,20
263,82,1,264,5,1506,0,50
264,82,1,265,7,1513,123,70
265,82,1,266,9,1522,87,90
266,82,1,267,9,1531,92,90
267,82,1,268,7,1538,71,70
268,82,1,269,2,1540,0,20
269,82,1,270,3,1543,0,30
270,82,1,271,3,1546,81,30
271,82,1,272,3,1549,0,30
272,82,1,273,5,1554,84,50
273,82,1,274,7,1561,69,70
274,82,1,275,5,1566,39,50
275,82,1,276,7,1573,76,70
276,82,1,277,4,1577,37,40
277,82,1,278,3,1580,38,30
278,82,1,279,4,1584,33,40
279,82,1,280,4,1588,49,40
280,82,1,281,5,1593,52,50
281,82,1,282,5,1598,0,50
282,82,1,283,4,1602,90,40
283,82,1,284,6,1608,0,60
284,82,1,285,8,1616,148,80
285,82,1,286,5,1621,48,50
286,82,1,287,6,1627,55,60
287,82,1,288,9,1636,81,90
288,82,1,289,3,1639,32,30
289,82,1,290,6,1645,49,60
290,82,1,291,3,1648,0,30
291,82,1,292,6,1654,0,60
292,82,1,293,8,1662,0,80
293,82,1,294,3,1665,199,30
294,82,1,295,3,1668,0,30
295,82,1,296,6,1674,0,60
296,82,1,297,9,1683,201,90
297,82,1,298,2,1685,14,20
298,82,1,299,6,1691,0,60
299,82,1,300,3,1694,97,30
300,82,1,301,3,1697,36,30
301,82,1,302,3,1700,33,30
302,82,1,303,2,1702,23,20
303,82,1,304,7,1709,69,70
304,82,1,305,9,1718,75,90
305,82,1,306,2,1720,18,20
306,82,1,307,2,1722,17,20
307,82,1,308,9,1731,0,90
308,82,1,309,4,1735,133,40
309,82,1,310,2,1737,23,20
310,82,1,311,3,1740,34,30
311,82,1,312,3,1743,26,30
312,82,1,313,7,1750,0,70
313,82,1,314,3,1753,97,30
314,82,1,315,6,1759,71,60
315,82,1,316,6,1765,66,60
316,82,1,317,7,1772,92,70
317,82,1,318,4,1776,0,40
318,82,1,319,8,1784,111,80
319,82,1,320,6,1790,52,60
320,82,1,321,5,1795,0,50
321,82,1,322,3,1798,76,30
322,82,1,323,6,1804,72,60
323,82,1,324,2,1806,24,20
324,82,1,325,4,1810,40,40
325,82,1,326,8,1818,70,80
326,82,1,327,7,1825,75,70
327,82,1,328,2,1827,0,20
328,82,1,329,6,1833,0,60
329,82,1,330,8,1841,0,80
330,82,1,331,6,1847,222,60
331,82,1,332,7,1854,0,70
332,82,1,333,9,1863,156,90
333,82,1,334,2,1865,0,20
334,82,1,335,8,1873,103,80
335,82,1,336,4,1877,0,40
336,82,1,337,6,1883,0,60
337,82,1,338,3,1886,128,30
338,82,1,339,4,1890,41,40
339,82,1,340,5,1895,42,50
340,82,1,341,8,1903,77,80
341,82,1,342,8,1911,88,80
342,82,1,343,2,1913,20,20
343,82,1,344,5,1918,62,50
344,82,1,345,8,1926,95,80
345,82,1,346,8,1934,0,80
346,82,1,347,2,1936,87,20
347,82,1,348,5,1941,62,50
348,82,1,349,9,1950,0,90
349,82,1,350,3,1953,116,30
350,82,1,351,9,1962,86,90
351,82,1,352,2,1964,18,20
352,82,1,353,2,1966,18,20
353,82,1,354,7,1973,0,70
354,82,1,355,7,1980,133,70
355,82,1,356,6,1986,67,60
356,82,1,357,9,1995,89,90
357,82,1,358,5,2000,55,50
358,82,1,359,8,2008,70,80
359,82,1,360,7,2015,53,70
360,82,1,361,8,2023,0,80
361,82,1,362,3,2026,105,30
362,82,1,363,7,2033,76,70
363,82,1,364,8,2041,77,80
364,82,1,365,9,2050,92,90
365,82,1,366,2,2052,24,20
366,82,1,367,5,2057,0,50
367,82,1,368,6,2063,0,60
368,82,1,369,2,2065,123,20
369,82,1,370,9,2074,0,90
370,82,1,371,8,2082,159,80
371,82,1,372,7,2089,72,70
372,82,1,373,6,2095,59,60
373,82,1,374,2,2097,0,20
374,82,1,375,4,2101,54,40
375,82,1,376,6,2107,0,60
376,82,1,377,7,2114,128,70
377,82,1,378,6,2120,54,60
378,82,1,379,8,2128,93,80
379,82,1,380,2,2130,15,20
380,82,1,381,3,2133,30,30
381,82,1,382,6,2139,69,60
382,82,1,383,2,2141,26,20
383,82,1,384,5,2146,40,50
384,82,1,385,3,2149,27,30
385,82,1,386,4,2153,50,40
386,82,1,387,5,2158,43,50
387,82,1,388,8,2166,80,80
388,82,1,389,5,2171,59,50
389,82,1,390,6,2177,61,60
390,82,1,391,5,2182,0,50
391,82,1,392,2,2184,79,20
392,82,1,393,4,2188,0,40
393,82,1,394,7,2195,0,70
394,82,1,395,5,2200,0,50
395,82,1,396,4,2204,201,40
396,82,1,397,5,2209,46,50
397,82,1,398,6,2215,66,60
398,82,1,399,3,2218,18,30
399,82,1,400,2,2220,17,20
400,82,1,401,7,2227,81,70
401,82,1,402,6,2233,59,60
402,82,1,403,9,2242,75,90
403,82,1,404,3,2245,40,30
404,82,1,405,9,2254,0,90
405,82,1,406,9,2263,0,90
406,82,1,407,6,2269,0,60
407,82,1,408,9,2278,349,90
408,82,1,409,8,2286,76,80
409,82,1,410,6,2292,56,60
410,82,1,411,2,2294,14,20
411,82,1,412,2,2296,0,20
412,82,1,413,9,2305,129,90
413,82,1,414,3,2308,22,30
414,82,1,415,6,2314,57,60
415,82,1,416,7,2321,77,70
416,82,1,417,8,2329,0,80
417,82,1,418,4,2333,114,40
418,82,1,419,9,2342,0,90
419,82,1,420,6,2348,170,60
420,82,1,421,8,2356,70,80
421,82,1,422,2,2358,19,20
422,82,1,423,3,2361,0,30
423,82,1,424,4,2365,59,40
424,82,1,425,3,2368,32,30
425,82,1,426,7,2375,0,70
426,82,1,427,7,2382,160,70
427,82,1,428,6,2388,61,60
428,82,1,429,7,2395,0,70
429,82,1,430,2,2397,88,20
430,82,1,431,4,2401,39,40
431,82,1,432,8,2409,83,80
432,82,1,433,7,2416,0,70
433,82,1,434,3,2419,98,30
434,82,1,435,2,2421,21,20
435,82,1,436,6,2427,58,60
436,82,1,437,7,2434,69,70
437,82,1,438,6,2440,51,60
438,82,1,439,5,2445,52,50
439,82,1,440,8,2453,0,80
440,82,1,441,3,2456,87,30
441,82,1,442,3,2459,31,30
442,82,1,443,2,2461,17,20
443,82,1,444,7,2468,72,70
444,82,1,445,7,2475,0,70
445,82,1,446,2,2477,92,20
446,82,1,447,8,2485,0,80
447,82,1,448,7,2492,154,70
448,82,1,449,8,2500,0,80
449,82,1,450,8,2508,149,80
450,82,1,451,6,2514,53,60
451,82,1,452,9,2523,0,90
452,82,1,453,8,2531,191,80
453,82,1,454,6,2537,61,60
454,82,1,455,5,2542,0,50
455,82,1,456,8,2550,0,80
456,82,1,457,8,2558,232,80
457,82,1,458,4,2562,43,40
458,82,1,459,4,2566,37,40
459,82,1,460,4,2570,46,40
460,82,1,461,7,2577,58,70
461,82,1,462,5,2582,34,50
462,82,1,463,8,2590,98,80
463,82,1,464,4,2594,38,40
464,82,1,465,7,2601,70,70
465,82,1,466,7,2608,68,70
466,82,1,467,6,2614,59,60
467,82,1,468,3,2617,0,30
468,82,1,469,4,2621,79,40
469,82,1,470,7,2628,0,70
470,82,1,471,4,2632,106,40
471,82,1,472,6,2638,59,60
472,82,1,473,9,2647,96,90
473,82,1,474,3,2650,32,30
474,82,1,475,8,2658,0,80
475,82,1,476,4,2662,116,40
476,82,1,477,4,2666,0,40
477,82,1,478,8,2674,111,80
478,82,1,479,7,2681,73,70
479,82,1,480,6,2687,59,60
480,82,1,481,2,2689,26,20
481,82,1,482,3,2692,25,30
482,82,1,483,4,2696,41,40
483,82,1,484,3,2699,31,30
484,82,1,485,3,2702,30,30
485,82,1,486,4,2706,48,40
486,82,1,487,4,2710,46,40
487,82,1,488,9,2719,97,90
488,82,1,489,2,2721,21,20
489,82,1,490,9,2730,81,90
490,82,1,491,4,2734,31,40
491,82,1,492,2,2736,23,20
492,82,1,493,7,2743,91,70
493,82,1,494,3,2746,20,30
494,82,1,495,7,2753,54,70
495,82,1,496,2,2755,0,20
496,82,1,497,8,2763,87,80
497,82,1,498,6,2769,59,60
498,82,1,499,5,2774,53,50
499,82,1,500,4,2778,40,40
500,82,1,501,4,2782,34,40
501,82,1,502,3,2785,42,30
502,82,1,503,3,2788,40,30
503,82,1,504,5,2793,37,50
504,82,1,505,2,2795,20,20
505,82,1,506,3,2798,36,30
506,82,1,507,5,2803,48,50
507,82,1,508,2,2805,15,20
508,82,1,509,8,2813,73,80
509,82,1,510,6,2819,54,60
510,82,1,511,7,2826,69,70
511,82,1,512,4,2830,46,40
512,82,1,513,8,2838,90,80
513,82,1,514,9,2847,90,90
514,82,1,515,3,2850,25,30
515,82,1,516,4,2854,41,40
516,82,1,517,3,2857,37,30
517,82,1,518,5,2862,44,50
518,82,1,519,9,2871,0,90
519,82,1,520,9,2880,186,90
520,82,1,521,8,2888,0,80
521,82,1,522,4,2892,128,40
522,82,1,523,2,2894,0,20
523,82,1,524,7,2901,97,70
524,82,1,525,7,2908,69,70
525,82,1,526,8,2916,70,80
526,82,1,527,9,2925,82,90
527,82,1,528,6,2931,64,60
528,82,1,529,6,2937,76,60
529,82,1,530,2,2939,18,20
530,82,1,531,3,2942,33,30
531,82,1,532,3,2945,39,30
532,82,1,533,6,2951,83,60
533,82,1,534,6,2957,66,60
534,82,1,535,3,2960,0,30
535,82,1,536,6,2966,79,60
536,82,1,537,4,2970,0,40
537,82,1,538,4,2974,76,40
538,82,1,539,6,2980,63,60
539,82,1,540,6,2986,56,60
540,82,1,541,3,2989,27,30
541,82,1,542,2,2991,0,20
542,82,1,543,5,2996,74,50
543,82,1,544,6,3002,0,60
544,82,1,545,3,3005,101,30
545,82,1,546,7,3012,57,70
546,82,1,547,5,3017,59,50
547,82,1,548,9,3026,0,90
548,82,1,549,6,3032,151,60
549,82,1,550,8,3040,77,80
550,82,1,551,6,3046,57,60
551,82,1,552,9,3055,74,90
552,82,1,553,3,3058,30,30
553,82,1,554,4,3062,34,40
554,82,1,555,9,3071,82,90
555,82,1,556,6,3077,62,60
556,82,1,557,2,3079,11,20
557,82,1,558,3,3082,27,30
558,82,1,559,3,3085,27,30
559,82,1,560,4,3089,0,40
560,82,1,561,6,3095,115,60
561,82,1,562,2,3097,0,20
562,82,1,563,9,3106,101,90
563,82,1,564,8,3114,94,80
564,82,1,565,8,3122,82,80
565,82,1,566,6,3128,59,60
566,82,1,567,3,3131,31,30
567,82,1,568,6,3137,62,60
568,82,1,569,8,3145,75,80
569,82,1,570,2,3147,17,20
570,82,1,571,6,3153,54,60
571,82,1,572,2,3155,11,20
572,82,1,573,4,3159,45,40
573,82,1,574,9,3168,97,90
574,82,1,575,5,3173,0,50
575,82,1,576,3,3176,82,30
576,82,1,577,9,3185,95,90
577,82,1,578,2,3187,22,20
578,82,1,579,6,3193,43,60
579,82,1,580,3,3196,28,30
580,82,1,581,2,3198,24,20
581,82,1,582,5,3203,57,50
582,82,1,583,5,3208,52,50
583,82,1,584,7,3215,0,70
584,82,1,585,5,3220,119,50
585,82,1,586,2,3222,21,20
586,82,1,587,2,3224,18,20
587,82,1,588,5,3229,58,50
588,82,1,589,7,3236,0,70
589,82,1,590,9,3245,169,90
590,82,1,591,7,3252,86,70
591,82,1,592,4,3256,36,40
592,82,1,593,4,3260,0,40
593,82,1,594,4,3264,74,40
594,82,1,595,7,3271,68,70
595,82,1,596,3,3274,29,30
596,82,1,597,7,3281,64,70
597,82,1,598,4,3285,38,40
598,82,1,599,3,3288,17,30
599,82,1,600,9,3297,96,90
600,82,1,601,7,3304,61,70
601,82,1,602,2,3306,18,20
602,82,1,603,2,3308,22,20
603,82,1,604,9,3317,99,90
604,82,1,605,5,3322,47,50
605,82,1,606,5,3327,60,50
606,82,1,607,9,3336,0,90
607,82,1,608,3,3339,112,30
608,82,1,609,7,3346,0,70
609,82,1,610,8,3354,0,80
610,82,1,611,2,3356,171,20
611,82,1,612,3,3359,20,30
612,82,1,613,2,3361,0,20
613,82,1,614,3,3364,57,30
614,82,1,615,3,3367,31,30
615,82,1,616,2,3369,0,20
616,82,1,617,2,3371,0,20
617,82,1,618,6,3377,92,60
618,82,1,619,5,3382,38,50
619,82,1,620,4,3386,41,40
620,82,1,621,5,3391,49,50
621,82,1,622,3,3394,31,30
622,82,1,623,7,3401,0,70
623,82,1,624,2,3403,79,20
624,82,1,625,3,3406,0,30
625,82,1,626,6,3412,0,60
626,82,1,627,7,3419,153,70
627,82,1,628,6,3425,54,60
628,82,1,629,9,3434,103,90
629,82,1,630,8,3442,83,80
630,82,1,631,7,3449,78,70
631,82,1,632,8,3457,84,80
632,82,1,633,5,3462,0,50
633,82,1,634,5,3467,96,50
634,82,1,635,3,3470,34,30
635,82,1,636,8,3478,0,80
636,82,1,637,6,3484,134,60
637,82,1,638,7,3491,74,70
638,82,1,639,3,3494,0,30
639,82,1,640,5,3499,0,50
640,82,1,641,2,3501,106,20
641,82,1,642,2,3503,0,20
642,82,1,643,4,3507,52,40
643,82,1,644,9,3516,96,90
644,82,1,645,9,3525,76,90
645,82,1,646,4,3529,41,40
646,82,1,647,4,3533,46,40
647,82,1,648,2,3535,21,20
648,82,1,649,2,3537,21,20
649,82,1,650,6,3543,69,60
650,82,1,651,9,3552,100,90
651,82,1,652,8,3560,75,80
652,82,1,653,8,3568,0,80
653,82,1,654,4,3572,0,40
654,82,1,655,2,3574,0,20
655,82,1,656,2,3576,172,20
656,82,1,657,2,3578,18,20
657,82,1,658,4,3582,0,40
658,82,1,659,6,3588,101,60
659,82,1,660,8,3596,77,80
660,82,1,661,6,3602,63,60
661,82,1,662,8,3610,0,80
662,82,1,663,2,3612,0,20
663,82,1,664,6,3618,159,60
664,82,1,665,8,3626,81,80
665,82,1,666,7,3633,69,70
666,82,1,667,4,3637,36,40
667,82,1,668,3,3640,29,30
668,82,1,669,2,3642,0,20
669,82,1,670,2,3644,45,20
670,82,1,671,7,3651,0,70
671,82,1,672,9,3660,0,90
672,82,1,673,8,3668,238,80
673,82,1,674,4,3672,53,40
674,82,1,675,3,3675,0,30
675,82,1,676,6,3681,98,60
676,82,1,677,7,3688,66,70
677,82,1,678,4,3692,38,40
678,82,1,679,4,3696,0,40
679,82,1,680,9,3705,130,90
680,82,1,681,3,3708,37,30
681,82,1,682,6,3714,65,60
682,82,1,683,2,3716,0,20
683,82,1,684,7,3723,0,70
684,82,1,685,3,3726,0,30
685,82,1,686,9,3735,233,90
686,82,1,687,5,3740,0,50
687,82,1,688,3,3743,67,30
688,82,1,689,6,3749,0,60
689,82,1,690,3,3752,91,30
690,82,1,691,9,3761,89,90
691,82,1,692,9,3770,76,90
692,82,1,693,5,3775,49,50
693,82,1,694,9,3784,0,90
694,82,1,695,6,3790,0,60
695,82,1,696,7,3797,216,70
696,82,1,697,9,3806,0,90
697,82,1,698,6,3812,161,60
698,82,1,699,7,3819,80,70
699,82,1,700,5,3824,52,50
700,82,1,701,5,3829,59,50
701,82,1,702,6,3835,0,60
702,82,1,703,5,3840,101,50
703,82,1,704,7,3847,62,70
704,82,1,705,9,3856,96,90
705,82,1,706,5,3861,54,50
706,82,1,707,9,3870,107,90
707,82,1,708,3,3873,23,30
708,82,1,709,6,3879,63,60
709,82,1,710,9,3888,0,90
710,82,1,711,6,3894,139,60
711,82,1,712,4,3898,42,40
712,82,1,713,9,3907,0,90
713,82,1,714,5,3912,0,50
714,82,1,715,6,3918,194,60
715,82,1,716,9,3927,0,90
716,82,1,717,3,3930,129,30
717,82,1,718,5,3935,47,50
718,82,1,719,2,3937,23,20
719,82,1,720,4,3941,0,40
720,82,1,721,9,3950,99,90
721,82,1,722,7,3957,62,70
722,82,1,723,3,3960,24,30
723,82,1,724,2,3962,21,20
724,82,1,725,5,3967,0,50
725,82,1,726,5,3972,102,50
726,82,1,727,4,3976,47,40
727,82,1,728,4,3980,42,40
728,82,1,729,9,3989,0,90
729,82,1,730,3,3992,0,30
730,82,1,731,7,3999,191,70
731,82,1,732,8,4007,0,80
732,82,1,733,7,4014,0,70
733,82,1,734,2,4016,156,20
734,82,1,735,5,4021,39,50
735,82,1,736,2,4023,13,20
736,82,1,737,3,4026,38,30
737,82,1,738,8,4034,0,80
738,82,1,739,4,4038,134,40
739,82,1,740,5,4043,0,50
740,82,1,741,4,4047,0,40
741,82,1,742,6,4053,151,60
742,82,1,743,7,4060,0,70
743,82,1,744,8,4068,159,80
744,82,1,745,5,4073,0,50
745,82,1,746,2,4075,0,20
746,82,1,747,2,4077,79,20
747,82,1,748,2,4079,0,20
748,82,1,749,2,4081,0,20
749,82,1,750,2,4083,71,20
750,82,1,751,2,4085,23,20
751,82,1,752,9,4094,88,90
752,82,1,753,2,4096,0,20
753,82,1,754,2,4098,0,20
754,82,1,755,2,4100,61,20
755,82,1,756,5,4105,0,50
756,82,1,757,7,4112,0,70
757,82,1,758,2,4114,0,20
758,82,1,759,7,4121,0,70
759,82,1,760,8,4129,309,80
760,82,1,761,5,4134,48,50
761,82,1,762,9,4143,0,90
762,82,1,763,5,4148,136,50
763,82,1,764,3,4151,22,30
764,82,1,765,6,4157,63,60
765,82,1,766,9,4166,78,90
766,82,1,767,3,4169,34,30
767,82,1,768,9,4178,0,90
768,82,1,769,8,4186,160,80
769,82,1,770,4,4190,41,40
770,82,1,771,3,4193,34,30
771,82,1,772,3,4196,40,30
772,82,1,773,9,4205,0,90
773,82,1,774,5,4210,0,50
774,82,1,775,2,4212,0,20
775,82,1,776,2,4214,202,20
776,82,1,777,5,4219,55,50
777,82,1,778,6,4225,63,60
778,82,1,779,3,4228,39,30
779,82,1,780,9,4237,78,90
780,82,1,781,3,4240,33,30
781,82,1,782,6,4246,75,60
782,82,1,783,5,4251,43,50
783,82,1,784,9,4260,81,90
784,82,1,785,6,4266,57,60
785,82,1,786,5,4271,55,50
786,82,1,787,7,4278,67,70
787,82,1,788,9,4287,87,90
788,82,1,789,7,4294,82,70
789,82,1,790,2,4296,23,20
790,82,1,791,5,4301,53,50
791,82,1,792,8,4309,66,80
792,82,1,793,5,4314,58,50
793,82,1,794,2,4316,26,20
794,82,1,795,4,4320,52,40
795,82,1,796,2,4322,21,20
796,82,1,797,2,4324,0,20
797,82,1,798,5,4329,69,50
798,82,1,799,3,4332,28,30
799,82,1,800,8,4340,73,80
800,82,1,801,4,4344,29,40
801,82,1,802,4,4348,35,40
802,82,1,803,2,4350,23,20
803,82,1,804,9,4359,79,90
804,82,1,805,2,4361,27,20
805,82,1,806,3,4364,23,30
806,82,1,807,5,4369,53,50
807,82,1,808,3,4372,29,30
808,82,1,809,3,4375,33,30
809,82,1,810,2,4377,18,20
810,82,1,811,6,4383,46,60
811,82,1,812,4,4387,43,40
812,82,1,813,8,4395,0,80
813,82,1,814,9,4404,170,90
814,82,1,815,7,4411,76,70
815,82,1,816,3,4414,0,30
816,82,1,817,4,4418,75,40
817,82,1,818,6,4424,59,60
818,82,1,819,9,4433,84,90
819,82,1,820,9,4442,91,90
820,82,1,821,5,4447,52,50
821,82,1,822,8,4455,79,80
822,82,1,823,2,4457,25,20
823,82,1,824,7,4464,63,70
824,82,1,825,5,4469,59,50
825,82,1,826,7,4476,69,70
826,82,1,827,3,4479,22,30
827,82,1,828,3,4482,29,30
828,82,1,829,4,4486,0,40
829,82,1,830,8,4494,134,80
830,82,1,831,7,4501,68,70
831,82,1,832,7,4508,58,70
832,82,1,833,3,4511,35,30
833,82,1,834,4,4515,43,40
834,82,1,835,9,4524,89,90
835,82,1,836,5,4529,47,50
836,82,1,837,8,4537,65,80
837,82,1,838,4,4541,35,40
838,82,1,839,6,4547,66,60
839,82,1,840,4,4551,44,40
840,82,1,841,6,4557,0,60
841,82,1,842,4,4561,94,40
842,82,1,843,2,4563,20,20
843,82,1,844,3,4566,32,30
844,82,1,845,5,4571,44,50
845,82,1,846,2,4573,16,20
846,82,1,847,6,4579,0,60
847,82,1,848,3,4582,0,30
848,82,1,849,8,4590,150,80
849,82,1,850,3,4593,43,30
850,82,1,851,5,4598,52,50
851,82,1,852,6,4604,0,60
852,82,1,853,5,4609,111,50
853,82,1,854,5,4614,40,50
854,82,1,855,7,4621,62,70
855,82,1,856,7,4628,87,70
856,82,1,857,2,4630,14,20
857,82,1,858,8,4638,82,80
858,82,1,859,3,4641,0,30
859,82,1,860,7,4648,102,70
860,82,1,861,5,4653,50,50
861,82,1,862,5,4658,45,50
862,82,1,863,3,4661,37,30
863,82,1,864,2,4663,0,20
864,82,1,865,9,4672,0,90
865,82,1,866,9,4681,0,90
866,82,1,867,2,4683,219,20
867,82,1,868,2,4685,21,20
868,82,1,869,2,4687,0,20
869,82,1,870,8,4695,96,80
870,82,1,871,2,4697,19,20
871,82,1,872,2,4699,16,20
872,82,1,873,6,4705,56,60
873,82,1,874,4,4709,0,40
874,82,1,875,2,4711,42,20
875,82,1,876,6,4717,53,60
876,82,1,877,5,4722,49,50
877,82,1,878,3,4725,23,30
878,82,1,879,5,4730,45,50
879,82,1,880,4,4734,44,40
880,82,1,881,7,4741,71,70
881,82,1,882,6,4747,57,60
882,82,1,883,4,4751,0,40
883,82,1,884,4,4755,81,40
884,82,1,885,6,4761,79,60
885,82,1,886,2,4763,13,20
886,82,1,887,2,4765,0,20
887,82,1,888,5,4770,62,50
888,82,1,889,5,4775,59,50
889,82,1,890,5,4780,61,50
890,82,1,891,4,4784,51,40
891,82,1,892,6,4790,60,60
892,82,1,893,8,4798,77,80
893,82,1,894,8,4806,103,80
894,82,1,895,6,4812,64,60
895,82,1,896,5,4817,46,50
896,82,1,897,7,4824,0,70
897,82,1,898,9,4833,0,90
898,82,1,899,7,4840,232,70
899,82,1,900,7,4847,58,70
900,82,1,901,9,4856,98,90
901,82,1,902,9,4865,82,90
902,82,1,903,9,4874,97,90
903,82,1,904,8,4882,85,80
904,82,1,905,2,4884,12,20
905,82,1,906,4,4888,33,40
906,82,1,907,8,4896,74,80
907,82,1,908,2,4898,19,20
908,82,1,909,2,4900,20,20
909,82,1,910,7,4907,68,70
910,82,1,911,9,4916,74,90
911,82,1,912,5,4921,0,50
912,82,1,913,9,4930,131,90
913,82,1,914,2,4932,0,20
914,82,1,915,6,4938,86,60
915,82,1,916,4,4942,35,40
916,82,1,917,2,4944,18,20
917,82,1,918,5,4949,0,50
918,82,1,919,8,4957,123,80
919,82,1,920,3,4960,30,30
920,82,1,921,6,4966,40,60
921,82,1,922,9,4975,93,90
922,82,1,923,6,4981,51,60
923,82,1,924,5,4986,42,50
924,82,1,925,3,4989,26,30
925,82,1,926,9,4998,79,90
926,82,2,1,2,2,0,20
927,82,2,2,4,6,55,40
928,82,2,3,9,15,0,90
929,82,2,4,9,24,0,90
930,82,2,5,7,31,249,70
931,82,2,6,9,40,0,90
932,82,2,7,9,49,188,90
933,82,2,8,6,55,0,60
934,82,2,9,5,60,122,50
935,82,2,10,6,66,64,60
936,82,2,11,8,74,75,80
937,82,2,12,5,79,34,50
938,82,2,13,5,84,0,50
939,82,2,14,2,86,71,20
940,82,2,15,5,91,38,50
941,82,2,16,6,97,0,60
942,82,2,17,5,102,119,50
943,82,2,18,6,108,66,60
944,82,2,19,7,115,64,70
945,82,2,20,8,123,73,80
946,82,2,21,7,130,0,70
947,82,2,22,5,135,0,50
948,82,2,23,3,138,152,30
949,82,2,24,3,141,0,30
950,82,2,25,2,143,44,20
951,82,2,26,4,147,41,40
952,82,2,27,8,155,87,80
953,82,2,28,5,160,48,50
954,82,2,29,8,168,77,80
955,82,2,30,2,170,17,20
956,82,2,31,6,176,0,60
957,82,2,32,9,185,171,90
958,82,2,33,5,190,51,50
959,82,2,34,9,199,98,90
960,82,2,35,9,208,0,90
961,82,2,36,2,210,101,20
962,82,2,37,3,213,36,30
963,82,2,38,6,219,0,60
964,82,2,39,9,228,129,90
965,82,2,40,8,236,0,80
966,82,2,41,3,239,0,30
967,82,2,42,2,241,131,20
968,82,2,43,4,245,40,40
969,82,2,44,2,247,24,20
970,82,2,45,6,253,66,60
971,82,2,46,6,259,68,60
972,82,2,47,2,261,0,20
973,82,2,48,5,266,81,50
974,82,2,49,7,273,70,70
975,82,2,50,6,279,51,60
976,82,2,51,3,282,28,30
977,82,2,52,6,288,52,60
978,82,2,53,8,296,79,80
979,82,2,54,5,301,45,50
980,82,2,55,9,310,0,90
981,82,2,56,7,317,149,70
982,82,2,57,4,321,30,40
983,82,2,58,2,323,20,20
984,82,2,59,5,328,0,50
985,82,2,60,8,336,123,80
986,82,2,61,8,344,0,80
987,82,2,62,5,349,0,50
988,82,2,63,3,352,0,30
989,82,2,64,2,354,175,20
990,82,2,65,9,363,96,90
991,82,2,66,3,366,34,30
992,82,2,67,3,369,33,30
993,82,2,68,7,376,67,70
994,82,2,69,7,383,66,70
995,82,2,70,4,387,0,40
996,82,2,71,5,392,100,50
997,82,2,72,5,397,47,50
998,82,2,73,2,399,20,20
999,82,2,74,8,407,0,80
1000,82,2,75,9,416,0,90
1001,82,2,76,2,418,0,20
1002,82,2,77,4,422,233,40
1003,82,2,78,6,428,67,60
1004,82,2,79,9,437,98,90
1005,82,2,80,3,440,36,30
1006,82,2,81,6,446,73,60
1007,82,2,82,9,455,101,90
1008,82,2,83,3,458,32,30
1009,82,2,84,8,466,71,80
1010,82,2,85,2,468,0,20
1011,82,2,86,9,477,0,90
1012,82,2,87,7,484,172,70
1013,82,2,88,6,490,58,60
1014,82,2,89,8,498,71,80
1015,82,2,90,4,502,52,40
1016,82,2,91,4,506,35,40
1017,82,2,92,3,509,0,30
1018,82,2,93,6,515,87,60
1019,82,2,94,4,519,0,40
1020,82,2,95,7,526,103,70
1021,82,2,96,6,532,65,60
1022,82,2,97,4,536,46,40
1023,82,2,98,6,542,55,60
1024,82,2,99,3,545,38,30
1025,82,2,100,4,549,37,40
1026,82,2,101,4,553,37,40
1027,82,2,102,6,559,0,60
1028,82,2,103,7,566,136,70
1029,82,2,104,2,568,0,20
1030,82,2,105,6,574,0,60
1031,82,2,106,8,582,0,80
1032,82,2,107,9,591,235,90
1033,82,2,108,9,600,78,90
1034,82,2,109,5,605,47,50
1035,82,2,110,3,608,0,30
1036,82,2,111,3,611,55,30
1037,82,2,112,8,619,71,80
1038,82,2,113,4,623,0,40
1039,82,2,114,9,632,149,90
1040,82,2,115,3,635,20,30
1041,82,2,116,2,637,0,20
1042,82,2,117,6,643,83,60
1043,82,2,118,8,651,76,80
1044,82,2,119,7,658,59,70
1045,82,2,120,9,667,97,90
1046,82,2,121,3,670,24,30
1047,82,2,122,9,679,91,90
1048,82,2,123,3,682,0,30
1049,82,2,124,3,685,50,30
1050,82,2,125,9,694,0,90
1051,82,2,126,3,697,136,30
1052,82,2,127,8,705,79,80
1053,82,2,128,5,710,53,50
1054,82,2,129,8,718,84,80
1055,82,2,130,5,723,45,50
1056,82,2,131,7,730,54,70
1057,82,2,132,5,735,56,50
1058,82,2,133,7,742,78,70
1059,82,2,134,8,750,77,80
1060,82,2,135,9,759,86,90
1061,82,2,136,2,761,20,20
1062,82,2,137,4,765,33,40
1063,82,2,138,5,770,53,50
1064,82,2,139,5,775,49,50
1065,82,2,140,8,783,83,80
1066,82,2,141,4,787,0,40
1067,82,2,142,9,796,127,90
1068,82,2,143,6,802,50,60
1069,82,2,144,8,810,97,80
1070,82,2,145,2,812,22,20
1071,82,2,146,9,821,97,90
1072,82,2,147,7,828,68,70
1073,82,2,148,8,836,76,80
1074,82,2,149,6,842,61,60
1075,82,2,150,4,846,43,40
1076,82,2,151,5,851,39,50
1077,82,2,152,4,855,0,40
1078,82,2,153,4,859,81,40
1079,82,2,154,5,864,52,50
1080,82,2,155,9,873,102,90
1081,82,2,156,9,882,0,90
1082,82,2,157,8,890,175,80
1083,82,2,158,7,897,0,70
1084,82,2,159,2,899,96,20
1085,82,2,160,4,903,0,40
1086,82,2,161,4,907,75,40
1087,82,2,162,5,912,51,50
1088,82,2,163,5,917,55,50
1089,82,2,164,7,924,64,70
1090,82,2,165,4,928,0,40
1091,82,2,166,7,935,105,70
1092,82,2,167,8,943,52,80
1093,82,2,168,7,950,0,70
1094,82,2,169,7,957,0,70
1095,82,2,170,3,960,184,30
1096,82,2,171,4,964,37,40
1097,82,2,172,3,967,34,30
1098,82,2,173,7,974,60,70
1099,82,2,174,4,978,0,40
1100,82,2,175,8,986,113,80
1101,82,2,176,3,989,0,30
1102,82,2,177,8,997,95,80
1103,82,2,178,5,1002,45,50
1104,82,2,179,8,1010,85,80
1105,82,2,180,4,1014,33,40
1106,82,2,181,3,1017,0,30
1107,82,2,182,9,1026,121,90
1108,82,2,183,4,1030,43,40
1109,82,2,184,8,1038,0,80
1110,82,2,185,4,1042,114,40
1111,82,2,186,5,1047,48,50
1112,82,2,187,4,1051,43,40
1113,82,2,188,9,1060,0,90
1114,82,2,189,8,1068,0,80
1115,82,2,190,4,1072,190,40
1116,82,2,191,2,1074,25,20
1117,82,2,192,9,1083,0,90
1118,82,2,193,9,1092,176,90
1119,82,2,194,6,1098,0,60
1120,82,2,195,8,1106,141,80
1121,82,2,196,9,1115,0,90
1122,82,2,197,4,1119,113,40
1123,82,2,198,3,1122,33,30
1124,82,2,199,4,1126,40,40
1125,82,2,200,6,1132,56,60
1126,82,2,201,5,1137,50,50
1127,82,2,202,8,1145,105,80
1128,82,2,203,5,1150,57,50
1129,82,2,204,2,1152,18,20
1130,82,2,205,7,1159,61,70
1131,82,2,206,2,1161,17,20
1132,82,2,207,6,1167,54,60
1133,82,2,208,6,1173,0,60
1134,82,2,209,3,1176,0,30
1135,82,2,210,9,1185,193,90
1136,82,2,211,3,1188,24,30
1137,82,2,212,9,1197,0,90
1138,82,2,213,4,1201,129,40
1139,82,2,214,6,1207,76,60
1140,82,2,215,7,1214,69,70
1141,82,2,216,6,1220,53,60
1142,82,2,217,8,1228,78,80
1143,82,2,218,8,1236,81,80
1144,82,2,219,5,1241,55,50
1145,82,2,220,7,1248,54,70
1146,82,2,221,7,1255,72,70
1147,82,2,222,7,1262,65,70
1148,82,2,223,3,1265,0,30
1149,82,2,224,8,1273,102,80
1150,82,2,225,4,1277,41,40
1151,82,2,226,6,1283,0,60
1152,82,2,227,3,1286,0,30
1153,82,2,228,7,1293,142,70
1154,82,2,229,5,1298,0,50
1155,82,2,230,3,1301,71,30
1156,82,2,231,8,1309,76,80
1157,82,2,232,4,1313,40,40
1158,82,2,233,2,1315,17,20
1159,82,2,234,4,1319,39,40
1160,82,2,235,8,1327,82,80
1161,82,2,236,3,1330,0,30
1162,82,2,237,8,1338,102,80
1163,82,2,238,2,1340,28,20
1164,82,2,239,7,1347,70,70
1165,82,2,240,6,1353,44,60
1166,82,2,241,4,1357,0,40
1167,82,2,242,4,1361,83,40
1168,82,2,243,6,1367,68,60
1169,82,2,244,3,1370,35,30
1170,82,2,245,6,1376,58,60
1171,82,2,246,5,1381,70,50
1172,82,2,247,2,1383,17,20
1173,82,2,248,2,1385,17,20
1174,82,2,249,6,1391,46,60
1175,82,2,250,7,1398,77,70
1176,82,2,251,3,1401,30,30
1177,82,2,252,9,1410,81,90
1178,82,2,253,2,1412,0,20
1179,82,2,254,8,1420,80,80
1180,82,2,255,3,1423,26,30
1181,82,2,256,4,1427,27,40
1182,82,2,257,7,1434,0,70
1183,82,2,258,7,1441,136,70
1184,82,2,259,4,1445,38,40
1185,82,2,260,2,1447,0,20
1186,82,2,261,6,1453,0,60
1187,82,2,262,2,1455,108,20
1188,82,2,263,6,1461,59,60
1189,82,2,264,5,1466,0,50
1190,82,2,265,3,1469,72,30
1191,82,2,266,4,1473,57,40
1192,82,2,267,4,1477,54,40
1193,82,2,268,7,1484,0,70
1194,82,2,269,8,1492,169,80
1195,82,2,270,3,1495,0,30
1196,82,2,271,5,1500,0,50
1197,82,2,272,3,1503,107,30
1198,82,2,273,2,1505,18,20
1199,82,2,274,9,1514,93,90
1200,82,2,275,3,1517,30,30
1201,82,2,276,9,1526,93,90
1202,82,2,277,5,1531,45,50
1203,82,2,278,2,1533,22,20
1204,82,2,279,5,1538,0,50
1205,82,2,280,6,1544,111,60
1206,82,2,281,8,1552,0,80
1207,82,2,282,7,1559,131,70
1208,82,2,283,4,1563,33,40
1209,82,2,284,2,1565,19,20
1210,82,2,285,8,1573,0,80
1211,82,2,286,5,1578,163,50
1212,82,2,287,4,1582,40,40
1213,82,2,288,6,1588,59,60
1214,82,2,289,6,1594,64,60
1215,82,2,290,4,1598,46,40
1216,82,2,291,3,1601,20,30
1217,82,2,292,6,1607,0,60
1218,82,2,293,7,1614,130,70
1219,82,2,294,6,1620,70,60
1220,82,2,295,6,1626,55,60
1221,82,2,296,6,1632,54,60
1222,82,2,297,6,1638,0,60
1223,82,2,298,8,1646,0,80
1224,82,2,299,2,1648,0,20
1225,82,2,300,5,1653,0,50
1226,82,2,301,2,1655,231,20
1227,82,2,302,3,1658,29,30
1228,82,2,303,7,1665,73,70
1229,82,2,304,4,1669,0,40
1230,82,2,305,3,1672,67,30
1231,82,2,306,2,1674,0,20
1232,82,2,307,4,1678,0,40
1233,82,2,308,9,1687,149,90
1234,82,2,309,6,1693,60,60
1235,82,2,310,4,1697,35,40
1236,82,2,311,8,1705,90,80
1237,82,2,312,3,1708,0,30
1238,82,2,313,3,1711,0,30
1239,82,2,314,6,1717,113,60
1240,82,2,315,4,1721,41,40
1241,82,2,316,9,1730,73,90
1242,82,2,317,3,1733,39,30
1243,82,2,318,5,1738,44,50
1244,82,2,319,5,1743,39,50
1245,82,2,320,5,1748,59,50
1246,82,2,321,3,1751,34,30
1247,82,2,322,9,1760,87,90
1248,82,2,323,7,1767,75,70
1249,82,2,324,7,1774,76,70
1250,82,2,325,2,1776,0,20
1251,82,2,326,3,1779,67,30
1252,82,2,327,6,1785,64,60
1253,82,2,328,2,1787,13,20
1254,82,2,329,7,1794,72,70
1255,82,2,330,9,1803,0,90
1256,82,2,331,4,1807,0,40
1257,82,2,332,6,1813,207,60
1258,82,2,333,5,1818,50,50
1259,82,2,334,3,1821,0,30
1260,82,2,335,4,1825,68,40
1261,82,2,336,2,1827,21,20
1262,82,2,337,8,1835,72,80
1263,82,2,338,5,1840,0,50
1264,82,2,339,3,1843,87,30
1265,82,2,340,4,1847,0,40
1266,82,2,341,9,1856,0,90
1267,82,2,342,3,1859,157,30
1268,82,2,343,5,1864,48,50
1269,82,2,344,4,1868,0,40
1270,82,2,345,8,1876,0,80
1271,82,2,346,5,1881,162,50
1272,82,2,347,6,1887,66,60
1273,82,2,348,4,1891,58,40
1274,82,2,349,6,1897,0,60
1275,82,2,350,7,1904,141,70
1276,82,2,351,2,1906,16,20
1277,82,2,352,9,1915,83,90
1278,82,2,353,7,1922,0,70
1279,82,2,354,7,1929,149,70
1280,82,2,355,4,1933,32,40
1281,82,2,356,7,1940,0,70
1282,82,2,357,4,1944,96,40
1283,82,2,358,4,1948,35,40
1284,82,2,359,3,1951,37,30
1285,82,2,360,4,1955,0,40
1286,82,2,361,5,1960,108,50
1287,82,2,362,6,1966,62,60
1288,82,2,363,9,1975,81,90
1289,82,2,364,6,1981,61,60
1290,82,2,365,7,1988,68,70
1291,82,2,366,8,1996,89,80
1292,82,2,367,8,2004,68,80
1293,82,2,368,3,2007,35,30
1294,82,2,369,3,2010,0,30
1295,82,2,370,6,2016,89,60
1296,82,2,371,2,2018,0,20
1297,82,2,372,2,2020,37,20
1298,82,2,373,7,2027,58,70
1299,82,2,374,4,2031,36,40
1300,82,2,375,2,2033,15,20
1301,82,2,376,5,2038,48,50
1302,82,2,377,5,2043,0,50
1303,82,2,378,8,2051,129,80
1304,82,2,379,9,2060,0,90
1305,82,2,380,6,2066,180,60
1306,82,2,381,5,2071,51,50
1307,82,2,382,7,2078,85,70
1308,82,2,383,3,2081,0,30
1309,82,2,384,5,2086,87,50
1310,82,2,385,5,2091,48,50
1311,82,2,386,8,2099,0,80
1312,82,2,387,7,2106,148,70
1313,82,2,388,7,2113,60,70
1314,82,2,389,4,2117,43,40
1315,82,2,390,2,2119,29,20
1316,82,2,391,7,2126,59,70
1317,82,2,392,7,2133,77,70
1318,82,2,393,8,2141,70,80
1319,82,2,394,3,2144,32,30
1320,82,2,395,9,2153,0,90
1321,82,2,396,2,2155,113,20
1322,82,2,397,8,2163,0,80
1323,82,2,398,6,2169,141,60
1324,82,2,399,6,2175,51,60
1325,82,2,400,4,2179,30,40
1326,82,2,401,5,2184,49,50
1327,82,2,402,3,2187,0,30
1328,82,2,403,4,2191,72,40
1329,82,2,404,4,2195,42,40
1330,82,2,405,8,2203,82,80
1331,82,2,406,9,2212,0,90
1332,82,2,407,8,2220,172,80
1333,82,2,408,4,2224,45,40
1334,82,2,409,5,2229,53,50
1335,82,2,410,2,2231,26,20
1336,82,2,411,4,2235,0,40
1337,82,2,412,8,2243,92,80
1338,82,2,413,8,2251,91,80
1339,82,2,414,2,2253,22,20
1340,82,2,415,7,2260,72,70
1341,82,2,416,9,2269,80,90
1342,82,2,417,2,2271,23,20
1343,82,2,418,2,2273,19,20
1344,82,2,419,4,2277,41,40
1345,82,2,420,5,2282,49,50
1346,82,2,421,8,2290,76,80
1347,82,2,422,5,2295,48,50
1348,82,2,423,4,2299,0,40
1349,82,2,424,6,2305,0,60
1350,82,2,425,7,2312,156,70
1351,82,2,426,2,2314,24,20
1352,82,2,427,4,2318,31,40
1353,82,2,428,3,2321,24,30
1354,82,2,429,9,2330,96,90
1355,82,2,430,2,2332,21,20
1356,82,2,431,8,2340,82,80
1357,82,2,432,2,2342,24,20
1358,82,2,433,7,2349,0,70
1359,82,2,434,6,2355,0,60
1360,82,2,435,9,2364,224,90
1361,82,2,436,8,2372,92,80
1362,82,2,437,8,2380,76,80
1363,82,2,438,8,2388,100,80
1364,82,2,439,8,2396,73,80
1365,82,2,440,9,2405,96,90
1366,82,2,441,3,2408,29,30
1367,82,2,442,2,2410,0,20
1368,82,2,443,4,2414,65,40
1369,82,2,444,7,2421,64,70
1370,82,2,445,6,2427,46,60
1371,82,2,446,8,2435,0,80
1372,82,2,447,5,2440,140,50
1373,82,2,448,4,2444,33,40
1374,82,2,449,4,2448,0,40
1375,82,2,450,5,2453,0,50
1376,82,2,451,6,2459,141,60
1377,82,2,452,5,2464,38,50
1378,82,2,453,6,2470,52,60
1379,82,2,454,7,2477,63,70
1380,82,2,455,7,2484,77,70
1381,82,2,456,4,2488,29,40
1382,82,2,457,3,2491,32,30
1383,82,2,458,7,2498,73,70
1384,82,2,459,9,2507,82,90
1385,82,2,460,3,2510,28,30
1386,82,2,461,5,2515,58,50
1387,82,2,462,7,2522,72,70
1388,82,2,463,9,2531,71,90
1389,82,2,464,5,2536,39,50
1390,82,2,465,9,2545,0,90
1391,82,2,466,7,2552,162,70
1392,82,2,467,7,2559,0,70
1393,82,2,468,6,2565,0,60
1394,82,2,469,6,2571,165,60
1395,82,2,470,2,2573,20,20
1396,82,2,471,3,2576,15,30
1397,82,2,472,3,2579,28,30
1398,82,2,473,9,2588,94,90
1399,82,2,474,2,2590,0,20
1400,82,2,475,7,2597,0,70
1401,82,2,476,3,2600,0,30
1402,82,2,477,4,2604,142,40
1403,82,2,478,9,2613,0,90
1404,82,2,479,7,2620,0,70
1405,82,2,480,6,2626,233,60
1406,82,2,481,3,2629,35,30
1407,82,2,482,7,2636,68,70
1408,82,2,483,4,2640,0,40
1409,82,2,484,8,2648,120,80
1410,82,2,485,8,2656,83,80
1411,82,2,486,4,2660,43,40
1412,82,2,487,8,2668,69,80
1413,82,2,488,9,2677,86,90
1414,82,2,489,8,2685,64,80
1415,82,2,490,5,2690,47,50
1416,82,2,491,4,2694,40,40
1417,82,2,492,3,2697,0,30
1418,82,2,493,7,2704,104,70
1419,82,2,494,3,2707,43,30
1420,82,2,495,7,2714,73,70
1421,82,2,496,3,2717,28,30
1422,82,2,497,3,2720,20,30
1423,82,2,498,4,2724,39,40
1424,82,2,499,4,2728,42,40
1425,82,2,500,5,2733,47,50
1426,82,2,501,8,2741,69,80
1427,82,2,502,7,2748,72,70
1428,82,2,503,5,2753,44,50
1429,82,2,504,7,2760,0,70
1430,82,2,505,3,2763,110,30
1431,82,2,506,6,2769,0,60
1432,82,2,507,4,2773,97,40
1433,82,2,508,5,2778,40,50
1434,82,2,509,8,2786,83,80
1435,82,2,510,5,2791,0,50
1436,82,2,511,5,2796,120,50
1437,82,2,512,4,2800,0,40
1438,82,2,513,3,2803,0,30
1439,82,2,514,9,2812,159,90
1440,82,2,515,4,2816,36,40
1441,82,2,516,7,2823,75,70
1442,82,2,517,8,2831,97,80
1443,82,2,518,9,2840,0,90
1444,82,2,519,3,2843,0,30
1445,82,2,520,4,2847,0,40
1446,82,2,521,8,2855,238,80
1447,82,2,522,5,2860,42,50
1448,82,2,523,7,2867,66,70
1449,82,2,524,9,2876,81,90
1450,82,2,525,3,2879,25,30
1451,82,2,526,6,2885,60,60
1452,82,2,527,5,2890,50,50
1453,82,2,528,9,2899,97,90
1454,82,2,529,2,2901,24,20
1455,82,2,530,3,2904,35,30
1456,82,2,531,6,2910,59,60
1457,82,2,532,9,2919,84,90
1458,82,2,533,6,2925,63,60
1459,82,2,534,9,2934,65,90
1460,82,2,535,5,2939,56,50
1461,82,2,536,4,2943,38,40
1462,82,2,537,6,2949,0,60
1463,82,2,538,9,2958,172,90
1464,82,2,539,6,2964,0,60
1465,82,2,540,2,2966,70,20
1466,82,2,541,5,2971,42,50
1467,82,2,542,2,2973,25,20
1468,82,2,543,3,2976,37,30
1469,82,2,544,4,2980,44,40
1470,82,2,545,3,2983,0,30
1471,82,2,546,3,2986,0,30
1472,82,2,547,8,2994,131,80
1473,82,2,548,9,3003,87,90
1474,82,2,549,9,3012,81,90
1475,82,2,550,4,3016,44,40
1476,82,2,551,5,3021,0,50
1477,82,2,552,7,3028,124,70
1478,82,2,553,7,3035,78,70
1479,82,2,554,3,3038,0,30
1480,82,2,555,6,3044,93,60
1481,82,2,556,8,3052,0,80
1482,82,2,557,8,3060,144,80
1483,82,2,558,6,3066,57,60
1484,82,2,559,9,3075,102,90
1485,82,2,560,3,3078,33,30
1486,82,2,561,6,3084,0,60
1487,82,2,562,5,3089,0,50
1488,82,2,563,4,3093,156,40
1489,82,2,564,5,3098,61,50
1490,82,2,565,8,3106,76,80
1491,82,2,566,9,3115,92,90
1492,82,2,567,4,3119,49,40
1493,82,2,568,3,3122,0,30
1494,82,2,569,3,3125,57,30
1495,82,2,570,5,3130,57,50
1496,82,2,571,9,3139,95,90
1497,82,2,572,6,3145,61,60
1498,82,2,573,8,3153,84,80
1499,82,2,574,8,3161,81,80
1500,82,2,575,3,3164,29,30
1501,82,2,576,8,3172,77,80
1502,82,2,577,9,3181,88,90
1503,82,2,578,4,3185,0,40
1504,82,2,579,5,3190,0,50
1505,82,2,580,3,3193,107,30
1506,82,2,581,5,3198,0,50
1507,82,2,582,5,3203,0,50
1508,82,2,583,6,3209,181,60
1509,82,2,584,7,3216,81,70
1510,82,2,585,7,3223,0,70
1511,82,2,586,3,3226,95,30
1512,82,2,587,8,3234,84,80
1513,82,2,588,8,3242,77,80
1514,82,2,589,7,3249,74,70
1515,82,2,590,3,3252,34,30
1516,82,2,591,4,3256,37,40
1517,82,2,592,9,3265,86,90
1518,82,2,593,2,3267,15,20
1519,82,2,594,5,3272,47,50
1520,82,2,595,9,3281,0,90
1521,82,2,596,4,3285,160,40
1522,82,2,597,6,3291,62,60
1523,82,2,598,8,3299,84,80
1524,82,2,599,7,3306,67,70
1525,82,2,600,3,3309,34,30
1526,82,2,601,5,3314,43,50
1527,82,2,602,2,3316,13,20
1528,82,2,603,2,3318,0,20
1529,82,2,604,6,3324,82,60
1530,82,2,605,6,3330,69,60
1531,82,2,606,9,3339,89,90
1532,82,2,607,6,3345,53,60
1533,82,2,608,8,3353,86,80
1534,82,2,609,9,3362,104,90
1535,82,2,610,2,3364,19,20
1536,82,2,611,7,3371,82,70
1537,82,2,612,2,3373,23,20
1538,82,2,613,4,3377,44,40
1539,82,2,614,5,3382,45,50
1540,82,2,615,3,3385,25,30
1541,82,2,616,9,3394,0,90
1542,82,2,617,8,3402,185,80
1543,82,2,618,5,3407,0,50
1544,82,2,619,4,3411,87,40
1545,82,2,620,4,3415,38,40
1546,82,2,621,6,3421,50,60
1547,82,2,622,4,3425,0,40
1548,82,2,623,9,3434,124,90
1549,82,2,624,6,3440,51,60
1550,82,2,625,8,3448,0,80
1551,82,2,626,8,3456,154,80
1552,82,2,627,2,3458,24,20
1553,82,2,628,5,3463,48,50
1554,82,2,629,6,3469,0,60
1555,82,2,630,8,3477,143,80
1556,82,2,631,6,3483,64,60
1557,82,2,632,2,3485,17,20
1558,82,2,633,2,3487,22,20
1559,82,2,634,3,3490,0,30
1560,82,2,635,9,3499,0,90
1561,82,2,636,7,3506,215,70
1562,82,2,637,6,3512,55,60
1563,82,2,638,6,3518,66,60
1564,82,2,639,9,3527,94,90
1565,82,2,640,9,3536,0,90
1566,82,2,641,2,3538,118,20
1567,82,2,642,9,3547,105,90
1568,82,2,643,4,3551,40,40
1569,82,2,644,8,3559,82,80
1570,82,2,645,4,3563,36,40
1571,82,2,646,8,3571,75,80
1572,82,2,647,7,3578,75,70
1573,82,2,648,3,3581,0,30
1574,82,2,649,6,3587,93,60
1575,82,2,650,2,3589,33,20
1576,82,2,651,6,3595,56,60
1577,82,2,652,2,3597,22,20
1578,82,2,653,4,3601,38,40
1579,82,2,654,8,3609,73,80
1580,82,2,655,2,3611,17,20
1581,82,2,656,5,3616,49,50
1582,82,2,657,9,3625,104,90
1583,82,2,658,6,3631,50,60
1584,82,2,659,5,3636,50,50
1585,82,2,660,5,3641,0,50
1586,82,2,661,7,3648,116,70
1587,82,2,662,7,3655,70,70
1588,82,2,663,8,3663,88,80
1589,82,2,664,3,3666,36,30
1590,82,2,665,7,3673,0,70
1591,82,2,666,6,3679,133,60
1592,82,2,667,2,3681,27,20
1593,82,2,668,9,3690,88,90
1594,82,2,669,9,3699,82,90
1595,82,2,670,7,3706,72,70
1596,82,2,671,4,3710,38,40
1597,82,2,672,5,3715,0,50
1598,82,2,673,9,3724,136,90
1599,82,2,674,5,3729,43,50
1600,82,2,675,2,3731,0,20
1601,82,2,676,4,3735,0,40
1602,82,2,677,6,3741,0,60
1603,82,2,678,4,3745,158,40
1604,82,2,679,7,3752,58,70
1605,82,2,680,3,3755,23,30
1606,82,2,681,2,3757,17,20
1607,82,2,682,7,3764,0,70
1608,82,2,683,6,3770,116,60
1609,82,2,684,3,3773,37,30
1610,82,2,685,7,3780,82,70
1611,82,2,686,9,3789,0,90
1612,82,2,687,8,3797,179,80
1613,82,2,688,7,3804,0,70
1614,82,2,689,6,3810,120,60
1615,82,2,690,2,3812,0,20
1616,82,2,691,5,3817,58,50
1617,82,2,692,9,3826,90,90
1618,82,2,693,8,3834,88,80
1619,82,2,694,9,3843,81,90
1620,82,2,695,7,3850,0,70
1621,82,2,696,4,3854,116,40
1622,82,2,697,9,3863,97,90
1623,82,2,698,5,3868,0,50
1624,82,2,699,9,3877,127,90
1625,82,2,700,6,3883,0,60
1626,82,2,701,8,3891,131,80
1627,82,2,702,5,3896,0,50
1628,82,2,703,4,3900,0,40
1629,82,2,704,2,3902,0,20
1630,82,2,705,9,3911,189,90
1631,82,2,706,2,3913,19,20
1632,82,2,707,2,3915,25,20
1633,82,2,708,5,3920,0,50
1634,82,2,709,3,3923,87,30
1635,82,2,710,5,3928,54,50
1636,82,2,711,7,3935,0,70
1637,82,2,712,3,3938,108,30
1638,82,2,713,6,3944,74,60
1639,82,2,714,3,3947,25,30
1640,82,2,715,9,3956,69,90
1641,82,2,716,2,3958,24,20
1642,82,2,717,3,3961,20,30
1643,82,2,718,6,3967,0,60
1644,82,2,719,7,3974,0,70
1645,82,2,720,4,3978,170,40
1646,82,2,721,6,3984,63,60
1647,82,2,722,5,3989,0,50
1648,82,2,723,9,3998,140,90
1649,82,2,724,3,4001,37,30
1650,82,2,725,4,4005,36,40
1651,82,2,726,6,4011,78,60
1652,82,2,727,5,4016,47,50
1653,82,2,728,2,4018,20,20
1654,82,2,729,3,4021,34,30
1655,82,2,730,7,4028,78,70
1656,82,2,731,4,4032,33,40
1657,82,2,732,5,4037,48,50
1658,82,2,733,5,4042,61,50
1659,82,2,734,2,4044,18,20
1660,82,2,735,3,4047,28,30
1661,82,2,736,8,4055,86,80
1662,82,2,737,7,4062,61,70
1663,82,2,738,8,4070,0,80
1664,82,2,739,8,4078,0,80
1665,82,2,740,4,4082,0,40
1666,82,2,741,6,4088,260,60
1667,82,2,742,7,4095,62,70
1668,82,2,743,8,4103,78,80
1669,82,2,744,7,4110,71,70
1670,82,2,745,2,4112,27,20
1671,82,2,746,7,4119,79,70
1672,82,2,747,3,4122,31,30
1673,82,2,748,4,4126,41,40
1674,82,2,749,5,4131,45,50
1675,82,2,750,7,4138,56,70
1676,82,2,751,2,4140,18,20
1677,82,2,752,5,4145,0,50
1678,82,2,753,9,4154,123,90
1679,82,2,754,8,4162,69,80
1680,82,2,755,5,4167,64,50
1681,82,2,756,7,4174,57,70
1682,82,2,757,6,4180,0,60
1683,82,2,758,3,4183,81,30
1684,82,2,759,6,4189,57,60
1685,82,2,760,9,4198,0,90
1686,82,2,761,6,4204,0,60
1687,82,2,762,8,4212,224,80
1688,82,2,763,6,4218,57,60
1689,82,2,764,6,4224,57,60
1690,82,2,765,5,4229,44,50
1691,82,2,766,3,4232,36,30
1692,82,2,767,2,4234,0,20
1693,82,2,768,3,4237,57,30
1694,82,2,769,9,4246,106,90
1695,82,2,770,7,4253,84,70
1696,82,2,771,9,4262,88,90
1697,82,2,772,4,4266,38,40
1698,82,2,773,2,4268,14,20
1699,82,2,774,9,4277,0,90
1700,82,2,775,5,4282,0,50
1701,82,2,776,3,4285,0,30
1702,82,2,777,9,4294,0,90
1703,82,2,778,4,4298,313,40
1704,82,2,779,3,4301,33,30
1705,82,2,780,3,4304,0,30
1706,82,2,781,4,4308,0,40
1707,82,2,782,9,4317,141,90
1708,82,2,783,6,4323,0,60
1709,82,2,784,8,4331,0,80
1710,82,2,785,5,4336,0,50
1711,82,2,786,8,4344,0,80
1712,82,2,787,2,4346,284,20
1713,82,2,788,8,4354,63,80
1714,82,2,789,9,4363,85,90
1715,82,2,790,4,4367,40,40
1716,82,2,791,3,4370,0,30
1717,82,2,792,4,4374,71,40
1718,82,2,793,3,4377,25,30
1719,82,2,794,2,4379,14,20
1720,82,2,795,2,4381,19,20
1721,82,2,796,9,4390,81,90
1722,82,2,797,8,4398,66,80
1723,82,2,798,5,4403,46,50
1724,82,2,799,8,4411,71,80
1725,82,2,800,9,4420,104,90
1726,82,2,801,4,4424,0,40
1727,82,2,802,3,4427,47,30
1728,82,2,803,7,4434,0,70
1729,82,2,804,4,4438,0,40
1730,82,2,805,7,4445,160,70
1731,82,2,806,4,4449,36,40
1732,82,2,807,3,4452,32,30
1733,82,2,808,5,4457,52,50
1734,82,2,809,5,4462,0,50
1735,82,2,810,6,4468,0,60
1736,82,2,811,3,4471,164,30
1737,82,2,812,8,4479,91,80
1738,82,2,813,7,4486,68,70
1739,82,2,814,3,4489,19,30
1740,82,2,815,4,4493,46,40
1741,82,2,816,2,4495,17,20
1742,82,2,817,8,4503,0,80
1743,82,2,818,2,4505,94,20
1744,82,2,819,6,4511,0,60
1745,82,2,820,8,4519,145,80
1746,82,2,821,6,4525,74,60
1747,82,2,822,3,4528,28,30
1748,82,2,823,4,4532,32,40
1749,82,2,824,3,4535,31,30
1750,82,2,825,8,4543,80,80
1751,82,2,826,4,4547,31,40
1752,82,2,827,9,4556,93,90
1753,82,2,828,9,4565,86,90
1754,82,2,829,8,4573,0,80
1755,82,2,830,3,4576,0,30
1756,82,2,831,6,4582,167,60
1757,82,2,832,3,4585,27,30
1758,82,2,833,3,4588,43,30
1759,82,2,834,8,4596,86,80
1760,82,2,835,7,4603,73,70
1761,82,2,836,9,4612,101,90
1762,82,2,837,3,4615,0,30
1763,82,2,838,8,4623,0,80
1764,82,2,839,8,4631,0,80
1765,82,2,840,8,4639,246,80
1766,82,2,841,4,4643,41,40
1767,82,2,842,5,4648,58,50
1768,82,2,843,7,4655,85,70
1769,82,2,844,3,4658,29,30
1770,82,2,845,5,4663,52,50
1771,82,2,846,4,4667,32,40
1772,82,2,847,3,4670,0,30
1773,82,2,848,7,4677,106,70
1774,82,2,849,7,4684,0,70
1775,82,2,850,4,4688,118,40
1776,82,2,851,5,4693,56,50
1777,82,2,852,8,4701,78,80
1778,82,2,853,6,4707,61,60
1779,82,2,854,3,4710,0,30
1780,82,2,855,8,4718,107,80
1781,82,2,856,5,4723,64,50
1782,82,2,857,5,4728,52,50
1783,82,2,858,3,4731,0,30
1784,82,2,859,5,4736,91,50
1785,82,2,860,8,4744,0,80
1786,82,2,861,2,4746,101,20
1787,82,2,862,6,4752,52,60
1788,82,2,863,8,4760,74,80
1789,82,2,864,8,4768,88,80
1790,82,2,865,6,4774,0,60
1791,82,2,866,8,4782,162,80
1792,82,2,867,3,4785,0,30
1793,82,2,868,8,4793,0,80
1794,82,2,869,7,4800,175,70
1795,82,2,870,7,4807,57,70
1796,82,2,871,5,4812,0,50
1797,82,2,872,4,4816,82,40
1798,82,2,873,6,4822,58,60
1799,82,2,874,4,4826,40,40
1800,82,2,875,9,4835,93,90
1801,82,2,876,8,4843,58,80
1802,82,2,877,6,4849,63,60
1803,82,2,878,7,4856,79,70
1804,82,2,879,9,4865,0,90
1805,82,2,880,3,4868,110,30
1806,82,2,881,8,4876,69,80
1807,82,2,882,6,4882,78,60
1808,82,2,883,9,4891,0,90
1809,82,2,884,6,4897,170,60
1810,82,2,885,6,4903,0,60
1811,82,2,886,8,4911,146,80
1812,82,2,887,4,4915,0,40
1813,82,2,888,7,4922,122,70
1814,82,2,889,2,4924,0,20
1815,82,2,890,5,4929,0,50
1816,82,2,891,3,4932,0,30
1817,82,2,892,5,4937,166,50
1818,82,2,893,9,4946,81,90
1819,82,2,894,4,4950,0,40
1820,82,2,895,6,4956,93,60
1821,82,2,896,3,4959,0,30
1822,82,2,897,2,4961,57,20
1823,82,2,898,4,4965,0,40
1824,82,2,899,2,4967,56,20
1825,82,2,900,6,4973,63,60
1826,82,2,901,2,4975,21,20
1827,82,2,902,4,4979,43,40
1828,82,2,903,6,4985,57,60
1829,82,2,904,4,4989,0,40
1830,82,2,905,4,4993,80,40
1831,82,3,1,3,3,28,30
1832,82,3,2,8,11,80,80
1833,82,3,3,9,20,91,90
1834,82,3,4,4,24,26,40
1835,82,3,5,7,31,66,70
1836,82,3,6,5,36,0,50
1837,82,3,7,6,42,114,60
1838,82,3,8,9,51,82,90
1839,82,3,9,2,53,15,20
1840,82,3,10,7,60,61,70
1841,82,3,11,3,63,21,30
1842,82,3,12,3,66,28,30
1843,82,3,13,2,68,21,20
1844,82,3,14,3,71,35,30
1845,82,3,15,9,80,83,90
1846,82,3,16,6,86,49,60
1847,82,3,17,6,92,65,60
1848,82,3,18,7,99,55,70
1849,82,3,19,3,102,35,30
1850,82,3,20,2,104,21,20
1851,82,3,21,2,106,15,20
1852,82,3,22,3,109,28,30
1853,82,3,23,8,117,83,80
1854,82,3,24,7,124,59,70
1855,82,3,25,9,133,72,90
1856,82,3,26,9,142,0,90
1857,82,3,27,7,149,165,70
1858,82,3,28,6,155,53,60
1859,82,3,29,7,162,70,70
1860,82,3,30,7,169,68,70
1861,82,3,31,5,174,37,50
1862,82,3,32,8,182,69,80
1863,82,3,33,6,188,62,60
1864,82,3,34,2,190,18,20
1865,82,3,35,4,194,33,40
1866,82,3,36,3,197,25,30
1867,82,3,37,6,203,0,60
1868,82,3,38,7,210,141,70
1869,82,3,39,6,216,0,60
1870,82,3,40,9,225,0,90
1871,82,3,41,3,228,0,30
1872,82,3,42,3,231,226,30
1873,82,3,43,4,235,44,40
1874,82,3,44,5,240,43,50
1875,82,3,45,5,245,42,50
1876,82,3,46,9,254,100,90
1877,82,3,47,6,260,50,60
1878,82,3,48,9,269,0,90
1879,82,3,49,5,274,146,50
1880,82,3,50,4,278,47,40
1881,82,3,51,6,284,58,60
1882,82,3,52,3,287,30,30
1883,82,3,53,8,295,0,80
1884,82,3,54,7,302,0,70
1885,82,3,55,4,306,180,40
1886,82,3,56,3,309,38,30
1887,82,3,57,8,317,0,80
1888,82,3,58,5,322,133,50
1889,82,3,59,4,326,0,40
1890,82,3,60,6,332,98,60
1891,82,3,61,5,337,56,50
1892,82,3,62,3,340,27,30
1893,82,3,63,2,342,0,20
1894,82,3,64,3,345,0,30
1895,82,3,65,6,351,106,60
1896,82,3,66,4,355,39,40
1897,82,3,67,7,362,68,70
1898,82,3,68,6,368,59,60
1899,82,3,69,4,372,43,40
1900,82,3,70,8,380,69,80
1901,82,3,71,2,382,19,20
1902,82,3,72,9,391,0,90
1903,82,3,73,7,398,0,70
1904,82,3,74,8,406,246,80
1905,82,3,75,4,410,0,40
1906,82,3,76,2,412,59,20
1907,82,3,77,9,421,0,90
1908,82,3,78,8,429,0,80
1909,82,3,79,7,436,221,70
1910,82,3,80,3,439,25,30
1911,82,3,81,9,448,78,90
1912,82,3,82,9,457,0,90
1913,82,3,83,6,463,0,60
1914,82,3,84,7,470,211,70
1915,82,3,85,5,475,48,50
1916,82,3,86,3,478,31,30
1917,82,3,87,5,483,42,50
1918,82,3,88,7,490,73,70
1919,82,3,89,7,497,0,70
1920,82,3,90,2,499,87,20
1921,82,3,91,5,504,51,50
1922,82,3,92,9,513,107,90
1923,82,3,93,6,519,51,60
1924,82,3,94,6,525,60,60
1925,82,3,95,6,531,75,60
1926,82,3,96,4,535,37,40
1927,82,3,97,8,543,0,80
1928,82,3,98,5,548,139,50
1929,82,3,99,9,557,0,90
1930,82,3,100,7,564,0,70
1931,82,3,101,2,566,198,20
1932,82,3,102,8,574,71,80
1933,82,3,103,3,577,37,30
1934,82,3,104,9,586,86,90
1935,82,3,105,3,589,28,30
1936,82,3,106,5,594,0,50
1937,82,3,107,4,598,93,40
1938,82,3,108,9,607,0,90
1939,82,3,109,2,609,107,20
1940,82,3,110,4,613,46,40
1941,82,3,111,3,616,32,30
1942,82,3,112,8,624,96,80
1943,82,3,113,4,628,0,40
1944,82,3,114,2,630,61,20
1945,82,3,115,7,637,61,70
1946,82,3,116,6,643,60,60
1947,82,3,117,9,652,98,90
1948,82,3,118,2,654,0,20
1949,82,3,119,8,662,0,80
1950,82,3,120,5,667,0,50
1951,82,3,121,6,673,0,60
1952,82,3,122,2,675,0,20
1953,82,3,123,2,677,254,20
1954,82,3,124,5,682,0,50
1955,82,3,125,9,691,118,90
1956,82,3,126,9,700,0,90
1957,82,3,127,7,707,159,70
1958,82,3,128,7,714,0,70
1959,82,3,129,6,720,114,60
1960,82,3,130,2,722,24,20
1961,82,3,131,9,731,97,90
1962,82,3,132,4,735,0,40
1963,82,3,133,2,737,0,20
1964,82,3,134,5,742,107,50
1965,82,3,135,2,744,19,20
1966,82,3,136,9,753,77,90
1967,82,3,137,8,761,76,80
1968,82,3,138,8,769,83,80
1969,82,3,139,4,773,29,40
1970,82,3,140,2,775,33,20
1971,82,3,141,3,778,28,30
1972,82,3,142,2,780,0,20
1973,82,3,143,4,784,65,40
1974,82,3,144,4,788,41,40
1975,82,3,145,8,796,87,80
1976,82,3,146,8,804,79,80
1977,82,3,147,2,806,13,20
1978,82,3,148,8,814,68,80
1979,82,3,149,9,823,97,90
1980,82,3,150,7,830,73,70
1981,82,3,151,4,834,0,40
1982,82,3,152,9,843,131,90
1983,82,3,153,9,852,95,90
1984,82,3,154,3,855,28,30
1985,82,3,155,3,858,35,30
1986,82,3,156,6,864,67,60
1987,82,3,157,7,871,0,70
1988,82,3,158,8,879,148,80
1989,82,3,159,4,883,41,40
1990,82,3,160,8,891,0,80
1991,82,3,161,7,898,128,70
1992,82,3,162,4,902,37,40
1993,82,3,163,9,911,90,90
1994,82,3,164,4,915,0,40
1995,82,3,165,6,921,0,60
1996,82,3,166,4,925,130,40
1997,82,3,167,3,928,0,30
1998,82,3,168,8,936,117,80
1999,82,3,169,3,939,33,30
2000,82,3,170,6,945,57,60
2001,82,3,171,8,953,0,80
2002,82,3,172,8,961,0,80
2003,82,3,173,3,964,198,30
2004,82,3,174,5,969,45,50
2005,82,3,175,2,971,0,20
2006,82,3,176,4,975,44,40
2007,82,3,177,3,978,30,30
2008,82,3,178,7,985,65,70
2009,82,3,179,3,988,0,30
2010,82,3,180,3,991,0,30
2011,82,3,181,2,993,0,20
2012,82,3,182,6,999,0,60
2013,82,3,183,8,1007,191,80
2014,82,3,184,9,1016,0,90
2015,82,3,185,5,1021,156,50
2016,82,3,186,5,1026,56,50
2017,82,3,187,4,1030,45,40
2018,82,3,188,4,1034,44,40
2019,82,3,189,2,1036,20,20
2020,82,3,190,3,1039,17,30
2021,82,3,191,9,1048,0,90
2022,82,3,192,4,1052,137,40
2023,82,3,193,8,1060,57,80
2024,82,3,194,6,1066,56,60
2025,82,3,195,3,1069,29,30
2026,82,3,196,2,1071,0,20
2027,82,3,197,6,1077,65,60
2028,82,3,198,9,1086,93,90
2029,82,3,199,4,1090,50,40
2030,82,3,200,7,1097,0,70
2031,82,3,201,2,1099,0,20
2032,82,3,202,6,1105,0,60
2033,82,3,203,3,1108,170,30
2034,82,3,204,9,1117,77,90
2035,82,3,205,2,1119,20,20
2036,82,3,206,7,1126,63,70
2037,82,3,207,3,1129,33,30
2038,82,3,208,2,1131,17,20
2039,82,3,209,2,1133,0,20
2040,82,3,210,9,1142,128,90
2041,82,3,211,2,1144,0,20
2042,82,3,212,2,1146,39,20
2043,82,3,213,8,1154,91,80
2044,82,3,214,7,1161,78,70
2045,82,3,215,3,1164,42,30
2046,82,3,216,3,1167,28,30
2047,82,3,217,3,1170,35,30
2048,82,3,218,9,1179,106,90
2049,82,3,219,3,1182,0,30
2050,82,3,220,7,1189,0,70
2051,82,3,221,8,1197,173,80
2052,82,3,222,6,1203,48,60
2053,82,3,223,2,1205,18,20
2054,82,3,224,8,1213,85,80
2055,82,3,225,4,1217,0,40
2056,82,3,226,7,1224,93,70
2057,82,3,227,6,1230,78,60
2058,82,3,228,6,1236,67,60
2059,82,3,229,3,1239,35,30
2060,82,3,230,3,1242,29,30
2061,82,3,231,2,1244,15,20
2062,82,3,232,8,1252,87,80
2063,82,3,233,7,1259,71,70
2064,82,3,234,3,1262,44,30
2065,82,3,235,6,1268,0,60
2066,82,3,236,4,1272,0,40
2067,82,3,237,8,1280,188,80
2068,82,3,238,9,1289,0,90
2069,82,3,239,3,1292,0,30
2070,82,3,240,7,1299,223,70
2071,82,3,241,9,1308,0,90
2072,82,3,242,6,1314,0,60
2073,82,3,243,5,1319,218,50
2074,82,3,244,7,1326,0,70
2075,82,3,245,5,1331,109,50
2076,82,3,246,9,1340,0,90
2077,82,3,247,8,1348,174,80
2078,82,3,248,7,1355,0,70
2079,82,3,249,6,1361,124,60
2080,82,3,250,2,1363,25,20
2081,82,3,251,3,1366,0,30
2082,82,3,252,6,1372,105,60
2083,82,3,253,6,1378,0,60
2084,82,3,254,4,1382,100,40
2085,82,3,255,5,1387,56,50
2086,82,3,256,2,1389,25,20
2087,82,3,257,3,1392,0,30
2088,82,3,258,3,1395,0,30
2089,82,3,259,5,1400,113,50
2090,82,3,260,9,1409,91,90
2091,82,3,261,8,1417,82,80
2092,82,3,262,3,1420,36,30
2093,82,3,263,8,1428,79,80
2094,82,3,264,6,1434,62,60
2095,82,3,265,5,1439,48,50
2096,82,3,266,4,1443,42,40
2097,82,3,267,4,1447,45,40
2098,82,3,268,9,1456,94,90
2099,82,3,269,8,1464,76,80
2100,82,3,270,6,1470,53,60
2101,82,3,271,5,1475,45,50
2102,82,3,272,4,1479,31,40
2103,82,3,273,5,1484,60,50
2104,82,3,274,4,1488,44,40
2105,82,3,275,5,1493,40,50
2106,82,3,276,8,1501,81,80
2107,82,3,277,4,1505,31,40
2108,82,3,278,7,1512,64,70
2109,82,3,279,2,1514,18,20
2110,82,3,280,4,1518,34,40
2111,82,3,281,2,1520,21,20
2112,82,3,282,5,1525,45,50
2113,82,3,283,2,1527,17,20
2114,82,3,284,4,1531,0,40
2115,82,3,285,4,1535,0,40
2116,82,3,286,3,1538,144,30
2117,82,3,287,7,1545,78,70
2118,82,3,288,6,1551,66,60
2119,82,3,289,3,1554,27,30
2120,82,3,290,6,1560,57,60
2121,82,3,291,2,1562,23,20
2122,82,3,292,8,1570,74,80
2123,82,3,293,4,1574,0,40
2124,82,3,294,3,1577,70,30
2125,82,3,295,5,1582,56,50
2126,82,3,296,2,1584,21,20
2127,82,3,297,3,1587,33,30
2128,82,3,298,8,1595,90,80
2129,82,3,299,8,1603,0,80
2130,82,3,300,6,1609,145,60
2131,82,3,301,3,1612,36,30
2132,82,3,302,5,1617,52,50
2133,82,3,303,8,1625,0,80
2134,82,3,304,4,1629,104,40
2135,82,3,305,6,1635,61,60
2136,82,3,306,3,1638,0,30
2137,82,3,307,2,1640,41,20
2138,82,3,308,7,1647,68,70
2139,82,3,309,3,1650,22,30
2140,82,3,310,5,1655,0,50
2141,82,3,311,8,1663,140,80
2142,82,3,312,2,1665,22,20
2143,82,3,313,8,1673,0,80
2144,82,3,314,5,1678,125,50
2145,82,3,315,6,1684,78,60
2146,82,3,316,3,1687,25,30
2147,82,3,317,6,1693,58,60
2148,82,3,318,8,1701,86,80
2149,82,3,319,9,1710,100,90
2150,82,3,320,5,1715,41,50
2151,82,3,321,7,1722,60,70
2152,82,3,322,5,1727,0,50
2153,82,3,323,5,1732,0,50
2154,82,3,324,9,1741,186,90
2155,82,3,325,8,1749,66,80
2156,82,3,326,3,1752,34,30
2157,82,3,327,9,1761,92,90
2158,82,3,328,6,1767,67,60
2159,82,3,329,8,1775,79,80
2160,82,3,330,4,1779,34,40
2161,82,3,331,7,1786,0,70
2162,82,3,332,3,1789,0,30
2163,82,3,333,4,1793,141,40
2164,82,3,334,7,1800,57,70
2165,82,3,335,2,1802,17,20
2166,82,3,336,4,1806,43,40
2167,82,3,337,4,1810,40,40
2168,82,3,338,9,1819,73,90
2169,82,3,339,3,1822,24,30
2170,82,3,340,3,1825,24,30
2171,82,3,341,3,1828,40,30
2172,82,3,342,7,1835,58,70
2173,82,3,343,2,1837,24,20
2174,82,3,344,6,1843,63,60
2175,82,3,345,3,1846,37,30
2176,82,3,346,3,1849,34,30
2177,82,3,347,8,1857,64,80
2178,82,3,348,5,1862,57,50
2179,82,3,349,8,1870,89,80
2180,82,3,350,2,1872,21,20
2181,82,3,351,8,1880,71,80
2182,82,3,352,3,1883,22,30
2183,82,3,353,2,1885,21,20
2184,82,3,354,6,1891,51,60
2185,82,3,355,2,1893,0,20
2186,82,3,356,3,1896,0,30
2187,82,3,357,8,1904,126,80
2188,82,3,358,3,1907,44,30
2189,82,3,359,2,1909,21,20
2190,82,3,360,6,1915,49,60
2191,82,3,361,3,1918,22,30
2192,82,3,362,2,1920,24,20
2193,82,3,363,8,1928,0,80
2194,82,3,364,7,1935,0,70
2195,82,3,365,9,1944,0,90
2196,82,3,366,7,1951,0,70
2197,82,3,367,9,1960,392,90
2198,82,3,368,8,1968,86,80
2199,82,3,369,5,1973,47,50
2200,82,3,370,4,1977,38,40
2201,82,3,371,9,1986,104,90
2202,82,3,372,5,1991,44,50
2203,82,3,373,9,2000,116,90
2204,82,3,374,6,2006,0,60
2205,82,3,375,3,2009,77,30
2206,82,3,376,5,2014,0,50
2207,82,3,377,7,2021,138,70
2208,82,3,378,9,2030,0,90
2209,82,3,379,4,2034,0,40
2210,82,3,380,8,2042,218,80
2211,82,3,381,7,2049,62,70
2212,82,3,382,4,2053,54,40
2213,82,3,383,2,2055,0,20
2214,82,3,384,5,2060,0,50
2215,82,3,385,4,2064,111,40
2216,82,3,386,3,2067,0,30
2217,82,3,387,2,2069,0,20
2218,82,3,388,7,2076,0,70
2219,82,3,389,5,2081,163,50
2220,82,3,390,7,2088,87,70
2221,82,3,391,6,2094,52,60
2222,82,3,392,9,2103,80,90
2223,82,3,393,6,2109,69,60
2224,82,3,394,5,2114,0,50
2225,82,3,395,3,2117,96,30
2226,82,3,396,5,2122,66,50
2227,82,3,397,5,2127,52,50
2228,82,3,398,3,2130,36,30
2229,82,3,399,4,2134,37,40
2230,82,3,400,7,2141,52,70
2231,82,3,401,9,2150,0,90
2232,82,3,402,3,2153,123,30
2233,82,3,403,3,2156,33,30
2234,82,3,404,9,2165,96,90
2235,82,3,405,9,2174,99,90
2236,82,3,406,8,2182,78,80
2237,82,3,407,6,2188,73,60
2238,82,3,408,8,2196,93,80
2239,82,3,409,2,2198,0,20
2240,82,3,410,5,2203,0,50
2241,82,3,411,6,2209,104,60
2242,82,3,412,2,2211,18,20
2243,82,3,413,7,2218,72,70
2244,82,3,414,7,2225,59,70
2245,82,3,415,4,2229,0,40
2246,82,3,416,8,2237,132,80
2247,82,3,417,7,2244,66,70
2248,82,3,418,2,2246,0,20
2249,82,3,419,8,2254,88,80
2250,82,3,420,7,2261,52,70
2251,82,3,421,4,2265,0,40
2252,82,3,422,5,2270,86,50
2253,82,3,423,6,2276,65,60
2254,82,3,424,7,2283,73,70
2255,82,3,425,8,2291,96,80
2256,82,3,426,2,2293,23,20
2257,82,3,427,8,2301,78,80
2258,82,3,428,9,2310,74,90
2259,82,3,429,9,2319,99,90
2260,82,3,430,8,2327,90,80
2261,82,3,431,2,2329,27,20
2262,82,3,432,5,2334,53,50
2263,82,3,433,7,2341,73,70
2264,82,3,434,9,2350,79,90
2265,82,3,435,3,2353,41,30
2266,82,3,436,3,2356,31,30
2267,82,3,437,8,2364,70,80
2268,82,3,438,2,2366,0,20
2269,82,3,439,4,2370,0,40
2270,82,3,440,7,2377,115,70
2271,82,3,441,7,2384,0,70
2272,82,3,442,9,2393,149,90
2273,82,3,443,8,2401,0,80
2274,82,3,444,8,2409,189,80
2275,82,3,445,4,2413,0,40
2276,82,3,446,5,2418,102,50
2277,82,3,447,7,2425,0,70
2278,82,3,448,3,2428,100,30
2279,82,3,449,6,2434,54,60
2280,82,3,450,7,2441,69,70
2281,82,3,451,3,2444,0,30
2282,82,3,452,9,2453,0,90
2283,82,3,453,2,2455,0,20
2284,82,3,454,4,2459,202,40
2285,82,3,455,7,2466,81,70
2286,82,3,456,3,2469,34,30
2287,82,3,457,6,2475,66,60
2288,82,3,458,6,2481,0,60
2289,82,3,459,5,2486,0,50
2290,82,3,460,6,2492,154,60
2291,82,3,461,6,2498,57,60
2292,82,3,462,3,2501,30,30
2293,82,3,463,5,2506,45,50
2294,82,3,464,7,2513,76,70
2295,82,3,465,7,2520,0,70
2296,82,3,466,5,2525,126,50
2297,82,3,467,8,2533,79,80
2298,82,3,468,8,2541,92,80
2299,82,3,469,5,2546,0,50
2300,82,3,470,4,2550,97,40
2301,82,3,471,7,2557,0,70
2302,82,3,472,6,2563,0,60
2303,82,3,473,4,2567,167,40
2304,82,3,474,8,2575,0,80
2305,82,3,475,2,2577,95,20
2306,82,3,476,9,2586,0,90
2307,82,3,477,3,2589,106,30
2308,82,3,478,3,2592,20,30
2309,82,3,479,8,2600,95,80
2310,82,3,480,6,2606,0,60
2311,82,3,481,5,2611,122,50
2312,82,3,482,3,2614,34,30
2313,82,3,483,9,2623,96,90
2314,82,3,484,3,2626,29,30
2315,82,3,485,9,2635,87,90
2316,82,3,486,6,2641,0,60
2317,82,3,487,3,2644,92,30
2318,82,3,488,7,2651,80,70
2319,82,3,489,2,2653,20,20
2320,82,3,490,7,2660,76,70
2321,82,3,491,2,2662,12,20
2322,82,3,492,2,2664,18,20
2323,82,3,493,8,2672,86,80
2324,82,3,494,5,2677,54,50
2325,82,3,495,9,2686,0,90
2326,82,3,496,8,2694,190,80
2327,82,3,497,8,2702,74,80
2328,82,3,498,9,2711,0,90
2329,82,3,499,9,2720,161,90
2330,82,3,500,5,2725,31,50
2331,82,3,501,4,2729,50,40
2332,82,3,502,5,2734,41,50
2333,82,3,503,4,2738,35,40
2334,82,3,504,6,2744,64,60
2335,82,3,505,4,2748,39,40
2336,82,3,506,3,2751,38,30
2337,82,3,507,9,2760,86,90
2338,82,3,508,3,2763,31,30
2339,82,3,509,7,2770,0,70
2340,82,3,510,5,2775,135,50
2341,82,3,511,8,2783,0,80
2342,82,3,512,9,2792,176,90
2343,82,3,513,8,2800,0,80
2344,82,3,514,6,2806,127,60
2345,82,3,515,4,2810,0,40
2346,82,3,516,2,2812,52,20
2347,82,3,517,8,2820,77,80
2348,82,3,518,8,2828,77,80
2349,82,3,519,2,2830,0,20
2350,82,3,520,3,2833,0,30
2351,82,3,521,8,2841,136,80
2352,82,3,522,7,2848,81,70
2353,82,3,523,3,2851,34,30
2354,82,3,524,2,2853,24,20
2355,82,3,525,3,2856,0,30
2356,82,3,526,5,2861,85,50
2357,82,3,527,6,2867,0,60
2358,82,3,528,3,2870,94,30
2359,82,3,529,5,2875,44,50
2360,82,3,530,8,2883,89,80
2361,82,3,531,5,2888,66,50
2362,82,3,532,7,2895,0,70
2363,82,3,533,4,2899,103,40
2364,82,3,534,8,2907,0,80
2365,82,3,535,9,2916,161,90
2366,82,3,536,8,2924,86,80
2367,82,3,537,8,2932,80,80
2368,82,3,538,6,2938,63,60
2369,82,3,539,2,2940,22,20
2370,82,3,540,4,2944,47,40
2371,82,3,541,7,2951,77,70
2372,82,3,542,6,2957,56,60
2373,82,3,543,4,2961,32,40
2374,82,3,544,7,2968,78,70
2375,82,3,545,8,2976,78,80
2376,82,3,546,6,2982,0,60
2377,82,3,547,4,2986,0,40
2378,82,3,548,4,2990,135,40
2379,82,3,549,9,2999,86,90
2380,82,3,550,5,3004,38,50
2381,82,3,551,8,3012,82,80
2382,82,3,552,9,3021,0,90
2383,82,3,553,9,3030,0,90
2384,82,3,554,7,3037,0,70
2385,82,3,555,7,3044,327,70
2386,82,3,556,8,3052,70,80
2387,82,3,557,8,3060,64,80
2388,82,3,558,6,3066,52,60
2389,82,3,559,8,3074,81,80
2390,82,3,560,8,3082,77,80
2391,82,3,561,2,3084,19,20
2392,82,3,562,5,3089,54,50
2393,82,3,563,4,3093,0,40
2394,82,3,564,8,3101,0,80
2395,82,3,565,6,3107,0,60
2396,82,3,566,8,3115,276,80
2397,82,3,567,3,3118,31,30
2398,82,3,568,6,3124,78,60
2399,82,3,569,7,3131,66,70
2400,82,3,570,9,3140,91,90
2401,82,3,571,4,3144,40,40
2402,82,3,572,5,3149,42,50
2403,82,3,573,5,3154,57,50
2404,82,3,574,4,3158,0,40
2405,82,3,575,5,3163,95,50
2406,82,3,576,7,3170,0,70
2407,82,3,577,5,3175,113,50
2408,82,3,578,7,3182,0,70
2409,82,3,579,8,3190,0,80
2410,82,3,580,8,3198,216,80
2411,82,3,581,8,3206,81,80
2412,82,3,582,3,3209,32,30
2413,82,3,583,5,3214,41,50
2414,82,3,584,4,3218,44,40
2415,82,3,585,8,3226,85,80
2416,82,3,586,8,3234,0,80
2417,82,3,587,3,3237,123,30
2418,82,3,588,8,3245,85,80
2419,82,3,589,8,3253,92,80
2420,82,3,590,2,3255,29,20
2421,82,3,591,7,3262,67,70
2422,82,3,592,3,3265,28,30
2423,82,3,593,4,3269,42,40
2424,82,3,594,8,3277,74,80
2425,82,3,595,4,3281,54,40
2426,82,3,596,8,3289,76,80
2427,82,3,597,3,3292,0,30
2428,82,3,598,3,3295,56,30
2429,82,3,599,9,3304,0,90
2430,82,3,600,9,3313,0,90
2431,82,3,601,3,3316,223,30
2432,82,3,602,3,3319,0,30
2433,82,3,603,5,3324,0,50
2434,82,3,604,7,3331,0,70
2435,82,3,605,5,3336,211,50
2436,82,3,606,4,3340,43,40
2437,82,3,607,4,3344,48,40
2438,82,3,608,5,3349,52,50
2439,82,3,609,4,3353,46,40
2440,82,3,610,4,3357,0,40
2441,82,3,611,9,3366,144,90
2442,82,3,612,8,3374,82,80
2443,82,3,613,8,3382,0,80
2444,82,3,614,7,3389,132,70
2445,82,3,615,6,3395,56,60
2446,82,3,616,8,3403,0,80
2447,82,3,617,9,3412,147,90
2448,82,3,618,5,3417,46,50
2449,82,3,619,7,3424,73,70
2450,82,3,620,4,3428,35,40
2451,82,3,621,8,3436,0,80
2452,82,3,622,8,3444,165,80
2453,82,3,623,9,3453,102,90
2454,82,3,624,3,3456,37,30
2455,82,3,625,4,3460,0,40
2456,82,3,626,9,3469,131,90
2457,82,3,627,7,3476,0,70
2458,82,3,628,7,3483,126,70
2459,82,3,629,5,3488,0,50
2460,82,3,630,3,3491,0,30
2461,82,3,631,8,3499,158,80
2462,82,3,632,7,3506,75,70
2463,82,3,633,4,3510,42,40
2464,82,3,634,5,3515,49,50
2465,82,3,635,2,3517,0,20
2466,82,3,636,5,3522,70,50
2467,82,3,637,5,3527,36,50
2468,82,3,638,7,3534,65,70
2469,82,3,639,6,3540,71,60
2470,82,3,640,2,3542,15,20
2471,82,3,641,3,3545,28,30
2472,82,3,642,7,3552,63,70
2473,82,3,643,8,3560,82,80
2474,82,3,644,3,3563,0,30
2475,82,3,645,5,3568,86,50
2476,82,3,646,7,3575,0,70
2477,82,3,647,3,3578,101,30
2478,82,3,648,4,3582,32,40
2479,82,3,649,9,3591,90,90
2480,82,3,650,8,3599,81,80
2481,82,3,651,3,3602,32,30
2482,82,3,652,9,3611,95,90
2483,82,3,653,8,3619,0,80
2484,82,3,654,4,3623,103,40
2485,82,3,655,9,3632,0,90
2486,82,3,656,5,3637,150,50
2487,82,3,657,4,3641,0,40
2488,82,3,658,4,3645,70,40
2489,82,3,659,6,3651,59,60
2490,82,3,660,4,3655,44,40
2491,82,3,661,6,3661,68,60
2492,82,3,662,8,3669,90,80
2493,82,3,663,2,3671,14,20
2494,82,3,664,7,3678,64,70
2495,82,3,665,2,3680,23,20
2496,82,3,666,8,3688,83,80
2497,82,3,667,4,3692,38,40
2498,82,3,668,7,3699,65,70
2499,82,3,669,4,3703,34,40
2500,82,3,670,5,3708,50,50
2501,82,3,671,4,3712,38,40
2502,82,3,672,5,3717,57,50
2503,82,3,673,5,3722,54,50
2504,82,3,674,5,3727,42,50
2505,82,3,675,9,3736,0,90
2506,82,3,676,8,3744,170,80
2507,82,3,677,2,3746,25,20
2508,82,3,678,7,3753,0,70
2509,82,3,679,6,3759,138,60
2510,82,3,680,7,3766,78,70
2511,82,3,681,5,3771,37,50
2512,82,3,682,9,3780,0,90
2513,82,3,683,2,3782,120,20
2514,82,3,684,6,3788,69,60
2515,82,3,685,7,3795,73,70
2516,82,3,686,2,3797,0,20
2517,82,3,687,5,3802,84,50
2518,82,3,688,3,3805,24,30
2519,82,3,689,8,3813,75,80
2520,82,3,690,7,3820,70,70
2521,82,3,691,3,3823,0,30
2522,82,3,692,2,3825,57,20
2523,82,3,693,6,3831,55,60
2524,82,3,694,3,3834,29,30
2525,82,3,695,4,3838,0,40
2526,82,3,696,6,3844,104,60
2527,82,3,697,2,3846,15,20
2528,82,3,698,3,3849,30,30
2529,82,3,699,6,3855,0,60
2530,82,3,700,3,3858,99,30
2531,82,3,701,7,3865,82,70
2532,82,3,702,3,3868,31,30
2533,82,3,703,2,3870,20,20
2534,82,3,704,9,3879,91,90
2535,82,3,705,3,3882,35,30
2536,82,3,706,5,3887,41,50
2537,82,3,707,7,3894,60,70
2538,82,3,708,6,3900,57,60
2539,82,3,709,6,3906,66,60
2540,82,3,710,5,3911,56,50
2541,82,3,711,4,3915,30,40
2542,82,3,712,2,3917,24,20
2543,82,3,713,8,3925,61,80
2544,82,3,714,8,3933,0,80
2545,82,3,715,6,3939,143,60
2546,82,3,716,5,3944,0,50
2547,82,3,717,9,3953,134,90
2548,82,3,718,8,3961,76,80
2549,82,3,719,3,3964,25,30
2550,82,3,720,8,3972,94,80
2551,82,3,721,4,3976,41,40
2552,82,3,722,5,3981,51,50
2553,82,3,723,4,3985,44,40
2554,82,3,724,5,3990,48,50
2555,82,3,725,2,3992,21,20
2556,82,3,726,2,3994,27,20
2557,82,3,727,7,4001,73,70
2558,82,3,728,3,4004,28,30
2559,82,3,729,9,4013,0,90
2560,82,3,730,8,4021,161,80
2561,82,3,731,4,4025,0,40
2562,82,3,732,7,4032,112,70
2563,82,3,733,8,4040,72,80
2564,82,3,734,3,4043,37,30
2565,82,3,735,9,4052,90,90
2566,82,3,736,7,4059,82,70
2567,82,3,737,9,4068,95,90
2568,82,3,738,5,4073,51,50
2569,82,3,739,3,4076,39,30
2570,82,3,740,4,4080,43,40
2571,82,3,741,9,4089,95,90
2572,82,3,742,6,4095,56,60
2573,82,3,743,9,4104,99,90
2574,82,3,744,9,4113,0,90
2575,82,3,745,9,4122,0,90
2576,82,3,746,8,4130,252,80
2577,82,3,747,8,4138,80,80
2578,82,3,748,5,4143,47,50
2579,82,3,749,4,4147,40,40
2580,82,3,750,9,4156,83,90
2581,82,3,751,3,4159,0,30
2582,82,3,752,6,4165,0,60
2583,82,3,753,2,4167,110,20
2584,82,3,754,9,4176,95,90
2585,82,3,755,8,4184,100,80
2586,82,3,756,5,4189,59,50
2587,82,3,757,5,4194,53,50
2588,82,3,758,3,4197,20,30
2589,82,3,759,9,4206,81,90
2590,82,3,760,3,4209,0,30
2591,82,3,761,6,4215,82,60
2592,82,3,762,9,4224,90,90
2593,82,3,763,9,4233,88,90
2594,82,3,764,3,4236,33,30
2595,82,3,765,8,4244,66,80
2596,82,3,766,5,4249,46,50
2597,82,3,767,2,4251,27,20
2598,82,3,768,7,4258,66,70
2599,82,3,769,2,4260,0,20
2600,82,3,770,8,4268,88,80
2601,82,3,771,2,4270,23,20
2602,82,3,772,3,4273,41,30
2603,82,3,773,4,4277,39,40
2604,82,3,774,3,4280,32,30
2605,82,3,775,6,4286,0,60
2606,82,3,776,7,4293,0,70
2607,82,3,777,8,4301,0,80
2608,82,3,778,5,4306,0,50
2609,82,3,779,7,4313,328,70
2610,82,3,780,7,4320,0,70
2611,82,3,781,9,4329,170,90
2612,82,3,782,5,4334,0,50
2613,82,3,783,7,4341,124,70
2614,82,3,784,6,4347,71,60
2615,82,3,785,4,4351,41,40
2616,82,3,786,2,4353,24,20
2617,82,3,787,3,4356,0,30
2618,82,3,788,7,4363,106,70
2619,82,3,789,2,4365,18,20
2620,82,3,790,5,4370,43,50
2621,82,3,791,2,4372,14,20
2622,82,3,792,3,4375,0,30
2623,82,3,793,2,4377,41,20
2624,82,3,794,8,4385,0,80
2625,82,3,795,5,4390,135,50
2626,82,3,796,8,4398,87,80
2627,82,3,797,2,4400,25,20
2628,82,3,798,9,4409,100,90
2629,82,3,799,7,4416,0,70
2630,82,3,800,8,4424,134,80
2631,82,3,801,3,4427,28,30
2632,82,3,802,8,4435,0,80
2633,82,3,803,6,4441,129,60
2634,82,3,804,9,4450,79,90
2635,82,3,805,9,4459,0,90
2636,82,3,806,2,4461,100,20
2637,82,3,807,8,4469,75,80
2638,82,3,808,4,4473,45,40
2639,82,3,809,9,4482,106,90
2640,82,3,810,4,4486,42,40
2641,82,3,811,7,4493,72,70
2642,82,3,812,5,4498,49,50
2643,82,3,813,7,4505,0,70
2644,82,3,814,3,4508,0,30
2645,82,3,815,5,4513,0,50
2646,82,3,816,4,4517,0,40
2647,82,3,817,7,4524,237,70
2648,82,3,818,6,4530,0,60
2649,82,3,819,4,4534,108,40
2650,82,3,820,7,4541,60,70
2651,82,3,821,4,4545,0,40
2652,82,3,822,6,4551,85,60
2653,82,3,823,8,4559,0,80
2654,82,3,824,5,4564,0,50
2655,82,3,825,2,4566,150,20
2656,82,3,826,5,4571,49,50
2657,82,3,827,8,4579,77,80
2658,82,3,828,5,4584,0,50
2659,82,3,829,9,4593,125,90
2660,82,3,830,6,4599,65,60
2661,82,3,831,3,4602,30,30
2662,82,3,832,7,4609,69,70
2663,82,3,833,5,4614,51,50
2664,82,3,834,3,4617,29,30
2665,82,3,835,7,4624,72,70
2666,82,3,836,4,4628,48,40
2667,82,3,837,4,4632,45,40
2668,82,3,838,8,4640,81,80
2669,82,3,839,9,4649,0,90
2670,82,3,840,2,4651,104,20
2671,82,3,841,3,4654,39,30
2672,82,3,842,5,4659,48,50
2673,82,3,843,2,4661,17,20
2674,82,3,844,6,4667,0,60
2675,82,3,845,7,4674,143,70
2676,82,3,846,3,4677,37,30
2677,82,3,847,5,4682,52,50
2678,82,3,848,4,4686,0,40
2679,82,3,849,3,4689,65,30
2680,82,3,850,7,4696,84,70
2681,82,3,851,5,4701,45,50
2682,82,3,852,9,4710,0,90
2683,82,3,853,2,4712,103,20
2684,82,3,854,8,4720,75,80
2685,82,3,855,6,4726,47,60
2686,82,3,856,4,4730,34,40
2687,82,3,857,5,4735,44,50
2688,82,3,858,6,4741,0,60
2689,82,3,859,6,4747,112,60
2690,82,3,860,5,4752,45,50
2691,82,3,861,8,4760,0,80
2692,82,3,862,6,4766,158,60
2693,82,3,863,6,4772,65,60
2694,82,3,864,7,4779,71,70
2695,82,3,865,6,4785,62,60
2696,82,3,866,9,4794,89,90
2697,82,3,867,4,4798,48,40
2698,82,3,868,7,4805,66,70
2699,82,3,869,8,4813,0,80
2700,82,3,870,8,4821,0,80
2701,82,3,871,4,4825,195,40
2702,82,3,872,3,4828,43,30
2703,82,3,873,4,4832,0,40
2704,82,3,874,8,4840,163,80
2705,82,3,875,5,4845,56,50
2706,82,3,876,2,4847,13,20
2707,82,3,877,3,4850,45,30
2708,82,3,878,8,4858,97,80
2709,82,3,879,8,4866,85,80
2710,82,3,880,6,4872,64,60
2711,82,3,881,5,4877,52,50
2712,82,3,882,4,4881,57,40
2713,82,3,883,4,4885,35,40
2714,82,3,884,5,4890,0,50
2715,82,3,885,8,4898,136,80
2716,82,3,886,6,4904,60,60
2717,82,3,887,6,4910,0,60
2718,82,3,888,4,4914,98,40
2719,82,3,889,3,4917,31,30
2720,82,3,890,9,4926,86,90
2721,82,3,891,3,4929,26,30
2722,82,3,892,7,4936,72,70
2723,82,3,893,5,4941,35,50
2724,82,3,894,6,4947,61,60
2725,82,3,895,3,4950,32,30
2726,82,3,896,9,4959,0,90
2727,82,3,897,9,4968,180,90
2728,82,3,898,9,4977,98,90
2729,82,3,899,8,4985,68,80
2730,82,3,900,3,4988,0,30
2731,82,3,901,6,4994,90,60
2732,82,3,902,3,4997,25,30
2733,82,3,903,2,4999,14,20
