,Scenario,Trial,Inspection,Interval,Time,Defects,Rate
0,8,1,1,4,4,39,40
1,8,1,2,5,9,49,50
2,8,1,3,6,15,55,60
3,8,1,4,3,18,38,30
4,8,1,5,3,21,34,30
5,8,1,6,8,29,84,80
6,8,1,7,4,33,42,40
7,8,1,8,3,36,35,30
8,8,1,9,9,45,69,90
9,8,1,10,5,50,54,50
10,8,1,11,6,56,65,60
11,8,1,12,8,64,65,80
12,8,1,13,2,66,23,20
13,8,1,14,5,71,0,50
14,8,1,15,8,79,129,80
15,8,1,16,6,85,73,60
16,8,1,17,3,88,21,30
17,8,1,18,3,91,33,30
18,8,1,19,4,95,49,40
19,8,1,20,2,97,26,20
20,8,1,21,7,104,73,70
21,8,1,22,4,108,53,40
22,8,1,23,4,112,41,40
23,8,1,24,3,115,30,30
24,8,1,25,9,124,83,90
25,8,1,26,5,129,50,50
26,8,1,27,7,136,63,70
27,8,1,28,2,138,23,20
28,8,1,29,9,147,91,90
29,8,1,30,2,149,19,20
30,8,1,31,3,152,25,30
31,8,1,32,2,154,17,20
32,8,1,33,5,159,47,50
33,8,1,34,4,163,35,40
34,8,1,35,8,171,87,80
35,8,1,36,4,175,44,40
36,8,1,37,2,177,21,20
37,8,1,38,5,182,46,50
38,8,1,39,9,191,94,90
39,8,1,40,4,195,41,40
40,8,1,41,5,200,61,50
41,8,1,42,3,203,28,30
42,8,1,43,7,210,66,70
43,8,1,44,7,217,94,70
44,8,1,45,2,219,17,20
45,8,1,46,4,223,30,40
46,8,1,47,9,232,79,90
47,8,1,48,8,240,77,80
48,8,1,49,9,249,101,90
49,8,1,50,9,258,84,90
50,8,1,51,8,266,71,80
51,8,1,52,9,275,72,90
52,8,1,53,9,284,122,90
53,8,1,54,5,289,54,50
54,8,1,55,6,295,55,60
55,8,1,56,8,303,85,80
56,8,1,57,3,306,45,30
57,8,1,58,2,308,19,20
58,8,1,59,4,312,43,40
59,8,1,60,6,318,48,60
60,8,1,61,4,322,34,40
61,8,1,62,8,330,80,80
62,8,1,63,2,332,17,20
63,8,1,64,4,336,34,40
64,8,1,65,7,343,60,70
65,8,1,66,3,346,29,30
66,8,1,67,3,349,24,30
67,8,1,68,3,352,37,30
68,8,1,69,8,360,82,80
69,8,1,70,4,364,24,40
70,8,1,71,8,372,88,80
71,8,1,72,3,375,32,30
72,8,1,73,6,381,51,60
73,8,1,74,8,389,78,80
74,8,1,75,9,398,99,90
75,8,1,76,4,402,41,40
76,8,1,77,7,409,63,70
77,8,1,78,2,411,17,20
78,8,1,79,4,415,34,40
79,8,1,80,5,420,48,50
80,8,1,81,3,423,34,30
81,8,1,82,3,426,40,30
82,8,1,83,4,430,45,40
83,8,1,84,6,436,75,60
84,8,1,85,9,445,101,90
85,8,1,86,6,451,67,60
86,8,1,87,3,454,26,30
87,8,1,88,8,462,72,80
88,8,1,89,8,470,92,80
89,8,1,90,9,479,100,90
90,8,1,91,8,487,76,80
91,8,1,92,2,489,23,20
92,8,1,93,6,495,74,60
93,8,1,94,5,500,52,50
94,8,1,95,4,504,33,40
95,8,1,96,6,510,56,60
96,8,1,97,8,518,74,80
97,8,1,98,3,521,21,30
98,8,1,99,7,528,70,70
99,8,1,100,8,536,77,80
100,8,1,101,6,542,58,60
101,8,1,102,9,551,96,90
102,8,1,103,6,557,57,60
103,8,1,104,3,560,33,30
104,8,1,105,4,564,47,40
105,8,1,106,9,573,110,90
106,8,1,107,7,580,69,70
107,8,1,108,6,586,50,60
108,8,1,109,2,588,18,20
109,8,1,110,5,593,53,50
110,8,1,111,3,596,32,30
111,8,1,112,8,604,79,80
112,8,1,113,3,607,34,30
113,8,1,114,4,611,28,40
114,8,1,115,5,616,56,50
115,8,1,116,4,620,40,40
116,8,1,117,9,629,72,90
117,8,1,118,5,634,38,50
118,8,1,119,2,636,16,20
119,8,1,120,4,640,37,40
120,8,1,121,5,645,54,50
121,8,1,122,8,653,74,80
122,8,1,123,5,658,48,50
123,8,1,124,4,662,0,40
124,8,1,125,8,670,115,80
125,8,1,126,2,672,22,20
126,8,1,127,2,674,32,20
127,8,1,128,7,681,74,70
128,8,1,129,4,685,32,40
129,8,1,130,8,693,96,80
130,8,1,131,9,702,100,90
131,8,1,132,8,710,70,80
132,8,1,133,4,714,45,40
133,8,1,134,6,720,56,60
134,8,1,135,7,727,74,70
135,8,1,136,3,730,26,30
136,8,1,137,8,738,72,80
137,8,1,138,7,745,57,70
138,8,1,139,4,749,46,40
139,8,1,140,4,753,34,40
140,8,1,141,3,756,29,30
141,8,1,142,5,761,46,50
142,8,1,143,4,765,30,40
143,8,1,144,5,770,60,50
144,8,1,145,8,778,72,80
145,8,1,146,2,780,30,20
146,8,1,147,7,787,69,70
147,8,1,148,3,790,36,30
148,8,1,149,9,799,98,90
149,8,1,150,7,806,67,70
150,8,1,151,3,809,34,30
151,8,1,152,4,813,36,40
152,8,1,153,5,818,44,50
153,8,1,154,5,823,47,50
154,8,1,155,3,826,28,30
155,8,1,156,4,830,45,40
156,8,1,157,9,839,95,90
157,8,1,158,7,846,58,70
158,8,1,159,3,849,40,30
159,8,1,160,5,854,46,50
160,8,1,161,7,861,76,70
161,8,1,162,6,867,69,60
162,8,1,163,3,870,28,30
163,8,1,164,8,878,84,80
164,8,1,165,5,883,50,50
165,8,1,166,2,885,21,20
166,8,1,167,4,889,39,40
167,8,1,168,3,892,35,30
168,8,1,169,6,898,47,60
169,8,1,170,5,903,54,50
170,8,1,171,9,912,69,90
171,8,1,172,7,919,78,70
172,8,1,173,4,923,31,40
173,8,1,174,4,927,44,40
174,8,1,175,2,929,25,20
175,8,1,176,8,937,84,80
176,8,1,177,6,943,53,60
177,8,1,178,2,945,26,20
178,8,1,179,9,954,95,90
179,8,1,180,2,956,20,20
180,8,1,181,5,961,39,50
181,8,1,182,9,970,94,90
182,8,1,183,6,976,52,60
183,8,1,184,7,983,0,70
184,8,1,185,7,990,124,70
185,8,1,186,9,999,92,90
186,8,1,187,4,1003,40,40
187,8,1,188,2,1005,14,20
188,8,1,189,7,1012,57,70
189,8,1,190,9,1021,85,90
190,8,1,191,7,1028,70,70
191,8,1,192,7,1035,71,70
192,8,1,193,6,1041,56,60
193,8,1,194,2,1043,18,20
194,8,1,195,4,1047,50,40
195,8,1,196,3,1050,26,30
196,8,1,197,5,1055,53,50
197,8,1,198,4,1059,39,40
198,8,1,199,5,1064,52,50
199,8,1,200,6,1070,58,60
200,8,1,201,9,1079,102,90
201,8,1,202,4,1083,50,40
202,8,1,203,5,1088,35,50
203,8,1,204,8,1096,72,80
204,8,1,205,8,1104,66,80
205,8,1,206,6,1110,54,60
206,8,1,207,8,1118,0,80
207,8,1,208,2,1120,103,20
208,8,1,209,3,1123,29,30
209,8,1,210,8,1131,76,80
210,8,1,211,6,1137,57,60
211,8,1,212,5,1142,45,50
212,8,1,213,5,1147,53,50
213,8,1,214,8,1155,75,80
214,8,1,215,7,1162,68,70
215,8,1,216,9,1171,84,90
216,8,1,217,8,1179,84,80
217,8,1,218,2,1181,23,20
218,8,1,219,9,1190,76,90
219,8,1,220,4,1194,46,40
220,8,1,221,5,1199,53,50
221,8,1,222,4,1203,42,40
222,8,1,223,3,1206,23,30
223,8,1,224,7,1213,65,70
224,8,1,225,4,1217,41,40
225,8,1,226,6,1223,64,60
226,8,1,227,2,1225,20,20
227,8,1,228,6,1231,71,60
228,8,1,229,7,1238,67,70
229,8,1,230,5,1243,55,50
230,8,1,231,2,1245,16,20
231,8,1,232,2,1247,18,20
232,8,1,233,9,1256,98,90
233,8,1,234,5,1261,54,50
234,8,1,235,7,1268,75,70
235,8,1,236,7,1275,80,70
236,8,1,237,7,1282,79,70
237,8,1,238,6,1288,54,60
238,8,1,239,9,1297,118,90
239,8,1,240,4,1301,46,40
240,8,1,241,5,1306,54,50
241,8,1,242,7,1313,70,70
242,8,1,243,7,1320,64,70
243,8,1,244,2,1322,23,20
244,8,1,245,6,1328,56,60
245,8,1,246,8,1336,88,80
246,8,1,247,2,1338,17,20
247,8,1,248,2,1340,27,20
248,8,1,249,7,1347,72,70
249,8,1,250,3,1350,31,30
250,8,1,251,6,1356,64,60
251,8,1,252,8,1364,68,80
252,8,1,253,2,1366,18,20
253,8,1,254,5,1371,55,50
254,8,1,255,2,1373,20,20
255,8,1,256,5,1378,43,50
256,8,1,257,2,1380,17,20
257,8,1,258,8,1388,75,80
258,8,1,259,5,1393,47,50
259,8,1,260,8,1401,89,80
260,8,1,261,5,1406,49,50
261,8,1,262,6,1412,62,60
262,8,1,263,3,1415,32,30
263,8,1,264,5,1420,39,50
264,8,1,265,3,1423,27,30
265,8,1,266,2,1425,15,20
266,8,1,267,6,1431,80,60
267,8,1,268,5,1436,50,50
268,8,1,269,8,1444,64,80
269,8,1,270,5,1449,0,50
270,8,1,271,7,1456,113,70
271,8,1,272,3,1459,37,30
272,8,1,273,2,1461,25,20
273,8,1,274,9,1470,92,90
274,8,1,275,2,1472,26,20
275,8,1,276,5,1477,62,50
276,8,1,277,2,1479,20,20
277,8,1,278,5,1484,53,50
278,8,1,279,4,1488,41,40
279,8,1,280,2,1490,0,20
280,8,1,281,9,1499,108,90
281,8,1,282,2,1501,22,20
282,8,1,283,8,1509,64,80
283,8,1,284,7,1516,54,70
284,8,1,285,3,1519,35,30
285,8,1,286,4,1523,50,40
286,8,1,287,9,1532,101,90
287,8,1,288,8,1540,84,80
288,8,1,289,8,1548,93,80
289,8,1,290,6,1554,66,60
290,8,1,291,5,1559,55,50
291,8,1,292,6,1565,0,60
292,8,1,293,3,1568,104,30
293,8,1,294,6,1574,60,60
294,8,1,295,3,1577,29,30
295,8,1,296,7,1584,63,70
296,8,1,297,4,1588,51,40
297,8,1,298,4,1592,43,40
298,8,1,299,4,1596,35,40
299,8,1,300,9,1605,76,90
300,8,1,301,6,1611,62,60
301,8,1,302,6,1617,73,60
302,8,1,303,5,1622,65,50
303,8,1,304,6,1628,65,60
304,8,1,305,5,1633,45,50
305,8,1,306,6,1639,49,60
306,8,1,307,7,1646,73,70
307,8,1,308,2,1648,18,20
308,8,1,309,8,1656,75,80
309,8,1,310,4,1660,38,40
310,8,1,311,7,1667,80,70
311,8,1,312,5,1672,43,50
312,8,1,313,4,1676,0,40
313,8,1,314,8,1684,110,80
314,8,1,315,8,1692,67,80
315,8,1,316,6,1698,68,60
316,8,1,317,6,1704,63,60
317,8,1,318,4,1708,40,40
318,8,1,319,8,1716,72,80
319,8,1,320,5,1721,57,50
320,8,1,321,9,1730,100,90
321,8,1,322,3,1733,33,30
322,8,1,323,4,1737,46,40
323,8,1,324,3,1740,31,30
324,8,1,325,5,1745,60,50
325,8,1,326,6,1751,70,60
326,8,1,327,6,1757,55,60
327,8,1,328,9,1766,97,90
328,8,1,329,8,1774,83,80
329,8,1,330,2,1776,24,20
330,8,1,331,7,1783,75,70
331,8,1,332,6,1789,57,60
332,8,1,333,2,1791,17,20
333,8,1,334,7,1798,73,70
334,8,1,335,4,1802,38,40
335,8,1,336,2,1804,11,20
336,8,1,337,2,1806,19,20
337,8,1,338,6,1812,59,60
338,8,1,339,4,1816,41,40
339,8,1,340,2,1818,23,20
340,8,1,341,8,1826,75,80
341,8,1,342,9,1835,94,90
342,8,1,343,9,1844,73,90
343,8,1,344,4,1848,31,40
344,8,1,345,6,1854,59,60
345,8,1,346,3,1857,23,30
346,8,1,347,7,1864,66,70
347,8,1,348,2,1866,0,20
348,8,1,349,4,1870,52,40
349,8,1,350,4,1874,43,40
350,8,1,351,3,1877,0,30
351,8,1,352,9,1886,122,90
352,8,1,353,3,1889,0,30
353,8,1,354,8,1897,121,80
354,8,1,355,4,1901,36,40
355,8,1,356,2,1903,21,20
356,8,1,357,4,1907,35,40
357,8,1,358,9,1916,79,90
358,8,1,359,8,1924,92,80
359,8,1,360,7,1931,68,70
360,8,1,361,4,1935,47,40
361,8,1,362,2,1937,29,20
362,8,1,363,4,1941,35,40
363,8,1,364,5,1946,69,50
364,8,1,365,9,1955,92,90
365,8,1,366,6,1961,68,60
366,8,1,367,9,1970,0,90
367,8,1,368,5,1975,136,50
368,8,1,369,4,1979,45,40
369,8,1,370,7,1986,78,70
370,8,1,371,9,1995,87,90
371,8,1,372,9,2004,84,90
372,8,1,373,7,2011,71,70
373,8,1,374,7,2018,65,70
374,8,1,375,7,2025,0,70
375,8,1,376,7,2032,142,70
376,8,1,377,7,2039,77,70
377,8,1,378,2,2041,16,20
378,8,1,379,8,2049,80,80
379,8,1,380,8,2057,63,80
380,8,1,381,6,2063,71,60
381,8,1,382,4,2067,46,40
382,8,1,383,5,2072,43,50
383,8,1,384,8,2080,97,80
384,8,1,385,7,2087,62,70
385,8,1,386,5,2092,49,50
386,8,1,387,3,2095,23,30
387,8,1,388,6,2101,52,60
388,8,1,389,7,2108,84,70
389,8,1,390,3,2111,33,30
390,8,1,391,2,2113,21,20
391,8,1,392,8,2121,80,80
392,8,1,393,6,2127,64,60
393,8,1,394,9,2136,89,90
394,8,1,395,5,2141,53,50
395,8,1,396,4,2145,36,40
396,8,1,397,4,2149,34,40
397,8,1,398,5,2154,64,50
398,8,1,399,6,2160,58,60
399,8,1,400,5,2165,38,50
400,8,1,401,4,2169,46,40
401,8,1,402,8,2177,83,80
402,8,1,403,5,2182,44,50
403,8,1,404,7,2189,67,70
404,8,1,405,8,2197,80,80
405,8,1,406,4,2201,39,40
406,8,1,407,5,2206,43,50
407,8,1,408,5,2211,0,50
408,8,1,409,4,2215,88,40
409,8,1,410,7,2222,72,70
410,8,1,411,6,2228,58,60
411,8,1,412,2,2230,16,20
412,8,1,413,5,2235,51,50
413,8,1,414,3,2238,26,30
414,8,1,415,3,2241,36,30
415,8,1,416,2,2243,25,20
416,8,1,417,3,2246,24,30
417,8,1,418,7,2253,91,70
418,8,1,419,7,2260,77,70
419,8,1,420,8,2268,93,80
420,8,1,421,6,2274,76,60
421,8,1,422,3,2277,28,30
422,8,1,423,6,2283,46,60
423,8,1,424,2,2285,20,20
424,8,1,425,5,2290,48,50
425,8,1,426,9,2299,103,90
426,8,1,427,8,2307,80,80
427,8,1,428,6,2313,66,60
428,8,1,429,2,2315,17,20
429,8,1,430,2,2317,19,20
430,8,1,431,3,2320,30,30
431,8,1,432,6,2326,63,60
432,8,1,433,7,2333,81,70
433,8,1,434,9,2342,91,90
434,8,1,435,5,2347,49,50
435,8,1,436,8,2355,71,80
436,8,1,437,7,2362,79,70
437,8,1,438,5,2367,0,50
438,8,1,439,4,2371,97,40
439,8,1,440,9,2380,88,90
440,8,1,441,4,2384,0,40
441,8,1,442,7,2391,112,70
442,8,1,443,9,2400,78,90
443,8,1,444,5,2405,52,50
444,8,1,445,2,2407,22,20
445,8,1,446,2,2409,24,20
446,8,1,447,4,2413,47,40
447,8,1,448,4,2417,27,40
448,8,1,449,6,2423,46,60
449,8,1,450,2,2425,32,20
450,8,1,451,7,2432,79,70
451,8,1,452,3,2435,23,30
452,8,1,453,3,2438,30,30
453,8,1,454,3,2441,21,30
454,8,1,455,4,2445,33,40
455,8,1,456,3,2448,31,30
456,8,1,457,9,2457,93,90
457,8,1,458,7,2464,76,70
458,8,1,459,3,2467,23,30
459,8,1,460,4,2471,43,40
460,8,1,461,2,2473,19,20
461,8,1,462,5,2478,58,50
462,8,1,463,6,2484,59,60
463,8,1,464,9,2493,92,90
464,8,1,465,5,2498,53,50
465,8,1,466,8,2506,89,80
466,8,1,467,2,2508,19,20
467,8,1,468,4,2512,33,40
468,8,1,469,3,2515,35,30
469,8,1,470,7,2522,64,70
470,8,1,471,9,2531,81,90
471,8,1,472,2,2533,25,20
472,8,1,473,6,2539,65,60
473,8,1,474,3,2542,37,30
474,8,1,475,9,2551,95,90
475,8,1,476,7,2558,76,70
476,8,1,477,6,2564,73,60
477,8,1,478,6,2570,60,60
478,8,1,479,8,2578,83,80
479,8,1,480,7,2585,70,70
480,8,1,481,9,2594,91,90
481,8,1,482,4,2598,44,40
482,8,1,483,7,2605,81,70
483,8,1,484,9,2614,0,90
484,8,1,485,9,2623,187,90
485,8,1,486,4,2627,37,40
486,8,1,487,8,2635,96,80
487,8,1,488,8,2643,83,80
488,8,1,489,5,2648,42,50
489,8,1,490,8,2656,89,80
490,8,1,491,3,2659,27,30
491,8,1,492,8,2667,88,80
492,8,1,493,2,2669,15,20
493,8,1,494,8,2677,74,80
494,8,1,495,6,2683,44,60
495,8,1,496,5,2688,37,50
496,8,1,497,9,2697,100,90
497,8,1,498,7,2704,58,70
498,8,1,499,3,2707,29,30
499,8,1,500,9,2716,76,90
500,8,1,501,5,2721,44,50
501,8,1,502,4,2725,35,40
502,8,1,503,7,2732,83,70
503,8,1,504,6,2738,70,60
504,8,1,505,3,2741,31,30
505,8,1,506,2,2743,25,20
506,8,1,507,9,2752,103,90
507,8,1,508,2,2754,25,20
508,8,1,509,4,2758,33,40
509,8,1,510,6,2764,54,60
510,8,1,511,5,2769,50,50
511,8,1,512,4,2773,36,40
512,8,1,513,2,2775,20,20
513,8,1,514,8,2783,102,80
514,8,1,515,9,2792,0,90
515,8,1,516,6,2798,166,60
516,8,1,517,2,2800,26,20
517,8,1,518,7,2807,71,70
518,8,1,519,2,2809,25,20
519,8,1,520,7,2816,70,70
520,8,1,521,5,2821,41,50
521,8,1,522,9,2830,93,90
522,8,1,523,8,2838,76,80
523,8,1,524,3,2841,40,30
524,8,1,525,5,2846,54,50
525,8,1,526,7,2853,73,70
526,8,1,527,2,2855,22,20
527,8,1,528,4,2859,33,40
528,8,1,529,3,2862,19,30
529,8,1,530,6,2868,61,60
530,8,1,531,2,2870,19,20
531,8,1,532,3,2873,31,30
532,8,1,533,5,2878,55,50
533,8,1,534,4,2882,44,40
534,8,1,535,3,2885,0,30
535,8,1,536,8,2893,127,80
536,8,1,537,2,2895,18,20
537,8,1,538,5,2900,38,50
538,8,1,539,5,2905,44,50
539,8,1,540,5,2910,56,50
540,8,1,541,6,2916,76,60
541,8,1,542,6,2922,59,60
542,8,1,543,6,2928,66,60
543,8,1,544,2,2930,15,20
544,8,1,545,2,2932,17,20
545,8,1,546,7,2939,75,70
546,8,1,547,7,2946,68,70
547,8,1,548,6,2952,62,60
548,8,1,549,5,2957,60,50
549,8,1,550,6,2963,58,60
550,8,1,551,2,2965,17,20
551,8,1,552,7,2972,81,70
552,8,1,553,5,2977,42,50
553,8,1,554,3,2980,37,30
554,8,1,555,3,2983,29,30
555,8,1,556,2,2985,21,20
556,8,1,557,6,2991,50,60
557,8,1,558,8,2999,74,80
558,8,1,559,8,3007,70,80
559,8,1,560,2,3009,16,20
560,8,1,561,6,3015,60,60
561,8,1,562,6,3021,65,60
562,8,1,563,8,3029,72,80
563,8,1,564,3,3032,24,30
564,8,1,565,9,3041,65,90
565,8,1,566,9,3050,92,90
566,8,1,567,9,3059,93,90
567,8,1,568,4,3063,45,40
568,8,1,569,3,3066,37,30
569,8,1,570,3,3069,30,30
570,8,1,571,2,3071,23,20
571,8,1,572,6,3077,60,60
572,8,1,573,4,3081,28,40
573,8,1,574,6,3087,0,60
574,8,1,575,7,3094,130,70
575,8,1,576,2,3096,23,20
576,8,1,577,5,3101,53,50
577,8,1,578,5,3106,59,50
578,8,1,579,4,3110,38,40
579,8,1,580,2,3112,31,20
580,8,1,581,2,3114,20,20
581,8,1,582,3,3117,33,30
582,8,1,583,7,3124,68,70
583,8,1,584,6,3130,55,60
584,8,1,585,3,3133,45,30
585,8,1,586,4,3137,38,40
586,8,1,587,4,3141,37,40
587,8,1,588,9,3150,102,90
588,8,1,589,3,3153,36,30
589,8,1,590,5,3158,54,50
590,8,1,591,8,3166,75,80
591,8,1,592,5,3171,54,50
592,8,1,593,3,3174,40,30
593,8,1,594,6,3180,44,60
594,8,1,595,5,3185,49,50
595,8,1,596,7,3192,60,70
596,8,1,597,8,3200,75,80
597,8,1,598,9,3209,99,90
598,8,1,599,7,3216,66,70
599,8,1,600,5,3221,39,50
600,8,1,601,7,3228,73,70
601,8,1,602,6,3234,66,60
602,8,1,603,3,3237,29,30
603,8,1,604,9,3246,79,90
604,8,1,605,2,3248,29,20
605,8,1,606,7,3255,80,70
606,8,1,607,7,3262,66,70
607,8,1,608,6,3268,51,60
608,8,1,609,9,3277,98,90
609,8,1,610,7,3284,66,70
610,8,1,611,3,3287,31,30
611,8,1,612,4,3291,29,40
612,8,1,613,2,3293,31,20
613,8,1,614,9,3302,94,90
614,8,1,615,9,3311,88,90
615,8,1,616,4,3315,28,40
616,8,1,617,6,3321,53,60
617,8,1,618,8,3329,67,80
618,8,1,619,5,3334,44,50
619,8,1,620,8,3342,94,80
620,8,1,621,2,3344,19,20
621,8,1,622,8,3352,73,80
622,8,1,623,7,3359,67,70
623,8,1,624,3,3362,32,30
624,8,1,625,2,3364,17,20
625,8,1,626,9,3373,103,90
626,8,1,627,5,3378,41,50
627,8,1,628,4,3382,35,40
628,8,1,629,5,3387,43,50
629,8,1,630,2,3389,21,20
630,8,1,631,6,3395,48,60
631,8,1,632,3,3398,27,30
632,8,1,633,7,3405,78,70
633,8,1,634,5,3410,0,50
634,8,1,635,4,3414,86,40
635,8,1,636,8,3422,81,80
636,8,1,637,2,3424,16,20
637,8,1,638,3,3427,32,30
638,8,1,639,2,3429,16,20
639,8,1,640,4,3433,48,40
640,8,1,641,8,3441,71,80
641,8,1,642,2,3443,20,20
642,8,1,643,6,3449,81,60
643,8,1,644,3,3452,30,30
644,8,1,645,4,3456,42,40
645,8,1,646,6,3462,66,60
646,8,1,647,7,3469,47,70
647,8,1,648,5,3474,57,50
648,8,1,649,3,3477,43,30
649,8,1,650,3,3480,33,30
650,8,1,651,2,3482,24,20
651,8,1,652,9,3491,91,90
652,8,1,653,2,3493,21,20
653,8,1,654,8,3501,81,80
654,8,1,655,5,3506,56,50
655,8,1,656,8,3514,73,80
656,8,1,657,5,3519,45,50
657,8,1,658,5,3524,59,50
658,8,1,659,2,3526,16,20
659,8,1,660,5,3531,50,50
660,8,1,661,5,3536,49,50
661,8,1,662,8,3544,74,80
662,8,1,663,8,3552,86,80
663,8,1,664,5,3557,53,50
664,8,1,665,4,3561,31,40
665,8,1,666,5,3566,51,50
666,8,1,667,5,3571,50,50
667,8,1,668,7,3578,69,70
668,8,1,669,6,3584,60,60
669,8,1,670,3,3587,27,30
670,8,1,671,5,3592,0,50
671,8,1,672,6,3598,111,60
672,8,1,673,4,3602,39,40
673,8,1,674,5,3607,57,50
674,8,1,675,4,3611,35,40
675,8,1,676,2,3613,19,20
676,8,1,677,9,3622,0,90
677,8,1,678,6,3628,163,60
678,8,1,679,9,3637,82,90
679,8,1,680,6,3643,69,60
680,8,1,681,2,3645,20,20
681,8,1,682,6,3651,63,60
682,8,1,683,2,3653,15,20
683,8,1,684,9,3662,74,90
684,8,1,685,2,3664,18,20
685,8,1,686,9,3673,88,90
686,8,1,687,8,3681,83,80
687,8,1,688,2,3683,24,20
688,8,1,689,8,3691,69,80
689,8,1,690,9,3700,82,90
690,8,1,691,4,3704,36,40
691,8,1,692,8,3712,78,80
692,8,1,693,9,3721,76,90
693,8,1,694,5,3726,63,50
694,8,1,695,2,3728,21,20
695,8,1,696,9,3737,100,90
696,8,1,697,6,3743,55,60
697,8,1,698,6,3749,61,60
698,8,1,699,8,3757,90,80
699,8,1,700,5,3762,44,50
700,8,1,701,6,3768,53,60
701,8,1,702,7,3775,69,70
702,8,1,703,4,3779,44,40
703,8,1,704,5,3784,51,50
704,8,1,705,3,3787,23,30
705,8,1,706,3,3790,37,30
706,8,1,707,6,3796,70,60
707,8,1,708,8,3804,98,80
708,8,1,709,2,3806,27,20
709,8,1,710,4,3810,50,40
710,8,1,711,5,3815,48,50
711,8,1,712,5,3820,41,50
712,8,1,713,2,3822,15,20
713,8,1,714,4,3826,34,40
714,8,1,715,9,3835,99,90
715,8,1,716,5,3840,64,50
716,8,1,717,4,3844,50,40
717,8,1,718,2,3846,30,20
718,8,1,719,2,3848,24,20
719,8,1,720,7,3855,73,70
720,8,1,721,3,3858,19,30
721,8,1,722,7,3865,58,70
722,8,1,723,9,3874,84,90
723,8,1,724,9,3883,88,90
724,8,1,725,6,3889,55,60
725,8,1,726,8,3897,74,80
726,8,1,727,7,3904,83,70
727,8,1,728,3,3907,31,30
728,8,1,729,4,3911,49,40
729,8,1,730,5,3916,53,50
730,8,1,731,8,3924,75,80
731,8,1,732,4,3928,38,40
732,8,1,733,5,3933,46,50
733,8,1,734,6,3939,0,60
734,8,1,735,2,3941,74,20
735,8,1,736,8,3949,85,80
736,8,1,737,9,3958,0,90
737,8,1,738,5,3963,127,50
738,8,1,739,4,3967,46,40
739,8,1,740,3,3970,27,30
740,8,1,741,6,3976,59,60
741,8,1,742,8,3984,78,80
742,8,1,743,4,3988,40,40
743,8,1,744,3,3991,44,30
744,8,1,745,2,3993,0,20
745,8,1,746,7,4000,93,70
746,8,1,747,8,4008,84,80
747,8,1,748,7,4015,75,70
748,8,1,749,9,4024,88,90
749,8,1,750,5,4029,57,50
750,8,1,751,7,4036,66,70
751,8,1,752,5,4041,53,50
752,8,1,753,6,4047,61,60
753,8,1,754,9,4056,0,90
754,8,1,755,6,4062,155,60
755,8,1,756,6,4068,56,60
756,8,1,757,7,4075,61,70
757,8,1,758,8,4083,67,80
758,8,1,759,3,4086,29,30
759,8,1,760,5,4091,52,50
760,8,1,761,5,4096,47,50
761,8,1,762,3,4099,34,30
762,8,1,763,5,4104,50,50
763,8,1,764,4,4108,43,40
764,8,1,765,4,4112,36,40
765,8,1,766,6,4118,0,60
766,8,1,767,9,4127,155,90
767,8,1,768,8,4135,78,80
768,8,1,769,5,4140,57,50
769,8,1,770,3,4143,26,30
770,8,1,771,3,4146,19,30
771,8,1,772,3,4149,33,30
772,8,1,773,8,4157,77,80
773,8,1,774,3,4160,23,30
774,8,1,775,4,4164,44,40
775,8,1,776,5,4169,45,50
776,8,1,777,6,4175,50,60
777,8,1,778,6,4181,42,60
778,8,1,779,5,4186,55,50
779,8,1,780,6,4192,58,60
780,8,1,781,7,4199,80,70
781,8,1,782,7,4206,58,70
782,8,1,783,7,4213,76,70
783,8,1,784,7,4220,64,70
784,8,1,785,9,4229,81,90
785,8,1,786,7,4236,64,70
786,8,1,787,4,4240,41,40
787,8,1,788,2,4242,17,20
788,8,1,789,2,4244,11,20
789,8,1,790,2,4246,30,20
790,8,1,791,6,4252,59,60
791,8,1,792,7,4259,54,70
792,8,1,793,9,4268,107,90
793,8,1,794,8,4276,89,80
794,8,1,795,5,4281,50,50
795,8,1,796,6,4287,74,60
796,8,1,797,6,4293,48,60
797,8,1,798,8,4301,68,80
798,8,1,799,2,4303,15,20
799,8,1,800,3,4306,30,30
800,8,1,801,3,4309,39,30
801,8,1,802,5,4314,42,50
802,8,1,803,9,4323,74,90
803,8,1,804,8,4331,97,80
804,8,1,805,4,4335,39,40
805,8,1,806,5,4340,52,50
806,8,1,807,2,4342,22,20
807,8,1,808,4,4346,52,40
808,8,1,809,5,4351,52,50
809,8,1,810,6,4357,61,60
810,8,1,811,6,4363,69,60
811,8,1,812,4,4367,32,40
812,8,1,813,3,4370,0,30
813,8,1,814,5,4375,78,50
814,8,1,815,7,4382,59,70
815,8,1,816,5,4387,46,50
816,8,1,817,2,4389,24,20
817,8,1,818,2,4391,17,20
818,8,1,819,5,4396,59,50
819,8,1,820,8,4404,0,80
820,8,1,821,7,4411,178,70
821,8,1,822,7,4418,79,70
822,8,1,823,9,4427,81,90
823,8,1,824,3,4430,30,30
824,8,1,825,9,4439,98,90
825,8,1,826,9,4448,77,90
826,8,1,827,6,4454,65,60
827,8,1,828,3,4457,25,30
828,8,1,829,2,4459,29,20
829,8,1,830,9,4468,89,90
830,8,1,831,7,4475,60,70
831,8,1,832,6,4481,68,60
832,8,1,833,7,4488,74,70
833,8,1,834,2,4490,13,20
834,8,1,835,9,4499,85,90
835,8,1,836,2,4501,13,20
836,8,1,837,9,4510,84,90
837,8,1,838,3,4513,32,30
838,8,1,839,2,4515,16,20
839,8,1,840,3,4518,32,30
840,8,1,841,3,4521,0,30
841,8,1,842,9,4530,130,90
842,8,1,843,2,4532,32,20
843,8,1,844,3,4535,0,30
844,8,1,845,2,4537,49,20
845,8,1,846,5,4542,55,50
846,8,1,847,4,4546,33,40
847,8,1,848,8,4554,70,80
848,8,1,849,6,4560,50,60
849,8,1,850,2,4562,18,20
850,8,1,851,9,4571,80,90
851,8,1,852,3,4574,27,30
852,8,1,853,8,4582,72,80
853,8,1,854,9,4591,91,90
854,8,1,855,5,4596,0,50
855,8,1,856,3,4599,58,30
856,8,1,857,4,4603,49,40
857,8,1,858,5,4608,49,50
858,8,1,859,6,4614,44,60
859,8,1,860,6,4620,65,60
860,8,1,861,8,4628,80,80
861,8,1,862,3,4631,34,30
862,8,1,863,5,4636,43,50
863,8,1,864,7,4643,71,70
864,8,1,865,5,4648,46,50
865,8,1,866,9,4657,79,90
866,8,1,867,6,4663,79,60
867,8,1,868,4,4667,49,40
868,8,1,869,8,4675,78,80
869,8,1,870,6,4681,70,60
870,8,1,871,5,4686,45,50
871,8,1,872,3,4689,41,30
872,8,1,873,6,4695,54,60
873,8,1,874,3,4698,33,30
874,8,1,875,5,4703,58,50
875,8,1,876,9,4712,92,90
876,8,1,877,9,4721,87,90
877,8,1,878,6,4727,59,60
878,8,1,879,9,4736,87,90
879,8,1,880,9,4745,0,90
880,8,1,881,3,4748,138,30
881,8,1,882,4,4752,0,40
882,8,1,883,7,4759,104,70
883,8,1,884,6,4765,55,60
884,8,1,885,9,4774,91,90
885,8,1,886,9,4783,80,90
886,8,1,887,5,4788,64,50
887,8,1,888,8,4796,83,80
888,8,1,889,9,4805,88,90
889,8,1,890,9,4814,0,90
890,8,1,891,6,4820,136,60
891,8,1,892,3,4823,27,30
892,8,1,893,5,4828,56,50
893,8,1,894,6,4834,42,60
894,8,1,895,3,4837,26,30
895,8,1,896,9,4846,102,90
896,8,1,897,6,4852,66,60
897,8,1,898,6,4858,64,60
898,8,1,899,4,4862,38,40
899,8,1,900,9,4871,82,90
900,8,1,901,3,4874,36,30
901,8,1,902,6,4880,69,60
902,8,1,903,5,4885,50,50
903,8,1,904,8,4893,0,80
904,8,1,905,9,4902,197,90
905,8,1,906,2,4904,23,20
906,8,1,907,5,4909,52,50
907,8,1,908,3,4912,32,30
908,8,1,909,7,4919,71,70
909,8,1,910,8,4927,83,80
910,8,1,911,2,4929,18,20
911,8,1,912,9,4938,101,90
912,8,1,913,2,4940,21,20
913,8,1,914,9,4949,94,90
914,8,1,915,3,4952,29,30
915,8,1,916,6,4958,0,60
916,8,1,917,4,4962,91,40
917,8,1,918,8,4970,78,80
918,8,1,919,7,4977,74,70
919,8,1,920,6,4983,65,60
920,8,1,921,5,4988,56,50
921,8,1,922,5,4993,40,50
922,8,2,1,6,6,64,60
923,8,2,2,8,14,85,80
924,8,2,3,7,21,72,70
925,8,2,4,4,25,38,40
926,8,2,5,2,27,25,20
927,8,2,6,4,31,46,40
928,8,2,7,9,40,90,90
929,8,2,8,3,43,35,30
930,8,2,9,4,47,45,40
931,8,2,10,9,56,77,90
932,8,2,11,9,65,101,90
933,8,2,12,7,72,0,70
934,8,2,13,7,79,157,70
935,8,2,14,5,84,59,50
936,8,2,15,4,88,43,40
937,8,2,16,2,90,22,20
938,8,2,17,5,95,61,50
939,8,2,18,9,104,101,90
940,8,2,19,9,113,80,90
941,8,2,20,2,115,16,20
942,8,2,21,8,123,76,80
943,8,2,22,7,130,62,70
944,8,2,23,2,132,15,20
945,8,2,24,2,134,19,20
946,8,2,25,4,138,32,40
947,8,2,26,5,143,49,50
948,8,2,27,5,148,35,50
949,8,2,28,5,153,48,50
950,8,2,29,8,161,98,80
951,8,2,30,5,166,51,50
952,8,2,31,3,169,33,30
953,8,2,32,5,174,44,50
954,8,2,33,2,176,16,20
955,8,2,34,8,184,85,80
956,8,2,35,7,191,61,70
957,8,2,36,5,196,52,50
958,8,2,37,8,204,80,80
959,8,2,38,9,213,95,90
960,8,2,39,5,218,0,50
961,8,2,40,6,224,117,60
962,8,2,41,3,227,28,30
963,8,2,42,8,235,64,80
964,8,2,43,2,237,15,20
965,8,2,44,3,240,35,30
966,8,2,45,4,244,34,40
967,8,2,46,2,246,19,20
968,8,2,47,4,250,32,40
969,8,2,48,7,257,61,70
970,8,2,49,7,264,69,70
971,8,2,50,8,272,76,80
972,8,2,51,2,274,24,20
973,8,2,52,4,278,56,40
974,8,2,53,7,285,60,70
975,8,2,54,7,292,80,70
976,8,2,55,5,297,47,50
977,8,2,56,4,301,32,40
978,8,2,57,7,308,82,70
979,8,2,58,9,317,87,90
980,8,2,59,7,324,0,70
981,8,2,60,7,331,128,70
982,8,2,61,4,335,43,40
983,8,2,62,5,340,48,50
984,8,2,63,4,344,45,40
985,8,2,64,8,352,62,80
986,8,2,65,2,354,13,20
987,8,2,66,2,356,17,20
988,8,2,67,8,364,78,80
989,8,2,68,8,372,71,80
990,8,2,69,4,376,49,40
991,8,2,70,6,382,69,60
992,8,2,71,6,388,68,60
993,8,2,72,3,391,41,30
994,8,2,73,8,399,93,80
995,8,2,74,5,404,44,50
996,8,2,75,9,413,87,90
997,8,2,76,9,422,85,90
998,8,2,77,6,428,49,60
999,8,2,78,2,430,27,20
1000,8,2,79,2,432,9,20
1001,8,2,80,4,436,42,40
1002,8,2,81,9,445,96,90
1003,8,2,82,9,454,88,90
1004,8,2,83,8,462,60,80
1005,8,2,84,7,469,85,70
1006,8,2,85,5,474,51,50
1007,8,2,86,8,482,0,80
1008,8,2,87,6,488,159,60
1009,8,2,88,5,493,36,50
1010,8,2,89,8,501,72,80
1011,8,2,90,2,503,20,20
1012,8,2,91,8,511,91,80
1013,8,2,92,9,520,79,90
1014,8,2,93,2,522,14,20
1015,8,2,94,5,527,60,50
1016,8,2,95,7,534,53,70
1017,8,2,96,5,539,50,50
1018,8,2,97,4,543,40,40
1019,8,2,98,7,550,64,70
1020,8,2,99,3,553,28,30
1021,8,2,100,7,560,70,70
1022,8,2,101,7,567,72,70
1023,8,2,102,8,575,74,80
1024,8,2,103,7,582,77,70
1025,8,2,104,8,590,75,80
1026,8,2,105,4,594,39,40
1027,8,2,106,4,598,35,40
1028,8,2,107,4,602,36,40
1029,8,2,108,4,606,32,40
1030,8,2,109,5,611,30,50
1031,8,2,110,2,613,16,20
1032,8,2,111,9,622,99,90
1033,8,2,112,5,627,56,50
1034,8,2,113,5,632,60,50
1035,8,2,114,9,641,86,90
1036,8,2,115,9,650,93,90
1037,8,2,116,6,656,56,60
1038,8,2,117,3,659,31,30
1039,8,2,118,4,663,45,40
1040,8,2,119,7,670,92,70
1041,8,2,120,7,677,85,70
1042,8,2,121,5,682,54,50
1043,8,2,122,6,688,70,60
1044,8,2,123,8,696,59,80
1045,8,2,124,9,705,103,90
1046,8,2,125,5,710,63,50
1047,8,2,126,3,713,28,30
1048,8,2,127,2,715,19,20
1049,8,2,128,7,722,62,70
1050,8,2,129,2,724,25,20
1051,8,2,130,7,731,73,70
1052,8,2,131,4,735,43,40
1053,8,2,132,5,740,49,50
1054,8,2,133,5,745,45,50
1055,8,2,134,5,750,57,50
1056,8,2,135,6,756,46,60
1057,8,2,136,7,763,56,70
1058,8,2,137,8,771,86,80
1059,8,2,138,8,779,72,80
1060,8,2,139,2,781,17,20
1061,8,2,140,9,790,99,90
1062,8,2,141,4,794,24,40
1063,8,2,142,3,797,30,30
1064,8,2,143,6,803,75,60
1065,8,2,144,8,811,78,80
1066,8,2,145,9,820,101,90
1067,8,2,146,7,827,79,70
1068,8,2,147,5,832,53,50
1069,8,2,148,2,834,17,20
1070,8,2,149,9,843,96,90
1071,8,2,150,6,849,60,60
1072,8,2,151,4,853,51,40
1073,8,2,152,5,858,49,50
1074,8,2,153,6,864,65,60
1075,8,2,154,5,869,47,50
1076,8,2,155,6,875,50,60
1077,8,2,156,8,883,74,80
1078,8,2,157,4,887,43,40
1079,8,2,158,8,895,98,80
1080,8,2,159,2,897,20,20
1081,8,2,160,9,906,66,90
1082,8,2,161,8,914,79,80
1083,8,2,162,7,921,66,70
1084,8,2,163,9,930,94,90
1085,8,2,164,8,938,87,80
1086,8,2,165,7,945,66,70
1087,8,2,166,8,953,0,80
1088,8,2,167,2,955,0,20
1089,8,2,168,9,964,177,90
1090,8,2,169,3,967,25,30
1091,8,2,170,3,970,34,30
1092,8,2,171,6,976,52,60
1093,8,2,172,7,983,60,70
1094,8,2,173,8,991,66,80
1095,8,2,174,3,994,25,30
1096,8,2,175,8,1002,85,80
1097,8,2,176,4,1006,35,40
1098,8,2,177,6,1012,59,60
1099,8,2,178,8,1020,75,80
1100,8,2,179,4,1024,29,40
1101,8,2,180,9,1033,88,90
1102,8,2,181,3,1036,0,30
1103,8,2,182,3,1039,64,30
1104,8,2,183,9,1048,0,90
1105,8,2,184,3,1051,123,30
1106,8,2,185,2,1053,23,20
1107,8,2,186,2,1055,18,20
1108,8,2,187,8,1063,0,80
1109,8,2,188,4,1067,159,40
1110,8,2,189,7,1074,79,70
1111,8,2,190,5,1079,46,50
1112,8,2,191,6,1085,58,60
1113,8,2,192,2,1087,25,20
1114,8,2,193,9,1096,90,90
1115,8,2,194,8,1104,75,80
1116,8,2,195,8,1112,74,80
1117,8,2,196,9,1121,93,90
1118,8,2,197,6,1127,63,60
1119,8,2,198,2,1129,11,20
1120,8,2,199,8,1137,93,80
1121,8,2,200,4,1141,42,40
1122,8,2,201,3,1144,25,30
1123,8,2,202,5,1149,51,50
1124,8,2,203,8,1157,69,80
1125,8,2,204,3,1160,28,30
1126,8,2,205,5,1165,32,50
1127,8,2,206,7,1172,75,70
1128,8,2,207,8,1180,83,80
1129,8,2,208,8,1188,83,80
1130,8,2,209,7,1195,66,70
1131,8,2,210,8,1203,98,80
1132,8,2,211,9,1212,98,90
1133,8,2,212,9,1221,91,90
1134,8,2,213,4,1225,48,40
1135,8,2,214,5,1230,53,50
1136,8,2,215,7,1237,78,70
1137,8,2,216,6,1243,77,60
1138,8,2,217,5,1248,54,50
1139,8,2,218,6,1254,60,60
1140,8,2,219,5,1259,61,50
1141,8,2,220,3,1262,30,30
1142,8,2,221,7,1269,76,70
1143,8,2,222,6,1275,0,60
1144,8,2,223,7,1282,139,70
1145,8,2,224,5,1287,48,50
1146,8,2,225,5,1292,47,50
1147,8,2,226,8,1300,68,80
1148,8,2,227,8,1308,88,80
1149,8,2,228,9,1317,70,90
1150,8,2,229,7,1324,0,70
1151,8,2,230,4,1328,0,40
1152,8,2,231,5,1333,140,50
1153,8,2,232,2,1335,28,20
1154,8,2,233,2,1337,17,20
1155,8,2,234,4,1341,47,40
1156,8,2,235,7,1348,64,70
1157,8,2,236,4,1352,39,40
1158,8,2,237,8,1360,92,80
1159,8,2,238,5,1365,40,50
1160,8,2,239,2,1367,23,20
1161,8,2,240,6,1373,65,60
1162,8,2,241,3,1376,25,30
1163,8,2,242,5,1381,62,50
1164,8,2,243,8,1389,70,80
1165,8,2,244,4,1393,0,40
1166,8,2,245,9,1402,116,90
1167,8,2,246,3,1405,32,30
1168,8,2,247,6,1411,61,60
1169,8,2,248,2,1413,28,20
1170,8,2,249,4,1417,47,40
1171,8,2,250,7,1424,69,70
1172,8,2,251,3,1427,27,30
1173,8,2,252,2,1429,24,20
1174,8,2,253,8,1437,88,80
1175,8,2,254,6,1443,56,60
1176,8,2,255,5,1448,52,50
1177,8,2,256,3,1451,28,30
1178,8,2,257,4,1455,40,40
1179,8,2,258,8,1463,0,80
1180,8,2,259,2,1465,102,20
1181,8,2,260,8,1473,81,80
1182,8,2,261,4,1477,50,40
1183,8,2,262,4,1481,42,40
1184,8,2,263,4,1485,36,40
1185,8,2,264,3,1488,26,30
1186,8,2,265,7,1495,77,70
1187,8,2,266,2,1497,20,20
1188,8,2,267,2,1499,17,20
1189,8,2,268,4,1503,28,40
1190,8,2,269,9,1512,98,90
1191,8,2,270,2,1514,20,20
1192,8,2,271,6,1520,58,60
1193,8,2,272,2,1522,23,20
1194,8,2,273,4,1526,44,40
1195,8,2,274,8,1534,79,80
1196,8,2,275,8,1542,93,80
1197,8,2,276,5,1547,39,50
1198,8,2,277,7,1554,68,70
1199,8,2,278,5,1559,47,50
1200,8,2,279,9,1568,107,90
1201,8,2,280,2,1570,21,20
1202,8,2,281,5,1575,56,50
1203,8,2,282,5,1580,0,50
1204,8,2,283,5,1585,106,50
1205,8,2,284,9,1594,96,90
1206,8,2,285,7,1601,86,70
1207,8,2,286,2,1603,18,20
1208,8,2,287,3,1606,39,30
1209,8,2,288,9,1615,70,90
1210,8,2,289,7,1622,66,70
1211,8,2,290,9,1631,81,90
1212,8,2,291,8,1639,74,80
1213,8,2,292,7,1646,72,70
1214,8,2,293,3,1649,26,30
1215,8,2,294,9,1658,102,90
1216,8,2,295,6,1664,63,60
1217,8,2,296,5,1669,42,50
1218,8,2,297,7,1676,78,70
1219,8,2,298,4,1680,52,40
1220,8,2,299,2,1682,19,20
1221,8,2,300,4,1686,48,40
1222,8,2,301,4,1690,53,40
1223,8,2,302,9,1699,87,90
1224,8,2,303,3,1702,35,30
1225,8,2,304,4,1706,43,40
1226,8,2,305,4,1710,31,40
1227,8,2,306,8,1718,86,80
1228,8,2,307,4,1722,37,40
1229,8,2,308,8,1730,68,80
1230,8,2,309,8,1738,92,80
1231,8,2,310,5,1743,40,50
1232,8,2,311,7,1750,58,70
1233,8,2,312,2,1752,29,20
1234,8,2,313,2,1754,31,20
1235,8,2,314,7,1761,82,70
1236,8,2,315,8,1769,86,80
1237,8,2,316,8,1777,87,80
1238,8,2,317,2,1779,28,20
1239,8,2,318,6,1785,53,60
1240,8,2,319,2,1787,24,20
1241,8,2,320,8,1795,89,80
1242,8,2,321,7,1802,84,70
1243,8,2,322,3,1805,28,30
1244,8,2,323,4,1809,41,40
1245,8,2,324,4,1813,44,40
1246,8,2,325,4,1817,35,40
1247,8,2,326,7,1824,65,70
1248,8,2,327,8,1832,0,80
1249,8,2,328,7,1839,134,70
1250,8,2,329,3,1842,27,30
1251,8,2,330,5,1847,46,50
1252,8,2,331,9,1856,88,90
1253,8,2,332,8,1864,85,80
1254,8,2,333,5,1869,57,50
1255,8,2,334,7,1876,71,70
1256,8,2,335,3,1879,35,30
1257,8,2,336,7,1886,61,70
1258,8,2,337,8,1894,89,80
1259,8,2,338,8,1902,78,80
1260,8,2,339,4,1906,42,40
1261,8,2,340,9,1915,105,90
1262,8,2,341,4,1919,45,40
1263,8,2,342,7,1926,77,70
1264,8,2,343,5,1931,41,50
1265,8,2,344,6,1937,67,60
1266,8,2,345,5,1942,52,50
1267,8,2,346,8,1950,62,80
1268,8,2,347,2,1952,19,20
1269,8,2,348,6,1958,50,60
1270,8,2,349,8,1966,79,80
1271,8,2,350,7,1973,77,70
1272,8,2,351,7,1980,61,70
1273,8,2,352,9,1989,88,90
1274,8,2,353,7,1996,65,70
1275,8,2,354,9,2005,88,90
1276,8,2,355,5,2010,0,50
1277,8,2,356,4,2014,95,40
1278,8,2,357,4,2018,31,40
1279,8,2,358,4,2022,38,40
1280,8,2,359,8,2030,85,80
1281,8,2,360,3,2033,26,30
1282,8,2,361,5,2038,42,50
1283,8,2,362,5,2043,38,50
1284,8,2,363,4,2047,47,40
1285,8,2,364,4,2051,32,40
1286,8,2,365,7,2058,64,70
1287,8,2,366,6,2064,64,60
1288,8,2,367,8,2072,86,80
1289,8,2,368,8,2080,72,80
1290,8,2,369,5,2085,42,50
1291,8,2,370,3,2088,0,30
1292,8,2,371,4,2092,60,40
1293,8,2,372,8,2100,74,80
1294,8,2,373,9,2109,89,90
1295,8,2,374,6,2115,61,60
1296,8,2,375,2,2117,24,20
1297,8,2,376,3,2120,24,30
1298,8,2,377,3,2123,36,30
1299,8,2,378,2,2125,30,20
1300,8,2,379,6,2131,56,60
1301,8,2,380,8,2139,89,80
1302,8,2,381,8,2147,74,80
1303,8,2,382,3,2150,30,30
1304,8,2,383,8,2158,84,80
1305,8,2,384,5,2163,57,50
1306,8,2,385,2,2165,22,20
1307,8,2,386,8,2173,71,80
1308,8,2,387,2,2175,16,20
1309,8,2,388,8,2183,91,80
1310,8,2,389,6,2189,60,60
1311,8,2,390,8,2197,84,80
1312,8,2,391,7,2204,68,70
1313,8,2,392,6,2210,69,60
1314,8,2,393,2,2212,0,20
1315,8,2,394,5,2217,53,50
1316,8,2,395,6,2223,68,60
1317,8,2,396,9,2232,92,90
1318,8,2,397,6,2238,61,60
1319,8,2,398,2,2240,23,20
1320,8,2,399,8,2248,60,80
1321,8,2,400,7,2255,74,70
1322,8,2,401,3,2258,33,30
1323,8,2,402,9,2267,75,90
1324,8,2,403,8,2275,88,80
1325,8,2,404,3,2278,33,30
1326,8,2,405,5,2283,63,50
1327,8,2,406,3,2286,20,30
1328,8,2,407,6,2292,39,60
1329,8,2,408,9,2301,90,90
1330,8,2,409,9,2310,92,90
1331,8,2,410,7,2317,71,70
1332,8,2,411,3,2320,31,30
1333,8,2,412,3,2323,34,30
1334,8,2,413,8,2331,79,80
1335,8,2,414,9,2340,87,90
1336,8,2,415,4,2344,45,40
1337,8,2,416,2,2346,23,20
1338,8,2,417,5,2351,41,50
1339,8,2,418,9,2360,102,90
1340,8,2,419,4,2364,45,40
1341,8,2,420,6,2370,56,60
1342,8,2,421,3,2373,19,30
1343,8,2,422,5,2378,45,50
1344,8,2,423,9,2387,97,90
1345,8,2,424,3,2390,29,30
1346,8,2,425,4,2394,37,40
1347,8,2,426,7,2401,72,70
1348,8,2,427,4,2405,44,40
1349,8,2,428,7,2412,81,70
1350,8,2,429,7,2419,70,70
1351,8,2,430,8,2427,90,80
1352,8,2,431,7,2434,70,70
1353,8,2,432,2,2436,30,20
1354,8,2,433,8,2444,71,80
1355,8,2,434,9,2453,84,90
1356,8,2,435,7,2460,63,70
1357,8,2,436,6,2466,54,60
1358,8,2,437,7,2473,79,70
1359,8,2,438,6,2479,58,60
1360,8,2,439,7,2486,60,70
1361,8,2,440,9,2495,84,90
1362,8,2,441,5,2500,52,50
1363,8,2,442,6,2506,60,60
1364,8,2,443,9,2515,82,90
1365,8,2,444,2,2517,29,20
1366,8,2,445,4,2521,32,40
1367,8,2,446,3,2524,27,30
1368,8,2,447,8,2532,86,80
1369,8,2,448,5,2537,54,50
1370,8,2,449,3,2540,29,30
1371,8,2,450,2,2542,0,20
1372,8,2,451,8,2550,84,80
1373,8,2,452,8,2558,0,80
1374,8,2,453,5,2563,122,50
1375,8,2,454,7,2570,62,70
1376,8,2,455,5,2575,66,50
1377,8,2,456,5,2580,48,50
1378,8,2,457,8,2588,74,80
1379,8,2,458,3,2591,22,30
1380,8,2,459,6,2597,60,60
1381,8,2,460,7,2604,72,70
1382,8,2,461,9,2613,93,90
1383,8,2,462,3,2616,31,30
1384,8,2,463,9,2625,81,90
1385,8,2,464,3,2628,31,30
1386,8,2,465,4,2632,30,40
1387,8,2,466,4,2636,45,40
1388,8,2,467,9,2645,94,90
1389,8,2,468,4,2649,36,40
1390,8,2,469,8,2657,83,80
1391,8,2,470,4,2661,45,40
1392,8,2,471,7,2668,70,70
1393,8,2,472,3,2671,32,30
1394,8,2,473,3,2674,18,30
1395,8,2,474,7,2681,76,70
1396,8,2,475,7,2688,85,70
1397,8,2,476,7,2695,62,70
1398,8,2,477,4,2699,37,40
1399,8,2,478,3,2702,37,30
1400,8,2,479,7,2709,57,70
1401,8,2,480,4,2713,42,40
1402,8,2,481,5,2718,39,50
1403,8,2,482,2,2720,14,20
1404,8,2,483,3,2723,30,30
1405,8,2,484,9,2732,100,90
1406,8,2,485,7,2739,75,70
1407,8,2,486,7,2746,82,70
1408,8,2,487,5,2751,50,50
1409,8,2,488,8,2759,86,80
1410,8,2,489,4,2763,43,40
1411,8,2,490,4,2767,31,40
1412,8,2,491,7,2774,51,70
1413,8,2,492,5,2779,60,50
1414,8,2,493,2,2781,27,20
1415,8,2,494,9,2790,82,90
1416,8,2,495,6,2796,63,60
1417,8,2,496,2,2798,23,20
1418,8,2,497,9,2807,94,90
1419,8,2,498,2,2809,19,20
1420,8,2,499,6,2815,50,60
1421,8,2,500,6,2821,62,60
1422,8,2,501,3,2824,25,30
1423,8,2,502,7,2831,77,70
1424,8,2,503,8,2839,90,80
1425,8,2,504,2,2841,30,20
1426,8,2,505,4,2845,44,40
1427,8,2,506,5,2850,63,50
1428,8,2,507,6,2856,55,60
1429,8,2,508,3,2859,29,30
1430,8,2,509,3,2862,22,30
1431,8,2,510,3,2865,25,30
1432,8,2,511,8,2873,94,80
1433,8,2,512,2,2875,28,20
1434,8,2,513,3,2878,28,30
1435,8,2,514,6,2884,51,60
1436,8,2,515,9,2893,82,90
1437,8,2,516,2,2895,0,20
1438,8,2,517,6,2901,107,60
1439,8,2,518,6,2907,0,60
1440,8,2,519,7,2914,151,70
1441,8,2,520,2,2916,23,20
1442,8,2,521,3,2919,38,30
1443,8,2,522,3,2922,21,30
1444,8,2,523,4,2926,29,40
1445,8,2,524,8,2934,61,80
1446,8,2,525,5,2939,45,50
1447,8,2,526,9,2948,91,90
1448,8,2,527,9,2957,96,90
1449,8,2,528,3,2960,19,30
1450,8,2,529,5,2965,53,50
1451,8,2,530,9,2974,87,90
1452,8,2,531,4,2978,35,40
1453,8,2,532,2,2980,26,20
1454,8,2,533,9,2989,86,90
1455,8,2,534,9,2998,95,90
1456,8,2,535,4,3002,43,40
1457,8,2,536,3,3005,29,30
1458,8,2,537,4,3009,44,40
1459,8,2,538,2,3011,16,20
1460,8,2,539,9,3020,92,90
1461,8,2,540,4,3024,36,40
1462,8,2,541,5,3029,52,50
1463,8,2,542,3,3032,27,30
1464,8,2,543,2,3034,17,20
1465,8,2,544,5,3039,43,50
1466,8,2,545,6,3045,75,60
1467,8,2,546,7,3052,62,70
1468,8,2,547,3,3055,38,30
1469,8,2,548,9,3064,94,90
1470,8,2,549,2,3066,13,20
1471,8,2,550,8,3074,78,80
1472,8,2,551,8,3082,76,80
1473,8,2,552,2,3084,34,20
1474,8,2,553,5,3089,41,50
1475,8,2,554,6,3095,62,60
1476,8,2,555,4,3099,46,40
1477,8,2,556,6,3105,0,60
1478,8,2,557,3,3108,87,30
1479,8,2,558,4,3112,36,40
1480,8,2,559,5,3117,41,50
1481,8,2,560,5,3122,62,50
1482,8,2,561,7,3129,67,70
1483,8,2,562,8,3137,81,80
1484,8,2,563,5,3142,53,50
1485,8,2,564,6,3148,0,60
1486,8,2,565,3,3151,81,30
1487,8,2,566,3,3154,17,30
1488,8,2,567,8,3162,69,80
1489,8,2,568,2,3164,15,20
1490,8,2,569,7,3171,71,70
1491,8,2,570,4,3175,36,40
1492,8,2,571,9,3184,81,90
1493,8,2,572,6,3190,53,60
1494,8,2,573,3,3193,24,30
1495,8,2,574,9,3202,79,90
1496,8,2,575,6,3208,61,60
1497,8,2,576,2,3210,14,20
1498,8,2,577,2,3212,0,20
1499,8,2,578,5,3217,65,50
1500,8,2,579,9,3226,78,90
1501,8,2,580,7,3233,68,70
1502,8,2,581,3,3236,28,30
1503,8,2,582,6,3242,52,60
1504,8,2,583,5,3247,54,50
1505,8,2,584,2,3249,19,20
1506,8,2,585,8,3257,81,80
1507,8,2,586,4,3261,44,40
1508,8,2,587,3,3264,29,30
1509,8,2,588,5,3269,53,50
1510,8,2,589,7,3276,78,70
1511,8,2,590,6,3282,53,60
1512,8,2,591,8,3290,84,80
1513,8,2,592,2,3292,16,20
1514,8,2,593,3,3295,32,30
1515,8,2,594,8,3303,75,80
1516,8,2,595,6,3309,0,60
1517,8,2,596,3,3312,82,30
1518,8,2,597,6,3318,63,60
1519,8,2,598,7,3325,59,70
1520,8,2,599,2,3327,23,20
1521,8,2,600,6,3333,65,60
1522,8,2,601,2,3335,26,20
1523,8,2,602,4,3339,42,40
1524,8,2,603,6,3345,45,60
1525,8,2,604,5,3350,42,50
1526,8,2,605,2,3352,26,20
1527,8,2,606,3,3355,21,30
1528,8,2,607,6,3361,50,60
1529,8,2,608,9,3370,0,90
1530,8,2,609,8,3378,0,80
1531,8,2,610,6,3384,251,60
1532,8,2,611,8,3392,93,80
1533,8,2,612,9,3401,93,90
1534,8,2,613,2,3403,19,20
1535,8,2,614,6,3409,68,60
1536,8,2,615,6,3415,64,60
1537,8,2,616,8,3423,70,80
1538,8,2,617,5,3428,56,50
1539,8,2,618,8,3436,76,80
1540,8,2,619,8,3444,80,80
1541,8,2,620,5,3449,0,50
1542,8,2,621,3,3452,96,30
1543,8,2,622,6,3458,49,60
1544,8,2,623,3,3461,20,30
1545,8,2,624,3,3464,37,30
1546,8,2,625,6,3470,59,60
1547,8,2,626,9,3479,102,90
1548,8,2,627,4,3483,43,40
1549,8,2,628,4,3487,53,40
1550,8,2,629,5,3492,49,50
1551,8,2,630,4,3496,38,40
1552,8,2,631,3,3499,21,30
1553,8,2,632,5,3504,49,50
1554,8,2,633,2,3506,19,20
1555,8,2,634,3,3509,32,30
1556,8,2,635,4,3513,42,40
1557,8,2,636,9,3522,87,90
1558,8,2,637,5,3527,38,50
1559,8,2,638,4,3531,37,40
1560,8,2,639,5,3536,51,50
1561,8,2,640,6,3542,65,60
1562,8,2,641,3,3545,39,30
1563,8,2,642,3,3548,33,30
1564,8,2,643,6,3554,60,60
1565,8,2,644,3,3557,29,30
1566,8,2,645,8,3565,79,80
1567,8,2,646,6,3571,59,60
1568,8,2,647,9,3580,92,90
1569,8,2,648,7,3587,67,70
1570,8,2,649,3,3590,35,30
1571,8,2,650,7,3597,74,70
1572,8,2,651,6,3603,61,60
1573,8,2,652,9,3612,103,90
1574,8,2,653,3,3615,17,30
1575,8,2,654,3,3618,30,30
1576,8,2,655,6,3624,58,60
1577,8,2,656,6,3630,65,60
1578,8,2,657,9,3639,100,90
1579,8,2,658,8,3647,79,80
1580,8,2,659,4,3651,38,40
1581,8,2,660,4,3655,27,40
1582,8,2,661,9,3664,75,90
1583,8,2,662,5,3669,52,50
1584,8,2,663,6,3675,56,60
1585,8,2,664,5,3680,46,50
1586,8,2,665,2,3682,17,20
1587,8,2,666,3,3685,32,30
1588,8,2,667,4,3689,37,40
1589,8,2,668,4,3693,45,40
1590,8,2,669,6,3699,55,60
1591,8,2,670,5,3704,42,50
1592,8,2,671,6,3710,47,60
1593,8,2,672,8,3718,85,80
1594,8,2,673,7,3725,70,70
1595,8,2,674,6,3731,65,60
1596,8,2,675,7,3738,77,70
1597,8,2,676,8,3746,77,80
1598,8,2,677,3,3749,25,30
1599,8,2,678,2,3751,21,20
1600,8,2,679,7,3758,83,70
1601,8,2,680,8,3766,88,80
1602,8,2,681,4,3770,37,40
1603,8,2,682,7,3777,70,70
1604,8,2,683,9,3786,87,90
1605,8,2,684,2,3788,17,20
1606,8,2,685,9,3797,87,90
1607,8,2,686,9,3806,87,90
1608,8,2,687,7,3813,66,70
1609,8,2,688,5,3818,50,50
1610,8,2,689,3,3821,26,30
1611,8,2,690,4,3825,41,40
1612,8,2,691,7,3832,79,70
1613,8,2,692,7,3839,79,70
1614,8,2,693,2,3841,29,20
1615,8,2,694,6,3847,63,60
1616,8,2,695,3,3850,0,30
1617,8,2,696,2,3852,53,20
1618,8,2,697,3,3855,30,30
1619,8,2,698,4,3859,44,40
1620,8,2,699,6,3865,0,60
1621,8,2,700,8,3873,141,80
1622,8,2,701,9,3882,84,90
1623,8,2,702,8,3890,71,80
1624,8,2,703,9,3899,87,90
1625,8,2,704,7,3906,67,70
1626,8,2,705,2,3908,0,20
1627,8,2,706,7,3915,89,70
1628,8,2,707,4,3919,37,40
1629,8,2,708,5,3924,46,50
1630,8,2,709,3,3927,34,30
1631,8,2,710,3,3930,34,30
1632,8,2,711,6,3936,57,60
1633,8,2,712,5,3941,55,50
1634,8,2,713,4,3945,53,40
1635,8,2,714,9,3954,99,90
1636,8,2,715,9,3963,95,90
1637,8,2,716,2,3965,21,20
1638,8,2,717,2,3967,17,20
1639,8,2,718,7,3974,58,70
1640,8,2,719,6,3980,67,60
1641,8,2,720,5,3985,50,50
1642,8,2,721,3,3988,26,30
1643,8,2,722,6,3994,85,60
1644,8,2,723,3,3997,25,30
1645,8,2,724,8,4005,81,80
1646,8,2,725,8,4013,90,80
1647,8,2,726,3,4016,40,30
1648,8,2,727,2,4018,19,20
1649,8,2,728,2,4020,16,20
1650,8,2,729,9,4029,83,90
1651,8,2,730,9,4038,83,90
1652,8,2,731,3,4041,28,30
1653,8,2,732,3,4044,29,30
1654,8,2,733,7,4051,75,70
1655,8,2,734,5,4056,40,50
1656,8,2,735,8,4064,89,80
1657,8,2,736,7,4071,63,70
1658,8,2,737,2,4073,21,20
1659,8,2,738,3,4076,25,30
1660,8,2,739,7,4083,84,70
1661,8,2,740,8,4091,67,80
1662,8,2,741,2,4093,0,20
1663,8,2,742,3,4096,57,30
1664,8,2,743,3,4099,37,30
1665,8,2,744,7,4106,68,70
1666,8,2,745,6,4112,60,60
1667,8,2,746,8,4120,94,80
1668,8,2,747,5,4125,53,50
1669,8,2,748,5,4130,50,50
1670,8,2,749,3,4133,32,30
1671,8,2,750,2,4135,19,20
1672,8,2,751,5,4140,41,50
1673,8,2,752,4,4144,32,40
1674,8,2,753,4,4148,0,40
1675,8,2,754,5,4153,108,50
1676,8,2,755,5,4158,59,50
1677,8,2,756,3,4161,29,30
1678,8,2,757,4,4165,35,40
1679,8,2,758,3,4168,17,30
1680,8,2,759,2,4170,19,20
1681,8,2,760,8,4178,70,80
1682,8,2,761,6,4184,64,60
1683,8,2,762,7,4191,71,70
1684,8,2,763,3,4194,31,30
1685,8,2,764,8,4202,76,80
1686,8,2,765,3,4205,40,30
1687,8,2,766,3,4208,29,30
1688,8,2,767,3,4211,22,30
1689,8,2,768,4,4215,43,40
1690,8,2,769,6,4221,57,60
1691,8,2,770,9,4230,67,90
1692,8,2,771,6,4236,64,60
1693,8,2,772,4,4240,53,40
1694,8,2,773,6,4246,67,60
1695,8,2,774,4,4250,48,40
1696,8,2,775,7,4257,74,70
1697,8,2,776,4,4261,38,40
1698,8,2,777,6,4267,66,60
1699,8,2,778,8,4275,100,80
1700,8,2,779,2,4277,16,20
1701,8,2,780,5,4282,54,50
1702,8,2,781,6,4288,63,60
1703,8,2,782,3,4291,29,30
1704,8,2,783,4,4295,43,40
1705,8,2,784,9,4304,85,90
1706,8,2,785,2,4306,26,20
1707,8,2,786,7,4313,61,70
1708,8,2,787,4,4317,41,40
1709,8,2,788,8,4325,98,80
1710,8,2,789,8,4333,72,80
1711,8,2,790,7,4340,66,70
1712,8,2,791,8,4348,75,80
1713,8,2,792,8,4356,73,80
1714,8,2,793,2,4358,26,20
1715,8,2,794,6,4364,61,60
1716,8,2,795,9,4373,98,90
1717,8,2,796,6,4379,68,60
1718,8,2,797,5,4384,41,50
1719,8,2,798,2,4386,20,20
1720,8,2,799,3,4389,26,30
1721,8,2,800,9,4398,102,90
1722,8,2,801,4,4402,33,40
1723,8,2,802,8,4410,80,80
1724,8,2,803,9,4419,79,90
1725,8,2,804,8,4427,89,80
1726,8,2,805,9,4436,78,90
1727,8,2,806,7,4443,78,70
1728,8,2,807,5,4448,51,50
1729,8,2,808,5,4453,58,50
1730,8,2,809,9,4462,97,90
1731,8,2,810,5,4467,52,50
1732,8,2,811,5,4472,52,50
1733,8,2,812,2,4474,19,20
1734,8,2,813,2,4476,21,20
1735,8,2,814,2,4478,18,20
1736,8,2,815,6,4484,62,60
1737,8,2,816,8,4492,87,80
1738,8,2,817,8,4500,82,80
1739,8,2,818,2,4502,21,20
1740,8,2,819,6,4508,59,60
1741,8,2,820,9,4517,97,90
1742,8,2,821,5,4522,52,50
1743,8,2,822,6,4528,52,60
1744,8,2,823,4,4532,41,40
1745,8,2,824,3,4535,28,30
1746,8,2,825,6,4541,59,60
1747,8,2,826,8,4549,0,80
1748,8,2,827,5,4554,136,50
1749,8,2,828,9,4563,89,90
1750,8,2,829,5,4568,61,50
1751,8,2,830,7,4575,80,70
1752,8,2,831,5,4580,60,50
1753,8,2,832,2,4582,23,20
1754,8,2,833,8,4590,67,80
1755,8,2,834,2,4592,13,20
1756,8,2,835,2,4594,21,20
1757,8,2,836,4,4598,39,40
1758,8,2,837,6,4604,51,60
1759,8,2,838,7,4611,0,70
1760,8,2,839,3,4614,99,30
1761,8,2,840,6,4620,62,60
1762,8,2,841,9,4629,92,90
1763,8,2,842,8,4637,93,80
1764,8,2,843,3,4640,30,30
1765,8,2,844,4,4644,38,40
1766,8,2,845,7,4651,79,70
1767,8,2,846,7,4658,69,70
1768,8,2,847,3,4661,0,30
1769,8,2,848,8,4669,100,80
1770,8,2,849,7,4676,71,70
1771,8,2,850,7,4683,64,70
1772,8,2,851,5,4688,51,50
1773,8,2,852,2,4690,19,20
1774,8,2,853,3,4693,23,30
1775,8,2,854,5,4698,46,50
1776,8,2,855,5,4703,39,50
1777,8,2,856,4,4707,39,40
1778,8,2,857,4,4711,52,40
1779,8,2,858,3,4714,35,30
1780,8,2,859,5,4719,56,50
1781,8,2,860,4,4723,44,40
1782,8,2,861,3,4726,21,30
1783,8,2,862,6,4732,0,60
1784,8,2,863,3,4735,76,30
1785,8,2,864,8,4743,89,80
1786,8,2,865,4,4747,0,40
1787,8,2,866,7,4754,100,70
1788,8,2,867,8,4762,83,80
1789,8,2,868,3,4765,0,30
1790,8,2,869,5,4770,84,50
1791,8,2,870,2,4772,18,20
1792,8,2,871,9,4781,96,90
1793,8,2,872,2,4783,16,20
1794,8,2,873,7,4790,68,70
1795,8,2,874,4,4794,44,40
1796,8,2,875,8,4802,91,80
1797,8,2,876,6,4808,60,60
1798,8,2,877,4,4812,43,40
1799,8,2,878,8,4820,78,80
1800,8,2,879,2,4822,26,20
1801,8,2,880,5,4827,46,50
1802,8,2,881,4,4831,40,40
1803,8,2,882,2,4833,16,20
1804,8,2,883,6,4839,68,60
1805,8,2,884,6,4845,67,60
1806,8,2,885,3,4848,35,30
1807,8,2,886,5,4853,51,50
1808,8,2,887,2,4855,21,20
1809,8,2,888,7,4862,60,70
1810,8,2,889,4,4866,33,40
1811,8,2,890,6,4872,74,60
1812,8,2,891,4,4876,35,40
1813,8,2,892,4,4880,43,40
1814,8,2,893,9,4889,95,90
1815,8,2,894,5,4894,45,50
1816,8,2,895,8,4902,91,80
1817,8,2,896,2,4904,23,20
1818,8,2,897,4,4908,24,40
1819,8,2,898,8,4916,86,80
1820,8,2,899,8,4924,69,80
1821,8,2,900,8,4932,77,80
1822,8,2,901,7,4939,73,70
1823,8,2,902,8,4947,55,80
1824,8,2,903,6,4953,58,60
1825,8,2,904,5,4958,58,50
1826,8,2,905,5,4963,65,50
1827,8,2,906,7,4970,74,70
1828,8,2,907,3,4973,36,30
1829,8,2,908,6,4979,60,60
1830,8,2,909,6,4985,57,60
1831,8,2,910,7,4992,68,70
1832,8,3,1,2,2,21,20
1833,8,3,2,4,6,31,40
1834,8,3,3,7,13,75,70
1835,8,3,4,4,17,42,40
1836,8,3,5,2,19,23,20
1837,8,3,6,6,25,59,60
1838,8,3,7,4,29,39,40
1839,8,3,8,3,32,24,30
1840,8,3,9,5,37,0,50
1841,8,3,10,9,46,0,90
1842,8,3,11,5,51,184,50
1843,8,3,12,9,60,97,90
1844,8,3,13,9,69,88,90
1845,8,3,14,4,73,58,40
1846,8,3,15,4,77,38,40
1847,8,3,16,7,84,70,70
1848,8,3,17,3,87,21,30
1849,8,3,18,5,92,48,50
1850,8,3,19,6,98,64,60
1851,8,3,20,5,103,54,50
1852,8,3,21,6,109,69,60
1853,8,3,22,6,115,58,60
1854,8,3,23,3,118,27,30
1855,8,3,24,9,127,81,90
1856,8,3,25,3,130,33,30
1857,8,3,26,9,139,84,90
1858,8,3,27,7,146,59,70
1859,8,3,28,7,153,83,70
1860,8,3,29,5,158,45,50
1861,8,3,30,8,166,83,80
1862,8,3,31,8,174,85,80
1863,8,3,32,6,180,0,60
1864,8,3,33,4,184,107,40
1865,8,3,34,9,193,88,90
1866,8,3,35,7,200,73,70
1867,8,3,36,9,209,86,90
1868,8,3,37,3,212,22,30
1869,8,3,38,6,218,57,60
1870,8,3,39,3,221,30,30
1871,8,3,40,6,227,62,60
1872,8,3,41,4,231,41,40
1873,8,3,42,4,235,49,40
1874,8,3,43,7,242,59,70
1875,8,3,44,2,244,15,20
1876,8,3,45,8,252,78,80
1877,8,3,46,6,258,77,60
1878,8,3,47,6,264,58,60
1879,8,3,48,6,270,61,60
1880,8,3,49,3,273,21,30
1881,8,3,50,6,279,50,60
1882,8,3,51,8,287,78,80
1883,8,3,52,3,290,31,30
1884,8,3,53,8,298,0,80
1885,8,3,54,4,302,115,40
1886,8,3,55,2,304,14,20
1887,8,3,56,3,307,29,30
1888,8,3,57,2,309,28,20
1889,8,3,58,7,316,80,70
1890,8,3,59,2,318,19,20
1891,8,3,60,5,323,47,50
1892,8,3,61,6,329,64,60
1893,8,3,62,4,333,30,40
1894,8,3,63,2,335,23,20
1895,8,3,64,2,337,0,20
1896,8,3,65,7,344,86,70
1897,8,3,66,4,348,52,40
1898,8,3,67,2,350,20,20
1899,8,3,68,9,359,84,90
1900,8,3,69,5,364,45,50
1901,8,3,70,9,373,89,90
1902,8,3,71,2,375,16,20
1903,8,3,72,5,380,62,50
1904,8,3,73,2,382,17,20
1905,8,3,74,9,391,88,90
1906,8,3,75,6,397,55,60
1907,8,3,76,8,405,86,80
1908,8,3,77,9,414,101,90
1909,8,3,78,5,419,59,50
1910,8,3,79,3,422,22,30
1911,8,3,80,8,430,91,80
1912,8,3,81,2,432,12,20
1913,8,3,82,3,435,30,30
1914,8,3,83,6,441,59,60
1915,8,3,84,6,447,64,60
1916,8,3,85,4,451,42,40
1917,8,3,86,7,458,0,70
1918,8,3,87,4,462,117,40
1919,8,3,88,9,471,79,90
1920,8,3,89,7,478,69,70
1921,8,3,90,7,485,66,70
1922,8,3,91,6,491,53,60
1923,8,3,92,3,494,27,30
1924,8,3,93,2,496,23,20
1925,8,3,94,9,505,84,90
1926,8,3,95,3,508,22,30
1927,8,3,96,6,514,63,60
1928,8,3,97,5,519,42,50
1929,8,3,98,3,522,31,30
1930,8,3,99,6,528,65,60
1931,8,3,100,7,535,70,70
1932,8,3,101,4,539,38,40
1933,8,3,102,6,545,58,60
1934,8,3,103,5,550,60,50
1935,8,3,104,6,556,52,60
1936,8,3,105,2,558,21,20
1937,8,3,106,4,562,46,40
1938,8,3,107,6,568,69,60
1939,8,3,108,3,571,32,30
1940,8,3,109,7,578,83,70
1941,8,3,110,2,580,20,20
1942,8,3,111,4,584,35,40
1943,8,3,112,9,593,0,90
1944,8,3,113,4,597,118,40
1945,8,3,114,3,600,38,30
1946,8,3,115,4,604,39,40
1947,8,3,116,4,608,40,40
1948,8,3,117,9,617,105,90
1949,8,3,118,8,625,73,80
1950,8,3,119,3,628,31,30
1951,8,3,120,4,632,54,40
1952,8,3,121,6,638,0,60
1953,8,3,122,6,644,111,60
1954,8,3,123,9,653,99,90
1955,8,3,124,6,659,67,60
1956,8,3,125,5,664,51,50
1957,8,3,126,3,667,27,30
1958,8,3,127,8,675,76,80
1959,8,3,128,7,682,59,70
1960,8,3,129,6,688,51,60
1961,8,3,130,8,696,85,80
1962,8,3,131,3,699,32,30
1963,8,3,132,7,706,65,70
1964,8,3,133,8,714,68,80
1965,8,3,134,5,719,46,50
1966,8,3,135,9,728,108,90
1967,8,3,136,2,730,19,20
1968,8,3,137,7,737,74,70
1969,8,3,138,2,739,27,20
1970,8,3,139,3,742,39,30
1971,8,3,140,2,744,20,20
1972,8,3,141,2,746,25,20
1973,8,3,142,8,754,0,80
1974,8,3,143,7,761,145,70
1975,8,3,144,8,769,74,80
1976,8,3,145,2,771,21,20
1977,8,3,146,9,780,101,90
1978,8,3,147,2,782,19,20
1979,8,3,148,7,789,62,70
1980,8,3,149,5,794,59,50
1981,8,3,150,2,796,21,20
1982,8,3,151,8,804,66,80
1983,8,3,152,8,812,83,80
1984,8,3,153,2,814,20,20
1985,8,3,154,7,821,58,70
1986,8,3,155,9,830,90,90
1987,8,3,156,2,832,17,20
1988,8,3,157,7,839,63,70
1989,8,3,158,7,846,77,70
1990,8,3,159,3,849,24,30
1991,8,3,160,6,855,59,60
1992,8,3,161,4,859,28,40
1993,8,3,162,9,868,83,90
1994,8,3,163,4,872,37,40
1995,8,3,164,4,876,39,40
1996,8,3,165,5,881,54,50
1997,8,3,166,5,886,45,50
1998,8,3,167,2,888,15,20
1999,8,3,168,6,894,46,60
2000,8,3,169,9,903,90,90
2001,8,3,170,3,906,34,30
2002,8,3,171,3,909,31,30
2003,8,3,172,2,911,15,20
2004,8,3,173,5,916,55,50
2005,8,3,174,8,924,89,80
2006,8,3,175,6,930,59,60
2007,8,3,176,9,939,76,90
2008,8,3,177,6,945,67,60
2009,8,3,178,8,953,80,80
2010,8,3,179,3,956,34,30
2011,8,3,180,4,960,32,40
2012,8,3,181,6,966,60,60
2013,8,3,182,6,972,53,60
2014,8,3,183,4,976,42,40
2015,8,3,184,5,981,58,50
2016,8,3,185,8,989,76,80
2017,8,3,186,4,993,38,40
2018,8,3,187,7,1000,79,70
2019,8,3,188,2,1002,17,20
2020,8,3,189,4,1006,38,40
2021,8,3,190,6,1012,70,60
2022,8,3,191,5,1017,61,50
2023,8,3,192,6,1023,75,60
2024,8,3,193,5,1028,62,50
2025,8,3,194,4,1032,0,40
2026,8,3,195,3,1035,74,30
2027,8,3,196,8,1043,83,80
2028,8,3,197,7,1050,0,70
2029,8,3,198,3,1053,101,30
2030,8,3,199,3,1056,32,30
2031,8,3,200,8,1064,94,80
2032,8,3,201,7,1071,65,70
2033,8,3,202,2,1073,22,20
2034,8,3,203,3,1076,31,30
2035,8,3,204,5,1081,45,50
2036,8,3,205,4,1085,35,40
2037,8,3,206,8,1093,85,80
2038,8,3,207,4,1097,41,40
2039,8,3,208,8,1105,0,80
2040,8,3,209,8,1113,160,80
2041,8,3,210,8,1121,84,80
2042,8,3,211,5,1126,44,50
2043,8,3,212,8,1134,83,80
2044,8,3,213,7,1141,82,70
2045,8,3,214,9,1150,93,90
2046,8,3,215,4,1154,39,40
2047,8,3,216,6,1160,59,60
2048,8,3,217,6,1166,52,60
2049,8,3,218,2,1168,0,20
2050,8,3,219,3,1171,48,30
2051,8,3,220,6,1177,58,60
2052,8,3,221,7,1184,58,70
2053,8,3,222,9,1193,80,90
2054,8,3,223,6,1199,0,60
2055,8,3,224,7,1206,136,70
2056,8,3,225,9,1215,86,90
2057,8,3,226,3,1218,30,30
2058,8,3,227,6,1224,62,60
2059,8,3,228,5,1229,53,50
2060,8,3,229,9,1238,85,90
2061,8,3,230,2,1240,17,20
2062,8,3,231,3,1243,40,30
2063,8,3,232,6,1249,67,60
2064,8,3,233,5,1254,60,50
2065,8,3,234,8,1262,91,80
2066,8,3,235,4,1266,40,40
2067,8,3,236,2,1268,19,20
2068,8,3,237,3,1271,44,30
2069,8,3,238,5,1276,62,50
2070,8,3,239,3,1279,28,30
2071,8,3,240,5,1284,55,50
2072,8,3,241,9,1293,0,90
2073,8,3,242,2,1295,109,20
2074,8,3,243,6,1301,64,60
2075,8,3,244,6,1307,57,60
2076,8,3,245,7,1314,58,70
2077,8,3,246,4,1318,50,40
2078,8,3,247,4,1322,36,40
2079,8,3,248,4,1326,35,40
2080,8,3,249,5,1331,43,50
2081,8,3,250,3,1334,33,30
2082,8,3,251,3,1337,33,30
2083,8,3,252,3,1340,15,30
2084,8,3,253,9,1349,104,90
2085,8,3,254,2,1351,22,20
2086,8,3,255,6,1357,68,60
2087,8,3,256,4,1361,40,40
2088,8,3,257,4,1365,48,40
2089,8,3,258,2,1367,25,20
2090,8,3,259,8,1375,63,80
2091,8,3,260,3,1378,28,30
2092,8,3,261,3,1381,32,30
2093,8,3,262,7,1388,0,70
2094,8,3,263,6,1394,121,60
2095,8,3,264,3,1397,26,30
2096,8,3,265,8,1405,90,80
2097,8,3,266,2,1407,0,20
2098,8,3,267,2,1409,40,20
2099,8,3,268,7,1416,76,70
2100,8,3,269,7,1423,65,70
2101,8,3,270,8,1431,88,80
2102,8,3,271,7,1438,67,70
2103,8,3,272,7,1445,0,70
2104,8,3,273,6,1451,130,60
2105,8,3,274,2,1453,19,20
2106,8,3,275,3,1456,30,30
2107,8,3,276,7,1463,68,70
2108,8,3,277,9,1472,101,90
2109,8,3,278,6,1478,58,60
2110,8,3,279,2,1480,16,20
2111,8,3,280,7,1487,82,70
2112,8,3,281,2,1489,29,20
2113,8,3,282,5,1494,76,50
2114,8,3,283,6,1500,0,60
2115,8,3,284,8,1508,152,80
2116,8,3,285,4,1512,46,40
2117,8,3,286,7,1519,0,70
2118,8,3,287,9,1528,153,90
2119,8,3,288,9,1537,91,90
2120,8,3,289,7,1544,68,70
2121,8,3,290,9,1553,94,90
2122,8,3,291,4,1557,53,40
2123,8,3,292,6,1563,66,60
2124,8,3,293,8,1571,85,80
2125,8,3,294,5,1576,57,50
2126,8,3,295,6,1582,61,60
2127,8,3,296,9,1591,78,90
2128,8,3,297,6,1597,60,60
2129,8,3,298,6,1603,49,60
2130,8,3,299,3,1606,25,30
2131,8,3,300,3,1609,27,30
2132,8,3,301,9,1618,82,90
2133,8,3,302,3,1621,33,30
2134,8,3,303,7,1628,69,70
2135,8,3,304,8,1636,78,80
2136,8,3,305,5,1641,44,50
2137,8,3,306,9,1650,78,90
2138,8,3,307,3,1653,28,30
2139,8,3,308,4,1657,43,40
2140,8,3,309,8,1665,85,80
2141,8,3,310,2,1667,25,20
2142,8,3,311,3,1670,30,30
2143,8,3,312,3,1673,0,30
2144,8,3,313,4,1677,79,40
2145,8,3,314,3,1680,37,30
2146,8,3,315,9,1689,91,90
2147,8,3,316,2,1691,19,20
2148,8,3,317,4,1695,47,40
2149,8,3,318,3,1698,31,30
2150,8,3,319,5,1703,57,50
2151,8,3,320,3,1706,32,30
2152,8,3,321,4,1710,52,40
2153,8,3,322,5,1715,48,50
2154,8,3,323,3,1718,0,30
2155,8,3,324,6,1724,109,60
2156,8,3,325,8,1732,67,80
2157,8,3,326,5,1737,45,50
2158,8,3,327,4,1741,43,40
2159,8,3,328,3,1744,24,30
2160,8,3,329,8,1752,74,80
2161,8,3,330,3,1755,30,30
2162,8,3,331,8,1763,76,80
2163,8,3,332,3,1766,39,30
2164,8,3,333,8,1774,90,80
2165,8,3,334,3,1777,27,30
2166,8,3,335,6,1783,64,60
2167,8,3,336,9,1792,117,90
2168,8,3,337,5,1797,54,50
2169,8,3,338,8,1805,90,80
2170,8,3,339,8,1813,71,80
2171,8,3,340,3,1816,25,30
2172,8,3,341,5,1821,59,50
2173,8,3,342,5,1826,47,50
2174,8,3,343,6,1832,47,60
2175,8,3,344,4,1836,33,40
2176,8,3,345,5,1841,47,50
2177,8,3,346,5,1846,50,50
2178,8,3,347,9,1855,84,90
2179,8,3,348,4,1859,46,40
2180,8,3,349,3,1862,36,30
2181,8,3,350,6,1868,76,60
2182,8,3,351,4,1872,58,40
2183,8,3,352,9,1881,85,90
2184,8,3,353,6,1887,65,60
2185,8,3,354,6,1893,60,60
2186,8,3,355,8,1901,60,80
2187,8,3,356,2,1903,0,20
2188,8,3,357,6,1909,74,60
2189,8,3,358,4,1913,46,40
2190,8,3,359,5,1918,46,50
2191,8,3,360,9,1927,73,90
2192,8,3,361,9,1936,80,90
2193,8,3,362,5,1941,39,50
2194,8,3,363,6,1947,62,60
2195,8,3,364,6,1953,60,60
2196,8,3,365,7,1960,77,70
2197,8,3,366,6,1966,58,60
2198,8,3,367,7,1973,73,70
2199,8,3,368,2,1975,23,20
2200,8,3,369,5,1980,47,50
2201,8,3,370,2,1982,15,20
2202,8,3,371,3,1985,0,30
2203,8,3,372,9,1994,122,90
2204,8,3,373,8,2002,79,80
2205,8,3,374,7,2009,58,70
2206,8,3,375,7,2016,89,70
2207,8,3,376,6,2022,46,60
2208,8,3,377,3,2025,41,30
2209,8,3,378,3,2028,22,30
2210,8,3,379,7,2035,76,70
2211,8,3,380,7,2042,0,70
2212,8,3,381,4,2046,116,40
2213,8,3,382,6,2052,58,60
2214,8,3,383,9,2061,92,90
2215,8,3,384,7,2068,74,70
2216,8,3,385,6,2074,53,60
2217,8,3,386,7,2081,0,70
2218,8,3,387,9,2090,170,90
2219,8,3,388,3,2093,36,30
2220,8,3,389,9,2102,108,90
2221,8,3,390,8,2110,77,80
2222,8,3,391,5,2115,45,50
2223,8,3,392,7,2122,69,70
2224,8,3,393,2,2124,13,20
2225,8,3,394,9,2133,84,90
2226,8,3,395,4,2137,37,40
2227,8,3,396,8,2145,80,80
2228,8,3,397,4,2149,36,40
2229,8,3,398,9,2158,77,90
2230,8,3,399,9,2167,86,90
2231,8,3,400,5,2172,54,50
2232,8,3,401,8,2180,101,80
2233,8,3,402,3,2183,36,30
2234,8,3,403,7,2190,75,70
2235,8,3,404,3,2193,35,30
2236,8,3,405,6,2199,58,60
2237,8,3,406,9,2208,97,90
2238,8,3,407,3,2211,30,30
2239,8,3,408,7,2218,76,70
2240,8,3,409,6,2224,61,60
2241,8,3,410,2,2226,21,20
2242,8,3,411,3,2229,33,30
2243,8,3,412,4,2233,40,40
2244,8,3,413,9,2242,94,90
2245,8,3,414,8,2250,0,80
2246,8,3,415,8,2258,148,80
2247,8,3,416,6,2264,63,60
2248,8,3,417,3,2267,26,30
2249,8,3,418,6,2273,69,60
2250,8,3,419,8,2281,59,80
2251,8,3,420,5,2286,49,50
2252,8,3,421,3,2289,33,30
2253,8,3,422,9,2298,77,90
2254,8,3,423,5,2303,44,50
2255,8,3,424,3,2306,31,30
2256,8,3,425,2,2308,15,20
2257,8,3,426,5,2313,53,50
2258,8,3,427,5,2318,56,50
2259,8,3,428,6,2324,64,60
2260,8,3,429,9,2333,95,90
2261,8,3,430,7,2340,64,70
2262,8,3,431,6,2346,52,60
2263,8,3,432,6,2352,55,60
2264,8,3,433,4,2356,0,40
2265,8,3,434,9,2365,104,90
2266,8,3,435,3,2368,20,30
2267,8,3,436,9,2377,90,90
2268,8,3,437,3,2380,30,30
2269,8,3,438,9,2389,0,90
2270,8,3,439,4,2393,129,40
2271,8,3,440,4,2397,44,40
2272,8,3,441,3,2400,31,30
2273,8,3,442,7,2407,86,70
2274,8,3,443,7,2414,62,70
2275,8,3,444,5,2419,55,50
2276,8,3,445,7,2426,76,70
2277,8,3,446,4,2430,34,40
2278,8,3,447,2,2432,20,20
2279,8,3,448,7,2439,71,70
2280,8,3,449,3,2442,27,30
2281,8,3,450,4,2446,38,40
2282,8,3,451,2,2448,23,20
2283,8,3,452,8,2456,82,80
2284,8,3,453,5,2461,48,50
2285,8,3,454,2,2463,21,20
2286,8,3,455,9,2472,101,90
2287,8,3,456,8,2480,81,80
2288,8,3,457,5,2485,41,50
2289,8,3,458,8,2493,72,80
2290,8,3,459,4,2497,46,40
2291,8,3,460,2,2499,14,20
2292,8,3,461,2,2501,26,20
2293,8,3,462,2,2503,17,20
2294,8,3,463,6,2509,58,60
2295,8,3,464,7,2516,73,70
2296,8,3,465,8,2524,75,80
2297,8,3,466,9,2533,92,90
2298,8,3,467,3,2536,27,30
2299,8,3,468,4,2540,43,40
2300,8,3,469,6,2546,71,60
2301,8,3,470,4,2550,44,40
2302,8,3,471,4,2554,33,40
2303,8,3,472,3,2557,35,30
2304,8,3,473,9,2566,89,90
2305,8,3,474,7,2573,68,70
2306,8,3,475,2,2575,23,20
2307,8,3,476,7,2582,63,70
2308,8,3,477,2,2584,19,20
2309,8,3,478,8,2592,97,80
2310,8,3,479,8,2600,66,80
2311,8,3,480,6,2606,66,60
2312,8,3,481,8,2614,72,80
2313,8,3,482,7,2621,62,70
2314,8,3,483,8,2629,78,80
2315,8,3,484,5,2634,43,50
2316,8,3,485,3,2637,25,30
2317,8,3,486,7,2644,69,70
2318,8,3,487,8,2652,88,80
2319,8,3,488,4,2656,41,40
2320,8,3,489,8,2664,92,80
2321,8,3,490,7,2671,61,70
2322,8,3,491,7,2678,67,70
2323,8,3,492,3,2681,33,30
2324,8,3,493,3,2684,33,30
2325,8,3,494,6,2690,60,60
2326,8,3,495,9,2699,97,90
2327,8,3,496,7,2706,75,70
2328,8,3,497,3,2709,0,30
2329,8,3,498,5,2714,70,50
2330,8,3,499,5,2719,53,50
2331,8,3,500,2,2721,22,20
2332,8,3,501,8,2729,93,80
2333,8,3,502,3,2732,0,30
2334,8,3,503,6,2738,71,60
2335,8,3,504,6,2744,47,60
2336,8,3,505,3,2747,38,30
2337,8,3,506,2,2749,16,20
2338,8,3,507,3,2752,31,30
2339,8,3,508,6,2758,65,60
2340,8,3,509,7,2765,58,70
2341,8,3,510,6,2771,60,60
2342,8,3,511,2,2773,14,20
2343,8,3,512,4,2777,0,40
2344,8,3,513,9,2786,131,90
2345,8,3,514,8,2794,79,80
2346,8,3,515,2,2796,25,20
2347,8,3,516,2,2798,29,20
2348,8,3,517,6,2804,63,60
2349,8,3,518,4,2808,30,40
2350,8,3,519,6,2814,55,60
2351,8,3,520,5,2819,51,50
2352,8,3,521,9,2828,71,90
2353,8,3,522,8,2836,93,80
2354,8,3,523,6,2842,56,60
2355,8,3,524,4,2846,52,40
2356,8,3,525,4,2850,49,40
2357,8,3,526,4,2854,27,40
2358,8,3,527,9,2863,98,90
2359,8,3,528,3,2866,34,30
2360,8,3,529,8,2874,71,80
2361,8,3,530,2,2876,24,20
2362,8,3,531,6,2882,0,60
2363,8,3,532,8,2890,136,80
2364,8,3,533,9,2899,94,90
2365,8,3,534,6,2905,0,60
2366,8,3,535,6,2911,111,60
2367,8,3,536,3,2914,0,30
2368,8,3,537,7,2921,114,70
2369,8,3,538,5,2926,57,50
2370,8,3,539,9,2935,97,90
2371,8,3,540,7,2942,69,70
2372,8,3,541,6,2948,64,60
2373,8,3,542,7,2955,60,70
2374,8,3,543,2,2957,19,20
2375,8,3,544,8,2965,78,80
2376,8,3,545,3,2968,29,30
2377,8,3,546,2,2970,30,20
2378,8,3,547,6,2976,72,60
2379,8,3,548,6,2982,71,60
2380,8,3,549,6,2988,59,60
2381,8,3,550,2,2990,18,20
2382,8,3,551,5,2995,63,50
2383,8,3,552,4,2999,36,40
2384,8,3,553,8,3007,69,80
2385,8,3,554,9,3016,91,90
2386,8,3,555,5,3021,42,50
2387,8,3,556,6,3027,65,60
2388,8,3,557,4,3031,32,40
2389,8,3,558,5,3036,50,50
2390,8,3,559,4,3040,26,40
2391,8,3,560,3,3043,26,30
2392,8,3,561,8,3051,0,80
2393,8,3,562,5,3056,133,50
2394,8,3,563,9,3065,83,90
2395,8,3,564,4,3069,34,40
2396,8,3,565,3,3072,35,30
2397,8,3,566,4,3076,41,40
2398,8,3,567,3,3079,17,30
2399,8,3,568,5,3084,58,50
2400,8,3,569,7,3091,89,70
2401,8,3,570,3,3094,29,30
2402,8,3,571,2,3096,19,20
2403,8,3,572,3,3099,29,30
2404,8,3,573,4,3103,31,40
2405,8,3,574,5,3108,55,50
2406,8,3,575,6,3114,56,60
2407,8,3,576,9,3123,100,90
2408,8,3,577,5,3128,56,50
2409,8,3,578,6,3134,63,60
2410,8,3,579,4,3138,35,40
2411,8,3,580,8,3146,76,80
2412,8,3,581,7,3153,70,70
2413,8,3,582,9,3162,116,90
2414,8,3,583,5,3167,51,50
2415,8,3,584,6,3173,73,60
2416,8,3,585,3,3176,26,30
2417,8,3,586,3,3179,32,30
2418,8,3,587,2,3181,18,20
2419,8,3,588,9,3190,100,90
2420,8,3,589,8,3198,104,80
2421,8,3,590,8,3206,77,80
2422,8,3,591,2,3208,17,20
2423,8,3,592,7,3215,70,70
2424,8,3,593,4,3219,36,40
2425,8,3,594,6,3225,50,60
2426,8,3,595,9,3234,85,90
2427,8,3,596,6,3240,57,60
2428,8,3,597,8,3248,82,80
2429,8,3,598,5,3253,61,50
2430,8,3,599,7,3260,72,70
2431,8,3,600,3,3263,22,30
2432,8,3,601,8,3271,82,80
2433,8,3,602,8,3279,92,80
2434,8,3,603,2,3281,22,20
2435,8,3,604,4,3285,0,40
2436,8,3,605,8,3293,111,80
2437,8,3,606,4,3297,38,40
2438,8,3,607,8,3305,80,80
2439,8,3,608,2,3307,20,20
2440,8,3,609,4,3311,38,40
2441,8,3,610,6,3317,0,60
2442,8,3,611,2,3319,73,20
2443,8,3,612,9,3328,62,90
2444,8,3,613,5,3333,50,50
2445,8,3,614,8,3341,87,80
2446,8,3,615,8,3349,75,80
2447,8,3,616,7,3356,64,70
2448,8,3,617,6,3362,55,60
2449,8,3,618,2,3364,17,20
2450,8,3,619,8,3372,72,80
2451,8,3,620,5,3377,58,50
2452,8,3,621,7,3384,66,70
2453,8,3,622,4,3388,38,40
2454,8,3,623,9,3397,92,90
2455,8,3,624,2,3399,14,20
2456,8,3,625,6,3405,56,60
2457,8,3,626,4,3409,52,40
2458,8,3,627,6,3415,55,60
2459,8,3,628,7,3422,65,70
2460,8,3,629,8,3430,76,80
2461,8,3,630,9,3439,80,90
2462,8,3,631,7,3446,90,70
2463,8,3,632,9,3455,100,90
2464,8,3,633,4,3459,48,40
2465,8,3,634,4,3463,45,40
2466,8,3,635,4,3467,35,40
2467,8,3,636,6,3473,73,60
2468,8,3,637,3,3476,38,30
2469,8,3,638,4,3480,42,40
2470,8,3,639,8,3488,67,80
2471,8,3,640,9,3497,0,90
2472,8,3,641,3,3500,141,30
2473,8,3,642,4,3504,56,40
2474,8,3,643,2,3506,18,20
2475,8,3,644,2,3508,21,20
2476,8,3,645,4,3512,0,40
2477,8,3,646,3,3515,79,30
2478,8,3,647,6,3521,51,60
2479,8,3,648,9,3530,98,90
2480,8,3,649,9,3539,82,90
2481,8,3,650,2,3541,22,20
2482,8,3,651,5,3546,44,50
2483,8,3,652,8,3554,86,80
2484,8,3,653,2,3556,20,20
2485,8,3,654,9,3565,101,90
2486,8,3,655,8,3573,80,80
2487,8,3,656,7,3580,80,70
2488,8,3,657,2,3582,25,20
2489,8,3,658,3,3585,30,30
2490,8,3,659,7,3592,81,70
2491,8,3,660,3,3595,31,30
2492,8,3,661,6,3601,51,60
2493,8,3,662,3,3604,28,30
2494,8,3,663,5,3609,58,50
2495,8,3,664,9,3618,84,90
2496,8,3,665,2,3620,18,20
2497,8,3,666,4,3624,0,40
2498,8,3,667,6,3630,105,60
2499,8,3,668,6,3636,62,60
2500,8,3,669,5,3641,56,50
2501,8,3,670,3,3644,35,30
2502,8,3,671,9,3653,97,90
2503,8,3,672,8,3661,72,80
2504,8,3,673,8,3669,66,80
2505,8,3,674,5,3674,52,50
2506,8,3,675,3,3677,21,30
2507,8,3,676,8,3685,97,80
2508,8,3,677,9,3694,78,90
2509,8,3,678,7,3701,84,70
2510,8,3,679,5,3706,53,50
2511,8,3,680,3,3709,29,30
2512,8,3,681,7,3716,57,70
2513,8,3,682,4,3720,40,40
2514,8,3,683,7,3727,63,70
2515,8,3,684,9,3736,104,90
2516,8,3,685,6,3742,65,60
2517,8,3,686,2,3744,19,20
2518,8,3,687,4,3748,0,40
2519,8,3,688,7,3755,102,70
2520,8,3,689,3,3758,30,30
2521,8,3,690,5,3763,54,50
2522,8,3,691,5,3768,44,50
2523,8,3,692,4,3772,35,40
2524,8,3,693,3,3775,39,30
2525,8,3,694,9,3784,77,90
2526,8,3,695,4,3788,39,40
2527,8,3,696,3,3791,26,30
2528,8,3,697,2,3793,17,20
2529,8,3,698,5,3798,43,50
2530,8,3,699,6,3804,50,60
2531,8,3,700,9,3813,87,90
2532,8,3,701,3,3816,30,30
2533,8,3,702,6,3822,54,60
2534,8,3,703,3,3825,36,30
2535,8,3,704,3,3828,22,30
2536,8,3,705,4,3832,44,40
2537,8,3,706,6,3838,58,60
2538,8,3,707,9,3847,88,90
2539,8,3,708,5,3852,55,50
2540,8,3,709,9,3861,95,90
2541,8,3,710,2,3863,26,20
2542,8,3,711,8,3871,69,80
2543,8,3,712,9,3880,94,90
2544,8,3,713,2,3882,21,20
2545,8,3,714,6,3888,56,60
2546,8,3,715,9,3897,100,90
2547,8,3,716,8,3905,77,80
2548,8,3,717,3,3908,26,30
2549,8,3,718,7,3915,67,70
2550,8,3,719,5,3920,44,50
2551,8,3,720,6,3926,65,60
2552,8,3,721,8,3934,82,80
2553,8,3,722,9,3943,98,90
2554,8,3,723,5,3948,57,50
2555,8,3,724,8,3956,81,80
2556,8,3,725,6,3962,57,60
2557,8,3,726,6,3968,67,60
2558,8,3,727,8,3976,77,80
2559,8,3,728,2,3978,16,20
2560,8,3,729,9,3987,87,90
2561,8,3,730,7,3994,70,70
2562,8,3,731,6,4000,41,60
2563,8,3,732,7,4007,69,70
2564,8,3,733,3,4010,34,30
2565,8,3,734,4,4014,43,40
2566,8,3,735,5,4019,0,50
2567,8,3,736,4,4023,84,40
2568,8,3,737,6,4029,57,60
2569,8,3,738,7,4036,73,70
2570,8,3,739,9,4045,89,90
2571,8,3,740,7,4052,68,70
2572,8,3,741,9,4061,100,90
2573,8,3,742,5,4066,49,50
2574,8,3,743,5,4071,58,50
2575,8,3,744,3,4074,25,30
2576,8,3,745,5,4079,43,50
2577,8,3,746,3,4082,30,30
2578,8,3,747,4,4086,44,40
2579,8,3,748,9,4095,99,90
2580,8,3,749,8,4103,0,80
2581,8,3,750,7,4110,139,70
2582,8,3,751,5,4115,46,50
2583,8,3,752,3,4118,30,30
2584,8,3,753,4,4122,33,40
2585,8,3,754,8,4130,82,80
2586,8,3,755,8,4138,75,80
2587,8,3,756,5,4143,48,50
2588,8,3,757,7,4150,71,70
2589,8,3,758,5,4155,52,50
2590,8,3,759,3,4158,28,30
2591,8,3,760,5,4163,43,50
2592,8,3,761,9,4172,110,90
2593,8,3,762,5,4177,54,50
2594,8,3,763,5,4182,52,50
2595,8,3,764,9,4191,95,90
2596,8,3,765,3,4194,36,30
2597,8,3,766,2,4196,23,20
2598,8,3,767,2,4198,19,20
2599,8,3,768,9,4207,104,90
2600,8,3,769,5,4212,54,50
2601,8,3,770,7,4219,65,70
2602,8,3,771,7,4226,54,70
2603,8,3,772,3,4229,35,30
2604,8,3,773,4,4233,50,40
2605,8,3,774,9,4242,100,90
2606,8,3,775,7,4249,72,70
2607,8,3,776,9,4258,0,90
2608,8,3,777,9,4267,209,90
2609,8,3,778,6,4273,0,60
2610,8,3,779,7,4280,129,70
2611,8,3,780,7,4287,70,70
2612,8,3,781,7,4294,52,70
2613,8,3,782,4,4298,29,40
2614,8,3,783,4,4302,37,40
2615,8,3,784,3,4305,24,30
2616,8,3,785,8,4313,69,80
2617,8,3,786,8,4321,74,80
2618,8,3,787,2,4323,16,20
2619,8,3,788,3,4326,24,30
2620,8,3,789,2,4328,23,20
2621,8,3,790,9,4337,96,90
2622,8,3,791,4,4341,41,40
2623,8,3,792,6,4347,55,60
2624,8,3,793,7,4354,74,70
2625,8,3,794,6,4360,50,60
2626,8,3,795,3,4363,35,30
2627,8,3,796,2,4365,19,20
2628,8,3,797,4,4369,32,40
2629,8,3,798,2,4371,24,20
2630,8,3,799,6,4377,57,60
2631,8,3,800,7,4384,83,70
2632,8,3,801,8,4392,67,80
2633,8,3,802,5,4397,38,50
2634,8,3,803,5,4402,64,50
2635,8,3,804,6,4408,52,60
2636,8,3,805,3,4411,28,30
2637,8,3,806,5,4416,42,50
2638,8,3,807,4,4420,39,40
2639,8,3,808,7,4427,68,70
2640,8,3,809,6,4433,63,60
2641,8,3,810,8,4441,68,80
2642,8,3,811,3,4444,26,30
2643,8,3,812,2,4446,31,20
2644,8,3,813,2,4448,18,20
2645,8,3,814,7,4455,88,70
2646,8,3,815,7,4462,71,70
2647,8,3,816,4,4466,0,40
2648,8,3,817,4,4470,93,40
2649,8,3,818,8,4478,71,80
2650,8,3,819,4,4482,30,40
2651,8,3,820,8,4490,84,80
2652,8,3,821,9,4499,82,90
2653,8,3,822,7,4506,77,70
2654,8,3,823,2,4508,21,20
2655,8,3,824,9,4517,73,90
2656,8,3,825,5,4522,53,50
2657,8,3,826,3,4525,36,30
2658,8,3,827,5,4530,0,50
2659,8,3,828,4,4534,98,40
2660,8,3,829,5,4539,50,50
2661,8,3,830,5,4544,56,50
2662,8,3,831,9,4553,90,90
2663,8,3,832,7,4560,83,70
2664,8,3,833,5,4565,50,50
2665,8,3,834,6,4571,62,60
2666,8,3,835,4,4575,39,40
2667,8,3,836,5,4580,51,50
2668,8,3,837,3,4583,32,30
2669,8,3,838,8,4591,86,80
2670,8,3,839,6,4597,69,60
2671,8,3,840,6,4603,71,60
2672,8,3,841,4,4607,35,40
2673,8,3,842,6,4613,64,60
2674,8,3,843,3,4616,24,30
2675,8,3,844,4,4620,34,40
2676,8,3,845,8,4628,95,80
2677,8,3,846,6,4634,0,60
2678,8,3,847,7,4641,133,70
2679,8,3,848,9,4650,89,90
2680,8,3,849,7,4657,79,70
2681,8,3,850,4,4661,44,40
2682,8,3,851,9,4670,96,90
2683,8,3,852,8,4678,89,80
2684,8,3,853,5,4683,0,50
2685,8,3,854,7,4690,135,70
2686,8,3,855,4,4694,43,40
2687,8,3,856,5,4699,54,50
2688,8,3,857,3,4702,31,30
2689,8,3,858,6,4708,73,60
2690,8,3,859,8,4716,71,80
2691,8,3,860,4,4720,40,40
2692,8,3,861,8,4728,71,80
2693,8,3,862,5,4733,39,50
2694,8,3,863,6,4739,58,60
2695,8,3,864,9,4748,85,90
2696,8,3,865,5,4753,42,50
2697,8,3,866,4,4757,37,40
2698,8,3,867,3,4760,33,30
2699,8,3,868,8,4768,82,80
2700,8,3,869,3,4771,40,30
2701,8,3,870,7,4778,63,70
2702,8,3,871,2,4780,16,20
2703,8,3,872,6,4786,54,60
2704,8,3,873,7,4793,73,70
2705,8,3,874,4,4797,32,40
2706,8,3,875,7,4804,66,70
2707,8,3,876,6,4810,57,60
2708,8,3,877,3,4813,35,30
2709,8,3,878,3,4816,31,30
2710,8,3,879,4,4820,48,40
2711,8,3,880,9,4829,0,90
2712,8,3,881,2,4831,106,20
2713,8,3,882,7,4838,69,70
2714,8,3,883,8,4846,83,80
2715,8,3,884,2,4848,22,20
2716,8,3,885,3,4851,23,30
2717,8,3,886,3,4854,20,30
2718,8,3,887,7,4861,63,70
2719,8,3,888,2,4863,16,20
2720,8,3,889,3,4866,0,30
2721,8,3,890,6,4872,98,60
2722,8,3,891,2,4874,18,20
2723,8,3,892,9,4883,105,90
2724,8,3,893,7,4890,66,70
2725,8,3,894,7,4897,92,70
2726,8,3,895,6,4903,62,60
2727,8,3,896,3,4906,29,30
2728,8,3,897,8,4914,75,80
2729,8,3,898,5,4919,41,50
2730,8,3,899,3,4922,25,30
2731,8,3,900,3,4925,26,30
2732,8,3,901,9,4934,0,90
2733,8,3,902,5,4939,138,50
2734,8,3,903,3,4942,25,30
2735,8,3,904,8,4950,85,80
2736,8,3,905,7,4957,86,70
2737,8,3,906,6,4963,47,60
2738,8,3,907,2,4965,23,20
2739,8,3,908,4,4969,42,40
2740,8,3,909,4,4973,40,40
2741,8,3,910,9,4982,92,90
2742,8,3,911,2,4984,20,20
2743,8,3,912,2,4986,15,20
2744,8,3,913,5,4991,57,50
2745,8,3,914,2,4993,17,20
2746,8,3,915,2,4995,28,20
