,Scenario,Trial,Inspection,Interval,Time,Defects,Rate
0,71,1,1,9,9,87,90
1,71,1,2,4,13,37,40
2,71,1,3,7,20,64,70
3,71,1,4,6,26,58,60
4,71,1,5,8,34,81,80
5,71,1,6,5,39,56,50
6,71,1,7,9,48,88,90
7,71,1,8,7,55,65,70
8,71,1,9,4,59,33,40
9,71,1,10,9,68,0,90
10,71,1,11,2,70,0,20
11,71,1,12,9,79,0,90
12,71,1,13,4,83,237,40
13,71,1,14,5,88,58,50
14,71,1,15,8,96,90,80
15,71,1,16,8,104,80,80
16,71,1,17,9,113,84,90
17,71,1,18,7,120,0,70
18,71,1,19,4,124,109,40
19,71,1,20,4,128,28,40
20,71,1,21,2,130,19,20
21,71,1,22,2,132,16,20
22,71,1,23,8,140,0,80
23,71,1,24,7,147,150,70
24,71,1,25,6,153,0,60
25,71,1,26,4,157,88,40
26,71,1,27,4,161,38,40
27,71,1,28,4,165,42,40
28,71,1,29,6,171,0,60
29,71,1,30,6,177,102,60
30,71,1,31,8,185,0,80
31,71,1,32,9,194,153,90
32,71,1,33,7,201,61,70
33,71,1,34,6,207,65,60
34,71,1,35,7,214,72,70
35,71,1,36,4,218,46,40
36,71,1,37,9,227,0,90
37,71,1,38,7,234,145,70
38,71,1,39,4,238,40,40
39,71,1,40,4,242,42,40
40,71,1,41,7,249,76,70
41,71,1,42,9,258,98,90
42,71,1,43,2,260,0,20
43,71,1,44,4,264,0,40
44,71,1,45,7,271,120,70
45,71,1,46,8,279,69,80
46,71,1,47,7,286,86,70
47,71,1,48,8,294,0,80
48,71,1,49,4,298,0,40
49,71,1,50,9,307,205,90
50,71,1,51,2,309,0,20
51,71,1,52,9,318,112,90
52,71,1,53,5,323,44,50
53,71,1,54,7,330,58,70
54,71,1,55,7,337,100,70
55,71,1,56,4,341,0,40
56,71,1,57,9,350,0,90
57,71,1,58,9,359,202,90
58,71,1,59,6,365,64,60
59,71,1,60,9,374,102,90
60,71,1,61,2,376,27,20
61,71,1,62,7,383,0,70
62,71,1,63,2,385,96,20
63,71,1,64,4,389,40,40
64,71,1,65,4,393,26,40
65,71,1,66,6,399,73,60
66,71,1,67,2,401,21,20
67,71,1,68,6,407,72,60
68,71,1,69,8,415,63,80
69,71,1,70,4,419,55,40
70,71,1,71,8,427,0,80
71,71,1,72,2,429,104,20
72,71,1,73,2,431,17,20
73,71,1,74,8,439,74,80
74,71,1,75,9,448,101,90
75,71,1,76,7,455,62,70
76,71,1,77,6,461,60,60
77,71,1,78,4,465,0,40
78,71,1,79,2,467,53,20
79,71,1,80,8,475,79,80
80,71,1,81,6,481,59,60
81,71,1,82,8,489,82,80
82,71,1,83,2,491,0,20
83,71,1,84,5,496,77,50
84,71,1,85,7,503,70,70
85,71,1,86,5,508,51,50
86,71,1,87,3,511,29,30
87,71,1,88,8,519,92,80
88,71,1,89,3,522,29,30
89,71,1,90,7,529,62,70
90,71,1,91,9,538,95,90
91,71,1,92,7,545,74,70
92,71,1,93,9,554,81,90
93,71,1,94,3,557,34,30
94,71,1,95,5,562,43,50
95,71,1,96,2,564,13,20
96,71,1,97,8,572,0,80
97,71,1,98,6,578,0,60
98,71,1,99,9,587,0,90
99,71,1,100,7,594,318,70
100,71,1,101,7,601,70,70
101,71,1,102,5,606,0,50
102,71,1,103,9,615,147,90
103,71,1,104,7,622,0,70
104,71,1,105,8,630,152,80
105,71,1,106,9,639,91,90
106,71,1,107,9,648,95,90
107,71,1,108,2,650,21,20
108,71,1,109,6,656,0,60
109,71,1,110,6,662,0,60
110,71,1,111,9,671,221,90
111,71,1,112,9,680,0,90
112,71,1,113,5,685,142,50
113,71,1,114,8,693,79,80
114,71,1,115,2,695,31,20
115,71,1,116,9,704,104,90
116,71,1,117,7,711,0,70
117,71,1,118,7,718,147,70
118,71,1,119,6,724,69,60
119,71,1,120,7,731,66,70
120,71,1,121,4,735,36,40
121,71,1,122,3,738,34,30
122,71,1,123,3,741,40,30
123,71,1,124,4,745,42,40
124,71,1,125,8,753,70,80
125,71,1,126,3,756,35,30
126,71,1,127,4,760,39,40
127,71,1,128,7,767,0,70
128,71,1,129,7,774,0,70
129,71,1,130,3,777,160,30
130,71,1,131,2,779,16,20
131,71,1,132,7,786,78,70
132,71,1,133,6,792,53,60
133,71,1,134,9,801,95,90
134,71,1,135,3,804,0,30
135,71,1,136,7,811,110,70
136,71,1,137,5,816,44,50
137,71,1,138,7,823,74,70
138,71,1,139,6,829,0,60
139,71,1,140,4,833,114,40
140,71,1,141,7,840,59,70
141,71,1,142,8,848,80,80
142,71,1,143,5,853,59,50
143,71,1,144,7,860,88,70
144,71,1,145,3,863,37,30
145,71,1,146,6,869,64,60
146,71,1,147,6,875,72,60
147,71,1,148,7,882,68,70
148,71,1,149,9,891,84,90
149,71,1,150,8,899,76,80
150,71,1,151,4,903,38,40
151,71,1,152,5,908,0,50
152,71,1,153,7,915,136,70
153,71,1,154,8,923,111,80
154,71,1,155,5,928,59,50
155,71,1,156,7,935,69,70
156,71,1,157,4,939,45,40
157,71,1,158,6,945,0,60
158,71,1,159,6,951,120,60
159,71,1,160,5,956,0,50
160,71,1,161,4,960,112,40
161,71,1,162,8,968,73,80
162,71,1,163,5,973,54,50
163,71,1,164,7,980,82,70
164,71,1,165,8,988,82,80
165,71,1,166,3,991,41,30
166,71,1,167,3,994,27,30
167,71,1,168,9,1003,0,90
168,71,1,169,6,1009,161,60
169,71,1,170,2,1011,11,20
170,71,1,171,9,1020,95,90
171,71,1,172,2,1022,25,20
172,71,1,173,3,1025,28,30
173,71,1,174,8,1033,91,80
174,71,1,175,6,1039,0,60
175,71,1,176,4,1043,94,40
176,71,1,177,8,1051,72,80
177,71,1,178,3,1054,31,30
178,71,1,179,6,1060,58,60
179,71,1,180,5,1065,58,50
180,71,1,181,2,1067,0,20
181,71,1,182,8,1075,97,80
182,71,1,183,6,1081,43,60
183,71,1,184,2,1083,24,20
184,71,1,185,9,1092,0,90
185,71,1,186,3,1095,114,30
186,71,1,187,2,1097,0,20
187,71,1,188,4,1101,62,40
188,71,1,189,6,1107,66,60
189,71,1,190,9,1116,71,90
190,71,1,191,7,1123,77,70
191,71,1,192,2,1125,20,20
192,71,1,193,6,1131,62,60
193,71,1,194,6,1137,49,60
194,71,1,195,9,1146,109,90
195,71,1,196,7,1153,59,70
196,71,1,197,6,1159,52,60
197,71,1,198,9,1168,89,90
198,71,1,199,5,1173,0,50
199,71,1,200,4,1177,0,40
200,71,1,201,5,1182,148,50
201,71,1,202,4,1186,39,40
202,71,1,203,2,1188,0,20
203,71,1,204,7,1195,99,70
204,71,1,205,4,1199,35,40
205,71,1,206,5,1204,45,50
206,71,1,207,3,1207,24,30
207,71,1,208,4,1211,54,40
208,71,1,209,3,1214,33,30
209,71,1,210,9,1223,96,90
210,71,1,211,7,1230,68,70
211,71,1,212,3,1233,27,30
212,71,1,213,8,1241,87,80
213,71,1,214,3,1244,33,30
214,71,1,215,4,1248,46,40
215,71,1,216,3,1251,32,30
216,71,1,217,7,1258,0,70
217,71,1,218,4,1262,95,40
218,71,1,219,2,1264,18,20
219,71,1,220,9,1273,0,90
220,71,1,221,3,1276,135,30
221,71,1,222,8,1284,0,80
222,71,1,223,4,1288,136,40
223,71,1,224,3,1291,29,30
224,71,1,225,7,1298,0,70
225,71,1,226,4,1302,0,40
226,71,1,227,7,1309,0,70
227,71,1,228,2,1311,0,20
228,71,1,229,2,1313,211,20
229,71,1,230,7,1320,61,70
230,71,1,231,3,1323,24,30
231,71,1,232,7,1330,66,70
232,71,1,233,9,1339,96,90
233,71,1,234,9,1348,96,90
234,71,1,235,4,1352,43,40
235,71,1,236,9,1361,85,90
236,71,1,237,3,1364,32,30
237,71,1,238,7,1371,75,70
238,71,1,239,2,1373,21,20
239,71,1,240,2,1375,21,20
240,71,1,241,4,1379,0,40
241,71,1,242,8,1387,139,80
242,71,1,243,5,1392,0,50
243,71,1,244,9,1401,121,90
244,71,1,245,6,1407,67,60
245,71,1,246,9,1416,73,90
246,71,1,247,7,1423,0,70
247,71,1,248,2,1425,90,20
248,71,1,249,3,1428,27,30
249,71,1,250,4,1432,35,40
250,71,1,251,9,1441,81,90
251,71,1,252,9,1450,89,90
252,71,1,253,4,1454,40,40
253,71,1,254,8,1462,82,80
254,71,1,255,4,1466,46,40
255,71,1,256,7,1473,56,70
256,71,1,257,8,1481,89,80
257,71,1,258,5,1486,53,50
258,71,1,259,7,1493,70,70
259,71,1,260,2,1495,27,20
260,71,1,261,2,1497,0,20
261,71,1,262,7,1504,95,70
262,71,1,263,7,1511,72,70
263,71,1,264,3,1514,0,30
264,71,1,265,9,1523,0,90
265,71,1,266,2,1525,140,20
266,71,1,267,8,1533,84,80
267,71,1,268,6,1539,66,60
268,71,1,269,3,1542,0,30
269,71,1,270,5,1547,0,50
270,71,1,271,7,1554,128,70
271,71,1,272,9,1563,99,90
272,71,1,273,4,1567,0,40
273,71,1,274,9,1576,142,90
274,71,1,275,9,1585,92,90
275,71,1,276,3,1588,0,30
276,71,1,277,9,1597,98,90
277,71,1,278,9,1606,87,90
278,71,1,279,5,1611,40,50
279,71,1,280,7,1618,63,70
280,71,1,281,5,1623,60,50
281,71,1,282,4,1627,36,40
282,71,1,283,4,1631,41,40
283,71,1,284,2,1633,19,20
284,71,1,285,4,1637,36,40
285,71,1,286,5,1642,53,50
286,71,1,287,9,1651,97,90
287,71,1,288,9,1660,81,90
288,71,1,289,6,1666,63,60
289,71,1,290,2,1668,19,20
290,71,1,291,4,1672,46,40
291,71,1,292,6,1678,0,60
292,71,1,293,2,1680,82,20
293,71,1,294,3,1683,36,30
294,71,1,295,9,1692,89,90
295,71,1,296,3,1695,23,30
296,71,1,297,5,1700,0,50
297,71,1,298,6,1706,91,60
298,71,1,299,3,1709,30,30
299,71,1,300,7,1716,76,70
300,71,1,301,7,1723,59,70
301,71,1,302,4,1727,39,40
302,71,1,303,5,1732,38,50
303,71,1,304,5,1737,50,50
304,71,1,305,4,1741,34,40
305,71,1,306,2,1743,19,20
306,71,1,307,9,1752,99,90
307,71,1,308,5,1757,0,50
308,71,1,309,4,1761,88,40
309,71,1,310,9,1770,87,90
310,71,1,311,7,1777,77,70
311,71,1,312,9,1786,86,90
312,71,1,313,3,1789,28,30
313,71,1,314,9,1798,0,90
314,71,1,315,9,1807,160,90
315,71,1,316,3,1810,28,30
316,71,1,317,2,1812,21,20
317,71,1,318,3,1815,0,30
318,71,1,319,3,1818,69,30
319,71,1,320,9,1827,76,90
320,71,1,321,8,1835,65,80
321,71,1,322,9,1844,90,90
322,71,1,323,8,1852,85,80
323,71,1,324,9,1861,87,90
324,71,1,325,4,1865,40,40
325,71,1,326,3,1868,34,30
326,71,1,327,4,1872,0,40
327,71,1,328,6,1878,98,60
328,71,1,329,6,1884,0,60
329,71,1,330,7,1891,134,70
330,71,1,331,7,1898,66,70
331,71,1,332,6,1904,56,60
332,71,1,333,4,1908,50,40
333,71,1,334,4,1912,0,40
334,71,1,335,5,1917,69,50
335,71,1,336,2,1919,16,20
336,71,1,337,7,1926,72,70
337,71,1,338,5,1931,59,50
338,71,1,339,2,1933,0,20
339,71,1,340,3,1936,50,30
340,71,1,341,9,1945,85,90
341,71,1,342,9,1954,93,90
342,71,1,343,7,1961,70,70
343,71,1,344,4,1965,45,40
344,71,1,345,8,1973,76,80
345,71,1,346,7,1980,65,70
346,71,1,347,6,1986,57,60
347,71,1,348,4,1990,37,40
348,71,1,349,9,1999,91,90
349,71,1,350,5,2004,42,50
350,71,1,351,3,2007,30,30
351,71,1,352,9,2016,0,90
352,71,1,353,6,2022,0,60
353,71,1,354,2,2024,175,20
354,71,1,355,8,2032,74,80
355,71,1,356,5,2037,53,50
356,71,1,357,2,2039,34,20
357,71,1,358,2,2041,0,20
358,71,1,359,2,2043,39,20
359,71,1,360,7,2050,67,70
360,71,1,361,3,2053,32,30
361,71,1,362,5,2058,49,50
362,71,1,363,2,2060,0,20
363,71,1,364,4,2064,60,40
364,71,1,365,9,2073,87,90
365,71,1,366,3,2076,24,30
366,71,1,367,6,2082,55,60
367,71,1,368,8,2090,80,80
368,71,1,369,3,2093,28,30
369,71,1,370,3,2096,26,30
370,71,1,371,9,2105,92,90
371,71,1,372,4,2109,39,40
372,71,1,373,2,2111,16,20
373,71,1,374,9,2120,0,90
374,71,1,375,4,2124,137,40
375,71,1,376,4,2128,37,40
376,71,1,377,2,2130,18,20
377,71,1,378,4,2134,48,40
378,71,1,379,4,2138,0,40
379,71,1,380,6,2144,98,60
380,71,1,381,8,2152,83,80
381,71,1,382,2,2154,24,20
382,71,1,383,7,2161,64,70
383,71,1,384,7,2168,78,70
384,71,1,385,2,2170,19,20
385,71,1,386,7,2177,73,70
386,71,1,387,8,2185,70,80
387,71,1,388,5,2190,0,50
388,71,1,389,5,2195,105,50
389,71,1,390,8,2203,0,80
390,71,1,391,6,2209,149,60
391,71,1,392,9,2218,93,90
392,71,1,393,6,2224,59,60
393,71,1,394,3,2227,30,30
394,71,1,395,7,2234,71,70
395,71,1,396,7,2241,71,70
396,71,1,397,7,2248,72,70
397,71,1,398,9,2257,92,90
398,71,1,399,2,2259,0,20
399,71,1,400,5,2264,80,50
400,71,1,401,7,2271,87,70
401,71,1,402,2,2273,0,20
402,71,1,403,9,2282,100,90
403,71,1,404,2,2284,14,20
404,71,1,405,8,2292,84,80
405,71,1,406,5,2297,44,50
406,71,1,407,3,2300,29,30
407,71,1,408,7,2307,77,70
408,71,1,409,8,2315,89,80
409,71,1,410,9,2324,79,90
410,71,1,411,2,2326,17,20
411,71,1,412,5,2331,50,50
412,71,1,413,8,2339,73,80
413,71,1,414,5,2344,48,50
414,71,1,415,6,2350,0,60
415,71,1,416,4,2354,97,40
416,71,1,417,5,2359,54,50
417,71,1,418,5,2364,0,50
418,71,1,419,3,2367,78,30
419,71,1,420,8,2375,86,80
420,71,1,421,8,2383,76,80
421,71,1,422,9,2392,108,90
422,71,1,423,6,2398,51,60
423,71,1,424,6,2404,0,60
424,71,1,425,5,2409,108,50
425,71,1,426,4,2413,31,40
426,71,1,427,5,2418,45,50
427,71,1,428,8,2426,78,80
428,71,1,429,7,2433,60,70
429,71,1,430,4,2437,43,40
430,71,1,431,7,2444,79,70
431,71,1,432,2,2446,18,20
432,71,1,433,2,2448,27,20
433,71,1,434,9,2457,102,90
434,71,1,435,8,2465,77,80
435,71,1,436,6,2471,80,60
436,71,1,437,7,2478,80,70
437,71,1,438,9,2487,91,90
438,71,1,439,8,2495,74,80
439,71,1,440,3,2498,31,30
440,71,1,441,4,2502,43,40
441,71,1,442,8,2510,81,80
442,71,1,443,6,2516,56,60
443,71,1,444,3,2519,28,30
444,71,1,445,4,2523,42,40
445,71,1,446,3,2526,30,30
446,71,1,447,5,2531,41,50
447,71,1,448,5,2536,52,50
448,71,1,449,5,2541,57,50
449,71,1,450,8,2549,0,80
450,71,1,451,4,2553,0,40
451,71,1,452,8,2561,191,80
452,71,1,453,6,2567,70,60
453,71,1,454,6,2573,46,60
454,71,1,455,6,2579,57,60
455,71,1,456,5,2584,57,50
456,71,1,457,3,2587,0,30
457,71,1,458,4,2591,0,40
458,71,1,459,9,2600,159,90
459,71,1,460,7,2607,0,70
460,71,1,461,7,2614,0,70
461,71,1,462,9,2623,210,90
462,71,1,463,3,2626,31,30
463,71,1,464,4,2630,48,40
464,71,1,465,3,2633,0,30
465,71,1,466,2,2635,50,20
466,71,1,467,3,2638,25,30
467,71,1,468,2,2640,16,20
468,71,1,469,7,2647,68,70
469,71,1,470,6,2653,80,60
470,71,1,471,2,2655,26,20
471,71,1,472,2,2657,23,20
472,71,1,473,2,2659,19,20
473,71,1,474,6,2665,62,60
474,71,1,475,8,2673,73,80
475,71,1,476,8,2681,89,80
476,71,1,477,7,2688,0,70
477,71,1,478,3,2691,85,30
478,71,1,479,6,2697,73,60
479,71,1,480,3,2700,29,30
480,71,1,481,3,2703,0,30
481,71,1,482,6,2709,104,60
482,71,1,483,9,2718,0,90
483,71,1,484,2,2720,104,20
484,71,1,485,5,2725,50,50
485,71,1,486,2,2727,21,20
486,71,1,487,5,2732,53,50
487,71,1,488,7,2739,0,70
488,71,1,489,4,2743,105,40
489,71,1,490,4,2747,32,40
490,71,1,491,4,2751,36,40
491,71,1,492,8,2759,78,80
492,71,1,493,8,2767,0,80
493,71,1,494,4,2771,124,40
494,71,1,495,9,2780,97,90
495,71,1,496,2,2782,20,20
496,71,1,497,4,2786,35,40
497,71,1,498,7,2793,74,70
498,71,1,499,9,2802,0,90
499,71,1,500,2,2804,126,20
500,71,1,501,5,2809,47,50
501,71,1,502,8,2817,88,80
502,71,1,503,5,2822,0,50
503,71,1,504,9,2831,138,90
504,71,1,505,8,2839,68,80
505,71,1,506,8,2847,75,80
506,71,1,507,7,2854,75,70
507,71,1,508,4,2858,40,40
508,71,1,509,4,2862,0,40
509,71,1,510,2,2864,61,20
510,71,1,511,9,2873,81,90
511,71,1,512,7,2880,57,70
512,71,1,513,3,2883,32,30
513,71,1,514,5,2888,0,50
514,71,1,515,5,2893,90,50
515,71,1,516,9,2902,86,90
516,71,1,517,4,2906,0,40
517,71,1,518,9,2915,110,90
518,71,1,519,5,2920,45,50
519,71,1,520,4,2924,33,40
520,71,1,521,8,2932,0,80
521,71,1,522,2,2934,100,20
522,71,1,523,9,2943,93,90
523,71,1,524,3,2946,32,30
524,71,1,525,7,2953,65,70
525,71,1,526,2,2955,17,20
526,71,1,527,3,2958,34,30
527,71,1,528,7,2965,66,70
528,71,1,529,5,2970,45,50
529,71,1,530,2,2972,16,20
530,71,1,531,2,2974,0,20
531,71,1,532,8,2982,100,80
532,71,1,533,4,2986,0,40
533,71,1,534,4,2990,89,40
534,71,1,535,7,2997,72,70
535,71,1,536,3,3000,27,30
536,71,1,537,9,3009,0,90
537,71,1,538,7,3016,0,70
538,71,1,539,4,3020,206,40
539,71,1,540,7,3027,67,70
540,71,1,541,3,3030,0,30
541,71,1,542,3,3033,66,30
542,71,1,543,2,3035,24,20
543,71,1,544,8,3043,79,80
544,71,1,545,5,3048,47,50
545,71,1,546,3,3051,42,30
546,71,1,547,5,3056,64,50
547,71,1,548,6,3062,64,60
548,71,1,549,9,3071,85,90
549,71,1,550,6,3077,64,60
550,71,1,551,6,3083,51,60
551,71,1,552,2,3085,17,20
552,71,1,553,9,3094,92,90
553,71,1,554,8,3102,78,80
554,71,1,555,6,3108,67,60
555,71,1,556,4,3112,47,40
556,71,1,557,9,3121,85,90
557,71,1,558,7,3128,71,70
558,71,1,559,6,3134,53,60
559,71,1,560,3,3137,21,30
560,71,1,561,4,3141,33,40
561,71,1,562,6,3147,53,60
562,71,1,563,4,3151,0,40
563,71,1,564,8,3159,127,80
564,71,1,565,6,3165,53,60
565,71,1,566,5,3170,65,50
566,71,1,567,7,3177,76,70
567,71,1,568,9,3186,100,90
568,71,1,569,4,3190,0,40
569,71,1,570,2,3192,59,20
570,71,1,571,4,3196,41,40
571,71,1,572,6,3202,74,60
572,71,1,573,6,3208,54,60
573,71,1,574,4,3212,43,40
574,71,1,575,4,3216,38,40
575,71,1,576,3,3219,21,30
576,71,1,577,2,3221,23,20
577,71,1,578,8,3229,0,80
578,71,1,579,8,3237,161,80
579,71,1,580,3,3240,21,30
580,71,1,581,5,3245,57,50
581,71,1,582,5,3250,57,50
582,71,1,583,4,3254,0,40
583,71,1,584,2,3256,57,20
584,71,1,585,2,3258,17,20
585,71,1,586,4,3262,43,40
586,71,1,587,5,3267,57,50
587,71,1,588,5,3272,67,50
588,71,1,589,5,3277,38,50
589,71,1,590,3,3280,29,30
590,71,1,591,4,3284,0,40
591,71,1,592,3,3287,66,30
592,71,1,593,7,3294,60,70
593,71,1,594,8,3302,76,80
594,71,1,595,2,3304,20,20
595,71,1,596,7,3311,66,70
596,71,1,597,6,3317,64,60
597,71,1,598,3,3320,29,30
598,71,1,599,2,3322,0,20
599,71,1,600,4,3326,60,40
600,71,1,601,7,3333,73,70
601,71,1,602,3,3336,37,30
602,71,1,603,9,3345,109,90
603,71,1,604,3,3348,31,30
604,71,1,605,9,3357,83,90
605,71,1,606,3,3360,0,30
606,71,1,607,5,3365,88,50
607,71,1,608,4,3369,49,40
608,71,1,609,4,3373,33,40
609,71,1,610,5,3378,44,50
610,71,1,611,6,3384,53,60
611,71,1,612,9,3393,0,90
612,71,1,613,3,3396,0,30
613,71,1,614,6,3402,193,60
614,71,1,615,9,3411,86,90
615,71,1,616,9,3420,94,90
616,71,1,617,4,3424,43,40
617,71,1,618,4,3428,31,40
618,71,1,619,3,3431,36,30
619,71,1,620,6,3437,54,60
620,71,1,621,3,3440,31,30
621,71,1,622,5,3445,44,50
622,71,1,623,6,3451,60,60
623,71,1,624,4,3455,0,40
624,71,1,625,3,3458,64,30
625,71,1,626,5,3463,58,50
626,71,1,627,7,3470,79,70
627,71,1,628,3,3473,23,30
628,71,1,629,5,3478,49,50
629,71,1,630,2,3480,17,20
630,71,1,631,5,3485,42,50
631,71,1,632,6,3491,63,60
632,71,1,633,4,3495,38,40
633,71,1,634,9,3504,91,90
634,71,1,635,7,3511,74,70
635,71,1,636,2,3513,0,20
636,71,1,637,4,3517,58,40
637,71,1,638,4,3521,48,40
638,71,1,639,3,3524,24,30
639,71,1,640,8,3532,101,80
640,71,1,641,6,3538,60,60
641,71,1,642,3,3541,0,30
642,71,1,643,7,3548,102,70
643,71,1,644,7,3555,57,70
644,71,1,645,2,3557,22,20
645,71,1,646,4,3561,28,40
646,71,1,647,3,3564,25,30
647,71,1,648,6,3570,55,60
648,71,1,649,2,3572,0,20
649,71,1,650,7,3579,85,70
650,71,1,651,6,3585,62,60
651,71,1,652,5,3590,47,50
652,71,1,653,4,3594,38,40
653,71,1,654,8,3602,0,80
654,71,1,655,2,3604,112,20
655,71,1,656,9,3613,95,90
656,71,1,657,7,3620,52,70
657,71,1,658,9,3629,93,90
658,71,1,659,5,3634,63,50
659,71,1,660,8,3642,87,80
660,71,1,661,2,3644,31,20
661,71,1,662,9,3653,98,90
662,71,1,663,6,3659,75,60
663,71,1,664,4,3663,37,40
664,71,1,665,4,3667,44,40
665,71,1,666,3,3670,33,30
666,71,1,667,4,3674,36,40
667,71,1,668,3,3677,0,30
668,71,1,669,4,3681,72,40
669,71,1,670,6,3687,49,60
670,71,1,671,9,3696,91,90
671,71,1,672,4,3700,39,40
672,71,1,673,3,3703,34,30
673,71,1,674,3,3706,34,30
674,71,1,675,2,3708,0,20
675,71,1,676,7,3715,87,70
676,71,1,677,8,3723,99,80
677,71,1,678,2,3725,29,20
678,71,1,679,5,3730,53,50
679,71,1,680,5,3735,0,50
680,71,1,681,3,3738,79,30
681,71,1,682,3,3741,29,30
682,71,1,683,2,3743,16,20
683,71,1,684,9,3752,89,90
684,71,1,685,7,3759,0,70
685,71,1,686,2,3761,96,20
686,71,1,687,3,3764,22,30
687,71,1,688,4,3768,40,40
688,71,1,689,2,3770,21,20
689,71,1,690,3,3773,0,30
690,71,1,691,7,3780,99,70
691,71,1,692,3,3783,27,30
692,71,1,693,6,3789,57,60
693,71,1,694,7,3796,65,70
694,71,1,695,8,3804,83,80
695,71,1,696,7,3811,76,70
696,71,1,697,2,3813,0,20
697,71,1,698,7,3820,90,70
698,71,1,699,8,3828,0,80
699,71,1,700,6,3834,0,60
700,71,1,701,7,3841,203,70
701,71,1,702,8,3849,79,80
702,71,1,703,5,3854,61,50
703,71,1,704,4,3858,37,40
704,71,1,705,7,3865,86,70
705,71,1,706,9,3874,92,90
706,71,1,707,2,3876,18,20
707,71,1,708,7,3883,54,70
708,71,1,709,2,3885,25,20
709,71,1,710,5,3890,59,50
710,71,1,711,5,3895,50,50
711,71,1,712,3,3898,40,30
712,71,1,713,8,3906,0,80
713,71,1,714,7,3913,0,70
714,71,1,715,4,3917,159,40
715,71,1,716,8,3925,0,80
716,71,1,717,3,3928,0,30
717,71,1,718,6,3934,177,60
718,71,1,719,8,3942,65,80
719,71,1,720,7,3949,0,70
720,71,1,721,2,3951,83,20
721,71,1,722,8,3959,69,80
722,71,1,723,4,3963,39,40
723,71,1,724,2,3965,23,20
724,71,1,725,4,3969,0,40
725,71,1,726,2,3971,62,20
726,71,1,727,3,3974,26,30
727,71,1,728,5,3979,51,50
728,71,1,729,3,3982,33,30
729,71,1,730,8,3990,79,80
730,71,1,731,7,3997,86,70
731,71,1,732,8,4005,0,80
732,71,1,733,6,4011,0,60
733,71,1,734,4,4015,167,40
734,71,1,735,6,4021,67,60
735,71,1,736,3,4024,25,30
736,71,1,737,9,4033,84,90
737,71,1,738,2,4035,18,20
738,71,1,739,6,4041,0,60
739,71,1,740,2,4043,79,20
740,71,1,741,6,4049,0,60
741,71,1,742,7,4056,117,70
742,71,1,743,9,4065,87,90
743,71,1,744,6,4071,52,60
744,71,1,745,3,4074,24,30
745,71,1,746,4,4078,31,40
746,71,1,747,2,4080,22,20
747,71,1,748,5,4085,70,50
748,71,1,749,2,4087,13,20
749,71,1,750,2,4089,0,20
750,71,1,751,3,4092,40,30
751,71,1,752,2,4094,0,20
752,71,1,753,7,4101,94,70
753,71,1,754,2,4103,23,20
754,71,1,755,4,4107,34,40
755,71,1,756,4,4111,31,40
756,71,1,757,4,4115,33,40
757,71,1,758,4,4119,42,40
758,71,1,759,6,4125,51,60
759,71,1,760,4,4129,32,40
760,71,1,761,4,4133,0,40
761,71,1,762,6,4139,94,60
762,71,1,763,4,4143,32,40
763,71,1,764,3,4146,31,30
764,71,1,765,8,4154,0,80
765,71,1,766,7,4161,151,70
766,71,1,767,8,4169,99,80
767,71,1,768,6,4175,0,60
768,71,1,769,7,4182,123,70
769,71,1,770,8,4190,84,80
770,71,1,771,8,4198,86,80
771,71,1,772,6,4204,60,60
772,71,1,773,3,4207,28,30
773,71,1,774,7,4214,73,70
774,71,1,775,9,4223,97,90
775,71,1,776,3,4226,26,30
776,71,1,777,7,4233,65,70
777,71,1,778,8,4241,72,80
778,71,1,779,5,4246,47,50
779,71,1,780,9,4255,73,90
780,71,1,781,4,4259,34,40
781,71,1,782,3,4262,27,30
782,71,1,783,9,4271,86,90
783,71,1,784,5,4276,46,50
784,71,1,785,5,4281,54,50
785,71,1,786,4,4285,36,40
786,71,1,787,6,4291,56,60
787,71,1,788,5,4296,45,50
788,71,1,789,3,4299,0,30
789,71,1,790,3,4302,65,30
790,71,1,791,4,4306,28,40
791,71,1,792,9,4315,82,90
792,71,1,793,2,4317,12,20
793,71,1,794,9,4326,84,90
794,71,1,795,2,4328,21,20
795,71,1,796,4,4332,45,40
796,71,1,797,3,4335,29,30
797,71,1,798,8,4343,72,80
798,71,1,799,6,4349,0,60
799,71,1,800,4,4353,0,40
800,71,1,801,7,4360,163,70
801,71,1,802,7,4367,64,70
802,71,1,803,3,4370,0,30
803,71,1,804,5,4375,69,50
804,71,1,805,7,4382,0,70
805,71,1,806,2,4384,69,20
806,71,1,807,3,4387,33,30
807,71,1,808,7,4394,0,70
808,71,1,809,4,4398,107,40
809,71,1,810,8,4406,87,80
810,71,1,811,8,4414,73,80
811,71,1,812,9,4423,86,90
812,71,1,813,5,4428,0,50
813,71,1,814,7,4435,122,70
814,71,1,815,2,4437,21,20
815,71,1,816,7,4444,66,70
816,71,1,817,5,4449,0,50
817,71,1,818,3,4452,91,30
818,71,1,819,7,4459,77,70
819,71,1,820,5,4464,48,50
820,71,1,821,2,4466,16,20
821,71,1,822,7,4473,62,70
822,71,1,823,9,4482,79,90
823,71,1,824,3,4485,23,30
824,71,1,825,4,4489,43,40
825,71,1,826,9,4498,91,90
826,71,1,827,7,4505,0,70
827,71,1,828,2,4507,101,20
828,71,1,829,6,4513,0,60
829,71,1,830,8,4521,0,80
830,71,1,831,5,4526,161,50
831,71,1,832,2,4528,23,20
832,71,1,833,5,4533,0,50
833,71,1,834,7,4540,120,70
834,71,1,835,9,4549,0,90
835,71,1,836,2,4551,104,20
836,71,1,837,3,4554,31,30
837,71,1,838,4,4558,42,40
838,71,1,839,8,4566,76,80
839,71,1,840,5,4571,52,50
840,71,1,841,8,4579,0,80
841,71,1,842,6,4585,0,60
842,71,1,843,2,4587,153,20
843,71,1,844,4,4591,44,40
844,71,1,845,8,4599,0,80
845,71,1,846,7,4606,144,70
846,71,1,847,2,4608,25,20
847,71,1,848,3,4611,32,30
848,71,1,849,3,4614,32,30
849,71,1,850,5,4619,52,50
850,71,1,851,7,4626,64,70
851,71,1,852,3,4629,0,30
852,71,1,853,4,4633,72,40
853,71,1,854,9,4642,100,90
854,71,1,855,5,4647,50,50
855,71,1,856,6,4653,71,60
856,71,1,857,5,4658,44,50
857,71,1,858,9,4667,83,90
858,71,1,859,8,4675,61,80
859,71,1,860,6,4681,68,60
860,71,1,861,5,4686,49,50
861,71,1,862,2,4688,17,20
862,71,1,863,5,4693,48,50
863,71,1,864,4,4697,0,40
864,71,1,865,2,4699,0,20
865,71,1,866,9,4708,159,90
866,71,1,867,8,4716,78,80
867,71,1,868,6,4722,60,60
868,71,1,869,7,4729,73,70
869,71,1,870,8,4737,82,80
870,71,1,871,8,4745,88,80
871,71,1,872,7,4752,70,70
872,71,1,873,7,4759,77,70
873,71,1,874,7,4766,80,70
874,71,1,875,9,4775,98,90
875,71,1,876,4,4779,38,40
876,71,1,877,2,4781,11,20
877,71,1,878,6,4787,0,60
878,71,1,879,7,4794,125,70
879,71,1,880,5,4799,0,50
880,71,1,881,7,4806,0,70
881,71,1,882,6,4812,0,60
882,71,1,883,7,4819,276,70
883,71,1,884,4,4823,0,40
884,71,1,885,8,4831,0,80
885,71,1,886,5,4836,158,50
886,71,1,887,7,4843,82,70
887,71,1,888,4,4847,34,40
888,71,1,889,6,4853,52,60
889,71,1,890,5,4858,59,50
890,71,1,891,5,4863,0,50
891,71,1,892,7,4870,125,70
892,71,1,893,4,4874,51,40
893,71,1,894,8,4882,0,80
894,71,1,895,2,4884,97,20
895,71,1,896,8,4892,0,80
896,71,1,897,7,4899,161,70
897,71,1,898,9,4908,0,90
898,71,1,899,8,4916,168,80
899,71,1,900,7,4923,0,70
900,71,1,901,4,4927,80,40
901,71,1,902,7,4934,64,70
902,71,1,903,2,4936,13,20
903,71,1,904,6,4942,50,60
904,71,1,905,6,4948,82,60
905,71,1,906,8,4956,72,80
906,71,1,907,5,4961,53,50
907,71,1,908,8,4969,82,80
908,71,1,909,7,4976,54,70
909,71,1,910,5,4981,0,50
910,71,1,911,9,4990,141,90
911,71,1,912,8,4998,94,80
912,71,2,1,5,5,45,50
913,71,2,2,5,10,51,50
914,71,2,3,8,18,92,80
915,71,2,4,5,23,47,50
916,71,2,5,8,31,0,80
917,71,2,6,3,34,111,30
918,71,2,7,2,36,0,20
919,71,2,8,3,39,0,30
920,71,2,9,3,42,93,30
921,71,2,10,7,49,82,70
922,71,2,11,9,58,93,90
923,71,2,12,2,60,18,20
924,71,2,13,5,65,0,50
925,71,2,14,2,67,79,20
926,71,2,15,9,76,87,90
927,71,2,16,4,80,37,40
928,71,2,17,2,82,25,20
929,71,2,18,8,90,63,80
930,71,2,19,7,97,0,70
931,71,2,20,9,106,180,90
932,71,2,21,8,114,82,80
933,71,2,22,5,119,56,50
934,71,2,23,9,128,100,90
935,71,2,24,7,135,68,70
936,71,2,25,6,141,71,60
937,71,2,26,3,144,40,30
938,71,2,27,9,153,85,90
939,71,2,28,8,161,87,80
940,71,2,29,6,167,0,60
941,71,2,30,9,176,0,90
942,71,2,31,4,180,170,40
943,71,2,32,5,185,48,50
944,71,2,33,5,190,47,50
945,71,2,34,3,193,34,30
946,71,2,35,5,198,0,50
947,71,2,36,7,205,125,70
948,71,2,37,3,208,0,30
949,71,2,38,9,217,107,90
950,71,2,39,5,222,73,50
951,71,2,40,9,231,83,90
952,71,2,41,3,234,36,30
953,71,2,42,9,243,95,90
954,71,2,43,9,252,85,90
955,71,2,44,6,258,65,60
956,71,2,45,5,263,48,50
957,71,2,46,7,270,0,70
958,71,2,47,2,272,0,20
959,71,2,48,4,276,0,40
960,71,2,49,9,285,0,90
961,71,2,50,4,289,228,40
962,71,2,51,7,296,79,70
963,71,2,52,4,300,46,40
964,71,2,53,7,307,0,70
965,71,2,54,5,312,128,50
966,71,2,55,2,314,17,20
967,71,2,56,5,319,54,50
968,71,2,57,2,321,22,20
969,71,2,58,9,330,0,90
970,71,2,59,8,338,185,80
971,71,2,60,5,343,44,50
972,71,2,61,5,348,0,50
973,71,2,62,5,353,0,50
974,71,2,63,2,355,121,20
975,71,2,64,3,358,33,30
976,71,2,65,4,362,0,40
977,71,2,66,7,369,86,70
978,71,2,67,3,372,31,30
979,71,2,68,6,378,57,60
980,71,2,69,3,381,20,30
981,71,2,70,7,388,70,70
982,71,2,71,3,391,0,30
983,71,2,72,2,393,0,20
984,71,2,73,6,399,0,60
985,71,2,74,7,406,0,70
986,71,2,75,3,409,211,30
987,71,2,76,9,418,0,90
988,71,2,77,2,420,108,20
989,71,2,78,4,424,43,40
990,71,2,79,2,426,28,20
991,71,2,80,7,433,68,70
992,71,2,81,5,438,52,50
993,71,2,82,8,446,0,80
994,71,2,83,3,449,118,30
995,71,2,84,2,451,15,20
996,71,2,85,9,460,0,90
997,71,2,86,6,466,145,60
998,71,2,87,2,468,9,20
999,71,2,88,6,474,63,60
1000,71,2,89,4,478,40,40
1001,71,2,90,3,481,37,30
1002,71,2,91,7,488,0,70
1003,71,2,92,6,494,124,60
1004,71,2,93,6,500,58,60
1005,71,2,94,4,504,40,40
1006,71,2,95,9,513,101,90
1007,71,2,96,7,520,0,70
1008,71,2,97,8,528,157,80
1009,71,2,98,4,532,36,40
1010,71,2,99,7,539,0,70
1011,71,2,100,7,546,167,70
1012,71,2,101,3,549,35,30
1013,71,2,102,6,555,67,60
1014,71,2,103,2,557,14,20
1015,71,2,104,7,564,0,70
1016,71,2,105,4,568,116,40
1017,71,2,106,4,572,0,40
1018,71,2,107,2,574,67,20
1019,71,2,108,4,578,38,40
1020,71,2,109,8,586,79,80
1021,71,2,110,5,591,46,50
1022,71,2,111,7,598,56,70
1023,71,2,112,7,605,74,70
1024,71,2,113,8,613,0,80
1025,71,2,114,5,618,140,50
1026,71,2,115,3,621,27,30
1027,71,2,116,5,626,38,50
1028,71,2,117,5,631,0,50
1029,71,2,118,5,636,104,50
1030,71,2,119,6,642,56,60
1031,71,2,120,2,644,0,20
1032,71,2,121,6,650,64,60
1033,71,2,122,7,657,73,70
1034,71,2,123,5,662,0,50
1035,71,2,124,2,664,80,20
1036,71,2,125,6,670,47,60
1037,71,2,126,9,679,82,90
1038,71,2,127,2,681,29,20
1039,71,2,128,9,690,89,90
1040,71,2,129,4,694,47,40
1041,71,2,130,9,703,80,90
1042,71,2,131,4,707,43,40
1043,71,2,132,9,716,0,90
1044,71,2,133,6,722,151,60
1045,71,2,134,3,725,0,30
1046,71,2,135,6,731,0,60
1047,71,2,136,6,737,146,60
1048,71,2,137,5,742,62,50
1049,71,2,138,6,748,53,60
1050,71,2,139,7,755,74,70
1051,71,2,140,8,763,91,80
1052,71,2,141,4,767,36,40
1053,71,2,142,7,774,78,70
1054,71,2,143,2,776,0,20
1055,71,2,144,4,780,60,40
1056,71,2,145,5,785,0,50
1057,71,2,146,6,791,100,60
1058,71,2,147,7,798,0,70
1059,71,2,148,9,807,0,90
1060,71,2,149,4,811,159,40
1061,71,2,150,3,814,21,30
1062,71,2,151,6,820,57,60
1063,71,2,152,9,829,97,90
1064,71,2,153,3,832,26,30
1065,71,2,154,5,837,0,50
1066,71,2,155,3,840,0,30
1067,71,2,156,9,849,172,90
1068,71,2,157,8,857,79,80
1069,71,2,158,5,862,0,50
1070,71,2,159,6,868,103,60
1071,71,2,160,5,873,51,50
1072,71,2,161,3,876,28,30
1073,71,2,162,8,884,0,80
1074,71,2,163,7,891,181,70
1075,71,2,164,9,900,91,90
1076,71,2,165,4,904,0,40
1077,71,2,166,9,913,136,90
1078,71,2,167,3,916,20,30
1079,71,2,168,3,919,43,30
1080,71,2,169,6,925,76,60
1081,71,2,170,9,934,78,90
1082,71,2,171,9,943,0,90
1083,71,2,172,4,947,142,40
1084,71,2,173,2,949,19,20
1085,71,2,174,3,952,27,30
1086,71,2,175,2,954,19,20
1087,71,2,176,6,960,0,60
1088,71,2,177,8,968,136,80
1089,71,2,178,3,971,29,30
1090,71,2,179,3,974,32,30
1091,71,2,180,9,983,85,90
1092,71,2,181,9,992,0,90
1093,71,2,182,5,997,132,50
1094,71,2,183,8,1005,78,80
1095,71,2,184,5,1010,51,50
1096,71,2,185,9,1019,78,90
1097,71,2,186,4,1023,34,40
1098,71,2,187,2,1025,25,20
1099,71,2,188,8,1033,84,80
1100,71,2,189,6,1039,42,60
1101,71,2,190,9,1048,92,90
1102,71,2,191,6,1054,60,60
1103,71,2,192,9,1063,0,90
1104,71,2,193,3,1066,0,30
1105,71,2,194,5,1071,179,50
1106,71,2,195,8,1079,76,80
1107,71,2,196,5,1084,37,50
1108,71,2,197,9,1093,80,90
1109,71,2,198,2,1095,17,20
1110,71,2,199,7,1102,78,70
1111,71,2,200,6,1108,53,60
1112,71,2,201,3,1111,0,30
1113,71,2,202,9,1120,113,90
1114,71,2,203,8,1128,87,80
1115,71,2,204,3,1131,0,30
1116,71,2,205,8,1139,0,80
1117,71,2,206,2,1141,155,20
1118,71,2,207,7,1148,67,70
1119,71,2,208,4,1152,38,40
1120,71,2,209,9,1161,97,90
1121,71,2,210,8,1169,76,80
1122,71,2,211,8,1177,81,80
1123,71,2,212,7,1184,0,70
1124,71,2,213,6,1190,0,60
1125,71,2,214,9,1199,226,90
1126,71,2,215,4,1203,0,40
1127,71,2,216,6,1209,115,60
1128,71,2,217,7,1216,0,70
1129,71,2,218,2,1218,0,20
1130,71,2,219,2,1220,97,20
1131,71,2,220,5,1225,48,50
1132,71,2,221,9,1234,99,90
1133,71,2,222,7,1241,68,70
1134,71,2,223,7,1248,0,70
1135,71,2,224,2,1250,81,20
1136,71,2,225,9,1259,90,90
1137,71,2,226,3,1262,30,30
1138,71,2,227,7,1269,70,70
1139,71,2,228,8,1277,91,80
1140,71,2,229,7,1284,0,70
1141,71,2,230,7,1291,141,70
1142,71,2,231,8,1299,90,80
1143,71,2,232,6,1305,52,60
1144,71,2,233,8,1313,0,80
1145,71,2,234,5,1318,127,50
1146,71,2,235,7,1325,60,70
1147,71,2,236,6,1331,62,60
1148,71,2,237,4,1335,41,40
1149,71,2,238,8,1343,0,80
1150,71,2,239,6,1349,0,60
1151,71,2,240,9,1358,243,90
1152,71,2,241,2,1360,23,20
1153,71,2,242,8,1368,73,80
1154,71,2,243,3,1371,0,30
1155,71,2,244,8,1379,115,80
1156,71,2,245,9,1388,103,90
1157,71,2,246,7,1395,0,70
1158,71,2,247,7,1402,112,70
1159,71,2,248,6,1408,64,60
1160,71,2,249,8,1416,80,80
1161,71,2,250,5,1421,48,50
1162,71,2,251,8,1429,0,80
1163,71,2,252,9,1438,191,90
1164,71,2,253,8,1446,65,80
1165,71,2,254,4,1450,45,40
1166,71,2,255,5,1455,0,50
1167,71,2,256,3,1458,0,30
1168,71,2,257,8,1466,0,80
1169,71,2,258,7,1473,266,70
1170,71,2,259,3,1476,27,30
1171,71,2,260,6,1482,0,60
1172,71,2,261,6,1488,0,60
1173,71,2,262,9,1497,217,90
1174,71,2,263,5,1502,53,50
1175,71,2,264,5,1507,39,50
1176,71,2,265,7,1514,95,70
1177,71,2,266,9,1523,0,90
1178,71,2,267,4,1527,122,40
1179,71,2,268,7,1534,58,70
1180,71,2,269,9,1543,94,90
1181,71,2,270,5,1548,54,50
1182,71,2,271,6,1554,70,60
1183,71,2,272,3,1557,33,30
1184,71,2,273,3,1560,0,30
1185,71,2,274,3,1563,0,30
1186,71,2,275,9,1572,0,90
1187,71,2,276,9,1581,239,90
1188,71,2,277,7,1588,72,70
1189,71,2,278,9,1597,94,90
1190,71,2,279,4,1601,0,40
1191,71,2,280,9,1610,131,90
1192,71,2,281,8,1618,62,80
1193,71,2,282,8,1626,78,80
1194,71,2,283,7,1633,53,70
1195,71,2,284,7,1640,67,70
1196,71,2,285,5,1645,0,50
1197,71,2,286,5,1650,0,50
1198,71,2,287,2,1652,132,20
1199,71,2,288,7,1659,65,70
1200,71,2,289,3,1662,27,30
1201,71,2,290,5,1667,38,50
1202,71,2,291,3,1670,25,30
1203,71,2,292,7,1677,73,70
1204,71,2,293,6,1683,55,60
1205,71,2,294,8,1691,83,80
1206,71,2,295,5,1696,58,50
1207,71,2,296,7,1703,64,70
1208,71,2,297,7,1710,68,70
1209,71,2,298,6,1716,0,60
1210,71,2,299,6,1722,0,60
1211,71,2,300,3,1725,157,30
1212,71,2,301,6,1731,64,60
1213,71,2,302,5,1736,0,50
1214,71,2,303,8,1744,135,80
1215,71,2,304,8,1752,77,80
1216,71,2,305,5,1757,51,50
1217,71,2,306,5,1762,47,50
1218,71,2,307,4,1766,48,40
1219,71,2,308,4,1770,39,40
1220,71,2,309,6,1776,56,60
1221,71,2,310,9,1785,94,90
1222,71,2,311,8,1793,96,80
1223,71,2,312,6,1799,56,60
1224,71,2,313,8,1807,0,80
1225,71,2,314,2,1809,88,20
1226,71,2,315,6,1815,65,60
1227,71,2,316,8,1823,71,80
1228,71,2,317,6,1829,60,60
1229,71,2,318,7,1836,78,70
1230,71,2,319,6,1842,0,60
1231,71,2,320,8,1850,127,80
1232,71,2,321,9,1859,78,90
1233,71,2,322,9,1868,104,90
1234,71,2,323,9,1877,97,90
1235,71,2,324,3,1880,38,30
1236,71,2,325,5,1885,53,50
1237,71,2,326,8,1893,94,80
1238,71,2,327,4,1897,38,40
1239,71,2,328,5,1902,0,50
1240,71,2,329,8,1910,0,80
1241,71,2,330,5,1915,178,50
1242,71,2,331,7,1922,58,70
1243,71,2,332,2,1924,17,20
1244,71,2,333,2,1926,17,20
1245,71,2,334,7,1933,64,70
1246,71,2,335,9,1942,93,90
1247,71,2,336,6,1948,0,60
1248,71,2,337,3,1951,84,30
1249,71,2,338,5,1956,43,50
1250,71,2,339,9,1965,82,90
1251,71,2,340,2,1967,19,20
1252,71,2,341,2,1969,33,20
1253,71,2,342,3,1972,28,30
1254,71,2,343,5,1977,56,50
1255,71,2,344,5,1982,48,50
1256,71,2,345,7,1989,71,70
1257,71,2,346,4,1993,0,40
1258,71,2,347,9,2002,126,90
1259,71,2,348,4,2006,51,40
1260,71,2,349,3,2009,21,30
1261,71,2,350,5,2014,54,50
1262,71,2,351,6,2020,62,60
1263,71,2,352,2,2022,0,20
1264,71,2,353,9,2031,113,90
1265,71,2,354,2,2033,0,20
1266,71,2,355,4,2037,56,40
1267,71,2,356,4,2041,40,40
1268,71,2,357,7,2048,57,70
1269,71,2,358,7,2055,77,70
1270,71,2,359,8,2063,71,80
1271,71,2,360,9,2072,97,90
1272,71,2,361,6,2078,53,60
1273,71,2,362,7,2085,71,70
1274,71,2,363,9,2094,80,90
1275,71,2,364,5,2099,49,50
1276,71,2,365,8,2107,82,80
1277,71,2,366,2,2109,20,20
1278,71,2,367,7,2116,0,70
1279,71,2,368,9,2125,0,90
1280,71,2,369,4,2129,0,40
1281,71,2,370,8,2137,255,80
1282,71,2,371,2,2139,20,20
1283,71,2,372,9,2148,82,90
1284,71,2,373,9,2157,0,90
1285,71,2,374,5,2162,142,50
1286,71,2,375,6,2168,55,60
1287,71,2,376,3,2171,38,30
1288,71,2,377,3,2174,34,30
1289,71,2,378,9,2183,88,90
1290,71,2,379,7,2190,0,70
1291,71,2,380,9,2199,154,90
1292,71,2,381,9,2208,91,90
1293,71,2,382,3,2211,35,30
1294,71,2,383,3,2214,30,30
1295,71,2,384,2,2216,0,20
1296,71,2,385,2,2218,40,20
1297,71,2,386,7,2225,0,70
1298,71,2,387,7,2232,154,70
1299,71,2,388,8,2240,0,80
1300,71,2,389,3,2243,103,30
1301,71,2,390,5,2248,48,50
1302,71,2,391,9,2257,101,90
1303,71,2,392,2,2259,20,20
1304,71,2,393,6,2265,65,60
1305,71,2,394,3,2268,42,30
1306,71,2,395,6,2274,0,60
1307,71,2,396,8,2282,0,80
1308,71,2,397,3,2285,178,30
1309,71,2,398,2,2287,0,20
1310,71,2,399,7,2294,94,70
1311,71,2,400,3,2297,24,30
1312,71,2,401,4,2301,46,40
1313,71,2,402,5,2306,52,50
1314,71,2,403,3,2309,29,30
1315,71,2,404,5,2314,51,50
1316,71,2,405,7,2321,0,70
1317,71,2,406,5,2326,120,50
1318,71,2,407,5,2331,50,50
1319,71,2,408,4,2335,34,40
1320,71,2,409,8,2343,74,80
1321,71,2,410,7,2350,68,70
1322,71,2,411,8,2358,74,80
1323,71,2,412,7,2365,68,70
1324,71,2,413,5,2370,0,50
1325,71,2,414,2,2372,77,20
1326,71,2,415,7,2379,67,70
1327,71,2,416,3,2382,34,30
1328,71,2,417,9,2391,0,90
1329,71,2,418,3,2394,118,30
1330,71,2,419,5,2399,0,50
1331,71,2,420,6,2405,99,60
1332,71,2,421,3,2408,20,30
1333,71,2,422,3,2411,30,30
1334,71,2,423,7,2418,68,70
1335,71,2,424,6,2424,46,60
1336,71,2,425,9,2433,97,90
1337,71,2,426,3,2436,0,30
1338,71,2,427,6,2442,106,60
1339,71,2,428,8,2450,73,80
1340,71,2,429,7,2457,0,70
1341,71,2,430,8,2465,149,80
1342,71,2,431,5,2470,0,50
1343,71,2,432,4,2474,0,40
1344,71,2,433,7,2481,167,70
1345,71,2,434,8,2489,0,80
1346,71,2,435,7,2496,144,70
1347,71,2,436,6,2502,0,60
1348,71,2,437,4,2506,111,40
1349,71,2,438,6,2512,56,60
1350,71,2,439,3,2515,0,30
1351,71,2,440,7,2522,83,70
1352,71,2,441,2,2524,23,20
1353,71,2,442,6,2530,64,60
1354,71,2,443,4,2534,35,40
1355,71,2,444,9,2543,90,90
1356,71,2,445,3,2546,23,30
1357,71,2,446,6,2552,72,60
1358,71,2,447,9,2561,99,90
1359,71,2,448,8,2569,95,80
1360,71,2,449,7,2576,75,70
1361,71,2,450,6,2582,66,60
1362,71,2,451,6,2588,52,60
1363,71,2,452,2,2590,30,20
1364,71,2,453,8,2598,89,80
1365,71,2,454,5,2603,41,50
1366,71,2,455,9,2612,91,90
1367,71,2,456,2,2614,18,20
1368,71,2,457,6,2620,49,60
1369,71,2,458,5,2625,55,50
1370,71,2,459,9,2634,0,90
1371,71,2,460,8,2642,155,80
1372,71,2,461,7,2649,77,70
1373,71,2,462,5,2654,0,50
1374,71,2,463,8,2662,142,80
1375,71,2,464,8,2670,87,80
1376,71,2,465,7,2677,69,70
1377,71,2,466,6,2683,67,60
1378,71,2,467,7,2690,63,70
1379,71,2,468,9,2699,98,90
1380,71,2,469,7,2706,50,70
1381,71,2,470,5,2711,54,50
1382,71,2,471,2,2713,20,20
1383,71,2,472,7,2720,78,70
1384,71,2,473,2,2722,22,20
1385,71,2,474,5,2727,37,50
1386,71,2,475,9,2736,0,90
1387,71,2,476,2,2738,97,20
1388,71,2,477,2,2740,0,20
1389,71,2,478,7,2747,97,70
1390,71,2,479,8,2755,72,80
1391,71,2,480,5,2760,56,50
1392,71,2,481,4,2764,42,40
1393,71,2,482,4,2768,50,40
1394,71,2,483,5,2773,51,50
1395,71,2,484,9,2782,102,90
1396,71,2,485,7,2789,66,70
1397,71,2,486,4,2793,36,40
1398,71,2,487,3,2796,42,30
1399,71,2,488,3,2799,29,30
1400,71,2,489,3,2802,0,30
1401,71,2,490,6,2808,77,60
1402,71,2,491,7,2815,84,70
1403,71,2,492,4,2819,0,40
1404,71,2,493,3,2822,0,30
1405,71,2,494,8,2830,0,80
1406,71,2,495,7,2837,220,70
1407,71,2,496,7,2844,62,70
1408,71,2,497,5,2849,36,50
1409,71,2,498,5,2854,43,50
1410,71,2,499,8,2862,0,80
1411,71,2,500,4,2866,0,40
1412,71,2,501,9,2875,205,90
1413,71,2,502,8,2883,68,80
1414,71,2,503,8,2891,87,80
1415,71,2,504,2,2893,21,20
1416,71,2,505,2,2895,24,20
1417,71,2,506,4,2899,46,40
1418,71,2,507,6,2905,54,60
1419,71,2,508,2,2907,0,20
1420,71,2,509,4,2911,75,40
1421,71,2,510,4,2915,42,40
1422,71,2,511,3,2918,20,30
1423,71,2,512,3,2921,22,30
1424,71,2,513,5,2926,0,50
1425,71,2,514,9,2935,131,90
1426,71,2,515,8,2943,87,80
1427,71,2,516,3,2946,27,30
1428,71,2,517,6,2952,58,60
1429,71,2,518,5,2957,0,50
1430,71,2,519,6,2963,89,60
1431,71,2,520,3,2966,29,30
1432,71,2,521,7,2973,76,70
1433,71,2,522,4,2977,43,40
1434,71,2,523,7,2984,0,70
1435,71,2,524,9,2993,0,90
1436,71,2,525,3,2996,179,30
1437,71,2,526,6,3002,61,60
1438,71,2,527,9,3011,0,90
1439,71,2,528,8,3019,172,80
1440,71,2,529,9,3028,96,90
1441,71,2,530,5,3033,54,50
1442,71,2,531,7,3040,74,70
1443,71,2,532,2,3042,18,20
1444,71,2,533,7,3049,0,70
1445,71,2,534,6,3055,140,60
1446,71,2,535,9,3064,81,90
1447,71,2,536,9,3073,73,90
1448,71,2,537,9,3082,0,90
1449,71,2,538,5,3087,0,50
1450,71,2,539,7,3094,225,70
1451,71,2,540,2,3096,14,20
1452,71,2,541,6,3102,62,60
1453,71,2,542,5,3107,46,50
1454,71,2,543,4,3111,46,40
1455,71,2,544,2,3113,13,20
1456,71,2,545,9,3122,98,90
1457,71,2,546,8,3130,76,80
1458,71,2,547,3,3133,34,30
1459,71,2,548,9,3142,79,90
1460,71,2,549,3,3145,35,30
1461,71,2,550,4,3149,45,40
1462,71,2,551,8,3157,62,80
1463,71,2,552,2,3159,14,20
1464,71,2,553,8,3167,69,80
1465,71,2,554,4,3171,47,40
1466,71,2,555,9,3180,88,90
1467,71,2,556,9,3189,81,90
1468,71,2,557,8,3197,71,80
1469,71,2,558,3,3200,0,30
1470,71,2,559,9,3209,121,90
1471,71,2,560,2,3211,17,20
1472,71,2,561,3,3214,22,30
1473,71,2,562,4,3218,37,40
1474,71,2,563,2,3220,22,20
1475,71,2,564,2,3222,18,20
1476,71,2,565,9,3231,92,90
1477,71,2,566,9,3240,0,90
1478,71,2,567,6,3246,146,60
1479,71,2,568,2,3248,17,20
1480,71,2,569,8,3256,71,80
1481,71,2,570,9,3265,90,90
1482,71,2,571,6,3271,0,60
1483,71,2,572,4,3275,121,40
1484,71,2,573,4,3279,41,40
1485,71,2,574,6,3285,58,60
1486,71,2,575,5,3290,55,50
1487,71,2,576,7,3297,72,70
1488,71,2,577,5,3302,0,50
1489,71,2,578,6,3308,0,60
1490,71,2,579,7,3315,204,70
1491,71,2,580,9,3324,93,90
1492,71,2,581,2,3326,16,20
1493,71,2,582,7,3333,60,70
1494,71,2,583,5,3338,52,50
1495,71,2,584,8,3346,0,80
1496,71,2,585,8,3354,157,80
1497,71,2,586,8,3362,92,80
1498,71,2,587,9,3371,78,90
1499,71,2,588,2,3373,23,20
1500,71,2,589,4,3377,47,40
1501,71,2,590,5,3382,44,50
1502,71,2,591,2,3384,0,20
1503,71,2,592,9,3393,103,90
1504,71,2,593,8,3401,82,80
1505,71,2,594,8,3409,72,80
1506,71,2,595,4,3413,40,40
1507,71,2,596,7,3420,76,70
1508,71,2,597,2,3422,26,20
1509,71,2,598,5,3427,0,50
1510,71,2,599,9,3436,166,90
1511,71,2,600,3,3439,30,30
1512,71,2,601,9,3448,0,90
1513,71,2,602,2,3450,126,20
1514,71,2,603,7,3457,67,70
1515,71,2,604,5,3462,47,50
1516,71,2,605,2,3464,0,20
1517,71,2,606,7,3471,0,70
1518,71,2,607,4,3475,140,40
1519,71,2,608,8,3483,82,80
1520,71,2,609,8,3491,65,80
1521,71,2,610,2,3493,20,20
1522,71,2,611,3,3496,27,30
1523,71,2,612,8,3504,89,80
1524,71,2,613,6,3510,0,60
1525,71,2,614,4,3514,112,40
1526,71,2,615,7,3521,69,70
1527,71,2,616,4,3525,40,40
1528,71,2,617,5,3530,41,50
1529,71,2,618,8,3538,0,80
1530,71,2,619,9,3547,0,90
1531,71,2,620,7,3554,0,70
1532,71,2,621,3,3557,263,30
1533,71,2,622,7,3564,68,70
1534,71,2,623,2,3566,20,20
1535,71,2,624,5,3571,0,50
1536,71,2,625,2,3573,68,20
1537,71,2,626,5,3578,61,50
1538,71,2,627,2,3580,15,20
1539,71,2,628,7,3587,80,70
1540,71,2,629,7,3594,76,70
1541,71,2,630,8,3602,0,80
1542,71,2,631,3,3605,0,30
1543,71,2,632,3,3608,135,30
1544,71,2,633,2,3610,26,20
1545,71,2,634,4,3614,43,40
1546,71,2,635,7,3621,66,70
1547,71,2,636,8,3629,76,80
1548,71,2,637,2,3631,21,20
1549,71,2,638,3,3634,0,30
1550,71,2,639,5,3639,0,50
1551,71,2,640,9,3648,183,90
1552,71,2,641,9,3657,0,90
1553,71,2,642,6,3663,145,60
1554,71,2,643,3,3666,0,30
1555,71,2,644,9,3675,126,90
1556,71,2,645,2,3677,16,20
1557,71,2,646,6,3683,0,60
1558,71,2,647,8,3691,136,80
1559,71,2,648,8,3699,88,80
1560,71,2,649,9,3708,61,90
1561,71,2,650,7,3715,73,70
1562,71,2,651,3,3718,0,30
1563,71,2,652,3,3721,81,30
1564,71,2,653,6,3727,55,60
1565,71,2,654,6,3733,59,60
1566,71,2,655,3,3736,21,30
1567,71,2,656,8,3744,84,80
1568,71,2,657,7,3751,0,70
1569,71,2,658,6,3757,141,60
1570,71,2,659,3,3760,27,30
1571,71,2,660,6,3766,0,60
1572,71,2,661,3,3769,101,30
1573,71,2,662,4,3773,0,40
1574,71,2,663,7,3780,93,70
1575,71,2,664,8,3788,74,80
1576,71,2,665,3,3791,31,30
1577,71,2,666,4,3795,36,40
1578,71,2,667,7,3802,72,70
1579,71,2,668,5,3807,43,50
1580,71,2,669,4,3811,44,40
1581,71,2,670,7,3818,78,70
1582,71,2,671,6,3824,55,60
1583,71,2,672,5,3829,61,50
1584,71,2,673,3,3832,36,30
1585,71,2,674,2,3834,0,20
1586,71,2,675,7,3841,87,70
1587,71,2,676,3,3844,0,30
1588,71,2,677,6,3850,0,60
1589,71,2,678,5,3855,146,50
1590,71,2,679,8,3863,79,80
1591,71,2,680,3,3866,36,30
1592,71,2,681,4,3870,47,40
1593,71,2,682,2,3872,18,20
1594,71,2,683,8,3880,91,80
1595,71,2,684,6,3886,66,60
1596,71,2,685,6,3892,61,60
1597,71,2,686,8,3900,84,80
1598,71,2,687,8,3908,0,80
1599,71,2,688,8,3916,148,80
1600,71,2,689,8,3924,66,80
1601,71,2,690,4,3928,0,40
1602,71,2,691,5,3933,73,50
1603,71,2,692,4,3937,39,40
1604,71,2,693,8,3945,92,80
1605,71,2,694,2,3947,0,20
1606,71,2,695,3,3950,53,30
1607,71,2,696,3,3953,0,30
1608,71,2,697,7,3960,113,70
1609,71,2,698,6,3966,66,60
1610,71,2,699,4,3970,23,40
1611,71,2,700,8,3978,0,80
1612,71,2,701,6,3984,147,60
1613,71,2,702,8,3992,86,80
1614,71,2,703,3,3995,36,30
1615,71,2,704,3,3998,32,30
1616,71,2,705,2,4000,18,20
1617,71,2,706,3,4003,0,30
1618,71,2,707,3,4006,70,30
1619,71,2,708,6,4012,61,60
1620,71,2,709,3,4015,21,30
1621,71,2,710,8,4023,0,80
1622,71,2,711,8,4031,0,80
1623,71,2,712,9,4040,0,90
1624,71,2,713,9,4049,330,90
1625,71,2,714,9,4058,84,90
1626,71,2,715,3,4061,28,30
1627,71,2,716,9,4070,75,90
1628,71,2,717,6,4076,54,60
1629,71,2,718,9,4085,93,90
1630,71,2,719,7,4092,66,70
1631,71,2,720,7,4099,60,70
1632,71,2,721,5,4104,39,50
1633,71,2,722,7,4111,60,70
1634,71,2,723,6,4117,47,60
1635,71,2,724,8,4125,65,80
1636,71,2,725,3,4128,35,30
1637,71,2,726,7,4135,65,70
1638,71,2,727,3,4138,28,30
1639,71,2,728,3,4141,37,30
1640,71,2,729,8,4149,87,80
1641,71,2,730,2,4151,0,20
1642,71,2,731,7,4158,74,70
1643,71,2,732,3,4161,0,30
1644,71,2,733,5,4166,76,50
1645,71,2,734,8,4174,90,80
1646,71,2,735,7,4181,69,70
1647,71,2,736,6,4187,66,60
1648,71,2,737,7,4194,0,70
1649,71,2,738,2,4196,94,20
1650,71,2,739,5,4201,41,50
1651,71,2,740,5,4206,39,50
1652,71,2,741,2,4208,17,20
1653,71,2,742,3,4211,30,30
1654,71,2,743,3,4214,0,30
1655,71,2,744,8,4222,104,80
1656,71,2,745,3,4225,0,30
1657,71,2,746,8,4233,103,80
1658,71,2,747,9,4242,101,90
1659,71,2,748,2,4244,10,20
1660,71,2,749,6,4250,0,60
1661,71,2,750,7,4257,130,70
1662,71,2,751,2,4259,19,20
1663,71,2,752,5,4264,41,50
1664,71,2,753,8,4272,79,80
1665,71,2,754,3,4275,40,30
1666,71,2,755,2,4277,0,20
1667,71,2,756,6,4283,102,60
1668,71,2,757,7,4290,72,70
1669,71,2,758,9,4299,91,90
1670,71,2,759,5,4304,39,50
1671,71,2,760,7,4311,70,70
1672,71,2,761,5,4316,42,50
1673,71,2,762,8,4324,70,80
1674,71,2,763,8,4332,95,80
1675,71,2,764,2,4334,0,20
1676,71,2,765,5,4339,53,50
1677,71,2,766,2,4341,18,20
1678,71,2,767,4,4345,33,40
1679,71,2,768,8,4353,68,80
1680,71,2,769,6,4359,59,60
1681,71,2,770,3,4362,22,30
1682,71,2,771,8,4370,66,80
1683,71,2,772,7,4377,77,70
1684,71,2,773,9,4386,92,90
1685,71,2,774,5,4391,45,50
1686,71,2,775,8,4399,80,80
1687,71,2,776,9,4408,89,90
1688,71,2,777,8,4416,75,80
1689,71,2,778,5,4421,58,50
1690,71,2,779,8,4429,80,80
1691,71,2,780,5,4434,45,50
1692,71,2,781,4,4438,48,40
1693,71,2,782,2,4440,18,20
1694,71,2,783,3,4443,0,30
1695,71,2,784,2,4445,45,20
1696,71,2,785,4,4449,38,40
1697,71,2,786,3,4452,28,30
1698,71,2,787,2,4454,23,20
1699,71,2,788,8,4462,0,80
1700,71,2,789,5,4467,151,50
1701,71,2,790,8,4475,0,80
1702,71,2,791,6,4481,157,60
1703,71,2,792,2,4483,21,20
1704,71,2,793,7,4490,77,70
1705,71,2,794,8,4498,75,80
1706,71,2,795,5,4503,0,50
1707,71,2,796,2,4505,69,20
1708,71,2,797,3,4508,25,30
1709,71,2,798,3,4511,18,30
1710,71,2,799,7,4518,57,70
1711,71,2,800,6,4524,0,60
1712,71,2,801,4,4528,94,40
1713,71,2,802,2,4530,19,20
1714,71,2,803,5,4535,0,50
1715,71,2,804,7,4542,106,70
1716,71,2,805,5,4547,64,50
1717,71,2,806,3,4550,36,30
1718,71,2,807,5,4555,47,50
1719,71,2,808,7,4562,63,70
1720,71,2,809,4,4566,47,40
1721,71,2,810,9,4575,0,90
1722,71,2,811,2,4577,115,20
1723,71,2,812,9,4586,73,90
1724,71,2,813,2,4588,21,20
1725,71,2,814,9,4597,94,90
1726,71,2,815,5,4602,0,50
1727,71,2,816,5,4607,0,50
1728,71,2,817,2,4609,0,20
1729,71,2,818,7,4616,0,70
1730,71,2,819,8,4624,292,80
1731,71,2,820,2,4626,21,20
1732,71,2,821,7,4633,69,70
1733,71,2,822,3,4636,32,30
1734,71,2,823,3,4639,32,30
1735,71,2,824,3,4642,32,30
1736,71,2,825,8,4650,66,80
1737,71,2,826,8,4658,80,80
1738,71,2,827,3,4661,23,30
1739,71,2,828,8,4669,0,80
1740,71,2,829,2,4671,84,20
1741,71,2,830,9,4680,0,90
1742,71,2,831,2,4682,99,20
1743,71,2,832,6,4688,0,60
1744,71,2,833,7,4695,0,70
1745,71,2,834,5,4700,165,50
1746,71,2,835,8,4708,75,80
1747,71,2,836,6,4714,47,60
1748,71,2,837,2,4716,16,20
1749,71,2,838,5,4721,54,50
1750,71,2,839,8,4729,0,80
1751,71,2,840,4,4733,112,40
1752,71,2,841,3,4736,0,30
1753,71,2,842,8,4744,0,80
1754,71,2,843,7,4751,0,70
1755,71,2,844,2,4753,205,20
1756,71,2,845,6,4759,65,60
1757,71,2,846,3,4762,28,30
1758,71,2,847,6,4768,50,60
1759,71,2,848,4,4772,31,40
1760,71,2,849,5,4777,0,50
1761,71,2,850,6,4783,0,60
1762,71,2,851,2,4785,138,20
1763,71,2,852,2,4787,18,20
1764,71,2,853,6,4793,58,60
1765,71,2,854,4,4797,0,40
1766,71,2,855,8,4805,111,80
1767,71,2,856,4,4809,38,40
1768,71,2,857,8,4817,71,80
1769,71,2,858,7,4824,0,70
1770,71,2,859,3,4827,91,30
1771,71,2,860,7,4834,0,70
1772,71,2,861,2,4836,82,20
1773,71,2,862,4,4840,43,40
1774,71,2,863,9,4849,106,90
1775,71,2,864,2,4851,0,20
1776,71,2,865,5,4856,60,50
1777,71,2,866,9,4865,80,90
1778,71,2,867,8,4873,81,80
1779,71,2,868,3,4876,32,30
1780,71,2,869,4,4880,42,40
1781,71,2,870,9,4889,93,90
1782,71,2,871,8,4897,99,80
1783,71,2,872,2,4899,22,20
1784,71,2,873,7,4906,0,70
1785,71,2,874,7,4913,0,70
1786,71,2,875,3,4916,185,30
1787,71,2,876,8,4924,80,80
1788,71,2,877,8,4932,96,80
1789,71,2,878,3,4935,29,30
1790,71,2,879,6,4941,60,60
1791,71,2,880,2,4943,11,20
1792,71,2,881,4,4947,0,40
1793,71,2,882,4,4951,100,40
1794,71,2,883,2,4953,12,20
1795,71,2,884,4,4957,41,40
1796,71,2,885,6,4963,49,60
1797,71,2,886,2,4965,16,20
1798,71,2,887,7,4972,57,70
1799,71,2,888,4,4976,42,40
1800,71,2,889,6,4982,41,60
1801,71,2,890,7,4989,0,70
1802,71,2,891,5,4994,116,50
1803,71,3,1,5,5,62,50
1804,71,3,2,3,8,22,30
1805,71,3,3,8,16,0,80
1806,71,3,4,5,21,114,50
1807,71,3,5,6,27,56,60
1808,71,3,6,7,34,70,70
1809,71,3,7,7,41,89,70
1810,71,3,8,9,50,85,90
1811,71,3,9,9,59,89,90
1812,71,3,10,2,61,26,20
1813,71,3,11,7,68,68,70
1814,71,3,12,2,70,22,20
1815,71,3,13,9,79,0,90
1816,71,3,14,8,87,162,80
1817,71,3,15,8,95,87,80
1818,71,3,16,9,104,96,90
1819,71,3,17,8,112,0,80
1820,71,3,18,7,119,154,70
1821,71,3,19,9,128,95,90
1822,71,3,20,4,132,37,40
1823,71,3,21,3,135,31,30
1824,71,3,22,9,144,96,90
1825,71,3,23,8,152,65,80
1826,71,3,24,5,157,70,50
1827,71,3,25,6,163,52,60
1828,71,3,26,7,170,0,70
1829,71,3,27,4,174,89,40
1830,71,3,28,8,182,81,80
1831,71,3,29,9,191,90,90
1832,71,3,30,6,197,59,60
1833,71,3,31,6,203,48,60
1834,71,3,32,9,212,0,90
1835,71,3,33,9,221,186,90
1836,71,3,34,5,226,36,50
1837,71,3,35,9,235,0,90
1838,71,3,36,4,239,124,40
1839,71,3,37,7,246,72,70
1840,71,3,38,3,249,37,30
1841,71,3,39,9,258,80,90
1842,71,3,40,3,261,35,30
1843,71,3,41,5,266,51,50
1844,71,3,42,8,274,76,80
1845,71,3,43,7,281,65,70
1846,71,3,44,7,288,76,70
1847,71,3,45,2,290,0,20
1848,71,3,46,7,297,0,70
1849,71,3,47,3,300,117,30
1850,71,3,48,2,302,24,20
1851,71,3,49,2,304,0,20
1852,71,3,50,5,309,73,50
1853,71,3,51,7,316,59,70
1854,71,3,52,4,320,41,40
1855,71,3,53,8,328,77,80
1856,71,3,54,4,332,0,40
1857,71,3,55,2,334,53,20
1858,71,3,56,2,336,17,20
1859,71,3,57,5,341,53,50
1860,71,3,58,7,348,47,70
1861,71,3,59,8,356,84,80
1862,71,3,60,2,358,0,20
1863,71,3,61,8,366,0,80
1864,71,3,62,8,374,0,80
1865,71,3,63,5,379,244,50
1866,71,3,64,7,386,69,70
1867,71,3,65,6,392,67,60
1868,71,3,66,7,399,0,70
1869,71,3,67,4,403,102,40
1870,71,3,68,8,411,0,80
1871,71,3,69,3,414,0,30
1872,71,3,70,6,420,189,60
1873,71,3,71,4,424,33,40
1874,71,3,72,8,432,90,80
1875,71,3,73,4,436,38,40
1876,71,3,74,2,438,15,20
1877,71,3,75,2,440,14,20
1878,71,3,76,7,447,49,70
1879,71,3,77,5,452,48,50
1880,71,3,78,5,457,0,50
1881,71,3,79,5,462,117,50
1882,71,3,80,6,468,0,60
1883,71,3,81,6,474,0,60
1884,71,3,82,9,483,217,90
1885,71,3,83,8,491,0,80
1886,71,3,84,3,494,106,30
1887,71,3,85,6,500,55,60
1888,71,3,86,7,507,62,70
1889,71,3,87,8,515,74,80
1890,71,3,88,3,518,39,30
1891,71,3,89,8,526,75,80
1892,71,3,90,3,529,27,30
1893,71,3,91,9,538,80,90
1894,71,3,92,3,541,22,30
1895,71,3,93,3,544,23,30
1896,71,3,94,3,547,37,30
1897,71,3,95,3,550,29,30
1898,71,3,96,7,557,0,70
1899,71,3,97,8,565,0,80
1900,71,3,98,8,573,0,80
1901,71,3,99,7,580,312,70
1902,71,3,100,9,589,115,90
1903,71,3,101,7,596,57,70
1904,71,3,102,7,603,80,70
1905,71,3,103,5,608,0,50
1906,71,3,104,2,610,70,20
1907,71,3,105,7,617,79,70
1908,71,3,106,2,619,0,20
1909,71,3,107,3,622,51,30
1910,71,3,108,4,626,39,40
1911,71,3,109,7,633,56,70
1912,71,3,110,8,641,84,80
1913,71,3,111,7,648,68,70
1914,71,3,112,4,652,29,40
1915,71,3,113,8,660,83,80
1916,71,3,114,9,669,82,90
1917,71,3,115,6,675,61,60
1918,71,3,116,3,678,30,30
1919,71,3,117,9,687,82,90
1920,71,3,118,9,696,89,90
1921,71,3,119,3,699,28,30
1922,71,3,120,7,706,0,70
1923,71,3,121,9,715,148,90
1924,71,3,122,3,718,34,30
1925,71,3,123,7,725,0,70
1926,71,3,124,9,734,153,90
1927,71,3,125,4,738,0,40
1928,71,3,126,2,740,55,20
1929,71,3,127,5,745,46,50
1930,71,3,128,6,751,64,60
1931,71,3,129,3,754,0,30
1932,71,3,130,2,756,51,20
1933,71,3,131,4,760,45,40
1934,71,3,132,8,768,0,80
1935,71,3,133,4,772,0,40
1936,71,3,134,3,775,150,30
1937,71,3,135,6,781,53,60
1938,71,3,136,3,784,26,30
1939,71,3,137,3,787,38,30
1940,71,3,138,4,791,42,40
1941,71,3,139,8,799,94,80
1942,71,3,140,5,804,53,50
1943,71,3,141,5,809,61,50
1944,71,3,142,5,814,49,50
1945,71,3,143,7,821,64,70
1946,71,3,144,3,824,27,30
1947,71,3,145,4,828,0,40
1948,71,3,146,6,834,88,60
1949,71,3,147,3,837,30,30
1950,71,3,148,8,845,95,80
1951,71,3,149,7,852,54,70
1952,71,3,150,2,854,15,20
1953,71,3,151,2,856,17,20
1954,71,3,152,7,863,61,70
1955,71,3,153,8,871,99,80
1956,71,3,154,5,876,60,50
1957,71,3,155,2,878,17,20
1958,71,3,156,8,886,78,80
1959,71,3,157,2,888,20,20
1960,71,3,158,3,891,31,30
1961,71,3,159,6,897,62,60
1962,71,3,160,3,900,31,30
1963,71,3,161,7,907,66,70
1964,71,3,162,6,913,63,60
1965,71,3,163,7,920,83,70
1966,71,3,164,3,923,0,30
1967,71,3,165,8,931,96,80
1968,71,3,166,7,938,72,70
1969,71,3,167,7,945,70,70
1970,71,3,168,5,950,37,50
1971,71,3,169,8,958,74,80
1972,71,3,170,6,964,67,60
1973,71,3,171,9,973,0,90
1974,71,3,172,4,977,141,40
1975,71,3,173,2,979,16,20
1976,71,3,174,8,987,84,80
1977,71,3,175,4,991,42,40
1978,71,3,176,6,997,0,60
1979,71,3,177,8,1005,0,80
1980,71,3,178,7,1012,216,70
1981,71,3,179,3,1015,30,30
1982,71,3,180,2,1017,16,20
1983,71,3,181,8,1025,76,80
1984,71,3,182,3,1028,28,30
1985,71,3,183,9,1037,83,90
1986,71,3,184,5,1042,0,50
1987,71,3,185,8,1050,133,80
1988,71,3,186,5,1055,47,50
1989,71,3,187,8,1063,68,80
1990,71,3,188,3,1066,23,30
1991,71,3,189,7,1073,60,70
1992,71,3,190,4,1077,40,40
1993,71,3,191,6,1083,56,60
1994,71,3,192,9,1092,87,90
1995,71,3,193,6,1098,69,60
1996,71,3,194,8,1106,79,80
1997,71,3,195,4,1110,42,40
1998,71,3,196,3,1113,0,30
1999,71,3,197,3,1116,62,30
2000,71,3,198,3,1119,26,30
2001,71,3,199,7,1126,57,70
2002,71,3,200,5,1131,49,50
2003,71,3,201,2,1133,17,20
2004,71,3,202,2,1135,18,20
2005,71,3,203,2,1137,36,20
2006,71,3,204,4,1141,48,40
2007,71,3,205,7,1148,76,70
2008,71,3,206,7,1155,62,70
2009,71,3,207,7,1162,56,70
2010,71,3,208,8,1170,82,80
2011,71,3,209,5,1175,64,50
2012,71,3,210,7,1182,79,70
2013,71,3,211,7,1189,69,70
2014,71,3,212,2,1191,0,20
2015,71,3,213,3,1194,0,30
2016,71,3,214,5,1199,97,50
2017,71,3,215,7,1206,65,70
2018,71,3,216,9,1215,86,90
2019,71,3,217,9,1224,79,90
2020,71,3,218,8,1232,0,80
2021,71,3,219,3,1235,112,30
2022,71,3,220,3,1238,25,30
2023,71,3,221,4,1242,40,40
2024,71,3,222,7,1249,0,70
2025,71,3,223,4,1253,126,40
2026,71,3,224,8,1261,81,80
2027,71,3,225,5,1266,38,50
2028,71,3,226,4,1270,39,40
2029,71,3,227,7,1277,71,70
2030,71,3,228,6,1283,61,60
2031,71,3,229,2,1285,29,20
2032,71,3,230,7,1292,67,70
2033,71,3,231,3,1295,31,30
2034,71,3,232,3,1298,29,30
2035,71,3,233,8,1306,79,80
2036,71,3,234,2,1308,17,20
2037,71,3,235,9,1317,84,90
2038,71,3,236,9,1326,81,90
2039,71,3,237,9,1335,90,90
2040,71,3,238,8,1343,78,80
2041,71,3,239,7,1350,60,70
2042,71,3,240,8,1358,71,80
2043,71,3,241,9,1367,87,90
2044,71,3,242,6,1373,60,60
2045,71,3,243,9,1382,107,90
2046,71,3,244,3,1385,31,30
2047,71,3,245,6,1391,59,60
2048,71,3,246,2,1393,26,20
2049,71,3,247,7,1400,59,70
2050,71,3,248,9,1409,83,90
2051,71,3,249,6,1415,55,60
2052,71,3,250,8,1423,55,80
2053,71,3,251,2,1425,18,20
2054,71,3,252,2,1427,29,20
2055,71,3,253,3,1430,24,30
2056,71,3,254,2,1432,20,20
2057,71,3,255,9,1441,0,90
2058,71,3,256,8,1449,150,80
2059,71,3,257,5,1454,0,50
2060,71,3,258,3,1457,71,30
2061,71,3,259,7,1464,67,70
2062,71,3,260,9,1473,93,90
2063,71,3,261,8,1481,77,80
2064,71,3,262,5,1486,0,50
2065,71,3,263,5,1491,98,50
2066,71,3,264,8,1499,68,80
2067,71,3,265,8,1507,73,80
2068,71,3,266,8,1515,86,80
2069,71,3,267,3,1518,29,30
2070,71,3,268,2,1520,0,20
2071,71,3,269,8,1528,115,80
2072,71,3,270,7,1535,88,70
2073,71,3,271,6,1541,53,60
2074,71,3,272,3,1544,0,30
2075,71,3,273,4,1548,68,40
2076,71,3,274,5,1553,53,50
2077,71,3,275,6,1559,63,60
2078,71,3,276,4,1563,31,40
2079,71,3,277,8,1571,74,80
2080,71,3,278,8,1579,84,80
2081,71,3,279,8,1587,58,80
2082,71,3,280,2,1589,18,20
2083,71,3,281,2,1591,0,20
2084,71,3,282,3,1594,0,30
2085,71,3,283,9,1603,148,90
2086,71,3,284,3,1606,0,30
2087,71,3,285,6,1612,105,60
2088,71,3,286,8,1620,75,80
2089,71,3,287,4,1624,33,40
2090,71,3,288,7,1631,72,70
2091,71,3,289,6,1637,77,60
2092,71,3,290,4,1641,48,40
2093,71,3,291,3,1644,24,30
2094,71,3,292,7,1651,68,70
2095,71,3,293,7,1658,74,70
2096,71,3,294,4,1662,49,40
2097,71,3,295,9,1671,100,90
2098,71,3,296,7,1678,0,70
2099,71,3,297,3,1681,116,30
2100,71,3,298,4,1685,42,40
2101,71,3,299,4,1689,35,40
2102,71,3,300,6,1695,67,60
2103,71,3,301,2,1697,19,20
2104,71,3,302,4,1701,36,40
2105,71,3,303,9,1710,110,90
2106,71,3,304,6,1716,58,60
2107,71,3,305,9,1725,88,90
2108,71,3,306,8,1733,80,80
2109,71,3,307,4,1737,50,40
2110,71,3,308,3,1740,22,30
2111,71,3,309,7,1747,66,70
2112,71,3,310,5,1752,58,50
2113,71,3,311,9,1761,87,90
2114,71,3,312,4,1765,0,40
2115,71,3,313,7,1772,0,70
2116,71,3,314,7,1779,151,70
2117,71,3,315,5,1784,48,50
2118,71,3,316,8,1792,79,80
2119,71,3,317,4,1796,40,40
2120,71,3,318,9,1805,95,90
2121,71,3,319,4,1809,52,40
2122,71,3,320,5,1814,60,50
2123,71,3,321,2,1816,22,20
2124,71,3,322,3,1819,39,30
2125,71,3,323,9,1828,95,90
2126,71,3,324,7,1835,0,70
2127,71,3,325,6,1841,122,60
2128,71,3,326,7,1848,67,70
2129,71,3,327,7,1855,75,70
2130,71,3,328,8,1863,78,80
2131,71,3,329,8,1871,85,80
2132,71,3,330,9,1880,77,90
2133,71,3,331,4,1884,0,40
2134,71,3,332,5,1889,94,50
2135,71,3,333,3,1892,0,30
2136,71,3,334,2,1894,49,20
2137,71,3,335,5,1899,47,50
2138,71,3,336,6,1905,0,60
2139,71,3,337,4,1909,99,40
2140,71,3,338,3,1912,32,30
2141,71,3,339,4,1916,32,40
2142,71,3,340,8,1924,87,80
2143,71,3,341,5,1929,31,50
2144,71,3,342,3,1932,22,30
2145,71,3,343,5,1937,45,50
2146,71,3,344,2,1939,0,20
2147,71,3,345,4,1943,0,40
2148,71,3,346,8,1951,130,80
2149,71,3,347,3,1954,23,30
2150,71,3,348,7,1961,66,70
2151,71,3,349,5,1966,47,50
2152,71,3,350,4,1970,0,40
2153,71,3,351,7,1977,0,70
2154,71,3,352,9,1986,206,90
2155,71,3,353,9,1995,91,90
2156,71,3,354,4,1999,51,40
2157,71,3,355,2,2001,20,20
2158,71,3,356,2,2003,17,20
2159,71,3,357,8,2011,77,80
2160,71,3,358,9,2020,102,90
2161,71,3,359,5,2025,60,50
2162,71,3,360,2,2027,22,20
2163,71,3,361,5,2032,0,50
2164,71,3,362,8,2040,132,80
2165,71,3,363,9,2049,99,90
2166,71,3,364,2,2051,21,20
2167,71,3,365,8,2059,80,80
2168,71,3,366,8,2067,84,80
2169,71,3,367,3,2070,0,30
2170,71,3,368,8,2078,108,80
2171,71,3,369,7,2085,72,70
2172,71,3,370,9,2094,76,90
2173,71,3,371,9,2103,75,90
2174,71,3,372,2,2105,24,20
2175,71,3,373,6,2111,65,60
2176,71,3,374,4,2115,0,40
2177,71,3,375,4,2119,0,40
2178,71,3,376,2,2121,109,20
2179,71,3,377,4,2125,28,40
2180,71,3,378,9,2134,77,90
2181,71,3,379,6,2140,57,60
2182,71,3,380,2,2142,17,20
2183,71,3,381,3,2145,0,30
2184,71,3,382,3,2148,51,30
2185,71,3,383,9,2157,93,90
2186,71,3,384,7,2164,68,70
2187,71,3,385,8,2172,77,80
2188,71,3,386,4,2176,36,40
2189,71,3,387,9,2185,90,90
2190,71,3,388,9,2194,82,90
2191,71,3,389,4,2198,28,40
2192,71,3,390,8,2206,61,80
2193,71,3,391,8,2214,88,80
2194,71,3,392,8,2222,0,80
2195,71,3,393,4,2226,113,40
2196,71,3,394,6,2232,49,60
2197,71,3,395,3,2235,28,30
2198,71,3,396,7,2242,62,70
2199,71,3,397,7,2249,77,70
2200,71,3,398,4,2253,0,40
2201,71,3,399,7,2260,103,70
2202,71,3,400,2,2262,20,20
2203,71,3,401,7,2269,74,70
2204,71,3,402,3,2272,33,30
2205,71,3,403,8,2280,85,80
2206,71,3,404,4,2284,0,40
2207,71,3,405,6,2290,82,60
2208,71,3,406,5,2295,47,50
2209,71,3,407,8,2303,81,80
2210,71,3,408,7,2310,68,70
2211,71,3,409,5,2315,0,50
2212,71,3,410,3,2318,89,30
2213,71,3,411,7,2325,57,70
2214,71,3,412,5,2330,44,50
2215,71,3,413,3,2333,37,30
2216,71,3,414,9,2342,0,90
2217,71,3,415,3,2345,134,30
2218,71,3,416,9,2354,91,90
2219,71,3,417,8,2362,83,80
2220,71,3,418,9,2371,89,90
2221,71,3,419,2,2373,22,20
2222,71,3,420,5,2378,60,50
2223,71,3,421,4,2382,42,40
2224,71,3,422,8,2390,86,80
2225,71,3,423,4,2394,43,40
2226,71,3,424,4,2398,34,40
2227,71,3,425,8,2406,69,80
2228,71,3,426,8,2414,0,80
2229,71,3,427,6,2420,129,60
2230,71,3,428,2,2422,24,20
2231,71,3,429,6,2428,66,60
2232,71,3,430,2,2430,14,20
2233,71,3,431,5,2435,48,50
2234,71,3,432,2,2437,21,20
2235,71,3,433,6,2443,59,60
2236,71,3,434,6,2449,51,60
2237,71,3,435,9,2458,84,90
2238,71,3,436,5,2463,0,50
2239,71,3,437,9,2472,154,90
2240,71,3,438,4,2476,31,40
2241,71,3,439,3,2479,33,30
2242,71,3,440,9,2488,0,90
2243,71,3,441,7,2495,166,70
2244,71,3,442,5,2500,48,50
2245,71,3,443,3,2503,34,30
2246,71,3,444,4,2507,36,40
2247,71,3,445,2,2509,19,20
2248,71,3,446,9,2518,94,90
2249,71,3,447,8,2526,64,80
2250,71,3,448,4,2530,28,40
2251,71,3,449,5,2535,49,50
2252,71,3,450,5,2540,43,50
2253,71,3,451,6,2546,49,60
2254,71,3,452,9,2555,77,90
2255,71,3,453,4,2559,39,40
2256,71,3,454,4,2563,49,40
2257,71,3,455,8,2571,0,80
2258,71,3,456,4,2575,126,40
2259,71,3,457,7,2582,76,70
2260,71,3,458,7,2589,69,70
2261,71,3,459,2,2591,19,20
2262,71,3,460,3,2594,0,30
2263,71,3,461,3,2597,64,30
2264,71,3,462,2,2599,0,20
2265,71,3,463,3,2602,61,30
2266,71,3,464,9,2611,98,90
2267,71,3,465,4,2615,46,40
2268,71,3,466,7,2622,62,70
2269,71,3,467,5,2627,55,50
2270,71,3,468,4,2631,44,40
2271,71,3,469,5,2636,49,50
2272,71,3,470,8,2644,87,80
2273,71,3,471,4,2648,47,40
2274,71,3,472,4,2652,31,40
2275,71,3,473,3,2655,35,30
2276,71,3,474,5,2660,0,50
2277,71,3,475,7,2667,0,70
2278,71,3,476,4,2671,151,40
2279,71,3,477,3,2674,0,30
2280,71,3,478,4,2678,0,40
2281,71,3,479,4,2682,122,40
2282,71,3,480,9,2691,98,90
2283,71,3,481,9,2700,87,90
2284,71,3,482,5,2705,47,50
2285,71,3,483,8,2713,92,80
2286,71,3,484,6,2719,62,60
2287,71,3,485,6,2725,49,60
2288,71,3,486,7,2732,0,70
2289,71,3,487,4,2736,109,40
2290,71,3,488,9,2745,91,90
2291,71,3,489,6,2751,0,60
2292,71,3,490,7,2758,137,70
2293,71,3,491,6,2764,48,60
2294,71,3,492,6,2770,0,60
2295,71,3,493,4,2774,105,40
2296,71,3,494,7,2781,87,70
2297,71,3,495,3,2784,26,30
2298,71,3,496,6,2790,57,60
2299,71,3,497,8,2798,90,80
2300,71,3,498,8,2806,84,80
2301,71,3,499,8,2814,65,80
2302,71,3,500,8,2822,104,80
2303,71,3,501,5,2827,38,50
2304,71,3,502,2,2829,19,20
2305,71,3,503,6,2835,51,60
2306,71,3,504,8,2843,85,80
2307,71,3,505,6,2849,0,60
2308,71,3,506,2,2851,67,20
2309,71,3,507,5,2856,66,50
2310,71,3,508,5,2861,0,50
2311,71,3,509,6,2867,0,60
2312,71,3,510,5,2872,160,50
2313,71,3,511,2,2874,22,20
2314,71,3,512,3,2877,0,30
2315,71,3,513,7,2884,89,70
2316,71,3,514,4,2888,33,40
2317,71,3,515,6,2894,0,60
2318,71,3,516,9,2903,154,90
2319,71,3,517,2,2905,18,20
2320,71,3,518,5,2910,49,50
2321,71,3,519,9,2919,88,90
2322,71,3,520,6,2925,0,60
2323,71,3,521,9,2934,152,90
2324,71,3,522,5,2939,44,50
2325,71,3,523,4,2943,33,40
2326,71,3,524,8,2951,65,80
2327,71,3,525,9,2960,73,90
2328,71,3,526,2,2962,20,20
2329,71,3,527,3,2965,0,30
2330,71,3,528,3,2968,57,30
2331,71,3,529,6,2974,56,60
2332,71,3,530,6,2980,83,60
2333,71,3,531,8,2988,76,80
2334,71,3,532,9,2997,85,90
2335,71,3,533,3,3000,0,30
2336,71,3,534,4,3004,61,40
2337,71,3,535,7,3011,72,70
2338,71,3,536,4,3015,39,40
2339,71,3,537,8,3023,85,80
2340,71,3,538,8,3031,83,80
2341,71,3,539,5,3036,44,50
2342,71,3,540,3,3039,34,30
2343,71,3,541,3,3042,23,30
2344,71,3,542,4,3046,39,40
2345,71,3,543,6,3052,62,60
2346,71,3,544,5,3057,51,50
2347,71,3,545,6,3063,66,60
2348,71,3,546,6,3069,51,60
2349,71,3,547,9,3078,96,90
2350,71,3,548,6,3084,48,60
2351,71,3,549,9,3093,96,90
2352,71,3,550,8,3101,84,80
2353,71,3,551,4,3105,41,40
2354,71,3,552,3,3108,38,30
2355,71,3,553,9,3117,96,90
2356,71,3,554,9,3126,82,90
2357,71,3,555,4,3130,34,40
2358,71,3,556,7,3137,73,70
2359,71,3,557,4,3141,42,40
2360,71,3,558,2,3143,18,20
2361,71,3,559,9,3152,85,90
2362,71,3,560,9,3161,92,90
2363,71,3,561,8,3169,89,80
2364,71,3,562,5,3174,55,50
2365,71,3,563,7,3181,67,70
2366,71,3,564,3,3184,32,30
2367,71,3,565,5,3189,39,50
2368,71,3,566,7,3196,0,70
2369,71,3,567,7,3203,161,70
2370,71,3,568,6,3209,41,60
2371,71,3,569,6,3215,66,60
2372,71,3,570,2,3217,0,20
2373,71,3,571,2,3219,38,20
2374,71,3,572,8,3227,88,80
2375,71,3,573,8,3235,85,80
2376,71,3,574,8,3243,71,80
2377,71,3,575,8,3251,74,80
2378,71,3,576,5,3256,48,50
2379,71,3,577,7,3263,68,70
2380,71,3,578,2,3265,20,20
2381,71,3,579,4,3269,32,40
2382,71,3,580,2,3271,22,20
2383,71,3,581,3,3274,40,30
2384,71,3,582,6,3280,66,60
2385,71,3,583,2,3282,16,20
2386,71,3,584,6,3288,59,60
2387,71,3,585,5,3293,0,50
2388,71,3,586,7,3300,133,70
2389,71,3,587,2,3302,22,20
2390,71,3,588,9,3311,82,90
2391,71,3,589,2,3313,10,20
2392,71,3,590,7,3320,62,70
2393,71,3,591,5,3325,44,50
2394,71,3,592,7,3332,70,70
2395,71,3,593,3,3335,0,30
2396,71,3,594,9,3344,0,90
2397,71,3,595,4,3348,0,40
2398,71,3,596,7,3355,224,70
2399,71,3,597,3,3358,34,30
2400,71,3,598,5,3363,51,50
2401,71,3,599,9,3372,0,90
2402,71,3,600,5,3377,148,50
2403,71,3,601,9,3386,0,90
2404,71,3,602,9,3395,184,90
2405,71,3,603,5,3400,49,50
2406,71,3,604,3,3403,21,30
2407,71,3,605,3,3406,30,30
2408,71,3,606,2,3408,17,20
2409,71,3,607,6,3414,50,60
2410,71,3,608,2,3416,27,20
2411,71,3,609,4,3420,33,40
2412,71,3,610,2,3422,0,20
2413,71,3,611,7,3429,93,70
2414,71,3,612,2,3431,22,20
2415,71,3,613,4,3435,41,40
2416,71,3,614,2,3437,26,20
2417,71,3,615,3,3440,32,30
2418,71,3,616,6,3446,53,60
2419,71,3,617,4,3450,37,40
2420,71,3,618,2,3452,35,20
2421,71,3,619,5,3457,0,50
2422,71,3,620,4,3461,91,40
2423,71,3,621,9,3470,116,90
2424,71,3,622,2,3472,0,20
2425,71,3,623,3,3475,59,30
2426,71,3,624,2,3477,30,20
2427,71,3,625,7,3484,72,70
2428,71,3,626,2,3486,27,20
2429,71,3,627,4,3490,35,40
2430,71,3,628,9,3499,79,90
2431,71,3,629,9,3508,0,90
2432,71,3,630,3,3511,134,30
2433,71,3,631,7,3518,68,70
2434,71,3,632,8,3526,73,80
2435,71,3,633,9,3535,96,90
2436,71,3,634,3,3538,33,30
2437,71,3,635,5,3543,27,50
2438,71,3,636,7,3550,89,70
2439,71,3,637,9,3559,101,90
2440,71,3,638,7,3566,0,70
2441,71,3,639,6,3572,0,60
2442,71,3,640,3,3575,189,30
2443,71,3,641,7,3582,0,70
2444,71,3,642,8,3590,0,80
2445,71,3,643,9,3599,0,90
2446,71,3,644,3,3602,275,30
2447,71,3,645,4,3606,39,40
2448,71,3,646,4,3610,0,40
2449,71,3,647,3,3613,71,30
2450,71,3,648,8,3621,74,80
2451,71,3,649,2,3623,15,20
2452,71,3,650,4,3627,0,40
2453,71,3,651,3,3630,80,30
2454,71,3,652,5,3635,53,50
2455,71,3,653,2,3637,0,20
2456,71,3,654,8,3645,95,80
2457,71,3,655,3,3648,26,30
2458,71,3,656,5,3653,55,50
2459,71,3,657,4,3657,54,40
2460,71,3,658,9,3666,0,90
2461,71,3,659,7,3673,153,70
2462,71,3,660,5,3678,43,50
2463,71,3,661,5,3683,47,50
2464,71,3,662,5,3688,40,50
2465,71,3,663,7,3695,67,70
2466,71,3,664,8,3703,83,80
2467,71,3,665,2,3705,22,20
2468,71,3,666,2,3707,15,20
2469,71,3,667,7,3714,68,70
2470,71,3,668,9,3723,90,90
2471,71,3,669,4,3727,0,40
2472,71,3,670,5,3732,95,50
2473,71,3,671,5,3737,48,50
2474,71,3,672,3,3740,21,30
2475,71,3,673,6,3746,55,60
2476,71,3,674,7,3753,72,70
2477,71,3,675,6,3759,62,60
2478,71,3,676,4,3763,0,40
2479,71,3,677,8,3771,114,80
2480,71,3,678,2,3773,26,20
2481,71,3,679,8,3781,68,80
2482,71,3,680,8,3789,81,80
2483,71,3,681,2,3791,22,20
2484,71,3,682,7,3798,0,70
2485,71,3,683,2,3800,88,20
2486,71,3,684,7,3807,73,70
2487,71,3,685,9,3816,94,90
2488,71,3,686,5,3821,42,50
2489,71,3,687,6,3827,63,60
2490,71,3,688,3,3830,0,30
2491,71,3,689,7,3837,88,70
2492,71,3,690,5,3842,44,50
2493,71,3,691,9,3851,85,90
2494,71,3,692,8,3859,89,80
2495,71,3,693,7,3866,0,70
2496,71,3,694,5,3871,106,50
2497,71,3,695,4,3875,43,40
2498,71,3,696,8,3883,87,80
2499,71,3,697,2,3885,11,20
2500,71,3,698,7,3892,0,70
2501,71,3,699,6,3898,128,60
2502,71,3,700,4,3902,42,40
2503,71,3,701,4,3906,36,40
2504,71,3,702,8,3914,0,80
2505,71,3,703,4,3918,119,40
2506,71,3,704,5,3923,65,50
2507,71,3,705,2,3925,22,20
2508,71,3,706,6,3931,51,60
2509,71,3,707,8,3939,0,80
2510,71,3,708,7,3946,0,70
2511,71,3,709,8,3954,246,80
2512,71,3,710,6,3960,0,60
2513,71,3,711,6,3966,110,60
2514,71,3,712,2,3968,0,20
2515,71,3,713,7,3975,0,70
2516,71,3,714,6,3981,0,60
2517,71,3,715,7,3988,214,70
2518,71,3,716,6,3994,47,60
2519,71,3,717,9,4003,92,90
2520,71,3,718,9,4012,102,90
2521,71,3,719,5,4017,42,50
2522,71,3,720,7,4024,89,70
2523,71,3,721,8,4032,68,80
2524,71,3,722,2,4034,18,20
2525,71,3,723,4,4038,44,40
2526,71,3,724,4,4042,32,40
2527,71,3,725,7,4049,62,70
2528,71,3,726,7,4056,79,70
2529,71,3,727,7,4063,76,70
2530,71,3,728,3,4066,43,30
2531,71,3,729,7,4073,0,70
2532,71,3,730,3,4076,113,30
2533,71,3,731,8,4084,65,80
2534,71,3,732,7,4091,63,70
2535,71,3,733,7,4098,62,70
2536,71,3,734,6,4104,70,60
2537,71,3,735,3,4107,0,30
2538,71,3,736,3,4110,65,30
2539,71,3,737,3,4113,27,30
2540,71,3,738,6,4119,0,60
2541,71,3,739,8,4127,154,80
2542,71,3,740,9,4136,86,90
2543,71,3,741,5,4141,0,50
2544,71,3,742,9,4150,133,90
2545,71,3,743,7,4157,73,70
2546,71,3,744,7,4164,67,70
2547,71,3,745,5,4169,42,50
2548,71,3,746,6,4175,0,60
2549,71,3,747,9,4184,164,90
2550,71,3,748,3,4187,45,30
2551,71,3,749,5,4192,58,50
2552,71,3,750,8,4200,74,80
2553,71,3,751,6,4206,0,60
2554,71,3,752,4,4210,109,40
2555,71,3,753,6,4216,50,60
2556,71,3,754,4,4220,36,40
2557,71,3,755,2,4222,14,20
2558,71,3,756,8,4230,0,80
2559,71,3,757,7,4237,118,70
2560,71,3,758,7,4244,94,70
2561,71,3,759,3,4247,38,30
2562,71,3,760,9,4256,102,90
2563,71,3,761,4,4260,36,40
2564,71,3,762,8,4268,98,80
2565,71,3,763,8,4276,63,80
2566,71,3,764,4,4280,39,40
2567,71,3,765,7,4287,59,70
2568,71,3,766,5,4292,0,50
2569,71,3,767,9,4301,144,90
2570,71,3,768,2,4303,0,20
2571,71,3,769,4,4307,55,40
2572,71,3,770,8,4315,97,80
2573,71,3,771,9,4324,0,90
2574,71,3,772,6,4330,142,60
2575,71,3,773,6,4336,71,60
2576,71,3,774,7,4343,67,70
2577,71,3,775,3,4346,29,30
2578,71,3,776,4,4350,30,40
2579,71,3,777,3,4353,32,30
2580,71,3,778,3,4356,22,30
2581,71,3,779,4,4360,42,40
2582,71,3,780,2,4362,21,20
2583,71,3,781,9,4371,87,90
2584,71,3,782,3,4374,37,30
2585,71,3,783,5,4379,39,50
2586,71,3,784,8,4387,82,80
2587,71,3,785,3,4390,35,30
2588,71,3,786,8,4398,83,80
2589,71,3,787,6,4404,57,60
2590,71,3,788,7,4411,63,70
2591,71,3,789,7,4418,68,70
2592,71,3,790,6,4424,0,60
2593,71,3,791,7,4431,117,70
2594,71,3,792,2,4433,10,20
2595,71,3,793,9,4442,95,90
2596,71,3,794,4,4446,40,40
2597,71,3,795,9,4455,91,90
2598,71,3,796,6,4461,55,60
2599,71,3,797,5,4466,54,50
2600,71,3,798,7,4473,86,70
2601,71,3,799,2,4475,17,20
2602,71,3,800,7,4482,68,70
2603,71,3,801,3,4485,29,30
2604,71,3,802,7,4492,68,70
2605,71,3,803,8,4500,82,80
2606,71,3,804,8,4508,84,80
2607,71,3,805,9,4517,94,90
2608,71,3,806,4,4521,40,40
2609,71,3,807,9,4530,82,90
2610,71,3,808,3,4533,33,30
2611,71,3,809,4,4537,46,40
2612,71,3,810,4,4541,39,40
2613,71,3,811,9,4550,89,90
2614,71,3,812,5,4555,0,50
2615,71,3,813,3,4558,71,30
2616,71,3,814,7,4565,79,70
2617,71,3,815,4,4569,37,40
2618,71,3,816,7,4576,73,70
2619,71,3,817,8,4584,88,80
2620,71,3,818,3,4587,34,30
2621,71,3,819,9,4596,99,90
2622,71,3,820,7,4603,73,70
2623,71,3,821,7,4610,65,70
2624,71,3,822,4,4614,0,40
2625,71,3,823,6,4620,0,60
2626,71,3,824,9,4629,191,90
2627,71,3,825,4,4633,0,40
2628,71,3,826,6,4639,102,60
2629,71,3,827,4,4643,31,40
2630,71,3,828,6,4649,61,60
2631,71,3,829,9,4658,85,90
2632,71,3,830,6,4664,63,60
2633,71,3,831,8,4672,85,80
2634,71,3,832,7,4679,77,70
2635,71,3,833,4,4683,43,40
2636,71,3,834,8,4691,95,80
2637,71,3,835,7,4698,0,70
2638,71,3,836,7,4705,0,70
2639,71,3,837,7,4712,0,70
2640,71,3,838,8,4720,273,80
2641,71,3,839,9,4729,89,90
2642,71,3,840,5,4734,0,50
2643,71,3,841,3,4737,79,30
2644,71,3,842,8,4745,74,80
2645,71,3,843,7,4752,68,70
2646,71,3,844,5,4757,59,50
2647,71,3,845,9,4766,82,90
2648,71,3,846,3,4769,20,30
2649,71,3,847,2,4771,0,20
2650,71,3,848,6,4777,65,60
2651,71,3,849,3,4780,33,30
2652,71,3,850,2,4782,29,20
2653,71,3,851,8,4790,0,80
2654,71,3,852,8,4798,160,80
2655,71,3,853,4,4802,54,40
2656,71,3,854,3,4805,29,30
2657,71,3,855,2,4807,25,20
2658,71,3,856,7,4814,69,70
2659,71,3,857,2,4816,22,20
2660,71,3,858,8,4824,0,80
2661,71,3,859,6,4830,0,60
2662,71,3,860,7,4837,220,70
2663,71,3,861,9,4846,83,90
2664,71,3,862,2,4848,20,20
2665,71,3,863,5,4853,50,50
2666,71,3,864,9,4862,77,90
2667,71,3,865,2,4864,20,20
2668,71,3,866,5,4869,47,50
2669,71,3,867,8,4877,0,80
2670,71,3,868,8,4885,150,80
2671,71,3,869,4,4889,36,40
2672,71,3,870,3,4892,0,30
2673,71,3,871,7,4899,101,70
2674,71,3,872,4,4903,34,40
2675,71,3,873,9,4912,97,90
2676,71,3,874,6,4918,68,60
2677,71,3,875,6,4924,65,60
2678,71,3,876,4,4928,38,40
2679,71,3,877,8,4936,75,80
2680,71,3,878,3,4939,0,30
2681,71,3,879,8,4947,114,80
2682,71,3,880,7,4954,76,70
2683,71,3,881,6,4960,55,60
2684,71,3,882,9,4969,89,90
2685,71,3,883,6,4975,0,60
2686,71,3,884,7,4982,146,70
2687,71,3,885,3,4985,31,30
2688,71,3,886,3,4988,38,30
2689,71,3,887,2,4990,0,20
2690,71,3,888,3,4993,52,30
2691,71,3,889,5,4998,62,50
