,Scenario,Trial,Inspection,Interval,Time,Defects,Rate
0,340,1,1,3,3,30,30
1,340,1,2,7,10,69,70
2,340,1,3,2,12,0,20
3,340,1,4,6,18,0,60
4,340,1,5,5,23,0,50
5,340,1,6,7,30,0,70
6,340,1,7,2,32,0,20
7,340,1,8,4,36,0,40
8,340,1,9,6,42,0,60
9,340,1,10,8,50,0,80
10,340,1,11,8,58,0,80
11,340,1,12,7,65,0,70
12,340,1,13,4,69,0,40
13,340,1,14,4,73,0,40
14,340,1,15,7,80,0,70
15,340,1,16,5,85,764,50
16,340,1,17,7,92,0,70
17,340,1,18,7,99,0,70
18,340,1,19,6,105,0,60
19,340,1,20,2,107,0,20
20,340,1,21,4,111,0,40
21,340,1,22,4,115,0,40
22,340,1,23,8,123,0,80
23,340,1,24,5,128,0,50
24,340,1,25,5,133,0,50
25,340,1,26,6,139,570,60
26,340,1,27,9,148,0,90
27,340,1,28,3,151,127,30
28,340,1,29,8,159,0,80
29,340,1,30,2,161,0,20
30,340,1,31,4,165,0,40
31,340,1,32,7,172,0,70
32,340,1,33,3,175,0,30
33,340,1,34,6,181,0,60
34,340,1,35,9,190,0,90
35,340,1,36,6,196,0,60
36,340,1,37,5,201,0,50
37,340,1,38,9,210,0,90
38,340,1,39,5,215,639,50
39,340,1,40,4,219,0,40
40,340,1,41,5,224,0,50
41,340,1,42,7,231,0,70
42,340,1,43,5,236,0,50
43,340,1,44,6,242,0,60
44,340,1,45,7,249,0,70
45,340,1,46,5,254,0,50
46,340,1,47,8,262,0,80
47,340,1,48,5,267,487,50
48,340,1,49,8,275,0,80
49,340,1,50,2,277,0,20
50,340,1,51,9,286,0,90
51,340,1,52,6,292,247,60
52,340,1,53,8,300,92,80
53,340,1,54,8,308,76,80
54,340,1,55,8,316,0,80
55,340,1,56,7,323,0,70
56,340,1,57,5,328,0,50
57,340,1,58,4,332,0,40
58,340,1,59,8,340,0,80
59,340,1,60,6,346,0,60
60,340,1,61,6,352,431,60
61,340,1,62,9,361,0,90
62,340,1,63,2,363,0,20
63,340,1,64,4,367,0,40
64,340,1,65,2,369,0,20
65,340,1,66,4,373,0,40
66,340,1,67,8,381,0,80
67,340,1,68,8,389,0,80
68,340,1,69,5,394,0,50
69,340,1,70,8,402,0,80
70,340,1,71,8,410,594,80
71,340,1,72,4,414,0,40
72,340,1,73,8,422,0,80
73,340,1,74,2,424,0,20
74,340,1,75,7,431,0,70
75,340,1,76,2,433,0,20
76,340,1,77,5,438,0,50
77,340,1,78,8,446,0,80
78,340,1,79,6,452,0,60
79,340,1,80,2,454,0,20
80,340,1,81,8,462,0,80
81,340,1,82,3,465,0,30
82,340,1,83,7,472,0,70
83,340,1,84,7,479,0,70
84,340,1,85,2,481,0,20
85,340,1,86,4,485,0,40
86,340,1,87,6,491,0,60
87,340,1,88,7,498,0,70
88,340,1,89,4,502,0,40
89,340,1,90,9,511,942,90
90,340,1,91,4,515,0,40
91,340,1,92,7,522,0,70
92,340,1,93,4,526,135,40
93,340,1,94,9,535,0,90
94,340,1,95,4,539,0,40
95,340,1,96,5,544,0,50
96,340,1,97,4,548,0,40
97,340,1,98,7,555,0,70
98,340,1,99,6,561,0,60
99,340,1,100,9,570,0,90
100,340,1,101,9,579,0,90
101,340,1,102,6,585,0,60
102,340,1,103,2,587,0,20
103,340,1,104,3,590,0,30
104,340,1,105,9,599,0,90
105,340,1,106,9,608,0,90
106,340,1,107,8,616,0,80
107,340,1,108,4,620,948,40
108,340,1,109,8,628,0,80
109,340,1,110,2,630,0,20
110,340,1,111,2,632,0,20
111,340,1,112,5,637,0,50
112,340,1,113,3,640,0,30
113,340,1,114,4,644,0,40
114,340,1,115,2,646,0,20
115,340,1,116,8,654,0,80
116,340,1,117,6,660,0,60
117,340,1,118,7,667,0,70
118,340,1,119,9,676,0,90
119,340,1,120,5,681,0,50
120,340,1,121,4,685,0,40
121,340,1,122,2,687,682,20
122,340,1,123,5,692,0,50
123,340,1,124,4,696,0,40
124,340,1,125,6,702,0,60
125,340,1,126,5,707,0,50
126,340,1,127,9,716,0,90
127,340,1,128,2,718,0,20
128,340,1,129,4,722,0,40
129,340,1,130,8,730,0,80
130,340,1,131,6,736,0,60
131,340,1,132,6,742,0,60
132,340,1,133,2,744,0,20
133,340,1,134,8,752,0,80
134,340,1,135,2,754,0,20
135,340,1,136,5,759,0,50
136,340,1,137,9,768,0,90
137,340,1,138,4,772,0,40
138,340,1,139,8,780,0,80
139,340,1,140,4,784,0,40
140,340,1,141,8,792,0,80
141,340,1,142,5,797,0,50
142,340,1,143,2,799,0,20
143,340,1,144,2,801,1127,20
144,340,1,145,8,809,0,80
145,340,1,146,9,818,0,90
146,340,1,147,8,826,0,80
147,340,1,148,2,828,0,20
148,340,1,149,5,833,0,50
149,340,1,150,9,842,0,90
150,340,1,151,3,845,0,30
151,340,1,152,6,851,0,60
152,340,1,153,3,854,0,30
153,340,1,154,3,857,0,30
154,340,1,155,3,860,553,30
155,340,1,156,5,865,0,50
156,340,1,157,7,872,0,70
157,340,1,158,4,876,0,40
158,340,1,159,5,881,0,50
159,340,1,160,2,883,0,20
160,340,1,161,4,887,0,40
161,340,1,162,4,891,0,40
162,340,1,163,4,895,0,40
163,340,1,164,7,902,389,70
164,340,1,165,8,910,0,80
165,340,1,166,7,917,0,70
166,340,1,167,2,919,160,20
167,340,1,168,3,922,0,30
168,340,1,169,9,931,0,90
169,340,1,170,3,934,0,30
170,340,1,171,2,936,0,20
171,340,1,172,2,938,0,20
172,340,1,173,7,945,0,70
173,340,1,174,8,953,0,80
174,340,1,175,3,956,0,30
175,340,1,176,3,959,0,30
176,340,1,177,6,965,481,60
177,340,1,178,7,972,0,70
178,340,1,179,5,977,0,50
179,340,1,180,6,983,0,60
180,340,1,181,4,987,0,40
181,340,1,182,6,993,0,60
182,340,1,183,9,1002,0,90
183,340,1,184,8,1010,0,80
184,340,1,185,2,1012,0,20
185,340,1,186,2,1014,0,20
186,340,1,187,5,1019,0,50
187,340,1,188,8,1027,0,80
188,340,1,189,5,1032,0,50
189,340,1,190,5,1037,0,50
190,340,1,191,7,1044,0,70
191,340,1,192,9,1053,0,90
192,340,1,193,4,1057,0,40
193,340,1,194,2,1059,0,20
194,340,1,195,3,1062,0,30
195,340,1,196,4,1066,0,40
196,340,1,197,9,1075,1105,90
197,340,1,198,4,1079,0,40
198,340,1,199,9,1088,0,90
199,340,1,200,2,1090,0,20
200,340,1,201,6,1096,0,60
201,340,1,202,6,1102,0,60
202,340,1,203,7,1109,0,70
203,340,1,204,5,1114,0,50
204,340,1,205,7,1121,0,70
205,340,1,206,6,1127,0,60
206,340,1,207,7,1134,0,70
207,340,1,208,9,1143,0,90
208,340,1,209,4,1147,0,40
209,340,1,210,2,1149,0,20
210,340,1,211,4,1153,796,40
211,340,1,212,3,1156,0,30
212,340,1,213,9,1165,0,90
213,340,1,214,6,1171,0,60
214,340,1,215,6,1177,0,60
215,340,1,216,9,1186,0,90
216,340,1,217,5,1191,0,50
217,340,1,218,3,1194,0,30
218,340,1,219,3,1197,0,30
219,340,1,220,7,1204,0,70
220,340,1,221,7,1211,0,70
221,340,1,222,5,1216,0,50
222,340,1,223,7,1223,0,70
223,340,1,224,9,1232,0,90
224,340,1,225,4,1236,0,40
225,340,1,226,6,1242,0,60
226,340,1,227,7,1249,0,70
227,340,1,228,2,1251,0,20
228,340,1,229,4,1255,0,40
229,340,1,230,6,1261,0,60
230,340,1,231,4,1265,0,40
231,340,1,232,9,1274,0,90
232,340,1,233,8,1282,0,80
233,340,1,234,5,1287,0,50
234,340,1,235,3,1290,0,30
235,340,1,236,3,1293,1398,30
236,340,1,237,8,1301,64,80
237,340,1,238,8,1309,0,80
238,340,1,239,9,1318,0,90
239,340,1,240,5,1323,0,50
240,340,1,241,9,1332,0,90
241,340,1,242,3,1335,0,30
242,340,1,243,7,1342,0,70
243,340,1,244,6,1348,0,60
244,340,1,245,8,1356,0,80
245,340,1,246,3,1359,541,30
246,340,1,247,6,1365,59,60
247,340,1,248,4,1369,0,40
248,340,1,249,7,1376,0,70
249,340,1,250,2,1378,139,20
250,340,1,251,5,1383,0,50
251,340,1,252,5,1388,87,50
252,340,1,253,5,1393,0,50
253,340,1,254,6,1399,0,60
254,340,1,255,7,1406,0,70
255,340,1,256,3,1409,0,30
256,340,1,257,5,1414,0,50
257,340,1,258,2,1416,0,20
258,340,1,259,3,1419,0,30
259,340,1,260,3,1422,329,30
260,340,1,261,8,1430,0,80
261,340,1,262,7,1437,0,70
262,340,1,263,7,1444,0,70
263,340,1,264,3,1447,0,30
264,340,1,265,9,1456,0,90
265,340,1,266,6,1462,0,60
266,340,1,267,5,1467,0,50
267,340,1,268,2,1469,0,20
268,340,1,269,5,1474,0,50
269,340,1,270,8,1482,0,80
270,340,1,271,4,1486,0,40
271,340,1,272,6,1492,0,60
272,340,1,273,8,1500,0,80
273,340,1,274,3,1503,0,30
274,340,1,275,5,1508,794,50
275,340,1,276,7,1515,0,70
276,340,1,277,8,1523,0,80
277,340,1,278,8,1531,244,80
278,340,1,279,6,1537,0,60
279,340,1,280,3,1540,0,30
280,340,1,281,5,1545,0,50
281,340,1,282,2,1547,0,20
282,340,1,283,9,1556,0,90
283,340,1,284,6,1562,0,60
284,340,1,285,7,1569,0,70
285,340,1,286,5,1574,0,50
286,340,1,287,9,1583,505,90
287,340,1,288,4,1587,0,40
288,340,1,289,6,1593,0,60
289,340,1,290,8,1601,0,80
290,340,1,291,7,1608,0,70
291,340,1,292,2,1610,0,20
292,340,1,293,8,1618,321,80
293,340,1,294,8,1626,0,80
294,340,1,295,6,1632,0,60
295,340,1,296,4,1636,0,40
296,340,1,297,4,1640,0,40
297,340,1,298,6,1646,0,60
298,340,1,299,7,1653,0,70
299,340,1,300,2,1655,0,20
300,340,1,301,6,1661,0,60
301,340,1,302,3,1664,0,30
302,340,1,303,6,1670,0,60
303,340,1,304,7,1677,616,70
304,340,1,305,7,1684,0,70
305,340,1,306,7,1691,0,70
306,340,1,307,5,1696,0,50
307,340,1,308,5,1701,0,50
308,340,1,309,9,1710,0,90
309,340,1,310,8,1718,0,80
310,340,1,311,4,1722,480,40
311,340,1,312,7,1729,0,70
312,340,1,313,4,1733,0,40
313,340,1,314,7,1740,0,70
314,340,1,315,5,1745,0,50
315,340,1,316,5,1750,0,50
316,340,1,317,9,1759,0,90
317,340,1,318,8,1767,0,80
318,340,1,319,8,1775,515,80
319,340,1,320,3,1778,0,30
320,340,1,321,6,1784,0,60
321,340,1,322,5,1789,0,50
322,340,1,323,4,1793,0,40
323,340,1,324,8,1801,0,80
324,340,1,325,8,1809,0,80
325,340,1,326,5,1814,0,50
326,340,1,327,9,1823,0,90
327,340,1,328,9,1832,0,90
328,340,1,329,8,1840,0,80
329,340,1,330,5,1845,0,50
330,340,1,331,2,1847,0,20
331,340,1,332,9,1856,0,90
332,340,1,333,3,1859,0,30
333,340,1,334,7,1866,0,70
334,340,1,335,9,1875,0,90
335,340,1,336,9,1884,0,90
336,340,1,337,3,1887,0,30
337,340,1,338,5,1892,0,50
338,340,1,339,7,1899,0,70
339,340,1,340,2,1901,1296,20
340,340,1,341,2,1903,0,20
341,340,1,342,6,1909,0,60
342,340,1,343,4,1913,0,40
343,340,1,344,5,1918,0,50
344,340,1,345,4,1922,0,40
345,340,1,346,8,1930,0,80
346,340,1,347,4,1934,0,40
347,340,1,348,4,1938,0,40
348,340,1,349,4,1942,0,40
349,340,1,350,2,1944,0,20
350,340,1,351,8,1952,0,80
351,340,1,352,4,1956,0,40
352,340,1,353,4,1960,0,40
353,340,1,354,5,1965,0,50
354,340,1,355,4,1969,0,40
355,340,1,356,2,1971,0,20
356,340,1,357,5,1976,710,50
357,340,1,358,4,1980,0,40
358,340,1,359,3,1983,0,30
359,340,1,360,2,1985,0,20
360,340,1,361,2,1987,0,20
361,340,1,362,9,1996,0,90
362,340,1,363,2,1998,0,20
363,340,1,364,6,2004,0,60
364,340,1,365,4,2008,0,40
365,340,1,366,9,2017,0,90
366,340,1,367,3,2020,0,30
367,340,1,368,2,2022,0,20
368,340,1,369,3,2025,0,30
369,340,1,370,5,2030,0,50
370,340,1,371,6,2036,0,60
371,340,1,372,8,2044,0,80
372,340,1,373,5,2049,0,50
373,340,1,374,8,2057,0,80
374,340,1,375,4,2061,0,40
375,340,1,376,7,2068,0,70
376,340,1,377,9,2077,0,90
377,340,1,378,9,2086,0,90
378,340,1,379,6,2092,0,60
379,340,1,380,6,2098,0,60
380,340,1,381,2,2100,0,20
381,340,1,382,3,2103,0,30
382,340,1,383,4,2107,0,40
383,340,1,384,7,2114,0,70
384,340,1,385,2,2116,1434,20
385,340,1,386,7,2123,0,70
386,340,1,387,2,2125,0,20
387,340,1,388,3,2128,0,30
388,340,1,389,7,2135,0,70
389,340,1,390,3,2138,209,30
390,340,1,391,8,2146,0,80
391,340,1,392,7,2153,0,70
392,340,1,393,3,2156,0,30
393,340,1,394,7,2163,0,70
394,340,1,395,3,2166,276,30
395,340,1,396,9,2175,0,90
396,340,1,397,2,2177,0,20
397,340,1,398,5,2182,0,50
398,340,1,399,6,2188,0,60
399,340,1,400,5,2193,0,50
400,340,1,401,7,2200,0,70
401,340,1,402,8,2208,0,80
402,340,1,403,3,2211,460,30
403,340,1,404,3,2214,0,30
404,340,1,405,6,2220,0,60
405,340,1,406,6,2226,0,60
406,340,1,407,8,2234,0,80
407,340,1,408,6,2240,0,60
408,340,1,409,4,2244,0,40
409,340,1,410,4,2248,0,40
410,340,1,411,2,2250,0,20
411,340,1,412,3,2253,0,30
412,340,1,413,8,2261,0,80
413,340,1,414,7,2268,596,70
414,340,1,415,9,2277,0,90
415,340,1,416,8,2285,0,80
416,340,1,417,3,2288,0,30
417,340,1,418,6,2294,0,60
418,340,1,419,2,2296,0,20
419,340,1,420,3,2299,0,30
420,340,1,421,7,2306,0,70
421,340,1,422,3,2309,0,30
422,340,1,423,9,2318,0,90
423,340,1,424,6,2324,0,60
424,340,1,425,6,2330,0,60
425,340,1,426,2,2332,0,20
426,340,1,427,7,2339,0,70
427,340,1,428,5,2344,0,50
428,340,1,429,3,2347,0,30
429,340,1,430,4,2351,808,40
430,340,1,431,6,2357,0,60
431,340,1,432,2,2359,0,20
432,340,1,433,4,2363,0,40
433,340,1,434,8,2371,0,80
434,340,1,435,5,2376,0,50
435,340,1,436,2,2378,286,20
436,340,1,437,5,2383,0,50
437,340,1,438,6,2389,0,60
438,340,1,439,8,2397,0,80
439,340,1,440,6,2403,0,60
440,340,1,441,2,2405,0,20
441,340,1,442,6,2411,0,60
442,340,1,443,9,2420,0,90
443,340,1,444,9,2429,0,90
444,340,1,445,8,2437,0,80
445,340,1,446,2,2439,0,20
446,340,1,447,9,2448,0,90
447,340,1,448,4,2452,0,40
448,340,1,449,8,2460,0,80
449,340,1,450,6,2466,0,60
450,340,1,451,4,2470,0,40
451,340,1,452,8,2478,1036,80
452,340,1,453,5,2483,0,50
453,340,1,454,4,2487,0,40
454,340,1,455,7,2494,0,70
455,340,1,456,3,2497,0,30
456,340,1,457,8,2505,0,80
457,340,1,458,8,2513,0,80
458,340,1,459,2,2515,0,20
459,340,1,460,6,2521,0,60
460,340,1,461,2,2523,0,20
461,340,1,462,3,2526,0,30
462,340,1,463,3,2529,0,30
463,340,1,464,3,2532,0,30
464,340,1,465,7,2539,0,70
465,340,1,466,4,2543,0,40
466,340,1,467,3,2546,0,30
467,340,1,468,7,2553,779,70
468,340,1,469,7,2560,0,70
469,340,1,470,5,2565,0,50
470,340,1,471,2,2567,0,20
471,340,1,472,6,2573,0,60
472,340,1,473,7,2580,0,70
473,340,1,474,7,2587,0,70
474,340,1,475,6,2593,0,60
475,340,1,476,3,2596,0,30
476,340,1,477,8,2604,0,80
477,340,1,478,7,2611,0,70
478,340,1,479,6,2617,0,60
479,340,1,480,8,2625,0,80
480,340,1,481,9,2634,0,90
481,340,1,482,7,2641,0,70
482,340,1,483,8,2649,0,80
483,340,1,484,9,2658,0,90
484,340,1,485,4,2662,1090,40
485,340,1,486,4,2666,0,40
486,340,1,487,9,2675,0,90
487,340,1,488,8,2683,0,80
488,340,1,489,8,2691,0,80
489,340,1,490,6,2697,0,60
490,340,1,491,7,2704,0,70
491,340,1,492,9,2713,0,90
492,340,1,493,9,2722,0,90
493,340,1,494,3,2725,0,30
494,340,1,495,3,2728,0,30
495,340,1,496,8,2736,0,80
496,340,1,497,8,2744,0,80
497,340,1,498,3,2747,0,30
498,340,1,499,5,2752,0,50
499,340,1,500,2,2754,0,20
500,340,1,501,6,2760,0,60
501,340,1,502,2,2762,0,20
502,340,1,503,5,2767,0,50
503,340,1,504,9,2776,0,90
504,340,1,505,6,2782,0,60
505,340,1,506,3,2785,0,30
506,340,1,507,5,2790,0,50
507,340,1,508,3,2793,1332,30
508,340,1,509,8,2801,0,80
509,340,1,510,3,2804,0,30
510,340,1,511,9,2813,0,90
511,340,1,512,5,2818,0,50
512,340,1,513,5,2823,0,50
513,340,1,514,9,2832,372,90
514,340,1,515,7,2839,0,70
515,340,1,516,7,2846,0,70
516,340,1,517,5,2851,0,50
517,340,1,518,7,2858,0,70
518,340,1,519,2,2860,0,20
519,340,1,520,4,2864,0,40
520,340,1,521,9,2873,402,90
521,340,1,522,8,2881,0,80
522,340,1,523,8,2889,0,80
523,340,1,524,8,2897,0,80
524,340,1,525,7,2904,0,70
525,340,1,526,8,2912,0,80
526,340,1,527,8,2920,0,80
527,340,1,528,4,2924,0,40
528,340,1,529,8,2932,0,80
529,340,1,530,6,2938,0,60
530,340,1,531,9,2947,0,90
531,340,1,532,4,2951,0,40
532,340,1,533,3,2954,0,30
533,340,1,534,8,2962,0,80
534,340,1,535,8,2970,0,80
535,340,1,536,9,2979,0,90
536,340,1,537,4,2983,0,40
537,340,1,538,6,2989,0,60
538,340,1,539,4,2993,0,40
539,340,1,540,4,2997,0,40
540,340,1,541,8,3005,0,80
541,340,1,542,7,3012,1375,70
542,340,1,543,2,3014,0,20
543,340,1,544,4,3018,57,40
544,340,1,545,7,3025,0,70
545,340,1,546,3,3028,0,30
546,340,1,547,4,3032,0,40
547,340,1,548,3,3035,0,30
548,340,1,549,4,3039,0,40
549,340,1,550,2,3041,0,20
550,340,1,551,6,3047,0,60
551,340,1,552,5,3052,0,50
552,340,1,553,7,3059,0,70
553,340,1,554,3,3062,0,30
554,340,1,555,3,3065,0,30
555,340,1,556,9,3074,0,90
556,340,1,557,4,3078,0,40
557,340,1,558,8,3086,0,80
558,340,1,559,9,3095,0,90
559,340,1,560,8,3103,0,80
560,340,1,561,2,3105,0,20
561,340,1,562,9,3114,0,90
562,340,1,563,2,3116,0,20
563,340,1,564,9,3125,0,90
564,340,1,565,3,3128,0,30
565,340,1,566,4,3132,0,40
566,340,1,567,7,3139,0,70
567,340,1,568,8,3147,1276,80
568,340,1,569,6,3153,55,60
569,340,1,570,6,3159,0,60
570,340,1,571,9,3168,0,90
571,340,1,572,8,3176,0,80
572,340,1,573,2,3178,0,20
573,340,1,574,4,3182,0,40
574,340,1,575,6,3188,0,60
575,340,1,576,8,3196,0,80
576,340,1,577,5,3201,0,50
577,340,1,578,7,3208,0,70
578,340,1,579,7,3215,0,70
579,340,1,580,2,3217,0,20
580,340,1,581,4,3221,0,40
581,340,1,582,8,3229,0,80
582,340,1,583,7,3236,0,70
583,340,1,584,3,3239,0,30
584,340,1,585,4,3243,0,40
585,340,1,586,5,3248,0,50
586,340,1,587,9,3257,0,90
587,340,1,588,3,3260,0,30
588,340,1,589,2,3262,0,20
589,340,1,590,8,3270,0,80
590,340,1,591,5,3275,0,50
591,340,1,592,9,3284,0,90
592,340,1,593,7,3291,0,70
593,340,1,594,9,3300,0,90
594,340,1,595,5,3305,0,50
595,340,1,596,9,3314,0,90
596,340,1,597,5,3319,0,50
597,340,1,598,7,3326,0,70
598,340,1,599,8,3334,0,80
599,340,1,600,5,3339,0,50
600,340,1,601,9,3348,0,90
601,340,1,602,4,3352,0,40
602,340,1,603,9,3361,0,90
603,340,1,604,3,3364,0,30
604,340,1,605,9,3373,0,90
605,340,1,606,3,3376,2196,30
606,340,1,607,2,3378,0,20
607,340,1,608,7,3385,0,70
608,340,1,609,6,3391,142,60
609,340,1,610,7,3398,0,70
610,340,1,611,2,3400,0,20
611,340,1,612,6,3406,0,60
612,340,1,613,9,3415,0,90
613,340,1,614,8,3423,0,80
614,340,1,615,3,3426,0,30
615,340,1,616,4,3430,0,40
616,340,1,617,5,3435,0,50
617,340,1,618,9,3444,0,90
618,340,1,619,4,3448,531,40
619,340,1,620,4,3452,0,40
620,340,1,621,6,3458,103,60
621,340,1,622,8,3466,0,80
622,340,1,623,2,3468,0,20
623,340,1,624,9,3477,0,90
624,340,1,625,4,3481,0,40
625,340,1,626,4,3485,0,40
626,340,1,627,4,3489,322,40
627,340,1,628,6,3495,0,60
628,340,1,629,2,3497,86,20
629,340,1,630,2,3499,0,20
630,340,1,631,7,3506,0,70
631,340,1,632,4,3510,0,40
632,340,1,633,5,3515,0,50
633,340,1,634,3,3518,0,30
634,340,1,635,9,3527,0,90
635,340,1,636,9,3536,0,90
636,340,1,637,8,3544,0,80
637,340,1,638,8,3552,572,80
638,340,1,639,4,3556,0,40
639,340,1,640,3,3559,0,30
640,340,1,641,5,3564,0,50
641,340,1,642,2,3566,0,20
642,340,1,643,2,3568,0,20
643,340,1,644,7,3575,0,70
644,340,1,645,6,3581,0,60
645,340,1,646,4,3585,0,40
646,340,1,647,7,3592,426,70
647,340,1,648,7,3599,0,70
648,340,1,649,5,3604,0,50
649,340,1,650,9,3613,0,90
650,340,1,651,2,3615,0,20
651,340,1,652,4,3619,0,40
652,340,1,653,4,3623,0,40
653,340,1,654,6,3629,0,60
654,340,1,655,5,3634,0,50
655,340,1,656,3,3637,0,30
656,340,1,657,4,3641,0,40
657,340,1,658,9,3650,0,90
658,340,1,659,2,3652,0,20
659,340,1,660,4,3656,0,40
660,340,1,661,7,3663,672,70
661,340,1,662,8,3671,0,80
662,340,1,663,7,3678,0,70
663,340,1,664,4,3682,0,40
664,340,1,665,3,3685,0,30
665,340,1,666,9,3694,333,90
666,340,1,667,4,3698,0,40
667,340,1,668,3,3701,0,30
668,340,1,669,5,3706,0,50
669,340,1,670,2,3708,157,20
670,340,1,671,2,3710,0,20
671,340,1,672,5,3715,0,50
672,340,1,673,4,3719,0,40
673,340,1,674,8,3727,0,80
674,340,1,675,7,3734,0,70
675,340,1,676,9,3743,0,90
676,340,1,677,7,3750,0,70
677,340,1,678,5,3755,0,50
678,340,1,679,7,3762,533,70
679,340,1,680,9,3771,0,90
680,340,1,681,6,3777,0,60
681,340,1,682,4,3781,0,40
682,340,1,683,2,3783,0,20
683,340,1,684,8,3791,0,80
684,340,1,685,8,3799,388,80
685,340,1,686,5,3804,0,50
686,340,1,687,5,3809,0,50
687,340,1,688,9,3818,0,90
688,340,1,689,9,3827,0,90
689,340,1,690,2,3829,0,20
690,340,1,691,7,3836,0,70
691,340,1,692,9,3845,0,90
692,340,1,693,3,3848,0,30
693,340,1,694,4,3852,553,40
694,340,1,695,6,3858,61,60
695,340,1,696,9,3867,0,90
696,340,1,697,8,3875,0,80
697,340,1,698,7,3882,0,70
698,340,1,699,9,3891,0,90
699,340,1,700,2,3893,0,20
700,340,1,701,6,3899,0,60
701,340,1,702,8,3907,0,80
702,340,1,703,5,3912,0,50
703,340,1,704,6,3918,0,60
704,340,1,705,7,3925,0,70
705,340,1,706,6,3931,0,60
706,340,1,707,2,3933,0,20
707,340,1,708,2,3935,0,20
708,340,1,709,2,3937,0,20
709,340,1,710,8,3945,0,80
710,340,1,711,6,3951,0,60
711,340,1,712,5,3956,0,50
712,340,1,713,8,3964,0,80
713,340,1,714,5,3969,0,50
714,340,1,715,5,3974,0,50
715,340,1,716,9,3983,0,90
716,340,1,717,9,3992,0,90
717,340,1,718,6,3998,1399,60
718,340,1,719,9,4007,0,90
719,340,1,720,7,4014,0,70
720,340,1,721,4,4018,0,40
721,340,1,722,3,4021,0,30
722,340,1,723,8,4029,0,80
723,340,1,724,7,4036,0,70
724,340,1,725,9,4045,0,90
725,340,1,726,8,4053,0,80
726,340,1,727,6,4059,0,60
727,340,1,728,2,4061,627,20
728,340,1,729,9,4070,0,90
729,340,1,730,3,4073,0,30
730,340,1,731,4,4077,0,40
731,340,1,732,6,4083,0,60
732,340,1,733,9,4092,0,90
733,340,1,734,3,4095,0,30
734,340,1,735,7,4102,0,70
735,340,1,736,7,4109,0,70
736,340,1,737,4,4113,0,40
737,340,1,738,3,4116,0,30
738,340,1,739,3,4119,0,30
739,340,1,740,3,4122,0,30
740,340,1,741,5,4127,0,50
741,340,1,742,3,4130,668,30
742,340,1,743,3,4133,0,30
743,340,1,744,6,4139,0,60
744,340,1,745,2,4141,115,20
745,340,1,746,9,4150,0,90
746,340,1,747,2,4152,0,20
747,340,1,748,7,4159,0,70
748,340,1,749,8,4167,0,80
749,340,1,750,5,4172,0,50
750,340,1,751,8,4180,0,80
751,340,1,752,7,4187,0,70
752,340,1,753,4,4191,0,40
753,340,1,754,9,4200,0,90
754,340,1,755,3,4203,0,30
755,340,1,756,7,4210,0,70
756,340,1,757,7,4217,0,70
757,340,1,758,3,4220,0,30
758,340,1,759,2,4222,0,20
759,340,1,760,5,4227,875,50
760,340,1,761,9,4236,0,90
761,340,1,762,2,4238,0,20
762,340,1,763,9,4247,0,90
763,340,1,764,3,4250,0,30
764,340,1,765,6,4256,0,60
765,340,1,766,9,4265,0,90
766,340,1,767,4,4269,0,40
767,340,1,768,9,4278,0,90
768,340,1,769,4,4282,0,40
769,340,1,770,6,4288,0,60
770,340,1,771,4,4292,0,40
771,340,1,772,4,4296,0,40
772,340,1,773,2,4298,0,20
773,340,1,774,2,4300,0,20
774,340,1,775,3,4303,0,30
775,340,1,776,8,4311,0,80
776,340,1,777,2,4313,0,20
777,340,1,778,5,4318,892,50
778,340,1,779,9,4327,0,90
779,340,1,780,3,4330,0,30
780,340,1,781,9,4339,0,90
781,340,1,782,8,4347,0,80
782,340,1,783,9,4356,0,90
783,340,1,784,2,4358,0,20
784,340,1,785,7,4365,455,70
785,340,1,786,4,4369,0,40
786,340,1,787,4,4373,94,40
787,340,1,788,8,4381,0,80
788,340,1,789,9,4390,160,90
789,340,1,790,6,4396,0,60
790,340,1,791,7,4403,0,70
791,340,1,792,7,4410,0,70
792,340,1,793,6,4416,0,60
793,340,1,794,6,4422,0,60
794,340,1,795,2,4424,335,20
795,340,1,796,6,4430,0,60
796,340,1,797,3,4433,0,30
797,340,1,798,4,4437,0,40
798,340,1,799,5,4442,0,50
799,340,1,800,7,4449,0,70
800,340,1,801,2,4451,0,20
801,340,1,802,3,4454,0,30
802,340,1,803,7,4461,0,70
803,340,1,804,8,4469,0,80
804,340,1,805,2,4471,0,20
805,340,1,806,2,4473,0,20
806,340,1,807,4,4477,525,40
807,340,1,808,4,4481,0,40
808,340,1,809,5,4486,0,50
809,340,1,810,4,4490,0,40
810,340,1,811,4,4494,0,40
811,340,1,812,6,4500,0,60
812,340,1,813,4,4504,0,40
813,340,1,814,4,4508,0,40
814,340,1,815,3,4511,0,30
815,340,1,816,6,4517,0,60
816,340,1,817,7,4524,0,70
817,340,1,818,7,4531,0,70
818,340,1,819,7,4538,0,70
819,340,1,820,8,4546,672,80
820,340,1,821,5,4551,0,50
821,340,1,822,7,4558,0,70
822,340,1,823,3,4561,0,30
823,340,1,824,5,4566,0,50
824,340,1,825,4,4570,0,40
825,340,1,826,7,4577,0,70
826,340,1,827,5,4582,0,50
827,340,1,828,4,4586,0,40
828,340,1,829,6,4592,0,60
829,340,1,830,5,4597,0,50
830,340,1,831,9,4606,0,90
831,340,1,832,6,4612,0,60
832,340,1,833,3,4615,0,30
833,340,1,834,4,4619,0,40
834,340,1,835,5,4624,0,50
835,340,1,836,2,4626,0,20
836,340,1,837,7,4633,0,70
837,340,1,838,7,4640,0,70
838,340,1,839,4,4644,0,40
839,340,1,840,5,4649,0,50
840,340,1,841,4,4653,0,40
841,340,1,842,4,4657,0,40
842,340,1,843,8,4665,0,80
843,340,1,844,7,4672,0,70
844,340,1,845,8,4680,1351,80
845,340,1,846,8,4688,0,80
846,340,1,847,7,4695,0,70
847,340,1,848,6,4701,0,60
848,340,1,849,3,4704,0,30
849,340,1,850,8,4712,0,80
850,340,1,851,5,4717,400,50
851,340,1,852,9,4726,100,90
852,340,1,853,6,4732,0,60
853,340,1,854,4,4736,0,40
854,340,1,855,8,4744,0,80
855,340,1,856,5,4749,0,50
856,340,1,857,7,4756,0,70
857,340,1,858,5,4761,0,50
858,340,1,859,7,4768,0,70
859,340,1,860,2,4770,0,20
860,340,1,861,4,4774,0,40
861,340,1,862,6,4780,0,60
862,340,1,863,6,4786,0,60
863,340,1,864,8,4794,0,80
864,340,1,865,9,4803,0,90
865,340,1,866,9,4812,0,90
866,340,1,867,7,4819,0,70
867,340,1,868,4,4823,0,40
868,340,1,869,3,4826,0,30
869,340,1,870,3,4829,0,30
870,340,1,871,6,4835,0,60
871,340,1,872,8,4843,1201,80
872,340,1,873,7,4850,0,70
873,340,1,874,5,4855,0,50
874,340,1,875,3,4858,0,30
875,340,1,876,2,4860,0,20
876,340,1,877,2,4862,0,20
877,340,1,878,6,4868,0,60
878,340,1,879,2,4870,0,20
879,340,1,880,7,4877,346,70
880,340,1,881,2,4879,0,20
881,340,1,882,9,4888,0,90
882,340,1,883,2,4890,119,20
883,340,1,884,8,4898,0,80
884,340,1,885,6,4904,138,60
885,340,1,886,9,4913,0,90
886,340,1,887,3,4916,108,30
887,340,1,888,8,4924,0,80
888,340,1,889,2,4926,0,20
889,340,1,890,2,4928,0,20
890,340,1,891,7,4935,0,70
891,340,1,892,2,4937,220,20
892,340,1,893,2,4939,0,20
893,340,1,894,3,4942,0,30
894,340,1,895,4,4946,0,40
895,340,1,896,6,4952,0,60
896,340,1,897,5,4957,0,50
897,340,1,898,7,4964,0,70
898,340,1,899,7,4971,0,70
899,340,1,900,6,4977,0,60
900,340,1,901,3,4980,0,30
901,340,1,902,8,4988,0,80
902,340,1,903,7,4995,0,70
903,340,2,1,5,5,56,50
904,340,2,2,4,9,0,40
905,340,2,3,2,11,0,20
906,340,2,4,2,13,0,20
907,340,2,5,4,17,0,40
908,340,2,6,5,22,0,50
909,340,2,7,4,26,0,40
910,340,2,8,8,34,0,80
911,340,2,9,6,40,0,60
912,340,2,10,7,47,0,70
913,340,2,11,6,53,0,60
914,340,2,12,8,61,0,80
915,340,2,13,2,63,0,20
916,340,2,14,7,70,0,70
917,340,2,15,9,79,0,90
918,340,2,16,9,88,0,90
919,340,2,17,7,95,0,70
920,340,2,18,5,100,925,50
921,340,2,19,8,108,0,80
922,340,2,20,6,114,0,60
923,340,2,21,7,121,0,70
924,340,2,22,6,127,0,60
925,340,2,23,3,130,0,30
926,340,2,24,5,135,0,50
927,340,2,25,5,140,0,50
928,340,2,26,9,149,0,90
929,340,2,27,5,154,555,50
930,340,2,28,6,160,0,60
931,340,2,29,8,168,0,80
932,340,2,30,8,176,0,80
933,340,2,31,9,185,0,90
934,340,2,32,2,187,0,20
935,340,2,33,4,191,0,40
936,340,2,34,5,196,0,50
937,340,2,35,7,203,0,70
938,340,2,36,2,205,550,20
939,340,2,37,8,213,81,80
940,340,2,38,6,219,0,60
941,340,2,39,7,226,0,70
942,340,2,40,9,235,0,90
943,340,2,41,6,241,0,60
944,340,2,42,8,249,0,80
945,340,2,43,8,257,0,80
946,340,2,44,4,261,0,40
947,340,2,45,2,263,0,20
948,340,2,46,4,267,0,40
949,340,2,47,9,276,0,90
950,340,2,48,2,278,669,20
951,340,2,49,9,287,0,90
952,340,2,50,9,296,0,90
953,340,2,51,8,304,0,80
954,340,2,52,9,313,361,90
955,340,2,53,5,318,0,50
956,340,2,54,6,324,109,60
957,340,2,55,3,327,0,30
958,340,2,56,9,336,0,90
959,340,2,57,7,343,0,70
960,340,2,58,2,345,0,20
961,340,2,59,8,353,0,80
962,340,2,60,9,362,0,90
963,340,2,61,9,371,444,90
964,340,2,62,7,378,0,70
965,340,2,63,3,381,0,30
966,340,2,64,5,386,0,50
967,340,2,65,3,389,0,30
968,340,2,66,2,391,0,20
969,340,2,67,3,394,0,30
970,340,2,68,8,402,333,80
971,340,2,69,7,409,0,70
972,340,2,70,6,415,0,60
973,340,2,71,2,417,0,20
974,340,2,72,7,424,0,70
975,340,2,73,3,427,0,30
976,340,2,74,7,434,0,70
977,340,2,75,5,439,0,50
978,340,2,76,6,445,0,60
979,340,2,77,8,453,0,80
980,340,2,78,2,455,0,20
981,340,2,79,9,464,0,90
982,340,2,80,5,469,687,50
983,340,2,81,2,471,0,20
984,340,2,82,7,478,0,70
985,340,2,83,3,481,134,30
986,340,2,84,2,483,0,20
987,340,2,85,4,487,0,40
988,340,2,86,9,496,155,90
989,340,2,87,3,499,36,30
990,340,2,88,7,506,0,70
991,340,2,89,9,515,0,90
992,340,2,90,6,521,0,60
993,340,2,91,7,528,0,70
994,340,2,92,9,537,0,90
995,340,2,93,4,541,0,40
996,340,2,94,2,543,0,20
997,340,2,95,8,551,0,80
998,340,2,96,2,553,0,20
999,340,2,97,5,558,0,50
1000,340,2,98,8,566,0,80
1001,340,2,99,6,572,0,60
1002,340,2,100,2,574,0,20
1003,340,2,101,8,582,0,80
1004,340,2,102,3,585,0,30
1005,340,2,103,5,590,0,50
1006,340,2,104,7,597,0,70
1007,340,2,105,4,601,0,40
1008,340,2,106,4,605,0,40
1009,340,2,107,9,614,0,90
1010,340,2,108,2,616,0,20
1011,340,2,109,8,624,0,80
1012,340,2,110,2,626,0,20
1013,340,2,111,5,631,0,50
1014,340,2,112,8,639,0,80
1015,340,2,113,6,645,0,60
1016,340,2,114,6,651,0,60
1017,340,2,115,2,653,0,20
1018,340,2,116,7,660,0,70
1019,340,2,117,8,668,0,80
1020,340,2,118,6,674,0,60
1021,340,2,119,3,677,0,30
1022,340,2,120,5,682,0,50
1023,340,2,121,5,687,0,50
1024,340,2,122,2,689,0,20
1025,340,2,123,5,694,0,50
1026,340,2,124,3,697,0,30
1027,340,2,125,6,703,0,60
1028,340,2,126,6,709,0,60
1029,340,2,127,7,716,0,70
1030,340,2,128,4,720,0,40
1031,340,2,129,6,726,0,60
1032,340,2,130,6,732,2302,60
1033,340,2,131,6,738,0,60
1034,340,2,132,3,741,0,30
1035,340,2,133,2,743,0,20
1036,340,2,134,5,748,0,50
1037,340,2,135,6,754,0,60
1038,340,2,136,7,761,0,70
1039,340,2,137,3,764,0,30
1040,340,2,138,4,768,346,40
1041,340,2,139,3,771,0,30
1042,340,2,140,3,774,0,30
1043,340,2,141,9,783,155,90
1044,340,2,142,8,791,0,80
1045,340,2,143,4,795,0,40
1046,340,2,144,7,802,0,70
1047,340,2,145,3,805,0,30
1048,340,2,146,3,808,0,30
1049,340,2,147,5,813,0,50
1050,340,2,148,9,822,0,90
1051,340,2,149,5,827,0,50
1052,340,2,150,9,836,0,90
1053,340,2,151,4,840,0,40
1054,340,2,152,8,848,0,80
1055,340,2,153,4,852,0,40
1056,340,2,154,4,856,0,40
1057,340,2,155,6,862,0,60
1058,340,2,156,7,869,842,70
1059,340,2,157,3,872,0,30
1060,340,2,158,8,880,0,80
1061,340,2,159,7,887,0,70
1062,340,2,160,3,890,0,30
1063,340,2,161,8,898,0,80
1064,340,2,162,9,907,0,90
1065,340,2,163,5,912,0,50
1066,340,2,164,7,919,0,70
1067,340,2,165,4,923,0,40
1068,340,2,166,7,930,0,70
1069,340,2,167,6,936,0,60
1070,340,2,168,3,939,702,30
1071,340,2,169,4,943,0,40
1072,340,2,170,7,950,0,70
1073,340,2,171,2,952,0,20
1074,340,2,172,9,961,0,90
1075,340,2,173,3,964,0,30
1076,340,2,174,3,967,309,30
1077,340,2,175,8,975,0,80
1078,340,2,176,4,979,0,40
1079,340,2,177,2,981,0,20
1080,340,2,178,8,989,0,80
1081,340,2,179,5,994,0,50
1082,340,2,180,8,1002,0,80
1083,340,2,181,4,1006,0,40
1084,340,2,182,9,1015,0,90
1085,340,2,183,3,1018,0,30
1086,340,2,184,3,1021,0,30
1087,340,2,185,4,1025,0,40
1088,340,2,186,4,1029,0,40
1089,340,2,187,8,1037,0,80
1090,340,2,188,4,1041,0,40
1091,340,2,189,4,1045,0,40
1092,340,2,190,7,1052,0,70
1093,340,2,191,8,1060,0,80
1094,340,2,192,6,1066,0,60
1095,340,2,193,8,1074,0,80
1096,340,2,194,7,1081,0,70
1097,340,2,195,8,1089,0,80
1098,340,2,196,2,1091,0,20
1099,340,2,197,7,1098,0,70
1100,340,2,198,6,1104,1323,60
1101,340,2,199,5,1109,0,50
1102,340,2,200,2,1111,0,20
1103,340,2,201,7,1118,0,70
1104,340,2,202,4,1122,0,40
1105,340,2,203,2,1124,0,20
1106,340,2,204,5,1129,0,50
1107,340,2,205,3,1132,0,30
1108,340,2,206,7,1139,349,70
1109,340,2,207,9,1148,0,90
1110,340,2,208,6,1154,0,60
1111,340,2,209,6,1160,190,60
1112,340,2,210,8,1168,0,80
1113,340,2,211,8,1176,0,80
1114,340,2,212,7,1183,0,70
1115,340,2,213,8,1191,0,80
1116,340,2,214,7,1198,0,70
1117,340,2,215,5,1203,404,50
1118,340,2,216,2,1205,0,20
1119,340,2,217,3,1208,0,30
1120,340,2,218,8,1216,0,80
1121,340,2,219,3,1219,0,30
1122,340,2,220,3,1222,0,30
1123,340,2,221,7,1229,0,70
1124,340,2,222,5,1234,0,50
1125,340,2,223,6,1240,0,60
1126,340,2,224,4,1244,0,40
1127,340,2,225,3,1247,0,30
1128,340,2,226,3,1250,0,30
1129,340,2,227,2,1252,0,20
1130,340,2,228,6,1258,0,60
1131,340,2,229,8,1266,0,80
1132,340,2,230,8,1274,0,80
1133,340,2,231,3,1277,0,30
1134,340,2,232,5,1282,0,50
1135,340,2,233,2,1284,0,20
1136,340,2,234,7,1291,0,70
1137,340,2,235,4,1295,0,40
1138,340,2,236,2,1297,0,20
1139,340,2,237,4,1301,0,40
1140,340,2,238,4,1305,0,40
1141,340,2,239,4,1309,0,40
1142,340,2,240,3,1312,0,30
1143,340,2,241,8,1320,1152,80
1144,340,2,242,8,1328,0,80
1145,340,2,243,5,1333,0,50
1146,340,2,244,3,1336,0,30
1147,340,2,245,6,1342,204,60
1148,340,2,246,8,1350,0,80
1149,340,2,247,8,1358,0,80
1150,340,2,248,2,1360,0,20
1151,340,2,249,4,1364,0,40
1152,340,2,250,5,1369,0,50
1153,340,2,251,6,1375,0,60
1154,340,2,252,3,1378,0,30
1155,340,2,253,5,1383,0,50
1156,340,2,254,6,1389,0,60
1157,340,2,255,4,1393,0,40
1158,340,2,256,4,1397,0,40
1159,340,2,257,7,1404,604,70
1160,340,2,258,9,1413,0,90
1161,340,2,259,7,1420,0,70
1162,340,2,260,4,1424,0,40
1163,340,2,261,8,1432,0,80
1164,340,2,262,3,1435,0,30
1165,340,2,263,4,1439,0,40
1166,340,2,264,8,1447,0,80
1167,340,2,265,7,1454,0,70
1168,340,2,266,9,1463,0,90
1169,340,2,267,6,1469,0,60
1170,340,2,268,6,1475,0,60
1171,340,2,269,4,1479,0,40
1172,340,2,270,6,1485,0,60
1173,340,2,271,7,1492,0,70
1174,340,2,272,4,1496,0,40
1175,340,2,273,4,1500,0,40
1176,340,2,274,6,1506,0,60
1177,340,2,275,5,1511,0,50
1178,340,2,276,9,1520,0,90
1179,340,2,277,8,1528,0,80
1180,340,2,278,9,1537,0,90
1181,340,2,279,5,1542,0,50
1182,340,2,280,9,1551,0,90
1183,340,2,281,4,1555,0,40
1184,340,2,282,2,1557,0,20
1185,340,2,283,2,1559,0,20
1186,340,2,284,7,1566,0,70
1187,340,2,285,9,1575,0,90
1188,340,2,286,8,1583,0,80
1189,340,2,287,6,1589,0,60
1190,340,2,288,7,1596,0,70
1191,340,2,289,6,1602,1960,60
1192,340,2,290,9,1611,0,90
1193,340,2,291,9,1620,0,90
1194,340,2,292,5,1625,0,50
1195,340,2,293,2,1627,0,20
1196,340,2,294,8,1635,0,80
1197,340,2,295,6,1641,0,60
1198,340,2,296,7,1648,0,70
1199,340,2,297,5,1653,0,50
1200,340,2,298,6,1659,0,60
1201,340,2,299,7,1666,0,70
1202,340,2,300,5,1671,0,50
1203,340,2,301,5,1676,0,50
1204,340,2,302,5,1681,774,50
1205,340,2,303,6,1687,0,60
1206,340,2,304,8,1695,0,80
1207,340,2,305,8,1703,0,80
1208,340,2,306,4,1707,0,40
1209,340,2,307,3,1710,0,30
1210,340,2,308,3,1713,0,30
1211,340,2,309,9,1722,0,90
1212,340,2,310,7,1729,0,70
1213,340,2,311,8,1737,0,80
1214,340,2,312,5,1742,0,50
1215,340,2,313,3,1745,0,30
1216,340,2,314,9,1754,0,90
1217,340,2,315,6,1760,0,60
1218,340,2,316,4,1764,0,40
1219,340,2,317,7,1771,0,70
1220,340,2,318,8,1779,0,80
1221,340,2,319,7,1786,0,70
1222,340,2,320,9,1795,0,90
1223,340,2,321,6,1801,0,60
1224,340,2,322,4,1805,0,40
1225,340,2,323,9,1814,0,90
1226,340,2,324,6,1820,0,60
1227,340,2,325,4,1824,0,40
1228,340,2,326,4,1828,0,40
1229,340,2,327,8,1836,0,80
1230,340,2,328,8,1844,0,80
1231,340,2,329,3,1847,0,30
1232,340,2,330,2,1849,0,20
1233,340,2,331,9,1858,0,90
1234,340,2,332,4,1862,0,40
1235,340,2,333,8,1870,0,80
1236,340,2,334,7,1877,0,70
1237,340,2,335,3,1880,0,30
1238,340,2,336,7,1887,0,70
1239,340,2,337,8,1895,0,80
1240,340,2,338,5,1900,2214,50
1241,340,2,339,2,1902,0,20
1242,340,2,340,6,1908,73,60
1243,340,2,341,5,1913,0,50
1244,340,2,342,9,1922,0,90
1245,340,2,343,6,1928,0,60
1246,340,2,344,7,1935,0,70
1247,340,2,345,8,1943,0,80
1248,340,2,346,3,1946,0,30
1249,340,2,347,7,1953,0,70
1250,340,2,348,7,1960,520,70
1251,340,2,349,9,1969,0,90
1252,340,2,350,5,1974,0,50
1253,340,2,351,2,1976,0,20
1254,340,2,352,8,1984,0,80
1255,340,2,353,4,1988,0,40
1256,340,2,354,7,1995,0,70
1257,340,2,355,3,1998,0,30
1258,340,2,356,4,2002,459,40
1259,340,2,357,7,2009,0,70
1260,340,2,358,4,2013,0,40
1261,340,2,359,6,2019,0,60
1262,340,2,360,4,2023,0,40
1263,340,2,361,7,2030,0,70
1264,340,2,362,5,2035,0,50
1265,340,2,363,5,2040,0,50
1266,340,2,364,4,2044,394,40
1267,340,2,365,6,2050,0,60
1268,340,2,366,5,2055,0,50
1269,340,2,367,4,2059,0,40
1270,340,2,368,5,2064,0,50
1271,340,2,369,5,2069,0,50
1272,340,2,370,3,2072,0,30
1273,340,2,371,3,2075,0,30
1274,340,2,372,8,2083,0,80
1275,340,2,373,8,2091,0,80
1276,340,2,374,6,2097,0,60
1277,340,2,375,7,2104,0,70
1278,340,2,376,6,2110,0,60
1279,340,2,377,6,2116,0,60
1280,340,2,378,5,2121,0,50
1281,340,2,379,5,2126,0,50
1282,340,2,380,9,2135,0,90
1283,340,2,381,2,2137,0,20
1284,340,2,382,4,2141,0,40
1285,340,2,383,3,2144,0,30
1286,340,2,384,9,2153,0,90
1287,340,2,385,7,2160,0,70
1288,340,2,386,9,2169,0,90
1289,340,2,387,9,2178,1314,90
1290,340,2,388,8,2186,0,80
1291,340,2,389,7,2193,0,70
1292,340,2,390,3,2196,0,30
1293,340,2,391,4,2200,0,40
1294,340,2,392,3,2203,0,30
1295,340,2,393,5,2208,0,50
1296,340,2,394,4,2212,0,40
1297,340,2,395,7,2219,0,70
1298,340,2,396,7,2226,0,70
1299,340,2,397,4,2230,0,40
1300,340,2,398,5,2235,568,50
1301,340,2,399,7,2242,0,70
1302,340,2,400,6,2248,0,60
1303,340,2,401,7,2255,0,70
1304,340,2,402,9,2264,0,90
1305,340,2,403,6,2270,0,60
1306,340,2,404,4,2274,0,40
1307,340,2,405,2,2276,0,20
1308,340,2,406,9,2285,0,90
1309,340,2,407,7,2292,0,70
1310,340,2,408,8,2300,0,80
1311,340,2,409,6,2306,0,60
1312,340,2,410,5,2311,0,50
1313,340,2,411,4,2315,0,40
1314,340,2,412,4,2319,0,40
1315,340,2,413,9,2328,0,90
1316,340,2,414,4,2332,0,40
1317,340,2,415,6,2338,0,60
1318,340,2,416,6,2344,0,60
1319,340,2,417,5,2349,0,50
1320,340,2,418,4,2353,0,40
1321,340,2,419,6,2359,0,60
1322,340,2,420,6,2365,0,60
1323,340,2,421,2,2367,0,20
1324,340,2,422,9,2376,0,90
1325,340,2,423,2,2378,0,20
1326,340,2,424,7,2385,0,70
1327,340,2,425,7,2392,0,70
1328,340,2,426,9,2401,0,90
1329,340,2,427,2,2403,0,20
1330,340,2,428,5,2408,0,50
1331,340,2,429,8,2416,0,80
1332,340,2,430,3,2419,0,30
1333,340,2,431,9,2428,0,90
1334,340,2,432,9,2437,0,90
1335,340,2,433,6,2443,0,60
1336,340,2,434,3,2446,0,30
1337,340,2,435,7,2453,2209,70
1338,340,2,436,7,2460,0,70
1339,340,2,437,5,2465,0,50
1340,340,2,438,9,2474,0,90
1341,340,2,439,5,2479,0,50
1342,340,2,440,9,2488,0,90
1343,340,2,441,8,2496,0,80
1344,340,2,442,8,2504,0,80
1345,340,2,443,6,2510,0,60
1346,340,2,444,5,2515,0,50
1347,340,2,445,3,2518,0,30
1348,340,2,446,3,2521,0,30
1349,340,2,447,5,2526,0,50
1350,340,2,448,8,2534,0,80
1351,340,2,449,3,2537,0,30
1352,340,2,450,8,2545,0,80
1353,340,2,451,6,2551,0,60
1354,340,2,452,5,2556,0,50
1355,340,2,453,6,2562,1087,60
1356,340,2,454,4,2566,47,40
1357,340,2,455,8,2574,74,80
1358,340,2,456,6,2580,0,60
1359,340,2,457,3,2583,0,30
1360,340,2,458,8,2591,0,80
1361,340,2,459,2,2593,0,20
1362,340,2,460,2,2595,0,20
1363,340,2,461,4,2599,0,40
1364,340,2,462,7,2606,303,70
1365,340,2,463,2,2608,0,20
1366,340,2,464,7,2615,0,70
1367,340,2,465,3,2618,0,30
1368,340,2,466,7,2625,180,70
1369,340,2,467,6,2631,0,60
1370,340,2,468,9,2640,0,90
1371,340,2,469,9,2649,0,90
1372,340,2,470,4,2653,0,40
1373,340,2,471,8,2661,0,80
1374,340,2,472,9,2670,0,90
1375,340,2,473,9,2679,0,90
1376,340,2,474,9,2688,0,90
1377,340,2,475,4,2692,0,40
1378,340,2,476,9,2701,0,90
1379,340,2,477,8,2709,0,80
1380,340,2,478,5,2714,0,50
1381,340,2,479,2,2716,0,20
1382,340,2,480,5,2721,0,50
1383,340,2,481,3,2724,0,30
1384,340,2,482,3,2727,0,30
1385,340,2,483,5,2732,0,50
1386,340,2,484,2,2734,0,20
1387,340,2,485,9,2743,0,90
1388,340,2,486,9,2752,0,90
1389,340,2,487,2,2754,0,20
1390,340,2,488,2,2756,0,20
1391,340,2,489,7,2763,0,70
1392,340,2,490,2,2765,1361,20
1393,340,2,491,9,2774,0,90
1394,340,2,492,8,2782,0,80
1395,340,2,493,7,2789,0,70
1396,340,2,494,9,2798,0,90
1397,340,2,495,6,2804,0,60
1398,340,2,496,6,2810,0,60
1399,340,2,497,5,2815,0,50
1400,340,2,498,2,2817,0,20
1401,340,2,499,6,2823,0,60
1402,340,2,500,4,2827,0,40
1403,340,2,501,9,2836,0,90
1404,340,2,502,3,2839,0,30
1405,340,2,503,9,2848,0,90
1406,340,2,504,5,2853,0,50
1407,340,2,505,4,2857,0,40
1408,340,2,506,4,2861,0,40
1409,340,2,507,7,2868,0,70
1410,340,2,508,3,2871,0,30
1411,340,2,509,7,2878,0,70
1412,340,2,510,2,2880,0,20
1413,340,2,511,5,2885,0,50
1414,340,2,512,9,2894,0,90
1415,340,2,513,5,2899,0,50
1416,340,2,514,7,2906,0,70
1417,340,2,515,6,2912,0,60
1418,340,2,516,7,2919,0,70
1419,340,2,517,5,2924,1547,50
1420,340,2,518,6,2930,54,60
1421,340,2,519,8,2938,0,80
1422,340,2,520,3,2941,0,30
1423,340,2,521,3,2944,0,30
1424,340,2,522,2,2946,0,20
1425,340,2,523,7,2953,0,70
1426,340,2,524,2,2955,0,20
1427,340,2,525,2,2957,0,20
1428,340,2,526,8,2965,0,80
1429,340,2,527,5,2970,0,50
1430,340,2,528,4,2974,0,40
1431,340,2,529,7,2981,0,70
1432,340,2,530,9,2990,604,90
1433,340,2,531,5,2995,0,50
1434,340,2,532,9,3004,0,90
1435,340,2,533,3,3007,0,30
1436,340,2,534,6,3013,221,60
1437,340,2,535,6,3019,0,60
1438,340,2,536,3,3022,0,30
1439,340,2,537,3,3025,0,30
1440,340,2,538,7,3032,0,70
1441,340,2,539,5,3037,0,50
1442,340,2,540,2,3039,0,20
1443,340,2,541,3,3042,0,30
1444,340,2,542,8,3050,0,80
1445,340,2,543,5,3055,0,50
1446,340,2,544,6,3061,0,60
1447,340,2,545,3,3064,497,30
1448,340,2,546,7,3071,0,70
1449,340,2,547,9,3080,0,90
1450,340,2,548,4,3084,0,40
1451,340,2,549,2,3086,0,20
1452,340,2,550,9,3095,0,90
1453,340,2,551,7,3102,0,70
1454,340,2,552,3,3105,0,30
1455,340,2,553,2,3107,0,20
1456,340,2,554,9,3116,0,90
1457,340,2,555,2,3118,0,20
1458,340,2,556,4,3122,0,40
1459,340,2,557,7,3129,0,70
1460,340,2,558,6,3135,0,60
1461,340,2,559,6,3141,0,60
1462,340,2,560,6,3147,0,60
1463,340,2,561,3,3150,0,30
1464,340,2,562,8,3158,0,80
1465,340,2,563,2,3160,0,20
1466,340,2,564,9,3169,0,90
1467,340,2,565,5,3174,0,50
1468,340,2,566,9,3183,0,90
1469,340,2,567,6,3189,0,60
1470,340,2,568,4,3193,0,40
1471,340,2,569,9,3202,0,90
1472,340,2,570,9,3211,1489,90
1473,340,2,571,5,3216,0,50
1474,340,2,572,5,3221,0,50
1475,340,2,573,3,3224,0,30
1476,340,2,574,8,3232,0,80
1477,340,2,575,7,3239,0,70
1478,340,2,576,5,3244,0,50
1479,340,2,577,6,3250,0,60
1480,340,2,578,5,3255,466,50
1481,340,2,579,2,3257,17,20
1482,340,2,580,6,3263,0,60
1483,340,2,581,3,3266,0,30
1484,340,2,582,7,3273,0,70
1485,340,2,583,2,3275,0,20
1486,340,2,584,6,3281,0,60
1487,340,2,585,3,3284,266,30
1488,340,2,586,6,3290,0,60
1489,340,2,587,8,3298,0,80
1490,340,2,588,3,3301,0,30
1491,340,2,589,5,3306,0,50
1492,340,2,590,7,3313,0,70
1493,340,2,591,2,3315,0,20
1494,340,2,592,4,3319,0,40
1495,340,2,593,7,3326,0,70
1496,340,2,594,6,3332,0,60
1497,340,2,595,5,3337,0,50
1498,340,2,596,7,3344,0,70
1499,340,2,597,2,3346,603,20
1500,340,2,598,9,3355,0,90
1501,340,2,599,7,3362,0,70
1502,340,2,600,6,3368,0,60
1503,340,2,601,3,3371,0,30
1504,340,2,602,6,3377,0,60
1505,340,2,603,8,3385,404,80
1506,340,2,604,6,3391,0,60
1507,340,2,605,8,3399,0,80
1508,340,2,606,8,3407,0,80
1509,340,2,607,5,3412,0,50
1510,340,2,608,5,3417,0,50
1511,340,2,609,2,3419,0,20
1512,340,2,610,7,3426,0,70
1513,340,2,611,9,3435,0,90
1514,340,2,612,6,3441,0,60
1515,340,2,613,7,3448,0,70
1516,340,2,614,3,3451,0,30
1517,340,2,615,4,3455,0,40
1518,340,2,616,6,3461,0,60
1519,340,2,617,7,3468,0,70
1520,340,2,618,2,3470,0,20
1521,340,2,619,9,3479,0,90
1522,340,2,620,4,3483,0,40
1523,340,2,621,9,3492,0,90
1524,340,2,622,3,3495,0,30
1525,340,2,623,5,3500,0,50
1526,340,2,624,8,3508,0,80
1527,340,2,625,9,3517,0,90
1528,340,2,626,4,3521,0,40
1529,340,2,627,6,3527,0,60
1530,340,2,628,4,3531,1470,40
1531,340,2,629,5,3536,0,50
1532,340,2,630,6,3542,0,60
1533,340,2,631,9,3551,0,90
1534,340,2,632,7,3558,0,70
1535,340,2,633,6,3564,0,60
1536,340,2,634,7,3571,0,70
1537,340,2,635,9,3580,0,90
1538,340,2,636,4,3584,0,40
1539,340,2,637,3,3587,0,30
1540,340,2,638,8,3595,0,80
1541,340,2,639,4,3599,0,40
1542,340,2,640,7,3606,0,70
1543,340,2,641,7,3613,0,70
1544,340,2,642,7,3620,0,70
1545,340,2,643,7,3627,0,70
1546,340,2,644,8,3635,0,80
1547,340,2,645,4,3639,0,40
1548,340,2,646,5,3644,0,50
1549,340,2,647,5,3649,0,50
1550,340,2,648,5,3654,0,50
1551,340,2,649,5,3659,0,50
1552,340,2,650,4,3663,0,40
1553,340,2,651,4,3667,0,40
1554,340,2,652,9,3676,0,90
1555,340,2,653,5,3681,0,50
1556,340,2,654,5,3686,0,50
1557,340,2,655,4,3690,0,40
1558,340,2,656,8,3698,0,80
1559,340,2,657,3,3701,0,30
1560,340,2,658,8,3709,0,80
1561,340,2,659,9,3718,0,90
1562,340,2,660,6,3724,0,60
1563,340,2,661,2,3726,0,20
1564,340,2,662,3,3729,0,30
1565,340,2,663,4,3733,0,40
1566,340,2,664,2,3735,0,20
1567,340,2,665,3,3738,0,30
1568,340,2,666,5,3743,0,50
1569,340,2,667,3,3746,0,30
1570,340,2,668,5,3751,0,50
1571,340,2,669,3,3754,0,30
1572,340,2,670,7,3761,0,70
1573,340,2,671,9,3770,0,90
1574,340,2,672,6,3776,0,60
1575,340,2,673,3,3779,0,30
1576,340,2,674,9,3788,0,90
1577,340,2,675,7,3795,0,70
1578,340,2,676,7,3802,0,70
1579,340,2,677,7,3809,0,70
1580,340,2,678,9,3818,0,90
1581,340,2,679,8,3826,0,80
1582,340,2,680,5,3831,0,50
1583,340,2,681,6,3837,0,60
1584,340,2,682,4,3841,0,40
1585,340,2,683,9,3850,0,90
1586,340,2,684,5,3855,0,50
1587,340,2,685,8,3863,0,80
1588,340,2,686,7,3870,0,70
1589,340,2,687,4,3874,0,40
1590,340,2,688,8,3882,0,80
1591,340,2,689,4,3886,0,40
1592,340,2,690,6,3892,0,60
1593,340,2,691,5,3897,0,50
1594,340,2,692,2,3899,0,20
1595,340,2,693,5,3904,0,50
1596,340,2,694,3,3907,0,30
1597,340,2,695,6,3913,0,60
1598,340,2,696,2,3915,0,20
1599,340,2,697,4,3919,0,40
1600,340,2,698,9,3928,0,90
1601,340,2,699,2,3930,0,20
1602,340,2,700,9,3939,3939,90
1603,340,2,701,4,3943,0,40
1604,340,2,702,9,3952,116,90
1605,340,2,703,3,3955,0,30
1606,340,2,704,3,3958,0,30
1607,340,2,705,8,3966,0,80
1608,340,2,706,9,3975,0,90
1609,340,2,707,5,3980,0,50
1610,340,2,708,4,3984,314,40
1611,340,2,709,9,3993,84,90
1612,340,2,710,8,4001,0,80
1613,340,2,711,4,4005,0,40
1614,340,2,712,5,4010,0,50
1615,340,2,713,5,4015,0,50
1616,340,2,714,4,4019,0,40
1617,340,2,715,9,4028,330,90
1618,340,2,716,6,4034,0,60
1619,340,2,717,7,4041,0,70
1620,340,2,718,7,4048,0,70
1621,340,2,719,2,4050,0,20
1622,340,2,720,9,4059,0,90
1623,340,2,721,9,4068,0,90
1624,340,2,722,3,4071,0,30
1625,340,2,723,5,4076,0,50
1626,340,2,724,4,4080,0,40
1627,340,2,725,7,4087,0,70
1628,340,2,726,5,4092,568,50
1629,340,2,727,8,4100,0,80
1630,340,2,728,5,4105,0,50
1631,340,2,729,4,4109,0,40
1632,340,2,730,9,4118,0,90
1633,340,2,731,9,4127,0,90
1634,340,2,732,3,4130,389,30
1635,340,2,733,8,4138,0,80
1636,340,2,734,9,4147,0,90
1637,340,2,735,5,4152,0,50
1638,340,2,736,2,4154,0,20
1639,340,2,737,7,4161,0,70
1640,340,2,738,6,4167,0,60
1641,340,2,739,6,4173,0,60
1642,340,2,740,6,4179,0,60
1643,340,2,741,6,4185,532,60
1644,340,2,742,7,4192,0,70
1645,340,2,743,4,4196,0,40
1646,340,2,744,3,4199,0,30
1647,340,2,745,4,4203,0,40
1648,340,2,746,8,4211,0,80
1649,340,2,747,7,4218,0,70
1650,340,2,748,7,4225,0,70
1651,340,2,749,3,4228,0,30
1652,340,2,750,6,4234,0,60
1653,340,2,751,6,4240,0,60
1654,340,2,752,3,4243,0,30
1655,340,2,753,4,4247,0,40
1656,340,2,754,8,4255,701,80
1657,340,2,755,6,4261,0,60
1658,340,2,756,6,4267,0,60
1659,340,2,757,8,4275,0,80
1660,340,2,758,9,4284,0,90
1661,340,2,759,4,4288,0,40
1662,340,2,760,2,4290,0,20
1663,340,2,761,8,4298,0,80
1664,340,2,762,5,4303,0,50
1665,340,2,763,6,4309,0,60
1666,340,2,764,6,4315,0,60
1667,340,2,765,8,4323,0,80
1668,340,2,766,3,4326,0,30
1669,340,2,767,5,4331,0,50
1670,340,2,768,9,4340,0,90
1671,340,2,769,4,4344,0,40
1672,340,2,770,9,4353,0,90
1673,340,2,771,9,4362,0,90
1674,340,2,772,7,4369,0,70
1675,340,2,773,7,4376,0,70
1676,340,2,774,4,4380,0,40
1677,340,2,775,4,4384,0,40
1678,340,2,776,3,4387,0,30
1679,340,2,777,3,4390,0,30
1680,340,2,778,8,4398,1465,80
1681,340,2,779,8,4406,0,80
1682,340,2,780,2,4408,0,20
1683,340,2,781,6,4414,0,60
1684,340,2,782,6,4420,0,60
1685,340,2,783,6,4426,0,60
1686,340,2,784,2,4428,0,20
1687,340,2,785,8,4436,0,80
1688,340,2,786,2,4438,401,20
1689,340,2,787,3,4441,0,30
1690,340,2,788,3,4444,0,30
1691,340,2,789,7,4451,0,70
1692,340,2,790,7,4458,0,70
1693,340,2,791,2,4460,0,20
1694,340,2,792,4,4464,263,40
1695,340,2,793,8,4472,0,80
1696,340,2,794,8,4480,0,80
1697,340,2,795,3,4483,0,30
1698,340,2,796,5,4488,0,50
1699,340,2,797,4,4492,0,40
1700,340,2,798,2,4494,0,20
1701,340,2,799,4,4498,0,40
1702,340,2,800,6,4504,0,60
1703,340,2,801,4,4508,0,40
1704,340,2,802,2,4510,0,20
1705,340,2,803,9,4519,0,90
1706,340,2,804,3,4522,0,30
1707,340,2,805,7,4529,0,70
1708,340,2,806,5,4534,0,50
1709,340,2,807,8,4542,771,80
1710,340,2,808,3,4545,0,30
1711,340,2,809,9,4554,0,90
1712,340,2,810,9,4563,223,90
1713,340,2,811,7,4570,0,70
1714,340,2,812,8,4578,0,80
1715,340,2,813,9,4587,0,90
1716,340,2,814,2,4589,0,20
1717,340,2,815,7,4596,0,70
1718,340,2,816,6,4602,0,60
1719,340,2,817,8,4610,0,80
1720,340,2,818,9,4619,0,90
1721,340,2,819,5,4624,0,50
1722,340,2,820,8,4632,0,80
1723,340,2,821,7,4639,0,70
1724,340,2,822,4,4643,733,40
1725,340,2,823,7,4650,0,70
1726,340,2,824,2,4652,0,20
1727,340,2,825,8,4660,0,80
1728,340,2,826,2,4662,0,20
1729,340,2,827,6,4668,0,60
1730,340,2,828,9,4677,0,90
1731,340,2,829,3,4680,0,30
1732,340,2,830,3,4683,0,30
1733,340,2,831,8,4691,507,80
1734,340,2,832,8,4699,0,80
1735,340,2,833,8,4707,0,80
1736,340,2,834,4,4711,0,40
1737,340,2,835,8,4719,0,80
1738,340,2,836,8,4727,0,80
1739,340,2,837,5,4732,0,50
1740,340,2,838,8,4740,0,80
1741,340,2,839,7,4747,546,70
1742,340,2,840,2,4749,0,20
1743,340,2,841,2,4751,0,20
1744,340,2,842,7,4758,0,70
1745,340,2,843,6,4764,0,60
1746,340,2,844,3,4767,0,30
1747,340,2,845,8,4775,0,80
1748,340,2,846,2,4777,346,20
1749,340,2,847,4,4781,0,40
1750,340,2,848,8,4789,0,80
1751,340,2,849,4,4793,154,40
1752,340,2,850,7,4800,70,70
1753,340,2,851,7,4807,0,70
1754,340,2,852,9,4816,0,90
1755,340,2,853,7,4823,210,70
1756,340,2,854,6,4829,0,60
1757,340,2,855,5,4834,0,50
1758,340,2,856,3,4837,0,30
1759,340,2,857,9,4846,0,90
1760,340,2,858,4,4850,0,40
1761,340,2,859,3,4853,0,30
1762,340,2,860,4,4857,0,40
1763,340,2,861,7,4864,0,70
1764,340,2,862,2,4866,0,20
1765,340,2,863,9,4875,0,90
1766,340,2,864,7,4882,0,70
1767,340,2,865,3,4885,0,30
1768,340,2,866,8,4893,0,80
1769,340,2,867,6,4899,0,60
1770,340,2,868,7,4906,0,70
1771,340,2,869,2,4908,0,20
1772,340,2,870,8,4916,0,80
1773,340,2,871,8,4924,0,80
1774,340,2,872,7,4931,0,70
1775,340,2,873,5,4936,0,50
1776,340,2,874,6,4942,0,60
1777,340,2,875,9,4951,0,90
1778,340,2,876,5,4956,0,50
1779,340,2,877,3,4959,0,30
1780,340,2,878,7,4966,0,70
1781,340,2,879,3,4969,0,30
1782,340,2,880,7,4976,0,70
1783,340,2,881,2,4978,0,20
1784,340,2,882,5,4983,0,50
1785,340,2,883,4,4987,0,40
1786,340,2,884,7,4994,0,70
1787,340,2,885,2,4996,0,20
1788,340,2,886,2,4998,0,20
1789,340,3,1,2,2,0,20
1790,340,3,2,6,8,73,60
1791,340,3,3,8,16,0,80
1792,340,3,4,6,22,0,60
1793,340,3,5,2,24,0,20
1794,340,3,6,4,28,0,40
1795,340,3,7,2,30,0,20
1796,340,3,8,9,39,0,90
1797,340,3,9,7,46,0,70
1798,340,3,10,7,53,0,70
1799,340,3,11,6,59,0,60
1800,340,3,12,4,63,0,40
1801,340,3,13,9,72,0,90
1802,340,3,14,7,79,0,70
1803,340,3,15,9,88,0,90
1804,340,3,16,3,91,0,30
1805,340,3,17,3,94,0,30
1806,340,3,18,9,103,0,90
1807,340,3,19,7,110,0,70
1808,340,3,20,9,119,0,90
1809,340,3,21,6,125,0,60
1810,340,3,22,2,127,0,20
1811,340,3,23,6,133,0,60
1812,340,3,24,5,138,0,50
1813,340,3,25,9,147,0,90
1814,340,3,26,6,153,0,60
1815,340,3,27,9,162,0,90
1816,340,3,28,5,167,1575,50
1817,340,3,29,7,174,0,70
1818,340,3,30,9,183,0,90
1819,340,3,31,4,187,0,40
1820,340,3,32,5,192,0,50
1821,340,3,33,4,196,0,40
1822,340,3,34,5,201,0,50
1823,340,3,35,3,204,0,30
1824,340,3,36,5,209,0,50
1825,340,3,37,2,211,0,20
1826,340,3,38,6,217,0,60
1827,340,3,39,7,224,0,70
1828,340,3,40,8,232,0,80
1829,340,3,41,3,235,0,30
1830,340,3,42,2,237,0,20
1831,340,3,43,7,244,0,70
1832,340,3,44,8,252,0,80
1833,340,3,45,7,259,0,70
1834,340,3,46,5,264,0,50
1835,340,3,47,4,268,0,40
1836,340,3,48,2,270,0,20
1837,340,3,49,6,276,0,60
1838,340,3,50,6,282,0,60
1839,340,3,51,6,288,0,60
1840,340,3,52,3,291,0,30
1841,340,3,53,7,298,0,70
1842,340,3,54,3,301,0,30
1843,340,3,55,5,306,0,50
1844,340,3,56,6,312,0,60
1845,340,3,57,4,316,0,40
1846,340,3,58,8,324,0,80
1847,340,3,59,9,333,0,90
1848,340,3,60,8,341,0,80
1849,340,3,61,2,343,0,20
1850,340,3,62,6,349,1872,60
1851,340,3,63,2,351,0,20
1852,340,3,64,3,354,0,30
1853,340,3,65,7,361,0,70
1854,340,3,66,8,369,0,80
1855,340,3,67,6,375,0,60
1856,340,3,68,9,384,0,90
1857,340,3,69,3,387,0,30
1858,340,3,70,5,392,440,50
1859,340,3,71,7,399,0,70
1860,340,3,72,6,405,0,60
1861,340,3,73,7,412,0,70
1862,340,3,74,4,416,0,40
1863,340,3,75,5,421,0,50
1864,340,3,76,6,427,0,60
1865,340,3,77,2,429,0,20
1866,340,3,78,8,437,0,80
1867,340,3,79,6,443,0,60
1868,340,3,80,7,450,0,70
1869,340,3,81,4,454,0,40
1870,340,3,82,6,460,0,60
1871,340,3,83,8,468,0,80
1872,340,3,84,2,470,0,20
1873,340,3,85,9,479,809,90
1874,340,3,86,3,482,30,30
1875,340,3,87,7,489,0,70
1876,340,3,88,2,491,0,20
1877,340,3,89,3,494,0,30
1878,340,3,90,9,503,0,90
1879,340,3,91,4,507,0,40
1880,340,3,92,6,513,307,60
1881,340,3,93,5,518,0,50
1882,340,3,94,5,523,0,50
1883,340,3,95,9,532,0,90
1884,340,3,96,7,539,0,70
1885,340,3,97,6,545,0,60
1886,340,3,98,7,552,0,70
1887,340,3,99,4,556,0,40
1888,340,3,100,8,564,0,80
1889,340,3,101,9,573,0,90
1890,340,3,102,2,575,0,20
1891,340,3,103,7,582,0,70
1892,340,3,104,6,588,775,60
1893,340,3,105,7,595,0,70
1894,340,3,106,6,601,0,60
1895,340,3,107,4,605,0,40
1896,340,3,108,9,614,0,90
1897,340,3,109,5,619,0,50
1898,340,3,110,6,625,0,60
1899,340,3,111,7,632,0,70
1900,340,3,112,4,636,0,40
1901,340,3,113,3,639,0,30
1902,340,3,114,9,648,0,90
1903,340,3,115,2,650,0,20
1904,340,3,116,3,653,0,30
1905,340,3,117,5,658,0,50
1906,340,3,118,5,663,0,50
1907,340,3,119,2,665,0,20
1908,340,3,120,3,668,0,30
1909,340,3,121,2,670,0,20
1910,340,3,122,5,675,0,50
1911,340,3,123,4,679,0,40
1912,340,3,124,5,684,0,50
1913,340,3,125,2,686,0,20
1914,340,3,126,4,690,0,40
1915,340,3,127,2,692,0,20
1916,340,3,128,4,696,0,40
1917,340,3,129,2,698,0,20
1918,340,3,130,2,700,0,20
1919,340,3,131,5,705,0,50
1920,340,3,132,6,711,0,60
1921,340,3,133,2,713,1255,20
1922,340,3,134,9,722,0,90
1923,340,3,135,2,724,0,20
1924,340,3,136,6,730,0,60
1925,340,3,137,6,736,249,60
1926,340,3,138,4,740,0,40
1927,340,3,139,9,749,0,90
1928,340,3,140,6,755,0,60
1929,340,3,141,8,763,0,80
1930,340,3,142,9,772,0,90
1931,340,3,143,8,780,0,80
1932,340,3,144,9,789,0,90
1933,340,3,145,5,794,0,50
1934,340,3,146,3,797,596,30
1935,340,3,147,5,802,0,50
1936,340,3,148,3,805,0,30
1937,340,3,149,5,810,0,50
1938,340,3,150,6,816,0,60
1939,340,3,151,7,823,0,70
1940,340,3,152,5,828,0,50
1941,340,3,153,9,837,0,90
1942,340,3,154,5,842,0,50
1943,340,3,155,2,844,0,20
1944,340,3,156,9,853,536,90
1945,340,3,157,7,860,0,70
1946,340,3,158,9,869,0,90
1947,340,3,159,9,878,255,90
1948,340,3,160,3,881,0,30
1949,340,3,161,7,888,0,70
1950,340,3,162,5,893,0,50
1951,340,3,163,3,896,0,30
1952,340,3,164,4,900,232,40
1953,340,3,165,7,907,0,70
1954,340,3,166,3,910,0,30
1955,340,3,167,4,914,0,40
1956,340,3,168,7,921,0,70
1957,340,3,169,7,928,271,70
1958,340,3,170,7,935,0,70
1959,340,3,171,5,940,0,50
1960,340,3,172,5,945,0,50
1961,340,3,173,4,949,0,40
1962,340,3,174,6,955,0,60
1963,340,3,175,8,963,335,80
1964,340,3,176,4,967,40,40
1965,340,3,177,5,972,0,50
1966,340,3,178,4,976,0,40
1967,340,3,179,9,985,0,90
1968,340,3,180,5,990,0,50
1969,340,3,181,8,998,0,80
1970,340,3,182,5,1003,0,50
1971,340,3,183,8,1011,0,80
1972,340,3,184,9,1020,0,90
1973,340,3,185,4,1024,0,40
1974,340,3,186,8,1032,0,80
1975,340,3,187,6,1038,0,60
1976,340,3,188,8,1046,0,80
1977,340,3,189,4,1050,0,40
1978,340,3,190,8,1058,0,80
1979,340,3,191,3,1061,0,30
1980,340,3,192,3,1064,0,30
1981,340,3,193,6,1070,0,60
1982,340,3,194,6,1076,0,60
1983,340,3,195,6,1082,0,60
1984,340,3,196,3,1085,0,30
1985,340,3,197,9,1094,0,90
1986,340,3,198,8,1102,0,80
1987,340,3,199,8,1110,1531,80
1988,340,3,200,5,1115,0,50
1989,340,3,201,8,1123,0,80
1990,340,3,202,4,1127,0,40
1991,340,3,203,2,1129,0,20
1992,340,3,204,2,1131,0,20
1993,340,3,205,9,1140,0,90
1994,340,3,206,4,1144,0,40
1995,340,3,207,2,1146,0,20
1996,340,3,208,2,1148,0,20
1997,340,3,209,6,1154,448,60
1998,340,3,210,3,1157,0,30
1999,340,3,211,8,1165,0,80
2000,340,3,212,7,1172,0,70
2001,340,3,213,2,1174,0,20
2002,340,3,214,7,1181,0,70
2003,340,3,215,8,1189,0,80
2004,340,3,216,5,1194,0,50
2005,340,3,217,7,1201,0,70
2006,340,3,218,4,1205,0,40
2007,340,3,219,3,1208,0,30
2008,340,3,220,6,1214,0,60
2009,340,3,221,6,1220,0,60
2010,340,3,222,9,1229,0,90
2011,340,3,223,8,1237,0,80
2012,340,3,224,9,1246,0,90
2013,340,3,225,9,1255,0,90
2014,340,3,226,6,1261,1090,60
2015,340,3,227,8,1269,102,80
2016,340,3,228,4,1273,0,40
2017,340,3,229,3,1276,0,30
2018,340,3,230,7,1283,0,70
2019,340,3,231,6,1289,0,60
2020,340,3,232,4,1293,0,40
2021,340,3,233,5,1298,279,50
2022,340,3,234,3,1301,0,30
2023,340,3,235,8,1309,0,80
2024,340,3,236,9,1318,0,90
2025,340,3,237,5,1323,0,50
2026,340,3,238,6,1329,0,60
2027,340,3,239,7,1336,0,70
2028,340,3,240,5,1341,0,50
2029,340,3,241,7,1348,0,70
2030,340,3,242,2,1350,457,20
2031,340,3,243,6,1356,0,60
2032,340,3,244,7,1363,0,70
2033,340,3,245,2,1365,0,20
2034,340,3,246,6,1371,0,60
2035,340,3,247,4,1375,0,40
2036,340,3,248,8,1383,0,80
2037,340,3,249,2,1385,0,20
2038,340,3,250,3,1388,0,30
2039,340,3,251,5,1393,449,50
2040,340,3,252,9,1402,0,90
2041,340,3,253,9,1411,0,90
2042,340,3,254,2,1413,0,20
2043,340,3,255,2,1415,0,20
2044,340,3,256,8,1423,0,80
2045,340,3,257,3,1426,0,30
2046,340,3,258,3,1429,0,30
2047,340,3,259,8,1437,0,80
2048,340,3,260,3,1440,0,30
2049,340,3,261,9,1449,0,90
2050,340,3,262,9,1458,0,90
2051,340,3,263,4,1462,0,40
2052,340,3,264,6,1468,0,60
2053,340,3,265,7,1475,0,70
2054,340,3,266,8,1483,0,80
2055,340,3,267,6,1489,0,60
2056,340,3,268,4,1493,0,40
2057,340,3,269,5,1498,0,50
2058,340,3,270,3,1501,0,30
2059,340,3,271,3,1504,0,30
2060,340,3,272,6,1510,0,60
2061,340,3,273,2,1512,0,20
2062,340,3,274,2,1514,0,20
2063,340,3,275,6,1520,0,60
2064,340,3,276,7,1527,0,70
2065,340,3,277,4,1531,1386,40
2066,340,3,278,9,1540,0,90
2067,340,3,279,6,1546,0,60
2068,340,3,280,2,1548,0,20
2069,340,3,281,2,1550,0,20
2070,340,3,282,5,1555,232,50
2071,340,3,283,3,1558,0,30
2072,340,3,284,2,1560,0,20
2073,340,3,285,6,1566,0,60
2074,340,3,286,9,1575,0,90
2075,340,3,287,3,1578,0,30
2076,340,3,288,5,1583,0,50
2077,340,3,289,4,1587,289,40
2078,340,3,290,5,1592,0,50
2079,340,3,291,2,1594,0,20
2080,340,3,292,5,1599,0,50
2081,340,3,293,2,1601,0,20
2082,340,3,294,7,1608,0,70
2083,340,3,295,2,1610,0,20
2084,340,3,296,7,1617,0,70
2085,340,3,297,9,1626,417,90
2086,340,3,298,3,1629,0,30
2087,340,3,299,7,1636,0,70
2088,340,3,300,6,1642,0,60
2089,340,3,301,6,1648,0,60
2090,340,3,302,9,1657,312,90
2091,340,3,303,5,1662,0,50
2092,340,3,304,2,1664,0,20
2093,340,3,305,8,1672,0,80
2094,340,3,306,8,1680,0,80
2095,340,3,307,9,1689,0,90
2096,340,3,308,5,1694,0,50
2097,340,3,309,2,1696,0,20
2098,340,3,310,6,1702,0,60
2099,340,3,311,2,1704,0,20
2100,340,3,312,2,1706,0,20
2101,340,3,313,4,1710,0,40
2102,340,3,314,4,1714,0,40
2103,340,3,315,4,1718,0,40
2104,340,3,316,7,1725,0,70
2105,340,3,317,4,1729,0,40
2106,340,3,318,5,1734,0,50
2107,340,3,319,5,1739,0,50
2108,340,3,320,6,1745,0,60
2109,340,3,321,5,1750,940,50
2110,340,3,322,9,1759,0,90
2111,340,3,323,5,1764,0,50
2112,340,3,324,8,1772,0,80
2113,340,3,325,2,1774,0,20
2114,340,3,326,5,1779,299,50
2115,340,3,327,4,1783,0,40
2116,340,3,328,5,1788,0,50
2117,340,3,329,7,1795,0,70
2118,340,3,330,6,1801,0,60
2119,340,3,331,8,1809,0,80
2120,340,3,332,8,1817,0,80
2121,340,3,333,3,1820,0,30
2122,340,3,334,7,1827,0,70
2123,340,3,335,2,1829,0,20
2124,340,3,336,2,1831,0,20
2125,340,3,337,9,1840,0,90
2126,340,3,338,3,1843,0,30
2127,340,3,339,5,1848,0,50
2128,340,3,340,5,1853,0,50
2129,340,3,341,4,1857,792,40
2130,340,3,342,7,1864,0,70
2131,340,3,343,9,1873,0,90
2132,340,3,344,4,1877,0,40
2133,340,3,345,5,1882,272,50
2134,340,3,346,6,1888,0,60
2135,340,3,347,5,1893,0,50
2136,340,3,348,4,1897,0,40
2137,340,3,349,2,1899,0,20
2138,340,3,350,9,1908,0,90
2139,340,3,351,9,1917,0,90
2140,340,3,352,3,1920,0,30
2141,340,3,353,4,1924,0,40
2142,340,3,354,9,1933,0,90
2143,340,3,355,9,1942,0,90
2144,340,3,356,7,1949,0,70
2145,340,3,357,8,1957,0,80
2146,340,3,358,5,1962,0,50
2147,340,3,359,4,1966,0,40
2148,340,3,360,2,1968,0,20
2149,340,3,361,6,1974,0,60
2150,340,3,362,9,1983,0,90
2151,340,3,363,5,1988,0,50
2152,340,3,364,5,1993,0,50
2153,340,3,365,9,2002,0,90
2154,340,3,366,9,2011,0,90
2155,340,3,367,5,2016,0,50
2156,340,3,368,4,2020,0,40
2157,340,3,369,9,2029,0,90
2158,340,3,370,4,2033,0,40
2159,340,3,371,6,2039,1578,60
2160,340,3,372,8,2047,0,80
2161,340,3,373,8,2055,0,80
2162,340,3,374,7,2062,0,70
2163,340,3,375,6,2068,0,60
2164,340,3,376,7,2075,0,70
2165,340,3,377,7,2082,0,70
2166,340,3,378,7,2089,0,70
2167,340,3,379,7,2096,0,70
2168,340,3,380,5,2101,639,50
2169,340,3,381,4,2105,0,40
2170,340,3,382,4,2109,0,40
2171,340,3,383,4,2113,0,40
2172,340,3,384,9,2122,0,90
2173,340,3,385,2,2124,0,20
2174,340,3,386,6,2130,292,60
2175,340,3,387,5,2135,0,50
2176,340,3,388,3,2138,74,30
2177,340,3,389,7,2145,63,70
2178,340,3,390,7,2152,0,70
2179,340,3,391,3,2155,0,30
2180,340,3,392,3,2158,0,30
2181,340,3,393,7,2165,0,70
2182,340,3,394,2,2167,0,20
2183,340,3,395,2,2169,0,20
2184,340,3,396,9,2178,0,90
2185,340,3,397,5,2183,0,50
2186,340,3,398,9,2192,0,90
2187,340,3,399,7,2199,0,70
2188,340,3,400,9,2208,0,90
2189,340,3,401,8,2216,0,80
2190,340,3,402,4,2220,0,40
2191,340,3,403,3,2223,0,30
2192,340,3,404,4,2227,0,40
2193,340,3,405,3,2230,0,30
2194,340,3,406,8,2238,0,80
2195,340,3,407,8,2246,0,80
2196,340,3,408,8,2254,0,80
2197,340,3,409,7,2261,0,70
2198,340,3,410,4,2265,0,40
2199,340,3,411,2,2267,1228,20
2200,340,3,412,6,2273,0,60
2201,340,3,413,5,2278,0,50
2202,340,3,414,4,2282,0,40
2203,340,3,415,7,2289,0,70
2204,340,3,416,9,2298,0,90
2205,340,3,417,3,2301,344,30
2206,340,3,418,5,2306,0,50
2207,340,3,419,2,2308,0,20
2208,340,3,420,3,2311,99,30
2209,340,3,421,5,2316,0,50
2210,340,3,422,4,2320,0,40
2211,340,3,423,6,2326,0,60
2212,340,3,424,2,2328,0,20
2213,340,3,425,9,2337,0,90
2214,340,3,426,3,2340,0,30
2215,340,3,427,9,2349,0,90
2216,340,3,428,5,2354,0,50
2217,340,3,429,8,2362,0,80
2218,340,3,430,6,2368,0,60
2219,340,3,431,4,2372,0,40
2220,340,3,432,8,2380,0,80
2221,340,3,433,5,2385,0,50
2222,340,3,434,2,2387,0,20
2223,340,3,435,3,2390,0,30
2224,340,3,436,9,2399,0,90
2225,340,3,437,3,2402,0,30
2226,340,3,438,5,2407,0,50
2227,340,3,439,8,2415,0,80
2228,340,3,440,3,2418,0,30
2229,340,3,441,7,2425,0,70
2230,340,3,442,6,2431,0,60
2231,340,3,443,7,2438,0,70
2232,340,3,444,2,2440,0,20
2233,340,3,445,4,2444,0,40
2234,340,3,446,6,2450,0,60
2235,340,3,447,4,2454,0,40
2236,340,3,448,2,2456,0,20
2237,340,3,449,2,2458,0,20
2238,340,3,450,8,2466,0,80
2239,340,3,451,8,2474,0,80
2240,340,3,452,4,2478,0,40
2241,340,3,453,5,2483,0,50
2242,340,3,454,2,2485,0,20
2243,340,3,455,5,2490,0,50
2244,340,3,456,5,2495,0,50
2245,340,3,457,8,2503,1934,80
2246,340,3,458,6,2509,0,60
2247,340,3,459,6,2515,0,60
2248,340,3,460,3,2518,0,30
2249,340,3,461,6,2524,0,60
2250,340,3,462,3,2527,0,30
2251,340,3,463,6,2533,282,60
2252,340,3,464,8,2541,0,80
2253,340,3,465,4,2545,0,40
2254,340,3,466,5,2550,0,50
2255,340,3,467,8,2558,0,80
2256,340,3,468,5,2563,0,50
2257,340,3,469,5,2568,0,50
2258,340,3,470,6,2574,0,60
2259,340,3,471,6,2580,0,60
2260,340,3,472,5,2585,0,50
2261,340,3,473,2,2587,0,20
2262,340,3,474,8,2595,0,80
2263,340,3,475,9,2604,0,90
2264,340,3,476,9,2613,0,90
2265,340,3,477,5,2618,0,50
2266,340,3,478,6,2624,0,60
2267,340,3,479,9,2633,0,90
2268,340,3,480,2,2635,0,20
2269,340,3,481,5,2640,0,50
2270,340,3,482,8,2648,0,80
2271,340,3,483,9,2657,1246,90
2272,340,3,484,2,2659,0,20
2273,340,3,485,4,2663,0,40
2274,340,3,486,7,2670,0,70
2275,340,3,487,8,2678,0,80
2276,340,3,488,9,2687,0,90
2277,340,3,489,9,2696,0,90
2278,340,3,490,9,2705,0,90
2279,340,3,491,3,2708,0,30
2280,340,3,492,5,2713,0,50
2281,340,3,493,8,2721,0,80
2282,340,3,494,6,2727,0,60
2283,340,3,495,2,2729,0,20
2284,340,3,496,6,2735,0,60
2285,340,3,497,9,2744,0,90
2286,340,3,498,5,2749,0,50
2287,340,3,499,6,2755,978,60
2288,340,3,500,8,2763,0,80
2289,340,3,501,8,2771,0,80
2290,340,3,502,7,2778,0,70
2291,340,3,503,7,2785,0,70
2292,340,3,504,5,2790,0,50
2293,340,3,505,9,2799,0,90
2294,340,3,506,6,2805,0,60
2295,340,3,507,9,2814,0,90
2296,340,3,508,2,2816,0,20
2297,340,3,509,3,2819,0,30
2298,340,3,510,5,2824,0,50
2299,340,3,511,4,2828,0,40
2300,340,3,512,4,2832,0,40
2301,340,3,513,2,2834,0,20
2302,340,3,514,8,2842,0,80
2303,340,3,515,5,2847,912,50
2304,340,3,516,9,2856,0,90
2305,340,3,517,9,2865,0,90
2306,340,3,518,3,2868,0,30
2307,340,3,519,8,2876,0,80
2308,340,3,520,2,2878,0,20
2309,340,3,521,2,2880,0,20
2310,340,3,522,7,2887,0,70
2311,340,3,523,5,2892,0,50
2312,340,3,524,8,2900,0,80
2313,340,3,525,7,2907,0,70
2314,340,3,526,7,2914,0,70
2315,340,3,527,8,2922,0,80
2316,340,3,528,4,2926,0,40
2317,340,3,529,2,2928,0,20
2318,340,3,530,5,2933,0,50
2319,340,3,531,7,2940,0,70
2320,340,3,532,9,2949,0,90
2321,340,3,533,7,2956,0,70
2322,340,3,534,2,2958,1135,20
2323,340,3,535,7,2965,0,70
2324,340,3,536,8,2973,0,80
2325,340,3,537,3,2976,0,30
2326,340,3,538,6,2982,0,60
2327,340,3,539,3,2985,289,30
2328,340,3,540,3,2988,0,30
2329,340,3,541,7,2995,0,70
2330,340,3,542,5,3000,0,50
2331,340,3,543,2,3002,0,20
2332,340,3,544,2,3004,0,20
2333,340,3,545,7,3011,0,70
2334,340,3,546,9,3020,0,90
2335,340,3,547,3,3023,0,30
2336,340,3,548,6,3029,0,60
2337,340,3,549,8,3037,0,80
2338,340,3,550,7,3044,0,70
2339,340,3,551,3,3047,0,30
2340,340,3,552,9,3056,0,90
2341,340,3,553,6,3062,0,60
2342,340,3,554,7,3069,0,70
2343,340,3,555,9,3078,904,90
2344,340,3,556,8,3086,0,80
2345,340,3,557,9,3095,0,90
2346,340,3,558,6,3101,0,60
2347,340,3,559,4,3105,0,40
2348,340,3,560,4,3109,0,40
2349,340,3,561,2,3111,0,20
2350,340,3,562,4,3115,0,40
2351,340,3,563,5,3120,0,50
2352,340,3,564,2,3122,0,20
2353,340,3,565,6,3128,0,60
2354,340,3,566,7,3135,0,70
2355,340,3,567,8,3143,0,80
2356,340,3,568,2,3145,0,20
2357,340,3,569,9,3154,0,90
2358,340,3,570,9,3163,0,90
2359,340,3,571,4,3167,0,40
2360,340,3,572,3,3170,0,30
2361,340,3,573,3,3173,0,30
2362,340,3,574,6,3179,0,60
2363,340,3,575,2,3181,0,20
2364,340,3,576,2,3183,0,20
2365,340,3,577,3,3186,1088,30
2366,340,3,578,4,3190,0,40
2367,340,3,579,5,3195,0,50
2368,340,3,580,7,3202,0,70
2369,340,3,581,9,3211,0,90
2370,340,3,582,9,3220,0,90
2371,340,3,583,2,3222,0,20
2372,340,3,584,5,3227,0,50
2373,340,3,585,8,3235,0,80
2374,340,3,586,3,3238,509,30
2375,340,3,587,7,3245,0,70
2376,340,3,588,3,3248,0,30
2377,340,3,589,8,3256,0,80
2378,340,3,590,5,3261,0,50
2379,340,3,591,6,3267,0,60
2380,340,3,592,4,3271,0,40
2381,340,3,593,5,3276,0,50
2382,340,3,594,7,3283,0,70
2383,340,3,595,2,3285,0,20
2384,340,3,596,4,3289,0,40
2385,340,3,597,7,3296,0,70
2386,340,3,598,7,3303,0,70
2387,340,3,599,6,3309,680,60
2388,340,3,600,8,3317,0,80
2389,340,3,601,4,3321,0,40
2390,340,3,602,8,3329,0,80
2391,340,3,603,9,3338,0,90
2392,340,3,604,2,3340,0,20
2393,340,3,605,8,3348,0,80
2394,340,3,606,5,3353,0,50
2395,340,3,607,9,3362,0,90
2396,340,3,608,9,3371,0,90
2397,340,3,609,8,3379,0,80
2398,340,3,610,4,3383,0,40
2399,340,3,611,8,3391,0,80
2400,340,3,612,4,3395,0,40
2401,340,3,613,7,3402,0,70
2402,340,3,614,5,3407,957,50
2403,340,3,615,8,3415,0,80
2404,340,3,616,3,3418,0,30
2405,340,3,617,6,3424,0,60
2406,340,3,618,9,3433,0,90
2407,340,3,619,5,3438,0,50
2408,340,3,620,2,3440,0,20
2409,340,3,621,6,3446,0,60
2410,340,3,622,3,3449,0,30
2411,340,3,623,5,3454,0,50
2412,340,3,624,2,3456,0,20
2413,340,3,625,4,3460,0,40
2414,340,3,626,3,3463,0,30
2415,340,3,627,8,3471,0,80
2416,340,3,628,5,3476,0,50
2417,340,3,629,4,3480,0,40
2418,340,3,630,4,3484,0,40
2419,340,3,631,8,3492,0,80
2420,340,3,632,7,3499,0,70
2421,340,3,633,6,3505,979,60
2422,340,3,634,6,3511,0,60
2423,340,3,635,9,3520,0,90
2424,340,3,636,8,3528,229,80
2425,340,3,637,8,3536,0,80
2426,340,3,638,2,3538,0,20
2427,340,3,639,6,3544,0,60
2428,340,3,640,8,3552,237,80
2429,340,3,641,9,3561,0,90
2430,340,3,642,2,3563,0,20
2431,340,3,643,5,3568,0,50
2432,340,3,644,3,3571,0,30
2433,340,3,645,5,3576,0,50
2434,340,3,646,4,3580,0,40
2435,340,3,647,3,3583,0,30
2436,340,3,648,2,3585,0,20
2437,340,3,649,5,3590,380,50
2438,340,3,650,8,3598,0,80
2439,340,3,651,9,3607,173,90
2440,340,3,652,3,3610,31,30
2441,340,3,653,4,3614,0,40
2442,340,3,654,2,3616,0,20
2443,340,3,655,8,3624,0,80
2444,340,3,656,4,3628,0,40
2445,340,3,657,2,3630,0,20
2446,340,3,658,7,3637,0,70
2447,340,3,659,2,3639,0,20
2448,340,3,660,4,3643,0,40
2449,340,3,661,7,3650,0,70
2450,340,3,662,9,3659,485,90
2451,340,3,663,8,3667,0,80
2452,340,3,664,7,3674,0,70
2453,340,3,665,4,3678,0,40
2454,340,3,666,7,3685,0,70
2455,340,3,667,4,3689,0,40
2456,340,3,668,8,3697,0,80
2457,340,3,669,5,3702,0,50
2458,340,3,670,8,3710,0,80
2459,340,3,671,6,3716,0,60
2460,340,3,672,4,3720,0,40
2461,340,3,673,6,3726,0,60
2462,340,3,674,7,3733,0,70
2463,340,3,675,5,3738,0,50
2464,340,3,676,2,3740,0,20
2465,340,3,677,4,3744,0,40
2466,340,3,678,6,3750,0,60
2467,340,3,679,5,3755,0,50
2468,340,3,680,2,3757,0,20
2469,340,3,681,5,3762,0,50
2470,340,3,682,6,3768,0,60
2471,340,3,683,5,3773,0,50
2472,340,3,684,5,3778,0,50
2473,340,3,685,5,3783,0,50
2474,340,3,686,5,3788,0,50
2475,340,3,687,7,3795,0,70
2476,340,3,688,8,3803,0,80
2477,340,3,689,7,3810,0,70
2478,340,3,690,4,3814,0,40
2479,340,3,691,3,3817,0,30
2480,340,3,692,4,3821,0,40
2481,340,3,693,5,3826,0,50
2482,340,3,694,7,3833,0,70
2483,340,3,695,8,3841,0,80
2484,340,3,696,7,3848,1878,70
2485,340,3,697,7,3855,0,70
2486,340,3,698,6,3861,0,60
2487,340,3,699,6,3867,0,60
2488,340,3,700,8,3875,279,80
2489,340,3,701,6,3881,0,60
2490,340,3,702,7,3888,0,70
2491,340,3,703,7,3895,0,70
2492,340,3,704,9,3904,0,90
2493,340,3,705,4,3908,0,40
2494,340,3,706,5,3913,0,50
2495,340,3,707,5,3918,0,50
2496,340,3,708,4,3922,0,40
2497,340,3,709,3,3925,0,30
2498,340,3,710,3,3928,0,30
2499,340,3,711,2,3930,0,20
2500,340,3,712,2,3932,0,20
2501,340,3,713,5,3937,0,50
2502,340,3,714,6,3943,0,60
2503,340,3,715,9,3952,0,90
2504,340,3,716,2,3954,0,20
2505,340,3,717,4,3958,0,40
2506,340,3,718,7,3965,0,70
2507,340,3,719,4,3969,0,40
2508,340,3,720,3,3972,0,30
2509,340,3,721,9,3981,1004,90
2510,340,3,722,2,3983,0,20
2511,340,3,723,6,3989,0,60
2512,340,3,724,9,3998,0,90
2513,340,3,725,4,4002,0,40
2514,340,3,726,5,4007,0,50
2515,340,3,727,3,4010,0,30
2516,340,3,728,6,4016,313,60
2517,340,3,729,6,4022,0,60
2518,340,3,730,9,4031,0,90
2519,340,3,731,8,4039,0,80
2520,340,3,732,3,4042,0,30
2521,340,3,733,6,4048,0,60
2522,340,3,734,7,4055,0,70
2523,340,3,735,4,4059,0,40
2524,340,3,736,3,4062,0,30
2525,340,3,737,7,4069,0,70
2526,340,3,738,3,4072,0,30
2527,340,3,739,3,4075,0,30
2528,340,3,740,6,4081,0,60
2529,340,3,741,6,4087,0,60
2530,340,3,742,4,4091,0,40
2531,340,3,743,2,4093,0,20
2532,340,3,744,8,4101,0,80
2533,340,3,745,5,4106,0,50
2534,340,3,746,6,4112,0,60
2535,340,3,747,2,4114,0,20
2536,340,3,748,7,4121,0,70
2537,340,3,749,8,4129,0,80
2538,340,3,750,5,4134,0,50
2539,340,3,751,7,4141,0,70
2540,340,3,752,6,4147,0,60
2541,340,3,753,4,4151,0,40
2542,340,3,754,7,4158,0,70
2543,340,3,755,7,4165,1542,70
2544,340,3,756,9,4174,0,90
2545,340,3,757,2,4176,0,20
2546,340,3,758,3,4179,0,30
2547,340,3,759,9,4188,0,90
2548,340,3,760,9,4197,0,90
2549,340,3,761,3,4200,0,30
2550,340,3,762,4,4204,0,40
2551,340,3,763,8,4212,467,80
2552,340,3,764,2,4214,0,20
2553,340,3,765,6,4220,0,60
2554,340,3,766,5,4225,124,50
2555,340,3,767,5,4230,0,50
2556,340,3,768,7,4237,0,70
2557,340,3,769,6,4243,0,60
2558,340,3,770,9,4252,0,90
2559,340,3,771,7,4259,0,70
2560,340,3,772,2,4261,0,20
2561,340,3,773,5,4266,0,50
2562,340,3,774,2,4268,0,20
2563,340,3,775,5,4273,0,50
2564,340,3,776,9,4282,0,90
2565,340,3,777,4,4286,0,40
2566,340,3,778,6,4292,0,60
2567,340,3,779,3,4295,0,30
2568,340,3,780,3,4298,0,30
2569,340,3,781,2,4300,0,20
2570,340,3,782,8,4308,0,80
2571,340,3,783,9,4317,0,90
2572,340,3,784,6,4323,0,60
2573,340,3,785,3,4326,0,30
2574,340,3,786,4,4330,0,40
2575,340,3,787,5,4335,0,50
2576,340,3,788,4,4339,0,40
2577,340,3,789,6,4345,0,60
2578,340,3,790,2,4347,0,20
2579,340,3,791,4,4351,0,40
2580,340,3,792,9,4360,0,90
2581,340,3,793,2,4362,0,20
2582,340,3,794,5,4367,0,50
2583,340,3,795,6,4373,0,60
2584,340,3,796,6,4379,0,60
2585,340,3,797,2,4381,0,20
2586,340,3,798,8,4389,0,80
2587,340,3,799,3,4392,0,30
2588,340,3,800,3,4395,0,30
2589,340,3,801,9,4404,0,90
2590,340,3,802,8,4412,0,80
2591,340,3,803,8,4420,0,80
2592,340,3,804,9,4429,0,90
2593,340,3,805,3,4432,0,30
2594,340,3,806,6,4438,0,60
2595,340,3,807,3,4441,0,30
2596,340,3,808,6,4447,0,60
2597,340,3,809,7,4454,0,70
2598,340,3,810,3,4457,0,30
2599,340,3,811,8,4465,0,80
2600,340,3,812,9,4474,0,90
2601,340,3,813,7,4481,2532,70
2602,340,3,814,8,4489,0,80
2603,340,3,815,9,4498,0,90
2604,340,3,816,4,4502,0,40
2605,340,3,817,3,4505,0,30
2606,340,3,818,7,4512,0,70
2607,340,3,819,4,4516,0,40
2608,340,3,820,5,4521,411,50
2609,340,3,821,9,4530,108,90
2610,340,3,822,2,4532,0,20
2611,340,3,823,2,4534,0,20
2612,340,3,824,7,4541,0,70
2613,340,3,825,8,4549,0,80
2614,340,3,826,5,4554,0,50
2615,340,3,827,7,4561,0,70
2616,340,3,828,6,4567,0,60
2617,340,3,829,4,4571,0,40
2618,340,3,830,9,4580,0,90
2619,340,3,831,5,4585,0,50
2620,340,3,832,3,4588,0,30
2621,340,3,833,8,4596,0,80
2622,340,3,834,9,4605,0,90
2623,340,3,835,3,4608,0,30
2624,340,3,836,8,4616,0,80
2625,340,3,837,7,4623,0,70
2626,340,3,838,8,4631,0,80
2627,340,3,839,4,4635,0,40
2628,340,3,840,2,4637,0,20
2629,340,3,841,6,4643,0,60
2630,340,3,842,6,4649,0,60
2631,340,3,843,9,4658,1320,90
2632,340,3,844,7,4665,0,70
2633,340,3,845,2,4667,0,20
2634,340,3,846,7,4674,0,70
2635,340,3,847,9,4683,0,90
2636,340,3,848,6,4689,0,60
2637,340,3,849,6,4695,0,60
2638,340,3,850,7,4702,0,70
2639,340,3,851,3,4705,0,30
2640,340,3,852,4,4709,0,40
2641,340,3,853,6,4715,0,60
2642,340,3,854,2,4717,0,20
2643,340,3,855,4,4721,0,40
2644,340,3,856,9,4730,0,90
2645,340,3,857,6,4736,791,60
2646,340,3,858,4,4740,0,40
2647,340,3,859,5,4745,0,50
2648,340,3,860,2,4747,0,20
2649,340,3,861,5,4752,0,50
2650,340,3,862,8,4760,0,80
2651,340,3,863,4,4764,0,40
2652,340,3,864,8,4772,0,80
2653,340,3,865,8,4780,0,80
2654,340,3,866,5,4785,0,50
2655,340,3,867,2,4787,0,20
2656,340,3,868,6,4793,0,60
2657,340,3,869,4,4797,0,40
2658,340,3,870,6,4803,0,60
2659,340,3,871,6,4809,0,60
2660,340,3,872,7,4816,0,70
2661,340,3,873,5,4821,0,50
2662,340,3,874,3,4824,0,30
2663,340,3,875,4,4828,0,40
2664,340,3,876,2,4830,0,20
2665,340,3,877,5,4835,0,50
2666,340,3,878,8,4843,0,80
2667,340,3,879,4,4847,0,40
2668,340,3,880,2,4849,0,20
2669,340,3,881,9,4858,0,90
2670,340,3,882,3,4861,1252,30
2671,340,3,883,3,4864,0,30
2672,340,3,884,8,4872,0,80
2673,340,3,885,8,4880,0,80
2674,340,3,886,5,4885,0,50
2675,340,3,887,3,4888,245,30
2676,340,3,888,6,4894,0,60
2677,340,3,889,9,4903,0,90
2678,340,3,890,6,4909,0,60
2679,340,3,891,3,4912,0,30
2680,340,3,892,6,4918,0,60
2681,340,3,893,8,4926,0,80
2682,340,3,894,7,4933,0,70
2683,340,3,895,4,4937,0,40
2684,340,3,896,9,4946,0,90
2685,340,3,897,3,4949,0,30
2686,340,3,898,6,4955,0,60
2687,340,3,899,8,4963,750,80
2688,340,3,900,8,4971,0,80
2689,340,3,901,8,4979,167,80
2690,340,3,902,5,4984,53,50
2691,340,3,903,3,4987,0,30
2692,340,3,904,3,4990,0,30
2693,340,3,905,3,4993,0,30
2694,340,3,906,5,4998,0,50
