,Scenario,Trial,Inspection,Interval,Time,Defects,Rate
0,109,1,1,6,6,62,60
1,109,1,2,4,10,43,40
2,109,1,3,6,16,0,60
3,109,1,4,2,18,82,20
4,109,1,5,7,25,58,70
5,109,1,6,8,33,0,80
6,109,1,7,7,40,0,70
7,109,1,8,8,48,0,80
8,109,1,9,7,55,303,70
9,109,1,10,7,62,61,70
10,109,1,11,2,64,0,20
11,109,1,12,9,73,120,90
12,109,1,13,2,75,28,20
13,109,1,14,7,82,73,70
14,109,1,15,9,91,91,90
15,109,1,16,6,97,0,60
16,109,1,17,5,102,122,50
17,109,1,18,3,105,27,30
18,109,1,19,6,111,0,60
19,109,1,20,5,116,0,50
20,109,1,21,3,119,0,30
21,109,1,22,6,125,209,60
22,109,1,23,9,134,0,90
23,109,1,24,7,141,0,70
24,109,1,25,6,147,205,60
25,109,1,26,8,155,79,80
26,109,1,27,6,161,68,60
27,109,1,28,8,169,0,80
28,109,1,29,4,173,126,40
29,109,1,30,9,182,85,90
30,109,1,31,5,187,0,50
31,109,1,32,9,196,143,90
32,109,1,33,2,198,0,20
33,109,1,34,3,201,41,30
34,109,1,35,3,204,27,30
35,109,1,36,5,209,0,50
36,109,1,37,2,211,0,20
37,109,1,38,6,217,139,60
38,109,1,39,6,223,52,60
39,109,1,40,3,226,0,30
40,109,1,41,2,228,47,20
41,109,1,42,2,230,0,20
42,109,1,43,6,236,0,60
43,109,1,44,2,238,94,20
44,109,1,45,4,242,49,40
45,109,1,46,4,246,0,40
46,109,1,47,6,252,0,60
47,109,1,48,5,257,0,50
48,109,1,49,3,260,181,30
49,109,1,50,8,268,0,80
50,109,1,51,8,276,164,80
51,109,1,52,5,281,47,50
52,109,1,53,6,287,59,60
53,109,1,54,5,292,54,50
54,109,1,55,2,294,0,20
55,109,1,56,5,299,0,50
56,109,1,57,6,305,112,60
57,109,1,58,5,310,0,50
58,109,1,59,4,314,0,40
59,109,1,60,3,317,122,30
60,109,1,61,4,321,0,40
61,109,1,62,5,326,0,50
62,109,1,63,8,334,175,80
63,109,1,64,6,340,57,60
64,109,1,65,4,344,41,40
65,109,1,66,8,352,73,80
66,109,1,67,7,359,80,70
67,109,1,68,4,363,53,40
68,109,1,69,4,367,29,40
69,109,1,70,7,374,0,70
70,109,1,71,4,378,0,40
71,109,1,72,9,387,201,90
72,109,1,73,4,391,39,40
73,109,1,74,9,400,0,90
74,109,1,75,4,404,0,40
75,109,1,76,9,413,225,90
76,109,1,77,3,416,0,30
77,109,1,78,8,424,96,80
78,109,1,79,4,428,0,40
79,109,1,80,9,437,0,90
80,109,1,81,6,443,209,60
81,109,1,82,3,446,0,30
82,109,1,83,6,452,0,60
83,109,1,84,6,458,159,60
84,109,1,85,3,461,0,30
85,109,1,86,9,470,137,90
86,109,1,87,3,473,0,30
87,109,1,88,5,478,58,50
88,109,1,89,8,486,82,80
89,109,1,90,8,494,69,80
90,109,1,91,4,498,0,40
91,109,1,92,9,507,134,90
92,109,1,93,8,515,0,80
93,109,1,94,5,520,0,50
94,109,1,95,5,525,203,50
95,109,1,96,8,533,88,80
96,109,1,97,7,540,65,70
97,109,1,98,2,542,0,20
98,109,1,99,9,551,103,90
99,109,1,100,4,555,0,40
100,109,1,101,2,557,59,20
101,109,1,102,3,560,29,30
102,109,1,103,4,564,0,40
103,109,1,104,6,570,0,60
104,109,1,105,5,575,0,50
105,109,1,106,2,577,168,20
106,109,1,107,4,581,37,40
107,109,1,108,6,587,0,60
108,109,1,109,3,590,95,30
109,109,1,110,7,597,0,70
110,109,1,111,5,602,131,50
111,109,1,112,7,609,61,70
112,109,1,113,6,615,58,60
113,109,1,114,9,624,77,90
114,109,1,115,5,629,39,50
115,109,1,116,9,638,78,90
116,109,1,117,2,640,23,20
117,109,1,118,6,646,64,60
118,109,1,119,2,648,11,20
119,109,1,120,4,652,41,40
120,109,1,121,9,661,0,90
121,109,1,122,3,664,126,30
122,109,1,123,8,672,97,80
123,109,1,124,4,676,42,40
124,109,1,125,3,679,34,30
125,109,1,126,9,688,79,90
126,109,1,127,6,694,0,60
127,109,1,128,6,700,135,60
128,109,1,129,5,705,47,50
129,109,1,130,3,708,27,30
130,109,1,131,8,716,0,80
131,109,1,132,2,718,100,20
132,109,1,133,6,724,76,60
133,109,1,134,6,730,58,60
134,109,1,135,6,736,63,60
135,109,1,136,9,745,0,90
136,109,1,137,5,750,0,50
137,109,1,138,6,756,198,60
138,109,1,139,2,758,19,20
139,109,1,140,2,760,0,20
140,109,1,141,8,768,78,80
141,109,1,142,7,775,0,70
142,109,1,143,9,784,174,90
143,109,1,144,7,791,73,70
144,109,1,145,4,795,0,40
145,109,1,146,7,802,0,70
146,109,1,147,8,810,0,80
147,109,1,148,9,819,0,90
148,109,1,149,3,822,0,30
149,109,1,150,8,830,373,80
150,109,1,151,4,834,0,40
151,109,1,152,2,836,0,20
152,109,1,153,9,845,151,90
153,109,1,154,5,850,49,50
154,109,1,155,3,853,0,30
155,109,1,156,4,857,78,40
156,109,1,157,6,863,73,60
157,109,1,158,3,866,30,30
158,109,1,159,2,868,0,20
159,109,1,160,8,876,93,80
160,109,1,161,8,884,89,80
161,109,1,162,7,891,61,70
162,109,1,163,9,900,105,90
163,109,1,164,2,902,0,20
164,109,1,165,6,908,81,60
165,109,1,166,7,915,0,70
166,109,1,167,8,923,0,80
167,109,1,168,2,925,163,20
168,109,1,169,8,933,84,80
169,109,1,170,2,935,0,20
170,109,1,171,5,940,0,50
171,109,1,172,3,943,94,30
172,109,1,173,3,946,0,30
173,109,1,174,6,952,117,60
174,109,1,175,4,956,42,40
175,109,1,176,4,960,30,40
176,109,1,177,3,963,28,30
177,109,1,178,5,968,52,50
178,109,1,179,6,974,0,60
179,109,1,180,2,976,69,20
180,109,1,181,6,982,50,60
181,109,1,182,6,988,60,60
182,109,1,183,9,997,84,90
183,109,1,184,3,1000,36,30
184,109,1,185,3,1003,26,30
185,109,1,186,9,1012,97,90
186,109,1,187,8,1020,80,80
187,109,1,188,8,1028,95,80
188,109,1,189,8,1036,78,80
189,109,1,190,8,1044,83,80
190,109,1,191,8,1052,87,80
191,109,1,192,5,1057,0,50
192,109,1,193,9,1066,0,90
193,109,1,194,5,1071,0,50
194,109,1,195,7,1078,253,70
195,109,1,196,7,1085,73,70
196,109,1,197,7,1092,88,70
197,109,1,198,5,1097,0,50
198,109,1,199,6,1103,109,60
199,109,1,200,3,1106,24,30
200,109,1,201,8,1114,81,80
201,109,1,202,5,1119,50,50
202,109,1,203,7,1126,76,70
203,109,1,204,8,1134,94,80
204,109,1,205,3,1137,29,30
205,109,1,206,9,1146,0,90
206,109,1,207,5,1151,146,50
207,109,1,208,9,1160,90,90
208,109,1,209,8,1168,79,80
209,109,1,210,7,1175,75,70
210,109,1,211,9,1184,69,90
211,109,1,212,2,1186,24,20
212,109,1,213,9,1195,86,90
213,109,1,214,5,1200,48,50
214,109,1,215,7,1207,67,70
215,109,1,216,9,1216,83,90
216,109,1,217,4,1220,34,40
217,109,1,218,5,1225,49,50
218,109,1,219,2,1227,19,20
219,109,1,220,4,1231,0,40
220,109,1,221,5,1236,91,50
221,109,1,222,3,1239,31,30
222,109,1,223,6,1245,44,60
223,109,1,224,2,1247,27,20
224,109,1,225,3,1250,22,30
225,109,1,226,9,1259,96,90
226,109,1,227,9,1268,80,90
227,109,1,228,9,1277,74,90
228,109,1,229,6,1283,0,60
229,109,1,230,5,1288,91,50
230,109,1,231,4,1292,0,40
231,109,1,232,7,1299,108,70
232,109,1,233,8,1307,68,80
233,109,1,234,6,1313,59,60
234,109,1,235,4,1317,30,40
235,109,1,236,2,1319,20,20
236,109,1,237,3,1322,28,30
237,109,1,238,2,1324,19,20
238,109,1,239,8,1332,0,80
239,109,1,240,5,1337,151,50
240,109,1,241,5,1342,45,50
241,109,1,242,7,1349,55,70
242,109,1,243,2,1351,0,20
243,109,1,244,4,1355,78,40
244,109,1,245,5,1360,51,50
245,109,1,246,7,1367,0,70
246,109,1,247,8,1375,159,80
247,109,1,248,4,1379,38,40
248,109,1,249,7,1386,66,70
249,109,1,250,3,1389,0,30
250,109,1,251,4,1393,67,40
251,109,1,252,6,1399,0,60
252,109,1,253,6,1405,112,60
253,109,1,254,9,1414,0,90
254,109,1,255,7,1421,144,70
255,109,1,256,7,1428,0,70
256,109,1,257,2,1430,0,20
257,109,1,258,9,1439,0,90
258,109,1,259,6,1445,227,60
259,109,1,260,5,1450,46,50
260,109,1,261,3,1453,32,30
261,109,1,262,3,1456,28,30
262,109,1,263,6,1462,0,60
263,109,1,264,5,1467,115,50
264,109,1,265,4,1471,34,40
265,109,1,266,4,1475,38,40
266,109,1,267,3,1478,0,30
267,109,1,268,7,1485,112,70
268,109,1,269,3,1488,0,30
269,109,1,270,4,1492,77,40
270,109,1,271,3,1495,29,30
271,109,1,272,9,1504,84,90
272,109,1,273,3,1507,28,30
273,109,1,274,7,1514,62,70
274,109,1,275,5,1519,43,50
275,109,1,276,5,1524,44,50
276,109,1,277,7,1531,58,70
277,109,1,278,5,1536,46,50
278,109,1,279,8,1544,74,80
279,109,1,280,3,1547,25,30
280,109,1,281,6,1553,54,60
281,109,1,282,8,1561,79,80
282,109,1,283,3,1564,35,30
283,109,1,284,8,1572,0,80
284,109,1,285,7,1579,161,70
285,109,1,286,8,1587,72,80
286,109,1,287,3,1590,42,30
287,109,1,288,8,1598,75,80
288,109,1,289,8,1606,91,80
289,109,1,290,2,1608,14,20
290,109,1,291,7,1615,0,70
291,109,1,292,7,1622,163,70
292,109,1,293,4,1626,39,40
293,109,1,294,5,1631,39,50
294,109,1,295,6,1637,66,60
295,109,1,296,7,1644,0,70
296,109,1,297,4,1648,104,40
297,109,1,298,3,1651,38,30
298,109,1,299,4,1655,0,40
299,109,1,300,4,1659,66,40
300,109,1,301,8,1667,75,80
301,109,1,302,3,1670,22,30
302,109,1,303,3,1673,0,30
303,109,1,304,6,1679,119,60
304,109,1,305,8,1687,0,80
305,109,1,306,2,1689,97,20
306,109,1,307,2,1691,30,20
307,109,1,308,6,1697,60,60
308,109,1,309,5,1702,49,50
309,109,1,310,7,1709,0,70
310,109,1,311,4,1713,0,40
311,109,1,312,3,1716,140,30
312,109,1,313,6,1722,0,60
313,109,1,314,3,1725,74,30
314,109,1,315,4,1729,0,40
315,109,1,316,2,1731,50,20
316,109,1,317,4,1735,33,40
317,109,1,318,8,1743,84,80
318,109,1,319,7,1750,60,70
319,109,1,320,3,1753,26,30
320,109,1,321,8,1761,84,80
321,109,1,322,9,1770,84,90
322,109,1,323,9,1779,95,90
323,109,1,324,9,1788,94,90
324,109,1,325,2,1790,18,20
325,109,1,326,9,1799,100,90
326,109,1,327,4,1803,0,40
327,109,1,328,5,1808,70,50
328,109,1,329,8,1816,0,80
329,109,1,330,4,1820,126,40
330,109,1,331,4,1824,34,40
331,109,1,332,9,1833,100,90
332,109,1,333,5,1838,0,50
333,109,1,334,5,1843,0,50
334,109,1,335,7,1850,175,70
335,109,1,336,4,1854,0,40
336,109,1,337,4,1858,0,40
337,109,1,338,9,1867,171,90
338,109,1,339,3,1870,32,30
339,109,1,340,7,1877,0,70
340,109,1,341,9,1886,180,90
341,109,1,342,2,1888,29,20
342,109,1,343,8,1896,73,80
343,109,1,344,5,1901,46,50
344,109,1,345,3,1904,0,30
345,109,1,346,9,1913,0,90
346,109,1,347,8,1921,221,80
347,109,1,348,8,1929,0,80
348,109,1,349,2,1931,0,20
349,109,1,350,4,1935,0,40
350,109,1,351,2,1937,143,20
351,109,1,352,6,1943,65,60
352,109,1,353,8,1951,0,80
353,109,1,354,7,1958,0,70
354,109,1,355,6,1964,0,60
355,109,1,356,5,1969,0,50
356,109,1,357,3,1972,294,30
357,109,1,358,4,1976,34,40
358,109,1,359,7,1983,0,70
359,109,1,360,3,1986,108,30
360,109,1,361,9,1995,85,90
361,109,1,362,6,2001,56,60
362,109,1,363,5,2006,45,50
363,109,1,364,4,2010,35,40
364,109,1,365,8,2018,0,80
365,109,1,366,6,2024,0,60
366,109,1,367,2,2026,146,20
367,109,1,368,2,2028,22,20
368,109,1,369,8,2036,80,80
369,109,1,370,7,2043,92,70
370,109,1,371,8,2051,82,80
371,109,1,372,7,2058,63,70
372,109,1,373,6,2064,0,60
373,109,1,374,6,2070,110,60
374,109,1,375,3,2073,25,30
375,109,1,376,5,2078,52,50
376,109,1,377,3,2081,0,30
377,109,1,378,8,2089,0,80
378,109,1,379,8,2097,0,80
379,109,1,380,6,2103,214,60
380,109,1,381,7,2110,68,70
381,109,1,382,6,2116,57,60
382,109,1,383,5,2121,42,50
383,109,1,384,5,2126,0,50
384,109,1,385,5,2131,0,50
385,109,1,386,4,2135,0,40
386,109,1,387,4,2139,0,40
387,109,1,388,3,2142,0,30
388,109,1,389,3,2145,256,30
389,109,1,390,7,2152,71,70
390,109,1,391,8,2160,96,80
391,109,1,392,5,2165,46,50
392,109,1,393,4,2169,42,40
393,109,1,394,9,2178,0,90
394,109,1,395,5,2183,0,50
395,109,1,396,7,2190,0,70
396,109,1,397,8,2198,261,80
397,109,1,398,2,2200,0,20
398,109,1,399,4,2204,55,40
399,109,1,400,5,2209,48,50
400,109,1,401,9,2218,0,90
401,109,1,402,8,2226,153,80
402,109,1,403,3,2229,37,30
403,109,1,404,3,2232,0,30
404,109,1,405,5,2237,81,50
405,109,1,406,5,2242,0,50
406,109,1,407,2,2244,68,20
407,109,1,408,8,2252,0,80
408,109,1,409,7,2259,165,70
409,109,1,410,7,2266,0,70
410,109,1,411,5,2271,113,50
411,109,1,412,6,2277,56,60
412,109,1,413,6,2283,57,60
413,109,1,414,9,2292,103,90
414,109,1,415,8,2300,0,80
415,109,1,416,6,2306,123,60
416,109,1,417,8,2314,0,80
417,109,1,418,8,2322,0,80
418,109,1,419,3,2325,167,30
419,109,1,420,6,2331,66,60
420,109,1,421,6,2337,0,60
421,109,1,422,7,2344,146,70
422,109,1,423,3,2347,0,30
423,109,1,424,3,2350,62,30
424,109,1,425,4,2354,40,40
425,109,1,426,8,2362,98,80
426,109,1,427,6,2368,62,60
427,109,1,428,3,2371,25,30
428,109,1,429,7,2378,79,70
429,109,1,430,2,2380,0,20
430,109,1,431,5,2385,55,50
431,109,1,432,3,2388,25,30
432,109,1,433,4,2392,44,40
433,109,1,434,5,2397,54,50
434,109,1,435,6,2403,49,60
435,109,1,436,8,2411,76,80
436,109,1,437,4,2415,35,40
437,109,1,438,7,2422,70,70
438,109,1,439,3,2425,34,30
439,109,1,440,2,2427,21,20
440,109,1,441,4,2431,37,40
441,109,1,442,5,2436,0,50
442,109,1,443,8,2444,127,80
443,109,1,444,7,2451,71,70
444,109,1,445,7,2458,61,70
445,109,1,446,6,2464,0,60
446,109,1,447,2,2466,88,20
447,109,1,448,8,2474,86,80
448,109,1,449,2,2476,23,20
449,109,1,450,8,2484,84,80
450,109,1,451,5,2489,39,50
451,109,1,452,5,2494,0,50
452,109,1,453,7,2501,0,70
453,109,1,454,6,2507,162,60
454,109,1,455,4,2511,0,40
455,109,1,456,9,2520,125,90
456,109,1,457,6,2526,67,60
457,109,1,458,4,2530,0,40
458,109,1,459,2,2532,63,20
459,109,1,460,6,2538,0,60
460,109,1,461,4,2542,93,40
461,109,1,462,4,2546,43,40
462,109,1,463,9,2555,86,90
463,109,1,464,7,2562,0,70
464,109,1,465,3,2565,96,30
465,109,1,466,4,2569,37,40
466,109,1,467,8,2577,0,80
467,109,1,468,3,2580,0,30
468,109,1,469,3,2583,0,30
469,109,1,470,2,2585,0,20
470,109,1,471,5,2590,0,50
471,109,1,472,5,2595,251,50
472,109,1,473,6,2601,66,60
473,109,1,474,8,2609,78,80
474,109,1,475,5,2614,46,50
475,109,1,476,5,2619,52,50
476,109,1,477,9,2628,0,90
477,109,1,478,5,2633,143,50
478,109,1,479,4,2637,38,40
479,109,1,480,5,2642,46,50
480,109,1,481,6,2648,0,60
481,109,1,482,4,2652,0,40
482,109,1,483,8,2660,171,80
483,109,1,484,7,2667,69,70
484,109,1,485,8,2675,77,80
485,109,1,486,8,2683,0,80
486,109,1,487,2,2685,92,20
487,109,1,488,3,2688,28,30
488,109,1,489,8,2696,81,80
489,109,1,490,5,2701,48,50
490,109,1,491,2,2703,16,20
491,109,1,492,9,2712,0,90
492,109,1,493,2,2714,0,20
493,109,1,494,4,2718,136,40
494,109,1,495,8,2726,78,80
495,109,1,496,9,2735,96,90
496,109,1,497,4,2739,39,40
497,109,1,498,5,2744,0,50
498,109,1,499,6,2750,100,60
499,109,1,500,3,2753,33,30
500,109,1,501,5,2758,49,50
501,109,1,502,2,2760,27,20
502,109,1,503,2,2762,0,20
503,109,1,504,5,2767,71,50
504,109,1,505,9,2776,0,90
505,109,1,506,9,2785,188,90
506,109,1,507,2,2787,18,20
507,109,1,508,9,2796,89,90
508,109,1,509,4,2800,0,40
509,109,1,510,4,2804,0,40
510,109,1,511,7,2811,143,70
511,109,1,512,4,2815,42,40
512,109,1,513,5,2820,0,50
513,109,1,514,3,2823,0,30
514,109,1,515,7,2830,153,70
515,109,1,516,3,2833,28,30
516,109,1,517,5,2838,0,50
517,109,1,518,9,2847,0,90
518,109,1,519,4,2851,0,40
519,109,1,520,2,2853,0,20
520,109,1,521,7,2860,0,70
521,109,1,522,4,2864,310,40
522,109,1,523,2,2866,0,20
523,109,1,524,2,2868,35,20
524,109,1,525,7,2875,0,70
525,109,1,526,7,2882,143,70
526,109,1,527,3,2885,24,30
527,109,1,528,2,2887,21,20
528,109,1,529,4,2891,0,40
529,109,1,530,9,2900,0,90
530,109,1,531,3,2903,185,30
531,109,1,532,4,2907,0,40
532,109,1,533,8,2915,0,80
533,109,1,534,9,2924,216,90
534,109,1,535,9,2933,90,90
535,109,1,536,9,2942,79,90
536,109,1,537,3,2945,32,30
537,109,1,538,2,2947,14,20
538,109,1,539,3,2950,0,30
539,109,1,540,8,2958,119,80
540,109,1,541,5,2963,44,50
541,109,1,542,3,2966,0,30
542,109,1,543,8,2974,92,80
543,109,1,544,6,2980,56,60
544,109,1,545,5,2985,0,50
545,109,1,546,9,2994,134,90
546,109,1,547,4,2998,31,40
547,109,1,548,2,3000,16,20
548,109,1,549,3,3003,33,30
549,109,1,550,2,3005,18,20
550,109,1,551,4,3009,0,40
551,109,1,552,6,3015,0,60
552,109,1,553,8,3023,0,80
553,109,1,554,2,3025,199,20
554,109,1,555,3,3028,26,30
555,109,1,556,4,3032,36,40
556,109,1,557,7,3039,61,70
557,109,1,558,5,3044,45,50
558,109,1,559,7,3051,61,70
559,109,1,560,9,3060,0,90
560,109,1,561,2,3062,0,20
561,109,1,562,4,3066,128,40
562,109,1,563,2,3068,0,20
563,109,1,564,5,3073,63,50
564,109,1,565,5,3078,55,50
565,109,1,566,3,3081,31,30
566,109,1,567,6,3087,0,60
567,109,1,568,8,3095,123,80
568,109,1,569,8,3103,73,80
569,109,1,570,3,3106,29,30
570,109,1,571,5,3111,33,50
571,109,1,572,6,3117,0,60
572,109,1,573,5,3122,0,50
573,109,1,574,5,3127,166,50
574,109,1,575,3,3130,41,30
575,109,1,576,9,3139,73,90
576,109,1,577,7,3146,0,70
577,109,1,578,9,3155,169,90
578,109,1,579,2,3157,21,20
579,109,1,580,8,3165,0,80
580,109,1,581,5,3170,0,50
581,109,1,582,9,3179,0,90
582,109,1,583,6,3185,291,60
583,109,1,584,4,3189,33,40
584,109,1,585,8,3197,75,80
585,109,1,586,2,3199,17,20
586,109,1,587,3,3202,0,30
587,109,1,588,8,3210,0,80
588,109,1,589,2,3212,120,20
589,109,1,590,8,3220,0,80
590,109,1,591,9,3229,183,90
591,109,1,592,2,3231,21,20
592,109,1,593,8,3239,0,80
593,109,1,594,4,3243,118,40
594,109,1,595,3,3246,0,30
595,109,1,596,3,3249,50,30
596,109,1,597,8,3257,72,80
597,109,1,598,3,3260,0,30
598,109,1,599,7,3267,92,70
599,109,1,600,7,3274,0,70
600,109,1,601,9,3283,160,90
601,109,1,602,9,3292,0,90
602,109,1,603,2,3294,109,20
603,109,1,604,8,3302,87,80
604,109,1,605,2,3304,0,20
605,109,1,606,4,3308,63,40
606,109,1,607,9,3317,93,90
607,109,1,608,7,3324,67,70
608,109,1,609,6,3330,65,60
609,109,1,610,6,3336,55,60
610,109,1,611,3,3339,31,30
611,109,1,612,7,3346,67,70
612,109,1,613,5,3351,46,50
613,109,1,614,5,3356,55,50
614,109,1,615,8,3364,0,80
615,109,1,616,3,3367,118,30
616,109,1,617,4,3371,0,40
617,109,1,618,8,3379,127,80
618,109,1,619,4,3383,35,40
619,109,1,620,7,3390,57,70
620,109,1,621,4,3394,0,40
621,109,1,622,8,3402,0,80
622,109,1,623,2,3404,136,20
623,109,1,624,4,3408,36,40
624,109,1,625,9,3417,0,90
625,109,1,626,2,3419,123,20
626,109,1,627,2,3421,23,20
627,109,1,628,9,3430,89,90
628,109,1,629,5,3435,48,50
629,109,1,630,7,3442,0,70
630,109,1,631,7,3449,134,70
631,109,1,632,6,3455,0,60
632,109,1,633,8,3463,137,80
633,109,1,634,4,3467,0,40
634,109,1,635,7,3474,110,70
635,109,1,636,8,3482,73,80
636,109,1,637,5,3487,0,50
637,109,1,638,3,3490,72,30
638,109,1,639,5,3495,0,50
639,109,1,640,8,3503,139,80
640,109,1,641,5,3508,44,50
641,109,1,642,5,3513,0,50
642,109,1,643,5,3518,108,50
643,109,1,644,3,3521,39,30
644,109,1,645,9,3530,0,90
645,109,1,646,2,3532,102,20
646,109,1,647,3,3535,21,30
647,109,1,648,2,3537,22,20
648,109,1,649,6,3543,59,60
649,109,1,650,5,3548,41,50
650,109,1,651,5,3553,50,50
651,109,1,652,4,3557,41,40
652,109,1,653,7,3564,0,70
653,109,1,654,2,3566,88,20
654,109,1,655,5,3571,46,50
655,109,1,656,9,3580,83,90
656,109,1,657,7,3587,0,70
657,109,1,658,3,3590,81,30
658,109,1,659,8,3598,72,80
659,109,1,660,2,3600,0,20
660,109,1,661,3,3603,0,30
661,109,1,662,4,3607,0,40
662,109,1,663,5,3612,149,50
663,109,1,664,6,3618,75,60
664,109,1,665,7,3625,77,70
665,109,1,666,2,3627,18,20
666,109,1,667,4,3631,42,40
667,109,1,668,3,3634,0,30
668,109,1,669,9,3643,0,90
669,109,1,670,7,3650,0,70
670,109,1,671,6,3656,276,60
671,109,1,672,3,3659,29,30
672,109,1,673,7,3666,0,70
673,109,1,674,7,3673,0,70
674,109,1,675,5,3678,193,50
675,109,1,676,7,3685,52,70
676,109,1,677,9,3694,80,90
677,109,1,678,2,3696,27,20
678,109,1,679,6,3702,58,60
679,109,1,680,6,3708,0,60
680,109,1,681,5,3713,94,50
681,109,1,682,9,3722,80,90
682,109,1,683,5,3727,53,50
683,109,1,684,4,3731,39,40
684,109,1,685,4,3735,0,40
685,109,1,686,3,3738,0,30
686,109,1,687,7,3745,123,70
687,109,1,688,6,3751,64,60
688,109,1,689,9,3760,0,90
689,109,1,690,3,3763,120,30
690,109,1,691,2,3765,17,20
691,109,1,692,5,3770,0,50
692,109,1,693,8,3778,0,80
693,109,1,694,4,3782,0,40
694,109,1,695,3,3785,213,30
695,109,1,696,9,3794,96,90
696,109,1,697,4,3798,44,40
697,109,1,698,4,3802,0,40
698,109,1,699,8,3810,125,80
699,109,1,700,3,3813,36,30
700,109,1,701,2,3815,21,20
701,109,1,702,4,3819,0,40
702,109,1,703,9,3828,133,90
703,109,1,704,6,3834,55,60
704,109,1,705,4,3838,0,40
705,109,1,706,8,3846,0,80
706,109,1,707,2,3848,113,20
707,109,1,708,3,3851,0,30
708,109,1,709,4,3855,60,40
709,109,1,710,8,3863,0,80
710,109,1,711,4,3867,122,40
711,109,1,712,6,3873,67,60
712,109,1,713,5,3878,67,50
713,109,1,714,8,3886,99,80
714,109,1,715,3,3889,26,30
715,109,1,716,4,3893,0,40
716,109,1,717,8,3901,0,80
717,109,1,718,4,3905,171,40
718,109,1,719,9,3914,88,90
719,109,1,720,8,3922,66,80
720,109,1,721,6,3928,57,60
721,109,1,722,3,3931,0,30
722,109,1,723,7,3938,103,70
723,109,1,724,5,3943,49,50
724,109,1,725,9,3952,87,90
725,109,1,726,8,3960,0,80
726,109,1,727,4,3964,129,40
727,109,1,728,7,3971,0,70
728,109,1,729,6,3977,0,60
729,109,1,730,2,3979,158,20
730,109,1,731,4,3983,47,40
731,109,1,732,7,3990,0,70
732,109,1,733,7,3997,157,70
733,109,1,734,5,4002,43,50
734,109,1,735,8,4010,0,80
735,109,1,736,2,4012,88,20
736,109,1,737,7,4019,75,70
737,109,1,738,2,4021,0,20
738,109,1,739,9,4030,0,90
739,109,1,740,7,4037,171,70
740,109,1,741,3,4040,0,30
741,109,1,742,5,4045,0,50
742,109,1,743,2,4047,102,20
743,109,1,744,6,4053,50,60
744,109,1,745,9,4062,69,90
745,109,1,746,3,4065,30,30
746,109,1,747,4,4069,41,40
747,109,1,748,3,4072,0,30
748,109,1,749,3,4075,58,30
749,109,1,750,6,4081,0,60
750,109,1,751,5,4086,0,50
751,109,1,752,4,4090,161,40
752,109,1,753,3,4093,38,30
753,109,1,754,4,4097,32,40
754,109,1,755,6,4103,58,60
755,109,1,756,8,4111,81,80
756,109,1,757,5,4116,55,50
757,109,1,758,8,4124,88,80
758,109,1,759,3,4127,26,30
759,109,1,760,5,4132,53,50
760,109,1,761,8,4140,90,80
761,109,1,762,4,4144,41,40
762,109,1,763,3,4147,40,30
763,109,1,764,7,4154,64,70
764,109,1,765,2,4156,0,20
765,109,1,766,6,4162,0,60
766,109,1,767,6,4168,131,60
767,109,1,768,6,4174,51,60
768,109,1,769,4,4178,32,40
769,109,1,770,5,4183,45,50
770,109,1,771,2,4185,19,20
771,109,1,772,6,4191,67,60
772,109,1,773,7,4198,0,70
773,109,1,774,2,4200,107,20
774,109,1,775,4,4204,0,40
775,109,1,776,7,4211,108,70
776,109,1,777,7,4218,0,70
777,109,1,778,4,4222,114,40
778,109,1,779,7,4229,0,70
779,109,1,780,9,4238,151,90
780,109,1,781,9,4247,73,90
781,109,1,782,7,4254,61,70
782,109,1,783,7,4261,0,70
783,109,1,784,4,4265,0,40
784,109,1,785,7,4272,190,70
785,109,1,786,4,4276,42,40
786,109,1,787,3,4279,0,30
787,109,1,788,2,4281,62,20
788,109,1,789,6,4287,0,60
789,109,1,790,5,4292,94,50
790,109,1,791,6,4298,73,60
791,109,1,792,6,4304,0,60
792,109,1,793,5,4309,0,50
793,109,1,794,5,4314,152,50
794,109,1,795,2,4316,16,20
795,109,1,796,8,4324,68,80
796,109,1,797,5,4329,43,50
797,109,1,798,4,4333,42,40
798,109,1,799,8,4341,70,80
799,109,1,800,3,4344,29,30
800,109,1,801,3,4347,33,30
801,109,1,802,6,4353,50,60
802,109,1,803,8,4361,85,80
803,109,1,804,6,4367,61,60
804,109,1,805,9,4376,87,90
805,109,1,806,4,4380,0,40
806,109,1,807,9,4389,144,90
807,109,1,808,9,4398,0,90
808,109,1,809,7,4405,170,70
809,109,1,810,6,4411,49,60
810,109,1,811,8,4419,68,80
811,109,1,812,6,4425,64,60
812,109,1,813,9,4434,97,90
813,109,1,814,3,4437,39,30
814,109,1,815,7,4444,0,70
815,109,1,816,3,4447,96,30
816,109,1,817,9,4456,86,90
817,109,1,818,8,4464,92,80
818,109,1,819,5,4469,50,50
819,109,1,820,4,4473,38,40
820,109,1,821,7,4480,65,70
821,109,1,822,8,4488,87,80
822,109,1,823,6,4494,0,60
823,109,1,824,3,4497,81,30
824,109,1,825,9,4506,84,90
825,109,1,826,6,4512,55,60
826,109,1,827,7,4519,70,70
827,109,1,828,5,4524,53,50
828,109,1,829,8,4532,82,80
829,109,1,830,8,4540,82,80
830,109,1,831,2,4542,16,20
831,109,1,832,7,4549,0,70
832,109,1,833,3,4552,0,30
833,109,1,834,7,4559,163,70
834,109,1,835,3,4562,31,30
835,109,1,836,9,4571,98,90
836,109,1,837,3,4574,31,30
837,109,1,838,2,4576,0,20
838,109,1,839,8,4584,96,80
839,109,1,840,4,4588,45,40
840,109,1,841,6,4594,56,60
841,109,1,842,5,4599,45,50
842,109,1,843,5,4604,40,50
843,109,1,844,4,4608,29,40
844,109,1,845,6,4614,56,60
845,109,1,846,5,4619,57,50
846,109,1,847,3,4622,36,30
847,109,1,848,2,4624,15,20
848,109,1,849,5,4629,48,50
849,109,1,850,9,4638,0,90
850,109,1,851,8,4646,164,80
851,109,1,852,5,4651,65,50
852,109,1,853,6,4657,48,60
853,109,1,854,9,4666,92,90
854,109,1,855,6,4672,45,60
855,109,1,856,9,4681,94,90
856,109,1,857,9,4690,0,90
857,109,1,858,7,4697,0,70
858,109,1,859,4,4701,207,40
859,109,1,860,9,4710,100,90
860,109,1,861,7,4717,71,70
861,109,1,862,4,4721,48,40
862,109,1,863,3,4724,18,30
863,109,1,864,8,4732,0,80
864,109,1,865,5,4737,123,50
865,109,1,866,2,4739,25,20
866,109,1,867,5,4744,67,50
867,109,1,868,6,4750,49,60
868,109,1,869,2,4752,0,20
869,109,1,870,8,4760,0,80
870,109,1,871,7,4767,0,70
871,109,1,872,6,4773,237,60
872,109,1,873,5,4778,54,50
873,109,1,874,7,4785,75,70
874,109,1,875,6,4791,68,60
875,109,1,876,9,4800,0,90
876,109,1,877,9,4809,0,90
877,109,1,878,5,4814,239,50
878,109,1,879,6,4820,70,60
879,109,1,880,2,4822,0,20
880,109,1,881,9,4831,0,90
881,109,1,882,5,4836,170,50
882,109,1,883,3,4839,26,30
883,109,1,884,5,4844,54,50
884,109,1,885,2,4846,0,20
885,109,1,886,5,4851,77,50
886,109,1,887,8,4859,96,80
887,109,1,888,6,4865,0,60
888,109,1,889,5,4870,107,50
889,109,1,890,8,4878,0,80
890,109,1,891,2,4880,117,20
891,109,1,892,8,4888,69,80
892,109,1,893,6,4894,0,60
893,109,1,894,3,4897,82,30
894,109,1,895,2,4899,15,20
895,109,1,896,6,4905,60,60
896,109,1,897,8,4913,73,80
897,109,1,898,7,4920,0,70
898,109,1,899,6,4926,0,60
899,109,1,900,4,4930,196,40
900,109,1,901,4,4934,44,40
901,109,1,902,2,4936,24,20
902,109,1,903,4,4940,41,40
903,109,1,904,3,4943,30,30
904,109,1,905,4,4947,0,40
905,109,1,906,2,4949,0,20
906,109,1,907,4,4953,99,40
907,109,1,908,2,4955,17,20
908,109,1,909,9,4964,106,90
909,109,1,910,3,4967,0,30
910,109,1,911,5,4972,75,50
911,109,1,912,6,4978,61,60
912,109,1,913,6,4984,49,60
913,109,1,914,3,4987,22,30
914,109,1,915,9,4996,92,90
915,109,2,1,7,7,81,70
916,109,2,2,3,10,29,30
917,109,2,3,5,15,45,50
918,109,2,4,6,21,0,60
919,109,2,5,7,28,0,70
920,109,2,6,8,36,231,80
921,109,2,7,4,40,52,40
922,109,2,8,4,44,27,40
923,109,2,9,7,51,82,70
924,109,2,10,4,55,35,40
925,109,2,11,4,59,42,40
926,109,2,12,9,68,0,90
927,109,2,13,3,71,113,30
928,109,2,14,3,74,30,30
929,109,2,15,6,80,65,60
930,109,2,16,3,83,33,30
931,109,2,17,2,85,14,20
932,109,2,18,2,87,25,20
933,109,2,19,2,89,19,20
934,109,2,20,9,98,89,90
935,109,2,21,8,106,77,80
936,109,2,22,6,112,0,60
937,109,2,23,7,119,133,70
938,109,2,24,4,123,0,40
939,109,2,25,2,125,58,20
940,109,2,26,7,132,61,70
941,109,2,27,3,135,23,30
942,109,2,28,2,137,18,20
943,109,2,29,7,144,87,70
944,109,2,30,3,147,0,30
945,109,2,31,8,155,114,80
946,109,2,32,3,158,33,30
947,109,2,33,3,161,35,30
948,109,2,34,4,165,0,40
949,109,2,35,3,168,68,30
950,109,2,36,2,170,25,20
951,109,2,37,3,173,25,30
952,109,2,38,2,175,17,20
953,109,2,39,9,184,97,90
954,109,2,40,6,190,77,60
955,109,2,41,3,193,29,30
956,109,2,42,2,195,0,20
957,109,2,43,4,199,0,40
958,109,2,44,7,206,117,70
959,109,2,45,6,212,0,60
960,109,2,46,9,221,155,90
961,109,2,47,9,230,97,90
962,109,2,48,9,239,87,90
963,109,2,49,3,242,39,30
964,109,2,50,4,246,40,40
965,109,2,51,4,250,35,40
966,109,2,52,3,253,0,30
967,109,2,53,5,258,0,50
968,109,2,54,2,260,112,20
969,109,2,55,6,266,0,60
970,109,2,56,4,270,98,40
971,109,2,57,8,278,88,80
972,109,2,58,2,280,23,20
973,109,2,59,3,283,0,30
974,109,2,60,6,289,98,60
975,109,2,61,2,291,0,20
976,109,2,62,2,293,30,20
977,109,2,63,3,296,0,30
978,109,2,64,9,305,116,90
979,109,2,65,2,307,24,20
980,109,2,66,8,315,0,80
981,109,2,67,2,317,81,20
982,109,2,68,4,321,0,40
983,109,2,69,8,329,0,80
984,109,2,70,3,332,135,30
985,109,2,71,7,339,66,70
986,109,2,72,9,348,0,90
987,109,2,73,4,352,0,40
988,109,2,74,6,358,167,60
989,109,2,75,2,360,24,20
990,109,2,76,5,365,0,50
991,109,2,77,3,368,85,30
992,109,2,78,7,375,71,70
993,109,2,79,2,377,24,20
994,109,2,80,9,386,83,90
995,109,2,81,9,395,89,90
996,109,2,82,4,399,0,40
997,109,2,83,8,407,115,80
998,109,2,84,8,415,78,80
999,109,2,85,4,419,35,40
1000,109,2,86,2,421,17,20
1001,109,2,87,5,426,52,50
1002,109,2,88,8,434,0,80
1003,109,2,89,7,441,163,70
1004,109,2,90,9,450,95,90
1005,109,2,91,2,452,0,20
1006,109,2,92,9,461,103,90
1007,109,2,93,6,467,62,60
1008,109,2,94,6,473,68,60
1009,109,2,95,9,482,88,90
1010,109,2,96,3,485,36,30
1011,109,2,97,2,487,0,20
1012,109,2,98,3,490,58,30
1013,109,2,99,8,498,95,80
1014,109,2,100,4,502,0,40
1015,109,2,101,4,506,88,40
1016,109,2,102,5,511,60,50
1017,109,2,103,3,514,37,30
1018,109,2,104,3,517,27,30
1019,109,2,105,2,519,22,20
1020,109,2,106,8,527,82,80
1021,109,2,107,9,536,100,90
1022,109,2,108,7,543,0,70
1023,109,2,109,7,550,0,70
1024,109,2,110,7,557,226,70
1025,109,2,111,7,564,74,70
1026,109,2,112,8,572,81,80
1027,109,2,113,3,575,27,30
1028,109,2,114,5,580,50,50
1029,109,2,115,7,587,60,70
1030,109,2,116,4,591,0,40
1031,109,2,117,3,594,0,30
1032,109,2,118,4,598,110,40
1033,109,2,119,6,604,55,60
1034,109,2,120,7,611,81,70
1035,109,2,121,3,614,23,30
1036,109,2,122,3,617,0,30
1037,109,2,123,9,626,0,90
1038,109,2,124,2,628,0,20
1039,109,2,125,8,636,211,80
1040,109,2,126,4,640,44,40
1041,109,2,127,4,644,41,40
1042,109,2,128,8,652,81,80
1043,109,2,129,6,658,0,60
1044,109,2,130,9,667,136,90
1045,109,2,131,4,671,39,40
1046,109,2,132,3,674,25,30
1047,109,2,133,6,680,0,60
1048,109,2,134,3,683,87,30
1049,109,2,135,8,691,85,80
1050,109,2,136,5,696,0,50
1051,109,2,137,4,700,96,40
1052,109,2,138,3,703,0,30
1053,109,2,139,3,706,54,30
1054,109,2,140,2,708,18,20
1055,109,2,141,8,716,66,80
1056,109,2,142,5,721,0,50
1057,109,2,143,3,724,79,30
1058,109,2,144,8,732,0,80
1059,109,2,145,2,734,0,20
1060,109,2,146,7,741,171,70
1061,109,2,147,3,744,31,30
1062,109,2,148,8,752,0,80
1063,109,2,149,3,755,0,30
1064,109,2,150,4,759,136,40
1065,109,2,151,2,761,26,20
1066,109,2,152,3,764,0,30
1067,109,2,153,7,771,97,70
1068,109,2,154,3,774,29,30
1069,109,2,155,4,778,40,40
1070,109,2,156,8,786,91,80
1071,109,2,157,5,791,0,50
1072,109,2,158,9,800,130,90
1073,109,2,159,3,803,23,30
1074,109,2,160,8,811,89,80
1075,109,2,161,8,819,77,80
1076,109,2,162,2,821,21,20
1077,109,2,163,9,830,0,90
1078,109,2,164,2,832,101,20
1079,109,2,165,3,835,0,30
1080,109,2,166,4,839,0,40
1081,109,2,167,4,843,113,40
1082,109,2,168,5,848,52,50
1083,109,2,169,6,854,65,60
1084,109,2,170,8,862,0,80
1085,109,2,171,6,868,143,60
1086,109,2,172,9,877,76,90
1087,109,2,173,8,885,90,80
1088,109,2,174,6,891,0,60
1089,109,2,175,7,898,0,70
1090,109,2,176,2,900,160,20
1091,109,2,177,4,904,32,40
1092,109,2,178,3,907,22,30
1093,109,2,179,9,916,83,90
1094,109,2,180,6,922,56,60
1095,109,2,181,5,927,58,50
1096,109,2,182,2,929,17,20
1097,109,2,183,9,938,95,90
1098,109,2,184,7,945,73,70
1099,109,2,185,7,952,73,70
1100,109,2,186,4,956,0,40
1101,109,2,187,5,961,84,50
1102,109,2,188,8,969,98,80
1103,109,2,189,2,971,0,20
1104,109,2,190,3,974,56,30
1105,109,2,191,4,978,0,40
1106,109,2,192,2,980,0,20
1107,109,2,193,8,988,146,80
1108,109,2,194,3,991,0,30
1109,109,2,195,7,998,92,70
1110,109,2,196,9,1007,81,90
1111,109,2,197,6,1013,0,60
1112,109,2,198,9,1022,0,90
1113,109,2,199,3,1025,0,30
1114,109,2,200,4,1029,207,40
1115,109,2,201,3,1032,28,30
1116,109,2,202,3,1035,25,30
1117,109,2,203,9,1044,0,90
1118,109,2,204,8,1052,169,80
1119,109,2,205,7,1059,60,70
1120,109,2,206,9,1068,103,90
1121,109,2,207,6,1074,51,60
1122,109,2,208,5,1079,49,50
1123,109,2,209,5,1084,50,50
1124,109,2,210,7,1091,78,70
1125,109,2,211,8,1099,72,80
1126,109,2,212,4,1103,0,40
1127,109,2,213,6,1109,0,60
1128,109,2,214,6,1115,0,60
1129,109,2,215,2,1117,191,20
1130,109,2,216,3,1120,33,30
1131,109,2,217,5,1125,71,50
1132,109,2,218,4,1129,36,40
1133,109,2,219,3,1132,36,30
1134,109,2,220,9,1141,0,90
1135,109,2,221,9,1150,165,90
1136,109,2,222,7,1157,70,70
1137,109,2,223,2,1159,22,20
1138,109,2,224,3,1162,28,30
1139,109,2,225,2,1164,21,20
1140,109,2,226,3,1167,0,30
1141,109,2,227,5,1172,75,50
1142,109,2,228,8,1180,94,80
1143,109,2,229,8,1188,78,80
1144,109,2,230,3,1191,26,30
1145,109,2,231,9,1200,0,90
1146,109,2,232,6,1206,150,60
1147,109,2,233,3,1209,36,30
1148,109,2,234,7,1216,61,70
1149,109,2,235,3,1219,0,30
1150,109,2,236,4,1223,73,40
1151,109,2,237,8,1231,97,80
1152,109,2,238,5,1236,55,50
1153,109,2,239,9,1245,0,90
1154,109,2,240,9,1254,0,90
1155,109,2,241,8,1262,256,80
1156,109,2,242,9,1271,68,90
1157,109,2,243,8,1279,68,80
1158,109,2,244,7,1286,76,70
1159,109,2,245,9,1295,0,90
1160,109,2,246,8,1303,159,80
1161,109,2,247,9,1312,112,90
1162,109,2,248,8,1320,82,80
1163,109,2,249,2,1322,16,20
1164,109,2,250,5,1327,0,50
1165,109,2,251,2,1329,0,20
1166,109,2,252,7,1336,138,70
1167,109,2,253,7,1343,68,70
1168,109,2,254,3,1346,32,30
1169,109,2,255,3,1349,33,30
1170,109,2,256,6,1355,68,60
1171,109,2,257,8,1363,94,80
1172,109,2,258,7,1370,0,70
1173,109,2,259,3,1373,94,30
1174,109,2,260,4,1377,38,40
1175,109,2,261,6,1383,58,60
1176,109,2,262,3,1386,33,30
1177,109,2,263,2,1388,11,20
1178,109,2,264,9,1397,78,90
1179,109,2,265,4,1401,34,40
1180,109,2,266,7,1408,66,70
1181,109,2,267,5,1413,38,50
1182,109,2,268,7,1420,0,70
1183,109,2,269,7,1427,142,70
1184,109,2,270,6,1433,60,60
1185,109,2,271,3,1436,27,30
1186,109,2,272,4,1440,42,40
1187,109,2,273,4,1444,39,40
1188,109,2,274,2,1446,18,20
1189,109,2,275,5,1451,49,50
1190,109,2,276,8,1459,67,80
1191,109,2,277,8,1467,88,80
1192,109,2,278,5,1472,52,50
1193,109,2,279,3,1475,0,30
1194,109,2,280,8,1483,111,80
1195,109,2,281,2,1485,20,20
1196,109,2,282,5,1490,54,50
1197,109,2,283,2,1492,16,20
1198,109,2,284,2,1494,8,20
1199,109,2,285,2,1496,12,20
1200,109,2,286,8,1504,92,80
1201,109,2,287,4,1508,28,40
1202,109,2,288,4,1512,52,40
1203,109,2,289,3,1515,32,30
1204,109,2,290,7,1522,91,70
1205,109,2,291,2,1524,15,20
1206,109,2,292,7,1531,71,70
1207,109,2,293,7,1538,69,70
1208,109,2,294,2,1540,22,20
1209,109,2,295,9,1549,90,90
1210,109,2,296,9,1558,88,90
1211,109,2,297,8,1566,86,80
1212,109,2,298,6,1572,62,60
1213,109,2,299,3,1575,0,30
1214,109,2,300,5,1580,0,50
1215,109,2,301,5,1585,121,50
1216,109,2,302,3,1588,0,30
1217,109,2,303,6,1594,101,60
1218,109,2,304,8,1602,91,80
1219,109,2,305,8,1610,86,80
1220,109,2,306,9,1619,0,90
1221,109,2,307,5,1624,0,50
1222,109,2,308,2,1626,0,20
1223,109,2,309,4,1630,214,40
1224,109,2,310,7,1637,0,70
1225,109,2,311,6,1643,119,60
1226,109,2,312,5,1648,45,50
1227,109,2,313,6,1654,51,60
1228,109,2,314,2,1656,0,20
1229,109,2,315,3,1659,52,30
1230,109,2,316,7,1666,63,70
1231,109,2,317,3,1669,0,30
1232,109,2,318,5,1674,76,50
1233,109,2,319,3,1677,32,30
1234,109,2,320,4,1681,46,40
1235,109,2,321,4,1685,38,40
1236,109,2,322,3,1688,0,30
1237,109,2,323,9,1697,0,90
1238,109,2,324,5,1702,0,50
1239,109,2,325,6,1708,249,60
1240,109,2,326,8,1716,98,80
1241,109,2,327,2,1718,0,20
1242,109,2,328,2,1720,42,20
1243,109,2,329,4,1724,31,40
1244,109,2,330,6,1730,62,60
1245,109,2,331,8,1738,77,80
1246,109,2,332,2,1740,0,20
1247,109,2,333,8,1748,91,80
1248,109,2,334,5,1753,0,50
1249,109,2,335,7,1760,113,70
1250,109,2,336,7,1767,70,70
1251,109,2,337,6,1773,60,60
1252,109,2,338,8,1781,0,80
1253,109,2,339,5,1786,132,50
1254,109,2,340,2,1788,14,20
1255,109,2,341,2,1790,12,20
1256,109,2,342,9,1799,0,90
1257,109,2,343,9,1808,0,90
1258,109,2,344,5,1813,0,50
1259,109,2,345,2,1815,239,20
1260,109,2,346,8,1823,84,80
1261,109,2,347,7,1830,0,70
1262,109,2,348,8,1838,163,80
1263,109,2,349,2,1840,0,20
1264,109,2,350,2,1842,44,20
1265,109,2,351,7,1849,0,70
1266,109,2,352,6,1855,0,60
1267,109,2,353,7,1862,0,70
1268,109,2,354,8,1870,0,80
1269,109,2,355,5,1875,0,50
1270,109,2,356,4,1879,0,40
1271,109,2,357,5,1884,434,50
1272,109,2,358,6,1890,67,60
1273,109,2,359,6,1896,61,60
1274,109,2,360,4,1900,29,40
1275,109,2,361,4,1904,33,40
1276,109,2,362,3,1907,23,30
1277,109,2,363,2,1909,0,20
1278,109,2,364,2,1911,37,20
1279,109,2,365,6,1917,50,60
1280,109,2,366,7,1924,0,70
1281,109,2,367,2,1926,0,20
1282,109,2,368,3,1929,0,30
1283,109,2,369,9,1938,228,90
1284,109,2,370,5,1943,57,50
1285,109,2,371,5,1948,53,50
1286,109,2,372,8,1956,70,80
1287,109,2,373,9,1965,92,90
1288,109,2,374,9,1974,97,90
1289,109,2,375,6,1980,0,60
1290,109,2,376,8,1988,0,80
1291,109,2,377,6,1994,174,60
1292,109,2,378,9,2003,91,90
1293,109,2,379,7,2010,0,70
1294,109,2,380,8,2018,136,80
1295,109,2,381,8,2026,84,80
1296,109,2,382,7,2033,64,70
1297,109,2,383,2,2035,13,20
1298,109,2,384,2,2037,0,20
1299,109,2,385,2,2039,0,20
1300,109,2,386,6,2045,0,60
1301,109,2,387,8,2053,0,80
1302,109,2,388,2,2055,0,20
1303,109,2,389,6,2061,0,60
1304,109,2,390,7,2068,0,70
1305,109,2,391,9,2077,409,90
1306,109,2,392,3,2080,34,30
1307,109,2,393,8,2088,82,80
1308,109,2,394,3,2091,36,30
1309,109,2,395,3,2094,33,30
1310,109,2,396,8,2102,0,80
1311,109,2,397,9,2111,0,90
1312,109,2,398,6,2117,220,60
1313,109,2,399,7,2124,54,70
1314,109,2,400,2,2126,19,20
1315,109,2,401,2,2128,0,20
1316,109,2,402,3,2131,57,30
1317,109,2,403,9,2140,77,90
1318,109,2,404,3,2143,0,30
1319,109,2,405,5,2148,0,50
1320,109,2,406,7,2155,154,70
1321,109,2,407,4,2159,41,40
1322,109,2,408,6,2165,56,60
1323,109,2,409,6,2171,0,60
1324,109,2,410,2,2173,83,20
1325,109,2,411,2,2175,0,20
1326,109,2,412,5,2180,68,50
1327,109,2,413,8,2188,84,80
1328,109,2,414,2,2190,15,20
1329,109,2,415,5,2195,0,50
1330,109,2,416,2,2197,60,20
1331,109,2,417,7,2204,0,70
1332,109,2,418,8,2212,0,80
1333,109,2,419,7,2219,0,70
1334,109,2,420,6,2225,0,60
1335,109,2,421,6,2231,334,60
1336,109,2,422,3,2234,33,30
1337,109,2,423,3,2237,28,30
1338,109,2,424,9,2246,86,90
1339,109,2,425,2,2248,22,20
1340,109,2,426,6,2254,56,60
1341,109,2,427,2,2256,14,20
1342,109,2,428,6,2262,68,60
1343,109,2,429,7,2269,89,70
1344,109,2,430,9,2278,106,90
1345,109,2,431,7,2285,66,70
1346,109,2,432,9,2294,94,90
1347,109,2,433,9,2303,0,90
1348,109,2,434,4,2307,0,40
1349,109,2,435,8,2315,191,80
1350,109,2,436,8,2323,0,80
1351,109,2,437,6,2329,0,60
1352,109,2,438,8,2337,201,80
1353,109,2,439,6,2343,56,60
1354,109,2,440,7,2350,0,70
1355,109,2,441,9,2359,177,90
1356,109,2,442,5,2364,0,50
1357,109,2,443,5,2369,0,50
1358,109,2,444,2,2371,128,20
1359,109,2,445,2,2373,0,20
1360,109,2,446,4,2377,52,40
1361,109,2,447,7,2384,69,70
1362,109,2,448,5,2389,56,50
1363,109,2,449,8,2397,0,80
1364,109,2,450,2,2399,0,20
1365,109,2,451,4,2403,148,40
1366,109,2,452,9,2412,74,90
1367,109,2,453,3,2415,29,30
1368,109,2,454,4,2419,45,40
1369,109,2,455,4,2423,39,40
1370,109,2,456,2,2425,0,20
1371,109,2,457,7,2432,96,70
1372,109,2,458,4,2436,0,40
1373,109,2,459,3,2439,69,30
1374,109,2,460,5,2444,39,50
1375,109,2,461,9,2453,74,90
1376,109,2,462,5,2458,0,50
1377,109,2,463,5,2463,0,50
1378,109,2,464,6,2469,169,60
1379,109,2,465,8,2477,77,80
1380,109,2,466,9,2486,82,90
1381,109,2,467,8,2494,0,80
1382,109,2,468,9,2503,182,90
1383,109,2,469,5,2508,0,50
1384,109,2,470,6,2514,0,60
1385,109,2,471,2,2516,138,20
1386,109,2,472,4,2520,42,40
1387,109,2,473,4,2524,40,40
1388,109,2,474,6,2530,62,60
1389,109,2,475,8,2538,74,80
1390,109,2,476,8,2546,81,80
1391,109,2,477,6,2552,60,60
1392,109,2,478,6,2558,0,60
1393,109,2,479,5,2563,0,50
1394,109,2,480,2,2565,129,20
1395,109,2,481,4,2569,43,40
1396,109,2,482,2,2571,13,20
1397,109,2,483,3,2574,41,30
1398,109,2,484,9,2583,0,90
1399,109,2,485,9,2592,170,90
1400,109,2,486,8,2600,66,80
1401,109,2,487,9,2609,0,90
1402,109,2,488,6,2615,165,60
1403,109,2,489,7,2622,63,70
1404,109,2,490,2,2624,19,20
1405,109,2,491,5,2629,44,50
1406,109,2,492,8,2637,82,80
1407,109,2,493,5,2642,47,50
1408,109,2,494,5,2647,53,50
1409,109,2,495,7,2654,0,70
1410,109,2,496,9,2663,147,90
1411,109,2,497,2,2665,15,20
1412,109,2,498,8,2673,88,80
1413,109,2,499,8,2681,88,80
1414,109,2,500,4,2685,51,40
1415,109,2,501,3,2688,0,30
1416,109,2,502,4,2692,65,40
1417,109,2,503,5,2697,52,50
1418,109,2,504,4,2701,0,40
1419,109,2,505,8,2709,131,80
1420,109,2,506,5,2714,49,50
1421,109,2,507,5,2719,58,50
1422,109,2,508,6,2725,60,60
1423,109,2,509,9,2734,0,90
1424,109,2,510,5,2739,0,50
1425,109,2,511,2,2741,159,20
1426,109,2,512,5,2746,48,50
1427,109,2,513,8,2754,73,80
1428,109,2,514,5,2759,53,50
1429,109,2,515,7,2766,0,70
1430,109,2,516,7,2773,147,70
1431,109,2,517,5,2778,54,50
1432,109,2,518,5,2783,0,50
1433,109,2,519,3,2786,0,30
1434,109,2,520,3,2789,0,30
1435,109,2,521,5,2794,0,50
1436,109,2,522,7,2801,229,70
1437,109,2,523,2,2803,0,20
1438,109,2,524,5,2808,72,50
1439,109,2,525,5,2813,44,50
1440,109,2,526,3,2816,37,30
1441,109,2,527,2,2818,0,20
1442,109,2,528,6,2824,73,60
1443,109,2,529,2,2826,0,20
1444,109,2,530,3,2829,50,30
1445,109,2,531,3,2832,21,30
1446,109,2,532,7,2839,83,70
1447,109,2,533,6,2845,0,60
1448,109,2,534,3,2848,0,30
1449,109,2,535,2,2850,113,20
1450,109,2,536,9,2859,0,90
1451,109,2,537,7,2866,160,70
1452,109,2,538,6,2872,41,60
1453,109,2,539,6,2878,66,60
1454,109,2,540,5,2883,41,50
1455,109,2,541,2,2885,0,20
1456,109,2,542,4,2889,57,40
1457,109,2,543,8,2897,83,80
1458,109,2,544,3,2900,28,30
1459,109,2,545,4,2904,36,40
1460,109,2,546,4,2908,0,40
1461,109,2,547,6,2914,0,60
1462,109,2,548,8,2922,170,80
1463,109,2,549,8,2930,88,80
1464,109,2,550,8,2938,0,80
1465,109,2,551,4,2942,0,40
1466,109,2,552,7,2949,0,70
1467,109,2,553,8,2957,262,80
1468,109,2,554,5,2962,0,50
1469,109,2,555,2,2964,74,20
1470,109,2,556,4,2968,32,40
1471,109,2,557,7,2975,66,70
1472,109,2,558,6,2981,59,60
1473,109,2,559,9,2990,97,90
1474,109,2,560,4,2994,0,40
1475,109,2,561,5,2999,102,50
1476,109,2,562,7,3006,0,70
1477,109,2,563,8,3014,143,80
1478,109,2,564,2,3016,15,20
1479,109,2,565,2,3018,0,20
1480,109,2,566,4,3022,0,40
1481,109,2,567,6,3028,122,60
1482,109,2,568,9,3037,88,90
1483,109,2,569,2,3039,17,20
1484,109,2,570,9,3048,0,90
1485,109,2,571,3,3051,120,30
1486,109,2,572,5,3056,51,50
1487,109,2,573,8,3064,67,80
1488,109,2,574,5,3069,46,50
1489,109,2,575,2,3071,24,20
1490,109,2,576,5,3076,0,50
1491,109,2,577,7,3083,0,70
1492,109,2,578,4,3087,161,40
1493,109,2,579,3,3090,0,30
1494,109,2,580,2,3092,54,20
1495,109,2,581,8,3100,0,80
1496,109,2,582,2,3102,108,20
1497,109,2,583,7,3109,68,70
1498,109,2,584,4,3113,37,40
1499,109,2,585,5,3118,50,50
1500,109,2,586,4,3122,38,40
1501,109,2,587,7,3129,84,70
1502,109,2,588,6,3135,71,60
1503,109,2,589,3,3138,34,30
1504,109,2,590,8,3146,89,80
1505,109,2,591,2,3148,31,20
1506,109,2,592,9,3157,0,90
1507,109,2,593,4,3161,138,40
1508,109,2,594,6,3167,58,60
1509,109,2,595,2,3169,23,20
1510,109,2,596,4,3173,42,40
1511,109,2,597,5,3178,35,50
1512,109,2,598,4,3182,38,40
1513,109,2,599,7,3189,78,70
1514,109,2,600,7,3196,0,70
1515,109,2,601,9,3205,164,90
1516,109,2,602,7,3212,76,70
1517,109,2,603,6,3218,69,60
1518,109,2,604,2,3220,0,20
1519,109,2,605,3,3223,51,30
1520,109,2,606,9,3232,92,90
1521,109,2,607,7,3239,0,70
1522,109,2,608,2,3241,91,20
1523,109,2,609,8,3249,0,80
1524,109,2,610,6,3255,114,60
1525,109,2,611,6,3261,0,60
1526,109,2,612,5,3266,98,50
1527,109,2,613,4,3270,0,40
1528,109,2,614,2,3272,0,20
1529,109,2,615,5,3277,119,50
1530,109,2,616,5,3282,0,50
1531,109,2,617,7,3289,0,70
1532,109,2,618,9,3298,217,90
1533,109,2,619,3,3301,0,30
1534,109,2,620,7,3308,99,70
1535,109,2,621,2,3310,0,20
1536,109,2,622,8,3318,0,80
1537,109,2,623,9,3327,198,90
1538,109,2,624,3,3330,0,30
1539,109,2,625,8,3338,120,80
1540,109,2,626,8,3346,81,80
1541,109,2,627,4,3350,36,40
1542,109,2,628,4,3354,39,40
1543,109,2,629,7,3361,80,70
1544,109,2,630,8,3369,93,80
1545,109,2,631,5,3374,57,50
1546,109,2,632,4,3378,45,40
1547,109,2,633,6,3384,67,60
1548,109,2,634,7,3391,0,70
1549,109,2,635,7,3398,0,70
1550,109,2,636,5,3403,183,50
1551,109,2,637,4,3407,35,40
1552,109,2,638,2,3409,17,20
1553,109,2,639,4,3413,0,40
1554,109,2,640,8,3421,108,80
1555,109,2,641,4,3425,0,40
1556,109,2,642,2,3427,61,20
1557,109,2,643,6,3433,71,60
1558,109,2,644,5,3438,49,50
1559,109,2,645,8,3446,89,80
1560,109,2,646,8,3454,0,80
1561,109,2,647,2,3456,0,20
1562,109,2,648,5,3461,0,50
1563,109,2,649,6,3467,0,60
1564,109,2,650,6,3473,0,60
1565,109,2,651,7,3480,360,70
1566,109,2,652,5,3485,53,50
1567,109,2,653,5,3490,0,50
1568,109,2,654,8,3498,0,80
1569,109,2,655,4,3502,0,40
1570,109,2,656,2,3504,0,20
1571,109,2,657,7,3511,257,70
1572,109,2,658,4,3515,42,40
1573,109,2,659,2,3517,0,20
1574,109,2,660,5,3522,69,50
1575,109,2,661,7,3529,0,70
1576,109,2,662,9,3538,160,90
1577,109,2,663,2,3540,0,20
1578,109,2,664,9,3549,120,90
1579,109,2,665,8,3557,84,80
1580,109,2,666,8,3565,0,80
1581,109,2,667,3,3568,0,30
1582,109,2,668,8,3576,185,80
1583,109,2,669,6,3582,0,60
1584,109,2,670,9,3591,151,90
1585,109,2,671,6,3597,51,60
1586,109,2,672,2,3599,0,20
1587,109,2,673,5,3604,62,50
1588,109,2,674,3,3607,32,30
1589,109,2,675,4,3611,41,40
1590,109,2,676,5,3616,0,50
1591,109,2,677,2,3618,68,20
1592,109,2,678,3,3621,0,30
1593,109,2,679,5,3626,80,50
1594,109,2,680,7,3633,59,70
1595,109,2,681,3,3636,31,30
1596,109,2,682,3,3639,40,30
1597,109,2,683,2,3641,0,20
1598,109,2,684,3,3644,65,30
1599,109,2,685,9,3653,93,90
1600,109,2,686,6,3659,57,60
1601,109,2,687,4,3663,31,40
1602,109,2,688,8,3671,0,80
1603,109,2,689,8,3679,0,80
1604,109,2,690,3,3682,0,30
1605,109,2,691,7,3689,0,70
1606,109,2,692,8,3697,353,80
1607,109,2,693,7,3704,89,70
1608,109,2,694,8,3712,94,80
1609,109,2,695,6,3718,56,60
1610,109,2,696,6,3724,64,60
1611,109,2,697,3,3727,0,30
1612,109,2,698,6,3733,113,60
1613,109,2,699,6,3739,61,60
1614,109,2,700,9,3748,83,90
1615,109,2,701,5,3753,0,50
1616,109,2,702,2,3755,71,20
1617,109,2,703,6,3761,68,60
1618,109,2,704,8,3769,72,80
1619,109,2,705,5,3774,55,50
1620,109,2,706,4,3778,35,40
1621,109,2,707,4,3782,0,40
1622,109,2,708,9,3791,120,90
1623,109,2,709,2,3793,0,20
1624,109,2,710,9,3802,100,90
1625,109,2,711,2,3804,11,20
1626,109,2,712,6,3810,75,60
1627,109,2,713,8,3818,0,80
1628,109,2,714,9,3827,162,90
1629,109,2,715,5,3832,63,50
1630,109,2,716,2,3834,9,20
1631,109,2,717,5,3839,51,50
1632,109,2,718,7,3846,46,70
1633,109,2,719,5,3851,0,50
1634,109,2,720,6,3857,114,60
1635,109,2,721,8,3865,95,80
1636,109,2,722,9,3874,93,90
1637,109,2,723,8,3882,65,80
1638,109,2,724,6,3888,67,60
1639,109,2,725,7,3895,0,70
1640,109,2,726,9,3904,0,90
1641,109,2,727,5,3909,210,50
1642,109,2,728,3,3912,27,30
1643,109,2,729,4,3916,0,40
1644,109,2,730,5,3921,0,50
1645,109,2,731,2,3923,111,20
1646,109,2,732,4,3927,0,40
1647,109,2,733,6,3933,96,60
1648,109,2,734,7,3940,72,70
1649,109,2,735,8,3948,0,80
1650,109,2,736,7,3955,151,70
1651,109,2,737,8,3963,89,80
1652,109,2,738,7,3970,69,70
1653,109,2,739,9,3979,98,90
1654,109,2,740,4,3983,42,40
1655,109,2,741,8,3991,67,80
1656,109,2,742,8,3999,95,80
1657,109,2,743,3,4002,25,30
1658,109,2,744,9,4011,94,90
1659,109,2,745,8,4019,90,80
1660,109,2,746,2,4021,0,20
1661,109,2,747,6,4027,98,60
1662,109,2,748,9,4036,96,90
1663,109,2,749,7,4043,0,70
1664,109,2,750,2,4045,0,20
1665,109,2,751,6,4051,142,60
1666,109,2,752,8,4059,0,80
1667,109,2,753,3,4062,107,30
1668,109,2,754,9,4071,94,90
1669,109,2,755,8,4079,89,80
1670,109,2,756,6,4085,60,60
1671,109,2,757,9,4094,97,90
1672,109,2,758,9,4103,94,90
1673,109,2,759,8,4111,79,80
1674,109,2,760,2,4113,0,20
1675,109,2,761,2,4115,38,20
1676,109,2,762,4,4119,0,40
1677,109,2,763,3,4122,72,30
1678,109,2,764,2,4124,24,20
1679,109,2,765,5,4129,49,50
1680,109,2,766,9,4138,88,90
1681,109,2,767,5,4143,47,50
1682,109,2,768,9,4152,0,90
1683,109,2,769,4,4156,120,40
1684,109,2,770,7,4163,73,70
1685,109,2,771,4,4167,36,40
1686,109,2,772,7,4174,70,70
1687,109,2,773,8,4182,0,80
1688,109,2,774,2,4184,96,20
1689,109,2,775,7,4191,64,70
1690,109,2,776,9,4200,94,90
1691,109,2,777,9,4209,0,90
1692,109,2,778,6,4215,161,60
1693,109,2,779,4,4219,0,40
1694,109,2,780,8,4227,121,80
1695,109,2,781,3,4230,31,30
1696,109,2,782,4,4234,0,40
1697,109,2,783,6,4240,102,60
1698,109,2,784,2,4242,20,20
1699,109,2,785,4,4246,38,40
1700,109,2,786,4,4250,50,40
1701,109,2,787,9,4259,92,90
1702,109,2,788,2,4261,14,20
1703,109,2,789,8,4269,74,80
1704,109,2,790,6,4275,55,60
1705,109,2,791,3,4278,29,30
1706,109,2,792,4,4282,33,40
1707,109,2,793,7,4289,53,70
1708,109,2,794,4,4293,37,40
1709,109,2,795,3,4296,32,30
1710,109,2,796,3,4299,32,30
1711,109,2,797,4,4303,45,40
1712,109,2,798,6,4309,0,60
1713,109,2,799,3,4312,82,30
1714,109,2,800,6,4318,48,60
1715,109,2,801,5,4323,53,50
1716,109,2,802,6,4329,43,60
1717,109,2,803,5,4334,57,50
1718,109,2,804,4,4338,0,40
1719,109,2,805,6,4344,0,60
1720,109,2,806,6,4350,172,60
1721,109,2,807,2,4352,0,20
1722,109,2,808,5,4357,0,50
1723,109,2,809,2,4359,0,20
1724,109,2,810,3,4362,114,30
1725,109,2,811,3,4365,26,30
1726,109,2,812,9,4374,90,90
1727,109,2,813,7,4381,0,70
1728,109,2,814,3,4384,94,30
1729,109,2,815,7,4391,75,70
1730,109,2,816,9,4400,124,90
1731,109,2,817,9,4409,104,90
1732,109,2,818,9,4418,96,90
1733,109,2,819,3,4421,24,30
1734,109,2,820,2,4423,16,20
1735,109,2,821,7,4430,64,70
1736,109,2,822,9,4439,95,90
1737,109,2,823,4,4443,36,40
1738,109,2,824,5,4448,47,50
1739,109,2,825,9,4457,0,90
1740,109,2,826,6,4463,0,60
1741,109,2,827,7,4470,0,70
1742,109,2,828,5,4475,272,50
1743,109,2,829,6,4481,70,60
1744,109,2,830,6,4487,63,60
1745,109,2,831,3,4490,0,30
1746,109,2,832,7,4497,91,70
1747,109,2,833,6,4503,63,60
1748,109,2,834,4,4507,0,40
1749,109,2,835,5,4512,0,50
1750,109,2,836,8,4520,0,80
1751,109,2,837,5,4525,0,50
1752,109,2,838,5,4530,0,50
1753,109,2,839,9,4539,382,90
1754,109,2,840,7,4546,0,70
1755,109,2,841,9,4555,158,90
1756,109,2,842,4,4559,36,40
1757,109,2,843,4,4563,51,40
1758,109,2,844,9,4572,76,90
1759,109,2,845,4,4576,0,40
1760,109,2,846,8,4584,119,80
1761,109,2,847,3,4587,31,30
1762,109,2,848,7,4594,75,70
1763,109,2,849,6,4600,73,60
1764,109,2,850,7,4607,78,70
1765,109,2,851,4,4611,36,40
1766,109,2,852,2,4613,14,20
1767,109,2,853,6,4619,73,60
1768,109,2,854,2,4621,16,20
1769,109,2,855,2,4623,18,20
1770,109,2,856,9,4632,0,90
1771,109,2,857,4,4636,129,40
1772,109,2,858,8,4644,69,80
1773,109,2,859,5,4649,56,50
1774,109,2,860,2,4651,15,20
1775,109,2,861,4,4655,0,40
1776,109,2,862,3,4658,65,30
1777,109,2,863,4,4662,52,40
1778,109,2,864,6,4668,48,60
1779,109,2,865,4,4672,30,40
1780,109,2,866,3,4675,33,30
1781,109,2,867,2,4677,20,20
1782,109,2,868,5,4682,48,50
1783,109,2,869,5,4687,38,50
1784,109,2,870,3,4690,33,30
1785,109,2,871,8,4698,73,80
1786,109,2,872,2,4700,26,20
1787,109,2,873,8,4708,84,80
1788,109,2,874,5,4713,0,50
1789,109,2,875,5,4718,0,50
1790,109,2,876,3,4721,144,30
1791,109,2,877,5,4726,46,50
1792,109,2,878,3,4729,0,30
1793,109,2,879,4,4733,0,40
1794,109,2,880,7,4740,146,70
1795,109,2,881,5,4745,50,50
1796,109,2,882,4,4749,0,40
1797,109,2,883,5,4754,84,50
1798,109,2,884,5,4759,43,50
1799,109,2,885,3,4762,0,30
1800,109,2,886,7,4769,105,70
1801,109,2,887,2,4771,0,20
1802,109,2,888,8,4779,90,80
1803,109,2,889,2,4781,0,20
1804,109,2,890,3,4784,43,30
1805,109,2,891,9,4793,85,90
1806,109,2,892,7,4800,76,70
1807,109,2,893,3,4803,0,30
1808,109,2,894,3,4806,60,30
1809,109,2,895,8,4814,78,80
1810,109,2,896,5,4819,43,50
1811,109,2,897,6,4825,50,60
1812,109,2,898,6,4831,0,60
1813,109,2,899,6,4837,130,60
1814,109,2,900,5,4842,0,50
1815,109,2,901,2,4844,75,20
1816,109,2,902,6,4850,72,60
1817,109,2,903,9,4859,87,90
1818,109,2,904,6,4865,0,60
1819,109,2,905,3,4868,84,30
1820,109,2,906,7,4875,65,70
1821,109,2,907,2,4877,0,20
1822,109,2,908,3,4880,0,30
1823,109,2,909,6,4886,113,60
1824,109,2,910,5,4891,47,50
1825,109,2,911,5,4896,0,50
1826,109,2,912,6,4902,98,60
1827,109,2,913,4,4906,35,40
1828,109,2,914,9,4915,77,90
1829,109,2,915,2,4917,0,20
1830,109,2,916,9,4926,98,90
1831,109,2,917,8,4934,84,80
1832,109,2,918,7,4941,68,70
1833,109,2,919,9,4950,104,90
1834,109,2,920,7,4957,69,70
1835,109,2,921,4,4961,31,40
1836,109,2,922,8,4969,85,80
1837,109,2,923,8,4977,96,80
1838,109,2,924,9,4986,78,90
1839,109,2,925,5,4991,0,50
1840,109,2,926,6,4997,108,60
1841,109,2,927,2,4999,22,20
1842,109,3,1,3,3,33,30
1843,109,3,2,5,8,51,50
1844,109,3,3,8,16,0,80
1845,109,3,4,2,18,97,20
1846,109,3,5,7,25,64,70
1847,109,3,6,9,34,0,90
1848,109,3,7,6,40,160,60
1849,109,3,8,4,44,39,40
1850,109,3,9,7,51,72,70
1851,109,3,10,6,57,68,60
1852,109,3,11,7,64,71,70
1853,109,3,12,9,73,0,90
1854,109,3,13,4,77,131,40
1855,109,3,14,8,85,98,80
1856,109,3,15,5,90,48,50
1857,109,3,16,4,94,31,40
1858,109,3,17,8,102,81,80
1859,109,3,18,7,109,0,70
1860,109,3,19,6,115,136,60
1861,109,3,20,8,123,79,80
1862,109,3,21,6,129,0,60
1863,109,3,22,9,138,154,90
1864,109,3,23,6,144,0,60
1865,109,3,24,9,153,138,90
1866,109,3,25,7,160,0,70
1867,109,3,26,6,166,133,60
1868,109,3,27,7,173,68,70
1869,109,3,28,6,179,0,60
1870,109,3,29,3,182,0,30
1871,109,3,30,9,191,163,90
1872,109,3,31,8,199,78,80
1873,109,3,32,2,201,15,20
1874,109,3,33,2,203,13,20
1875,109,3,34,6,209,68,60
1876,109,3,35,6,215,0,60
1877,109,3,36,6,221,111,60
1878,109,3,37,5,226,0,50
1879,109,3,38,4,230,82,40
1880,109,3,39,4,234,47,40
1881,109,3,40,5,239,0,50
1882,109,3,41,4,243,82,40
1883,109,3,42,9,252,88,90
1884,109,3,43,9,261,0,90
1885,109,3,44,3,264,123,30
1886,109,3,45,9,273,88,90
1887,109,3,46,6,279,0,60
1888,109,3,47,2,281,80,20
1889,109,3,48,9,290,0,90
1890,109,3,49,4,294,109,40
1891,109,3,50,9,303,92,90
1892,109,3,51,5,308,46,50
1893,109,3,52,7,315,72,70
1894,109,3,53,3,318,29,30
1895,109,3,54,2,320,0,20
1896,109,3,55,7,327,80,70
1897,109,3,56,2,329,17,20
1898,109,3,57,3,332,28,30
1899,109,3,58,2,334,0,20
1900,109,3,59,4,338,56,40
1901,109,3,60,3,341,38,30
1902,109,3,61,2,343,13,20
1903,109,3,62,2,345,0,20
1904,109,3,63,9,354,110,90
1905,109,3,64,5,359,43,50
1906,109,3,65,3,362,0,30
1907,109,3,66,6,368,81,60
1908,109,3,67,8,376,104,80
1909,109,3,68,3,379,34,30
1910,109,3,69,4,383,38,40
1911,109,3,70,8,391,68,80
1912,109,3,71,6,397,0,60
1913,109,3,72,6,403,0,60
1914,109,3,73,8,411,213,80
1915,109,3,74,9,420,108,90
1916,109,3,75,8,428,78,80
1917,109,3,76,2,430,21,20
1918,109,3,77,9,439,94,90
1919,109,3,78,6,445,64,60
1920,109,3,79,5,450,60,50
1921,109,3,80,9,459,0,90
1922,109,3,81,8,467,0,80
1923,109,3,82,3,470,0,30
1924,109,3,83,4,474,227,40
1925,109,3,84,3,477,20,30
1926,109,3,85,9,486,88,90
1927,109,3,86,7,493,73,70
1928,109,3,87,8,501,0,80
1929,109,3,88,6,507,134,60
1930,109,3,89,6,513,68,60
1931,109,3,90,9,522,93,90
1932,109,3,91,5,527,44,50
1933,109,3,92,9,536,93,90
1934,109,3,93,8,544,0,80
1935,109,3,94,8,552,0,80
1936,109,3,95,2,554,0,20
1937,109,3,96,8,562,0,80
1938,109,3,97,5,567,302,50
1939,109,3,98,9,576,102,90
1940,109,3,99,7,583,0,70
1941,109,3,100,6,589,0,60
1942,109,3,101,6,595,181,60
1943,109,3,102,4,599,0,40
1944,109,3,103,3,602,76,30
1945,109,3,104,9,611,90,90
1946,109,3,105,5,616,54,50
1947,109,3,106,5,621,0,50
1948,109,3,107,5,626,92,50
1949,109,3,108,8,634,0,80
1950,109,3,109,6,640,0,60
1951,109,3,110,4,644,183,40
1952,109,3,111,4,648,0,40
1953,109,3,112,6,654,100,60
1954,109,3,113,9,663,0,90
1955,109,3,114,3,666,133,30
1956,109,3,115,6,672,55,60
1957,109,3,116,5,677,60,50
1958,109,3,117,2,679,0,20
1959,109,3,118,5,684,0,50
1960,109,3,119,4,688,120,40
1961,109,3,120,4,692,34,40
1962,109,3,121,7,699,70,70
1963,109,3,122,2,701,14,20
1964,109,3,123,8,709,72,80
1965,109,3,124,5,714,45,50
1966,109,3,125,6,720,0,60
1967,109,3,126,4,724,101,40
1968,109,3,127,4,728,0,40
1969,109,3,128,2,730,62,20
1970,109,3,129,7,737,0,70
1971,109,3,130,4,741,0,40
1972,109,3,131,8,749,221,80
1973,109,3,132,4,753,0,40
1974,109,3,133,6,759,117,60
1975,109,3,134,9,768,0,90
1976,109,3,135,6,774,147,60
1977,109,3,136,6,780,45,60
1978,109,3,137,4,784,41,40
1979,109,3,138,7,791,76,70
1980,109,3,139,9,800,0,90
1981,109,3,140,4,804,126,40
1982,109,3,141,3,807,29,30
1983,109,3,142,2,809,0,20
1984,109,3,143,8,817,0,80
1985,109,3,144,9,826,198,90
1986,109,3,145,4,830,0,40
1987,109,3,146,6,836,120,60
1988,109,3,147,9,845,109,90
1989,109,3,148,8,853,86,80
1990,109,3,149,9,862,0,90
1991,109,3,150,3,865,105,30
1992,109,3,151,3,868,39,30
1993,109,3,152,5,873,34,50
1994,109,3,153,7,880,70,70
1995,109,3,154,8,888,0,80
1996,109,3,155,2,890,101,20
1997,109,3,156,6,896,58,60
1998,109,3,157,8,904,79,80
1999,109,3,158,2,906,22,20
2000,109,3,159,6,912,0,60
2001,109,3,160,2,914,0,20
2002,109,3,161,9,923,162,90
2003,109,3,162,8,931,87,80
2004,109,3,163,9,940,107,90
2005,109,3,164,5,945,0,50
2006,109,3,165,5,950,103,50
2007,109,3,166,8,958,88,80
2008,109,3,167,5,963,0,50
2009,109,3,168,3,966,80,30
2010,109,3,169,4,970,40,40
2011,109,3,170,6,976,51,60
2012,109,3,171,3,979,35,30
2013,109,3,172,5,984,56,50
2014,109,3,173,5,989,0,50
2015,109,3,174,5,994,106,50
2016,109,3,175,7,1001,0,70
2017,109,3,176,6,1007,135,60
2018,109,3,177,5,1012,43,50
2019,109,3,178,4,1016,0,40
2020,109,3,179,2,1018,54,20
2021,109,3,180,3,1021,41,30
2022,109,3,181,2,1023,19,20
2023,109,3,182,3,1026,27,30
2024,109,3,183,7,1033,56,70
2025,109,3,184,2,1035,18,20
2026,109,3,185,6,1041,60,60
2027,109,3,186,3,1044,37,30
2028,109,3,187,5,1049,50,50
2029,109,3,188,3,1052,0,30
2030,109,3,189,6,1058,85,60
2031,109,3,190,6,1064,66,60
2032,109,3,191,7,1071,64,70
2033,109,3,192,9,1080,97,90
2034,109,3,193,9,1089,0,90
2035,109,3,194,6,1095,153,60
2036,109,3,195,8,1103,81,80
2037,109,3,196,8,1111,0,80
2038,109,3,197,9,1120,179,90
2039,109,3,198,2,1122,13,20
2040,109,3,199,6,1128,0,60
2041,109,3,200,7,1135,0,70
2042,109,3,201,2,1137,0,20
2043,109,3,202,4,1141,208,40
2044,109,3,203,7,1148,63,70
2045,109,3,204,4,1152,40,40
2046,109,3,205,2,1154,22,20
2047,109,3,206,2,1156,19,20
2048,109,3,207,8,1164,0,80
2049,109,3,208,6,1170,139,60
2050,109,3,209,4,1174,38,40
2051,109,3,210,2,1176,0,20
2052,109,3,211,3,1179,46,30
2053,109,3,212,2,1181,20,20
2054,109,3,213,2,1183,20,20
2055,109,3,214,4,1187,28,40
2056,109,3,215,3,1190,27,30
2057,109,3,216,8,1198,81,80
2058,109,3,217,8,1206,97,80
2059,109,3,218,6,1212,62,60
2060,109,3,219,4,1216,44,40
2061,109,3,220,9,1225,95,90
2062,109,3,221,6,1231,58,60
2063,109,3,222,2,1233,0,20
2064,109,3,223,6,1239,0,60
2065,109,3,224,3,1242,0,30
2066,109,3,225,7,1249,0,70
2067,109,3,226,5,1254,231,50
2068,109,3,227,8,1262,0,80
2069,109,3,228,3,1265,0,30
2070,109,3,229,4,1269,0,40
2071,109,3,230,5,1274,0,50
2072,109,3,231,9,1283,279,90
2073,109,3,232,9,1292,78,90
2074,109,3,233,3,1295,0,30
2075,109,3,234,7,1302,106,70
2076,109,3,235,6,1308,62,60
2077,109,3,236,5,1313,44,50
2078,109,3,237,4,1317,41,40
2079,109,3,238,8,1325,92,80
2080,109,3,239,8,1333,71,80
2081,109,3,240,2,1335,11,20
2082,109,3,241,7,1342,0,70
2083,109,3,242,4,1346,127,40
2084,109,3,243,6,1352,0,60
2085,109,3,244,2,1354,0,20
2086,109,3,245,9,1363,0,90
2087,109,3,246,9,1372,255,90
2088,109,3,247,7,1379,0,70
2089,109,3,248,8,1387,0,80
2090,109,3,249,5,1392,195,50
2091,109,3,250,8,1400,0,80
2092,109,3,251,9,1409,169,90
2093,109,3,252,8,1417,87,80
2094,109,3,253,6,1423,64,60
2095,109,3,254,5,1428,0,50
2096,109,3,255,4,1432,0,40
2097,109,3,256,7,1439,0,70
2098,109,3,257,9,1448,217,90
2099,109,3,258,4,1452,0,40
2100,109,3,259,8,1460,0,80
2101,109,3,260,2,1462,0,20
2102,109,3,261,4,1466,175,40
2103,109,3,262,4,1470,0,40
2104,109,3,263,5,1475,107,50
2105,109,3,264,2,1477,25,20
2106,109,3,265,2,1479,18,20
2107,109,3,266,7,1486,0,70
2108,109,3,267,9,1495,0,90
2109,109,3,268,5,1500,212,50
2110,109,3,269,5,1505,48,50
2111,109,3,270,7,1512,51,70
2112,109,3,271,9,1521,94,90
2113,109,3,272,5,1526,47,50
2114,109,3,273,6,1532,0,60
2115,109,3,274,5,1537,121,50
2116,109,3,275,4,1541,39,40
2117,109,3,276,5,1546,59,50
2118,109,3,277,4,1550,0,40
2119,109,3,278,8,1558,112,80
2120,109,3,279,4,1562,32,40
2121,109,3,280,5,1567,0,50
2122,109,3,281,5,1572,90,50
2123,109,3,282,9,1581,89,90
2124,109,3,283,8,1589,0,80
2125,109,3,284,7,1596,134,70
2126,109,3,285,4,1600,32,40
2127,109,3,286,4,1604,0,40
2128,109,3,287,5,1609,78,50
2129,109,3,288,2,1611,20,20
2130,109,3,289,3,1614,36,30
2131,109,3,290,4,1618,0,40
2132,109,3,291,2,1620,0,20
2133,109,3,292,2,1622,0,20
2134,109,3,293,2,1624,111,20
2135,109,3,294,7,1631,80,70
2136,109,3,295,7,1638,0,70
2137,109,3,296,9,1647,159,90
2138,109,3,297,4,1651,42,40
2139,109,3,298,8,1659,70,80
2140,109,3,299,6,1665,63,60
2141,109,3,300,6,1671,55,60
2142,109,3,301,5,1676,54,50
2143,109,3,302,4,1680,42,40
2144,109,3,303,9,1689,96,90
2145,109,3,304,3,1692,27,30
2146,109,3,305,6,1698,61,60
2147,109,3,306,8,1706,88,80
2148,109,3,307,8,1714,0,80
2149,109,3,308,4,1718,123,40
2150,109,3,309,6,1724,0,60
2151,109,3,310,4,1728,102,40
2152,109,3,311,4,1732,43,40
2153,109,3,312,2,1734,14,20
2154,109,3,313,6,1740,0,60
2155,109,3,314,7,1747,112,70
2156,109,3,315,3,1750,34,30
2157,109,3,316,2,1752,0,20
2158,109,3,317,6,1758,103,60
2159,109,3,318,2,1760,21,20
2160,109,3,319,9,1769,89,90
2161,109,3,320,2,1771,24,20
2162,109,3,321,7,1778,73,70
2163,109,3,322,5,1783,0,50
2164,109,3,323,6,1789,102,60
2165,109,3,324,3,1792,0,30
2166,109,3,325,6,1798,83,60
2167,109,3,326,7,1805,62,70
2168,109,3,327,9,1814,0,90
2169,109,3,328,9,1823,202,90
2170,109,3,329,2,1825,0,20
2171,109,3,330,2,1827,44,20
2172,109,3,331,5,1832,34,50
2173,109,3,332,9,1841,0,90
2174,109,3,333,7,1848,0,70
2175,109,3,334,6,1854,229,60
2176,109,3,335,8,1862,86,80
2177,109,3,336,3,1865,27,30
2178,109,3,337,2,1867,24,20
2179,109,3,338,2,1869,26,20
2180,109,3,339,3,1872,28,30
2181,109,3,340,4,1876,0,40
2182,109,3,341,6,1882,85,60
2183,109,3,342,4,1886,53,40
2184,109,3,343,6,1892,0,60
2185,109,3,344,2,1894,99,20
2186,109,3,345,5,1899,0,50
2187,109,3,346,8,1907,122,80
2188,109,3,347,3,1910,32,30
2189,109,3,348,2,1912,0,20
2190,109,3,349,9,1921,120,90
2191,109,3,350,3,1924,37,30
2192,109,3,351,8,1932,0,80
2193,109,3,352,7,1939,140,70
2194,109,3,353,9,1948,77,90
2195,109,3,354,6,1954,63,60
2196,109,3,355,7,1961,62,70
2197,109,3,356,2,1963,18,20
2198,109,3,357,2,1965,15,20
2199,109,3,358,9,1974,82,90
2200,109,3,359,3,1977,39,30
2201,109,3,360,6,1983,0,60
2202,109,3,361,9,1992,0,90
2203,109,3,362,6,1998,211,60
2204,109,3,363,2,2000,25,20
2205,109,3,364,7,2007,57,70
2206,109,3,365,3,2010,23,30
2207,109,3,366,3,2013,37,30
2208,109,3,367,9,2022,89,90
2209,109,3,368,6,2028,0,60
2210,109,3,369,6,2034,133,60
2211,109,3,370,6,2040,56,60
2212,109,3,371,3,2043,33,30
2213,109,3,372,4,2047,0,40
2214,109,3,373,7,2054,127,70
2215,109,3,374,5,2059,0,50
2216,109,3,375,6,2065,109,60
2217,109,3,376,4,2069,0,40
2218,109,3,377,9,2078,137,90
2219,109,3,378,6,2084,56,60
2220,109,3,379,4,2088,0,40
2221,109,3,380,4,2092,0,40
2222,109,3,381,5,2097,0,50
2223,109,3,382,7,2104,219,70
2224,109,3,383,9,2113,105,90
2225,109,3,384,7,2120,0,70
2226,109,3,385,5,2125,114,50
2227,109,3,386,3,2128,32,30
2228,109,3,387,3,2131,31,30
2229,109,3,388,9,2140,85,90
2230,109,3,389,6,2146,64,60
2231,109,3,390,3,2149,31,30
2232,109,3,391,2,2151,21,20
2233,109,3,392,2,2153,0,20
2234,109,3,393,2,2155,0,20
2235,109,3,394,7,2162,101,70
2236,109,3,395,8,2170,0,80
2237,109,3,396,9,2179,175,90
2238,109,3,397,4,2183,29,40
2239,109,3,398,3,2186,31,30
2240,109,3,399,9,2195,102,90
2241,109,3,400,3,2198,31,30
2242,109,3,401,4,2202,0,40
2243,109,3,402,3,2205,77,30
2244,109,3,403,8,2213,79,80
2245,109,3,404,6,2219,54,60
2246,109,3,405,6,2225,60,60
2247,109,3,406,2,2227,23,20
2248,109,3,407,6,2233,0,60
2249,109,3,408,9,2242,0,90
2250,109,3,409,6,2248,217,60
2251,109,3,410,9,2257,92,90
2252,109,3,411,9,2266,81,90
2253,109,3,412,9,2275,0,90
2254,109,3,413,3,2278,130,30
2255,109,3,414,5,2283,50,50
2256,109,3,415,8,2291,76,80
2257,109,3,416,5,2296,54,50
2258,109,3,417,8,2304,0,80
2259,109,3,418,9,2313,144,90
2260,109,3,419,4,2317,38,40
2261,109,3,420,5,2322,53,50
2262,109,3,421,2,2324,0,20
2263,109,3,422,7,2331,88,70
2264,109,3,423,8,2339,88,80
2265,109,3,424,7,2346,0,70
2266,109,3,425,6,2352,138,60
2267,109,3,426,4,2356,0,40
2268,109,3,427,4,2360,0,40
2269,109,3,428,6,2366,0,60
2270,109,3,429,8,2374,211,80
2271,109,3,430,6,2380,62,60
2272,109,3,431,6,2386,50,60
2273,109,3,432,8,2394,87,80
2274,109,3,433,5,2399,57,50
2275,109,3,434,8,2407,97,80
2276,109,3,435,7,2414,79,70
2277,109,3,436,9,2423,101,90
2278,109,3,437,7,2430,65,70
2279,109,3,438,6,2436,57,60
2280,109,3,439,7,2443,62,70
2281,109,3,440,3,2446,29,30
2282,109,3,441,3,2449,23,30
2283,109,3,442,6,2455,47,60
2284,109,3,443,5,2460,42,50
2285,109,3,444,2,2462,16,20
2286,109,3,445,7,2469,78,70
2287,109,3,446,9,2478,0,90
2288,109,3,447,6,2484,159,60
2289,109,3,448,9,2493,88,90
2290,109,3,449,2,2495,0,20
2291,109,3,450,6,2501,60,60
2292,109,3,451,6,2507,55,60
2293,109,3,452,7,2514,58,70
2294,109,3,453,8,2522,79,80
2295,109,3,454,3,2525,30,30
2296,109,3,455,7,2532,0,70
2297,109,3,456,4,2536,111,40
2298,109,3,457,5,2541,41,50
2299,109,3,458,5,2546,0,50
2300,109,3,459,2,2548,50,20
2301,109,3,460,4,2552,58,40
2302,109,3,461,9,2561,93,90
2303,109,3,462,5,2566,55,50
2304,109,3,463,2,2568,0,20
2305,109,3,464,4,2572,0,40
2306,109,3,465,6,2578,0,60
2307,109,3,466,2,2580,147,20
2308,109,3,467,6,2586,78,60
2309,109,3,468,4,2590,42,40
2310,109,3,469,6,2596,58,60
2311,109,3,470,6,2602,0,60
2312,109,3,471,2,2604,82,20
2313,109,3,472,8,2612,63,80
2314,109,3,473,4,2616,46,40
2315,109,3,474,7,2623,65,70
2316,109,3,475,8,2631,0,80
2317,109,3,476,8,2639,167,80
2318,109,3,477,8,2647,90,80
2319,109,3,478,7,2654,76,70
2320,109,3,479,6,2660,0,60
2321,109,3,480,8,2668,153,80
2322,109,3,481,2,2670,25,20
2323,109,3,482,6,2676,0,60
2324,109,3,483,7,2683,0,70
2325,109,3,484,8,2691,0,80
2326,109,3,485,7,2698,285,70
2327,109,3,486,5,2703,53,50
2328,109,3,487,9,2712,0,90
2329,109,3,488,7,2719,141,70
2330,109,3,489,8,2727,75,80
2331,109,3,490,8,2735,0,80
2332,109,3,491,9,2744,169,90
2333,109,3,492,2,2746,19,20
2334,109,3,493,3,2749,39,30
2335,109,3,494,4,2753,48,40
2336,109,3,495,8,2761,77,80
2337,109,3,496,9,2770,98,90
2338,109,3,497,4,2774,40,40
2339,109,3,498,2,2776,22,20
2340,109,3,499,8,2784,68,80
2341,109,3,500,6,2790,0,60
2342,109,3,501,5,2795,94,50
2343,109,3,502,9,2804,93,90
2344,109,3,503,8,2812,93,80
2345,109,3,504,5,2817,53,50
2346,109,3,505,5,2822,66,50
2347,109,3,506,6,2828,83,60
2348,109,3,507,5,2833,55,50
2349,109,3,508,9,2842,97,90
2350,109,3,509,4,2846,41,40
2351,109,3,510,4,2850,0,40
2352,109,3,511,6,2856,90,60
2353,109,3,512,4,2860,40,40
2354,109,3,513,2,2862,13,20
2355,109,3,514,9,2871,84,90
2356,109,3,515,7,2878,0,70
2357,109,3,516,5,2883,101,50
2358,109,3,517,3,2886,0,30
2359,109,3,518,4,2890,77,40
2360,109,3,519,9,2899,92,90
2361,109,3,520,8,2907,73,80
2362,109,3,521,7,2914,0,70
2363,109,3,522,2,2916,95,20
2364,109,3,523,4,2920,40,40
2365,109,3,524,7,2927,0,70
2366,109,3,525,5,2932,0,50
2367,109,3,526,2,2934,126,20
2368,109,3,527,2,2936,22,20
2369,109,3,528,7,2943,63,70
2370,109,3,529,9,2952,0,90
2371,109,3,530,6,2958,0,60
2372,109,3,531,2,2960,0,20
2373,109,3,532,6,2966,248,60
2374,109,3,533,5,2971,60,50
2375,109,3,534,6,2977,0,60
2376,109,3,535,7,2984,0,70
2377,109,3,536,9,2993,0,90
2378,109,3,537,5,2998,269,50
2379,109,3,538,5,3003,44,50
2380,109,3,539,8,3011,0,80
2381,109,3,540,6,3017,149,60
2382,109,3,541,3,3020,41,30
2383,109,3,542,9,3029,0,90
2384,109,3,543,7,3036,157,70
2385,109,3,544,7,3043,80,70
2386,109,3,545,2,3045,13,20
2387,109,3,546,2,3047,0,20
2388,109,3,547,4,3051,61,40
2389,109,3,548,3,3054,0,30
2390,109,3,549,8,3062,136,80
2391,109,3,550,8,3070,0,80
2392,109,3,551,3,3073,116,30
2393,109,3,552,4,3077,43,40
2394,109,3,553,6,3083,0,60
2395,109,3,554,5,3088,90,50
2396,109,3,555,6,3094,54,60
2397,109,3,556,8,3102,0,80
2398,109,3,557,2,3104,102,20
2399,109,3,558,5,3109,0,50
2400,109,3,559,6,3115,120,60
2401,109,3,560,9,3124,0,90
2402,109,3,561,8,3132,0,80
2403,109,3,562,7,3139,0,70
2404,109,3,563,5,3144,0,50
2405,109,3,564,3,3147,296,30
2406,109,3,565,8,3155,63,80
2407,109,3,566,8,3163,93,80
2408,109,3,567,7,3170,0,70
2409,109,3,568,8,3178,0,80
2410,109,3,569,8,3186,0,80
2411,109,3,570,4,3190,275,40
2412,109,3,571,6,3196,57,60
2413,109,3,572,7,3203,59,70
2414,109,3,573,5,3208,0,50
2415,109,3,574,8,3216,128,80
2416,109,3,575,6,3222,61,60
2417,109,3,576,8,3230,0,80
2418,109,3,577,2,3232,0,20
2419,109,3,578,8,3240,0,80
2420,109,3,579,7,3247,0,70
2421,109,3,580,9,3256,349,90
2422,109,3,581,8,3264,73,80
2423,109,3,582,2,3266,22,20
2424,109,3,583,8,3274,91,80
2425,109,3,584,5,3279,0,50
2426,109,3,585,4,3283,99,40
2427,109,3,586,6,3289,48,60
2428,109,3,587,2,3291,0,20
2429,109,3,588,7,3298,0,70
2430,109,3,589,9,3307,183,90
2431,109,3,590,3,3310,26,30
2432,109,3,591,5,3315,61,50
2433,109,3,592,5,3320,46,50
2434,109,3,593,7,3327,83,70
2435,109,3,594,6,3333,58,60
2436,109,3,595,5,3338,46,50
2437,109,3,596,6,3344,62,60
2438,109,3,597,6,3350,64,60
2439,109,3,598,3,3353,31,30
2440,109,3,599,6,3359,67,60
2441,109,3,600,8,3367,93,80
2442,109,3,601,3,3370,38,30
2443,109,3,602,2,3372,24,20
2444,109,3,603,7,3379,84,70
2445,109,3,604,3,3382,23,30
2446,109,3,605,3,3385,31,30
2447,109,3,606,9,3394,105,90
2448,109,3,607,8,3402,79,80
2449,109,3,608,4,3406,40,40
2450,109,3,609,5,3411,0,50
2451,109,3,610,7,3418,118,70
2452,109,3,611,3,3421,34,30
2453,109,3,612,4,3425,40,40
2454,109,3,613,7,3432,70,70
2455,109,3,614,8,3440,70,80
2456,109,3,615,5,3445,47,50
2457,109,3,616,3,3448,33,30
2458,109,3,617,5,3453,0,50
2459,109,3,618,6,3459,0,60
2460,109,3,619,3,3462,159,30
2461,109,3,620,7,3469,68,70
2462,109,3,621,7,3476,0,70
2463,109,3,622,4,3480,125,40
2464,109,3,623,8,3488,0,80
2465,109,3,624,2,3490,0,20
2466,109,3,625,5,3495,149,50
2467,109,3,626,6,3501,51,60
2468,109,3,627,4,3505,42,40
2469,109,3,628,4,3509,44,40
2470,109,3,629,7,3516,0,70
2471,109,3,630,4,3520,0,40
2472,109,3,631,2,3522,107,20
2473,109,3,632,6,3528,0,60
2474,109,3,633,4,3532,93,40
2475,109,3,634,2,3534,25,20
2476,109,3,635,8,3542,66,80
2477,109,3,636,5,3547,41,50
2478,109,3,637,7,3554,65,70
2479,109,3,638,7,3561,0,70
2480,109,3,639,4,3565,0,40
2481,109,3,640,5,3570,159,50
2482,109,3,641,8,3578,0,80
2483,109,3,642,6,3584,143,60
2484,109,3,643,9,3593,0,90
2485,109,3,644,8,3601,191,80
2486,109,3,645,4,3605,0,40
2487,109,3,646,2,3607,52,20
2488,109,3,647,9,3616,0,90
2489,109,3,648,6,3622,157,60
2490,109,3,649,4,3626,40,40
2491,109,3,650,9,3635,93,90
2492,109,3,651,2,3637,16,20
2493,109,3,652,2,3639,0,20
2494,109,3,653,4,3643,69,40
2495,109,3,654,8,3651,90,80
2496,109,3,655,3,3654,38,30
2497,109,3,656,7,3661,64,70
2498,109,3,657,8,3669,0,80
2499,109,3,658,5,3674,128,50
2500,109,3,659,5,3679,52,50
2501,109,3,660,4,3683,38,40
2502,109,3,661,4,3687,44,40
2503,109,3,662,4,3691,35,40
2504,109,3,663,8,3699,0,80
2505,109,3,664,2,3701,0,20
2506,109,3,665,7,3708,168,70
2507,109,3,666,3,3711,13,30
2508,109,3,667,9,3720,75,90
2509,109,3,668,2,3722,21,20
2510,109,3,669,7,3729,59,70
2511,109,3,670,6,3735,51,60
2512,109,3,671,6,3741,0,60
2513,109,3,672,5,3746,139,50
2514,109,3,673,4,3750,0,40
2515,109,3,674,9,3759,118,90
2516,109,3,675,9,3768,85,90
2517,109,3,676,8,3776,73,80
2518,109,3,677,7,3783,65,70
2519,109,3,678,6,3789,59,60
2520,109,3,679,3,3792,23,30
2521,109,3,680,3,3795,21,30
2522,109,3,681,4,3799,0,40
2523,109,3,682,9,3808,110,90
2524,109,3,683,8,3816,70,80
2525,109,3,684,2,3818,19,20
2526,109,3,685,8,3826,84,80
2527,109,3,686,2,3828,0,20
2528,109,3,687,9,3837,104,90
2529,109,3,688,8,3845,92,80
2530,109,3,689,8,3853,0,80
2531,109,3,690,4,3857,0,40
2532,109,3,691,7,3864,193,70
2533,109,3,692,6,3870,47,60
2534,109,3,693,2,3872,22,20
2535,109,3,694,9,3881,0,90
2536,109,3,695,9,3890,0,90
2537,109,3,696,4,3894,0,40
2538,109,3,697,5,3899,265,50
2539,109,3,698,4,3903,35,40
2540,109,3,699,4,3907,46,40
2541,109,3,700,7,3914,58,70
2542,109,3,701,3,3917,28,30
2543,109,3,702,5,3922,53,50
2544,109,3,703,7,3929,81,70
2545,109,3,704,3,3932,0,30
2546,109,3,705,6,3938,0,60
2547,109,3,706,4,3942,111,40
2548,109,3,707,5,3947,63,50
2549,109,3,708,6,3953,55,60
2550,109,3,709,3,3956,19,30
2551,109,3,710,5,3961,53,50
2552,109,3,711,6,3967,0,60
2553,109,3,712,9,3976,173,90
2554,109,3,713,9,3985,0,90
2555,109,3,714,4,3989,109,40
2556,109,3,715,7,3996,72,70
2557,109,3,716,9,4005,93,90
2558,109,3,717,3,4008,0,30
2559,109,3,718,3,4011,56,30
2560,109,3,719,7,4018,63,70
2561,109,3,720,4,4022,31,40
2562,109,3,721,3,4025,0,30
2563,109,3,722,8,4033,0,80
2564,109,3,723,4,4037,147,40
2565,109,3,724,6,4043,60,60
2566,109,3,725,5,4048,0,50
2567,109,3,726,5,4053,0,50
2568,109,3,727,7,4060,176,70
2569,109,3,728,3,4063,32,30
2570,109,3,729,2,4065,22,20
2571,109,3,730,6,4071,0,60
2572,109,3,731,4,4075,95,40
2573,109,3,732,9,4084,93,90
2574,109,3,733,4,4088,40,40
2575,109,3,734,3,4091,21,30
2576,109,3,735,9,4100,81,90
2577,109,3,736,2,4102,19,20
2578,109,3,737,3,4105,0,30
2579,109,3,738,6,4111,83,60
2580,109,3,739,4,4115,43,40
2581,109,3,740,2,4117,0,20
2582,109,3,741,2,4119,41,20
2583,109,3,742,9,4128,87,90
2584,109,3,743,4,4132,45,40
2585,109,3,744,6,4138,0,60
2586,109,3,745,4,4142,0,40
2587,109,3,746,9,4151,177,90
2588,109,3,747,5,4156,40,50
2589,109,3,748,2,4158,0,20
2590,109,3,749,2,4160,38,20
2591,109,3,750,7,4167,0,70
2592,109,3,751,4,4171,95,40
2593,109,3,752,3,4174,34,30
2594,109,3,753,3,4177,37,30
2595,109,3,754,9,4186,90,90
2596,109,3,755,9,4195,0,90
2597,109,3,756,6,4201,146,60
2598,109,3,757,9,4210,83,90
2599,109,3,758,5,4215,50,50
2600,109,3,759,7,4222,54,70
2601,109,3,760,9,4231,95,90
2602,109,3,761,4,4235,28,40
2603,109,3,762,8,4243,68,80
2604,109,3,763,2,4245,24,20
2605,109,3,764,3,4248,25,30
2606,109,3,765,4,4252,35,40
2607,109,3,766,9,4261,0,90
2608,109,3,767,6,4267,154,60
2609,109,3,768,4,4271,0,40
2610,109,3,769,2,4273,63,20
2611,109,3,770,8,4281,78,80
2612,109,3,771,7,4288,80,70
2613,109,3,772,3,4291,31,30
2614,109,3,773,4,4295,46,40
2615,109,3,774,5,4300,40,50
2616,109,3,775,6,4306,57,60
2617,109,3,776,3,4309,30,30
2618,109,3,777,5,4314,0,50
2619,109,3,778,8,4322,0,80
2620,109,3,779,4,4326,172,40
2621,109,3,780,4,4330,35,40
2622,109,3,781,7,4337,89,70
2623,109,3,782,7,4344,61,70
2624,109,3,783,8,4352,88,80
2625,109,3,784,9,4361,0,90
2626,109,3,785,6,4367,149,60
2627,109,3,786,7,4374,92,70
2628,109,3,787,6,4380,57,60
2629,109,3,788,7,4387,0,70
2630,109,3,789,8,4395,0,80
2631,109,3,790,9,4404,242,90
2632,109,3,791,4,4408,45,40
2633,109,3,792,7,4415,72,70
2634,109,3,793,7,4422,52,70
2635,109,3,794,5,4427,44,50
2636,109,3,795,9,4436,0,90
2637,109,3,796,3,4439,124,30
2638,109,3,797,5,4444,46,50
2639,109,3,798,7,4451,0,70
2640,109,3,799,3,4454,100,30
2641,109,3,800,2,4456,0,20
2642,109,3,801,5,4461,70,50
2643,109,3,802,2,4463,27,20
2644,109,3,803,9,4472,99,90
2645,109,3,804,5,4477,0,50
2646,109,3,805,3,4480,117,30
2647,109,3,806,6,4486,46,60
2648,109,3,807,5,4491,45,50
2649,109,3,808,5,4496,51,50
2650,109,3,809,8,4504,0,80
2651,109,3,810,8,4512,156,80
2652,109,3,811,6,4518,59,60
2653,109,3,812,9,4527,106,90
2654,109,3,813,7,4534,0,70
2655,109,3,814,9,4543,169,90
2656,109,3,815,2,4545,16,20
2657,109,3,816,3,4548,28,30
2658,109,3,817,2,4550,0,20
2659,109,3,818,3,4553,59,30
2660,109,3,819,5,4558,0,50
2661,109,3,820,2,4560,72,20
2662,109,3,821,7,4567,71,70
2663,109,3,822,2,4569,17,20
2664,109,3,823,9,4578,97,90
2665,109,3,824,7,4585,0,70
2666,109,3,825,9,4594,135,90
2667,109,3,826,3,4597,36,30
2668,109,3,827,5,4602,52,50
2669,109,3,828,6,4608,60,60
2670,109,3,829,3,4611,29,30
2671,109,3,830,3,4614,30,30
2672,109,3,831,9,4623,83,90
2673,109,3,832,7,4630,75,70
2674,109,3,833,7,4637,71,70
2675,109,3,834,2,4639,15,20
2676,109,3,835,8,4647,75,80
2677,109,3,836,6,4653,63,60
2678,109,3,837,4,4657,43,40
2679,109,3,838,2,4659,0,20
2680,109,3,839,9,4668,98,90
2681,109,3,840,9,4677,0,90
2682,109,3,841,8,4685,149,80
2683,109,3,842,6,4691,0,60
2684,109,3,843,5,4696,120,50
2685,109,3,844,4,4700,32,40
2686,109,3,845,3,4703,0,30
2687,109,3,846,3,4706,56,30
2688,109,3,847,4,4710,0,40
2689,109,3,848,3,4713,0,30
2690,109,3,849,8,4721,161,80
2691,109,3,850,6,4727,73,60
2692,109,3,851,7,4734,0,70
2693,109,3,852,2,4736,90,20
2694,109,3,853,8,4744,88,80
2695,109,3,854,5,4749,56,50
2696,109,3,855,3,4752,18,30
2697,109,3,856,7,4759,68,70
2698,109,3,857,3,4762,25,30
2699,109,3,858,2,4764,20,20
2700,109,3,859,6,4770,37,60
2701,109,3,860,6,4776,58,60
2702,109,3,861,9,4785,93,90
2703,109,3,862,6,4791,61,60
2704,109,3,863,9,4800,93,90
2705,109,3,864,7,4807,0,70
2706,109,3,865,7,4814,148,70
2707,109,3,866,8,4822,91,80
2708,109,3,867,5,4827,0,50
2709,109,3,868,6,4833,103,60
2710,109,3,869,7,4840,64,70
2711,109,3,870,2,4842,21,20
2712,109,3,871,4,4846,0,40
2713,109,3,872,4,4850,0,40
2714,109,3,873,3,4853,88,30
2715,109,3,874,4,4857,44,40
2716,109,3,875,3,4860,0,30
2717,109,3,876,2,4862,0,20
2718,109,3,877,5,4867,0,50
2719,109,3,878,8,4875,166,80
2720,109,3,879,7,4882,62,70
2721,109,3,880,2,4884,0,20
2722,109,3,881,9,4893,116,90
2723,109,3,882,6,4899,0,60
2724,109,3,883,4,4903,0,40
2725,109,3,884,8,4911,183,80
2726,109,3,885,3,4914,0,30
2727,109,3,886,6,4920,0,60
2728,109,3,887,5,4925,141,50
2729,109,3,888,9,4934,0,90
2730,109,3,889,7,4941,154,70
2731,109,3,890,3,4944,17,30
2732,109,3,891,7,4951,0,70
2733,109,3,892,4,4955,104,40
2734,109,3,893,5,4960,0,50
2735,109,3,894,9,4969,0,90
2736,109,3,895,9,4978,220,90
2737,109,3,896,8,4986,0,80
2738,109,3,897,8,4994,162,80
2739,109,3,898,3,4997,22,30
