,Scenario,Trial,Inspection,Interval,Time,Defects,Rate
0,339,1,1,5,5,46,50
1,339,1,2,3,8,0,30
2,339,1,3,4,12,0,40
3,339,1,4,3,15,0,30
4,339,1,5,7,22,0,70
5,339,1,6,7,29,0,70
6,339,1,7,2,31,0,20
7,339,1,8,4,35,0,40
8,339,1,9,7,42,0,70
9,339,1,10,6,48,0,60
10,339,1,11,6,54,0,60
11,339,1,12,2,56,0,20
12,339,1,13,6,62,569,60
13,339,1,14,4,66,0,40
14,339,1,15,6,72,0,60
15,339,1,16,5,77,0,50
16,339,1,17,3,80,0,30
17,339,1,18,9,89,0,90
18,339,1,19,7,96,0,70
19,339,1,20,3,99,0,30
20,339,1,21,2,101,0,20
21,339,1,22,9,110,0,90
22,339,1,23,9,119,0,90
23,339,1,24,6,125,0,60
24,339,1,25,4,129,0,40
25,339,1,26,4,133,0,40
26,339,1,27,7,140,0,70
27,339,1,28,2,142,0,20
28,339,1,29,2,144,0,20
29,339,1,30,3,147,0,30
30,339,1,31,2,149,0,20
31,339,1,32,8,157,0,80
32,339,1,33,3,160,0,30
33,339,1,34,5,165,0,50
34,339,1,35,5,170,0,50
35,339,1,36,9,179,0,90
36,339,1,37,3,182,0,30
37,339,1,38,3,185,0,30
38,339,1,39,9,194,0,90
39,339,1,40,5,199,0,50
40,339,1,41,4,203,0,40
41,339,1,42,4,207,0,40
42,339,1,43,9,216,0,90
43,339,1,44,2,218,0,20
44,339,1,45,4,222,0,40
45,339,1,46,4,226,0,40
46,339,1,47,3,229,0,30
47,339,1,48,9,238,0,90
48,339,1,49,7,245,0,70
49,339,1,50,5,250,0,50
50,339,1,51,4,254,0,40
51,339,1,52,9,263,0,90
52,339,1,53,4,267,0,40
53,339,1,54,9,276,0,90
54,339,1,55,8,284,2265,80
55,339,1,56,6,290,0,60
56,339,1,57,7,297,0,70
57,339,1,58,5,302,0,50
58,339,1,59,8,310,0,80
59,339,1,60,5,315,0,50
60,339,1,61,2,317,0,20
61,339,1,62,2,319,329,20
62,339,1,63,7,326,0,70
63,339,1,64,4,330,0,40
64,339,1,65,3,333,138,30
65,339,1,66,3,336,0,30
66,339,1,67,2,338,0,20
67,339,1,68,2,340,0,20
68,339,1,69,5,345,0,50
69,339,1,70,5,350,0,50
70,339,1,71,4,354,0,40
71,339,1,72,7,361,0,70
72,339,1,73,2,363,0,20
73,339,1,74,5,368,0,50
74,339,1,75,9,377,0,90
75,339,1,76,7,384,0,70
76,339,1,77,4,388,0,40
77,339,1,78,5,393,0,50
78,339,1,79,3,396,0,30
79,339,1,80,7,403,0,70
80,339,1,81,2,405,0,20
81,339,1,82,5,410,0,50
82,339,1,83,9,419,887,90
83,339,1,84,9,428,84,90
84,339,1,85,9,437,80,90
85,339,1,86,9,446,0,90
86,339,1,87,5,451,0,50
87,339,1,88,8,459,0,80
88,339,1,89,3,462,0,30
89,339,1,90,8,470,0,80
90,339,1,91,8,478,0,80
91,339,1,92,7,485,0,70
92,339,1,93,9,494,0,90
93,339,1,94,6,500,612,60
94,339,1,95,3,503,24,30
95,339,1,96,4,507,0,40
96,339,1,97,8,515,0,80
97,339,1,98,7,522,0,70
98,339,1,99,7,529,0,70
99,339,1,100,6,535,335,60
100,339,1,101,7,542,0,70
101,339,1,102,5,547,0,50
102,339,1,103,9,556,0,90
103,339,1,104,2,558,0,20
104,339,1,105,7,565,0,70
105,339,1,106,2,567,0,20
106,339,1,107,5,572,0,50
107,339,1,108,8,580,0,80
108,339,1,109,2,582,495,20
109,339,1,110,2,584,22,20
110,339,1,111,2,586,17,20
111,339,1,112,8,594,0,80
112,339,1,113,9,603,0,90
113,339,1,114,9,612,0,90
114,339,1,115,7,619,0,70
115,339,1,116,2,621,0,20
116,339,1,117,4,625,0,40
117,339,1,118,3,628,0,30
118,339,1,119,7,635,0,70
119,339,1,120,9,644,0,90
120,339,1,121,9,653,0,90
121,339,1,122,4,657,0,40
122,339,1,123,6,663,0,60
123,339,1,124,4,667,0,40
124,339,1,125,2,669,0,20
125,339,1,126,8,677,0,80
126,339,1,127,3,680,0,30
127,339,1,128,6,686,0,60
128,339,1,129,2,688,0,20
129,339,1,130,6,694,0,60
130,339,1,131,4,698,0,40
131,339,1,132,6,704,0,60
132,339,1,133,6,710,0,60
133,339,1,134,2,712,0,20
134,339,1,135,4,716,0,40
135,339,1,136,3,719,0,30
136,339,1,137,2,721,0,20
137,339,1,138,2,723,0,20
138,339,1,139,7,730,0,70
139,339,1,140,5,735,0,50
140,339,1,141,5,740,0,50
141,339,1,142,3,743,0,30
142,339,1,143,5,748,0,50
143,339,1,144,5,753,0,50
144,339,1,145,2,755,0,20
145,339,1,146,9,764,0,90
146,339,1,147,6,770,0,60
147,339,1,148,7,777,0,70
148,339,1,149,7,784,0,70
149,339,1,150,3,787,0,30
150,339,1,151,3,790,0,30
151,339,1,152,7,797,0,70
152,339,1,153,6,803,0,60
153,339,1,154,7,810,0,70
154,339,1,155,3,813,0,30
155,339,1,156,8,821,0,80
156,339,1,157,5,826,0,50
157,339,1,158,6,832,0,60
158,339,1,159,9,841,0,90
159,339,1,160,8,849,0,80
160,339,1,161,3,852,0,30
161,339,1,162,5,857,2741,50
162,339,1,163,5,862,0,50
163,339,1,164,4,866,0,40
164,339,1,165,3,869,0,30
165,339,1,166,8,877,0,80
166,339,1,167,7,884,296,70
167,339,1,168,4,888,0,40
168,339,1,169,7,895,0,70
169,339,1,170,7,902,0,70
170,339,1,171,9,911,0,90
171,339,1,172,7,918,0,70
172,339,1,173,8,926,0,80
173,339,1,174,9,935,0,90
174,339,1,175,4,939,0,40
175,339,1,176,7,946,0,70
176,339,1,177,8,954,0,80
177,339,1,178,5,959,0,50
178,339,1,179,6,965,0,60
179,339,1,180,2,967,0,20
180,339,1,181,7,974,0,70
181,339,1,182,7,981,0,70
182,339,1,183,3,984,0,30
183,339,1,184,2,986,0,20
184,339,1,185,8,994,0,80
185,339,1,186,3,997,0,30
186,339,1,187,7,1004,0,70
187,339,1,188,9,1013,0,90
188,339,1,189,9,1022,0,90
189,339,1,190,5,1027,0,50
190,339,1,191,2,1029,0,20
191,339,1,192,2,1031,0,20
192,339,1,193,6,1037,0,60
193,339,1,194,4,1041,0,40
194,339,1,195,4,1045,0,40
195,339,1,196,5,1050,0,50
196,339,1,197,5,1055,0,50
197,339,1,198,6,1061,0,60
198,339,1,199,5,1066,0,50
199,339,1,200,3,1069,0,30
200,339,1,201,2,1071,0,20
201,339,1,202,2,1073,0,20
202,339,1,203,8,1081,0,80
203,339,1,204,5,1086,2000,50
204,339,1,205,3,1089,0,30
205,339,1,206,8,1097,0,80
206,339,1,207,8,1105,0,80
207,339,1,208,2,1107,0,20
208,339,1,209,8,1115,0,80
209,339,1,210,2,1117,0,20
210,339,1,211,7,1124,0,70
211,339,1,212,2,1126,0,20
212,339,1,213,3,1129,0,30
213,339,1,214,9,1138,0,90
214,339,1,215,8,1146,0,80
215,339,1,216,9,1155,0,90
216,339,1,217,9,1164,0,90
217,339,1,218,6,1170,916,60
218,339,1,219,3,1173,0,30
219,339,1,220,5,1178,0,50
220,339,1,221,4,1182,0,40
221,339,1,222,4,1186,0,40
222,339,1,223,7,1193,0,70
223,339,1,224,6,1199,304,60
224,339,1,225,5,1204,0,50
225,339,1,226,6,1210,0,60
226,339,1,227,3,1213,0,30
227,339,1,228,5,1218,0,50
228,339,1,229,6,1224,0,60
229,339,1,230,2,1226,0,20
230,339,1,231,9,1235,0,90
231,339,1,232,4,1239,0,40
232,339,1,233,9,1248,0,90
233,339,1,234,5,1253,0,50
234,339,1,235,2,1255,0,20
235,339,1,236,4,1259,0,40
236,339,1,237,5,1264,644,50
237,339,1,238,6,1270,0,60
238,339,1,239,6,1276,0,60
239,339,1,240,4,1280,145,40
240,339,1,241,4,1284,0,40
241,339,1,242,7,1291,0,70
242,339,1,243,5,1296,0,50
243,339,1,244,6,1302,0,60
244,339,1,245,6,1308,0,60
245,339,1,246,7,1315,0,70
246,339,1,247,2,1317,0,20
247,339,1,248,4,1321,408,40
248,339,1,249,2,1323,0,20
249,339,1,250,4,1327,0,40
250,339,1,251,2,1329,0,20
251,339,1,252,5,1334,0,50
252,339,1,253,7,1341,0,70
253,339,1,254,3,1344,0,30
254,339,1,255,4,1348,274,40
255,339,1,256,4,1352,0,40
256,339,1,257,9,1361,0,90
257,339,1,258,3,1364,171,30
258,339,1,259,2,1366,0,20
259,339,1,260,7,1373,0,70
260,339,1,261,8,1381,0,80
261,339,1,262,3,1384,0,30
262,339,1,263,6,1390,0,60
263,339,1,264,9,1399,0,90
264,339,1,265,5,1404,0,50
265,339,1,266,6,1410,0,60
266,339,1,267,9,1419,0,90
267,339,1,268,7,1426,646,70
268,339,1,269,2,1428,0,20
269,339,1,270,7,1435,0,70
270,339,1,271,7,1442,0,70
271,339,1,272,5,1447,0,50
272,339,1,273,6,1453,0,60
273,339,1,274,9,1462,0,90
274,339,1,275,6,1468,0,60
275,339,1,276,9,1477,0,90
276,339,1,277,6,1483,0,60
277,339,1,278,3,1486,0,30
278,339,1,279,2,1488,629,20
279,339,1,280,6,1494,0,60
280,339,1,281,9,1503,0,90
281,339,1,282,7,1510,0,70
282,339,1,283,3,1513,0,30
283,339,1,284,5,1518,289,50
284,339,1,285,5,1523,0,50
285,339,1,286,4,1527,0,40
286,339,1,287,5,1532,0,50
287,339,1,288,8,1540,0,80
288,339,1,289,5,1545,0,50
289,339,1,290,5,1550,0,50
290,339,1,291,4,1554,0,40
291,339,1,292,8,1562,0,80
292,339,1,293,2,1564,0,20
293,339,1,294,3,1567,0,30
294,339,1,295,2,1569,0,20
295,339,1,296,3,1572,528,30
296,339,1,297,8,1580,0,80
297,339,1,298,5,1585,136,50
298,339,1,299,7,1592,0,70
299,339,1,300,3,1595,0,30
300,339,1,301,4,1599,0,40
301,339,1,302,4,1603,0,40
302,339,1,303,2,1605,0,20
303,339,1,304,9,1614,0,90
304,339,1,305,9,1623,0,90
305,339,1,306,4,1627,0,40
306,339,1,307,6,1633,0,60
307,339,1,308,8,1641,0,80
308,339,1,309,7,1648,0,70
309,339,1,310,4,1652,0,40
310,339,1,311,2,1654,0,20
311,339,1,312,4,1658,0,40
312,339,1,313,2,1660,0,20
313,339,1,314,7,1667,794,70
314,339,1,315,2,1669,0,20
315,339,1,316,8,1677,0,80
316,339,1,317,5,1682,0,50
317,339,1,318,4,1686,0,40
318,339,1,319,7,1693,0,70
319,339,1,320,6,1699,293,60
320,339,1,321,8,1707,0,80
321,339,1,322,5,1712,0,50
322,339,1,323,8,1720,0,80
323,339,1,324,2,1722,0,20
324,339,1,325,6,1728,0,60
325,339,1,326,7,1735,0,70
326,339,1,327,9,1744,0,90
327,339,1,328,8,1752,0,80
328,339,1,329,5,1757,0,50
329,339,1,330,6,1763,0,60
330,339,1,331,7,1770,737,70
331,339,1,332,3,1773,0,30
332,339,1,333,7,1780,0,70
333,339,1,334,3,1783,124,30
334,339,1,335,9,1792,0,90
335,339,1,336,4,1796,0,40
336,339,1,337,9,1805,0,90
337,339,1,338,2,1807,0,20
338,339,1,339,9,1816,0,90
339,339,1,340,2,1818,0,20
340,339,1,341,2,1820,0,20
341,339,1,342,3,1823,0,30
342,339,1,343,4,1827,0,40
343,339,1,344,4,1831,0,40
344,339,1,345,6,1837,0,60
345,339,1,346,2,1839,0,20
346,339,1,347,3,1842,0,30
347,339,1,348,7,1849,640,70
348,339,1,349,7,1856,74,70
349,339,1,350,5,1861,0,50
350,339,1,351,5,1866,0,50
351,339,1,352,9,1875,0,90
352,339,1,353,6,1881,0,60
353,339,1,354,6,1887,0,60
354,339,1,355,5,1892,0,50
355,339,1,356,2,1894,373,20
356,339,1,357,9,1903,0,90
357,339,1,358,4,1907,0,40
358,339,1,359,5,1912,0,50
359,339,1,360,7,1919,0,70
360,339,1,361,5,1924,0,50
361,339,1,362,9,1933,0,90
362,339,1,363,4,1937,0,40
363,339,1,364,2,1939,0,20
364,339,1,365,2,1941,0,20
365,339,1,366,5,1946,586,50
366,339,1,367,3,1949,0,30
367,339,1,368,7,1956,119,70
368,339,1,369,9,1965,94,90
369,339,1,370,7,1972,89,70
370,339,1,371,5,1977,0,50
371,339,1,372,6,1983,0,60
372,339,1,373,2,1985,0,20
373,339,1,374,7,1992,0,70
374,339,1,375,6,1998,0,60
375,339,1,376,7,2005,0,70
376,339,1,377,9,2014,0,90
377,339,1,378,2,2016,0,20
378,339,1,379,9,2025,0,90
379,339,1,380,2,2027,0,20
380,339,1,381,6,2033,0,60
381,339,1,382,8,2041,0,80
382,339,1,383,2,2043,0,20
383,339,1,384,3,2046,0,30
384,339,1,385,8,2054,0,80
385,339,1,386,4,2058,0,40
386,339,1,387,5,2063,0,50
387,339,1,388,9,2072,0,90
388,339,1,389,3,2075,1021,30
389,339,1,390,2,2077,0,20
390,339,1,391,7,2084,0,70
391,339,1,392,8,2092,0,80
392,339,1,393,6,2098,0,60
393,339,1,394,2,2100,0,20
394,339,1,395,7,2107,0,70
395,339,1,396,9,2116,0,90
396,339,1,397,3,2119,0,30
397,339,1,398,7,2126,454,70
398,339,1,399,6,2132,0,60
399,339,1,400,6,2138,0,60
400,339,1,401,4,2142,185,40
401,339,1,402,5,2147,0,50
402,339,1,403,5,2152,0,50
403,339,1,404,6,2158,0,60
404,339,1,405,3,2161,0,30
405,339,1,406,2,2163,0,20
406,339,1,407,3,2166,0,30
407,339,1,408,8,2174,0,80
408,339,1,409,2,2176,0,20
409,339,1,410,8,2184,0,80
410,339,1,411,5,2189,0,50
411,339,1,412,7,2196,0,70
412,339,1,413,6,2202,0,60
413,339,1,414,2,2204,0,20
414,339,1,415,6,2210,0,60
415,339,1,416,7,2217,0,70
416,339,1,417,7,2224,0,70
417,339,1,418,6,2230,0,60
418,339,1,419,8,2238,939,80
419,339,1,420,2,2240,0,20
420,339,1,421,7,2247,0,70
421,339,1,422,9,2256,0,90
422,339,1,423,3,2259,0,30
423,339,1,424,4,2263,271,40
424,339,1,425,8,2271,0,80
425,339,1,426,3,2274,98,30
426,339,1,427,7,2281,0,70
427,339,1,428,5,2286,0,50
428,339,1,429,3,2289,0,30
429,339,1,430,3,2292,0,30
430,339,1,431,5,2297,0,50
431,339,1,432,8,2305,0,80
432,339,1,433,5,2310,0,50
433,339,1,434,4,2314,0,40
434,339,1,435,9,2323,0,90
435,339,1,436,5,2328,0,50
436,339,1,437,6,2334,0,60
437,339,1,438,4,2338,0,40
438,339,1,439,6,2344,0,60
439,339,1,440,2,2346,0,20
440,339,1,441,8,2354,0,80
441,339,1,442,9,2363,0,90
442,339,1,443,8,2371,0,80
443,339,1,444,9,2380,0,90
444,339,1,445,6,2386,0,60
445,339,1,446,2,2388,0,20
446,339,1,447,5,2393,0,50
447,339,1,448,6,2399,0,60
448,339,1,449,2,2401,0,20
449,339,1,450,9,2410,0,90
450,339,1,451,5,2415,0,50
451,339,1,452,8,2423,0,80
452,339,1,453,8,2431,0,80
453,339,1,454,6,2437,0,60
454,339,1,455,3,2440,0,30
455,339,1,456,9,2449,0,90
456,339,1,457,5,2454,0,50
457,339,1,458,3,2457,0,30
458,339,1,459,7,2464,0,70
459,339,1,460,7,2471,0,70
460,339,1,461,4,2475,0,40
461,339,1,462,6,2481,0,60
462,339,1,463,7,2488,0,70
463,339,1,464,8,2496,0,80
464,339,1,465,5,2501,0,50
465,339,1,466,3,2504,0,30
466,339,1,467,7,2511,0,70
467,339,1,468,5,2516,2379,50
468,339,1,469,9,2525,0,90
469,339,1,470,3,2528,0,30
470,339,1,471,8,2536,0,80
471,339,1,472,2,2538,218,20
472,339,1,473,3,2541,0,30
473,339,1,474,5,2546,0,50
474,339,1,475,7,2553,0,70
475,339,1,476,6,2559,0,60
476,339,1,477,7,2566,0,70
477,339,1,478,5,2571,320,50
478,339,1,479,6,2577,0,60
479,339,1,480,9,2586,0,90
480,339,1,481,7,2593,0,70
481,339,1,482,5,2598,0,50
482,339,1,483,8,2606,0,80
483,339,1,484,9,2615,0,90
484,339,1,485,2,2617,505,20
485,339,1,486,2,2619,0,20
486,339,1,487,5,2624,0,50
487,339,1,488,7,2631,0,70
488,339,1,489,7,2638,202,70
489,339,1,490,6,2644,0,60
490,339,1,491,6,2650,106,60
491,339,1,492,4,2654,0,40
492,339,1,493,8,2662,0,80
493,339,1,494,9,2671,0,90
494,339,1,495,4,2675,0,40
495,339,1,496,5,2680,0,50
496,339,1,497,8,2688,389,80
497,339,1,498,2,2690,0,20
498,339,1,499,8,2698,0,80
499,339,1,500,8,2706,0,80
500,339,1,501,2,2708,0,20
501,339,1,502,4,2712,0,40
502,339,1,503,3,2715,0,30
503,339,1,504,4,2719,0,40
504,339,1,505,3,2722,0,30
505,339,1,506,3,2725,0,30
506,339,1,507,2,2727,0,20
507,339,1,508,3,2730,0,30
508,339,1,509,7,2737,486,70
509,339,1,510,2,2739,0,20
510,339,1,511,5,2744,0,50
511,339,1,512,9,2753,0,90
512,339,1,513,4,2757,0,40
513,339,1,514,6,2763,0,60
514,339,1,515,9,2772,0,90
515,339,1,516,4,2776,397,40
516,339,1,517,2,2778,0,20
517,339,1,518,9,2787,0,90
518,339,1,519,2,2789,0,20
519,339,1,520,8,2797,0,80
520,339,1,521,5,2802,0,50
521,339,1,522,6,2808,0,60
522,339,1,523,7,2815,0,70
523,339,1,524,9,2824,0,90
524,339,1,525,7,2831,0,70
525,339,1,526,3,2834,0,30
526,339,1,527,4,2838,628,40
527,339,1,528,7,2845,0,70
528,339,1,529,5,2850,109,50
529,339,1,530,8,2858,0,80
530,339,1,531,6,2864,0,60
531,339,1,532,4,2868,161,40
532,339,1,533,4,2872,42,40
533,339,1,534,7,2879,0,70
534,339,1,535,6,2885,0,60
535,339,1,536,4,2889,0,40
536,339,1,537,9,2898,231,90
537,339,1,538,2,2900,0,20
538,339,1,539,2,2902,0,20
539,339,1,540,9,2911,0,90
540,339,1,541,2,2913,0,20
541,339,1,542,4,2917,0,40
542,339,1,543,3,2920,0,30
543,339,1,544,2,2922,227,20
544,339,1,545,6,2928,0,60
545,339,1,546,4,2932,0,40
546,339,1,547,5,2937,0,50
547,339,1,548,7,2944,0,70
548,339,1,549,5,2949,0,50
549,339,1,550,9,2958,0,90
550,339,1,551,9,2967,419,90
551,339,1,552,9,2976,0,90
552,339,1,553,4,2980,0,40
553,339,1,554,2,2982,0,20
554,339,1,555,8,2990,0,80
555,339,1,556,9,2999,0,90
556,339,1,557,7,3006,0,70
557,339,1,558,9,3015,0,90
558,339,1,559,4,3019,525,40
559,339,1,560,7,3026,0,70
560,339,1,561,5,3031,0,50
561,339,1,562,2,3033,0,20
562,339,1,563,2,3035,0,20
563,339,1,564,3,3038,0,30
564,339,1,565,7,3045,0,70
565,339,1,566,2,3047,0,20
566,339,1,567,5,3052,0,50
567,339,1,568,9,3061,0,90
568,339,1,569,6,3067,0,60
569,339,1,570,4,3071,0,40
570,339,1,571,9,3080,582,90
571,339,1,572,6,3086,0,60
572,339,1,573,4,3090,0,40
573,339,1,574,3,3093,108,30
574,339,1,575,8,3101,0,80
575,339,1,576,6,3107,135,60
576,339,1,577,9,3116,0,90
577,339,1,578,6,3122,0,60
578,339,1,579,2,3124,0,20
579,339,1,580,4,3128,0,40
580,339,1,581,6,3134,0,60
581,339,1,582,3,3137,0,30
582,339,1,583,9,3146,0,90
583,339,1,584,7,3153,0,70
584,339,1,585,5,3158,566,50
585,339,1,586,7,3165,0,70
586,339,1,587,2,3167,0,20
587,339,1,588,4,3171,0,40
588,339,1,589,4,3175,0,40
589,339,1,590,2,3177,176,20
590,339,1,591,6,3183,0,60
591,339,1,592,8,3191,0,80
592,339,1,593,5,3196,0,50
593,339,1,594,2,3198,0,20
594,339,1,595,9,3207,0,90
595,339,1,596,7,3214,0,70
596,339,1,597,5,3219,0,50
597,339,1,598,9,3228,0,90
598,339,1,599,6,3234,0,60
599,339,1,600,2,3236,0,20
600,339,1,601,9,3245,0,90
601,339,1,602,5,3250,0,50
602,339,1,603,6,3256,0,60
603,339,1,604,2,3258,0,20
604,339,1,605,7,3265,0,70
605,339,1,606,3,3268,899,30
606,339,1,607,3,3271,0,30
607,339,1,608,3,3274,0,30
608,339,1,609,2,3276,0,20
609,339,1,610,3,3279,0,30
610,339,1,611,2,3281,0,20
611,339,1,612,2,3283,0,20
612,339,1,613,9,3292,0,90
613,339,1,614,3,3295,0,30
614,339,1,615,2,3297,0,20
615,339,1,616,4,3301,0,40
616,339,1,617,8,3309,0,80
617,339,1,618,2,3311,0,20
618,339,1,619,7,3318,483,70
619,339,1,620,5,3323,0,50
620,339,1,621,4,3327,0,40
621,339,1,622,7,3334,0,70
622,339,1,623,7,3341,239,70
623,339,1,624,4,3345,0,40
624,339,1,625,2,3347,0,20
625,339,1,626,9,3356,0,90
626,339,1,627,4,3360,0,40
627,339,1,628,6,3366,0,60
628,339,1,629,4,3370,0,40
629,339,1,630,9,3379,0,90
630,339,1,631,8,3387,0,80
631,339,1,632,7,3394,0,70
632,339,1,633,8,3402,0,80
633,339,1,634,6,3408,0,60
634,339,1,635,5,3413,0,50
635,339,1,636,9,3422,0,90
636,339,1,637,2,3424,0,20
637,339,1,638,3,3427,0,30
638,339,1,639,8,3435,0,80
639,339,1,640,8,3443,0,80
640,339,1,641,6,3449,0,60
641,339,1,642,3,3452,0,30
642,339,1,643,8,3460,0,80
643,339,1,644,8,3468,0,80
644,339,1,645,7,3475,1297,70
645,339,1,646,7,3482,0,70
646,339,1,647,9,3491,0,90
647,339,1,648,8,3499,0,80
648,339,1,649,9,3508,0,90
649,339,1,650,2,3510,0,20
650,339,1,651,6,3516,0,60
651,339,1,652,6,3522,0,60
652,339,1,653,9,3531,0,90
653,339,1,654,9,3540,0,90
654,339,1,655,7,3547,0,70
655,339,1,656,9,3556,0,90
656,339,1,657,6,3562,872,60
657,339,1,658,2,3564,0,20
658,339,1,659,3,3567,0,30
659,339,1,660,4,3571,0,40
660,339,1,661,6,3577,0,60
661,339,1,662,5,3582,0,50
662,339,1,663,8,3590,0,80
663,339,1,664,7,3597,392,70
664,339,1,665,3,3600,0,30
665,339,1,666,9,3609,121,90
666,339,1,667,3,3612,0,30
667,339,1,668,3,3615,0,30
668,339,1,669,4,3619,0,40
669,339,1,670,6,3625,208,60
670,339,1,671,6,3631,0,60
671,339,1,672,2,3633,0,20
672,339,1,673,3,3636,0,30
673,339,1,674,8,3644,0,80
674,339,1,675,8,3652,0,80
675,339,1,676,5,3657,0,50
676,339,1,677,8,3665,0,80
677,339,1,678,7,3672,0,70
678,339,1,679,6,3678,0,60
679,339,1,680,4,3682,0,40
680,339,1,681,8,3690,0,80
681,339,1,682,9,3699,702,90
682,339,1,683,5,3704,0,50
683,339,1,684,2,3706,0,20
684,339,1,685,6,3712,0,60
685,339,1,686,8,3720,0,80
686,339,1,687,4,3724,0,40
687,339,1,688,6,3730,0,60
688,339,1,689,7,3737,0,70
689,339,1,690,2,3739,0,20
690,339,1,691,9,3748,0,90
691,339,1,692,7,3755,0,70
692,339,1,693,8,3763,0,80
693,339,1,694,7,3770,710,70
694,339,1,695,2,3772,0,20
695,339,1,696,5,3777,0,50
696,339,1,697,4,3781,0,40
697,339,1,698,4,3785,0,40
698,339,1,699,6,3791,0,60
699,339,1,700,4,3795,0,40
700,339,1,701,2,3797,0,20
701,339,1,702,2,3799,0,20
702,339,1,703,5,3804,327,50
703,339,1,704,6,3810,0,60
704,339,1,705,6,3816,0,60
705,339,1,706,4,3820,0,40
706,339,1,707,6,3826,0,60
707,339,1,708,4,3830,0,40
708,339,1,709,3,3833,0,30
709,339,1,710,8,3841,0,80
710,339,1,711,9,3850,0,90
711,339,1,712,7,3857,0,70
712,339,1,713,6,3863,0,60
713,339,1,714,8,3871,0,80
714,339,1,715,4,3875,0,40
715,339,1,716,2,3877,0,20
716,339,1,717,5,3882,0,50
717,339,1,718,9,3891,0,90
718,339,1,719,6,3897,0,60
719,339,1,720,7,3904,0,70
720,339,1,721,5,3909,0,50
721,339,1,722,8,3917,0,80
722,339,1,723,3,3920,0,30
723,339,1,724,4,3924,1207,40
724,339,1,725,5,3929,0,50
725,339,1,726,3,3932,0,30
726,339,1,727,9,3941,0,90
727,339,1,728,4,3945,0,40
728,339,1,729,3,3948,0,30
729,339,1,730,2,3950,0,20
730,339,1,731,3,3953,0,30
731,339,1,732,4,3957,0,40
732,339,1,733,4,3961,0,40
733,339,1,734,8,3969,0,80
734,339,1,735,6,3975,0,60
735,339,1,736,8,3983,0,80
736,339,1,737,7,3990,0,70
737,339,1,738,4,3994,711,40
738,339,1,739,8,4002,0,80
739,339,1,740,2,4004,0,20
740,339,1,741,5,4009,0,50
741,339,1,742,2,4011,0,20
742,339,1,743,4,4015,0,40
743,339,1,744,4,4019,233,40
744,339,1,745,8,4027,0,80
745,339,1,746,8,4035,150,80
746,339,1,747,6,4041,0,60
747,339,1,748,9,4050,0,90
748,339,1,749,4,4054,0,40
749,339,1,750,6,4060,0,60
750,339,1,751,5,4065,0,50
751,339,1,752,2,4067,0,20
752,339,1,753,3,4070,0,30
753,339,1,754,8,4078,0,80
754,339,1,755,7,4085,0,70
755,339,1,756,8,4093,0,80
756,339,1,757,8,4101,0,80
757,339,1,758,4,4105,0,40
758,339,1,759,9,4114,0,90
759,339,1,760,8,4122,0,80
760,339,1,761,8,4130,0,80
761,339,1,762,4,4134,0,40
762,339,1,763,3,4137,1042,30
763,339,1,764,2,4139,14,20
764,339,1,765,5,4144,0,50
765,339,1,766,8,4152,0,80
766,339,1,767,5,4157,0,50
767,339,1,768,6,4163,0,60
768,339,1,769,2,4165,0,20
769,339,1,770,5,4170,0,50
770,339,1,771,7,4177,0,70
771,339,1,772,6,4183,0,60
772,339,1,773,8,4191,0,80
773,339,1,774,6,4197,0,60
774,339,1,775,7,4204,0,70
775,339,1,776,6,4210,0,60
776,339,1,777,6,4216,799,60
777,339,1,778,9,4225,0,90
778,339,1,779,3,4228,0,30
779,339,1,780,3,4231,0,30
780,339,1,781,7,4238,0,70
781,339,1,782,7,4245,0,70
782,339,1,783,3,4248,0,30
783,339,1,784,3,4251,0,30
784,339,1,785,6,4257,0,60
785,339,1,786,7,4264,0,70
786,339,1,787,4,4268,0,40
787,339,1,788,6,4274,0,60
788,339,1,789,8,4282,0,80
789,339,1,790,7,4289,0,70
790,339,1,791,7,4296,0,70
791,339,1,792,4,4300,822,40
792,339,1,793,7,4307,0,70
793,339,1,794,2,4309,0,20
794,339,1,795,4,4313,0,40
795,339,1,796,2,4315,155,20
796,339,1,797,8,4323,0,80
797,339,1,798,7,4330,0,70
798,339,1,799,3,4333,0,30
799,339,1,800,8,4341,0,80
800,339,1,801,9,4350,0,90
801,339,1,802,9,4359,459,90
802,339,1,803,4,4363,0,40
803,339,1,804,7,4370,0,70
804,339,1,805,7,4377,0,70
805,339,1,806,3,4380,0,30
806,339,1,807,5,4385,0,50
807,339,1,808,3,4388,0,30
808,339,1,809,3,4391,0,30
809,339,1,810,8,4399,418,80
810,339,1,811,3,4402,0,30
811,339,1,812,8,4410,0,80
812,339,1,813,3,4413,0,30
813,339,1,814,8,4421,0,80
814,339,1,815,5,4426,0,50
815,339,1,816,7,4433,0,70
816,339,1,817,6,4439,0,60
817,339,1,818,3,4442,0,30
818,339,1,819,6,4448,0,60
819,339,1,820,9,4457,0,90
820,339,1,821,9,4466,0,90
821,339,1,822,4,4470,0,40
822,339,1,823,6,4476,777,60
823,339,1,824,9,4485,85,90
824,339,1,825,4,4489,0,40
825,339,1,826,9,4498,0,90
826,339,1,827,2,4500,0,20
827,339,1,828,9,4509,0,90
828,339,1,829,2,4511,0,20
829,339,1,830,3,4514,295,30
830,339,1,831,8,4522,0,80
831,339,1,832,3,4525,0,30
832,339,1,833,4,4529,0,40
833,339,1,834,2,4531,0,20
834,339,1,835,6,4537,0,60
835,339,1,836,8,4545,0,80
836,339,1,837,6,4551,0,60
837,339,1,838,8,4559,463,80
838,339,1,839,5,4564,0,50
839,339,1,840,7,4571,0,70
840,339,1,841,4,4575,0,40
841,339,1,842,3,4578,0,30
842,339,1,843,4,4582,0,40
843,339,1,844,8,4590,0,80
844,339,1,845,8,4598,0,80
845,339,1,846,3,4601,0,30
846,339,1,847,4,4605,0,40
847,339,1,848,9,4614,0,90
848,339,1,849,4,4618,0,40
849,339,1,850,9,4627,0,90
850,339,1,851,2,4629,702,20
851,339,1,852,3,4632,0,30
852,339,1,853,7,4639,0,70
853,339,1,854,5,4644,0,50
854,339,1,855,7,4651,0,70
855,339,1,856,2,4653,0,20
856,339,1,857,8,4661,0,80
857,339,1,858,7,4668,0,70
858,339,1,859,7,4675,0,70
859,339,1,860,7,4682,0,70
860,339,1,861,9,4691,0,90
861,339,1,862,4,4695,0,40
862,339,1,863,8,4703,0,80
863,339,1,864,6,4709,0,60
864,339,1,865,9,4718,0,90
865,339,1,866,7,4725,0,70
866,339,1,867,7,4732,1045,70
867,339,1,868,2,4734,0,20
868,339,1,869,2,4736,0,20
869,339,1,870,7,4743,0,70
870,339,1,871,2,4745,0,20
871,339,1,872,8,4753,0,80
872,339,1,873,4,4757,0,40
873,339,1,874,6,4763,0,60
874,339,1,875,8,4771,0,80
875,339,1,876,9,4780,0,90
876,339,1,877,2,4782,0,20
877,339,1,878,8,4790,0,80
878,339,1,879,5,4795,0,50
879,339,1,880,4,4799,0,40
880,339,1,881,8,4807,0,80
881,339,1,882,7,4814,0,70
882,339,1,883,9,4823,0,90
883,339,1,884,9,4832,0,90
884,339,1,885,7,4839,0,70
885,339,1,886,3,4842,1100,30
886,339,1,887,5,4847,0,50
887,339,1,888,7,4854,0,70
888,339,1,889,9,4863,0,90
889,339,1,890,9,4872,0,90
890,339,1,891,9,4881,0,90
891,339,1,892,4,4885,0,40
892,339,1,893,9,4894,0,90
893,339,1,894,5,4899,0,50
894,339,1,895,8,4907,0,80
895,339,1,896,5,4912,0,50
896,339,1,897,7,4919,0,70
897,339,1,898,7,4926,0,70
898,339,1,899,6,4932,0,60
899,339,1,900,4,4936,0,40
900,339,1,901,6,4942,0,60
901,339,1,902,5,4947,0,50
902,339,1,903,4,4951,0,40
903,339,1,904,6,4957,0,60
904,339,1,905,6,4963,1162,60
905,339,1,906,8,4971,0,80
906,339,1,907,7,4978,0,70
907,339,1,908,4,4982,0,40
908,339,1,909,7,4989,242,70
909,339,1,910,3,4992,0,30
910,339,1,911,2,4994,0,20
911,339,2,1,9,9,81,90
912,339,2,2,5,14,0,50
913,339,2,3,3,17,0,30
914,339,2,4,5,22,0,50
915,339,2,5,6,28,0,60
916,339,2,6,5,33,0,50
917,339,2,7,2,35,0,20
918,339,2,8,2,37,0,20
919,339,2,9,7,44,0,70
920,339,2,10,2,46,0,20
921,339,2,11,9,55,0,90
922,339,2,12,7,62,0,70
923,339,2,13,2,64,0,20
924,339,2,14,9,73,0,90
925,339,2,15,5,78,0,50
926,339,2,16,4,82,0,40
927,339,2,17,3,85,0,30
928,339,2,18,3,88,0,30
929,339,2,19,5,93,818,50
930,339,2,20,9,102,0,90
931,339,2,21,3,105,0,30
932,339,2,22,8,113,0,80
933,339,2,23,4,117,0,40
934,339,2,24,3,120,0,30
935,339,2,25,7,127,0,70
936,339,2,26,2,129,0,20
937,339,2,27,4,133,399,40
938,339,2,28,7,140,77,70
939,339,2,29,7,147,0,70
940,339,2,30,5,152,110,50
941,339,2,31,5,157,0,50
942,339,2,32,4,161,83,40
943,339,2,33,3,164,0,30
944,339,2,34,3,167,0,30
945,339,2,35,6,173,0,60
946,339,2,36,6,179,0,60
947,339,2,37,4,183,0,40
948,339,2,38,8,191,0,80
949,339,2,39,7,198,364,70
950,339,2,40,9,207,0,90
951,339,2,41,6,213,0,60
952,339,2,42,7,220,0,70
953,339,2,43,2,222,0,20
954,339,2,44,9,231,0,90
955,339,2,45,5,236,0,50
956,339,2,46,6,242,0,60
957,339,2,47,5,247,0,50
958,339,2,48,7,254,0,70
959,339,2,49,8,262,0,80
960,339,2,50,2,264,0,20
961,339,2,51,6,270,0,60
962,339,2,52,5,275,0,50
963,339,2,53,8,283,0,80
964,339,2,54,3,286,0,30
965,339,2,55,9,295,0,90
966,339,2,56,5,300,1076,50
967,339,2,57,4,304,0,40
968,339,2,58,3,307,0,30
969,339,2,59,6,313,0,60
970,339,2,60,3,316,0,30
971,339,2,61,9,325,0,90
972,339,2,62,3,328,0,30
973,339,2,63,7,335,0,70
974,339,2,64,9,344,0,90
975,339,2,65,8,352,0,80
976,339,2,66,4,356,0,40
977,339,2,67,4,360,0,40
978,339,2,68,3,363,0,30
979,339,2,69,9,372,0,90
980,339,2,70,9,381,0,90
981,339,2,71,8,389,0,80
982,339,2,72,8,397,0,80
983,339,2,73,6,403,1021,60
984,339,2,74,8,411,0,80
985,339,2,75,3,414,121,30
986,339,2,76,6,420,0,60
987,339,2,77,3,423,0,30
988,339,2,78,7,430,0,70
989,339,2,79,3,433,0,30
990,339,2,80,5,438,224,50
991,339,2,81,4,442,0,40
992,339,2,82,8,450,0,80
993,339,2,83,9,459,0,90
994,339,2,84,4,463,0,40
995,339,2,85,9,472,0,90
996,339,2,86,9,481,0,90
997,339,2,87,2,483,0,20
998,339,2,88,3,486,0,30
999,339,2,89,9,495,0,90
1000,339,2,90,6,501,0,60
1001,339,2,91,8,509,0,80
1002,339,2,92,8,517,0,80
1003,339,2,93,7,524,0,70
1004,339,2,94,8,532,0,80
1005,339,2,95,4,536,0,40
1006,339,2,96,3,539,1087,30
1007,339,2,97,2,541,0,20
1008,339,2,98,7,548,0,70
1009,339,2,99,4,552,0,40
1010,339,2,100,2,554,0,20
1011,339,2,101,9,563,0,90
1012,339,2,102,8,571,0,80
1013,339,2,103,3,574,0,30
1014,339,2,104,7,581,0,70
1015,339,2,105,7,588,0,70
1016,339,2,106,4,592,0,40
1017,339,2,107,2,594,0,20
1018,339,2,108,6,600,635,60
1019,339,2,109,5,605,0,50
1020,339,2,110,4,609,0,40
1021,339,2,111,6,615,157,60
1022,339,2,112,7,622,66,70
1023,339,2,113,2,624,11,20
1024,339,2,114,6,630,0,60
1025,339,2,115,3,633,0,30
1026,339,2,116,2,635,106,20
1027,339,2,117,4,639,0,40
1028,339,2,118,7,646,0,70
1029,339,2,119,5,651,161,50
1030,339,2,120,3,654,39,30
1031,339,2,121,6,660,0,60
1032,339,2,122,3,663,78,30
1033,339,2,123,2,665,0,20
1034,339,2,124,8,673,0,80
1035,339,2,125,7,680,0,70
1036,339,2,126,9,689,0,90
1037,339,2,127,6,695,0,60
1038,339,2,128,4,699,366,40
1039,339,2,129,3,702,0,30
1040,339,2,130,9,711,0,90
1041,339,2,131,4,715,0,40
1042,339,2,132,6,721,0,60
1043,339,2,133,6,727,0,60
1044,339,2,134,4,731,0,40
1045,339,2,135,6,737,365,60
1046,339,2,136,2,739,0,20
1047,339,2,137,7,746,0,70
1048,339,2,138,3,749,0,30
1049,339,2,139,8,757,0,80
1050,339,2,140,9,766,280,90
1051,339,2,141,3,769,0,30
1052,339,2,142,7,776,0,70
1053,339,2,143,9,785,0,90
1054,339,2,144,4,789,0,40
1055,339,2,145,6,795,0,60
1056,339,2,146,2,797,0,20
1057,339,2,147,9,806,0,90
1058,339,2,148,4,810,0,40
1059,339,2,149,2,812,442,20
1060,339,2,150,8,820,0,80
1061,339,2,151,6,826,0,60
1062,339,2,152,2,828,0,20
1063,339,2,153,4,832,0,40
1064,339,2,154,8,840,0,80
1065,339,2,155,4,844,0,40
1066,339,2,156,5,849,0,50
1067,339,2,157,4,853,0,40
1068,339,2,158,8,861,463,80
1069,339,2,159,6,867,0,60
1070,339,2,160,9,876,0,90
1071,339,2,161,3,879,0,30
1072,339,2,162,7,886,0,70
1073,339,2,163,3,889,278,30
1074,339,2,164,8,897,0,80
1075,339,2,165,3,900,0,30
1076,339,2,166,2,902,0,20
1077,339,2,167,2,904,0,20
1078,339,2,168,5,909,216,50
1079,339,2,169,6,915,0,60
1080,339,2,170,6,921,0,60
1081,339,2,171,6,927,0,60
1082,339,2,172,7,934,0,70
1083,339,2,173,5,939,0,50
1084,339,2,174,3,942,0,30
1085,339,2,175,6,948,0,60
1086,339,2,176,7,955,0,70
1087,339,2,177,5,960,0,50
1088,339,2,178,8,968,0,80
1089,339,2,179,8,976,0,80
1090,339,2,180,8,984,0,80
1091,339,2,181,7,991,869,70
1092,339,2,182,8,999,0,80
1093,339,2,183,9,1008,186,90
1094,339,2,184,9,1017,0,90
1095,339,2,185,9,1026,0,90
1096,339,2,186,9,1035,0,90
1097,339,2,187,3,1038,0,30
1098,339,2,188,3,1041,0,30
1099,339,2,189,9,1050,0,90
1100,339,2,190,5,1055,0,50
1101,339,2,191,5,1060,0,50
1102,339,2,192,8,1068,0,80
1103,339,2,193,6,1074,0,60
1104,339,2,194,2,1076,0,20
1105,339,2,195,6,1082,724,60
1106,339,2,196,3,1085,0,30
1107,339,2,197,6,1091,0,60
1108,339,2,198,9,1100,0,90
1109,339,2,199,6,1106,0,60
1110,339,2,200,7,1113,0,70
1111,339,2,201,7,1120,393,70
1112,339,2,202,4,1124,51,40
1113,339,2,203,2,1126,0,20
1114,339,2,204,9,1135,0,90
1115,339,2,205,6,1141,0,60
1116,339,2,206,5,1146,0,50
1117,339,2,207,6,1152,0,60
1118,339,2,208,4,1156,329,40
1119,339,2,209,5,1161,0,50
1120,339,2,210,7,1168,0,70
1121,339,2,211,6,1174,0,60
1122,339,2,212,4,1178,0,40
1123,339,2,213,4,1182,0,40
1124,339,2,214,6,1188,0,60
1125,339,2,215,3,1191,0,30
1126,339,2,216,2,1193,0,20
1127,339,2,217,2,1195,0,20
1128,339,2,218,3,1198,0,30
1129,339,2,219,2,1200,0,20
1130,339,2,220,5,1205,0,50
1131,339,2,221,4,1209,0,40
1132,339,2,222,6,1215,0,60
1133,339,2,223,5,1220,0,50
1134,339,2,224,2,1222,0,20
1135,339,2,225,3,1225,0,30
1136,339,2,226,6,1231,0,60
1137,339,2,227,5,1236,0,50
1138,339,2,228,5,1241,0,50
1139,339,2,229,6,1247,0,60
1140,339,2,230,7,1254,0,70
1141,339,2,231,8,1262,0,80
1142,339,2,232,9,1271,0,90
1143,339,2,233,5,1276,1201,50
1144,339,2,234,2,1278,25,20
1145,339,2,235,5,1283,0,50
1146,339,2,236,3,1286,0,30
1147,339,2,237,2,1288,0,20
1148,339,2,238,3,1291,0,30
1149,339,2,239,5,1296,0,50
1150,339,2,240,7,1303,0,70
1151,339,2,241,4,1307,0,40
1152,339,2,242,9,1316,0,90
1153,339,2,243,4,1320,0,40
1154,339,2,244,9,1329,0,90
1155,339,2,245,6,1335,0,60
1156,339,2,246,7,1342,0,70
1157,339,2,247,9,1351,782,90
1158,339,2,248,9,1360,0,90
1159,339,2,249,8,1368,0,80
1160,339,2,250,7,1375,0,70
1161,339,2,251,8,1383,0,80
1162,339,2,252,9,1392,0,90
1163,339,2,253,4,1396,0,40
1164,339,2,254,7,1403,0,70
1165,339,2,255,9,1412,0,90
1166,339,2,256,7,1419,626,70
1167,339,2,257,3,1422,0,30
1168,339,2,258,7,1429,0,70
1169,339,2,259,3,1432,146,30
1170,339,2,260,3,1435,0,30
1171,339,2,261,3,1438,0,30
1172,339,2,262,4,1442,0,40
1173,339,2,263,8,1450,0,80
1174,339,2,264,2,1452,0,20
1175,339,2,265,8,1460,0,80
1176,339,2,266,5,1465,0,50
1177,339,2,267,3,1468,0,30
1178,339,2,268,5,1473,0,50
1179,339,2,269,8,1481,0,80
1180,339,2,270,3,1484,0,30
1181,339,2,271,8,1492,0,80
1182,339,2,272,7,1499,0,70
1183,339,2,273,9,1508,0,90
1184,339,2,274,4,1512,0,40
1185,339,2,275,3,1515,0,30
1186,339,2,276,2,1517,0,20
1187,339,2,277,6,1523,899,60
1188,339,2,278,2,1525,0,20
1189,339,2,279,6,1531,0,60
1190,339,2,280,4,1535,0,40
1191,339,2,281,7,1542,170,70
1192,339,2,282,6,1548,0,60
1193,339,2,283,9,1557,136,90
1194,339,2,284,6,1563,0,60
1195,339,2,285,5,1568,0,50
1196,339,2,286,9,1577,0,90
1197,339,2,287,3,1580,0,30
1198,339,2,288,4,1584,0,40
1199,339,2,289,5,1589,0,50
1200,339,2,290,4,1593,0,40
1201,339,2,291,7,1600,0,70
1202,339,2,292,6,1606,0,60
1203,339,2,293,8,1614,0,80
1204,339,2,294,5,1619,0,50
1205,339,2,295,8,1627,0,80
1206,339,2,296,3,1630,0,30
1207,339,2,297,2,1632,0,20
1208,339,2,298,7,1639,0,70
1209,339,2,299,9,1648,0,90
1210,339,2,300,3,1651,0,30
1211,339,2,301,9,1660,0,90
1212,339,2,302,6,1666,0,60
1213,339,2,303,6,1672,0,60
1214,339,2,304,5,1677,0,50
1215,339,2,305,8,1685,0,80
1216,339,2,306,3,1688,0,30
1217,339,2,307,5,1693,0,50
1218,339,2,308,5,1698,0,50
1219,339,2,309,3,1701,0,30
1220,339,2,310,4,1705,0,40
1221,339,2,311,4,1709,0,40
1222,339,2,312,6,1715,0,60
1223,339,2,313,9,1724,0,90
1224,339,2,314,6,1730,0,60
1225,339,2,315,2,1732,0,20
1226,339,2,316,6,1738,0,60
1227,339,2,317,7,1745,0,70
1228,339,2,318,2,1747,0,20
1229,339,2,319,3,1750,0,30
1230,339,2,320,5,1755,1916,50
1231,339,2,321,7,1762,0,70
1232,339,2,322,6,1768,0,60
1233,339,2,323,8,1776,0,80
1234,339,2,324,2,1778,0,20
1235,339,2,325,3,1781,0,30
1236,339,2,326,4,1785,0,40
1237,339,2,327,9,1794,408,90
1238,339,2,328,3,1797,0,30
1239,339,2,329,4,1801,0,40
1240,339,2,330,8,1809,0,80
1241,339,2,331,5,1814,0,50
1242,339,2,332,3,1817,0,30
1243,339,2,333,9,1826,0,90
1244,339,2,334,7,1833,0,70
1245,339,2,335,4,1837,0,40
1246,339,2,336,8,1845,0,80
1247,339,2,337,5,1850,0,50
1248,339,2,338,8,1858,0,80
1249,339,2,339,2,1860,0,20
1250,339,2,340,2,1862,0,20
1251,339,2,341,4,1866,0,40
1252,339,2,342,7,1873,0,70
1253,339,2,343,9,1882,0,90
1254,339,2,344,2,1884,0,20
1255,339,2,345,6,1890,0,60
1256,339,2,346,6,1896,0,60
1257,339,2,347,7,1903,0,70
1258,339,2,348,3,1906,0,30
1259,339,2,349,2,1908,0,20
1260,339,2,350,7,1915,0,70
1261,339,2,351,4,1919,0,40
1262,339,2,352,3,1922,1310,30
1263,339,2,353,4,1926,0,40
1264,339,2,354,2,1928,0,20
1265,339,2,355,9,1937,0,90
1266,339,2,356,8,1945,0,80
1267,339,2,357,2,1947,0,20
1268,339,2,358,8,1955,0,80
1269,339,2,359,6,1961,409,60
1270,339,2,360,5,1966,0,50
1271,339,2,361,5,1971,0,50
1272,339,2,362,9,1980,0,90
1273,339,2,363,6,1986,0,60
1274,339,2,364,5,1991,0,50
1275,339,2,365,4,1995,356,40
1276,339,2,366,7,2002,0,70
1277,339,2,367,8,2010,0,80
1278,339,2,368,7,2017,0,70
1279,339,2,369,2,2019,0,20
1280,339,2,370,2,2021,0,20
1281,339,2,371,3,2024,0,30
1282,339,2,372,3,2027,0,30
1283,339,2,373,6,2033,0,60
1284,339,2,374,7,2040,0,70
1285,339,2,375,6,2046,0,60
1286,339,2,376,4,2050,0,40
1287,339,2,377,2,2052,0,20
1288,339,2,378,5,2057,0,50
1289,339,2,379,5,2062,0,50
1290,339,2,380,3,2065,0,30
1291,339,2,381,3,2068,0,30
1292,339,2,382,6,2074,0,60
1293,339,2,383,9,2083,0,90
1294,339,2,384,5,2088,931,50
1295,339,2,385,3,2091,0,30
1296,339,2,386,6,2097,0,60
1297,339,2,387,7,2104,0,70
1298,339,2,388,2,2106,0,20
1299,339,2,389,2,2108,0,20
1300,339,2,390,3,2111,0,30
1301,339,2,391,9,2120,0,90
1302,339,2,392,5,2125,0,50
1303,339,2,393,7,2132,0,70
1304,339,2,394,4,2136,478,40
1305,339,2,395,3,2139,0,30
1306,339,2,396,2,2141,55,20
1307,339,2,397,4,2145,0,40
1308,339,2,398,8,2153,0,80
1309,339,2,399,6,2159,0,60
1310,339,2,400,2,2161,0,20
1311,339,2,401,9,2170,280,90
1312,339,2,402,6,2176,0,60
1313,339,2,403,7,2183,0,70
1314,339,2,404,6,2189,0,60
1315,339,2,405,8,2197,0,80
1316,339,2,406,7,2204,0,70
1317,339,2,407,8,2212,0,80
1318,339,2,408,4,2216,0,40
1319,339,2,409,2,2218,0,20
1320,339,2,410,5,2223,0,50
1321,339,2,411,9,2232,0,90
1322,339,2,412,9,2241,693,90
1323,339,2,413,8,2249,88,80
1324,339,2,414,5,2254,0,50
1325,339,2,415,6,2260,0,60
1326,339,2,416,9,2269,0,90
1327,339,2,417,2,2271,0,20
1328,339,2,418,5,2276,0,50
1329,339,2,419,2,2278,0,20
1330,339,2,420,5,2283,0,50
1331,339,2,421,9,2292,0,90
1332,339,2,422,7,2299,531,70
1333,339,2,423,5,2304,58,50
1334,339,2,424,3,2307,0,30
1335,339,2,425,8,2315,0,80
1336,339,2,426,6,2321,0,60
1337,339,2,427,9,2330,0,90
1338,339,2,428,9,2339,0,90
1339,339,2,429,7,2346,0,70
1340,339,2,430,9,2355,0,90
1341,339,2,431,2,2357,0,20
1342,339,2,432,7,2364,0,70
1343,339,2,433,2,2366,0,20
1344,339,2,434,3,2369,0,30
1345,339,2,435,2,2371,0,20
1346,339,2,436,8,2379,0,80
1347,339,2,437,2,2381,0,20
1348,339,2,438,6,2387,0,60
1349,339,2,439,4,2391,0,40
1350,339,2,440,9,2400,0,90
1351,339,2,441,5,2405,0,50
1352,339,2,442,5,2410,1007,50
1353,339,2,443,4,2414,0,40
1354,339,2,444,9,2423,0,90
1355,339,2,445,4,2427,0,40
1356,339,2,446,3,2430,0,30
1357,339,2,447,4,2434,0,40
1358,339,2,448,8,2442,0,80
1359,339,2,449,5,2447,0,50
1360,339,2,450,4,2451,0,40
1361,339,2,451,2,2453,0,20
1362,339,2,452,4,2457,0,40
1363,339,2,453,7,2464,0,70
1364,339,2,454,4,2468,0,40
1365,339,2,455,3,2471,0,30
1366,339,2,456,2,2473,0,20
1367,339,2,457,8,2481,0,80
1368,339,2,458,3,2484,0,30
1369,339,2,459,2,2486,0,20
1370,339,2,460,9,2495,0,90
1371,339,2,461,8,2503,0,80
1372,339,2,462,2,2505,0,20
1373,339,2,463,4,2509,0,40
1374,339,2,464,9,2518,0,90
1375,339,2,465,8,2526,0,80
1376,339,2,466,9,2535,0,90
1377,339,2,467,2,2537,0,20
1378,339,2,468,6,2543,0,60
1379,339,2,469,7,2550,0,70
1380,339,2,470,7,2557,0,70
1381,339,2,471,2,2559,0,20
1382,339,2,472,9,2568,0,90
1383,339,2,473,6,2574,0,60
1384,339,2,474,9,2583,0,90
1385,339,2,475,4,2587,0,40
1386,339,2,476,4,2591,0,40
1387,339,2,477,9,2600,0,90
1388,339,2,478,6,2606,0,60
1389,339,2,479,5,2611,0,50
1390,339,2,480,8,2619,2159,80
1391,339,2,481,2,2621,0,20
1392,339,2,482,2,2623,35,20
1393,339,2,483,9,2632,0,90
1394,339,2,484,6,2638,0,60
1395,339,2,485,4,2642,0,40
1396,339,2,486,7,2649,0,70
1397,339,2,487,7,2656,0,70
1398,339,2,488,7,2663,0,70
1399,339,2,489,6,2669,0,60
1400,339,2,490,2,2671,0,20
1401,339,2,491,4,2675,0,40
1402,339,2,492,3,2678,0,30
1403,339,2,493,4,2682,0,40
1404,339,2,494,8,2690,0,80
1405,339,2,495,2,2692,686,20
1406,339,2,496,5,2697,0,50
1407,339,2,497,4,2701,0,40
1408,339,2,498,3,2704,0,30
1409,339,2,499,3,2707,0,30
1410,339,2,500,5,2712,0,50
1411,339,2,501,3,2715,0,30
1412,339,2,502,2,2717,0,20
1413,339,2,503,4,2721,0,40
1414,339,2,504,5,2726,0,50
1415,339,2,505,6,2732,0,60
1416,339,2,506,4,2736,0,40
1417,339,2,507,6,2742,0,60
1418,339,2,508,4,2746,0,40
1419,339,2,509,3,2749,0,30
1420,339,2,510,7,2756,0,70
1421,339,2,511,9,2765,0,90
1422,339,2,512,8,2773,0,80
1423,339,2,513,3,2776,0,30
1424,339,2,514,8,2784,0,80
1425,339,2,515,7,2791,0,70
1426,339,2,516,3,2794,1017,30
1427,339,2,517,9,2803,0,90
1428,339,2,518,8,2811,0,80
1429,339,2,519,7,2818,0,70
1430,339,2,520,6,2824,0,60
1431,339,2,521,6,2830,0,60
1432,339,2,522,7,2837,0,70
1433,339,2,523,9,2846,0,90
1434,339,2,524,6,2852,0,60
1435,339,2,525,3,2855,0,30
1436,339,2,526,5,2860,0,50
1437,339,2,527,8,2868,0,80
1438,339,2,528,8,2876,0,80
1439,339,2,529,6,2882,0,60
1440,339,2,530,6,2888,0,60
1441,339,2,531,3,2891,0,30
1442,339,2,532,5,2896,993,50
1443,339,2,533,2,2898,0,20
1444,339,2,534,6,2904,0,60
1445,339,2,535,2,2906,0,20
1446,339,2,536,8,2914,0,80
1447,339,2,537,4,2918,0,40
1448,339,2,538,3,2921,0,30
1449,339,2,539,6,2927,0,60
1450,339,2,540,8,2935,0,80
1451,339,2,541,9,2944,0,90
1452,339,2,542,3,2947,549,30
1453,339,2,543,4,2951,0,40
1454,339,2,544,7,2958,0,70
1455,339,2,545,7,2965,0,70
1456,339,2,546,3,2968,0,30
1457,339,2,547,6,2974,0,60
1458,339,2,548,5,2979,0,50
1459,339,2,549,8,2987,0,80
1460,339,2,550,3,2990,416,30
1461,339,2,551,5,2995,0,50
1462,339,2,552,3,2998,0,30
1463,339,2,553,2,3000,0,20
1464,339,2,554,9,3009,0,90
1465,339,2,555,2,3011,205,20
1466,339,2,556,7,3018,0,70
1467,339,2,557,6,3024,0,60
1468,339,2,558,3,3027,0,30
1469,339,2,559,2,3029,0,20
1470,339,2,560,6,3035,224,60
1471,339,2,561,3,3038,0,30
1472,339,2,562,8,3046,0,80
1473,339,2,563,5,3051,0,50
1474,339,2,564,7,3058,0,70
1475,339,2,565,3,3061,0,30
1476,339,2,566,5,3066,0,50
1477,339,2,567,8,3074,0,80
1478,339,2,568,3,3077,0,30
1479,339,2,569,9,3086,476,90
1480,339,2,570,9,3095,0,90
1481,339,2,571,8,3103,0,80
1482,339,2,572,3,3106,224,30
1483,339,2,573,5,3111,0,50
1484,339,2,574,3,3114,0,30
1485,339,2,575,5,3119,0,50
1486,339,2,576,3,3122,0,30
1487,339,2,577,7,3129,0,70
1488,339,2,578,6,3135,297,60
1489,339,2,579,2,3137,0,20
1490,339,2,580,5,3142,0,50
1491,339,2,581,8,3150,0,80
1492,339,2,582,5,3155,0,50
1493,339,2,583,2,3157,0,20
1494,339,2,584,3,3160,0,30
1495,339,2,585,3,3163,0,30
1496,339,2,586,7,3170,0,70
1497,339,2,587,4,3174,0,40
1498,339,2,588,6,3180,0,60
1499,339,2,589,5,3185,0,50
1500,339,2,590,8,3193,0,80
1501,339,2,591,2,3195,0,20
1502,339,2,592,2,3197,0,20
1503,339,2,593,3,3200,0,30
1504,339,2,594,5,3205,0,50
1505,339,2,595,5,3210,0,50
1506,339,2,596,2,3212,0,20
1507,339,2,597,7,3219,0,70
1508,339,2,598,4,3223,0,40
1509,339,2,599,6,3229,0,60
1510,339,2,600,6,3235,0,60
1511,339,2,601,4,3239,0,40
1512,339,2,602,4,3243,0,40
1513,339,2,603,4,3247,0,40
1514,339,2,604,3,3250,0,30
1515,339,2,605,2,3252,0,20
1516,339,2,606,2,3254,0,20
1517,339,2,607,7,3261,0,70
1518,339,2,608,9,3270,0,90
1519,339,2,609,5,3275,0,50
1520,339,2,610,3,3278,0,30
1521,339,2,611,5,3283,0,50
1522,339,2,612,7,3290,1527,70
1523,339,2,613,8,3298,0,80
1524,339,2,614,5,3303,0,50
1525,339,2,615,9,3312,0,90
1526,339,2,616,9,3321,0,90
1527,339,2,617,8,3329,0,80
1528,339,2,618,3,3332,0,30
1529,339,2,619,9,3341,0,90
1530,339,2,620,8,3349,0,80
1531,339,2,621,5,3354,594,50
1532,339,2,622,8,3362,0,80
1533,339,2,623,4,3366,0,40
1534,339,2,624,8,3374,0,80
1535,339,2,625,4,3378,0,40
1536,339,2,626,8,3386,0,80
1537,339,2,627,7,3393,0,70
1538,339,2,628,8,3401,459,80
1539,339,2,629,6,3407,0,60
1540,339,2,630,8,3415,0,80
1541,339,2,631,5,3420,0,50
1542,339,2,632,3,3423,0,30
1543,339,2,633,5,3428,0,50
1544,339,2,634,5,3433,0,50
1545,339,2,635,7,3440,413,70
1546,339,2,636,3,3443,0,30
1547,339,2,637,3,3446,0,30
1548,339,2,638,2,3448,0,20
1549,339,2,639,3,3451,0,30
1550,339,2,640,2,3453,134,20
1551,339,2,641,6,3459,0,60
1552,339,2,642,5,3464,0,50
1553,339,2,643,8,3472,0,80
1554,339,2,644,6,3478,239,60
1555,339,2,645,8,3486,0,80
1556,339,2,646,8,3494,0,80
1557,339,2,647,2,3496,0,20
1558,339,2,648,4,3500,0,40
1559,339,2,649,4,3504,0,40
1560,339,2,650,8,3512,0,80
1561,339,2,651,6,3518,0,60
1562,339,2,652,5,3523,422,50
1563,339,2,653,3,3526,0,30
1564,339,2,654,7,3533,0,70
1565,339,2,655,3,3536,0,30
1566,339,2,656,9,3545,0,90
1567,339,2,657,6,3551,0,60
1568,339,2,658,8,3559,0,80
1569,339,2,659,9,3568,0,90
1570,339,2,660,4,3572,504,40
1571,339,2,661,4,3576,0,40
1572,339,2,662,2,3578,0,20
1573,339,2,663,4,3582,0,40
1574,339,2,664,8,3590,0,80
1575,339,2,665,8,3598,0,80
1576,339,2,666,9,3607,0,90
1577,339,2,667,4,3611,0,40
1578,339,2,668,5,3616,0,50
1579,339,2,669,7,3623,0,70
1580,339,2,670,6,3629,564,60
1581,339,2,671,6,3635,0,60
1582,339,2,672,3,3638,0,30
1583,339,2,673,3,3641,0,30
1584,339,2,674,9,3650,0,90
1585,339,2,675,7,3657,0,70
1586,339,2,676,8,3665,0,80
1587,339,2,677,6,3671,0,60
1588,339,2,678,9,3680,0,90
1589,339,2,679,9,3689,595,90
1590,339,2,680,4,3693,0,40
1591,339,2,681,2,3695,0,20
1592,339,2,682,8,3703,0,80
1593,339,2,683,8,3711,0,80
1594,339,2,684,7,3718,0,70
1595,339,2,685,6,3724,0,60
1596,339,2,686,9,3733,0,90
1597,339,2,687,4,3737,0,40
1598,339,2,688,3,3740,0,30
1599,339,2,689,9,3749,0,90
1600,339,2,690,9,3758,0,90
1601,339,2,691,6,3764,0,60
1602,339,2,692,9,3773,0,90
1603,339,2,693,2,3775,0,20
1604,339,2,694,2,3777,0,20
1605,339,2,695,5,3782,0,50
1606,339,2,696,6,3788,0,60
1607,339,2,697,9,3797,0,90
1608,339,2,698,8,3805,0,80
1609,339,2,699,7,3812,1195,70
1610,339,2,700,2,3814,0,20
1611,339,2,701,9,3823,0,90
1612,339,2,702,3,3826,0,30
1613,339,2,703,8,3834,0,80
1614,339,2,704,3,3837,0,30
1615,339,2,705,3,3840,0,30
1616,339,2,706,6,3846,0,60
1617,339,2,707,4,3850,0,40
1618,339,2,708,6,3856,0,60
1619,339,2,709,3,3859,0,30
1620,339,2,710,2,3861,0,20
1621,339,2,711,8,3869,536,80
1622,339,2,712,3,3872,0,30
1623,339,2,713,9,3881,0,90
1624,339,2,714,4,3885,0,40
1625,339,2,715,8,3893,0,80
1626,339,2,716,7,3900,0,70
1627,339,2,717,2,3902,357,20
1628,339,2,718,8,3910,0,80
1629,339,2,719,7,3917,0,70
1630,339,2,720,4,3921,0,40
1631,339,2,721,3,3924,0,30
1632,339,2,722,4,3928,0,40
1633,339,2,723,6,3934,0,60
1634,339,2,724,9,3943,0,90
1635,339,2,725,8,3951,0,80
1636,339,2,726,4,3955,0,40
1637,339,2,727,4,3959,0,40
1638,339,2,728,3,3962,0,30
1639,339,2,729,3,3965,0,30
1640,339,2,730,7,3972,0,70
1641,339,2,731,3,3975,0,30
1642,339,2,732,5,3980,0,50
1643,339,2,733,8,3988,0,80
1644,339,2,734,8,3996,0,80
1645,339,2,735,7,4003,1030,70
1646,339,2,736,6,4009,0,60
1647,339,2,737,4,4013,0,40
1648,339,2,738,7,4020,0,70
1649,339,2,739,6,4026,0,60
1650,339,2,740,9,4035,0,90
1651,339,2,741,5,4040,0,50
1652,339,2,742,8,4048,0,80
1653,339,2,743,5,4053,0,50
1654,339,2,744,3,4056,0,30
1655,339,2,745,5,4061,0,50
1656,339,2,746,9,4070,0,90
1657,339,2,747,5,4075,0,50
1658,339,2,748,6,4081,766,60
1659,339,2,749,5,4086,0,50
1660,339,2,750,8,4094,0,80
1661,339,2,751,9,4103,0,90
1662,339,2,752,7,4110,0,70
1663,339,2,753,5,4115,0,50
1664,339,2,754,5,4120,0,50
1665,339,2,755,8,4128,0,80
1666,339,2,756,8,4136,0,80
1667,339,2,757,3,4139,0,30
1668,339,2,758,2,4141,0,20
1669,339,2,759,8,4149,0,80
1670,339,2,760,9,4158,0,90
1671,339,2,761,4,4162,0,40
1672,339,2,762,7,4169,0,70
1673,339,2,763,2,4171,0,20
1674,339,2,764,2,4173,0,20
1675,339,2,765,6,4179,970,60
1676,339,2,766,5,4184,0,50
1677,339,2,767,5,4189,0,50
1678,339,2,768,7,4196,0,70
1679,339,2,769,7,4203,0,70
1680,339,2,770,4,4207,271,40
1681,339,2,771,8,4215,0,80
1682,339,2,772,3,4218,0,30
1683,339,2,773,7,4225,0,70
1684,339,2,774,4,4229,0,40
1685,339,2,775,7,4236,0,70
1686,339,2,776,7,4243,0,70
1687,339,2,777,4,4247,0,40
1688,339,2,778,9,4256,0,90
1689,339,2,779,9,4265,0,90
1690,339,2,780,8,4273,653,80
1691,339,2,781,8,4281,0,80
1692,339,2,782,6,4287,0,60
1693,339,2,783,7,4294,0,70
1694,339,2,784,5,4299,0,50
1695,339,2,785,9,4308,0,90
1696,339,2,786,3,4311,0,30
1697,339,2,787,9,4320,0,90
1698,339,2,788,4,4324,0,40
1699,339,2,789,9,4333,0,90
1700,339,2,790,9,4342,0,90
1701,339,2,791,6,4348,775,60
1702,339,2,792,8,4356,0,80
1703,339,2,793,2,4358,0,20
1704,339,2,794,3,4361,139,30
1705,339,2,795,4,4365,0,40
1706,339,2,796,9,4374,0,90
1707,339,2,797,6,4380,0,60
1708,339,2,798,8,4388,0,80
1709,339,2,799,4,4392,0,40
1710,339,2,800,5,4397,0,50
1711,339,2,801,6,4403,0,60
1712,339,2,802,6,4409,0,60
1713,339,2,803,6,4415,0,60
1714,339,2,804,5,4420,0,50
1715,339,2,805,5,4425,0,50
1716,339,2,806,8,4433,0,80
1717,339,2,807,7,4440,0,70
1718,339,2,808,8,4448,839,80
1719,339,2,809,6,4454,0,60
1720,339,2,810,8,4462,0,80
1721,339,2,811,5,4467,0,50
1722,339,2,812,2,4469,0,20
1723,339,2,813,6,4475,0,60
1724,339,2,814,3,4478,0,30
1725,339,2,815,5,4483,0,50
1726,339,2,816,6,4489,0,60
1727,339,2,817,9,4498,0,90
1728,339,2,818,9,4507,0,90
1729,339,2,819,2,4509,0,20
1730,339,2,820,9,4518,724,90
1731,339,2,821,9,4527,0,90
1732,339,2,822,5,4532,0,50
1733,339,2,823,4,4536,0,40
1734,339,2,824,2,4538,196,20
1735,339,2,825,5,4543,0,50
1736,339,2,826,2,4545,0,20
1737,339,2,827,2,4547,0,20
1738,339,2,828,5,4552,0,50
1739,339,2,829,2,4554,0,20
1740,339,2,830,5,4559,0,50
1741,339,2,831,6,4565,0,60
1742,339,2,832,4,4569,0,40
1743,339,2,833,3,4572,0,30
1744,339,2,834,3,4575,393,30
1745,339,2,835,4,4579,0,40
1746,339,2,836,5,4584,0,50
1747,339,2,837,5,4589,0,50
1748,339,2,838,7,4596,0,70
1749,339,2,839,5,4601,0,50
1750,339,2,840,8,4609,0,80
1751,339,2,841,2,4611,0,20
1752,339,2,842,9,4620,0,90
1753,339,2,843,2,4622,0,20
1754,339,2,844,5,4627,0,50
1755,339,2,845,7,4634,0,70
1756,339,2,846,8,4642,0,80
1757,339,2,847,6,4648,0,60
1758,339,2,848,5,4653,0,50
1759,339,2,849,9,4662,0,90
1760,339,2,850,4,4666,0,40
1761,339,2,851,7,4673,975,70
1762,339,2,852,9,4682,0,90
1763,339,2,853,4,4686,0,40
1764,339,2,854,4,4690,0,40
1765,339,2,855,9,4699,0,90
1766,339,2,856,4,4703,0,40
1767,339,2,857,9,4712,0,90
1768,339,2,858,2,4714,0,20
1769,339,2,859,8,4722,0,80
1770,339,2,860,4,4726,0,40
1771,339,2,861,4,4730,0,40
1772,339,2,862,9,4739,645,90
1773,339,2,863,4,4743,0,40
1774,339,2,864,9,4752,0,90
1775,339,2,865,2,4754,0,20
1776,339,2,866,4,4758,0,40
1777,339,2,867,8,4766,0,80
1778,339,2,868,9,4775,0,90
1779,339,2,869,6,4781,0,60
1780,339,2,870,2,4783,0,20
1781,339,2,871,2,4785,458,20
1782,339,2,872,9,4794,0,90
1783,339,2,873,5,4799,0,50
1784,339,2,874,5,4804,0,50
1785,339,2,875,9,4813,283,90
1786,339,2,876,6,4819,0,60
1787,339,2,877,8,4827,146,80
1788,339,2,878,3,4830,0,30
1789,339,2,879,8,4838,0,80
1790,339,2,880,5,4843,0,50
1791,339,2,881,4,4847,0,40
1792,339,2,882,9,4856,0,90
1793,339,2,883,6,4862,0,60
1794,339,2,884,8,4870,0,80
1795,339,2,885,8,4878,0,80
1796,339,2,886,5,4883,0,50
1797,339,2,887,6,4889,0,60
1798,339,2,888,9,4898,0,90
1799,339,2,889,3,4901,0,30
1800,339,2,890,5,4906,783,50
1801,339,2,891,6,4912,59,60
1802,339,2,892,2,4914,0,20
1803,339,2,893,6,4920,0,60
1804,339,2,894,4,4924,122,40
1805,339,2,895,8,4932,0,80
1806,339,2,896,2,4934,0,20
1807,339,2,897,3,4937,0,30
1808,339,2,898,8,4945,0,80
1809,339,2,899,8,4953,0,80
1810,339,2,900,9,4962,0,90
1811,339,2,901,8,4970,0,80
1812,339,2,902,3,4973,0,30
1813,339,2,903,2,4975,0,20
1814,339,2,904,5,4980,0,50
1815,339,2,905,8,4988,0,80
1816,339,2,906,6,4994,0,60
1817,339,3,1,9,9,0,90
1818,339,3,2,7,16,0,70
1819,339,3,3,7,23,0,70
1820,339,3,4,6,29,0,60
1821,339,3,5,5,34,0,50
1822,339,3,6,7,41,0,70
1823,339,3,7,8,49,0,80
1824,339,3,8,9,58,0,90
1825,339,3,9,9,67,0,90
1826,339,3,10,8,75,0,80
1827,339,3,11,4,79,0,40
1828,339,3,12,8,87,0,80
1829,339,3,13,3,90,0,30
1830,339,3,14,8,98,973,80
1831,339,3,15,4,102,0,40
1832,339,3,16,5,107,0,50
1833,339,3,17,8,115,0,80
1834,339,3,18,4,119,0,40
1835,339,3,19,2,121,0,20
1836,339,3,20,8,129,0,80
1837,339,3,21,2,131,0,20
1838,339,3,22,9,140,0,90
1839,339,3,23,4,144,0,40
1840,339,3,24,9,153,0,90
1841,339,3,25,6,159,0,60
1842,339,3,26,7,166,0,70
1843,339,3,27,5,171,0,50
1844,339,3,28,9,180,841,90
1845,339,3,29,9,189,0,90
1846,339,3,30,7,196,0,70
1847,339,3,31,7,203,0,70
1848,339,3,32,5,208,0,50
1849,339,3,33,4,212,327,40
1850,339,3,34,7,219,69,70
1851,339,3,35,7,226,0,70
1852,339,3,36,6,232,0,60
1853,339,3,37,2,234,0,20
1854,339,3,38,6,240,0,60
1855,339,3,39,7,247,0,70
1856,339,3,40,5,252,0,50
1857,339,3,41,2,254,0,20
1858,339,3,42,5,259,363,50
1859,339,3,43,6,265,0,60
1860,339,3,44,9,274,145,90
1861,339,3,45,5,279,0,50
1862,339,3,46,9,288,0,90
1863,339,3,47,7,295,0,70
1864,339,3,48,6,301,0,60
1865,339,3,49,5,306,0,50
1866,339,3,50,3,309,0,30
1867,339,3,51,6,315,0,60
1868,339,3,52,9,324,0,90
1869,339,3,53,7,331,0,70
1870,339,3,54,4,335,0,40
1871,339,3,55,2,337,0,20
1872,339,3,56,4,341,0,40
1873,339,3,57,7,348,0,70
1874,339,3,58,3,351,0,30
1875,339,3,59,8,359,0,80
1876,339,3,60,6,365,0,60
1877,339,3,61,8,373,0,80
1878,339,3,62,6,379,0,60
1879,339,3,63,4,383,0,40
1880,339,3,64,5,388,0,50
1881,339,3,65,9,397,0,90
1882,339,3,66,6,403,0,60
1883,339,3,67,4,407,0,40
1884,339,3,68,2,409,0,20
1885,339,3,69,6,415,0,60
1886,339,3,70,7,422,0,70
1887,339,3,71,9,431,0,90
1888,339,3,72,2,433,1566,20
1889,339,3,73,7,440,0,70
1890,339,3,74,7,447,0,70
1891,339,3,75,5,452,0,50
1892,339,3,76,8,460,0,80
1893,339,3,77,8,468,0,80
1894,339,3,78,6,474,0,60
1895,339,3,79,6,480,0,60
1896,339,3,80,4,484,0,40
1897,339,3,81,9,493,0,90
1898,339,3,82,9,502,0,90
1899,339,3,83,7,509,0,70
1900,339,3,84,2,511,0,20
1901,339,3,85,2,513,0,20
1902,339,3,86,7,520,0,70
1903,339,3,87,2,522,0,20
1904,339,3,88,6,528,0,60
1905,339,3,89,2,530,0,20
1906,339,3,90,2,532,0,20
1907,339,3,91,9,541,0,90
1908,339,3,92,2,543,0,20
1909,339,3,93,7,550,0,70
1910,339,3,94,5,555,0,50
1911,339,3,95,2,557,0,20
1912,339,3,96,7,564,0,70
1913,339,3,97,8,572,1417,80
1914,339,3,98,6,578,0,60
1915,339,3,99,2,580,83,20
1916,339,3,100,4,584,0,40
1917,339,3,101,2,586,0,20
1918,339,3,102,5,591,0,50
1919,339,3,103,2,593,0,20
1920,339,3,104,8,601,0,80
1921,339,3,105,4,605,0,40
1922,339,3,106,3,608,0,30
1923,339,3,107,7,615,0,70
1924,339,3,108,9,624,437,90
1925,339,3,109,7,631,67,70
1926,339,3,110,2,633,0,20
1927,339,3,111,2,635,31,20
1928,339,3,112,5,640,0,50
1929,339,3,113,3,643,0,30
1930,339,3,114,6,649,0,60
1931,339,3,115,4,653,0,40
1932,339,3,116,2,655,0,20
1933,339,3,117,2,657,195,20
1934,339,3,118,6,663,0,60
1935,339,3,119,5,668,0,50
1936,339,3,120,8,676,0,80
1937,339,3,121,6,682,0,60
1938,339,3,122,4,686,0,40
1939,339,3,123,2,688,0,20
1940,339,3,124,3,691,0,30
1941,339,3,125,5,696,0,50
1942,339,3,126,2,698,0,20
1943,339,3,127,2,700,0,20
1944,339,3,128,4,704,0,40
1945,339,3,129,9,713,0,90
1946,339,3,130,3,716,0,30
1947,339,3,131,6,722,0,60
1948,339,3,132,2,724,0,20
1949,339,3,133,3,727,0,30
1950,339,3,134,4,731,0,40
1951,339,3,135,5,736,789,50
1952,339,3,136,4,740,0,40
1953,339,3,137,3,743,0,30
1954,339,3,138,6,749,0,60
1955,339,3,139,7,756,0,70
1956,339,3,140,6,762,262,60
1957,339,3,141,4,766,0,40
1958,339,3,142,9,775,0,90
1959,339,3,143,9,784,0,90
1960,339,3,144,8,792,0,80
1961,339,3,145,5,797,0,50
1962,339,3,146,2,799,0,20
1963,339,3,147,3,802,0,30
1964,339,3,148,9,811,0,90
1965,339,3,149,8,819,553,80
1966,339,3,150,7,826,0,70
1967,339,3,151,4,830,0,40
1968,339,3,152,8,838,180,80
1969,339,3,153,2,840,0,20
1970,339,3,154,5,845,0,50
1971,339,3,155,3,848,0,30
1972,339,3,156,7,855,0,70
1973,339,3,157,9,864,0,90
1974,339,3,158,4,868,0,40
1975,339,3,159,7,875,0,70
1976,339,3,160,5,880,0,50
1977,339,3,161,9,889,0,90
1978,339,3,162,4,893,0,40
1979,339,3,163,6,899,0,60
1980,339,3,164,9,908,0,90
1981,339,3,165,8,916,0,80
1982,339,3,166,8,924,0,80
1983,339,3,167,8,932,957,80
1984,339,3,168,3,935,0,30
1985,339,3,169,9,944,0,90
1986,339,3,170,7,951,0,70
1987,339,3,171,7,958,231,70
1988,339,3,172,8,966,0,80
1989,339,3,173,5,971,0,50
1990,339,3,174,8,979,0,80
1991,339,3,175,4,983,0,40
1992,339,3,176,5,988,0,50
1993,339,3,177,6,994,0,60
1994,339,3,178,2,996,0,20
1995,339,3,179,2,998,429,20
1996,339,3,180,3,1001,0,30
1997,339,3,181,4,1005,0,40
1998,339,3,182,5,1010,0,50
1999,339,3,183,9,1019,0,90
2000,339,3,184,5,1024,0,50
2001,339,3,185,2,1026,0,20
2002,339,3,186,3,1029,0,30
2003,339,3,187,3,1032,0,30
2004,339,3,188,2,1034,363,20
2005,339,3,189,2,1036,0,20
2006,339,3,190,3,1039,0,30
2007,339,3,191,8,1047,0,80
2008,339,3,192,9,1056,0,90
2009,339,3,193,9,1065,0,90
2010,339,3,194,6,1071,0,60
2011,339,3,195,6,1077,0,60
2012,339,3,196,3,1080,0,30
2013,339,3,197,5,1085,0,50
2014,339,3,198,7,1092,0,70
2015,339,3,199,8,1100,0,80
2016,339,3,200,4,1104,0,40
2017,339,3,201,8,1112,0,80
2018,339,3,202,7,1119,872,70
2019,339,3,203,3,1122,0,30
2020,339,3,204,9,1131,0,90
2021,339,3,205,2,1133,0,20
2022,339,3,206,5,1138,198,50
2023,339,3,207,6,1144,0,60
2024,339,3,208,9,1153,0,90
2025,339,3,209,3,1156,0,30
2026,339,3,210,2,1158,0,20
2027,339,3,211,2,1160,0,20
2028,339,3,212,2,1162,0,20
2029,339,3,213,4,1166,0,40
2030,339,3,214,3,1169,0,30
2031,339,3,215,4,1173,350,40
2032,339,3,216,8,1181,0,80
2033,339,3,217,9,1190,0,90
2034,339,3,218,5,1195,0,50
2035,339,3,219,7,1202,0,70
2036,339,3,220,3,1205,0,30
2037,339,3,221,3,1208,0,30
2038,339,3,222,6,1214,0,60
2039,339,3,223,4,1218,0,40
2040,339,3,224,2,1220,0,20
2041,339,3,225,4,1224,0,40
2042,339,3,226,6,1230,0,60
2043,339,3,227,8,1238,707,80
2044,339,3,228,5,1243,0,50
2045,339,3,229,4,1247,0,40
2046,339,3,230,2,1249,0,20
2047,339,3,231,4,1253,0,40
2048,339,3,232,2,1255,0,20
2049,339,3,233,7,1262,0,70
2050,339,3,234,9,1271,0,90
2051,339,3,235,2,1273,0,20
2052,339,3,236,4,1277,0,40
2053,339,3,237,4,1281,0,40
2054,339,3,238,9,1290,523,90
2055,339,3,239,3,1293,0,30
2056,339,3,240,5,1298,0,50
2057,339,3,241,8,1306,0,80
2058,339,3,242,7,1313,0,70
2059,339,3,243,5,1318,0,50
2060,339,3,244,9,1327,0,90
2061,339,3,245,5,1332,0,50
2062,339,3,246,5,1337,0,50
2063,339,3,247,3,1340,0,30
2064,339,3,248,2,1342,0,20
2065,339,3,249,9,1351,0,90
2066,339,3,250,8,1359,0,80
2067,339,3,251,7,1366,0,70
2068,339,3,252,8,1374,0,80
2069,339,3,253,2,1376,0,20
2070,339,3,254,5,1381,0,50
2071,339,3,255,2,1383,0,20
2072,339,3,256,8,1391,0,80
2073,339,3,257,4,1395,1039,40
2074,339,3,258,3,1398,0,30
2075,339,3,259,6,1404,0,60
2076,339,3,260,7,1411,0,70
2077,339,3,261,9,1420,0,90
2078,339,3,262,6,1426,0,60
2079,339,3,263,7,1433,0,70
2080,339,3,264,8,1441,0,80
2081,339,3,265,2,1443,0,20
2082,339,3,266,6,1449,0,60
2083,339,3,267,3,1452,0,30
2084,339,3,268,9,1461,0,90
2085,339,3,269,2,1463,0,20
2086,339,3,270,3,1466,0,30
2087,339,3,271,3,1469,793,30
2088,339,3,272,5,1474,0,50
2089,339,3,273,7,1481,0,70
2090,339,3,274,2,1483,0,20
2091,339,3,275,4,1487,0,40
2092,339,3,276,9,1496,0,90
2093,339,3,277,3,1499,0,30
2094,339,3,278,9,1508,0,90
2095,339,3,279,5,1513,0,50
2096,339,3,280,8,1521,0,80
2097,339,3,281,7,1528,0,70
2098,339,3,282,5,1533,0,50
2099,339,3,283,4,1537,0,40
2100,339,3,284,8,1545,0,80
2101,339,3,285,9,1554,0,90
2102,339,3,286,8,1562,0,80
2103,339,3,287,3,1565,0,30
2104,339,3,288,5,1570,0,50
2105,339,3,289,2,1572,1018,20
2106,339,3,290,3,1575,0,30
2107,339,3,291,2,1577,0,20
2108,339,3,292,4,1581,0,40
2109,339,3,293,5,1586,154,50
2110,339,3,294,6,1592,0,60
2111,339,3,295,5,1597,0,50
2112,339,3,296,5,1602,0,50
2113,339,3,297,6,1608,0,60
2114,339,3,298,6,1614,0,60
2115,339,3,299,9,1623,0,90
2116,339,3,300,2,1625,0,20
2117,339,3,301,7,1632,0,70
2118,339,3,302,5,1637,0,50
2119,339,3,303,9,1646,0,90
2120,339,3,304,8,1654,0,80
2121,339,3,305,7,1661,0,70
2122,339,3,306,8,1669,0,80
2123,339,3,307,8,1677,0,80
2124,339,3,308,9,1686,0,90
2125,339,3,309,5,1691,1057,50
2126,339,3,310,5,1696,0,50
2127,339,3,311,9,1705,142,90
2128,339,3,312,2,1707,0,20
2129,339,3,313,7,1714,0,70
2130,339,3,314,7,1721,0,70
2131,339,3,315,7,1728,0,70
2132,339,3,316,9,1737,0,90
2133,339,3,317,4,1741,0,40
2134,339,3,318,6,1747,0,60
2135,339,3,319,9,1756,0,90
2136,339,3,320,8,1764,0,80
2137,339,3,321,4,1768,0,40
2138,339,3,322,5,1773,0,50
2139,339,3,323,5,1778,0,50
2140,339,3,324,3,1781,772,30
2141,339,3,325,6,1787,74,60
2142,339,3,326,5,1792,0,50
2143,339,3,327,3,1795,0,30
2144,339,3,328,4,1799,119,40
2145,339,3,329,2,1801,22,20
2146,339,3,330,7,1808,0,70
2147,339,3,331,8,1816,0,80
2148,339,3,332,2,1818,0,20
2149,339,3,333,2,1820,0,20
2150,339,3,334,4,1824,0,40
2151,339,3,335,7,1831,0,70
2152,339,3,336,8,1839,0,80
2153,339,3,337,8,1847,0,80
2154,339,3,338,3,1850,0,30
2155,339,3,339,8,1858,0,80
2156,339,3,340,5,1863,607,50
2157,339,3,341,2,1865,29,20
2158,339,3,342,4,1869,0,40
2159,339,3,343,2,1871,0,20
2160,339,3,344,8,1879,0,80
2161,339,3,345,8,1887,0,80
2162,339,3,346,5,1892,0,50
2163,339,3,347,6,1898,0,60
2164,339,3,348,9,1907,0,90
2165,339,3,349,3,1910,0,30
2166,339,3,350,4,1914,0,40
2167,339,3,351,3,1917,492,30
2168,339,3,352,4,1921,0,40
2169,339,3,353,8,1929,0,80
2170,339,3,354,4,1933,0,40
2171,339,3,355,7,1940,0,70
2172,339,3,356,4,1944,0,40
2173,339,3,357,9,1953,0,90
2174,339,3,358,3,1956,0,30
2175,339,3,359,2,1958,0,20
2176,339,3,360,2,1960,0,20
2177,339,3,361,5,1965,0,50
2178,339,3,362,6,1971,0,60
2179,339,3,363,8,1979,0,80
2180,339,3,364,8,1987,0,80
2181,339,3,365,3,1990,0,30
2182,339,3,366,9,1999,0,90
2183,339,3,367,6,2005,0,60
2184,339,3,368,5,2010,0,50
2185,339,3,369,7,2017,0,70
2186,339,3,370,2,2019,0,20
2187,339,3,371,6,2025,0,60
2188,339,3,372,8,2033,0,80
2189,339,3,373,7,2040,1204,70
2190,339,3,374,6,2046,0,60
2191,339,3,375,4,2050,0,40
2192,339,3,376,5,2055,0,50
2193,339,3,377,7,2062,0,70
2194,339,3,378,4,2066,0,40
2195,339,3,379,9,2075,0,90
2196,339,3,380,4,2079,0,40
2197,339,3,381,9,2088,0,90
2198,339,3,382,8,2096,0,80
2199,339,3,383,2,2098,0,20
2200,339,3,384,5,2103,0,50
2201,339,3,385,3,2106,0,30
2202,339,3,386,4,2110,0,40
2203,339,3,387,2,2112,0,20
2204,339,3,388,7,2119,0,70
2205,339,3,389,9,2128,859,90
2206,339,3,390,3,2131,0,30
2207,339,3,391,3,2134,0,30
2208,339,3,392,8,2142,0,80
2209,339,3,393,3,2145,0,30
2210,339,3,394,5,2150,0,50
2211,339,3,395,6,2156,0,60
2212,339,3,396,8,2164,0,80
2213,339,3,397,9,2173,0,90
2214,339,3,398,6,2179,0,60
2215,339,3,399,6,2185,0,60
2216,339,3,400,8,2193,0,80
2217,339,3,401,6,2199,742,60
2218,339,3,402,7,2206,0,70
2219,339,3,403,9,2215,0,90
2220,339,3,404,3,2218,0,30
2221,339,3,405,6,2224,0,60
2222,339,3,406,9,2233,0,90
2223,339,3,407,3,2236,0,30
2224,339,3,408,5,2241,0,50
2225,339,3,409,3,2244,0,30
2226,339,3,410,4,2248,0,40
2227,339,3,411,3,2251,0,30
2228,339,3,412,3,2254,0,30
2229,339,3,413,3,2257,0,30
2230,339,3,414,5,2262,0,50
2231,339,3,415,5,2267,0,50
2232,339,3,416,7,2274,0,70
2233,339,3,417,7,2281,0,70
2234,339,3,418,4,2285,0,40
2235,339,3,419,6,2291,0,60
2236,339,3,420,4,2295,0,40
2237,339,3,421,3,2298,0,30
2238,339,3,422,4,2302,0,40
2239,339,3,423,2,2304,0,20
2240,339,3,424,6,2310,0,60
2241,339,3,425,2,2312,0,20
2242,339,3,426,8,2320,0,80
2243,339,3,427,8,2328,0,80
2244,339,3,428,4,2332,1292,40
2245,339,3,429,6,2338,0,60
2246,339,3,430,8,2346,0,80
2247,339,3,431,3,2349,0,30
2248,339,3,432,4,2353,0,40
2249,339,3,433,3,2356,247,30
2250,339,3,434,3,2359,0,30
2251,339,3,435,6,2365,0,60
2252,339,3,436,9,2374,0,90
2253,339,3,437,2,2376,0,20
2254,339,3,438,9,2385,0,90
2255,339,3,439,3,2388,0,30
2256,339,3,440,8,2396,0,80
2257,339,3,441,8,2404,0,80
2258,339,3,442,8,2412,0,80
2259,339,3,443,4,2416,0,40
2260,339,3,444,5,2421,0,50
2261,339,3,445,2,2423,0,20
2262,339,3,446,5,2428,662,50
2263,339,3,447,7,2435,0,70
2264,339,3,448,2,2437,0,20
2265,339,3,449,9,2446,0,90
2266,339,3,450,3,2449,0,30
2267,339,3,451,9,2458,0,90
2268,339,3,452,7,2465,0,70
2269,339,3,453,7,2472,0,70
2270,339,3,454,2,2474,0,20
2271,339,3,455,6,2480,0,60
2272,339,3,456,4,2484,581,40
2273,339,3,457,8,2492,0,80
2274,339,3,458,5,2497,0,50
2275,339,3,459,3,2500,0,30
2276,339,3,460,4,2504,0,40
2277,339,3,461,8,2512,0,80
2278,339,3,462,9,2521,0,90
2279,339,3,463,3,2524,0,30
2280,339,3,464,9,2533,0,90
2281,339,3,465,3,2536,0,30
2282,339,3,466,8,2544,0,80
2283,339,3,467,3,2547,0,30
2284,339,3,468,2,2549,0,20
2285,339,3,469,7,2556,0,70
2286,339,3,470,3,2559,0,30
2287,339,3,471,4,2563,0,40
2288,339,3,472,4,2567,0,40
2289,339,3,473,2,2569,0,20
2290,339,3,474,9,2578,0,90
2291,339,3,475,4,2582,0,40
2292,339,3,476,6,2588,0,60
2293,339,3,477,4,2592,0,40
2294,339,3,478,5,2597,1191,50
2295,339,3,479,6,2603,0,60
2296,339,3,480,3,2606,0,30
2297,339,3,481,9,2615,0,90
2298,339,3,482,2,2617,0,20
2299,339,3,483,5,2622,0,50
2300,339,3,484,5,2627,0,50
2301,339,3,485,3,2630,0,30
2302,339,3,486,7,2637,0,70
2303,339,3,487,5,2642,462,50
2304,339,3,488,4,2646,0,40
2305,339,3,489,7,2653,0,70
2306,339,3,490,7,2660,0,70
2307,339,3,491,8,2668,0,80
2308,339,3,492,5,2673,0,50
2309,339,3,493,8,2681,0,80
2310,339,3,494,5,2686,0,50
2311,339,3,495,9,2695,512,90
2312,339,3,496,3,2698,0,30
2313,339,3,497,4,2702,0,40
2314,339,3,498,3,2705,0,30
2315,339,3,499,5,2710,0,50
2316,339,3,500,5,2715,0,50
2317,339,3,501,2,2717,0,20
2318,339,3,502,9,2726,0,90
2319,339,3,503,6,2732,0,60
2320,339,3,504,9,2741,0,90
2321,339,3,505,9,2750,0,90
2322,339,3,506,5,2755,0,50
2323,339,3,507,4,2759,0,40
2324,339,3,508,9,2768,0,90
2325,339,3,509,3,2771,749,30
2326,339,3,510,4,2775,0,40
2327,339,3,511,4,2779,0,40
2328,339,3,512,6,2785,0,60
2329,339,3,513,2,2787,0,20
2330,339,3,514,7,2794,0,70
2331,339,3,515,3,2797,0,30
2332,339,3,516,7,2804,0,70
2333,339,3,517,2,2806,0,20
2334,339,3,518,4,2810,0,40
2335,339,3,519,6,2816,0,60
2336,339,3,520,7,2823,0,70
2337,339,3,521,4,2827,0,40
2338,339,3,522,5,2832,0,50
2339,339,3,523,9,2841,0,90
2340,339,3,524,8,2849,0,80
2341,339,3,525,3,2852,0,30
2342,339,3,526,8,2860,0,80
2343,339,3,527,2,2862,0,20
2344,339,3,528,8,2870,0,80
2345,339,3,529,3,2873,0,30
2346,339,3,530,7,2880,994,70
2347,339,3,531,7,2887,0,70
2348,339,3,532,6,2893,0,60
2349,339,3,533,6,2899,0,60
2350,339,3,534,8,2907,0,80
2351,339,3,535,4,2911,0,40
2352,339,3,536,2,2913,0,20
2353,339,3,537,5,2918,0,50
2354,339,3,538,9,2927,0,90
2355,339,3,539,6,2933,0,60
2356,339,3,540,9,2942,0,90
2357,339,3,541,4,2946,0,40
2358,339,3,542,9,2955,0,90
2359,339,3,543,9,2964,0,90
2360,339,3,544,4,2968,892,40
2361,339,3,545,8,2976,0,80
2362,339,3,546,5,2981,0,50
2363,339,3,547,6,2987,0,60
2364,339,3,548,9,2996,0,90
2365,339,3,549,8,3004,0,80
2366,339,3,550,3,3007,407,30
2367,339,3,551,6,3013,0,60
2368,339,3,552,4,3017,0,40
2369,339,3,553,7,3024,0,70
2370,339,3,554,5,3029,0,50
2371,339,3,555,9,3038,0,90
2372,339,3,556,9,3047,0,90
2373,339,3,557,2,3049,0,20
2374,339,3,558,7,3056,0,70
2375,339,3,559,6,3062,0,60
2376,339,3,560,4,3066,0,40
2377,339,3,561,2,3068,0,20
2378,339,3,562,2,3070,0,20
2379,339,3,563,7,3077,0,70
2380,339,3,564,5,3082,0,50
2381,339,3,565,9,3091,0,90
2382,339,3,566,5,3096,0,50
2383,339,3,567,2,3098,0,20
2384,339,3,568,2,3100,0,20
2385,339,3,569,8,3108,0,80
2386,339,3,570,2,3110,0,20
2387,339,3,571,2,3112,0,20
2388,339,3,572,5,3117,0,50
2389,339,3,573,6,3123,0,60
2390,339,3,574,4,3127,0,40
2391,339,3,575,3,3130,0,30
2392,339,3,576,4,3134,0,40
2393,339,3,577,9,3143,0,90
2394,339,3,578,8,3151,0,80
2395,339,3,579,3,3154,0,30
2396,339,3,580,6,3160,0,60
2397,339,3,581,2,3162,1550,20
2398,339,3,582,5,3167,48,50
2399,339,3,583,2,3169,0,20
2400,339,3,584,2,3171,0,20
2401,339,3,585,2,3173,0,20
2402,339,3,586,2,3175,0,20
2403,339,3,587,4,3179,0,40
2404,339,3,588,4,3183,0,40
2405,339,3,589,9,3192,0,90
2406,339,3,590,3,3195,0,30
2407,339,3,591,8,3203,0,80
2408,339,3,592,7,3210,0,70
2409,339,3,593,4,3214,0,40
2410,339,3,594,7,3221,0,70
2411,339,3,595,3,3224,0,30
2412,339,3,596,8,3232,0,80
2413,339,3,597,9,3241,0,90
2414,339,3,598,3,3244,0,30
2415,339,3,599,4,3248,0,40
2416,339,3,600,8,3256,887,80
2417,339,3,601,7,3263,0,70
2418,339,3,602,6,3269,0,60
2419,339,3,603,5,3274,0,50
2420,339,3,604,2,3276,0,20
2421,339,3,605,7,3283,0,70
2422,339,3,606,4,3287,0,40
2423,339,3,607,7,3294,0,70
2424,339,3,608,3,3297,0,30
2425,339,3,609,3,3300,411,30
2426,339,3,610,8,3308,0,80
2427,339,3,611,5,3313,0,50
2428,339,3,612,5,3318,0,50
2429,339,3,613,2,3320,0,20
2430,339,3,614,7,3327,0,70
2431,339,3,615,8,3335,0,80
2432,339,3,616,2,3337,0,20
2433,339,3,617,4,3341,0,40
2434,339,3,618,3,3344,0,30
2435,339,3,619,2,3346,0,20
2436,339,3,620,7,3353,0,70
2437,339,3,621,3,3356,0,30
2438,339,3,622,8,3364,0,80
2439,339,3,623,6,3370,0,60
2440,339,3,624,8,3378,0,80
2441,339,3,625,4,3382,0,40
2442,339,3,626,8,3390,890,80
2443,339,3,627,2,3392,0,20
2444,339,3,628,6,3398,0,60
2445,339,3,629,9,3407,0,90
2446,339,3,630,6,3413,0,60
2447,339,3,631,6,3419,0,60
2448,339,3,632,6,3425,0,60
2449,339,3,633,4,3429,0,40
2450,339,3,634,2,3431,0,20
2451,339,3,635,7,3438,0,70
2452,339,3,636,2,3440,0,20
2453,339,3,637,5,3445,0,50
2454,339,3,638,5,3450,0,50
2455,339,3,639,7,3457,0,70
2456,339,3,640,8,3465,0,80
2457,339,3,641,8,3473,0,80
2458,339,3,642,6,3479,0,60
2459,339,3,643,5,3484,0,50
2460,339,3,644,5,3489,0,50
2461,339,3,645,6,3495,0,60
2462,339,3,646,5,3500,0,50
2463,339,3,647,6,3506,0,60
2464,339,3,648,5,3511,0,50
2465,339,3,649,6,3517,0,60
2466,339,3,650,4,3521,0,40
2467,339,3,651,8,3529,0,80
2468,339,3,652,6,3535,0,60
2469,339,3,653,9,3544,0,90
2470,339,3,654,7,3551,0,70
2471,339,3,655,8,3559,0,80
2472,339,3,656,9,3568,0,90
2473,339,3,657,2,3570,0,20
2474,339,3,658,5,3575,1786,50
2475,339,3,659,8,3583,91,80
2476,339,3,660,4,3587,0,40
2477,339,3,661,7,3594,0,70
2478,339,3,662,9,3603,0,90
2479,339,3,663,7,3610,0,70
2480,339,3,664,7,3617,0,70
2481,339,3,665,8,3625,0,80
2482,339,3,666,7,3632,0,70
2483,339,3,667,7,3639,0,70
2484,339,3,668,6,3645,0,60
2485,339,3,669,2,3647,0,20
2486,339,3,670,2,3649,0,20
2487,339,3,671,4,3653,0,40
2488,339,3,672,5,3658,0,50
2489,339,3,673,5,3663,811,50
2490,339,3,674,4,3667,0,40
2491,339,3,675,6,3673,0,60
2492,339,3,676,3,3676,0,30
2493,339,3,677,2,3678,0,20
2494,339,3,678,9,3687,0,90
2495,339,3,679,2,3689,267,20
2496,339,3,680,7,3696,0,70
2497,339,3,681,7,3703,0,70
2498,339,3,682,9,3712,0,90
2499,339,3,683,7,3719,272,70
2500,339,3,684,7,3726,0,70
2501,339,3,685,7,3733,126,70
2502,339,3,686,3,3736,0,30
2503,339,3,687,2,3738,0,20
2504,339,3,688,3,3741,0,30
2505,339,3,689,4,3745,0,40
2506,339,3,690,9,3754,0,90
2507,339,3,691,8,3762,0,80
2508,339,3,692,5,3767,0,50
2509,339,3,693,8,3775,0,80
2510,339,3,694,4,3779,0,40
2511,339,3,695,2,3781,0,20
2512,339,3,696,8,3789,0,80
2513,339,3,697,2,3791,0,20
2514,339,3,698,4,3795,0,40
2515,339,3,699,9,3804,0,90
2516,339,3,700,4,3808,0,40
2517,339,3,701,6,3814,0,60
2518,339,3,702,6,3820,0,60
2519,339,3,703,2,3822,0,20
2520,339,3,704,4,3826,0,40
2521,339,3,705,8,3834,0,80
2522,339,3,706,4,3838,0,40
2523,339,3,707,8,3846,0,80
2524,339,3,708,7,3853,0,70
2525,339,3,709,2,3855,0,20
2526,339,3,710,6,3861,0,60
2527,339,3,711,7,3868,0,70
2528,339,3,712,8,3876,0,80
2529,339,3,713,5,3881,0,50
2530,339,3,714,7,3888,0,70
2531,339,3,715,7,3895,0,70
2532,339,3,716,6,3901,0,60
2533,339,3,717,6,3907,0,60
2534,339,3,718,5,3912,0,50
2535,339,3,719,2,3914,1859,20
2536,339,3,720,3,3917,35,30
2537,339,3,721,6,3923,0,60
2538,339,3,722,4,3927,0,40
2539,339,3,723,3,3930,0,30
2540,339,3,724,6,3936,0,60
2541,339,3,725,8,3944,0,80
2542,339,3,726,5,3949,0,50
2543,339,3,727,7,3956,0,70
2544,339,3,728,4,3960,0,40
2545,339,3,729,6,3966,0,60
2546,339,3,730,7,3973,0,70
2547,339,3,731,2,3975,0,20
2548,339,3,732,5,3980,0,50
2549,339,3,733,2,3982,0,20
2550,339,3,734,6,3988,0,60
2551,339,3,735,5,3993,0,50
2552,339,3,736,8,4001,0,80
2553,339,3,737,3,4004,0,30
2554,339,3,738,9,4013,0,90
2555,339,3,739,9,4022,0,90
2556,339,3,740,7,4029,0,70
2557,339,3,741,8,4037,0,80
2558,339,3,742,8,4045,0,80
2559,339,3,743,7,4052,0,70
2560,339,3,744,7,4059,0,70
2561,339,3,745,8,4067,0,80
2562,339,3,746,7,4074,0,70
2563,339,3,747,2,4076,0,20
2564,339,3,748,9,4085,0,90
2565,339,3,749,9,4094,0,90
2566,339,3,750,9,4103,0,90
2567,339,3,751,9,4112,0,90
2568,339,3,752,3,4115,0,30
2569,339,3,753,4,4119,0,40
2570,339,3,754,6,4125,0,60
2571,339,3,755,8,4133,0,80
2572,339,3,756,4,4137,0,40
2573,339,3,757,7,4144,0,70
2574,339,3,758,4,4148,2399,40
2575,339,3,759,8,4156,82,80
2576,339,3,760,4,4160,0,40
2577,339,3,761,2,4162,0,20
2578,339,3,762,7,4169,143,70
2579,339,3,763,9,4178,0,90
2580,339,3,764,4,4182,0,40
2581,339,3,765,5,4187,0,50
2582,339,3,766,4,4191,0,40
2583,339,3,767,9,4200,0,90
2584,339,3,768,3,4203,0,30
2585,339,3,769,8,4211,0,80
2586,339,3,770,9,4220,0,90
2587,339,3,771,5,4225,542,50
2588,339,3,772,5,4230,0,50
2589,339,3,773,6,4236,0,60
2590,339,3,774,2,4238,0,20
2591,339,3,775,9,4247,0,90
2592,339,3,776,7,4254,0,70
2593,339,3,777,9,4263,0,90
2594,339,3,778,9,4272,0,90
2595,339,3,779,4,4276,0,40
2596,339,3,780,8,4284,0,80
2597,339,3,781,8,4292,0,80
2598,339,3,782,5,4297,0,50
2599,339,3,783,5,4302,0,50
2600,339,3,784,5,4307,0,50
2601,339,3,785,5,4312,0,50
2602,339,3,786,6,4318,0,60
2603,339,3,787,5,4323,0,50
2604,339,3,788,9,4332,0,90
2605,339,3,789,7,4339,0,70
2606,339,3,790,8,4347,0,80
2607,339,3,791,4,4351,0,40
2608,339,3,792,5,4356,0,50
2609,339,3,793,8,4364,0,80
2610,339,3,794,7,4371,0,70
2611,339,3,795,9,4380,0,90
2612,339,3,796,3,4383,0,30
2613,339,3,797,6,4389,0,60
2614,339,3,798,6,4395,0,60
2615,339,3,799,6,4401,0,60
2616,339,3,800,4,4405,0,40
2617,339,3,801,8,4413,0,80
2618,339,3,802,4,4417,0,40
2619,339,3,803,2,4419,0,20
2620,339,3,804,5,4424,0,50
2621,339,3,805,7,4431,0,70
2622,339,3,806,4,4435,0,40
2623,339,3,807,4,4439,0,40
2624,339,3,808,3,4442,0,30
2625,339,3,809,9,4451,0,90
2626,339,3,810,8,4459,0,80
2627,339,3,811,7,4466,0,70
2628,339,3,812,6,4472,0,60
2629,339,3,813,7,4479,0,70
2630,339,3,814,9,4488,0,90
2631,339,3,815,4,4492,0,40
2632,339,3,816,4,4496,0,40
2633,339,3,817,8,4504,0,80
2634,339,3,818,2,4506,0,20
2635,339,3,819,2,4508,0,20
2636,339,3,820,4,4512,0,40
2637,339,3,821,7,4519,2941,70
2638,339,3,822,9,4528,0,90
2639,339,3,823,4,4532,0,40
2640,339,3,824,8,4540,0,80
2641,339,3,825,3,4543,0,30
2642,339,3,826,2,4545,0,20
2643,339,3,827,6,4551,0,60
2644,339,3,828,5,4556,0,50
2645,339,3,829,3,4559,0,30
2646,339,3,830,2,4561,0,20
2647,339,3,831,9,4570,512,90
2648,339,3,832,3,4573,0,30
2649,339,3,833,3,4576,0,30
2650,339,3,834,6,4582,0,60
2651,339,3,835,4,4586,0,40
2652,339,3,836,6,4592,0,60
2653,339,3,837,8,4600,0,80
2654,339,3,838,9,4609,391,90
2655,339,3,839,5,4614,0,50
2656,339,3,840,6,4620,105,60
2657,339,3,841,6,4626,0,60
2658,339,3,842,3,4629,84,30
2659,339,3,843,4,4633,0,40
2660,339,3,844,6,4639,0,60
2661,339,3,845,6,4645,0,60
2662,339,3,846,5,4650,0,50
2663,339,3,847,9,4659,295,90
2664,339,3,848,7,4666,0,70
2665,339,3,849,3,4669,0,30
2666,339,3,850,9,4678,0,90
2667,339,3,851,9,4687,0,90
2668,339,3,852,8,4695,0,80
2669,339,3,853,6,4701,441,60
2670,339,3,854,2,4703,0,20
2671,339,3,855,5,4708,0,50
2672,339,3,856,4,4712,0,40
2673,339,3,857,7,4719,0,70
2674,339,3,858,8,4727,239,80
2675,339,3,859,6,4733,0,60
2676,339,3,860,7,4740,0,70
2677,339,3,861,7,4747,0,70
2678,339,3,862,4,4751,226,40
2679,339,3,863,9,4760,0,90
2680,339,3,864,5,4765,0,50
2681,339,3,865,7,4772,0,70
2682,339,3,866,4,4776,212,40
2683,339,3,867,9,4785,86,90
2684,339,3,868,9,4794,0,90
2685,339,3,869,2,4796,0,20
2686,339,3,870,4,4800,178,40
2687,339,3,871,2,4802,0,20
2688,339,3,872,3,4805,0,30
2689,339,3,873,4,4809,0,40
2690,339,3,874,5,4814,0,50
2691,339,3,875,5,4819,0,50
2692,339,3,876,6,4825,0,60
2693,339,3,877,6,4831,291,60
2694,339,3,878,2,4833,0,20
2695,339,3,879,8,4841,0,80
2696,339,3,880,2,4843,0,20
2697,339,3,881,8,4851,0,80
2698,339,3,882,6,4857,0,60
2699,339,3,883,6,4863,0,60
2700,339,3,884,6,4869,0,60
2701,339,3,885,4,4873,0,40
2702,339,3,886,5,4878,0,50
2703,339,3,887,2,4880,0,20
2704,339,3,888,6,4886,0,60
2705,339,3,889,7,4893,0,70
2706,339,3,890,5,4898,0,50
2707,339,3,891,2,4900,0,20
2708,339,3,892,2,4902,0,20
2709,339,3,893,5,4907,0,50
2710,339,3,894,7,4914,0,70
2711,339,3,895,7,4921,840,70
2712,339,3,896,9,4930,0,90
2713,339,3,897,9,4939,0,90
2714,339,3,898,6,4945,0,60
2715,339,3,899,5,4950,306,50
2716,339,3,900,6,4956,0,60
2717,339,3,901,8,4964,0,80
2718,339,3,902,5,4969,192,50
2719,339,3,903,2,4971,0,20
2720,339,3,904,7,4978,0,70
2721,339,3,905,3,4981,0,30
2722,339,3,906,8,4989,0,80
2723,339,3,907,7,4996,0,70
