,Scenario,Trial,Inspection,Interval,Time,Defects,Rate
0,316,1,1,5,5,0,50
1,316,1,2,4,9,0,40
2,316,1,3,6,15,0,60
3,316,1,4,7,22,0,70
4,316,1,5,8,30,0,80
5,316,1,6,2,32,0,20
6,316,1,7,6,38,0,60
7,316,1,8,2,40,0,20
8,316,1,9,5,45,0,50
9,316,1,10,9,54,0,90
10,316,1,11,5,59,0,50
11,316,1,12,8,67,0,80
12,316,1,13,3,70,0,30
13,316,1,14,6,76,0,60
14,316,1,15,8,84,802,80
15,316,1,16,2,86,0,20
16,316,1,17,9,95,0,90
17,316,1,18,2,97,0,20
18,316,1,19,6,103,169,60
19,316,1,20,7,110,0,70
20,316,1,21,3,113,0,30
21,316,1,22,7,120,0,70
22,316,1,23,9,129,247,90
23,316,1,24,9,138,0,90
24,316,1,25,4,142,0,40
25,316,1,26,4,146,161,40
26,316,1,27,4,150,0,40
27,316,1,28,9,159,0,90
28,316,1,29,7,166,0,70
29,316,1,30,2,168,0,20
30,316,1,31,2,170,0,20
31,316,1,32,6,176,0,60
32,316,1,33,6,182,0,60
33,316,1,34,2,184,0,20
34,316,1,35,6,190,0,60
35,316,1,36,3,193,0,30
36,316,1,37,7,200,0,70
37,316,1,38,7,207,0,70
38,316,1,39,8,215,0,80
39,316,1,40,5,220,0,50
40,316,1,41,2,222,0,20
41,316,1,42,2,224,0,20
42,316,1,43,2,226,841,20
43,316,1,44,2,228,0,20
44,316,1,45,2,230,0,20
45,316,1,46,3,233,0,30
46,316,1,47,7,240,0,70
47,316,1,48,8,248,0,80
48,316,1,49,2,250,0,20
49,316,1,50,3,253,0,30
50,316,1,51,8,261,0,80
51,316,1,52,5,266,0,50
52,316,1,53,6,272,0,60
53,316,1,54,7,279,0,70
54,316,1,55,7,286,608,70
55,316,1,56,8,294,0,80
56,316,1,57,6,300,133,60
57,316,1,58,9,309,0,90
58,316,1,59,9,318,0,90
59,316,1,60,9,327,0,90
60,316,1,61,5,332,0,50
61,316,1,62,7,339,0,70
62,316,1,63,4,343,0,40
63,316,1,64,3,346,0,30
64,316,1,65,5,351,0,50
65,316,1,66,9,360,0,90
66,316,1,67,8,368,0,80
67,316,1,68,8,376,0,80
68,316,1,69,2,378,0,20
69,316,1,70,9,387,0,90
70,316,1,71,2,389,905,20
71,316,1,72,8,397,0,80
72,316,1,73,3,400,0,30
73,316,1,74,3,403,0,30
74,316,1,75,8,411,0,80
75,316,1,76,7,418,0,70
76,316,1,77,5,423,0,50
77,316,1,78,6,429,0,60
78,316,1,79,4,433,0,40
79,316,1,80,7,440,0,70
80,316,1,81,2,442,533,20
81,316,1,82,7,449,0,70
82,316,1,83,4,453,101,40
83,316,1,84,2,455,0,20
84,316,1,85,3,458,0,30
85,316,1,86,5,463,0,50
86,316,1,87,7,470,0,70
87,316,1,88,4,474,0,40
88,316,1,89,5,479,0,50
89,316,1,90,4,483,0,40
90,316,1,91,5,488,0,50
91,316,1,92,7,495,428,70
92,316,1,93,8,503,0,80
93,316,1,94,4,507,0,40
94,316,1,95,6,513,174,60
95,316,1,96,5,518,0,50
96,316,1,97,2,520,0,20
97,316,1,98,9,529,0,90
98,316,1,99,4,533,0,40
99,316,1,100,4,537,257,40
100,316,1,101,9,546,0,90
101,316,1,102,6,552,0,60
102,316,1,103,7,559,216,70
103,316,1,104,6,565,0,60
104,316,1,105,8,573,0,80
105,316,1,106,6,579,0,60
106,316,1,107,9,588,0,90
107,316,1,108,5,593,0,50
108,316,1,109,4,597,0,40
109,316,1,110,3,600,0,30
110,316,1,111,8,608,0,80
111,316,1,112,5,613,0,50
112,316,1,113,2,615,545,20
113,316,1,114,5,620,0,50
114,316,1,115,5,625,0,50
115,316,1,116,5,630,0,50
116,316,1,117,7,637,247,70
117,316,1,118,2,639,0,20
118,316,1,119,9,648,0,90
119,316,1,120,8,656,0,80
120,316,1,121,2,658,0,20
121,316,1,122,3,661,0,30
122,316,1,123,7,668,0,70
123,316,1,124,7,675,0,70
124,316,1,125,7,682,0,70
125,316,1,126,6,688,495,60
126,316,1,127,9,697,0,90
127,316,1,128,2,699,0,20
128,316,1,129,2,701,124,20
129,316,1,130,2,703,0,20
130,316,1,131,6,709,82,60
131,316,1,132,6,715,0,60
132,316,1,133,5,720,0,50
133,316,1,134,8,728,0,80
134,316,1,135,4,732,0,40
135,316,1,136,3,735,0,30
136,316,1,137,5,740,0,50
137,316,1,138,7,747,0,70
138,316,1,139,5,752,0,50
139,316,1,140,9,761,499,90
140,316,1,141,8,769,0,80
141,316,1,142,9,778,0,90
142,316,1,143,9,787,0,90
143,316,1,144,5,792,0,50
144,316,1,145,4,796,0,40
145,316,1,146,6,802,0,60
146,316,1,147,9,811,0,90
147,316,1,148,6,817,0,60
148,316,1,149,4,821,0,40
149,316,1,150,3,824,0,30
150,316,1,151,4,828,0,40
151,316,1,152,7,835,0,70
152,316,1,153,3,838,0,30
153,316,1,154,4,842,0,40
154,316,1,155,3,845,0,30
155,316,1,156,9,854,0,90
156,316,1,157,5,859,0,50
157,316,1,158,4,863,0,40
158,316,1,159,7,870,1065,70
159,316,1,160,8,878,0,80
160,316,1,161,6,884,0,60
161,316,1,162,2,886,0,20
162,316,1,163,5,891,0,50
163,316,1,164,4,895,0,40
164,316,1,165,4,899,0,40
165,316,1,166,3,902,0,30
166,316,1,167,5,907,0,50
167,316,1,168,4,911,0,40
168,316,1,169,5,916,0,50
169,316,1,170,3,919,0,30
170,316,1,171,2,921,0,20
171,316,1,172,9,930,0,90
172,316,1,173,4,934,0,40
173,316,1,174,9,943,0,90
174,316,1,175,4,947,0,40
175,316,1,176,8,955,0,80
176,316,1,177,7,962,0,70
177,316,1,178,3,965,0,30
178,316,1,179,8,973,0,80
179,316,1,180,5,978,0,50
180,316,1,181,5,983,0,50
181,316,1,182,7,990,1180,70
182,316,1,183,3,993,0,30
183,316,1,184,2,995,0,20
184,316,1,185,2,997,0,20
185,316,1,186,7,1004,0,70
186,316,1,187,6,1010,0,60
187,316,1,188,3,1013,0,30
188,316,1,189,4,1017,0,40
189,316,1,190,9,1026,0,90
190,316,1,191,4,1030,0,40
191,316,1,192,9,1039,493,90
192,316,1,193,8,1047,0,80
193,316,1,194,4,1051,0,40
194,316,1,195,7,1058,0,70
195,316,1,196,5,1063,0,50
196,316,1,197,6,1069,0,60
197,316,1,198,3,1072,318,30
198,316,1,199,3,1075,0,30
199,316,1,200,9,1084,0,90
200,316,1,201,3,1087,0,30
201,316,1,202,2,1089,0,20
202,316,1,203,6,1095,0,60
203,316,1,204,8,1103,0,80
204,316,1,205,3,1106,0,30
205,316,1,206,4,1110,0,40
206,316,1,207,9,1119,0,90
207,316,1,208,7,1126,0,70
208,316,1,209,8,1134,0,80
209,316,1,210,3,1137,692,30
210,316,1,211,4,1141,0,40
211,316,1,212,6,1147,0,60
212,316,1,213,4,1151,0,40
213,316,1,214,8,1159,191,80
214,316,1,215,5,1164,0,50
215,316,1,216,4,1168,84,40
216,316,1,217,8,1176,83,80
217,316,1,218,8,1184,0,80
218,316,1,219,3,1187,0,30
219,316,1,220,2,1189,0,20
220,316,1,221,4,1193,0,40
221,316,1,222,9,1202,0,90
222,316,1,223,9,1211,0,90
223,316,1,224,3,1214,0,30
224,316,1,225,4,1218,0,40
225,316,1,226,2,1220,0,20
226,316,1,227,9,1229,0,90
227,316,1,228,4,1233,0,40
228,316,1,229,2,1235,0,20
229,316,1,230,2,1237,657,20
230,316,1,231,8,1245,82,80
231,316,1,232,3,1248,0,30
232,316,1,233,5,1253,0,50
233,316,1,234,7,1260,140,70
234,316,1,235,4,1264,47,40
235,316,1,236,8,1272,66,80
236,316,1,237,5,1277,0,50
237,316,1,238,4,1281,0,40
238,316,1,239,9,1290,0,90
239,316,1,240,9,1299,0,90
240,316,1,241,7,1306,335,70
241,316,1,242,4,1310,0,40
242,316,1,243,8,1318,0,80
243,316,1,244,7,1325,0,70
244,316,1,245,4,1329,0,40
245,316,1,246,7,1336,0,70
246,316,1,247,7,1343,0,70
247,316,1,248,4,1347,442,40
248,316,1,249,7,1354,61,70
249,316,1,250,9,1363,93,90
250,316,1,251,6,1369,0,60
251,316,1,252,9,1378,0,90
252,316,1,253,9,1387,0,90
253,316,1,254,9,1396,0,90
254,316,1,255,6,1402,0,60
255,316,1,256,8,1410,0,80
256,316,1,257,9,1419,0,90
257,316,1,258,9,1428,0,90
258,316,1,259,6,1434,0,60
259,316,1,260,7,1441,0,70
260,316,1,261,2,1443,0,20
261,316,1,262,8,1451,0,80
262,316,1,263,3,1454,0,30
263,316,1,264,6,1460,0,60
264,316,1,265,9,1469,0,90
265,316,1,266,9,1478,0,90
266,316,1,267,3,1481,0,30
267,316,1,268,2,1483,0,20
268,316,1,269,8,1491,1308,80
269,316,1,270,7,1498,0,70
270,316,1,271,6,1504,0,60
271,316,1,272,5,1509,0,50
272,316,1,273,4,1513,0,40
273,316,1,274,4,1517,0,40
274,316,1,275,9,1526,0,90
275,316,1,276,5,1531,0,50
276,316,1,277,9,1540,0,90
277,316,1,278,3,1543,0,30
278,316,1,279,2,1545,0,20
279,316,1,280,4,1549,584,40
280,316,1,281,3,1552,0,30
281,316,1,282,3,1555,0,30
282,316,1,283,9,1564,0,90
283,316,1,284,2,1566,0,20
284,316,1,285,8,1574,0,80
285,316,1,286,9,1583,0,90
286,316,1,287,5,1588,0,50
287,316,1,288,9,1597,0,90
288,316,1,289,3,1600,0,30
289,316,1,290,8,1608,0,80
290,316,1,291,9,1617,0,90
291,316,1,292,3,1620,678,30
292,316,1,293,4,1624,0,40
293,316,1,294,3,1627,0,30
294,316,1,295,6,1633,0,60
295,316,1,296,3,1636,0,30
296,316,1,297,9,1645,0,90
297,316,1,298,9,1654,0,90
298,316,1,299,5,1659,352,50
299,316,1,300,3,1662,0,30
300,316,1,301,6,1668,0,60
301,316,1,302,9,1677,0,90
302,316,1,303,3,1680,0,30
303,316,1,304,3,1683,0,30
304,316,1,305,2,1685,261,20
305,316,1,306,4,1689,35,40
306,316,1,307,8,1697,0,80
307,316,1,308,4,1701,0,40
308,316,1,309,9,1710,0,90
309,316,1,310,3,1713,0,30
310,316,1,311,9,1722,0,90
311,316,1,312,5,1727,407,50
312,316,1,313,4,1731,43,40
313,316,1,314,7,1738,0,70
314,316,1,315,2,1740,0,20
315,316,1,316,2,1742,0,20
316,316,1,317,9,1751,0,90
317,316,1,318,7,1758,0,70
318,316,1,319,4,1762,0,40
319,316,1,320,7,1769,0,70
320,316,1,321,9,1778,0,90
321,316,1,322,7,1785,0,70
322,316,1,323,5,1790,0,50
323,316,1,324,3,1793,0,30
324,316,1,325,3,1796,0,30
325,316,1,326,8,1804,0,80
326,316,1,327,2,1806,0,20
327,316,1,328,4,1810,808,40
328,316,1,329,9,1819,0,90
329,316,1,330,2,1821,0,20
330,316,1,331,3,1824,0,30
331,316,1,332,7,1831,0,70
332,316,1,333,3,1834,0,30
333,316,1,334,6,1840,0,60
334,316,1,335,5,1845,0,50
335,316,1,336,7,1852,0,70
336,316,1,337,8,1860,0,80
337,316,1,338,2,1862,0,20
338,316,1,339,4,1866,0,40
339,316,1,340,8,1874,0,80
340,316,1,341,8,1882,0,80
341,316,1,342,6,1888,0,60
342,316,1,343,9,1897,0,90
343,316,1,344,8,1905,0,80
344,316,1,345,5,1910,0,50
345,316,1,346,8,1918,1067,80
346,316,1,347,6,1924,0,60
347,316,1,348,8,1932,0,80
348,316,1,349,7,1939,0,70
349,316,1,350,5,1944,0,50
350,316,1,351,3,1947,0,30
351,316,1,352,6,1953,0,60
352,316,1,353,9,1962,0,90
353,316,1,354,4,1966,0,40
354,316,1,355,5,1971,0,50
355,316,1,356,9,1980,0,90
356,316,1,357,7,1987,0,70
357,316,1,358,5,1992,0,50
358,316,1,359,9,2001,0,90
359,316,1,360,2,2003,0,20
360,316,1,361,3,2006,0,30
361,316,1,362,9,2015,0,90
362,316,1,363,2,2017,0,20
363,316,1,364,9,2026,1093,90
364,316,1,365,9,2035,0,90
365,316,1,366,5,2040,0,50
366,316,1,367,8,2048,214,80
367,316,1,368,6,2054,0,60
368,316,1,369,2,2056,0,20
369,316,1,370,5,2061,149,50
370,316,1,371,5,2066,0,50
371,316,1,372,3,2069,0,30
372,316,1,373,5,2074,0,50
373,316,1,374,3,2077,0,30
374,316,1,375,6,2083,0,60
375,316,1,376,2,2085,0,20
376,316,1,377,2,2087,0,20
377,316,1,378,4,2091,0,40
378,316,1,379,9,2100,0,90
379,316,1,380,7,2107,0,70
380,316,1,381,8,2115,0,80
381,316,1,382,3,2118,0,30
382,316,1,383,7,2125,0,70
383,316,1,384,2,2127,656,20
384,316,1,385,3,2130,0,30
385,316,1,386,2,2132,0,20
386,316,1,387,3,2135,0,30
387,316,1,388,2,2137,0,20
388,316,1,389,2,2139,0,20
389,316,1,390,3,2142,0,30
390,316,1,391,3,2145,0,30
391,316,1,392,4,2149,0,40
392,316,1,393,5,2154,0,50
393,316,1,394,7,2161,0,70
394,316,1,395,7,2168,0,70
395,316,1,396,5,2173,0,50
396,316,1,397,7,2180,0,70
397,316,1,398,6,2186,0,60
398,316,1,399,8,2194,0,80
399,316,1,400,3,2197,681,30
400,316,1,401,6,2203,0,60
401,316,1,402,3,2206,99,30
402,316,1,403,8,2214,65,80
403,316,1,404,5,2219,0,50
404,316,1,405,9,2228,0,90
405,316,1,406,4,2232,0,40
406,316,1,407,2,2234,0,20
407,316,1,408,2,2236,0,20
408,316,1,409,9,2245,302,90
409,316,1,410,5,2250,43,50
410,316,1,411,3,2253,0,30
411,316,1,412,8,2261,0,80
412,316,1,413,8,2269,175,80
413,316,1,414,4,2273,0,40
414,316,1,415,3,2276,0,30
415,316,1,416,6,2282,0,60
416,316,1,417,6,2288,0,60
417,316,1,418,7,2295,0,70
418,316,1,419,8,2303,0,80
419,316,1,420,6,2309,0,60
420,316,1,421,3,2312,0,30
421,316,1,422,9,2321,0,90
422,316,1,423,3,2324,0,30
423,316,1,424,9,2333,0,90
424,316,1,425,9,2342,0,90
425,316,1,426,9,2351,0,90
426,316,1,427,3,2354,0,30
427,316,1,428,5,2359,857,50
428,316,1,429,9,2368,0,90
429,316,1,430,6,2374,147,60
430,316,1,431,5,2379,0,50
431,316,1,432,2,2381,0,20
432,316,1,433,8,2389,0,80
433,316,1,434,2,2391,0,20
434,316,1,435,9,2400,0,90
435,316,1,436,6,2406,0,60
436,316,1,437,8,2414,0,80
437,316,1,438,8,2422,0,80
438,316,1,439,7,2429,0,70
439,316,1,440,9,2438,0,90
440,316,1,441,3,2441,0,30
441,316,1,442,4,2445,0,40
442,316,1,443,4,2449,0,40
443,316,1,444,8,2457,0,80
444,316,1,445,8,2465,0,80
445,316,1,446,5,2470,0,50
446,316,1,447,4,2474,992,40
447,316,1,448,3,2477,0,30
448,316,1,449,6,2483,0,60
449,316,1,450,6,2489,0,60
450,316,1,451,5,2494,0,50
451,316,1,452,4,2498,0,40
452,316,1,453,2,2500,0,20
453,316,1,454,6,2506,0,60
454,316,1,455,6,2512,0,60
455,316,1,456,5,2517,0,50
456,316,1,457,3,2520,0,30
457,316,1,458,9,2529,0,90
458,316,1,459,2,2531,534,20
459,316,1,460,6,2537,0,60
460,316,1,461,2,2539,0,20
461,316,1,462,8,2547,0,80
462,316,1,463,4,2551,0,40
463,316,1,464,2,2553,0,20
464,316,1,465,2,2555,0,20
465,316,1,466,5,2560,0,50
466,316,1,467,5,2565,0,50
467,316,1,468,4,2569,0,40
468,316,1,469,8,2577,470,80
469,316,1,470,2,2579,0,20
470,316,1,471,6,2585,82,60
471,316,1,472,4,2589,0,40
472,316,1,473,8,2597,0,80
473,316,1,474,6,2603,0,60
474,316,1,475,4,2607,223,40
475,316,1,476,2,2609,0,20
476,316,1,477,4,2613,70,40
477,316,1,478,6,2619,0,60
478,316,1,479,3,2622,0,30
479,316,1,480,6,2628,0,60
480,316,1,481,2,2630,0,20
481,316,1,482,8,2638,0,80
482,316,1,483,2,2640,0,20
483,316,1,484,6,2646,0,60
484,316,1,485,8,2654,0,80
485,316,1,486,5,2659,0,50
486,316,1,487,2,2661,490,20
487,316,1,488,2,2663,0,20
488,316,1,489,7,2670,99,70
489,316,1,490,9,2679,0,90
490,316,1,491,9,2688,0,90
491,316,1,492,4,2692,0,40
492,316,1,493,5,2697,0,50
493,316,1,494,9,2706,0,90
494,316,1,495,7,2713,0,70
495,316,1,496,4,2717,0,40
496,316,1,497,7,2724,0,70
497,316,1,498,9,2733,0,90
498,316,1,499,9,2742,0,90
499,316,1,500,8,2750,0,80
500,316,1,501,7,2757,0,70
501,316,1,502,9,2766,0,90
502,316,1,503,2,2768,0,20
503,316,1,504,4,2772,0,40
504,316,1,505,4,2776,0,40
505,316,1,506,2,2778,0,20
506,316,1,507,7,2785,0,70
507,316,1,508,5,2790,0,50
508,316,1,509,5,2795,0,50
509,316,1,510,5,2800,0,50
510,316,1,511,4,2804,0,40
511,316,1,512,8,2812,0,80
512,316,1,513,7,2819,0,70
513,316,1,514,4,2823,0,40
514,316,1,515,5,2828,0,50
515,316,1,516,3,2831,0,30
516,316,1,517,9,2840,1701,90
517,316,1,518,9,2849,0,90
518,316,1,519,3,2852,0,30
519,316,1,520,5,2857,0,50
520,316,1,521,4,2861,200,40
521,316,1,522,9,2870,88,90
522,316,1,523,4,2874,44,40
523,316,1,524,3,2877,0,30
524,316,1,525,2,2879,0,20
525,316,1,526,8,2887,120,80
526,316,1,527,7,2894,0,70
527,316,1,528,5,2899,0,50
528,316,1,529,9,2908,0,90
529,316,1,530,4,2912,0,40
530,316,1,531,4,2916,0,40
531,316,1,532,4,2920,305,40
532,316,1,533,9,2929,0,90
533,316,1,534,9,2938,0,90
534,316,1,535,2,2940,0,20
535,316,1,536,3,2943,239,30
536,316,1,537,5,2948,43,50
537,316,1,538,2,2950,0,20
538,316,1,539,7,2957,0,70
539,316,1,540,6,2963,0,60
540,316,1,541,5,2968,0,50
541,316,1,542,2,2970,0,20
542,316,1,543,4,2974,277,40
543,316,1,544,2,2976,0,20
544,316,1,545,3,2979,0,30
545,316,1,546,3,2982,79,30
546,316,1,547,9,2991,0,90
547,316,1,548,5,2996,0,50
548,316,1,549,7,3003,0,70
549,316,1,550,3,3006,0,30
550,316,1,551,2,3008,0,20
551,316,1,552,2,3010,0,20
552,316,1,553,5,3015,0,50
553,316,1,554,6,3021,0,60
554,316,1,555,9,3030,0,90
555,316,1,556,5,3035,0,50
556,316,1,557,9,3044,591,90
557,316,1,558,6,3050,0,60
558,316,1,559,2,3052,0,20
559,316,1,560,8,3060,0,80
560,316,1,561,3,3063,0,30
561,316,1,562,6,3069,0,60
562,316,1,563,2,3071,0,20
563,316,1,564,5,3076,0,50
564,316,1,565,8,3084,0,80
565,316,1,566,4,3088,0,40
566,316,1,567,4,3092,0,40
567,316,1,568,3,3095,515,30
568,316,1,569,9,3104,0,90
569,316,1,570,2,3106,0,20
570,316,1,571,9,3115,0,90
571,316,1,572,4,3119,0,40
572,316,1,573,6,3125,0,60
573,316,1,574,5,3130,0,50
574,316,1,575,4,3134,0,40
575,316,1,576,6,3140,0,60
576,316,1,577,3,3143,0,30
577,316,1,578,6,3149,0,60
578,316,1,579,7,3156,0,70
579,316,1,580,7,3163,0,70
580,316,1,581,4,3167,0,40
581,316,1,582,9,3176,0,90
582,316,1,583,5,3181,871,50
583,316,1,584,4,3185,0,40
584,316,1,585,7,3192,0,70
585,316,1,586,7,3199,166,70
586,316,1,587,6,3205,0,60
587,316,1,588,8,3213,0,80
588,316,1,589,4,3217,0,40
589,316,1,590,3,3220,0,30
590,316,1,591,5,3225,0,50
591,316,1,592,7,3232,320,70
592,316,1,593,7,3239,0,70
593,316,1,594,2,3241,0,20
594,316,1,595,7,3248,162,70
595,316,1,596,9,3257,75,90
596,316,1,597,5,3262,0,50
597,316,1,598,2,3264,0,20
598,316,1,599,8,3272,0,80
599,316,1,600,6,3278,0,60
600,316,1,601,2,3280,0,20
601,316,1,602,9,3289,0,90
602,316,1,603,8,3297,0,80
603,316,1,604,6,3303,0,60
604,316,1,605,7,3310,0,70
605,316,1,606,7,3317,593,70
606,316,1,607,4,3321,42,40
607,316,1,608,3,3324,0,30
608,316,1,609,6,3330,0,60
609,316,1,610,6,3336,0,60
610,316,1,611,8,3344,0,80
611,316,1,612,9,3353,0,90
612,316,1,613,8,3361,0,80
613,316,1,614,8,3369,0,80
614,316,1,615,7,3376,0,70
615,316,1,616,5,3381,581,50
616,316,1,617,4,3385,37,40
617,316,1,618,3,3388,0,30
618,316,1,619,4,3392,0,40
619,316,1,620,9,3401,0,90
620,316,1,621,5,3406,0,50
621,316,1,622,9,3415,0,90
622,316,1,623,5,3420,0,50
623,316,1,624,2,3422,0,20
624,316,1,625,7,3429,0,70
625,316,1,626,5,3434,0,50
626,316,1,627,9,3443,0,90
627,316,1,628,4,3447,0,40
628,316,1,629,7,3454,0,70
629,316,1,630,9,3463,0,90
630,316,1,631,2,3465,0,20
631,316,1,632,6,3471,0,60
632,316,1,633,8,3479,0,80
633,316,1,634,8,3487,0,80
634,316,1,635,4,3491,0,40
635,316,1,636,3,3494,0,30
636,316,1,637,2,3496,0,20
637,316,1,638,3,3499,0,30
638,316,1,639,6,3505,1239,60
639,316,1,640,6,3511,0,60
640,316,1,641,9,3520,0,90
641,316,1,642,8,3528,0,80
642,316,1,643,5,3533,0,50
643,316,1,644,7,3540,0,70
644,316,1,645,2,3542,381,20
645,316,1,646,3,3545,35,30
646,316,1,647,6,3551,0,60
647,316,1,648,5,3556,0,50
648,316,1,649,8,3564,0,80
649,316,1,650,6,3570,0,60
650,316,1,651,7,3577,0,70
651,316,1,652,5,3582,0,50
652,316,1,653,2,3584,0,20
653,316,1,654,5,3589,0,50
654,316,1,655,8,3597,0,80
655,316,1,656,4,3601,0,40
656,316,1,657,8,3609,0,80
657,316,1,658,6,3615,699,60
658,316,1,659,4,3619,0,40
659,316,1,660,8,3627,112,80
660,316,1,661,7,3634,0,70
661,316,1,662,7,3641,0,70
662,316,1,663,9,3650,0,90
663,316,1,664,5,3655,0,50
664,316,1,665,3,3658,0,30
665,316,1,666,8,3666,0,80
666,316,1,667,3,3669,0,30
667,316,1,668,6,3675,0,60
668,316,1,669,2,3677,527,20
669,316,1,670,5,3682,0,50
670,316,1,671,5,3687,0,50
671,316,1,672,3,3690,0,30
672,316,1,673,4,3694,0,40
673,316,1,674,4,3698,0,40
674,316,1,675,8,3706,0,80
675,316,1,676,4,3710,0,40
676,316,1,677,6,3716,0,60
677,316,1,678,6,3722,0,60
678,316,1,679,8,3730,0,80
679,316,1,680,5,3735,0,50
680,316,1,681,4,3739,0,40
681,316,1,682,2,3741,0,20
682,316,1,683,3,3744,0,30
683,316,1,684,7,3751,0,70
684,316,1,685,3,3754,0,30
685,316,1,686,6,3760,0,60
686,316,1,687,2,3762,0,20
687,316,1,688,4,3766,0,40
688,316,1,689,2,3768,0,20
689,316,1,690,7,3775,0,70
690,316,1,691,5,3780,0,50
691,316,1,692,8,3788,0,80
692,316,1,693,8,3796,0,80
693,316,1,694,4,3800,0,40
694,316,1,695,7,3807,0,70
695,316,1,696,6,3813,0,60
696,316,1,697,6,3819,0,60
697,316,1,698,9,3828,0,90
698,316,1,699,5,3833,0,50
699,316,1,700,6,3839,0,60
700,316,1,701,8,3847,0,80
701,316,1,702,2,3849,0,20
702,316,1,703,7,3856,0,70
703,316,1,704,8,3864,0,80
704,316,1,705,3,3867,0,30
705,316,1,706,8,3875,0,80
706,316,1,707,8,3883,0,80
707,316,1,708,7,3890,0,70
708,316,1,709,5,3895,0,50
709,316,1,710,2,3897,0,20
710,316,1,711,5,3902,0,50
711,316,1,712,6,3908,0,60
712,316,1,713,5,3913,0,50
713,316,1,714,4,3917,0,40
714,316,1,715,8,3925,0,80
715,316,1,716,7,3932,0,70
716,316,1,717,7,3939,0,70
717,316,1,718,3,3942,0,30
718,316,1,719,3,3945,0,30
719,316,1,720,3,3948,0,30
720,316,1,721,4,3952,0,40
721,316,1,722,5,3957,0,50
722,316,1,723,6,3963,2824,60
723,316,1,724,3,3966,0,30
724,316,1,725,7,3973,0,70
725,316,1,726,9,3982,0,90
726,316,1,727,3,3985,0,30
727,316,1,728,5,3990,0,50
728,316,1,729,2,3992,0,20
729,316,1,730,9,4001,0,90
730,316,1,731,7,4008,0,70
731,316,1,732,7,4015,0,70
732,316,1,733,9,4024,0,90
733,316,1,734,3,4027,627,30
734,316,1,735,9,4036,0,90
735,316,1,736,4,4040,0,40
736,316,1,737,8,4048,0,80
737,316,1,738,8,4056,0,80
738,316,1,739,7,4063,0,70
739,316,1,740,2,4065,0,20
740,316,1,741,2,4067,0,20
741,316,1,742,9,4076,0,90
742,316,1,743,2,4078,0,20
743,316,1,744,7,4085,0,70
744,316,1,745,8,4093,621,80
745,316,1,746,7,4100,73,70
746,316,1,747,5,4105,54,50
747,316,1,748,6,4111,0,60
748,316,1,749,2,4113,0,20
749,316,1,750,3,4116,0,30
750,316,1,751,2,4118,0,20
751,316,1,752,5,4123,0,50
752,316,1,753,2,4125,0,20
753,316,1,754,3,4128,0,30
754,316,1,755,7,4135,0,70
755,316,1,756,8,4143,0,80
756,316,1,757,2,4145,408,20
757,316,1,758,5,4150,0,50
758,316,1,759,3,4153,0,30
759,316,1,760,8,4161,0,80
760,316,1,761,6,4167,0,60
761,316,1,762,7,4174,0,70
762,316,1,763,6,4180,0,60
763,316,1,764,4,4184,0,40
764,316,1,765,6,4190,0,60
765,316,1,766,8,4198,0,80
766,316,1,767,9,4207,0,90
767,316,1,768,4,4211,0,40
768,316,1,769,6,4217,0,60
769,316,1,770,8,4225,0,80
770,316,1,771,4,4229,0,40
771,316,1,772,5,4234,0,50
772,316,1,773,5,4239,944,50
773,316,1,774,3,4242,0,30
774,316,1,775,9,4251,0,90
775,316,1,776,2,4253,0,20
776,316,1,777,6,4259,0,60
777,316,1,778,2,4261,0,20
778,316,1,779,6,4267,0,60
779,316,1,780,9,4276,0,90
780,316,1,781,7,4283,0,70
781,316,1,782,4,4287,0,40
782,316,1,783,7,4294,0,70
783,316,1,784,4,4298,0,40
784,316,1,785,5,4303,0,50
785,316,1,786,5,4308,0,50
786,316,1,787,7,4315,0,70
787,316,1,788,9,4324,0,90
788,316,1,789,7,4331,0,70
789,316,1,790,9,4340,0,90
790,316,1,791,4,4344,0,40
791,316,1,792,9,4353,0,90
792,316,1,793,6,4359,0,60
793,316,1,794,4,4363,0,40
794,316,1,795,4,4367,0,40
795,316,1,796,9,4376,0,90
796,316,1,797,7,4383,0,70
797,316,1,798,8,4391,0,80
798,316,1,799,5,4396,0,50
799,316,1,800,4,4400,0,40
800,316,1,801,8,4408,0,80
801,316,1,802,2,4410,0,20
802,316,1,803,7,4417,0,70
803,316,1,804,3,4420,0,30
804,316,1,805,9,4429,0,90
805,316,1,806,4,4433,0,40
806,316,1,807,4,4437,0,40
807,316,1,808,4,4441,0,40
808,316,1,809,2,4443,0,20
809,316,1,810,4,4447,0,40
810,316,1,811,4,4451,0,40
811,316,1,812,5,4456,2188,50
812,316,1,813,5,4461,0,50
813,316,1,814,9,4470,135,90
814,316,1,815,2,4472,0,20
815,316,1,816,9,4481,0,90
816,316,1,817,9,4490,0,90
817,316,1,818,7,4497,0,70
818,316,1,819,9,4506,0,90
819,316,1,820,2,4508,0,20
820,316,1,821,8,4516,0,80
821,316,1,822,6,4522,0,60
822,316,1,823,8,4530,0,80
823,316,1,824,7,4537,0,70
824,316,1,825,2,4539,0,20
825,316,1,826,6,4545,0,60
826,316,1,827,2,4547,736,20
827,316,1,828,6,4553,0,60
828,316,1,829,4,4557,0,40
829,316,1,830,5,4562,161,50
830,316,1,831,7,4569,0,70
831,316,1,832,7,4576,0,70
832,316,1,833,8,4584,0,80
833,316,1,834,9,4593,0,90
834,316,1,835,2,4595,0,20
835,316,1,836,2,4597,0,20
836,316,1,837,3,4600,0,30
837,316,1,838,3,4603,0,30
838,316,1,839,6,4609,0,60
839,316,1,840,5,4614,0,50
840,316,1,841,6,4620,570,60
841,316,1,842,4,4624,0,40
842,316,1,843,9,4633,0,90
843,316,1,844,7,4640,0,70
844,316,1,845,9,4649,0,90
845,316,1,846,5,4654,0,50
846,316,1,847,2,4656,0,20
847,316,1,848,7,4663,0,70
848,316,1,849,2,4665,0,20
849,316,1,850,3,4668,489,30
850,316,1,851,6,4674,0,60
851,316,1,852,9,4683,0,90
852,316,1,853,2,4685,0,20
853,316,1,854,7,4692,0,70
854,316,1,855,7,4699,0,70
855,316,1,856,6,4705,0,60
856,316,1,857,4,4709,0,40
857,316,1,858,2,4711,0,20
858,316,1,859,5,4716,484,50
859,316,1,860,7,4723,0,70
860,316,1,861,5,4728,0,50
861,316,1,862,7,4735,0,70
862,316,1,863,5,4740,0,50
863,316,1,864,8,4748,0,80
864,316,1,865,3,4751,0,30
865,316,1,866,6,4757,390,60
866,316,1,867,2,4759,0,20
867,316,1,868,7,4766,0,70
868,316,1,869,8,4774,0,80
869,316,1,870,5,4779,0,50
870,316,1,871,7,4786,289,70
871,316,1,872,6,4792,59,60
872,316,1,873,4,4796,0,40
873,316,1,874,9,4805,0,90
874,316,1,875,4,4809,0,40
875,316,1,876,8,4817,0,80
876,316,1,877,2,4819,0,20
877,316,1,878,7,4826,0,70
878,316,1,879,6,4832,0,60
879,316,1,880,6,4838,0,60
880,316,1,881,8,4846,0,80
881,316,1,882,5,4851,0,50
882,316,1,883,7,4858,0,70
883,316,1,884,8,4866,0,80
884,316,1,885,7,4873,821,70
885,316,1,886,2,4875,0,20
886,316,1,887,8,4883,0,80
887,316,1,888,6,4889,0,60
888,316,1,889,9,4898,0,90
889,316,1,890,2,4900,262,20
890,316,1,891,3,4903,0,30
891,316,1,892,2,4905,0,20
892,316,1,893,7,4912,0,70
893,316,1,894,3,4915,0,30
894,316,1,895,6,4921,0,60
895,316,1,896,5,4926,0,50
896,316,1,897,4,4930,0,40
897,316,1,898,5,4935,0,50
898,316,1,899,2,4937,0,20
899,316,1,900,6,4943,0,60
900,316,1,901,3,4946,0,30
901,316,1,902,7,4953,0,70
902,316,1,903,3,4956,0,30
903,316,1,904,6,4962,0,60
904,316,1,905,9,4971,0,90
905,316,1,906,4,4975,0,40
906,316,1,907,3,4978,0,30
907,316,1,908,8,4986,0,80
908,316,1,909,5,4991,0,50
909,316,1,910,3,4994,0,30
910,316,1,911,5,4999,0,50
911,316,2,1,3,3,0,30
912,316,2,2,3,6,0,30
913,316,2,3,3,9,0,30
914,316,2,4,8,17,175,80
915,316,2,5,6,23,0,60
916,316,2,6,6,29,0,60
917,316,2,7,7,36,191,70
918,316,2,8,6,42,0,60
919,316,2,9,9,51,0,90
920,316,2,10,8,59,0,80
921,316,2,11,9,68,312,90
922,316,2,12,9,77,92,90
923,316,2,13,7,84,0,70
924,316,2,14,9,93,0,90
925,316,2,15,4,97,0,40
926,316,2,16,4,101,215,40
927,316,2,17,5,106,0,50
928,316,2,18,6,112,0,60
929,316,2,19,8,120,0,80
930,316,2,20,4,124,0,40
931,316,2,21,5,129,0,50
932,316,2,22,4,133,327,40
933,316,2,23,4,137,0,40
934,316,2,24,4,141,84,40
935,316,2,25,6,147,0,60
936,316,2,26,5,152,127,50
937,316,2,27,6,158,0,60
938,316,2,28,3,161,0,30
939,316,2,29,6,167,0,60
940,316,2,30,7,174,0,70
941,316,2,31,4,178,0,40
942,316,2,32,6,184,0,60
943,316,2,33,9,193,0,90
944,316,2,34,3,196,0,30
945,316,2,35,7,203,0,70
946,316,2,36,5,208,0,50
947,316,2,37,8,216,0,80
948,316,2,38,9,225,0,90
949,316,2,39,3,228,0,30
950,316,2,40,9,237,0,90
951,316,2,41,5,242,0,50
952,316,2,42,5,247,0,50
953,316,2,43,9,256,0,90
954,316,2,44,7,263,1102,70
955,316,2,45,4,267,0,40
956,316,2,46,3,270,0,30
957,316,2,47,5,275,0,50
958,316,2,48,7,282,0,70
959,316,2,49,6,288,0,60
960,316,2,50,2,290,261,20
961,316,2,51,6,296,0,60
962,316,2,52,4,300,0,40
963,316,2,53,3,303,141,30
964,316,2,54,6,309,0,60
965,316,2,55,9,318,0,90
966,316,2,56,5,323,0,50
967,316,2,57,3,326,0,30
968,316,2,58,5,331,0,50
969,316,2,59,4,335,0,40
970,316,2,60,6,341,0,60
971,316,2,61,3,344,0,30
972,316,2,62,3,347,0,30
973,316,2,63,3,350,0,30
974,316,2,64,2,352,0,20
975,316,2,65,7,359,0,70
976,316,2,66,5,364,0,50
977,316,2,67,8,372,696,80
978,316,2,68,5,377,0,50
979,316,2,69,8,385,125,80
980,316,2,70,3,388,0,30
981,316,2,71,6,394,0,60
982,316,2,72,9,403,0,90
983,316,2,73,6,409,0,60
984,316,2,74,5,414,300,50
985,316,2,75,2,416,0,20
986,316,2,76,4,420,0,40
987,316,2,77,4,424,0,40
988,316,2,78,4,428,0,40
989,316,2,79,5,433,0,50
990,316,2,80,3,436,0,30
991,316,2,81,4,440,0,40
992,316,2,82,2,442,0,20
993,316,2,83,7,449,0,70
994,316,2,84,7,456,0,70
995,316,2,85,7,463,0,70
996,316,2,86,6,469,0,60
997,316,2,87,4,473,532,40
998,316,2,88,2,475,18,20
999,316,2,89,7,482,0,70
1000,316,2,90,4,486,0,40
1001,316,2,91,6,492,0,60
1002,316,2,92,5,497,0,50
1003,316,2,93,3,500,0,30
1004,316,2,94,3,503,0,30
1005,316,2,95,8,511,0,80
1006,316,2,96,2,513,0,20
1007,316,2,97,5,518,0,50
1008,316,2,98,4,522,0,40
1009,316,2,99,7,529,0,70
1010,316,2,100,9,538,0,90
1011,316,2,101,6,544,0,60
1012,316,2,102,7,551,0,70
1013,316,2,103,4,555,841,40
1014,316,2,104,4,559,0,40
1015,316,2,105,9,568,0,90
1016,316,2,106,8,576,0,80
1017,316,2,107,6,582,0,60
1018,316,2,108,2,584,0,20
1019,316,2,109,9,593,0,90
1020,316,2,110,2,595,0,20
1021,316,2,111,8,603,0,80
1022,316,2,112,3,606,0,30
1023,316,2,113,6,612,0,60
1024,316,2,114,8,620,0,80
1025,316,2,115,4,624,0,40
1026,316,2,116,9,633,0,90
1027,316,2,117,5,638,794,50
1028,316,2,118,7,645,0,70
1029,316,2,119,4,649,104,40
1030,316,2,120,4,653,0,40
1031,316,2,121,2,655,0,20
1032,316,2,122,9,664,0,90
1033,316,2,123,7,671,0,70
1034,316,2,124,3,674,0,30
1035,316,2,125,3,677,319,30
1036,316,2,126,5,682,0,50
1037,316,2,127,3,685,0,30
1038,316,2,128,2,687,0,20
1039,316,2,129,6,693,169,60
1040,316,2,130,6,699,69,60
1041,316,2,131,9,708,0,90
1042,316,2,132,6,714,134,60
1043,316,2,133,4,718,0,40
1044,316,2,134,2,720,48,20
1045,316,2,135,8,728,0,80
1046,316,2,136,8,736,0,80
1047,316,2,137,6,742,0,60
1048,316,2,138,8,750,0,80
1049,316,2,139,6,756,0,60
1050,316,2,140,6,762,0,60
1051,316,2,141,6,768,0,60
1052,316,2,142,3,771,0,30
1053,316,2,143,2,773,0,20
1054,316,2,144,5,778,0,50
1055,316,2,145,8,786,0,80
1056,316,2,146,7,793,0,70
1057,316,2,147,2,795,0,20
1058,316,2,148,4,799,0,40
1059,316,2,149,8,807,0,80
1060,316,2,150,2,809,0,20
1061,316,2,151,6,815,0,60
1062,316,2,152,3,818,0,30
1063,316,2,153,2,820,0,20
1064,316,2,154,4,824,0,40
1065,316,2,155,4,828,0,40
1066,316,2,156,8,836,0,80
1067,316,2,157,4,840,0,40
1068,316,2,158,8,848,0,80
1069,316,2,159,8,856,0,80
1070,316,2,160,8,864,0,80
1071,316,2,161,9,873,0,90
1072,316,2,162,2,875,1496,20
1073,316,2,163,6,881,0,60
1074,316,2,164,7,888,108,70
1075,316,2,165,3,891,0,30
1076,316,2,166,4,895,0,40
1077,316,2,167,7,902,135,70
1078,316,2,168,4,906,39,40
1079,316,2,169,2,908,0,20
1080,316,2,170,4,912,70,40
1081,316,2,171,7,919,0,70
1082,316,2,172,2,921,88,20
1083,316,2,173,6,927,0,60
1084,316,2,174,3,930,92,30
1085,316,2,175,4,934,39,40
1086,316,2,176,3,937,37,30
1087,316,2,177,6,943,55,60
1088,316,2,178,4,947,0,40
1089,316,2,179,5,952,0,50
1090,316,2,180,5,957,0,50
1091,316,2,181,9,966,0,90
1092,316,2,182,2,968,0,20
1093,316,2,183,5,973,0,50
1094,316,2,184,6,979,0,60
1095,316,2,185,2,981,0,20
1096,316,2,186,2,983,0,20
1097,316,2,187,8,991,0,80
1098,316,2,188,9,1000,0,90
1099,316,2,189,6,1006,653,60
1100,316,2,190,9,1015,0,90
1101,316,2,191,2,1017,0,20
1102,316,2,192,6,1023,0,60
1103,316,2,193,4,1027,0,40
1104,316,2,194,6,1033,0,60
1105,316,2,195,7,1040,0,70
1106,316,2,196,4,1044,0,40
1107,316,2,197,6,1050,0,60
1108,316,2,198,5,1055,0,50
1109,316,2,199,6,1061,0,60
1110,316,2,200,9,1070,0,90
1111,316,2,201,5,1075,0,50
1112,316,2,202,8,1083,0,80
1113,316,2,203,4,1087,0,40
1114,316,2,204,3,1090,0,30
1115,316,2,205,7,1097,0,70
1116,316,2,206,7,1104,0,70
1117,316,2,207,4,1108,0,40
1118,316,2,208,2,1110,1102,20
1119,316,2,209,6,1116,0,60
1120,316,2,210,2,1118,0,20
1121,316,2,211,5,1123,0,50
1122,316,2,212,8,1131,0,80
1123,316,2,213,4,1135,0,40
1124,316,2,214,3,1138,0,30
1125,316,2,215,8,1146,0,80
1126,316,2,216,2,1148,370,20
1127,316,2,217,8,1156,0,80
1128,316,2,218,6,1162,144,60
1129,316,2,219,9,1171,0,90
1130,316,2,220,4,1175,0,40
1131,316,2,221,7,1182,0,70
1132,316,2,222,3,1185,0,30
1133,316,2,223,9,1194,308,90
1134,316,2,224,4,1198,0,40
1135,316,2,225,7,1205,0,70
1136,316,2,226,8,1213,0,80
1137,316,2,227,7,1220,0,70
1138,316,2,228,3,1223,323,30
1139,316,2,229,5,1228,0,50
1140,316,2,230,9,1237,0,90
1141,316,2,231,2,1239,0,20
1142,316,2,232,3,1242,0,30
1143,316,2,233,7,1249,0,70
1144,316,2,234,3,1252,0,30
1145,316,2,235,4,1256,0,40
1146,316,2,236,6,1262,0,60
1147,316,2,237,8,1270,472,80
1148,316,2,238,5,1275,0,50
1149,316,2,239,4,1279,0,40
1150,316,2,240,6,1285,0,60
1151,316,2,241,4,1289,0,40
1152,316,2,242,5,1294,0,50
1153,316,2,243,2,1296,0,20
1154,316,2,244,9,1305,351,90
1155,316,2,245,8,1313,0,80
1156,316,2,246,7,1320,0,70
1157,316,2,247,4,1324,0,40
1158,316,2,248,7,1331,0,70
1159,316,2,249,4,1335,0,40
1160,316,2,250,2,1337,0,20
1161,316,2,251,3,1340,0,30
1162,316,2,252,7,1347,0,70
1163,316,2,253,6,1353,0,60
1164,316,2,254,6,1359,0,60
1165,316,2,255,5,1364,0,50
1166,316,2,256,2,1366,0,20
1167,316,2,257,3,1369,0,30
1168,316,2,258,7,1376,0,70
1169,316,2,259,3,1379,0,30
1170,316,2,260,4,1383,0,40
1171,316,2,261,4,1387,0,40
1172,316,2,262,2,1389,776,20
1173,316,2,263,8,1397,0,80
1174,316,2,264,2,1399,0,20
1175,316,2,265,4,1403,141,40
1176,316,2,266,3,1406,0,30
1177,316,2,267,6,1412,85,60
1178,316,2,268,2,1414,0,20
1179,316,2,269,5,1419,0,50
1180,316,2,270,3,1422,0,30
1181,316,2,271,7,1429,0,70
1182,316,2,272,7,1436,0,70
1183,316,2,273,4,1440,0,40
1184,316,2,274,7,1447,0,70
1185,316,2,275,2,1449,0,20
1186,316,2,276,8,1457,0,80
1187,316,2,277,6,1463,501,60
1188,316,2,278,7,1470,0,70
1189,316,2,279,3,1473,0,30
1190,316,2,280,9,1482,0,90
1191,316,2,281,7,1489,0,70
1192,316,2,282,6,1495,0,60
1193,316,2,283,3,1498,0,30
1194,316,2,284,2,1500,374,20
1195,316,2,285,9,1509,0,90
1196,316,2,286,3,1512,0,30
1197,316,2,287,8,1520,0,80
1198,316,2,288,2,1522,0,20
1199,316,2,289,6,1528,0,60
1200,316,2,290,8,1536,0,80
1201,316,2,291,2,1538,0,20
1202,316,2,292,4,1542,0,40
1203,316,2,293,6,1548,0,60
1204,316,2,294,9,1557,0,90
1205,316,2,295,4,1561,0,40
1206,316,2,296,6,1567,703,60
1207,316,2,297,8,1575,0,80
1208,316,2,298,6,1581,0,60
1209,316,2,299,7,1588,0,70
1210,316,2,300,9,1597,0,90
1211,316,2,301,2,1599,0,20
1212,316,2,302,7,1606,0,70
1213,316,2,303,4,1610,391,40
1214,316,2,304,6,1616,0,60
1215,316,2,305,5,1621,0,50
1216,316,2,306,8,1629,0,80
1217,316,2,307,7,1636,0,70
1218,316,2,308,9,1645,0,90
1219,316,2,309,4,1649,0,40
1220,316,2,310,3,1652,0,30
1221,316,2,311,7,1659,0,70
1222,316,2,312,8,1667,609,80
1223,316,2,313,2,1669,0,20
1224,316,2,314,5,1674,63,50
1225,316,2,315,8,1682,0,80
1226,316,2,316,4,1686,0,40
1227,316,2,317,8,1694,0,80
1228,316,2,318,4,1698,0,40
1229,316,2,319,8,1706,0,80
1230,316,2,320,7,1713,0,70
1231,316,2,321,9,1722,0,90
1232,316,2,322,4,1726,0,40
1233,316,2,323,5,1731,0,50
1234,316,2,324,6,1737,0,60
1235,316,2,325,4,1741,681,40
1236,316,2,326,4,1745,0,40
1237,316,2,327,2,1747,0,20
1238,316,2,328,9,1756,145,90
1239,316,2,329,3,1759,25,30
1240,316,2,330,7,1766,0,70
1241,316,2,331,6,1772,0,60
1242,316,2,332,3,1775,0,30
1243,316,2,333,9,1784,0,90
1244,316,2,334,5,1789,0,50
1245,316,2,335,4,1793,336,40
1246,316,2,336,2,1795,0,20
1247,316,2,337,8,1803,0,80
1248,316,2,338,9,1812,180,90
1249,316,2,339,4,1816,0,40
1250,316,2,340,6,1822,0,60
1251,316,2,341,6,1828,0,60
1252,316,2,342,8,1836,0,80
1253,316,2,343,2,1838,0,20
1254,316,2,344,7,1845,0,70
1255,316,2,345,6,1851,0,60
1256,316,2,346,9,1860,0,90
1257,316,2,347,9,1869,522,90
1258,316,2,348,8,1877,0,80
1259,316,2,349,9,1886,0,90
1260,316,2,350,2,1888,0,20
1261,316,2,351,5,1893,214,50
1262,316,2,352,6,1899,0,60
1263,316,2,353,7,1906,0,70
1264,316,2,354,8,1914,0,80
1265,316,2,355,6,1920,0,60
1266,316,2,356,5,1925,347,50
1267,316,2,357,4,1929,0,40
1268,316,2,358,9,1938,0,90
1269,316,2,359,4,1942,0,40
1270,316,2,360,9,1951,0,90
1271,316,2,361,9,1960,0,90
1272,316,2,362,2,1962,0,20
1273,316,2,363,6,1968,422,60
1274,316,2,364,6,1974,0,60
1275,316,2,365,4,1978,0,40
1276,316,2,366,9,1987,0,90
1277,316,2,367,8,1995,284,80
1278,316,2,368,2,1997,0,20
1279,316,2,369,5,2002,0,50
1280,316,2,370,5,2007,0,50
1281,316,2,371,6,2013,0,60
1282,316,2,372,7,2020,0,70
1283,316,2,373,5,2025,0,50
1284,316,2,374,7,2032,0,70
1285,316,2,375,3,2035,0,30
1286,316,2,376,2,2037,0,20
1287,316,2,377,3,2040,0,30
1288,316,2,378,4,2044,0,40
1289,316,2,379,2,2046,0,20
1290,316,2,380,3,2049,546,30
1291,316,2,381,6,2055,0,60
1292,316,2,382,4,2059,0,40
1293,316,2,383,8,2067,0,80
1294,316,2,384,9,2076,0,90
1295,316,2,385,6,2082,289,60
1296,316,2,386,7,2089,0,70
1297,316,2,387,8,2097,0,80
1298,316,2,388,6,2103,234,60
1299,316,2,389,4,2107,0,40
1300,316,2,390,8,2115,0,80
1301,316,2,391,5,2120,161,50
1302,316,2,392,4,2124,0,40
1303,316,2,393,2,2126,0,20
1304,316,2,394,4,2130,0,40
1305,316,2,395,7,2137,0,70
1306,316,2,396,3,2140,0,30
1307,316,2,397,2,2142,0,20
1308,316,2,398,2,2144,238,20
1309,316,2,399,8,2152,0,80
1310,316,2,400,3,2155,117,30
1311,316,2,401,8,2163,0,80
1312,316,2,402,6,2169,0,60
1313,316,2,403,9,2178,0,90
1314,316,2,404,7,2185,0,70
1315,316,2,405,7,2192,0,70
1316,316,2,406,2,2194,0,20
1317,316,2,407,7,2201,479,70
1318,316,2,408,4,2205,43,40
1319,316,2,409,5,2210,0,50
1320,316,2,410,2,2212,0,20
1321,316,2,411,3,2215,0,30
1322,316,2,412,4,2219,146,40
1323,316,2,413,7,2226,0,70
1324,316,2,414,8,2234,0,80
1325,316,2,415,4,2238,0,40
1326,316,2,416,4,2242,0,40
1327,316,2,417,6,2248,0,60
1328,316,2,418,3,2251,333,30
1329,316,2,419,7,2258,72,70
1330,316,2,420,4,2262,0,40
1331,316,2,421,7,2269,117,70
1332,316,2,422,4,2273,0,40
1333,316,2,423,2,2275,0,20
1334,316,2,424,3,2278,0,30
1335,316,2,425,3,2281,0,30
1336,316,2,426,9,2290,185,90
1337,316,2,427,9,2299,74,90
1338,316,2,428,7,2306,0,70
1339,316,2,429,5,2311,112,50
1340,316,2,430,9,2320,93,90
1341,316,2,431,3,2323,0,30
1342,316,2,432,3,2326,72,30
1343,316,2,433,9,2335,0,90
1344,316,2,434,6,2341,0,60
1345,316,2,435,2,2343,165,20
1346,316,2,436,9,2352,0,90
1347,316,2,437,5,2357,0,50
1348,316,2,438,7,2364,0,70
1349,316,2,439,2,2366,207,20
1350,316,2,440,6,2372,0,60
1351,316,2,441,5,2377,125,50
1352,316,2,442,8,2385,0,80
1353,316,2,443,4,2389,0,40
1354,316,2,444,9,2398,0,90
1355,316,2,445,9,2407,0,90
1356,316,2,446,9,2416,0,90
1357,316,2,447,2,2418,0,20
1358,316,2,448,2,2420,0,20
1359,316,2,449,9,2429,534,90
1360,316,2,450,9,2438,80,90
1361,316,2,451,5,2443,0,50
1362,316,2,452,2,2445,0,20
1363,316,2,453,5,2450,97,50
1364,316,2,454,2,2452,0,20
1365,316,2,455,5,2457,0,50
1366,316,2,456,6,2463,0,60
1367,316,2,457,6,2469,0,60
1368,316,2,458,2,2471,0,20
1369,316,2,459,2,2473,0,20
1370,316,2,460,7,2480,0,70
1371,316,2,461,3,2483,0,30
1372,316,2,462,4,2487,0,40
1373,316,2,463,3,2490,0,30
1374,316,2,464,3,2493,456,30
1375,316,2,465,8,2501,0,80
1376,316,2,466,3,2504,0,30
1377,316,2,467,4,2508,0,40
1378,316,2,468,2,2510,0,20
1379,316,2,469,5,2515,224,50
1380,316,2,470,2,2517,0,20
1381,316,2,471,6,2523,79,60
1382,316,2,472,2,2525,22,20
1383,316,2,473,4,2529,0,40
1384,316,2,474,6,2535,0,60
1385,316,2,475,7,2542,0,70
1386,316,2,476,8,2550,0,80
1387,316,2,477,6,2556,0,60
1388,316,2,478,5,2561,0,50
1389,316,2,479,8,2569,0,80
1390,316,2,480,7,2576,0,70
1391,316,2,481,6,2582,0,60
1392,316,2,482,9,2591,0,90
1393,316,2,483,7,2598,0,70
1394,316,2,484,3,2601,755,30
1395,316,2,485,9,2610,0,90
1396,316,2,486,9,2619,0,90
1397,316,2,487,5,2624,0,50
1398,316,2,488,7,2631,0,70
1399,316,2,489,8,2639,0,80
1400,316,2,490,2,2641,0,20
1401,316,2,491,4,2645,0,40
1402,316,2,492,2,2647,0,20
1403,316,2,493,9,2656,0,90
1404,316,2,494,8,2664,0,80
1405,316,2,495,7,2671,0,70
1406,316,2,496,9,2680,769,90
1407,316,2,497,4,2684,0,40
1408,316,2,498,4,2688,0,40
1409,316,2,499,8,2696,0,80
1410,316,2,500,2,2698,0,20
1411,316,2,501,6,2704,0,60
1412,316,2,502,8,2712,0,80
1413,316,2,503,3,2715,0,30
1414,316,2,504,7,2722,0,70
1415,316,2,505,6,2728,0,60
1416,316,2,506,7,2735,0,70
1417,316,2,507,8,2743,0,80
1418,316,2,508,4,2747,671,40
1419,316,2,509,2,2749,21,20
1420,316,2,510,4,2753,0,40
1421,316,2,511,3,2756,0,30
1422,316,2,512,3,2759,0,30
1423,316,2,513,5,2764,0,50
1424,316,2,514,8,2772,224,80
1425,316,2,515,3,2775,0,30
1426,316,2,516,4,2779,0,40
1427,316,2,517,5,2784,0,50
1428,316,2,518,2,2786,113,20
1429,316,2,519,8,2794,0,80
1430,316,2,520,8,2802,0,80
1431,316,2,521,2,2804,198,20
1432,316,2,522,8,2812,91,80
1433,316,2,523,8,2820,0,80
1434,316,2,524,7,2827,0,70
1435,316,2,525,2,2829,0,20
1436,316,2,526,4,2833,0,40
1437,316,2,527,2,2835,0,20
1438,316,2,528,3,2838,0,30
1439,316,2,529,5,2843,0,50
1440,316,2,530,5,2848,0,50
1441,316,2,531,6,2854,431,60
1442,316,2,532,7,2861,66,70
1443,316,2,533,2,2863,0,20
1444,316,2,534,4,2867,0,40
1445,316,2,535,8,2875,0,80
1446,316,2,536,3,2878,0,30
1447,316,2,537,6,2884,0,60
1448,316,2,538,8,2892,0,80
1449,316,2,539,9,2901,0,90
1450,316,2,540,2,2903,0,20
1451,316,2,541,4,2907,0,40
1452,316,2,542,8,2915,0,80
1453,316,2,543,7,2922,577,70
1454,316,2,544,3,2925,0,30
1455,316,2,545,6,2931,0,60
1456,316,2,546,4,2935,136,40
1457,316,2,547,5,2940,0,50
1458,316,2,548,7,2947,0,70
1459,316,2,549,2,2949,0,20
1460,316,2,550,7,2956,0,70
1461,316,2,551,2,2958,0,20
1462,316,2,552,7,2965,0,70
1463,316,2,553,4,2969,338,40
1464,316,2,554,8,2977,86,80
1465,316,2,555,7,2984,0,70
1466,316,2,556,4,2988,0,40
1467,316,2,557,4,2992,0,40
1468,316,2,558,7,2999,0,70
1469,316,2,559,4,3003,0,40
1470,316,2,560,2,3005,267,20
1471,316,2,561,6,3011,0,60
1472,316,2,562,8,3019,0,80
1473,316,2,563,2,3021,0,20
1474,316,2,564,2,3023,0,20
1475,316,2,565,3,3026,214,30
1476,316,2,566,2,3028,0,20
1477,316,2,567,5,3033,0,50
1478,316,2,568,7,3040,0,70
1479,316,2,569,8,3048,0,80
1480,316,2,570,6,3054,0,60
1481,316,2,571,2,3056,0,20
1482,316,2,572,9,3065,0,90
1483,316,2,573,2,3067,0,20
1484,316,2,574,2,3069,0,20
1485,316,2,575,3,3072,0,30
1486,316,2,576,9,3081,0,90
1487,316,2,577,4,3085,0,40
1488,316,2,578,6,3091,0,60
1489,316,2,579,4,3095,0,40
1490,316,2,580,7,3102,720,70
1491,316,2,581,4,3106,0,40
1492,316,2,582,6,3112,0,60
1493,316,2,583,9,3121,0,90
1494,316,2,584,4,3125,226,40
1495,316,2,585,9,3134,0,90
1496,316,2,586,2,3136,90,20
1497,316,2,587,5,3141,0,50
1498,316,2,588,8,3149,0,80
1499,316,2,589,7,3156,0,70
1500,316,2,590,4,3160,0,40
1501,316,2,591,2,3162,0,20
1502,316,2,592,8,3170,0,80
1503,316,2,593,2,3172,0,20
1504,316,2,594,8,3180,0,80
1505,316,2,595,5,3185,0,50
1506,316,2,596,6,3191,0,60
1507,316,2,597,5,3196,0,50
1508,316,2,598,2,3198,0,20
1509,316,2,599,2,3200,613,20
1510,316,2,600,3,3203,28,30
1511,316,2,601,2,3205,0,20
1512,316,2,602,9,3214,101,90
1513,316,2,603,2,3216,19,20
1514,316,2,604,7,3223,72,70
1515,316,2,605,4,3227,0,40
1516,316,2,606,4,3231,0,40
1517,316,2,607,7,3238,0,70
1518,316,2,608,2,3240,0,20
1519,316,2,609,5,3245,0,50
1520,316,2,610,4,3249,0,40
1521,316,2,611,2,3251,0,20
1522,316,2,612,9,3260,0,90
1523,316,2,613,8,3268,0,80
1524,316,2,614,5,3273,485,50
1525,316,2,615,2,3275,0,20
1526,316,2,616,9,3284,0,90
1527,316,2,617,5,3289,0,50
1528,316,2,618,9,3298,279,90
1529,316,2,619,9,3307,0,90
1530,316,2,620,8,3315,159,80
1531,316,2,621,5,3320,0,50
1532,316,2,622,9,3329,0,90
1533,316,2,623,6,3335,0,60
1534,316,2,624,6,3341,242,60
1535,316,2,625,5,3346,0,50
1536,316,2,626,8,3354,117,80
1537,316,2,627,7,3361,0,70
1538,316,2,628,8,3369,0,80
1539,316,2,629,7,3376,210,70
1540,316,2,630,5,3381,0,50
1541,316,2,631,2,3383,0,20
1542,316,2,632,7,3390,0,70
1543,316,2,633,8,3398,0,80
1544,316,2,634,8,3406,0,80
1545,316,2,635,7,3413,382,70
1546,316,2,636,6,3419,0,60
1547,316,2,637,2,3421,0,20
1548,316,2,638,8,3429,0,80
1549,316,2,639,3,3432,0,30
1550,316,2,640,4,3436,0,40
1551,316,2,641,5,3441,0,50
1552,316,2,642,5,3446,0,50
1553,316,2,643,4,3450,0,40
1554,316,2,644,8,3458,0,80
1555,316,2,645,8,3466,0,80
1556,316,2,646,2,3468,0,20
1557,316,2,647,2,3470,0,20
1558,316,2,648,9,3479,0,90
1559,316,2,649,8,3487,0,80
1560,316,2,650,6,3493,0,60
1561,316,2,651,9,3502,876,90
1562,316,2,652,6,3508,0,60
1563,316,2,653,9,3517,0,90
1564,316,2,654,4,3521,152,40
1565,316,2,655,6,3527,0,60
1566,316,2,656,5,3532,0,50
1567,316,2,657,7,3539,168,70
1568,316,2,658,9,3548,0,90
1569,316,2,659,8,3556,0,80
1570,316,2,660,6,3562,227,60
1571,316,2,661,4,3566,0,40
1572,316,2,662,7,3573,0,70
1573,316,2,663,4,3577,0,40
1574,316,2,664,9,3586,0,90
1575,316,2,665,4,3590,0,40
1576,316,2,666,8,3598,0,80
1577,316,2,667,4,3602,0,40
1578,316,2,668,6,3608,0,60
1579,316,2,669,6,3614,474,60
1580,316,2,670,9,3623,0,90
1581,316,2,671,7,3630,184,70
1582,316,2,672,8,3638,72,80
1583,316,2,673,5,3643,0,50
1584,316,2,674,3,3646,0,30
1585,316,2,675,6,3652,125,60
1586,316,2,676,7,3659,0,70
1587,316,2,677,2,3661,0,20
1588,316,2,678,9,3670,0,90
1589,316,2,679,3,3673,0,30
1590,316,2,680,9,3682,0,90
1591,316,2,681,5,3687,0,50
1592,316,2,682,3,3690,398,30
1593,316,2,683,5,3695,0,50
1594,316,2,684,9,3704,141,90
1595,316,2,685,2,3706,0,20
1596,316,2,686,8,3714,113,80
1597,316,2,687,3,3717,0,30
1598,316,2,688,5,3722,75,50
1599,316,2,689,3,3725,0,30
1600,316,2,690,7,3732,0,70
1601,316,2,691,6,3738,0,60
1602,316,2,692,4,3742,0,40
1603,316,2,693,8,3750,0,80
1604,316,2,694,2,3752,0,20
1605,316,2,695,7,3759,0,70
1606,316,2,696,5,3764,0,50
1607,316,2,697,9,3773,0,90
1608,316,2,698,5,3778,0,50
1609,316,2,699,3,3781,0,30
1610,316,2,700,9,3790,0,90
1611,316,2,701,7,3797,712,70
1612,316,2,702,9,3806,0,90
1613,316,2,703,3,3809,0,30
1614,316,2,704,7,3816,0,70
1615,316,2,705,3,3819,0,30
1616,316,2,706,9,3828,0,90
1617,316,2,707,7,3835,0,70
1618,316,2,708,7,3842,0,70
1619,316,2,709,8,3850,0,80
1620,316,2,710,2,3852,527,20
1621,316,2,711,8,3860,0,80
1622,316,2,712,9,3869,175,90
1623,316,2,713,5,3874,0,50
1624,316,2,714,7,3881,0,70
1625,316,2,715,6,3887,0,60
1626,316,2,716,7,3894,0,70
1627,316,2,717,9,3903,0,90
1628,316,2,718,6,3909,0,60
1629,316,2,719,9,3918,0,90
1630,316,2,720,9,3927,0,90
1631,316,2,721,8,3935,0,80
1632,316,2,722,4,3939,0,40
1633,316,2,723,5,3944,0,50
1634,316,2,724,2,3946,0,20
1635,316,2,725,8,3954,0,80
1636,316,2,726,6,3960,0,60
1637,316,2,727,7,3967,0,70
1638,316,2,728,4,3971,0,40
1639,316,2,729,8,3979,0,80
1640,316,2,730,8,3987,0,80
1641,316,2,731,5,3992,0,50
1642,316,2,732,2,3994,0,20
1643,316,2,733,6,4000,0,60
1644,316,2,734,4,4004,0,40
1645,316,2,735,5,4009,0,50
1646,316,2,736,5,4014,0,50
1647,316,2,737,8,4022,0,80
1648,316,2,738,5,4027,1596,50
1649,316,2,739,7,4034,0,70
1650,316,2,740,2,4036,0,20
1651,316,2,741,9,4045,160,90
1652,316,2,742,8,4053,0,80
1653,316,2,743,5,4058,0,50
1654,316,2,744,4,4062,0,40
1655,316,2,745,8,4070,0,80
1656,316,2,746,2,4072,0,20
1657,316,2,747,7,4079,0,70
1658,316,2,748,8,4087,0,80
1659,316,2,749,7,4094,0,70
1660,316,2,750,9,4103,0,90
1661,316,2,751,6,4109,0,60
1662,316,2,752,8,4117,0,80
1663,316,2,753,4,4121,0,40
1664,316,2,754,7,4128,0,70
1665,316,2,755,5,4133,0,50
1666,316,2,756,2,4135,0,20
1667,316,2,757,8,4143,0,80
1668,316,2,758,4,4147,1057,40
1669,316,2,759,7,4154,0,70
1670,316,2,760,7,4161,0,70
1671,316,2,761,3,4164,0,30
1672,316,2,762,8,4172,0,80
1673,316,2,763,3,4175,0,30
1674,316,2,764,4,4179,0,40
1675,316,2,765,9,4188,0,90
1676,316,2,766,5,4193,0,50
1677,316,2,767,8,4201,0,80
1678,316,2,768,9,4210,0,90
1679,316,2,769,9,4219,0,90
1680,316,2,770,5,4224,0,50
1681,316,2,771,7,4231,843,70
1682,316,2,772,3,4234,0,30
1683,316,2,773,9,4243,0,90
1684,316,2,774,2,4245,0,20
1685,316,2,775,8,4253,0,80
1686,316,2,776,7,4260,0,70
1687,316,2,777,3,4263,0,30
1688,316,2,778,9,4272,0,90
1689,316,2,779,6,4278,0,60
1690,316,2,780,9,4287,0,90
1691,316,2,781,5,4292,0,50
1692,316,2,782,4,4296,0,40
1693,316,2,783,7,4303,0,70
1694,316,2,784,9,4312,0,90
1695,316,2,785,6,4318,0,60
1696,316,2,786,6,4324,0,60
1697,316,2,787,7,4331,0,70
1698,316,2,788,9,4340,0,90
1699,316,2,789,9,4349,0,90
1700,316,2,790,2,4351,0,20
1701,316,2,791,3,4354,0,30
1702,316,2,792,8,4362,0,80
1703,316,2,793,7,4369,0,70
1704,316,2,794,8,4377,0,80
1705,316,2,795,2,4379,0,20
1706,316,2,796,6,4385,0,60
1707,316,2,797,9,4394,0,90
1708,316,2,798,7,4401,0,70
1709,316,2,799,5,4406,1753,50
1710,316,2,800,2,4408,0,20
1711,316,2,801,9,4417,0,90
1712,316,2,802,8,4425,0,80
1713,316,2,803,9,4434,273,90
1714,316,2,804,2,4436,0,20
1715,316,2,805,2,4438,0,20
1716,316,2,806,3,4441,0,30
1717,316,2,807,9,4450,0,90
1718,316,2,808,9,4459,0,90
1719,316,2,809,5,4464,0,50
1720,316,2,810,6,4470,0,60
1721,316,2,811,3,4473,0,30
1722,316,2,812,2,4475,0,20
1723,316,2,813,2,4477,0,20
1724,316,2,814,7,4484,0,70
1725,316,2,815,3,4487,0,30
1726,316,2,816,4,4491,0,40
1727,316,2,817,8,4499,0,80
1728,316,2,818,9,4508,0,90
1729,316,2,819,5,4513,0,50
1730,316,2,820,9,4522,0,90
1731,316,2,821,5,4527,949,50
1732,316,2,822,9,4536,71,90
1733,316,2,823,4,4540,0,40
1734,316,2,824,8,4548,0,80
1735,316,2,825,4,4552,0,40
1736,316,2,826,2,4554,0,20
1737,316,2,827,2,4556,0,20
1738,316,2,828,6,4562,0,60
1739,316,2,829,5,4567,302,50
1740,316,2,830,9,4576,0,90
1741,316,2,831,3,4579,0,30
1742,316,2,832,7,4586,0,70
1743,316,2,833,6,4592,0,60
1744,316,2,834,4,4596,0,40
1745,316,2,835,3,4599,0,30
1746,316,2,836,9,4608,0,90
1747,316,2,837,7,4615,0,70
1748,316,2,838,7,4622,0,70
1749,316,2,839,6,4628,623,60
1750,316,2,840,5,4633,0,50
1751,316,2,841,6,4639,0,60
1752,316,2,842,8,4647,0,80
1753,316,2,843,3,4650,0,30
1754,316,2,844,4,4654,0,40
1755,316,2,845,4,4658,0,40
1756,316,2,846,5,4663,0,50
1757,316,2,847,4,4667,0,40
1758,316,2,848,4,4671,0,40
1759,316,2,849,9,4680,0,90
1760,316,2,850,6,4686,0,60
1761,316,2,851,2,4688,0,20
1762,316,2,852,3,4691,0,30
1763,316,2,853,5,4696,0,50
1764,316,2,854,2,4698,0,20
1765,316,2,855,6,4704,0,60
1766,316,2,856,8,4712,905,80
1767,316,2,857,4,4716,0,40
1768,316,2,858,3,4719,0,30
1769,316,2,859,7,4726,0,70
1770,316,2,860,5,4731,0,50
1771,316,2,861,4,4735,0,40
1772,316,2,862,6,4741,302,60
1773,316,2,863,9,4750,0,90
1774,316,2,864,3,4753,0,30
1775,316,2,865,4,4757,0,40
1776,316,2,866,2,4759,0,20
1777,316,2,867,3,4762,0,30
1778,316,2,868,7,4769,0,70
1779,316,2,869,4,4773,0,40
1780,316,2,870,7,4780,0,70
1781,316,2,871,5,4785,420,50
1782,316,2,872,2,4787,0,20
1783,316,2,873,9,4796,0,90
1784,316,2,874,9,4805,0,90
1785,316,2,875,7,4812,0,70
1786,316,2,876,7,4819,0,70
1787,316,2,877,3,4822,0,30
1788,316,2,878,9,4831,0,90
1789,316,2,879,7,4838,0,70
1790,316,2,880,8,4846,637,80
1791,316,2,881,7,4853,0,70
1792,316,2,882,9,4862,0,90
1793,316,2,883,8,4870,0,80
1794,316,2,884,8,4878,0,80
1795,316,2,885,3,4881,0,30
1796,316,2,886,5,4886,0,50
1797,316,2,887,8,4894,0,80
1798,316,2,888,7,4901,539,70
1799,316,2,889,9,4910,0,90
1800,316,2,890,5,4915,0,50
1801,316,2,891,4,4919,0,40
1802,316,2,892,3,4922,0,30
1803,316,2,893,7,4929,0,70
1804,316,2,894,6,4935,330,60
1805,316,2,895,3,4938,0,30
1806,316,2,896,7,4945,0,70
1807,316,2,897,4,4949,0,40
1808,316,2,898,3,4952,175,30
1809,316,2,899,7,4959,0,70
1810,316,2,900,7,4966,148,70
1811,316,2,901,5,4971,0,50
1812,316,2,902,4,4975,0,40
1813,316,2,903,4,4979,0,40
1814,316,2,904,6,4985,0,60
1815,316,2,905,6,4991,0,60
1816,316,2,906,6,4997,0,60
1817,316,3,1,8,8,91,80
1818,316,3,2,4,12,0,40
1819,316,3,3,4,16,0,40
1820,316,3,4,4,20,0,40
1821,316,3,5,7,27,0,70
1822,316,3,6,9,36,0,90
1823,316,3,7,5,41,311,50
1824,316,3,8,6,47,0,60
1825,316,3,9,4,51,0,40
1826,316,3,10,7,58,0,70
1827,316,3,11,7,65,0,70
1828,316,3,12,7,72,0,70
1829,316,3,13,9,81,0,90
1830,316,3,14,4,85,0,40
1831,316,3,15,5,90,0,50
1832,316,3,16,2,92,0,20
1833,316,3,17,9,101,0,90
1834,316,3,18,9,110,0,90
1835,316,3,19,8,118,0,80
1836,316,3,20,8,126,0,80
1837,316,3,21,5,131,0,50
1838,316,3,22,7,138,0,70
1839,316,3,23,5,143,0,50
1840,316,3,24,4,147,0,40
1841,316,3,25,5,152,0,50
1842,316,3,26,5,157,0,50
1843,316,3,27,8,165,1204,80
1844,316,3,28,4,169,0,40
1845,316,3,29,4,173,0,40
1846,316,3,30,2,175,82,20
1847,316,3,31,5,180,0,50
1848,316,3,32,7,187,0,70
1849,316,3,33,3,190,0,30
1850,316,3,34,2,192,0,20
1851,316,3,35,4,196,0,40
1852,316,3,36,2,198,0,20
1853,316,3,37,7,205,0,70
1854,316,3,38,3,208,0,30
1855,316,3,39,3,211,0,30
1856,316,3,40,2,213,0,20
1857,316,3,41,6,219,0,60
1858,316,3,42,8,227,0,80
1859,316,3,43,9,236,0,90
1860,316,3,44,6,242,0,60
1861,316,3,45,6,248,0,60
1862,316,3,46,3,251,731,30
1863,316,3,47,9,260,91,90
1864,316,3,48,6,266,0,60
1865,316,3,49,7,273,0,70
1866,316,3,50,9,282,0,90
1867,316,3,51,5,287,0,50
1868,316,3,52,2,289,292,20
1869,316,3,53,4,293,0,40
1870,316,3,54,4,297,0,40
1871,316,3,55,9,306,157,90
1872,316,3,56,4,310,0,40
1873,316,3,57,7,317,0,70
1874,316,3,58,6,323,0,60
1875,316,3,59,9,332,0,90
1876,316,3,60,6,338,0,60
1877,316,3,61,3,341,0,30
1878,316,3,62,2,343,347,20
1879,316,3,63,7,350,0,70
1880,316,3,64,8,358,0,80
1881,316,3,65,7,365,206,70
1882,316,3,66,4,369,0,40
1883,316,3,67,9,378,0,90
1884,316,3,68,4,382,0,40
1885,316,3,69,5,387,0,50
1886,316,3,70,3,390,0,30
1887,316,3,71,9,399,0,90
1888,316,3,72,8,407,428,80
1889,316,3,73,3,410,0,30
1890,316,3,74,4,414,0,40
1891,316,3,75,4,418,0,40
1892,316,3,76,2,420,0,20
1893,316,3,77,4,424,167,40
1894,316,3,78,9,433,0,90
1895,316,3,79,3,436,0,30
1896,316,3,80,8,444,0,80
1897,316,3,81,8,452,309,80
1898,316,3,82,6,458,0,60
1899,316,3,83,4,462,0,40
1900,316,3,84,2,464,0,20
1901,316,3,85,4,468,154,40
1902,316,3,86,3,471,0,30
1903,316,3,87,3,474,0,30
1904,316,3,88,2,476,0,20
1905,316,3,89,9,485,0,90
1906,316,3,90,4,489,0,40
1907,316,3,91,6,495,0,60
1908,316,3,92,8,503,0,80
1909,316,3,93,7,510,0,70
1910,316,3,94,6,516,0,60
1911,316,3,95,2,518,0,20
1912,316,3,96,4,522,0,40
1913,316,3,97,3,525,0,30
1914,316,3,98,3,528,0,30
1915,316,3,99,9,537,0,90
1916,316,3,100,4,541,0,40
1917,316,3,101,9,550,0,90
1918,316,3,102,6,556,0,60
1919,316,3,103,3,559,0,30
1920,316,3,104,6,565,0,60
1921,316,3,105,4,569,0,40
1922,316,3,106,5,574,0,50
1923,316,3,107,4,578,0,40
1924,316,3,108,4,582,0,40
1925,316,3,109,9,591,0,90
1926,316,3,110,3,594,0,30
1927,316,3,111,6,600,0,60
1928,316,3,112,4,604,1356,40
1929,316,3,113,6,610,0,60
1930,316,3,114,2,612,0,20
1931,316,3,115,9,621,0,90
1932,316,3,116,4,625,0,40
1933,316,3,117,7,632,0,70
1934,316,3,118,4,636,0,40
1935,316,3,119,5,641,0,50
1936,316,3,120,4,645,0,40
1937,316,3,121,2,647,0,20
1938,316,3,122,3,650,0,30
1939,316,3,123,2,652,0,20
1940,316,3,124,9,661,0,90
1941,316,3,125,7,668,677,70
1942,316,3,126,6,674,0,60
1943,316,3,127,3,677,0,30
1944,316,3,128,4,681,0,40
1945,316,3,129,8,689,0,80
1946,316,3,130,3,692,0,30
1947,316,3,131,5,697,0,50
1948,316,3,132,2,699,0,20
1949,316,3,133,7,706,375,70
1950,316,3,134,7,713,0,70
1951,316,3,135,9,722,0,90
1952,316,3,136,6,728,0,60
1953,316,3,137,8,736,0,80
1954,316,3,138,4,740,0,40
1955,316,3,139,4,744,0,40
1956,316,3,140,9,753,0,90
1957,316,3,141,2,755,0,20
1958,316,3,142,3,758,0,30
1959,316,3,143,3,761,0,30
1960,316,3,144,6,767,633,60
1961,316,3,145,2,769,0,20
1962,316,3,146,6,775,0,60
1963,316,3,147,6,781,0,60
1964,316,3,148,6,787,0,60
1965,316,3,149,7,794,0,70
1966,316,3,150,8,802,0,80
1967,316,3,151,2,804,0,20
1968,316,3,152,5,809,0,50
1969,316,3,153,4,813,427,40
1970,316,3,154,8,821,0,80
1971,316,3,155,9,830,0,90
1972,316,3,156,8,838,0,80
1973,316,3,157,7,845,0,70
1974,316,3,158,9,854,0,90
1975,316,3,159,8,862,460,80
1976,316,3,160,7,869,74,70
1977,316,3,161,3,872,0,30
1978,316,3,162,3,875,0,30
1979,316,3,163,4,879,0,40
1980,316,3,164,5,884,0,50
1981,316,3,165,2,886,0,20
1982,316,3,166,3,889,178,30
1983,316,3,167,2,891,19,20
1984,316,3,168,2,893,0,20
1985,316,3,169,5,898,0,50
1986,316,3,170,5,903,0,50
1987,316,3,171,8,911,0,80
1988,316,3,172,8,919,0,80
1989,316,3,173,8,927,0,80
1990,316,3,174,4,931,0,40
1991,316,3,175,8,939,0,80
1992,316,3,176,9,948,571,90
1993,316,3,177,6,954,0,60
1994,316,3,178,4,958,0,40
1995,316,3,179,7,965,0,70
1996,316,3,180,8,973,0,80
1997,316,3,181,5,978,0,50
1998,316,3,182,7,985,0,70
1999,316,3,183,7,992,430,70
2000,316,3,184,7,999,0,70
2001,316,3,185,6,1005,0,60
2002,316,3,186,5,1010,0,50
2003,316,3,187,3,1013,0,30
2004,316,3,188,6,1019,280,60
2005,316,3,189,3,1022,0,30
2006,316,3,190,4,1026,63,40
2007,316,3,191,9,1035,0,90
2008,316,3,192,9,1044,0,90
2009,316,3,193,3,1047,0,30
2010,316,3,194,4,1051,0,40
2011,316,3,195,6,1057,0,60
2012,316,3,196,2,1059,0,20
2013,316,3,197,4,1063,0,40
2014,316,3,198,8,1071,0,80
2015,316,3,199,8,1079,0,80
2016,316,3,200,2,1081,0,20
2017,316,3,201,9,1090,618,90
2018,316,3,202,8,1098,76,80
2019,316,3,203,5,1103,0,50
2020,316,3,204,2,1105,0,20
2021,316,3,205,5,1110,0,50
2022,316,3,206,3,1113,0,30
2023,316,3,207,6,1119,202,60
2024,316,3,208,4,1123,0,40
2025,316,3,209,2,1125,0,20
2026,316,3,210,3,1128,0,30
2027,316,3,211,3,1131,95,30
2028,316,3,212,9,1140,0,90
2029,316,3,213,2,1142,0,20
2030,316,3,214,6,1148,0,60
2031,316,3,215,9,1157,0,90
2032,316,3,216,8,1165,333,80
2033,316,3,217,8,1173,0,80
2034,316,3,218,8,1181,0,80
2035,316,3,219,3,1184,195,30
2036,316,3,220,7,1191,0,70
2037,316,3,221,5,1196,0,50
2038,316,3,222,6,1202,171,60
2039,316,3,223,6,1208,0,60
2040,316,3,224,9,1217,0,90
2041,316,3,225,8,1225,0,80
2042,316,3,226,6,1231,0,60
2043,316,3,227,5,1236,0,50
2044,316,3,228,9,1245,0,90
2045,316,3,229,7,1252,0,70
2046,316,3,230,9,1261,594,90
2047,316,3,231,3,1264,0,30
2048,316,3,232,7,1271,0,70
2049,316,3,233,7,1278,0,70
2050,316,3,234,7,1285,0,70
2051,316,3,235,7,1292,0,70
2052,316,3,236,9,1301,0,90
2053,316,3,237,6,1307,0,60
2054,316,3,238,3,1310,0,30
2055,316,3,239,2,1312,0,20
2056,316,3,240,9,1321,0,90
2057,316,3,241,2,1323,591,20
2058,316,3,242,2,1325,0,20
2059,316,3,243,5,1330,72,50
2060,316,3,244,7,1337,0,70
2061,316,3,245,7,1344,0,70
2062,316,3,246,7,1351,0,70
2063,316,3,247,8,1359,0,80
2064,316,3,248,3,1362,296,30
2065,316,3,249,6,1368,0,60
2066,316,3,250,6,1374,0,60
2067,316,3,251,8,1382,0,80
2068,316,3,252,2,1384,0,20
2069,316,3,253,5,1389,0,50
2070,316,3,254,7,1396,325,70
2071,316,3,255,8,1404,0,80
2072,316,3,256,2,1406,0,20
2073,316,3,257,8,1414,0,80
2074,316,3,258,7,1421,221,70
2075,316,3,259,8,1429,0,80
2076,316,3,260,5,1434,0,50
2077,316,3,261,5,1439,0,50
2078,316,3,262,4,1443,206,40
2079,316,3,263,4,1447,0,40
2080,316,3,264,7,1454,0,70
2081,316,3,265,4,1458,0,40
2082,316,3,266,6,1464,0,60
2083,316,3,267,6,1470,0,60
2084,316,3,268,4,1474,0,40
2085,316,3,269,9,1483,0,90
2086,316,3,270,2,1485,0,20
2087,316,3,271,9,1494,0,90
2088,316,3,272,7,1501,0,70
2089,316,3,273,7,1508,0,70
2090,316,3,274,6,1514,0,60
2091,316,3,275,6,1520,0,60
2092,316,3,276,4,1524,0,40
2093,316,3,277,9,1533,873,90
2094,316,3,278,2,1535,0,20
2095,316,3,279,5,1540,0,50
2096,316,3,280,7,1547,169,70
2097,316,3,281,3,1550,0,30
2098,316,3,282,3,1553,0,30
2099,316,3,283,7,1560,0,70
2100,316,3,284,8,1568,0,80
2101,316,3,285,4,1572,0,40
2102,316,3,286,5,1577,0,50
2103,316,3,287,3,1580,0,30
2104,316,3,288,3,1583,0,30
2105,316,3,289,7,1590,0,70
2106,316,3,290,6,1596,0,60
2107,316,3,291,5,1601,0,50
2108,316,3,292,6,1607,0,60
2109,316,3,293,7,1614,0,70
2110,316,3,294,6,1620,0,60
2111,316,3,295,2,1622,0,20
2112,316,3,296,8,1630,0,80
2113,316,3,297,4,1634,0,40
2114,316,3,298,7,1641,0,70
2115,316,3,299,9,1650,0,90
2116,316,3,300,7,1657,0,70
2117,316,3,301,9,1666,1145,90
2118,316,3,302,8,1674,0,80
2119,316,3,303,2,1676,0,20
2120,316,3,304,7,1683,0,70
2121,316,3,305,4,1687,205,40
2122,316,3,306,2,1689,23,20
2123,316,3,307,2,1691,0,20
2124,316,3,308,4,1695,0,40
2125,316,3,309,9,1704,0,90
2126,316,3,310,9,1713,0,90
2127,316,3,311,5,1718,0,50
2128,316,3,312,3,1721,0,30
2129,316,3,313,7,1728,0,70
2130,316,3,314,3,1731,0,30
2131,316,3,315,4,1735,0,40
2132,316,3,316,4,1739,0,40
2133,316,3,317,5,1744,0,50
2134,316,3,318,3,1747,575,30
2135,316,3,319,9,1756,0,90
2136,316,3,320,2,1758,0,20
2137,316,3,321,6,1764,171,60
2138,316,3,322,8,1772,0,80
2139,316,3,323,8,1780,0,80
2140,316,3,324,8,1788,0,80
2141,316,3,325,2,1790,0,20
2142,316,3,326,4,1794,0,40
2143,316,3,327,2,1796,0,20
2144,316,3,328,6,1802,362,60
2145,316,3,329,8,1810,0,80
2146,316,3,330,9,1819,0,90
2147,316,3,331,4,1823,0,40
2148,316,3,332,8,1831,0,80
2149,316,3,333,3,1834,0,30
2150,316,3,334,6,1840,391,60
2151,316,3,335,5,1845,0,50
2152,316,3,336,6,1851,0,60
2153,316,3,337,9,1860,0,90
2154,316,3,338,8,1868,0,80
2155,316,3,339,3,1871,0,30
2156,316,3,340,6,1877,0,60
2157,316,3,341,3,1880,0,30
2158,316,3,342,2,1882,0,20
2159,316,3,343,4,1886,0,40
2160,316,3,344,2,1888,0,20
2161,316,3,345,4,1892,513,40
2162,316,3,346,3,1895,0,30
2163,316,3,347,6,1901,105,60
2164,316,3,348,2,1903,0,20
2165,316,3,349,9,1912,102,90
2166,316,3,350,9,1921,0,90
2167,316,3,351,9,1930,0,90
2168,316,3,352,6,1936,0,60
2169,316,3,353,5,1941,0,50
2170,316,3,354,3,1944,0,30
2171,316,3,355,4,1948,0,40
2172,316,3,356,6,1954,0,60
2173,316,3,357,8,1962,483,80
2174,316,3,358,3,1965,0,30
2175,316,3,359,7,1972,0,70
2176,316,3,360,2,1974,0,20
2177,316,3,361,5,1979,0,50
2178,316,3,362,2,1981,0,20
2179,316,3,363,7,1988,0,70
2180,316,3,364,7,1995,0,70
2181,316,3,365,9,2004,0,90
2182,316,3,366,4,2008,0,40
2183,316,3,367,7,2015,474,70
2184,316,3,368,6,2021,0,60
2185,316,3,369,4,2025,0,40
2186,316,3,370,8,2033,0,80
2187,316,3,371,7,2040,261,70
2188,316,3,372,6,2046,0,60
2189,316,3,373,5,2051,0,50
2190,316,3,374,2,2053,0,20
2191,316,3,375,3,2056,0,30
2192,316,3,376,7,2063,0,70
2193,316,3,377,7,2070,0,70
2194,316,3,378,7,2077,394,70
2195,316,3,379,2,2079,0,20
2196,316,3,380,9,2088,88,90
2197,316,3,381,3,2091,0,30
2198,316,3,382,9,2100,0,90
2199,316,3,383,4,2104,0,40
2200,316,3,384,9,2113,0,90
2201,316,3,385,6,2119,0,60
2202,316,3,386,2,2121,0,20
2203,316,3,387,8,2129,0,80
2204,316,3,388,3,2132,0,30
2205,316,3,389,8,2140,0,80
2206,316,3,390,4,2144,0,40
2207,316,3,391,8,2152,0,80
2208,316,3,392,6,2158,0,60
2209,316,3,393,2,2160,783,20
2210,316,3,394,5,2165,0,50
2211,316,3,395,9,2174,0,90
2212,316,3,396,2,2176,0,20
2213,316,3,397,3,2179,0,30
2214,316,3,398,8,2187,0,80
2215,316,3,399,7,2194,0,70
2216,316,3,400,7,2201,417,70
2217,316,3,401,2,2203,0,20
2218,316,3,402,8,2211,111,80
2219,316,3,403,2,2213,0,20
2220,316,3,404,2,2215,37,20
2221,316,3,405,5,2220,48,50
2222,316,3,406,4,2224,0,40
2223,316,3,407,5,2229,0,50
2224,316,3,408,3,2232,0,30
2225,316,3,409,3,2235,0,30
2226,316,3,410,4,2239,0,40
2227,316,3,411,5,2244,0,50
2228,316,3,412,3,2247,0,30
2229,316,3,413,6,2253,0,60
2230,316,3,414,7,2260,0,70
2231,316,3,415,4,2264,0,40
2232,316,3,416,5,2269,0,50
2233,316,3,417,6,2275,0,60
2234,316,3,418,6,2281,0,60
2235,316,3,419,7,2288,0,70
2236,316,3,420,5,2293,0,50
2237,316,3,421,8,2301,0,80
2238,316,3,422,7,2308,0,70
2239,316,3,423,4,2312,0,40
2240,316,3,424,7,2319,0,70
2241,316,3,425,3,2322,0,30
2242,316,3,426,3,2325,0,30
2243,316,3,427,6,2331,0,60
2244,316,3,428,2,2333,0,20
2245,316,3,429,8,2341,1176,80
2246,316,3,430,5,2346,0,50
2247,316,3,431,2,2348,0,20
2248,316,3,432,7,2355,0,70
2249,316,3,433,8,2363,0,80
2250,316,3,434,4,2367,0,40
2251,316,3,435,8,2375,0,80
2252,316,3,436,7,2382,0,70
2253,316,3,437,3,2385,0,30
2254,316,3,438,4,2389,0,40
2255,316,3,439,7,2396,0,70
2256,316,3,440,2,2398,0,20
2257,316,3,441,5,2403,0,50
2258,316,3,442,2,2405,0,20
2259,316,3,443,7,2412,0,70
2260,316,3,444,9,2421,0,90
2261,316,3,445,5,2426,0,50
2262,316,3,446,8,2434,0,80
2263,316,3,447,6,2440,0,60
2264,316,3,448,7,2447,0,70
2265,316,3,449,2,2449,0,20
2266,316,3,450,5,2454,0,50
2267,316,3,451,9,2463,0,90
2268,316,3,452,2,2465,0,20
2269,316,3,453,6,2471,1342,60
2270,316,3,454,8,2479,0,80
2271,316,3,455,6,2485,0,60
2272,316,3,456,7,2492,0,70
2273,316,3,457,4,2496,0,40
2274,316,3,458,9,2505,0,90
2275,316,3,459,6,2511,0,60
2276,316,3,460,4,2515,455,40
2277,316,3,461,2,2517,0,20
2278,316,3,462,7,2524,0,70
2279,316,3,463,5,2529,0,50
2280,316,3,464,8,2537,0,80
2281,316,3,465,7,2544,0,70
2282,316,3,466,7,2551,0,70
2283,316,3,467,4,2555,0,40
2284,316,3,468,3,2558,0,30
2285,316,3,469,4,2562,0,40
2286,316,3,470,4,2566,0,40
2287,316,3,471,9,2575,603,90
2288,316,3,472,8,2583,0,80
2289,316,3,473,2,2585,113,20
2290,316,3,474,4,2589,0,40
2291,316,3,475,5,2594,0,50
2292,316,3,476,5,2599,0,50
2293,316,3,477,2,2601,0,20
2294,316,3,478,2,2603,0,20
2295,316,3,479,3,2606,0,30
2296,316,3,480,7,2613,0,70
2297,316,3,481,4,2617,0,40
2298,316,3,482,2,2619,0,20
2299,316,3,483,6,2625,0,60
2300,316,3,484,7,2632,474,70
2301,316,3,485,5,2637,0,50
2302,316,3,486,6,2643,0,60
2303,316,3,487,2,2645,0,20
2304,316,3,488,4,2649,0,40
2305,316,3,489,7,2656,0,70
2306,316,3,490,2,2658,0,20
2307,316,3,491,8,2666,319,80
2308,316,3,492,9,2675,0,90
2309,316,3,493,7,2682,0,70
2310,316,3,494,6,2688,209,60
2311,316,3,495,8,2696,0,80
2312,316,3,496,9,2705,0,90
2313,316,3,497,5,2710,201,50
2314,316,3,498,8,2718,0,80
2315,316,3,499,5,2723,0,50
2316,316,3,500,4,2727,0,40
2317,316,3,501,4,2731,0,40
2318,316,3,502,2,2733,0,20
2319,316,3,503,3,2736,0,30
2320,316,3,504,8,2744,0,80
2321,316,3,505,8,2752,0,80
2322,316,3,506,7,2759,479,70
2323,316,3,507,7,2766,63,70
2324,316,3,508,7,2773,0,70
2325,316,3,509,9,2782,0,90
2326,316,3,510,6,2788,0,60
2327,316,3,511,2,2790,239,20
2328,316,3,512,2,2792,0,20
2329,316,3,513,6,2798,0,60
2330,316,3,514,3,2801,0,30
2331,316,3,515,3,2804,0,30
2332,316,3,516,8,2812,0,80
2333,316,3,517,9,2821,0,90
2334,316,3,518,6,2827,0,60
2335,316,3,519,5,2832,0,50
2336,316,3,520,8,2840,0,80
2337,316,3,521,2,2842,0,20
2338,316,3,522,2,2844,0,20
2339,316,3,523,5,2849,0,50
2340,316,3,524,5,2854,0,50
2341,316,3,525,8,2862,0,80
2342,316,3,526,7,2869,0,70
2343,316,3,527,8,2877,936,80
2344,316,3,528,6,2883,0,60
2345,316,3,529,9,2892,0,90
2346,316,3,530,6,2898,0,60
2347,316,3,531,7,2905,0,70
2348,316,3,532,5,2910,0,50
2349,316,3,533,4,2914,0,40
2350,316,3,534,7,2921,0,70
2351,316,3,535,2,2923,0,20
2352,316,3,536,6,2929,0,60
2353,316,3,537,2,2931,0,20
2354,316,3,538,7,2938,0,70
2355,316,3,539,2,2940,0,20
2356,316,3,540,7,2947,0,70
2357,316,3,541,4,2951,0,40
2358,316,3,542,2,2953,0,20
2359,316,3,543,2,2955,0,20
2360,316,3,544,8,2963,0,80
2361,316,3,545,4,2967,911,40
2362,316,3,546,4,2971,0,40
2363,316,3,547,2,2973,0,20
2364,316,3,548,8,2981,0,80
2365,316,3,549,4,2985,0,40
2366,316,3,550,5,2990,0,50
2367,316,3,551,6,2996,0,60
2368,316,3,552,5,3001,0,50
2369,316,3,553,3,3004,0,30
2370,316,3,554,2,3006,0,20
2371,316,3,555,5,3011,0,50
2372,316,3,556,6,3017,0,60
2373,316,3,557,3,3020,0,30
2374,316,3,558,8,3028,634,80
2375,316,3,559,7,3035,0,70
2376,316,3,560,4,3039,0,40
2377,316,3,561,5,3044,0,50
2378,316,3,562,9,3053,0,90
2379,316,3,563,8,3061,0,80
2380,316,3,564,9,3070,0,90
2381,316,3,565,5,3075,0,50
2382,316,3,566,9,3084,0,90
2383,316,3,567,2,3086,0,20
2384,316,3,568,9,3095,0,90
2385,316,3,569,4,3099,0,40
2386,316,3,570,9,3108,0,90
2387,316,3,571,8,3116,0,80
2388,316,3,572,5,3121,897,50
2389,316,3,573,3,3124,0,30
2390,316,3,574,7,3131,0,70
2391,316,3,575,5,3136,0,50
2392,316,3,576,8,3144,237,80
2393,316,3,577,5,3149,0,50
2394,316,3,578,3,3152,0,30
2395,316,3,579,8,3160,165,80
2396,316,3,580,7,3167,0,70
2397,316,3,581,6,3173,0,60
2398,316,3,582,5,3178,0,50
2399,316,3,583,7,3185,0,70
2400,316,3,584,5,3190,0,50
2401,316,3,585,6,3196,0,60
2402,316,3,586,6,3202,0,60
2403,316,3,587,4,3206,0,40
2404,316,3,588,4,3210,0,40
2405,316,3,589,6,3216,0,60
2406,316,3,590,6,3222,608,60
2407,316,3,591,8,3230,0,80
2408,316,3,592,3,3233,99,30
2409,316,3,593,6,3239,0,60
2410,316,3,594,2,3241,0,20
2411,316,3,595,9,3250,0,90
2412,316,3,596,5,3255,223,50
2413,316,3,597,5,3260,0,50
2414,316,3,598,7,3267,0,70
2415,316,3,599,3,3270,147,30
2416,316,3,600,6,3276,0,60
2417,316,3,601,9,3285,0,90
2418,316,3,602,4,3289,0,40
2419,316,3,603,5,3294,0,50
2420,316,3,604,6,3300,0,60
2421,316,3,605,2,3302,0,20
2422,316,3,606,2,3304,0,20
2423,316,3,607,7,3311,0,70
2424,316,3,608,2,3313,0,20
2425,316,3,609,5,3318,0,50
2426,316,3,610,9,3327,0,90
2427,316,3,611,9,3336,0,90
2428,316,3,612,9,3345,0,90
2429,316,3,613,3,3348,0,30
2430,316,3,614,5,3353,0,50
2431,316,3,615,2,3355,0,20
2432,316,3,616,6,3361,0,60
2433,316,3,617,8,3369,0,80
2434,316,3,618,3,3372,0,30
2435,316,3,619,2,3374,0,20
2436,316,3,620,8,3382,0,80
2437,316,3,621,9,3391,1245,90
2438,316,3,622,7,3398,0,70
2439,316,3,623,8,3406,0,80
2440,316,3,624,2,3408,0,20
2441,316,3,625,3,3411,0,30
2442,316,3,626,6,3417,254,60
2443,316,3,627,4,3421,0,40
2444,316,3,628,8,3429,0,80
2445,316,3,629,9,3438,0,90
2446,316,3,630,9,3447,0,90
2447,316,3,631,3,3450,0,30
2448,316,3,632,2,3452,0,20
2449,316,3,633,5,3457,385,50
2450,316,3,634,2,3459,0,20
2451,316,3,635,6,3465,79,60
2452,316,3,636,9,3474,0,90
2453,316,3,637,3,3477,0,30
2454,316,3,638,5,3482,170,50
2455,316,3,639,2,3484,25,20
2456,316,3,640,9,3493,0,90
2457,316,3,641,2,3495,0,20
2458,316,3,642,7,3502,0,70
2459,316,3,643,3,3505,0,30
2460,316,3,644,9,3514,0,90
2461,316,3,645,8,3522,0,80
2462,316,3,646,5,3527,0,50
2463,316,3,647,5,3532,0,50
2464,316,3,648,3,3535,497,30
2465,316,3,649,9,3544,0,90
2466,316,3,650,6,3550,0,60
2467,316,3,651,5,3555,0,50
2468,316,3,652,8,3563,0,80
2469,316,3,653,3,3566,0,30
2470,316,3,654,3,3569,0,30
2471,316,3,655,4,3573,0,40
2472,316,3,656,5,3578,0,50
2473,316,3,657,2,3580,0,20
2474,316,3,658,3,3583,0,30
2475,316,3,659,2,3585,0,20
2476,316,3,660,6,3591,0,60
2477,316,3,661,3,3594,0,30
2478,316,3,662,7,3601,670,70
2479,316,3,663,8,3609,0,80
2480,316,3,664,5,3614,0,50
2481,316,3,665,4,3618,0,40
2482,316,3,666,8,3626,0,80
2483,316,3,667,6,3632,0,60
2484,316,3,668,3,3635,330,30
2485,316,3,669,9,3644,0,90
2486,316,3,670,7,3651,0,70
2487,316,3,671,2,3653,177,20
2488,316,3,672,3,3656,0,30
2489,316,3,673,3,3659,0,30
2490,316,3,674,7,3666,0,70
2491,316,3,675,4,3670,0,40
2492,316,3,676,5,3675,0,50
2493,316,3,677,5,3680,0,50
2494,316,3,678,5,3685,0,50
2495,316,3,679,4,3689,0,40
2496,316,3,680,7,3696,0,70
2497,316,3,681,6,3702,0,60
2498,316,3,682,7,3709,0,70
2499,316,3,683,4,3713,0,40
2500,316,3,684,8,3721,0,80
2501,316,3,685,9,3730,0,90
2502,316,3,686,7,3737,0,70
2503,316,3,687,2,3739,0,20
2504,316,3,688,6,3745,0,60
2505,316,3,689,9,3754,0,90
2506,316,3,690,9,3763,0,90
2507,316,3,691,9,3772,0,90
2508,316,3,692,5,3777,0,50
2509,316,3,693,2,3779,0,20
2510,316,3,694,8,3787,0,80
2511,316,3,695,5,3792,0,50
2512,316,3,696,5,3797,0,50
2513,316,3,697,7,3804,0,70
2514,316,3,698,7,3811,0,70
2515,316,3,699,2,3813,0,20
2516,316,3,700,8,3821,0,80
2517,316,3,701,5,3826,0,50
2518,316,3,702,6,3832,0,60
2519,316,3,703,7,3839,0,70
2520,316,3,704,2,3841,0,20
2521,316,3,705,3,3844,0,30
2522,316,3,706,7,3851,0,70
2523,316,3,707,2,3853,0,20
2524,316,3,708,4,3857,0,40
2525,316,3,709,3,3860,0,30
2526,316,3,710,7,3867,2092,70
2527,316,3,711,4,3871,39,40
2528,316,3,712,7,3878,64,70
2529,316,3,713,8,3886,0,80
2530,316,3,714,7,3893,156,70
2531,316,3,715,9,3902,0,90
2532,316,3,716,7,3909,168,70
2533,316,3,717,6,3915,0,60
2534,316,3,718,7,3922,0,70
2535,316,3,719,2,3924,0,20
2536,316,3,720,3,3927,0,30
2537,316,3,721,2,3929,0,20
2538,316,3,722,4,3933,0,40
2539,316,3,723,4,3937,0,40
2540,316,3,724,4,3941,0,40
2541,316,3,725,9,3950,0,90
2542,316,3,726,6,3956,0,60
2543,316,3,727,8,3964,536,80
2544,316,3,728,3,3967,0,30
2545,316,3,729,4,3971,0,40
2546,316,3,730,3,3974,0,30
2547,316,3,731,6,3980,0,60
2548,316,3,732,6,3986,0,60
2549,316,3,733,7,3993,0,70
2550,316,3,734,4,3997,0,40
2551,316,3,735,5,4002,0,50
2552,316,3,736,9,4011,0,90
2553,316,3,737,5,4016,0,50
2554,316,3,738,9,4025,0,90
2555,316,3,739,7,4032,0,70
2556,316,3,740,4,4036,788,40
2557,316,3,741,4,4040,0,40
2558,316,3,742,8,4048,0,80
2559,316,3,743,7,4055,0,70
2560,316,3,744,7,4062,0,70
2561,316,3,745,6,4068,0,60
2562,316,3,746,6,4074,0,60
2563,316,3,747,8,4082,440,80
2564,316,3,748,6,4088,0,60
2565,316,3,749,8,4096,0,80
2566,316,3,750,7,4103,0,70
2567,316,3,751,5,4108,0,50
2568,316,3,752,2,4110,0,20
2569,316,3,753,6,4116,0,60
2570,316,3,754,5,4121,0,50
2571,316,3,755,7,4128,479,70
2572,316,3,756,8,4136,77,80
2573,316,3,757,4,4140,0,40
2574,316,3,758,8,4148,0,80
2575,316,3,759,9,4157,0,90
2576,316,3,760,5,4162,0,50
2577,316,3,761,4,4166,0,40
2578,316,3,762,7,4173,0,70
2579,316,3,763,7,4180,0,70
2580,316,3,764,4,4184,0,40
2581,316,3,765,7,4191,0,70
2582,316,3,766,9,4200,0,90
2583,316,3,767,2,4202,0,20
2584,316,3,768,3,4205,0,30
2585,316,3,769,5,4210,0,50
2586,316,3,770,6,4216,838,60
2587,316,3,771,3,4219,0,30
2588,316,3,772,9,4228,0,90
2589,316,3,773,2,4230,0,20
2590,316,3,774,5,4235,0,50
2591,316,3,775,6,4241,0,60
2592,316,3,776,7,4248,0,70
2593,316,3,777,4,4252,0,40
2594,316,3,778,8,4260,0,80
2595,316,3,779,6,4266,0,60
2596,316,3,780,7,4273,0,70
2597,316,3,781,4,4277,0,40
2598,316,3,782,9,4286,0,90
2599,316,3,783,6,4292,0,60
2600,316,3,784,4,4296,0,40
2601,316,3,785,9,4305,0,90
2602,316,3,786,8,4313,0,80
2603,316,3,787,5,4318,0,50
2604,316,3,788,4,4322,0,40
2605,316,3,789,3,4325,0,30
2606,316,3,790,2,4327,1111,20
2607,316,3,791,3,4330,0,30
2608,316,3,792,6,4336,81,60
2609,316,3,793,9,4345,0,90
2610,316,3,794,7,4352,0,70
2611,316,3,795,5,4357,0,50
2612,316,3,796,7,4364,0,70
2613,316,3,797,6,4370,0,60
2614,316,3,798,6,4376,0,60
2615,316,3,799,3,4379,0,30
2616,316,3,800,4,4383,0,40
2617,316,3,801,5,4388,0,50
2618,316,3,802,4,4392,0,40
2619,316,3,803,9,4401,0,90
2620,316,3,804,7,4408,722,70
2621,316,3,805,9,4417,0,90
2622,316,3,806,7,4424,0,70
2623,316,3,807,2,4426,0,20
2624,316,3,808,4,4430,0,40
2625,316,3,809,6,4436,0,60
2626,316,3,810,8,4444,0,80
2627,316,3,811,5,4449,0,50
2628,316,3,812,2,4451,0,20
2629,316,3,813,7,4458,0,70
2630,316,3,814,4,4462,0,40
2631,316,3,815,5,4467,0,50
2632,316,3,816,5,4472,0,50
2633,316,3,817,4,4476,0,40
2634,316,3,818,5,4481,724,50
2635,316,3,819,2,4483,0,20
2636,316,3,820,8,4491,0,80
2637,316,3,821,7,4498,0,70
2638,316,3,822,7,4505,0,70
2639,316,3,823,5,4510,0,50
2640,316,3,824,4,4514,0,40
2641,316,3,825,3,4517,0,30
2642,316,3,826,4,4521,0,40
2643,316,3,827,8,4529,0,80
2644,316,3,828,4,4533,0,40
2645,316,3,829,4,4537,0,40
2646,316,3,830,6,4543,567,60
2647,316,3,831,5,4548,0,50
2648,316,3,832,4,4552,0,40
2649,316,3,833,4,4556,0,40
2650,316,3,834,8,4564,0,80
2651,316,3,835,7,4571,0,70
2652,316,3,836,8,4579,0,80
2653,316,3,837,2,4581,0,20
2654,316,3,838,5,4586,0,50
2655,316,3,839,2,4588,0,20
2656,316,3,840,8,4596,0,80
2657,316,3,841,2,4598,0,20
2658,316,3,842,4,4602,0,40
2659,316,3,843,7,4609,0,70
2660,316,3,844,7,4616,0,70
2661,316,3,845,4,4620,0,40
2662,316,3,846,7,4627,0,70
2663,316,3,847,9,4636,0,90
2664,316,3,848,2,4638,966,20
2665,316,3,849,4,4642,0,40
2666,316,3,850,3,4645,0,30
2667,316,3,851,4,4649,0,40
2668,316,3,852,2,4651,0,20
2669,316,3,853,7,4658,0,70
2670,316,3,854,4,4662,0,40
2671,316,3,855,9,4671,0,90
2672,316,3,856,4,4675,0,40
2673,316,3,857,4,4679,430,40
2674,316,3,858,3,4682,0,30
2675,316,3,859,2,4684,0,20
2676,316,3,860,4,4688,0,40
2677,316,3,861,9,4697,0,90
2678,316,3,862,6,4703,0,60
2679,316,3,863,5,4708,0,50
2680,316,3,864,6,4714,0,60
2681,316,3,865,2,4716,0,20
2682,316,3,866,2,4718,0,20
2683,316,3,867,5,4723,0,50
2684,316,3,868,4,4727,495,40
2685,316,3,869,8,4735,63,80
2686,316,3,870,9,4744,0,90
2687,316,3,871,8,4752,173,80
2688,316,3,872,9,4761,0,90
2689,316,3,873,8,4769,0,80
2690,316,3,874,7,4776,0,70
2691,316,3,875,3,4779,0,30
2692,316,3,876,5,4784,0,50
2693,316,3,877,8,4792,0,80
2694,316,3,878,6,4798,0,60
2695,316,3,879,3,4801,0,30
2696,316,3,880,7,4808,574,70
2697,316,3,881,9,4817,0,90
2698,316,3,882,3,4820,0,30
2699,316,3,883,3,4823,0,30
2700,316,3,884,4,4827,0,40
2701,316,3,885,3,4830,0,30
2702,316,3,886,7,4837,272,70
2703,316,3,887,5,4842,0,50
2704,316,3,888,4,4846,0,40
2705,316,3,889,7,4853,0,70
2706,316,3,890,8,4861,0,80
2707,316,3,891,9,4870,0,90
2708,316,3,892,4,4874,365,40
2709,316,3,893,4,4878,0,40
2710,316,3,894,8,4886,0,80
2711,316,3,895,9,4895,0,90
2712,316,3,896,4,4899,0,40
2713,316,3,897,8,4907,0,80
2714,316,3,898,3,4910,0,30
2715,316,3,899,6,4916,430,60
2716,316,3,900,8,4924,0,80
2717,316,3,901,9,4933,184,90
2718,316,3,902,5,4938,0,50
2719,316,3,903,6,4944,0,60
2720,316,3,904,5,4949,0,50
2721,316,3,905,7,4956,240,70
2722,316,3,906,3,4959,0,30
2723,316,3,907,7,4966,0,70
2724,316,3,908,4,4970,0,40
2725,316,3,909,2,4972,0,20
2726,316,3,910,9,4981,0,90
2727,316,3,911,4,4985,0,40
2728,316,3,912,8,4993,0,80
2729,316,3,913,2,4995,0,20
