,Scenario,Trial,Inspection,Interval,Time,Defects,Rate
0,98,1,1,5,5,59,50
1,98,1,2,9,14,0,90
2,98,1,3,9,23,0,90
3,98,1,4,8,31,257,80
4,98,1,5,9,40,0,90
5,98,1,6,7,47,163,70
6,98,1,7,8,55,77,80
7,98,1,8,7,62,65,70
8,98,1,9,4,66,40,40
9,98,1,10,2,68,20,20
10,98,1,11,7,75,0,70
11,98,1,12,2,77,93,20
12,98,1,13,5,82,37,50
13,98,1,14,5,87,63,50
14,98,1,15,8,95,77,80
15,98,1,16,9,104,0,90
16,98,1,17,6,110,172,60
17,98,1,18,9,119,84,90
18,98,1,19,4,123,0,40
19,98,1,20,2,125,67,20
20,98,1,21,5,130,59,50
21,98,1,22,5,135,56,50
22,98,1,23,9,144,100,90
23,98,1,24,4,148,38,40
24,98,1,25,6,154,65,60
25,98,1,26,7,161,59,70
26,98,1,27,6,167,0,60
27,98,1,28,2,169,80,20
28,98,1,29,7,176,0,70
29,98,1,30,6,182,127,60
30,98,1,31,7,189,0,70
31,98,1,32,2,191,73,20
32,98,1,33,8,199,89,80
33,98,1,34,2,201,18,20
34,98,1,35,3,204,39,30
35,98,1,36,5,209,60,50
36,98,1,37,4,213,50,40
37,98,1,38,2,215,27,20
38,98,1,39,4,219,29,40
39,98,1,40,8,227,0,80
40,98,1,41,7,234,0,70
41,98,1,42,6,240,221,60
42,98,1,43,5,245,58,50
43,98,1,44,5,250,0,50
44,98,1,45,5,255,108,50
45,98,1,46,3,258,0,30
46,98,1,47,3,261,57,30
47,98,1,48,2,263,18,20
48,98,1,49,2,265,25,20
49,98,1,50,9,274,0,90
50,98,1,51,6,280,143,60
51,98,1,52,9,289,85,90
52,98,1,53,7,296,77,70
53,98,1,54,4,300,52,40
54,98,1,55,9,309,0,90
55,98,1,56,8,317,159,80
56,98,1,57,4,321,38,40
57,98,1,58,6,327,0,60
58,98,1,59,5,332,0,50
59,98,1,60,7,339,199,70
60,98,1,61,3,342,0,30
61,98,1,62,6,348,0,60
62,98,1,63,2,350,0,20
63,98,1,64,8,358,190,80
64,98,1,65,5,363,58,50
65,98,1,66,2,365,0,20
66,98,1,67,8,373,94,80
67,98,1,68,3,376,29,30
68,98,1,69,6,382,57,60
69,98,1,70,7,389,77,70
70,98,1,71,9,398,0,90
71,98,1,72,4,402,139,40
72,98,1,73,3,405,31,30
73,98,1,74,7,412,68,70
74,98,1,75,4,416,36,40
75,98,1,76,5,421,54,50
76,98,1,77,3,424,32,30
77,98,1,78,9,433,85,90
78,98,1,79,4,437,33,40
79,98,1,80,2,439,0,20
80,98,1,81,3,442,63,30
81,98,1,82,7,449,0,70
82,98,1,83,6,455,149,60
83,98,1,84,8,463,90,80
84,98,1,85,9,472,91,90
85,98,1,86,6,478,0,60
86,98,1,87,9,487,0,90
87,98,1,88,7,494,213,70
88,98,1,89,8,502,84,80
89,98,1,90,9,511,95,90
90,98,1,91,8,519,78,80
91,98,1,92,2,521,20,20
92,98,1,93,6,527,0,60
93,98,1,94,4,531,107,40
94,98,1,95,5,536,33,50
95,98,1,96,7,543,79,70
96,98,1,97,5,548,0,50
97,98,1,98,9,557,141,90
98,98,1,99,3,560,34,30
99,98,1,100,2,562,26,20
100,98,1,101,6,568,0,60
101,98,1,102,8,576,0,80
102,98,1,103,3,579,0,30
103,98,1,104,4,583,198,40
104,98,1,105,2,585,0,20
105,98,1,106,2,587,0,20
106,98,1,107,9,596,0,90
107,98,1,108,4,600,160,40
108,98,1,109,3,603,0,30
109,98,1,110,3,606,0,30
110,98,1,111,2,608,91,20
111,98,1,112,7,615,84,70
112,98,1,113,3,618,0,30
113,98,1,114,6,624,94,60
114,98,1,115,3,627,0,30
115,98,1,116,4,631,66,40
116,98,1,117,4,635,40,40
117,98,1,118,2,637,0,20
118,98,1,119,3,640,47,30
119,98,1,120,2,642,16,20
120,98,1,121,3,645,0,30
121,98,1,122,5,650,0,50
122,98,1,123,5,655,128,50
123,98,1,124,6,661,0,60
124,98,1,125,3,664,0,30
125,98,1,126,9,673,0,90
126,98,1,127,3,676,185,30
127,98,1,128,9,685,94,90
128,98,1,129,4,689,39,40
129,98,1,130,6,695,56,60
130,98,1,131,9,704,86,90
131,98,1,132,8,712,0,80
132,98,1,133,4,716,113,40
133,98,1,134,2,718,18,20
134,98,1,135,4,722,39,40
135,98,1,136,6,728,54,60
136,98,1,137,6,734,52,60
137,98,1,138,8,742,75,80
138,98,1,139,7,749,73,70
139,98,1,140,9,758,0,90
140,98,1,141,9,767,0,90
141,98,1,142,2,769,0,20
142,98,1,143,2,771,0,20
143,98,1,144,6,777,281,60
144,98,1,145,5,782,0,50
145,98,1,146,6,788,0,60
146,98,1,147,4,792,156,40
147,98,1,148,7,799,71,70
148,98,1,149,4,803,44,40
149,98,1,150,7,810,0,70
150,98,1,151,3,813,95,30
151,98,1,152,3,816,38,30
152,98,1,153,6,822,45,60
153,98,1,154,9,831,95,90
154,98,1,155,2,833,19,20
155,98,1,156,6,839,0,60
156,98,1,157,7,846,123,70
157,98,1,158,6,852,75,60
158,98,1,159,6,858,58,60
159,98,1,160,8,866,57,80
160,98,1,161,2,868,0,20
161,98,1,162,8,876,115,80
162,98,1,163,7,883,70,70
163,98,1,164,5,888,0,50
164,98,1,165,3,891,0,30
165,98,1,166,2,893,100,20
166,98,1,167,4,897,47,40
167,98,1,168,7,904,66,70
168,98,1,169,7,911,68,70
169,98,1,170,7,918,75,70
170,98,1,171,6,924,0,60
171,98,1,172,4,928,0,40
172,98,1,173,9,937,0,90
173,98,1,174,7,944,285,70
174,98,1,175,5,949,59,50
175,98,1,176,4,953,24,40
176,98,1,177,2,955,19,20
177,98,1,178,6,961,54,60
178,98,1,179,3,964,27,30
179,98,1,180,9,973,90,90
180,98,1,181,8,981,87,80
181,98,1,182,7,988,0,70
182,98,1,183,4,992,104,40
183,98,1,184,3,995,44,30
184,98,1,185,5,1000,46,50
185,98,1,186,5,1005,0,50
186,98,1,187,9,1014,168,90
187,98,1,188,3,1017,0,30
188,98,1,189,6,1023,89,60
189,98,1,190,9,1032,83,90
190,98,1,191,2,1034,20,20
191,98,1,192,9,1043,86,90
192,98,1,193,5,1048,44,50
193,98,1,194,2,1050,25,20
194,98,1,195,4,1054,42,40
195,98,1,196,9,1063,80,90
196,98,1,197,2,1065,0,20
197,98,1,198,6,1071,75,60
198,98,1,199,3,1074,35,30
199,98,1,200,2,1076,12,20
200,98,1,201,7,1083,64,70
201,98,1,202,9,1092,92,90
202,98,1,203,3,1095,34,30
203,98,1,204,9,1104,94,90
204,98,1,205,3,1107,30,30
205,98,1,206,9,1116,90,90
206,98,1,207,2,1118,23,20
207,98,1,208,7,1125,75,70
208,98,1,209,3,1128,25,30
209,98,1,210,5,1133,0,50
210,98,1,211,9,1142,131,90
211,98,1,212,4,1146,45,40
212,98,1,213,4,1150,0,40
213,98,1,214,8,1158,102,80
214,98,1,215,5,1163,50,50
215,98,1,216,6,1169,54,60
216,98,1,217,5,1174,47,50
217,98,1,218,4,1178,24,40
218,98,1,219,9,1187,85,90
219,98,1,220,9,1196,103,90
220,98,1,221,8,1204,0,80
221,98,1,222,9,1213,190,90
222,98,1,223,8,1221,94,80
223,98,1,224,9,1230,98,90
224,98,1,225,4,1234,0,40
225,98,1,226,9,1243,101,90
226,98,1,227,9,1252,69,90
227,98,1,228,2,1254,21,20
228,98,1,229,6,1260,64,60
229,98,1,230,8,1268,94,80
230,98,1,231,7,1275,0,70
231,98,1,232,4,1279,105,40
232,98,1,233,8,1287,88,80
233,98,1,234,8,1295,76,80
234,98,1,235,3,1298,27,30
235,98,1,236,6,1304,0,60
236,98,1,237,3,1307,85,30
237,98,1,238,2,1309,31,20
238,98,1,239,4,1313,34,40
239,98,1,240,3,1316,23,30
240,98,1,241,8,1324,0,80
241,98,1,242,8,1332,0,80
242,98,1,243,9,1341,0,90
243,98,1,244,5,1346,285,50
244,98,1,245,9,1355,89,90
245,98,1,246,4,1359,35,40
246,98,1,247,2,1361,0,20
247,98,1,248,7,1368,110,70
248,98,1,249,8,1376,73,80
249,98,1,250,8,1384,85,80
250,98,1,251,8,1392,78,80
251,98,1,252,2,1394,15,20
252,98,1,253,2,1396,21,20
253,98,1,254,5,1401,0,50
254,98,1,255,8,1409,130,80
255,98,1,256,4,1413,53,40
256,98,1,257,9,1422,87,90
257,98,1,258,6,1428,0,60
258,98,1,259,2,1430,0,20
259,98,1,260,7,1437,0,70
260,98,1,261,9,1446,0,90
261,98,1,262,7,1453,300,70
262,98,1,263,9,1462,0,90
263,98,1,264,5,1467,0,50
264,98,1,265,3,1470,174,30
265,98,1,266,6,1476,63,60
266,98,1,267,7,1483,0,70
267,98,1,268,4,1487,0,40
268,98,1,269,7,1494,197,70
269,98,1,270,5,1499,65,50
270,98,1,271,3,1502,25,30
271,98,1,272,5,1507,0,50
272,98,1,273,6,1513,93,60
273,98,1,274,6,1519,73,60
274,98,1,275,7,1526,0,70
275,98,1,276,6,1532,0,60
276,98,1,277,8,1540,217,80
277,98,1,278,8,1548,78,80
278,98,1,279,3,1551,26,30
279,98,1,280,9,1560,82,90
280,98,1,281,8,1568,89,80
281,98,1,282,7,1575,0,70
282,98,1,283,6,1581,0,60
283,98,1,284,3,1584,139,30
284,98,1,285,7,1591,0,70
285,98,1,286,8,1599,150,80
286,98,1,287,8,1607,87,80
287,98,1,288,4,1611,0,40
288,98,1,289,8,1619,109,80
289,98,1,290,3,1622,25,30
290,98,1,291,7,1629,0,70
291,98,1,292,6,1635,123,60
292,98,1,293,4,1639,48,40
293,98,1,294,9,1648,92,90
294,98,1,295,9,1657,0,90
295,98,1,296,6,1663,151,60
296,98,1,297,2,1665,0,20
297,98,1,298,9,1674,0,90
298,98,1,299,9,1683,199,90
299,98,1,300,4,1687,42,40
300,98,1,301,2,1689,22,20
301,98,1,302,6,1695,0,60
302,98,1,303,7,1702,0,70
303,98,1,304,9,1711,230,90
304,98,1,305,2,1713,19,20
305,98,1,306,3,1716,0,30
306,98,1,307,8,1724,91,80
307,98,1,308,9,1733,87,90
308,98,1,309,7,1740,0,70
309,98,1,310,3,1743,107,30
310,98,1,311,4,1747,30,40
311,98,1,312,3,1750,0,30
312,98,1,313,4,1754,79,40
313,98,1,314,8,1762,84,80
314,98,1,315,7,1769,63,70
315,98,1,316,7,1776,0,70
316,98,1,317,3,1779,99,30
317,98,1,318,2,1781,27,20
318,98,1,319,4,1785,46,40
319,98,1,320,3,1788,23,30
320,98,1,321,9,1797,79,90
321,98,1,322,4,1801,44,40
322,98,1,323,7,1808,75,70
323,98,1,324,7,1815,71,70
324,98,1,325,7,1822,74,70
325,98,1,326,3,1825,0,30
326,98,1,327,2,1827,54,20
327,98,1,328,3,1830,32,30
328,98,1,329,9,1839,85,90
329,98,1,330,6,1845,0,60
330,98,1,331,6,1851,0,60
331,98,1,332,8,1859,197,80
332,98,1,333,6,1865,0,60
333,98,1,334,3,1868,107,30
334,98,1,335,3,1871,30,30
335,98,1,336,4,1875,0,40
336,98,1,337,3,1878,0,30
337,98,1,338,5,1883,128,50
338,98,1,339,7,1890,61,70
339,98,1,340,2,1892,0,20
340,98,1,341,3,1895,53,30
341,98,1,342,6,1901,61,60
342,98,1,343,8,1909,68,80
343,98,1,344,7,1916,67,70
344,98,1,345,4,1920,41,40
345,98,1,346,7,1927,55,70
346,98,1,347,2,1929,20,20
347,98,1,348,6,1935,66,60
348,98,1,349,9,1944,95,90
349,98,1,350,2,1946,25,20
350,98,1,351,9,1955,95,90
351,98,1,352,6,1961,68,60
352,98,1,353,3,1964,0,30
353,98,1,354,5,1969,82,50
354,98,1,355,3,1972,29,30
355,98,1,356,6,1978,70,60
356,98,1,357,6,1984,58,60
357,98,1,358,3,1987,0,30
358,98,1,359,5,1992,94,50
359,98,1,360,9,2001,0,90
360,98,1,361,4,2005,123,40
361,98,1,362,8,2013,89,80
362,98,1,363,6,2019,0,60
363,98,1,364,6,2025,121,60
364,98,1,365,4,2029,37,40
365,98,1,366,4,2033,0,40
366,98,1,367,6,2039,97,60
367,98,1,368,5,2044,0,50
368,98,1,369,5,2049,92,50
369,98,1,370,3,2052,29,30
370,98,1,371,7,2059,83,70
371,98,1,372,4,2063,0,40
372,98,1,373,2,2065,0,20
373,98,1,374,5,2070,115,50
374,98,1,375,8,2078,75,80
375,98,1,376,3,2081,30,30
376,98,1,377,2,2083,24,20
377,98,1,378,9,2092,84,90
378,98,1,379,3,2095,0,30
379,98,1,380,5,2100,0,50
380,98,1,381,3,2103,87,30
381,98,1,382,8,2111,82,80
382,98,1,383,9,2120,80,90
383,98,1,384,7,2127,60,70
384,98,1,385,7,2134,75,70
385,98,1,386,7,2141,89,70
386,98,1,387,4,2145,40,40
387,98,1,388,2,2147,26,20
388,98,1,389,6,2153,71,60
389,98,1,390,9,2162,120,90
390,98,1,391,4,2166,45,40
391,98,1,392,8,2174,94,80
392,98,1,393,6,2180,0,60
393,98,1,394,4,2184,98,40
394,98,1,395,9,2193,98,90
395,98,1,396,4,2197,44,40
396,98,1,397,6,2203,55,60
397,98,1,398,8,2211,88,80
398,98,1,399,7,2218,59,70
399,98,1,400,2,2220,21,20
400,98,1,401,3,2223,30,30
401,98,1,402,6,2229,57,60
402,98,1,403,3,2232,31,30
403,98,1,404,3,2235,37,30
404,98,1,405,6,2241,67,60
405,98,1,406,7,2248,0,70
406,98,1,407,5,2253,115,50
407,98,1,408,7,2260,63,70
408,98,1,409,5,2265,0,50
409,98,1,410,3,2268,73,30
410,98,1,411,4,2272,46,40
411,98,1,412,8,2280,0,80
412,98,1,413,4,2284,122,40
413,98,1,414,2,2286,0,20
414,98,1,415,3,2289,46,30
415,98,1,416,2,2291,27,20
416,98,1,417,5,2296,50,50
417,98,1,418,2,2298,26,20
418,98,1,419,5,2303,53,50
419,98,1,420,7,2310,69,70
420,98,1,421,6,2316,0,60
421,98,1,422,2,2318,75,20
422,98,1,423,4,2322,0,40
423,98,1,424,5,2327,0,50
424,98,1,425,6,2333,152,60
425,98,1,426,3,2336,33,30
426,98,1,427,3,2339,25,30
427,98,1,428,9,2348,0,90
428,98,1,429,2,2350,0,20
429,98,1,430,2,2352,0,20
430,98,1,431,5,2357,195,50
431,98,1,432,6,2363,75,60
432,98,1,433,9,2372,0,90
433,98,1,434,3,2375,104,30
434,98,1,435,6,2381,57,60
435,98,1,436,5,2386,53,50
436,98,1,437,6,2392,52,60
437,98,1,438,3,2395,0,30
438,98,1,439,3,2398,62,30
439,98,1,440,6,2404,66,60
440,98,1,441,5,2409,46,50
441,98,1,442,2,2411,0,20
442,98,1,443,5,2416,54,50
443,98,1,444,9,2425,93,90
444,98,1,445,9,2434,86,90
445,98,1,446,9,2443,0,90
446,98,1,447,7,2450,153,70
447,98,1,448,8,2458,76,80
448,98,1,449,2,2460,21,20
449,98,1,450,6,2466,68,60
450,98,1,451,6,2472,74,60
451,98,1,452,2,2474,0,20
452,98,1,453,2,2476,39,20
453,98,1,454,6,2482,0,60
454,98,1,455,5,2487,108,50
455,98,1,456,4,2491,52,40
456,98,1,457,2,2493,15,20
457,98,1,458,8,2501,78,80
458,98,1,459,3,2504,0,30
459,98,1,460,8,2512,99,80
460,98,1,461,8,2520,83,80
461,98,1,462,2,2522,0,20
462,98,1,463,8,2530,116,80
463,98,1,464,2,2532,18,20
464,98,1,465,8,2540,0,80
465,98,1,466,5,2545,146,50
466,98,1,467,3,2548,27,30
467,98,1,468,4,2552,0,40
468,98,1,469,4,2556,82,40
469,98,1,470,5,2561,50,50
470,98,1,471,4,2565,32,40
471,98,1,472,9,2574,88,90
472,98,1,473,3,2577,0,30
473,98,1,474,3,2580,0,30
474,98,1,475,5,2585,121,50
475,98,1,476,5,2590,45,50
476,98,1,477,8,2598,86,80
477,98,1,478,9,2607,81,90
478,98,1,479,7,2614,86,70
479,98,1,480,3,2617,0,30
480,98,1,481,8,2625,114,80
481,98,1,482,7,2632,73,70
482,98,1,483,7,2639,77,70
483,98,1,484,8,2647,64,80
484,98,1,485,3,2650,35,30
485,98,1,486,6,2656,0,60
486,98,1,487,7,2663,123,70
487,98,1,488,5,2668,51,50
488,98,1,489,2,2670,19,20
489,98,1,490,4,2674,39,40
490,98,1,491,3,2677,28,30
491,98,1,492,4,2681,0,40
492,98,1,493,4,2685,0,40
493,98,1,494,6,2691,133,60
494,98,1,495,4,2695,39,40
495,98,1,496,4,2699,37,40
496,98,1,497,3,2702,34,30
497,98,1,498,6,2708,71,60
498,98,1,499,2,2710,16,20
499,98,1,500,2,2712,0,20
500,98,1,501,8,2720,98,80
501,98,1,502,2,2722,14,20
502,98,1,503,5,2727,0,50
503,98,1,504,3,2730,0,30
504,98,1,505,9,2739,168,90
505,98,1,506,2,2741,22,20
506,98,1,507,7,2748,66,70
507,98,1,508,3,2751,27,30
508,98,1,509,5,2756,63,50
509,98,1,510,4,2760,39,40
510,98,1,511,2,2762,0,20
511,98,1,512,9,2771,0,90
512,98,1,513,3,2774,156,30
513,98,1,514,5,2779,60,50
514,98,1,515,7,2786,63,70
515,98,1,516,6,2792,53,60
516,98,1,517,3,2795,0,30
517,98,1,518,2,2797,54,20
518,98,1,519,7,2804,0,70
519,98,1,520,7,2811,0,70
520,98,1,521,7,2818,213,70
521,98,1,522,6,2824,54,60
522,98,1,523,8,2832,0,80
523,98,1,524,8,2840,187,80
524,98,1,525,8,2848,87,80
525,98,1,526,2,2850,22,20
526,98,1,527,5,2855,0,50
527,98,1,528,9,2864,0,90
528,98,1,529,6,2870,193,60
529,98,1,530,5,2875,37,50
530,98,1,531,8,2883,78,80
531,98,1,532,7,2890,72,70
532,98,1,533,7,2897,63,70
533,98,1,534,8,2905,77,80
534,98,1,535,5,2910,53,50
535,98,1,536,2,2912,0,20
536,98,1,537,6,2918,78,60
537,98,1,538,9,2927,79,90
538,98,1,539,5,2932,0,50
539,98,1,540,8,2940,0,80
540,98,1,541,3,2943,154,30
541,98,1,542,6,2949,58,60
542,98,1,543,8,2957,77,80
543,98,1,544,7,2964,0,70
544,98,1,545,5,2969,125,50
545,98,1,546,4,2973,49,40
546,98,1,547,6,2979,54,60
547,98,1,548,5,2984,0,50
548,98,1,549,5,2989,86,50
549,98,1,550,2,2991,22,20
550,98,1,551,9,3000,99,90
551,98,1,552,6,3006,62,60
552,98,1,553,4,3010,0,40
553,98,1,554,5,3015,0,50
554,98,1,555,9,3024,177,90
555,98,1,556,7,3031,66,70
556,98,1,557,7,3038,71,70
557,98,1,558,7,3045,66,70
558,98,1,559,4,3049,39,40
559,98,1,560,6,3055,59,60
560,98,1,561,3,3058,36,30
561,98,1,562,2,3060,23,20
562,98,1,563,8,3068,0,80
563,98,1,564,7,3075,140,70
564,98,1,565,7,3082,61,70
565,98,1,566,3,3085,28,30
566,98,1,567,9,3094,88,90
567,98,1,568,9,3103,0,90
568,98,1,569,7,3110,167,70
569,98,1,570,2,3112,0,20
570,98,1,571,4,3116,0,40
571,98,1,572,7,3123,126,70
572,98,1,573,5,3128,54,50
573,98,1,574,3,3131,45,30
574,98,1,575,3,3134,31,30
575,98,1,576,2,3136,0,20
576,98,1,577,7,3143,0,70
577,98,1,578,8,3151,0,80
578,98,1,579,2,3153,0,20
579,98,1,580,7,3160,263,70
580,98,1,581,4,3164,0,40
581,98,1,582,4,3168,70,40
582,98,1,583,2,3170,0,20
583,98,1,584,2,3172,48,20
584,98,1,585,9,3181,0,90
585,98,1,586,8,3189,169,80
586,98,1,587,6,3195,54,60
587,98,1,588,2,3197,17,20
588,98,1,589,5,3202,40,50
589,98,1,590,5,3207,57,50
590,98,1,591,3,3210,27,30
591,98,1,592,8,3218,0,80
592,98,1,593,7,3225,157,70
593,98,1,594,3,3228,0,30
594,98,1,595,7,3235,84,70
595,98,1,596,5,3240,51,50
596,98,1,597,5,3245,44,50
597,98,1,598,6,3251,67,60
598,98,1,599,2,3253,0,20
599,98,1,600,7,3260,93,70
600,98,1,601,8,3268,0,80
601,98,1,602,2,3270,89,20
602,98,1,603,2,3272,22,20
603,98,1,604,8,3280,97,80
604,98,1,605,5,3285,0,50
605,98,1,606,6,3291,112,60
606,98,1,607,9,3300,80,90
607,98,1,608,3,3303,29,30
608,98,1,609,3,3306,25,30
609,98,1,610,7,3313,83,70
610,98,1,611,3,3316,27,30
611,98,1,612,5,3321,53,50
612,98,1,613,4,3325,33,40
613,98,1,614,9,3334,0,90
614,98,1,615,7,3341,0,70
615,98,1,616,3,3344,0,30
616,98,1,617,7,3351,277,70
617,98,1,618,6,3357,54,60
618,98,1,619,4,3361,0,40
619,98,1,620,9,3370,126,90
620,98,1,621,3,3373,27,30
621,98,1,622,8,3381,89,80
622,98,1,623,4,3385,0,40
623,98,1,624,8,3393,123,80
624,98,1,625,8,3401,93,80
625,98,1,626,3,3404,0,30
626,98,1,627,5,3409,68,50
627,98,1,628,9,3418,114,90
628,98,1,629,2,3420,18,20
629,98,1,630,2,3422,0,20
630,98,1,631,7,3429,93,70
631,98,1,632,7,3436,64,70
632,98,1,633,5,3441,43,50
633,98,1,634,6,3447,0,60
634,98,1,635,5,3452,91,50
635,98,1,636,5,3457,0,50
636,98,1,637,3,3460,0,30
637,98,1,638,2,3462,0,20
638,98,1,639,8,3470,189,80
639,98,1,640,9,3479,75,90
640,98,1,641,9,3488,89,90
641,98,1,642,5,3493,53,50
642,98,1,643,5,3498,51,50
643,98,1,644,4,3502,0,40
644,98,1,645,2,3504,62,20
645,98,1,646,9,3513,0,90
646,98,1,647,9,3522,154,90
647,98,1,648,8,3530,0,80
648,98,1,649,8,3538,0,80
649,98,1,650,9,3547,0,90
650,98,1,651,5,3552,288,50
651,98,1,652,6,3558,72,60
652,98,1,653,7,3565,0,70
653,98,1,654,3,3568,0,30
654,98,1,655,6,3574,145,60
655,98,1,656,8,3582,0,80
656,98,1,657,2,3584,95,20
657,98,1,658,9,3593,89,90
658,98,1,659,2,3595,15,20
659,98,1,660,4,3599,0,40
660,98,1,661,3,3602,0,30
661,98,1,662,4,3606,107,40
662,98,1,663,9,3615,0,90
663,98,1,664,8,3623,160,80
664,98,1,665,6,3629,52,60
665,98,1,666,3,3632,41,30
666,98,1,667,2,3634,21,20
667,98,1,668,7,3641,0,70
668,98,1,669,7,3648,128,70
669,98,1,670,5,3653,56,50
670,98,1,671,5,3658,47,50
671,98,1,672,6,3664,45,60
672,98,1,673,9,3673,0,90
673,98,1,674,2,3675,115,20
674,98,1,675,3,3678,39,30
675,98,1,676,5,3683,0,50
676,98,1,677,7,3690,115,70
677,98,1,678,5,3695,47,50
678,98,1,679,5,3700,0,50
679,98,1,680,5,3705,114,50
680,98,1,681,2,3707,20,20
681,98,1,682,5,3712,53,50
682,98,1,683,4,3716,0,40
683,98,1,684,3,3719,76,30
684,98,1,685,4,3723,42,40
685,98,1,686,6,3729,0,60
686,98,1,687,4,3733,0,40
687,98,1,688,9,3742,196,90
688,98,1,689,9,3751,0,90
689,98,1,690,4,3755,128,40
690,98,1,691,8,3763,79,80
691,98,1,692,8,3771,71,80
692,98,1,693,2,3773,20,20
693,98,1,694,3,3776,0,30
694,98,1,695,5,3781,75,50
695,98,1,696,9,3790,0,90
696,98,1,697,4,3794,113,40
697,98,1,698,5,3799,54,50
698,98,1,699,6,3805,71,60
699,98,1,700,4,3809,34,40
700,98,1,701,5,3814,41,50
701,98,1,702,5,3819,52,50
702,98,1,703,8,3827,0,80
703,98,1,704,8,3835,183,80
704,98,1,705,7,3842,0,70
705,98,1,706,2,3844,83,20
706,98,1,707,3,3847,32,30
707,98,1,708,7,3854,64,70
708,98,1,709,5,3859,58,50
709,98,1,710,9,3868,84,90
710,98,1,711,4,3872,0,40
711,98,1,712,8,3880,120,80
712,98,1,713,9,3889,93,90
713,98,1,714,4,3893,41,40
714,98,1,715,4,3897,30,40
715,98,1,716,9,3906,78,90
716,98,1,717,8,3914,0,80
717,98,1,718,2,3916,126,20
718,98,1,719,2,3918,0,20
719,98,1,720,2,3920,40,20
720,98,1,721,8,3928,0,80
721,98,1,722,3,3931,93,30
722,98,1,723,2,3933,20,20
723,98,1,724,7,3940,64,70
724,98,1,725,5,3945,55,50
725,98,1,726,5,3950,48,50
726,98,1,727,3,3953,0,30
727,98,1,728,8,3961,0,80
728,98,1,729,5,3966,175,50
729,98,1,730,6,3972,0,60
730,98,1,731,3,3975,96,30
731,98,1,732,8,3983,89,80
732,98,1,733,4,3987,49,40
733,98,1,734,3,3990,24,30
734,98,1,735,7,3997,0,70
735,98,1,736,8,4005,133,80
736,98,1,737,8,4013,83,80
737,98,1,738,5,4018,50,50
738,98,1,739,4,4022,45,40
739,98,1,740,5,4027,73,50
740,98,1,741,9,4036,77,90
741,98,1,742,7,4043,61,70
742,98,1,743,6,4049,0,60
743,98,1,744,7,4056,0,70
744,98,1,745,8,4064,201,80
745,98,1,746,3,4067,30,30
746,98,1,747,8,4075,77,80
747,98,1,748,2,4077,20,20
748,98,1,749,3,4080,0,30
749,98,1,750,3,4083,58,30
750,98,1,751,9,4092,81,90
751,98,1,752,6,4098,46,60
752,98,1,753,5,4103,49,50
753,98,1,754,5,4108,51,50
754,98,1,755,2,4110,19,20
755,98,1,756,5,4115,59,50
756,98,1,757,8,4123,81,80
757,98,1,758,2,4125,20,20
758,98,1,759,5,4130,52,50
759,98,1,760,5,4135,43,50
760,98,1,761,8,4143,74,80
761,98,1,762,7,4150,0,70
762,98,1,763,6,4156,152,60
763,98,1,764,3,4159,28,30
764,98,1,765,3,4162,39,30
765,98,1,766,6,4168,0,60
766,98,1,767,9,4177,150,90
767,98,1,768,6,4183,67,60
768,98,1,769,5,4188,51,50
769,98,1,770,9,4197,80,90
770,98,1,771,9,4206,0,90
771,98,1,772,5,4211,0,50
772,98,1,773,3,4214,0,30
773,98,1,774,6,4220,245,60
774,98,1,775,9,4229,105,90
775,98,1,776,4,4233,27,40
776,98,1,777,7,4240,65,70
777,98,1,778,4,4244,42,40
778,98,1,779,8,4252,0,80
779,98,1,780,7,4259,0,70
780,98,1,781,3,4262,0,30
781,98,1,782,8,4270,254,80
782,98,1,783,4,4274,49,40
783,98,1,784,7,4281,66,70
784,98,1,785,4,4285,0,40
785,98,1,786,2,4287,62,20
786,98,1,787,8,4295,0,80
787,98,1,788,5,4300,135,50
788,98,1,789,7,4307,58,70
789,98,1,790,4,4311,39,40
790,98,1,791,4,4315,0,40
791,98,1,792,2,4317,0,20
792,98,1,793,3,4320,0,30
793,98,1,794,2,4322,0,20
794,98,1,795,6,4328,169,60
795,98,1,796,8,4336,61,80
796,98,1,797,6,4342,76,60
797,98,1,798,7,4349,0,70
798,98,1,799,4,4353,0,40
799,98,1,800,2,4355,143,20
800,98,1,801,8,4363,0,80
801,98,1,802,4,4367,135,40
802,98,1,803,8,4375,86,80
803,98,1,804,4,4379,32,40
804,98,1,805,3,4382,0,30
805,98,1,806,5,4387,0,50
806,98,1,807,4,4391,0,40
807,98,1,808,2,4393,130,20
808,98,1,809,7,4400,61,70
809,98,1,810,4,4404,34,40
810,98,1,811,5,4409,52,50
811,98,1,812,2,4411,0,20
812,98,1,813,2,4413,47,20
813,98,1,814,8,4421,75,80
814,98,1,815,8,4429,79,80
815,98,1,816,2,4431,0,20
816,98,1,817,4,4435,64,40
817,98,1,818,5,4440,0,50
818,98,1,819,6,4446,0,60
819,98,1,820,4,4450,150,40
820,98,1,821,3,4453,47,30
821,98,1,822,5,4458,0,50
822,98,1,823,7,4465,111,70
823,98,1,824,5,4470,0,50
824,98,1,825,8,4478,0,80
825,98,1,826,2,4480,148,20
826,98,1,827,7,4487,75,70
827,98,1,828,5,4492,42,50
828,98,1,829,9,4501,0,90
829,98,1,830,6,4507,0,60
830,98,1,831,7,4514,235,70
831,98,1,832,8,4522,93,80
832,98,1,833,2,4524,31,20
833,98,1,834,4,4528,0,40
834,98,1,835,4,4532,0,40
835,98,1,836,2,4534,0,20
836,98,1,837,2,4536,0,20
837,98,1,838,7,4543,172,70
838,98,1,839,6,4549,0,60
839,98,1,840,8,4557,131,80
840,98,1,841,5,4562,0,50
841,98,1,842,2,4564,0,20
842,98,1,843,9,4573,163,90
843,98,1,844,2,4575,23,20
844,98,1,845,5,4580,0,50
845,98,1,846,8,4588,123,80
846,98,1,847,5,4593,50,50
847,98,1,848,7,4600,67,70
848,98,1,849,8,4608,82,80
849,98,1,850,4,4612,0,40
850,98,1,851,8,4620,114,80
851,98,1,852,3,4623,36,30
852,98,1,853,5,4628,67,50
853,98,1,854,5,4633,0,50
854,98,1,855,2,4635,81,20
855,98,1,856,4,4639,0,40
856,98,1,857,4,4643,73,40
857,98,1,858,8,4651,91,80
858,98,1,859,3,4654,29,30
859,98,1,860,8,4662,74,80
860,98,1,861,2,4664,0,20
861,98,1,862,3,4667,53,30
862,98,1,863,8,4675,0,80
863,98,1,864,5,4680,0,50
864,98,1,865,6,4686,0,60
865,98,1,866,2,4688,217,20
866,98,1,867,6,4694,66,60
867,98,1,868,9,4703,0,90
868,98,1,869,4,4707,124,40
869,98,1,870,7,4714,0,70
870,98,1,871,3,4717,0,30
871,98,1,872,5,4722,155,50
872,98,1,873,9,4731,79,90
873,98,1,874,5,4736,62,50
874,98,1,875,4,4740,0,40
875,98,1,876,2,4742,60,20
876,98,1,877,2,4744,15,20
877,98,1,878,6,4750,67,60
878,98,1,879,4,4754,35,40
879,98,1,880,9,4763,0,90
880,98,1,881,8,4771,148,80
881,98,1,882,6,4777,60,60
882,98,1,883,9,4786,86,90
883,98,1,884,3,4789,37,30
884,98,1,885,9,4798,90,90
885,98,1,886,3,4801,40,30
886,98,1,887,2,4803,16,20
887,98,1,888,9,4812,76,90
888,98,1,889,2,4814,0,20
889,98,1,890,3,4817,43,30
890,98,1,891,9,4826,0,90
891,98,1,892,3,4829,0,30
892,98,1,893,6,4835,205,60
893,98,1,894,5,4840,51,50
894,98,1,895,2,4842,0,20
895,98,1,896,3,4845,0,30
896,98,1,897,5,4850,87,50
897,98,1,898,6,4856,53,60
898,98,1,899,4,4860,0,40
899,98,1,900,8,4868,131,80
900,98,1,901,5,4873,0,50
901,98,1,902,7,4880,124,70
902,98,1,903,9,4889,72,90
903,98,1,904,8,4897,73,80
904,98,1,905,3,4900,30,30
905,98,1,906,6,4906,63,60
906,98,1,907,3,4909,35,30
907,98,1,908,8,4917,60,80
908,98,1,909,7,4924,61,70
909,98,1,910,2,4926,17,20
910,98,1,911,6,4932,59,60
911,98,1,912,6,4938,65,60
912,98,1,913,9,4947,89,90
913,98,1,914,2,4949,19,20
914,98,1,915,3,4952,0,30
915,98,1,916,6,4958,75,60
916,98,1,917,5,4963,61,50
917,98,1,918,3,4966,0,30
918,98,1,919,3,4969,0,30
919,98,1,920,9,4978,159,90
920,98,1,921,5,4983,38,50
921,98,1,922,7,4990,0,70
922,98,1,923,8,4998,154,80
923,98,2,1,7,7,65,70
924,98,2,2,6,13,61,60
925,98,2,3,5,18,51,50
926,98,2,4,7,25,72,70
927,98,2,5,2,27,0,20
928,98,2,6,9,36,115,90
929,98,2,7,9,45,82,90
930,98,2,8,7,52,78,70
931,98,2,9,4,56,36,40
932,98,2,10,2,58,14,20
933,98,2,11,8,66,71,80
934,98,2,12,7,73,60,70
935,98,2,13,9,82,93,90
936,98,2,14,4,86,0,40
937,98,2,15,5,91,0,50
938,98,2,16,8,99,0,80
939,98,2,17,4,103,227,40
940,98,2,18,7,110,67,70
941,98,2,19,6,116,50,60
942,98,2,20,6,122,0,60
943,98,2,21,4,126,117,40
944,98,2,22,9,135,96,90
945,98,2,23,2,137,0,20
946,98,2,24,8,145,108,80
947,98,2,25,9,154,95,90
948,98,2,26,6,160,0,60
949,98,2,27,2,162,73,20
950,98,2,28,5,167,67,50
951,98,2,29,4,171,42,40
952,98,2,30,2,173,25,20
953,98,2,31,9,182,100,90
954,98,2,32,5,187,41,50
955,98,2,33,7,194,75,70
956,98,2,34,9,203,95,90
957,98,2,35,4,207,48,40
958,98,2,36,6,213,55,60
959,98,2,37,9,222,0,90
960,98,2,38,7,229,163,70
961,98,2,39,6,235,52,60
962,98,2,40,4,239,0,40
963,98,2,41,4,243,78,40
964,98,2,42,2,245,21,20
965,98,2,43,9,254,94,90
966,98,2,44,8,262,63,80
967,98,2,45,5,267,0,50
968,98,2,46,8,275,145,80
969,98,2,47,9,284,86,90
970,98,2,48,6,290,60,60
971,98,2,49,2,292,18,20
972,98,2,50,9,301,78,90
973,98,2,51,2,303,19,20
974,98,2,52,5,308,59,50
975,98,2,53,6,314,0,60
976,98,2,54,2,316,64,20
977,98,2,55,7,323,75,70
978,98,2,56,2,325,16,20
979,98,2,57,5,330,41,50
980,98,2,58,3,333,23,30
981,98,2,59,8,341,0,80
982,98,2,60,9,350,185,90
983,98,2,61,4,354,36,40
984,98,2,62,2,356,18,20
985,98,2,63,5,361,0,50
986,98,2,64,9,370,0,90
987,98,2,65,2,372,0,20
988,98,2,66,6,378,213,60
989,98,2,67,5,383,49,50
990,98,2,68,7,390,65,70
991,98,2,69,9,399,82,90
992,98,2,70,2,401,18,20
993,98,2,71,6,407,62,60
994,98,2,72,2,409,0,20
995,98,2,73,8,417,100,80
996,98,2,74,7,424,87,70
997,98,2,75,4,428,42,40
998,98,2,76,2,430,13,20
999,98,2,77,6,436,58,60
1000,98,2,78,7,443,70,70
1001,98,2,79,7,450,0,70
1002,98,2,80,6,456,122,60
1003,98,2,81,3,459,0,30
1004,98,2,82,7,466,0,70
1005,98,2,83,7,473,0,70
1006,98,2,84,4,477,206,40
1007,98,2,85,4,481,38,40
1008,98,2,86,2,483,28,20
1009,98,2,87,5,488,54,50
1010,98,2,88,3,491,26,30
1011,98,2,89,5,496,53,50
1012,98,2,90,7,503,0,70
1013,98,2,91,8,511,172,80
1014,98,2,92,8,519,67,80
1015,98,2,93,2,521,25,20
1016,98,2,94,8,529,82,80
1017,98,2,95,9,538,67,90
1018,98,2,96,8,546,70,80
1019,98,2,97,6,552,56,60
1020,98,2,98,2,554,21,20
1021,98,2,99,4,558,0,40
1022,98,2,100,6,564,0,60
1023,98,2,101,9,573,0,90
1024,98,2,102,9,582,274,90
1025,98,2,103,4,586,41,40
1026,98,2,104,5,591,56,50
1027,98,2,105,9,600,85,90
1028,98,2,106,2,602,0,20
1029,98,2,107,2,604,31,20
1030,98,2,108,4,608,45,40
1031,98,2,109,2,610,24,20
1032,98,2,110,8,618,75,80
1033,98,2,111,6,624,0,60
1034,98,2,112,4,628,0,40
1035,98,2,113,3,631,141,30
1036,98,2,114,2,633,17,20
1037,98,2,115,9,642,94,90
1038,98,2,116,8,650,75,80
1039,98,2,117,3,653,0,30
1040,98,2,118,2,655,0,20
1041,98,2,119,5,660,99,50
1042,98,2,120,3,663,38,30
1043,98,2,121,3,666,38,30
1044,98,2,122,4,670,49,40
1045,98,2,123,7,677,74,70
1046,98,2,124,9,686,69,90
1047,98,2,125,8,694,74,80
1048,98,2,126,7,701,0,70
1049,98,2,127,4,705,131,40
1050,98,2,128,6,711,67,60
1051,98,2,129,3,714,24,30
1052,98,2,130,5,719,50,50
1053,98,2,131,6,725,55,60
1054,98,2,132,3,728,21,30
1055,98,2,133,9,737,76,90
1056,98,2,134,7,744,72,70
1057,98,2,135,5,749,51,50
1058,98,2,136,4,753,31,40
1059,98,2,137,8,761,0,80
1060,98,2,138,9,770,174,90
1061,98,2,139,9,779,94,90
1062,98,2,140,7,786,0,70
1063,98,2,141,6,792,0,60
1064,98,2,142,6,798,179,60
1065,98,2,143,8,806,0,80
1066,98,2,144,6,812,0,60
1067,98,2,145,7,819,0,70
1068,98,2,146,3,822,261,30
1069,98,2,147,9,831,0,90
1070,98,2,148,2,833,109,20
1071,98,2,149,8,841,85,80
1072,98,2,150,2,843,15,20
1073,98,2,151,2,845,0,20
1074,98,2,152,4,849,60,40
1075,98,2,153,4,853,39,40
1076,98,2,154,6,859,62,60
1077,98,2,155,5,864,0,50
1078,98,2,156,2,866,0,20
1079,98,2,157,8,874,140,80
1080,98,2,158,7,881,76,70
1081,98,2,159,6,887,63,60
1082,98,2,160,7,894,59,70
1083,98,2,161,9,903,83,90
1084,98,2,162,7,910,60,70
1085,98,2,163,9,919,0,90
1086,98,2,164,4,923,146,40
1087,98,2,165,5,928,0,50
1088,98,2,166,2,930,0,20
1089,98,2,167,5,935,126,50
1090,98,2,168,9,944,71,90
1091,98,2,169,9,953,0,90
1092,98,2,170,5,958,138,50
1093,98,2,171,8,966,87,80
1094,98,2,172,7,973,72,70
1095,98,2,173,9,982,0,90
1096,98,2,174,5,987,0,50
1097,98,2,175,3,990,175,30
1098,98,2,176,2,992,25,20
1099,98,2,177,4,996,39,40
1100,98,2,178,2,998,18,20
1101,98,2,179,8,1006,82,80
1102,98,2,180,5,1011,0,50
1103,98,2,181,8,1019,152,80
1104,98,2,182,4,1023,0,40
1105,98,2,183,3,1026,61,30
1106,98,2,184,8,1034,79,80
1107,98,2,185,2,1036,16,20
1108,98,2,186,8,1044,76,80
1109,98,2,187,6,1050,0,60
1110,98,2,188,8,1058,144,80
1111,98,2,189,4,1062,27,40
1112,98,2,190,4,1066,43,40
1113,98,2,191,6,1072,0,60
1114,98,2,192,3,1075,0,30
1115,98,2,193,7,1082,148,70
1116,98,2,194,7,1089,60,70
1117,98,2,195,8,1097,74,80
1118,98,2,196,2,1099,0,20
1119,98,2,197,7,1106,87,70
1120,98,2,198,8,1114,84,80
1121,98,2,199,8,1122,80,80
1122,98,2,200,5,1127,47,50
1123,98,2,201,2,1129,0,20
1124,98,2,202,9,1138,107,90
1125,98,2,203,5,1143,50,50
1126,98,2,204,9,1152,86,90
1127,98,2,205,6,1158,0,60
1128,98,2,206,3,1161,0,30
1129,98,2,207,6,1167,0,60
1130,98,2,208,9,1176,230,90
1131,98,2,209,4,1180,37,40
1132,98,2,210,7,1187,62,70
1133,98,2,211,4,1191,38,40
1134,98,2,212,5,1196,47,50
1135,98,2,213,3,1199,0,30
1136,98,2,214,3,1202,0,30
1137,98,2,215,7,1209,122,70
1138,98,2,216,5,1214,48,50
1139,98,2,217,6,1220,63,60
1140,98,2,218,3,1223,0,30
1141,98,2,219,5,1228,82,50
1142,98,2,220,4,1232,0,40
1143,98,2,221,9,1241,142,90
1144,98,2,222,3,1244,29,30
1145,98,2,223,8,1252,92,80
1146,98,2,224,3,1255,24,30
1147,98,2,225,5,1260,39,50
1148,98,2,226,4,1264,0,40
1149,98,2,227,5,1269,98,50
1150,98,2,228,3,1272,0,30
1151,98,2,229,7,1279,87,70
1152,98,2,230,8,1287,94,80
1153,98,2,231,5,1292,52,50
1154,98,2,232,5,1297,51,50
1155,98,2,233,5,1302,57,50
1156,98,2,234,8,1310,83,80
1157,98,2,235,2,1312,23,20
1158,98,2,236,7,1319,0,70
1159,98,2,237,3,1322,91,30
1160,98,2,238,7,1329,0,70
1161,98,2,239,7,1336,154,70
1162,98,2,240,7,1343,79,70
1163,98,2,241,6,1349,60,60
1164,98,2,242,4,1353,34,40
1165,98,2,243,3,1356,26,30
1166,98,2,244,4,1360,44,40
1167,98,2,245,6,1366,0,60
1168,98,2,246,7,1373,0,70
1169,98,2,247,8,1381,0,80
1170,98,2,248,8,1389,0,80
1171,98,2,249,3,1392,0,30
1172,98,2,250,3,1395,319,30
1173,98,2,251,3,1398,29,30
1174,98,2,252,5,1403,0,50
1175,98,2,253,5,1408,90,50
1176,98,2,254,3,1411,0,30
1177,98,2,255,6,1417,100,60
1178,98,2,256,9,1426,88,90
1179,98,2,257,7,1433,0,70
1180,98,2,258,7,1440,132,70
1181,98,2,259,7,1447,62,70
1182,98,2,260,5,1452,55,50
1183,98,2,261,7,1459,0,70
1184,98,2,262,6,1465,0,60
1185,98,2,263,3,1468,161,30
1186,98,2,264,5,1473,39,50
1187,98,2,265,7,1480,0,70
1188,98,2,266,3,1483,103,30
1189,98,2,267,7,1490,78,70
1190,98,2,268,7,1497,73,70
1191,98,2,269,4,1501,38,40
1192,98,2,270,8,1509,0,80
1193,98,2,271,2,1511,99,20
1194,98,2,272,7,1518,71,70
1195,98,2,273,5,1523,0,50
1196,98,2,274,7,1530,105,70
1197,98,2,275,8,1538,0,80
1198,98,2,276,3,1541,108,30
1199,98,2,277,2,1543,16,20
1200,98,2,278,4,1547,45,40
1201,98,2,279,4,1551,34,40
1202,98,2,280,3,1554,34,30
1203,98,2,281,2,1556,18,20
1204,98,2,282,7,1563,52,70
1205,98,2,283,9,1572,87,90
1206,98,2,284,8,1580,0,80
1207,98,2,285,8,1588,0,80
1208,98,2,286,2,1590,0,20
1209,98,2,287,3,1593,0,30
1210,98,2,288,5,1598,255,50
1211,98,2,289,7,1605,0,70
1212,98,2,290,5,1610,0,50
1213,98,2,291,8,1618,204,80
1214,98,2,292,7,1625,0,70
1215,98,2,293,6,1631,131,60
1216,98,2,294,7,1638,74,70
1217,98,2,295,9,1647,83,90
1218,98,2,296,3,1650,0,30
1219,98,2,297,8,1658,0,80
1220,98,2,298,3,1661,150,30
1221,98,2,299,7,1668,86,70
1222,98,2,300,3,1671,29,30
1223,98,2,301,9,1680,80,90
1224,98,2,302,7,1687,0,70
1225,98,2,303,3,1690,0,30
1226,98,2,304,5,1695,146,50
1227,98,2,305,8,1703,83,80
1228,98,2,306,5,1708,0,50
1229,98,2,307,8,1716,131,80
1230,98,2,308,6,1722,44,60
1231,98,2,309,7,1729,0,70
1232,98,2,310,6,1735,122,60
1233,98,2,311,4,1739,29,40
1234,98,2,312,9,1748,87,90
1235,98,2,313,6,1754,64,60
1236,98,2,314,7,1761,0,70
1237,98,2,315,5,1766,133,50
1238,98,2,316,6,1772,65,60
1239,98,2,317,2,1774,18,20
1240,98,2,318,4,1778,48,40
1241,98,2,319,2,1780,0,20
1242,98,2,320,5,1785,0,50
1243,98,2,321,7,1792,124,70
1244,98,2,322,5,1797,44,50
1245,98,2,323,4,1801,45,40
1246,98,2,324,4,1805,55,40
1247,98,2,325,2,1807,14,20
1248,98,2,326,4,1811,38,40
1249,98,2,327,6,1817,0,60
1250,98,2,328,7,1824,139,70
1251,98,2,329,8,1832,80,80
1252,98,2,330,3,1835,30,30
1253,98,2,331,6,1841,51,60
1254,98,2,332,6,1847,68,60
1255,98,2,333,8,1855,0,80
1256,98,2,334,4,1859,96,40
1257,98,2,335,9,1868,0,90
1258,98,2,336,2,1870,92,20
1259,98,2,337,5,1875,50,50
1260,98,2,338,4,1879,0,40
1261,98,2,339,4,1883,76,40
1262,98,2,340,6,1889,78,60
1263,98,2,341,2,1891,23,20
1264,98,2,342,5,1896,0,50
1265,98,2,343,9,1905,0,90
1266,98,2,344,7,1912,196,70
1267,98,2,345,4,1916,0,40
1268,98,2,346,7,1923,0,70
1269,98,2,347,7,1930,202,70
1270,98,2,348,7,1937,0,70
1271,98,2,349,9,1946,0,90
1272,98,2,350,5,1951,202,50
1273,98,2,351,9,1960,90,90
1274,98,2,352,3,1963,36,30
1275,98,2,353,6,1969,83,60
1276,98,2,354,7,1976,70,70
1277,98,2,355,4,1980,47,40
1278,98,2,356,9,1989,81,90
1279,98,2,357,7,1996,62,70
1280,98,2,358,7,2003,81,70
1281,98,2,359,3,2006,0,30
1282,98,2,360,3,2009,0,30
1283,98,2,361,3,2012,89,30
1284,98,2,362,6,2018,60,60
1285,98,2,363,6,2024,76,60
1286,98,2,364,9,2033,87,90
1287,98,2,365,4,2037,36,40
1288,98,2,366,8,2045,89,80
1289,98,2,367,9,2054,97,90
1290,98,2,368,5,2059,63,50
1291,98,2,369,4,2063,45,40
1292,98,2,370,4,2067,0,40
1293,98,2,371,3,2070,71,30
1294,98,2,372,7,2077,69,70
1295,98,2,373,9,2086,92,90
1296,98,2,374,9,2095,84,90
1297,98,2,375,2,2097,23,20
1298,98,2,376,2,2099,18,20
1299,98,2,377,9,2108,87,90
1300,98,2,378,2,2110,0,20
1301,98,2,379,5,2115,67,50
1302,98,2,380,4,2119,35,40
1303,98,2,381,5,2124,47,50
1304,98,2,382,8,2132,89,80
1305,98,2,383,3,2135,32,30
1306,98,2,384,2,2137,12,20
1307,98,2,385,4,2141,35,40
1308,98,2,386,3,2144,0,30
1309,98,2,387,2,2146,40,20
1310,98,2,388,8,2154,69,80
1311,98,2,389,5,2159,59,50
1312,98,2,390,5,2164,55,50
1313,98,2,391,7,2171,67,70
1314,98,2,392,9,2180,93,90
1315,98,2,393,9,2189,0,90
1316,98,2,394,5,2194,154,50
1317,98,2,395,3,2197,27,30
1318,98,2,396,2,2199,16,20
1319,98,2,397,7,2206,77,70
1320,98,2,398,4,2210,47,40
1321,98,2,399,7,2217,0,70
1322,98,2,400,5,2222,124,50
1323,98,2,401,4,2226,34,40
1324,98,2,402,8,2234,82,80
1325,98,2,403,4,2238,39,40
1326,98,2,404,6,2244,58,60
1327,98,2,405,9,2253,93,90
1328,98,2,406,6,2259,67,60
1329,98,2,407,2,2261,20,20
1330,98,2,408,2,2263,0,20
1331,98,2,409,7,2270,59,70
1332,98,2,410,5,2275,0,50
1333,98,2,411,5,2280,91,50
1334,98,2,412,5,2285,55,50
1335,98,2,413,3,2288,0,30
1336,98,2,414,9,2297,135,90
1337,98,2,415,9,2306,98,90
1338,98,2,416,8,2314,73,80
1339,98,2,417,4,2318,35,40
1340,98,2,418,6,2324,0,60
1341,98,2,419,6,2330,126,60
1342,98,2,420,2,2332,0,20
1343,98,2,421,5,2337,0,50
1344,98,2,422,3,2340,100,30
1345,98,2,423,2,2342,19,20
1346,98,2,424,7,2349,68,70
1347,98,2,425,3,2352,37,30
1348,98,2,426,3,2355,35,30
1349,98,2,427,8,2363,0,80
1350,98,2,428,5,2368,137,50
1351,98,2,429,4,2372,44,40
1352,98,2,430,7,2379,62,70
1353,98,2,431,5,2384,62,50
1354,98,2,432,6,2390,49,60
1355,98,2,433,7,2397,0,70
1356,98,2,434,5,2402,0,50
1357,98,2,435,5,2407,195,50
1358,98,2,436,2,2409,0,20
1359,98,2,437,7,2416,0,70
1360,98,2,438,6,2422,135,60
1361,98,2,439,5,2427,68,50
1362,98,2,440,5,2432,44,50
1363,98,2,441,3,2435,32,30
1364,98,2,442,8,2443,88,80
1365,98,2,443,9,2452,78,90
1366,98,2,444,6,2458,52,60
1367,98,2,445,4,2462,41,40
1368,98,2,446,7,2469,63,70
1369,98,2,447,6,2475,0,60
1370,98,2,448,6,2481,111,60
1371,98,2,449,5,2486,58,50
1372,98,2,450,2,2488,26,20
1373,98,2,451,6,2494,0,60
1374,98,2,452,4,2498,111,40
1375,98,2,453,8,2506,0,80
1376,98,2,454,6,2512,141,60
1377,98,2,455,8,2520,65,80
1378,98,2,456,6,2526,0,60
1379,98,2,457,8,2534,0,80
1380,98,2,458,4,2538,194,40
1381,98,2,459,6,2544,0,60
1382,98,2,460,7,2551,152,70
1383,98,2,461,6,2557,54,60
1384,98,2,462,9,2566,84,90
1385,98,2,463,6,2572,67,60
1386,98,2,464,8,2580,83,80
1387,98,2,465,9,2589,97,90
1388,98,2,466,3,2592,33,30
1389,98,2,467,9,2601,102,90
1390,98,2,468,7,2608,72,70
1391,98,2,469,3,2611,32,30
1392,98,2,470,5,2616,67,50
1393,98,2,471,9,2625,86,90
1394,98,2,472,5,2630,59,50
1395,98,2,473,4,2634,39,40
1396,98,2,474,8,2642,83,80
1397,98,2,475,2,2644,19,20
1398,98,2,476,5,2649,0,50
1399,98,2,477,8,2657,122,80
1400,98,2,478,9,2666,86,90
1401,98,2,479,7,2673,60,70
1402,98,2,480,2,2675,26,20
1403,98,2,481,5,2680,48,50
1404,98,2,482,8,2688,83,80
1405,98,2,483,6,2694,60,60
1406,98,2,484,7,2701,72,70
1407,98,2,485,3,2704,0,30
1408,98,2,486,5,2709,79,50
1409,98,2,487,6,2715,0,60
1410,98,2,488,2,2717,0,20
1411,98,2,489,5,2722,0,50
1412,98,2,490,3,2725,165,30
1413,98,2,491,5,2730,0,50
1414,98,2,492,2,2732,73,20
1415,98,2,493,5,2737,0,50
1416,98,2,494,7,2744,123,70
1417,98,2,495,3,2747,0,30
1418,98,2,496,8,2755,109,80
1419,98,2,497,2,2757,0,20
1420,98,2,498,6,2763,95,60
1421,98,2,499,6,2769,0,60
1422,98,2,500,9,2778,147,90
1423,98,2,501,9,2787,95,90
1424,98,2,502,5,2792,46,50
1425,98,2,503,3,2795,35,30
1426,98,2,504,8,2803,0,80
1427,98,2,505,2,2805,0,20
1428,98,2,506,2,2807,107,20
1429,98,2,507,3,2810,0,30
1430,98,2,508,2,2812,47,20
1431,98,2,509,4,2816,44,40
1432,98,2,510,9,2825,77,90
1433,98,2,511,4,2829,0,40
1434,98,2,512,2,2831,0,20
1435,98,2,513,3,2834,107,30
1436,98,2,514,3,2837,26,30
1437,98,2,515,9,2846,0,90
1438,98,2,516,3,2849,0,30
1439,98,2,517,7,2856,0,70
1440,98,2,518,5,2861,226,50
1441,98,2,519,5,2866,0,50
1442,98,2,520,4,2870,0,40
1443,98,2,521,4,2874,129,40
1444,98,2,522,6,2880,46,60
1445,98,2,523,9,2889,0,90
1446,98,2,524,8,2897,0,80
1447,98,2,525,8,2905,267,80
1448,98,2,526,8,2913,72,80
1449,98,2,527,5,2918,50,50
1450,98,2,528,5,2923,36,50
1451,98,2,529,3,2926,39,30
1452,98,2,530,7,2933,78,70
1453,98,2,531,3,2936,0,30
1454,98,2,532,8,2944,120,80
1455,98,2,533,4,2948,36,40
1456,98,2,534,9,2957,99,90
1457,98,2,535,8,2965,80,80
1458,98,2,536,9,2974,84,90
1459,98,2,537,9,2983,0,90
1460,98,2,538,3,2986,130,30
1461,98,2,539,3,2989,34,30
1462,98,2,540,2,2991,14,20
1463,98,2,541,7,2998,78,70
1464,98,2,542,9,3007,102,90
1465,98,2,543,7,3014,72,70
1466,98,2,544,4,3018,45,40
1467,98,2,545,4,3022,51,40
1468,98,2,546,8,3030,0,80
1469,98,2,547,3,3033,127,30
1470,98,2,548,3,3036,37,30
1471,98,2,549,9,3045,0,90
1472,98,2,550,8,3053,0,80
1473,98,2,551,7,3060,0,70
1474,98,2,552,5,3065,290,50
1475,98,2,553,9,3074,80,90
1476,98,2,554,7,3081,71,70
1477,98,2,555,9,3090,103,90
1478,98,2,556,9,3099,87,90
1479,98,2,557,2,3101,0,20
1480,98,2,558,9,3110,0,90
1481,98,2,559,8,3118,190,80
1482,98,2,560,3,3121,0,30
1483,98,2,561,4,3125,0,40
1484,98,2,562,3,3128,94,30
1485,98,2,563,4,3132,0,40
1486,98,2,564,9,3141,0,90
1487,98,2,565,6,3147,175,60
1488,98,2,566,6,3153,53,60
1489,98,2,567,7,3160,52,70
1490,98,2,568,5,3165,0,50
1491,98,2,569,2,3167,0,20
1492,98,2,570,4,3171,93,40
1493,98,2,571,5,3176,49,50
1494,98,2,572,5,3181,46,50
1495,98,2,573,6,3187,0,60
1496,98,2,574,7,3194,141,70
1497,98,2,575,5,3199,49,50
1498,98,2,576,2,3201,15,20
1499,98,2,577,2,3203,23,20
1500,98,2,578,8,3211,68,80
1501,98,2,579,7,3218,66,70
1502,98,2,580,6,3224,61,60
1503,98,2,581,7,3231,66,70
1504,98,2,582,8,3239,75,80
1505,98,2,583,9,3248,0,90
1506,98,2,584,5,3253,120,50
1507,98,2,585,2,3255,14,20
1508,98,2,586,9,3264,81,90
1509,98,2,587,9,3273,0,90
1510,98,2,588,7,3280,172,70
1511,98,2,589,2,3282,31,20
1512,98,2,590,9,3291,92,90
1513,98,2,591,4,3295,35,40
1514,98,2,592,7,3302,0,70
1515,98,2,593,7,3309,140,70
1516,98,2,594,3,3312,25,30
1517,98,2,595,8,3320,0,80
1518,98,2,596,7,3327,0,70
1519,98,2,597,4,3331,175,40
1520,98,2,598,3,3334,0,30
1521,98,2,599,4,3338,71,40
1522,98,2,600,3,3341,35,30
1523,98,2,601,9,3350,89,90
1524,98,2,602,4,3354,46,40
1525,98,2,603,2,3356,18,20
1526,98,2,604,6,3362,0,60
1527,98,2,605,9,3371,0,90
1528,98,2,606,5,3376,0,50
1529,98,2,607,3,3379,266,30
1530,98,2,608,5,3384,47,50
1531,98,2,609,8,3392,85,80
1532,98,2,610,6,3398,51,60
1533,98,2,611,5,3403,41,50
1534,98,2,612,5,3408,52,50
1535,98,2,613,6,3414,0,60
1536,98,2,614,7,3421,133,70
1537,98,2,615,9,3430,0,90
1538,98,2,616,6,3436,138,60
1539,98,2,617,9,3445,79,90
1540,98,2,618,3,3448,27,30
1541,98,2,619,2,3450,15,20
1542,98,2,620,9,3459,101,90
1543,98,2,621,9,3468,0,90
1544,98,2,622,6,3474,151,60
1545,98,2,623,6,3480,65,60
1546,98,2,624,7,3487,58,70
1547,98,2,625,6,3493,58,60
1548,98,2,626,7,3500,62,70
1549,98,2,627,6,3506,58,60
1550,98,2,628,9,3515,0,90
1551,98,2,629,4,3519,140,40
1552,98,2,630,5,3524,51,50
1553,98,2,631,2,3526,24,20
1554,98,2,632,3,3529,39,30
1555,98,2,633,2,3531,17,20
1556,98,2,634,8,3539,72,80
1557,98,2,635,6,3545,0,60
1558,98,2,636,4,3549,96,40
1559,98,2,637,4,3553,28,40
1560,98,2,638,5,3558,45,50
1561,98,2,639,3,3561,24,30
1562,98,2,640,3,3564,19,30
1563,98,2,641,6,3570,0,60
1564,98,2,642,6,3576,123,60
1565,98,2,643,3,3579,30,30
1566,98,2,644,2,3581,0,20
1567,98,2,645,7,3588,87,70
1568,98,2,646,8,3596,84,80
1569,98,2,647,6,3602,51,60
1570,98,2,648,6,3608,71,60
1571,98,2,649,3,3611,40,30
1572,98,2,650,6,3617,63,60
1573,98,2,651,2,3619,12,20
1574,98,2,652,4,3623,32,40
1575,98,2,653,2,3625,17,20
1576,98,2,654,7,3632,62,70
1577,98,2,655,2,3634,23,20
1578,98,2,656,9,3643,85,90
1579,98,2,657,5,3648,51,50
1580,98,2,658,3,3651,0,30
1581,98,2,659,5,3656,94,50
1582,98,2,660,4,3660,0,40
1583,98,2,661,5,3665,98,50
1584,98,2,662,3,3668,27,30
1585,98,2,663,2,3670,17,20
1586,98,2,664,6,3676,0,60
1587,98,2,665,7,3683,0,70
1588,98,2,666,8,3691,198,80
1589,98,2,667,2,3693,13,20
1590,98,2,668,6,3699,0,60
1591,98,2,669,3,3702,98,30
1592,98,2,670,4,3706,0,40
1593,98,2,671,8,3714,141,80
1594,98,2,672,6,3720,74,60
1595,98,2,673,5,3725,40,50
1596,98,2,674,4,3729,0,40
1597,98,2,675,7,3736,115,70
1598,98,2,676,9,3745,0,90
1599,98,2,677,2,3747,103,20
1600,98,2,678,7,3754,0,70
1601,98,2,679,8,3762,155,80
1602,98,2,680,4,3766,43,40
1603,98,2,681,6,3772,58,60
1604,98,2,682,8,3780,63,80
1605,98,2,683,4,3784,33,40
1606,98,2,684,4,3788,39,40
1607,98,2,685,9,3797,84,90
1608,98,2,686,8,3805,73,80
1609,98,2,687,6,3811,0,60
1610,98,2,688,6,3817,126,60
1611,98,2,689,3,3820,0,30
1612,98,2,690,3,3823,59,30
1613,98,2,691,7,3830,74,70
1614,98,2,692,2,3832,28,20
1615,98,2,693,8,3840,77,80
1616,98,2,694,9,3849,99,90
1617,98,2,695,4,3853,38,40
1618,98,2,696,8,3861,72,80
1619,98,2,697,5,3866,51,50
1620,98,2,698,4,3870,39,40
1621,98,2,699,7,3877,81,70
1622,98,2,700,5,3882,51,50
1623,98,2,701,5,3887,41,50
1624,98,2,702,5,3892,51,50
1625,98,2,703,7,3899,0,70
1626,98,2,704,7,3906,155,70
1627,98,2,705,2,3908,22,20
1628,98,2,706,6,3914,0,60
1629,98,2,707,5,3919,93,50
1630,98,2,708,7,3926,54,70
1631,98,2,709,7,3933,69,70
1632,98,2,710,5,3938,54,50
1633,98,2,711,6,3944,59,60
1634,98,2,712,2,3946,13,20
1635,98,2,713,6,3952,60,60
1636,98,2,714,7,3959,72,70
1637,98,2,715,2,3961,20,20
1638,98,2,716,9,3970,0,90
1639,98,2,717,8,3978,0,80
1640,98,2,718,6,3984,262,60
1641,98,2,719,9,3993,69,90
1642,98,2,720,5,3998,0,50
1643,98,2,721,8,4006,143,80
1644,98,2,722,5,4011,46,50
1645,98,2,723,2,4013,13,20
1646,98,2,724,5,4018,0,50
1647,98,2,725,7,4025,0,70
1648,98,2,726,9,4034,214,90
1649,98,2,727,8,4042,89,80
1650,98,2,728,2,4044,22,20
1651,98,2,729,2,4046,0,20
1652,98,2,730,3,4049,0,30
1653,98,2,731,8,4057,135,80
1654,98,2,732,4,4061,41,40
1655,98,2,733,2,4063,0,20
1656,98,2,734,4,4067,65,40
1657,98,2,735,3,4070,0,30
1658,98,2,736,4,4074,77,40
1659,98,2,737,2,4076,15,20
1660,98,2,738,9,4085,97,90
1661,98,2,739,6,4091,60,60
1662,98,2,740,8,4099,0,80
1663,98,2,741,4,4103,133,40
1664,98,2,742,2,4105,27,20
1665,98,2,743,8,4113,83,80
1666,98,2,744,3,4116,24,30
1667,98,2,745,2,4118,21,20
1668,98,2,746,9,4127,84,90
1669,98,2,747,8,4135,82,80
1670,98,2,748,8,4143,81,80
1671,98,2,749,7,4150,78,70
1672,98,2,750,2,4152,24,20
1673,98,2,751,2,4154,21,20
1674,98,2,752,7,4161,78,70
1675,98,2,753,4,4165,33,40
1676,98,2,754,8,4173,85,80
1677,98,2,755,2,4175,29,20
1678,98,2,756,4,4179,0,40
1679,98,2,757,9,4188,108,90
1680,98,2,758,7,4195,80,70
1681,98,2,759,9,4204,85,90
1682,98,2,760,3,4207,19,30
1683,98,2,761,9,4216,83,90
1684,98,2,762,9,4225,0,90
1685,98,2,763,8,4233,174,80
1686,98,2,764,4,4237,35,40
1687,98,2,765,4,4241,0,40
1688,98,2,766,5,4246,0,50
1689,98,2,767,8,4254,0,80
1690,98,2,768,8,4262,0,80
1691,98,2,769,3,4265,268,30
1692,98,2,770,5,4270,0,50
1693,98,2,771,3,4273,101,30
1694,98,2,772,6,4279,63,60
1695,98,2,773,6,4285,57,60
1696,98,2,774,7,4292,69,70
1697,98,2,775,8,4300,95,80
1698,98,2,776,9,4309,87,90
1699,98,2,777,6,4315,60,60
1700,98,2,778,3,4318,36,30
1701,98,2,779,2,4320,20,20
1702,98,2,780,8,4328,91,80
1703,98,2,781,3,4331,32,30
1704,98,2,782,4,4335,42,40
1705,98,2,783,6,4341,58,60
1706,98,2,784,9,4350,90,90
1707,98,2,785,8,4358,0,80
1708,98,2,786,3,4361,96,30
1709,98,2,787,9,4370,106,90
1710,98,2,788,8,4378,66,80
1711,98,2,789,8,4386,80,80
1712,98,2,790,4,4390,42,40
1713,98,2,791,2,4392,13,20
1714,98,2,792,4,4396,0,40
1715,98,2,793,3,4399,62,30
1716,98,2,794,7,4406,64,70
1717,98,2,795,9,4415,0,90
1718,98,2,796,5,4420,133,50
1719,98,2,797,6,4426,47,60
1720,98,2,798,2,4428,22,20
1721,98,2,799,6,4434,68,60
1722,98,2,800,5,4439,45,50
1723,98,2,801,7,4446,64,70
1724,98,2,802,6,4452,0,60
1725,98,2,803,8,4460,128,80
1726,98,2,804,9,4469,0,90
1727,98,2,805,2,4471,115,20
1728,98,2,806,6,4477,61,60
1729,98,2,807,6,4483,59,60
1730,98,2,808,7,4490,77,70
1731,98,2,809,7,4497,69,70
1732,98,2,810,7,4504,65,70
1733,98,2,811,6,4510,0,60
1734,98,2,812,2,4512,90,20
1735,98,2,813,7,4519,64,70
1736,98,2,814,8,4527,83,80
1737,98,2,815,9,4536,86,90
1738,98,2,816,5,4541,45,50
1739,98,2,817,9,4550,71,90
1740,98,2,818,8,4558,70,80
1741,98,2,819,4,4562,34,40
1742,98,2,820,9,4571,96,90
1743,98,2,821,9,4580,74,90
1744,98,2,822,2,4582,31,20
1745,98,2,823,3,4585,0,30
1746,98,2,824,6,4591,92,60
1747,98,2,825,7,4598,71,70
1748,98,2,826,7,4605,0,70
1749,98,2,827,9,4614,178,90
1750,98,2,828,9,4623,0,90
1751,98,2,829,7,4630,0,70
1752,98,2,830,5,4635,0,50
1753,98,2,831,6,4641,0,60
1754,98,2,832,6,4647,343,60
1755,98,2,833,5,4652,55,50
1756,98,2,834,3,4655,19,30
1757,98,2,835,8,4663,70,80
1758,98,2,836,6,4669,64,60
1759,98,2,837,3,4672,34,30
1760,98,2,838,2,4674,0,20
1761,98,2,839,9,4683,129,90
1762,98,2,840,2,4685,18,20
1763,98,2,841,4,4689,0,40
1764,98,2,842,5,4694,0,50
1765,98,2,843,3,4697,126,30
1766,98,2,844,4,4701,47,40
1767,98,2,845,8,4709,88,80
1768,98,2,846,6,4715,47,60
1769,98,2,847,6,4721,0,60
1770,98,2,848,3,4724,0,30
1771,98,2,849,5,4729,0,50
1772,98,2,850,2,4731,172,20
1773,98,2,851,9,4740,0,90
1774,98,2,852,6,4746,146,60
1775,98,2,853,3,4749,25,30
1776,98,2,854,2,4751,19,20
1777,98,2,855,6,4757,46,60
1778,98,2,856,8,4765,72,80
1779,98,2,857,2,4767,27,20
1780,98,2,858,7,4774,73,70
1781,98,2,859,7,4781,66,70
1782,98,2,860,5,4786,57,50
1783,98,2,861,2,4788,0,20
1784,98,2,862,8,4796,95,80
1785,98,2,863,5,4801,48,50
1786,98,2,864,9,4810,0,90
1787,98,2,865,9,4819,0,90
1788,98,2,866,2,4821,194,20
1789,98,2,867,8,4829,61,80
1790,98,2,868,9,4838,68,90
1791,98,2,869,9,4847,86,90
1792,98,2,870,6,4853,69,60
1793,98,2,871,6,4859,0,60
1794,98,2,872,3,4862,80,30
1795,98,2,873,5,4867,47,50
1796,98,2,874,5,4872,0,50
1797,98,2,875,2,4874,49,20
1798,98,2,876,4,4878,40,40
1799,98,2,877,3,4881,36,30
1800,98,2,878,7,4888,0,70
1801,98,2,879,6,4894,0,60
1802,98,2,880,6,4900,182,60
1803,98,2,881,8,4908,0,80
1804,98,2,882,2,4910,95,20
1805,98,2,883,4,4914,0,40
1806,98,2,884,8,4922,0,80
1807,98,2,885,8,4930,205,80
1808,98,2,886,6,4936,0,60
1809,98,2,887,7,4943,133,70
1810,98,2,888,5,4948,55,50
1811,98,2,889,7,4955,60,70
1812,98,2,890,2,4957,19,20
1813,98,2,891,3,4960,33,30
1814,98,2,892,9,4969,0,90
1815,98,2,893,8,4977,160,80
1816,98,2,894,9,4986,90,90
1817,98,2,895,2,4988,28,20
1818,98,2,896,7,4995,70,70
1819,98,2,897,4,4999,0,40
1820,98,3,1,3,3,22,30
1821,98,3,2,5,8,0,50
1822,98,3,3,8,16,0,80
1823,98,3,4,2,18,160,20
1824,98,3,5,9,27,89,90
1825,98,3,6,6,33,0,60
1826,98,3,7,2,35,0,20
1827,98,3,8,9,44,167,90
1828,98,3,9,2,46,0,20
1829,98,3,10,2,48,42,20
1830,98,3,11,3,51,28,30
1831,98,3,12,8,59,74,80
1832,98,3,13,2,61,0,20
1833,98,3,14,6,67,0,60
1834,98,3,15,8,75,143,80
1835,98,3,16,2,77,0,20
1836,98,3,17,5,82,76,50
1837,98,3,18,9,91,102,90
1838,98,3,19,3,94,21,30
1839,98,3,20,2,96,0,20
1840,98,3,21,8,104,109,80
1841,98,3,22,6,110,61,60
1842,98,3,23,5,115,73,50
1843,98,3,24,8,123,80,80
1844,98,3,25,9,132,99,90
1845,98,3,26,8,140,0,80
1846,98,3,27,7,147,0,70
1847,98,3,28,9,156,0,90
1848,98,3,29,3,159,268,30
1849,98,3,30,8,167,90,80
1850,98,3,31,2,169,0,20
1851,98,3,32,6,175,81,60
1852,98,3,33,8,183,83,80
1853,98,3,34,6,189,50,60
1854,98,3,35,8,197,0,80
1855,98,3,36,9,206,168,90
1856,98,3,37,3,209,33,30
1857,98,3,38,6,215,72,60
1858,98,3,39,8,223,0,80
1859,98,3,40,5,228,148,50
1860,98,3,41,7,235,73,70
1861,98,3,42,2,237,0,20
1862,98,3,43,8,245,102,80
1863,98,3,44,4,249,0,40
1864,98,3,45,5,254,76,50
1865,98,3,46,7,261,0,70
1866,98,3,47,4,265,97,40
1867,98,3,48,4,269,34,40
1868,98,3,49,4,273,34,40
1869,98,3,50,8,281,84,80
1870,98,3,51,5,286,67,50
1871,98,3,52,5,291,55,50
1872,98,3,53,2,293,14,20
1873,98,3,54,7,300,63,70
1874,98,3,55,4,304,29,40
1875,98,3,56,8,312,0,80
1876,98,3,57,2,314,98,20
1877,98,3,58,5,319,41,50
1878,98,3,59,9,328,90,90
1879,98,3,60,8,336,92,80
1880,98,3,61,5,341,46,50
1881,98,3,62,6,347,63,60
1882,98,3,63,2,349,21,20
1883,98,3,64,6,355,61,60
1884,98,3,65,6,361,0,60
1885,98,3,66,4,365,93,40
1886,98,3,67,3,368,27,30
1887,98,3,68,8,376,0,80
1888,98,3,69,3,379,0,30
1889,98,3,70,7,386,0,70
1890,98,3,71,8,394,0,80
1891,98,3,72,4,398,0,40
1892,98,3,73,7,405,404,70
1893,98,3,74,3,408,0,30
1894,98,3,75,5,413,77,50
1895,98,3,76,8,421,0,80
1896,98,3,77,8,429,0,80
1897,98,3,78,4,433,189,40
1898,98,3,79,3,436,0,30
1899,98,3,80,9,445,0,90
1900,98,3,81,4,449,185,40
1901,98,3,82,9,458,0,90
1902,98,3,83,2,460,112,20
1903,98,3,84,5,465,57,50
1904,98,3,85,8,473,84,80
1905,98,3,86,9,482,97,90
1906,98,3,87,4,486,0,40
1907,98,3,88,2,488,63,20
1908,98,3,89,4,492,0,40
1909,98,3,90,2,494,0,20
1910,98,3,91,7,501,123,70
1911,98,3,92,2,503,22,20
1912,98,3,93,8,511,0,80
1913,98,3,94,2,513,0,20
1914,98,3,95,4,517,146,40
1915,98,3,96,8,525,77,80
1916,98,3,97,7,532,68,70
1917,98,3,98,4,536,0,40
1918,98,3,99,8,544,0,80
1919,98,3,100,3,547,173,30
1920,98,3,101,2,549,17,20
1921,98,3,102,7,556,0,70
1922,98,3,103,4,560,109,40
1923,98,3,104,8,568,0,80
1924,98,3,105,3,571,107,30
1925,98,3,106,7,578,84,70
1926,98,3,107,3,581,34,30
1927,98,3,108,7,588,66,70
1928,98,3,109,5,593,52,50
1929,98,3,110,5,598,63,50
1930,98,3,111,5,603,42,50
1931,98,3,112,7,610,0,70
1932,98,3,113,4,614,122,40
1933,98,3,114,7,621,0,70
1934,98,3,115,2,623,79,20
1935,98,3,116,6,629,57,60
1936,98,3,117,6,635,61,60
1937,98,3,118,5,640,0,50
1938,98,3,119,2,642,0,20
1939,98,3,120,7,649,148,70
1940,98,3,121,6,655,0,60
1941,98,3,122,8,663,149,80
1942,98,3,123,6,669,50,60
1943,98,3,124,7,676,62,70
1944,98,3,125,6,682,58,60
1945,98,3,126,9,691,92,90
1946,98,3,127,9,700,100,90
1947,98,3,128,9,709,0,90
1948,98,3,129,3,712,149,30
1949,98,3,130,3,715,31,30
1950,98,3,131,3,718,0,30
1951,98,3,132,8,726,129,80
1952,98,3,133,2,728,24,20
1953,98,3,134,6,734,52,60
1954,98,3,135,2,736,18,20
1955,98,3,136,3,739,33,30
1956,98,3,137,4,743,50,40
1957,98,3,138,4,747,39,40
1958,98,3,139,2,749,16,20
1959,98,3,140,7,756,0,70
1960,98,3,141,4,760,100,40
1961,98,3,142,3,763,26,30
1962,98,3,143,4,767,0,40
1963,98,3,144,5,772,89,50
1964,98,3,145,3,775,33,30
1965,98,3,146,8,783,0,80
1966,98,3,147,9,792,0,90
1967,98,3,148,7,799,229,70
1968,98,3,149,2,801,22,20
1969,98,3,150,4,805,43,40
1970,98,3,151,6,811,66,60
1971,98,3,152,3,814,0,30
1972,98,3,153,9,823,119,90
1973,98,3,154,4,827,36,40
1974,98,3,155,4,831,41,40
1975,98,3,156,4,835,33,40
1976,98,3,157,4,839,31,40
1977,98,3,158,3,842,0,30
1978,98,3,159,9,851,111,90
1979,98,3,160,4,855,35,40
1980,98,3,161,5,860,50,50
1981,98,3,162,3,863,30,30
1982,98,3,163,5,868,43,50
1983,98,3,164,7,875,86,70
1984,98,3,165,5,880,42,50
1985,98,3,166,4,884,0,40
1986,98,3,167,6,890,99,60
1987,98,3,168,5,895,47,50
1988,98,3,169,5,900,57,50
1989,98,3,170,3,903,21,30
1990,98,3,171,2,905,26,20
1991,98,3,172,3,908,28,30
1992,98,3,173,8,916,91,80
1993,98,3,174,6,922,0,60
1994,98,3,175,9,931,0,90
1995,98,3,176,2,933,198,20
1996,98,3,177,7,940,70,70
1997,98,3,178,4,944,45,40
1998,98,3,179,9,953,100,90
1999,98,3,180,6,959,72,60
2000,98,3,181,3,962,22,30
2001,98,3,182,5,967,54,50
2002,98,3,183,3,970,0,30
2003,98,3,184,3,973,0,30
2004,98,3,185,7,980,143,70
2005,98,3,186,6,986,55,60
2006,98,3,187,4,990,47,40
2007,98,3,188,5,995,0,50
2008,98,3,189,3,998,82,30
2009,98,3,190,7,1005,69,70
2010,98,3,191,4,1009,35,40
2011,98,3,192,9,1018,94,90
2012,98,3,193,4,1022,51,40
2013,98,3,194,3,1025,0,30
2014,98,3,195,6,1031,81,60
2015,98,3,196,3,1034,0,30
2016,98,3,197,3,1037,69,30
2017,98,3,198,8,1045,0,80
2018,98,3,199,4,1049,0,40
2019,98,3,200,8,1057,212,80
2020,98,3,201,5,1062,53,50
2021,98,3,202,5,1067,0,50
2022,98,3,203,4,1071,99,40
2023,98,3,204,3,1074,37,30
2024,98,3,205,8,1082,85,80
2025,98,3,206,8,1090,69,80
2026,98,3,207,8,1098,87,80
2027,98,3,208,6,1104,64,60
2028,98,3,209,9,1113,69,90
2029,98,3,210,9,1122,81,90
2030,98,3,211,2,1124,12,20
2031,98,3,212,7,1131,0,70
2032,98,3,213,9,1140,0,90
2033,98,3,214,9,1149,0,90
2034,98,3,215,7,1156,292,70
2035,98,3,216,3,1159,28,30
2036,98,3,217,7,1166,0,70
2037,98,3,218,6,1172,117,60
2038,98,3,219,7,1179,0,70
2039,98,3,220,4,1183,108,40
2040,98,3,221,6,1189,37,60
2041,98,3,222,8,1197,0,80
2042,98,3,223,3,1200,115,30
2043,98,3,224,5,1205,0,50
2044,98,3,225,6,1211,92,60
2045,98,3,226,6,1217,0,60
2046,98,3,227,6,1223,0,60
2047,98,3,228,3,1226,150,30
2048,98,3,229,3,1229,0,30
2049,98,3,230,4,1233,0,40
2050,98,3,231,7,1240,0,70
2051,98,3,232,2,1242,171,20
2052,98,3,233,6,1248,56,60
2053,98,3,234,4,1252,36,40
2054,98,3,235,2,1254,23,20
2055,98,3,236,2,1256,0,20
2056,98,3,237,5,1261,0,50
2057,98,3,238,8,1269,160,80
2058,98,3,239,2,1271,19,20
2059,98,3,240,4,1275,46,40
2060,98,3,241,2,1277,0,20
2061,98,3,242,3,1280,0,30
2062,98,3,243,8,1288,133,80
2063,98,3,244,9,1297,85,90
2064,98,3,245,3,1300,0,30
2065,98,3,246,8,1308,104,80
2066,98,3,247,2,1310,0,20
2067,98,3,248,8,1318,105,80
2068,98,3,249,7,1325,67,70
2069,98,3,250,4,1329,32,40
2070,98,3,251,7,1336,77,70
2071,98,3,252,3,1339,26,30
2072,98,3,253,9,1348,97,90
2073,98,3,254,4,1352,38,40
2074,98,3,255,8,1360,0,80
2075,98,3,256,6,1366,0,60
2076,98,3,257,7,1373,241,70
2077,98,3,258,8,1381,0,80
2078,98,3,259,3,1384,109,30
2079,98,3,260,9,1393,85,90
2080,98,3,261,8,1401,76,80
2081,98,3,262,4,1405,44,40
2082,98,3,263,9,1414,88,90
2083,98,3,264,9,1423,104,90
2084,98,3,265,4,1427,45,40
2085,98,3,266,2,1429,25,20
2086,98,3,267,6,1435,52,60
2087,98,3,268,5,1440,53,50
2088,98,3,269,2,1442,0,20
2089,98,3,270,6,1448,74,60
2090,98,3,271,5,1453,32,50
2091,98,3,272,8,1461,78,80
2092,98,3,273,6,1467,63,60
2093,98,3,274,4,1471,46,40
2094,98,3,275,3,1474,0,30
2095,98,3,276,4,1478,71,40
2096,98,3,277,7,1485,68,70
2097,98,3,278,5,1490,0,50
2098,98,3,279,8,1498,144,80
2099,98,3,280,7,1505,0,70
2100,98,3,281,2,1507,85,20
2101,98,3,282,3,1510,29,30
2102,98,3,283,8,1518,0,80
2103,98,3,284,7,1525,149,70
2104,98,3,285,4,1529,0,40
2105,98,3,286,2,1531,73,20
2106,98,3,287,4,1535,0,40
2107,98,3,288,8,1543,0,80
2108,98,3,289,7,1550,199,70
2109,98,3,290,3,1553,34,30
2110,98,3,291,4,1557,44,40
2111,98,3,292,9,1566,101,90
2112,98,3,293,9,1575,106,90
2113,98,3,294,6,1581,49,60
2114,98,3,295,5,1586,0,50
2115,98,3,296,4,1590,92,40
2116,98,3,297,5,1595,0,50
2117,98,3,298,4,1599,89,40
2118,98,3,299,8,1607,67,80
2119,98,3,300,6,1613,0,60
2120,98,3,301,2,1615,91,20
2121,98,3,302,6,1621,51,60
2122,98,3,303,3,1624,24,30
2123,98,3,304,6,1630,56,60
2124,98,3,305,2,1632,0,20
2125,98,3,306,6,1638,78,60
2126,98,3,307,7,1645,0,70
2127,98,3,308,2,1647,0,20
2128,98,3,309,6,1653,155,60
2129,98,3,310,6,1659,57,60
2130,98,3,311,5,1664,43,50
2131,98,3,312,6,1670,0,60
2132,98,3,313,6,1676,130,60
2133,98,3,314,2,1678,0,20
2134,98,3,315,3,1681,36,30
2135,98,3,316,6,1687,0,60
2136,98,3,317,4,1691,94,40
2137,98,3,318,4,1695,0,40
2138,98,3,319,2,1697,0,20
2139,98,3,320,8,1705,0,80
2140,98,3,321,9,1714,0,90
2141,98,3,322,6,1720,309,60
2142,98,3,323,8,1728,85,80
2143,98,3,324,9,1737,91,90
2144,98,3,325,2,1739,20,20
2145,98,3,326,4,1743,33,40
2146,98,3,327,5,1748,47,50
2147,98,3,328,6,1754,0,60
2148,98,3,329,2,1756,71,20
2149,98,3,330,3,1759,0,30
2150,98,3,331,9,1768,119,90
2151,98,3,332,2,1770,0,20
2152,98,3,333,5,1775,79,50
2153,98,3,334,6,1781,62,60
2154,98,3,335,6,1787,69,60
2155,98,3,336,3,1790,30,30
2156,98,3,337,8,1798,89,80
2157,98,3,338,4,1802,37,40
2158,98,3,339,7,1809,0,70
2159,98,3,340,3,1812,0,30
2160,98,3,341,2,1814,0,20
2161,98,3,342,7,1821,166,70
2162,98,3,343,2,1823,24,20
2163,98,3,344,3,1826,0,30
2164,98,3,345,2,1828,0,20
2165,98,3,346,2,1830,56,20
2166,98,3,347,3,1833,26,30
2167,98,3,348,8,1841,74,80
2168,98,3,349,8,1849,0,80
2169,98,3,350,4,1853,125,40
2170,98,3,351,8,1861,0,80
2171,98,3,352,3,1864,112,30
2172,98,3,353,5,1869,44,50
2173,98,3,354,3,1872,21,30
2174,98,3,355,2,1874,17,20
2175,98,3,356,2,1876,21,20
2176,98,3,357,6,1882,60,60
2177,98,3,358,6,1888,63,60
2178,98,3,359,5,1893,45,50
2179,98,3,360,3,1896,0,30
2180,98,3,361,6,1902,100,60
2181,98,3,362,3,1905,0,30
2182,98,3,363,7,1912,86,70
2183,98,3,364,2,1914,0,20
2184,98,3,365,2,1916,37,20
2185,98,3,366,5,1921,0,50
2186,98,3,367,2,1923,0,20
2187,98,3,368,9,1932,159,90
2188,98,3,369,3,1935,24,30
2189,98,3,370,6,1941,0,60
2190,98,3,371,4,1945,104,40
2191,98,3,372,9,1954,97,90
2192,98,3,373,8,1962,71,80
2193,98,3,374,3,1965,27,30
2194,98,3,375,4,1969,36,40
2195,98,3,376,2,1971,17,20
2196,98,3,377,7,1978,0,70
2197,98,3,378,4,1982,0,40
2198,98,3,379,7,1989,178,70
2199,98,3,380,2,1991,16,20
2200,98,3,381,9,2000,91,90
2201,98,3,382,2,2002,28,20
2202,98,3,383,7,2009,62,70
2203,98,3,384,3,2012,0,30
2204,98,3,385,8,2020,111,80
2205,98,3,386,7,2027,0,70
2206,98,3,387,3,2030,97,30
2207,98,3,388,7,2037,75,70
2208,98,3,389,3,2040,0,30
2209,98,3,390,4,2044,57,40
2210,98,3,391,6,2050,43,60
2211,98,3,392,2,2052,16,20
2212,98,3,393,3,2055,34,30
2213,98,3,394,3,2058,28,30
2214,98,3,395,6,2064,52,60
2215,98,3,396,4,2068,44,40
2216,98,3,397,6,2074,64,60
2217,98,3,398,3,2077,33,30
2218,98,3,399,7,2084,0,70
2219,98,3,400,9,2093,0,90
2220,98,3,401,3,2096,198,30
2221,98,3,402,2,2098,25,20
2222,98,3,403,8,2106,0,80
2223,98,3,404,3,2109,131,30
2224,98,3,405,7,2116,73,70
2225,98,3,406,7,2123,0,70
2226,98,3,407,5,2128,0,50
2227,98,3,408,7,2135,0,70
2228,98,3,409,2,2137,222,20
2229,98,3,410,6,2143,56,60
2230,98,3,411,7,2150,65,70
2231,98,3,412,7,2157,68,70
2232,98,3,413,5,2162,0,50
2233,98,3,414,9,2171,110,90
2234,98,3,415,5,2176,45,50
2235,98,3,416,6,2182,0,60
2236,98,3,417,2,2184,81,20
2237,98,3,418,5,2189,61,50
2238,98,3,419,9,2198,92,90
2239,98,3,420,2,2200,15,20
2240,98,3,421,2,2202,22,20
2241,98,3,422,9,2211,88,90
2242,98,3,423,9,2220,0,90
2243,98,3,424,6,2226,0,60
2244,98,3,425,5,2231,0,50
2245,98,3,426,5,2236,0,50
2246,98,3,427,8,2244,318,80
2247,98,3,428,2,2246,23,20
2248,98,3,429,4,2250,31,40
2249,98,3,430,9,2259,0,90
2250,98,3,431,4,2263,0,40
2251,98,3,432,6,2269,0,60
2252,98,3,433,8,2277,279,80
2253,98,3,434,3,2280,0,30
2254,98,3,435,5,2285,70,50
2255,98,3,436,7,2292,70,70
2256,98,3,437,6,2298,73,60
2257,98,3,438,9,2307,86,90
2258,98,3,439,2,2309,23,20
2259,98,3,440,3,2312,0,30
2260,98,3,441,9,2321,114,90
2261,98,3,442,5,2326,54,50
2262,98,3,443,6,2332,57,60
2263,98,3,444,6,2338,56,60
2264,98,3,445,3,2341,32,30
2265,98,3,446,9,2350,96,90
2266,98,3,447,8,2358,0,80
2267,98,3,448,3,2361,129,30
2268,98,3,449,9,2370,85,90
2269,98,3,450,4,2374,49,40
2270,98,3,451,6,2380,0,60
2271,98,3,452,7,2387,136,70
2272,98,3,453,7,2394,75,70
2273,98,3,454,6,2400,67,60
2274,98,3,455,4,2404,40,40
2275,98,3,456,7,2411,57,70
2276,98,3,457,9,2420,92,90
2277,98,3,458,3,2423,0,30
2278,98,3,459,7,2430,108,70
2279,98,3,460,6,2436,59,60
2280,98,3,461,7,2443,0,70
2281,98,3,462,3,2446,0,30
2282,98,3,463,6,2452,174,60
2283,98,3,464,2,2454,20,20
2284,98,3,465,6,2460,51,60
2285,98,3,466,3,2463,0,30
2286,98,3,467,3,2466,0,30
2287,98,3,468,8,2474,0,80
2288,98,3,469,8,2482,226,80
2289,98,3,470,3,2485,34,30
2290,98,3,471,2,2487,21,20
2291,98,3,472,9,2496,100,90
2292,98,3,473,8,2504,0,80
2293,98,3,474,5,2509,0,50
2294,98,3,475,6,2515,210,60
2295,98,3,476,9,2524,80,90
2296,98,3,477,4,2528,0,40
2297,98,3,478,7,2535,0,70
2298,98,3,479,2,2537,133,20
2299,98,3,480,6,2543,60,60
2300,98,3,481,4,2547,45,40
2301,98,3,482,2,2549,23,20
2302,98,3,483,7,2556,71,70
2303,98,3,484,5,2561,47,50
2304,98,3,485,6,2567,47,60
2305,98,3,486,2,2569,0,20
2306,98,3,487,2,2571,0,20
2307,98,3,488,9,2580,112,90
2308,98,3,489,2,2582,10,20
2309,98,3,490,5,2587,65,50
2310,98,3,491,6,2593,50,60
2311,98,3,492,7,2600,75,70
2312,98,3,493,2,2602,0,20
2313,98,3,494,4,2606,63,40
2314,98,3,495,5,2611,43,50
2315,98,3,496,6,2617,51,60
2316,98,3,497,6,2623,69,60
2317,98,3,498,4,2627,33,40
2318,98,3,499,7,2634,65,70
2319,98,3,500,6,2640,61,60
2320,98,3,501,2,2642,21,20
2321,98,3,502,8,2650,89,80
2322,98,3,503,9,2659,0,90
2323,98,3,504,9,2668,190,90
2324,98,3,505,2,2670,24,20
2325,98,3,506,9,2679,96,90
2326,98,3,507,4,2683,41,40
2327,98,3,508,5,2688,58,50
2328,98,3,509,5,2693,51,50
2329,98,3,510,8,2701,72,80
2330,98,3,511,3,2704,36,30
2331,98,3,512,2,2706,28,20
2332,98,3,513,9,2715,98,90
2333,98,3,514,6,2721,0,60
2334,98,3,515,6,2727,0,60
2335,98,3,516,5,2732,181,50
2336,98,3,517,3,2735,32,30
2337,98,3,518,8,2743,86,80
2338,98,3,519,2,2745,0,20
2339,98,3,520,2,2747,46,20
2340,98,3,521,4,2751,44,40
2341,98,3,522,2,2753,16,20
2342,98,3,523,7,2760,67,70
2343,98,3,524,2,2762,25,20
2344,98,3,525,4,2766,35,40
2345,98,3,526,6,2772,0,60
2346,98,3,527,8,2780,131,80
2347,98,3,528,3,2783,0,30
2348,98,3,529,8,2791,0,80
2349,98,3,530,4,2795,144,40
2350,98,3,531,2,2797,16,20
2351,98,3,532,2,2799,23,20
2352,98,3,533,5,2804,54,50
2353,98,3,534,6,2810,0,60
2354,98,3,535,4,2814,0,40
2355,98,3,536,5,2819,134,50
2356,98,3,537,4,2823,50,40
2357,98,3,538,3,2826,31,30
2358,98,3,539,7,2833,88,70
2359,98,3,540,4,2837,41,40
2360,98,3,541,4,2841,0,40
2361,98,3,542,3,2844,0,30
2362,98,3,543,5,2849,117,50
2363,98,3,544,6,2855,60,60
2364,98,3,545,3,2858,0,30
2365,98,3,546,7,2865,102,70
2366,98,3,547,6,2871,49,60
2367,98,3,548,6,2877,57,60
2368,98,3,549,7,2884,63,70
2369,98,3,550,4,2888,0,40
2370,98,3,551,6,2894,94,60
2371,98,3,552,7,2901,79,70
2372,98,3,553,4,2905,0,40
2373,98,3,554,9,2914,127,90
2374,98,3,555,3,2917,41,30
2375,98,3,556,9,2926,0,90
2376,98,3,557,9,2935,0,90
2377,98,3,558,9,2944,277,90
2378,98,3,559,3,2947,0,30
2379,98,3,560,2,2949,0,20
2380,98,3,561,6,2955,103,60
2381,98,3,562,3,2958,0,30
2382,98,3,563,9,2967,127,90
2383,98,3,564,8,2975,96,80
2384,98,3,565,5,2980,44,50
2385,98,3,566,7,2987,100,70
2386,98,3,567,7,2994,0,70
2387,98,3,568,7,3001,142,70
2388,98,3,569,4,3005,34,40
2389,98,3,570,5,3010,46,50
2390,98,3,571,3,3013,26,30
2391,98,3,572,7,3020,0,70
2392,98,3,573,7,3027,142,70
2393,98,3,574,9,3036,104,90
2394,98,3,575,9,3045,91,90
2395,98,3,576,4,3049,46,40
2396,98,3,577,9,3058,89,90
2397,98,3,578,8,3066,78,80
2398,98,3,579,3,3069,19,30
2399,98,3,580,6,3075,0,60
2400,98,3,581,6,3081,130,60
2401,98,3,582,9,3090,97,90
2402,98,3,583,4,3094,41,40
2403,98,3,584,4,3098,26,40
2404,98,3,585,5,3103,52,50
2405,98,3,586,2,3105,14,20
2406,98,3,587,7,3112,0,70
2407,98,3,588,6,3118,127,60
2408,98,3,589,7,3125,0,70
2409,98,3,590,2,3127,84,20
2410,98,3,591,5,3132,0,50
2411,98,3,592,9,3141,0,90
2412,98,3,593,5,3146,197,50
2413,98,3,594,7,3153,78,70
2414,98,3,595,6,3159,49,60
2415,98,3,596,8,3167,0,80
2416,98,3,597,6,3173,0,60
2417,98,3,598,8,3181,228,80
2418,98,3,599,5,3186,0,50
2419,98,3,600,6,3192,109,60
2420,98,3,601,8,3200,0,80
2421,98,3,602,4,3204,128,40
2422,98,3,603,8,3212,0,80
2423,98,3,604,4,3216,98,40
2424,98,3,605,6,3222,54,60
2425,98,3,606,6,3228,50,60
2426,98,3,607,9,3237,94,90
2427,98,3,608,2,3239,20,20
2428,98,3,609,9,3248,0,90
2429,98,3,610,8,3256,0,80
2430,98,3,611,4,3260,0,40
2431,98,3,612,4,3264,0,40
2432,98,3,613,9,3273,324,90
2433,98,3,614,7,3280,0,70
2434,98,3,615,7,3287,125,70
2435,98,3,616,2,3289,0,20
2436,98,3,617,2,3291,45,20
2437,98,3,618,6,3297,80,60
2438,98,3,619,3,3300,16,30
2439,98,3,620,7,3307,0,70
2440,98,3,621,9,3316,161,90
2441,98,3,622,9,3325,91,90
2442,98,3,623,7,3332,72,70
2443,98,3,624,7,3339,71,70
2444,98,3,625,3,3342,34,30
2445,98,3,626,9,3351,0,90
2446,98,3,627,6,3357,153,60
2447,98,3,628,2,3359,29,20
2448,98,3,629,5,3364,61,50
2449,98,3,630,4,3368,0,40
2450,98,3,631,7,3375,94,70
2451,98,3,632,6,3381,61,60
2452,98,3,633,3,3384,28,30
2453,98,3,634,7,3391,62,70
2454,98,3,635,3,3394,35,30
2455,98,3,636,3,3397,28,30
2456,98,3,637,7,3404,70,70
2457,98,3,638,3,3407,25,30
2458,98,3,639,3,3410,0,30
2459,98,3,640,4,3414,71,40
2460,98,3,641,5,3419,53,50
2461,98,3,642,2,3421,0,20
2462,98,3,643,8,3429,92,80
2463,98,3,644,5,3434,54,50
2464,98,3,645,9,3443,91,90
2465,98,3,646,9,3452,81,90
2466,98,3,647,5,3457,45,50
2467,98,3,648,3,3460,0,30
2468,98,3,649,9,3469,0,90
2469,98,3,650,7,3476,204,70
2470,98,3,651,5,3481,0,50
2471,98,3,652,7,3488,110,70
2472,98,3,653,3,3491,21,30
2473,98,3,654,4,3495,31,40
2474,98,3,655,7,3502,70,70
2475,98,3,656,3,3505,0,30
2476,98,3,657,2,3507,60,20
2477,98,3,658,4,3511,0,40
2478,98,3,659,7,3518,114,70
2479,98,3,660,3,3521,0,30
2480,98,3,661,4,3525,74,40
2481,98,3,662,7,3532,65,70
2482,98,3,663,4,3536,33,40
2483,98,3,664,5,3541,0,50
2484,98,3,665,3,3544,0,30
2485,98,3,666,7,3551,167,70
2486,98,3,667,8,3559,83,80
2487,98,3,668,2,3561,19,20
2488,98,3,669,8,3569,76,80
2489,98,3,670,8,3577,88,80
2490,98,3,671,6,3583,0,60
2491,98,3,672,4,3587,107,40
2492,98,3,673,8,3595,102,80
2493,98,3,674,7,3602,67,70
2494,98,3,675,8,3610,71,80
2495,98,3,676,2,3612,0,20
2496,98,3,677,6,3618,0,60
2497,98,3,678,3,3621,122,30
2498,98,3,679,4,3625,48,40
2499,98,3,680,9,3634,87,90
2500,98,3,681,4,3638,32,40
2501,98,3,682,9,3647,93,90
2502,98,3,683,2,3649,0,20
2503,98,3,684,7,3656,94,70
2504,98,3,685,6,3662,65,60
2505,98,3,686,5,3667,46,50
2506,98,3,687,3,3670,30,30
2507,98,3,688,6,3676,57,60
2508,98,3,689,2,3678,0,20
2509,98,3,690,6,3684,76,60
2510,98,3,691,7,3691,76,70
2511,98,3,692,9,3700,86,90
2512,98,3,693,8,3708,80,80
2513,98,3,694,5,3713,0,50
2514,98,3,695,7,3720,116,70
2515,98,3,696,9,3729,81,90
2516,98,3,697,7,3736,75,70
2517,98,3,698,5,3741,58,50
2518,98,3,699,6,3747,70,60
2519,98,3,700,5,3752,0,50
2520,98,3,701,7,3759,117,70
2521,98,3,702,7,3766,76,70
2522,98,3,703,8,3774,89,80
2523,98,3,704,7,3781,86,70
2524,98,3,705,7,3788,70,70
2525,98,3,706,2,3790,12,20
2526,98,3,707,8,3798,0,80
2527,98,3,708,4,3802,114,40
2528,98,3,709,4,3806,0,40
2529,98,3,710,7,3813,105,70
2530,98,3,711,8,3821,73,80
2531,98,3,712,5,3826,49,50
2532,98,3,713,3,3829,27,30
2533,98,3,714,3,3832,32,30
2534,98,3,715,5,3837,52,50
2535,98,3,716,8,3845,0,80
2536,98,3,717,9,3854,179,90
2537,98,3,718,5,3859,64,50
2538,98,3,719,7,3866,74,70
2539,98,3,720,5,3871,51,50
2540,98,3,721,6,3877,53,60
2541,98,3,722,5,3882,46,50
2542,98,3,723,5,3887,0,50
2543,98,3,724,2,3889,0,20
2544,98,3,725,5,3894,121,50
2545,98,3,726,5,3899,0,50
2546,98,3,727,9,3908,0,90
2547,98,3,728,3,3911,0,30
2548,98,3,729,7,3918,234,70
2549,98,3,730,6,3924,61,60
2550,98,3,731,8,3932,89,80
2551,98,3,732,3,3935,44,30
2552,98,3,733,7,3942,76,70
2553,98,3,734,2,3944,0,20
2554,98,3,735,9,3953,91,90
2555,98,3,736,6,3959,50,60
2556,98,3,737,2,3961,23,20
2557,98,3,738,9,3970,92,90
2558,98,3,739,4,3974,43,40
2559,98,3,740,6,3980,54,60
2560,98,3,741,6,3986,0,60
2561,98,3,742,3,3989,92,30
2562,98,3,743,4,3993,0,40
2563,98,3,744,8,4001,0,80
2564,98,3,745,4,4005,0,40
2565,98,3,746,7,4012,218,70
2566,98,3,747,8,4020,0,80
2567,98,3,748,2,4022,100,20
2568,98,3,749,2,4024,22,20
2569,98,3,750,8,4032,80,80
2570,98,3,751,9,4041,83,90
2571,98,3,752,3,4044,0,30
2572,98,3,753,9,4053,117,90
2573,98,3,754,9,4062,84,90
2574,98,3,755,6,4068,63,60
2575,98,3,756,7,4075,0,70
2576,98,3,757,6,4081,0,60
2577,98,3,758,2,4083,150,20
2578,98,3,759,4,4087,27,40
2579,98,3,760,2,4089,22,20
2580,98,3,761,4,4093,44,40
2581,98,3,762,5,4098,51,50
2582,98,3,763,4,4102,48,40
2583,98,3,764,3,4105,0,30
2584,98,3,765,7,4112,0,70
2585,98,3,766,5,4117,139,50
2586,98,3,767,6,4123,57,60
2587,98,3,768,9,4132,100,90
2588,98,3,769,2,4134,19,20
2589,98,3,770,9,4143,96,90
2590,98,3,771,5,4148,52,50
2591,98,3,772,9,4157,77,90
2592,98,3,773,8,4165,92,80
2593,98,3,774,8,4173,94,80
2594,98,3,775,7,4180,60,70
2595,98,3,776,2,4182,13,20
2596,98,3,777,6,4188,0,60
2597,98,3,778,2,4190,85,20
2598,98,3,779,3,4193,35,30
2599,98,3,780,5,4198,48,50
2600,98,3,781,6,4204,0,60
2601,98,3,782,8,4212,0,80
2602,98,3,783,7,4219,0,70
2603,98,3,784,6,4225,261,60
2604,98,3,785,3,4228,0,30
2605,98,3,786,3,4231,0,30
2606,98,3,787,5,4236,0,50
2607,98,3,788,9,4245,200,90
2608,98,3,789,6,4251,0,60
2609,98,3,790,6,4257,0,60
2610,98,3,791,3,4260,138,30
2611,98,3,792,8,4268,0,80
2612,98,3,793,2,4270,0,20
2613,98,3,794,9,4279,186,90
2614,98,3,795,7,4286,65,70
2615,98,3,796,3,4289,35,30
2616,98,3,797,8,4297,74,80
2617,98,3,798,9,4306,96,90
2618,98,3,799,9,4315,93,90
2619,98,3,800,9,4324,0,90
2620,98,3,801,6,4330,158,60
2621,98,3,802,6,4336,48,60
2622,98,3,803,8,4344,83,80
2623,98,3,804,9,4353,0,90
2624,98,3,805,3,4356,129,30
2625,98,3,806,5,4361,50,50
2626,98,3,807,3,4364,0,30
2627,98,3,808,3,4367,0,30
2628,98,3,809,7,4374,161,70
2629,98,3,810,6,4380,67,60
2630,98,3,811,8,4388,70,80
2631,98,3,812,9,4397,63,90
2632,98,3,813,3,4400,0,30
2633,98,3,814,8,4408,108,80
2634,98,3,815,8,4416,87,80
2635,98,3,816,6,4422,66,60
2636,98,3,817,6,4428,0,60
2637,98,3,818,4,4432,0,40
2638,98,3,819,8,4440,0,80
2639,98,3,820,5,4445,239,50
2640,98,3,821,6,4451,53,60
2641,98,3,822,2,4453,25,20
2642,98,3,823,2,4455,16,20
2643,98,3,824,8,4463,0,80
2644,98,3,825,2,4465,123,20
2645,98,3,826,4,4469,0,40
2646,98,3,827,5,4474,91,50
2647,98,3,828,5,4479,0,50
2648,98,3,829,5,4484,0,50
2649,98,3,830,3,4487,129,30
2650,98,3,831,4,4491,46,40
2651,98,3,832,2,4493,28,20
2652,98,3,833,7,4500,0,70
2653,98,3,834,3,4503,94,30
2654,98,3,835,9,4512,0,90
2655,98,3,836,2,4514,119,20
2656,98,3,837,7,4521,0,70
2657,98,3,838,4,4525,0,40
2658,98,3,839,9,4534,197,90
2659,98,3,840,7,4541,58,70
2660,98,3,841,6,4547,57,60
2661,98,3,842,9,4556,100,90
2662,98,3,843,9,4565,77,90
2663,98,3,844,3,4568,33,30
2664,98,3,845,2,4570,23,20
2665,98,3,846,7,4577,64,70
2666,98,3,847,7,4584,97,70
2667,98,3,848,4,4588,47,40
2668,98,3,849,5,4593,51,50
2669,98,3,850,2,4595,0,20
2670,98,3,851,9,4604,120,90
2671,98,3,852,9,4613,105,90
2672,98,3,853,4,4617,40,40
2673,98,3,854,4,4621,48,40
2674,98,3,855,9,4630,101,90
2675,98,3,856,7,4637,70,70
2676,98,3,857,3,4640,0,30
2677,98,3,858,7,4647,0,70
2678,98,3,859,5,4652,136,50
2679,98,3,860,8,4660,0,80
2680,98,3,861,4,4664,128,40
2681,98,3,862,2,4666,27,20
2682,98,3,863,3,4669,29,30
2683,98,3,864,2,4671,28,20
2684,98,3,865,3,4674,38,30
2685,98,3,866,7,4681,61,70
2686,98,3,867,7,4688,71,70
2687,98,3,868,7,4695,0,70
2688,98,3,869,7,4702,138,70
2689,98,3,870,9,4711,103,90
2690,98,3,871,7,4718,0,70
2691,98,3,872,9,4727,0,90
2692,98,3,873,4,4731,0,40
2693,98,3,874,4,4735,254,40
2694,98,3,875,2,4737,25,20
2695,98,3,876,6,4743,70,60
2696,98,3,877,4,4747,38,40
2697,98,3,878,7,4754,64,70
2698,98,3,879,6,4760,44,60
2699,98,3,880,9,4769,93,90
2700,98,3,881,8,4777,0,80
2701,98,3,882,4,4781,112,40
2702,98,3,883,9,4790,77,90
2703,98,3,884,8,4798,70,80
2704,98,3,885,6,4804,68,60
2705,98,3,886,7,4811,55,70
2706,98,3,887,3,4814,24,30
2707,98,3,888,6,4820,59,60
2708,98,3,889,5,4825,45,50
2709,98,3,890,8,4833,83,80
2710,98,3,891,5,4838,65,50
2711,98,3,892,3,4841,0,30
2712,98,3,893,4,4845,64,40
2713,98,3,894,7,4852,0,70
2714,98,3,895,8,4860,155,80
2715,98,3,896,3,4863,38,30
2716,98,3,897,5,4868,46,50
2717,98,3,898,6,4874,56,60
2718,98,3,899,5,4879,44,50
2719,98,3,900,9,4888,0,90
2720,98,3,901,9,4897,188,90
2721,98,3,902,2,4899,20,20
2722,98,3,903,2,4901,0,20
2723,98,3,904,8,4909,91,80
2724,98,3,905,4,4913,0,40
2725,98,3,906,6,4919,105,60
2726,98,3,907,4,4923,42,40
2727,98,3,908,4,4927,36,40
2728,98,3,909,5,4932,39,50
2729,98,3,910,9,4941,89,90
2730,98,3,911,3,4944,0,30
2731,98,3,912,9,4953,0,90
2732,98,3,913,2,4955,0,20
2733,98,3,914,4,4959,177,40
2734,98,3,915,3,4962,0,30
2735,98,3,916,8,4970,93,80
2736,98,3,917,6,4976,0,60
2737,98,3,918,6,4982,110,60
2738,98,3,919,3,4985,24,30
2739,98,3,920,2,4987,0,20
2740,98,3,921,2,4989,36,20
2741,98,3,922,8,4997,74,80
2742,98,3,923,2,4999,0,20
