,Scenario,Trial,Inspection,Interval,Time,Defects,Rate
0,152,1,1,7,7,69,70
1,152,1,2,2,9,12,20
2,152,1,3,6,15,60,60
3,152,1,4,2,17,0,20
4,152,1,5,7,24,95,70
5,152,1,6,2,26,21,20
6,152,1,7,5,31,0,50
7,152,1,8,5,36,0,50
8,152,1,9,5,41,145,50
9,152,1,10,8,49,76,80
10,152,1,11,8,57,0,80
11,152,1,12,3,60,108,30
12,152,1,13,4,64,43,40
13,152,1,14,9,73,0,90
14,152,1,15,3,76,112,30
15,152,1,16,8,84,0,80
16,152,1,17,8,92,160,80
17,152,1,18,9,101,82,90
18,152,1,19,4,105,0,40
19,152,1,20,8,113,130,80
20,152,1,21,8,121,83,80
21,152,1,22,5,126,47,50
22,152,1,23,3,129,0,30
23,152,1,24,7,136,0,70
24,152,1,25,5,141,158,50
25,152,1,26,3,144,0,30
26,152,1,27,8,152,98,80
27,152,1,28,8,160,80,80
28,152,1,29,4,164,36,40
29,152,1,30,8,172,0,80
30,152,1,31,4,176,0,40
31,152,1,32,6,182,188,60
32,152,1,33,4,186,0,40
33,152,1,34,7,193,119,70
34,152,1,35,7,200,0,70
35,152,1,36,3,203,105,30
36,152,1,37,2,205,0,20
37,152,1,38,9,214,0,90
38,152,1,39,2,216,143,20
39,152,1,40,3,219,30,30
40,152,1,41,2,221,0,20
41,152,1,42,6,227,77,60
42,152,1,43,9,236,98,90
43,152,1,44,4,240,0,40
44,152,1,45,7,247,118,70
45,152,1,46,2,249,12,20
46,152,1,47,7,256,0,70
47,152,1,48,2,258,83,20
48,152,1,49,4,262,43,40
49,152,1,50,7,269,0,70
50,152,1,51,8,277,150,80
51,152,1,52,4,281,41,40
52,152,1,53,4,285,26,40
53,152,1,54,6,291,55,60
54,152,1,55,5,296,46,50
55,152,1,56,2,298,0,20
56,152,1,57,6,304,0,60
57,152,1,58,4,308,0,40
58,152,1,59,7,315,188,70
59,152,1,60,3,318,29,30
60,152,1,61,8,326,82,80
61,152,1,62,8,334,0,80
62,152,1,63,4,338,127,40
63,152,1,64,2,340,22,20
64,152,1,65,8,348,0,80
65,152,1,66,9,357,171,90
66,152,1,67,9,366,0,90
67,152,1,68,5,371,0,50
68,152,1,69,7,378,229,70
69,152,1,70,6,384,72,60
70,152,1,71,7,391,72,70
71,152,1,72,6,397,56,60
72,152,1,73,6,403,0,60
73,152,1,74,8,411,0,80
74,152,1,75,3,414,173,30
75,152,1,76,8,422,80,80
76,152,1,77,8,430,90,80
77,152,1,78,3,433,33,30
78,152,1,79,5,438,0,50
79,152,1,80,4,442,0,40
80,152,1,81,6,448,0,60
81,152,1,82,5,453,191,50
82,152,1,83,6,459,0,60
83,152,1,84,4,463,0,40
84,152,1,85,5,468,0,50
85,152,1,86,8,476,229,80
86,152,1,87,9,485,0,90
87,152,1,88,2,487,103,20
88,152,1,89,9,496,97,90
89,152,1,90,7,503,63,70
90,152,1,91,5,508,49,50
91,152,1,92,4,512,45,40
92,152,1,93,7,519,70,70
93,152,1,94,5,524,43,50
94,152,1,95,2,526,0,20
95,152,1,96,2,528,0,20
96,152,1,97,6,534,0,60
97,152,1,98,3,537,0,30
98,152,1,99,8,545,0,80
99,152,1,100,6,551,0,60
100,152,1,101,4,555,304,40
101,152,1,102,5,560,42,50
102,152,1,103,3,563,35,30
103,152,1,104,4,567,43,40
104,152,1,105,4,571,47,40
105,152,1,106,8,579,0,80
106,152,1,107,5,584,140,50
107,152,1,108,9,593,98,90
108,152,1,109,9,602,89,90
109,152,1,110,4,606,42,40
110,152,1,111,7,613,0,70
111,152,1,112,4,617,0,40
112,152,1,113,7,624,166,70
113,152,1,114,8,632,0,80
114,152,1,115,6,638,127,60
115,152,1,116,7,645,62,70
116,152,1,117,4,649,42,40
117,152,1,118,2,651,23,20
118,152,1,119,7,658,72,70
119,152,1,120,2,660,0,20
120,152,1,121,8,668,86,80
121,152,1,122,6,674,52,60
122,152,1,123,9,683,77,90
123,152,1,124,3,686,29,30
124,152,1,125,5,691,59,50
125,152,1,126,9,700,0,90
126,152,1,127,8,708,186,80
127,152,1,128,6,714,53,60
128,152,1,129,6,720,63,60
129,152,1,130,4,724,47,40
130,152,1,131,9,733,0,90
131,152,1,132,7,740,0,70
132,152,1,133,3,743,203,30
133,152,1,134,9,752,84,90
134,152,1,135,9,761,83,90
135,152,1,136,9,770,113,90
136,152,1,137,6,776,68,60
137,152,1,138,2,778,18,20
138,152,1,139,7,785,67,70
139,152,1,140,3,788,34,30
140,152,1,141,2,790,0,20
141,152,1,142,5,795,68,50
142,152,1,143,6,801,0,60
143,152,1,144,2,803,0,20
144,152,1,145,3,806,111,30
145,152,1,146,4,810,0,40
146,152,1,147,7,817,118,70
147,152,1,148,7,824,0,70
148,152,1,149,4,828,103,40
149,152,1,150,8,836,72,80
150,152,1,151,8,844,73,80
151,152,1,152,4,848,0,40
152,152,1,153,6,854,0,60
153,152,1,154,8,862,182,80
154,152,1,155,2,864,21,20
155,152,1,156,5,869,53,50
156,152,1,157,6,875,0,60
157,152,1,158,9,884,0,90
158,152,1,159,3,887,0,30
159,152,1,160,2,889,0,20
160,152,1,161,4,893,221,40
161,152,1,162,8,901,83,80
162,152,1,163,8,909,82,80
163,152,1,164,3,912,20,30
164,152,1,165,3,915,41,30
165,152,1,166,5,920,46,50
166,152,1,167,5,925,55,50
167,152,1,168,7,932,81,70
168,152,1,169,4,936,36,40
169,152,1,170,2,938,0,20
170,152,1,171,3,941,46,30
171,152,1,172,7,948,63,70
172,152,1,173,8,956,85,80
173,152,1,174,6,962,0,60
174,152,1,175,5,967,128,50
175,152,1,176,3,970,29,30
176,152,1,177,6,976,78,60
177,152,1,178,9,985,92,90
178,152,1,179,4,989,0,40
179,152,1,180,6,995,0,60
180,152,1,181,2,997,129,20
181,152,1,182,4,1001,0,40
182,152,1,183,9,1010,147,90
183,152,1,184,3,1013,34,30
184,152,1,185,5,1018,0,50
185,152,1,186,3,1021,88,30
186,152,1,187,2,1023,0,20
187,152,1,188,7,1030,95,70
188,152,1,189,3,1033,0,30
189,152,1,190,8,1041,100,80
190,152,1,191,5,1046,0,50
191,152,1,192,7,1053,0,70
192,152,1,193,6,1059,189,60
193,152,1,194,5,1064,0,50
194,152,1,195,9,1073,0,90
195,152,1,196,8,1081,223,80
196,152,1,197,9,1090,95,90
197,152,1,198,9,1099,0,90
198,152,1,199,2,1101,0,20
199,152,1,200,7,1108,205,70
200,152,1,201,2,1110,0,20
201,152,1,202,6,1116,0,60
202,152,1,203,2,1118,0,20
203,152,1,204,8,1126,182,80
204,152,1,205,7,1133,72,70
205,152,1,206,2,1135,0,20
206,152,1,207,4,1139,72,40
207,152,1,208,5,1144,0,50
208,152,1,209,8,1152,130,80
209,152,1,210,4,1156,38,40
210,152,1,211,7,1163,0,70
211,152,1,212,2,1165,72,20
212,152,1,213,2,1167,17,20
213,152,1,214,8,1175,83,80
214,152,1,215,6,1181,65,60
215,152,1,216,2,1183,15,20
216,152,1,217,4,1187,39,40
217,152,1,218,8,1195,68,80
218,152,1,219,8,1203,64,80
219,152,1,220,7,1210,87,70
220,152,1,221,9,1219,87,90
221,152,1,222,7,1226,0,70
222,152,1,223,5,1231,123,50
223,152,1,224,3,1234,0,30
224,152,1,225,9,1243,0,90
225,152,1,226,2,1245,132,20
226,152,1,227,2,1247,0,20
227,152,1,228,4,1251,0,40
228,152,1,229,9,1260,153,90
229,152,1,230,5,1265,0,50
230,152,1,231,6,1271,107,60
231,152,1,232,6,1277,56,60
232,152,1,233,9,1286,0,90
233,152,1,234,9,1295,174,90
234,152,1,235,7,1302,64,70
235,152,1,236,8,1310,84,80
236,152,1,237,6,1316,69,60
237,152,1,238,6,1322,55,60
238,152,1,239,2,1324,0,20
239,152,1,240,2,1326,0,20
240,152,1,241,4,1330,78,40
241,152,1,242,7,1337,0,70
242,152,1,243,9,1346,159,90
243,152,1,244,3,1349,0,30
244,152,1,245,7,1356,98,70
245,152,1,246,3,1359,0,30
246,152,1,247,2,1361,0,20
247,152,1,248,7,1368,110,70
248,152,1,249,2,1370,0,20
249,152,1,250,9,1379,112,90
250,152,1,251,5,1384,49,50
251,152,1,252,3,1387,32,30
252,152,1,253,6,1393,0,60
253,152,1,254,2,1395,80,20
254,152,1,255,5,1400,37,50
255,152,1,256,3,1403,0,30
256,152,1,257,7,1410,115,70
257,152,1,258,4,1414,42,40
258,152,1,259,7,1421,73,70
259,152,1,260,6,1427,69,60
260,152,1,261,9,1436,0,90
261,152,1,262,8,1444,176,80
262,152,1,263,5,1449,59,50
263,152,1,264,7,1456,78,70
264,152,1,265,5,1461,0,50
265,152,1,266,3,1464,85,30
266,152,1,267,8,1472,93,80
267,152,1,268,9,1481,103,90
268,152,1,269,7,1488,78,70
269,152,1,270,5,1493,54,50
270,152,1,271,4,1497,43,40
271,152,1,272,8,1505,74,80
272,152,1,273,2,1507,0,20
273,152,1,274,9,1516,0,90
274,152,1,275,3,1519,139,30
275,152,1,276,2,1521,15,20
276,152,1,277,8,1529,0,80
277,152,1,278,2,1531,0,20
278,152,1,279,5,1536,0,50
279,152,1,280,8,1544,258,80
280,152,1,281,3,1547,0,30
281,152,1,282,7,1554,113,70
282,152,1,283,5,1559,39,50
283,152,1,284,4,1563,46,40
284,152,1,285,9,1572,0,90
285,152,1,286,4,1576,112,40
286,152,1,287,9,1585,104,90
287,152,1,288,7,1592,89,70
288,152,1,289,6,1598,0,60
289,152,1,290,9,1607,144,90
290,152,1,291,7,1614,0,70
291,152,1,292,4,1618,104,40
292,152,1,293,3,1621,27,30
293,152,1,294,4,1625,27,40
294,152,1,295,7,1632,0,70
295,152,1,296,4,1636,0,40
296,152,1,297,7,1643,177,70
297,152,1,298,7,1650,80,70
298,152,1,299,9,1659,88,90
299,152,1,300,2,1661,26,20
300,152,1,301,9,1670,96,90
301,152,1,302,3,1673,0,30
302,152,1,303,9,1682,0,90
303,152,1,304,7,1689,0,70
304,152,1,305,6,1695,243,60
305,152,1,306,3,1698,29,30
306,152,1,307,7,1705,0,70
307,152,1,308,3,1708,89,30
308,152,1,309,2,1710,27,20
309,152,1,310,5,1715,47,50
310,152,1,311,7,1722,63,70
311,152,1,312,2,1724,20,20
312,152,1,313,5,1729,46,50
313,152,1,314,3,1732,41,30
314,152,1,315,3,1735,21,30
315,152,1,316,6,1741,0,60
316,152,1,317,4,1745,89,40
317,152,1,318,2,1747,0,20
318,152,1,319,2,1749,0,20
319,152,1,320,2,1751,62,20
320,152,1,321,2,1753,0,20
321,152,1,322,3,1756,0,30
322,152,1,323,8,1764,124,80
323,152,1,324,7,1771,68,70
324,152,1,325,2,1773,0,20
325,152,1,326,9,1782,0,90
326,152,1,327,3,1785,0,30
327,152,1,328,2,1787,165,20
328,152,1,329,2,1789,15,20
329,152,1,330,4,1793,43,40
330,152,1,331,2,1795,21,20
331,152,1,332,4,1799,42,40
332,152,1,333,5,1804,48,50
333,152,1,334,2,1806,25,20
334,152,1,335,2,1808,29,20
335,152,1,336,8,1816,0,80
336,152,1,337,6,1822,0,60
337,152,1,338,7,1829,0,70
338,152,1,339,4,1833,237,40
339,152,1,340,2,1835,22,20
340,152,1,341,3,1838,0,30
341,152,1,342,4,1842,78,40
342,152,1,343,3,1845,37,30
343,152,1,344,3,1848,24,30
344,152,1,345,7,1855,0,70
345,152,1,346,4,1859,101,40
346,152,1,347,9,1868,99,90
347,152,1,348,6,1874,0,60
348,152,1,349,7,1881,0,70
349,152,1,350,9,1890,254,90
350,152,1,351,7,1897,66,70
351,152,1,352,6,1903,72,60
352,152,1,353,7,1910,0,70
353,152,1,354,7,1917,0,70
354,152,1,355,8,1925,0,80
355,152,1,356,4,1929,277,40
356,152,1,357,7,1936,76,70
357,152,1,358,5,1941,0,50
358,152,1,359,9,1950,132,90
359,152,1,360,8,1958,0,80
360,152,1,361,8,1966,173,80
361,152,1,362,9,1975,88,90
362,152,1,363,4,1979,0,40
363,152,1,364,3,1982,74,30
364,152,1,365,3,1985,27,30
365,152,1,366,4,1989,32,40
366,152,1,367,2,1991,0,20
367,152,1,368,7,1998,0,70
368,152,1,369,2,2000,0,20
369,152,1,370,2,2002,144,20
370,152,1,371,4,2006,38,40
371,152,1,372,5,2011,0,50
372,152,1,373,7,2018,120,70
373,152,1,374,3,2021,0,30
374,152,1,375,7,2028,89,70
375,152,1,376,7,2035,63,70
376,152,1,377,4,2039,45,40
377,152,1,378,5,2044,54,50
378,152,1,379,8,2052,72,80
379,152,1,380,4,2056,0,40
380,152,1,381,3,2059,0,30
381,152,1,382,6,2065,159,60
382,152,1,383,3,2068,27,30
383,152,1,384,2,2070,19,20
384,152,1,385,3,2073,0,30
385,152,1,386,3,2076,0,30
386,152,1,387,7,2083,119,70
387,152,1,388,6,2089,62,60
388,152,1,389,7,2096,65,70
389,152,1,390,9,2105,100,90
390,152,1,391,6,2111,66,60
391,152,1,392,8,2119,73,80
392,152,1,393,2,2121,20,20
393,152,1,394,9,2130,0,90
394,152,1,395,6,2136,0,60
395,152,1,396,2,2138,0,20
396,152,1,397,3,2141,213,30
397,152,1,398,3,2144,36,30
398,152,1,399,2,2146,0,20
399,152,1,400,9,2155,0,90
400,152,1,401,4,2159,0,40
401,152,1,402,5,2164,213,50
402,152,1,403,9,2173,82,90
403,152,1,404,6,2179,0,60
404,152,1,405,5,2184,112,50
405,152,1,406,7,2191,78,70
406,152,1,407,3,2194,31,30
407,152,1,408,7,2201,55,70
408,152,1,409,8,2209,86,80
409,152,1,410,5,2214,0,50
410,152,1,411,2,2216,73,20
411,152,1,412,5,2221,0,50
412,152,1,413,4,2225,0,40
413,152,1,414,3,2228,121,30
414,152,1,415,9,2237,105,90
415,152,1,416,6,2243,0,60
416,152,1,417,2,2245,88,20
417,152,1,418,9,2254,87,90
418,152,1,419,7,2261,0,70
419,152,1,420,4,2265,0,40
420,152,1,421,7,2272,0,70
421,152,1,422,9,2281,0,90
422,152,1,423,4,2285,0,40
423,152,1,424,3,2288,338,30
424,152,1,425,3,2291,32,30
425,152,1,426,5,2296,0,50
426,152,1,427,7,2303,116,70
427,152,1,428,3,2306,19,30
428,152,1,429,5,2311,45,50
429,152,1,430,6,2317,0,60
430,152,1,431,2,2319,78,20
431,152,1,432,5,2324,40,50
432,152,1,433,5,2329,56,50
433,152,1,434,9,2338,101,90
434,152,1,435,6,2344,75,60
435,152,1,436,5,2349,53,50
436,152,1,437,9,2358,0,90
437,152,1,438,4,2362,121,40
438,152,1,439,8,2370,0,80
439,152,1,440,2,2372,108,20
440,152,1,441,9,2381,83,90
441,152,1,442,5,2386,54,50
442,152,1,443,2,2388,0,20
443,152,1,444,4,2392,0,40
444,152,1,445,9,2401,0,90
445,152,1,446,2,2403,0,20
446,152,1,447,6,2409,0,60
447,152,1,448,4,2413,256,40
448,152,1,449,8,2421,80,80
449,152,1,450,5,2426,52,50
450,152,1,451,2,2428,0,20
451,152,1,452,2,2430,0,20
452,152,1,453,4,2434,71,40
453,152,1,454,8,2442,65,80
454,152,1,455,9,2451,0,90
455,152,1,456,2,2453,0,20
456,152,1,457,2,2455,130,20
457,152,1,458,3,2458,25,30
458,152,1,459,4,2462,31,40
459,152,1,460,3,2465,0,30
460,152,1,461,7,2472,0,70
461,152,1,462,4,2476,0,40
462,152,1,463,9,2485,250,90
463,152,1,464,6,2491,60,60
464,152,1,465,9,2500,0,90
465,152,1,466,7,2507,0,70
466,152,1,467,3,2510,224,30
467,152,1,468,2,2512,24,20
468,152,1,469,7,2519,66,70
469,152,1,470,7,2526,68,70
470,152,1,471,4,2530,0,40
471,152,1,472,5,2535,0,50
472,152,1,473,8,2543,0,80
473,152,1,474,8,2551,244,80
474,152,1,475,5,2556,54,50
475,152,1,476,5,2561,0,50
476,152,1,477,6,2567,127,60
477,152,1,478,9,2576,98,90
478,152,1,479,7,2583,0,70
479,152,1,480,5,2588,119,50
480,152,1,481,6,2594,0,60
481,152,1,482,4,2598,0,40
482,152,1,483,2,2600,0,20
483,152,1,484,6,2606,0,60
484,152,1,485,3,2609,0,30
485,152,1,486,6,2615,266,60
486,152,1,487,4,2619,46,40
487,152,1,488,4,2623,32,40
488,152,1,489,6,2629,0,60
489,152,1,490,5,2634,103,50
490,152,1,491,2,2636,21,20
491,152,1,492,7,2643,0,70
492,152,1,493,2,2645,93,20
493,152,1,494,7,2652,0,70
494,152,1,495,5,2657,106,50
495,152,1,496,5,2662,53,50
496,152,1,497,4,2666,44,40
497,152,1,498,9,2675,97,90
498,152,1,499,7,2682,60,70
499,152,1,500,3,2685,28,30
500,152,1,501,5,2690,54,50
501,152,1,502,9,2699,91,90
502,152,1,503,5,2704,54,50
503,152,1,504,2,2706,19,20
504,152,1,505,7,2713,73,70
505,152,1,506,7,2720,70,70
506,152,1,507,5,2725,0,50
507,152,1,508,7,2732,109,70
508,152,1,509,4,2736,44,40
509,152,1,510,5,2741,49,50
510,152,1,511,6,2747,0,60
511,152,1,512,6,2753,0,60
512,152,1,513,8,2761,0,80
513,152,1,514,9,2770,257,90
514,152,1,515,4,2774,41,40
515,152,1,516,5,2779,46,50
516,152,1,517,4,2783,43,40
517,152,1,518,3,2786,0,30
518,152,1,519,5,2791,0,50
519,152,1,520,6,2797,142,60
520,152,1,521,2,2799,0,20
521,152,1,522,9,2808,103,90
522,152,1,523,8,2816,0,80
523,152,1,524,5,2821,0,50
524,152,1,525,4,2825,187,40
525,152,1,526,2,2827,18,20
526,152,1,527,6,2833,56,60
527,152,1,528,3,2836,35,30
528,152,1,529,7,2843,70,70
529,152,1,530,5,2848,0,50
530,152,1,531,3,2851,73,30
531,152,1,532,8,2859,0,80
532,152,1,533,2,2861,0,20
533,152,1,534,3,2864,0,30
534,152,1,535,4,2868,0,40
535,152,1,536,2,2870,200,20
536,152,1,537,2,2872,19,20
537,152,1,538,2,2874,28,20
538,152,1,539,7,2881,66,70
539,152,1,540,2,2883,19,20
540,152,1,541,3,2886,0,30
541,152,1,542,2,2888,0,20
542,152,1,543,9,2897,144,90
543,152,1,544,4,2901,35,40
544,152,1,545,3,2904,0,30
545,152,1,546,8,2912,111,80
546,152,1,547,9,2921,0,90
547,152,1,548,5,2926,130,50
548,152,1,549,9,2935,101,90
549,152,1,550,9,2944,0,90
550,152,1,551,4,2948,126,40
551,152,1,552,6,2954,51,60
552,152,1,553,3,2957,0,30
553,152,1,554,2,2959,61,20
554,152,1,555,3,2962,28,30
555,152,1,556,2,2964,0,20
556,152,1,557,2,2966,0,20
557,152,1,558,6,2972,0,60
558,152,1,559,3,2975,0,30
559,152,1,560,2,2977,157,20
560,152,1,561,9,2986,75,90
561,152,1,562,3,2989,0,30
562,152,1,563,9,2998,117,90
563,152,1,564,9,3007,98,90
564,152,1,565,6,3013,66,60
565,152,1,566,5,3018,51,50
566,152,1,567,5,3023,0,50
567,152,1,568,4,3027,0,40
568,152,1,569,4,3031,118,40
569,152,1,570,8,3039,74,80
570,152,1,571,3,3042,29,30
571,152,1,572,6,3048,52,60
572,152,1,573,8,3056,85,80
573,152,1,574,6,3062,0,60
574,152,1,575,3,3065,83,30
575,152,1,576,7,3072,85,70
576,152,1,577,6,3078,78,60
577,152,1,578,3,3081,0,30
578,152,1,579,3,3084,60,30
579,152,1,580,9,3093,84,90
580,152,1,581,9,3102,75,90
581,152,1,582,7,3109,76,70
582,152,1,583,7,3116,72,70
583,152,1,584,7,3123,75,70
584,152,1,585,5,3128,0,50
585,152,1,586,2,3130,0,20
586,152,1,587,2,3132,89,20
587,152,1,588,4,3136,33,40
588,152,1,589,2,3138,15,20
589,152,1,590,6,3144,56,60
590,152,1,591,8,3152,0,80
591,152,1,592,6,3158,0,60
592,152,1,593,6,3164,187,60
593,152,1,594,9,3173,84,90
594,152,1,595,3,3176,0,30
595,152,1,596,2,3178,0,20
596,152,1,597,7,3185,117,70
597,152,1,598,4,3189,37,40
598,152,1,599,6,3195,51,60
599,152,1,600,3,3198,34,30
600,152,1,601,7,3205,0,70
601,152,1,602,5,3210,130,50
602,152,1,603,2,3212,24,20
603,152,1,604,5,3217,51,50
604,152,1,605,3,3220,29,30
605,152,1,606,3,3223,0,30
606,152,1,607,2,3225,51,20
607,152,1,608,8,3233,84,80
608,152,1,609,4,3237,39,40
609,152,1,610,6,3243,0,60
610,152,1,611,2,3245,0,20
611,152,1,612,6,3251,152,60
612,152,1,613,2,3253,0,20
613,152,1,614,5,3258,0,50
614,152,1,615,4,3262,126,40
615,152,1,616,2,3264,0,20
616,152,1,617,6,3270,0,60
617,152,1,618,2,3272,105,20
618,152,1,619,8,3280,72,80
619,152,1,620,7,3287,0,70
620,152,1,621,7,3294,0,70
621,152,1,622,7,3301,231,70
622,152,1,623,5,3306,0,50
623,152,1,624,9,3315,145,90
624,152,1,625,4,3319,45,40
625,152,1,626,7,3326,79,70
626,152,1,627,4,3330,37,40
627,152,1,628,9,3339,107,90
628,152,1,629,3,3342,26,30
629,152,1,630,7,3349,0,70
630,152,1,631,7,3356,113,70
631,152,1,632,4,3360,49,40
632,152,1,633,2,3362,0,20
633,152,1,634,2,3364,0,20
634,152,1,635,7,3371,0,70
635,152,1,636,4,3375,155,40
636,152,1,637,3,3378,0,30
637,152,1,638,4,3382,68,40
638,152,1,639,7,3389,62,70
639,152,1,640,4,3393,46,40
640,152,1,641,2,3395,0,20
641,152,1,642,7,3402,92,70
642,152,1,643,4,3406,0,40
643,152,1,644,8,3414,0,80
644,152,1,645,2,3416,0,20
645,152,1,646,4,3420,168,40
646,152,1,647,5,3425,0,50
647,152,1,648,2,3427,0,20
648,152,1,649,7,3434,139,70
649,152,1,650,5,3439,60,50
650,152,1,651,5,3444,44,50
651,152,1,652,7,3451,70,70
652,152,1,653,9,3460,0,90
653,152,1,654,3,3463,118,30
654,152,1,655,2,3465,25,20
655,152,1,656,9,3474,94,90
656,152,1,657,4,3478,0,40
657,152,1,658,8,3486,112,80
658,152,1,659,8,3494,92,80
659,152,1,660,2,3496,0,20
660,152,1,661,9,3505,0,90
661,152,1,662,5,3510,150,50
662,152,1,663,8,3518,0,80
663,152,1,664,9,3527,147,90
664,152,1,665,4,3531,38,40
665,152,1,666,2,3533,0,20
666,152,1,667,3,3536,57,30
667,152,1,668,2,3538,19,20
668,152,1,669,5,3543,45,50
669,152,1,670,6,3549,55,60
670,152,1,671,3,3552,21,30
671,152,1,672,3,3555,32,30
672,152,1,673,2,3557,23,20
673,152,1,674,9,3566,84,90
674,152,1,675,8,3574,84,80
675,152,1,676,5,3579,56,50
676,152,1,677,7,3586,73,70
677,152,1,678,3,3589,0,30
678,152,1,679,9,3598,124,90
679,152,1,680,5,3603,47,50
680,152,1,681,4,3607,0,40
681,152,1,682,8,3615,0,80
682,152,1,683,2,3617,134,20
683,152,1,684,7,3624,76,70
684,152,1,685,8,3632,83,80
685,152,1,686,7,3639,0,70
686,152,1,687,5,3644,0,50
687,152,1,688,5,3649,0,50
688,152,1,689,6,3655,0,60
689,152,1,690,6,3661,288,60
690,152,1,691,6,3667,59,60
691,152,1,692,2,3669,18,20
692,152,1,693,6,3675,69,60
693,152,1,694,4,3679,36,40
694,152,1,695,2,3681,19,20
695,152,1,696,8,3689,83,80
696,152,1,697,6,3695,60,60
697,152,1,698,9,3704,0,90
698,152,1,699,4,3708,0,40
699,152,1,700,7,3715,0,70
700,152,1,701,6,3721,245,60
701,152,1,702,7,3728,71,70
702,152,1,703,7,3735,0,70
703,152,1,704,8,3743,0,80
704,152,1,705,8,3751,206,80
705,152,1,706,5,3756,58,50
706,152,1,707,6,3762,64,60
707,152,1,708,8,3770,0,80
708,152,1,709,4,3774,0,40
709,152,1,710,5,3779,181,50
710,152,1,711,6,3785,59,60
711,152,1,712,5,3790,48,50
712,152,1,713,2,3792,22,20
713,152,1,714,3,3795,23,30
714,152,1,715,2,3797,15,20
715,152,1,716,4,3801,0,40
716,152,1,717,7,3808,121,70
717,152,1,718,7,3815,68,70
718,152,1,719,2,3817,27,20
719,152,1,720,5,3822,44,50
720,152,1,721,8,3830,104,80
721,152,1,722,2,3832,30,20
722,152,1,723,6,3838,64,60
723,152,1,724,3,3841,32,30
724,152,1,725,4,3845,44,40
725,152,1,726,5,3850,0,50
726,152,1,727,4,3854,84,40
727,152,1,728,3,3857,16,30
728,152,1,729,3,3860,35,30
729,152,1,730,2,3862,23,20
730,152,1,731,5,3867,52,50
731,152,1,732,8,3875,86,80
732,152,1,733,3,3878,24,30
733,152,1,734,9,3887,89,90
734,152,1,735,8,3895,78,80
735,152,1,736,7,3902,66,70
736,152,1,737,3,3905,0,30
737,152,1,738,5,3910,0,50
738,152,1,739,9,3919,175,90
739,152,1,740,6,3925,0,60
740,152,1,741,2,3927,0,20
741,152,1,742,9,3936,176,90
742,152,1,743,5,3941,55,50
743,152,1,744,3,3944,0,30
744,152,1,745,5,3949,0,50
745,152,1,746,5,3954,0,50
746,152,1,747,8,3962,0,80
747,152,1,748,6,3968,272,60
748,152,1,749,2,3970,25,20
749,152,1,750,6,3976,61,60
750,152,1,751,6,3982,61,60
751,152,1,752,5,3987,36,50
752,152,1,753,8,3995,86,80
753,152,1,754,7,4002,89,70
754,152,1,755,2,4004,0,20
755,152,1,756,8,4012,0,80
756,152,1,757,4,4016,156,40
757,152,1,758,8,4024,77,80
758,152,1,759,9,4033,0,90
759,152,1,760,7,4040,171,70
760,152,1,761,5,4045,56,50
761,152,1,762,5,4050,51,50
762,152,1,763,5,4055,0,50
763,152,1,764,9,4064,144,90
764,152,1,765,6,4070,0,60
765,152,1,766,6,4076,113,60
766,152,1,767,6,4082,58,60
767,152,1,768,8,4090,96,80
768,152,1,769,8,4098,75,80
769,152,1,770,5,4103,44,50
770,152,1,771,2,4105,15,20
771,152,1,772,2,4107,0,20
772,152,1,773,9,4116,0,90
773,152,1,774,3,4119,125,30
774,152,1,775,3,4122,0,30
775,152,1,776,3,4125,0,30
776,152,1,777,4,4129,100,40
777,152,1,778,5,4134,0,50
778,152,1,779,9,4143,152,90
779,152,1,780,7,4150,68,70
780,152,1,781,2,4152,15,20
781,152,1,782,7,4159,76,70
782,152,1,783,5,4164,49,50
783,152,1,784,2,4166,0,20
784,152,1,785,6,4172,79,60
785,152,1,786,3,4175,23,30
786,152,1,787,2,4177,0,20
787,152,1,788,9,4186,92,90
788,152,1,789,6,4192,0,60
789,152,1,790,6,4198,124,60
790,152,1,791,7,4205,0,70
791,152,1,792,5,4210,0,50
792,152,1,793,6,4216,153,60
793,152,1,794,5,4221,40,50
794,152,1,795,6,4227,57,60
795,152,1,796,2,4229,14,20
796,152,1,797,8,4237,77,80
797,152,1,798,6,4243,0,60
798,152,1,799,7,4250,134,70
799,152,1,800,5,4255,51,50
800,152,1,801,3,4258,19,30
801,152,1,802,4,4262,39,40
802,152,1,803,3,4265,27,30
803,152,1,804,4,4269,42,40
804,152,1,805,9,4278,89,90
805,152,1,806,2,4280,20,20
806,152,1,807,7,4287,67,70
807,152,1,808,5,4292,57,50
808,152,1,809,8,4300,0,80
809,152,1,810,9,4309,0,90
810,152,1,811,9,4318,252,90
811,152,1,812,5,4323,50,50
812,152,1,813,2,4325,19,20
813,152,1,814,3,4328,0,30
814,152,1,815,6,4334,91,60
815,152,1,816,9,4343,109,90
816,152,1,817,5,4348,0,50
817,152,1,818,2,4350,78,20
818,152,1,819,5,4355,53,50
819,152,1,820,9,4364,83,90
820,152,1,821,9,4373,0,90
821,152,1,822,4,4377,0,40
822,152,1,823,7,4384,225,70
823,152,1,824,8,4392,0,80
824,152,1,825,6,4398,0,60
825,152,1,826,9,4407,232,90
826,152,1,827,4,4411,0,40
827,152,1,828,7,4418,122,70
828,152,1,829,8,4426,83,80
829,152,1,830,5,4431,0,50
830,152,1,831,4,4435,0,40
831,152,1,832,7,4442,161,70
832,152,1,833,9,4451,0,90
833,152,1,834,2,4453,0,20
834,152,1,835,2,4455,128,20
835,152,1,836,9,4464,81,90
836,152,1,837,2,4466,0,20
837,152,1,838,3,4469,0,30
838,152,1,839,5,4474,0,50
839,152,1,840,7,4481,177,70
840,152,1,841,2,4483,15,20
841,152,1,842,9,4492,0,90
842,152,1,843,5,4497,0,50
843,152,1,844,9,4506,259,90
844,152,1,845,5,4511,42,50
845,152,1,846,7,4518,73,70
846,152,1,847,8,4526,71,80
847,152,1,848,9,4535,93,90
848,152,1,849,6,4541,0,60
849,152,1,850,3,4544,0,30
850,152,1,851,2,4546,110,20
851,152,1,852,3,4549,0,30
852,152,1,853,4,4553,0,40
853,152,1,854,3,4556,103,30
854,152,1,855,8,4564,95,80
855,152,1,856,5,4569,0,50
856,152,1,857,4,4573,99,40
857,152,1,858,8,4581,0,80
858,152,1,859,6,4587,0,60
859,152,1,860,2,4589,185,20
860,152,1,861,3,4592,36,30
861,152,1,862,2,4594,0,20
862,152,1,863,8,4602,0,80
863,152,1,864,2,4604,99,20
864,152,1,865,9,4613,79,90
865,152,1,866,4,4617,0,40
866,152,1,867,7,4624,87,70
867,152,1,868,2,4626,14,20
868,152,1,869,4,4630,41,40
869,152,1,870,2,4632,0,20
870,152,1,871,4,4636,53,40
871,152,1,872,4,4640,0,40
872,152,1,873,6,4646,91,60
873,152,1,874,5,4651,60,50
874,152,1,875,8,4659,0,80
875,152,1,876,4,4663,113,40
876,152,1,877,7,4670,0,70
877,152,1,878,4,4674,99,40
878,152,1,879,2,4676,0,20
879,152,1,880,7,4683,79,70
880,152,1,881,8,4691,0,80
881,152,1,882,8,4699,0,80
882,152,1,883,9,4708,230,90
883,152,1,884,4,4712,0,40
884,152,1,885,7,4719,114,70
885,152,1,886,3,4722,0,30
886,152,1,887,7,4729,117,70
887,152,1,888,7,4736,72,70
888,152,1,889,6,4742,0,60
889,152,1,890,4,4746,0,40
890,152,1,891,9,4755,186,90
891,152,1,892,7,4762,0,70
892,152,1,893,5,4767,119,50
893,152,1,894,5,4772,52,50
894,152,1,895,3,4775,27,30
895,152,1,896,3,4778,32,30
896,152,1,897,8,4786,79,80
897,152,1,898,3,4789,25,30
898,152,1,899,6,4795,0,60
899,152,1,900,5,4800,0,50
900,152,1,901,4,4804,149,40
901,152,1,902,4,4808,40,40
902,152,1,903,8,4816,67,80
903,152,1,904,8,4824,0,80
904,152,1,905,4,4828,0,40
905,152,1,906,5,4833,161,50
906,152,1,907,3,4836,25,30
907,152,1,908,5,4841,0,50
908,152,1,909,9,4850,0,90
909,152,1,910,5,4855,220,50
910,152,1,911,7,4862,66,70
911,152,1,912,2,4864,17,20
912,152,1,913,3,4867,0,30
913,152,1,914,6,4873,89,60
914,152,1,915,3,4876,30,30
915,152,1,916,2,4878,25,20
916,152,1,917,6,4884,0,60
917,152,1,918,3,4887,94,30
918,152,1,919,5,4892,0,50
919,152,1,920,8,4900,125,80
920,152,1,921,6,4906,49,60
921,152,1,922,9,4915,82,90
922,152,1,923,6,4921,0,60
923,152,1,924,8,4929,0,80
924,152,1,925,7,4936,195,70
925,152,1,926,3,4939,0,30
926,152,1,927,8,4947,122,80
927,152,1,928,8,4955,0,80
928,152,1,929,7,4962,162,70
929,152,1,930,2,4964,0,20
930,152,1,931,6,4970,0,60
931,152,1,932,4,4974,0,40
932,152,1,933,5,4979,0,50
933,152,1,934,6,4985,255,60
934,152,1,935,4,4989,39,40
935,152,1,936,7,4996,84,70
936,152,1,937,2,4998,0,20
937,152,2,1,5,5,46,50
938,152,2,2,2,7,22,20
939,152,2,3,9,16,98,90
940,152,2,4,8,24,0,80
941,152,2,5,4,28,127,40
942,152,2,6,3,31,33,30
943,152,2,7,7,38,0,70
944,152,2,8,8,46,155,80
945,152,2,9,5,51,57,50
946,152,2,10,2,53,27,20
947,152,2,11,3,56,28,30
948,152,2,12,8,64,88,80
949,152,2,13,4,68,0,40
950,152,2,14,6,74,0,60
951,152,2,15,9,83,182,90
952,152,2,16,3,86,32,30
953,152,2,17,5,91,0,50
954,152,2,18,6,97,107,60
955,152,2,19,7,104,0,70
956,152,2,20,7,111,0,70
957,152,2,21,9,120,0,90
958,152,2,22,2,122,278,20
959,152,2,23,8,130,79,80
960,152,2,24,6,136,53,60
961,152,2,25,3,139,0,30
962,152,2,26,8,147,110,80
963,152,2,27,9,156,94,90
964,152,2,28,7,163,0,70
965,152,2,29,9,172,148,90
966,152,2,30,2,174,0,20
967,152,2,31,2,176,44,20
968,152,2,32,6,182,62,60
969,152,2,33,4,186,37,40
970,152,2,34,3,189,39,30
971,152,2,35,6,195,65,60
972,152,2,36,9,204,0,90
973,152,2,37,2,206,0,20
974,152,2,38,5,211,158,50
975,152,2,39,4,215,0,40
976,152,2,40,7,222,105,70
977,152,2,41,4,226,0,40
978,152,2,42,7,233,121,70
979,152,2,43,6,239,65,60
980,152,2,44,2,241,0,20
981,152,2,45,4,245,56,40
982,152,2,46,7,252,59,70
983,152,2,47,2,254,19,20
984,152,2,48,2,256,19,20
985,152,2,49,2,258,17,20
986,152,2,50,5,263,50,50
987,152,2,51,6,269,66,60
988,152,2,52,4,273,0,40
989,152,2,53,2,275,60,20
990,152,2,54,6,281,55,60
991,152,2,55,8,289,80,80
992,152,2,56,6,295,0,60
993,152,2,57,7,302,0,70
994,152,2,58,7,309,0,70
995,152,2,59,3,312,240,30
996,152,2,60,9,321,85,90
997,152,2,61,9,330,96,90
998,152,2,62,6,336,0,60
999,152,2,63,8,344,155,80
1000,152,2,64,9,353,85,90
1001,152,2,65,9,362,78,90
1002,152,2,66,8,370,0,80
1003,152,2,67,6,376,0,60
1004,152,2,68,8,384,205,80
1005,152,2,69,5,389,0,50
1006,152,2,70,4,393,0,40
1007,152,2,71,8,401,175,80
1008,152,2,72,8,409,84,80
1009,152,2,73,5,414,47,50
1010,152,2,74,5,419,50,50
1011,152,2,75,4,423,0,40
1012,152,2,76,2,425,63,20
1013,152,2,77,5,430,0,50
1014,152,2,78,5,435,98,50
1015,152,2,79,6,441,56,60
1016,152,2,80,8,449,64,80
1017,152,2,81,6,455,69,60
1018,152,2,82,9,464,0,90
1019,152,2,83,6,470,151,60
1020,152,2,84,9,479,0,90
1021,152,2,85,9,488,183,90
1022,152,2,86,6,494,0,60
1023,152,2,87,5,499,0,50
1024,152,2,88,6,505,173,60
1025,152,2,89,2,507,10,20
1026,152,2,90,3,510,0,30
1027,152,2,91,7,517,0,70
1028,152,2,92,7,524,0,70
1029,152,2,93,8,532,0,80
1030,152,2,94,8,540,323,80
1031,152,2,95,7,547,78,70
1032,152,2,96,6,553,62,60
1033,152,2,97,6,559,48,60
1034,152,2,98,9,568,0,90
1035,152,2,99,3,571,0,30
1036,152,2,100,2,573,0,20
1037,152,2,101,8,581,0,80
1038,152,2,102,7,588,283,70
1039,152,2,103,3,591,30,30
1040,152,2,104,8,599,86,80
1041,152,2,105,6,605,0,60
1042,152,2,106,2,607,76,20
1043,152,2,107,8,615,70,80
1044,152,2,108,2,617,0,20
1045,152,2,109,7,624,105,70
1046,152,2,110,8,632,75,80
1047,152,2,111,4,636,0,40
1048,152,2,112,5,641,0,50
1049,152,2,113,7,648,159,70
1050,152,2,114,4,652,38,40
1051,152,2,115,2,654,27,20
1052,152,2,116,4,658,0,40
1053,152,2,117,5,663,81,50
1054,152,2,118,6,669,67,60
1055,152,2,119,9,678,0,90
1056,152,2,120,4,682,126,40
1057,152,2,121,9,691,93,90
1058,152,2,122,4,695,46,40
1059,152,2,123,3,698,17,30
1060,152,2,124,8,706,0,80
1061,152,2,125,8,714,162,80
1062,152,2,126,2,716,0,20
1063,152,2,127,8,724,0,80
1064,152,2,128,4,728,126,40
1065,152,2,129,8,736,59,80
1066,152,2,130,6,742,0,60
1067,152,2,131,5,747,0,50
1068,152,2,132,4,751,142,40
1069,152,2,133,9,760,117,90
1070,152,2,134,3,763,38,30
1071,152,2,135,7,770,71,70
1072,152,2,136,8,778,90,80
1073,152,2,137,8,786,79,80
1074,152,2,138,3,789,0,30
1075,152,2,139,8,797,109,80
1076,152,2,140,6,803,0,60
1077,152,2,141,5,808,117,50
1078,152,2,142,4,812,0,40
1079,152,2,143,6,818,102,60
1080,152,2,144,3,821,26,30
1081,152,2,145,8,829,90,80
1082,152,2,146,4,833,40,40
1083,152,2,147,2,835,0,20
1084,152,2,148,5,840,71,50
1085,152,2,149,9,849,86,90
1086,152,2,150,7,856,73,70
1087,152,2,151,3,859,29,30
1088,152,2,152,9,868,101,90
1089,152,2,153,5,873,38,50
1090,152,2,154,8,881,76,80
1091,152,2,155,9,890,89,90
1092,152,2,156,2,892,0,20
1093,152,2,157,3,895,52,30
1094,152,2,158,9,904,85,90
1095,152,2,159,8,912,86,80
1096,152,2,160,2,914,0,20
1097,152,2,161,6,920,87,60
1098,152,2,162,5,925,52,50
1099,152,2,163,2,927,32,20
1100,152,2,164,4,931,35,40
1101,152,2,165,7,938,84,70
1102,152,2,166,8,946,81,80
1103,152,2,167,3,949,20,30
1104,152,2,168,5,954,0,50
1105,152,2,169,5,959,112,50
1106,152,2,170,4,963,40,40
1107,152,2,171,5,968,0,50
1108,152,2,172,4,972,93,40
1109,152,2,173,9,981,111,90
1110,152,2,174,7,988,0,70
1111,152,2,175,8,996,154,80
1112,152,2,176,8,1004,0,80
1113,152,2,177,4,1008,129,40
1114,152,2,178,5,1013,0,50
1115,152,2,179,5,1018,97,50
1116,152,2,180,6,1024,0,60
1117,152,2,181,9,1033,0,90
1118,152,2,182,8,1041,0,80
1119,152,2,183,4,1045,287,40
1120,152,2,184,7,1052,80,70
1121,152,2,185,7,1059,64,70
1122,152,2,186,6,1065,50,60
1123,152,2,187,7,1072,0,70
1124,152,2,188,4,1076,128,40
1125,152,2,189,7,1083,0,70
1126,152,2,190,9,1092,162,90
1127,152,2,191,3,1095,34,30
1128,152,2,192,7,1102,0,70
1129,152,2,193,2,1104,87,20
1130,152,2,194,3,1107,28,30
1131,152,2,195,8,1115,0,80
1132,152,2,196,7,1122,0,70
1133,152,2,197,3,1125,154,30
1134,152,2,198,4,1129,41,40
1135,152,2,199,8,1137,80,80
1136,152,2,200,6,1143,0,60
1137,152,2,201,9,1152,183,90
1138,152,2,202,8,1160,82,80
1139,152,2,203,7,1167,69,70
1140,152,2,204,4,1171,52,40
1141,152,2,205,4,1175,45,40
1142,152,2,206,8,1183,0,80
1143,152,2,207,6,1189,137,60
1144,152,2,208,8,1197,0,80
1145,152,2,209,5,1202,127,50
1146,152,2,210,7,1209,63,70
1147,152,2,211,5,1214,0,50
1148,152,2,212,4,1218,0,40
1149,152,2,213,7,1225,175,70
1150,152,2,214,7,1232,71,70
1151,152,2,215,5,1237,43,50
1152,152,2,216,8,1245,89,80
1153,152,2,217,6,1251,47,60
1154,152,2,218,5,1256,45,50
1155,152,2,219,8,1264,88,80
1156,152,2,220,6,1270,68,60
1157,152,2,221,3,1273,0,30
1158,152,2,222,2,1275,0,20
1159,152,2,223,2,1277,73,20
1160,152,2,224,2,1279,28,20
1161,152,2,225,3,1282,0,30
1162,152,2,226,6,1288,0,60
1163,152,2,227,7,1295,166,70
1164,152,2,228,6,1301,61,60
1165,152,2,229,8,1309,0,80
1166,152,2,230,5,1314,129,50
1167,152,2,231,9,1323,104,90
1168,152,2,232,6,1329,56,60
1169,152,2,233,3,1332,0,30
1170,152,2,234,9,1341,0,90
1171,152,2,235,5,1346,188,50
1172,152,2,236,8,1354,83,80
1173,152,2,237,7,1361,0,70
1174,152,2,238,3,1364,0,30
1175,152,2,239,6,1370,163,60
1176,152,2,240,2,1372,0,20
1177,152,2,241,8,1380,97,80
1178,152,2,242,2,1382,23,20
1179,152,2,243,4,1386,40,40
1180,152,2,244,3,1389,0,30
1181,152,2,245,2,1391,56,20
1182,152,2,246,4,1395,38,40
1183,152,2,247,7,1402,77,70
1184,152,2,248,9,1411,100,90
1185,152,2,249,3,1414,26,30
1186,152,2,250,9,1423,0,90
1187,152,2,251,2,1425,106,20
1188,152,2,252,2,1427,0,20
1189,152,2,253,4,1431,62,40
1190,152,2,254,2,1433,15,20
1191,152,2,255,7,1440,0,70
1192,152,2,256,7,1447,0,70
1193,152,2,257,5,1452,216,50
1194,152,2,258,2,1454,19,20
1195,152,2,259,8,1462,0,80
1196,152,2,260,7,1469,0,70
1197,152,2,261,9,1478,0,90
1198,152,2,262,4,1482,297,40
1199,152,2,263,9,1491,88,90
1200,152,2,264,9,1500,0,90
1201,152,2,265,2,1502,0,20
1202,152,2,266,5,1507,0,50
1203,152,2,267,8,1515,229,80
1204,152,2,268,6,1521,55,60
1205,152,2,269,2,1523,22,20
1206,152,2,270,8,1531,63,80
1207,152,2,271,7,1538,82,70
1208,152,2,272,9,1547,84,90
1209,152,2,273,4,1551,0,40
1210,152,2,274,4,1555,0,40
1211,152,2,275,9,1564,190,90
1212,152,2,276,5,1569,48,50
1213,152,2,277,8,1577,73,80
1214,152,2,278,2,1579,0,20
1215,152,2,279,3,1582,55,30
1216,152,2,280,4,1586,0,40
1217,152,2,281,5,1591,0,50
1218,152,2,282,5,1596,152,50
1219,152,2,283,5,1601,53,50
1220,152,2,284,3,1604,29,30
1221,152,2,285,7,1611,0,70
1222,152,2,286,3,1614,0,30
1223,152,2,287,3,1617,0,30
1224,152,2,288,7,1624,0,70
1225,152,2,289,4,1628,234,40
1226,152,2,290,2,1630,0,20
1227,152,2,291,3,1633,0,30
1228,152,2,292,4,1637,104,40
1229,152,2,293,4,1641,52,40
1230,152,2,294,9,1650,85,90
1231,152,2,295,7,1657,0,70
1232,152,2,296,8,1665,0,80
1233,152,2,297,5,1670,178,50
1234,152,2,298,2,1672,0,20
1235,152,2,299,2,1674,32,20
1236,152,2,300,4,1678,36,40
1237,152,2,301,8,1686,82,80
1238,152,2,302,8,1694,71,80
1239,152,2,303,3,1697,0,30
1240,152,2,304,2,1699,0,20
1241,152,2,305,2,1701,70,20
1242,152,2,306,4,1705,41,40
1243,152,2,307,2,1707,18,20
1244,152,2,308,7,1714,0,70
1245,152,2,309,6,1720,128,60
1246,152,2,310,6,1726,68,60
1247,152,2,311,4,1730,0,40
1248,152,2,312,2,1732,53,20
1249,152,2,313,7,1739,83,70
1250,152,2,314,8,1747,84,80
1251,152,2,315,4,1751,0,40
1252,152,2,316,4,1755,0,40
1253,152,2,317,5,1760,0,50
1254,152,2,318,5,1765,173,50
1255,152,2,319,8,1773,0,80
1256,152,2,320,5,1778,132,50
1257,152,2,321,5,1783,0,50
1258,152,2,322,3,1786,68,30
1259,152,2,323,7,1793,70,70
1260,152,2,324,8,1801,75,80
1261,152,2,325,6,1807,0,60
1262,152,2,326,8,1815,143,80
1263,152,2,327,8,1823,0,80
1264,152,2,328,8,1831,168,80
1265,152,2,329,7,1838,82,70
1266,152,2,330,2,1840,18,20
1267,152,2,331,3,1843,0,30
1268,152,2,332,2,1845,0,20
1269,152,2,333,7,1852,114,70
1270,152,2,334,6,1858,45,60
1271,152,2,335,5,1863,0,50
1272,152,2,336,3,1866,64,30
1273,152,2,337,6,1872,56,60
1274,152,2,338,5,1877,54,50
1275,152,2,339,4,1881,0,40
1276,152,2,340,6,1887,0,60
1277,152,2,341,6,1893,176,60
1278,152,2,342,7,1900,81,70
1279,152,2,343,5,1905,50,50
1280,152,2,344,7,1912,73,70
1281,152,2,345,5,1917,0,50
1282,152,2,346,7,1924,0,70
1283,152,2,347,9,1933,222,90
1284,152,2,348,4,1937,37,40
1285,152,2,349,4,1941,41,40
1286,152,2,350,5,1946,45,50
1287,152,2,351,3,1949,32,30
1288,152,2,352,2,1951,23,20
1289,152,2,353,5,1956,0,50
1290,152,2,354,4,1960,0,40
1291,152,2,355,4,1964,128,40
1292,152,2,356,9,1973,95,90
1293,152,2,357,9,1982,79,90
1294,152,2,358,9,1991,89,90
1295,152,2,359,7,1998,0,70
1296,152,2,360,2,2000,0,20
1297,152,2,361,7,2007,0,70
1298,152,2,362,8,2015,0,80
1299,152,2,363,4,2019,0,40
1300,152,2,364,6,2025,328,60
1301,152,2,365,7,2032,0,70
1302,152,2,366,9,2041,0,90
1303,152,2,367,3,2044,191,30
1304,152,2,368,2,2046,24,20
1305,152,2,369,7,2053,70,70
1306,152,2,370,5,2058,0,50
1307,152,2,371,8,2066,167,80
1308,152,2,372,8,2074,64,80
1309,152,2,373,6,2080,0,60
1310,152,2,374,9,2089,0,90
1311,152,2,375,2,2091,0,20
1312,152,2,376,3,2094,218,30
1313,152,2,377,6,2100,64,60
1314,152,2,378,6,2106,66,60
1315,152,2,379,7,2113,0,70
1316,152,2,380,6,2119,123,60
1317,152,2,381,9,2128,0,90
1318,152,2,382,5,2133,124,50
1319,152,2,383,7,2140,88,70
1320,152,2,384,6,2146,0,60
1321,152,2,385,4,2150,0,40
1322,152,2,386,7,2157,0,70
1323,152,2,387,2,2159,0,20
1324,152,2,388,4,2163,223,40
1325,152,2,389,9,2172,98,90
1326,152,2,390,4,2176,0,40
1327,152,2,391,2,2178,55,20
1328,152,2,392,7,2185,75,70
1329,152,2,393,5,2190,0,50
1330,152,2,394,7,2197,0,70
1331,152,2,395,3,2200,130,30
1332,152,2,396,3,2203,35,30
1333,152,2,397,5,2208,52,50
1334,152,2,398,2,2210,0,20
1335,152,2,399,5,2215,0,50
1336,152,2,400,5,2220,123,50
1337,152,2,401,7,2227,63,70
1338,152,2,402,4,2231,37,40
1339,152,2,403,7,2238,0,70
1340,152,2,404,2,2240,96,20
1341,152,2,405,5,2245,0,50
1342,152,2,406,5,2250,99,50
1343,152,2,407,3,2253,33,30
1344,152,2,408,5,2258,0,50
1345,152,2,409,4,2262,80,40
1346,152,2,410,8,2270,0,80
1347,152,2,411,7,2277,0,70
1348,152,2,412,8,2285,0,80
1349,152,2,413,6,2291,302,60
1350,152,2,414,4,2295,48,40
1351,152,2,415,5,2300,0,50
1352,152,2,416,9,2309,0,90
1353,152,2,417,8,2317,208,80
1354,152,2,418,7,2324,0,70
1355,152,2,419,5,2329,127,50
1356,152,2,420,7,2336,0,70
1357,152,2,421,5,2341,107,50
1358,152,2,422,2,2343,17,20
1359,152,2,423,2,2345,16,20
1360,152,2,424,8,2353,66,80
1361,152,2,425,2,2355,0,20
1362,152,2,426,7,2362,0,70
1363,152,2,427,7,2369,161,70
1364,152,2,428,8,2377,74,80
1365,152,2,429,4,2381,36,40
1366,152,2,430,3,2384,0,30
1367,152,2,431,4,2388,83,40
1368,152,2,432,3,2391,42,30
1369,152,2,433,6,2397,0,60
1370,152,2,434,8,2405,120,80
1371,152,2,435,9,2414,78,90
1372,152,2,436,5,2419,52,50
1373,152,2,437,2,2421,26,20
1374,152,2,438,6,2427,51,60
1375,152,2,439,2,2429,17,20
1376,152,2,440,7,2436,54,70
1377,152,2,441,3,2439,29,30
1378,152,2,442,2,2441,19,20
1379,152,2,443,2,2443,24,20
1380,152,2,444,6,2449,52,60
1381,152,2,445,9,2458,102,90
1382,152,2,446,3,2461,33,30
1383,152,2,447,9,2470,75,90
1384,152,2,448,8,2478,85,80
1385,152,2,449,8,2486,71,80
1386,152,2,450,9,2495,0,90
1387,152,2,451,4,2499,0,40
1388,152,2,452,2,2501,0,20
1389,152,2,453,7,2508,252,70
1390,152,2,454,7,2515,0,70
1391,152,2,455,6,2521,0,60
1392,152,2,456,3,2524,151,30
1393,152,2,457,2,2526,0,20
1394,152,2,458,8,2534,97,80
1395,152,2,459,9,2543,0,90
1396,152,2,460,3,2546,101,30
1397,152,2,461,3,2549,0,30
1398,152,2,462,8,2557,113,80
1399,152,2,463,2,2559,24,20
1400,152,2,464,2,2561,0,20
1401,152,2,465,5,2566,81,50
1402,152,2,466,4,2570,41,40
1403,152,2,467,3,2573,0,30
1404,152,2,468,7,2580,105,70
1405,152,2,469,3,2583,31,30
1406,152,2,470,8,2591,0,80
1407,152,2,471,7,2598,0,70
1408,152,2,472,6,2604,0,60
1409,152,2,473,7,2611,279,70
1410,152,2,474,3,2614,21,30
1411,152,2,475,8,2622,82,80
1412,152,2,476,9,2631,85,90
1413,152,2,477,5,2636,47,50
1414,152,2,478,5,2641,63,50
1415,152,2,479,6,2647,70,60
1416,152,2,480,7,2654,81,70
1417,152,2,481,6,2660,64,60
1418,152,2,482,2,2662,0,20
1419,152,2,483,9,2671,120,90
1420,152,2,484,6,2677,55,60
1421,152,2,485,8,2685,0,80
1422,152,2,486,5,2690,0,50
1423,152,2,487,8,2698,0,80
1424,152,2,488,5,2703,254,50
1425,152,2,489,8,2711,0,80
1426,152,2,490,5,2716,150,50
1427,152,2,491,6,2722,0,60
1428,152,2,492,2,2724,0,20
1429,152,2,493,5,2729,0,50
1430,152,2,494,3,2732,154,30
1431,152,2,495,8,2740,90,80
1432,152,2,496,3,2743,25,30
1433,152,2,497,5,2748,55,50
1434,152,2,498,3,2751,0,30
1435,152,2,499,6,2757,88,60
1436,152,2,500,5,2762,55,50
1437,152,2,501,5,2767,68,50
1438,152,2,502,4,2771,39,40
1439,152,2,503,6,2777,73,60
1440,152,2,504,9,2786,88,90
1441,152,2,505,7,2793,68,70
1442,152,2,506,3,2796,0,30
1443,152,2,507,5,2801,0,50
1444,152,2,508,8,2809,158,80
1445,152,2,509,5,2814,57,50
1446,152,2,510,3,2817,21,30
1447,152,2,511,5,2822,51,50
1448,152,2,512,8,2830,82,80
1449,152,2,513,7,2837,90,70
1450,152,2,514,2,2839,0,20
1451,152,2,515,3,2842,39,30
1452,152,2,516,6,2848,64,60
1453,152,2,517,7,2855,0,70
1454,152,2,518,5,2860,0,50
1455,152,2,519,6,2866,177,60
1456,152,2,520,8,2874,0,80
1457,152,2,521,7,2881,154,70
1458,152,2,522,4,2885,34,40
1459,152,2,523,3,2888,32,30
1460,152,2,524,5,2893,52,50
1461,152,2,525,6,2899,0,60
1462,152,2,526,2,2901,82,20
1463,152,2,527,4,2905,33,40
1464,152,2,528,6,2911,0,60
1465,152,2,529,5,2916,124,50
1466,152,2,530,9,2925,0,90
1467,152,2,531,4,2929,138,40
1468,152,2,532,3,2932,23,30
1469,152,2,533,6,2938,43,60
1470,152,2,534,9,2947,98,90
1471,152,2,535,9,2956,0,90
1472,152,2,536,2,2958,99,20
1473,152,2,537,3,2961,0,30
1474,152,2,538,8,2969,113,80
1475,152,2,539,9,2978,87,90
1476,152,2,540,5,2983,54,50
1477,152,2,541,9,2992,79,90
1478,152,2,542,7,2999,76,70
1479,152,2,543,7,3006,59,70
1480,152,2,544,6,3012,67,60
1481,152,2,545,6,3018,61,60
1482,152,2,546,3,3021,32,30
1483,152,2,547,5,3026,0,50
1484,152,2,548,4,3030,93,40
1485,152,2,549,9,3039,86,90
1486,152,2,550,2,3041,18,20
1487,152,2,551,5,3046,45,50
1488,152,2,552,2,3048,18,20
1489,152,2,553,9,3057,0,90
1490,152,2,554,4,3061,127,40
1491,152,2,555,5,3066,49,50
1492,152,2,556,3,3069,36,30
1493,152,2,557,7,3076,0,70
1494,152,2,558,3,3079,0,30
1495,152,2,559,7,3086,161,70
1496,152,2,560,6,3092,66,60
1497,152,2,561,7,3099,0,70
1498,152,2,562,7,3106,137,70
1499,152,2,563,6,3112,0,60
1500,152,2,564,5,3117,100,50
1501,152,2,565,6,3123,0,60
1502,152,2,566,2,3125,74,20
1503,152,2,567,9,3134,0,90
1504,152,2,568,8,3142,165,80
1505,152,2,569,2,3144,0,20
1506,152,2,570,6,3150,0,60
1507,152,2,571,3,3153,0,30
1508,152,2,572,7,3160,170,70
1509,152,2,573,6,3166,0,60
1510,152,2,574,8,3174,126,80
1511,152,2,575,9,3183,0,90
1512,152,2,576,2,3185,114,20
1513,152,2,577,4,3189,41,40
1514,152,2,578,8,3197,0,80
1515,152,2,579,5,3202,119,50
1516,152,2,580,3,3205,33,30
1517,152,2,581,5,3210,0,50
1518,152,2,582,2,3212,74,20
1519,152,2,583,4,3216,0,40
1520,152,2,584,6,3222,0,60
1521,152,2,585,6,3228,161,60
1522,152,2,586,7,3235,0,70
1523,152,2,587,4,3239,95,40
1524,152,2,588,3,3242,0,30
1525,152,2,589,6,3248,0,60
1526,152,2,590,5,3253,148,50
1527,152,2,591,2,3255,0,20
1528,152,2,592,4,3259,52,40
1529,152,2,593,3,3262,27,30
1530,152,2,594,5,3267,0,50
1531,152,2,595,7,3274,0,70
1532,152,2,596,6,3280,0,60
1533,152,2,597,8,3288,0,80
1534,152,2,598,3,3291,335,30
1535,152,2,599,8,3299,80,80
1536,152,2,600,9,3308,0,90
1537,152,2,601,7,3315,165,70
1538,152,2,602,6,3321,61,60
1539,152,2,603,7,3328,83,70
1540,152,2,604,8,3336,0,80
1541,152,2,605,4,3340,107,40
1542,152,2,606,8,3348,0,80
1543,152,2,607,9,3357,0,90
1544,152,2,608,4,3361,185,40
1545,152,2,609,2,3363,27,20
1546,152,2,610,3,3366,0,30
1547,152,2,611,2,3368,64,20
1548,152,2,612,6,3374,0,60
1549,152,2,613,3,3377,90,30
1550,152,2,614,6,3383,51,60
1551,152,2,615,2,3385,13,20
1552,152,2,616,3,3388,29,30
1553,152,2,617,5,3393,59,50
1554,152,2,618,7,3400,102,70
1555,152,2,619,4,3404,0,40
1556,152,2,620,4,3408,0,40
1557,152,2,621,3,3411,0,30
1558,152,2,622,8,3419,0,80
1559,152,2,623,5,3424,252,50
1560,152,2,624,7,3431,0,70
1561,152,2,625,3,3434,85,30
1562,152,2,626,5,3439,64,50
1563,152,2,627,8,3447,83,80
1564,152,2,628,3,3450,0,30
1565,152,2,629,4,3454,73,40
1566,152,2,630,9,3463,0,90
1567,152,2,631,9,3472,0,90
1568,152,2,632,7,3479,208,70
1569,152,2,633,5,3484,0,50
1570,152,2,634,8,3492,141,80
1571,152,2,635,6,3498,50,60
1572,152,2,636,3,3501,0,30
1573,152,2,637,7,3508,0,70
1574,152,2,638,8,3516,169,80
1575,152,2,639,4,3520,48,40
1576,152,2,640,3,3523,38,30
1577,152,2,641,2,3525,15,20
1578,152,2,642,7,3532,79,70
1579,152,2,643,2,3534,23,20
1580,152,2,644,8,3542,0,80
1581,152,2,645,3,3545,105,30
1582,152,2,646,2,3547,20,20
1583,152,2,647,2,3549,0,20
1584,152,2,648,6,3555,0,60
1585,152,2,649,9,3564,190,90
1586,152,2,650,8,3572,0,80
1587,152,2,651,8,3580,0,80
1588,152,2,652,2,3582,0,20
1589,152,2,653,9,3591,289,90
1590,152,2,654,9,3600,0,90
1591,152,2,655,6,3606,165,60
1592,152,2,656,9,3615,84,90
1593,152,2,657,2,3617,14,20
1594,152,2,658,8,3625,96,80
1595,152,2,659,6,3631,49,60
1596,152,2,660,3,3634,0,30
1597,152,2,661,6,3640,0,60
1598,152,2,662,2,3642,99,20
1599,152,2,663,8,3650,0,80
1600,152,2,664,5,3655,137,50
1601,152,2,665,3,3658,27,30
1602,152,2,666,7,3665,66,70
1603,152,2,667,3,3668,0,30
1604,152,2,668,2,3670,0,20
1605,152,2,669,4,3674,0,40
1606,152,2,670,7,3681,165,70
1607,152,2,671,9,3690,85,90
1608,152,2,672,9,3699,0,90
1609,152,2,673,3,3702,98,30
1610,152,2,674,9,3711,0,90
1611,152,2,675,3,3714,105,30
1612,152,2,676,8,3722,73,80
1613,152,2,677,4,3726,0,40
1614,152,2,678,9,3735,147,90
1615,152,2,679,9,3744,96,90
1616,152,2,680,2,3746,20,20
1617,152,2,681,4,3750,42,40
1618,152,2,682,9,3759,79,90
1619,152,2,683,3,3762,0,30
1620,152,2,684,9,3771,121,90
1621,152,2,685,2,3773,0,20
1622,152,2,686,2,3775,0,20
1623,152,2,687,5,3780,89,50
1624,152,2,688,3,3783,32,30
1625,152,2,689,2,3785,20,20
1626,152,2,690,2,3787,25,20
1627,152,2,691,8,3795,93,80
1628,152,2,692,2,3797,25,20
1629,152,2,693,8,3805,76,80
1630,152,2,694,3,3808,33,30
1631,152,2,695,8,3816,79,80
1632,152,2,696,4,3820,46,40
1633,152,2,697,4,3824,0,40
1634,152,2,698,6,3830,107,60
1635,152,2,699,9,3839,89,90
1636,152,2,700,8,3847,75,80
1637,152,2,701,6,3853,60,60
1638,152,2,702,6,3859,72,60
1639,152,2,703,6,3865,66,60
1640,152,2,704,5,3870,46,50
1641,152,2,705,3,3873,0,30
1642,152,2,706,7,3880,101,70
1643,152,2,707,4,3884,47,40
1644,152,2,708,2,3886,0,20
1645,152,2,709,4,3890,0,40
1646,152,2,710,4,3894,0,40
1647,152,2,711,6,3900,0,60
1648,152,2,712,4,3904,0,40
1649,152,2,713,2,3906,0,20
1650,152,2,714,7,3913,0,70
1651,152,2,715,6,3919,0,60
1652,152,2,716,7,3926,0,70
1653,152,2,717,9,3935,472,90
1654,152,2,718,9,3944,0,90
1655,152,2,719,8,3952,0,80
1656,152,2,720,2,3954,192,20
1657,152,2,721,8,3962,0,80
1658,152,2,722,5,3967,0,50
1659,152,2,723,2,3969,0,20
1660,152,2,724,5,3974,196,50
1661,152,2,725,2,3976,0,20
1662,152,2,726,9,3985,0,90
1663,152,2,727,6,3991,162,60
1664,152,2,728,7,3998,0,70
1665,152,2,729,8,4006,0,80
1666,152,2,730,5,4011,0,50
1667,152,2,731,4,4015,0,40
1668,152,2,732,5,4020,0,50
1669,152,2,733,4,4024,0,40
1670,152,2,734,3,4027,0,30
1671,152,2,735,3,4030,0,30
1672,152,2,736,4,4034,0,40
1673,152,2,737,2,4036,444,20
1674,152,2,738,4,4040,52,40
1675,152,2,739,7,4047,72,70
1676,152,2,740,7,4054,57,70
1677,152,2,741,7,4061,68,70
1678,152,2,742,7,4068,61,70
1679,152,2,743,5,4073,45,50
1680,152,2,744,3,4076,0,30
1681,152,2,745,6,4082,81,60
1682,152,2,746,2,4084,19,20
1683,152,2,747,2,4086,0,20
1684,152,2,748,7,4093,101,70
1685,152,2,749,2,4095,19,20
1686,152,2,750,5,4100,0,50
1687,152,2,751,2,4102,0,20
1688,152,2,752,6,4108,0,60
1689,152,2,753,6,4114,0,60
1690,152,2,754,2,4116,0,20
1691,152,2,755,9,4125,0,90
1692,152,2,756,7,4132,0,70
1693,152,2,757,4,4136,0,40
1694,152,2,758,5,4141,435,50
1695,152,2,759,5,4146,49,50
1696,152,2,760,2,4148,18,20
1697,152,2,761,4,4152,0,40
1698,152,2,762,9,4161,118,90
1699,152,2,763,2,4163,23,20
1700,152,2,764,8,4171,0,80
1701,152,2,765,6,4177,125,60
1702,152,2,766,5,4182,54,50
1703,152,2,767,7,4189,0,70
1704,152,2,768,2,4191,0,20
1705,152,2,769,8,4199,185,80
1706,152,2,770,4,4203,0,40
1707,152,2,771,7,4210,0,70
1708,152,2,772,2,4212,133,20
1709,152,2,773,7,4219,58,70
1710,152,2,774,5,4224,0,50
1711,152,2,775,3,4227,0,30
1712,152,2,776,8,4235,0,80
1713,152,2,777,7,4242,0,70
1714,152,2,778,2,4244,245,20
1715,152,2,779,5,4249,0,50
1716,152,2,780,2,4251,62,20
1717,152,2,781,6,4257,71,60
1718,152,2,782,6,4263,74,60
1719,152,2,783,8,4271,0,80
1720,152,2,784,4,4275,0,40
1721,152,2,785,6,4281,0,60
1722,152,2,786,8,4289,264,80
1723,152,2,787,4,4293,38,40
1724,152,2,788,3,4296,21,30
1725,152,2,789,3,4299,21,30
1726,152,2,790,8,4307,0,80
1727,152,2,791,7,4314,161,70
1728,152,2,792,8,4322,78,80
1729,152,2,793,5,4327,49,50
1730,152,2,794,5,4332,0,50
1731,152,2,795,4,4336,85,40
1732,152,2,796,4,4340,41,40
1733,152,2,797,6,4346,49,60
1734,152,2,798,3,4349,22,30
1735,152,2,799,3,4352,0,30
1736,152,2,800,4,4356,80,40
1737,152,2,801,5,4361,54,50
1738,152,2,802,5,4366,0,50
1739,152,2,803,8,4374,117,80
1740,152,2,804,7,4381,0,70
1741,152,2,805,5,4386,0,50
1742,152,2,806,8,4394,188,80
1743,152,2,807,7,4401,69,70
1744,152,2,808,6,4407,62,60
1745,152,2,809,5,4412,41,50
1746,152,2,810,3,4415,0,30
1747,152,2,811,6,4421,94,60
1748,152,2,812,8,4429,0,80
1749,152,2,813,3,4432,101,30
1750,152,2,814,6,4438,0,60
1751,152,2,815,2,4440,87,20
1752,152,2,816,8,4448,76,80
1753,152,2,817,7,4455,0,70
1754,152,2,818,9,4464,163,90
1755,152,2,819,8,4472,0,80
1756,152,2,820,9,4481,0,90
1757,152,2,821,6,4487,235,60
1758,152,2,822,2,4489,12,20
1759,152,2,823,7,4496,79,70
1760,152,2,824,6,4502,61,60
1761,152,2,825,2,4504,23,20
1762,152,2,826,7,4511,0,70
1763,152,2,827,6,4517,0,60
1764,152,2,828,5,4522,197,50
1765,152,2,829,4,4526,42,40
1766,152,2,830,9,4535,83,90
1767,152,2,831,4,4539,0,40
1768,152,2,832,7,4546,0,70
1769,152,2,833,9,4555,187,90
1770,152,2,834,9,4564,86,90
1771,152,2,835,8,4572,85,80
1772,152,2,836,7,4579,59,70
1773,152,2,837,4,4583,0,40
1774,152,2,838,7,4590,127,70
1775,152,2,839,5,4595,0,50
1776,152,2,840,2,4597,77,20
1777,152,2,841,8,4605,81,80
1778,152,2,842,8,4613,72,80
1779,152,2,843,7,4620,0,70
1780,152,2,844,2,4622,0,20
1781,152,2,845,9,4631,169,90
1782,152,2,846,8,4639,74,80
1783,152,2,847,4,4643,0,40
1784,152,2,848,3,4646,0,30
1785,152,2,849,8,4654,127,80
1786,152,2,850,2,4656,23,20
1787,152,2,851,9,4665,87,90
1788,152,2,852,5,4670,54,50
1789,152,2,853,3,4673,33,30
1790,152,2,854,5,4678,49,50
1791,152,2,855,8,4686,85,80
1792,152,2,856,6,4692,0,60
1793,152,2,857,5,4697,120,50
1794,152,2,858,6,4703,0,60
1795,152,2,859,6,4709,0,60
1796,152,2,860,8,4717,0,80
1797,152,2,861,6,4723,0,60
1798,152,2,862,2,4725,0,20
1799,152,2,863,2,4727,0,20
1800,152,2,864,3,4730,0,30
1801,152,2,865,8,4738,430,80
1802,152,2,866,6,4744,52,60
1803,152,2,867,3,4747,34,30
1804,152,2,868,6,4753,0,60
1805,152,2,869,9,4762,147,90
1806,152,2,870,9,4771,0,90
1807,152,2,871,9,4780,174,90
1808,152,2,872,4,4784,28,40
1809,152,2,873,9,4793,94,90
1810,152,2,874,9,4802,0,90
1811,152,2,875,2,4804,116,20
1812,152,2,876,4,4808,44,40
1813,152,2,877,8,4816,0,80
1814,152,2,878,8,4824,181,80
1815,152,2,879,7,4831,82,70
1816,152,2,880,9,4840,86,90
1817,152,2,881,3,4843,0,30
1818,152,2,882,8,4851,0,80
1819,152,2,883,9,4860,203,90
1820,152,2,884,9,4869,91,90
1821,152,2,885,2,4871,30,20
1822,152,2,886,7,4878,70,70
1823,152,2,887,9,4887,0,90
1824,152,2,888,4,4891,128,40
1825,152,2,889,6,4897,55,60
1826,152,2,890,6,4903,0,60
1827,152,2,891,8,4911,129,80
1828,152,2,892,3,4914,38,30
1829,152,2,893,4,4918,0,40
1830,152,2,894,5,4923,90,50
1831,152,2,895,3,4926,0,30
1832,152,2,896,3,4929,51,30
1833,152,2,897,3,4932,0,30
1834,152,2,898,3,4935,68,30
1835,152,2,899,8,4943,0,80
1836,152,2,900,8,4951,0,80
1837,152,2,901,4,4955,0,40
1838,152,2,902,8,4963,0,80
1839,152,2,903,9,4972,0,90
1840,152,2,904,6,4978,424,60
1841,152,2,905,2,4980,20,20
1842,152,2,906,4,4984,0,40
1843,152,2,907,5,4989,93,50
1844,152,2,908,5,4994,57,50
1845,152,2,909,4,4998,36,40
1846,152,3,1,9,9,89,90
1847,152,3,2,5,14,52,50
1848,152,3,3,7,21,78,70
1849,152,3,4,8,29,0,80
1850,152,3,5,2,31,104,20
1851,152,3,6,9,40,96,90
1852,152,3,7,9,49,0,90
1853,152,3,8,4,53,0,40
1854,152,3,9,4,57,159,40
1855,152,3,10,8,65,86,80
1856,152,3,11,3,68,0,30
1857,152,3,12,4,72,82,40
1858,152,3,13,3,75,17,30
1859,152,3,14,7,82,0,70
1860,152,3,15,6,88,0,60
1861,152,3,16,3,91,0,30
1862,152,3,17,7,98,239,70
1863,152,3,18,6,104,54,60
1864,152,3,19,7,111,81,70
1865,152,3,20,8,119,83,80
1866,152,3,21,9,128,82,90
1867,152,3,22,3,131,34,30
1868,152,3,23,2,133,19,20
1869,152,3,24,9,142,89,90
1870,152,3,25,7,149,72,70
1871,152,3,26,3,152,33,30
1872,152,3,27,8,160,90,80
1873,152,3,28,5,165,51,50
1874,152,3,29,8,173,77,80
1875,152,3,30,8,181,63,80
1876,152,3,31,9,190,0,90
1877,152,3,32,6,196,145,60
1878,152,3,33,7,203,0,70
1879,152,3,34,4,207,102,40
1880,152,3,35,3,210,0,30
1881,152,3,36,9,219,0,90
1882,152,3,37,3,222,159,30
1883,152,3,38,3,225,0,30
1884,152,3,39,6,231,0,60
1885,152,3,40,4,235,0,40
1886,152,3,41,5,240,208,50
1887,152,3,42,2,242,0,20
1888,152,3,43,6,248,78,60
1889,152,3,44,9,257,99,90
1890,152,3,45,3,260,0,30
1891,152,3,46,4,264,0,40
1892,152,3,47,3,267,106,30
1893,152,3,48,4,271,39,40
1894,152,3,49,9,280,87,90
1895,152,3,50,3,283,25,30
1896,152,3,51,8,291,77,80
1897,152,3,52,8,299,96,80
1898,152,3,53,9,308,0,90
1899,152,3,54,4,312,123,40
1900,152,3,55,3,315,34,30
1901,152,3,56,9,324,0,90
1902,152,3,57,5,329,137,50
1903,152,3,58,5,334,54,50
1904,152,3,59,9,343,89,90
1905,152,3,60,2,345,19,20
1906,152,3,61,4,349,38,40
1907,152,3,62,7,356,0,70
1908,152,3,63,6,362,147,60
1909,152,3,64,8,370,77,80
1910,152,3,65,8,378,0,80
1911,152,3,66,8,386,0,80
1912,152,3,67,3,389,167,30
1913,152,3,68,6,395,55,60
1914,152,3,69,7,402,89,70
1915,152,3,70,8,410,0,80
1916,152,3,71,7,417,0,70
1917,152,3,72,4,421,230,40
1918,152,3,73,9,430,102,90
1919,152,3,74,4,434,0,40
1920,152,3,75,6,440,0,60
1921,152,3,76,5,445,0,50
1922,152,3,77,6,451,0,60
1923,152,3,78,2,453,0,20
1924,152,3,79,4,457,270,40
1925,152,3,80,6,463,55,60
1926,152,3,81,8,471,0,80
1927,152,3,82,6,477,0,60
1928,152,3,83,2,479,0,20
1929,152,3,84,3,482,174,30
1930,152,3,85,9,491,82,90
1931,152,3,86,6,497,0,60
1932,152,3,87,2,499,102,20
1933,152,3,88,7,506,0,70
1934,152,3,89,8,514,168,80
1935,152,3,90,7,521,66,70
1936,152,3,91,7,528,0,70
1937,152,3,92,5,533,110,50
1938,152,3,93,3,536,29,30
1939,152,3,94,9,545,84,90
1940,152,3,95,5,550,0,50
1941,152,3,96,8,558,123,80
1942,152,3,97,3,561,34,30
1943,152,3,98,5,566,46,50
1944,152,3,99,6,572,53,60
1945,152,3,100,3,575,30,30
1946,152,3,101,6,581,0,60
1947,152,3,102,6,587,129,60
1948,152,3,103,3,590,0,30
1949,152,3,104,8,598,0,80
1950,152,3,105,6,604,0,60
1951,152,3,106,2,606,183,20
1952,152,3,107,5,611,49,50
1953,152,3,108,9,620,0,90
1954,152,3,109,6,626,0,60
1955,152,3,110,9,635,220,90
1956,152,3,111,5,640,32,50
1957,152,3,112,5,645,59,50
1958,152,3,113,5,650,0,50
1959,152,3,114,8,658,130,80
1960,152,3,115,6,664,52,60
1961,152,3,116,5,669,0,50
1962,152,3,117,8,677,0,80
1963,152,3,118,6,683,180,60
1964,152,3,119,7,690,67,70
1965,152,3,120,5,695,0,50
1966,152,3,121,3,698,0,30
1967,152,3,122,7,705,0,70
1968,152,3,123,3,708,169,30
1969,152,3,124,9,717,98,90
1970,152,3,125,6,723,50,60
1971,152,3,126,3,726,0,30
1972,152,3,127,6,732,84,60
1973,152,3,128,6,738,58,60
1974,152,3,129,6,744,53,60
1975,152,3,130,3,747,0,30
1976,152,3,131,4,751,0,40
1977,152,3,132,3,754,113,30
1978,152,3,133,3,757,26,30
1979,152,3,134,4,761,50,40
1980,152,3,135,6,767,0,60
1981,152,3,136,3,770,0,30
1982,152,3,137,3,773,117,30
1983,152,3,138,9,782,86,90
1984,152,3,139,8,790,0,80
1985,152,3,140,9,799,163,90
1986,152,3,141,2,801,11,20
1987,152,3,142,2,803,0,20
1988,152,3,143,3,806,0,30
1989,152,3,144,2,808,69,20
1990,152,3,145,6,814,81,60
1991,152,3,146,9,823,0,90
1992,152,3,147,7,830,158,70
1993,152,3,148,5,835,0,50
1994,152,3,149,2,837,0,20
1995,152,3,150,9,846,160,90
1996,152,3,151,5,851,54,50
1997,152,3,152,3,854,37,30
1998,152,3,153,9,863,86,90
1999,152,3,154,9,872,0,90
2000,152,3,155,4,876,134,40
2001,152,3,156,7,883,67,70
2002,152,3,157,2,885,0,20
2003,152,3,158,4,889,0,40
2004,152,3,159,2,891,83,20
2005,152,3,160,6,897,0,60
2006,152,3,161,7,904,0,70
2007,152,3,162,9,913,0,90
2008,152,3,163,7,920,251,70
2009,152,3,164,6,926,0,60
2010,152,3,165,6,932,118,60
2011,152,3,166,9,941,0,90
2012,152,3,167,5,946,0,50
2013,152,3,168,5,951,189,50
2014,152,3,169,5,956,43,50
2015,152,3,170,6,962,78,60
2016,152,3,171,9,971,0,90
2017,152,3,172,5,976,147,50
2018,152,3,173,6,982,67,60
2019,152,3,174,5,987,48,50
2020,152,3,175,4,991,38,40
2021,152,3,176,3,994,41,30
2022,152,3,177,2,996,26,20
2023,152,3,178,8,1004,0,80
2024,152,3,179,3,1007,100,30
2025,152,3,180,2,1009,0,20
2026,152,3,181,7,1016,80,70
2027,152,3,182,3,1019,0,30
2028,152,3,183,2,1021,0,20
2029,152,3,184,9,1030,146,90
2030,152,3,185,5,1035,0,50
2031,152,3,186,6,1041,0,60
2032,152,3,187,6,1047,0,60
2033,152,3,188,6,1053,227,60
2034,152,3,189,6,1059,58,60
2035,152,3,190,5,1064,53,50
2036,152,3,191,7,1071,0,70
2037,152,3,192,2,1073,79,20
2038,152,3,193,4,1077,33,40
2039,152,3,194,2,1079,23,20
2040,152,3,195,2,1081,18,20
2041,152,3,196,7,1088,0,70
2042,152,3,197,4,1092,0,40
2043,152,3,198,3,1095,143,30
2044,152,3,199,3,1098,25,30
2045,152,3,200,5,1103,0,50
2046,152,3,201,8,1111,158,80
2047,152,3,202,6,1117,0,60
2048,152,3,203,3,1120,79,30
2049,152,3,204,6,1126,0,60
2050,152,3,205,2,1128,0,20
2051,152,3,206,2,1130,110,20
2052,152,3,207,6,1136,52,60
2053,152,3,208,3,1139,0,30
2054,152,3,209,3,1142,58,30
2055,152,3,210,6,1148,52,60
2056,152,3,211,8,1156,0,80
2057,152,3,212,3,1159,108,30
2058,152,3,213,4,1163,25,40
2059,152,3,214,4,1167,49,40
2060,152,3,215,5,1172,56,50
2061,152,3,216,2,1174,0,20
2062,152,3,217,3,1177,47,30
2063,152,3,218,2,1179,0,20
2064,152,3,219,4,1183,0,40
2065,152,3,220,2,1185,78,20
2066,152,3,221,9,1194,96,90
2067,152,3,222,8,1202,96,80
2068,152,3,223,9,1211,102,90
2069,152,3,224,4,1215,49,40
2070,152,3,225,3,1218,0,30
2071,152,3,226,5,1223,79,50
2072,152,3,227,6,1229,0,60
2073,152,3,228,2,1231,0,20
2074,152,3,229,8,1239,169,80
2075,152,3,230,2,1241,16,20
2076,152,3,231,2,1243,0,20
2077,152,3,232,2,1245,34,20
2078,152,3,233,4,1249,0,40
2079,152,3,234,7,1256,0,70
2080,152,3,235,9,1265,0,90
2081,152,3,236,6,1271,261,60
2082,152,3,237,3,1274,0,30
2083,152,3,238,3,1277,0,30
2084,152,3,239,8,1285,156,80
2085,152,3,240,4,1289,0,40
2086,152,3,241,6,1295,0,60
2087,152,3,242,4,1299,142,40
2088,152,3,243,3,1302,39,30
2089,152,3,244,5,1307,59,50
2090,152,3,245,7,1314,0,70
2091,152,3,246,9,1323,153,90
2092,152,3,247,4,1327,36,40
2093,152,3,248,6,1333,67,60
2094,152,3,249,4,1337,0,40
2095,152,3,250,2,1339,0,20
2096,152,3,251,2,1341,0,20
2097,152,3,252,9,1350,173,90
2098,152,3,253,4,1354,41,40
2099,152,3,254,6,1360,0,60
2100,152,3,255,2,1362,76,20
2101,152,3,256,7,1369,81,70
2102,152,3,257,6,1375,60,60
2103,152,3,258,9,1384,0,90
2104,152,3,259,2,1386,109,20
2105,152,3,260,6,1392,57,60
2106,152,3,261,3,1395,30,30
2107,152,3,262,8,1403,0,80
2108,152,3,263,8,1411,192,80
2109,152,3,264,2,1413,0,20
2110,152,3,265,2,1415,0,20
2111,152,3,266,8,1423,0,80
2112,152,3,267,2,1425,136,20
2113,152,3,268,9,1434,0,90
2114,152,3,269,3,1437,103,30
2115,152,3,270,7,1444,0,70
2116,152,3,271,6,1450,0,60
2117,152,3,272,8,1458,0,80
2118,152,3,273,2,1460,0,20
2119,152,3,274,9,1469,0,90
2120,152,3,275,9,1478,438,90
2121,152,3,276,7,1485,76,70
2122,152,3,277,2,1487,0,20
2123,152,3,278,8,1495,92,80
2124,152,3,279,6,1501,0,60
2125,152,3,280,5,1506,97,50
2126,152,3,281,5,1511,0,50
2127,152,3,282,5,1516,0,50
2128,152,3,283,4,1520,0,40
2129,152,3,284,9,1529,0,90
2130,152,3,285,6,1535,0,60
2131,152,3,286,4,1539,0,40
2132,152,3,287,6,1545,0,60
2133,152,3,288,4,1549,412,40
2134,152,3,289,9,1558,83,90
2135,152,3,290,2,1560,16,20
2136,152,3,291,2,1562,19,20
2137,152,3,292,5,1567,50,50
2138,152,3,293,8,1575,88,80
2139,152,3,294,7,1582,73,70
2140,152,3,295,2,1584,24,20
2141,152,3,296,6,1590,57,60
2142,152,3,297,6,1596,0,60
2143,152,3,298,5,1601,106,50
2144,152,3,299,8,1609,0,80
2145,152,3,300,8,1617,0,80
2146,152,3,301,5,1622,217,50
2147,152,3,302,9,1631,0,90
2148,152,3,303,5,1636,0,50
2149,152,3,304,4,1640,200,40
2150,152,3,305,5,1645,0,50
2151,152,3,306,8,1653,0,80
2152,152,3,307,2,1655,151,20
2153,152,3,308,8,1663,65,80
2154,152,3,309,2,1665,13,20
2155,152,3,310,5,1670,0,50
2156,152,3,311,5,1675,107,50
2157,152,3,312,2,1677,0,20
2158,152,3,313,3,1680,0,30
2159,152,3,314,6,1686,0,60
2160,152,3,315,2,1688,122,20
2161,152,3,316,8,1696,86,80
2162,152,3,317,2,1698,0,20
2163,152,3,318,9,1707,0,90
2164,152,3,319,9,1716,203,90
2165,152,3,320,4,1720,0,40
2166,152,3,321,2,1722,52,20
2167,152,3,322,6,1728,72,60
2168,152,3,323,9,1737,107,90
2169,152,3,324,5,1742,50,50
2170,152,3,325,6,1748,0,60
2171,152,3,326,6,1754,127,60
2172,152,3,327,8,1762,0,80
2173,152,3,328,8,1770,176,80
2174,152,3,329,6,1776,60,60
2175,152,3,330,3,1779,31,30
2176,152,3,331,4,1783,49,40
2177,152,3,332,2,1785,21,20
2178,152,3,333,7,1792,0,70
2179,152,3,334,3,1795,106,30
2180,152,3,335,4,1799,35,40
2181,152,3,336,3,1802,0,30
2182,152,3,337,5,1807,96,50
2183,152,3,338,7,1814,0,70
2184,152,3,339,5,1819,119,50
2185,152,3,340,4,1823,45,40
2186,152,3,341,5,1828,58,50
2187,152,3,342,9,1837,88,90
2188,152,3,343,8,1845,78,80
2189,152,3,344,4,1849,0,40
2190,152,3,345,3,1852,0,30
2191,152,3,346,2,1854,79,20
2192,152,3,347,6,1860,0,60
2193,152,3,348,3,1863,0,30
2194,152,3,349,4,1867,0,40
2195,152,3,350,2,1869,149,20
2196,152,3,351,7,1876,68,70
2197,152,3,352,7,1883,66,70
2198,152,3,353,9,1892,102,90
2199,152,3,354,3,1895,19,30
2200,152,3,355,8,1903,65,80
2201,152,3,356,2,1905,0,20
2202,152,3,357,7,1912,86,70
2203,152,3,358,8,1920,93,80
2204,152,3,359,5,1925,48,50
2205,152,3,360,8,1933,77,80
2206,152,3,361,5,1938,49,50
2207,152,3,362,7,1945,0,70
2208,152,3,363,9,1954,0,90
2209,152,3,364,4,1958,200,40
2210,152,3,365,7,1965,67,70
2211,152,3,366,4,1969,41,40
2212,152,3,367,7,1976,72,70
2213,152,3,368,4,1980,0,40
2214,152,3,369,2,1982,0,20
2215,152,3,370,2,1984,71,20
2216,152,3,371,4,1988,33,40
2217,152,3,372,2,1990,25,20
2218,152,3,373,3,1993,34,30
2219,152,3,374,8,2001,0,80
2220,152,3,375,3,2004,116,30
2221,152,3,376,2,2006,16,20
2222,152,3,377,4,2010,32,40
2223,152,3,378,9,2019,91,90
2224,152,3,379,6,2025,0,60
2225,152,3,380,6,2031,132,60
2226,152,3,381,3,2034,0,30
2227,152,3,382,6,2040,86,60
2228,152,3,383,9,2049,100,90
2229,152,3,384,7,2056,83,70
2230,152,3,385,7,2063,73,70
2231,152,3,386,9,2072,75,90
2232,152,3,387,8,2080,0,80
2233,152,3,388,6,2086,160,60
2234,152,3,389,8,2094,0,80
2235,152,3,390,6,2100,0,60
2236,152,3,391,6,2106,185,60
2237,152,3,392,9,2115,89,90
2238,152,3,393,7,2122,58,70
2239,152,3,394,8,2130,76,80
2240,152,3,395,9,2139,0,90
2241,152,3,396,5,2144,135,50
2242,152,3,397,2,2146,0,20
2243,152,3,398,6,2152,0,60
2244,152,3,399,3,2155,0,30
2245,152,3,400,5,2160,171,50
2246,152,3,401,5,2165,0,50
2247,152,3,402,6,2171,119,60
2248,152,3,403,3,2174,0,30
2249,152,3,404,5,2179,0,50
2250,152,3,405,3,2182,101,30
2251,152,3,406,6,2188,0,60
2252,152,3,407,5,2193,91,50
2253,152,3,408,2,2195,24,20
2254,152,3,409,9,2204,73,90
2255,152,3,410,6,2210,0,60
2256,152,3,411,8,2218,136,80
2257,152,3,412,6,2224,59,60
2258,152,3,413,6,2230,47,60
2259,152,3,414,8,2238,0,80
2260,152,3,415,7,2245,0,70
2261,152,3,416,8,2253,213,80
2262,152,3,417,8,2261,0,80
2263,152,3,418,4,2265,0,40
2264,152,3,419,2,2267,132,20
2265,152,3,420,5,2272,0,50
2266,152,3,421,3,2275,72,30
2267,152,3,422,4,2279,45,40
2268,152,3,423,3,2282,36,30
2269,152,3,424,4,2286,50,40
2270,152,3,425,9,2295,0,90
2271,152,3,426,8,2303,156,80
2272,152,3,427,7,2310,70,70
2273,152,3,428,5,2315,44,50
2274,152,3,429,7,2322,63,70
2275,152,3,430,6,2328,0,60
2276,152,3,431,9,2337,0,90
2277,152,3,432,3,2340,182,30
2278,152,3,433,3,2343,29,30
2279,152,3,434,9,2352,0,90
2280,152,3,435,2,2354,90,20
2281,152,3,436,9,2363,91,90
2282,152,3,437,9,2372,0,90
2283,152,3,438,6,2378,0,60
2284,152,3,439,2,2380,157,20
2285,152,3,440,3,2383,0,30
2286,152,3,441,7,2390,0,70
2287,152,3,442,6,2396,0,60
2288,152,3,443,9,2405,239,90
2289,152,3,444,4,2409,0,40
2290,152,3,445,3,2412,0,30
2291,152,3,446,4,2416,0,40
2292,152,3,447,9,2425,202,90
2293,152,3,448,5,2430,0,50
2294,152,3,449,6,2436,0,60
2295,152,3,450,5,2441,0,50
2296,152,3,451,3,2444,0,30
2297,152,3,452,7,2451,254,70
2298,152,3,453,2,2453,23,20
2299,152,3,454,8,2461,0,80
2300,152,3,455,4,2465,119,40
2301,152,3,456,3,2468,31,30
2302,152,3,457,9,2477,82,90
2303,152,3,458,8,2485,89,80
2304,152,3,459,7,2492,0,70
2305,152,3,460,4,2496,0,40
2306,152,3,461,4,2500,144,40
2307,152,3,462,3,2503,0,30
2308,152,3,463,4,2507,0,40
2309,152,3,464,8,2515,0,80
2310,152,3,465,9,2524,230,90
2311,152,3,466,5,2529,47,50
2312,152,3,467,6,2535,0,60
2313,152,3,468,9,2544,0,90
2314,152,3,469,4,2548,0,40
2315,152,3,470,6,2554,0,60
2316,152,3,471,5,2559,0,50
2317,152,3,472,5,2564,347,50
2318,152,3,473,6,2570,61,60
2319,152,3,474,6,2576,73,60
2320,152,3,475,7,2583,63,70
2321,152,3,476,9,2592,92,90
2322,152,3,477,9,2601,0,90
2323,152,3,478,9,2610,204,90
2324,152,3,479,3,2613,36,30
2325,152,3,480,5,2618,46,50
2326,152,3,481,6,2624,61,60
2327,152,3,482,6,2630,67,60
2328,152,3,483,7,2637,0,70
2329,152,3,484,4,2641,110,40
2330,152,3,485,3,2644,28,30
2331,152,3,486,8,2652,90,80
2332,152,3,487,9,2661,81,90
2333,152,3,488,8,2669,0,80
2334,152,3,489,6,2675,125,60
2335,152,3,490,6,2681,66,60
2336,152,3,491,7,2688,59,70
2337,152,3,492,4,2692,38,40
2338,152,3,493,3,2695,0,30
2339,152,3,494,8,2703,119,80
2340,152,3,495,3,2706,0,30
2341,152,3,496,4,2710,0,40
2342,152,3,497,8,2718,0,80
2343,152,3,498,4,2722,0,40
2344,152,3,499,3,2725,0,30
2345,152,3,500,7,2732,314,70
2346,152,3,501,6,2738,0,60
2347,152,3,502,4,2742,102,40
2348,152,3,503,9,2751,63,90
2349,152,3,504,6,2757,0,60
2350,152,3,505,5,2762,116,50
2351,152,3,506,4,2766,0,40
2352,152,3,507,2,2768,66,20
2353,152,3,508,9,2777,87,90
2354,152,3,509,7,2784,0,70
2355,152,3,510,7,2791,0,70
2356,152,3,511,7,2798,0,70
2357,152,3,512,8,2806,0,80
2358,152,3,513,3,2809,0,30
2359,152,3,514,9,2818,0,90
2360,152,3,515,3,2821,447,30
2361,152,3,516,9,2830,74,90
2362,152,3,517,5,2835,50,50
2363,152,3,518,8,2843,73,80
2364,152,3,519,7,2850,0,70
2365,152,3,520,6,2856,134,60
2366,152,3,521,9,2865,107,90
2367,152,3,522,9,2874,86,90
2368,152,3,523,8,2882,65,80
2369,152,3,524,8,2890,0,80
2370,152,3,525,2,2892,0,20
2371,152,3,526,9,2901,0,90
2372,152,3,527,2,2903,222,20
2373,152,3,528,7,2910,63,70
2374,152,3,529,2,2912,0,20
2375,152,3,530,4,2916,0,40
2376,152,3,531,8,2924,147,80
2377,152,3,532,7,2931,74,70
2378,152,3,533,9,2940,0,90
2379,152,3,534,7,2947,146,70
2380,152,3,535,7,2954,0,70
2381,152,3,536,8,2962,166,80
2382,152,3,537,9,2971,0,90
2383,152,3,538,9,2980,171,90
2384,152,3,539,3,2983,0,30
2385,152,3,540,8,2991,112,80
2386,152,3,541,8,2999,0,80
2387,152,3,542,4,3003,0,40
2388,152,3,543,8,3011,0,80
2389,152,3,544,4,3015,232,40
2390,152,3,545,3,3018,23,30
2391,152,3,546,3,3021,0,30
2392,152,3,547,2,3023,54,20
2393,152,3,548,6,3029,59,60
2394,152,3,549,9,3038,96,90
2395,152,3,550,3,3041,33,30
2396,152,3,551,2,3043,14,20
2397,152,3,552,3,3046,0,30
2398,152,3,553,5,3051,0,50
2399,152,3,554,7,3058,0,70
2400,152,3,555,3,3061,175,30
2401,152,3,556,6,3067,50,60
2402,152,3,557,5,3072,40,50
2403,152,3,558,9,3081,90,90
2404,152,3,559,8,3089,0,80
2405,152,3,560,6,3095,138,60
2406,152,3,561,4,3099,0,40
2407,152,3,562,5,3104,102,50
2408,152,3,563,7,3111,0,70
2409,152,3,564,9,3120,153,90
2410,152,3,565,6,3126,0,60
2411,152,3,566,9,3135,0,90
2412,152,3,567,6,3141,0,60
2413,152,3,568,4,3145,270,40
2414,152,3,569,9,3154,90,90
2415,152,3,570,7,3161,80,70
2416,152,3,571,3,3164,39,30
2417,152,3,572,9,3173,99,90
2418,152,3,573,2,3175,0,20
2419,152,3,574,2,3177,37,20
2420,152,3,575,4,3181,42,40
2421,152,3,576,6,3187,75,60
2422,152,3,577,3,3190,34,30
2423,152,3,578,3,3193,0,30
2424,152,3,579,8,3201,0,80
2425,152,3,580,6,3207,0,60
2426,152,3,581,5,3212,0,50
2427,152,3,582,3,3215,0,30
2428,152,3,583,8,3223,303,80
2429,152,3,584,7,3230,0,70
2430,152,3,585,7,3237,0,70
2431,152,3,586,3,3240,150,30
2432,152,3,587,4,3244,42,40
2433,152,3,588,3,3247,0,30
2434,152,3,589,6,3253,0,60
2435,152,3,590,7,3260,0,70
2436,152,3,591,8,3268,256,80
2437,152,3,592,8,3276,79,80
2438,152,3,593,8,3284,0,80
2439,152,3,594,7,3291,0,70
2440,152,3,595,5,3296,221,50
2441,152,3,596,3,3299,31,30
2442,152,3,597,3,3302,26,30
2443,152,3,598,9,3311,78,90
2444,152,3,599,4,3315,0,40
2445,152,3,600,7,3322,0,70
2446,152,3,601,9,3331,0,90
2447,152,3,602,3,3334,226,30
2448,152,3,603,8,3342,84,80
2449,152,3,604,9,3351,0,90
2450,152,3,605,7,3358,0,70
2451,152,3,606,8,3366,0,80
2452,152,3,607,3,3369,0,30
2453,152,3,608,4,3373,284,40
2454,152,3,609,5,3378,0,50
2455,152,3,610,7,3385,126,70
2456,152,3,611,9,3394,0,90
2457,152,3,612,4,3398,126,40
2458,152,3,613,2,3400,0,20
2459,152,3,614,6,3406,0,60
2460,152,3,615,7,3413,164,70
2461,152,3,616,9,3422,77,90
2462,152,3,617,8,3430,0,80
2463,152,3,618,7,3437,165,70
2464,152,3,619,6,3443,60,60
2465,152,3,620,9,3452,107,90
2466,152,3,621,8,3460,78,80
2467,152,3,622,5,3465,43,50
2468,152,3,623,3,3468,29,30
2469,152,3,624,8,3476,0,80
2470,152,3,625,6,3482,158,60
2471,152,3,626,2,3484,0,20
2472,152,3,627,7,3491,0,70
2473,152,3,628,4,3495,124,40
2474,152,3,629,8,3503,0,80
2475,152,3,630,8,3511,0,80
2476,152,3,631,8,3519,250,80
2477,152,3,632,5,3524,42,50
2478,152,3,633,5,3529,47,50
2479,152,3,634,7,3536,62,70
2480,152,3,635,6,3542,0,60
2481,152,3,636,4,3546,108,40
2482,152,3,637,4,3550,0,40
2483,152,3,638,4,3554,64,40
2484,152,3,639,6,3560,0,60
2485,152,3,640,6,3566,133,60
2486,152,3,641,9,3575,84,90
2487,152,3,642,7,3582,68,70
2488,152,3,643,6,3588,0,60
2489,152,3,644,3,3591,0,30
2490,152,3,645,3,3594,112,30
2491,152,3,646,9,3603,90,90
2492,152,3,647,5,3608,0,50
2493,152,3,648,5,3613,97,50
2494,152,3,649,5,3618,0,50
2495,152,3,650,5,3623,95,50
2496,152,3,651,4,3627,37,40
2497,152,3,652,4,3631,0,40
2498,152,3,653,5,3636,87,50
2499,152,3,654,6,3642,0,60
2500,152,3,655,8,3650,142,80
2501,152,3,656,5,3655,46,50
2502,152,3,657,9,3664,90,90
2503,152,3,658,8,3672,0,80
2504,152,3,659,3,3675,0,30
2505,152,3,660,4,3679,0,40
2506,152,3,661,5,3684,0,50
2507,152,3,662,8,3692,288,80
2508,152,3,663,9,3701,78,90
2509,152,3,664,5,3706,39,50
2510,152,3,665,9,3715,89,90
2511,152,3,666,6,3721,58,60
2512,152,3,667,6,3727,43,60
2513,152,3,668,7,3734,0,70
2514,152,3,669,9,3743,178,90
2515,152,3,670,5,3748,0,50
2516,152,3,671,5,3753,0,50
2517,152,3,672,9,3762,162,90
2518,152,3,673,3,3765,0,30
2519,152,3,674,8,3773,93,80
2520,152,3,675,5,3778,39,50
2521,152,3,676,6,3784,58,60
2522,152,3,677,7,3791,79,70
2523,152,3,678,5,3796,0,50
2524,152,3,679,5,3801,0,50
2525,152,3,680,9,3810,0,90
2526,152,3,681,3,3813,0,30
2527,152,3,682,7,3820,306,70
2528,152,3,683,6,3826,57,60
2529,152,3,684,4,3830,0,40
2530,152,3,685,2,3832,51,20
2531,152,3,686,6,3838,0,60
2532,152,3,687,9,3847,0,90
2533,152,3,688,6,3853,204,60
2534,152,3,689,7,3860,69,70
2535,152,3,690,8,3868,75,80
2536,152,3,691,9,3877,76,90
2537,152,3,692,7,3884,69,70
2538,152,3,693,2,3886,19,20
2539,152,3,694,5,3891,0,50
2540,152,3,695,3,3894,0,30
2541,152,3,696,9,3903,165,90
2542,152,3,697,4,3907,0,40
2543,152,3,698,7,3914,0,70
2544,152,3,699,4,3918,0,40
2545,152,3,700,6,3924,239,60
2546,152,3,701,9,3933,0,90
2547,152,3,702,6,3939,160,60
2548,152,3,703,4,3943,0,40
2549,152,3,704,4,3947,69,40
2550,152,3,705,8,3955,0,80
2551,152,3,706,5,3960,124,50
2552,152,3,707,7,3967,0,70
2553,152,3,708,9,3976,185,90
2554,152,3,709,3,3979,38,30
2555,152,3,710,3,3982,0,30
2556,152,3,711,8,3990,0,80
2557,152,3,712,2,3992,0,20
2558,152,3,713,6,3998,201,60
2559,152,3,714,3,4001,20,30
2560,152,3,715,6,4007,0,60
2561,152,3,716,8,4015,0,80
2562,152,3,717,9,4024,236,90
2563,152,3,718,5,4029,48,50
2564,152,3,719,2,4031,0,20
2565,152,3,720,5,4036,70,50
2566,152,3,721,8,4044,85,80
2567,152,3,722,2,4046,13,20
2568,152,3,723,2,4048,22,20
2569,152,3,724,4,4052,42,40
2570,152,3,725,6,4058,62,60
2571,152,3,726,7,4065,0,70
2572,152,3,727,6,4071,134,60
2573,152,3,728,4,4075,45,40
2574,152,3,729,5,4080,58,50
2575,152,3,730,8,4088,90,80
2576,152,3,731,2,4090,21,20
2577,152,3,732,2,4092,18,20
2578,152,3,733,9,4101,86,90
2579,152,3,734,6,4107,55,60
2580,152,3,735,7,4114,73,70
2581,152,3,736,8,4122,73,80
2582,152,3,737,2,4124,0,20
2583,152,3,738,6,4130,100,60
2584,152,3,739,8,4138,0,80
2585,152,3,740,8,4146,152,80
2586,152,3,741,9,4155,83,90
2587,152,3,742,2,4157,0,20
2588,152,3,743,5,4162,0,50
2589,152,3,744,8,4170,0,80
2590,152,3,745,2,4172,170,20
2591,152,3,746,4,4176,35,40
2592,152,3,747,2,4178,22,20
2593,152,3,748,5,4183,0,50
2594,152,3,749,4,4187,86,40
2595,152,3,750,7,4194,0,70
2596,152,3,751,7,4201,137,70
2597,152,3,752,6,4207,67,60
2598,152,3,753,4,4211,53,40
2599,152,3,754,4,4215,0,40
2600,152,3,755,4,4219,67,40
2601,152,3,756,8,4227,99,80
2602,152,3,757,3,4230,0,30
2603,152,3,758,7,4237,0,70
2604,152,3,759,7,4244,0,70
2605,152,3,760,7,4251,233,70
2606,152,3,761,3,4254,27,30
2607,152,3,762,5,4259,0,50
2608,152,3,763,9,4268,135,90
2609,152,3,764,7,4275,80,70
2610,152,3,765,8,4283,0,80
2611,152,3,766,2,4285,97,20
2612,152,3,767,4,4289,37,40
2613,152,3,768,8,4297,85,80
2614,152,3,769,3,4300,0,30
2615,152,3,770,6,4306,83,60
2616,152,3,771,7,4313,65,70
2617,152,3,772,4,4317,27,40
2618,152,3,773,2,4319,0,20
2619,152,3,774,9,4328,110,90
2620,152,3,775,8,4336,0,80
2621,152,3,776,2,4338,0,20
2622,152,3,777,7,4345,154,70
2623,152,3,778,2,4347,0,20
2624,152,3,779,6,4353,0,60
2625,152,3,780,4,4357,0,40
2626,152,3,781,6,4363,0,60
2627,152,3,782,6,4369,268,60
2628,152,3,783,8,4377,0,80
2629,152,3,784,2,4379,0,20
2630,152,3,785,3,4382,126,30
2631,152,3,786,7,4389,76,70
2632,152,3,787,5,4394,51,50
2633,152,3,788,5,4399,0,50
2634,152,3,789,2,4401,65,20
2635,152,3,790,6,4407,48,60
2636,152,3,791,8,4415,88,80
2637,152,3,792,5,4420,72,50
2638,152,3,793,9,4429,82,90
2639,152,3,794,7,4436,62,70
2640,152,3,795,2,4438,0,20
2641,152,3,796,3,4441,56,30
2642,152,3,797,4,4445,32,40
2643,152,3,798,8,4453,0,80
2644,152,3,799,9,4462,188,90
2645,152,3,800,2,4464,15,20
2646,152,3,801,4,4468,0,40
2647,152,3,802,9,4477,130,90
2648,152,3,803,9,4486,84,90
2649,152,3,804,3,4489,31,30
2650,152,3,805,6,4495,0,60
2651,152,3,806,7,4502,0,70
2652,152,3,807,3,4505,0,30
2653,152,3,808,3,4508,0,30
2654,152,3,809,3,4511,211,30
2655,152,3,810,2,4513,0,20
2656,152,3,811,2,4515,0,20
2657,152,3,812,8,4523,0,80
2658,152,3,813,2,4525,140,20
2659,152,3,814,4,4529,0,40
2660,152,3,815,2,4531,0,20
2661,152,3,816,2,4533,0,20
2662,152,3,817,8,4541,154,80
2663,152,3,818,3,4544,33,30
2664,152,3,819,2,4546,0,20
2665,152,3,820,8,4554,101,80
2666,152,3,821,7,4561,69,70
2667,152,3,822,4,4565,0,40
2668,152,3,823,3,4568,58,30
2669,152,3,824,3,4571,33,30
2670,152,3,825,7,4578,0,70
2671,152,3,826,7,4585,148,70
2672,152,3,827,5,4590,54,50
2673,152,3,828,8,4598,87,80
2674,152,3,829,9,4607,0,90
2675,152,3,830,6,4613,0,60
2676,152,3,831,5,4618,194,50
2677,152,3,832,8,4626,84,80
2678,152,3,833,3,4629,25,30
2679,152,3,834,4,4633,0,40
2680,152,3,835,4,4637,0,40
2681,152,3,836,4,4641,105,40
2682,152,3,837,6,4647,0,60
2683,152,3,838,6,4653,0,60
2684,152,3,839,7,4660,207,70
2685,152,3,840,2,4662,0,20
2686,152,3,841,6,4668,89,60
2687,152,3,842,9,4677,87,90
2688,152,3,843,5,4682,57,50
2689,152,3,844,8,4690,0,80
2690,152,3,845,5,4695,0,50
2691,152,3,846,7,4702,185,70
2692,152,3,847,2,4704,0,20
2693,152,3,848,5,4709,67,50
2694,152,3,849,3,4712,19,30
2695,152,3,850,6,4718,57,60
2696,152,3,851,4,4722,0,40
2697,152,3,852,7,4729,107,70
2698,152,3,853,4,4733,35,40
2699,152,3,854,9,4742,90,90
2700,152,3,855,7,4749,0,70
2701,152,3,856,5,4754,0,50
2702,152,3,857,9,4763,0,90
2703,152,3,858,5,4768,0,50
2704,152,3,859,4,4772,0,40
2705,152,3,860,5,4777,349,50
2706,152,3,861,8,4785,0,80
2707,152,3,862,9,4794,176,90
2708,152,3,863,6,4800,66,60
2709,152,3,864,4,4804,0,40
2710,152,3,865,6,4810,106,60
2711,152,3,866,2,4812,0,20
2712,152,3,867,7,4819,88,70
2713,152,3,868,5,4824,49,50
2714,152,3,869,9,4833,108,90
2715,152,3,870,2,4835,20,20
2716,152,3,871,2,4837,17,20
2717,152,3,872,9,4846,108,90
2718,152,3,873,5,4851,58,50
2719,152,3,874,7,4858,0,70
2720,152,3,875,2,4860,87,20
2721,152,3,876,6,4866,69,60
2722,152,3,877,4,4870,0,40
2723,152,3,878,8,4878,0,80
2724,152,3,879,8,4886,0,80
2725,152,3,880,8,4894,0,80
2726,152,3,881,8,4902,329,80
2727,152,3,882,5,4907,65,50
2728,152,3,883,9,4916,100,90
2729,152,3,884,8,4924,78,80
2730,152,3,885,2,4926,0,20
2731,152,3,886,5,4931,61,50
2732,152,3,887,5,4936,49,50
2733,152,3,888,4,4940,0,40
2734,152,3,889,9,4949,127,90
2735,152,3,890,9,4958,0,90
2736,152,3,891,6,4964,154,60
2737,152,3,892,9,4973,0,90
2738,152,3,893,4,4977,120,40
2739,152,3,894,8,4985,95,80
2740,152,3,895,3,4988,34,30
2741,152,3,896,8,4996,74,80
