,Scenario,Trial,Inspection,Interval,Time,Defects,Rate
0,195,1,1,7,7,0,70
1,195,1,2,7,14,0,70
2,195,1,3,2,16,0,20
3,195,1,4,7,23,0,70
4,195,1,5,7,30,0,70
5,195,1,6,8,38,393,80
6,195,1,7,9,47,0,90
7,195,1,8,9,56,0,90
8,195,1,9,3,59,0,30
9,195,1,10,4,63,0,40
10,195,1,11,2,65,278,20
11,195,1,12,9,74,77,90
12,195,1,13,5,79,0,50
13,195,1,14,2,81,0,20
14,195,1,15,5,86,128,50
15,195,1,16,5,91,0,50
16,195,1,17,4,95,0,40
17,195,1,18,8,103,0,80
18,195,1,19,9,112,0,90
19,195,1,20,6,118,305,60
20,195,1,21,2,120,0,20
21,195,1,22,5,125,69,50
22,195,1,23,9,134,0,90
23,195,1,24,8,142,175,80
24,195,1,25,7,149,72,70
25,195,1,26,5,154,0,50
26,195,1,27,6,160,0,60
27,195,1,28,3,163,138,30
28,195,1,29,9,172,0,90
29,195,1,30,9,181,0,90
30,195,1,31,9,190,251,90
31,195,1,32,7,197,74,70
32,195,1,33,7,204,0,70
33,195,1,34,4,208,0,40
34,195,1,35,6,214,181,60
35,195,1,36,4,218,0,40
36,195,1,37,8,226,0,80
37,195,1,38,8,234,204,80
38,195,1,39,7,241,0,70
39,195,1,40,4,245,103,40
40,195,1,41,5,250,53,50
41,195,1,42,9,259,0,90
42,195,1,43,8,267,194,80
43,195,1,44,3,270,32,30
44,195,1,45,4,274,36,40
45,195,1,46,2,276,0,20
46,195,1,47,5,281,0,50
47,195,1,48,3,284,0,30
48,195,1,49,9,293,0,90
49,195,1,50,3,296,0,30
50,195,1,51,7,303,280,70
51,195,1,52,4,307,31,40
52,195,1,53,2,309,0,20
53,195,1,54,4,313,0,40
54,195,1,55,2,315,0,20
55,195,1,56,8,323,158,80
56,195,1,57,4,327,34,40
57,195,1,58,8,335,0,80
58,195,1,59,6,341,0,60
59,195,1,60,7,348,0,70
60,195,1,61,4,352,0,40
61,195,1,62,7,359,0,70
62,195,1,63,6,365,0,60
63,195,1,64,9,374,0,90
64,195,1,65,4,378,0,40
65,195,1,66,4,382,0,40
66,195,1,67,5,387,565,50
67,195,1,68,4,391,0,40
68,195,1,69,6,397,0,60
69,195,1,70,7,404,0,70
70,195,1,71,9,413,0,90
71,195,1,72,7,420,324,70
72,195,1,73,2,422,20,20
73,195,1,74,9,431,0,90
74,195,1,75,3,434,0,30
75,195,1,76,2,436,0,20
76,195,1,77,9,445,217,90
77,195,1,78,4,449,0,40
78,195,1,79,2,451,0,20
79,195,1,80,8,459,126,80
80,195,1,81,5,464,49,50
81,195,1,82,3,467,0,30
82,195,1,83,5,472,0,50
83,195,1,84,6,478,0,60
84,195,1,85,2,480,0,20
85,195,1,86,4,484,0,40
86,195,1,87,8,492,280,80
87,195,1,88,4,496,0,40
88,195,1,89,9,505,0,90
89,195,1,90,7,512,0,70
90,195,1,91,4,516,256,40
91,195,1,92,4,520,35,40
92,195,1,93,2,522,20,20
93,195,1,94,3,525,30,30
94,195,1,95,7,532,55,70
95,195,1,96,7,539,66,70
96,195,1,97,7,546,0,70
97,195,1,98,3,549,101,30
98,195,1,99,8,557,75,80
99,195,1,100,3,560,30,30
100,195,1,101,9,569,0,90
101,195,1,102,7,576,148,70
102,195,1,103,3,579,35,30
103,195,1,104,5,584,46,50
104,195,1,105,3,587,0,30
105,195,1,106,9,596,130,90
106,195,1,107,6,602,0,60
107,195,1,108,7,609,119,70
108,195,1,109,6,615,61,60
109,195,1,110,3,618,28,30
110,195,1,111,2,620,18,20
111,195,1,112,2,622,0,20
112,195,1,113,5,627,0,50
113,195,1,114,8,635,0,80
114,195,1,115,8,643,205,80
115,195,1,116,9,652,96,90
116,195,1,117,5,657,0,50
117,195,1,118,6,663,0,60
118,195,1,119,3,666,0,30
119,195,1,120,2,668,0,20
120,195,1,121,2,670,0,20
121,195,1,122,9,679,0,90
122,195,1,123,8,687,374,80
123,195,1,124,6,693,61,60
124,195,1,125,9,702,0,90
125,195,1,126,7,709,167,70
126,195,1,127,7,716,0,70
127,195,1,128,3,719,0,30
128,195,1,129,5,724,0,50
129,195,1,130,2,726,145,20
130,195,1,131,9,735,83,90
131,195,1,132,2,737,14,20
132,195,1,133,3,740,0,30
133,195,1,134,9,749,0,90
134,195,1,135,5,754,0,50
135,195,1,136,3,757,216,30
136,195,1,137,8,765,0,80
137,195,1,138,6,771,0,60
138,195,1,139,4,775,180,40
139,195,1,140,8,783,0,80
140,195,1,141,7,790,0,70
141,195,1,142,9,799,0,90
142,195,1,143,5,804,318,50
143,195,1,144,7,811,0,70
144,195,1,145,3,814,0,30
145,195,1,146,6,820,153,60
146,195,1,147,2,822,23,20
147,195,1,148,8,830,86,80
148,195,1,149,4,834,0,40
149,195,1,150,2,836,59,20
150,195,1,151,7,843,74,70
151,195,1,152,3,846,28,30
152,195,1,153,5,851,50,50
153,195,1,154,7,858,65,70
154,195,1,155,5,863,0,50
155,195,1,156,3,866,67,30
156,195,1,157,4,870,32,40
157,195,1,158,5,875,0,50
158,195,1,159,4,879,0,40
159,195,1,160,3,882,0,30
160,195,1,161,3,885,0,30
161,195,1,162,7,892,0,70
162,195,1,163,8,900,289,80
163,195,1,164,6,906,0,60
164,195,1,165,5,911,101,50
165,195,1,166,9,920,81,90
166,195,1,167,8,928,95,80
167,195,1,168,3,931,25,30
168,195,1,169,4,935,36,40
169,195,1,170,9,944,103,90
170,195,1,171,3,947,0,30
171,195,1,172,8,955,121,80
172,195,1,173,7,962,81,70
173,195,1,174,3,965,29,30
174,195,1,175,4,969,0,40
175,195,1,176,8,977,0,80
176,195,1,177,5,982,181,50
177,195,1,178,5,987,0,50
178,195,1,179,6,993,0,60
179,195,1,180,8,1001,0,80
180,195,1,181,2,1003,0,20
181,195,1,182,4,1007,0,40
182,195,1,183,9,1016,0,90
183,195,1,184,2,1018,375,20
184,195,1,185,9,1027,0,90
185,195,1,186,8,1035,0,80
186,195,1,187,8,1043,0,80
187,195,1,188,9,1052,0,90
188,195,1,189,4,1056,0,40
189,195,1,190,7,1063,0,70
190,195,1,191,5,1068,466,50
191,195,1,192,7,1075,0,70
192,195,1,193,9,1084,0,90
193,195,1,194,9,1093,259,90
194,195,1,195,9,1102,94,90
195,195,1,196,8,1110,0,80
196,195,1,197,3,1113,98,30
197,195,1,198,9,1122,70,90
198,195,1,199,5,1127,49,50
199,195,1,200,2,1129,14,20
200,195,1,201,6,1135,0,60
201,195,1,202,4,1139,95,40
202,195,1,203,8,1147,74,80
203,195,1,204,9,1156,0,90
204,195,1,205,6,1162,0,60
205,195,1,206,8,1170,0,80
206,195,1,207,9,1179,306,90
207,195,1,208,4,1183,0,40
208,195,1,209,7,1190,111,70
209,195,1,210,2,1192,0,20
210,195,1,211,3,1195,47,30
211,195,1,212,4,1199,0,40
212,195,1,213,9,1208,0,90
213,195,1,214,4,1212,0,40
214,195,1,215,5,1217,0,50
215,195,1,216,7,1224,274,70
216,195,1,217,6,1230,0,60
217,195,1,218,4,1234,94,40
218,195,1,219,2,1236,8,20
219,195,1,220,4,1240,0,40
220,195,1,221,9,1249,0,90
221,195,1,222,2,1251,148,20
222,195,1,223,4,1255,0,40
223,195,1,224,8,1263,93,80
224,195,1,225,4,1267,42,40
225,195,1,226,8,1275,77,80
226,195,1,227,9,1284,0,90
227,195,1,228,9,1293,0,90
228,195,1,229,5,1298,0,50
229,195,1,230,4,1302,276,40
230,195,1,231,8,1310,80,80
231,195,1,232,4,1314,49,40
232,195,1,233,6,1320,64,60
233,195,1,234,5,1325,0,50
234,195,1,235,5,1330,0,50
235,195,1,236,6,1336,146,60
236,195,1,237,9,1345,0,90
237,195,1,238,6,1351,167,60
238,195,1,239,8,1359,0,80
239,195,1,240,5,1364,0,50
240,195,1,241,8,1372,0,80
241,195,1,242,8,1380,283,80
242,195,1,243,5,1385,0,50
243,195,1,244,8,1393,135,80
244,195,1,245,3,1396,0,30
245,195,1,246,2,1398,56,20
246,195,1,247,7,1405,55,70
247,195,1,248,4,1409,0,40
248,195,1,249,5,1414,0,50
249,195,1,250,2,1416,111,20
250,195,1,251,8,1424,68,80
251,195,1,252,2,1426,0,20
252,195,1,253,5,1431,84,50
253,195,1,254,9,1440,0,90
254,195,1,255,9,1449,188,90
255,195,1,256,4,1453,0,40
256,195,1,257,3,1456,69,30
257,195,1,258,8,1464,0,80
258,195,1,259,6,1470,138,60
259,195,1,260,6,1476,70,60
260,195,1,261,2,1478,18,20
261,195,1,262,8,1486,0,80
262,195,1,263,3,1489,117,30
263,195,1,264,9,1498,0,90
264,195,1,265,2,1500,0,20
265,195,1,266,6,1506,173,60
266,195,1,267,5,1511,0,50
267,195,1,268,9,1520,164,90
268,195,1,269,6,1526,48,60
269,195,1,270,5,1531,62,50
270,195,1,271,8,1539,0,80
271,195,1,272,6,1545,126,60
272,195,1,273,9,1554,81,90
273,195,1,274,2,1556,0,20
274,195,1,275,6,1562,92,60
275,195,1,276,2,1564,0,20
276,195,1,277,7,1571,75,70
277,195,1,278,9,1580,0,90
278,195,1,279,4,1584,0,40
279,195,1,280,6,1590,0,60
280,195,1,281,3,1593,203,30
281,195,1,282,3,1596,36,30
282,195,1,283,9,1605,86,90
283,195,1,284,9,1614,88,90
284,195,1,285,3,1617,0,30
285,195,1,286,7,1624,89,70
286,195,1,287,5,1629,41,50
287,195,1,288,2,1631,0,20
288,195,1,289,2,1633,50,20
289,195,1,290,7,1640,77,70
290,195,1,291,6,1646,0,60
291,195,1,292,4,1650,0,40
292,195,1,293,9,1659,190,90
293,195,1,294,9,1668,109,90
294,195,1,295,9,1677,78,90
295,195,1,296,4,1681,0,40
296,195,1,297,7,1688,120,70
297,195,1,298,3,1691,0,30
298,195,1,299,5,1696,0,50
299,195,1,300,8,1704,170,80
300,195,1,301,7,1711,78,70
301,195,1,302,5,1716,0,50
302,195,1,303,2,1718,0,20
303,195,1,304,5,1723,0,50
304,195,1,305,3,1726,130,30
305,195,1,306,2,1728,0,20
306,195,1,307,2,1730,0,20
307,195,1,308,4,1734,70,40
308,195,1,309,4,1738,0,40
309,195,1,310,6,1744,0,60
310,195,1,311,7,1751,162,70
311,195,1,312,3,1754,0,30
312,195,1,313,4,1758,73,40
313,195,1,314,3,1761,0,30
314,195,1,315,5,1766,90,50
315,195,1,316,2,1768,0,20
316,195,1,317,4,1772,0,40
317,195,1,318,5,1777,103,50
318,195,1,319,9,1786,0,90
319,195,1,320,7,1793,0,70
320,195,1,321,4,1797,200,40
321,195,1,322,3,1800,29,30
322,195,1,323,3,1803,0,30
323,195,1,324,7,1810,0,70
324,195,1,325,3,1813,0,30
325,195,1,326,5,1818,0,50
326,195,1,327,3,1821,0,30
327,195,1,328,8,1829,273,80
328,195,1,329,9,1838,0,90
329,195,1,330,6,1844,0,60
330,195,1,331,5,1849,188,50
331,195,1,332,8,1857,83,80
332,195,1,333,8,1865,72,80
333,195,1,334,5,1870,0,50
334,195,1,335,4,1874,0,40
335,195,1,336,2,1876,0,20
336,195,1,337,7,1883,0,70
337,195,1,338,7,1890,0,70
338,195,1,339,2,1892,293,20
339,195,1,340,3,1895,0,30
340,195,1,341,8,1903,125,80
341,195,1,342,8,1911,0,80
342,195,1,343,6,1917,0,60
343,195,1,344,4,1921,0,40
344,195,1,345,4,1925,221,40
345,195,1,346,2,1927,0,20
346,195,1,347,8,1935,0,80
347,195,1,348,5,1940,0,50
348,195,1,349,4,1944,199,40
349,195,1,350,3,1947,0,30
350,195,1,351,4,1951,92,40
351,195,1,352,2,1953,13,20
352,195,1,353,3,1956,0,30
353,195,1,354,8,1964,0,80
354,195,1,355,9,1973,195,90
355,195,1,356,5,1978,58,50
356,195,1,357,4,1982,45,40
357,195,1,358,9,1991,0,90
358,195,1,359,7,1998,156,70
359,195,1,360,2,2000,0,20
360,195,1,361,3,2003,56,30
361,195,1,362,3,2006,40,30
362,195,1,363,2,2008,18,20
363,195,1,364,5,2013,46,50
364,195,1,365,8,2021,0,80
365,195,1,366,2,2023,0,20
366,195,1,367,7,2030,0,70
367,195,1,368,7,2037,0,70
368,195,1,369,7,2044,289,70
369,195,1,370,4,2048,0,40
370,195,1,371,5,2053,87,50
371,195,1,372,2,2055,18,20
372,195,1,373,7,2062,0,70
373,195,1,374,6,2068,0,60
374,195,1,375,5,2073,188,50
375,195,1,376,2,2075,0,20
376,195,1,377,7,2082,0,70
377,195,1,378,4,2086,132,40
378,195,1,379,2,2088,19,20
379,195,1,380,6,2094,64,60
380,195,1,381,3,2097,0,30
381,195,1,382,2,2099,42,20
382,195,1,383,3,2102,0,30
383,195,1,384,9,2111,137,90
384,195,1,385,5,2116,57,50
385,195,1,386,6,2122,60,60
386,195,1,387,3,2125,32,30
387,195,1,388,4,2129,0,40
388,195,1,389,7,2136,95,70
389,195,1,390,3,2139,0,30
390,195,1,391,2,2141,0,20
391,195,1,392,5,2146,0,50
392,195,1,393,8,2154,177,80
393,195,1,394,5,2159,0,50
394,195,1,395,4,2163,83,40
395,195,1,396,4,2167,41,40
396,195,1,397,5,2172,0,50
397,195,1,398,4,2176,95,40
398,195,1,399,8,2184,59,80
399,195,1,400,6,2190,0,60
400,195,1,401,8,2198,0,80
401,195,1,402,3,2201,0,30
402,195,1,403,8,2209,240,80
403,195,1,404,9,2218,90,90
404,195,1,405,3,2221,18,30
405,195,1,406,5,2226,60,50
406,195,1,407,2,2228,0,20
407,195,1,408,7,2235,0,70
408,195,1,409,4,2239,140,40
409,195,1,410,5,2244,59,50
410,195,1,411,5,2249,37,50
411,195,1,412,7,2256,59,70
412,195,1,413,6,2262,65,60
413,195,1,414,9,2271,84,90
414,195,1,415,8,2279,0,80
415,195,1,416,6,2285,127,60
416,195,1,417,7,2292,76,70
417,195,1,418,9,2301,81,90
418,195,1,419,5,2306,0,50
419,195,1,420,7,2313,119,70
420,195,1,421,8,2321,0,80
421,195,1,422,4,2325,141,40
422,195,1,423,3,2328,0,30
423,195,1,424,6,2334,66,60
424,195,1,425,6,2340,67,60
425,195,1,426,2,2342,0,20
426,195,1,427,8,2350,0,80
427,195,1,428,7,2357,0,70
428,195,1,429,5,2362,0,50
429,195,1,430,2,2364,0,20
430,195,1,431,3,2367,284,30
431,195,1,432,4,2371,0,40
432,195,1,433,6,2377,0,60
433,195,1,434,6,2383,158,60
434,195,1,435,3,2386,0,30
435,195,1,436,8,2394,0,80
436,195,1,437,9,2403,216,90
437,195,1,438,2,2405,20,20
438,195,1,439,4,2409,0,40
439,195,1,440,5,2414,97,50
440,195,1,441,9,2423,78,90
441,195,1,442,6,2429,0,60
442,195,1,443,4,2433,105,40
443,195,1,444,4,2437,0,40
444,195,1,445,4,2441,0,40
445,195,1,446,7,2448,169,70
446,195,1,447,6,2454,68,60
447,195,1,448,7,2461,69,70
448,195,1,449,3,2464,30,30
449,195,1,450,9,2473,86,90
450,195,1,451,3,2476,0,30
451,195,1,452,3,2479,0,30
452,195,1,453,9,2488,153,90
453,195,1,454,8,2496,88,80
454,195,1,455,3,2499,22,30
455,195,1,456,4,2503,46,40
456,195,1,457,6,2509,0,60
457,195,1,458,3,2512,86,30
458,195,1,459,2,2514,33,20
459,195,1,460,9,2523,82,90
460,195,1,461,9,2532,0,90
461,195,1,462,4,2536,0,40
462,195,1,463,4,2540,0,40
463,195,1,464,6,2546,0,60
464,195,1,465,3,2549,0,30
465,195,1,466,7,2556,330,70
466,195,1,467,9,2565,95,90
467,195,1,468,7,2572,62,70
468,195,1,469,7,2579,66,70
469,195,1,470,9,2588,0,90
470,195,1,471,8,2596,0,80
471,195,1,472,9,2605,276,90
472,195,1,473,4,2609,35,40
473,195,1,474,3,2612,0,30
474,195,1,475,5,2617,72,50
475,195,1,476,5,2622,0,50
476,195,1,477,2,2624,0,20
477,195,1,478,9,2633,0,90
478,195,1,479,9,2642,261,90
479,195,1,480,8,2650,0,80
480,195,1,481,7,2657,0,70
481,195,1,482,7,2664,0,70
482,195,1,483,5,2669,271,50
483,195,1,484,6,2675,0,60
484,195,1,485,7,2682,127,70
485,195,1,486,7,2689,64,70
486,195,1,487,2,2691,0,20
487,195,1,488,2,2693,37,20
488,195,1,489,9,2702,87,90
489,195,1,490,8,2710,0,80
490,195,1,491,6,2716,0,60
491,195,1,492,3,2719,0,30
492,195,1,493,6,2725,0,60
493,195,1,494,3,2728,0,30
494,195,1,495,8,2736,342,80
495,195,1,496,4,2740,0,40
496,195,1,497,3,2743,70,30
497,195,1,498,5,2748,0,50
498,195,1,499,8,2756,0,80
499,195,1,500,3,2759,182,30
500,195,1,501,2,2761,0,20
501,195,1,502,5,2766,0,50
502,195,1,503,8,2774,0,80
503,195,1,504,2,2776,0,20
504,195,1,505,9,2785,262,90
505,195,1,506,5,2790,0,50
506,195,1,507,3,2793,0,30
507,195,1,508,2,2795,96,20
508,195,1,509,5,2800,0,50
509,195,1,510,6,2806,117,60
510,195,1,511,2,2808,0,20
511,195,1,512,4,2812,64,40
512,195,1,513,4,2816,0,40
513,195,1,514,3,2819,0,30
514,195,1,515,7,2826,0,70
515,195,1,516,5,2831,202,50
516,195,1,517,7,2838,73,70
517,195,1,518,5,2843,0,50
518,195,1,519,6,2849,115,60
519,195,1,520,5,2854,55,50
520,195,1,521,5,2859,43,50
521,195,1,522,9,2868,0,90
522,195,1,523,9,2877,0,90
523,195,1,524,9,2886,0,90
524,195,1,525,2,2888,301,20
525,195,1,526,8,2896,0,80
526,195,1,527,4,2900,0,40
527,195,1,528,6,2906,179,60
528,195,1,529,5,2911,42,50
529,195,1,530,6,2917,0,60
530,195,1,531,9,2926,0,90
531,195,1,532,5,2931,0,50
532,195,1,533,6,2937,0,60
533,195,1,534,6,2943,0,60
534,195,1,535,2,2945,0,20
535,195,1,536,3,2948,329,30
536,195,1,537,4,2952,45,40
537,195,1,538,6,2958,59,60
538,195,1,539,4,2962,36,40
539,195,1,540,6,2968,61,60
540,195,1,541,5,2973,0,50
541,195,1,542,8,2981,133,80
542,195,1,543,3,2984,0,30
543,195,1,544,9,2993,0,90
544,195,1,545,2,2995,157,20
545,195,1,546,7,3002,0,70
546,195,1,547,5,3007,130,50
547,195,1,548,2,3009,18,20
548,195,1,549,9,3018,0,90
549,195,1,550,2,3020,0,20
550,195,1,551,8,3028,0,80
551,195,1,552,9,3037,275,90
552,195,1,553,2,3039,22,20
553,195,1,554,7,3046,68,70
554,195,1,555,2,3048,0,20
555,195,1,556,5,3053,77,50
556,195,1,557,5,3058,0,50
557,195,1,558,3,3061,87,30
558,195,1,559,8,3069,0,80
559,195,1,560,2,3071,94,20
560,195,1,561,8,3079,0,80
561,195,1,562,4,3083,0,40
562,195,1,563,4,3087,0,40
563,195,1,564,4,3091,0,40
564,195,1,565,5,3096,0,50
565,195,1,566,5,3101,0,50
566,195,1,567,8,3109,0,80
567,195,1,568,2,3111,0,20
568,195,1,569,5,3116,0,50
569,195,1,570,8,3124,533,80
570,195,1,571,3,3127,47,30
571,195,1,572,8,3135,0,80
572,195,1,573,8,3143,0,80
573,195,1,574,5,3148,0,50
574,195,1,575,2,3150,0,20
575,195,1,576,8,3158,0,80
576,195,1,577,2,3160,0,20
577,195,1,578,9,3169,448,90
578,195,1,579,7,3176,75,70
579,195,1,580,3,3179,23,30
580,195,1,581,9,3188,0,90
581,195,1,582,3,3191,0,30
582,195,1,583,6,3197,0,60
583,195,1,584,2,3199,0,20
584,195,1,585,4,3203,0,40
585,195,1,586,9,3212,314,90
586,195,1,587,9,3221,0,90
587,195,1,588,8,3229,170,80
588,195,1,589,8,3237,75,80
589,195,1,590,5,3242,39,50
590,195,1,591,5,3247,0,50
591,195,1,592,8,3255,137,80
592,195,1,593,3,3258,35,30
593,195,1,594,4,3262,0,40
594,195,1,595,2,3264,59,20
595,195,1,596,9,3273,0,90
596,195,1,597,7,3280,0,70
597,195,1,598,6,3286,213,60
598,195,1,599,8,3294,75,80
599,195,1,600,4,3298,48,40
600,195,1,601,9,3307,0,90
601,195,1,602,3,3310,103,30
602,195,1,603,5,3315,0,50
603,195,1,604,6,3321,107,60
604,195,1,605,8,3329,0,80
605,195,1,606,7,3336,143,70
606,195,1,607,2,3338,21,20
607,195,1,608,2,3340,0,20
608,195,1,609,2,3342,0,20
609,195,1,610,9,3351,0,90
610,195,1,611,8,3359,203,80
611,195,1,612,7,3366,0,70
612,195,1,613,4,3370,0,40
613,195,1,614,5,3375,157,50
614,195,1,615,8,3383,0,80
615,195,1,616,8,3391,155,80
616,195,1,617,5,3396,0,50
617,195,1,618,6,3402,0,60
618,195,1,619,4,3406,167,40
619,195,1,620,7,3413,0,70
620,195,1,621,9,3422,0,90
621,195,1,622,6,3428,0,60
622,195,1,623,7,3435,0,70
623,195,1,624,2,3437,313,20
624,195,1,625,7,3444,67,70
625,195,1,626,3,3447,0,30
626,195,1,627,5,3452,0,50
627,195,1,628,5,3457,0,50
628,195,1,629,5,3462,0,50
629,195,1,630,7,3469,253,70
630,195,1,631,3,3472,33,30
631,195,1,632,9,3481,0,90
632,195,1,633,5,3486,136,50
633,195,1,634,4,3490,0,40
634,195,1,635,2,3492,58,20
635,195,1,636,2,3494,0,20
636,195,1,637,8,3502,0,80
637,195,1,638,7,3509,0,70
638,195,1,639,5,3514,0,50
639,195,1,640,5,3519,0,50
640,195,1,641,5,3524,343,50
641,195,1,642,4,3528,36,40
642,195,1,643,4,3532,43,40
643,195,1,644,6,3538,0,60
644,195,1,645,3,3541,91,30
645,195,1,646,2,3543,0,20
646,195,1,647,2,3545,52,20
647,195,1,648,9,3554,96,90
648,195,1,649,3,3557,38,30
649,195,1,650,2,3559,0,20
650,195,1,651,7,3566,0,70
651,195,1,652,2,3568,0,20
652,195,1,653,5,3573,0,50
653,195,1,654,3,3576,192,30
654,195,1,655,4,3580,0,40
655,195,1,656,2,3582,0,20
656,195,1,657,2,3584,0,20
657,195,1,658,5,3589,0,50
658,195,1,659,9,3598,0,90
659,195,1,660,7,3605,274,70
660,195,1,661,7,3612,70,70
661,195,1,662,2,3614,0,20
662,195,1,663,4,3618,70,40
663,195,1,664,3,3621,0,30
664,195,1,665,6,3627,103,60
665,195,1,666,8,3635,0,80
666,195,1,667,7,3642,0,70
667,195,1,668,9,3651,0,90
668,195,1,669,9,3660,0,90
669,195,1,670,5,3665,378,50
670,195,1,671,3,3668,0,30
671,195,1,672,4,3672,76,40
672,195,1,673,9,3681,80,90
673,195,1,674,4,3685,0,40
674,195,1,675,9,3694,145,90
675,195,1,676,3,3697,30,30
676,195,1,677,8,3705,0,80
677,195,1,678,4,3709,0,40
678,195,1,679,6,3715,185,60
679,195,1,680,4,3719,0,40
680,195,1,681,2,3721,58,20
681,195,1,682,7,3728,0,70
682,195,1,683,4,3732,0,40
683,195,1,684,2,3734,0,20
684,195,1,685,3,3737,152,30
685,195,1,686,3,3740,0,30
686,195,1,687,9,3749,0,90
687,195,1,688,7,3756,180,70
688,195,1,689,7,3763,76,70
689,195,1,690,7,3770,68,70
690,195,1,691,9,3779,0,90
691,195,1,692,6,3785,0,60
692,195,1,693,4,3789,0,40
693,195,1,694,2,3791,219,20
694,195,1,695,4,3795,0,40
695,195,1,696,4,3799,0,40
696,195,1,697,9,3808,0,90
697,195,1,698,3,3811,196,30
698,195,1,699,4,3815,0,40
699,195,1,700,8,3823,123,80
700,195,1,701,8,3831,92,80
701,195,1,702,3,3834,0,30
702,195,1,703,2,3836,0,20
703,195,1,704,4,3840,0,40
704,195,1,705,7,3847,0,70
705,195,1,706,3,3850,204,30
706,195,1,707,4,3854,0,40
707,195,1,708,4,3858,82,40
708,195,1,709,5,3863,54,50
709,195,1,710,2,3865,20,20
710,195,1,711,9,3874,97,90
711,195,1,712,8,3882,0,80
712,195,1,713,8,3890,0,80
713,195,1,714,2,3892,0,20
714,195,1,715,7,3899,0,70
715,195,1,716,4,3903,0,40
716,195,1,717,2,3905,0,20
717,195,1,718,8,3913,363,80
718,195,1,719,9,3922,0,90
719,195,1,720,2,3924,105,20
720,195,1,721,5,3929,50,50
721,195,1,722,9,3938,0,90
722,195,1,723,5,3943,0,50
723,195,1,724,9,3952,233,90
724,195,1,725,4,3956,50,40
725,195,1,726,7,3963,0,70
726,195,1,727,9,3972,137,90
727,195,1,728,3,3975,31,30
728,195,1,729,2,3977,0,20
729,195,1,730,7,3984,0,70
730,195,1,731,6,3990,162,60
731,195,1,732,5,3995,46,50
732,195,1,733,6,4001,0,60
733,195,1,734,3,4004,107,30
734,195,1,735,9,4013,81,90
735,195,1,736,3,4016,20,30
736,195,1,737,5,4021,48,50
737,195,1,738,4,4025,45,40
738,195,1,739,3,4028,28,30
739,195,1,740,4,4032,0,40
740,195,1,741,6,4038,102,60
741,195,1,742,6,4044,0,60
742,195,1,743,3,4047,0,30
743,195,1,744,3,4050,0,30
744,195,1,745,6,4056,197,60
745,195,1,746,6,4062,0,60
746,195,1,747,3,4065,0,30
747,195,1,748,7,4072,0,70
748,195,1,749,2,4074,171,20
749,195,1,750,4,4078,0,40
750,195,1,751,9,4087,0,90
751,195,1,752,6,4093,178,60
752,195,1,753,5,4098,0,50
753,195,1,754,3,4101,77,30
754,195,1,755,3,4104,32,30
755,195,1,756,5,4109,0,50
756,195,1,757,7,4116,117,70
757,195,1,758,4,4120,38,40
758,195,1,759,6,4126,71,60
759,195,1,760,3,4129,0,30
760,195,1,761,8,4137,0,80
761,195,1,762,2,4139,0,20
762,195,1,763,2,4141,140,20
763,195,1,764,7,4148,69,70
764,195,1,765,8,4156,75,80
765,195,1,766,5,4161,42,50
766,195,1,767,6,4167,0,60
767,195,1,768,3,4170,0,30
768,195,1,769,3,4173,123,30
769,195,1,770,4,4177,0,40
770,195,1,771,6,4183,0,60
771,195,1,772,2,4185,0,20
772,195,1,773,2,4187,0,20
773,195,1,774,7,4194,197,70
774,195,1,775,7,4201,0,70
775,195,1,776,7,4208,140,70
776,195,1,777,2,4210,0,20
777,195,1,778,8,4218,97,80
778,195,1,779,2,4220,19,20
779,195,1,780,6,4226,0,60
780,195,1,781,5,4231,0,50
781,195,1,782,2,4233,0,20
782,195,1,783,5,4238,0,50
783,195,1,784,2,4240,0,20
784,195,1,785,8,4248,0,80
785,195,1,786,7,4255,0,70
786,195,1,787,3,4258,394,30
787,195,1,788,8,4266,0,80
788,195,1,789,3,4269,120,30
789,195,1,790,4,4273,0,40
790,195,1,791,2,4275,0,20
791,195,1,792,5,4280,0,50
792,195,1,793,4,4284,0,40
793,195,1,794,7,4291,206,70
794,195,1,795,6,4297,0,60
795,195,1,796,6,4303,0,60
796,195,1,797,7,4310,195,70
797,195,1,798,5,4315,50,50
798,195,1,799,3,4318,0,30
799,195,1,800,5,4323,0,50
800,195,1,801,2,4325,0,20
801,195,1,802,3,4328,0,30
802,195,1,803,6,4334,0,60
803,195,1,804,4,4338,194,40
804,195,1,805,5,4343,51,50
805,195,1,806,3,4346,31,30
806,195,1,807,9,4355,0,90
807,195,1,808,5,4360,0,50
808,195,1,809,9,4369,184,90
809,195,1,810,7,4376,85,70
810,195,1,811,7,4383,74,70
811,195,1,812,2,4385,0,20
812,195,1,813,6,4391,97,60
813,195,1,814,8,4399,0,80
814,195,1,815,4,4403,0,40
815,195,1,816,2,4405,136,20
816,195,1,817,7,4412,77,70
817,195,1,818,3,4415,0,30
818,195,1,819,6,4421,88,60
819,195,1,820,2,4423,0,20
820,195,1,821,5,4428,0,50
821,195,1,822,8,4436,158,80
822,195,1,823,7,4443,0,70
823,195,1,824,5,4448,0,50
824,195,1,825,7,4455,0,70
825,195,1,826,8,4463,290,80
826,195,1,827,3,4466,0,30
827,195,1,828,3,4469,55,30
828,195,1,829,7,4476,71,70
829,195,1,830,4,4480,42,40
830,195,1,831,8,4488,0,80
831,195,1,832,6,4494,136,60
832,195,1,833,6,4500,64,60
833,195,1,834,3,4503,24,30
834,195,1,835,2,4505,32,20
835,195,1,836,3,4508,0,30
836,195,1,837,8,4516,117,80
837,195,1,838,5,4521,0,50
838,195,1,839,8,4529,0,80
839,195,1,840,7,4536,0,70
840,195,1,841,3,4539,0,30
841,195,1,842,2,4541,0,20
842,195,1,843,5,4546,0,50
843,195,1,844,2,4548,308,20
844,195,1,845,6,4554,0,60
845,195,1,846,6,4560,0,60
846,195,1,847,2,4562,138,20
847,195,1,848,9,4571,86,90
848,195,1,849,6,4577,49,60
849,195,1,850,8,4585,0,80
850,195,1,851,2,4587,0,20
851,195,1,852,9,4596,185,90
852,195,1,853,9,4605,85,90
853,195,1,854,4,4609,45,40
854,195,1,855,5,4614,0,50
855,195,1,856,6,4620,99,60
856,195,1,857,9,4629,0,90
857,195,1,858,7,4636,172,70
858,195,1,859,7,4643,0,70
859,195,1,860,6,4649,0,60
860,195,1,861,9,4658,0,90
861,195,1,862,3,4661,271,30
862,195,1,863,9,4670,0,90
863,195,1,864,2,4672,0,20
864,195,1,865,3,4675,0,30
865,195,1,866,5,4680,173,50
866,195,1,867,8,4688,0,80
867,195,1,868,9,4697,0,90
868,195,1,869,8,4705,0,80
869,195,1,870,6,4711,340,60
870,195,1,871,9,4720,0,90
871,195,1,872,7,4727,141,70
872,195,1,873,6,4733,69,60
873,195,1,874,7,4740,66,70
874,195,1,875,2,4742,30,20
875,195,1,876,4,4746,0,40
876,195,1,877,7,4753,85,70
877,195,1,878,7,4760,0,70
878,195,1,879,8,4768,0,80
879,195,1,880,5,4773,178,50
880,195,1,881,3,4776,0,30
881,195,1,882,4,4780,0,40
882,195,1,883,4,4784,114,40
883,195,1,884,6,4790,0,60
884,195,1,885,7,4797,138,70
885,195,1,886,9,4806,0,90
886,195,1,887,6,4812,124,60
887,195,1,888,8,4820,82,80
888,195,1,889,3,4823,0,30
889,195,1,890,3,4826,0,30
890,195,1,891,3,4829,89,30
891,195,1,892,8,4837,0,80
892,195,1,893,3,4840,0,30
893,195,1,894,4,4844,0,40
894,195,1,895,7,4851,228,70
895,195,1,896,6,4857,55,60
896,195,1,897,3,4860,26,30
897,195,1,898,3,4863,0,30
898,195,1,899,5,4868,0,50
899,195,1,900,4,4872,0,40
900,195,1,901,8,4880,0,80
901,195,1,902,6,4886,232,60
902,195,1,903,2,4888,14,20
903,195,1,904,2,4890,14,20
904,195,1,905,7,4897,70,70
905,195,1,906,6,4903,0,60
906,195,1,907,3,4906,94,30
907,195,1,908,9,4915,0,90
908,195,1,909,9,4924,0,90
909,195,1,910,3,4927,0,30
910,195,1,911,7,4934,303,70
911,195,1,912,6,4940,55,60
912,195,1,913,3,4943,0,30
913,195,1,914,4,4947,67,40
914,195,1,915,3,4950,0,30
915,195,1,916,6,4956,0,60
916,195,1,917,5,4961,132,50
917,195,1,918,4,4965,0,40
918,195,1,919,5,4970,82,50
919,195,1,920,2,4972,19,20
920,195,1,921,3,4975,29,30
921,195,1,922,8,4983,0,80
922,195,1,923,8,4991,0,80
923,195,1,924,2,4993,174,20
924,195,1,925,4,4997,0,40
925,195,2,1,7,7,68,70
926,195,2,2,8,15,0,80
927,195,2,3,9,24,0,90
928,195,2,4,2,26,193,20
929,195,2,5,4,30,0,40
930,195,2,6,8,38,118,80
931,195,2,7,8,46,69,80
932,195,2,8,3,49,0,30
933,195,2,9,4,53,0,40
934,195,2,10,6,59,0,60
935,195,2,11,4,63,194,40
936,195,2,12,2,65,0,20
937,195,2,13,8,73,97,80
938,195,2,14,7,80,61,70
939,195,2,15,9,89,93,90
940,195,2,16,5,94,0,50
941,195,2,17,2,96,0,20
942,195,2,18,6,102,0,60
943,195,2,19,7,109,164,70
944,195,2,20,5,114,0,50
945,195,2,21,2,116,0,20
946,195,2,22,8,124,0,80
947,195,2,23,7,131,235,70
948,195,2,24,8,139,82,80
949,195,2,25,4,143,43,40
950,195,2,26,9,152,0,90
951,195,2,27,3,155,0,30
952,195,2,28,7,162,0,70
953,195,2,29,7,169,265,70
954,195,2,30,7,176,0,70
955,195,2,31,7,183,0,70
956,195,2,32,3,186,170,30
957,195,2,33,6,192,0,60
958,195,2,34,2,194,93,20
959,195,2,35,7,201,71,70
960,195,2,36,6,207,0,60
961,195,2,37,9,216,133,90
962,195,2,38,3,219,0,30
963,195,2,39,8,227,0,80
964,195,2,40,3,230,0,30
965,195,2,41,5,235,198,50
966,195,2,42,3,238,33,30
967,195,2,43,7,245,0,70
968,195,2,44,4,249,98,40
969,195,2,45,4,253,36,40
970,195,2,46,6,259,77,60
971,195,2,47,4,263,0,40
972,195,2,48,6,269,0,60
973,195,2,49,4,273,0,40
974,195,2,50,6,279,0,60
975,195,2,51,2,281,0,20
976,195,2,52,4,285,0,40
977,195,2,53,7,292,0,70
978,195,2,54,7,299,400,70
979,195,2,55,3,302,0,30
980,195,2,56,4,306,0,40
981,195,2,57,3,309,90,30
982,195,2,58,3,312,0,30
983,195,2,59,6,318,89,60
984,195,2,60,9,327,81,90
985,195,2,61,3,330,0,30
986,195,2,62,8,338,114,80
987,195,2,63,8,346,67,80
988,195,2,64,3,349,28,30
989,195,2,65,5,354,46,50
990,195,2,66,5,359,0,50
991,195,2,67,7,366,126,70
992,195,2,68,8,374,0,80
993,195,2,69,9,383,175,90
994,195,2,70,8,391,0,80
995,195,2,71,6,397,133,60
996,195,2,72,8,405,82,80
997,195,2,73,6,411,0,60
998,195,2,74,8,419,152,80
999,195,2,75,5,424,0,50
1000,195,2,76,3,427,75,30
1001,195,2,77,3,430,34,30
1002,195,2,78,3,433,0,30
1003,195,2,79,7,440,0,70
1004,195,2,80,7,447,0,70
1005,195,2,81,5,452,0,50
1006,195,2,82,9,461,0,90
1007,195,2,83,3,464,347,30
1008,195,2,84,6,470,53,60
1009,195,2,85,4,474,0,40
1010,195,2,86,3,477,0,30
1011,195,2,87,2,479,0,20
1012,195,2,88,3,482,127,30
1013,195,2,89,6,488,0,60
1014,195,2,90,5,493,0,50
1015,195,2,91,7,500,0,70
1016,195,2,92,7,507,245,70
1017,195,2,93,7,514,0,70
1018,195,2,94,7,521,0,70
1019,195,2,95,5,526,0,50
1020,195,2,96,3,529,201,30
1021,195,2,97,7,536,82,70
1022,195,2,98,9,545,0,90
1023,195,2,99,9,554,0,90
1024,195,2,100,5,559,235,50
1025,195,2,101,9,568,0,90
1026,195,2,102,4,572,0,40
1027,195,2,103,5,577,165,50
1028,195,2,104,4,581,37,40
1029,195,2,105,7,588,76,70
1030,195,2,106,2,590,0,20
1031,195,2,107,6,596,0,60
1032,195,2,108,5,601,141,50
1033,195,2,109,3,604,0,30
1034,195,2,110,2,606,58,20
1035,195,2,111,7,613,0,70
1036,195,2,112,2,615,93,20
1037,195,2,113,6,621,0,60
1038,195,2,114,2,623,91,20
1039,195,2,115,8,631,0,80
1040,195,2,116,2,633,0,20
1041,195,2,117,9,642,184,90
1042,195,2,118,5,647,0,50
1043,195,2,119,4,651,0,40
1044,195,2,120,3,654,0,30
1045,195,2,121,5,659,0,50
1046,195,2,122,4,663,184,40
1047,195,2,123,6,669,0,60
1048,195,2,124,7,676,0,70
1049,195,2,125,9,685,0,90
1050,195,2,126,7,692,0,70
1051,195,2,127,7,699,330,70
1052,195,2,128,8,707,0,80
1053,195,2,129,5,712,0,50
1054,195,2,130,7,719,210,70
1055,195,2,131,3,722,30,30
1056,195,2,132,6,728,0,60
1057,195,2,133,7,735,137,70
1058,195,2,134,3,738,0,30
1059,195,2,135,7,745,0,70
1060,195,2,136,7,752,202,70
1061,195,2,137,5,757,54,50
1062,195,2,138,2,759,0,20
1063,195,2,139,6,765,0,60
1064,195,2,140,9,774,0,90
1065,195,2,141,3,777,0,30
1066,195,2,142,9,786,297,90
1067,195,2,143,4,790,0,40
1068,195,2,144,3,793,57,30
1069,195,2,145,4,797,47,40
1070,195,2,146,5,802,0,50
1071,195,2,147,9,811,142,90
1072,195,2,148,9,820,0,90
1073,195,2,149,7,827,156,70
1074,195,2,150,5,832,44,50
1075,195,2,151,6,838,63,60
1076,195,2,152,9,847,0,90
1077,195,2,153,7,854,0,70
1078,195,2,154,6,860,222,60
1079,195,2,155,3,863,27,30
1080,195,2,156,4,867,0,40
1081,195,2,157,6,873,0,60
1082,195,2,158,5,878,161,50
1083,195,2,159,5,883,0,50
1084,195,2,160,3,886,85,30
1085,195,2,161,9,895,0,90
1086,195,2,162,3,898,0,30
1087,195,2,163,3,901,153,30
1088,195,2,164,6,907,0,60
1089,195,2,165,5,912,0,50
1090,195,2,166,2,914,0,20
1091,195,2,167,9,923,0,90
1092,195,2,168,5,928,0,50
1093,195,2,169,5,933,337,50
1094,195,2,170,3,936,0,30
1095,195,2,171,2,938,46,20
1096,195,2,172,9,947,0,90
1097,195,2,173,6,953,145,60
1098,195,2,174,8,961,0,80
1099,195,2,175,8,969,150,80
1100,195,2,176,5,974,0,50
1101,195,2,177,4,978,0,40
1102,195,2,178,4,982,0,40
1103,195,2,179,8,990,0,80
1104,195,2,180,7,997,269,70
1105,195,2,181,7,1004,0,70
1106,195,2,182,9,1013,155,90
1107,195,2,183,9,1022,95,90
1108,195,2,184,8,1030,0,80
1109,195,2,185,9,1039,181,90
1110,195,2,186,8,1047,75,80
1111,195,2,187,5,1052,0,50
1112,195,2,188,5,1057,0,50
1113,195,2,189,3,1060,140,30
1114,195,2,190,8,1068,82,80
1115,195,2,191,8,1076,76,80
1116,195,2,192,9,1085,0,90
1117,195,2,193,9,1094,0,90
1118,195,2,194,6,1100,0,60
1119,195,2,195,8,1108,315,80
1120,195,2,196,7,1115,0,70
1121,195,2,197,5,1120,133,50
1122,195,2,198,8,1128,98,80
1123,195,2,199,9,1137,105,90
1124,195,2,200,5,1142,0,50
1125,195,2,201,5,1147,0,50
1126,195,2,202,5,1152,152,50
1127,195,2,203,3,1155,31,30
1128,195,2,204,7,1162,70,70
1129,195,2,205,6,1168,60,60
1130,195,2,206,6,1174,0,60
1131,195,2,207,7,1181,123,70
1132,195,2,208,8,1189,100,80
1133,195,2,209,3,1192,0,30
1134,195,2,210,3,1195,0,30
1135,195,2,211,2,1197,0,20
1136,195,2,212,6,1203,150,60
1137,195,2,213,8,1211,0,80
1138,195,2,214,7,1218,0,70
1139,195,2,215,6,1224,206,60
1140,195,2,216,4,1228,0,40
1141,195,2,217,2,1230,58,20
1142,195,2,218,6,1236,59,60
1143,195,2,219,6,1242,56,60
1144,195,2,220,6,1248,70,60
1145,195,2,221,5,1253,52,50
1146,195,2,222,3,1256,0,30
1147,195,2,223,9,1265,0,90
1148,195,2,224,4,1269,0,40
1149,195,2,225,4,1273,0,40
1150,195,2,226,3,1276,0,30
1151,195,2,227,4,1280,290,40
1152,195,2,228,3,1283,29,30
1153,195,2,229,9,1292,0,90
1154,195,2,230,2,1294,0,20
1155,195,2,231,4,1298,0,40
1156,195,2,232,9,1307,0,90
1157,195,2,233,3,1310,0,30
1158,195,2,234,2,1312,0,20
1159,195,2,235,9,1321,366,90
1160,195,2,236,2,1323,0,20
1161,195,2,237,4,1327,54,40
1162,195,2,238,6,1333,0,60
1163,195,2,239,3,1336,82,30
1164,195,2,240,8,1344,81,80
1165,195,2,241,8,1352,0,80
1166,195,2,242,4,1356,0,40
1167,195,2,243,5,1361,0,50
1168,195,2,244,7,1368,248,70
1169,195,2,245,3,1371,0,30
1170,195,2,246,6,1377,111,60
1171,195,2,247,5,1382,0,50
1172,195,2,248,8,1390,0,80
1173,195,2,249,8,1398,0,80
1174,195,2,250,4,1402,262,40
1175,195,2,251,7,1409,0,70
1176,195,2,252,4,1413,0,40
1177,195,2,253,9,1422,0,90
1178,195,2,254,5,1427,0,50
1179,195,2,255,2,1429,0,20
1180,195,2,256,3,1432,0,30
1181,195,2,257,7,1439,0,70
1182,195,2,258,3,1442,0,30
1183,195,2,259,5,1447,0,50
1184,195,2,260,7,1454,0,70
1185,195,2,261,6,1460,0,60
1186,195,2,262,4,1464,0,40
1187,195,2,263,4,1468,0,40
1188,195,2,264,4,1472,734,40
1189,195,2,265,2,1474,21,20
1190,195,2,266,5,1479,0,50
1191,195,2,267,5,1484,99,50
1192,195,2,268,2,1486,16,20
1193,195,2,269,4,1490,42,40
1194,195,2,270,3,1493,28,30
1195,195,2,271,2,1495,0,20
1196,195,2,272,8,1503,113,80
1197,195,2,273,7,1510,0,70
1198,195,2,274,9,1519,158,90
1199,195,2,275,4,1523,0,40
1200,195,2,276,4,1527,0,40
1201,195,2,277,2,1529,0,20
1202,195,2,278,5,1534,0,50
1203,195,2,279,3,1537,0,30
1204,195,2,280,8,1545,244,80
1205,195,2,281,7,1552,79,70
1206,195,2,282,8,1560,79,80
1207,195,2,283,6,1566,60,60
1208,195,2,284,9,1575,88,90
1209,195,2,285,5,1580,0,50
1210,195,2,286,5,1585,102,50
1211,195,2,287,2,1587,0,20
1212,195,2,288,6,1593,0,60
1213,195,2,289,7,1600,0,70
1214,195,2,290,7,1607,0,70
1215,195,2,291,3,1610,267,30
1216,195,2,292,6,1616,0,60
1217,195,2,293,9,1625,140,90
1218,195,2,294,3,1628,0,30
1219,195,2,295,2,1630,0,20
1220,195,2,296,7,1637,0,70
1221,195,2,297,3,1640,0,30
1222,195,2,298,6,1646,0,60
1223,195,2,299,5,1651,0,50
1224,195,2,300,6,1657,0,60
1225,195,2,301,7,1664,0,70
1226,195,2,302,3,1667,0,30
1227,195,2,303,2,1669,433,20
1228,195,2,304,6,1675,0,60
1229,195,2,305,3,1678,87,30
1230,195,2,306,6,1684,70,60
1231,195,2,307,8,1692,89,80
1232,195,2,308,6,1698,67,60
1233,195,2,309,8,1706,0,80
1234,195,2,310,2,1708,86,20
1235,195,2,311,8,1716,0,80
1236,195,2,312,3,1719,0,30
1237,195,2,313,5,1724,164,50
1238,195,2,314,2,1726,21,20
1239,195,2,315,8,1734,81,80
1240,195,2,316,9,1743,92,90
1241,195,2,317,2,1745,0,20
1242,195,2,318,4,1749,0,40
1243,195,2,319,3,1752,0,30
1244,195,2,320,6,1758,0,60
1245,195,2,321,6,1764,195,60
1246,195,2,322,9,1773,0,90
1247,195,2,323,2,1775,0,20
1248,195,2,324,6,1781,0,60
1249,195,2,325,8,1789,273,80
1250,195,2,326,5,1794,54,50
1251,195,2,327,4,1798,0,40
1252,195,2,328,4,1802,75,40
1253,195,2,329,4,1806,0,40
1254,195,2,330,8,1814,0,80
1255,195,2,331,2,1816,136,20
1256,195,2,332,9,1825,0,90
1257,195,2,333,8,1833,0,80
1258,195,2,334,2,1835,202,20
1259,195,2,335,4,1839,45,40
1260,195,2,336,7,1846,0,70
1261,195,2,337,6,1852,133,60
1262,195,2,338,5,1857,0,50
1263,195,2,339,4,1861,101,40
1264,195,2,340,7,1868,0,70
1265,195,2,341,9,1877,0,90
1266,195,2,342,3,1880,0,30
1267,195,2,343,3,1883,0,30
1268,195,2,344,6,1889,0,60
1269,195,2,345,2,1891,0,20
1270,195,2,346,6,1897,370,60
1271,195,2,347,8,1905,0,80
1272,195,2,348,3,1908,121,30
1273,195,2,349,8,1916,0,80
1274,195,2,350,5,1921,0,50
1275,195,2,351,6,1927,194,60
1276,195,2,352,7,1934,0,70
1277,195,2,353,4,1938,0,40
1278,195,2,354,2,1940,137,20
1279,195,2,355,9,1949,0,90
1280,195,2,356,3,1952,127,30
1281,195,2,357,7,1959,0,70
1282,195,2,358,5,1964,127,50
1283,195,2,359,7,1971,0,70
1284,195,2,360,3,1974,94,30
1285,195,2,361,5,1979,0,50
1286,195,2,362,8,1987,0,80
1287,195,2,363,2,1989,152,20
1288,195,2,364,7,1996,0,70
1289,195,2,365,5,2001,0,50
1290,195,2,366,6,2007,0,60
1291,195,2,367,4,2011,222,40
1292,195,2,368,6,2017,0,60
1293,195,2,369,7,2024,0,70
1294,195,2,370,6,2030,182,60
1295,195,2,371,6,2036,0,60
1296,195,2,372,4,2040,99,40
1297,195,2,373,9,2049,0,90
1298,195,2,374,6,2055,167,60
1299,195,2,375,9,2064,0,90
1300,195,2,376,8,2072,0,80
1301,195,2,377,3,2075,0,30
1302,195,2,378,3,2078,0,30
1303,195,2,379,4,2082,244,40
1304,195,2,380,3,2085,29,30
1305,195,2,381,8,2093,0,80
1306,195,2,382,7,2100,0,70
1307,195,2,383,7,2107,235,70
1308,195,2,384,2,2109,0,20
1309,195,2,385,2,2111,28,20
1310,195,2,386,8,2119,0,80
1311,195,2,387,7,2126,0,70
1312,195,2,388,2,2128,0,20
1313,195,2,389,2,2130,192,20
1314,195,2,390,4,2134,22,40
1315,195,2,391,9,2143,71,90
1316,195,2,392,2,2145,0,20
1317,195,2,393,7,2152,0,70
1318,195,2,394,6,2158,0,60
1319,195,2,395,2,2160,187,20
1320,195,2,396,7,2167,0,70
1321,195,2,397,4,2171,0,40
1322,195,2,398,6,2177,0,60
1323,195,2,399,4,2181,0,40
1324,195,2,400,9,2190,0,90
1325,195,2,401,3,2193,0,30
1326,195,2,402,6,2199,0,60
1327,195,2,403,7,2206,455,70
1328,195,2,404,8,2214,0,80
1329,195,2,405,8,2222,0,80
1330,195,2,406,4,2226,0,40
1331,195,2,407,8,2234,282,80
1332,195,2,408,5,2239,0,50
1333,195,2,409,8,2247,102,80
1334,195,2,410,8,2255,80,80
1335,195,2,411,4,2259,38,40
1336,195,2,412,8,2267,0,80
1337,195,2,413,5,2272,152,50
1338,195,2,414,9,2281,82,90
1339,195,2,415,4,2285,43,40
1340,195,2,416,5,2290,49,50
1341,195,2,417,7,2297,0,70
1342,195,2,418,3,2300,0,30
1343,195,2,419,8,2308,156,80
1344,195,2,420,6,2314,0,60
1345,195,2,421,8,2322,139,80
1346,195,2,422,6,2328,0,60
1347,195,2,423,3,2331,99,30
1348,195,2,424,6,2337,0,60
1349,195,2,425,9,2346,147,90
1350,195,2,426,6,2352,67,60
1351,195,2,427,4,2356,40,40
1352,195,2,428,8,2364,79,80
1353,195,2,429,5,2369,40,50
1354,195,2,430,9,2378,0,90
1355,195,2,431,6,2384,0,60
1356,195,2,432,6,2390,234,60
1357,195,2,433,4,2394,0,40
1358,195,2,434,6,2400,109,60
1359,195,2,435,5,2405,0,50
1360,195,2,436,2,2407,67,20
1361,195,2,437,3,2410,0,30
1362,195,2,438,6,2416,0,60
1363,195,2,439,7,2423,171,70
1364,195,2,440,5,2428,0,50
1365,195,2,441,4,2432,0,40
1366,195,2,442,5,2437,149,50
1367,195,2,443,8,2445,78,80
1368,195,2,444,2,2447,0,20
1369,195,2,445,4,2451,60,40
1370,195,2,446,5,2456,0,50
1371,195,2,447,5,2461,0,50
1372,195,2,448,8,2469,170,80
1373,195,2,449,8,2477,90,80
1374,195,2,450,4,2481,0,40
1375,195,2,451,9,2490,0,90
1376,195,2,452,9,2499,0,90
1377,195,2,453,3,2502,0,30
1378,195,2,454,8,2510,0,80
1379,195,2,455,8,2518,0,80
1380,195,2,456,7,2525,0,70
1381,195,2,457,9,2534,573,90
1382,195,2,458,9,2543,0,90
1383,195,2,459,4,2547,132,40
1384,195,2,460,5,2552,0,50
1385,195,2,461,6,2558,0,60
1386,195,2,462,6,2564,161,60
1387,195,2,463,7,2571,0,70
1388,195,2,464,5,2576,0,50
1389,195,2,465,4,2580,0,40
1390,195,2,466,6,2586,197,60
1391,195,2,467,6,2592,0,60
1392,195,2,468,2,2594,0,20
1393,195,2,469,6,2600,0,60
1394,195,2,470,3,2603,165,30
1395,195,2,471,8,2611,0,80
1396,195,2,472,6,2617,130,60
1397,195,2,473,3,2620,21,30
1398,195,2,474,2,2622,0,20
1399,195,2,475,9,2631,0,90
1400,195,2,476,5,2636,0,50
1401,195,2,477,2,2638,185,20
1402,195,2,478,9,2647,0,90
1403,195,2,479,5,2652,0,50
1404,195,2,480,4,2656,0,40
1405,195,2,481,6,2662,214,60
1406,195,2,482,8,2670,0,80
1407,195,2,483,9,2679,201,90
1408,195,2,484,2,2681,0,20
1409,195,2,485,4,2685,0,40
1410,195,2,486,7,2692,144,70
1411,195,2,487,7,2699,0,70
1412,195,2,488,2,2701,0,20
1413,195,2,489,2,2703,0,20
1414,195,2,490,5,2708,159,50
1415,195,2,491,7,2715,0,70
1416,195,2,492,5,2720,0,50
1417,195,2,493,7,2727,192,70
1418,195,2,494,3,2730,0,30
1419,195,2,495,9,2739,100,90
1420,195,2,496,2,2741,28,20
1421,195,2,497,5,2746,0,50
1422,195,2,498,4,2750,0,40
1423,195,2,499,9,2759,194,90
1424,195,2,500,3,2762,0,30
1425,195,2,501,4,2766,0,40
1426,195,2,502,6,2772,0,60
1427,195,2,503,7,2779,200,70
1428,195,2,504,7,2786,0,70
1429,195,2,505,9,2795,0,90
1430,195,2,506,4,2799,0,40
1431,195,2,507,7,2806,0,70
1432,195,2,508,4,2810,333,40
1433,195,2,509,7,2817,0,70
1434,195,2,510,4,2821,115,40
1435,195,2,511,4,2825,53,40
1436,195,2,512,2,2827,19,20
1437,195,2,513,3,2830,0,30
1438,195,2,514,9,2839,123,90
1439,195,2,515,6,2845,0,60
1440,195,2,516,5,2850,0,50
1441,195,2,517,3,2853,0,30
1442,195,2,518,9,2862,0,90
1443,195,2,519,3,2865,0,30
1444,195,2,520,6,2871,320,60
1445,195,2,521,7,2878,0,70
1446,195,2,522,4,2882,0,40
1447,195,2,523,8,2890,214,80
1448,195,2,524,5,2895,44,50
1449,195,2,525,8,2903,72,80
1450,195,2,526,9,2912,0,90
1451,195,2,527,2,2914,0,20
1452,195,2,528,9,2923,203,90
1453,195,2,529,7,2930,0,70
1454,195,2,530,4,2934,0,40
1455,195,2,531,7,2941,0,70
1456,195,2,532,7,2948,240,70
1457,195,2,533,5,2953,0,50
1458,195,2,534,3,2956,76,30
1459,195,2,535,3,2959,0,30
1460,195,2,536,3,2962,0,30
1461,195,2,537,5,2967,0,50
1462,195,2,538,8,2975,206,80
1463,195,2,539,2,2977,20,20
1464,195,2,540,6,2983,0,60
1465,195,2,541,5,2988,0,50
1466,195,2,542,5,2993,163,50
1467,195,2,543,4,2997,0,40
1468,195,2,544,9,3006,0,90
1469,195,2,545,4,3010,0,40
1470,195,2,546,8,3018,0,80
1471,195,2,547,4,3022,291,40
1472,195,2,548,6,3028,0,60
1473,195,2,549,2,3030,72,20
1474,195,2,550,3,3033,0,30
1475,195,2,551,2,3035,0,20
1476,195,2,552,6,3041,109,60
1477,195,2,553,2,3043,22,20
1478,195,2,554,7,3050,80,70
1479,195,2,555,3,3053,0,30
1480,195,2,556,7,3060,119,70
1481,195,2,557,3,3063,0,30
1482,195,2,558,6,3069,0,60
1483,195,2,559,8,3077,182,80
1484,195,2,560,2,3079,0,20
1485,195,2,561,4,3083,0,40
1486,195,2,562,2,3085,0,20
1487,195,2,563,7,3092,0,70
1488,195,2,564,6,3098,227,60
1489,195,2,565,9,3107,0,90
1490,195,2,566,9,3116,0,90
1491,195,2,567,7,3123,0,70
1492,195,2,568,9,3132,0,90
1493,195,2,569,9,3141,434,90
1494,195,2,570,5,3146,0,50
1495,195,2,571,3,3149,0,30
1496,195,2,572,9,3158,0,90
1497,195,2,573,9,3167,0,90
1498,195,2,574,4,3171,288,40
1499,195,2,575,3,3174,0,30
1500,195,2,576,5,3179,72,50
1501,195,2,577,3,3182,28,30
1502,195,2,578,6,3188,0,60
1503,195,2,579,4,3192,0,40
1504,195,2,580,5,3197,139,50
1505,195,2,581,4,3201,0,40
1506,195,2,582,2,3203,63,20
1507,195,2,583,5,3208,0,50
1508,195,2,584,7,3215,109,70
1509,195,2,585,4,3219,43,40
1510,195,2,586,2,3221,14,20
1511,195,2,587,6,3227,72,60
1512,195,2,588,7,3234,77,70
1513,195,2,589,8,3242,0,80
1514,195,2,590,4,3246,0,40
1515,195,2,591,9,3255,0,90
1516,195,2,592,2,3257,234,20
1517,195,2,593,4,3261,0,40
1518,195,2,594,7,3268,0,70
1519,195,2,595,5,3273,0,50
1520,195,2,596,6,3279,0,60
1521,195,2,597,8,3287,0,80
1522,195,2,598,8,3295,0,80
1523,195,2,599,7,3302,0,70
1524,195,2,600,2,3304,0,20
1525,195,2,601,8,3312,0,80
1526,195,2,602,4,3316,631,40
1527,195,2,603,7,3323,61,70
1528,195,2,604,7,3330,68,70
1529,195,2,605,3,3333,0,30
1530,195,2,606,9,3342,128,90
1531,195,2,607,3,3345,0,30
1532,195,2,608,9,3354,126,90
1533,195,2,609,6,3360,66,60
1534,195,2,610,8,3368,74,80
1535,195,2,611,4,3372,0,40
1536,195,2,612,4,3376,0,40
1537,195,2,613,7,3383,166,70
1538,195,2,614,7,3390,0,70
1539,195,2,615,6,3396,133,60
1540,195,2,616,4,3400,0,40
1541,195,2,617,8,3408,127,80
1542,195,2,618,4,3412,0,40
1543,195,2,619,2,3414,0,20
1544,195,2,620,5,3419,107,50
1545,195,2,621,8,3427,0,80
1546,195,2,622,9,3436,188,90
1547,195,2,623,2,3438,27,20
1548,195,2,624,7,3445,0,70
1549,195,2,625,2,3447,78,20
1550,195,2,626,2,3449,0,20
1551,195,2,627,7,3456,0,70
1552,195,2,628,7,3463,0,70
1553,195,2,629,8,3471,0,80
1554,195,2,630,3,3474,0,30
1555,195,2,631,9,3483,0,90
1556,195,2,632,5,3488,0,50
1557,195,2,633,8,3496,484,80
1558,195,2,634,7,3503,69,70
1559,195,2,635,4,3507,48,40
1560,195,2,636,6,3513,52,60
1561,195,2,637,8,3521,88,80
1562,195,2,638,7,3528,0,70
1563,195,2,639,8,3536,165,80
1564,195,2,640,7,3543,0,70
1565,195,2,641,7,3550,0,70
1566,195,2,642,8,3558,218,80
1567,195,2,643,8,3566,0,80
1568,195,2,644,7,3573,142,70
1569,195,2,645,2,3575,0,20
1570,195,2,646,2,3577,64,20
1571,195,2,647,2,3579,25,20
1572,195,2,648,7,3586,80,70
1573,195,2,649,2,3588,0,20
1574,195,2,650,7,3595,0,70
1575,195,2,651,7,3602,0,70
1576,195,2,652,9,3611,245,90
1577,195,2,653,3,3614,28,30
1578,195,2,654,6,3620,58,60
1579,195,2,655,7,3627,77,70
1580,195,2,656,9,3636,0,90
1581,195,2,657,7,3643,161,70
1582,195,2,658,9,3652,0,90
1583,195,2,659,2,3654,0,20
1584,195,2,660,6,3660,0,60
1585,195,2,661,7,3667,0,70
1586,195,2,662,4,3671,265,40
1587,195,2,663,6,3677,0,60
1588,195,2,664,6,3683,0,60
1589,195,2,665,3,3686,0,30
1590,195,2,666,7,3693,232,70
1591,195,2,667,8,3701,85,80
1592,195,2,668,7,3708,0,70
1593,195,2,669,2,3710,90,20
1594,195,2,670,9,3719,0,90
1595,195,2,671,5,3724,0,50
1596,195,2,672,5,3729,0,50
1597,195,2,673,9,3738,268,90
1598,195,2,674,5,3743,51,50
1599,195,2,675,3,3746,0,30
1600,195,2,676,2,3748,0,20
1601,195,2,677,6,3754,99,60
1602,195,2,678,9,3763,0,90
1603,195,2,679,5,3768,0,50
1604,195,2,680,5,3773,193,50
1605,195,2,681,9,3782,0,90
1606,195,2,682,7,3789,158,70
1607,195,2,683,6,3795,59,60
1608,195,2,684,7,3802,0,70
1609,195,2,685,2,3804,0,20
1610,195,2,686,3,3807,99,30
1611,195,2,687,6,3813,62,60
1612,195,2,688,8,3821,76,80
1613,195,2,689,3,3824,0,30
1614,195,2,690,5,3829,0,50
1615,195,2,691,6,3835,131,60
1616,195,2,692,8,3843,0,80
1617,195,2,693,5,3848,124,50
1618,195,2,694,3,3851,31,30
1619,195,2,695,4,3855,0,40
1620,195,2,696,8,3863,0,80
1621,195,2,697,5,3868,0,50
1622,195,2,698,2,3870,0,20
1623,195,2,699,6,3876,0,60
1624,195,2,700,7,3883,0,70
1625,195,2,701,5,3888,348,50
1626,195,2,702,5,3893,0,50
1627,195,2,703,8,3901,0,80
1628,195,2,704,3,3904,0,30
1629,195,2,705,5,3909,0,50
1630,195,2,706,9,3918,0,90
1631,195,2,707,9,3927,396,90
1632,195,2,708,4,3931,48,40
1633,195,2,709,6,3937,66,60
1634,195,2,710,3,3940,30,30
1635,195,2,711,8,3948,79,80
1636,195,2,712,2,3950,0,20
1637,195,2,713,6,3956,0,60
1638,195,2,714,4,3960,136,40
1639,195,2,715,5,3965,0,50
1640,195,2,716,3,3968,0,30
1641,195,2,717,8,3976,165,80
1642,195,2,718,4,3980,0,40
1643,195,2,719,9,3989,101,90
1644,195,2,720,4,3993,0,40
1645,195,2,721,3,3996,0,30
1646,195,2,722,8,4004,147,80
1647,195,2,723,8,4012,80,80
1648,195,2,724,3,4015,37,30
1649,195,2,725,5,4020,0,50
1650,195,2,726,8,4028,133,80
1651,195,2,727,7,4035,0,70
1652,195,2,728,2,4037,0,20
1653,195,2,729,9,4046,0,90
1654,195,2,730,8,4054,0,80
1655,195,2,731,9,4063,356,90
1656,195,2,732,8,4071,0,80
1657,195,2,733,9,4080,0,90
1658,195,2,734,4,4084,0,40
1659,195,2,735,5,4089,0,50
1660,195,2,736,8,4097,0,80
1661,195,2,737,6,4103,0,60
1662,195,2,738,3,4106,425,30
1663,195,2,739,8,4114,86,80
1664,195,2,740,5,4119,0,50
1665,195,2,741,5,4124,0,50
1666,195,2,742,9,4133,170,90
1667,195,2,743,6,4139,0,60
1668,195,2,744,6,4145,124,60
1669,195,2,745,8,4153,72,80
1670,195,2,746,7,4160,0,70
1671,195,2,747,7,4167,0,70
1672,195,2,748,8,4175,0,80
1673,195,2,749,4,4179,0,40
1674,195,2,750,5,4184,0,50
1675,195,2,751,3,4187,352,30
1676,195,2,752,4,4191,0,40
1677,195,2,753,7,4198,89,70
1678,195,2,754,2,4200,0,20
1679,195,2,755,2,4202,38,20
1680,195,2,756,8,4210,75,80
1681,195,2,757,9,4219,0,90
1682,195,2,758,5,4224,0,50
1683,195,2,759,6,4230,0,60
1684,195,2,760,8,4238,250,80
1685,195,2,761,3,4241,35,30
1686,195,2,762,6,4247,0,60
1687,195,2,763,4,4251,111,40
1688,195,2,764,5,4256,62,50
1689,195,2,765,5,4261,52,50
1690,195,2,766,7,4268,72,70
1691,195,2,767,2,4270,0,20
1692,195,2,768,9,4279,0,90
1693,195,2,769,9,4288,0,90
1694,195,2,770,3,4291,0,30
1695,195,2,771,8,4299,315,80
1696,195,2,772,5,4304,56,50
1697,195,2,773,3,4307,0,30
1698,195,2,774,3,4310,59,30
1699,195,2,775,8,4318,0,80
1700,195,2,776,7,4325,0,70
1701,195,2,777,5,4330,233,50
1702,195,2,778,2,4332,0,20
1703,195,2,779,4,4336,0,40
1704,195,2,780,2,4338,76,20
1705,195,2,781,6,4344,65,60
1706,195,2,782,3,4347,41,30
1707,195,2,783,9,4356,77,90
1708,195,2,784,4,4360,0,40
1709,195,2,785,8,4368,0,80
1710,195,2,786,5,4373,0,50
1711,195,2,787,6,4379,237,60
1712,195,2,788,8,4387,71,80
1713,195,2,789,6,4393,0,60
1714,195,2,790,5,4398,0,50
1715,195,2,791,9,4407,0,90
1716,195,2,792,7,4414,0,70
1717,195,2,793,3,4417,0,30
1718,195,2,794,2,4419,329,20
1719,195,2,795,4,4423,0,40
1720,195,2,796,9,4432,0,90
1721,195,2,797,3,4435,0,30
1722,195,2,798,6,4441,0,60
1723,195,2,799,7,4448,0,70
1724,195,2,800,3,4451,0,30
1725,195,2,801,9,4460,407,90
1726,195,2,802,4,4464,46,40
1727,195,2,803,3,4467,0,30
1728,195,2,804,4,4471,0,40
1729,195,2,805,9,4480,0,90
1730,195,2,806,2,4482,185,20
1731,195,2,807,5,4487,0,50
1732,195,2,808,2,4489,64,20
1733,195,2,809,5,4494,0,50
1734,195,2,810,8,4502,112,80
1735,195,2,811,9,4511,0,90
1736,195,2,812,6,4517,0,60
1737,195,2,813,6,4523,204,60
1738,195,2,814,8,4531,0,80
1739,195,2,815,3,4534,0,30
1740,195,2,816,4,4538,155,40
1741,195,2,817,8,4546,89,80
1742,195,2,818,9,4555,102,90
1743,195,2,819,5,4560,0,50
1744,195,2,820,9,4569,135,90
1745,195,2,821,6,4575,0,60
1746,195,2,822,7,4582,0,70
1747,195,2,823,3,4585,142,30
1748,195,2,824,2,4587,28,20
1749,195,2,825,3,4590,0,30
1750,195,2,826,2,4592,0,20
1751,195,2,827,9,4601,0,90
1752,195,2,828,3,4604,0,30
1753,195,2,829,7,4611,240,70
1754,195,2,830,3,4614,0,30
1755,195,2,831,5,4619,0,50
1756,195,2,832,7,4626,0,70
1757,195,2,833,2,4628,209,20
1758,195,2,834,9,4637,0,90
1759,195,2,835,4,4641,120,40
1760,195,2,836,8,4649,87,80
1761,195,2,837,3,4652,30,30
1762,195,2,838,4,4656,0,40
1763,195,2,839,9,4665,0,90
1764,195,2,840,4,4669,157,40
1765,195,2,841,9,4678,0,90
1766,195,2,842,2,4680,115,20
1767,195,2,843,3,4683,0,30
1768,195,2,844,5,4688,0,50
1769,195,2,845,5,4693,125,50
1770,195,2,846,9,4702,0,90
1771,195,2,847,9,4711,191,90
1772,195,2,848,8,4719,0,80
1773,195,2,849,9,4728,164,90
1774,195,2,850,6,4734,63,60
1775,195,2,851,3,4737,0,30
1776,195,2,852,9,4746,0,90
1777,195,2,853,6,4752,0,60
1778,195,2,854,2,4754,0,20
1779,195,2,855,9,4763,0,90
1780,195,2,856,5,4768,0,50
1781,195,2,857,6,4774,468,60
1782,195,2,858,9,4783,0,90
1783,195,2,859,5,4788,133,50
1784,195,2,860,6,4794,56,60
1785,195,2,861,7,4801,75,70
1786,195,2,862,8,4809,89,80
1787,195,2,863,4,4813,32,40
1788,195,2,864,8,4821,0,80
1789,195,2,865,8,4829,181,80
1790,195,2,866,6,4835,0,60
1791,195,2,867,2,4837,0,20
1792,195,2,868,9,4846,0,90
1793,195,2,869,6,4852,0,60
1794,195,2,870,6,4858,0,60
1795,195,2,871,2,4860,325,20
1796,195,2,872,2,4862,0,20
1797,195,2,873,8,4870,0,80
1798,195,2,874,2,4872,0,20
1799,195,2,875,4,4876,0,40
1800,195,2,876,3,4879,0,30
1801,195,2,877,8,4887,244,80
1802,195,2,878,7,4894,0,70
1803,195,2,879,7,4901,124,70
1804,195,2,880,2,4903,22,20
1805,195,2,881,2,4905,0,20
1806,195,2,882,8,4913,102,80
1807,195,2,883,3,4916,0,30
1808,195,2,884,7,4923,79,70
1809,195,2,885,8,4931,0,80
1810,195,2,886,5,4936,109,50
1811,195,2,887,9,4945,0,90
1812,195,2,888,6,4951,158,60
1813,195,2,889,4,4955,0,40
1814,195,2,890,2,4957,66,20
1815,195,2,891,9,4966,78,90
1816,195,2,892,7,4973,78,70
1817,195,2,893,5,4978,0,50
1818,195,2,894,9,4987,159,90
1819,195,2,895,5,4992,50,50
1820,195,2,896,6,4998,0,60
1821,195,3,1,4,4,37,40
1822,195,3,2,5,9,54,50
1823,195,3,3,9,18,86,90
1824,195,3,4,6,24,0,60
1825,195,3,5,2,26,81,20
1826,195,3,6,5,31,42,50
1827,195,3,7,8,39,0,80
1828,195,3,8,8,47,0,80
1829,195,3,9,7,54,0,70
1830,195,3,10,4,58,0,40
1831,195,3,11,7,65,0,70
1832,195,3,12,2,67,0,20
1833,195,3,13,4,71,0,40
1834,195,3,14,5,76,0,50
1835,195,3,15,7,83,520,70
1836,195,3,16,3,86,0,30
1837,195,3,17,9,95,107,90
1838,195,3,18,2,97,0,20
1839,195,3,19,6,103,0,60
1840,195,3,20,2,105,98,20
1841,195,3,21,8,113,0,80
1842,195,3,22,5,118,120,50
1843,195,3,23,6,124,51,60
1844,195,3,24,3,127,37,30
1845,195,3,25,2,129,0,20
1846,195,3,26,7,136,108,70
1847,195,3,27,8,144,81,80
1848,195,3,28,9,153,65,90
1849,195,3,29,7,160,88,70
1850,195,3,30,2,162,17,20
1851,195,3,31,9,171,103,90
1852,195,3,32,9,180,87,90
1853,195,3,33,4,184,40,40
1854,195,3,34,3,187,0,30
1855,195,3,35,3,190,69,30
1856,195,3,36,4,194,0,40
1857,195,3,37,3,197,71,30
1858,195,3,38,8,205,0,80
1859,195,3,39,2,207,107,20
1860,195,3,40,4,211,44,40
1861,195,3,41,3,214,29,30
1862,195,3,42,2,216,27,20
1863,195,3,43,2,218,0,20
1864,195,3,44,2,220,0,20
1865,195,3,45,7,227,0,70
1866,195,3,46,6,233,0,60
1867,195,3,47,4,237,0,40
1868,195,3,48,7,244,285,70
1869,195,3,49,2,246,0,20
1870,195,3,50,2,248,40,20
1871,195,3,51,7,255,0,70
1872,195,3,52,8,263,0,80
1873,195,3,53,7,270,215,70
1874,195,3,54,3,273,0,30
1875,195,3,55,3,276,55,30
1876,195,3,56,4,280,0,40
1877,195,3,57,9,289,152,90
1878,195,3,58,8,297,80,80
1879,195,3,59,7,304,0,70
1880,195,3,60,5,309,129,50
1881,195,3,61,6,315,62,60
1882,195,3,62,7,322,74,70
1883,195,3,63,3,325,35,30
1884,195,3,64,6,331,55,60
1885,195,3,65,8,339,81,80
1886,195,3,66,8,347,96,80
1887,195,3,67,8,355,0,80
1888,195,3,68,7,362,153,70
1889,195,3,69,2,364,23,20
1890,195,3,70,2,366,21,20
1891,195,3,71,7,373,0,70
1892,195,3,72,6,379,0,60
1893,195,3,73,5,384,0,50
1894,195,3,74,6,390,0,60
1895,195,3,75,8,398,0,80
1896,195,3,76,8,406,0,80
1897,195,3,77,7,413,0,70
1898,195,3,78,3,416,519,30
1899,195,3,79,3,419,0,30
1900,195,3,80,3,422,0,30
1901,195,3,81,5,427,94,50
1902,195,3,82,8,435,77,80
1903,195,3,83,4,439,40,40
1904,195,3,84,9,448,99,90
1905,195,3,85,7,455,0,70
1906,195,3,86,2,457,0,20
1907,195,3,87,7,464,0,70
1908,195,3,88,3,467,178,30
1909,195,3,89,3,470,0,30
1910,195,3,90,7,477,0,70
1911,195,3,91,2,479,120,20
1912,195,3,92,6,485,0,60
1913,195,3,93,6,491,118,60
1914,195,3,94,2,493,0,20
1915,195,3,95,6,499,80,60
1916,195,3,96,5,504,52,50
1917,195,3,97,9,513,0,90
1918,195,3,98,4,517,127,40
1919,195,3,99,8,525,87,80
1920,195,3,100,6,531,0,60
1921,195,3,101,6,537,0,60
1922,195,3,102,3,540,0,30
1923,195,3,103,9,549,260,90
1924,195,3,104,9,558,0,90
1925,195,3,105,9,567,181,90
1926,195,3,106,8,575,0,80
1927,195,3,107,3,578,0,30
1928,195,3,108,8,586,189,80
1929,195,3,109,2,588,0,20
1930,195,3,110,3,591,0,30
1931,195,3,111,6,597,0,60
1932,195,3,112,2,599,0,20
1933,195,3,113,7,606,0,70
1934,195,3,114,3,609,229,30
1935,195,3,115,2,611,23,20
1936,195,3,116,2,613,0,20
1937,195,3,117,4,617,60,40
1938,195,3,118,5,622,0,50
1939,195,3,119,4,626,0,40
1940,195,3,120,2,628,0,20
1941,195,3,121,5,633,0,50
1942,195,3,122,2,635,198,20
1943,195,3,123,8,643,0,80
1944,195,3,124,5,648,153,50
1945,195,3,125,7,655,57,70
1946,195,3,126,3,658,29,30
1947,195,3,127,8,666,0,80
1948,195,3,128,7,673,152,70
1949,195,3,129,9,682,0,90
1950,195,3,130,7,689,141,70
1951,195,3,131,9,698,0,90
1952,195,3,132,4,702,0,40
1953,195,3,133,8,710,0,80
1954,195,3,134,9,719,0,90
1955,195,3,135,2,721,337,20
1956,195,3,136,7,728,0,70
1957,195,3,137,8,736,150,80
1958,195,3,138,3,739,0,30
1959,195,3,139,5,744,92,50
1960,195,3,140,9,753,98,90
1961,195,3,141,8,761,65,80
1962,195,3,142,3,764,0,30
1963,195,3,143,7,771,99,70
1964,195,3,144,8,779,73,80
1965,195,3,145,7,786,78,70
1966,195,3,146,2,788,0,20
1967,195,3,147,2,790,35,20
1968,195,3,148,8,798,0,80
1969,195,3,149,8,806,138,80
1970,195,3,150,7,813,63,70
1971,195,3,151,7,820,0,70
1972,195,3,152,4,824,106,40
1973,195,3,153,6,830,0,60
1974,195,3,154,9,839,0,90
1975,195,3,155,8,847,0,80
1976,195,3,156,6,853,0,60
1977,195,3,157,2,855,0,20
1978,195,3,158,9,864,404,90
1979,195,3,159,8,872,0,80
1980,195,3,160,2,874,0,20
1981,195,3,161,3,877,0,30
1982,195,3,162,4,881,0,40
1983,195,3,163,6,887,244,60
1984,195,3,164,4,891,49,40
1985,195,3,165,5,896,0,50
1986,195,3,166,7,903,0,70
1987,195,3,167,3,906,0,30
1988,195,3,168,8,914,0,80
1989,195,3,169,7,921,299,70
1990,195,3,170,3,924,0,30
1991,195,3,171,2,926,46,20
1992,195,3,172,9,935,118,90
1993,195,3,173,5,940,0,50
1994,195,3,174,5,945,0,50
1995,195,3,175,9,954,0,90
1996,195,3,176,4,958,0,40
1997,195,3,177,3,961,0,30
1998,195,3,178,7,968,0,70
1999,195,3,179,8,976,383,80
2000,195,3,180,8,984,82,80
2001,195,3,181,9,993,81,90
2002,195,3,182,8,1001,0,80
2003,195,3,183,3,1004,0,30
2004,195,3,184,7,1011,0,70
2005,195,3,185,5,1016,0,50
2006,195,3,186,4,1020,0,40
2007,195,3,187,7,1027,0,70
2008,195,3,188,9,1036,395,90
2009,195,3,189,9,1045,0,90
2010,195,3,190,5,1050,0,50
2011,195,3,191,2,1052,0,20
2012,195,3,192,8,1060,0,80
2013,195,3,193,3,1063,0,30
2014,195,3,194,8,1071,358,80
2015,195,3,195,2,1073,19,20
2016,195,3,196,4,1077,0,40
2017,195,3,197,4,1081,0,40
2018,195,3,198,7,1088,150,70
2019,195,3,199,3,1091,0,30
2020,195,3,200,3,1094,60,30
2021,195,3,201,6,1100,0,60
2022,195,3,202,4,1104,106,40
2023,195,3,203,9,1113,101,90
2024,195,3,204,8,1121,0,80
2025,195,3,205,2,1123,0,20
2026,195,3,206,7,1130,175,70
2027,195,3,207,7,1137,67,70
2028,195,3,208,5,1142,0,50
2029,195,3,209,2,1144,0,20
2030,195,3,210,6,1150,129,60
2031,195,3,211,4,1154,51,40
2032,195,3,212,8,1162,83,80
2033,195,3,213,3,1165,0,30
2034,195,3,214,3,1168,62,30
2035,195,3,215,2,1170,19,20
2036,195,3,216,9,1179,97,90
2037,195,3,217,4,1183,0,40
2038,195,3,218,8,1191,120,80
2039,195,3,219,5,1196,0,50
2040,195,3,220,3,1199,79,30
2041,195,3,221,8,1207,84,80
2042,195,3,222,7,1214,0,70
2043,195,3,223,5,1219,0,50
2044,195,3,224,5,1224,0,50
2045,195,3,225,4,1228,0,40
2046,195,3,226,4,1232,0,40
2047,195,3,227,4,1236,290,40
2048,195,3,228,3,1239,37,30
2049,195,3,229,4,1243,34,40
2050,195,3,230,3,1246,23,30
2051,195,3,231,5,1251,0,50
2052,195,3,232,9,1260,135,90
2053,195,3,233,3,1263,0,30
2054,195,3,234,8,1271,0,80
2055,195,3,235,6,1277,0,60
2056,195,3,236,7,1284,0,70
2057,195,3,237,5,1289,0,50
2058,195,3,238,5,1294,0,50
2059,195,3,239,2,1296,340,20
2060,195,3,240,2,1298,0,20
2061,195,3,241,5,1303,0,50
2062,195,3,242,9,1312,0,90
2063,195,3,243,3,1315,166,30
2064,195,3,244,6,1321,0,60
2065,195,3,245,4,1325,101,40
2066,195,3,246,9,1334,81,90
2067,195,3,247,3,1337,0,30
2068,195,3,248,6,1343,117,60
2069,195,3,249,8,1351,82,80
2070,195,3,250,2,1353,17,20
2071,195,3,251,6,1359,0,60
2072,195,3,252,5,1364,110,50
2073,195,3,253,4,1368,37,40
2074,195,3,254,3,1371,17,30
2075,195,3,255,6,1377,0,60
2076,195,3,256,7,1384,0,70
2077,195,3,257,2,1386,0,20
2078,195,3,258,9,1395,215,90
2079,195,3,259,6,1401,57,60
2080,195,3,260,5,1406,0,50
2081,195,3,261,9,1415,0,90
2082,195,3,262,8,1423,229,80
2083,195,3,263,6,1429,0,60
2084,195,3,264,8,1437,0,80
2085,195,3,265,3,1440,0,30
2086,195,3,266,6,1446,0,60
2087,195,3,267,5,1451,0,50
2088,195,3,268,8,1459,334,80
2089,195,3,269,4,1463,0,40
2090,195,3,270,5,1468,0,50
2091,195,3,271,7,1475,0,70
2092,195,3,272,4,1479,199,40
2093,195,3,273,9,1488,0,90
2094,195,3,274,4,1492,0,40
2095,195,3,275,8,1500,0,80
2096,195,3,276,3,1503,0,30
2097,195,3,277,9,1512,357,90
2098,195,3,278,3,1515,33,30
2099,195,3,279,4,1519,0,40
2100,195,3,280,9,1528,0,90
2101,195,3,281,9,1537,200,90
2102,195,3,282,6,1543,0,60
2103,195,3,283,7,1550,125,70
2104,195,3,284,7,1557,0,70
2105,195,3,285,5,1562,130,50
2106,195,3,286,6,1568,0,60
2107,195,3,287,2,1570,0,20
2108,195,3,288,5,1575,121,50
2109,195,3,289,9,1584,93,90
2110,195,3,290,4,1588,0,40
2111,195,3,291,6,1594,109,60
2112,195,3,292,9,1603,0,90
2113,195,3,293,3,1606,0,30
2114,195,3,294,7,1613,0,70
2115,195,3,295,2,1615,0,20
2116,195,3,296,7,1622,0,70
2117,195,3,297,6,1628,0,60
2118,195,3,298,5,1633,0,50
2119,195,3,299,3,1636,393,30
2120,195,3,300,3,1639,0,30
2121,195,3,301,8,1647,0,80
2122,195,3,302,5,1652,153,50
2123,195,3,303,3,1655,25,30
2124,195,3,304,3,1658,51,30
2125,195,3,305,2,1660,0,20
2126,195,3,306,3,1663,53,30
2127,195,3,307,7,1670,80,70
2128,195,3,308,5,1675,0,50
2129,195,3,309,4,1679,72,40
2130,195,3,310,8,1687,0,80
2131,195,3,311,5,1692,0,50
2132,195,3,312,5,1697,177,50
2133,195,3,313,8,1705,0,80
2134,195,3,314,3,1708,0,30
2135,195,3,315,2,1710,132,20
2136,195,3,316,5,1715,0,50
2137,195,3,317,6,1721,0,60
2138,195,3,318,4,1725,0,40
2139,195,3,319,4,1729,0,40
2140,195,3,320,9,1738,0,90
2141,195,3,321,8,1746,0,80
2142,195,3,322,6,1752,0,60
2143,195,3,323,5,1757,467,50
2144,195,3,324,5,1762,0,50
2145,195,3,325,8,1770,0,80
2146,195,3,326,5,1775,0,50
2147,195,3,327,9,1784,255,90
2148,195,3,328,8,1792,0,80
2149,195,3,329,6,1798,0,60
2150,195,3,330,3,1801,172,30
2151,195,3,331,8,1809,96,80
2152,195,3,332,2,1811,22,20
2153,195,3,333,8,1819,88,80
2154,195,3,334,4,1823,42,40
2155,195,3,335,4,1827,50,40
2156,195,3,336,4,1831,42,40
2157,195,3,337,9,1840,97,90
2158,195,3,338,6,1846,64,60
2159,195,3,339,8,1854,73,80
2160,195,3,340,6,1860,65,60
2161,195,3,341,2,1862,0,20
2162,195,3,342,9,1871,0,90
2163,195,3,343,4,1875,149,40
2164,195,3,344,9,1884,0,90
2165,195,3,345,6,1890,0,60
2166,195,3,346,2,1892,172,20
2167,195,3,347,3,1895,0,30
2168,195,3,348,4,1899,0,40
2169,195,3,349,9,1908,171,90
2170,195,3,350,6,1914,51,60
2171,195,3,351,4,1918,36,40
2172,195,3,352,4,1922,0,40
2173,195,3,353,2,1924,56,20
2174,195,3,354,3,1927,0,30
2175,195,3,355,8,1935,0,80
2176,195,3,356,7,1942,0,70
2177,195,3,357,4,1946,231,40
2178,195,3,358,6,1952,0,60
2179,195,3,359,8,1960,117,80
2180,195,3,360,3,1963,0,30
2181,195,3,361,5,1968,85,50
2182,195,3,362,7,1975,0,70
2183,195,3,363,2,1977,0,20
2184,195,3,364,8,1985,180,80
2185,195,3,365,2,1987,0,20
2186,195,3,366,2,1989,34,20
2187,195,3,367,4,1993,0,40
2188,195,3,368,4,1997,80,40
2189,195,3,369,2,1999,11,20
2190,195,3,370,6,2005,0,60
2191,195,3,371,9,2014,0,90
2192,195,3,372,5,2019,224,50
2193,195,3,373,9,2028,0,90
2194,195,3,374,2,2030,0,20
2195,195,3,375,6,2036,158,60
2196,195,3,376,6,2042,0,60
2197,195,3,377,7,2049,0,70
2198,195,3,378,3,2052,0,30
2199,195,3,379,4,2056,0,40
2200,195,3,380,6,2062,0,60
2201,195,3,381,3,2065,286,30
2202,195,3,382,7,2072,0,70
2203,195,3,383,3,2075,108,30
2204,195,3,384,4,2079,0,40
2205,195,3,385,5,2084,95,50
2206,195,3,386,2,2086,25,20
2207,195,3,387,8,2094,0,80
2208,195,3,388,8,2102,0,80
2209,195,3,389,9,2111,0,90
2210,195,3,390,4,2115,0,40
2211,195,3,391,9,2124,0,90
2212,195,3,392,4,2128,0,40
2213,195,3,393,4,2132,0,40
2214,195,3,394,3,2135,500,30
2215,195,3,395,4,2139,0,40
2216,195,3,396,7,2146,119,70
2217,195,3,397,4,2150,42,40
2218,195,3,398,8,2158,0,80
2219,195,3,399,9,2167,130,90
2220,195,3,400,4,2171,0,40
2221,195,3,401,9,2180,118,90
2222,195,3,402,3,2183,33,30
2223,195,3,403,9,2192,77,90
2224,195,3,404,9,2201,101,90
2225,195,3,405,5,2206,0,50
2226,195,3,406,2,2208,91,20
2227,195,3,407,5,2213,42,50
2228,195,3,408,2,2215,0,20
2229,195,3,409,6,2221,111,60
2230,195,3,410,5,2226,0,50
2231,195,3,411,5,2231,0,50
2232,195,3,412,7,2238,0,70
2233,195,3,413,7,2245,225,70
2234,195,3,414,3,2248,0,30
2235,195,3,415,2,2250,45,20
2236,195,3,416,4,2254,0,40
2237,195,3,417,4,2258,0,40
2238,195,3,418,8,2266,185,80
2239,195,3,419,3,2269,28,30
2240,195,3,420,5,2274,0,50
2241,195,3,421,5,2279,100,50
2242,195,3,422,4,2283,0,40
2243,195,3,423,4,2287,96,40
2244,195,3,424,9,2296,98,90
2245,195,3,425,8,2304,78,80
2246,195,3,426,2,2306,0,20
2247,195,3,427,9,2315,117,90
2248,195,3,428,6,2321,70,60
2249,195,3,429,3,2324,36,30
2250,195,3,430,4,2328,43,40
2251,195,3,431,5,2333,43,50
2252,195,3,432,2,2335,11,20
2253,195,3,433,8,2343,0,80
2254,195,3,434,3,2346,114,30
2255,195,3,435,8,2354,0,80
2256,195,3,436,6,2360,157,60
2257,195,3,437,8,2368,0,80
2258,195,3,438,5,2373,131,50
2259,195,3,439,6,2379,68,60
2260,195,3,440,5,2384,48,50
2261,195,3,441,9,2393,0,90
2262,195,3,442,8,2401,185,80
2263,195,3,443,4,2405,0,40
2264,195,3,444,9,2414,142,90
2265,195,3,445,7,2421,0,70
2266,195,3,446,3,2424,102,30
2267,195,3,447,7,2431,61,70
2268,195,3,448,9,2440,0,90
2269,195,3,449,5,2445,0,50
2270,195,3,450,7,2452,188,70
2271,195,3,451,8,2460,78,80
2272,195,3,452,2,2462,0,20
2273,195,3,453,8,2470,81,80
2274,195,3,454,4,2474,0,40
2275,195,3,455,9,2483,0,90
2276,195,3,456,4,2487,0,40
2277,195,3,457,8,2495,222,80
2278,195,3,458,2,2497,24,20
2279,195,3,459,4,2501,0,40
2280,195,3,460,5,2506,94,50
2281,195,3,461,5,2511,48,50
2282,195,3,462,8,2519,71,80
2283,195,3,463,7,2526,64,70
2284,195,3,464,6,2532,68,60
2285,195,3,465,5,2537,36,50
2286,195,3,466,9,2546,96,90
2287,195,3,467,8,2554,0,80
2288,195,3,468,5,2559,0,50
2289,195,3,469,5,2564,0,50
2290,195,3,470,8,2572,272,80
2291,195,3,471,2,2574,17,20
2292,195,3,472,2,2576,0,20
2293,195,3,473,4,2580,0,40
2294,195,3,474,6,2586,0,60
2295,195,3,475,9,2595,239,90
2296,195,3,476,4,2599,0,40
2297,195,3,477,5,2604,102,50
2298,195,3,478,4,2608,46,40
2299,195,3,479,3,2611,0,30
2300,195,3,480,8,2619,0,80
2301,195,3,481,6,2625,0,60
2302,195,3,482,3,2628,0,30
2303,195,3,483,5,2633,0,50
2304,195,3,484,4,2637,282,40
2305,195,3,485,2,2639,0,20
2306,195,3,486,3,2642,0,30
2307,195,3,487,2,2644,0,20
2308,195,3,488,5,2649,0,50
2309,195,3,489,8,2657,0,80
2310,195,3,490,4,2661,0,40
2311,195,3,491,9,2670,342,90
2312,195,3,492,7,2677,0,70
2313,195,3,493,9,2686,0,90
2314,195,3,494,7,2693,0,70
2315,195,3,495,4,2697,263,40
2316,195,3,496,5,2702,0,50
2317,195,3,497,6,2708,104,60
2318,195,3,498,5,2713,53,50
2319,195,3,499,3,2716,41,30
2320,195,3,500,5,2721,0,50
2321,195,3,501,7,2728,111,70
2322,195,3,502,2,2730,22,20
2323,195,3,503,3,2733,28,30
2324,195,3,504,4,2737,52,40
2325,195,3,505,7,2744,0,70
2326,195,3,506,5,2749,0,50
2327,195,3,507,6,2755,0,60
2328,195,3,508,4,2759,0,40
2329,195,3,509,5,2764,0,50
2330,195,3,510,4,2768,0,40
2331,195,3,511,7,2775,0,70
2332,195,3,512,9,2784,0,90
2333,195,3,513,8,2792,525,80
2334,195,3,514,8,2800,71,80
2335,195,3,515,4,2804,0,40
2336,195,3,516,5,2809,84,50
2337,195,3,517,9,2818,0,90
2338,195,3,518,5,2823,137,50
2339,195,3,519,5,2828,50,50
2340,195,3,520,5,2833,67,50
2341,195,3,521,5,2838,46,50
2342,195,3,522,7,2845,79,70
2343,195,3,523,5,2850,0,50
2344,195,3,524,4,2854,0,40
2345,195,3,525,7,2861,166,70
2346,195,3,526,9,2870,0,90
2347,195,3,527,4,2874,142,40
2348,195,3,528,7,2881,81,70
2349,195,3,529,9,2890,91,90
2350,195,3,530,6,2896,0,60
2351,195,3,531,4,2900,96,40
2352,195,3,532,8,2908,0,80
2353,195,3,533,4,2912,138,40
2354,195,3,534,9,2921,90,90
2355,195,3,535,4,2925,0,40
2356,195,3,536,9,2934,0,90
2357,195,3,537,3,2937,0,30
2358,195,3,538,8,2945,0,80
2359,195,3,539,3,2948,0,30
2360,195,3,540,3,2951,0,30
2361,195,3,541,6,2957,0,60
2362,195,3,542,5,2962,404,50
2363,195,3,543,9,2971,0,90
2364,195,3,544,4,2975,0,40
2365,195,3,545,2,2977,166,20
2366,195,3,546,4,2981,38,40
2367,195,3,547,2,2983,20,20
2368,195,3,548,4,2987,0,40
2369,195,3,549,2,2989,0,20
2370,195,3,550,6,2995,121,60
2371,195,3,551,6,3001,65,60
2372,195,3,552,7,3008,0,70
2373,195,3,553,4,3012,0,40
2374,195,3,554,7,3019,194,70
2375,195,3,555,3,3022,24,30
2376,195,3,556,8,3030,73,80
2377,195,3,557,5,3035,0,50
2378,195,3,558,4,3039,0,40
2379,195,3,559,2,3041,116,20
2380,195,3,560,9,3050,0,90
2381,195,3,561,5,3055,0,50
2382,195,3,562,2,3057,148,20
2383,195,3,563,9,3066,78,90
2384,195,3,564,7,3073,63,70
2385,195,3,565,2,3075,0,20
2386,195,3,566,3,3078,0,30
2387,195,3,567,9,3087,0,90
2388,195,3,568,8,3095,198,80
2389,195,3,569,2,3097,27,20
2390,195,3,570,5,3102,0,50
2391,195,3,571,7,3109,0,70
2392,195,3,572,2,3111,0,20
2393,195,3,573,9,3120,249,90
2394,195,3,574,7,3127,0,70
2395,195,3,575,9,3136,151,90
2396,195,3,576,6,3142,0,60
2397,195,3,577,6,3148,121,60
2398,195,3,578,4,3152,0,40
2399,195,3,579,4,3156,0,40
2400,195,3,580,6,3162,0,60
2401,195,3,581,7,3169,207,70
2402,195,3,582,8,3177,0,80
2403,195,3,583,6,3183,0,60
2404,195,3,584,9,3192,0,90
2405,195,3,585,7,3199,0,70
2406,195,3,586,3,3202,0,30
2407,195,3,587,4,3206,366,40
2408,195,3,588,7,3213,78,70
2409,195,3,589,9,3222,96,90
2410,195,3,590,5,3227,43,50
2411,195,3,591,9,3236,0,90
2412,195,3,592,4,3240,133,40
2413,195,3,593,7,3247,0,70
2414,195,3,594,9,3256,0,90
2415,195,3,595,6,3262,222,60
2416,195,3,596,9,3271,77,90
2417,195,3,597,8,3279,89,80
2418,195,3,598,9,3288,86,90
2419,195,3,599,7,3295,0,70
2420,195,3,600,4,3299,101,40
2421,195,3,601,4,3303,50,40
2422,195,3,602,4,3307,40,40
2423,195,3,603,9,3316,0,90
2424,195,3,604,9,3325,174,90
2425,195,3,605,7,3332,0,70
2426,195,3,606,4,3336,112,40
2427,195,3,607,6,3342,0,60
2428,195,3,608,3,3345,91,30
2429,195,3,609,6,3351,0,60
2430,195,3,610,8,3359,0,80
2431,195,3,611,4,3363,179,40
2432,195,3,612,7,3370,0,70
2433,195,3,613,3,3373,91,30
2434,195,3,614,9,3382,0,90
2435,195,3,615,2,3384,0,20
2436,195,3,616,2,3386,0,20
2437,195,3,617,9,3395,0,90
2438,195,3,618,5,3400,0,50
2439,195,3,619,2,3402,274,20
2440,195,3,620,8,3410,73,80
2441,195,3,621,2,3412,0,20
2442,195,3,622,6,3418,84,60
2443,195,3,623,3,3421,36,30
2444,195,3,624,6,3427,0,60
2445,195,3,625,6,3433,0,60
2446,195,3,626,8,3441,0,80
2447,195,3,627,9,3450,0,90
2448,195,3,628,7,3457,0,70
2449,195,3,629,5,3462,0,50
2450,195,3,630,4,3466,462,40
2451,195,3,631,4,3470,0,40
2452,195,3,632,4,3474,0,40
2453,195,3,633,9,3483,158,90
2454,195,3,634,6,3489,0,60
2455,195,3,635,5,3494,108,50
2456,195,3,636,2,3496,20,20
2457,195,3,637,9,3505,0,90
2458,195,3,638,2,3507,0,20
2459,195,3,639,9,3516,0,90
2460,195,3,640,9,3525,0,90
2461,195,3,641,5,3530,0,50
2462,195,3,642,5,3535,390,50
2463,195,3,643,9,3544,86,90
2464,195,3,644,8,3552,0,80
2465,195,3,645,9,3561,163,90
2466,195,3,646,6,3567,59,60
2467,195,3,647,4,3571,31,40
2468,195,3,648,7,3578,0,70
2469,195,3,649,8,3586,0,80
2470,195,3,650,2,3588,0,20
2471,195,3,651,9,3597,0,90
2472,195,3,652,7,3604,337,70
2473,195,3,653,4,3608,0,40
2474,195,3,654,5,3613,92,50
2475,195,3,655,8,3621,75,80
2476,195,3,656,6,3627,48,60
2477,195,3,657,8,3635,0,80
2478,195,3,658,2,3637,0,20
2479,195,3,659,4,3641,128,40
2480,195,3,660,9,3650,0,90
2481,195,3,661,3,3653,135,30
2482,195,3,662,4,3657,39,40
2483,195,3,663,9,3666,0,90
2484,195,3,664,6,3672,139,60
2485,195,3,665,4,3676,37,40
2486,195,3,666,7,3683,0,70
2487,195,3,667,3,3686,105,30
2488,195,3,668,6,3692,80,60
2489,195,3,669,8,3700,55,80
2490,195,3,670,5,3705,54,50
2491,195,3,671,9,3714,80,90
2492,195,3,672,3,3717,30,30
2493,195,3,673,5,3722,0,50
2494,195,3,674,4,3726,85,40
2495,195,3,675,9,3735,0,90
2496,195,3,676,6,3741,156,60
2497,195,3,677,9,3750,0,90
2498,195,3,678,5,3755,129,50
2499,195,3,679,4,3759,45,40
2500,195,3,680,7,3766,0,70
2501,195,3,681,3,3769,0,30
2502,195,3,682,2,3771,0,20
2503,195,3,683,9,3780,0,90
2504,195,3,684,8,3788,0,80
2505,195,3,685,2,3790,314,20
2506,195,3,686,5,3795,0,50
2507,195,3,687,7,3802,0,70
2508,195,3,688,3,3805,0,30
2509,195,3,689,8,3813,0,80
2510,195,3,690,8,3821,309,80
2511,195,3,691,5,3826,52,50
2512,195,3,692,7,3833,0,70
2513,195,3,693,2,3835,85,20
2514,195,3,694,9,3844,0,90
2515,195,3,695,9,3853,0,90
2516,195,3,696,4,3857,0,40
2517,195,3,697,4,3861,0,40
2518,195,3,698,2,3863,0,20
2519,195,3,699,2,3865,291,20
2520,195,3,700,3,3868,0,30
2521,195,3,701,9,3877,0,90
2522,195,3,702,3,3880,0,30
2523,195,3,703,4,3884,194,40
2524,195,3,704,6,3890,0,60
2525,195,3,705,2,3892,90,20
2526,195,3,706,9,3901,0,90
2527,195,3,707,7,3908,0,70
2528,195,3,708,9,3917,248,90
2529,195,3,709,8,3925,0,80
2530,195,3,710,4,3929,0,40
2531,195,3,711,6,3935,0,60
2532,195,3,712,6,3941,242,60
2533,195,3,713,6,3947,69,60
2534,195,3,714,3,3950,0,30
2535,195,3,715,3,3953,63,30
2536,195,3,716,3,3956,38,30
2537,195,3,717,5,3961,0,50
2538,195,3,718,9,3970,166,90
2539,195,3,719,2,3972,24,20
2540,195,3,720,8,3980,91,80
2541,195,3,721,6,3986,51,60
2542,195,3,722,4,3990,0,40
2543,195,3,723,2,3992,0,20
2544,195,3,724,8,4000,0,80
2545,195,3,725,9,4009,255,90
2546,195,3,726,8,4017,100,80
2547,195,3,727,3,4020,0,30
2548,195,3,728,5,4025,0,50
2549,195,3,729,5,4030,0,50
2550,195,3,730,3,4033,151,30
2551,195,3,731,9,4042,0,90
2552,195,3,732,9,4051,175,90
2553,195,3,733,5,4056,0,50
2554,195,3,734,5,4061,0,50
2555,195,3,735,6,4067,165,60
2556,195,3,736,8,4075,0,80
2557,195,3,737,7,4082,138,70
2558,195,3,738,6,4088,57,60
2559,195,3,739,6,4094,61,60
2560,195,3,740,9,4103,0,90
2561,195,3,741,4,4107,157,40
2562,195,3,742,9,4116,0,90
2563,195,3,743,9,4125,183,90
2564,195,3,744,3,4128,0,30
2565,195,3,745,9,4137,98,90
2566,195,3,746,6,4143,0,60
2567,195,3,747,3,4146,0,30
2568,195,3,748,5,4151,142,50
2569,195,3,749,6,4157,61,60
2570,195,3,750,9,4166,106,90
2571,195,3,751,5,4171,0,50
2572,195,3,752,2,4173,75,20
2573,195,3,753,7,4180,76,70
2574,195,3,754,9,4189,0,90
2575,195,3,755,9,4198,0,90
2576,195,3,756,3,4201,0,30
2577,195,3,757,3,4204,219,30
2578,195,3,758,9,4213,81,90
2579,195,3,759,2,4215,0,20
2580,195,3,760,6,4221,0,60
2581,195,3,761,6,4227,154,60
2582,195,3,762,4,4231,40,40
2583,195,3,763,8,4239,76,80
2584,195,3,764,7,4246,0,70
2585,195,3,765,5,4251,0,50
2586,195,3,766,5,4256,0,50
2587,195,3,767,4,4260,0,40
2588,195,3,768,8,4268,0,80
2589,195,3,769,7,4275,365,70
2590,195,3,770,9,4284,102,90
2591,195,3,771,3,4287,0,30
2592,195,3,772,3,4290,0,30
2593,195,3,773,7,4297,0,70
2594,195,3,774,8,4305,206,80
2595,195,3,775,2,4307,0,20
2596,195,3,776,6,4313,75,60
2597,195,3,777,6,4319,54,60
2598,195,3,778,2,4321,0,20
2599,195,3,779,8,4329,110,80
2600,195,3,780,3,4332,0,30
2601,195,3,781,9,4341,125,90
2602,195,3,782,5,4346,0,50
2603,195,3,783,3,4349,79,30
2604,195,3,784,8,4357,0,80
2605,195,3,785,7,4364,0,70
2606,195,3,786,6,4370,0,60
2607,195,3,787,7,4377,0,70
2608,195,3,788,2,4379,298,20
2609,195,3,789,4,4383,47,40
2610,195,3,790,7,4390,68,70
2611,195,3,791,9,4399,0,90
2612,195,3,792,8,4407,180,80
2613,195,3,793,6,4413,61,60
2614,195,3,794,4,4417,0,40
2615,195,3,795,3,4420,0,30
2616,195,3,796,2,4422,0,20
2617,195,3,797,4,4426,0,40
2618,195,3,798,2,4428,0,20
2619,195,3,799,6,4434,0,60
2620,195,3,800,3,4437,0,30
2621,195,3,801,3,4440,257,30
2622,195,3,802,2,4442,0,20
2623,195,3,803,2,4444,35,20
2624,195,3,804,5,4449,50,50
2625,195,3,805,8,4457,78,80
2626,195,3,806,3,4460,32,30
2627,195,3,807,8,4468,68,80
2628,195,3,808,6,4474,0,60
2629,195,3,809,2,4476,0,20
2630,195,3,810,9,4485,0,90
2631,195,3,811,5,4490,215,50
2632,195,3,812,2,4492,0,20
2633,195,3,813,8,4500,82,80
2634,195,3,814,3,4503,0,30
2635,195,3,815,5,4508,82,50
2636,195,3,816,6,4514,0,60
2637,195,3,817,6,4520,0,60
2638,195,3,818,8,4528,0,80
2639,195,3,819,9,4537,302,90
2640,195,3,820,4,4541,39,40
2641,195,3,821,6,4547,0,60
2642,195,3,822,3,4550,0,30
2643,195,3,823,6,4556,158,60
2644,195,3,824,6,4562,54,60
2645,195,3,825,5,4567,48,50
2646,195,3,826,2,4569,0,20
2647,195,3,827,3,4572,62,30
2648,195,3,828,6,4578,0,60
2649,195,3,829,2,4580,73,20
2650,195,3,830,2,4582,0,20
2651,195,3,831,9,4591,0,90
2652,195,3,832,3,4594,151,30
2653,195,3,833,6,4600,0,60
2654,195,3,834,2,4602,80,20
2655,195,3,835,8,4610,68,80
2656,195,3,836,5,4615,0,50
2657,195,3,837,3,4618,85,30
2658,195,3,838,3,4621,0,30
2659,195,3,839,6,4627,91,60
2660,195,3,840,9,4636,99,90
2661,195,3,841,7,4643,0,70
2662,195,3,842,2,4645,0,20
2663,195,3,843,2,4647,0,20
2664,195,3,844,7,4654,0,70
2665,195,3,845,4,4658,203,40
2666,195,3,846,8,4666,0,80
2667,195,3,847,8,4674,0,80
2668,195,3,848,5,4679,182,50
2669,195,3,849,9,4688,0,90
2670,195,3,850,8,4696,181,80
2671,195,3,851,6,4702,0,60
2672,195,3,852,3,4705,0,30
2673,195,3,853,5,4710,142,50
2674,195,3,854,5,4715,0,50
2675,195,3,855,5,4720,93,50
2676,195,3,856,2,4722,19,20
2677,195,3,857,6,4728,0,60
2678,195,3,858,5,4733,0,50
2679,195,3,859,5,4738,0,50
2680,195,3,860,7,4745,232,70
2681,195,3,861,8,4753,0,80
2682,195,3,862,9,4762,0,90
2683,195,3,863,8,4770,0,80
2684,195,3,864,4,4774,0,40
2685,195,3,865,6,4780,0,60
2686,195,3,866,5,4785,381,50
2687,195,3,867,9,4794,92,90
2688,195,3,868,7,4801,0,70
2689,195,3,869,5,4806,125,50
2690,195,3,870,8,4814,0,80
2691,195,3,871,7,4821,0,70
2692,195,3,872,8,4829,249,80
2693,195,3,873,8,4837,0,80
2694,195,3,874,5,4842,0,50
2695,195,3,875,8,4850,0,80
2696,195,3,876,5,4855,0,50
2697,195,3,877,4,4859,0,40
2698,195,3,878,9,4868,393,90
2699,195,3,879,3,4871,29,30
2700,195,3,880,2,4873,0,20
2701,195,3,881,8,4881,0,80
2702,195,3,882,3,4884,120,30
2703,195,3,883,5,4889,0,50
2704,195,3,884,5,4894,0,50
2705,195,3,885,5,4899,128,50
2706,195,3,886,6,4905,49,60
2707,195,3,887,6,4911,0,60
2708,195,3,888,2,4913,0,20
2709,195,3,889,8,4921,0,80
2710,195,3,890,3,4924,0,30
2711,195,3,891,3,4927,0,30
2712,195,3,892,9,4936,0,90
2713,195,3,893,6,4942,0,60
2714,195,3,894,7,4949,0,70
2715,195,3,895,3,4952,431,30
2716,195,3,896,7,4959,0,70
2717,195,3,897,6,4965,0,60
2718,195,3,898,9,4974,0,90
2719,195,3,899,7,4981,0,70
2720,195,3,900,8,4989,357,80
2721,195,3,901,6,4995,52,60
