,Scenario,Trial,Inspection,Interval,Time,Defects,Rate
0,42,1,1,6,6,0,60
1,42,1,2,2,8,80,20
2,42,1,3,3,11,35,30
3,42,1,4,7,18,65,70
4,42,1,5,3,21,41,30
5,42,1,6,7,28,71,70
6,42,1,7,7,35,80,70
7,42,1,8,8,43,83,80
8,42,1,9,9,52,114,90
9,42,1,10,6,58,66,60
10,42,1,11,9,67,84,90
11,42,1,12,3,70,32,30
12,42,1,13,9,79,94,90
13,42,1,14,2,81,0,20
14,42,1,15,6,87,0,60
15,42,1,16,5,92,0,50
16,42,1,17,2,94,147,20
17,42,1,18,8,102,106,80
18,42,1,19,2,104,15,20
19,42,1,20,9,113,100,90
20,42,1,21,4,117,48,40
21,42,1,22,6,123,60,60
22,42,1,23,2,125,0,20
23,42,1,24,4,129,47,40
24,42,1,25,5,134,50,50
25,42,1,26,3,137,36,30
26,42,1,27,6,143,72,60
27,42,1,28,3,146,25,30
28,42,1,29,4,150,45,40
29,42,1,30,4,154,27,40
30,42,1,31,8,162,0,80
31,42,1,32,6,168,166,60
32,42,1,33,6,174,62,60
33,42,1,34,3,177,31,30
34,42,1,35,6,183,64,60
35,42,1,36,4,187,49,40
36,42,1,37,2,189,21,20
37,42,1,38,3,192,24,30
38,42,1,39,4,196,48,40
39,42,1,40,3,199,0,30
40,42,1,41,6,205,67,60
41,42,1,42,8,213,77,80
42,42,1,43,7,220,0,70
43,42,1,44,3,223,116,30
44,42,1,45,2,225,23,20
45,42,1,46,6,231,73,60
46,42,1,47,9,240,90,90
47,42,1,48,6,246,42,60
48,42,1,49,2,248,14,20
49,42,1,50,9,257,95,90
50,42,1,51,3,260,23,30
51,42,1,52,3,263,32,30
52,42,1,53,5,268,51,50
53,42,1,54,2,270,0,20
54,42,1,55,9,279,105,90
55,42,1,56,4,283,34,40
56,42,1,57,7,290,74,70
57,42,1,58,2,292,18,20
58,42,1,59,5,297,54,50
59,42,1,60,3,300,33,30
60,42,1,61,7,307,73,70
61,42,1,62,9,316,92,90
62,42,1,63,6,322,54,60
63,42,1,64,8,330,74,80
64,42,1,65,9,339,77,90
65,42,1,66,7,346,69,70
66,42,1,67,7,353,81,70
67,42,1,68,5,358,50,50
68,42,1,69,2,360,0,20
69,42,1,70,2,362,52,20
70,42,1,71,7,369,70,70
71,42,1,72,6,375,57,60
72,42,1,73,9,384,86,90
73,42,1,74,2,386,18,20
74,42,1,75,4,390,47,40
75,42,1,76,3,393,0,30
76,42,1,77,8,401,125,80
77,42,1,78,2,403,23,20
78,42,1,79,2,405,26,20
79,42,1,80,8,413,98,80
80,42,1,81,5,418,53,50
81,42,1,82,2,420,20,20
82,42,1,83,8,428,80,80
83,42,1,84,7,435,70,70
84,42,1,85,3,438,31,30
85,42,1,86,4,442,40,40
86,42,1,87,2,444,20,20
87,42,1,88,5,449,53,50
88,42,1,89,5,454,52,50
89,42,1,90,3,457,29,30
90,42,1,91,4,461,36,40
91,42,1,92,6,467,56,60
92,42,1,93,3,470,30,30
93,42,1,94,7,477,65,70
94,42,1,95,4,481,45,40
95,42,1,96,5,486,37,50
96,42,1,97,3,489,30,30
97,42,1,98,6,495,56,60
98,42,1,99,5,500,54,50
99,42,1,100,4,504,38,40
100,42,1,101,7,511,64,70
101,42,1,102,3,514,34,30
102,42,1,103,2,516,16,20
103,42,1,104,6,522,52,60
104,42,1,105,3,525,29,30
105,42,1,106,4,529,50,40
106,42,1,107,3,532,30,30
107,42,1,108,5,537,50,50
108,42,1,109,4,541,39,40
109,42,1,110,3,544,32,30
110,42,1,111,8,552,76,80
111,42,1,112,9,561,85,90
112,42,1,113,3,564,33,30
113,42,1,114,7,571,66,70
114,42,1,115,6,577,52,60
115,42,1,116,6,583,62,60
116,42,1,117,5,588,54,50
117,42,1,118,2,590,17,20
118,42,1,119,2,592,24,20
119,42,1,120,4,596,45,40
120,42,1,121,7,603,63,70
121,42,1,122,6,609,64,60
122,42,1,123,4,613,44,40
123,42,1,124,4,617,43,40
124,42,1,125,7,624,48,70
125,42,1,126,9,633,88,90
126,42,1,127,3,636,33,30
127,42,1,128,4,640,47,40
128,42,1,129,2,642,17,20
129,42,1,130,7,649,64,70
130,42,1,131,3,652,27,30
131,42,1,132,3,655,37,30
132,42,1,133,5,660,44,50
133,42,1,134,3,663,31,30
134,42,1,135,5,668,54,50
135,42,1,136,2,670,17,20
136,42,1,137,4,674,40,40
137,42,1,138,7,681,60,70
138,42,1,139,9,690,102,90
139,42,1,140,3,693,32,30
140,42,1,141,8,701,77,80
141,42,1,142,8,709,77,80
142,42,1,143,7,716,67,70
143,42,1,144,2,718,19,20
144,42,1,145,5,723,0,50
145,42,1,146,4,727,0,40
146,42,1,147,6,733,143,60
147,42,1,148,5,738,0,50
148,42,1,149,9,747,128,90
149,42,1,150,3,750,0,30
150,42,1,151,7,757,97,70
151,42,1,152,6,763,67,60
152,42,1,153,5,768,38,50
153,42,1,154,7,775,68,70
154,42,1,155,8,783,84,80
155,42,1,156,2,785,23,20
156,42,1,157,9,794,76,90
157,42,1,158,3,797,36,30
158,42,1,159,5,802,0,50
159,42,1,160,8,810,138,80
160,42,1,161,8,818,73,80
161,42,1,162,2,820,0,20
162,42,1,163,6,826,79,60
163,42,1,164,4,830,35,40
164,42,1,165,5,835,67,50
165,42,1,166,5,840,0,50
166,42,1,167,7,847,104,70
167,42,1,168,6,853,0,60
168,42,1,169,3,856,0,30
169,42,1,170,3,859,115,30
170,42,1,171,2,861,0,20
171,42,1,172,3,864,51,30
172,42,1,173,8,872,75,80
173,42,1,174,9,881,93,90
174,42,1,175,7,888,56,70
175,42,1,176,3,891,0,30
176,42,1,177,5,896,0,50
177,42,1,178,6,902,141,60
178,42,1,179,7,909,82,70
179,42,1,180,3,912,24,30
180,42,1,181,4,916,39,40
181,42,1,182,7,923,79,70
182,42,1,183,2,925,21,20
183,42,1,184,3,928,31,30
184,42,1,185,8,936,81,80
185,42,1,186,8,944,0,80
186,42,1,187,5,949,119,50
187,42,1,188,7,956,71,70
188,42,1,189,4,960,41,40
189,42,1,190,4,964,36,40
190,42,1,191,2,966,16,20
191,42,1,192,2,968,23,20
192,42,1,193,9,977,0,90
193,42,1,194,4,981,136,40
194,42,1,195,2,983,15,20
195,42,1,196,8,991,72,80
196,42,1,197,9,1000,73,90
197,42,1,198,7,1007,74,70
198,42,1,199,3,1010,28,30
199,42,1,200,2,1012,22,20
200,42,1,201,2,1014,21,20
201,42,1,202,4,1018,44,40
202,42,1,203,7,1025,78,70
203,42,1,204,5,1030,30,50
204,42,1,205,3,1033,36,30
205,42,1,206,6,1039,75,60
206,42,1,207,4,1043,41,40
207,42,1,208,4,1047,41,40
208,42,1,209,5,1052,55,50
209,42,1,210,9,1061,0,90
210,42,1,211,5,1066,147,50
211,42,1,212,6,1072,59,60
212,42,1,213,8,1080,0,80
213,42,1,214,8,1088,174,80
214,42,1,215,3,1091,28,30
215,42,1,216,8,1099,65,80
216,42,1,217,8,1107,79,80
217,42,1,218,6,1113,0,60
218,42,1,219,4,1117,113,40
219,42,1,220,6,1123,63,60
220,42,1,221,8,1131,68,80
221,42,1,222,8,1139,95,80
222,42,1,223,8,1147,81,80
223,42,1,224,5,1152,51,50
224,42,1,225,7,1159,74,70
225,42,1,226,5,1164,49,50
226,42,1,227,5,1169,45,50
227,42,1,228,7,1176,0,70
228,42,1,229,8,1184,147,80
229,42,1,230,3,1187,34,30
230,42,1,231,7,1194,67,70
231,42,1,232,5,1199,44,50
232,42,1,233,2,1201,0,20
233,42,1,234,8,1209,0,80
234,42,1,235,3,1212,106,30
235,42,1,236,3,1215,37,30
236,42,1,237,3,1218,0,30
237,42,1,238,6,1224,0,60
238,42,1,239,2,1226,103,20
239,42,1,240,5,1231,41,50
240,42,1,241,5,1236,0,50
241,42,1,242,5,1241,94,50
242,42,1,243,7,1248,72,70
243,42,1,244,2,1250,18,20
244,42,1,245,9,1259,0,90
245,42,1,246,3,1262,118,30
246,42,1,247,3,1265,24,30
247,42,1,248,5,1270,54,50
248,42,1,249,2,1272,21,20
249,42,1,250,3,1275,29,30
250,42,1,251,4,1279,46,40
251,42,1,252,8,1287,92,80
252,42,1,253,2,1289,19,20
253,42,1,254,6,1295,61,60
254,42,1,255,2,1297,0,20
255,42,1,256,7,1304,97,70
256,42,1,257,5,1309,0,50
257,42,1,258,9,1318,143,90
258,42,1,259,8,1326,82,80
259,42,1,260,4,1330,41,40
260,42,1,261,7,1337,0,70
261,42,1,262,4,1341,100,40
262,42,1,263,7,1348,89,70
263,42,1,264,6,1354,60,60
264,42,1,265,5,1359,45,50
265,42,1,266,4,1363,0,40
266,42,1,267,3,1366,0,30
267,42,1,268,8,1374,149,80
268,42,1,269,7,1381,77,70
269,42,1,270,4,1385,35,40
270,42,1,271,8,1393,79,80
271,42,1,272,9,1402,99,90
272,42,1,273,2,1404,18,20
273,42,1,274,8,1412,90,80
274,42,1,275,6,1418,71,60
275,42,1,276,3,1421,0,30
276,42,1,277,3,1424,63,30
277,42,1,278,6,1430,54,60
278,42,1,279,9,1439,0,90
279,42,1,280,3,1442,117,30
280,42,1,281,4,1446,39,40
281,42,1,282,3,1449,25,30
282,42,1,283,6,1455,45,60
283,42,1,284,6,1461,49,60
284,42,1,285,7,1468,59,70
285,42,1,286,2,1470,25,20
286,42,1,287,9,1479,107,90
287,42,1,288,8,1487,79,80
288,42,1,289,3,1490,26,30
289,42,1,290,6,1496,65,60
290,42,1,291,7,1503,67,70
291,42,1,292,3,1506,0,30
292,42,1,293,2,1508,64,20
293,42,1,294,8,1516,72,80
294,42,1,295,4,1520,47,40
295,42,1,296,5,1525,59,50
296,42,1,297,9,1534,0,90
297,42,1,298,9,1543,172,90
298,42,1,299,4,1547,34,40
299,42,1,300,2,1549,20,20
300,42,1,301,6,1555,55,60
301,42,1,302,9,1564,86,90
302,42,1,303,3,1567,24,30
303,42,1,304,2,1569,18,20
304,42,1,305,6,1575,52,60
305,42,1,306,2,1577,18,20
306,42,1,307,5,1582,43,50
307,42,1,308,2,1584,20,20
308,42,1,309,8,1592,80,80
309,42,1,310,9,1601,97,90
310,42,1,311,6,1607,60,60
311,42,1,312,9,1616,0,90
312,42,1,313,3,1619,107,30
313,42,1,314,6,1625,53,60
314,42,1,315,5,1630,40,50
315,42,1,316,5,1635,0,50
316,42,1,317,9,1644,158,90
317,42,1,318,4,1648,41,40
318,42,1,319,7,1655,84,70
319,42,1,320,6,1661,77,60
320,42,1,321,4,1665,38,40
321,42,1,322,3,1668,26,30
322,42,1,323,3,1671,36,30
323,42,1,324,3,1674,34,30
324,42,1,325,4,1678,37,40
325,42,1,326,4,1682,25,40
326,42,1,327,5,1687,42,50
327,42,1,328,4,1691,40,40
328,42,1,329,3,1694,34,30
329,42,1,330,7,1701,77,70
330,42,1,331,8,1709,73,80
331,42,1,332,7,1716,62,70
332,42,1,333,5,1721,42,50
333,42,1,334,4,1725,26,40
334,42,1,335,6,1731,0,60
335,42,1,336,4,1735,101,40
336,42,1,337,7,1742,90,70
337,42,1,338,6,1748,69,60
338,42,1,339,7,1755,80,70
339,42,1,340,8,1763,88,80
340,42,1,341,9,1772,0,90
341,42,1,342,6,1778,148,60
342,42,1,343,7,1785,64,70
343,42,1,344,8,1793,0,80
344,42,1,345,9,1802,158,90
345,42,1,346,3,1805,29,30
346,42,1,347,7,1812,62,70
347,42,1,348,8,1820,71,80
348,42,1,349,5,1825,43,50
349,42,1,350,3,1828,28,30
350,42,1,351,7,1835,79,70
351,42,1,352,3,1838,27,30
352,42,1,353,4,1842,51,40
353,42,1,354,8,1850,71,80
354,42,1,355,2,1852,20,20
355,42,1,356,7,1859,80,70
356,42,1,357,5,1864,0,50
357,42,1,358,7,1871,141,70
358,42,1,359,8,1879,68,80
359,42,1,360,6,1885,0,60
360,42,1,361,3,1888,66,30
361,42,1,362,4,1892,30,40
362,42,1,363,3,1895,28,30
363,42,1,364,9,1904,88,90
364,42,1,365,8,1912,88,80
365,42,1,366,2,1914,16,20
366,42,1,367,3,1917,35,30
367,42,1,368,2,1919,17,20
368,42,1,369,9,1928,99,90
369,42,1,370,8,1936,74,80
370,42,1,371,5,1941,52,50
371,42,1,372,4,1945,43,40
372,42,1,373,7,1952,57,70
373,42,1,374,4,1956,39,40
374,42,1,375,2,1958,20,20
375,42,1,376,8,1966,78,80
376,42,1,377,2,1968,16,20
377,42,1,378,7,1975,85,70
378,42,1,379,8,1983,91,80
379,42,1,380,8,1991,79,80
380,42,1,381,2,1993,0,20
381,42,1,382,7,2000,0,70
382,42,1,383,7,2007,143,70
383,42,1,384,4,2011,35,40
384,42,1,385,7,2018,75,70
385,42,1,386,9,2027,90,90
386,42,1,387,6,2033,63,60
387,42,1,388,8,2041,66,80
388,42,1,389,7,2048,71,70
389,42,1,390,3,2051,39,30
390,42,1,391,7,2058,77,70
391,42,1,392,4,2062,42,40
392,42,1,393,9,2071,74,90
393,42,1,394,4,2075,44,40
394,42,1,395,8,2083,98,80
395,42,1,396,6,2089,64,60
396,42,1,397,9,2098,85,90
397,42,1,398,6,2104,0,60
398,42,1,399,7,2111,123,70
399,42,1,400,5,2116,45,50
400,42,1,401,7,2123,78,70
401,42,1,402,6,2129,0,60
402,42,1,403,6,2135,132,60
403,42,1,404,5,2140,47,50
404,42,1,405,7,2147,86,70
405,42,1,406,2,2149,17,20
406,42,1,407,7,2156,68,70
407,42,1,408,5,2161,49,50
408,42,1,409,4,2165,39,40
409,42,1,410,3,2168,26,30
410,42,1,411,2,2170,15,20
411,42,1,412,6,2176,59,60
412,42,1,413,7,2183,72,70
413,42,1,414,9,2192,82,90
414,42,1,415,9,2201,83,90
415,42,1,416,6,2207,61,60
416,42,1,417,3,2210,27,30
417,42,1,418,4,2214,45,40
418,42,1,419,4,2218,39,40
419,42,1,420,2,2220,21,20
420,42,1,421,2,2222,24,20
421,42,1,422,4,2226,42,40
422,42,1,423,6,2232,67,60
423,42,1,424,5,2237,57,50
424,42,1,425,6,2243,59,60
425,42,1,426,4,2247,33,40
426,42,1,427,9,2256,97,90
427,42,1,428,2,2258,20,20
428,42,1,429,5,2263,48,50
429,42,1,430,3,2266,27,30
430,42,1,431,6,2272,0,60
431,42,1,432,7,2279,0,70
432,42,1,433,7,2286,210,70
433,42,1,434,7,2293,61,70
434,42,1,435,9,2302,115,90
435,42,1,436,5,2307,70,50
436,42,1,437,4,2311,43,40
437,42,1,438,5,2316,55,50
438,42,1,439,5,2321,52,50
439,42,1,440,9,2330,90,90
440,42,1,441,8,2338,0,80
441,42,1,442,3,2341,0,30
442,42,1,443,9,2350,207,90
443,42,1,444,3,2353,0,30
444,42,1,445,6,2359,0,60
445,42,1,446,6,2365,136,60
446,42,1,447,6,2371,54,60
447,42,1,448,2,2373,21,20
448,42,1,449,6,2379,53,60
449,42,1,450,3,2382,22,30
450,42,1,451,7,2389,80,70
451,42,1,452,7,2396,71,70
452,42,1,453,8,2404,69,80
453,42,1,454,5,2409,57,50
454,42,1,455,4,2413,40,40
455,42,1,456,6,2419,67,60
456,42,1,457,4,2423,0,40
457,42,1,458,5,2428,83,50
458,42,1,459,7,2435,69,70
459,42,1,460,8,2443,63,80
460,42,1,461,7,2450,85,70
461,42,1,462,4,2454,48,40
462,42,1,463,9,2463,96,90
463,42,1,464,8,2471,77,80
464,42,1,465,2,2473,0,20
465,42,1,466,8,2481,128,80
466,42,1,467,7,2488,77,70
467,42,1,468,2,2490,23,20
468,42,1,469,6,2496,63,60
469,42,1,470,7,2503,0,70
470,42,1,471,8,2511,0,80
471,42,1,472,4,2515,189,40
472,42,1,473,9,2524,92,90
473,42,1,474,9,2533,103,90
474,42,1,475,9,2542,96,90
475,42,1,476,6,2548,65,60
476,42,1,477,6,2554,75,60
477,42,1,478,2,2556,22,20
478,42,1,479,5,2561,58,50
479,42,1,480,6,2567,59,60
480,42,1,481,9,2576,83,90
481,42,1,482,9,2585,95,90
482,42,1,483,2,2587,23,20
483,42,1,484,4,2591,39,40
484,42,1,485,7,2598,68,70
485,42,1,486,7,2605,71,70
486,42,1,487,5,2610,52,50
487,42,1,488,4,2614,30,40
488,42,1,489,4,2618,40,40
489,42,1,490,9,2627,83,90
490,42,1,491,6,2633,0,60
491,42,1,492,9,2642,144,90
492,42,1,493,7,2649,57,70
493,42,1,494,9,2658,102,90
494,42,1,495,4,2662,0,40
495,42,1,496,5,2667,91,50
496,42,1,497,3,2670,30,30
497,42,1,498,4,2674,45,40
498,42,1,499,8,2682,87,80
499,42,1,500,7,2689,81,70
500,42,1,501,4,2693,34,40
501,42,1,502,8,2701,69,80
502,42,1,503,8,2709,70,80
503,42,1,504,7,2716,73,70
504,42,1,505,9,2725,86,90
505,42,1,506,7,2732,75,70
506,42,1,507,3,2735,22,30
507,42,1,508,6,2741,61,60
508,42,1,509,9,2750,93,90
509,42,1,510,3,2753,0,30
510,42,1,511,6,2759,83,60
511,42,1,512,7,2766,71,70
512,42,1,513,4,2770,0,40
513,42,1,514,6,2776,106,60
514,42,1,515,7,2783,69,70
515,42,1,516,9,2792,96,90
516,42,1,517,4,2796,51,40
517,42,1,518,5,2801,0,50
518,42,1,519,2,2803,74,20
519,42,1,520,5,2808,41,50
520,42,1,521,7,2815,60,70
521,42,1,522,6,2821,52,60
522,42,1,523,5,2826,45,50
523,42,1,524,7,2833,82,70
524,42,1,525,5,2838,52,50
525,42,1,526,6,2844,73,60
526,42,1,527,5,2849,33,50
527,42,1,528,8,2857,91,80
528,42,1,529,5,2862,0,50
529,42,1,530,8,2870,116,80
530,42,1,531,4,2874,40,40
531,42,1,532,9,2883,101,90
532,42,1,533,9,2892,0,90
533,42,1,534,8,2900,173,80
534,42,1,535,9,2909,0,90
535,42,1,536,5,2914,119,50
536,42,1,537,9,2923,94,90
537,42,1,538,5,2928,57,50
538,42,1,539,4,2932,50,40
539,42,1,540,9,2941,95,90
540,42,1,541,3,2944,31,30
541,42,1,542,3,2947,41,30
542,42,1,543,9,2956,94,90
543,42,1,544,9,2965,97,90
544,42,1,545,5,2970,50,50
545,42,1,546,8,2978,74,80
546,42,1,547,9,2987,0,90
547,42,1,548,9,2996,168,90
548,42,1,549,9,3005,85,90
549,42,1,550,4,3009,38,40
550,42,1,551,6,3015,51,60
551,42,1,552,5,3020,46,50
552,42,1,553,3,3023,29,30
553,42,1,554,8,3031,75,80
554,42,1,555,7,3038,70,70
555,42,1,556,2,3040,20,20
556,42,1,557,6,3046,0,60
557,42,1,558,4,3050,0,40
558,42,1,559,3,3053,0,30
559,42,1,560,5,3058,180,50
560,42,1,561,2,3060,21,20
561,42,1,562,5,3065,58,50
562,42,1,563,3,3068,28,30
563,42,1,564,3,3071,35,30
564,42,1,565,9,3080,90,90
565,42,1,566,7,3087,69,70
566,42,1,567,6,3093,62,60
567,42,1,568,6,3099,64,60
568,42,1,569,9,3108,0,90
569,42,1,570,2,3110,115,20
570,42,1,571,5,3115,38,50
571,42,1,572,4,3119,0,40
572,42,1,573,3,3122,69,30
573,42,1,574,9,3131,87,90
574,42,1,575,2,3133,18,20
575,42,1,576,5,3138,0,50
576,42,1,577,5,3143,85,50
577,42,1,578,7,3150,0,70
578,42,1,579,7,3157,137,70
579,42,1,580,2,3159,19,20
580,42,1,581,7,3166,76,70
581,42,1,582,7,3173,78,70
582,42,1,583,6,3179,57,60
583,42,1,584,5,3184,46,50
584,42,1,585,5,3189,44,50
585,42,1,586,8,3197,88,80
586,42,1,587,4,3201,46,40
587,42,1,588,2,3203,0,20
588,42,1,589,4,3207,45,40
589,42,1,590,7,3214,63,70
590,42,1,591,9,3223,70,90
591,42,1,592,8,3231,83,80
592,42,1,593,4,3235,31,40
593,42,1,594,9,3244,96,90
594,42,1,595,8,3252,90,80
595,42,1,596,5,3257,43,50
596,42,1,597,2,3259,0,20
597,42,1,598,3,3262,43,30
598,42,1,599,8,3270,0,80
599,42,1,600,8,3278,161,80
600,42,1,601,7,3285,86,70
601,42,1,602,8,3293,67,80
602,42,1,603,3,3296,27,30
603,42,1,604,9,3305,98,90
604,42,1,605,4,3309,39,40
605,42,1,606,4,3313,48,40
606,42,1,607,5,3318,0,50
607,42,1,608,8,3326,123,80
608,42,1,609,6,3332,0,60
609,42,1,610,5,3337,112,50
610,42,1,611,2,3339,10,20
611,42,1,612,2,3341,14,20
612,42,1,613,9,3350,85,90
613,42,1,614,8,3358,90,80
614,42,1,615,2,3360,28,20
615,42,1,616,5,3365,49,50
616,42,1,617,9,3374,88,90
617,42,1,618,6,3380,67,60
618,42,1,619,6,3386,62,60
619,42,1,620,5,3391,0,50
620,42,1,621,8,3399,133,80
621,42,1,622,7,3406,64,70
622,42,1,623,9,3415,78,90
623,42,1,624,4,3419,32,40
624,42,1,625,5,3424,50,50
625,42,1,626,5,3429,52,50
626,42,1,627,8,3437,78,80
627,42,1,628,7,3444,79,70
628,42,1,629,9,3453,91,90
629,42,1,630,6,3459,52,60
630,42,1,631,9,3468,88,90
631,42,1,632,7,3475,0,70
632,42,1,633,7,3482,0,70
633,42,1,634,2,3484,148,20
634,42,1,635,3,3487,38,30
635,42,1,636,8,3495,0,80
636,42,1,637,4,3499,116,40
637,42,1,638,5,3504,0,50
638,42,1,639,2,3506,0,20
639,42,1,640,2,3508,89,20
640,42,1,641,9,3517,103,90
641,42,1,642,4,3521,37,40
642,42,1,643,7,3528,78,70
643,42,1,644,5,3533,55,50
644,42,1,645,2,3535,20,20
645,42,1,646,8,3543,76,80
646,42,1,647,9,3552,91,90
647,42,1,648,7,3559,60,70
648,42,1,649,3,3562,0,30
649,42,1,650,4,3566,0,40
650,42,1,651,7,3573,0,70
651,42,1,652,8,3581,208,80
652,42,1,653,7,3588,55,70
653,42,1,654,7,3595,68,70
654,42,1,655,4,3599,42,40
655,42,1,656,8,3607,74,80
656,42,1,657,7,3614,73,70
657,42,1,658,5,3619,48,50
658,42,1,659,3,3622,35,30
659,42,1,660,2,3624,22,20
660,42,1,661,3,3627,24,30
661,42,1,662,2,3629,18,20
662,42,1,663,4,3633,36,40
663,42,1,664,5,3638,48,50
664,42,1,665,4,3642,0,40
665,42,1,666,8,3650,0,80
666,42,1,667,4,3654,198,40
667,42,1,668,7,3661,68,70
668,42,1,669,9,3670,0,90
669,42,1,670,4,3674,125,40
670,42,1,671,2,3676,0,20
671,42,1,672,9,3685,121,90
672,42,1,673,9,3694,100,90
673,42,1,674,8,3702,72,80
674,42,1,675,9,3711,84,90
675,42,1,676,3,3714,31,30
676,42,1,677,7,3721,75,70
677,42,1,678,7,3728,69,70
678,42,1,679,2,3730,23,20
679,42,1,680,4,3734,30,40
680,42,1,681,3,3737,29,30
681,42,1,682,4,3741,46,40
682,42,1,683,5,3746,44,50
683,42,1,684,6,3752,57,60
684,42,1,685,3,3755,31,30
685,42,1,686,5,3760,53,50
686,42,1,687,8,3768,0,80
687,42,1,688,2,3770,81,20
688,42,1,689,9,3779,76,90
689,42,1,690,2,3781,0,20
690,42,1,691,2,3783,41,20
691,42,1,692,2,3785,22,20
692,42,1,693,5,3790,43,50
693,42,1,694,2,3792,22,20
694,42,1,695,6,3798,75,60
695,42,1,696,8,3806,72,80
696,42,1,697,2,3808,21,20
697,42,1,698,8,3816,70,80
698,42,1,699,3,3819,33,30
699,42,1,700,5,3824,0,50
700,42,1,701,7,3831,0,70
701,42,1,702,6,3837,169,60
702,42,1,703,6,3843,52,60
703,42,1,704,8,3851,71,80
704,42,1,705,8,3859,85,80
705,42,1,706,3,3862,29,30
706,42,1,707,9,3871,0,90
707,42,1,708,5,3876,0,50
708,42,1,709,3,3879,186,30
709,42,1,710,7,3886,67,70
710,42,1,711,2,3888,11,20
711,42,1,712,3,3891,0,30
712,42,1,713,4,3895,76,40
713,42,1,714,6,3901,60,60
714,42,1,715,7,3908,63,70
715,42,1,716,5,3913,48,50
716,42,1,717,5,3918,43,50
717,42,1,718,2,3920,17,20
718,42,1,719,8,3928,90,80
719,42,1,720,8,3936,73,80
720,42,1,721,8,3944,79,80
721,42,1,722,4,3948,41,40
722,42,1,723,9,3957,86,90
723,42,1,724,8,3965,77,80
724,42,1,725,3,3968,37,30
725,42,1,726,5,3973,47,50
726,42,1,727,7,3980,0,70
727,42,1,728,9,3989,0,90
728,42,1,729,4,3993,195,40
729,42,1,730,5,3998,53,50
730,42,1,731,2,4000,26,20
731,42,1,732,5,4005,0,50
732,42,1,733,5,4010,77,50
733,42,1,734,4,4014,45,40
734,42,1,735,7,4021,0,70
735,42,1,736,5,4026,121,50
736,42,1,737,3,4029,29,30
737,42,1,738,2,4031,0,20
738,42,1,739,2,4033,36,20
739,42,1,740,7,4040,74,70
740,42,1,741,7,4047,67,70
741,42,1,742,2,4049,20,20
742,42,1,743,2,4051,24,20
743,42,1,744,7,4058,80,70
744,42,1,745,9,4067,104,90
745,42,1,746,4,4071,35,40
746,42,1,747,3,4074,28,30
747,42,1,748,5,4079,53,50
748,42,1,749,8,4087,94,80
749,42,1,750,8,4095,97,80
750,42,1,751,8,4103,62,80
751,42,1,752,8,4111,76,80
752,42,1,753,3,4114,31,30
753,42,1,754,7,4121,55,70
754,42,1,755,8,4129,98,80
755,42,1,756,6,4135,60,60
756,42,1,757,6,4141,60,60
757,42,1,758,2,4143,0,20
758,42,1,759,4,4147,58,40
759,42,1,760,3,4150,17,30
760,42,1,761,6,4156,62,60
761,42,1,762,4,4160,36,40
762,42,1,763,5,4165,57,50
763,42,1,764,8,4173,76,80
764,42,1,765,4,4177,37,40
765,42,1,766,8,4185,68,80
766,42,1,767,8,4193,0,80
767,42,1,768,9,4202,154,90
768,42,1,769,3,4205,29,30
769,42,1,770,6,4211,0,60
770,42,1,771,2,4213,85,20
771,42,1,772,6,4219,55,60
772,42,1,773,4,4223,35,40
773,42,1,774,7,4230,71,70
774,42,1,775,2,4232,16,20
775,42,1,776,6,4238,49,60
776,42,1,777,8,4246,93,80
777,42,1,778,2,4248,16,20
778,42,1,779,6,4254,64,60
779,42,1,780,6,4260,54,60
780,42,1,781,2,4262,19,20
781,42,1,782,8,4270,87,80
782,42,1,783,8,4278,77,80
783,42,1,784,8,4286,75,80
784,42,1,785,7,4293,0,70
785,42,1,786,2,4295,90,20
786,42,1,787,5,4300,59,50
787,42,1,788,9,4309,95,90
788,42,1,789,7,4316,62,70
789,42,1,790,7,4323,65,70
790,42,1,791,2,4325,0,20
791,42,1,792,9,4334,113,90
792,42,1,793,8,4342,71,80
793,42,1,794,8,4350,84,80
794,42,1,795,9,4359,114,90
795,42,1,796,4,4363,37,40
796,42,1,797,8,4371,74,80
797,42,1,798,9,4380,88,90
798,42,1,799,4,4384,45,40
799,42,1,800,9,4393,91,90
800,42,1,801,4,4397,36,40
801,42,1,802,7,4404,70,70
802,42,1,803,6,4410,61,60
803,42,1,804,4,4414,43,40
804,42,1,805,4,4418,35,40
805,42,1,806,6,4424,57,60
806,42,1,807,2,4426,23,20
807,42,1,808,6,4432,60,60
808,42,1,809,5,4437,56,50
809,42,1,810,7,4444,77,70
810,42,1,811,6,4450,70,60
811,42,1,812,8,4458,67,80
812,42,1,813,7,4465,68,70
813,42,1,814,8,4473,71,80
814,42,1,815,9,4482,102,90
815,42,1,816,3,4485,28,30
816,42,1,817,8,4493,91,80
817,42,1,818,3,4496,34,30
818,42,1,819,4,4500,31,40
819,42,1,820,8,4508,0,80
820,42,1,821,2,4510,0,20
821,42,1,822,7,4517,0,70
822,42,1,823,7,4524,259,70
823,42,1,824,5,4529,44,50
824,42,1,825,2,4531,26,20
825,42,1,826,9,4540,91,90
826,42,1,827,7,4547,64,70
827,42,1,828,3,4550,28,30
828,42,1,829,7,4557,0,70
829,42,1,830,7,4564,145,70
830,42,1,831,3,4567,0,30
831,42,1,832,4,4571,64,40
832,42,1,833,5,4576,0,50
833,42,1,834,5,4581,122,50
834,42,1,835,9,4590,102,90
835,42,1,836,5,4595,50,50
836,42,1,837,7,4602,80,70
837,42,1,838,7,4609,71,70
838,42,1,839,9,4618,88,90
839,42,1,840,7,4625,0,70
840,42,1,841,5,4630,110,50
841,42,1,842,4,4634,52,40
842,42,1,843,6,4640,0,60
843,42,1,844,7,4647,129,70
844,42,1,845,4,4651,0,40
845,42,1,846,6,4657,78,60
846,42,1,847,2,4659,22,20
847,42,1,848,6,4665,51,60
848,42,1,849,6,4671,0,60
849,42,1,850,4,4675,84,40
850,42,1,851,5,4680,48,50
851,42,1,852,5,4685,48,50
852,42,1,853,8,4693,75,80
853,42,1,854,5,4698,42,50
854,42,1,855,9,4707,80,90
855,42,1,856,2,4709,25,20
856,42,1,857,4,4713,52,40
857,42,1,858,8,4721,77,80
858,42,1,859,6,4727,43,60
859,42,1,860,5,4732,46,50
860,42,1,861,7,4739,67,70
861,42,1,862,7,4746,77,70
862,42,1,863,6,4752,0,60
863,42,1,864,9,4761,153,90
864,42,1,865,5,4766,57,50
865,42,1,866,2,4768,21,20
866,42,1,867,9,4777,92,90
867,42,1,868,6,4783,0,60
868,42,1,869,4,4787,97,40
869,42,1,870,4,4791,0,40
870,42,1,871,5,4796,82,50
871,42,1,872,5,4801,0,50
872,42,1,873,6,4807,110,60
873,42,1,874,7,4814,70,70
874,42,1,875,6,4820,62,60
875,42,1,876,7,4827,78,70
876,42,1,877,5,4832,0,50
877,42,1,878,4,4836,95,40
878,42,1,879,8,4844,83,80
879,42,1,880,7,4851,59,70
880,42,1,881,7,4858,66,70
881,42,1,882,4,4862,49,40
882,42,1,883,2,4864,18,20
883,42,1,884,4,4868,39,40
884,42,1,885,6,4874,64,60
885,42,1,886,3,4877,29,30
886,42,1,887,6,4883,56,60
887,42,1,888,5,4888,49,50
888,42,1,889,2,4890,15,20
889,42,1,890,6,4896,53,60
890,42,1,891,4,4900,30,40
891,42,1,892,7,4907,79,70
892,42,1,893,3,4910,33,30
893,42,1,894,4,4914,33,40
894,42,1,895,4,4918,39,40
895,42,1,896,4,4922,43,40
896,42,1,897,6,4928,63,60
897,42,1,898,9,4937,71,90
898,42,1,899,7,4944,73,70
899,42,1,900,8,4952,64,80
900,42,1,901,3,4955,20,30
901,42,1,902,2,4957,16,20
902,42,1,903,3,4960,30,30
903,42,1,904,3,4963,0,30
904,42,1,905,6,4969,83,60
905,42,1,906,5,4974,64,50
906,42,1,907,2,4976,21,20
907,42,1,908,3,4979,36,30
908,42,1,909,8,4987,82,80
909,42,1,910,8,4995,0,80
910,42,2,1,8,8,79,80
911,42,2,2,5,13,0,50
912,42,2,3,3,16,86,30
913,42,2,4,4,20,41,40
914,42,2,5,8,28,74,80
915,42,2,6,2,30,20,20
916,42,2,7,7,37,60,70
917,42,2,8,6,43,59,60
918,42,2,9,9,52,97,90
919,42,2,10,7,59,0,70
920,42,2,11,3,62,105,30
921,42,2,12,7,69,83,70
922,42,2,13,2,71,17,20
923,42,2,14,7,78,59,70
924,42,2,15,4,82,50,40
925,42,2,16,3,85,18,30
926,42,2,17,6,91,67,60
927,42,2,18,2,93,28,20
928,42,2,19,5,98,48,50
929,42,2,20,7,105,82,70
930,42,2,21,6,111,59,60
931,42,2,22,2,113,18,20
932,42,2,23,5,118,37,50
933,42,2,24,5,123,44,50
934,42,2,25,5,128,45,50
935,42,2,26,7,135,80,70
936,42,2,27,4,139,40,40
937,42,2,28,9,148,98,90
938,42,2,29,8,156,74,80
939,42,2,30,2,158,24,20
940,42,2,31,5,163,55,50
941,42,2,32,6,169,66,60
942,42,2,33,3,172,33,30
943,42,2,34,4,176,35,40
944,42,2,35,8,184,0,80
945,42,2,36,7,191,151,70
946,42,2,37,5,196,46,50
947,42,2,38,9,205,93,90
948,42,2,39,6,211,51,60
949,42,2,40,7,218,71,70
950,42,2,41,5,223,50,50
951,42,2,42,3,226,34,30
952,42,2,43,4,230,32,40
953,42,2,44,7,237,73,70
954,42,2,45,5,242,46,50
955,42,2,46,4,246,0,40
956,42,2,47,5,251,83,50
957,42,2,48,3,254,28,30
958,42,2,49,3,257,27,30
959,42,2,50,2,259,18,20
960,42,2,51,4,263,43,40
961,42,2,52,9,272,97,90
962,42,2,53,5,277,58,50
963,42,2,54,5,282,54,50
964,42,2,55,8,290,85,80
965,42,2,56,5,295,42,50
966,42,2,57,7,302,0,70
967,42,2,58,8,310,143,80
968,42,2,59,7,317,51,70
969,42,2,60,2,319,29,20
970,42,2,61,4,323,43,40
971,42,2,62,7,330,68,70
972,42,2,63,7,337,77,70
973,42,2,64,3,340,0,30
974,42,2,65,2,342,62,20
975,42,2,66,9,351,72,90
976,42,2,67,2,353,20,20
977,42,2,68,7,360,80,70
978,42,2,69,8,368,75,80
979,42,2,70,7,375,77,70
980,42,2,71,5,380,50,50
981,42,2,72,7,387,56,70
982,42,2,73,6,393,69,60
983,42,2,74,4,397,42,40
984,42,2,75,4,401,37,40
985,42,2,76,3,404,28,30
986,42,2,77,5,409,40,50
987,42,2,78,5,414,0,50
988,42,2,79,4,418,94,40
989,42,2,80,9,427,91,90
990,42,2,81,6,433,58,60
991,42,2,82,9,442,78,90
992,42,2,83,9,451,93,90
993,42,2,84,4,455,0,40
994,42,2,85,5,460,104,50
995,42,2,86,9,469,89,90
996,42,2,87,6,475,0,60
997,42,2,88,9,484,144,90
998,42,2,89,9,493,0,90
999,42,2,90,8,501,0,80
1000,42,2,91,9,510,279,90
1001,42,2,92,8,518,78,80
1002,42,2,93,8,526,87,80
1003,42,2,94,6,532,68,60
1004,42,2,95,7,539,62,70
1005,42,2,96,9,548,84,90
1006,42,2,97,6,554,66,60
1007,42,2,98,9,563,85,90
1008,42,2,99,7,570,83,70
1009,42,2,100,3,573,33,30
1010,42,2,101,4,577,41,40
1011,42,2,102,5,582,49,50
1012,42,2,103,6,588,62,60
1013,42,2,104,2,590,0,20
1014,42,2,105,2,592,39,20
1015,42,2,106,7,599,68,70
1016,42,2,107,9,608,94,90
1017,42,2,108,5,613,58,50
1018,42,2,109,8,621,72,80
1019,42,2,110,7,628,70,70
1020,42,2,111,4,632,37,40
1021,42,2,112,5,637,50,50
1022,42,2,113,7,644,86,70
1023,42,2,114,2,646,13,20
1024,42,2,115,7,653,63,70
1025,42,2,116,7,660,65,70
1026,42,2,117,7,667,76,70
1027,42,2,118,6,673,48,60
1028,42,2,119,2,675,23,20
1029,42,2,120,4,679,36,40
1030,42,2,121,9,688,93,90
1031,42,2,122,8,696,94,80
1032,42,2,123,8,704,74,80
1033,42,2,124,2,706,25,20
1034,42,2,125,8,714,73,80
1035,42,2,126,9,723,84,90
1036,42,2,127,5,728,42,50
1037,42,2,128,7,735,73,70
1038,42,2,129,5,740,49,50
1039,42,2,130,4,744,43,40
1040,42,2,131,9,753,93,90
1041,42,2,132,6,759,61,60
1042,42,2,133,2,761,14,20
1043,42,2,134,9,770,106,90
1044,42,2,135,7,777,0,70
1045,42,2,136,6,783,123,60
1046,42,2,137,8,791,90,80
1047,42,2,138,6,797,0,60
1048,42,2,139,5,802,110,50
1049,42,2,140,9,811,79,90
1050,42,2,141,8,819,78,80
1051,42,2,142,7,826,52,70
1052,42,2,143,9,835,71,90
1053,42,2,144,5,840,51,50
1054,42,2,145,4,844,38,40
1055,42,2,146,5,849,0,50
1056,42,2,147,7,856,116,70
1057,42,2,148,2,858,20,20
1058,42,2,149,2,860,17,20
1059,42,2,150,7,867,0,70
1060,42,2,151,7,874,147,70
1061,42,2,152,3,877,28,30
1062,42,2,153,6,883,71,60
1063,42,2,154,5,888,60,50
1064,42,2,155,8,896,93,80
1065,42,2,156,6,902,44,60
1066,42,2,157,9,911,87,90
1067,42,2,158,5,916,0,50
1068,42,2,159,8,924,124,80
1069,42,2,160,8,932,0,80
1070,42,2,161,5,937,123,50
1071,42,2,162,4,941,42,40
1072,42,2,163,3,944,36,30
1073,42,2,164,4,948,0,40
1074,42,2,165,8,956,129,80
1075,42,2,166,4,960,42,40
1076,42,2,167,6,966,0,60
1077,42,2,168,8,974,151,80
1078,42,2,169,5,979,46,50
1079,42,2,170,6,985,61,60
1080,42,2,171,3,988,37,30
1081,42,2,172,8,996,68,80
1082,42,2,173,7,1003,72,70
1083,42,2,174,8,1011,84,80
1084,42,2,175,9,1020,0,90
1085,42,2,176,6,1026,178,60
1086,42,2,177,8,1034,83,80
1087,42,2,178,7,1041,77,70
1088,42,2,179,2,1043,0,20
1089,42,2,180,7,1050,89,70
1090,42,2,181,2,1052,14,20
1091,42,2,182,3,1055,28,30
1092,42,2,183,9,1064,79,90
1093,42,2,184,6,1070,68,60
1094,42,2,185,8,1078,98,80
1095,42,2,186,9,1087,88,90
1096,42,2,187,2,1089,27,20
1097,42,2,188,5,1094,47,50
1098,42,2,189,4,1098,40,40
1099,42,2,190,3,1101,0,30
1100,42,2,191,4,1105,67,40
1101,42,2,192,7,1112,0,70
1102,42,2,193,2,1114,81,20
1103,42,2,194,6,1120,48,60
1104,42,2,195,2,1122,24,20
1105,42,2,196,2,1124,23,20
1106,42,2,197,6,1130,65,60
1107,42,2,198,5,1135,0,50
1108,42,2,199,9,1144,123,90
1109,42,2,200,9,1153,80,90
1110,42,2,201,9,1162,95,90
1111,42,2,202,3,1165,32,30
1112,42,2,203,5,1170,47,50
1113,42,2,204,6,1176,60,60
1114,42,2,205,8,1184,76,80
1115,42,2,206,7,1191,0,70
1116,42,2,207,7,1198,139,70
1117,42,2,208,5,1203,48,50
1118,42,2,209,9,1212,78,90
1119,42,2,210,2,1214,23,20
1120,42,2,211,4,1218,40,40
1121,42,2,212,9,1227,96,90
1122,42,2,213,5,1232,57,50
1123,42,2,214,5,1237,61,50
1124,42,2,215,3,1240,28,30
1125,42,2,216,8,1248,76,80
1126,42,2,217,6,1254,62,60
1127,42,2,218,9,1263,112,90
1128,42,2,219,9,1272,87,90
1129,42,2,220,6,1278,54,60
1130,42,2,221,2,1280,24,20
1131,42,2,222,5,1285,52,50
1132,42,2,223,8,1293,91,80
1133,42,2,224,4,1297,33,40
1134,42,2,225,9,1306,0,90
1135,42,2,226,6,1312,154,60
1136,42,2,227,5,1317,45,50
1137,42,2,228,4,1321,40,40
1138,42,2,229,8,1329,75,80
1139,42,2,230,5,1334,44,50
1140,42,2,231,3,1337,0,30
1141,42,2,232,6,1343,93,60
1142,42,2,233,9,1352,84,90
1143,42,2,234,9,1361,103,90
1144,42,2,235,6,1367,51,60
1145,42,2,236,4,1371,35,40
1146,42,2,237,3,1374,18,30
1147,42,2,238,8,1382,89,80
1148,42,2,239,6,1388,70,60
1149,42,2,240,3,1391,31,30
1150,42,2,241,5,1396,53,50
1151,42,2,242,4,1400,44,40
1152,42,2,243,9,1409,78,90
1153,42,2,244,5,1414,52,50
1154,42,2,245,7,1421,76,70
1155,42,2,246,2,1423,31,20
1156,42,2,247,3,1426,35,30
1157,42,2,248,6,1432,64,60
1158,42,2,249,5,1437,47,50
1159,42,2,250,9,1446,79,90
1160,42,2,251,6,1452,67,60
1161,42,2,252,6,1458,61,60
1162,42,2,253,9,1467,94,90
1163,42,2,254,3,1470,28,30
1164,42,2,255,8,1478,71,80
1165,42,2,256,5,1483,34,50
1166,42,2,257,3,1486,20,30
1167,42,2,258,8,1494,88,80
1168,42,2,259,3,1497,23,30
1169,42,2,260,3,1500,23,30
1170,42,2,261,8,1508,73,80
1171,42,2,262,5,1513,55,50
1172,42,2,263,3,1516,35,30
1173,42,2,264,5,1521,58,50
1174,42,2,265,8,1529,0,80
1175,42,2,266,2,1531,97,20
1176,42,2,267,9,1540,89,90
1177,42,2,268,6,1546,70,60
1178,42,2,269,9,1555,95,90
1179,42,2,270,9,1564,91,90
1180,42,2,271,8,1572,86,80
1181,42,2,272,5,1577,56,50
1182,42,2,273,2,1579,19,20
1183,42,2,274,8,1587,69,80
1184,42,2,275,2,1589,25,20
1185,42,2,276,2,1591,27,20
1186,42,2,277,9,1600,86,90
1187,42,2,278,2,1602,0,20
1188,42,2,279,9,1611,0,90
1189,42,2,280,6,1617,0,60
1190,42,2,281,7,1624,0,70
1191,42,2,282,6,1630,302,60
1192,42,2,283,8,1638,81,80
1193,42,2,284,2,1640,0,20
1194,42,2,285,5,1645,84,50
1195,42,2,286,3,1648,25,30
1196,42,2,287,3,1651,27,30
1197,42,2,288,3,1654,37,30
1198,42,2,289,7,1661,0,70
1199,42,2,290,7,1668,0,70
1200,42,2,291,5,1673,200,50
1201,42,2,292,7,1680,59,70
1202,42,2,293,8,1688,107,80
1203,42,2,294,8,1696,0,80
1204,42,2,295,5,1701,128,50
1205,42,2,296,2,1703,15,20
1206,42,2,297,3,1706,24,30
1207,42,2,298,3,1709,0,30
1208,42,2,299,3,1712,50,30
1209,42,2,300,2,1714,29,20
1210,42,2,301,6,1720,53,60
1211,42,2,302,2,1722,19,20
1212,42,2,303,9,1731,0,90
1213,42,2,304,6,1737,137,60
1214,42,2,305,6,1743,59,60
1215,42,2,306,2,1745,24,20
1216,42,2,307,9,1754,110,90
1217,42,2,308,2,1756,21,20
1218,42,2,309,8,1764,83,80
1219,42,2,310,8,1772,71,80
1220,42,2,311,6,1778,0,60
1221,42,2,312,5,1783,116,50
1222,42,2,313,9,1792,89,90
1223,42,2,314,9,1801,93,90
1224,42,2,315,3,1804,0,30
1225,42,2,316,9,1813,134,90
1226,42,2,317,7,1820,0,70
1227,42,2,318,8,1828,156,80
1228,42,2,319,6,1834,49,60
1229,42,2,320,8,1842,80,80
1230,42,2,321,4,1846,34,40
1231,42,2,322,4,1850,40,40
1232,42,2,323,6,1856,65,60
1233,42,2,324,9,1865,95,90
1234,42,2,325,3,1868,0,30
1235,42,2,326,8,1876,103,80
1236,42,2,327,7,1883,75,70
1237,42,2,328,2,1885,19,20
1238,42,2,329,6,1891,63,60
1239,42,2,330,6,1897,58,60
1240,42,2,331,5,1902,0,50
1241,42,2,332,8,1910,115,80
1242,42,2,333,5,1915,45,50
1243,42,2,334,5,1920,53,50
1244,42,2,335,3,1923,29,30
1245,42,2,336,7,1930,65,70
1246,42,2,337,9,1939,0,90
1247,42,2,338,9,1948,0,90
1248,42,2,339,6,1954,248,60
1249,42,2,340,5,1959,44,50
1250,42,2,341,9,1968,0,90
1251,42,2,342,9,1977,179,90
1252,42,2,343,9,1986,95,90
1253,42,2,344,7,1993,74,70
1254,42,2,345,7,2000,77,70
1255,42,2,346,4,2004,39,40
1256,42,2,347,2,2006,0,20
1257,42,2,348,4,2010,73,40
1258,42,2,349,3,2013,25,30
1259,42,2,350,3,2016,32,30
1260,42,2,351,3,2019,30,30
1261,42,2,352,2,2021,15,20
1262,42,2,353,5,2026,0,50
1263,42,2,354,2,2028,73,20
1264,42,2,355,3,2031,29,30
1265,42,2,356,5,2036,49,50
1266,42,2,357,8,2044,80,80
1267,42,2,358,7,2051,76,70
1268,42,2,359,6,2057,62,60
1269,42,2,360,5,2062,47,50
1270,42,2,361,7,2069,60,70
1271,42,2,362,3,2072,27,30
1272,42,2,363,6,2078,0,60
1273,42,2,364,9,2087,140,90
1274,42,2,365,8,2095,87,80
1275,42,2,366,5,2100,53,50
1276,42,2,367,4,2104,41,40
1277,42,2,368,2,2106,18,20
1278,42,2,369,5,2111,55,50
1279,42,2,370,3,2114,27,30
1280,42,2,371,2,2116,12,20
1281,42,2,372,3,2119,24,30
1282,42,2,373,4,2123,38,40
1283,42,2,374,7,2130,78,70
1284,42,2,375,2,2132,12,20
1285,42,2,376,8,2140,79,80
1286,42,2,377,6,2146,62,60
1287,42,2,378,5,2151,47,50
1288,42,2,379,9,2160,87,90
1289,42,2,380,3,2163,25,30
1290,42,2,381,5,2168,0,50
1291,42,2,382,3,2171,79,30
1292,42,2,383,5,2176,51,50
1293,42,2,384,2,2178,24,20
1294,42,2,385,8,2186,89,80
1295,42,2,386,4,2190,46,40
1296,42,2,387,7,2197,0,70
1297,42,2,388,2,2199,0,20
1298,42,2,389,2,2201,107,20
1299,42,2,390,2,2203,20,20
1300,42,2,391,7,2210,73,70
1301,42,2,392,6,2216,0,60
1302,42,2,393,6,2222,97,60
1303,42,2,394,5,2227,49,50
1304,42,2,395,3,2230,0,30
1305,42,2,396,2,2232,38,20
1306,42,2,397,5,2237,46,50
1307,42,2,398,3,2240,27,30
1308,42,2,399,6,2246,67,60
1309,42,2,400,7,2253,0,70
1310,42,2,401,4,2257,105,40
1311,42,2,402,6,2263,0,60
1312,42,2,403,8,2271,135,80
1313,42,2,404,7,2278,0,70
1314,42,2,405,8,2286,146,80
1315,42,2,406,8,2294,92,80
1316,42,2,407,3,2297,44,30
1317,42,2,408,6,2303,71,60
1318,42,2,409,2,2305,25,20
1319,42,2,410,3,2308,25,30
1320,42,2,411,6,2314,68,60
1321,42,2,412,2,2316,36,20
1322,42,2,413,6,2322,56,60
1323,42,2,414,6,2328,55,60
1324,42,2,415,9,2337,79,90
1325,42,2,416,4,2341,37,40
1326,42,2,417,2,2343,26,20
1327,42,2,418,9,2352,0,90
1328,42,2,419,9,2361,0,90
1329,42,2,420,5,2366,242,50
1330,42,2,421,5,2371,52,50
1331,42,2,422,8,2379,92,80
1332,42,2,423,8,2387,79,80
1333,42,2,424,3,2390,39,30
1334,42,2,425,3,2393,33,30
1335,42,2,426,5,2398,54,50
1336,42,2,427,4,2402,0,40
1337,42,2,428,8,2410,119,80
1338,42,2,429,5,2415,56,50
1339,42,2,430,3,2418,31,30
1340,42,2,431,5,2423,52,50
1341,42,2,432,9,2432,0,90
1342,42,2,433,3,2435,0,30
1343,42,2,434,4,2439,176,40
1344,42,2,435,3,2442,36,30
1345,42,2,436,6,2448,52,60
1346,42,2,437,3,2451,30,30
1347,42,2,438,5,2456,47,50
1348,42,2,439,2,2458,23,20
1349,42,2,440,7,2465,61,70
1350,42,2,441,4,2469,53,40
1351,42,2,442,5,2474,0,50
1352,42,2,443,3,2477,77,30
1353,42,2,444,9,2486,108,90
1354,42,2,445,5,2491,0,50
1355,42,2,446,7,2498,127,70
1356,42,2,447,4,2502,40,40
1357,42,2,448,9,2511,86,90
1358,42,2,449,2,2513,27,20
1359,42,2,450,5,2518,54,50
1360,42,2,451,5,2523,56,50
1361,42,2,452,7,2530,0,70
1362,42,2,453,4,2534,0,40
1363,42,2,454,3,2537,135,30
1364,42,2,455,9,2546,98,90
1365,42,2,456,5,2551,39,50
1366,42,2,457,8,2559,75,80
1367,42,2,458,3,2562,34,30
1368,42,2,459,9,2571,83,90
1369,42,2,460,5,2576,0,50
1370,42,2,461,9,2585,137,90
1371,42,2,462,3,2588,38,30
1372,42,2,463,7,2595,84,70
1373,42,2,464,5,2600,50,50
1374,42,2,465,9,2609,77,90
1375,42,2,466,5,2614,48,50
1376,42,2,467,8,2622,82,80
1377,42,2,468,5,2627,41,50
1378,42,2,469,4,2631,45,40
1379,42,2,470,3,2634,22,30
1380,42,2,471,7,2641,79,70
1381,42,2,472,3,2644,29,30
1382,42,2,473,5,2649,52,50
1383,42,2,474,9,2658,96,90
1384,42,2,475,7,2665,68,70
1385,42,2,476,8,2673,82,80
1386,42,2,477,3,2676,35,30
1387,42,2,478,7,2683,60,70
1388,42,2,479,4,2687,40,40
1389,42,2,480,3,2690,0,30
1390,42,2,481,3,2693,49,30
1391,42,2,482,5,2698,50,50
1392,42,2,483,2,2700,22,20
1393,42,2,484,4,2704,42,40
1394,42,2,485,9,2713,94,90
1395,42,2,486,2,2715,17,20
1396,42,2,487,6,2721,0,60
1397,42,2,488,5,2726,108,50
1398,42,2,489,2,2728,21,20
1399,42,2,490,4,2732,38,40
1400,42,2,491,3,2735,31,30
1401,42,2,492,8,2743,0,80
1402,42,2,493,2,2745,109,20
1403,42,2,494,8,2753,71,80
1404,42,2,495,6,2759,59,60
1405,42,2,496,8,2767,0,80
1406,42,2,497,5,2772,0,50
1407,42,2,498,7,2779,207,70
1408,42,2,499,7,2786,68,70
1409,42,2,500,8,2794,78,80
1410,42,2,501,5,2799,64,50
1411,42,2,502,4,2803,39,40
1412,42,2,503,5,2808,50,50
1413,42,2,504,8,2816,97,80
1414,42,2,505,4,2820,0,40
1415,42,2,506,7,2827,130,70
1416,42,2,507,6,2833,58,60
1417,42,2,508,9,2842,97,90
1418,42,2,509,6,2848,56,60
1419,42,2,510,9,2857,86,90
1420,42,2,511,7,2864,73,70
1421,42,2,512,6,2870,57,60
1422,42,2,513,2,2872,20,20
1423,42,2,514,7,2879,73,70
1424,42,2,515,7,2886,63,70
1425,42,2,516,9,2895,79,90
1426,42,2,517,8,2903,76,80
1427,42,2,518,6,2909,60,60
1428,42,2,519,9,2918,96,90
1429,42,2,520,5,2923,54,50
1430,42,2,521,2,2925,14,20
1431,42,2,522,2,2927,21,20
1432,42,2,523,2,2929,20,20
1433,42,2,524,6,2935,65,60
1434,42,2,525,5,2940,42,50
1435,42,2,526,9,2949,93,90
1436,42,2,527,9,2958,99,90
1437,42,2,528,3,2961,19,30
1438,42,2,529,4,2965,37,40
1439,42,2,530,5,2970,54,50
1440,42,2,531,4,2974,37,40
1441,42,2,532,8,2982,65,80
1442,42,2,533,2,2984,12,20
1443,42,2,534,8,2992,64,80
1444,42,2,535,9,3001,86,90
1445,42,2,536,4,3005,58,40
1446,42,2,537,4,3009,35,40
1447,42,2,538,2,3011,23,20
1448,42,2,539,8,3019,95,80
1449,42,2,540,3,3022,32,30
1450,42,2,541,5,3027,51,50
1451,42,2,542,2,3029,19,20
1452,42,2,543,4,3033,40,40
1453,42,2,544,8,3041,87,80
1454,42,2,545,6,3047,58,60
1455,42,2,546,3,3050,0,30
1456,42,2,547,6,3056,90,60
1457,42,2,548,9,3065,84,90
1458,42,2,549,2,3067,14,20
1459,42,2,550,6,3073,68,60
1460,42,2,551,4,3077,39,40
1461,42,2,552,8,3085,82,80
1462,42,2,553,5,3090,66,50
1463,42,2,554,6,3096,64,60
1464,42,2,555,7,3103,73,70
1465,42,2,556,7,3110,64,70
1466,42,2,557,3,3113,0,30
1467,42,2,558,6,3119,92,60
1468,42,2,559,4,3123,32,40
1469,42,2,560,8,3131,84,80
1470,42,2,561,6,3137,56,60
1471,42,2,562,2,3139,11,20
1472,42,2,563,4,3143,34,40
1473,42,2,564,4,3147,43,40
1474,42,2,565,6,3153,59,60
1475,42,2,566,4,3157,41,40
1476,42,2,567,3,3160,24,30
1477,42,2,568,2,3162,20,20
1478,42,2,569,3,3165,32,30
1479,42,2,570,4,3169,41,40
1480,42,2,571,7,3176,56,70
1481,42,2,572,5,3181,0,50
1482,42,2,573,5,3186,0,50
1483,42,2,574,6,3192,134,60
1484,42,2,575,7,3199,78,70
1485,42,2,576,2,3201,0,20
1486,42,2,577,2,3203,31,20
1487,42,2,578,8,3211,76,80
1488,42,2,579,3,3214,21,30
1489,42,2,580,7,3221,75,70
1490,42,2,581,3,3224,29,30
1491,42,2,582,4,3228,47,40
1492,42,2,583,2,3230,18,20
1493,42,2,584,8,3238,69,80
1494,42,2,585,5,3243,47,50
1495,42,2,586,2,3245,22,20
1496,42,2,587,9,3254,76,90
1497,42,2,588,8,3262,78,80
1498,42,2,589,4,3266,0,40
1499,42,2,590,9,3275,125,90
1500,42,2,591,3,3278,33,30
1501,42,2,592,9,3287,91,90
1502,42,2,593,3,3290,41,30
1503,42,2,594,9,3299,0,90
1504,42,2,595,6,3305,154,60
1505,42,2,596,3,3308,25,30
1506,42,2,597,2,3310,19,20
1507,42,2,598,2,3312,22,20
1508,42,2,599,4,3316,50,40
1509,42,2,600,9,3325,106,90
1510,42,2,601,7,3332,64,70
1511,42,2,602,2,3334,27,20
1512,42,2,603,9,3343,0,90
1513,42,2,604,4,3347,139,40
1514,42,2,605,8,3355,98,80
1515,42,2,606,8,3363,76,80
1516,42,2,607,2,3365,16,20
1517,42,2,608,2,3367,0,20
1518,42,2,609,6,3373,82,60
1519,42,2,610,7,3380,86,70
1520,42,2,611,9,3389,103,90
1521,42,2,612,9,3398,75,90
1522,42,2,613,9,3407,98,90
1523,42,2,614,4,3411,39,40
1524,42,2,615,4,3415,34,40
1525,42,2,616,3,3418,32,30
1526,42,2,617,6,3424,69,60
1527,42,2,618,2,3426,17,20
1528,42,2,619,4,3430,41,40
1529,42,2,620,2,3432,15,20
1530,42,2,621,5,3437,52,50
1531,42,2,622,8,3445,67,80
1532,42,2,623,3,3448,26,30
1533,42,2,624,5,3453,44,50
1534,42,2,625,9,3462,93,90
1535,42,2,626,4,3466,37,40
1536,42,2,627,6,3472,63,60
1537,42,2,628,7,3479,73,70
1538,42,2,629,6,3485,53,60
1539,42,2,630,2,3487,8,20
1540,42,2,631,3,3490,31,30
1541,42,2,632,7,3497,81,70
1542,42,2,633,2,3499,0,20
1543,42,2,634,4,3503,63,40
1544,42,2,635,3,3506,28,30
1545,42,2,636,3,3509,31,30
1546,42,2,637,4,3513,42,40
1547,42,2,638,7,3520,64,70
1548,42,2,639,6,3526,70,60
1549,42,2,640,9,3535,102,90
1550,42,2,641,2,3537,19,20
1551,42,2,642,6,3543,65,60
1552,42,2,643,9,3552,92,90
1553,42,2,644,4,3556,37,40
1554,42,2,645,3,3559,36,30
1555,42,2,646,8,3567,81,80
1556,42,2,647,6,3573,69,60
1557,42,2,648,3,3576,25,30
1558,42,2,649,7,3583,70,70
1559,42,2,650,6,3589,57,60
1560,42,2,651,8,3597,54,80
1561,42,2,652,8,3605,86,80
1562,42,2,653,4,3609,0,40
1563,42,2,654,2,3611,74,20
1564,42,2,655,7,3618,69,70
1565,42,2,656,5,3623,46,50
1566,42,2,657,7,3630,0,70
1567,42,2,658,9,3639,155,90
1568,42,2,659,4,3643,39,40
1569,42,2,660,9,3652,95,90
1570,42,2,661,8,3660,86,80
1571,42,2,662,9,3669,0,90
1572,42,2,663,2,3671,127,20
1573,42,2,664,5,3676,56,50
1574,42,2,665,5,3681,64,50
1575,42,2,666,5,3686,52,50
1576,42,2,667,9,3695,0,90
1577,42,2,668,8,3703,145,80
1578,42,2,669,8,3711,94,80
1579,42,2,670,7,3718,67,70
1580,42,2,671,8,3726,79,80
1581,42,2,672,9,3735,86,90
1582,42,2,673,9,3744,0,90
1583,42,2,674,8,3752,167,80
1584,42,2,675,7,3759,73,70
1585,42,2,676,6,3765,70,60
1586,42,2,677,3,3768,31,30
1587,42,2,678,8,3776,82,80
1588,42,2,679,4,3780,35,40
1589,42,2,680,5,3785,44,50
1590,42,2,681,5,3790,0,50
1591,42,2,682,9,3799,130,90
1592,42,2,683,4,3803,0,40
1593,42,2,684,6,3809,119,60
1594,42,2,685,9,3818,88,90
1595,42,2,686,3,3821,0,30
1596,42,2,687,8,3829,109,80
1597,42,2,688,9,3838,115,90
1598,42,2,689,8,3846,79,80
1599,42,2,690,9,3855,78,90
1600,42,2,691,3,3858,30,30
1601,42,2,692,9,3867,101,90
1602,42,2,693,4,3871,0,40
1603,42,2,694,5,3876,101,50
1604,42,2,695,7,3883,76,70
1605,42,2,696,9,3892,0,90
1606,42,2,697,5,3897,138,50
1607,42,2,698,2,3899,32,20
1608,42,2,699,4,3903,40,40
1609,42,2,700,7,3910,75,70
1610,42,2,701,6,3916,0,60
1611,42,2,702,2,3918,78,20
1612,42,2,703,4,3922,35,40
1613,42,2,704,4,3926,0,40
1614,42,2,705,6,3932,91,60
1615,42,2,706,4,3936,33,40
1616,42,2,707,2,3938,24,20
1617,42,2,708,6,3944,73,60
1618,42,2,709,7,3951,74,70
1619,42,2,710,6,3957,55,60
1620,42,2,711,6,3963,0,60
1621,42,2,712,5,3968,108,50
1622,42,2,713,6,3974,53,60
1623,42,2,714,8,3982,73,80
1624,42,2,715,5,3987,40,50
1625,42,2,716,5,3992,56,50
1626,42,2,717,5,3997,48,50
1627,42,2,718,3,4000,32,30
1628,42,2,719,7,4007,73,70
1629,42,2,720,7,4014,71,70
1630,42,2,721,8,4022,84,80
1631,42,2,722,6,4028,60,60
1632,42,2,723,7,4035,80,70
1633,42,2,724,5,4040,44,50
1634,42,2,725,7,4047,75,70
1635,42,2,726,2,4049,22,20
1636,42,2,727,8,4057,64,80
1637,42,2,728,7,4064,78,70
1638,42,2,729,4,4068,47,40
1639,42,2,730,2,4070,15,20
1640,42,2,731,7,4077,68,70
1641,42,2,732,4,4081,44,40
1642,42,2,733,4,4085,51,40
1643,42,2,734,4,4089,37,40
1644,42,2,735,2,4091,17,20
1645,42,2,736,9,4100,88,90
1646,42,2,737,5,4105,46,50
1647,42,2,738,5,4110,46,50
1648,42,2,739,6,4116,58,60
1649,42,2,740,3,4119,27,30
1650,42,2,741,5,4124,0,50
1651,42,2,742,3,4127,83,30
1652,42,2,743,4,4131,28,40
1653,42,2,744,9,4140,89,90
1654,42,2,745,8,4148,69,80
1655,42,2,746,5,4153,52,50
1656,42,2,747,3,4156,34,30
1657,42,2,748,3,4159,39,30
1658,42,2,749,6,4165,67,60
1659,42,2,750,9,4174,94,90
1660,42,2,751,7,4181,62,70
1661,42,2,752,9,4190,102,90
1662,42,2,753,5,4195,48,50
1663,42,2,754,5,4200,53,50
1664,42,2,755,6,4206,65,60
1665,42,2,756,9,4215,97,90
1666,42,2,757,2,4217,19,20
1667,42,2,758,3,4220,26,30
1668,42,2,759,6,4226,55,60
1669,42,2,760,3,4229,0,30
1670,42,2,761,9,4238,124,90
1671,42,2,762,3,4241,32,30
1672,42,2,763,5,4246,53,50
1673,42,2,764,5,4251,53,50
1674,42,2,765,4,4255,43,40
1675,42,2,766,9,4264,89,90
1676,42,2,767,5,4269,0,50
1677,42,2,768,4,4273,104,40
1678,42,2,769,5,4278,50,50
1679,42,2,770,4,4282,39,40
1680,42,2,771,8,4290,75,80
1681,42,2,772,2,4292,0,20
1682,42,2,773,5,4297,63,50
1683,42,2,774,5,4302,50,50
1684,42,2,775,5,4307,34,50
1685,42,2,776,6,4313,79,60
1686,42,2,777,7,4320,73,70
1687,42,2,778,7,4327,75,70
1688,42,2,779,2,4329,15,20
1689,42,2,780,5,4334,48,50
1690,42,2,781,8,4342,70,80
1691,42,2,782,5,4347,0,50
1692,42,2,783,7,4354,112,70
1693,42,2,784,4,4358,0,40
1694,42,2,785,3,4361,68,30
1695,42,2,786,9,4370,90,90
1696,42,2,787,4,4374,41,40
1697,42,2,788,9,4383,0,90
1698,42,2,789,4,4387,0,40
1699,42,2,790,6,4393,188,60
1700,42,2,791,4,4397,0,40
1701,42,2,792,4,4401,75,40
1702,42,2,793,6,4407,67,60
1703,42,2,794,4,4411,32,40
1704,42,2,795,6,4417,67,60
1705,42,2,796,6,4423,63,60
1706,42,2,797,5,4428,48,50
1707,42,2,798,8,4436,105,80
1708,42,2,799,2,4438,17,20
1709,42,2,800,4,4442,40,40
1710,42,2,801,9,4451,86,90
1711,42,2,802,7,4458,88,70
1712,42,2,803,2,4460,18,20
1713,42,2,804,2,4462,0,20
1714,42,2,805,7,4469,89,70
1715,42,2,806,8,4477,73,80
1716,42,2,807,8,4485,75,80
1717,42,2,808,2,4487,28,20
1718,42,2,809,7,4494,54,70
1719,42,2,810,6,4500,57,60
1720,42,2,811,4,4504,35,40
1721,42,2,812,4,4508,33,40
1722,42,2,813,4,4512,36,40
1723,42,2,814,8,4520,76,80
1724,42,2,815,5,4525,51,50
1725,42,2,816,8,4533,71,80
1726,42,2,817,2,4535,33,20
1727,42,2,818,4,4539,46,40
1728,42,2,819,7,4546,77,70
1729,42,2,820,6,4552,58,60
1730,42,2,821,7,4559,66,70
1731,42,2,822,4,4563,38,40
1732,42,2,823,3,4566,0,30
1733,42,2,824,4,4570,63,40
1734,42,2,825,2,4572,0,20
1735,42,2,826,3,4575,0,30
1736,42,2,827,7,4582,134,70
1737,42,2,828,9,4591,99,90
1738,42,2,829,6,4597,64,60
1739,42,2,830,5,4602,51,50
1740,42,2,831,7,4609,72,70
1741,42,2,832,2,4611,20,20
1742,42,2,833,8,4619,74,80
1743,42,2,834,4,4623,40,40
1744,42,2,835,8,4631,0,80
1745,42,2,836,8,4639,162,80
1746,42,2,837,8,4647,56,80
1747,42,2,838,5,4652,50,50
1748,42,2,839,8,4660,68,80
1749,42,2,840,6,4666,48,60
1750,42,2,841,6,4672,65,60
1751,42,2,842,5,4677,0,50
1752,42,2,843,9,4686,0,90
1753,42,2,844,3,4689,155,30
1754,42,2,845,7,4696,76,70
1755,42,2,846,7,4703,66,70
1756,42,2,847,3,4706,37,30
1757,42,2,848,2,4708,18,20
1758,42,2,849,4,4712,51,40
1759,42,2,850,3,4715,39,30
1760,42,2,851,3,4718,34,30
1761,42,2,852,5,4723,0,50
1762,42,2,853,9,4732,145,90
1763,42,2,854,9,4741,77,90
1764,42,2,855,8,4749,77,80
1765,42,2,856,9,4758,90,90
1766,42,2,857,4,4762,40,40
1767,42,2,858,3,4765,29,30
1768,42,2,859,4,4769,29,40
1769,42,2,860,2,4771,23,20
1770,42,2,861,8,4779,67,80
1771,42,2,862,8,4787,82,80
1772,42,2,863,2,4789,23,20
1773,42,2,864,4,4793,36,40
1774,42,2,865,9,4802,90,90
1775,42,2,866,6,4808,59,60
1776,42,2,867,5,4813,56,50
1777,42,2,868,3,4816,25,30
1778,42,2,869,5,4821,55,50
1779,42,2,870,6,4827,60,60
1780,42,2,871,7,4834,83,70
1781,42,2,872,5,4839,51,50
1782,42,2,873,5,4844,46,50
1783,42,2,874,9,4853,0,90
1784,42,2,875,9,4862,174,90
1785,42,2,876,9,4871,85,90
1786,42,2,877,2,4873,21,20
1787,42,2,878,9,4882,92,90
1788,42,2,879,9,4891,86,90
1789,42,2,880,9,4900,80,90
1790,42,2,881,4,4904,33,40
1791,42,2,882,6,4910,60,60
1792,42,2,883,4,4914,41,40
1793,42,2,884,2,4916,0,20
1794,42,2,885,5,4921,67,50
1795,42,2,886,8,4929,73,80
1796,42,2,887,4,4933,41,40
1797,42,2,888,8,4941,75,80
1798,42,2,889,2,4943,22,20
1799,42,2,890,8,4951,77,80
1800,42,2,891,7,4958,0,70
1801,42,2,892,8,4966,132,80
1802,42,2,893,6,4972,54,60
1803,42,2,894,5,4977,48,50
1804,42,2,895,4,4981,54,40
1805,42,2,896,3,4984,32,30
1806,42,2,897,5,4989,59,50
1807,42,2,898,9,4998,107,90
1808,42,3,1,3,3,0,30
1809,42,3,2,3,6,59,30
1810,42,3,3,3,9,27,30
1811,42,3,4,5,14,60,50
1812,42,3,5,8,22,99,80
1813,42,3,6,6,28,0,60
1814,42,3,7,6,34,117,60
1815,42,3,8,6,40,62,60
1816,42,3,9,2,42,22,20
1817,42,3,10,7,49,0,70
1818,42,3,11,6,55,139,60
1819,42,3,12,3,58,36,30
1820,42,3,13,4,62,38,40
1821,42,3,14,2,64,18,20
1822,42,3,15,5,69,47,50
1823,42,3,16,8,77,68,80
1824,42,3,17,9,86,88,90
1825,42,3,18,6,92,67,60
1826,42,3,19,9,101,82,90
1827,42,3,20,4,105,39,40
1828,42,3,21,5,110,65,50
1829,42,3,22,6,116,48,60
1830,42,3,23,2,118,18,20
1831,42,3,24,2,120,19,20
1832,42,3,25,9,129,104,90
1833,42,3,26,5,134,47,50
1834,42,3,27,4,138,36,40
1835,42,3,28,4,142,0,40
1836,42,3,29,3,145,74,30
1837,42,3,30,3,148,41,30
1838,42,3,31,8,156,73,80
1839,42,3,32,2,158,10,20
1840,42,3,33,3,161,28,30
1841,42,3,34,7,168,66,70
1842,42,3,35,9,177,83,90
1843,42,3,36,5,182,57,50
1844,42,3,37,6,188,61,60
1845,42,3,38,8,196,0,80
1846,42,3,39,7,203,152,70
1847,42,3,40,9,212,88,90
1848,42,3,41,9,221,77,90
1849,42,3,42,3,224,29,30
1850,42,3,43,6,230,57,60
1851,42,3,44,2,232,22,20
1852,42,3,45,7,239,0,70
1853,42,3,46,6,245,146,60
1854,42,3,47,6,251,51,60
1855,42,3,48,8,259,73,80
1856,42,3,49,7,266,65,70
1857,42,3,50,7,273,68,70
1858,42,3,51,3,276,20,30
1859,42,3,52,7,283,71,70
1860,42,3,53,8,291,73,80
1861,42,3,54,3,294,31,30
1862,42,3,55,3,297,0,30
1863,42,3,56,3,300,58,30
1864,42,3,57,3,303,32,30
1865,42,3,58,7,310,62,70
1866,42,3,59,7,317,64,70
1867,42,3,60,2,319,20,20
1868,42,3,61,8,327,0,80
1869,42,3,62,7,334,119,70
1870,42,3,63,2,336,0,20
1871,42,3,64,7,343,82,70
1872,42,3,65,7,350,65,70
1873,42,3,66,4,354,0,40
1874,42,3,67,6,360,111,60
1875,42,3,68,5,365,0,50
1876,42,3,69,3,368,90,30
1877,42,3,70,6,374,60,60
1878,42,3,71,6,380,81,60
1879,42,3,72,8,388,75,80
1880,42,3,73,5,393,41,50
1881,42,3,74,6,399,73,60
1882,42,3,75,3,402,34,30
1883,42,3,76,6,408,65,60
1884,42,3,77,5,413,0,50
1885,42,3,78,4,417,91,40
1886,42,3,79,2,419,0,20
1887,42,3,80,7,426,82,70
1888,42,3,81,9,435,93,90
1889,42,3,82,6,441,72,60
1890,42,3,83,5,446,58,50
1891,42,3,84,2,448,16,20
1892,42,3,85,6,454,64,60
1893,42,3,86,6,460,48,60
1894,42,3,87,3,463,31,30
1895,42,3,88,5,468,58,50
1896,42,3,89,6,474,60,60
1897,42,3,90,8,482,72,80
1898,42,3,91,6,488,60,60
1899,42,3,92,9,497,103,90
1900,42,3,93,8,505,76,80
1901,42,3,94,4,509,42,40
1902,42,3,95,9,518,97,90
1903,42,3,96,3,521,38,30
1904,42,3,97,5,526,50,50
1905,42,3,98,4,530,28,40
1906,42,3,99,2,532,21,20
1907,42,3,100,7,539,67,70
1908,42,3,101,3,542,29,30
1909,42,3,102,5,547,60,50
1910,42,3,103,3,550,44,30
1911,42,3,104,4,554,42,40
1912,42,3,105,5,559,38,50
1913,42,3,106,6,565,54,60
1914,42,3,107,7,572,0,70
1915,42,3,108,7,579,114,70
1916,42,3,109,5,584,40,50
1917,42,3,110,4,588,40,40
1918,42,3,111,4,592,38,40
1919,42,3,112,3,595,36,30
1920,42,3,113,2,597,23,20
1921,42,3,114,4,601,0,40
1922,42,3,115,5,606,92,50
1923,42,3,116,2,608,20,20
1924,42,3,117,8,616,75,80
1925,42,3,118,9,625,96,90
1926,42,3,119,5,630,49,50
1927,42,3,120,2,632,19,20
1928,42,3,121,3,635,36,30
1929,42,3,122,3,638,32,30
1930,42,3,123,2,640,17,20
1931,42,3,124,8,648,72,80
1932,42,3,125,2,650,0,20
1933,42,3,126,3,653,46,30
1934,42,3,127,7,660,78,70
1935,42,3,128,8,668,80,80
1936,42,3,129,3,671,33,30
1937,42,3,130,8,679,83,80
1938,42,3,131,2,681,22,20
1939,42,3,132,8,689,88,80
1940,42,3,133,8,697,81,80
1941,42,3,134,9,706,0,90
1942,42,3,135,4,710,126,40
1943,42,3,136,8,718,69,80
1944,42,3,137,8,726,68,80
1945,42,3,138,8,734,78,80
1946,42,3,139,2,736,20,20
1947,42,3,140,9,745,84,90
1948,42,3,141,5,750,0,50
1949,42,3,142,2,752,70,20
1950,42,3,143,6,758,70,60
1951,42,3,144,3,761,26,30
1952,42,3,145,3,764,0,30
1953,42,3,146,9,773,0,90
1954,42,3,147,9,782,217,90
1955,42,3,148,2,784,14,20
1956,42,3,149,7,791,0,70
1957,42,3,150,8,799,171,80
1958,42,3,151,8,807,67,80
1959,42,3,152,3,810,27,30
1960,42,3,153,7,817,78,70
1961,42,3,154,8,825,86,80
1962,42,3,155,4,829,59,40
1963,42,3,156,8,837,81,80
1964,42,3,157,3,840,28,30
1965,42,3,158,3,843,29,30
1966,42,3,159,2,845,23,20
1967,42,3,160,2,847,18,20
1968,42,3,161,2,849,16,20
1969,42,3,162,2,851,15,20
1970,42,3,163,5,856,41,50
1971,42,3,164,7,863,72,70
1972,42,3,165,4,867,23,40
1973,42,3,166,9,876,0,90
1974,42,3,167,5,881,134,50
1975,42,3,168,6,887,60,60
1976,42,3,169,7,894,60,70
1977,42,3,170,5,899,49,50
1978,42,3,171,7,906,0,70
1979,42,3,172,5,911,134,50
1980,42,3,173,5,916,44,50
1981,42,3,174,7,923,67,70
1982,42,3,175,5,928,48,50
1983,42,3,176,2,930,20,20
1984,42,3,177,2,932,23,20
1985,42,3,178,9,941,90,90
1986,42,3,179,6,947,67,60
1987,42,3,180,5,952,0,50
1988,42,3,181,7,959,123,70
1989,42,3,182,4,963,34,40
1990,42,3,183,7,970,70,70
1991,42,3,184,4,974,38,40
1992,42,3,185,4,978,43,40
1993,42,3,186,7,985,59,70
1994,42,3,187,4,989,38,40
1995,42,3,188,8,997,76,80
1996,42,3,189,7,1004,46,70
1997,42,3,190,8,1012,76,80
1998,42,3,191,5,1017,0,50
1999,42,3,192,6,1023,123,60
2000,42,3,193,3,1026,23,30
2001,42,3,194,2,1028,13,20
2002,42,3,195,4,1032,53,40
2003,42,3,196,7,1039,0,70
2004,42,3,197,2,1041,101,20
2005,42,3,198,8,1049,85,80
2006,42,3,199,2,1051,16,20
2007,42,3,200,5,1056,51,50
2008,42,3,201,3,1059,21,30
2009,42,3,202,5,1064,64,50
2010,42,3,203,4,1068,35,40
2011,42,3,204,5,1073,49,50
2012,42,3,205,8,1081,87,80
2013,42,3,206,7,1088,71,70
2014,42,3,207,8,1096,75,80
2015,42,3,208,3,1099,0,30
2016,42,3,209,8,1107,134,80
2017,42,3,210,5,1112,43,50
2018,42,3,211,4,1116,0,40
2019,42,3,212,9,1125,125,90
2020,42,3,213,6,1131,59,60
2021,42,3,214,6,1137,67,60
2022,42,3,215,3,1140,39,30
2023,42,3,216,4,1144,47,40
2024,42,3,217,7,1151,0,70
2025,42,3,218,9,1160,0,90
2026,42,3,219,6,1166,231,60
2027,42,3,220,3,1169,29,30
2028,42,3,221,4,1173,0,40
2029,42,3,222,2,1175,57,20
2030,42,3,223,5,1180,48,50
2031,42,3,224,2,1182,22,20
2032,42,3,225,4,1186,54,40
2033,42,3,226,4,1190,37,40
2034,42,3,227,7,1197,86,70
2035,42,3,228,8,1205,73,80
2036,42,3,229,9,1214,0,90
2037,42,3,230,4,1218,129,40
2038,42,3,231,7,1225,66,70
2039,42,3,232,6,1231,49,60
2040,42,3,233,9,1240,72,90
2041,42,3,234,7,1247,87,70
2042,42,3,235,6,1253,56,60
2043,42,3,236,6,1259,55,60
2044,42,3,237,6,1265,62,60
2045,42,3,238,6,1271,54,60
2046,42,3,239,6,1277,0,60
2047,42,3,240,9,1286,116,90
2048,42,3,241,6,1292,58,60
2049,42,3,242,3,1295,0,30
2050,42,3,243,9,1304,134,90
2051,42,3,244,8,1312,82,80
2052,42,3,245,6,1318,65,60
2053,42,3,246,5,1323,47,50
2054,42,3,247,8,1331,74,80
2055,42,3,248,4,1335,42,40
2056,42,3,249,5,1340,60,50
2057,42,3,250,2,1342,22,20
2058,42,3,251,3,1345,25,30
2059,42,3,252,7,1352,76,70
2060,42,3,253,5,1357,55,50
2061,42,3,254,5,1362,46,50
2062,42,3,255,8,1370,72,80
2063,42,3,256,4,1374,0,40
2064,42,3,257,6,1380,102,60
2065,42,3,258,8,1388,70,80
2066,42,3,259,3,1391,29,30
2067,42,3,260,4,1395,39,40
2068,42,3,261,9,1404,87,90
2069,42,3,262,4,1408,43,40
2070,42,3,263,6,1414,68,60
2071,42,3,264,8,1422,0,80
2072,42,3,265,6,1428,145,60
2073,42,3,266,4,1432,31,40
2074,42,3,267,8,1440,74,80
2075,42,3,268,7,1447,55,70
2076,42,3,269,8,1455,71,80
2077,42,3,270,6,1461,58,60
2078,42,3,271,7,1468,61,70
2079,42,3,272,2,1470,0,20
2080,42,3,273,7,1477,98,70
2081,42,3,274,3,1480,30,30
2082,42,3,275,8,1488,77,80
2083,42,3,276,8,1496,82,80
2084,42,3,277,5,1501,54,50
2085,42,3,278,4,1505,40,40
2086,42,3,279,3,1508,22,30
2087,42,3,280,9,1517,83,90
2088,42,3,281,6,1523,50,60
2089,42,3,282,8,1531,65,80
2090,42,3,283,6,1537,0,60
2091,42,3,284,6,1543,0,60
2092,42,3,285,9,1552,188,90
2093,42,3,286,3,1555,25,30
2094,42,3,287,8,1563,93,80
2095,42,3,288,3,1566,25,30
2096,42,3,289,6,1572,60,60
2097,42,3,290,2,1574,24,20
2098,42,3,291,7,1581,61,70
2099,42,3,292,5,1586,40,50
2100,42,3,293,7,1593,59,70
2101,42,3,294,6,1599,72,60
2102,42,3,295,8,1607,75,80
2103,42,3,296,7,1614,51,70
2104,42,3,297,6,1620,66,60
2105,42,3,298,2,1622,19,20
2106,42,3,299,3,1625,18,30
2107,42,3,300,4,1629,26,40
2108,42,3,301,8,1637,93,80
2109,42,3,302,5,1642,60,50
2110,42,3,303,6,1648,63,60
2111,42,3,304,2,1650,25,20
2112,42,3,305,9,1659,89,90
2113,42,3,306,7,1666,55,70
2114,42,3,307,4,1670,37,40
2115,42,3,308,3,1673,36,30
2116,42,3,309,7,1680,77,70
2117,42,3,310,8,1688,75,80
2118,42,3,311,7,1695,70,70
2119,42,3,312,3,1698,30,30
2120,42,3,313,7,1705,71,70
2121,42,3,314,2,1707,25,20
2122,42,3,315,7,1714,59,70
2123,42,3,316,9,1723,96,90
2124,42,3,317,3,1726,0,30
2125,42,3,318,2,1728,47,20
2126,42,3,319,4,1732,0,40
2127,42,3,320,4,1736,83,40
2128,42,3,321,8,1744,71,80
2129,42,3,322,7,1751,77,70
2130,42,3,323,4,1755,42,40
2131,42,3,324,4,1759,34,40
2132,42,3,325,7,1766,59,70
2133,42,3,326,8,1774,90,80
2134,42,3,327,3,1777,26,30
2135,42,3,328,7,1784,0,70
2136,42,3,329,9,1793,159,90
2137,42,3,330,2,1795,17,20
2138,42,3,331,4,1799,55,40
2139,42,3,332,9,1808,107,90
2140,42,3,333,5,1813,57,50
2141,42,3,334,6,1819,63,60
2142,42,3,335,3,1822,34,30
2143,42,3,336,7,1829,77,70
2144,42,3,337,7,1836,63,70
2145,42,3,338,7,1843,0,70
2146,42,3,339,5,1848,110,50
2147,42,3,340,2,1850,22,20
2148,42,3,341,7,1857,0,70
2149,42,3,342,5,1862,114,50
2150,42,3,343,8,1870,66,80
2151,42,3,344,9,1879,99,90
2152,42,3,345,2,1881,13,20
2153,42,3,346,7,1888,74,70
2154,42,3,347,4,1892,42,40
2155,42,3,348,7,1899,66,70
2156,42,3,349,8,1907,80,80
2157,42,3,350,3,1910,28,30
2158,42,3,351,4,1914,40,40
2159,42,3,352,8,1922,0,80
2160,42,3,353,6,1928,134,60
2161,42,3,354,6,1934,69,60
2162,42,3,355,4,1938,0,40
2163,42,3,356,3,1941,0,30
2164,42,3,357,7,1948,169,70
2165,42,3,358,9,1957,85,90
2166,42,3,359,4,1961,33,40
2167,42,3,360,3,1964,33,30
2168,42,3,361,8,1972,70,80
2169,42,3,362,8,1980,0,80
2170,42,3,363,4,1984,111,40
2171,42,3,364,5,1989,58,50
2172,42,3,365,4,1993,43,40
2173,42,3,366,5,1998,45,50
2174,42,3,367,5,2003,0,50
2175,42,3,368,9,2012,148,90
2176,42,3,369,7,2019,63,70
2177,42,3,370,4,2023,38,40
2178,42,3,371,4,2027,32,40
2179,42,3,372,4,2031,50,40
2180,42,3,373,4,2035,39,40
2181,42,3,374,7,2042,74,70
2182,42,3,375,8,2050,0,80
2183,42,3,376,3,2053,108,30
2184,42,3,377,3,2056,30,30
2185,42,3,378,2,2058,25,20
2186,42,3,379,8,2066,59,80
2187,42,3,380,8,2074,95,80
2188,42,3,381,2,2076,21,20
2189,42,3,382,6,2082,57,60
2190,42,3,383,4,2086,37,40
2191,42,3,384,6,2092,53,60
2192,42,3,385,8,2100,84,80
2193,42,3,386,3,2103,0,30
2194,42,3,387,9,2112,129,90
2195,42,3,388,6,2118,86,60
2196,42,3,389,7,2125,65,70
2197,42,3,390,9,2134,81,90
2198,42,3,391,4,2138,43,40
2199,42,3,392,4,2142,37,40
2200,42,3,393,7,2149,74,70
2201,42,3,394,5,2154,47,50
2202,42,3,395,2,2156,29,20
2203,42,3,396,8,2164,70,80
2204,42,3,397,9,2173,91,90
2205,42,3,398,7,2180,75,70
2206,42,3,399,5,2185,53,50
2207,42,3,400,3,2188,31,30
2208,42,3,401,9,2197,101,90
2209,42,3,402,9,2206,97,90
2210,42,3,403,7,2213,75,70
2211,42,3,404,6,2219,49,60
2212,42,3,405,6,2225,76,60
2213,42,3,406,9,2234,0,90
2214,42,3,407,4,2238,146,40
2215,42,3,408,9,2247,64,90
2216,42,3,409,3,2250,27,30
2217,42,3,410,7,2257,0,70
2218,42,3,411,4,2261,113,40
2219,42,3,412,5,2266,46,50
2220,42,3,413,7,2273,80,70
2221,42,3,414,2,2275,16,20
2222,42,3,415,4,2279,0,40
2223,42,3,416,4,2283,82,40
2224,42,3,417,2,2285,12,20
2225,42,3,418,6,2291,0,60
2226,42,3,419,7,2298,134,70
2227,42,3,420,6,2304,60,60
2228,42,3,421,4,2308,46,40
2229,42,3,422,4,2312,42,40
2230,42,3,423,4,2316,43,40
2231,42,3,424,4,2320,47,40
2232,42,3,425,3,2323,30,30
2233,42,3,426,6,2329,57,60
2234,42,3,427,2,2331,0,20
2235,42,3,428,3,2334,41,30
2236,42,3,429,8,2342,0,80
2237,42,3,430,6,2348,126,60
2238,42,3,431,7,2355,56,70
2239,42,3,432,9,2364,84,90
2240,42,3,433,2,2366,0,20
2241,42,3,434,3,2369,49,30
2242,42,3,435,6,2375,68,60
2243,42,3,436,4,2379,41,40
2244,42,3,437,3,2382,26,30
2245,42,3,438,6,2388,61,60
2246,42,3,439,5,2393,59,50
2247,42,3,440,6,2399,0,60
2248,42,3,441,7,2406,128,70
2249,42,3,442,7,2413,68,70
2250,42,3,443,5,2418,50,50
2251,42,3,444,4,2422,32,40
2252,42,3,445,6,2428,43,60
2253,42,3,446,8,2436,0,80
2254,42,3,447,9,2445,155,90
2255,42,3,448,2,2447,0,20
2256,42,3,449,5,2452,72,50
2257,42,3,450,8,2460,79,80
2258,42,3,451,7,2467,71,70
2259,42,3,452,5,2472,49,50
2260,42,3,453,9,2481,0,90
2261,42,3,454,7,2488,165,70
2262,42,3,455,6,2494,58,60
2263,42,3,456,5,2499,50,50
2264,42,3,457,9,2508,89,90
2265,42,3,458,6,2514,63,60
2266,42,3,459,9,2523,85,90
2267,42,3,460,8,2531,78,80
2268,42,3,461,5,2536,0,50
2269,42,3,462,9,2545,142,90
2270,42,3,463,7,2552,57,70
2271,42,3,464,6,2558,0,60
2272,42,3,465,2,2560,80,20
2273,42,3,466,4,2564,0,40
2274,42,3,467,9,2573,0,90
2275,42,3,468,9,2582,225,90
2276,42,3,469,3,2585,28,30
2277,42,3,470,4,2589,0,40
2278,42,3,471,6,2595,84,60
2279,42,3,472,4,2599,39,40
2280,42,3,473,3,2602,35,30
2281,42,3,474,2,2604,20,20
2282,42,3,475,2,2606,31,20
2283,42,3,476,3,2609,29,30
2284,42,3,477,5,2614,43,50
2285,42,3,478,8,2622,62,80
2286,42,3,479,9,2631,94,90
2287,42,3,480,9,2640,95,90
2288,42,3,481,2,2642,16,20
2289,42,3,482,5,2647,46,50
2290,42,3,483,7,2654,78,70
2291,42,3,484,3,2657,28,30
2292,42,3,485,3,2660,34,30
2293,42,3,486,6,2666,55,60
2294,42,3,487,6,2672,0,60
2295,42,3,488,3,2675,90,30
2296,42,3,489,2,2677,12,20
2297,42,3,490,5,2682,47,50
2298,42,3,491,9,2691,94,90
2299,42,3,492,6,2697,64,60
2300,42,3,493,8,2705,75,80
2301,42,3,494,3,2708,37,30
2302,42,3,495,6,2714,53,60
2303,42,3,496,6,2720,55,60
2304,42,3,497,6,2726,72,60
2305,42,3,498,2,2728,22,20
2306,42,3,499,4,2732,0,40
2307,42,3,500,2,2734,65,20
2308,42,3,501,7,2741,78,70
2309,42,3,502,2,2743,11,20
2310,42,3,503,6,2749,82,60
2311,42,3,504,2,2751,25,20
2312,42,3,505,5,2756,44,50
2313,42,3,506,9,2765,81,90
2314,42,3,507,8,2773,86,80
2315,42,3,508,7,2780,54,70
2316,42,3,509,4,2784,34,40
2317,42,3,510,3,2787,34,30
2318,42,3,511,4,2791,34,40
2319,42,3,512,4,2795,47,40
2320,42,3,513,9,2804,72,90
2321,42,3,514,7,2811,73,70
2322,42,3,515,6,2817,47,60
2323,42,3,516,3,2820,30,30
2324,42,3,517,2,2822,16,20
2325,42,3,518,4,2826,39,40
2326,42,3,519,9,2835,86,90
2327,42,3,520,7,2842,75,70
2328,42,3,521,6,2848,48,60
2329,42,3,522,5,2853,51,50
2330,42,3,523,5,2858,53,50
2331,42,3,524,4,2862,48,40
2332,42,3,525,6,2868,67,60
2333,42,3,526,2,2870,0,20
2334,42,3,527,8,2878,91,80
2335,42,3,528,2,2880,24,20
2336,42,3,529,8,2888,69,80
2337,42,3,530,8,2896,0,80
2338,42,3,531,3,2899,123,30
2339,42,3,532,9,2908,115,90
2340,42,3,533,7,2915,74,70
2341,42,3,534,2,2917,23,20
2342,42,3,535,7,2924,65,70
2343,42,3,536,8,2932,91,80
2344,42,3,537,8,2940,74,80
2345,42,3,538,6,2946,49,60
2346,42,3,539,7,2953,71,70
2347,42,3,540,4,2957,32,40
2348,42,3,541,7,2964,61,70
2349,42,3,542,4,2968,37,40
2350,42,3,543,2,2970,0,20
2351,42,3,544,7,2977,0,70
2352,42,3,545,3,2980,116,30
2353,42,3,546,4,2984,44,40
2354,42,3,547,5,2989,47,50
2355,42,3,548,3,2992,23,30
2356,42,3,549,3,2995,31,30
2357,42,3,550,9,3004,102,90
2358,42,3,551,9,3013,91,90
2359,42,3,552,3,3016,29,30
2360,42,3,553,4,3020,0,40
2361,42,3,554,3,3023,67,30
2362,42,3,555,7,3030,62,70
2363,42,3,556,6,3036,54,60
2364,42,3,557,5,3041,49,50
2365,42,3,558,5,3046,66,50
2366,42,3,559,6,3052,60,60
2367,42,3,560,4,3056,26,40
2368,42,3,561,5,3061,51,50
2369,42,3,562,5,3066,41,50
2370,42,3,563,7,3073,63,70
2371,42,3,564,2,3075,17,20
2372,42,3,565,5,3080,0,50
2373,42,3,566,8,3088,108,80
2374,42,3,567,8,3096,0,80
2375,42,3,568,8,3104,0,80
2376,42,3,569,5,3109,203,50
2377,42,3,570,8,3117,0,80
2378,42,3,571,5,3122,0,50
2379,42,3,572,2,3124,0,20
2380,42,3,573,3,3127,166,30
2381,42,3,574,2,3129,21,20
2382,42,3,575,5,3134,52,50
2383,42,3,576,9,3143,93,90
2384,42,3,577,5,3148,0,50
2385,42,3,578,7,3155,123,70
2386,42,3,579,9,3164,93,90
2387,42,3,580,6,3170,59,60
2388,42,3,581,5,3175,61,50
2389,42,3,582,7,3182,67,70
2390,42,3,583,2,3184,0,20
2391,42,3,584,5,3189,72,50
2392,42,3,585,6,3195,51,60
2393,42,3,586,3,3198,30,30
2394,42,3,587,4,3202,0,40
2395,42,3,588,3,3205,69,30
2396,42,3,589,9,3214,90,90
2397,42,3,590,5,3219,47,50
2398,42,3,591,6,3225,57,60
2399,42,3,592,6,3231,71,60
2400,42,3,593,3,3234,38,30
2401,42,3,594,8,3242,85,80
2402,42,3,595,9,3251,98,90
2403,42,3,596,2,3253,20,20
2404,42,3,597,2,3255,0,20
2405,42,3,598,5,3260,64,50
2406,42,3,599,9,3269,92,90
2407,42,3,600,6,3275,67,60
2408,42,3,601,6,3281,57,60
2409,42,3,602,9,3290,81,90
2410,42,3,603,2,3292,16,20
2411,42,3,604,8,3300,88,80
2412,42,3,605,9,3309,0,90
2413,42,3,606,8,3317,175,80
2414,42,3,607,7,3324,61,70
2415,42,3,608,9,3333,0,90
2416,42,3,609,6,3339,139,60
2417,42,3,610,5,3344,0,50
2418,42,3,611,5,3349,93,50
2419,42,3,612,9,3358,96,90
2420,42,3,613,2,3360,20,20
2421,42,3,614,5,3365,51,50
2422,42,3,615,5,3370,55,50
2423,42,3,616,3,3373,30,30
2424,42,3,617,7,3380,69,70
2425,42,3,618,5,3385,52,50
2426,42,3,619,9,3394,71,90
2427,42,3,620,2,3396,23,20
2428,42,3,621,4,3400,43,40
2429,42,3,622,5,3405,55,50
2430,42,3,623,2,3407,19,20
2431,42,3,624,5,3412,49,50
2432,42,3,625,9,3421,0,90
2433,42,3,626,6,3427,138,60
2434,42,3,627,7,3434,72,70
2435,42,3,628,6,3440,75,60
2436,42,3,629,2,3442,27,20
2437,42,3,630,8,3450,91,80
2438,42,3,631,8,3458,89,80
2439,42,3,632,9,3467,73,90
2440,42,3,633,3,3470,29,30
2441,42,3,634,4,3474,0,40
2442,42,3,635,7,3481,0,70
2443,42,3,636,8,3489,185,80
2444,42,3,637,8,3497,0,80
2445,42,3,638,7,3504,136,70
2446,42,3,639,6,3510,54,60
2447,42,3,640,4,3514,42,40
2448,42,3,641,6,3520,0,60
2449,42,3,642,2,3522,84,20
2450,42,3,643,5,3527,52,50
2451,42,3,644,9,3536,0,90
2452,42,3,645,6,3542,169,60
2453,42,3,646,7,3549,69,70
2454,42,3,647,7,3556,60,70
2455,42,3,648,9,3565,0,90
2456,42,3,649,6,3571,147,60
2457,42,3,650,4,3575,37,40
2458,42,3,651,9,3584,106,90
2459,42,3,652,3,3587,26,30
2460,42,3,653,6,3593,59,60
2461,42,3,654,7,3600,73,70
2462,42,3,655,2,3602,26,20
2463,42,3,656,6,3608,69,60
2464,42,3,657,6,3614,0,60
2465,42,3,658,7,3621,128,70
2466,42,3,659,3,3624,30,30
2467,42,3,660,5,3629,52,50
2468,42,3,661,4,3633,0,40
2469,42,3,662,9,3642,130,90
2470,42,3,663,5,3647,49,50
2471,42,3,664,2,3649,13,20
2472,42,3,665,7,3656,60,70
2473,42,3,666,8,3664,77,80
2474,42,3,667,8,3672,78,80
2475,42,3,668,8,3680,82,80
2476,42,3,669,8,3688,83,80
2477,42,3,670,5,3693,51,50
2478,42,3,671,8,3701,82,80
2479,42,3,672,3,3704,24,30
2480,42,3,673,6,3710,48,60
2481,42,3,674,2,3712,20,20
2482,42,3,675,2,3714,0,20
2483,42,3,676,9,3723,124,90
2484,42,3,677,4,3727,38,40
2485,42,3,678,3,3730,0,30
2486,42,3,679,3,3733,63,30
2487,42,3,680,6,3739,69,60
2488,42,3,681,5,3744,49,50
2489,42,3,682,3,3747,33,30
2490,42,3,683,5,3752,43,50
2491,42,3,684,5,3757,0,50
2492,42,3,685,5,3762,104,50
2493,42,3,686,6,3768,75,60
2494,42,3,687,7,3775,76,70
2495,42,3,688,2,3777,24,20
2496,42,3,689,8,3785,67,80
2497,42,3,690,9,3794,71,90
2498,42,3,691,4,3798,41,40
2499,42,3,692,6,3804,66,60
2500,42,3,693,5,3809,43,50
2501,42,3,694,3,3812,38,30
2502,42,3,695,6,3818,70,60
2503,42,3,696,4,3822,36,40
2504,42,3,697,9,3831,100,90
2505,42,3,698,6,3837,59,60
2506,42,3,699,6,3843,0,60
2507,42,3,700,3,3846,77,30
2508,42,3,701,2,3848,15,20
2509,42,3,702,2,3850,18,20
2510,42,3,703,6,3856,57,60
2511,42,3,704,3,3859,29,30
2512,42,3,705,5,3864,45,50
2513,42,3,706,7,3871,60,70
2514,42,3,707,6,3877,64,60
2515,42,3,708,2,3879,25,20
2516,42,3,709,7,3886,66,70
2517,42,3,710,7,3893,0,70
2518,42,3,711,9,3902,159,90
2519,42,3,712,9,3911,93,90
2520,42,3,713,7,3918,79,70
2521,42,3,714,8,3926,81,80
2522,42,3,715,7,3933,54,70
2523,42,3,716,4,3937,44,40
2524,42,3,717,5,3942,33,50
2525,42,3,718,5,3947,48,50
2526,42,3,719,3,3950,32,30
2527,42,3,720,6,3956,0,60
2528,42,3,721,2,3958,98,20
2529,42,3,722,4,3962,41,40
2530,42,3,723,2,3964,13,20
2531,42,3,724,5,3969,43,50
2532,42,3,725,3,3972,31,30
2533,42,3,726,3,3975,0,30
2534,42,3,727,2,3977,57,20
2535,42,3,728,2,3979,0,20
2536,42,3,729,7,3986,105,70
2537,42,3,730,8,3994,91,80
2538,42,3,731,4,3998,51,40
2539,42,3,732,3,4001,0,30
2540,42,3,733,5,4006,64,50
2541,42,3,734,3,4009,28,30
2542,42,3,735,9,4018,93,90
2543,42,3,736,7,4025,74,70
2544,42,3,737,7,4032,67,70
2545,42,3,738,3,4035,29,30
2546,42,3,739,9,4044,91,90
2547,42,3,740,9,4053,73,90
2548,42,3,741,2,4055,22,20
2549,42,3,742,5,4060,57,50
2550,42,3,743,5,4065,0,50
2551,42,3,744,3,4068,80,30
2552,42,3,745,3,4071,30,30
2553,42,3,746,6,4077,69,60
2554,42,3,747,2,4079,21,20
2555,42,3,748,3,4082,27,30
2556,42,3,749,6,4088,64,60
2557,42,3,750,4,4092,32,40
2558,42,3,751,9,4101,96,90
2559,42,3,752,2,4103,25,20
2560,42,3,753,6,4109,54,60
2561,42,3,754,2,4111,19,20
2562,42,3,755,6,4117,50,60
2563,42,3,756,6,4123,54,60
2564,42,3,757,3,4126,28,30
2565,42,3,758,6,4132,46,60
2566,42,3,759,7,4139,0,70
2567,42,3,760,5,4144,87,50
2568,42,3,761,5,4149,48,50
2569,42,3,762,9,4158,99,90
2570,42,3,763,7,4165,64,70
2571,42,3,764,7,4172,67,70
2572,42,3,765,2,4174,0,20
2573,42,3,766,8,4182,120,80
2574,42,3,767,5,4187,0,50
2575,42,3,768,7,4194,0,70
2576,42,3,769,6,4200,0,60
2577,42,3,770,7,4207,235,70
2578,42,3,771,6,4213,67,60
2579,42,3,772,4,4217,59,40
2580,42,3,773,6,4223,59,60
2581,42,3,774,9,4232,86,90
2582,42,3,775,9,4241,80,90
2583,42,3,776,8,4249,78,80
2584,42,3,777,3,4252,38,30
2585,42,3,778,9,4261,127,90
2586,42,3,779,6,4267,59,60
2587,42,3,780,6,4273,67,60
2588,42,3,781,8,4281,70,80
2589,42,3,782,3,4284,29,30
2590,42,3,783,5,4289,48,50
2591,42,3,784,5,4294,51,50
2592,42,3,785,9,4303,92,90
2593,42,3,786,9,4312,66,90
2594,42,3,787,9,4321,93,90
2595,42,3,788,2,4323,17,20
2596,42,3,789,5,4328,38,50
2597,42,3,790,5,4333,60,50
2598,42,3,791,5,4338,52,50
2599,42,3,792,7,4345,0,70
2600,42,3,793,3,4348,86,30
2601,42,3,794,3,4351,31,30
2602,42,3,795,3,4354,36,30
2603,42,3,796,3,4357,24,30
2604,42,3,797,6,4363,49,60
2605,42,3,798,7,4370,64,70
2606,42,3,799,3,4373,0,30
2607,42,3,800,4,4377,0,40
2608,42,3,801,3,4380,109,30
2609,42,3,802,9,4389,68,90
2610,42,3,803,9,4398,96,90
2611,42,3,804,4,4402,43,40
2612,42,3,805,2,4404,19,20
2613,42,3,806,5,4409,52,50
2614,42,3,807,7,4416,65,70
2615,42,3,808,4,4420,48,40
2616,42,3,809,4,4424,0,40
2617,42,3,810,3,4427,62,30
2618,42,3,811,7,4434,0,70
2619,42,3,812,5,4439,115,50
2620,42,3,813,2,4441,23,20
2621,42,3,814,3,4444,35,30
2622,42,3,815,5,4449,0,50
2623,42,3,816,7,4456,131,70
2624,42,3,817,7,4463,77,70
2625,42,3,818,9,4472,90,90
2626,42,3,819,7,4479,0,70
2627,42,3,820,2,4481,88,20
2628,42,3,821,3,4484,0,30
2629,42,3,822,7,4491,87,70
2630,42,3,823,9,4500,84,90
2631,42,3,824,6,4506,53,60
2632,42,3,825,6,4512,69,60
2633,42,3,826,3,4515,33,30
2634,42,3,827,2,4517,23,20
2635,42,3,828,4,4521,38,40
2636,42,3,829,6,4527,76,60
2637,42,3,830,2,4529,25,20
2638,42,3,831,9,4538,95,90
2639,42,3,832,2,4540,14,20
2640,42,3,833,6,4546,59,60
2641,42,3,834,9,4555,0,90
2642,42,3,835,4,4559,141,40
2643,42,3,836,6,4565,59,60
2644,42,3,837,7,4572,78,70
2645,42,3,838,9,4581,95,90
2646,42,3,839,6,4587,64,60
2647,42,3,840,3,4590,27,30
2648,42,3,841,9,4599,92,90
2649,42,3,842,9,4608,92,90
2650,42,3,843,7,4615,69,70
2651,42,3,844,5,4620,52,50
2652,42,3,845,8,4628,77,80
2653,42,3,846,5,4633,0,50
2654,42,3,847,8,4641,0,80
2655,42,3,848,5,4646,181,50
2656,42,3,849,4,4650,37,40
2657,42,3,850,6,4656,60,60
2658,42,3,851,7,4663,67,70
2659,42,3,852,7,4670,76,70
2660,42,3,853,8,4678,78,80
2661,42,3,854,3,4681,21,30
2662,42,3,855,3,4684,0,30
2663,42,3,856,8,4692,109,80
2664,42,3,857,3,4695,26,30
2665,42,3,858,6,4701,0,60
2666,42,3,859,7,4708,134,70
2667,42,3,860,6,4714,64,60
2668,42,3,861,3,4717,35,30
2669,42,3,862,5,4722,42,50
2670,42,3,863,5,4727,49,50
2671,42,3,864,5,4732,58,50
2672,42,3,865,2,4734,20,20
2673,42,3,866,6,4740,0,60
2674,42,3,867,9,4749,136,90
2675,42,3,868,5,4754,52,50
2676,42,3,869,2,4756,18,20
2677,42,3,870,2,4758,19,20
2678,42,3,871,7,4765,69,70
2679,42,3,872,8,4773,96,80
2680,42,3,873,3,4776,0,30
2681,42,3,874,2,4778,47,20
2682,42,3,875,6,4784,57,60
2683,42,3,876,6,4790,62,60
2684,42,3,877,6,4796,52,60
2685,42,3,878,8,4804,83,80
2686,42,3,879,8,4812,0,80
2687,42,3,880,4,4816,105,40
2688,42,3,881,9,4825,107,90
2689,42,3,882,5,4830,58,50
2690,42,3,883,8,4838,77,80
2691,42,3,884,6,4844,77,60
2692,42,3,885,8,4852,95,80
2693,42,3,886,6,4858,0,60
2694,42,3,887,6,4864,124,60
2695,42,3,888,6,4870,0,60
2696,42,3,889,6,4876,0,60
2697,42,3,890,3,4879,161,30
2698,42,3,891,3,4882,37,30
2699,42,3,892,6,4888,58,60
2700,42,3,893,9,4897,89,90
2701,42,3,894,4,4901,50,40
2702,42,3,895,5,4906,59,50
2703,42,3,896,7,4913,76,70
2704,42,3,897,8,4921,83,80
2705,42,3,898,3,4924,29,30
2706,42,3,899,3,4927,27,30
2707,42,3,900,4,4931,33,40
2708,42,3,901,2,4933,0,20
2709,42,3,902,4,4937,70,40
2710,42,3,903,6,4943,56,60
2711,42,3,904,3,4946,0,30
2712,42,3,905,9,4955,127,90
2713,42,3,906,6,4961,0,60
2714,42,3,907,6,4967,113,60
2715,42,3,908,8,4975,91,80
2716,42,3,909,6,4981,66,60
2717,42,3,910,4,4985,33,40
2718,42,3,911,9,4994,75,90
2719,42,3,912,5,4999,58,50
