,Scenario,Trial,Inspection,Interval,Time,Defects,Rate
0,356,1,1,5,5,0,50
1,356,1,2,5,10,0,50
2,356,1,3,3,13,0,30
3,356,1,4,7,20,0,70
4,356,1,5,7,27,0,70
5,356,1,6,6,33,0,60
6,356,1,7,9,42,0,90
7,356,1,8,8,50,0,80
8,356,1,9,4,54,0,40
9,356,1,10,3,57,0,30
10,356,1,11,4,61,0,40
11,356,1,12,6,67,0,60
12,356,1,13,9,76,0,90
13,356,1,14,3,79,0,30
14,356,1,15,3,82,0,30
15,356,1,16,5,87,0,50
16,356,1,17,2,89,0,20
17,356,1,18,9,98,0,90
18,356,1,19,5,103,0,50
19,356,1,20,7,110,0,70
20,356,1,21,6,116,0,60
21,356,1,22,7,123,0,70
22,356,1,23,6,129,0,60
23,356,1,24,9,138,0,90
24,356,1,25,4,142,0,40
25,356,1,26,2,144,0,20
26,356,1,27,4,148,0,40
27,356,1,28,5,153,0,50
28,356,1,29,7,160,0,70
29,356,1,30,7,167,0,70
30,356,1,31,2,169,0,20
31,356,1,32,3,172,0,30
32,356,1,33,7,179,0,70
33,356,1,34,6,185,0,60
34,356,1,35,9,194,0,90
35,356,1,36,7,201,0,70
36,356,1,37,8,209,0,80
37,356,1,38,7,216,2160,70
38,356,1,39,2,218,0,20
39,356,1,40,4,222,0,40
40,356,1,41,5,227,0,50
41,356,1,42,3,230,0,30
42,356,1,43,6,236,0,60
43,356,1,44,5,241,0,50
44,356,1,45,8,249,0,80
45,356,1,46,6,255,0,60
46,356,1,47,3,258,0,30
47,356,1,48,8,266,0,80
48,356,1,49,7,273,0,70
49,356,1,50,9,282,0,90
50,356,1,51,5,287,0,50
51,356,1,52,8,295,0,80
52,356,1,53,4,299,874,40
53,356,1,54,9,308,0,90
54,356,1,55,4,312,0,40
55,356,1,56,3,315,0,30
56,356,1,57,6,321,0,60
57,356,1,58,7,328,0,70
58,356,1,59,3,331,0,30
59,356,1,60,6,337,0,60
60,356,1,61,5,342,0,50
61,356,1,62,8,350,0,80
62,356,1,63,6,356,0,60
63,356,1,64,6,362,0,60
64,356,1,65,2,364,0,20
65,356,1,66,7,371,0,70
66,356,1,67,7,378,0,70
67,356,1,68,6,384,0,60
68,356,1,69,2,386,0,20
69,356,1,70,8,394,0,80
70,356,1,71,5,399,0,50
71,356,1,72,7,406,0,70
72,356,1,73,7,413,0,70
73,356,1,74,2,415,0,20
74,356,1,75,2,417,0,20
75,356,1,76,4,421,0,40
76,356,1,77,6,427,0,60
77,356,1,78,7,434,0,70
78,356,1,79,9,443,0,90
79,356,1,80,6,449,0,60
80,356,1,81,3,452,0,30
81,356,1,82,5,457,0,50
82,356,1,83,6,463,0,60
83,356,1,84,3,466,0,30
84,356,1,85,3,469,0,30
85,356,1,86,4,473,0,40
86,356,1,87,2,475,0,20
87,356,1,88,3,478,0,30
88,356,1,89,6,484,0,60
89,356,1,90,8,492,0,80
90,356,1,91,5,497,0,50
91,356,1,92,5,502,0,50
92,356,1,93,2,504,0,20
93,356,1,94,7,511,0,70
94,356,1,95,6,517,0,60
95,356,1,96,3,520,0,30
96,356,1,97,4,524,0,40
97,356,1,98,9,533,0,90
98,356,1,99,5,538,0,50
99,356,1,100,5,543,0,50
100,356,1,101,2,545,0,20
101,356,1,102,2,547,0,20
102,356,1,103,8,555,0,80
103,356,1,104,8,563,0,80
104,356,1,105,6,569,0,60
105,356,1,106,2,571,0,20
106,356,1,107,6,577,0,60
107,356,1,108,4,581,0,40
108,356,1,109,5,586,0,50
109,356,1,110,6,592,0,60
110,356,1,111,8,600,0,80
111,356,1,112,9,609,0,90
112,356,1,113,5,614,0,50
113,356,1,114,3,617,0,30
114,356,1,115,2,619,0,20
115,356,1,116,7,626,0,70
116,356,1,117,7,633,0,70
117,356,1,118,2,635,0,20
118,356,1,119,9,644,0,90
119,356,1,120,9,653,0,90
120,356,1,121,3,656,0,30
121,356,1,122,4,660,0,40
122,356,1,123,3,663,0,30
123,356,1,124,2,665,3747,20
124,356,1,125,3,668,0,30
125,356,1,126,2,670,0,20
126,356,1,127,4,674,0,40
127,356,1,128,8,682,0,80
128,356,1,129,8,690,0,80
129,356,1,130,5,695,0,50
130,356,1,131,2,697,0,20
131,356,1,132,7,704,0,70
132,356,1,133,5,709,0,50
133,356,1,134,7,716,0,70
134,356,1,135,9,725,0,90
135,356,1,136,8,733,0,80
136,356,1,137,2,735,0,20
137,356,1,138,5,740,0,50
138,356,1,139,7,747,0,70
139,356,1,140,4,751,0,40
140,356,1,141,3,754,0,30
141,356,1,142,9,763,0,90
142,356,1,143,4,767,1043,40
143,356,1,144,5,772,0,50
144,356,1,145,3,775,0,30
145,356,1,146,2,777,0,20
146,356,1,147,8,785,0,80
147,356,1,148,4,789,0,40
148,356,1,149,3,792,0,30
149,356,1,150,4,796,0,40
150,356,1,151,9,805,0,90
151,356,1,152,4,809,0,40
152,356,1,153,2,811,0,20
153,356,1,154,5,816,0,50
154,356,1,155,9,825,0,90
155,356,1,156,6,831,0,60
156,356,1,157,7,838,0,70
157,356,1,158,5,843,0,50
158,356,1,159,9,852,907,90
159,356,1,160,7,859,0,70
160,356,1,161,5,864,0,50
161,356,1,162,7,871,0,70
162,356,1,163,5,876,0,50
163,356,1,164,6,882,0,60
164,356,1,165,9,891,0,90
165,356,1,166,3,894,0,30
166,356,1,167,8,902,0,80
167,356,1,168,5,907,0,50
168,356,1,169,6,913,0,60
169,356,1,170,4,917,0,40
170,356,1,171,2,919,0,20
171,356,1,172,9,928,0,90
172,356,1,173,5,933,0,50
173,356,1,174,4,937,0,40
174,356,1,175,8,945,0,80
175,356,1,176,9,954,0,90
176,356,1,177,3,957,0,30
177,356,1,178,9,966,0,90
178,356,1,179,8,974,0,80
179,356,1,180,6,980,0,60
180,356,1,181,9,989,0,90
181,356,1,182,7,996,0,70
182,356,1,183,9,1005,1541,90
183,356,1,184,6,1011,0,60
184,356,1,185,4,1015,0,40
185,356,1,186,2,1017,0,20
186,356,1,187,2,1019,0,20
187,356,1,188,9,1028,0,90
188,356,1,189,2,1030,0,20
189,356,1,190,4,1034,0,40
190,356,1,191,9,1043,0,90
191,356,1,192,3,1046,0,30
192,356,1,193,8,1054,0,80
193,356,1,194,6,1060,0,60
194,356,1,195,7,1067,0,70
195,356,1,196,7,1074,0,70
196,356,1,197,4,1078,0,40
197,356,1,198,2,1080,0,20
198,356,1,199,4,1084,0,40
199,356,1,200,8,1092,0,80
200,356,1,201,7,1099,932,70
201,356,1,202,9,1108,0,90
202,356,1,203,4,1112,0,40
203,356,1,204,4,1116,0,40
204,356,1,205,9,1125,0,90
205,356,1,206,3,1128,0,30
206,356,1,207,8,1136,0,80
207,356,1,208,5,1141,0,50
208,356,1,209,7,1148,0,70
209,356,1,210,9,1157,0,90
210,356,1,211,3,1160,0,30
211,356,1,212,3,1163,0,30
212,356,1,213,6,1169,0,60
213,356,1,214,8,1177,0,80
214,356,1,215,5,1182,0,50
215,356,1,216,6,1188,0,60
216,356,1,217,8,1196,0,80
217,356,1,218,3,1199,0,30
218,356,1,219,6,1205,0,60
219,356,1,220,4,1209,0,40
220,356,1,221,4,1213,0,40
221,356,1,222,8,1221,0,80
222,356,1,223,7,1228,1341,70
223,356,1,224,9,1237,0,90
224,356,1,225,8,1245,0,80
225,356,1,226,7,1252,0,70
226,356,1,227,3,1255,0,30
227,356,1,228,9,1264,0,90
228,356,1,229,3,1267,0,30
229,356,1,230,9,1276,0,90
230,356,1,231,4,1280,0,40
231,356,1,232,6,1286,0,60
232,356,1,233,9,1295,0,90
233,356,1,234,4,1299,0,40
234,356,1,235,5,1304,0,50
235,356,1,236,3,1307,0,30
236,356,1,237,3,1310,0,30
237,356,1,238,6,1316,0,60
238,356,1,239,3,1319,0,30
239,356,1,240,6,1325,0,60
240,356,1,241,2,1327,0,20
241,356,1,242,4,1331,0,40
242,356,1,243,6,1337,0,60
243,356,1,244,5,1342,0,50
244,356,1,245,9,1351,0,90
245,356,1,246,8,1359,0,80
246,356,1,247,9,1368,0,90
247,356,1,248,5,1373,0,50
248,356,1,249,9,1382,0,90
249,356,1,250,9,1391,0,90
250,356,1,251,4,1395,0,40
251,356,1,252,9,1404,0,90
252,356,1,253,2,1406,0,20
253,356,1,254,4,1410,0,40
254,356,1,255,8,1418,0,80
255,356,1,256,9,1427,0,90
256,356,1,257,8,1435,0,80
257,356,1,258,2,1437,0,20
258,356,1,259,7,1444,0,70
259,356,1,260,4,1448,0,40
260,356,1,261,5,1453,0,50
261,356,1,262,3,1456,0,30
262,356,1,263,3,1459,0,30
263,356,1,264,7,1466,0,70
264,356,1,265,2,1468,0,20
265,356,1,266,7,1475,0,70
266,356,1,267,4,1479,0,40
267,356,1,268,5,1484,0,50
268,356,1,269,3,1487,0,30
269,356,1,270,5,1492,0,50
270,356,1,271,9,1501,0,90
271,356,1,272,2,1503,0,20
272,356,1,273,5,1508,0,50
273,356,1,274,3,1511,0,30
274,356,1,275,4,1515,0,40
275,356,1,276,5,1520,0,50
276,356,1,277,7,1527,0,70
277,356,1,278,2,1529,0,20
278,356,1,279,6,1535,0,60
279,356,1,280,9,1544,0,90
280,356,1,281,3,1547,0,30
281,356,1,282,2,1549,0,20
282,356,1,283,2,1551,0,20
283,356,1,284,3,1554,0,30
284,356,1,285,8,1562,0,80
285,356,1,286,2,1564,0,20
286,356,1,287,5,1569,0,50
287,356,1,288,3,1572,0,30
288,356,1,289,3,1575,0,30
289,356,1,290,2,1577,0,20
290,356,1,291,8,1585,0,80
291,356,1,292,3,1588,0,30
292,356,1,293,3,1591,0,30
293,356,1,294,4,1595,0,40
294,356,1,295,4,1599,0,40
295,356,1,296,7,1606,0,70
296,356,1,297,8,1614,0,80
297,356,1,298,5,1619,0,50
298,356,1,299,5,1624,0,50
299,356,1,300,5,1629,0,50
300,356,1,301,4,1633,0,40
301,356,1,302,2,1635,0,20
302,356,1,303,5,1640,0,50
303,356,1,304,6,1646,0,60
304,356,1,305,4,1650,0,40
305,356,1,306,9,1659,0,90
306,356,1,307,6,1665,0,60
307,356,1,308,2,1667,0,20
308,356,1,309,7,1674,0,70
309,356,1,310,6,1680,0,60
310,356,1,311,7,1687,4780,70
311,356,1,312,8,1695,0,80
312,356,1,313,6,1701,0,60
313,356,1,314,7,1708,0,70
314,356,1,315,9,1717,0,90
315,356,1,316,3,1720,0,30
316,356,1,317,2,1722,0,20
317,356,1,318,8,1730,0,80
318,356,1,319,6,1736,0,60
319,356,1,320,3,1739,0,30
320,356,1,321,7,1746,0,70
321,356,1,322,3,1749,0,30
322,356,1,323,7,1756,0,70
323,356,1,324,7,1763,0,70
324,356,1,325,9,1772,0,90
325,356,1,326,2,1774,0,20
326,356,1,327,2,1776,0,20
327,356,1,328,7,1783,0,70
328,356,1,329,8,1791,0,80
329,356,1,330,3,1794,0,30
330,356,1,331,8,1802,0,80
331,356,1,332,8,1810,0,80
332,356,1,333,9,1819,1327,90
333,356,1,334,5,1824,0,50
334,356,1,335,5,1829,0,50
335,356,1,336,6,1835,0,60
336,356,1,337,2,1837,0,20
337,356,1,338,9,1846,0,90
338,356,1,339,2,1848,0,20
339,356,1,340,5,1853,0,50
340,356,1,341,4,1857,0,40
341,356,1,342,6,1863,0,60
342,356,1,343,7,1870,0,70
343,356,1,344,4,1874,0,40
344,356,1,345,7,1881,0,70
345,356,1,346,5,1886,0,50
346,356,1,347,9,1895,0,90
347,356,1,348,2,1897,0,20
348,356,1,349,2,1899,0,20
349,356,1,350,5,1904,0,50
350,356,1,351,9,1913,0,90
351,356,1,352,5,1918,0,50
352,356,1,353,2,1920,0,20
353,356,1,354,6,1926,0,60
354,356,1,355,2,1928,0,20
355,356,1,356,5,1933,0,50
356,356,1,357,8,1941,0,80
357,356,1,358,7,1948,0,70
358,356,1,359,7,1955,0,70
359,356,1,360,8,1963,0,80
360,356,1,361,4,1967,0,40
361,356,1,362,9,1976,0,90
362,356,1,363,8,1984,0,80
363,356,1,364,5,1989,0,50
364,356,1,365,3,1992,0,30
365,356,1,366,7,1999,0,70
366,356,1,367,2,2001,0,20
367,356,1,368,7,2008,1866,70
368,356,1,369,8,2016,0,80
369,356,1,370,3,2019,0,30
370,356,1,371,6,2025,0,60
371,356,1,372,5,2030,0,50
372,356,1,373,2,2032,0,20
373,356,1,374,7,2039,0,70
374,356,1,375,2,2041,0,20
375,356,1,376,5,2046,0,50
376,356,1,377,7,2053,0,70
377,356,1,378,8,2061,0,80
378,356,1,379,2,2063,0,20
379,356,1,380,3,2066,0,30
380,356,1,381,5,2071,0,50
381,356,1,382,2,2073,0,20
382,356,1,383,7,2080,0,70
383,356,1,384,8,2088,0,80
384,356,1,385,3,2091,0,30
385,356,1,386,5,2096,0,50
386,356,1,387,4,2100,0,40
387,356,1,388,2,2102,0,20
388,356,1,389,9,2111,0,90
389,356,1,390,8,2119,0,80
390,356,1,391,4,2123,1117,40
391,356,1,392,9,2132,0,90
392,356,1,393,2,2134,0,20
393,356,1,394,5,2139,173,50
394,356,1,395,9,2148,0,90
395,356,1,396,6,2154,0,60
396,356,1,397,6,2160,0,60
397,356,1,398,4,2164,0,40
398,356,1,399,8,2172,0,80
399,356,1,400,8,2180,0,80
400,356,1,401,4,2184,0,40
401,356,1,402,2,2186,0,20
402,356,1,403,7,2193,562,70
403,356,1,404,7,2200,0,70
404,356,1,405,9,2209,0,90
405,356,1,406,4,2213,0,40
406,356,1,407,8,2221,0,80
407,356,1,408,2,2223,0,20
408,356,1,409,9,2232,0,90
409,356,1,410,3,2235,0,30
410,356,1,411,2,2237,0,20
411,356,1,412,8,2245,0,80
412,356,1,413,4,2249,0,40
413,356,1,414,7,2256,627,70
414,356,1,415,7,2263,0,70
415,356,1,416,9,2272,0,90
416,356,1,417,9,2281,215,90
417,356,1,418,7,2288,0,70
418,356,1,419,4,2292,0,40
419,356,1,420,7,2299,0,70
420,356,1,421,8,2307,0,80
421,356,1,422,7,2314,0,70
422,356,1,423,6,2320,0,60
423,356,1,424,3,2323,0,30
424,356,1,425,7,2330,0,70
425,356,1,426,5,2335,0,50
426,356,1,427,4,2339,0,40
427,356,1,428,8,2347,0,80
428,356,1,429,7,2354,0,70
429,356,1,430,3,2357,0,30
430,356,1,431,7,2364,0,70
431,356,1,432,9,2373,0,90
432,356,1,433,7,2380,0,70
433,356,1,434,3,2383,0,30
434,356,1,435,2,2385,0,20
435,356,1,436,5,2390,1042,50
436,356,1,437,9,2399,0,90
437,356,1,438,7,2406,0,70
438,356,1,439,5,2411,0,50
439,356,1,440,7,2418,0,70
440,356,1,441,8,2426,0,80
441,356,1,442,4,2430,0,40
442,356,1,443,6,2436,0,60
443,356,1,444,2,2438,0,20
444,356,1,445,3,2441,0,30
445,356,1,446,7,2448,0,70
446,356,1,447,4,2452,0,40
447,356,1,448,2,2454,0,20
448,356,1,449,8,2462,0,80
449,356,1,450,8,2470,0,80
450,356,1,451,2,2472,0,20
451,356,1,452,5,2477,915,50
452,356,1,453,7,2484,0,70
453,356,1,454,3,2487,0,30
454,356,1,455,3,2490,0,30
455,356,1,456,3,2493,0,30
456,356,1,457,4,2497,0,40
457,356,1,458,3,2500,0,30
458,356,1,459,2,2502,0,20
459,356,1,460,9,2511,0,90
460,356,1,461,4,2515,0,40
461,356,1,462,2,2517,0,20
462,356,1,463,7,2524,0,70
463,356,1,464,6,2530,0,60
464,356,1,465,4,2534,0,40
465,356,1,466,9,2543,0,90
466,356,1,467,2,2545,0,20
467,356,1,468,9,2554,0,90
468,356,1,469,2,2556,0,20
469,356,1,470,3,2559,0,30
470,356,1,471,8,2567,0,80
471,356,1,472,7,2574,0,70
472,356,1,473,9,2583,0,90
473,356,1,474,8,2591,0,80
474,356,1,475,7,2598,0,70
475,356,1,476,7,2605,0,70
476,356,1,477,7,2612,0,70
477,356,1,478,6,2618,0,60
478,356,1,479,7,2625,0,70
479,356,1,480,6,2631,0,60
480,356,1,481,7,2638,0,70
481,356,1,482,2,2640,0,20
482,356,1,483,2,2642,0,20
483,356,1,484,2,2644,0,20
484,356,1,485,7,2651,0,70
485,356,1,486,5,2656,0,50
486,356,1,487,8,2664,0,80
487,356,1,488,9,2673,0,90
488,356,1,489,6,2679,0,60
489,356,1,490,7,2686,0,70
490,356,1,491,2,2688,0,20
491,356,1,492,6,2694,0,60
492,356,1,493,4,2698,0,40
493,356,1,494,3,2701,0,30
494,356,1,495,6,2707,0,60
495,356,1,496,9,2716,0,90
496,356,1,497,8,2724,0,80
497,356,1,498,7,2731,0,70
498,356,1,499,9,2740,0,90
499,356,1,500,6,2746,0,60
500,356,1,501,4,2750,0,40
501,356,1,502,4,2754,0,40
502,356,1,503,7,2761,0,70
503,356,1,504,4,2765,0,40
504,356,1,505,3,2768,0,30
505,356,1,506,3,2771,0,30
506,356,1,507,3,2774,0,30
507,356,1,508,6,2780,0,60
508,356,1,509,6,2786,0,60
509,356,1,510,8,2794,0,80
510,356,1,511,2,2796,0,20
511,356,1,512,8,2804,0,80
512,356,1,513,4,2808,0,40
513,356,1,514,3,2811,0,30
514,356,1,515,7,2818,0,70
515,356,1,516,3,2821,0,30
516,356,1,517,4,2825,0,40
517,356,1,518,5,2830,0,50
518,356,1,519,2,2832,0,20
519,356,1,520,5,2837,0,50
520,356,1,521,7,2844,0,70
521,356,1,522,6,2850,0,60
522,356,1,523,8,2858,0,80
523,356,1,524,8,2866,0,80
524,356,1,525,7,2873,0,70
525,356,1,526,8,2881,0,80
526,356,1,527,6,2887,0,60
527,356,1,528,6,2893,0,60
528,356,1,529,2,2895,0,20
529,356,1,530,9,2904,0,90
530,356,1,531,6,2910,0,60
531,356,1,532,4,2914,0,40
532,356,1,533,7,2921,4439,70
533,356,1,534,6,2927,0,60
534,356,1,535,4,2931,98,40
535,356,1,536,6,2937,0,60
536,356,1,537,6,2943,122,60
537,356,1,538,6,2949,0,60
538,356,1,539,7,2956,120,70
539,356,1,540,2,2958,0,20
540,356,1,541,4,2962,0,40
541,356,1,542,7,2969,0,70
542,356,1,543,4,2973,0,40
543,356,1,544,9,2982,0,90
544,356,1,545,7,2989,0,70
545,356,1,546,2,2991,0,20
546,356,1,547,9,3000,0,90
547,356,1,548,8,3008,0,80
548,356,1,549,2,3010,0,20
549,356,1,550,2,3012,0,20
550,356,1,551,3,3015,0,30
551,356,1,552,3,3018,0,30
552,356,1,553,8,3026,0,80
553,356,1,554,5,3031,0,50
554,356,1,555,7,3038,0,70
555,356,1,556,2,3040,0,20
556,356,1,557,7,3047,0,70
557,356,1,558,9,3056,0,90
558,356,1,559,5,3061,0,50
559,356,1,560,6,3067,0,60
560,356,1,561,6,3073,0,60
561,356,1,562,8,3081,0,80
562,356,1,563,9,3090,0,90
563,356,1,564,5,3095,0,50
564,356,1,565,5,3100,0,50
565,356,1,566,4,3104,0,40
566,356,1,567,6,3110,0,60
567,356,1,568,6,3116,0,60
568,356,1,569,5,3121,0,50
569,356,1,570,4,3125,0,40
570,356,1,571,3,3128,0,30
571,356,1,572,6,3134,0,60
572,356,1,573,8,3142,0,80
573,356,1,574,4,3146,0,40
574,356,1,575,5,3151,0,50
575,356,1,576,3,3154,0,30
576,356,1,577,6,3160,0,60
577,356,1,578,5,3165,0,50
578,356,1,579,7,3172,0,70
579,356,1,580,2,3174,0,20
580,356,1,581,3,3177,0,30
581,356,1,582,6,3183,0,60
582,356,1,583,6,3189,0,60
583,356,1,584,2,3191,0,20
584,356,1,585,7,3198,0,70
585,356,1,586,4,3202,0,40
586,356,1,587,5,3207,2466,50
587,356,1,588,9,3216,0,90
588,356,1,589,8,3224,0,80
589,356,1,590,4,3228,0,40
590,356,1,591,2,3230,0,20
591,356,1,592,8,3238,0,80
592,356,1,593,7,3245,0,70
593,356,1,594,5,3250,0,50
594,356,1,595,6,3256,0,60
595,356,1,596,7,3263,0,70
596,356,1,597,7,3270,0,70
597,356,1,598,4,3274,0,40
598,356,1,599,9,3283,764,90
599,356,1,600,3,3286,0,30
600,356,1,601,3,3289,0,30
601,356,1,602,9,3298,0,90
602,356,1,603,5,3303,0,50
603,356,1,604,7,3310,0,70
604,356,1,605,9,3319,0,90
605,356,1,606,7,3326,0,70
606,356,1,607,6,3332,0,60
607,356,1,608,3,3335,0,30
608,356,1,609,9,3344,0,90
609,356,1,610,4,3348,0,40
610,356,1,611,6,3354,0,60
611,356,1,612,3,3357,0,30
612,356,1,613,6,3363,0,60
613,356,1,614,4,3367,0,40
614,356,1,615,7,3374,0,70
615,356,1,616,8,3382,0,80
616,356,1,617,9,3391,0,90
617,356,1,618,8,3399,0,80
618,356,1,619,3,3402,0,30
619,356,1,620,2,3404,0,20
620,356,1,621,7,3411,0,70
621,356,1,622,3,3414,0,30
622,356,1,623,9,3423,0,90
623,356,1,624,8,3431,0,80
624,356,1,625,7,3438,0,70
625,356,1,626,8,3446,0,80
626,356,1,627,8,3454,1736,80
627,356,1,628,9,3463,0,90
628,356,1,629,4,3467,0,40
629,356,1,630,6,3473,0,60
630,356,1,631,6,3479,0,60
631,356,1,632,3,3482,0,30
632,356,1,633,6,3488,0,60
633,356,1,634,5,3493,0,50
634,356,1,635,5,3498,0,50
635,356,1,636,6,3504,0,60
636,356,1,637,9,3513,0,90
637,356,1,638,5,3518,0,50
638,356,1,639,7,3525,0,70
639,356,1,640,9,3534,822,90
640,356,1,641,9,3543,0,90
641,356,1,642,9,3552,0,90
642,356,1,643,2,3554,0,20
643,356,1,644,2,3556,0,20
644,356,1,645,7,3563,0,70
645,356,1,646,6,3569,0,60
646,356,1,647,5,3574,0,50
647,356,1,648,6,3580,0,60
648,356,1,649,6,3586,0,60
649,356,1,650,8,3594,0,80
650,356,1,651,7,3601,0,70
651,356,1,652,2,3603,0,20
652,356,1,653,2,3605,0,20
653,356,1,654,6,3611,0,60
654,356,1,655,4,3615,0,40
655,356,1,656,6,3621,0,60
656,356,1,657,6,3627,0,60
657,356,1,658,7,3634,0,70
658,356,1,659,5,3639,0,50
659,356,1,660,6,3645,0,60
660,356,1,661,6,3651,0,60
661,356,1,662,4,3655,0,40
662,356,1,663,4,3659,0,40
663,356,1,664,4,3663,0,40
664,356,1,665,6,3669,0,60
665,356,1,666,4,3673,0,40
666,356,1,667,8,3681,0,80
667,356,1,668,5,3686,0,50
668,356,1,669,5,3691,0,50
669,356,1,670,4,3695,0,40
670,356,1,671,8,3703,0,80
671,356,1,672,2,3705,0,20
672,356,1,673,2,3707,0,20
673,356,1,674,8,3715,0,80
674,356,1,675,9,3724,0,90
675,356,1,676,5,3729,1949,50
676,356,1,677,3,3732,26,30
677,356,1,678,7,3739,0,70
678,356,1,679,2,3741,0,20
679,356,1,680,4,3745,0,40
680,356,1,681,5,3750,0,50
681,356,1,682,3,3753,0,30
682,356,1,683,2,3755,0,20
683,356,1,684,5,3760,0,50
684,356,1,685,6,3766,0,60
685,356,1,686,7,3773,0,70
686,356,1,687,7,3780,0,70
687,356,1,688,2,3782,0,20
688,356,1,689,7,3789,0,70
689,356,1,690,7,3796,0,70
690,356,1,691,9,3805,0,90
691,356,1,692,2,3807,0,20
692,356,1,693,4,3811,840,40
693,356,1,694,2,3813,0,20
694,356,1,695,3,3816,0,30
695,356,1,696,4,3820,0,40
696,356,1,697,5,3825,0,50
697,356,1,698,3,3828,0,30
698,356,1,699,8,3836,0,80
699,356,1,700,5,3841,0,50
700,356,1,701,3,3844,0,30
701,356,1,702,3,3847,0,30
702,356,1,703,9,3856,0,90
703,356,1,704,3,3859,0,30
704,356,1,705,8,3867,0,80
705,356,1,706,2,3869,0,20
706,356,1,707,7,3876,0,70
707,356,1,708,8,3884,0,80
708,356,1,709,6,3890,0,60
709,356,1,710,5,3895,0,50
710,356,1,711,9,3904,0,90
711,356,1,712,7,3911,985,70
712,356,1,713,6,3917,0,60
713,356,1,714,8,3925,0,80
714,356,1,715,2,3927,0,20
715,356,1,716,5,3932,0,50
716,356,1,717,6,3938,0,60
717,356,1,718,2,3940,0,20
718,356,1,719,5,3945,0,50
719,356,1,720,9,3954,0,90
720,356,1,721,4,3958,0,40
721,356,1,722,2,3960,0,20
722,356,1,723,8,3968,0,80
723,356,1,724,8,3976,0,80
724,356,1,725,2,3978,0,20
725,356,1,726,6,3984,0,60
726,356,1,727,2,3986,0,20
727,356,1,728,9,3995,0,90
728,356,1,729,2,3997,0,20
729,356,1,730,7,4004,0,70
730,356,1,731,8,4012,0,80
731,356,1,732,8,4020,0,80
732,356,1,733,9,4029,0,90
733,356,1,734,6,4035,0,60
734,356,1,735,5,4040,0,50
735,356,1,736,8,4048,0,80
736,356,1,737,3,4051,0,30
737,356,1,738,4,4055,0,40
738,356,1,739,4,4059,0,40
739,356,1,740,5,4064,0,50
740,356,1,741,4,4068,0,40
741,356,1,742,2,4070,0,20
742,356,1,743,7,4077,0,70
743,356,1,744,8,4085,0,80
744,356,1,745,4,4089,0,40
745,356,1,746,9,4098,0,90
746,356,1,747,5,4103,0,50
747,356,1,748,7,4110,0,70
748,356,1,749,2,4112,0,20
749,356,1,750,9,4121,0,90
750,356,1,751,6,4127,0,60
751,356,1,752,8,4135,0,80
752,356,1,753,5,4140,0,50
753,356,1,754,5,4145,0,50
754,356,1,755,6,4151,0,60
755,356,1,756,9,4160,0,90
756,356,1,757,4,4164,0,40
757,356,1,758,9,4173,0,90
758,356,1,759,6,4179,0,60
759,356,1,760,6,4185,0,60
760,356,1,761,2,4187,0,20
761,356,1,762,3,4190,2802,30
762,356,1,763,9,4199,0,90
763,356,1,764,7,4206,0,70
764,356,1,765,9,4215,226,90
765,356,1,766,4,4219,0,40
766,356,1,767,5,4224,0,50
767,356,1,768,9,4233,0,90
768,356,1,769,9,4242,0,90
769,356,1,770,4,4246,0,40
770,356,1,771,3,4249,0,30
771,356,1,772,7,4256,0,70
772,356,1,773,7,4263,0,70
773,356,1,774,5,4268,0,50
774,356,1,775,2,4270,0,20
775,356,1,776,8,4278,0,80
776,356,1,777,6,4284,0,60
777,356,1,778,4,4288,0,40
778,356,1,779,9,4297,0,90
779,356,1,780,2,4299,0,20
780,356,1,781,9,4308,0,90
781,356,1,782,7,4315,0,70
782,356,1,783,2,4317,0,20
783,356,1,784,7,4324,1041,70
784,356,1,785,2,4326,0,20
785,356,1,786,9,4335,0,90
786,356,1,787,3,4338,0,30
787,356,1,788,7,4345,0,70
788,356,1,789,9,4354,0,90
789,356,1,790,2,4356,0,20
790,356,1,791,9,4365,0,90
791,356,1,792,8,4373,0,80
792,356,1,793,5,4378,0,50
793,356,1,794,4,4382,0,40
794,356,1,795,9,4391,0,90
795,356,1,796,7,4398,0,70
796,356,1,797,2,4400,0,20
797,356,1,798,8,4408,0,80
798,356,1,799,9,4417,0,90
799,356,1,800,5,4422,0,50
800,356,1,801,6,4428,0,60
801,356,1,802,7,4435,0,70
802,356,1,803,5,4440,0,50
803,356,1,804,5,4445,1255,50
804,356,1,805,9,4454,0,90
805,356,1,806,3,4457,0,30
806,356,1,807,5,4462,0,50
807,356,1,808,7,4469,0,70
808,356,1,809,8,4477,328,80
809,356,1,810,4,4481,0,40
810,356,1,811,9,4490,0,90
811,356,1,812,8,4498,0,80
812,356,1,813,4,4502,0,40
813,356,1,814,8,4510,0,80
814,356,1,815,2,4512,0,20
815,356,1,816,3,4515,0,30
816,356,1,817,3,4518,394,30
817,356,1,818,8,4526,0,80
818,356,1,819,4,4530,0,40
819,356,1,820,7,4537,0,70
820,356,1,821,4,4541,0,40
821,356,1,822,3,4544,0,30
822,356,1,823,6,4550,0,60
823,356,1,824,7,4557,0,70
824,356,1,825,5,4562,0,50
825,356,1,826,4,4566,0,40
826,356,1,827,7,4573,0,70
827,356,1,828,6,4579,0,60
828,356,1,829,6,4585,692,60
829,356,1,830,4,4589,0,40
830,356,1,831,6,4595,0,60
831,356,1,832,9,4604,0,90
832,356,1,833,5,4609,0,50
833,356,1,834,9,4618,0,90
834,356,1,835,2,4620,0,20
835,356,1,836,9,4629,0,90
836,356,1,837,8,4637,0,80
837,356,1,838,9,4646,0,90
838,356,1,839,9,4655,0,90
839,356,1,840,2,4657,0,20
840,356,1,841,6,4663,757,60
841,356,1,842,4,4667,0,40
842,356,1,843,4,4671,0,40
843,356,1,844,6,4677,0,60
844,356,1,845,2,4679,0,20
845,356,1,846,7,4686,0,70
846,356,1,847,5,4691,282,50
847,356,1,848,4,4695,0,40
848,356,1,849,9,4704,0,90
849,356,1,850,2,4706,0,20
850,356,1,851,7,4713,0,70
851,356,1,852,8,4721,0,80
852,356,1,853,2,4723,0,20
853,356,1,854,3,4726,0,30
854,356,1,855,5,4731,0,50
855,356,1,856,2,4733,0,20
856,356,1,857,6,4739,0,60
857,356,1,858,3,4742,0,30
858,356,1,859,5,4747,0,50
859,356,1,860,7,4754,0,70
860,356,1,861,7,4761,0,70
861,356,1,862,7,4768,0,70
862,356,1,863,6,4774,0,60
863,356,1,864,5,4779,0,50
864,356,1,865,6,4785,0,60
865,356,1,866,2,4787,0,20
866,356,1,867,9,4796,0,90
867,356,1,868,2,4798,0,20
868,356,1,869,2,4800,0,20
869,356,1,870,6,4806,0,60
870,356,1,871,8,4814,0,80
871,356,1,872,9,4823,0,90
872,356,1,873,5,4828,0,50
873,356,1,874,6,4834,0,60
874,356,1,875,5,4839,0,50
875,356,1,876,7,4846,0,70
876,356,1,877,3,4849,0,30
877,356,1,878,3,4852,1601,30
878,356,1,879,5,4857,0,50
879,356,1,880,2,4859,0,20
880,356,1,881,2,4861,0,20
881,356,1,882,3,4864,0,30
882,356,1,883,8,4872,0,80
883,356,1,884,9,4881,0,90
884,356,1,885,3,4884,0,30
885,356,1,886,8,4892,0,80
886,356,1,887,2,4894,0,20
887,356,1,888,6,4900,0,60
888,356,1,889,9,4909,0,90
889,356,1,890,8,4917,657,80
890,356,1,891,3,4920,0,30
891,356,1,892,4,4924,0,40
892,356,1,893,7,4931,0,70
893,356,1,894,3,4934,0,30
894,356,1,895,8,4942,0,80
895,356,1,896,7,4949,0,70
896,356,1,897,7,4956,0,70
897,356,1,898,6,4962,0,60
898,356,1,899,6,4968,0,60
899,356,1,900,5,4973,0,50
900,356,1,901,2,4975,605,20
901,356,1,902,7,4982,0,70
902,356,1,903,7,4989,0,70
903,356,1,904,4,4993,0,40
904,356,1,905,2,4995,0,20
905,356,1,906,4,4999,0,40
906,356,2,1,3,3,0,30
907,356,2,2,8,11,0,80
908,356,2,3,2,13,0,20
909,356,2,4,6,19,0,60
910,356,2,5,8,27,246,80
911,356,2,6,7,34,0,70
912,356,2,7,4,38,0,40
913,356,2,8,8,46,0,80
914,356,2,9,6,52,0,60
915,356,2,10,7,59,365,70
916,356,2,11,8,67,0,80
917,356,2,12,5,72,0,50
918,356,2,13,9,81,0,90
919,356,2,14,9,90,0,90
920,356,2,15,6,96,0,60
921,356,2,16,7,103,0,70
922,356,2,17,3,106,0,30
923,356,2,18,4,110,0,40
924,356,2,19,2,112,0,20
925,356,2,20,9,121,0,90
926,356,2,21,8,129,0,80
927,356,2,22,9,138,0,90
928,356,2,23,8,146,0,80
929,356,2,24,6,152,0,60
930,356,2,25,2,154,0,20
931,356,2,26,5,159,0,50
932,356,2,27,7,166,0,70
933,356,2,28,5,171,0,50
934,356,2,29,6,177,1191,60
935,356,2,30,9,186,0,90
936,356,2,31,2,188,0,20
937,356,2,32,9,197,0,90
938,356,2,33,4,201,0,40
939,356,2,34,9,210,0,90
940,356,2,35,4,214,0,40
941,356,2,36,9,223,0,90
942,356,2,37,4,227,0,40
943,356,2,38,8,235,0,80
944,356,2,39,8,243,0,80
945,356,2,40,4,247,0,40
946,356,2,41,2,249,0,20
947,356,2,42,9,258,0,90
948,356,2,43,2,260,0,20
949,356,2,44,8,268,0,80
950,356,2,45,6,274,0,60
951,356,2,46,3,277,0,30
952,356,2,47,6,283,0,60
953,356,2,48,2,285,0,20
954,356,2,49,6,291,0,60
955,356,2,50,6,297,0,60
956,356,2,51,3,300,0,30
957,356,2,52,3,303,0,30
958,356,2,53,4,307,0,40
959,356,2,54,3,310,0,30
960,356,2,55,3,313,0,30
961,356,2,56,7,320,0,70
962,356,2,57,9,329,0,90
963,356,2,58,9,338,0,90
964,356,2,59,5,343,0,50
965,356,2,60,7,350,0,70
966,356,2,61,3,353,0,30
967,356,2,62,8,361,0,80
968,356,2,63,6,367,0,60
969,356,2,64,2,369,1929,20
970,356,2,65,3,372,0,30
971,356,2,66,3,375,0,30
972,356,2,67,2,377,0,20
973,356,2,68,2,379,0,20
974,356,2,69,7,386,0,70
975,356,2,70,9,395,0,90
976,356,2,71,7,402,0,70
977,356,2,72,3,405,0,30
978,356,2,73,6,411,0,60
979,356,2,74,9,420,0,90
980,356,2,75,6,426,0,60
981,356,2,76,3,429,614,30
982,356,2,77,4,433,0,40
983,356,2,78,9,442,0,90
984,356,2,79,9,451,0,90
985,356,2,80,6,457,0,60
986,356,2,81,9,466,0,90
987,356,2,82,3,469,0,30
988,356,2,83,2,471,0,20
989,356,2,84,9,480,0,90
990,356,2,85,2,482,0,20
991,356,2,86,7,489,0,70
992,356,2,87,6,495,0,60
993,356,2,88,7,502,0,70
994,356,2,89,6,508,0,60
995,356,2,90,6,514,0,60
996,356,2,91,2,516,0,20
997,356,2,92,6,522,0,60
998,356,2,93,4,526,0,40
999,356,2,94,5,531,0,50
1000,356,2,95,8,539,0,80
1001,356,2,96,4,543,0,40
1002,356,2,97,2,545,0,20
1003,356,2,98,6,551,1177,60
1004,356,2,99,4,555,0,40
1005,356,2,100,9,564,0,90
1006,356,2,101,2,566,0,20
1007,356,2,102,7,573,0,70
1008,356,2,103,4,577,0,40
1009,356,2,104,8,585,0,80
1010,356,2,105,2,587,0,20
1011,356,2,106,6,593,0,60
1012,356,2,107,5,598,0,50
1013,356,2,108,8,606,0,80
1014,356,2,109,4,610,0,40
1015,356,2,110,9,619,0,90
1016,356,2,111,9,628,0,90
1017,356,2,112,5,633,844,50
1018,356,2,113,3,636,0,30
1019,356,2,114,2,638,0,20
1020,356,2,115,4,642,84,40
1021,356,2,116,4,646,0,40
1022,356,2,117,3,649,0,30
1023,356,2,118,7,656,0,70
1024,356,2,119,8,664,0,80
1025,356,2,120,5,669,0,50
1026,356,2,121,4,673,0,40
1027,356,2,122,4,677,0,40
1028,356,2,123,9,686,0,90
1029,356,2,124,5,691,497,50
1030,356,2,125,3,694,0,30
1031,356,2,126,8,702,0,80
1032,356,2,127,6,708,0,60
1033,356,2,128,9,717,0,90
1034,356,2,129,4,721,0,40
1035,356,2,130,3,724,0,30
1036,356,2,131,2,726,0,20
1037,356,2,132,3,729,0,30
1038,356,2,133,4,733,0,40
1039,356,2,134,6,739,0,60
1040,356,2,135,4,743,0,40
1041,356,2,136,7,750,568,70
1042,356,2,137,8,758,0,80
1043,356,2,138,4,762,102,40
1044,356,2,139,3,765,0,30
1045,356,2,140,5,770,0,50
1046,356,2,141,7,777,0,70
1047,356,2,142,2,779,0,20
1048,356,2,143,7,786,0,70
1049,356,2,144,2,788,0,20
1050,356,2,145,5,793,0,50
1051,356,2,146,6,799,0,60
1052,356,2,147,2,801,0,20
1053,356,2,148,9,810,0,90
1054,356,2,149,2,812,0,20
1055,356,2,150,4,816,0,40
1056,356,2,151,5,821,546,50
1057,356,2,152,3,824,0,30
1058,356,2,153,4,828,0,40
1059,356,2,154,9,837,0,90
1060,356,2,155,4,841,0,40
1061,356,2,156,9,850,0,90
1062,356,2,157,7,857,0,70
1063,356,2,158,6,863,0,60
1064,356,2,159,5,868,0,50
1065,356,2,160,5,873,0,50
1066,356,2,161,2,875,0,20
1067,356,2,162,6,881,0,60
1068,356,2,163,8,889,0,80
1069,356,2,164,9,898,0,90
1070,356,2,165,2,900,0,20
1071,356,2,166,6,906,0,60
1072,356,2,167,2,908,0,20
1073,356,2,168,7,915,0,70
1074,356,2,169,2,917,0,20
1075,356,2,170,4,921,0,40
1076,356,2,171,6,927,0,60
1077,356,2,172,8,935,0,80
1078,356,2,173,8,943,0,80
1079,356,2,174,5,948,0,50
1080,356,2,175,6,954,0,60
1081,356,2,176,4,958,0,40
1082,356,2,177,2,960,0,20
1083,356,2,178,8,968,0,80
1084,356,2,179,6,974,0,60
1085,356,2,180,9,983,0,90
1086,356,2,181,6,989,0,60
1087,356,2,182,4,993,1680,40
1088,356,2,183,5,998,0,50
1089,356,2,184,9,1007,0,90
1090,356,2,185,5,1012,0,50
1091,356,2,186,6,1018,0,60
1092,356,2,187,6,1024,0,60
1093,356,2,188,6,1030,0,60
1094,356,2,189,9,1039,0,90
1095,356,2,190,5,1044,0,50
1096,356,2,191,6,1050,0,60
1097,356,2,192,5,1055,0,50
1098,356,2,193,2,1057,0,20
1099,356,2,194,4,1061,0,40
1100,356,2,195,5,1066,0,50
1101,356,2,196,5,1071,0,50
1102,356,2,197,7,1078,0,70
1103,356,2,198,6,1084,0,60
1104,356,2,199,5,1089,0,50
1105,356,2,200,9,1098,0,90
1106,356,2,201,4,1102,0,40
1107,356,2,202,6,1108,0,60
1108,356,2,203,7,1115,0,70
1109,356,2,204,3,1118,0,30
1110,356,2,205,2,1120,0,20
1111,356,2,206,2,1122,0,20
1112,356,2,207,5,1127,0,50
1113,356,2,208,2,1129,0,20
1114,356,2,209,3,1132,0,30
1115,356,2,210,6,1138,0,60
1116,356,2,211,7,1145,0,70
1117,356,2,212,5,1150,0,50
1118,356,2,213,3,1153,0,30
1119,356,2,214,2,1155,0,20
1120,356,2,215,6,1161,0,60
1121,356,2,216,4,1165,0,40
1122,356,2,217,9,1174,0,90
1123,356,2,218,3,1177,0,30
1124,356,2,219,4,1181,0,40
1125,356,2,220,2,1183,0,20
1126,356,2,221,8,1191,0,80
1127,356,2,222,2,1193,0,20
1128,356,2,223,4,1197,0,40
1129,356,2,224,7,1204,0,70
1130,356,2,225,5,1209,0,50
1131,356,2,226,4,1213,0,40
1132,356,2,227,6,1219,0,60
1133,356,2,228,8,1227,0,80
1134,356,2,229,7,1234,0,70
1135,356,2,230,4,1238,0,40
1136,356,2,231,3,1241,0,30
1137,356,2,232,5,1246,0,50
1138,356,2,233,8,1254,0,80
1139,356,2,234,9,1263,0,90
1140,356,2,235,8,1271,0,80
1141,356,2,236,7,1278,0,70
1142,356,2,237,5,1283,0,50
1143,356,2,238,8,1291,0,80
1144,356,2,239,9,1300,3131,90
1145,356,2,240,6,1306,0,60
1146,356,2,241,9,1315,0,90
1147,356,2,242,9,1324,0,90
1148,356,2,243,2,1326,0,20
1149,356,2,244,9,1335,0,90
1150,356,2,245,4,1339,0,40
1151,356,2,246,7,1346,0,70
1152,356,2,247,9,1355,0,90
1153,356,2,248,3,1358,0,30
1154,356,2,249,4,1362,603,40
1155,356,2,250,3,1365,0,30
1156,356,2,251,9,1374,0,90
1157,356,2,252,5,1379,0,50
1158,356,2,253,8,1387,0,80
1159,356,2,254,3,1390,0,30
1160,356,2,255,2,1392,291,20
1161,356,2,256,7,1399,0,70
1162,356,2,257,5,1404,0,50
1163,356,2,258,3,1407,0,30
1164,356,2,259,3,1410,0,30
1165,356,2,260,6,1416,0,60
1166,356,2,261,9,1425,0,90
1167,356,2,262,3,1428,0,30
1168,356,2,263,8,1436,0,80
1169,356,2,264,6,1442,0,60
1170,356,2,265,2,1444,0,20
1171,356,2,266,6,1450,0,60
1172,356,2,267,9,1459,0,90
1173,356,2,268,9,1468,0,90
1174,356,2,269,3,1471,0,30
1175,356,2,270,3,1474,0,30
1176,356,2,271,2,1476,0,20
1177,356,2,272,6,1482,0,60
1178,356,2,273,4,1486,0,40
1179,356,2,274,4,1490,0,40
1180,356,2,275,8,1498,0,80
1181,356,2,276,5,1503,0,50
1182,356,2,277,2,1505,0,20
1183,356,2,278,8,1513,0,80
1184,356,2,279,4,1517,0,40
1185,356,2,280,3,1520,0,30
1186,356,2,281,9,1529,0,90
1187,356,2,282,6,1535,0,60
1188,356,2,283,5,1540,0,50
1189,356,2,284,2,1542,1439,20
1190,356,2,285,6,1548,74,60
1191,356,2,286,2,1550,0,20
1192,356,2,287,4,1554,0,40
1193,356,2,288,6,1560,0,60
1194,356,2,289,2,1562,0,20
1195,356,2,290,4,1566,0,40
1196,356,2,291,5,1571,0,50
1197,356,2,292,4,1575,0,40
1198,356,2,293,6,1581,0,60
1199,356,2,294,7,1588,0,70
1200,356,2,295,3,1591,0,30
1201,356,2,296,4,1595,0,40
1202,356,2,297,2,1597,0,20
1203,356,2,298,9,1606,0,90
1204,356,2,299,5,1611,0,50
1205,356,2,300,7,1618,0,70
1206,356,2,301,5,1623,0,50
1207,356,2,302,3,1626,0,30
1208,356,2,303,4,1630,0,40
1209,356,2,304,4,1634,0,40
1210,356,2,305,8,1642,0,80
1211,356,2,306,6,1648,0,60
1212,356,2,307,2,1650,0,20
1213,356,2,308,6,1656,0,60
1214,356,2,309,6,1662,0,60
1215,356,2,310,4,1666,0,40
1216,356,2,311,4,1670,0,40
1217,356,2,312,8,1678,0,80
1218,356,2,313,5,1683,0,50
1219,356,2,314,5,1688,0,50
1220,356,2,315,2,1690,0,20
1221,356,2,316,6,1696,0,60
1222,356,2,317,8,1704,0,80
1223,356,2,318,4,1708,0,40
1224,356,2,319,3,1711,0,30
1225,356,2,320,8,1719,0,80
1226,356,2,321,3,1722,0,30
1227,356,2,322,2,1724,0,20
1228,356,2,323,4,1728,0,40
1229,356,2,324,2,1730,0,20
1230,356,2,325,5,1735,0,50
1231,356,2,326,9,1744,0,90
1232,356,2,327,6,1750,0,60
1233,356,2,328,9,1759,0,90
1234,356,2,329,6,1765,0,60
1235,356,2,330,5,1770,0,50
1236,356,2,331,3,1773,0,30
1237,356,2,332,8,1781,0,80
1238,356,2,333,6,1787,0,60
1239,356,2,334,6,1793,0,60
1240,356,2,335,7,1800,0,70
1241,356,2,336,6,1806,0,60
1242,356,2,337,6,1812,0,60
1243,356,2,338,5,1817,0,50
1244,356,2,339,3,1820,0,30
1245,356,2,340,9,1829,0,90
1246,356,2,341,2,1831,0,20
1247,356,2,342,5,1836,0,50
1248,356,2,343,4,1840,0,40
1249,356,2,344,8,1848,0,80
1250,356,2,345,4,1852,0,40
1251,356,2,346,4,1856,0,40
1252,356,2,347,6,1862,0,60
1253,356,2,348,6,1868,0,60
1254,356,2,349,6,1874,0,60
1255,356,2,350,2,1876,0,20
1256,356,2,351,8,1884,0,80
1257,356,2,352,6,1890,0,60
1258,356,2,353,9,1899,3632,90
1259,356,2,354,9,1908,0,90
1260,356,2,355,4,1912,0,40
1261,356,2,356,8,1920,0,80
1262,356,2,357,2,1922,0,20
1263,356,2,358,5,1927,0,50
1264,356,2,359,3,1930,0,30
1265,356,2,360,8,1938,0,80
1266,356,2,361,7,1945,472,70
1267,356,2,362,5,1950,0,50
1268,356,2,363,3,1953,0,30
1269,356,2,364,4,1957,0,40
1270,356,2,365,2,1959,0,20
1271,356,2,366,6,1965,0,60
1272,356,2,367,9,1974,0,90
1273,356,2,368,8,1982,0,80
1274,356,2,369,8,1990,0,80
1275,356,2,370,2,1992,0,20
1276,356,2,371,6,1998,0,60
1277,356,2,372,5,2003,0,50
1278,356,2,373,8,2011,0,80
1279,356,2,374,3,2014,0,30
1280,356,2,375,3,2017,763,30
1281,356,2,376,5,2022,0,50
1282,356,2,377,7,2029,0,70
1283,356,2,378,9,2038,0,90
1284,356,2,379,3,2041,0,30
1285,356,2,380,7,2048,320,70
1286,356,2,381,2,2050,0,20
1287,356,2,382,2,2052,0,20
1288,356,2,383,7,2059,0,70
1289,356,2,384,4,2063,0,40
1290,356,2,385,7,2070,0,70
1291,356,2,386,7,2077,0,70
1292,356,2,387,5,2082,0,50
1293,356,2,388,4,2086,0,40
1294,356,2,389,3,2089,0,30
1295,356,2,390,7,2096,0,70
1296,356,2,391,5,2101,0,50
1297,356,2,392,2,2103,0,20
1298,356,2,393,3,2106,0,30
1299,356,2,394,3,2109,0,30
1300,356,2,395,4,2113,0,40
1301,356,2,396,6,2119,0,60
1302,356,2,397,4,2123,0,40
1303,356,2,398,7,2130,0,70
1304,356,2,399,8,2138,0,80
1305,356,2,400,6,2144,0,60
1306,356,2,401,9,2153,0,90
1307,356,2,402,9,2162,0,90
1308,356,2,403,7,2169,1234,70
1309,356,2,404,7,2176,0,70
1310,356,2,405,6,2182,0,60
1311,356,2,406,7,2189,0,70
1312,356,2,407,8,2197,0,80
1313,356,2,408,9,2206,0,90
1314,356,2,409,4,2210,0,40
1315,356,2,410,4,2214,0,40
1316,356,2,411,3,2217,0,30
1317,356,2,412,5,2222,0,50
1318,356,2,413,2,2224,0,20
1319,356,2,414,5,2229,0,50
1320,356,2,415,6,2235,0,60
1321,356,2,416,8,2243,0,80
1322,356,2,417,4,2247,0,40
1323,356,2,418,4,2251,0,40
1324,356,2,419,8,2259,0,80
1325,356,2,420,5,2264,0,50
1326,356,2,421,2,2266,0,20
1327,356,2,422,6,2272,0,60
1328,356,2,423,2,2274,0,20
1329,356,2,424,4,2278,0,40
1330,356,2,425,8,2286,0,80
1331,356,2,426,4,2290,0,40
1332,356,2,427,5,2295,1205,50
1333,356,2,428,8,2303,0,80
1334,356,2,429,2,2305,0,20
1335,356,2,430,2,2307,0,20
1336,356,2,431,7,2314,0,70
1337,356,2,432,4,2318,0,40
1338,356,2,433,6,2324,0,60
1339,356,2,434,6,2330,0,60
1340,356,2,435,9,2339,0,90
1341,356,2,436,7,2346,0,70
1342,356,2,437,9,2355,0,90
1343,356,2,438,2,2357,0,20
1344,356,2,439,8,2365,0,80
1345,356,2,440,8,2373,0,80
1346,356,2,441,7,2380,0,70
1347,356,2,442,8,2388,0,80
1348,356,2,443,5,2393,0,50
1349,356,2,444,7,2400,0,70
1350,356,2,445,3,2403,0,30
1351,356,2,446,9,2412,1161,90
1352,356,2,447,8,2420,0,80
1353,356,2,448,6,2426,0,60
1354,356,2,449,2,2428,0,20
1355,356,2,450,7,2435,0,70
1356,356,2,451,3,2438,0,30
1357,356,2,452,3,2441,0,30
1358,356,2,453,9,2450,0,90
1359,356,2,454,7,2457,0,70
1360,356,2,455,2,2459,0,20
1361,356,2,456,8,2467,0,80
1362,356,2,457,8,2475,0,80
1363,356,2,458,5,2480,0,50
1364,356,2,459,4,2484,0,40
1365,356,2,460,7,2491,0,70
1366,356,2,461,3,2494,0,30
1367,356,2,462,4,2498,0,40
1368,356,2,463,6,2504,0,60
1369,356,2,464,6,2510,0,60
1370,356,2,465,2,2512,0,20
1371,356,2,466,5,2517,0,50
1372,356,2,467,2,2519,0,20
1373,356,2,468,3,2522,0,30
1374,356,2,469,5,2527,0,50
1375,356,2,470,9,2536,0,90
1376,356,2,471,3,2539,0,30
1377,356,2,472,7,2546,0,70
1378,356,2,473,4,2550,0,40
1379,356,2,474,9,2559,0,90
1380,356,2,475,6,2565,0,60
1381,356,2,476,8,2573,0,80
1382,356,2,477,6,2579,0,60
1383,356,2,478,6,2585,0,60
1384,356,2,479,8,2593,0,80
1385,356,2,480,7,2600,0,70
1386,356,2,481,5,2605,0,50
1387,356,2,482,6,2611,0,60
1388,356,2,483,9,2620,2113,90
1389,356,2,484,2,2622,0,20
1390,356,2,485,2,2624,0,20
1391,356,2,486,5,2629,0,50
1392,356,2,487,8,2637,0,80
1393,356,2,488,8,2645,0,80
1394,356,2,489,5,2650,0,50
1395,356,2,490,8,2658,0,80
1396,356,2,491,9,2667,0,90
1397,356,2,492,3,2670,0,30
1398,356,2,493,4,2674,0,40
1399,356,2,494,9,2683,0,90
1400,356,2,495,5,2688,695,50
1401,356,2,496,5,2693,0,50
1402,356,2,497,6,2699,121,60
1403,356,2,498,3,2702,0,30
1404,356,2,499,7,2709,0,70
1405,356,2,500,6,2715,156,60
1406,356,2,501,8,2723,0,80
1407,356,2,502,9,2732,0,90
1408,356,2,503,8,2740,0,80
1409,356,2,504,5,2745,0,50
1410,356,2,505,6,2751,0,60
1411,356,2,506,9,2760,450,90
1412,356,2,507,5,2765,0,50
1413,356,2,508,8,2773,0,80
1414,356,2,509,2,2775,145,20
1415,356,2,510,9,2784,0,90
1416,356,2,511,9,2793,0,90
1417,356,2,512,8,2801,0,80
1418,356,2,513,6,2807,0,60
1419,356,2,514,4,2811,0,40
1420,356,2,515,2,2813,0,20
1421,356,2,516,8,2821,0,80
1422,356,2,517,9,2830,0,90
1423,356,2,518,8,2838,0,80
1424,356,2,519,5,2843,0,50
1425,356,2,520,6,2849,0,60
1426,356,2,521,9,2858,0,90
1427,356,2,522,9,2867,0,90
1428,356,2,523,8,2875,0,80
1429,356,2,524,2,2877,0,20
1430,356,2,525,3,2880,0,30
1431,356,2,526,9,2889,0,90
1432,356,2,527,7,2896,0,70
1433,356,2,528,2,2898,1205,20
1434,356,2,529,4,2902,0,40
1435,356,2,530,4,2906,0,40
1436,356,2,531,2,2908,0,20
1437,356,2,532,4,2912,0,40
1438,356,2,533,8,2920,0,80
1439,356,2,534,6,2926,0,60
1440,356,2,535,9,2935,0,90
1441,356,2,536,6,2941,0,60
1442,356,2,537,7,2948,0,70
1443,356,2,538,9,2957,0,90
1444,356,2,539,8,2965,0,80
1445,356,2,540,8,2973,0,80
1446,356,2,541,7,2980,0,70
1447,356,2,542,2,2982,0,20
1448,356,2,543,7,2989,0,70
1449,356,2,544,4,2993,0,40
1450,356,2,545,7,3000,0,70
1451,356,2,546,8,3008,0,80
1452,356,2,547,6,3014,0,60
1453,356,2,548,8,3022,0,80
1454,356,2,549,3,3025,0,30
1455,356,2,550,4,3029,0,40
1456,356,2,551,9,3038,0,90
1457,356,2,552,3,3041,0,30
1458,356,2,553,9,3050,0,90
1459,356,2,554,4,3054,0,40
1460,356,2,555,9,3063,0,90
1461,356,2,556,6,3069,0,60
1462,356,2,557,6,3075,0,60
1463,356,2,558,9,3084,0,90
1464,356,2,559,9,3093,0,90
1465,356,2,560,2,3095,0,20
1466,356,2,561,2,3097,0,20
1467,356,2,562,5,3102,0,50
1468,356,2,563,8,3110,0,80
1469,356,2,564,6,3116,0,60
1470,356,2,565,9,3125,0,90
1471,356,2,566,2,3127,0,20
1472,356,2,567,2,3129,0,20
1473,356,2,568,2,3131,0,20
1474,356,2,569,9,3140,0,90
1475,356,2,570,6,3146,0,60
1476,356,2,571,8,3154,0,80
1477,356,2,572,5,3159,2623,50
1478,356,2,573,3,3162,0,30
1479,356,2,574,6,3168,0,60
1480,356,2,575,9,3177,0,90
1481,356,2,576,7,3184,0,70
1482,356,2,577,2,3186,0,20
1483,356,2,578,9,3195,0,90
1484,356,2,579,4,3199,0,40
1485,356,2,580,2,3201,0,20
1486,356,2,581,2,3203,0,20
1487,356,2,582,2,3205,0,20
1488,356,2,583,2,3207,0,20
1489,356,2,584,2,3209,0,20
1490,356,2,585,4,3213,0,40
1491,356,2,586,9,3222,0,90
1492,356,2,587,2,3224,0,20
1493,356,2,588,9,3233,0,90
1494,356,2,589,2,3235,0,20
1495,356,2,590,6,3241,0,60
1496,356,2,591,5,3246,0,50
1497,356,2,592,9,3255,0,90
1498,356,2,593,5,3260,0,50
1499,356,2,594,8,3268,0,80
1500,356,2,595,2,3270,0,20
1501,356,2,596,9,3279,0,90
1502,356,2,597,6,3285,0,60
1503,356,2,598,4,3289,0,40
1504,356,2,599,3,3292,0,30
1505,356,2,600,8,3300,0,80
1506,356,2,601,5,3305,1450,50
1507,356,2,602,3,3308,0,30
1508,356,2,603,8,3316,0,80
1509,356,2,604,5,3321,0,50
1510,356,2,605,6,3327,0,60
1511,356,2,606,9,3336,0,90
1512,356,2,607,5,3341,0,50
1513,356,2,608,6,3347,0,60
1514,356,2,609,9,3356,0,90
1515,356,2,610,4,3360,0,40
1516,356,2,611,2,3362,0,20
1517,356,2,612,5,3367,0,50
1518,356,2,613,6,3373,0,60
1519,356,2,614,4,3377,0,40
1520,356,2,615,3,3380,0,30
1521,356,2,616,5,3385,0,50
1522,356,2,617,8,3393,0,80
1523,356,2,618,4,3397,0,40
1524,356,2,619,5,3402,0,50
1525,356,2,620,7,3409,0,70
1526,356,2,621,5,3414,0,50
1527,356,2,622,4,3418,0,40
1528,356,2,623,2,3420,0,20
1529,356,2,624,5,3425,0,50
1530,356,2,625,7,3432,0,70
1531,356,2,626,9,3441,0,90
1532,356,2,627,7,3448,0,70
1533,356,2,628,6,3454,1491,60
1534,356,2,629,7,3461,0,70
1535,356,2,630,8,3469,0,80
1536,356,2,631,8,3477,0,80
1537,356,2,632,8,3485,0,80
1538,356,2,633,9,3494,0,90
1539,356,2,634,7,3501,0,70
1540,356,2,635,5,3506,0,50
1541,356,2,636,9,3515,0,90
1542,356,2,637,6,3521,0,60
1543,356,2,638,3,3524,0,30
1544,356,2,639,3,3527,0,30
1545,356,2,640,4,3531,0,40
1546,356,2,641,4,3535,0,40
1547,356,2,642,5,3540,0,50
1548,356,2,643,7,3547,0,70
1549,356,2,644,9,3556,1002,90
1550,356,2,645,3,3559,28,30
1551,356,2,646,3,3562,0,30
1552,356,2,647,2,3564,0,20
1553,356,2,648,4,3568,0,40
1554,356,2,649,7,3575,0,70
1555,356,2,650,5,3580,0,50
1556,356,2,651,3,3583,0,30
1557,356,2,652,2,3585,0,20
1558,356,2,653,4,3589,0,40
1559,356,2,654,4,3593,0,40
1560,356,2,655,4,3597,0,40
1561,356,2,656,3,3600,0,30
1562,356,2,657,8,3608,0,80
1563,356,2,658,3,3611,520,30
1564,356,2,659,9,3620,0,90
1565,356,2,660,8,3628,0,80
1566,356,2,661,5,3633,0,50
1567,356,2,662,4,3637,0,40
1568,356,2,663,5,3642,0,50
1569,356,2,664,7,3649,0,70
1570,356,2,665,7,3656,0,70
1571,356,2,666,2,3658,0,20
1572,356,2,667,5,3663,0,50
1573,356,2,668,4,3667,0,40
1574,356,2,669,4,3671,0,40
1575,356,2,670,2,3673,0,20
1576,356,2,671,3,3676,615,30
1577,356,2,672,8,3684,0,80
1578,356,2,673,3,3687,110,30
1579,356,2,674,7,3694,0,70
1580,356,2,675,8,3702,0,80
1581,356,2,676,7,3709,0,70
1582,356,2,677,2,3711,0,20
1583,356,2,678,9,3720,0,90
1584,356,2,679,9,3729,0,90
1585,356,2,680,6,3735,0,60
1586,356,2,681,6,3741,0,60
1587,356,2,682,7,3748,0,70
1588,356,2,683,6,3754,0,60
1589,356,2,684,8,3762,0,80
1590,356,2,685,7,3769,850,70
1591,356,2,686,4,3773,0,40
1592,356,2,687,6,3779,0,60
1593,356,2,688,7,3786,0,70
1594,356,2,689,2,3788,0,20
1595,356,2,690,3,3791,0,30
1596,356,2,691,5,3796,0,50
1597,356,2,692,5,3801,0,50
1598,356,2,693,3,3804,0,30
1599,356,2,694,6,3810,0,60
1600,356,2,695,6,3816,0,60
1601,356,2,696,4,3820,0,40
1602,356,2,697,3,3823,0,30
1603,356,2,698,2,3825,0,20
1604,356,2,699,6,3831,0,60
1605,356,2,700,3,3834,0,30
1606,356,2,701,8,3842,0,80
1607,356,2,702,7,3849,0,70
1608,356,2,703,8,3857,0,80
1609,356,2,704,4,3861,0,40
1610,356,2,705,5,3866,0,50
1611,356,2,706,2,3868,0,20
1612,356,2,707,5,3873,0,50
1613,356,2,708,2,3875,0,20
1614,356,2,709,4,3879,0,40
1615,356,2,710,7,3886,0,70
1616,356,2,711,6,3892,0,60
1617,356,2,712,8,3900,0,80
1618,356,2,713,3,3903,0,30
1619,356,2,714,9,3912,0,90
1620,356,2,715,3,3915,0,30
1621,356,2,716,8,3923,0,80
1622,356,2,717,4,3927,0,40
1623,356,2,718,5,3932,0,50
1624,356,2,719,2,3934,0,20
1625,356,2,720,3,3937,0,30
1626,356,2,721,5,3942,0,50
1627,356,2,722,9,3951,0,90
1628,356,2,723,5,3956,0,50
1629,356,2,724,2,3958,0,20
1630,356,2,725,5,3963,0,50
1631,356,2,726,9,3972,0,90
1632,356,2,727,7,3979,0,70
1633,356,2,728,2,3981,0,20
1634,356,2,729,9,3990,0,90
1635,356,2,730,3,3993,0,30
1636,356,2,731,5,3998,0,50
1637,356,2,732,8,4006,2378,80
1638,356,2,733,2,4008,0,20
1639,356,2,734,3,4011,0,30
1640,356,2,735,6,4017,0,60
1641,356,2,736,3,4020,0,30
1642,356,2,737,7,4027,0,70
1643,356,2,738,4,4031,0,40
1644,356,2,739,2,4033,0,20
1645,356,2,740,8,4041,0,80
1646,356,2,741,6,4047,0,60
1647,356,2,742,5,4052,0,50
1648,356,2,743,8,4060,0,80
1649,356,2,744,9,4069,0,90
1650,356,2,745,2,4071,0,20
1651,356,2,746,7,4078,0,70
1652,356,2,747,2,4080,0,20
1653,356,2,748,6,4086,0,60
1654,356,2,749,3,4089,0,30
1655,356,2,750,8,4097,0,80
1656,356,2,751,4,4101,0,40
1657,356,2,752,3,4104,0,30
1658,356,2,753,7,4111,0,70
1659,356,2,754,6,4117,0,60
1660,356,2,755,3,4120,0,30
1661,356,2,756,9,4129,0,90
1662,356,2,757,2,4131,0,20
1663,356,2,758,5,4136,0,50
1664,356,2,759,8,4144,0,80
1665,356,2,760,4,4148,0,40
1666,356,2,761,2,4150,1453,20
1667,356,2,762,2,4152,24,20
1668,356,2,763,9,4161,0,90
1669,356,2,764,4,4165,0,40
1670,356,2,765,3,4168,0,30
1671,356,2,766,2,4170,0,20
1672,356,2,767,4,4174,0,40
1673,356,2,768,6,4180,0,60
1674,356,2,769,9,4189,0,90
1675,356,2,770,4,4193,0,40
1676,356,2,771,2,4195,0,20
1677,356,2,772,5,4200,0,50
1678,356,2,773,6,4206,0,60
1679,356,2,774,7,4213,0,70
1680,356,2,775,8,4221,0,80
1681,356,2,776,6,4227,0,60
1682,356,2,777,3,4230,0,30
1683,356,2,778,3,4233,0,30
1684,356,2,779,6,4239,0,60
1685,356,2,780,5,4244,0,50
1686,356,2,781,8,4252,0,80
1687,356,2,782,7,4259,0,70
1688,356,2,783,2,4261,0,20
1689,356,2,784,2,4263,0,20
1690,356,2,785,6,4269,0,60
1691,356,2,786,8,4277,0,80
1692,356,2,787,7,4284,0,70
1693,356,2,788,6,4290,0,60
1694,356,2,789,6,4296,0,60
1695,356,2,790,4,4300,0,40
1696,356,2,791,2,4302,0,20
1697,356,2,792,4,4306,0,40
1698,356,2,793,7,4313,0,70
1699,356,2,794,3,4316,0,30
1700,356,2,795,8,4324,0,80
1701,356,2,796,4,4328,0,40
1702,356,2,797,7,4335,0,70
1703,356,2,798,4,4339,0,40
1704,356,2,799,8,4347,0,80
1705,356,2,800,4,4351,0,40
1706,356,2,801,3,4354,0,30
1707,356,2,802,4,4358,0,40
1708,356,2,803,8,4366,0,80
1709,356,2,804,2,4368,0,20
1710,356,2,805,9,4377,0,90
1711,356,2,806,6,4383,0,60
1712,356,2,807,8,4391,0,80
1713,356,2,808,7,4398,0,70
1714,356,2,809,6,4404,0,60
1715,356,2,810,2,4406,0,20
1716,356,2,811,7,4413,0,70
1717,356,2,812,6,4419,0,60
1718,356,2,813,4,4423,0,40
1719,356,2,814,9,4432,0,90
1720,356,2,815,6,4438,0,60
1721,356,2,816,7,4445,0,70
1722,356,2,817,2,4447,0,20
1723,356,2,818,4,4451,0,40
1724,356,2,819,2,4453,0,20
1725,356,2,820,2,4455,0,20
1726,356,2,821,3,4458,0,30
1727,356,2,822,7,4465,0,70
1728,356,2,823,3,4468,0,30
1729,356,2,824,8,4476,0,80
1730,356,2,825,9,4485,0,90
1731,356,2,826,4,4489,0,40
1732,356,2,827,4,4493,0,40
1733,356,2,828,9,4502,0,90
1734,356,2,829,8,4510,0,80
1735,356,2,830,9,4519,0,90
1736,356,2,831,5,4524,0,50
1737,356,2,832,9,4533,0,90
1738,356,2,833,9,4542,0,90
1739,356,2,834,6,4548,0,60
1740,356,2,835,2,4550,0,20
1741,356,2,836,2,4552,0,20
1742,356,2,837,8,4560,0,80
1743,356,2,838,4,4564,0,40
1744,356,2,839,6,4570,0,60
1745,356,2,840,4,4574,0,40
1746,356,2,841,5,4579,0,50
1747,356,2,842,8,4587,0,80
1748,356,2,843,3,4590,0,30
1749,356,2,844,8,4598,0,80
1750,356,2,845,7,4605,0,70
1751,356,2,846,5,4610,0,50
1752,356,2,847,3,4613,0,30
1753,356,2,848,5,4618,0,50
1754,356,2,849,2,4620,0,20
1755,356,2,850,6,4626,0,60
1756,356,2,851,3,4629,0,30
1757,356,2,852,3,4632,0,30
1758,356,2,853,6,4638,0,60
1759,356,2,854,6,4644,0,60
1760,356,2,855,9,4653,0,90
1761,356,2,856,8,4661,0,80
1762,356,2,857,2,4663,0,20
1763,356,2,858,6,4669,0,60
1764,356,2,859,4,4673,0,40
1765,356,2,860,9,4682,0,90
1766,356,2,861,4,4686,0,40
1767,356,2,862,6,4692,0,60
1768,356,2,863,4,4696,0,40
1769,356,2,864,3,4699,0,30
1770,356,2,865,7,4706,0,70
1771,356,2,866,5,4711,0,50
1772,356,2,867,8,4719,0,80
1773,356,2,868,8,4727,0,80
1774,356,2,869,6,4733,0,60
1775,356,2,870,7,4740,0,70
1776,356,2,871,9,4749,0,90
1777,356,2,872,3,4752,0,30
1778,356,2,873,5,4757,0,50
1779,356,2,874,3,4760,0,30
1780,356,2,875,2,4762,0,20
1781,356,2,876,4,4766,6251,40
1782,356,2,877,2,4768,0,20
1783,356,2,878,2,4770,0,20
1784,356,2,879,3,4773,0,30
1785,356,2,880,5,4778,0,50
1786,356,2,881,8,4786,0,80
1787,356,2,882,5,4791,0,50
1788,356,2,883,6,4797,0,60
1789,356,2,884,5,4802,0,50
1790,356,2,885,2,4804,0,20
1791,356,2,886,9,4813,0,90
1792,356,2,887,7,4820,0,70
1793,356,2,888,6,4826,611,60
1794,356,2,889,9,4835,0,90
1795,356,2,890,3,4838,0,30
1796,356,2,891,4,4842,0,40
1797,356,2,892,5,4847,0,50
1798,356,2,893,4,4851,0,40
1799,356,2,894,7,4858,0,70
1800,356,2,895,2,4860,0,20
1801,356,2,896,8,4868,0,80
1802,356,2,897,6,4874,0,60
1803,356,2,898,6,4880,0,60
1804,356,2,899,2,4882,0,20
1805,356,2,900,9,4891,622,90
1806,356,2,901,7,4898,0,70
1807,356,2,902,5,4903,0,50
1808,356,2,903,9,4912,0,90
1809,356,2,904,9,4921,0,90
1810,356,2,905,8,4929,0,80
1811,356,2,906,4,4933,0,40
1812,356,2,907,5,4938,0,50
1813,356,2,908,7,4945,0,70
1814,356,2,909,9,4954,0,90
1815,356,2,910,9,4963,0,90
1816,356,2,911,3,4966,0,30
1817,356,2,912,4,4970,0,40
1818,356,2,913,6,4976,0,60
1819,356,2,914,6,4982,0,60
1820,356,2,915,8,4990,0,80
1821,356,2,916,5,4995,1094,50
1822,356,3,1,5,5,0,50
1823,356,3,2,7,12,0,70
1824,356,3,3,6,18,0,60
1825,356,3,4,3,21,0,30
1826,356,3,5,7,28,0,70
1827,356,3,6,9,37,0,90
1828,356,3,7,8,45,0,80
1829,356,3,8,5,50,0,50
1830,356,3,9,3,53,0,30
1831,356,3,10,6,59,0,60
1832,356,3,11,4,63,0,40
1833,356,3,12,7,70,0,70
1834,356,3,13,7,77,0,70
1835,356,3,14,9,86,889,90
1836,356,3,15,2,88,0,20
1837,356,3,16,8,96,0,80
1838,356,3,17,6,102,0,60
1839,356,3,18,5,107,0,50
1840,356,3,19,5,112,0,50
1841,356,3,20,5,117,0,50
1842,356,3,21,2,119,0,20
1843,356,3,22,6,125,0,60
1844,356,3,23,5,130,0,50
1845,356,3,24,6,136,0,60
1846,356,3,25,3,139,0,30
1847,356,3,26,2,141,0,20
1848,356,3,27,2,143,0,20
1849,356,3,28,3,146,0,30
1850,356,3,29,5,151,0,50
1851,356,3,30,7,158,0,70
1852,356,3,31,6,164,0,60
1853,356,3,32,4,168,0,40
1854,356,3,33,4,172,0,40
1855,356,3,34,2,174,0,20
1856,356,3,35,8,182,0,80
1857,356,3,36,6,188,0,60
1858,356,3,37,3,191,0,30
1859,356,3,38,7,198,0,70
1860,356,3,39,4,202,0,40
1861,356,3,40,5,207,0,50
1862,356,3,41,8,215,0,80
1863,356,3,42,8,223,1330,80
1864,356,3,43,3,226,0,30
1865,356,3,44,6,232,0,60
1866,356,3,45,8,240,0,80
1867,356,3,46,5,245,0,50
1868,356,3,47,8,253,0,80
1869,356,3,48,6,259,0,60
1870,356,3,49,4,263,0,40
1871,356,3,50,3,266,0,30
1872,356,3,51,7,273,527,70
1873,356,3,52,9,282,0,90
1874,356,3,53,8,290,0,80
1875,356,3,54,2,292,0,20
1876,356,3,55,2,294,0,20
1877,356,3,56,6,300,0,60
1878,356,3,57,2,302,0,20
1879,356,3,58,7,309,0,70
1880,356,3,59,5,314,0,50
1881,356,3,60,2,316,0,20
1882,356,3,61,9,325,0,90
1883,356,3,62,4,329,0,40
1884,356,3,63,8,337,626,80
1885,356,3,64,5,342,0,50
1886,356,3,65,7,349,0,70
1887,356,3,66,2,351,0,20
1888,356,3,67,6,357,0,60
1889,356,3,68,3,360,0,30
1890,356,3,69,8,368,0,80
1891,356,3,70,8,376,0,80
1892,356,3,71,6,382,0,60
1893,356,3,72,2,384,0,20
1894,356,3,73,9,393,0,90
1895,356,3,74,3,396,0,30
1896,356,3,75,2,398,0,20
1897,356,3,76,7,405,0,70
1898,356,3,77,9,414,0,90
1899,356,3,78,7,421,0,70
1900,356,3,79,5,426,0,50
1901,356,3,80,5,431,909,50
1902,356,3,81,2,433,0,20
1903,356,3,82,5,438,0,50
1904,356,3,83,9,447,0,90
1905,356,3,84,2,449,0,20
1906,356,3,85,9,458,0,90
1907,356,3,86,6,464,0,60
1908,356,3,87,2,466,0,20
1909,356,3,88,2,468,0,20
1910,356,3,89,3,471,0,30
1911,356,3,90,9,480,0,90
1912,356,3,91,9,489,0,90
1913,356,3,92,2,491,0,20
1914,356,3,93,3,494,0,30
1915,356,3,94,4,498,0,40
1916,356,3,95,3,501,0,30
1917,356,3,96,8,509,0,80
1918,356,3,97,9,518,0,90
1919,356,3,98,4,522,0,40
1920,356,3,99,4,526,0,40
1921,356,3,100,9,535,0,90
1922,356,3,101,8,543,0,80
1923,356,3,102,3,546,0,30
1924,356,3,103,5,551,0,50
1925,356,3,104,9,560,0,90
1926,356,3,105,6,566,0,60
1927,356,3,106,8,574,0,80
1928,356,3,107,9,583,0,90
1929,356,3,108,8,591,0,80
1930,356,3,109,3,594,0,30
1931,356,3,110,6,600,0,60
1932,356,3,111,7,607,0,70
1933,356,3,112,7,614,0,70
1934,356,3,113,9,623,0,90
1935,356,3,114,6,629,0,60
1936,356,3,115,2,631,0,20
1937,356,3,116,9,640,0,90
1938,356,3,117,3,643,0,30
1939,356,3,118,8,651,0,80
1940,356,3,119,5,656,0,50
1941,356,3,120,7,663,0,70
1942,356,3,121,3,666,0,30
1943,356,3,122,3,669,0,30
1944,356,3,123,5,674,0,50
1945,356,3,124,7,681,0,70
1946,356,3,125,6,687,0,60
1947,356,3,126,5,692,0,50
1948,356,3,127,7,699,0,70
1949,356,3,128,9,708,0,90
1950,356,3,129,7,715,0,70
1951,356,3,130,6,721,0,60
1952,356,3,131,5,726,0,50
1953,356,3,132,4,730,0,40
1954,356,3,133,5,735,0,50
1955,356,3,134,6,741,3200,60
1956,356,3,135,2,743,0,20
1957,356,3,136,5,748,0,50
1958,356,3,137,9,757,0,90
1959,356,3,138,8,765,0,80
1960,356,3,139,9,774,0,90
1961,356,3,140,2,776,368,20
1962,356,3,141,3,779,0,30
1963,356,3,142,9,788,0,90
1964,356,3,143,3,791,0,30
1965,356,3,144,3,794,0,30
1966,356,3,145,9,803,0,90
1967,356,3,146,4,807,0,40
1968,356,3,147,8,815,0,80
1969,356,3,148,4,819,0,40
1970,356,3,149,2,821,0,20
1971,356,3,150,4,825,0,40
1972,356,3,151,2,827,0,20
1973,356,3,152,2,829,0,20
1974,356,3,153,2,831,0,20
1975,356,3,154,4,835,0,40
1976,356,3,155,5,840,0,50
1977,356,3,156,2,842,0,20
1978,356,3,157,5,847,0,50
1979,356,3,158,2,849,0,20
1980,356,3,159,9,858,803,90
1981,356,3,160,5,863,0,50
1982,356,3,161,8,871,0,80
1983,356,3,162,3,874,0,30
1984,356,3,163,2,876,197,20
1985,356,3,164,7,883,0,70
1986,356,3,165,3,886,0,30
1987,356,3,166,9,895,0,90
1988,356,3,167,7,902,0,70
1989,356,3,168,3,905,0,30
1990,356,3,169,5,910,0,50
1991,356,3,170,9,919,0,90
1992,356,3,171,8,927,0,80
1993,356,3,172,6,933,0,60
1994,356,3,173,8,941,0,80
1995,356,3,174,7,948,0,70
1996,356,3,175,7,955,0,70
1997,356,3,176,2,957,0,20
1998,356,3,177,2,959,0,20
1999,356,3,178,6,965,0,60
2000,356,3,179,8,973,0,80
2001,356,3,180,2,975,0,20
2002,356,3,181,4,979,0,40
2003,356,3,182,4,983,0,40
2004,356,3,183,6,989,0,60
2005,356,3,184,4,993,0,40
2006,356,3,185,3,996,0,30
2007,356,3,186,8,1004,0,80
2008,356,3,187,3,1007,0,30
2009,356,3,188,2,1009,0,20
2010,356,3,189,3,1012,0,30
2011,356,3,190,2,1014,0,20
2012,356,3,191,2,1016,0,20
2013,356,3,192,3,1019,0,30
2014,356,3,193,8,1027,0,80
2015,356,3,194,9,1036,0,90
2016,356,3,195,5,1041,0,50
2017,356,3,196,5,1046,0,50
2018,356,3,197,9,1055,0,90
2019,356,3,198,6,1061,0,60
2020,356,3,199,5,1066,0,50
2021,356,3,200,9,1075,0,90
2022,356,3,201,6,1081,0,60
2023,356,3,202,4,1085,2106,40
2024,356,3,203,8,1093,0,80
2025,356,3,204,3,1096,0,30
2026,356,3,205,6,1102,0,60
2027,356,3,206,7,1109,0,70
2028,356,3,207,7,1116,0,70
2029,356,3,208,7,1123,0,70
2030,356,3,209,3,1126,0,30
2031,356,3,210,7,1133,0,70
2032,356,3,211,9,1142,0,90
2033,356,3,212,3,1145,0,30
2034,356,3,213,3,1148,0,30
2035,356,3,214,8,1156,0,80
2036,356,3,215,4,1160,0,40
2037,356,3,216,3,1163,0,30
2038,356,3,217,8,1171,0,80
2039,356,3,218,2,1173,0,20
2040,356,3,219,7,1180,0,70
2041,356,3,220,2,1182,0,20
2042,356,3,221,6,1188,0,60
2043,356,3,222,7,1195,0,70
2044,356,3,223,4,1199,0,40
2045,356,3,224,8,1207,0,80
2046,356,3,225,4,1211,0,40
2047,356,3,226,2,1213,0,20
2048,356,3,227,6,1219,0,60
2049,356,3,228,2,1221,0,20
2050,356,3,229,2,1223,0,20
2051,356,3,230,2,1225,0,20
2052,356,3,231,6,1231,0,60
2053,356,3,232,5,1236,0,50
2054,356,3,233,5,1241,0,50
2055,356,3,234,6,1247,0,60
2056,356,3,235,2,1249,0,20
2057,356,3,236,3,1252,0,30
2058,356,3,237,6,1258,0,60
2059,356,3,238,5,1263,0,50
2060,356,3,239,3,1266,0,30
2061,356,3,240,6,1272,0,60
2062,356,3,241,3,1275,0,30
2063,356,3,242,3,1278,0,30
2064,356,3,243,4,1282,0,40
2065,356,3,244,3,1285,0,30
2066,356,3,245,7,1292,0,70
2067,356,3,246,2,1294,0,20
2068,356,3,247,9,1303,0,90
2069,356,3,248,8,1311,0,80
2070,356,3,249,4,1315,0,40
2071,356,3,250,8,1323,0,80
2072,356,3,251,6,1329,0,60
2073,356,3,252,8,1337,0,80
2074,356,3,253,4,1341,0,40
2075,356,3,254,4,1345,0,40
2076,356,3,255,3,1348,0,30
2077,356,3,256,8,1356,0,80
2078,356,3,257,3,1359,0,30
2079,356,3,258,4,1363,0,40
2080,356,3,259,2,1365,0,20
2081,356,3,260,5,1370,0,50
2082,356,3,261,7,1377,0,70
2083,356,3,262,7,1384,0,70
2084,356,3,263,2,1386,0,20
2085,356,3,264,8,1394,0,80
2086,356,3,265,6,1400,0,60
2087,356,3,266,5,1405,0,50
2088,356,3,267,2,1407,0,20
2089,356,3,268,5,1412,0,50
2090,356,3,269,5,1417,0,50
2091,356,3,270,6,1423,0,60
2092,356,3,271,8,1431,0,80
2093,356,3,272,8,1439,0,80
2094,356,3,273,8,1447,0,80
2095,356,3,274,4,1451,0,40
2096,356,3,275,6,1457,0,60
2097,356,3,276,3,1460,0,30
2098,356,3,277,2,1462,0,20
2099,356,3,278,5,1467,0,50
2100,356,3,279,3,1470,0,30
2101,356,3,280,7,1477,3806,70
2102,356,3,281,2,1479,0,20
2103,356,3,282,5,1484,0,50
2104,356,3,283,3,1487,0,30
2105,356,3,284,8,1495,0,80
2106,356,3,285,4,1499,0,40
2107,356,3,286,6,1505,0,60
2108,356,3,287,5,1510,0,50
2109,356,3,288,4,1514,0,40
2110,356,3,289,5,1519,0,50
2111,356,3,290,4,1523,0,40
2112,356,3,291,2,1525,0,20
2113,356,3,292,7,1532,0,70
2114,356,3,293,3,1535,0,30
2115,356,3,294,3,1538,0,30
2116,356,3,295,9,1547,0,90
2117,356,3,296,2,1549,0,20
2118,356,3,297,3,1552,0,30
2119,356,3,298,2,1554,0,20
2120,356,3,299,7,1561,0,70
2121,356,3,300,4,1565,0,40
2122,356,3,301,9,1574,0,90
2123,356,3,302,6,1580,0,60
2124,356,3,303,3,1583,0,30
2125,356,3,304,8,1591,0,80
2126,356,3,305,9,1600,0,90
2127,356,3,306,7,1607,0,70
2128,356,3,307,8,1615,0,80
2129,356,3,308,2,1617,0,20
2130,356,3,309,5,1622,0,50
2131,356,3,310,8,1630,0,80
2132,356,3,311,9,1639,0,90
2133,356,3,312,3,1642,0,30
2134,356,3,313,3,1645,0,30
2135,356,3,314,5,1650,0,50
2136,356,3,315,9,1659,0,90
2137,356,3,316,2,1661,0,20
2138,356,3,317,2,1663,0,20
2139,356,3,318,9,1672,0,90
2140,356,3,319,2,1674,0,20
2141,356,3,320,5,1679,0,50
2142,356,3,321,7,1686,0,70
2143,356,3,322,7,1693,0,70
2144,356,3,323,8,1701,0,80
2145,356,3,324,7,1708,0,70
2146,356,3,325,5,1713,0,50
2147,356,3,326,7,1720,0,70
2148,356,3,327,6,1726,0,60
2149,356,3,328,3,1729,0,30
2150,356,3,329,8,1737,0,80
2151,356,3,330,4,1741,2600,40
2152,356,3,331,6,1747,0,60
2153,356,3,332,9,1756,0,90
2154,356,3,333,4,1760,0,40
2155,356,3,334,8,1768,268,80
2156,356,3,335,3,1771,0,30
2157,356,3,336,5,1776,0,50
2158,356,3,337,2,1778,0,20
2159,356,3,338,7,1785,0,70
2160,356,3,339,6,1791,0,60
2161,356,3,340,4,1795,0,40
2162,356,3,341,6,1801,0,60
2163,356,3,342,7,1808,0,70
2164,356,3,343,3,1811,0,30
2165,356,3,344,3,1814,0,30
2166,356,3,345,4,1818,0,40
2167,356,3,346,2,1820,0,20
2168,356,3,347,8,1828,0,80
2169,356,3,348,7,1835,0,70
2170,356,3,349,5,1840,0,50
2171,356,3,350,9,1849,0,90
2172,356,3,351,5,1854,0,50
2173,356,3,352,5,1859,0,50
2174,356,3,353,7,1866,0,70
2175,356,3,354,7,1873,0,70
2176,356,3,355,4,1877,0,40
2177,356,3,356,6,1883,0,60
2178,356,3,357,7,1890,0,70
2179,356,3,358,6,1896,0,60
2180,356,3,359,2,1898,0,20
2181,356,3,360,5,1903,0,50
2182,356,3,361,8,1911,0,80
2183,356,3,362,4,1915,0,40
2184,356,3,363,9,1924,1541,90
2185,356,3,364,4,1928,0,40
2186,356,3,365,7,1935,0,70
2187,356,3,366,2,1937,0,20
2188,356,3,367,7,1944,0,70
2189,356,3,368,4,1948,0,40
2190,356,3,369,5,1953,0,50
2191,356,3,370,7,1960,0,70
2192,356,3,371,2,1962,0,20
2193,356,3,372,7,1969,0,70
2194,356,3,373,9,1978,0,90
2195,356,3,374,7,1985,604,70
2196,356,3,375,4,1989,0,40
2197,356,3,376,3,1992,0,30
2198,356,3,377,5,1997,0,50
2199,356,3,378,2,1999,0,20
2200,356,3,379,2,2001,0,20
2201,356,3,380,9,2010,257,90
2202,356,3,381,4,2014,0,40
2203,356,3,382,4,2018,0,40
2204,356,3,383,9,2027,0,90
2205,356,3,384,9,2036,0,90
2206,356,3,385,4,2040,340,40
2207,356,3,386,6,2046,0,60
2208,356,3,387,8,2054,0,80
2209,356,3,388,7,2061,0,70
2210,356,3,389,5,2066,0,50
2211,356,3,390,3,2069,0,30
2212,356,3,391,6,2075,0,60
2213,356,3,392,7,2082,0,70
2214,356,3,393,6,2088,0,60
2215,356,3,394,3,2091,0,30
2216,356,3,395,2,2093,0,20
2217,356,3,396,5,2098,0,50
2218,356,3,397,2,2100,0,20
2219,356,3,398,8,2108,0,80
2220,356,3,399,3,2111,0,30
2221,356,3,400,5,2116,0,50
2222,356,3,401,8,2124,0,80
2223,356,3,402,4,2128,0,40
2224,356,3,403,9,2137,0,90
2225,356,3,404,5,2142,0,50
2226,356,3,405,6,2148,1091,60
2227,356,3,406,5,2153,0,50
2228,356,3,407,6,2159,0,60
2229,356,3,408,4,2163,0,40
2230,356,3,409,7,2170,0,70
2231,356,3,410,9,2179,0,90
2232,356,3,411,2,2181,0,20
2233,356,3,412,6,2187,0,60
2234,356,3,413,7,2194,0,70
2235,356,3,414,9,2203,0,90
2236,356,3,415,8,2211,0,80
2237,356,3,416,9,2220,0,90
2238,356,3,417,3,2223,0,30
2239,356,3,418,4,2227,0,40
2240,356,3,419,7,2234,0,70
2241,356,3,420,5,2239,0,50
2242,356,3,421,5,2244,0,50
2243,356,3,422,5,2249,0,50
2244,356,3,423,3,2252,0,30
2245,356,3,424,5,2257,0,50
2246,356,3,425,6,2263,0,60
2247,356,3,426,4,2267,0,40
2248,356,3,427,9,2276,0,90
2249,356,3,428,9,2285,0,90
2250,356,3,429,4,2289,0,40
2251,356,3,430,4,2293,0,40
2252,356,3,431,8,2301,0,80
2253,356,3,432,3,2304,1559,30
2254,356,3,433,8,2312,0,80
2255,356,3,434,7,2319,0,70
2256,356,3,435,5,2324,0,50
2257,356,3,436,2,2326,0,20
2258,356,3,437,2,2328,0,20
2259,356,3,438,7,2335,305,70
2260,356,3,439,2,2337,0,20
2261,356,3,440,7,2344,0,70
2262,356,3,441,5,2349,138,50
2263,356,3,442,7,2356,0,70
2264,356,3,443,8,2364,0,80
2265,356,3,444,3,2367,0,30
2266,356,3,445,6,2373,0,60
2267,356,3,446,8,2381,310,80
2268,356,3,447,6,2387,0,60
2269,356,3,448,7,2394,0,70
2270,356,3,449,9,2403,0,90
2271,356,3,450,5,2408,0,50
2272,356,3,451,3,2411,302,30
2273,356,3,452,6,2417,0,60
2274,356,3,453,5,2422,0,50
2275,356,3,454,2,2424,0,20
2276,356,3,455,2,2426,0,20
2277,356,3,456,2,2428,0,20
2278,356,3,457,5,2433,0,50
2279,356,3,458,9,2442,0,90
2280,356,3,459,9,2451,0,90
2281,356,3,460,7,2458,472,70
2282,356,3,461,6,2464,0,60
2283,356,3,462,6,2470,0,60
2284,356,3,463,9,2479,0,90
2285,356,3,464,8,2487,276,80
2286,356,3,465,3,2490,0,30
2287,356,3,466,3,2493,0,30
2288,356,3,467,6,2499,0,60
2289,356,3,468,7,2506,0,70
2290,356,3,469,4,2510,0,40
2291,356,3,470,8,2518,0,80
2292,356,3,471,8,2526,0,80
2293,356,3,472,3,2529,0,30
2294,356,3,473,5,2534,0,50
2295,356,3,474,9,2543,0,90
2296,356,3,475,7,2550,0,70
2297,356,3,476,3,2553,0,30
2298,356,3,477,7,2560,0,70
2299,356,3,478,9,2569,0,90
2300,356,3,479,5,2574,0,50
2301,356,3,480,5,2579,0,50
2302,356,3,481,4,2583,0,40
2303,356,3,482,6,2589,0,60
2304,356,3,483,4,2593,0,40
2305,356,3,484,4,2597,0,40
2306,356,3,485,4,2601,0,40
2307,356,3,486,5,2606,0,50
2308,356,3,487,3,2609,0,30
2309,356,3,488,7,2616,0,70
2310,356,3,489,7,2623,0,70
2311,356,3,490,2,2625,0,20
2312,356,3,491,9,2634,0,90
2313,356,3,492,6,2640,0,60
2314,356,3,493,4,2644,0,40
2315,356,3,494,8,2652,0,80
2316,356,3,495,9,2661,0,90
2317,356,3,496,3,2664,0,30
2318,356,3,497,6,2670,0,60
2319,356,3,498,9,2679,0,90
2320,356,3,499,8,2687,0,80
2321,356,3,500,8,2695,0,80
2322,356,3,501,4,2699,0,40
2323,356,3,502,9,2708,0,90
2324,356,3,503,7,2715,0,70
2325,356,3,504,3,2718,0,30
2326,356,3,505,9,2727,0,90
2327,356,3,506,3,2730,0,30
2328,356,3,507,5,2735,0,50
2329,356,3,508,5,2740,0,50
2330,356,3,509,6,2746,0,60
2331,356,3,510,2,2748,0,20
2332,356,3,511,2,2750,2657,20
2333,356,3,512,3,2753,0,30
2334,356,3,513,4,2757,0,40
2335,356,3,514,5,2762,0,50
2336,356,3,515,5,2767,0,50
2337,356,3,516,2,2769,0,20
2338,356,3,517,4,2773,0,40
2339,356,3,518,6,2779,0,60
2340,356,3,519,8,2787,0,80
2341,356,3,520,4,2791,0,40
2342,356,3,521,6,2797,0,60
2343,356,3,522,5,2802,0,50
2344,356,3,523,4,2806,0,40
2345,356,3,524,4,2810,0,40
2346,356,3,525,4,2814,0,40
2347,356,3,526,8,2822,0,80
2348,356,3,527,3,2825,0,30
2349,356,3,528,9,2834,0,90
2350,356,3,529,3,2837,0,30
2351,356,3,530,6,2843,0,60
2352,356,3,531,4,2847,0,40
2353,356,3,532,6,2853,0,60
2354,356,3,533,8,2861,0,80
2355,356,3,534,3,2864,0,30
2356,356,3,535,4,2868,0,40
2357,356,3,536,9,2877,0,90
2358,356,3,537,9,2886,0,90
2359,356,3,538,2,2888,0,20
2360,356,3,539,4,2892,0,40
2361,356,3,540,4,2896,0,40
2362,356,3,541,4,2900,0,40
2363,356,3,542,2,2902,0,20
2364,356,3,543,8,2910,0,80
2365,356,3,544,3,2913,0,30
2366,356,3,545,3,2916,0,30
2367,356,3,546,6,2922,0,60
2368,356,3,547,4,2926,0,40
2369,356,3,548,8,2934,0,80
2370,356,3,549,3,2937,0,30
2371,356,3,550,7,2944,0,70
2372,356,3,551,6,2950,1971,60
2373,356,3,552,4,2954,0,40
2374,356,3,553,4,2958,0,40
2375,356,3,554,3,2961,0,30
2376,356,3,555,3,2964,0,30
2377,356,3,556,7,2971,0,70
2378,356,3,557,3,2974,0,30
2379,356,3,558,4,2978,0,40
2380,356,3,559,9,2987,0,90
2381,356,3,560,4,2991,0,40
2382,356,3,561,9,3000,0,90
2383,356,3,562,5,3005,0,50
2384,356,3,563,7,3012,0,70
2385,356,3,564,2,3014,0,20
2386,356,3,565,4,3018,0,40
2387,356,3,566,4,3022,766,40
2388,356,3,567,3,3025,0,30
2389,356,3,568,2,3027,0,20
2390,356,3,569,8,3035,0,80
2391,356,3,570,2,3037,0,20
2392,356,3,571,6,3043,0,60
2393,356,3,572,9,3052,0,90
2394,356,3,573,6,3058,0,60
2395,356,3,574,2,3060,0,20
2396,356,3,575,4,3064,0,40
2397,356,3,576,5,3069,0,50
2398,356,3,577,3,3072,0,30
2399,356,3,578,5,3077,0,50
2400,356,3,579,8,3085,0,80
2401,356,3,580,4,3089,0,40
2402,356,3,581,8,3097,0,80
2403,356,3,582,8,3105,0,80
2404,356,3,583,6,3111,0,60
2405,356,3,584,2,3113,0,20
2406,356,3,585,6,3119,999,60
2407,356,3,586,8,3127,0,80
2408,356,3,587,5,3132,0,50
2409,356,3,588,6,3138,0,60
2410,356,3,589,2,3140,0,20
2411,356,3,590,6,3146,0,60
2412,356,3,591,6,3152,0,60
2413,356,3,592,9,3161,0,90
2414,356,3,593,9,3170,0,90
2415,356,3,594,5,3175,0,50
2416,356,3,595,4,3179,0,40
2417,356,3,596,7,3186,0,70
2418,356,3,597,3,3189,0,30
2419,356,3,598,4,3193,743,40
2420,356,3,599,4,3197,0,40
2421,356,3,600,3,3200,0,30
2422,356,3,601,8,3208,0,80
2423,356,3,602,7,3215,0,70
2424,356,3,603,2,3217,0,20
2425,356,3,604,5,3222,0,50
2426,356,3,605,5,3227,0,50
2427,356,3,606,3,3230,0,30
2428,356,3,607,2,3232,0,20
2429,356,3,608,3,3235,0,30
2430,356,3,609,9,3244,0,90
2431,356,3,610,2,3246,0,20
2432,356,3,611,3,3249,0,30
2433,356,3,612,6,3255,0,60
2434,356,3,613,5,3260,0,50
2435,356,3,614,3,3263,0,30
2436,356,3,615,6,3269,0,60
2437,356,3,616,8,3277,0,80
2438,356,3,617,4,3281,0,40
2439,356,3,618,5,3286,901,50
2440,356,3,619,7,3293,0,70
2441,356,3,620,6,3299,0,60
2442,356,3,621,3,3302,0,30
2443,356,3,622,8,3310,0,80
2444,356,3,623,8,3318,0,80
2445,356,3,624,4,3322,0,40
2446,356,3,625,4,3326,0,40
2447,356,3,626,3,3329,0,30
2448,356,3,627,4,3333,0,40
2449,356,3,628,3,3336,0,30
2450,356,3,629,2,3338,0,20
2451,356,3,630,2,3340,0,20
2452,356,3,631,7,3347,0,70
2453,356,3,632,3,3350,0,30
2454,356,3,633,6,3356,0,60
2455,356,3,634,7,3363,0,70
2456,356,3,635,6,3369,0,60
2457,356,3,636,4,3373,0,40
2458,356,3,637,8,3381,0,80
2459,356,3,638,4,3385,0,40
2460,356,3,639,5,3390,0,50
2461,356,3,640,4,3394,0,40
2462,356,3,641,8,3402,0,80
2463,356,3,642,2,3404,0,20
2464,356,3,643,5,3409,0,50
2465,356,3,644,2,3411,1267,20
2466,356,3,645,6,3417,0,60
2467,356,3,646,3,3420,0,30
2468,356,3,647,6,3426,0,60
2469,356,3,648,3,3429,0,30
2470,356,3,649,6,3435,0,60
2471,356,3,650,2,3437,0,20
2472,356,3,651,9,3446,0,90
2473,356,3,652,8,3454,0,80
2474,356,3,653,4,3458,0,40
2475,356,3,654,2,3460,0,20
2476,356,3,655,9,3469,0,90
2477,356,3,656,9,3478,0,90
2478,356,3,657,9,3487,0,90
2479,356,3,658,3,3490,725,30
2480,356,3,659,6,3496,0,60
2481,356,3,660,6,3502,0,60
2482,356,3,661,3,3505,0,30
2483,356,3,662,2,3507,0,20
2484,356,3,663,2,3509,0,20
2485,356,3,664,5,3514,0,50
2486,356,3,665,8,3522,0,80
2487,356,3,666,9,3531,0,90
2488,356,3,667,6,3537,0,60
2489,356,3,668,4,3541,0,40
2490,356,3,669,5,3546,0,50
2491,356,3,670,5,3551,0,50
2492,356,3,671,6,3557,680,60
2493,356,3,672,7,3564,0,70
2494,356,3,673,7,3571,0,70
2495,356,3,674,6,3577,0,60
2496,356,3,675,5,3582,0,50
2497,356,3,676,3,3585,0,30
2498,356,3,677,9,3594,0,90
2499,356,3,678,5,3599,0,50
2500,356,3,679,8,3607,0,80
2501,356,3,680,4,3611,0,40
2502,356,3,681,2,3613,0,20
2503,356,3,682,2,3615,0,20
2504,356,3,683,7,3622,0,70
2505,356,3,684,6,3628,0,60
2506,356,3,685,2,3630,0,20
2507,356,3,686,3,3633,0,30
2508,356,3,687,4,3637,0,40
2509,356,3,688,9,3646,0,90
2510,356,3,689,8,3654,0,80
2511,356,3,690,7,3661,0,70
2512,356,3,691,8,3669,0,80
2513,356,3,692,5,3674,0,50
2514,356,3,693,8,3682,0,80
2515,356,3,694,8,3690,0,80
2516,356,3,695,8,3698,0,80
2517,356,3,696,8,3706,0,80
2518,356,3,697,6,3712,0,60
2519,356,3,698,8,3720,0,80
2520,356,3,699,7,3727,0,70
2521,356,3,700,8,3735,0,80
2522,356,3,701,5,3740,0,50
2523,356,3,702,2,3742,0,20
2524,356,3,703,3,3745,0,30
2525,356,3,704,4,3749,0,40
2526,356,3,705,4,3753,0,40
2527,356,3,706,9,3762,0,90
2528,356,3,707,7,3769,0,70
2529,356,3,708,3,3772,0,30
2530,356,3,709,4,3776,0,40
2531,356,3,710,9,3785,2321,90
2532,356,3,711,7,3792,0,70
2533,356,3,712,5,3797,0,50
2534,356,3,713,3,3800,0,30
2535,356,3,714,3,3803,0,30
2536,356,3,715,2,3805,0,20
2537,356,3,716,8,3813,0,80
2538,356,3,717,8,3821,0,80
2539,356,3,718,6,3827,0,60
2540,356,3,719,2,3829,0,20
2541,356,3,720,5,3834,0,50
2542,356,3,721,9,3843,0,90
2543,356,3,722,3,3846,0,30
2544,356,3,723,2,3848,0,20
2545,356,3,724,8,3856,0,80
2546,356,3,725,3,3859,0,30
2547,356,3,726,3,3862,0,30
2548,356,3,727,7,3869,0,70
2549,356,3,728,6,3875,0,60
2550,356,3,729,8,3883,0,80
2551,356,3,730,9,3892,0,90
2552,356,3,731,9,3901,0,90
2553,356,3,732,9,3910,0,90
2554,356,3,733,3,3913,0,30
2555,356,3,734,6,3919,0,60
2556,356,3,735,5,3924,0,50
2557,356,3,736,5,3929,0,50
2558,356,3,737,9,3938,0,90
2559,356,3,738,4,3942,0,40
2560,356,3,739,3,3945,0,30
2561,356,3,740,7,3952,0,70
2562,356,3,741,4,3956,0,40
2563,356,3,742,7,3963,0,70
2564,356,3,743,7,3970,0,70
2565,356,3,744,7,3977,0,70
2566,356,3,745,3,3980,0,30
2567,356,3,746,9,3989,0,90
2568,356,3,747,6,3995,0,60
2569,356,3,748,6,4001,0,60
2570,356,3,749,8,4009,0,80
2571,356,3,750,2,4011,0,20
2572,356,3,751,9,4020,0,90
2573,356,3,752,8,4028,0,80
2574,356,3,753,9,4037,0,90
2575,356,3,754,5,4042,0,50
2576,356,3,755,7,4049,0,70
2577,356,3,756,5,4054,0,50
2578,356,3,757,4,4058,0,40
2579,356,3,758,2,4060,0,20
2580,356,3,759,8,4068,0,80
2581,356,3,760,4,4072,0,40
2582,356,3,761,6,4078,0,60
2583,356,3,762,7,4085,0,70
2584,356,3,763,6,4091,0,60
2585,356,3,764,9,4100,0,90
2586,356,3,765,3,4103,0,30
2587,356,3,766,6,4109,0,60
2588,356,3,767,3,4112,0,30
2589,356,3,768,2,4114,0,20
2590,356,3,769,3,4117,0,30
2591,356,3,770,9,4126,3459,90
2592,356,3,771,4,4130,0,40
2593,356,3,772,5,4135,0,50
2594,356,3,773,7,4142,0,70
2595,356,3,774,7,4149,0,70
2596,356,3,775,6,4155,0,60
2597,356,3,776,7,4162,0,70
2598,356,3,777,6,4168,423,60
2599,356,3,778,6,4174,58,60
2600,356,3,779,2,4176,0,20
2601,356,3,780,2,4178,0,20
2602,356,3,781,3,4181,0,30
2603,356,3,782,7,4188,0,70
2604,356,3,783,5,4193,0,50
2605,356,3,784,7,4200,252,70
2606,356,3,785,4,4204,0,40
2607,356,3,786,3,4207,0,30
2608,356,3,787,7,4214,0,70
2609,356,3,788,6,4220,0,60
2610,356,3,789,7,4227,0,70
2611,356,3,790,6,4233,0,60
2612,356,3,791,5,4238,0,50
2613,356,3,792,9,4247,0,90
2614,356,3,793,8,4255,0,80
2615,356,3,794,4,4259,0,40
2616,356,3,795,5,4264,0,50
2617,356,3,796,3,4267,0,30
2618,356,3,797,2,4269,0,20
2619,356,3,798,3,4272,0,30
2620,356,3,799,9,4281,0,90
2621,356,3,800,6,4287,0,60
2622,356,3,801,4,4291,0,40
2623,356,3,802,4,4295,0,40
2624,356,3,803,5,4300,0,50
2625,356,3,804,7,4307,0,70
2626,356,3,805,3,4310,0,30
2627,356,3,806,4,4314,1205,40
2628,356,3,807,6,4320,0,60
2629,356,3,808,7,4327,0,70
2630,356,3,809,9,4336,0,90
2631,356,3,810,9,4345,0,90
2632,356,3,811,5,4350,0,50
2633,356,3,812,5,4355,0,50
2634,356,3,813,4,4359,0,40
2635,356,3,814,9,4368,0,90
2636,356,3,815,5,4373,0,50
2637,356,3,816,3,4376,0,30
2638,356,3,817,8,4384,0,80
2639,356,3,818,4,4388,0,40
2640,356,3,819,9,4397,0,90
2641,356,3,820,2,4399,0,20
2642,356,3,821,9,4408,0,90
2643,356,3,822,3,4411,0,30
2644,356,3,823,2,4413,0,20
2645,356,3,824,4,4417,0,40
2646,356,3,825,7,4424,0,70
2647,356,3,826,9,4433,0,90
2648,356,3,827,9,4442,0,90
2649,356,3,828,9,4451,0,90
2650,356,3,829,6,4457,0,60
2651,356,3,830,7,4464,0,70
2652,356,3,831,5,4469,0,50
2653,356,3,832,7,4476,0,70
2654,356,3,833,3,4479,0,30
2655,356,3,834,6,4485,0,60
2656,356,3,835,4,4489,0,40
2657,356,3,836,4,4493,0,40
2658,356,3,837,2,4495,0,20
2659,356,3,838,5,4500,0,50
2660,356,3,839,5,4505,1890,50
2661,356,3,840,5,4510,0,50
2662,356,3,841,4,4514,0,40
2663,356,3,842,8,4522,0,80
2664,356,3,843,3,4525,0,30
2665,356,3,844,6,4531,0,60
2666,356,3,845,8,4539,0,80
2667,356,3,846,7,4546,0,70
2668,356,3,847,8,4554,0,80
2669,356,3,848,4,4558,0,40
2670,356,3,849,9,4567,0,90
2671,356,3,850,8,4575,0,80
2672,356,3,851,9,4584,0,90
2673,356,3,852,3,4587,0,30
2674,356,3,853,5,4592,847,50
2675,356,3,854,9,4601,0,90
2676,356,3,855,4,4605,0,40
2677,356,3,856,2,4607,0,20
2678,356,3,857,8,4615,0,80
2679,356,3,858,8,4623,0,80
2680,356,3,859,6,4629,0,60
2681,356,3,860,8,4637,0,80
2682,356,3,861,3,4640,0,30
2683,356,3,862,4,4644,0,40
2684,356,3,863,2,4646,0,20
2685,356,3,864,4,4650,556,40
2686,356,3,865,9,4659,0,90
2687,356,3,866,3,4662,0,30
2688,356,3,867,4,4666,0,40
2689,356,3,868,5,4671,0,50
2690,356,3,869,2,4673,0,20
2691,356,3,870,6,4679,0,60
2692,356,3,871,8,4687,0,80
2693,356,3,872,7,4694,0,70
2694,356,3,873,6,4700,0,60
2695,356,3,874,7,4707,0,70
2696,356,3,875,5,4712,0,50
2697,356,3,876,8,4720,698,80
2698,356,3,877,4,4724,0,40
2699,356,3,878,7,4731,0,70
2700,356,3,879,4,4735,0,40
2701,356,3,880,9,4744,0,90
2702,356,3,881,6,4750,0,60
2703,356,3,882,4,4754,0,40
2704,356,3,883,2,4756,0,20
2705,356,3,884,2,4758,0,20
2706,356,3,885,5,4763,0,50
2707,356,3,886,9,4772,0,90
2708,356,3,887,4,4776,0,40
2709,356,3,888,5,4781,0,50
2710,356,3,889,9,4790,0,90
2711,356,3,890,6,4796,0,60
2712,356,3,891,7,4803,0,70
2713,356,3,892,4,4807,0,40
2714,356,3,893,5,4812,0,50
2715,356,3,894,5,4817,0,50
2716,356,3,895,6,4823,0,60
2717,356,3,896,5,4828,0,50
2718,356,3,897,3,4831,0,30
2719,356,3,898,7,4838,0,70
2720,356,3,899,8,4846,0,80
2721,356,3,900,7,4853,0,70
2722,356,3,901,6,4859,0,60
2723,356,3,902,5,4864,0,50
2724,356,3,903,8,4872,0,80
2725,356,3,904,4,4876,0,40
2726,356,3,905,6,4882,0,60
2727,356,3,906,5,4887,0,50
2728,356,3,907,5,4892,0,50
2729,356,3,908,2,4894,0,20
2730,356,3,909,4,4898,0,40
2731,356,3,910,9,4907,0,90
2732,356,3,911,9,4916,0,90
2733,356,3,912,8,4924,0,80
2734,356,3,913,6,4930,0,60
2735,356,3,914,9,4939,0,90
2736,356,3,915,5,4944,0,50
2737,356,3,916,9,4953,0,90
2738,356,3,917,5,4958,0,50
2739,356,3,918,6,4964,0,60
2740,356,3,919,7,4971,0,70
2741,356,3,920,3,4974,0,30
2742,356,3,921,6,4980,0,60
2743,356,3,922,4,4984,0,40
2744,356,3,923,4,4988,0,40
2745,356,3,924,8,4996,0,80
