,Scenario,Trial,Inspection,Interval,Time,Defects,Rate
0,18,1,1,8,8,65,80
1,18,1,2,3,11,34,30
2,18,1,3,7,18,76,70
3,18,1,4,5,23,44,50
4,18,1,5,3,26,38,30
5,18,1,6,9,35,82,90
6,18,1,7,3,38,35,30
7,18,1,8,3,41,27,30
8,18,1,9,4,45,41,40
9,18,1,10,4,49,35,40
10,18,1,11,4,53,41,40
11,18,1,12,5,58,59,50
12,18,1,13,8,66,74,80
13,18,1,14,2,68,0,20
14,18,1,15,4,72,52,40
15,18,1,16,6,78,58,60
16,18,1,17,5,83,52,50
17,18,1,18,8,91,84,80
18,18,1,19,8,99,71,80
19,18,1,20,4,103,54,40
20,18,1,21,3,106,31,30
21,18,1,22,4,110,44,40
22,18,1,23,7,117,81,70
23,18,1,24,6,123,73,60
24,18,1,25,5,128,0,50
25,18,1,26,6,134,109,60
26,18,1,27,6,140,51,60
27,18,1,28,6,146,58,60
28,18,1,29,5,151,45,50
29,18,1,30,6,157,75,60
30,18,1,31,8,165,96,80
31,18,1,32,7,172,65,70
32,18,1,33,4,176,54,40
33,18,1,34,4,180,23,40
34,18,1,35,9,189,83,90
35,18,1,36,7,196,71,70
36,18,1,37,3,199,34,30
37,18,1,38,9,208,102,90
38,18,1,39,8,216,86,80
39,18,1,40,4,220,41,40
40,18,1,41,9,229,97,90
41,18,1,42,2,231,26,20
42,18,1,43,2,233,13,20
43,18,1,44,3,236,32,30
44,18,1,45,3,239,38,30
45,18,1,46,7,246,50,70
46,18,1,47,3,249,36,30
47,18,1,48,7,256,57,70
48,18,1,49,7,263,60,70
49,18,1,50,8,271,57,80
50,18,1,51,7,278,77,70
51,18,1,52,4,282,33,40
52,18,1,53,3,285,33,30
53,18,1,54,7,292,67,70
54,18,1,55,3,295,38,30
55,18,1,56,6,301,46,60
56,18,1,57,5,306,55,50
57,18,1,58,7,313,74,70
58,18,1,59,4,317,40,40
59,18,1,60,7,324,55,70
60,18,1,61,3,327,31,30
61,18,1,62,2,329,11,20
62,18,1,63,4,333,49,40
63,18,1,64,9,342,80,90
64,18,1,65,4,346,0,40
65,18,1,66,5,351,92,50
66,18,1,67,2,353,20,20
67,18,1,68,9,362,74,90
68,18,1,69,3,365,21,30
69,18,1,70,7,372,58,70
70,18,1,71,3,375,31,30
71,18,1,72,9,384,105,90
72,18,1,73,9,393,98,90
73,18,1,74,8,401,77,80
74,18,1,75,2,403,19,20
75,18,1,76,9,412,97,90
76,18,1,77,4,416,46,40
77,18,1,78,8,424,69,80
78,18,1,79,8,432,83,80
79,18,1,80,6,438,49,60
80,18,1,81,7,445,56,70
81,18,1,82,3,448,31,30
82,18,1,83,8,456,80,80
83,18,1,84,9,465,87,90
84,18,1,85,5,470,44,50
85,18,1,86,2,472,26,20
86,18,1,87,4,476,56,40
87,18,1,88,4,480,43,40
88,18,1,89,9,489,103,90
89,18,1,90,5,494,55,50
90,18,1,91,6,500,0,60
91,18,1,92,2,502,63,20
92,18,1,93,6,508,55,60
93,18,1,94,2,510,29,20
94,18,1,95,4,514,0,40
95,18,1,96,8,522,110,80
96,18,1,97,7,529,74,70
97,18,1,98,6,535,56,60
98,18,1,99,3,538,25,30
99,18,1,100,9,547,87,90
100,18,1,101,8,555,84,80
101,18,1,102,3,558,36,30
102,18,1,103,4,562,47,40
103,18,1,104,2,564,0,20
104,18,1,105,9,573,112,90
105,18,1,106,3,576,31,30
106,18,1,107,6,582,63,60
107,18,1,108,6,588,58,60
108,18,1,109,5,593,45,50
109,18,1,110,7,600,73,70
110,18,1,111,2,602,24,20
111,18,1,112,6,608,71,60
112,18,1,113,6,614,51,60
113,18,1,114,2,616,18,20
114,18,1,115,7,623,62,70
115,18,1,116,3,626,33,30
116,18,1,117,4,630,42,40
117,18,1,118,7,637,80,70
118,18,1,119,6,643,57,60
119,18,1,120,5,648,44,50
120,18,1,121,2,650,19,20
121,18,1,122,5,655,75,50
122,18,1,123,2,657,23,20
123,18,1,124,4,661,36,40
124,18,1,125,8,669,83,80
125,18,1,126,8,677,60,80
126,18,1,127,5,682,45,50
127,18,1,128,3,685,33,30
128,18,1,129,5,690,45,50
129,18,1,130,6,696,59,60
130,18,1,131,8,704,79,80
131,18,1,132,7,711,63,70
132,18,1,133,6,717,45,60
133,18,1,134,5,722,68,50
134,18,1,135,9,731,102,90
135,18,1,136,8,739,75,80
136,18,1,137,9,748,94,90
137,18,1,138,9,757,93,90
138,18,1,139,2,759,21,20
139,18,1,140,8,767,79,80
140,18,1,141,6,773,71,60
141,18,1,142,8,781,99,80
142,18,1,143,3,784,33,30
143,18,1,144,3,787,17,30
144,18,1,145,9,796,92,90
145,18,1,146,5,801,51,50
146,18,1,147,3,804,37,30
147,18,1,148,7,811,71,70
148,18,1,149,5,816,62,50
149,18,1,150,9,825,92,90
150,18,1,151,2,827,29,20
151,18,1,152,3,830,29,30
152,18,1,153,7,837,82,70
153,18,1,154,5,842,52,50
154,18,1,155,9,851,87,90
155,18,1,156,6,857,59,60
156,18,1,157,5,862,60,50
157,18,1,158,6,868,63,60
158,18,1,159,8,876,63,80
159,18,1,160,3,879,28,30
160,18,1,161,7,886,74,70
161,18,1,162,7,893,76,70
162,18,1,163,9,902,85,90
163,18,1,164,7,909,86,70
164,18,1,165,5,914,54,50
165,18,1,166,8,922,75,80
166,18,1,167,3,925,29,30
167,18,1,168,6,931,65,60
168,18,1,169,8,939,77,80
169,18,1,170,4,943,0,40
170,18,1,171,4,947,78,40
171,18,1,172,8,955,80,80
172,18,1,173,7,962,83,70
173,18,1,174,8,970,87,80
174,18,1,175,5,975,45,50
175,18,1,176,7,982,86,70
176,18,1,177,9,991,91,90
177,18,1,178,3,994,36,30
178,18,1,179,2,996,27,20
179,18,1,180,4,1000,49,40
180,18,1,181,9,1009,84,90
181,18,1,182,8,1017,68,80
182,18,1,183,8,1025,80,80
183,18,1,184,3,1028,24,30
184,18,1,185,4,1032,50,40
185,18,1,186,4,1036,37,40
186,18,1,187,4,1040,42,40
187,18,1,188,3,1043,30,30
188,18,1,189,5,1048,53,50
189,18,1,190,3,1051,33,30
190,18,1,191,4,1055,41,40
191,18,1,192,2,1057,21,20
192,18,1,193,3,1060,31,30
193,18,1,194,3,1063,22,30
194,18,1,195,7,1070,59,70
195,18,1,196,5,1075,60,50
196,18,1,197,3,1078,28,30
197,18,1,198,8,1086,65,80
198,18,1,199,9,1095,85,90
199,18,1,200,4,1099,41,40
200,18,1,201,3,1102,32,30
201,18,1,202,7,1109,75,70
202,18,1,203,2,1111,19,20
203,18,1,204,5,1116,50,50
204,18,1,205,9,1125,104,90
205,18,1,206,9,1134,83,90
206,18,1,207,5,1139,45,50
207,18,1,208,4,1143,37,40
208,18,1,209,7,1150,60,70
209,18,1,210,7,1157,64,70
210,18,1,211,8,1165,61,80
211,18,1,212,4,1169,37,40
212,18,1,213,2,1171,18,20
213,18,1,214,3,1174,35,30
214,18,1,215,7,1181,71,70
215,18,1,216,2,1183,34,20
216,18,1,217,7,1190,60,70
217,18,1,218,9,1199,90,90
218,18,1,219,4,1203,32,40
219,18,1,220,7,1210,66,70
220,18,1,221,2,1212,15,20
221,18,1,222,8,1220,92,80
222,18,1,223,2,1222,23,20
223,18,1,224,4,1226,26,40
224,18,1,225,3,1229,30,30
225,18,1,226,8,1237,85,80
226,18,1,227,6,1243,50,60
227,18,1,228,8,1251,75,80
228,18,1,229,7,1258,71,70
229,18,1,230,6,1264,61,60
230,18,1,231,7,1271,77,70
231,18,1,232,3,1274,32,30
232,18,1,233,3,1277,29,30
233,18,1,234,8,1285,83,80
234,18,1,235,6,1291,58,60
235,18,1,236,8,1299,76,80
236,18,1,237,3,1302,34,30
237,18,1,238,2,1304,18,20
238,18,1,239,4,1308,38,40
239,18,1,240,3,1311,19,30
240,18,1,241,2,1313,13,20
241,18,1,242,5,1318,38,50
242,18,1,243,3,1321,27,30
243,18,1,244,4,1325,40,40
244,18,1,245,8,1333,81,80
245,18,1,246,8,1341,71,80
246,18,1,247,2,1343,15,20
247,18,1,248,2,1345,23,20
248,18,1,249,3,1348,27,30
249,18,1,250,3,1351,25,30
250,18,1,251,8,1359,77,80
251,18,1,252,8,1367,70,80
252,18,1,253,8,1375,84,80
253,18,1,254,7,1382,66,70
254,18,1,255,2,1384,20,20
255,18,1,256,3,1387,27,30
256,18,1,257,5,1392,62,50
257,18,1,258,3,1395,30,30
258,18,1,259,5,1400,49,50
259,18,1,260,3,1403,0,30
260,18,1,261,5,1408,83,50
261,18,1,262,6,1414,56,60
262,18,1,263,4,1418,46,40
263,18,1,264,9,1427,77,90
264,18,1,265,2,1429,22,20
265,18,1,266,9,1438,85,90
266,18,1,267,9,1447,93,90
267,18,1,268,4,1451,39,40
268,18,1,269,6,1457,66,60
269,18,1,270,5,1462,34,50
270,18,1,271,6,1468,65,60
271,18,1,272,9,1477,86,90
272,18,1,273,9,1486,79,90
273,18,1,274,4,1490,0,40
274,18,1,275,3,1493,66,30
275,18,1,276,6,1499,50,60
276,18,1,277,2,1501,0,20
277,18,1,278,8,1509,97,80
278,18,1,279,6,1515,71,60
279,18,1,280,8,1523,77,80
280,18,1,281,6,1529,68,60
281,18,1,282,3,1532,32,30
282,18,1,283,5,1537,57,50
283,18,1,284,9,1546,83,90
284,18,1,285,7,1553,56,70
285,18,1,286,2,1555,19,20
286,18,1,287,9,1564,85,90
287,18,1,288,6,1570,71,60
288,18,1,289,2,1572,17,20
289,18,1,290,5,1577,47,50
290,18,1,291,9,1586,81,90
291,18,1,292,5,1591,53,50
292,18,1,293,9,1600,102,90
293,18,1,294,2,1602,27,20
294,18,1,295,7,1609,86,70
295,18,1,296,5,1614,47,50
296,18,1,297,8,1622,88,80
297,18,1,298,4,1626,43,40
298,18,1,299,5,1631,50,50
299,18,1,300,3,1634,30,30
300,18,1,301,3,1637,37,30
301,18,1,302,2,1639,11,20
302,18,1,303,8,1647,95,80
303,18,1,304,6,1653,56,60
304,18,1,305,5,1658,50,50
305,18,1,306,2,1660,20,20
306,18,1,307,4,1664,43,40
307,18,1,308,2,1666,25,20
308,18,1,309,5,1671,55,50
309,18,1,310,7,1678,67,70
310,18,1,311,7,1685,72,70
311,18,1,312,3,1688,28,30
312,18,1,313,8,1696,79,80
313,18,1,314,6,1702,48,60
314,18,1,315,7,1709,80,70
315,18,1,316,9,1718,97,90
316,18,1,317,3,1721,39,30
317,18,1,318,7,1728,77,70
318,18,1,319,3,1731,20,30
319,18,1,320,4,1735,45,40
320,18,1,321,8,1743,93,80
321,18,1,322,6,1749,66,60
322,18,1,323,3,1752,31,30
323,18,1,324,7,1759,72,70
324,18,1,325,5,1764,42,50
325,18,1,326,7,1771,62,70
326,18,1,327,2,1773,21,20
327,18,1,328,5,1778,40,50
328,18,1,329,5,1783,56,50
329,18,1,330,6,1789,65,60
330,18,1,331,5,1794,50,50
331,18,1,332,5,1799,44,50
332,18,1,333,9,1808,112,90
333,18,1,334,6,1814,74,60
334,18,1,335,8,1822,95,80
335,18,1,336,7,1829,70,70
336,18,1,337,7,1836,84,70
337,18,1,338,8,1844,0,80
338,18,1,339,8,1852,0,80
339,18,1,340,4,1856,185,40
340,18,1,341,9,1865,107,90
341,18,1,342,3,1868,0,30
342,18,1,343,7,1875,95,70
343,18,1,344,6,1881,53,60
344,18,1,345,9,1890,91,90
345,18,1,346,9,1899,85,90
346,18,1,347,3,1902,27,30
347,18,1,348,5,1907,62,50
348,18,1,349,6,1913,56,60
349,18,1,350,7,1920,76,70
350,18,1,351,7,1927,67,70
351,18,1,352,7,1934,69,70
352,18,1,353,6,1940,52,60
353,18,1,354,9,1949,87,90
354,18,1,355,8,1957,79,80
355,18,1,356,2,1959,32,20
356,18,1,357,5,1964,56,50
357,18,1,358,3,1967,42,30
358,18,1,359,5,1972,44,50
359,18,1,360,9,1981,98,90
360,18,1,361,4,1985,35,40
361,18,1,362,9,1994,80,90
362,18,1,363,9,2003,80,90
363,18,1,364,2,2005,19,20
364,18,1,365,8,2013,77,80
365,18,1,366,9,2022,82,90
366,18,1,367,6,2028,74,60
367,18,1,368,3,2031,29,30
368,18,1,369,7,2038,67,70
369,18,1,370,6,2044,59,60
370,18,1,371,6,2050,56,60
371,18,1,372,9,2059,90,90
372,18,1,373,7,2066,73,70
373,18,1,374,8,2074,80,80
374,18,1,375,9,2083,77,90
375,18,1,376,2,2085,19,20
376,18,1,377,8,2093,72,80
377,18,1,378,2,2095,18,20
378,18,1,379,5,2100,56,50
379,18,1,380,7,2107,76,70
380,18,1,381,3,2110,30,30
381,18,1,382,2,2112,19,20
382,18,1,383,9,2121,64,90
383,18,1,384,4,2125,36,40
384,18,1,385,6,2131,53,60
385,18,1,386,2,2133,20,20
386,18,1,387,4,2137,41,40
387,18,1,388,8,2145,74,80
388,18,1,389,4,2149,47,40
389,18,1,390,6,2155,60,60
390,18,1,391,5,2160,0,50
391,18,1,392,6,2166,142,60
392,18,1,393,5,2171,50,50
393,18,1,394,4,2175,27,40
394,18,1,395,2,2177,25,20
395,18,1,396,8,2185,70,80
396,18,1,397,4,2189,31,40
397,18,1,398,8,2197,88,80
398,18,1,399,7,2204,90,70
399,18,1,400,8,2212,75,80
400,18,1,401,2,2214,30,20
401,18,1,402,5,2219,62,50
402,18,1,403,7,2226,0,70
403,18,1,404,7,2233,148,70
404,18,1,405,9,2242,74,90
405,18,1,406,3,2245,15,30
406,18,1,407,6,2251,45,60
407,18,1,408,5,2256,46,50
408,18,1,409,4,2260,44,40
409,18,1,410,3,2263,27,30
410,18,1,411,4,2267,32,40
411,18,1,412,8,2275,92,80
412,18,1,413,8,2283,81,80
413,18,1,414,7,2290,77,70
414,18,1,415,7,2297,66,70
415,18,1,416,6,2303,64,60
416,18,1,417,6,2309,55,60
417,18,1,418,9,2318,80,90
418,18,1,419,5,2323,45,50
419,18,1,420,4,2327,53,40
420,18,1,421,8,2335,81,80
421,18,1,422,7,2342,66,70
422,18,1,423,5,2347,53,50
423,18,1,424,4,2351,33,40
424,18,1,425,4,2355,43,40
425,18,1,426,6,2361,0,60
426,18,1,427,9,2370,134,90
427,18,1,428,7,2377,72,70
428,18,1,429,3,2380,24,30
429,18,1,430,8,2388,0,80
430,18,1,431,7,2395,152,70
431,18,1,432,4,2399,0,40
432,18,1,433,2,2401,80,20
433,18,1,434,5,2406,43,50
434,18,1,435,5,2411,45,50
435,18,1,436,8,2419,69,80
436,18,1,437,7,2426,67,70
437,18,1,438,4,2430,40,40
438,18,1,439,3,2433,33,30
439,18,1,440,7,2440,67,70
440,18,1,441,5,2445,58,50
441,18,1,442,6,2451,72,60
442,18,1,443,8,2459,83,80
443,18,1,444,8,2467,64,80
444,18,1,445,8,2475,68,80
445,18,1,446,5,2480,40,50
446,18,1,447,8,2488,74,80
447,18,1,448,5,2493,50,50
448,18,1,449,4,2497,54,40
449,18,1,450,8,2505,73,80
450,18,1,451,9,2514,79,90
451,18,1,452,9,2523,85,90
452,18,1,453,3,2526,40,30
453,18,1,454,3,2529,0,30
454,18,1,455,6,2535,102,60
455,18,1,456,6,2541,66,60
456,18,1,457,9,2550,104,90
457,18,1,458,5,2555,40,50
458,18,1,459,5,2560,46,50
459,18,1,460,4,2564,35,40
460,18,1,461,2,2566,17,20
461,18,1,462,9,2575,87,90
462,18,1,463,9,2584,96,90
463,18,1,464,3,2587,24,30
464,18,1,465,6,2593,0,60
465,18,1,466,7,2600,135,70
466,18,1,467,8,2608,74,80
467,18,1,468,8,2616,79,80
468,18,1,469,8,2624,89,80
469,18,1,470,5,2629,43,50
470,18,1,471,9,2638,0,90
471,18,1,472,2,2640,109,20
472,18,1,473,3,2643,30,30
473,18,1,474,7,2650,76,70
474,18,1,475,7,2657,65,70
475,18,1,476,8,2665,81,80
476,18,1,477,5,2670,48,50
477,18,1,478,6,2676,55,60
478,18,1,479,6,2682,63,60
479,18,1,480,4,2686,39,40
480,18,1,481,8,2694,84,80
481,18,1,482,5,2699,51,50
482,18,1,483,2,2701,27,20
483,18,1,484,8,2709,72,80
484,18,1,485,8,2717,73,80
485,18,1,486,8,2725,80,80
486,18,1,487,4,2729,45,40
487,18,1,488,9,2738,76,90
488,18,1,489,6,2744,63,60
489,18,1,490,2,2746,14,20
490,18,1,491,9,2755,0,90
491,18,1,492,2,2757,110,20
492,18,1,493,3,2760,38,30
493,18,1,494,9,2769,80,90
494,18,1,495,8,2777,79,80
495,18,1,496,6,2783,64,60
496,18,1,497,2,2785,22,20
497,18,1,498,3,2788,36,30
498,18,1,499,2,2790,19,20
499,18,1,500,2,2792,21,20
500,18,1,501,8,2800,87,80
501,18,1,502,4,2804,47,40
502,18,1,503,8,2812,79,80
503,18,1,504,2,2814,11,20
504,18,1,505,6,2820,0,60
505,18,1,506,5,2825,102,50
506,18,1,507,3,2828,28,30
507,18,1,508,3,2831,34,30
508,18,1,509,2,2833,15,20
509,18,1,510,4,2837,48,40
510,18,1,511,5,2842,43,50
511,18,1,512,5,2847,44,50
512,18,1,513,9,2856,98,90
513,18,1,514,5,2861,47,50
514,18,1,515,9,2870,94,90
515,18,1,516,3,2873,22,30
516,18,1,517,6,2879,0,60
517,18,1,518,7,2886,147,70
518,18,1,519,8,2894,90,80
519,18,1,520,6,2900,60,60
520,18,1,521,5,2905,50,50
521,18,1,522,6,2911,53,60
522,18,1,523,6,2917,53,60
523,18,1,524,4,2921,41,40
524,18,1,525,4,2925,45,40
525,18,1,526,9,2934,101,90
526,18,1,527,8,2942,75,80
527,18,1,528,7,2949,0,70
528,18,1,529,8,2957,146,80
529,18,1,530,9,2966,92,90
530,18,1,531,3,2969,30,30
531,18,1,532,5,2974,50,50
532,18,1,533,6,2980,51,60
533,18,1,534,6,2986,53,60
534,18,1,535,3,2989,36,30
535,18,1,536,9,2998,0,90
536,18,1,537,3,3001,120,30
537,18,1,538,3,3004,29,30
538,18,1,539,7,3011,83,70
539,18,1,540,2,3013,21,20
540,18,1,541,4,3017,34,40
541,18,1,542,4,3021,40,40
542,18,1,543,4,3025,44,40
543,18,1,544,4,3029,0,40
544,18,1,545,4,3033,69,40
545,18,1,546,9,3042,102,90
546,18,1,547,9,3051,100,90
547,18,1,548,6,3057,65,60
548,18,1,549,4,3061,42,40
549,18,1,550,6,3067,57,60
550,18,1,551,4,3071,0,40
551,18,1,552,7,3078,116,70
552,18,1,553,7,3085,71,70
553,18,1,554,6,3091,62,60
554,18,1,555,6,3097,70,60
555,18,1,556,3,3100,23,30
556,18,1,557,3,3103,0,30
557,18,1,558,2,3105,58,20
558,18,1,559,2,3107,21,20
559,18,1,560,3,3110,41,30
560,18,1,561,9,3119,99,90
561,18,1,562,6,3125,61,60
562,18,1,563,6,3131,60,60
563,18,1,564,7,3138,63,70
564,18,1,565,2,3140,21,20
565,18,1,566,2,3142,0,20
566,18,1,567,6,3148,63,60
567,18,1,568,3,3151,24,30
568,18,1,569,7,3158,81,70
569,18,1,570,7,3165,79,70
570,18,1,571,8,3173,110,80
571,18,1,572,6,3179,57,60
572,18,1,573,6,3185,65,60
573,18,1,574,5,3190,58,50
574,18,1,575,3,3193,39,30
575,18,1,576,7,3200,67,70
576,18,1,577,9,3209,0,90
577,18,1,578,7,3216,156,70
578,18,1,579,3,3219,23,30
579,18,1,580,7,3226,65,70
580,18,1,581,6,3232,62,60
581,18,1,582,2,3234,18,20
582,18,1,583,7,3241,71,70
583,18,1,584,9,3250,84,90
584,18,1,585,6,3256,63,60
585,18,1,586,8,3264,74,80
586,18,1,587,5,3269,55,50
587,18,1,588,3,3272,29,30
588,18,1,589,2,3274,23,20
589,18,1,590,5,3279,60,50
590,18,1,591,9,3288,80,90
591,18,1,592,9,3297,84,90
592,18,1,593,8,3305,70,80
593,18,1,594,6,3311,59,60
594,18,1,595,3,3314,34,30
595,18,1,596,8,3322,91,80
596,18,1,597,9,3331,103,90
597,18,1,598,5,3336,47,50
598,18,1,599,8,3344,93,80
599,18,1,600,8,3352,78,80
600,18,1,601,8,3360,84,80
601,18,1,602,8,3368,88,80
602,18,1,603,9,3377,86,90
603,18,1,604,5,3382,54,50
604,18,1,605,2,3384,25,20
605,18,1,606,9,3393,80,90
606,18,1,607,3,3396,34,30
607,18,1,608,8,3404,0,80
608,18,1,609,6,3410,0,60
609,18,1,610,3,3413,192,30
610,18,1,611,9,3422,88,90
611,18,1,612,2,3424,18,20
612,18,1,613,2,3426,16,20
613,18,1,614,4,3430,45,40
614,18,1,615,7,3437,67,70
615,18,1,616,5,3442,50,50
616,18,1,617,9,3451,88,90
617,18,1,618,8,3459,81,80
618,18,1,619,3,3462,18,30
619,18,1,620,7,3469,78,70
620,18,1,621,2,3471,12,20
621,18,1,622,9,3480,89,90
622,18,1,623,6,3486,79,60
623,18,1,624,6,3492,49,60
624,18,1,625,6,3498,57,60
625,18,1,626,8,3506,79,80
626,18,1,627,3,3509,27,30
627,18,1,628,2,3511,16,20
628,18,1,629,9,3520,79,90
629,18,1,630,9,3529,84,90
630,18,1,631,2,3531,22,20
631,18,1,632,6,3537,60,60
632,18,1,633,4,3541,42,40
633,18,1,634,4,3545,40,40
634,18,1,635,9,3554,93,90
635,18,1,636,6,3560,46,60
636,18,1,637,8,3568,0,80
637,18,1,638,8,3576,157,80
638,18,1,639,6,3582,61,60
639,18,1,640,9,3591,79,90
640,18,1,641,6,3597,67,60
641,18,1,642,4,3601,35,40
642,18,1,643,3,3604,43,30
643,18,1,644,3,3607,27,30
644,18,1,645,3,3610,33,30
645,18,1,646,8,3618,61,80
646,18,1,647,7,3625,66,70
647,18,1,648,5,3630,55,50
648,18,1,649,6,3636,61,60
649,18,1,650,6,3642,67,60
650,18,1,651,7,3649,82,70
651,18,1,652,8,3657,86,80
652,18,1,653,8,3665,82,80
653,18,1,654,5,3670,58,50
654,18,1,655,3,3673,31,30
655,18,1,656,5,3678,56,50
656,18,1,657,9,3687,0,90
657,18,1,658,5,3692,145,50
658,18,1,659,5,3697,57,50
659,18,1,660,6,3703,54,60
660,18,1,661,6,3709,50,60
661,18,1,662,2,3711,14,20
662,18,1,663,7,3718,73,70
663,18,1,664,9,3727,79,90
664,18,1,665,5,3732,66,50
665,18,1,666,5,3737,60,50
666,18,1,667,5,3742,63,50
667,18,1,668,4,3746,31,40
668,18,1,669,9,3755,88,90
669,18,1,670,2,3757,21,20
670,18,1,671,7,3764,69,70
671,18,1,672,6,3770,0,60
672,18,1,673,4,3774,118,40
673,18,1,674,3,3777,33,30
674,18,1,675,4,3781,21,40
675,18,1,676,2,3783,19,20
676,18,1,677,2,3785,16,20
677,18,1,678,5,3790,38,50
678,18,1,679,9,3799,100,90
679,18,1,680,5,3804,49,50
680,18,1,681,2,3806,24,20
681,18,1,682,9,3815,98,90
682,18,1,683,6,3821,0,60
683,18,1,684,2,3823,76,20
684,18,1,685,3,3826,30,30
685,18,1,686,3,3829,29,30
686,18,1,687,5,3834,48,50
687,18,1,688,7,3841,71,70
688,18,1,689,9,3850,75,90
689,18,1,690,3,3853,22,30
690,18,1,691,2,3855,21,20
691,18,1,692,5,3860,39,50
692,18,1,693,7,3867,59,70
693,18,1,694,2,3869,23,20
694,18,1,695,5,3874,61,50
695,18,1,696,9,3883,96,90
696,18,1,697,6,3889,61,60
697,18,1,698,4,3893,46,40
698,18,1,699,4,3897,34,40
699,18,1,700,4,3901,33,40
700,18,1,701,6,3907,58,60
701,18,1,702,5,3912,0,50
702,18,1,703,4,3916,98,40
703,18,1,704,2,3918,20,20
704,18,1,705,2,3920,23,20
705,18,1,706,4,3924,49,40
706,18,1,707,8,3932,65,80
707,18,1,708,6,3938,59,60
708,18,1,709,3,3941,33,30
709,18,1,710,5,3946,45,50
710,18,1,711,2,3948,18,20
711,18,1,712,7,3955,70,70
712,18,1,713,2,3957,18,20
713,18,1,714,7,3964,64,70
714,18,1,715,4,3968,34,40
715,18,1,716,5,3973,38,50
716,18,1,717,8,3981,60,80
717,18,1,718,8,3989,85,80
718,18,1,719,2,3991,22,20
719,18,1,720,6,3997,54,60
720,18,1,721,4,4001,46,40
721,18,1,722,9,4010,88,90
722,18,1,723,3,4013,33,30
723,18,1,724,8,4021,67,80
724,18,1,725,5,4026,33,50
725,18,1,726,6,4032,62,60
726,18,1,727,8,4040,82,80
727,18,1,728,5,4045,44,50
728,18,1,729,9,4054,77,90
729,18,1,730,3,4057,41,30
730,18,1,731,7,4064,77,70
731,18,1,732,4,4068,41,40
732,18,1,733,8,4076,84,80
733,18,1,734,5,4081,51,50
734,18,1,735,4,4085,42,40
735,18,1,736,2,4087,20,20
736,18,1,737,9,4096,83,90
737,18,1,738,7,4103,68,70
738,18,1,739,6,4109,51,60
739,18,1,740,3,4112,27,30
740,18,1,741,8,4120,85,80
741,18,1,742,2,4122,14,20
742,18,1,743,6,4128,74,60
743,18,1,744,9,4137,115,90
744,18,1,745,2,4139,13,20
745,18,1,746,5,4144,56,50
746,18,1,747,5,4149,0,50
747,18,1,748,5,4154,105,50
748,18,1,749,4,4158,38,40
749,18,1,750,8,4166,0,80
750,18,1,751,2,4168,96,20
751,18,1,752,6,4174,54,60
752,18,1,753,7,4181,68,70
753,18,1,754,4,4185,34,40
754,18,1,755,7,4192,79,70
755,18,1,756,3,4195,37,30
756,18,1,757,4,4199,38,40
757,18,1,758,6,4205,71,60
758,18,1,759,5,4210,43,50
759,18,1,760,6,4216,62,60
760,18,1,761,9,4225,86,90
761,18,1,762,5,4230,55,50
762,18,1,763,7,4237,80,70
763,18,1,764,2,4239,18,20
764,18,1,765,9,4248,83,90
765,18,1,766,8,4256,75,80
766,18,1,767,3,4259,29,30
767,18,1,768,3,4262,31,30
768,18,1,769,9,4271,75,90
769,18,1,770,6,4277,60,60
770,18,1,771,6,4283,39,60
771,18,1,772,6,4289,50,60
772,18,1,773,9,4298,90,90
773,18,1,774,6,4304,62,60
774,18,1,775,2,4306,24,20
775,18,1,776,2,4308,21,20
776,18,1,777,4,4312,39,40
777,18,1,778,2,4314,15,20
778,18,1,779,7,4321,68,70
779,18,1,780,9,4330,99,90
780,18,1,781,3,4333,19,30
781,18,1,782,7,4340,58,70
782,18,1,783,2,4342,15,20
783,18,1,784,8,4350,93,80
784,18,1,785,2,4352,20,20
785,18,1,786,6,4358,65,60
786,18,1,787,7,4365,77,70
787,18,1,788,2,4367,12,20
788,18,1,789,4,4371,38,40
789,18,1,790,9,4380,92,90
790,18,1,791,3,4383,30,30
791,18,1,792,5,4388,50,50
792,18,1,793,4,4392,35,40
793,18,1,794,2,4394,19,20
794,18,1,795,7,4401,70,70
795,18,1,796,2,4403,18,20
796,18,1,797,3,4406,32,30
797,18,1,798,7,4413,61,70
798,18,1,799,6,4419,57,60
799,18,1,800,5,4424,39,50
800,18,1,801,4,4428,37,40
801,18,1,802,2,4430,20,20
802,18,1,803,7,4437,70,70
803,18,1,804,4,4441,45,40
804,18,1,805,6,4447,63,60
805,18,1,806,3,4450,38,30
806,18,1,807,3,4453,31,30
807,18,1,808,3,4456,34,30
808,18,1,809,5,4461,61,50
809,18,1,810,6,4467,54,60
810,18,1,811,2,4469,0,20
811,18,1,812,5,4474,57,50
812,18,1,813,2,4476,20,20
813,18,1,814,7,4483,80,70
814,18,1,815,3,4486,26,30
815,18,1,816,7,4493,78,70
816,18,1,817,2,4495,17,20
817,18,1,818,2,4497,20,20
818,18,1,819,4,4501,33,40
819,18,1,820,9,4510,87,90
820,18,1,821,5,4515,56,50
821,18,1,822,3,4518,35,30
822,18,1,823,3,4521,21,30
823,18,1,824,6,4527,65,60
824,18,1,825,3,4530,25,30
825,18,1,826,9,4539,0,90
826,18,1,827,9,4548,179,90
827,18,1,828,7,4555,72,70
828,18,1,829,4,4559,52,40
829,18,1,830,4,4563,40,40
830,18,1,831,5,4568,51,50
831,18,1,832,5,4573,51,50
832,18,1,833,5,4578,45,50
833,18,1,834,9,4587,87,90
834,18,1,835,3,4590,30,30
835,18,1,836,2,4592,17,20
836,18,1,837,3,4595,35,30
837,18,1,838,3,4598,28,30
838,18,1,839,6,4604,51,60
839,18,1,840,6,4610,47,60
840,18,1,841,4,4614,40,40
841,18,1,842,7,4621,65,70
842,18,1,843,9,4630,97,90
843,18,1,844,5,4635,41,50
844,18,1,845,4,4639,42,40
845,18,1,846,5,4644,43,50
846,18,1,847,2,4646,20,20
847,18,1,848,6,4652,54,60
848,18,1,849,4,4656,40,40
849,18,1,850,3,4659,21,30
850,18,1,851,3,4662,34,30
851,18,1,852,9,4671,109,90
852,18,1,853,8,4679,88,80
853,18,1,854,4,4683,50,40
854,18,1,855,3,4686,35,30
855,18,1,856,2,4688,0,20
856,18,1,857,3,4691,46,30
857,18,1,858,6,4697,60,60
858,18,1,859,4,4701,39,40
859,18,1,860,8,4709,74,80
860,18,1,861,7,4716,67,70
861,18,1,862,4,4720,37,40
862,18,1,863,2,4722,16,20
863,18,1,864,9,4731,91,90
864,18,1,865,2,4733,18,20
865,18,1,866,4,4737,40,40
866,18,1,867,9,4746,102,90
867,18,1,868,6,4752,50,60
868,18,1,869,5,4757,51,50
869,18,1,870,9,4766,88,90
870,18,1,871,2,4768,16,20
871,18,1,872,3,4771,22,30
872,18,1,873,2,4773,18,20
873,18,1,874,2,4775,22,20
874,18,1,875,3,4778,26,30
875,18,1,876,8,4786,70,80
876,18,1,877,4,4790,0,40
877,18,1,878,2,4792,51,20
878,18,1,879,9,4801,106,90
879,18,1,880,7,4808,58,70
880,18,1,881,7,4815,68,70
881,18,1,882,4,4819,0,40
882,18,1,883,8,4827,143,80
883,18,1,884,7,4834,65,70
884,18,1,885,4,4838,45,40
885,18,1,886,7,4845,69,70
886,18,1,887,4,4849,39,40
887,18,1,888,4,4853,36,40
888,18,1,889,3,4856,22,30
889,18,1,890,8,4864,77,80
890,18,1,891,3,4867,30,30
891,18,1,892,6,4873,72,60
892,18,1,893,9,4882,73,90
893,18,1,894,2,4884,19,20
894,18,1,895,5,4889,54,50
895,18,1,896,9,4898,86,90
896,18,1,897,9,4907,90,90
897,18,1,898,6,4913,56,60
898,18,1,899,2,4915,20,20
899,18,1,900,7,4922,72,70
900,18,1,901,4,4926,47,40
901,18,1,902,6,4932,0,60
902,18,1,903,8,4940,129,80
903,18,1,904,2,4942,22,20
904,18,1,905,9,4951,113,90
905,18,1,906,2,4953,16,20
906,18,1,907,7,4960,69,70
907,18,1,908,5,4965,58,50
908,18,1,909,2,4967,17,20
909,18,1,910,6,4973,55,60
910,18,1,911,5,4978,54,50
911,18,1,912,4,4982,39,40
912,18,1,913,2,4984,19,20
913,18,1,914,3,4987,41,30
914,18,1,915,8,4995,90,80
915,18,1,916,3,4998,30,30
916,18,2,1,3,3,31,30
917,18,2,2,3,6,34,30
918,18,2,3,9,15,85,90
919,18,2,4,5,20,54,50
920,18,2,5,2,22,17,20
921,18,2,6,3,25,27,30
922,18,2,7,5,30,50,50
923,18,2,8,6,36,54,60
924,18,2,9,3,39,27,30
925,18,2,10,6,45,66,60
926,18,2,11,3,48,35,30
927,18,2,12,6,54,72,60
928,18,2,13,4,58,40,40
929,18,2,14,6,64,60,60
930,18,2,15,6,70,60,60
931,18,2,16,8,78,69,80
932,18,2,17,7,85,83,70
933,18,2,18,2,87,17,20
934,18,2,19,4,91,39,40
935,18,2,20,6,97,72,60
936,18,2,21,3,100,34,30
937,18,2,22,5,105,48,50
938,18,2,23,5,110,47,50
939,18,2,24,8,118,89,80
940,18,2,25,8,126,79,80
941,18,2,26,3,129,29,30
942,18,2,27,8,137,82,80
943,18,2,28,2,139,14,20
944,18,2,29,2,141,18,20
945,18,2,30,6,147,60,60
946,18,2,31,5,152,49,50
947,18,2,32,2,154,23,20
948,18,2,33,8,162,71,80
949,18,2,34,5,167,47,50
950,18,2,35,8,175,88,80
951,18,2,36,4,179,41,40
952,18,2,37,8,187,83,80
953,18,2,38,9,196,92,90
954,18,2,39,4,200,47,40
955,18,2,40,9,209,89,90
956,18,2,41,9,218,83,90
957,18,2,42,4,222,39,40
958,18,2,43,5,227,54,50
959,18,2,44,5,232,49,50
960,18,2,45,4,236,33,40
961,18,2,46,2,238,21,20
962,18,2,47,3,241,32,30
963,18,2,48,5,246,41,50
964,18,2,49,2,248,30,20
965,18,2,50,9,257,99,90
966,18,2,51,2,259,21,20
967,18,2,52,3,262,30,30
968,18,2,53,4,266,36,40
969,18,2,54,7,273,76,70
970,18,2,55,3,276,30,30
971,18,2,56,5,281,56,50
972,18,2,57,8,289,96,80
973,18,2,58,5,294,60,50
974,18,2,59,5,299,52,50
975,18,2,60,9,308,73,90
976,18,2,61,4,312,34,40
977,18,2,62,7,319,65,70
978,18,2,63,2,321,16,20
979,18,2,64,4,325,43,40
980,18,2,65,5,330,43,50
981,18,2,66,2,332,15,20
982,18,2,67,2,334,20,20
983,18,2,68,6,340,53,60
984,18,2,69,7,347,67,70
985,18,2,70,2,349,9,20
986,18,2,71,2,351,22,20
987,18,2,72,8,359,83,80
988,18,2,73,7,366,73,70
989,18,2,74,8,374,76,80
990,18,2,75,5,379,37,50
991,18,2,76,8,387,77,80
992,18,2,77,5,392,56,50
993,18,2,78,4,396,34,40
994,18,2,79,3,399,29,30
995,18,2,80,6,405,48,60
996,18,2,81,3,408,23,30
997,18,2,82,3,411,40,30
998,18,2,83,7,418,63,70
999,18,2,84,3,421,28,30
1000,18,2,85,8,429,78,80
1001,18,2,86,8,437,74,80
1002,18,2,87,5,442,0,50
1003,18,2,88,8,450,114,80
1004,18,2,89,2,452,20,20
1005,18,2,90,4,456,48,40
1006,18,2,91,7,463,80,70
1007,18,2,92,9,472,88,90
1008,18,2,93,8,480,75,80
1009,18,2,94,8,488,66,80
1010,18,2,95,5,493,39,50
1011,18,2,96,5,498,60,50
1012,18,2,97,9,507,76,90
1013,18,2,98,4,511,41,40
1014,18,2,99,3,514,33,30
1015,18,2,100,3,517,28,30
1016,18,2,101,5,522,64,50
1017,18,2,102,9,531,90,90
1018,18,2,103,4,535,38,40
1019,18,2,104,9,544,89,90
1020,18,2,105,3,547,34,30
1021,18,2,106,7,554,0,70
1022,18,2,107,7,561,129,70
1023,18,2,108,3,564,23,30
1024,18,2,109,3,567,29,30
1025,18,2,110,6,573,0,60
1026,18,2,111,2,575,84,20
1027,18,2,112,2,577,15,20
1028,18,2,113,4,581,43,40
1029,18,2,114,9,590,89,90
1030,18,2,115,2,592,12,20
1031,18,2,116,3,595,24,30
1032,18,2,117,5,600,45,50
1033,18,2,118,5,605,54,50
1034,18,2,119,2,607,19,20
1035,18,2,120,8,615,78,80
1036,18,2,121,5,620,49,50
1037,18,2,122,9,629,88,90
1038,18,2,123,3,632,30,30
1039,18,2,124,4,636,0,40
1040,18,2,125,9,645,0,90
1041,18,2,126,3,648,152,30
1042,18,2,127,4,652,43,40
1043,18,2,128,6,658,61,60
1044,18,2,129,4,662,30,40
1045,18,2,130,3,665,30,30
1046,18,2,131,5,670,41,50
1047,18,2,132,6,676,59,60
1048,18,2,133,7,683,80,70
1049,18,2,134,8,691,82,80
1050,18,2,135,3,694,33,30
1051,18,2,136,2,696,20,20
1052,18,2,137,9,705,86,90
1053,18,2,138,2,707,25,20
1054,18,2,139,4,711,33,40
1055,18,2,140,4,715,41,40
1056,18,2,141,4,719,31,40
1057,18,2,142,6,725,66,60
1058,18,2,143,3,728,36,30
1059,18,2,144,7,735,63,70
1060,18,2,145,2,737,27,20
1061,18,2,146,9,746,80,90
1062,18,2,147,5,751,0,50
1063,18,2,148,4,755,97,40
1064,18,2,149,5,760,43,50
1065,18,2,150,5,765,50,50
1066,18,2,151,2,767,17,20
1067,18,2,152,6,773,56,60
1068,18,2,153,5,778,43,50
1069,18,2,154,4,782,38,40
1070,18,2,155,5,787,48,50
1071,18,2,156,9,796,87,90
1072,18,2,157,3,799,32,30
1073,18,2,158,2,801,20,20
1074,18,2,159,6,807,63,60
1075,18,2,160,3,810,26,30
1076,18,2,161,7,817,76,70
1077,18,2,162,6,823,51,60
1078,18,2,163,6,829,56,60
1079,18,2,164,4,833,46,40
1080,18,2,165,5,838,44,50
1081,18,2,166,7,845,83,70
1082,18,2,167,4,849,44,40
1083,18,2,168,8,857,80,80
1084,18,2,169,5,862,40,50
1085,18,2,170,6,868,77,60
1086,18,2,171,9,877,78,90
1087,18,2,172,6,883,61,60
1088,18,2,173,7,890,58,70
1089,18,2,174,6,896,60,60
1090,18,2,175,2,898,14,20
1091,18,2,176,5,903,44,50
1092,18,2,177,7,910,64,70
1093,18,2,178,4,914,46,40
1094,18,2,179,5,919,44,50
1095,18,2,180,7,926,0,70
1096,18,2,181,7,933,139,70
1097,18,2,182,5,938,54,50
1098,18,2,183,4,942,33,40
1099,18,2,184,9,951,84,90
1100,18,2,185,3,954,39,30
1101,18,2,186,2,956,25,20
1102,18,2,187,6,962,81,60
1103,18,2,188,6,968,63,60
1104,18,2,189,9,977,89,90
1105,18,2,190,3,980,36,30
1106,18,2,191,6,986,60,60
1107,18,2,192,7,993,75,70
1108,18,2,193,3,996,35,30
1109,18,2,194,4,1000,36,40
1110,18,2,195,9,1009,92,90
1111,18,2,196,9,1018,99,90
1112,18,2,197,4,1022,50,40
1113,18,2,198,7,1029,73,70
1114,18,2,199,6,1035,55,60
1115,18,2,200,3,1038,37,30
1116,18,2,201,2,1040,17,20
1117,18,2,202,7,1047,69,70
1118,18,2,203,5,1052,0,50
1119,18,2,204,3,1055,87,30
1120,18,2,205,6,1061,54,60
1121,18,2,206,9,1070,94,90
1122,18,2,207,8,1078,88,80
1123,18,2,208,3,1081,35,30
1124,18,2,209,2,1083,26,20
1125,18,2,210,2,1085,13,20
1126,18,2,211,2,1087,0,20
1127,18,2,212,5,1092,86,50
1128,18,2,213,9,1101,77,90
1129,18,2,214,6,1107,56,60
1130,18,2,215,3,1110,40,30
1131,18,2,216,3,1113,32,30
1132,18,2,217,7,1120,75,70
1133,18,2,218,2,1122,19,20
1134,18,2,219,2,1124,22,20
1135,18,2,220,3,1127,22,30
1136,18,2,221,5,1132,56,50
1137,18,2,222,8,1140,77,80
1138,18,2,223,7,1147,62,70
1139,18,2,224,3,1150,37,30
1140,18,2,225,3,1153,29,30
1141,18,2,226,6,1159,62,60
1142,18,2,227,3,1162,0,30
1143,18,2,228,9,1171,138,90
1144,18,2,229,6,1177,61,60
1145,18,2,230,4,1181,29,40
1146,18,2,231,8,1189,70,80
1147,18,2,232,8,1197,78,80
1148,18,2,233,2,1199,22,20
1149,18,2,234,8,1207,87,80
1150,18,2,235,3,1210,23,30
1151,18,2,236,5,1215,44,50
1152,18,2,237,5,1220,34,50
1153,18,2,238,4,1224,46,40
1154,18,2,239,3,1227,32,30
1155,18,2,240,5,1232,48,50
1156,18,2,241,9,1241,76,90
1157,18,2,242,5,1246,56,50
1158,18,2,243,7,1253,73,70
1159,18,2,244,7,1260,49,70
1160,18,2,245,7,1267,0,70
1161,18,2,246,8,1275,141,80
1162,18,2,247,5,1280,60,50
1163,18,2,248,5,1285,46,50
1164,18,2,249,4,1289,43,40
1165,18,2,250,6,1295,71,60
1166,18,2,251,5,1300,62,50
1167,18,2,252,8,1308,80,80
1168,18,2,253,8,1316,84,80
1169,18,2,254,2,1318,24,20
1170,18,2,255,5,1323,62,50
1171,18,2,256,6,1329,0,60
1172,18,2,257,7,1336,0,70
1173,18,2,258,5,1341,184,50
1174,18,2,259,4,1345,43,40
1175,18,2,260,3,1348,36,30
1176,18,2,261,8,1356,75,80
1177,18,2,262,6,1362,70,60
1178,18,2,263,7,1369,62,70
1179,18,2,264,3,1372,29,30
1180,18,2,265,7,1379,74,70
1181,18,2,266,4,1383,40,40
1182,18,2,267,2,1385,11,20
1183,18,2,268,8,1393,71,80
1184,18,2,269,6,1399,51,60
1185,18,2,270,3,1402,0,30
1186,18,2,271,3,1405,70,30
1187,18,2,272,7,1412,0,70
1188,18,2,273,4,1416,120,40
1189,18,2,274,3,1419,22,30
1190,18,2,275,4,1423,0,40
1191,18,2,276,2,1425,58,20
1192,18,2,277,6,1431,53,60
1193,18,2,278,7,1438,59,70
1194,18,2,279,4,1442,34,40
1195,18,2,280,5,1447,0,50
1196,18,2,281,3,1450,77,30
1197,18,2,282,5,1455,46,50
1198,18,2,283,2,1457,18,20
1199,18,2,284,9,1466,96,90
1200,18,2,285,2,1468,24,20
1201,18,2,286,2,1470,16,20
1202,18,2,287,3,1473,33,30
1203,18,2,288,2,1475,12,20
1204,18,2,289,4,1479,44,40
1205,18,2,290,5,1484,55,50
1206,18,2,291,3,1487,22,30
1207,18,2,292,7,1494,62,70
1208,18,2,293,7,1501,69,70
1209,18,2,294,5,1506,43,50
1210,18,2,295,8,1514,80,80
1211,18,2,296,8,1522,0,80
1212,18,2,297,3,1525,98,30
1213,18,2,298,8,1533,74,80
1214,18,2,299,7,1540,81,70
1215,18,2,300,7,1547,60,70
1216,18,2,301,7,1554,81,70
1217,18,2,302,9,1563,90,90
1218,18,2,303,6,1569,48,60
1219,18,2,304,8,1577,69,80
1220,18,2,305,7,1584,0,70
1221,18,2,306,8,1592,166,80
1222,18,2,307,6,1598,57,60
1223,18,2,308,9,1607,97,90
1224,18,2,309,6,1613,66,60
1225,18,2,310,4,1617,26,40
1226,18,2,311,3,1620,42,30
1227,18,2,312,3,1623,29,30
1228,18,2,313,7,1630,70,70
1229,18,2,314,8,1638,85,80
1230,18,2,315,5,1643,41,50
1231,18,2,316,7,1650,53,70
1232,18,2,317,9,1659,91,90
1233,18,2,318,7,1666,0,70
1234,18,2,319,8,1674,156,80
1235,18,2,320,7,1681,72,70
1236,18,2,321,3,1684,0,30
1237,18,2,322,3,1687,57,30
1238,18,2,323,8,1695,0,80
1239,18,2,324,9,1704,174,90
1240,18,2,325,4,1708,40,40
1241,18,2,326,6,1714,72,60
1242,18,2,327,3,1717,37,30
1243,18,2,328,4,1721,42,40
1244,18,2,329,7,1728,68,70
1245,18,2,330,7,1735,68,70
1246,18,2,331,8,1743,90,80
1247,18,2,332,2,1745,26,20
1248,18,2,333,6,1751,73,60
1249,18,2,334,6,1757,68,60
1250,18,2,335,5,1762,0,50
1251,18,2,336,9,1771,135,90
1252,18,2,337,2,1773,18,20
1253,18,2,338,4,1777,40,40
1254,18,2,339,8,1785,65,80
1255,18,2,340,8,1793,80,80
1256,18,2,341,6,1799,58,60
1257,18,2,342,7,1806,0,70
1258,18,2,343,6,1812,143,60
1259,18,2,344,3,1815,27,30
1260,18,2,345,6,1821,66,60
1261,18,2,346,8,1829,88,80
1262,18,2,347,3,1832,28,30
1263,18,2,348,7,1839,0,70
1264,18,2,349,5,1844,126,50
1265,18,2,350,2,1846,18,20
1266,18,2,351,8,1854,89,80
1267,18,2,352,5,1859,48,50
1268,18,2,353,9,1868,106,90
1269,18,2,354,4,1872,37,40
1270,18,2,355,9,1881,84,90
1271,18,2,356,2,1883,13,20
1272,18,2,357,6,1889,62,60
1273,18,2,358,7,1896,84,70
1274,18,2,359,9,1905,70,90
1275,18,2,360,4,1909,35,40
1276,18,2,361,5,1914,50,50
1277,18,2,362,9,1923,108,90
1278,18,2,363,3,1926,30,30
1279,18,2,364,2,1928,26,20
1280,18,2,365,6,1934,64,60
1281,18,2,366,5,1939,52,50
1282,18,2,367,7,1946,56,70
1283,18,2,368,7,1953,52,70
1284,18,2,369,3,1956,28,30
1285,18,2,370,7,1963,71,70
1286,18,2,371,5,1968,57,50
1287,18,2,372,5,1973,48,50
1288,18,2,373,6,1979,53,60
1289,18,2,374,7,1986,72,70
1290,18,2,375,3,1989,26,30
1291,18,2,376,3,1992,23,30
1292,18,2,377,3,1995,25,30
1293,18,2,378,9,2004,105,90
1294,18,2,379,3,2007,37,30
1295,18,2,380,9,2016,98,90
1296,18,2,381,6,2022,65,60
1297,18,2,382,8,2030,67,80
1298,18,2,383,9,2039,108,90
1299,18,2,384,3,2042,36,30
1300,18,2,385,3,2045,29,30
1301,18,2,386,8,2053,72,80
1302,18,2,387,5,2058,46,50
1303,18,2,388,6,2064,60,60
1304,18,2,389,7,2071,79,70
1305,18,2,390,3,2074,21,30
1306,18,2,391,7,2081,73,70
1307,18,2,392,2,2083,27,20
1308,18,2,393,5,2088,47,50
1309,18,2,394,8,2096,78,80
1310,18,2,395,8,2104,73,80
1311,18,2,396,3,2107,39,30
1312,18,2,397,7,2114,67,70
1313,18,2,398,4,2118,46,40
1314,18,2,399,2,2120,17,20
1315,18,2,400,4,2124,37,40
1316,18,2,401,4,2128,0,40
1317,18,2,402,9,2137,113,90
1318,18,2,403,9,2146,93,90
1319,18,2,404,6,2152,52,60
1320,18,2,405,9,2161,89,90
1321,18,2,406,3,2164,33,30
1322,18,2,407,4,2168,41,40
1323,18,2,408,3,2171,26,30
1324,18,2,409,9,2180,92,90
1325,18,2,410,3,2183,32,30
1326,18,2,411,6,2189,84,60
1327,18,2,412,9,2198,92,90
1328,18,2,413,5,2203,48,50
1329,18,2,414,8,2211,84,80
1330,18,2,415,8,2219,77,80
1331,18,2,416,7,2226,72,70
1332,18,2,417,6,2232,62,60
1333,18,2,418,8,2240,63,80
1334,18,2,419,6,2246,63,60
1335,18,2,420,9,2255,75,90
1336,18,2,421,4,2259,43,40
1337,18,2,422,9,2268,87,90
1338,18,2,423,7,2275,74,70
1339,18,2,424,6,2281,67,60
1340,18,2,425,5,2286,52,50
1341,18,2,426,9,2295,103,90
1342,18,2,427,3,2298,38,30
1343,18,2,428,6,2304,61,60
1344,18,2,429,2,2306,19,20
1345,18,2,430,9,2315,94,90
1346,18,2,431,8,2323,71,80
1347,18,2,432,9,2332,90,90
1348,18,2,433,9,2341,72,90
1349,18,2,434,8,2349,82,80
1350,18,2,435,7,2356,69,70
1351,18,2,436,6,2362,59,60
1352,18,2,437,2,2364,20,20
1353,18,2,438,3,2367,36,30
1354,18,2,439,6,2373,59,60
1355,18,2,440,3,2376,0,30
1356,18,2,441,7,2383,0,70
1357,18,2,442,6,2389,147,60
1358,18,2,443,8,2397,78,80
1359,18,2,444,3,2400,25,30
1360,18,2,445,3,2403,0,30
1361,18,2,446,2,2405,43,20
1362,18,2,447,4,2409,33,40
1363,18,2,448,4,2413,34,40
1364,18,2,449,2,2415,0,20
1365,18,2,450,3,2418,47,30
1366,18,2,451,4,2422,54,40
1367,18,2,452,4,2426,50,40
1368,18,2,453,2,2428,21,20
1369,18,2,454,8,2436,70,80
1370,18,2,455,7,2443,84,70
1371,18,2,456,7,2450,69,70
1372,18,2,457,2,2452,20,20
1373,18,2,458,2,2454,16,20
1374,18,2,459,9,2463,90,90
1375,18,2,460,2,2465,27,20
1376,18,2,461,2,2467,19,20
1377,18,2,462,4,2471,26,40
1378,18,2,463,4,2475,38,40
1379,18,2,464,7,2482,77,70
1380,18,2,465,2,2484,25,20
1381,18,2,466,5,2489,41,50
1382,18,2,467,8,2497,77,80
1383,18,2,468,3,2500,31,30
1384,18,2,469,7,2507,74,70
1385,18,2,470,8,2515,87,80
1386,18,2,471,5,2520,0,50
1387,18,2,472,6,2526,101,60
1388,18,2,473,6,2532,46,60
1389,18,2,474,2,2534,19,20
1390,18,2,475,9,2543,85,90
1391,18,2,476,9,2552,0,90
1392,18,2,477,7,2559,168,70
1393,18,2,478,2,2561,19,20
1394,18,2,479,5,2566,53,50
1395,18,2,480,8,2574,81,80
1396,18,2,481,7,2581,0,70
1397,18,2,482,3,2584,85,30
1398,18,2,483,9,2593,89,90
1399,18,2,484,4,2597,41,40
1400,18,2,485,5,2602,0,50
1401,18,2,486,2,2604,0,20
1402,18,2,487,7,2611,141,70
1403,18,2,488,9,2620,98,90
1404,18,2,489,9,2629,90,90
1405,18,2,490,4,2633,37,40
1406,18,2,491,7,2640,77,70
1407,18,2,492,7,2647,79,70
1408,18,2,493,9,2656,94,90
1409,18,2,494,7,2663,58,70
1410,18,2,495,4,2667,35,40
1411,18,2,496,8,2675,87,80
1412,18,2,497,3,2678,40,30
1413,18,2,498,9,2687,75,90
1414,18,2,499,8,2695,75,80
1415,18,2,500,3,2698,29,30
1416,18,2,501,3,2701,22,30
1417,18,2,502,8,2709,94,80
1418,18,2,503,9,2718,105,90
1419,18,2,504,3,2721,30,30
1420,18,2,505,8,2729,93,80
1421,18,2,506,8,2737,99,80
1422,18,2,507,9,2746,0,90
1423,18,2,508,5,2751,151,50
1424,18,2,509,5,2756,54,50
1425,18,2,510,7,2763,63,70
1426,18,2,511,4,2767,42,40
1427,18,2,512,5,2772,43,50
1428,18,2,513,6,2778,62,60
1429,18,2,514,6,2784,57,60
1430,18,2,515,8,2792,85,80
1431,18,2,516,2,2794,19,20
1432,18,2,517,3,2797,28,30
1433,18,2,518,7,2804,70,70
1434,18,2,519,5,2809,54,50
1435,18,2,520,6,2815,55,60
1436,18,2,521,5,2820,50,50
1437,18,2,522,7,2827,79,70
1438,18,2,523,2,2829,29,20
1439,18,2,524,2,2831,24,20
1440,18,2,525,9,2840,74,90
1441,18,2,526,2,2842,24,20
1442,18,2,527,6,2848,56,60
1443,18,2,528,7,2855,62,70
1444,18,2,529,8,2863,75,80
1445,18,2,530,3,2866,34,30
1446,18,2,531,8,2874,66,80
1447,18,2,532,7,2881,58,70
1448,18,2,533,4,2885,47,40
1449,18,2,534,7,2892,60,70
1450,18,2,535,4,2896,44,40
1451,18,2,536,2,2898,21,20
1452,18,2,537,2,2900,18,20
1453,18,2,538,2,2902,15,20
1454,18,2,539,6,2908,62,60
1455,18,2,540,8,2916,71,80
1456,18,2,541,5,2921,66,50
1457,18,2,542,5,2926,42,50
1458,18,2,543,2,2928,24,20
1459,18,2,544,6,2934,45,60
1460,18,2,545,3,2937,34,30
1461,18,2,546,3,2940,33,30
1462,18,2,547,7,2947,48,70
1463,18,2,548,5,2952,0,50
1464,18,2,549,7,2959,112,70
1465,18,2,550,6,2965,56,60
1466,18,2,551,7,2972,68,70
1467,18,2,552,2,2974,19,20
1468,18,2,553,5,2979,59,50
1469,18,2,554,6,2985,49,60
1470,18,2,555,9,2994,85,90
1471,18,2,556,8,3002,100,80
1472,18,2,557,8,3010,95,80
1473,18,2,558,8,3018,73,80
1474,18,2,559,7,3025,63,70
1475,18,2,560,6,3031,59,60
1476,18,2,561,6,3037,66,60
1477,18,2,562,2,3039,20,20
1478,18,2,563,4,3043,30,40
1479,18,2,564,9,3052,79,90
1480,18,2,565,5,3057,51,50
1481,18,2,566,5,3062,47,50
1482,18,2,567,3,3065,26,30
1483,18,2,568,4,3069,39,40
1484,18,2,569,6,3075,60,60
1485,18,2,570,5,3080,56,50
1486,18,2,571,3,3083,0,30
1487,18,2,572,9,3092,108,90
1488,18,2,573,6,3098,73,60
1489,18,2,574,2,3100,20,20
1490,18,2,575,4,3104,34,40
1491,18,2,576,5,3109,40,50
1492,18,2,577,3,3112,26,30
1493,18,2,578,8,3120,0,80
1494,18,2,579,5,3125,149,50
1495,18,2,580,7,3132,76,70
1496,18,2,581,3,3135,27,30
1497,18,2,582,6,3141,58,60
1498,18,2,583,3,3144,25,30
1499,18,2,584,5,3149,39,50
1500,18,2,585,3,3152,42,30
1501,18,2,586,9,3161,0,90
1502,18,2,587,2,3163,115,20
1503,18,2,588,5,3168,51,50
1504,18,2,589,3,3171,34,30
1505,18,2,590,4,3175,47,40
1506,18,2,591,4,3179,40,40
1507,18,2,592,8,3187,68,80
1508,18,2,593,5,3192,43,50
1509,18,2,594,8,3200,72,80
1510,18,2,595,5,3205,48,50
1511,18,2,596,8,3213,84,80
1512,18,2,597,9,3222,101,90
1513,18,2,598,4,3226,44,40
1514,18,2,599,6,3232,62,60
1515,18,2,600,6,3238,53,60
1516,18,2,601,8,3246,76,80
1517,18,2,602,3,3249,24,30
1518,18,2,603,5,3254,60,50
1519,18,2,604,9,3263,88,90
1520,18,2,605,2,3265,0,20
1521,18,2,606,2,3267,39,20
1522,18,2,607,3,3270,28,30
1523,18,2,608,5,3275,44,50
1524,18,2,609,2,3277,22,20
1525,18,2,610,2,3279,24,20
1526,18,2,611,2,3281,24,20
1527,18,2,612,9,3290,103,90
1528,18,2,613,2,3292,13,20
1529,18,2,614,4,3296,41,40
1530,18,2,615,8,3304,86,80
1531,18,2,616,6,3310,78,60
1532,18,2,617,8,3318,89,80
1533,18,2,618,2,3320,20,20
1534,18,2,619,7,3327,76,70
1535,18,2,620,3,3330,33,30
1536,18,2,621,3,3333,43,30
1537,18,2,622,6,3339,62,60
1538,18,2,623,5,3344,53,50
1539,18,2,624,9,3353,109,90
1540,18,2,625,6,3359,70,60
1541,18,2,626,3,3362,23,30
1542,18,2,627,4,3366,52,40
1543,18,2,628,9,3375,97,90
1544,18,2,629,4,3379,49,40
1545,18,2,630,6,3385,81,60
1546,18,2,631,3,3388,30,30
1547,18,2,632,2,3390,22,20
1548,18,2,633,3,3393,32,30
1549,18,2,634,4,3397,33,40
1550,18,2,635,8,3405,80,80
1551,18,2,636,2,3407,25,20
1552,18,2,637,6,3413,53,60
1553,18,2,638,7,3420,68,70
1554,18,2,639,2,3422,19,20
1555,18,2,640,5,3427,42,50
1556,18,2,641,9,3436,67,90
1557,18,2,642,3,3439,40,30
1558,18,2,643,8,3447,84,80
1559,18,2,644,3,3450,27,30
1560,18,2,645,4,3454,34,40
1561,18,2,646,9,3463,87,90
1562,18,2,647,4,3467,36,40
1563,18,2,648,3,3470,32,30
1564,18,2,649,7,3477,74,70
1565,18,2,650,4,3481,38,40
1566,18,2,651,9,3490,81,90
1567,18,2,652,8,3498,74,80
1568,18,2,653,8,3506,96,80
1569,18,2,654,4,3510,38,40
1570,18,2,655,7,3517,68,70
1571,18,2,656,9,3526,90,90
1572,18,2,657,5,3531,42,50
1573,18,2,658,2,3533,22,20
1574,18,2,659,7,3540,75,70
1575,18,2,660,7,3547,73,70
1576,18,2,661,8,3555,70,80
1577,18,2,662,2,3557,26,20
1578,18,2,663,3,3560,21,30
1579,18,2,664,2,3562,18,20
1580,18,2,665,2,3564,23,20
1581,18,2,666,2,3566,21,20
1582,18,2,667,7,3573,65,70
1583,18,2,668,7,3580,73,70
1584,18,2,669,4,3584,38,40
1585,18,2,670,8,3592,93,80
1586,18,2,671,5,3597,55,50
1587,18,2,672,4,3601,36,40
1588,18,2,673,6,3607,54,60
1589,18,2,674,5,3612,49,50
1590,18,2,675,5,3617,67,50
1591,18,2,676,9,3626,0,90
1592,18,2,677,6,3632,146,60
1593,18,2,678,9,3641,95,90
1594,18,2,679,9,3650,67,90
1595,18,2,680,8,3658,70,80
1596,18,2,681,3,3661,28,30
1597,18,2,682,3,3664,20,30
1598,18,2,683,5,3669,71,50
1599,18,2,684,3,3672,26,30
1600,18,2,685,2,3674,18,20
1601,18,2,686,3,3677,28,30
1602,18,2,687,4,3681,29,40
1603,18,2,688,7,3688,79,70
1604,18,2,689,7,3695,71,70
1605,18,2,690,9,3704,96,90
1606,18,2,691,6,3710,69,60
1607,18,2,692,7,3717,72,70
1608,18,2,693,8,3725,82,80
1609,18,2,694,2,3727,19,20
1610,18,2,695,9,3736,89,90
1611,18,2,696,3,3739,28,30
1612,18,2,697,9,3748,66,90
1613,18,2,698,8,3756,73,80
1614,18,2,699,4,3760,43,40
1615,18,2,700,5,3765,38,50
1616,18,2,701,2,3767,21,20
1617,18,2,702,2,3769,20,20
1618,18,2,703,2,3771,13,20
1619,18,2,704,4,3775,50,40
1620,18,2,705,5,3780,43,50
1621,18,2,706,8,3788,71,80
1622,18,2,707,9,3797,111,90
1623,18,2,708,2,3799,25,20
1624,18,2,709,3,3802,27,30
1625,18,2,710,8,3810,72,80
1626,18,2,711,6,3816,50,60
1627,18,2,712,7,3823,69,70
1628,18,2,713,7,3830,69,70
1629,18,2,714,6,3836,57,60
1630,18,2,715,4,3840,45,40
1631,18,2,716,3,3843,31,30
1632,18,2,717,5,3848,55,50
1633,18,2,718,6,3854,72,60
1634,18,2,719,2,3856,16,20
1635,18,2,720,7,3863,79,70
1636,18,2,721,9,3872,80,90
1637,18,2,722,6,3878,62,60
1638,18,2,723,8,3886,80,80
1639,18,2,724,3,3889,31,30
1640,18,2,725,5,3894,50,50
1641,18,2,726,7,3901,74,70
1642,18,2,727,6,3907,60,60
1643,18,2,728,7,3914,63,70
1644,18,2,729,7,3921,66,70
1645,18,2,730,6,3927,58,60
1646,18,2,731,2,3929,13,20
1647,18,2,732,6,3935,0,60
1648,18,2,733,2,3937,75,20
1649,18,2,734,3,3940,23,30
1650,18,2,735,8,3948,77,80
1651,18,2,736,8,3956,73,80
1652,18,2,737,2,3958,19,20
1653,18,2,738,8,3966,98,80
1654,18,2,739,2,3968,27,20
1655,18,2,740,9,3977,83,90
1656,18,2,741,6,3983,0,60
1657,18,2,742,7,3990,134,70
1658,18,2,743,3,3993,29,30
1659,18,2,744,5,3998,59,50
1660,18,2,745,7,4005,67,70
1661,18,2,746,4,4009,61,40
1662,18,2,747,6,4015,57,60
1663,18,2,748,3,4018,25,30
1664,18,2,749,9,4027,88,90
1665,18,2,750,9,4036,101,90
1666,18,2,751,2,4038,12,20
1667,18,2,752,4,4042,42,40
1668,18,2,753,7,4049,69,70
1669,18,2,754,5,4054,42,50
1670,18,2,755,9,4063,79,90
1671,18,2,756,7,4070,61,70
1672,18,2,757,4,4074,50,40
1673,18,2,758,8,4082,66,80
1674,18,2,759,9,4091,80,90
1675,18,2,760,9,4100,103,90
1676,18,2,761,2,4102,18,20
1677,18,2,762,9,4111,81,90
1678,18,2,763,2,4113,21,20
1679,18,2,764,2,4115,14,20
1680,18,2,765,3,4118,24,30
1681,18,2,766,8,4126,97,80
1682,18,2,767,8,4134,78,80
1683,18,2,768,9,4143,0,90
1684,18,2,769,6,4149,0,60
1685,18,2,770,4,4153,0,40
1686,18,2,771,9,4162,284,90
1687,18,2,772,4,4166,33,40
1688,18,2,773,3,4169,34,30
1689,18,2,774,6,4175,63,60
1690,18,2,775,6,4181,49,60
1691,18,2,776,3,4184,34,30
1692,18,2,777,4,4188,40,40
1693,18,2,778,3,4191,38,30
1694,18,2,779,3,4194,0,30
1695,18,2,780,9,4203,112,90
1696,18,2,781,8,4211,85,80
1697,18,2,782,2,4213,18,20
1698,18,2,783,6,4219,62,60
1699,18,2,784,8,4227,85,80
1700,18,2,785,8,4235,84,80
1701,18,2,786,2,4237,17,20
1702,18,2,787,8,4245,94,80
1703,18,2,788,9,4254,95,90
1704,18,2,789,2,4256,19,20
1705,18,2,790,4,4260,48,40
1706,18,2,791,5,4265,51,50
1707,18,2,792,2,4267,14,20
1708,18,2,793,2,4269,22,20
1709,18,2,794,3,4272,0,30
1710,18,2,795,3,4275,67,30
1711,18,2,796,3,4278,31,30
1712,18,2,797,2,4280,26,20
1713,18,2,798,6,4286,72,60
1714,18,2,799,3,4289,0,30
1715,18,2,800,5,4294,63,50
1716,18,2,801,7,4301,70,70
1717,18,2,802,2,4303,21,20
1718,18,2,803,8,4311,92,80
1719,18,2,804,6,4317,65,60
1720,18,2,805,5,4322,0,50
1721,18,2,806,4,4326,102,40
1722,18,2,807,6,4332,65,60
1723,18,2,808,4,4336,0,40
1724,18,2,809,6,4342,102,60
1725,18,2,810,3,4345,28,30
1726,18,2,811,4,4349,41,40
1727,18,2,812,7,4356,74,70
1728,18,2,813,2,4358,22,20
1729,18,2,814,7,4365,70,70
1730,18,2,815,2,4367,18,20
1731,18,2,816,6,4373,64,60
1732,18,2,817,2,4375,19,20
1733,18,2,818,6,4381,44,60
1734,18,2,819,8,4389,89,80
1735,18,2,820,3,4392,17,30
1736,18,2,821,8,4400,110,80
1737,18,2,822,2,4402,19,20
1738,18,2,823,8,4410,73,80
1739,18,2,824,5,4415,63,50
1740,18,2,825,6,4421,0,60
1741,18,2,826,9,4430,148,90
1742,18,2,827,9,4439,87,90
1743,18,2,828,7,4446,68,70
1744,18,2,829,7,4453,53,70
1745,18,2,830,5,4458,62,50
1746,18,2,831,8,4466,77,80
1747,18,2,832,9,4475,93,90
1748,18,2,833,2,4477,15,20
1749,18,2,834,5,4482,45,50
1750,18,2,835,2,4484,19,20
1751,18,2,836,8,4492,79,80
1752,18,2,837,7,4499,62,70
1753,18,2,838,9,4508,94,90
1754,18,2,839,3,4511,36,30
1755,18,2,840,4,4515,42,40
1756,18,2,841,9,4524,70,90
1757,18,2,842,4,4528,43,40
1758,18,2,843,6,4534,67,60
1759,18,2,844,3,4537,34,30
1760,18,2,845,6,4543,58,60
1761,18,2,846,9,4552,86,90
1762,18,2,847,2,4554,19,20
1763,18,2,848,4,4558,44,40
1764,18,2,849,8,4566,75,80
1765,18,2,850,3,4569,26,30
1766,18,2,851,3,4572,36,30
1767,18,2,852,6,4578,71,60
1768,18,2,853,3,4581,28,30
1769,18,2,854,2,4583,16,20
1770,18,2,855,9,4592,109,90
1771,18,2,856,3,4595,29,30
1772,18,2,857,9,4604,87,90
1773,18,2,858,3,4607,23,30
1774,18,2,859,2,4609,25,20
1775,18,2,860,9,4618,93,90
1776,18,2,861,3,4621,30,30
1777,18,2,862,5,4626,0,50
1778,18,2,863,8,4634,135,80
1779,18,2,864,7,4641,79,70
1780,18,2,865,3,4644,21,30
1781,18,2,866,6,4650,47,60
1782,18,2,867,8,4658,91,80
1783,18,2,868,6,4664,62,60
1784,18,2,869,9,4673,101,90
1785,18,2,870,5,4678,55,50
1786,18,2,871,3,4681,34,30
1787,18,2,872,2,4683,0,20
1788,18,2,873,2,4685,42,20
1789,18,2,874,7,4692,66,70
1790,18,2,875,9,4701,111,90
1791,18,2,876,9,4710,90,90
1792,18,2,877,6,4716,58,60
1793,18,2,878,2,4718,27,20
1794,18,2,879,7,4725,93,70
1795,18,2,880,4,4729,47,40
1796,18,2,881,8,4737,64,80
1797,18,2,882,8,4745,65,80
1798,18,2,883,4,4749,33,40
1799,18,2,884,9,4758,89,90
1800,18,2,885,9,4767,102,90
1801,18,2,886,3,4770,27,30
1802,18,2,887,8,4778,78,80
1803,18,2,888,2,4780,23,20
1804,18,2,889,4,4784,38,40
1805,18,2,890,8,4792,0,80
1806,18,2,891,9,4801,174,90
1807,18,2,892,2,4803,21,20
1808,18,2,893,7,4810,68,70
1809,18,2,894,8,4818,79,80
1810,18,2,895,4,4822,44,40
1811,18,2,896,3,4825,32,30
1812,18,2,897,2,4827,28,20
1813,18,2,898,8,4835,79,80
1814,18,2,899,8,4843,81,80
1815,18,2,900,3,4846,26,30
1816,18,2,901,2,4848,27,20
1817,18,2,902,6,4854,66,60
1818,18,2,903,7,4861,0,70
1819,18,2,904,8,4869,152,80
1820,18,2,905,5,4874,45,50
1821,18,2,906,4,4878,44,40
1822,18,2,907,5,4883,53,50
1823,18,2,908,3,4886,28,30
1824,18,2,909,7,4893,65,70
1825,18,2,910,3,4896,27,30
1826,18,2,911,5,4901,50,50
1827,18,2,912,2,4903,19,20
1828,18,2,913,5,4908,62,50
1829,18,2,914,5,4913,0,50
1830,18,2,915,2,4915,64,20
1831,18,2,916,9,4924,88,90
1832,18,2,917,9,4933,76,90
1833,18,2,918,4,4937,36,40
1834,18,2,919,3,4940,38,30
1835,18,2,920,6,4946,0,60
1836,18,2,921,5,4951,120,50
1837,18,2,922,9,4960,80,90
1838,18,2,923,7,4967,76,70
1839,18,2,924,3,4970,26,30
1840,18,2,925,4,4974,53,40
1841,18,2,926,7,4981,74,70
1842,18,2,927,3,4984,26,30
1843,18,2,928,2,4986,27,20
1844,18,2,929,8,4994,85,80
1845,18,3,1,6,6,69,60
1846,18,3,2,3,9,21,30
1847,18,3,3,2,11,26,20
1848,18,3,4,8,19,78,80
1849,18,3,5,9,28,80,90
1850,18,3,6,7,35,80,70
1851,18,3,7,8,43,88,80
1852,18,3,8,3,46,27,30
1853,18,3,9,6,52,64,60
1854,18,3,10,6,58,53,60
1855,18,3,11,7,65,58,70
1856,18,3,12,7,72,70,70
1857,18,3,13,7,79,61,70
1858,18,3,14,7,86,73,70
1859,18,3,15,3,89,23,30
1860,18,3,16,4,93,33,40
1861,18,3,17,2,95,23,20
1862,18,3,18,3,98,26,30
1863,18,3,19,9,107,96,90
1864,18,3,20,6,113,60,60
1865,18,3,21,9,122,96,90
1866,18,3,22,7,129,80,70
1867,18,3,23,5,134,51,50
1868,18,3,24,3,137,0,30
1869,18,3,25,2,139,55,20
1870,18,3,26,5,144,58,50
1871,18,3,27,8,152,68,80
1872,18,3,28,5,157,44,50
1873,18,3,29,7,164,72,70
1874,18,3,30,4,168,44,40
1875,18,3,31,5,173,50,50
1876,18,3,32,5,178,53,50
1877,18,3,33,3,181,23,30
1878,18,3,34,4,185,49,40
1879,18,3,35,7,192,70,70
1880,18,3,36,9,201,85,90
1881,18,3,37,8,209,62,80
1882,18,3,38,8,217,92,80
1883,18,3,39,6,223,67,60
1884,18,3,40,5,228,39,50
1885,18,3,41,4,232,55,40
1886,18,3,42,5,237,38,50
1887,18,3,43,8,245,87,80
1888,18,3,44,2,247,22,20
1889,18,3,45,4,251,30,40
1890,18,3,46,8,259,79,80
1891,18,3,47,4,263,34,40
1892,18,3,48,6,269,76,60
1893,18,3,49,5,274,63,50
1894,18,3,50,5,279,46,50
1895,18,3,51,2,281,24,20
1896,18,3,52,4,285,0,40
1897,18,3,53,8,293,139,80
1898,18,3,54,2,295,19,20
1899,18,3,55,7,302,74,70
1900,18,3,56,8,310,77,80
1901,18,3,57,2,312,17,20
1902,18,3,58,2,314,21,20
1903,18,3,59,2,316,20,20
1904,18,3,60,2,318,26,20
1905,18,3,61,9,327,95,90
1906,18,3,62,8,335,0,80
1907,18,3,63,5,340,121,50
1908,18,3,64,7,347,86,70
1909,18,3,65,4,351,34,40
1910,18,3,66,7,358,0,70
1911,18,3,67,6,364,118,60
1912,18,3,68,8,372,86,80
1913,18,3,69,3,375,25,30
1914,18,3,70,7,382,65,70
1915,18,3,71,7,389,74,70
1916,18,3,72,8,397,90,80
1917,18,3,73,5,402,50,50
1918,18,3,74,9,411,0,90
1919,18,3,75,8,419,166,80
1920,18,3,76,7,426,58,70
1921,18,3,77,5,431,50,50
1922,18,3,78,2,433,11,20
1923,18,3,79,4,437,45,40
1924,18,3,80,8,445,78,80
1925,18,3,81,3,448,0,30
1926,18,3,82,2,450,47,20
1927,18,3,83,5,455,54,50
1928,18,3,84,6,461,0,60
1929,18,3,85,2,463,70,20
1930,18,3,86,3,466,22,30
1931,18,3,87,7,473,62,70
1932,18,3,88,3,476,32,30
1933,18,3,89,3,479,34,30
1934,18,3,90,2,481,26,20
1935,18,3,91,2,483,15,20
1936,18,3,92,4,487,51,40
1937,18,3,93,5,492,50,50
1938,18,3,94,6,498,52,60
1939,18,3,95,6,504,74,60
1940,18,3,96,8,512,81,80
1941,18,3,97,2,514,24,20
1942,18,3,98,2,516,17,20
1943,18,3,99,8,524,0,80
1944,18,3,100,8,532,171,80
1945,18,3,101,6,538,50,60
1946,18,3,102,3,541,37,30
1947,18,3,103,3,544,24,30
1948,18,3,104,8,552,68,80
1949,18,3,105,2,554,21,20
1950,18,3,106,2,556,24,20
1951,18,3,107,8,564,61,80
1952,18,3,108,3,567,25,30
1953,18,3,109,5,572,44,50
1954,18,3,110,5,577,34,50
1955,18,3,111,4,581,43,40
1956,18,3,112,7,588,63,70
1957,18,3,113,7,595,77,70
1958,18,3,114,2,597,20,20
1959,18,3,115,8,605,92,80
1960,18,3,116,9,614,81,90
1961,18,3,117,9,623,97,90
1962,18,3,118,9,632,103,90
1963,18,3,119,7,639,73,70
1964,18,3,120,6,645,73,60
1965,18,3,121,6,651,60,60
1966,18,3,122,3,654,27,30
1967,18,3,123,4,658,55,40
1968,18,3,124,7,665,72,70
1969,18,3,125,9,674,101,90
1970,18,3,126,6,680,55,60
1971,18,3,127,5,685,42,50
1972,18,3,128,8,693,89,80
1973,18,3,129,7,700,64,70
1974,18,3,130,3,703,28,30
1975,18,3,131,7,710,66,70
1976,18,3,132,8,718,75,80
1977,18,3,133,2,720,25,20
1978,18,3,134,8,728,77,80
1979,18,3,135,5,733,42,50
1980,18,3,136,5,738,53,50
1981,18,3,137,3,741,0,30
1982,18,3,138,6,747,91,60
1983,18,3,139,3,750,47,30
1984,18,3,140,3,753,30,30
1985,18,3,141,3,756,32,30
1986,18,3,142,5,761,49,50
1987,18,3,143,8,769,88,80
1988,18,3,144,2,771,25,20
1989,18,3,145,2,773,19,20
1990,18,3,146,9,782,86,90
1991,18,3,147,5,787,50,50
1992,18,3,148,5,792,53,50
1993,18,3,149,3,795,32,30
1994,18,3,150,2,797,26,20
1995,18,3,151,7,804,69,70
1996,18,3,152,6,810,65,60
1997,18,3,153,7,817,73,70
1998,18,3,154,2,819,27,20
1999,18,3,155,2,821,16,20
2000,18,3,156,5,826,65,50
2001,18,3,157,2,828,16,20
2002,18,3,158,4,832,44,40
2003,18,3,159,4,836,51,40
2004,18,3,160,6,842,57,60
2005,18,3,161,8,850,66,80
2006,18,3,162,9,859,91,90
2007,18,3,163,7,866,86,70
2008,18,3,164,6,872,59,60
2009,18,3,165,5,877,48,50
2010,18,3,166,5,882,44,50
2011,18,3,167,9,891,88,90
2012,18,3,168,7,898,75,70
2013,18,3,169,2,900,29,20
2014,18,3,170,2,902,12,20
2015,18,3,171,7,909,67,70
2016,18,3,172,2,911,18,20
2017,18,3,173,2,913,0,20
2018,18,3,174,8,921,103,80
2019,18,3,175,5,926,60,50
2020,18,3,176,5,931,53,50
2021,18,3,177,9,940,93,90
2022,18,3,178,2,942,26,20
2023,18,3,179,4,946,56,40
2024,18,3,180,6,952,56,60
2025,18,3,181,6,958,60,60
2026,18,3,182,2,960,23,20
2027,18,3,183,5,965,54,50
2028,18,3,184,4,969,39,40
2029,18,3,185,7,976,75,70
2030,18,3,186,3,979,30,30
2031,18,3,187,3,982,28,30
2032,18,3,188,8,990,88,80
2033,18,3,189,4,994,34,40
2034,18,3,190,8,1002,82,80
2035,18,3,191,6,1008,65,60
2036,18,3,192,2,1010,16,20
2037,18,3,193,7,1017,61,70
2038,18,3,194,9,1026,88,90
2039,18,3,195,5,1031,46,50
2040,18,3,196,4,1035,44,40
2041,18,3,197,5,1040,54,50
2042,18,3,198,2,1042,14,20
2043,18,3,199,2,1044,18,20
2044,18,3,200,2,1046,20,20
2045,18,3,201,5,1051,0,50
2046,18,3,202,3,1054,78,30
2047,18,3,203,5,1059,57,50
2048,18,3,204,7,1066,78,70
2049,18,3,205,8,1074,85,80
2050,18,3,206,5,1079,50,50
2051,18,3,207,5,1084,58,50
2052,18,3,208,8,1092,70,80
2053,18,3,209,2,1094,17,20
2054,18,3,210,9,1103,79,90
2055,18,3,211,4,1107,39,40
2056,18,3,212,4,1111,28,40
2057,18,3,213,2,1113,15,20
2058,18,3,214,9,1122,0,90
2059,18,3,215,7,1129,157,70
2060,18,3,216,8,1137,80,80
2061,18,3,217,3,1140,37,30
2062,18,3,218,2,1142,27,20
2063,18,3,219,5,1147,46,50
2064,18,3,220,7,1154,64,70
2065,18,3,221,8,1162,71,80
2066,18,3,222,6,1168,48,60
2067,18,3,223,2,1170,16,20
2068,18,3,224,4,1174,28,40
2069,18,3,225,3,1177,18,30
2070,18,3,226,7,1184,66,70
2071,18,3,227,6,1190,60,60
2072,18,3,228,6,1196,57,60
2073,18,3,229,8,1204,80,80
2074,18,3,230,7,1211,74,70
2075,18,3,231,9,1220,84,90
2076,18,3,232,6,1226,59,60
2077,18,3,233,4,1230,33,40
2078,18,3,234,5,1235,58,50
2079,18,3,235,9,1244,90,90
2080,18,3,236,4,1248,36,40
2081,18,3,237,7,1255,71,70
2082,18,3,238,8,1263,59,80
2083,18,3,239,8,1271,84,80
2084,18,3,240,5,1276,55,50
2085,18,3,241,2,1278,27,20
2086,18,3,242,9,1287,82,90
2087,18,3,243,3,1290,31,30
2088,18,3,244,8,1298,85,80
2089,18,3,245,3,1301,34,30
2090,18,3,246,6,1307,62,60
2091,18,3,247,4,1311,36,40
2092,18,3,248,8,1319,87,80
2093,18,3,249,9,1328,97,90
2094,18,3,250,9,1337,74,90
2095,18,3,251,3,1340,35,30
2096,18,3,252,3,1343,29,30
2097,18,3,253,5,1348,51,50
2098,18,3,254,9,1357,110,90
2099,18,3,255,5,1362,47,50
2100,18,3,256,8,1370,77,80
2101,18,3,257,7,1377,62,70
2102,18,3,258,2,1379,24,20
2103,18,3,259,2,1381,17,20
2104,18,3,260,4,1385,44,40
2105,18,3,261,9,1394,81,90
2106,18,3,262,9,1403,91,90
2107,18,3,263,4,1407,38,40
2108,18,3,264,6,1413,57,60
2109,18,3,265,5,1418,51,50
2110,18,3,266,4,1422,56,40
2111,18,3,267,2,1424,19,20
2112,18,3,268,5,1429,49,50
2113,18,3,269,8,1437,76,80
2114,18,3,270,7,1444,84,70
2115,18,3,271,3,1447,35,30
2116,18,3,272,5,1452,52,50
2117,18,3,273,5,1457,51,50
2118,18,3,274,8,1465,0,80
2119,18,3,275,5,1470,110,50
2120,18,3,276,7,1477,82,70
2121,18,3,277,3,1480,29,30
2122,18,3,278,7,1487,65,70
2123,18,3,279,9,1496,100,90
2124,18,3,280,2,1498,22,20
2125,18,3,281,7,1505,82,70
2126,18,3,282,4,1509,42,40
2127,18,3,283,3,1512,31,30
2128,18,3,284,4,1516,33,40
2129,18,3,285,4,1520,36,40
2130,18,3,286,5,1525,52,50
2131,18,3,287,3,1528,34,30
2132,18,3,288,4,1532,40,40
2133,18,3,289,3,1535,30,30
2134,18,3,290,8,1543,80,80
2135,18,3,291,5,1548,45,50
2136,18,3,292,9,1557,85,90
2137,18,3,293,3,1560,30,30
2138,18,3,294,9,1569,96,90
2139,18,3,295,7,1576,0,70
2140,18,3,296,5,1581,0,50
2141,18,3,297,6,1587,175,60
2142,18,3,298,7,1594,68,70
2143,18,3,299,5,1599,70,50
2144,18,3,300,2,1601,20,20
2145,18,3,301,6,1607,67,60
2146,18,3,302,7,1614,63,70
2147,18,3,303,7,1621,89,70
2148,18,3,304,8,1629,84,80
2149,18,3,305,4,1633,45,40
2150,18,3,306,9,1642,76,90
2151,18,3,307,5,1647,52,50
2152,18,3,308,7,1654,91,70
2153,18,3,309,4,1658,40,40
2154,18,3,310,6,1664,53,60
2155,18,3,311,7,1671,71,70
2156,18,3,312,9,1680,95,90
2157,18,3,313,6,1686,58,60
2158,18,3,314,8,1694,68,80
2159,18,3,315,7,1701,68,70
2160,18,3,316,4,1705,29,40
2161,18,3,317,3,1708,35,30
2162,18,3,318,5,1713,46,50
2163,18,3,319,4,1717,33,40
2164,18,3,320,2,1719,23,20
2165,18,3,321,8,1727,67,80
2166,18,3,322,9,1736,88,90
2167,18,3,323,7,1743,76,70
2168,18,3,324,7,1750,76,70
2169,18,3,325,8,1758,0,80
2170,18,3,326,6,1764,144,60
2171,18,3,327,6,1770,73,60
2172,18,3,328,4,1774,42,40
2173,18,3,329,7,1781,79,70
2174,18,3,330,2,1783,17,20
2175,18,3,331,3,1786,21,30
2176,18,3,332,3,1789,32,30
2177,18,3,333,6,1795,69,60
2178,18,3,334,7,1802,61,70
2179,18,3,335,5,1807,53,50
2180,18,3,336,5,1812,49,50
2181,18,3,337,4,1816,36,40
2182,18,3,338,8,1824,77,80
2183,18,3,339,9,1833,111,90
2184,18,3,340,3,1836,22,30
2185,18,3,341,2,1838,15,20
2186,18,3,342,2,1840,24,20
2187,18,3,343,4,1844,46,40
2188,18,3,344,7,1851,73,70
2189,18,3,345,5,1856,49,50
2190,18,3,346,6,1862,54,60
2191,18,3,347,9,1871,91,90
2192,18,3,348,9,1880,88,90
2193,18,3,349,9,1889,84,90
2194,18,3,350,4,1893,39,40
2195,18,3,351,2,1895,22,20
2196,18,3,352,6,1901,47,60
2197,18,3,353,8,1909,62,80
2198,18,3,354,9,1918,95,90
2199,18,3,355,8,1926,87,80
2200,18,3,356,8,1934,79,80
2201,18,3,357,5,1939,45,50
2202,18,3,358,3,1942,27,30
2203,18,3,359,9,1951,83,90
2204,18,3,360,8,1959,93,80
2205,18,3,361,2,1961,21,20
2206,18,3,362,3,1964,32,30
2207,18,3,363,6,1970,0,60
2208,18,3,364,3,1973,101,30
2209,18,3,365,7,1980,77,70
2210,18,3,366,9,1989,93,90
2211,18,3,367,6,1995,0,60
2212,18,3,368,2,1997,87,20
2213,18,3,369,3,2000,33,30
2214,18,3,370,2,2002,14,20
2215,18,3,371,3,2005,35,30
2216,18,3,372,5,2010,73,50
2217,18,3,373,7,2017,77,70
2218,18,3,374,6,2023,52,60
2219,18,3,375,6,2029,58,60
2220,18,3,376,3,2032,40,30
2221,18,3,377,7,2039,89,70
2222,18,3,378,2,2041,20,20
2223,18,3,379,8,2049,89,80
2224,18,3,380,6,2055,48,60
2225,18,3,381,2,2057,17,20
2226,18,3,382,4,2061,43,40
2227,18,3,383,8,2069,77,80
2228,18,3,384,2,2071,23,20
2229,18,3,385,9,2080,87,90
2230,18,3,386,3,2083,36,30
2231,18,3,387,7,2090,58,70
2232,18,3,388,6,2096,58,60
2233,18,3,389,9,2105,0,90
2234,18,3,390,5,2110,125,50
2235,18,3,391,7,2117,72,70
2236,18,3,392,7,2124,78,70
2237,18,3,393,8,2132,82,80
2238,18,3,394,4,2136,50,40
2239,18,3,395,4,2140,39,40
2240,18,3,396,7,2147,76,70
2241,18,3,397,8,2155,88,80
2242,18,3,398,5,2160,57,50
2243,18,3,399,9,2169,0,90
2244,18,3,400,5,2174,146,50
2245,18,3,401,2,2176,17,20
2246,18,3,402,3,2179,37,30
2247,18,3,403,3,2182,27,30
2248,18,3,404,7,2189,62,70
2249,18,3,405,9,2198,88,90
2250,18,3,406,2,2200,22,20
2251,18,3,407,2,2202,16,20
2252,18,3,408,4,2206,50,40
2253,18,3,409,6,2212,61,60
2254,18,3,410,6,2218,62,60
2255,18,3,411,7,2225,69,70
2256,18,3,412,9,2234,75,90
2257,18,3,413,7,2241,58,70
2258,18,3,414,3,2244,35,30
2259,18,3,415,8,2252,80,80
2260,18,3,416,7,2259,74,70
2261,18,3,417,5,2264,49,50
2262,18,3,418,4,2268,39,40
2263,18,3,419,8,2276,70,80
2264,18,3,420,3,2279,24,30
2265,18,3,421,5,2284,47,50
2266,18,3,422,6,2290,55,60
2267,18,3,423,9,2299,85,90
2268,18,3,424,5,2304,51,50
2269,18,3,425,8,2312,95,80
2270,18,3,426,7,2319,69,70
2271,18,3,427,7,2326,70,70
2272,18,3,428,9,2335,73,90
2273,18,3,429,4,2339,36,40
2274,18,3,430,3,2342,30,30
2275,18,3,431,7,2349,88,70
2276,18,3,432,4,2353,39,40
2277,18,3,433,8,2361,82,80
2278,18,3,434,9,2370,92,90
2279,18,3,435,6,2376,58,60
2280,18,3,436,6,2382,62,60
2281,18,3,437,4,2386,44,40
2282,18,3,438,3,2389,32,30
2283,18,3,439,3,2392,29,30
2284,18,3,440,2,2394,17,20
2285,18,3,441,8,2402,73,80
2286,18,3,442,9,2411,91,90
2287,18,3,443,2,2413,20,20
2288,18,3,444,5,2418,49,50
2289,18,3,445,6,2424,72,60
2290,18,3,446,6,2430,37,60
2291,18,3,447,7,2437,73,70
2292,18,3,448,5,2442,47,50
2293,18,3,449,5,2447,54,50
2294,18,3,450,6,2453,59,60
2295,18,3,451,2,2455,17,20
2296,18,3,452,4,2459,43,40
2297,18,3,453,2,2461,18,20
2298,18,3,454,2,2463,15,20
2299,18,3,455,9,2472,0,90
2300,18,3,456,2,2474,121,20
2301,18,3,457,8,2482,67,80
2302,18,3,458,8,2490,80,80
2303,18,3,459,3,2493,25,30
2304,18,3,460,9,2502,88,90
2305,18,3,461,6,2508,59,60
2306,18,3,462,5,2513,40,50
2307,18,3,463,6,2519,47,60
2308,18,3,464,6,2525,55,60
2309,18,3,465,8,2533,86,80
2310,18,3,466,5,2538,46,50
2311,18,3,467,4,2542,42,40
2312,18,3,468,6,2548,52,60
2313,18,3,469,4,2552,0,40
2314,18,3,470,4,2556,81,40
2315,18,3,471,4,2560,52,40
2316,18,3,472,4,2564,43,40
2317,18,3,473,6,2570,57,60
2318,18,3,474,2,2572,23,20
2319,18,3,475,3,2575,22,30
2320,18,3,476,9,2584,82,90
2321,18,3,477,6,2590,57,60
2322,18,3,478,5,2595,43,50
2323,18,3,479,6,2601,66,60
2324,18,3,480,7,2608,74,70
2325,18,3,481,4,2612,41,40
2326,18,3,482,3,2615,32,30
2327,18,3,483,3,2618,32,30
2328,18,3,484,6,2624,62,60
2329,18,3,485,4,2628,45,40
2330,18,3,486,5,2633,54,50
2331,18,3,487,7,2640,75,70
2332,18,3,488,9,2649,64,90
2333,18,3,489,7,2656,60,70
2334,18,3,490,4,2660,51,40
2335,18,3,491,9,2669,78,90
2336,18,3,492,9,2678,81,90
2337,18,3,493,8,2686,72,80
2338,18,3,494,7,2693,59,70
2339,18,3,495,2,2695,19,20
2340,18,3,496,4,2699,34,40
2341,18,3,497,9,2708,82,90
2342,18,3,498,8,2716,0,80
2343,18,3,499,9,2725,181,90
2344,18,3,500,6,2731,53,60
2345,18,3,501,6,2737,50,60
2346,18,3,502,7,2744,68,70
2347,18,3,503,3,2747,35,30
2348,18,3,504,4,2751,38,40
2349,18,3,505,5,2756,42,50
2350,18,3,506,6,2762,59,60
2351,18,3,507,6,2768,65,60
2352,18,3,508,6,2774,57,60
2353,18,3,509,9,2783,88,90
2354,18,3,510,8,2791,96,80
2355,18,3,511,8,2799,85,80
2356,18,3,512,7,2806,73,70
2357,18,3,513,6,2812,0,60
2358,18,3,514,2,2814,89,20
2359,18,3,515,7,2821,75,70
2360,18,3,516,6,2827,56,60
2361,18,3,517,2,2829,16,20
2362,18,3,518,3,2832,35,30
2363,18,3,519,6,2838,67,60
2364,18,3,520,8,2846,0,80
2365,18,3,521,9,2855,157,90
2366,18,3,522,8,2863,69,80
2367,18,3,523,7,2870,74,70
2368,18,3,524,7,2877,77,70
2369,18,3,525,5,2882,46,50
2370,18,3,526,5,2887,48,50
2371,18,3,527,8,2895,78,80
2372,18,3,528,6,2901,48,60
2373,18,3,529,4,2905,44,40
2374,18,3,530,6,2911,67,60
2375,18,3,531,3,2914,34,30
2376,18,3,532,8,2922,74,80
2377,18,3,533,4,2926,45,40
2378,18,3,534,6,2932,58,60
2379,18,3,535,5,2937,57,50
2380,18,3,536,3,2940,27,30
2381,18,3,537,6,2946,50,60
2382,18,3,538,4,2950,37,40
2383,18,3,539,9,2959,83,90
2384,18,3,540,4,2963,34,40
2385,18,3,541,5,2968,57,50
2386,18,3,542,4,2972,39,40
2387,18,3,543,6,2978,68,60
2388,18,3,544,3,2981,35,30
2389,18,3,545,9,2990,72,90
2390,18,3,546,6,2996,66,60
2391,18,3,547,9,3005,106,90
2392,18,3,548,3,3008,33,30
2393,18,3,549,2,3010,23,20
2394,18,3,550,4,3014,44,40
2395,18,3,551,3,3017,22,30
2396,18,3,552,8,3025,94,80
2397,18,3,553,8,3033,90,80
2398,18,3,554,3,3036,27,30
2399,18,3,555,8,3044,81,80
2400,18,3,556,6,3050,61,60
2401,18,3,557,5,3055,53,50
2402,18,3,558,3,3058,22,30
2403,18,3,559,6,3064,60,60
2404,18,3,560,5,3069,51,50
2405,18,3,561,7,3076,61,70
2406,18,3,562,8,3084,67,80
2407,18,3,563,7,3091,73,70
2408,18,3,564,9,3100,0,90
2409,18,3,565,7,3107,156,70
2410,18,3,566,4,3111,33,40
2411,18,3,567,4,3115,46,40
2412,18,3,568,5,3120,48,50
2413,18,3,569,8,3128,78,80
2414,18,3,570,3,3131,39,30
2415,18,3,571,7,3138,77,70
2416,18,3,572,9,3147,93,90
2417,18,3,573,5,3152,44,50
2418,18,3,574,7,3159,79,70
2419,18,3,575,4,3163,45,40
2420,18,3,576,8,3171,72,80
2421,18,3,577,5,3176,40,50
2422,18,3,578,4,3180,43,40
2423,18,3,579,6,3186,61,60
2424,18,3,580,5,3191,55,50
2425,18,3,581,9,3200,89,90
2426,18,3,582,4,3204,40,40
2427,18,3,583,7,3211,63,70
2428,18,3,584,6,3217,60,60
2429,18,3,585,7,3224,57,70
2430,18,3,586,9,3233,80,90
2431,18,3,587,9,3242,85,90
2432,18,3,588,8,3250,79,80
2433,18,3,589,2,3252,0,20
2434,18,3,590,3,3255,54,30
2435,18,3,591,9,3264,85,90
2436,18,3,592,3,3267,45,30
2437,18,3,593,7,3274,67,70
2438,18,3,594,3,3277,35,30
2439,18,3,595,7,3284,86,70
2440,18,3,596,8,3292,80,80
2441,18,3,597,4,3296,48,40
2442,18,3,598,4,3300,52,40
2443,18,3,599,6,3306,59,60
2444,18,3,600,9,3315,89,90
2445,18,3,601,9,3324,121,90
2446,18,3,602,3,3327,28,30
2447,18,3,603,3,3330,22,30
2448,18,3,604,9,3339,89,90
2449,18,3,605,7,3346,58,70
2450,18,3,606,8,3354,87,80
2451,18,3,607,7,3361,70,70
2452,18,3,608,8,3369,0,80
2453,18,3,609,5,3374,139,50
2454,18,3,610,5,3379,56,50
2455,18,3,611,4,3383,45,40
2456,18,3,612,3,3386,29,30
2457,18,3,613,6,3392,74,60
2458,18,3,614,8,3400,77,80
2459,18,3,615,4,3404,43,40
2460,18,3,616,4,3408,48,40
2461,18,3,617,8,3416,69,80
2462,18,3,618,6,3422,0,60
2463,18,3,619,5,3427,115,50
2464,18,3,620,7,3434,82,70
2465,18,3,621,9,3443,86,90
2466,18,3,622,9,3452,82,90
2467,18,3,623,6,3458,55,60
2468,18,3,624,3,3461,37,30
2469,18,3,625,3,3464,29,30
2470,18,3,626,8,3472,82,80
2471,18,3,627,3,3475,43,30
2472,18,3,628,4,3479,41,40
2473,18,3,629,2,3481,13,20
2474,18,3,630,2,3483,20,20
2475,18,3,631,3,3486,0,30
2476,18,3,632,6,3492,86,60
2477,18,3,633,6,3498,56,60
2478,18,3,634,7,3505,56,70
2479,18,3,635,4,3509,36,40
2480,18,3,636,9,3518,107,90
2481,18,3,637,3,3521,33,30
2482,18,3,638,8,3529,87,80
2483,18,3,639,7,3536,0,70
2484,18,3,640,4,3540,111,40
2485,18,3,641,8,3548,76,80
2486,18,3,642,2,3550,17,20
2487,18,3,643,2,3552,20,20
2488,18,3,644,7,3559,60,70
2489,18,3,645,2,3561,16,20
2490,18,3,646,4,3565,48,40
2491,18,3,647,2,3567,0,20
2492,18,3,648,3,3570,55,30
2493,18,3,649,7,3577,64,70
2494,18,3,650,2,3579,18,20
2495,18,3,651,8,3587,102,80
2496,18,3,652,9,3596,76,90
2497,18,3,653,4,3600,0,40
2498,18,3,654,9,3609,103,90
2499,18,3,655,8,3617,82,80
2500,18,3,656,4,3621,42,40
2501,18,3,657,2,3623,18,20
2502,18,3,658,4,3627,39,40
2503,18,3,659,2,3629,22,20
2504,18,3,660,4,3633,35,40
2505,18,3,661,2,3635,18,20
2506,18,3,662,2,3637,20,20
2507,18,3,663,8,3645,71,80
2508,18,3,664,8,3653,78,80
2509,18,3,665,3,3656,39,30
2510,18,3,666,7,3663,78,70
2511,18,3,667,2,3665,15,20
2512,18,3,668,2,3667,16,20
2513,18,3,669,5,3672,56,50
2514,18,3,670,5,3677,50,50
2515,18,3,671,3,3680,31,30
2516,18,3,672,8,3688,94,80
2517,18,3,673,8,3696,68,80
2518,18,3,674,7,3703,67,70
2519,18,3,675,3,3706,28,30
2520,18,3,676,9,3715,89,90
2521,18,3,677,8,3723,67,80
2522,18,3,678,4,3727,45,40
2523,18,3,679,6,3733,47,60
2524,18,3,680,2,3735,23,20
2525,18,3,681,5,3740,0,50
2526,18,3,682,8,3748,131,80
2527,18,3,683,3,3751,35,30
2528,18,3,684,6,3757,80,60
2529,18,3,685,3,3760,25,30
2530,18,3,686,8,3768,76,80
2531,18,3,687,2,3770,33,20
2532,18,3,688,3,3773,26,30
2533,18,3,689,7,3780,67,70
2534,18,3,690,6,3786,55,60
2535,18,3,691,3,3789,28,30
2536,18,3,692,5,3794,49,50
2537,18,3,693,7,3801,48,70
2538,18,3,694,3,3804,32,30
2539,18,3,695,5,3809,42,50
2540,18,3,696,2,3811,15,20
2541,18,3,697,9,3820,81,90
2542,18,3,698,7,3827,75,70
2543,18,3,699,7,3834,68,70
2544,18,3,700,3,3837,32,30
2545,18,3,701,7,3844,62,70
2546,18,3,702,8,3852,88,80
2547,18,3,703,7,3859,69,70
2548,18,3,704,4,3863,40,40
2549,18,3,705,5,3868,52,50
2550,18,3,706,2,3870,16,20
2551,18,3,707,7,3877,87,70
2552,18,3,708,8,3885,78,80
2553,18,3,709,7,3892,77,70
2554,18,3,710,3,3895,32,30
2555,18,3,711,6,3901,59,60
2556,18,3,712,5,3906,42,50
2557,18,3,713,6,3912,59,60
2558,18,3,714,6,3918,62,60
2559,18,3,715,9,3927,90,90
2560,18,3,716,2,3929,25,20
2561,18,3,717,5,3934,68,50
2562,18,3,718,8,3942,83,80
2563,18,3,719,7,3949,58,70
2564,18,3,720,5,3954,46,50
2565,18,3,721,5,3959,54,50
2566,18,3,722,4,3963,40,40
2567,18,3,723,9,3972,88,90
2568,18,3,724,2,3974,26,20
2569,18,3,725,2,3976,25,20
2570,18,3,726,2,3978,13,20
2571,18,3,727,4,3982,42,40
2572,18,3,728,3,3985,27,30
2573,18,3,729,6,3991,62,60
2574,18,3,730,4,3995,40,40
2575,18,3,731,5,4000,41,50
2576,18,3,732,5,4005,59,50
2577,18,3,733,5,4010,48,50
2578,18,3,734,2,4012,26,20
2579,18,3,735,8,4020,76,80
2580,18,3,736,2,4022,21,20
2581,18,3,737,5,4027,45,50
2582,18,3,738,9,4036,99,90
2583,18,3,739,7,4043,71,70
2584,18,3,740,8,4051,89,80
2585,18,3,741,2,4053,22,20
2586,18,3,742,8,4061,84,80
2587,18,3,743,3,4064,34,30
2588,18,3,744,7,4071,80,70
2589,18,3,745,8,4079,80,80
2590,18,3,746,2,4081,15,20
2591,18,3,747,6,4087,52,60
2592,18,3,748,9,4096,87,90
2593,18,3,749,8,4104,63,80
2594,18,3,750,7,4111,68,70
2595,18,3,751,7,4118,73,70
2596,18,3,752,6,4124,52,60
2597,18,3,753,2,4126,19,20
2598,18,3,754,2,4128,17,20
2599,18,3,755,9,4137,99,90
2600,18,3,756,2,4139,17,20
2601,18,3,757,9,4148,104,90
2602,18,3,758,9,4157,0,90
2603,18,3,759,6,4163,157,60
2604,18,3,760,7,4170,59,70
2605,18,3,761,8,4178,73,80
2606,18,3,762,9,4187,95,90
2607,18,3,763,9,4196,0,90
2608,18,3,764,3,4199,124,30
2609,18,3,765,2,4201,22,20
2610,18,3,766,8,4209,65,80
2611,18,3,767,6,4215,0,60
2612,18,3,768,9,4224,161,90
2613,18,3,769,5,4229,52,50
2614,18,3,770,2,4231,19,20
2615,18,3,771,6,4237,53,60
2616,18,3,772,4,4241,48,40
2617,18,3,773,5,4246,61,50
2618,18,3,774,2,4248,22,20
2619,18,3,775,6,4254,59,60
2620,18,3,776,3,4257,28,30
2621,18,3,777,2,4259,20,20
2622,18,3,778,9,4268,97,90
2623,18,3,779,8,4276,64,80
2624,18,3,780,9,4285,66,90
2625,18,3,781,2,4287,17,20
2626,18,3,782,3,4290,33,30
2627,18,3,783,8,4298,63,80
2628,18,3,784,6,4304,49,60
2629,18,3,785,8,4312,66,80
2630,18,3,786,9,4321,93,90
2631,18,3,787,4,4325,35,40
2632,18,3,788,8,4333,79,80
2633,18,3,789,9,4342,92,90
2634,18,3,790,6,4348,61,60
2635,18,3,791,2,4350,30,20
2636,18,3,792,5,4355,0,50
2637,18,3,793,7,4362,114,70
2638,18,3,794,5,4367,51,50
2639,18,3,795,6,4373,59,60
2640,18,3,796,9,4382,80,90
2641,18,3,797,6,4388,74,60
2642,18,3,798,3,4391,24,30
2643,18,3,799,2,4393,29,20
2644,18,3,800,3,4396,35,30
2645,18,3,801,6,4402,0,60
2646,18,3,802,3,4405,93,30
2647,18,3,803,2,4407,19,20
2648,18,3,804,5,4412,51,50
2649,18,3,805,9,4421,95,90
2650,18,3,806,5,4426,52,50
2651,18,3,807,2,4428,16,20
2652,18,3,808,7,4435,61,70
2653,18,3,809,5,4440,44,50
2654,18,3,810,9,4449,89,90
2655,18,3,811,4,4453,39,40
2656,18,3,812,6,4459,52,60
2657,18,3,813,3,4462,33,30
2658,18,3,814,3,4465,17,30
2659,18,3,815,3,4468,40,30
2660,18,3,816,6,4474,52,60
2661,18,3,817,2,4476,17,20
2662,18,3,818,3,4479,27,30
2663,18,3,819,6,4485,64,60
2664,18,3,820,4,4489,40,40
2665,18,3,821,6,4495,53,60
2666,18,3,822,8,4503,78,80
2667,18,3,823,4,4507,41,40
2668,18,3,824,7,4514,73,70
2669,18,3,825,5,4519,57,50
2670,18,3,826,9,4528,84,90
2671,18,3,827,8,4536,0,80
2672,18,3,828,2,4538,99,20
2673,18,3,829,6,4544,61,60
2674,18,3,830,4,4548,43,40
2675,18,3,831,5,4553,62,50
2676,18,3,832,4,4557,42,40
2677,18,3,833,4,4561,37,40
2678,18,3,834,5,4566,56,50
2679,18,3,835,7,4573,0,70
2680,18,3,836,6,4579,0,60
2681,18,3,837,8,4587,212,80
2682,18,3,838,6,4593,59,60
2683,18,3,839,4,4597,37,40
2684,18,3,840,7,4604,88,70
2685,18,3,841,6,4610,60,60
2686,18,3,842,3,4613,39,30
2687,18,3,843,9,4622,88,90
2688,18,3,844,2,4624,22,20
2689,18,3,845,4,4628,46,40
2690,18,3,846,4,4632,35,40
2691,18,3,847,3,4635,25,30
2692,18,3,848,8,4643,66,80
2693,18,3,849,8,4651,85,80
2694,18,3,850,5,4656,45,50
2695,18,3,851,2,4658,22,20
2696,18,3,852,8,4666,73,80
2697,18,3,853,3,4669,35,30
2698,18,3,854,8,4677,77,80
2699,18,3,855,6,4683,70,60
2700,18,3,856,3,4686,29,30
2701,18,3,857,4,4690,0,40
2702,18,3,858,7,4697,107,70
2703,18,3,859,2,4699,22,20
2704,18,3,860,3,4702,0,30
2705,18,3,861,8,4710,107,80
2706,18,3,862,9,4719,76,90
2707,18,3,863,4,4723,42,40
2708,18,3,864,7,4730,0,70
2709,18,3,865,9,4739,170,90
2710,18,3,866,3,4742,32,30
2711,18,3,867,5,4747,60,50
2712,18,3,868,5,4752,43,50
2713,18,3,869,7,4759,74,70
2714,18,3,870,7,4766,78,70
2715,18,3,871,3,4769,27,30
2716,18,3,872,7,4776,78,70
2717,18,3,873,6,4782,66,60
2718,18,3,874,9,4791,89,90
2719,18,3,875,8,4799,82,80
2720,18,3,876,8,4807,81,80
2721,18,3,877,3,4810,30,30
2722,18,3,878,6,4816,62,60
2723,18,3,879,7,4823,80,70
2724,18,3,880,2,4825,0,20
2725,18,3,881,5,4830,80,50
2726,18,3,882,9,4839,80,90
2727,18,3,883,6,4845,65,60
2728,18,3,884,4,4849,50,40
2729,18,3,885,6,4855,59,60
2730,18,3,886,8,4863,74,80
2731,18,3,887,7,4870,0,70
2732,18,3,888,6,4876,129,60
2733,18,3,889,5,4881,65,50
2734,18,3,890,3,4884,35,30
2735,18,3,891,9,4893,87,90
2736,18,3,892,3,4896,36,30
2737,18,3,893,3,4899,24,30
2738,18,3,894,7,4906,68,70
2739,18,3,895,6,4912,58,60
2740,18,3,896,8,4920,68,80
2741,18,3,897,3,4923,31,30
2742,18,3,898,6,4929,74,60
2743,18,3,899,7,4936,69,70
2744,18,3,900,4,4940,42,40
2745,18,3,901,5,4945,49,50
2746,18,3,902,7,4952,62,70
2747,18,3,903,8,4960,69,80
2748,18,3,904,6,4966,58,60
2749,18,3,905,6,4972,46,60
2750,18,3,906,8,4980,75,80
2751,18,3,907,4,4984,43,40
2752,18,3,908,9,4993,100,90
