,Scenario,Trial,Inspection,Interval,Time,Defects,Rate
0,330,1,1,7,7,0,70
1,330,1,2,9,16,0,90
2,330,1,3,4,20,0,40
3,330,1,4,5,25,0,50
4,330,1,5,5,30,0,50
5,330,1,6,8,38,0,80
6,330,1,7,3,41,406,30
7,330,1,8,8,49,0,80
8,330,1,9,6,55,0,60
9,330,1,10,4,59,0,40
10,330,1,11,3,62,0,30
11,330,1,12,8,70,0,80
12,330,1,13,2,72,0,20
13,330,1,14,7,79,0,70
14,330,1,15,2,81,0,20
15,330,1,16,5,86,0,50
16,330,1,17,9,95,0,90
17,330,1,18,4,99,0,40
18,330,1,19,8,107,0,80
19,330,1,20,5,112,0,50
20,330,1,21,5,117,0,50
21,330,1,22,9,126,0,90
22,330,1,23,4,130,0,40
23,330,1,24,9,139,0,90
24,330,1,25,7,146,0,70
25,330,1,26,7,153,0,70
26,330,1,27,6,159,1219,60
27,330,1,28,5,164,48,50
28,330,1,29,5,169,0,50
29,330,1,30,4,173,0,40
30,330,1,31,2,175,0,20
31,330,1,32,2,177,0,20
32,330,1,33,7,184,0,70
33,330,1,34,7,191,0,70
34,330,1,35,5,196,0,50
35,330,1,36,2,198,0,20
36,330,1,37,3,201,0,30
37,330,1,38,5,206,0,50
38,330,1,39,2,208,0,20
39,330,1,40,9,217,0,90
40,330,1,41,5,222,0,50
41,330,1,42,6,228,0,60
42,330,1,43,6,234,0,60
43,330,1,44,6,240,0,60
44,330,1,45,9,249,0,90
45,330,1,46,5,254,0,50
46,330,1,47,9,263,0,90
47,330,1,48,5,268,0,50
48,330,1,49,6,274,1083,60
49,330,1,50,8,282,0,80
50,330,1,51,5,287,0,50
51,330,1,52,4,291,144,40
52,330,1,53,4,295,0,40
53,330,1,54,2,297,0,20
54,330,1,55,8,305,0,80
55,330,1,56,3,308,0,30
56,330,1,57,3,311,202,30
57,330,1,58,6,317,0,60
58,330,1,59,4,321,0,40
59,330,1,60,7,328,0,70
60,330,1,61,3,331,0,30
61,330,1,62,5,336,0,50
62,330,1,63,5,341,0,50
63,330,1,64,8,349,368,80
64,330,1,65,2,351,0,20
65,330,1,66,4,355,0,40
66,330,1,67,6,361,0,60
67,330,1,68,6,367,0,60
68,330,1,69,9,376,0,90
69,330,1,70,5,381,0,50
70,330,1,71,9,390,0,90
71,330,1,72,5,395,0,50
72,330,1,73,5,400,0,50
73,330,1,74,7,407,0,70
74,330,1,75,7,414,667,70
75,330,1,76,7,421,89,70
76,330,1,77,8,429,0,80
77,330,1,78,7,436,0,70
78,330,1,79,2,438,0,20
79,330,1,80,4,442,0,40
80,330,1,81,5,447,0,50
81,330,1,82,9,456,0,90
82,330,1,83,5,461,0,50
83,330,1,84,2,463,0,20
84,330,1,85,2,465,0,20
85,330,1,86,7,472,532,70
86,330,1,87,7,479,0,70
87,330,1,88,5,484,0,50
88,330,1,89,2,486,0,20
89,330,1,90,5,491,0,50
90,330,1,91,9,500,0,90
91,330,1,92,2,502,320,20
92,330,1,93,6,508,0,60
93,330,1,94,2,510,0,20
94,330,1,95,2,512,0,20
95,330,1,96,9,521,0,90
96,330,1,97,5,526,0,50
97,330,1,98,4,530,0,40
98,330,1,99,9,539,0,90
99,330,1,100,9,548,0,90
100,330,1,101,2,550,0,20
101,330,1,102,9,559,0,90
102,330,1,103,3,562,0,30
103,330,1,104,8,570,0,80
104,330,1,105,8,578,0,80
105,330,1,106,8,586,0,80
106,330,1,107,8,594,0,80
107,330,1,108,2,596,0,20
108,330,1,109,9,605,0,90
109,330,1,110,3,608,0,30
110,330,1,111,5,613,0,50
111,330,1,112,9,622,0,90
112,330,1,113,2,624,0,20
113,330,1,114,4,628,0,40
114,330,1,115,9,637,1322,90
115,330,1,116,4,641,0,40
116,330,1,117,6,647,0,60
117,330,1,118,9,656,0,90
118,330,1,119,3,659,0,30
119,330,1,120,4,663,0,40
120,330,1,121,7,670,0,70
121,330,1,122,6,676,0,60
122,330,1,123,6,682,0,60
123,330,1,124,8,690,0,80
124,330,1,125,7,697,0,70
125,330,1,126,8,705,0,80
126,330,1,127,8,713,0,80
127,330,1,128,8,721,0,80
128,330,1,129,7,728,0,70
129,330,1,130,3,731,0,30
130,330,1,131,4,735,980,40
131,330,1,132,9,744,91,90
132,330,1,133,2,746,0,20
133,330,1,134,4,750,0,40
134,330,1,135,9,759,0,90
135,330,1,136,6,765,0,60
136,330,1,137,4,769,232,40
137,330,1,138,7,776,0,70
138,330,1,139,5,781,0,50
139,330,1,140,8,789,0,80
140,330,1,141,4,793,225,40
141,330,1,142,7,800,0,70
142,330,1,143,6,806,0,60
143,330,1,144,4,810,0,40
144,330,1,145,7,817,0,70
145,330,1,146,9,826,0,90
146,330,1,147,9,835,0,90
147,330,1,148,3,838,0,30
148,330,1,149,4,842,0,40
149,330,1,150,9,851,607,90
150,330,1,151,9,860,0,90
151,330,1,152,4,864,0,40
152,330,1,153,6,870,0,60
153,330,1,154,6,876,0,60
154,330,1,155,8,884,0,80
155,330,1,156,9,893,0,90
156,330,1,157,4,897,0,40
157,330,1,158,5,902,523,50
158,330,1,159,7,909,0,70
159,330,1,160,6,915,0,60
160,330,1,161,4,919,0,40
161,330,1,162,9,928,0,90
162,330,1,163,8,936,0,80
163,330,1,164,4,940,0,40
164,330,1,165,4,944,0,40
165,330,1,166,5,949,0,50
166,330,1,167,6,955,0,60
167,330,1,168,8,963,609,80
168,330,1,169,4,967,0,40
169,330,1,170,6,973,0,60
170,330,1,171,4,977,0,40
171,330,1,172,7,984,0,70
172,330,1,173,3,987,0,30
173,330,1,174,3,990,0,30
174,330,1,175,2,992,0,20
175,330,1,176,5,997,0,50
176,330,1,177,3,1000,0,30
177,330,1,178,6,1006,0,60
178,330,1,179,8,1014,0,80
179,330,1,180,9,1023,0,90
180,330,1,181,2,1025,0,20
181,330,1,182,2,1027,0,20
182,330,1,183,7,1034,0,70
183,330,1,184,5,1039,0,50
184,330,1,185,5,1044,0,50
185,330,1,186,9,1053,0,90
186,330,1,187,7,1060,0,70
187,330,1,188,6,1066,0,60
188,330,1,189,5,1071,0,50
189,330,1,190,5,1076,0,50
190,330,1,191,4,1080,0,40
191,330,1,192,4,1084,0,40
192,330,1,193,9,1093,1309,90
193,330,1,194,8,1101,0,80
194,330,1,195,9,1110,0,90
195,330,1,196,8,1118,0,80
196,330,1,197,3,1121,0,30
197,330,1,198,2,1123,311,20
198,330,1,199,3,1126,0,30
199,330,1,200,5,1131,0,50
200,330,1,201,6,1137,0,60
201,330,1,202,8,1145,0,80
202,330,1,203,9,1154,0,90
203,330,1,204,4,1158,0,40
204,330,1,205,9,1167,0,90
205,330,1,206,3,1170,0,30
206,330,1,207,2,1172,0,20
207,330,1,208,7,1179,0,70
208,330,1,209,6,1185,613,60
209,330,1,210,6,1191,0,60
210,330,1,211,3,1194,0,30
211,330,1,212,4,1198,0,40
212,330,1,213,7,1205,0,70
213,330,1,214,2,1207,0,20
214,330,1,215,5,1212,0,50
215,330,1,216,4,1216,0,40
216,330,1,217,3,1219,0,30
217,330,1,218,2,1221,0,20
218,330,1,219,7,1228,0,70
219,330,1,220,8,1236,0,80
220,330,1,221,7,1243,567,70
221,330,1,222,3,1246,28,30
222,330,1,223,8,1254,0,80
223,330,1,224,5,1259,0,50
224,330,1,225,7,1266,0,70
225,330,1,226,9,1275,0,90
226,330,1,227,3,1278,0,30
227,330,1,228,7,1285,0,70
228,330,1,229,4,1289,412,40
229,330,1,230,7,1296,0,70
230,330,1,231,8,1304,0,80
231,330,1,232,2,1306,0,20
232,330,1,233,6,1312,0,60
233,330,1,234,2,1314,0,20
234,330,1,235,3,1317,0,30
235,330,1,236,9,1326,370,90
236,330,1,237,5,1331,0,50
237,330,1,238,8,1339,0,80
238,330,1,239,6,1345,0,60
239,330,1,240,9,1354,0,90
240,330,1,241,5,1359,0,50
241,330,1,242,7,1366,0,70
242,330,1,243,4,1370,0,40
243,330,1,244,8,1378,0,80
244,330,1,245,2,1380,0,20
245,330,1,246,5,1385,0,50
246,330,1,247,3,1388,0,30
247,330,1,248,7,1395,0,70
248,330,1,249,6,1401,0,60
249,330,1,250,6,1407,0,60
250,330,1,251,3,1410,0,30
251,330,1,252,8,1418,0,80
252,330,1,253,8,1426,0,80
253,330,1,254,2,1428,0,20
254,330,1,255,6,1434,0,60
255,330,1,256,4,1438,0,40
256,330,1,257,2,1440,0,20
257,330,1,258,7,1447,0,70
258,330,1,259,5,1452,0,50
259,330,1,260,5,1457,0,50
260,330,1,261,4,1461,0,40
261,330,1,262,8,1469,1437,80
262,330,1,263,4,1473,0,40
263,330,1,264,4,1477,0,40
264,330,1,265,8,1485,0,80
265,330,1,266,5,1490,0,50
266,330,1,267,3,1493,0,30
267,330,1,268,3,1496,0,30
268,330,1,269,4,1500,297,40
269,330,1,270,8,1508,0,80
270,330,1,271,8,1516,0,80
271,330,1,272,3,1519,205,30
272,330,1,273,2,1521,0,20
273,330,1,274,5,1526,0,50
274,330,1,275,7,1533,0,70
275,330,1,276,6,1539,0,60
276,330,1,277,2,1541,0,20
277,330,1,278,7,1548,0,70
278,330,1,279,3,1551,0,30
279,330,1,280,7,1558,0,70
280,330,1,281,5,1563,0,50
281,330,1,282,7,1570,0,70
282,330,1,283,7,1577,0,70
283,330,1,284,2,1579,0,20
284,330,1,285,5,1584,0,50
285,330,1,286,8,1592,0,80
286,330,1,287,4,1596,829,40
287,330,1,288,8,1604,0,80
288,330,1,289,7,1611,0,70
289,330,1,290,8,1619,0,80
290,330,1,291,9,1628,0,90
291,330,1,292,9,1637,0,90
292,330,1,293,9,1646,529,90
293,330,1,294,3,1649,24,30
294,330,1,295,6,1655,0,60
295,330,1,296,7,1662,0,70
296,330,1,297,7,1669,0,70
297,330,1,298,6,1675,0,60
298,330,1,299,9,1684,0,90
299,330,1,300,6,1690,0,60
300,330,1,301,5,1695,0,50
301,330,1,302,7,1702,0,70
302,330,1,303,6,1708,0,60
303,330,1,304,4,1712,0,40
304,330,1,305,4,1716,0,40
305,330,1,306,2,1718,0,20
306,330,1,307,3,1721,0,30
307,330,1,308,4,1725,735,40
308,330,1,309,3,1728,0,30
309,330,1,310,6,1734,0,60
310,330,1,311,9,1743,0,90
311,330,1,312,2,1745,0,20
312,330,1,313,4,1749,0,40
313,330,1,314,7,1756,0,70
314,330,1,315,6,1762,337,60
315,330,1,316,4,1766,0,40
316,330,1,317,3,1769,0,30
317,330,1,318,7,1776,0,70
318,330,1,319,4,1780,0,40
319,330,1,320,8,1788,0,80
320,330,1,321,2,1790,0,20
321,330,1,322,2,1792,0,20
322,330,1,323,4,1796,0,40
323,330,1,324,9,1805,0,90
324,330,1,325,7,1812,0,70
325,330,1,326,5,1817,0,50
326,330,1,327,8,1825,0,80
327,330,1,328,7,1832,0,70
328,330,1,329,8,1840,0,80
329,330,1,330,7,1847,0,70
330,330,1,331,6,1853,925,60
331,330,1,332,2,1855,0,20
332,330,1,333,2,1857,0,20
333,330,1,334,7,1864,0,70
334,330,1,335,9,1873,0,90
335,330,1,336,4,1877,0,40
336,330,1,337,8,1885,0,80
337,330,1,338,8,1893,0,80
338,330,1,339,8,1901,0,80
339,330,1,340,4,1905,0,40
340,330,1,341,5,1910,0,50
341,330,1,342,8,1918,0,80
342,330,1,343,6,1924,735,60
343,330,1,344,9,1933,0,90
344,330,1,345,5,1938,0,50
345,330,1,346,5,1943,0,50
346,330,1,347,6,1949,0,60
347,330,1,348,2,1951,0,20
348,330,1,349,3,1954,0,30
349,330,1,350,7,1961,0,70
350,330,1,351,6,1967,0,60
351,330,1,352,9,1976,0,90
352,330,1,353,5,1981,0,50
353,330,1,354,8,1989,0,80
354,330,1,355,6,1995,0,60
355,330,1,356,9,2004,0,90
356,330,1,357,5,2009,865,50
357,330,1,358,6,2015,0,60
358,330,1,359,8,2023,0,80
359,330,1,360,3,2026,0,30
360,330,1,361,5,2031,0,50
361,330,1,362,3,2034,251,30
362,330,1,363,8,2042,0,80
363,330,1,364,6,2048,0,60
364,330,1,365,7,2055,0,70
365,330,1,366,6,2061,0,60
366,330,1,367,3,2064,0,30
367,330,1,368,7,2071,0,70
368,330,1,369,9,2080,462,90
369,330,1,370,8,2088,0,80
370,330,1,371,6,2094,0,60
371,330,1,372,8,2102,0,80
372,330,1,373,5,2107,290,50
373,330,1,374,3,2110,0,30
374,330,1,375,5,2115,0,50
375,330,1,376,4,2119,0,40
376,330,1,377,7,2126,0,70
377,330,1,378,2,2128,0,20
378,330,1,379,8,2136,0,80
379,330,1,380,7,2143,0,70
380,330,1,381,2,2145,0,20
381,330,1,382,9,2154,0,90
382,330,1,383,4,2158,0,40
383,330,1,384,2,2160,0,20
384,330,1,385,8,2168,0,80
385,330,1,386,6,2174,0,60
386,330,1,387,2,2176,0,20
387,330,1,388,8,2184,0,80
388,330,1,389,4,2188,0,40
389,330,1,390,7,2195,0,70
390,330,1,391,9,2204,0,90
391,330,1,392,3,2207,0,30
392,330,1,393,3,2210,0,30
393,330,1,394,2,2212,1098,20
394,330,1,395,5,2217,51,50
395,330,1,396,6,2223,58,60
396,330,1,397,3,2226,0,30
397,330,1,398,2,2228,0,20
398,330,1,399,8,2236,0,80
399,330,1,400,3,2239,0,30
400,330,1,401,6,2245,0,60
401,330,1,402,7,2252,0,70
402,330,1,403,6,2258,0,60
403,330,1,404,9,2267,0,90
404,330,1,405,5,2272,0,50
405,330,1,406,6,2278,0,60
406,330,1,407,6,2284,618,60
407,330,1,408,9,2293,0,90
408,330,1,409,8,2301,0,80
409,330,1,410,7,2308,0,70
410,330,1,411,6,2314,0,60
411,330,1,412,4,2318,0,40
412,330,1,413,6,2324,0,60
413,330,1,414,6,2330,0,60
414,330,1,415,9,2339,518,90
415,330,1,416,3,2342,0,30
416,330,1,417,5,2347,0,50
417,330,1,418,9,2356,0,90
418,330,1,419,2,2358,0,20
419,330,1,420,9,2367,0,90
420,330,1,421,3,2370,0,30
421,330,1,422,2,2372,0,20
422,330,1,423,8,2380,0,80
423,330,1,424,4,2384,0,40
424,330,1,425,8,2392,0,80
425,330,1,426,9,2401,0,90
426,330,1,427,3,2404,0,30
427,330,1,428,5,2409,0,50
428,330,1,429,4,2413,0,40
429,330,1,430,2,2415,0,20
430,330,1,431,9,2424,0,90
431,330,1,432,2,2426,0,20
432,330,1,433,2,2428,871,20
433,330,1,434,3,2431,0,30
434,330,1,435,5,2436,72,50
435,330,1,436,3,2439,0,30
436,330,1,437,5,2444,0,50
437,330,1,438,6,2450,141,60
438,330,1,439,7,2457,0,70
439,330,1,440,5,2462,0,50
440,330,1,441,5,2467,0,50
441,330,1,442,5,2472,0,50
442,330,1,443,7,2479,0,70
443,330,1,444,5,2484,0,50
444,330,1,445,6,2490,0,60
445,330,1,446,2,2492,0,20
446,330,1,447,9,2501,0,90
447,330,1,448,6,2507,0,60
448,330,1,449,9,2516,0,90
449,330,1,450,9,2525,0,90
450,330,1,451,4,2529,793,40
451,330,1,452,4,2533,0,40
452,330,1,453,9,2542,0,90
453,330,1,454,6,2548,0,60
454,330,1,455,2,2550,0,20
455,330,1,456,6,2556,0,60
456,330,1,457,9,2565,0,90
457,330,1,458,3,2568,0,30
458,330,1,459,2,2570,0,20
459,330,1,460,8,2578,0,80
460,330,1,461,5,2583,0,50
461,330,1,462,7,2590,0,70
462,330,1,463,2,2592,0,20
463,330,1,464,9,2601,0,90
464,330,1,465,7,2608,0,70
465,330,1,466,3,2611,0,30
466,330,1,467,8,2619,0,80
467,330,1,468,8,2627,0,80
468,330,1,469,3,2630,0,30
469,330,1,470,6,2636,0,60
470,330,1,471,5,2641,0,50
471,330,1,472,8,2649,0,80
472,330,1,473,7,2656,0,70
473,330,1,474,9,2665,0,90
474,330,1,475,9,2674,0,90
475,330,1,476,4,2678,1460,40
476,330,1,477,8,2686,0,80
477,330,1,478,9,2695,0,90
478,330,1,479,6,2701,0,60
479,330,1,480,2,2703,0,20
480,330,1,481,2,2705,0,20
481,330,1,482,9,2714,0,90
482,330,1,483,9,2723,0,90
483,330,1,484,9,2732,0,90
484,330,1,485,5,2737,0,50
485,330,1,486,3,2740,0,30
486,330,1,487,4,2744,0,40
487,330,1,488,6,2750,0,60
488,330,1,489,8,2758,0,80
489,330,1,490,7,2765,0,70
490,330,1,491,9,2774,0,90
491,330,1,492,4,2778,0,40
492,330,1,493,9,2787,0,90
493,330,1,494,3,2790,0,30
494,330,1,495,8,2798,0,80
495,330,1,496,3,2801,0,30
496,330,1,497,8,2809,0,80
497,330,1,498,6,2815,0,60
498,330,1,499,7,2822,0,70
499,330,1,500,9,2831,0,90
500,330,1,501,8,2839,0,80
501,330,1,502,7,2846,0,70
502,330,1,503,4,2850,1705,40
503,330,1,504,4,2854,40,40
504,330,1,505,4,2858,0,40
505,330,1,506,2,2860,0,20
506,330,1,507,6,2866,0,60
507,330,1,508,8,2874,0,80
508,330,1,509,9,2883,0,90
509,330,1,510,5,2888,320,50
510,330,1,511,3,2891,0,30
511,330,1,512,9,2900,0,90
512,330,1,513,3,2903,0,30
513,330,1,514,3,2906,0,30
514,330,1,515,2,2908,0,20
515,330,1,516,6,2914,0,60
516,330,1,517,8,2922,0,80
517,330,1,518,4,2926,0,40
518,330,1,519,3,2929,0,30
519,330,1,520,4,2933,0,40
520,330,1,521,8,2941,0,80
521,330,1,522,3,2944,0,30
522,330,1,523,9,2953,0,90
523,330,1,524,2,2955,0,20
524,330,1,525,4,2959,0,40
525,330,1,526,9,2968,0,90
526,330,1,527,8,2976,0,80
527,330,1,528,9,2985,0,90
528,330,1,529,3,2988,0,30
529,330,1,530,9,2997,0,90
530,330,1,531,5,3002,0,50
531,330,1,532,9,3011,1229,90
532,330,1,533,3,3014,0,30
533,330,1,534,2,3016,56,20
534,330,1,535,6,3022,0,60
535,330,1,536,3,3025,0,30
536,330,1,537,3,3028,0,30
537,330,1,538,4,3032,0,40
538,330,1,539,2,3034,0,20
539,330,1,540,2,3036,0,20
540,330,1,541,4,3040,250,40
541,330,1,542,5,3045,0,50
542,330,1,543,9,3054,0,90
543,330,1,544,6,3060,0,60
544,330,1,545,7,3067,0,70
545,330,1,546,6,3073,0,60
546,330,1,547,5,3078,0,50
547,330,1,548,9,3087,0,90
548,330,1,549,2,3089,0,20
549,330,1,550,4,3093,0,40
550,330,1,551,7,3100,0,70
551,330,1,552,5,3105,0,50
552,330,1,553,5,3110,0,50
553,330,1,554,2,3112,0,20
554,330,1,555,5,3117,752,50
555,330,1,556,6,3123,0,60
556,330,1,557,6,3129,123,60
557,330,1,558,6,3135,0,60
558,330,1,559,5,3140,0,50
559,330,1,560,6,3146,0,60
560,330,1,561,5,3151,0,50
561,330,1,562,9,3160,0,90
562,330,1,563,9,3169,0,90
563,330,1,564,5,3174,0,50
564,330,1,565,6,3180,0,60
565,330,1,566,2,3182,0,20
566,330,1,567,3,3185,0,30
567,330,1,568,6,3191,0,60
568,330,1,569,3,3194,0,30
569,330,1,570,8,3202,0,80
570,330,1,571,8,3210,0,80
571,330,1,572,9,3219,0,90
572,330,1,573,4,3223,0,40
573,330,1,574,7,3230,0,70
574,330,1,575,5,3235,0,50
575,330,1,576,7,3242,0,70
576,330,1,577,5,3247,0,50
577,330,1,578,7,3254,0,70
578,330,1,579,6,3260,0,60
579,330,1,580,8,3268,0,80
580,330,1,581,6,3274,0,60
581,330,1,582,2,3276,0,20
582,330,1,583,3,3279,0,30
583,330,1,584,7,3286,0,70
584,330,1,585,3,3289,0,30
585,330,1,586,6,3295,0,60
586,330,1,587,2,3297,0,20
587,330,1,588,6,3303,0,60
588,330,1,589,2,3305,0,20
589,330,1,590,7,3312,0,70
590,330,1,591,3,3315,0,30
591,330,1,592,7,3322,0,70
592,330,1,593,3,3325,0,30
593,330,1,594,9,3334,0,90
594,330,1,595,5,3339,0,50
595,330,1,596,7,3346,2183,70
596,330,1,597,7,3353,0,70
597,330,1,598,5,3358,0,50
598,330,1,599,5,3363,0,50
599,330,1,600,3,3366,200,30
600,330,1,601,9,3375,0,90
601,330,1,602,2,3377,0,20
602,330,1,603,2,3379,125,20
603,330,1,604,8,3387,0,80
604,330,1,605,6,3393,0,60
605,330,1,606,9,3402,0,90
606,330,1,607,3,3405,268,30
607,330,1,608,9,3414,105,90
608,330,1,609,5,3419,0,50
609,330,1,610,6,3425,0,60
610,330,1,611,3,3428,0,30
611,330,1,612,2,3430,0,20
612,330,1,613,8,3438,0,80
613,330,1,614,3,3441,0,30
614,330,1,615,6,3447,0,60
615,330,1,616,6,3453,0,60
616,330,1,617,7,3460,0,70
617,330,1,618,8,3468,0,80
618,330,1,619,7,3475,0,70
619,330,1,620,5,3480,0,50
620,330,1,621,6,3486,0,60
621,330,1,622,2,3488,0,20
622,330,1,623,5,3493,0,50
623,330,1,624,2,3495,0,20
624,330,1,625,4,3499,0,40
625,330,1,626,8,3507,0,80
626,330,1,627,3,3510,942,30
627,330,1,628,9,3519,0,90
628,330,1,629,2,3521,0,20
629,330,1,630,3,3524,0,30
630,330,1,631,6,3530,0,60
631,330,1,632,9,3539,290,90
632,330,1,633,2,3541,0,20
633,330,1,634,4,3545,0,40
634,330,1,635,2,3547,0,20
635,330,1,636,8,3555,0,80
636,330,1,637,2,3557,0,20
637,330,1,638,6,3563,0,60
638,330,1,639,4,3567,0,40
639,330,1,640,4,3571,0,40
640,330,1,641,9,3580,0,90
641,330,1,642,2,3582,0,20
642,330,1,643,7,3589,0,70
643,330,1,644,9,3598,0,90
644,330,1,645,9,3607,0,90
645,330,1,646,5,3612,0,50
646,330,1,647,7,3619,0,70
647,330,1,648,5,3624,844,50
648,330,1,649,8,3632,0,80
649,330,1,650,8,3640,0,80
650,330,1,651,6,3646,0,60
651,330,1,652,3,3649,0,30
652,330,1,653,4,3653,0,40
653,330,1,654,8,3661,0,80
654,330,1,655,8,3669,0,80
655,330,1,656,3,3672,0,30
656,330,1,657,3,3675,0,30
657,330,1,658,2,3677,0,20
658,330,1,659,7,3684,0,70
659,330,1,660,7,3691,0,70
660,330,1,661,6,3697,0,60
661,330,1,662,7,3704,0,70
662,330,1,663,9,3713,0,90
663,330,1,664,8,3721,0,80
664,330,1,665,5,3726,0,50
665,330,1,666,8,3734,0,80
666,330,1,667,9,3743,0,90
667,330,1,668,5,3748,0,50
668,330,1,669,4,3752,0,40
669,330,1,670,8,3760,0,80
670,330,1,671,9,3769,0,90
671,330,1,672,5,3774,0,50
672,330,1,673,6,3780,0,60
673,330,1,674,2,3782,0,20
674,330,1,675,8,3790,0,80
675,330,1,676,8,3798,0,80
676,330,1,677,4,3802,0,40
677,330,1,678,6,3808,0,60
678,330,1,679,7,3815,0,70
679,330,1,680,9,3824,0,90
680,330,1,681,3,3827,0,30
681,330,1,682,4,3831,0,40
682,330,1,683,2,3833,0,20
683,330,1,684,8,3841,0,80
684,330,1,685,5,3846,2260,50
685,330,1,686,6,3852,0,60
686,330,1,687,4,3856,0,40
687,330,1,688,8,3864,0,80
688,330,1,689,8,3872,0,80
689,330,1,690,2,3874,0,20
690,330,1,691,7,3881,0,70
691,330,1,692,2,3883,0,20
692,330,1,693,7,3890,0,70
693,330,1,694,7,3897,0,70
694,330,1,695,4,3901,0,40
695,330,1,696,5,3906,0,50
696,330,1,697,2,3908,0,20
697,330,1,698,5,3913,0,50
698,330,1,699,5,3918,0,50
699,330,1,700,3,3921,0,30
700,330,1,701,9,3930,860,90
701,330,1,702,2,3932,0,20
702,330,1,703,2,3934,0,20
703,330,1,704,4,3938,0,40
704,330,1,705,2,3940,0,20
705,330,1,706,3,3943,0,30
706,330,1,707,2,3945,0,20
707,330,1,708,5,3950,0,50
708,330,1,709,8,3958,0,80
709,330,1,710,9,3967,393,90
710,330,1,711,7,3974,72,70
711,330,1,712,2,3976,0,20
712,330,1,713,7,3983,0,70
713,330,1,714,9,3992,0,90
714,330,1,715,6,3998,0,60
715,330,1,716,8,4006,0,80
716,330,1,717,8,4014,439,80
717,330,1,718,2,4016,16,20
718,330,1,719,2,4018,0,20
719,330,1,720,9,4027,0,90
720,330,1,721,6,4033,0,60
721,330,1,722,3,4036,203,30
722,330,1,723,6,4042,0,60
723,330,1,724,9,4051,0,90
724,330,1,725,5,4056,0,50
725,330,1,726,8,4064,0,80
726,330,1,727,8,4072,0,80
727,330,1,728,8,4080,0,80
728,330,1,729,3,4083,0,30
729,330,1,730,5,4088,0,50
730,330,1,731,4,4092,569,40
731,330,1,732,9,4101,0,90
732,330,1,733,6,4107,0,60
733,330,1,734,2,4109,0,20
734,330,1,735,8,4117,0,80
735,330,1,736,2,4119,0,20
736,330,1,737,2,4121,272,20
737,330,1,738,8,4129,0,80
738,330,1,739,9,4138,0,90
739,330,1,740,3,4141,0,30
740,330,1,741,9,4150,0,90
741,330,1,742,4,4154,337,40
742,330,1,743,8,4162,0,80
743,330,1,744,9,4171,0,90
744,330,1,745,8,4179,0,80
745,330,1,746,3,4182,0,30
746,330,1,747,7,4189,0,70
747,330,1,748,7,4196,0,70
748,330,1,749,4,4200,0,40
749,330,1,750,3,4203,0,30
750,330,1,751,9,4212,614,90
751,330,1,752,4,4216,0,40
752,330,1,753,6,4222,0,60
753,330,1,754,6,4228,0,60
754,330,1,755,9,4237,0,90
755,330,1,756,9,4246,0,90
756,330,1,757,3,4249,0,30
757,330,1,758,4,4253,0,40
758,330,1,759,4,4257,0,40
759,330,1,760,5,4262,0,50
760,330,1,761,7,4269,0,70
761,330,1,762,9,4278,0,90
762,330,1,763,9,4287,0,90
763,330,1,764,8,4295,0,80
764,330,1,765,2,4297,0,20
765,330,1,766,6,4303,0,60
766,330,1,767,7,4310,0,70
767,330,1,768,2,4312,1022,20
768,330,1,769,6,4318,0,60
769,330,1,770,5,4323,0,50
770,330,1,771,4,4327,0,40
771,330,1,772,2,4329,0,20
772,330,1,773,7,4336,0,70
773,330,1,774,4,4340,0,40
774,330,1,775,2,4342,340,20
775,330,1,776,7,4349,0,70
776,330,1,777,4,4353,0,40
777,330,1,778,9,4362,0,90
778,330,1,779,6,4368,0,60
779,330,1,780,7,4375,0,70
780,330,1,781,3,4378,0,30
781,330,1,782,6,4384,0,60
782,330,1,783,8,4392,0,80
783,330,1,784,9,4401,585,90
784,330,1,785,7,4408,0,70
785,330,1,786,5,4413,0,50
786,330,1,787,9,4422,0,90
787,330,1,788,4,4426,0,40
788,330,1,789,3,4429,0,30
789,330,1,790,3,4432,0,30
790,330,1,791,3,4435,0,30
791,330,1,792,9,4444,435,90
792,330,1,793,3,4447,22,30
793,330,1,794,7,4454,0,70
794,330,1,795,7,4461,0,70
795,330,1,796,9,4470,0,90
796,330,1,797,5,4475,289,50
797,330,1,798,4,4479,39,40
798,330,1,799,6,4485,0,60
799,330,1,800,6,4491,0,60
800,330,1,801,2,4493,0,20
801,330,1,802,3,4496,0,30
802,330,1,803,2,4498,0,20
803,330,1,804,3,4501,0,30
804,330,1,805,9,4510,0,90
805,330,1,806,3,4513,0,30
806,330,1,807,9,4522,435,90
807,330,1,808,3,4525,0,30
808,330,1,809,3,4528,0,30
809,330,1,810,6,4534,0,60
810,330,1,811,6,4540,0,60
811,330,1,812,2,4542,0,20
812,330,1,813,8,4550,0,80
813,330,1,814,2,4552,0,20
814,330,1,815,2,4554,0,20
815,330,1,816,8,4562,0,80
816,330,1,817,9,4571,0,90
817,330,1,818,9,4580,0,90
818,330,1,819,3,4583,0,30
819,330,1,820,4,4587,0,40
820,330,1,821,3,4590,0,30
821,330,1,822,8,4598,0,80
822,330,1,823,5,4603,0,50
823,330,1,824,3,4606,0,30
824,330,1,825,4,4610,0,40
825,330,1,826,5,4615,0,50
826,330,1,827,9,4624,0,90
827,330,1,828,6,4630,0,60
828,330,1,829,8,4638,0,80
829,330,1,830,3,4641,0,30
830,330,1,831,6,4647,1260,60
831,330,1,832,6,4653,0,60
832,330,1,833,3,4656,0,30
833,330,1,834,5,4661,0,50
834,330,1,835,8,4669,0,80
835,330,1,836,7,4676,0,70
836,330,1,837,7,4683,0,70
837,330,1,838,4,4687,0,40
838,330,1,839,2,4689,0,20
839,330,1,840,7,4696,0,70
840,330,1,841,6,4702,0,60
841,330,1,842,4,4706,0,40
842,330,1,843,4,4710,0,40
843,330,1,844,6,4716,0,60
844,330,1,845,5,4721,0,50
845,330,1,846,9,4730,0,90
846,330,1,847,3,4733,0,30
847,330,1,848,4,4737,0,40
848,330,1,849,9,4746,0,90
849,330,1,850,5,4751,1053,50
850,330,1,851,8,4759,0,80
851,330,1,852,4,4763,0,40
852,330,1,853,9,4772,0,90
853,330,1,854,8,4780,0,80
854,330,1,855,3,4783,0,30
855,330,1,856,6,4789,0,60
856,330,1,857,6,4795,0,60
857,330,1,858,2,4797,0,20
858,330,1,859,2,4799,0,20
859,330,1,860,5,4804,0,50
860,330,1,861,6,4810,0,60
861,330,1,862,4,4814,0,40
862,330,1,863,3,4817,639,30
863,330,1,864,8,4825,0,80
864,330,1,865,3,4828,0,30
865,330,1,866,6,4834,0,60
866,330,1,867,8,4842,0,80
867,330,1,868,4,4846,0,40
868,330,1,869,7,4853,0,70
869,330,1,870,8,4861,0,80
870,330,1,871,5,4866,0,50
871,330,1,872,3,4869,0,30
872,330,1,873,7,4876,0,70
873,330,1,874,7,4883,0,70
874,330,1,875,4,4887,0,40
875,330,1,876,5,4892,0,50
876,330,1,877,8,4900,0,80
877,330,1,878,2,4902,0,20
878,330,1,879,2,4904,0,20
879,330,1,880,5,4909,0,50
880,330,1,881,3,4912,0,30
881,330,1,882,3,4915,0,30
882,330,1,883,5,4920,0,50
883,330,1,884,7,4927,0,70
884,330,1,885,5,4932,0,50
885,330,1,886,7,4939,0,70
886,330,1,887,5,4944,0,50
887,330,1,888,5,4949,0,50
888,330,1,889,2,4951,0,20
889,330,1,890,9,4960,0,90
890,330,1,891,3,4963,0,30
891,330,1,892,3,4966,0,30
892,330,1,893,3,4969,0,30
893,330,1,894,8,4977,0,80
894,330,1,895,3,4980,0,30
895,330,1,896,4,4984,0,40
896,330,1,897,3,4987,0,30
897,330,1,898,9,4996,0,90
898,330,1,899,3,4999,0,30
899,330,2,1,6,6,0,60
900,330,2,2,5,11,0,50
901,330,2,3,5,16,0,50
902,330,2,4,2,18,0,20
903,330,2,5,9,27,0,90
904,330,2,6,5,32,0,50
905,330,2,7,3,35,0,30
906,330,2,8,2,37,0,20
907,330,2,9,8,45,0,80
908,330,2,10,6,51,0,60
909,330,2,11,6,57,0,60
910,330,2,12,3,60,0,30
911,330,2,13,9,69,0,90
912,330,2,14,2,71,0,20
913,330,2,15,5,76,0,50
914,330,2,16,8,84,0,80
915,330,2,17,5,89,902,50
916,330,2,18,4,93,0,40
917,330,2,19,5,98,0,50
918,330,2,20,3,101,0,30
919,330,2,21,8,109,0,80
920,330,2,22,4,113,0,40
921,330,2,23,7,120,291,70
922,330,2,24,9,129,0,90
923,330,2,25,9,138,0,90
924,330,2,26,8,146,0,80
925,330,2,27,6,152,331,60
926,330,2,28,9,161,0,90
927,330,2,29,8,169,0,80
928,330,2,30,5,174,0,50
929,330,2,31,6,180,0,60
930,330,2,32,6,186,0,60
931,330,2,33,6,192,0,60
932,330,2,34,7,199,0,70
933,330,2,35,8,207,0,80
934,330,2,36,4,211,0,40
935,330,2,37,9,220,0,90
936,330,2,38,2,222,694,20
937,330,2,39,9,231,0,90
938,330,2,40,9,240,0,90
939,330,2,41,5,245,0,50
940,330,2,42,8,253,0,80
941,330,2,43,4,257,370,40
942,330,2,44,7,264,0,70
943,330,2,45,6,270,0,60
944,330,2,46,8,278,0,80
945,330,2,47,3,281,0,30
946,330,2,48,7,288,0,70
947,330,2,49,8,296,0,80
948,330,2,50,4,300,0,40
949,330,2,51,5,305,0,50
950,330,2,52,3,308,0,30
951,330,2,53,5,313,546,50
952,330,2,54,6,319,0,60
953,330,2,55,2,321,0,20
954,330,2,56,9,330,0,90
955,330,2,57,6,336,0,60
956,330,2,58,4,340,0,40
957,330,2,59,9,349,0,90
958,330,2,60,9,358,0,90
959,330,2,61,2,360,0,20
960,330,2,62,5,365,0,50
961,330,2,63,3,368,0,30
962,330,2,64,2,370,0,20
963,330,2,65,9,379,0,90
964,330,2,66,2,381,0,20
965,330,2,67,7,388,0,70
966,330,2,68,5,393,0,50
967,330,2,69,9,402,0,90
968,330,2,70,3,405,0,30
969,330,2,71,4,409,0,40
970,330,2,72,7,416,0,70
971,330,2,73,6,422,0,60
972,330,2,74,4,426,0,40
973,330,2,75,6,432,0,60
974,330,2,76,2,434,0,20
975,330,2,77,3,437,0,30
976,330,2,78,6,443,0,60
977,330,2,79,6,449,0,60
978,330,2,80,3,452,0,30
979,330,2,81,9,461,0,90
980,330,2,82,2,463,0,20
981,330,2,83,6,469,0,60
982,330,2,84,4,473,0,40
983,330,2,85,4,477,0,40
984,330,2,86,6,483,0,60
985,330,2,87,4,487,0,40
986,330,2,88,6,493,0,60
987,330,2,89,6,499,0,60
988,330,2,90,7,506,0,70
989,330,2,91,6,512,0,60
990,330,2,92,7,519,0,70
991,330,2,93,6,525,0,60
992,330,2,94,6,531,0,60
993,330,2,95,3,534,0,30
994,330,2,96,6,540,0,60
995,330,2,97,6,546,0,60
996,330,2,98,4,550,0,40
997,330,2,99,3,553,0,30
998,330,2,100,3,556,0,30
999,330,2,101,2,558,0,20
1000,330,2,102,6,564,0,60
1001,330,2,103,8,572,0,80
1002,330,2,104,2,574,0,20
1003,330,2,105,2,576,0,20
1004,330,2,106,9,585,0,90
1005,330,2,107,9,594,0,90
1006,330,2,108,7,601,0,70
1007,330,2,109,3,604,2976,30
1008,330,2,110,9,613,0,90
1009,330,2,111,7,620,0,70
1010,330,2,112,2,622,0,20
1011,330,2,113,7,629,0,70
1012,330,2,114,9,638,0,90
1013,330,2,115,5,643,0,50
1014,330,2,116,5,648,0,50
1015,330,2,117,8,656,0,80
1016,330,2,118,8,664,0,80
1017,330,2,119,3,667,0,30
1018,330,2,120,4,671,0,40
1019,330,2,121,6,677,0,60
1020,330,2,122,7,684,0,70
1021,330,2,123,9,693,0,90
1022,330,2,124,7,700,0,70
1023,330,2,125,9,709,1052,90
1024,330,2,126,8,717,82,80
1025,330,2,127,2,719,24,20
1026,330,2,128,5,724,0,50
1027,330,2,129,8,732,127,80
1028,330,2,130,4,736,32,40
1029,330,2,131,5,741,0,50
1030,330,2,132,3,744,0,30
1031,330,2,133,9,753,164,90
1032,330,2,134,5,758,0,50
1033,330,2,135,6,764,0,60
1034,330,2,136,4,768,0,40
1035,330,2,137,3,771,0,30
1036,330,2,138,6,777,0,60
1037,330,2,139,3,780,0,30
1038,330,2,140,2,782,0,20
1039,330,2,141,8,790,0,80
1040,330,2,142,2,792,0,20
1041,330,2,143,3,795,0,30
1042,330,2,144,9,804,495,90
1043,330,2,145,5,809,39,50
1044,330,2,146,4,813,0,40
1045,330,2,147,6,819,0,60
1046,330,2,148,4,823,0,40
1047,330,2,149,7,830,0,70
1048,330,2,150,2,832,0,20
1049,330,2,151,7,839,0,70
1050,330,2,152,5,844,0,50
1051,330,2,153,5,849,0,50
1052,330,2,154,3,852,0,30
1053,330,2,155,7,859,0,70
1054,330,2,156,7,866,0,70
1055,330,2,157,3,869,0,30
1056,330,2,158,4,873,0,40
1057,330,2,159,4,877,0,40
1058,330,2,160,3,880,0,30
1059,330,2,161,5,885,0,50
1060,330,2,162,5,890,790,50
1061,330,2,163,8,898,0,80
1062,330,2,164,9,907,0,90
1063,330,2,165,4,911,0,40
1064,330,2,166,8,919,0,80
1065,330,2,167,8,927,0,80
1066,330,2,168,3,930,0,30
1067,330,2,169,5,935,0,50
1068,330,2,170,2,937,0,20
1069,330,2,171,5,942,0,50
1070,330,2,172,2,944,0,20
1071,330,2,173,5,949,0,50
1072,330,2,174,9,958,0,90
1073,330,2,175,4,962,0,40
1074,330,2,176,2,964,0,20
1075,330,2,177,4,968,0,40
1076,330,2,178,6,974,0,60
1077,330,2,179,6,980,0,60
1078,330,2,180,4,984,0,40
1079,330,2,181,2,986,978,20
1080,330,2,182,2,988,0,20
1081,330,2,183,2,990,0,20
1082,330,2,184,7,997,0,70
1083,330,2,185,6,1003,0,60
1084,330,2,186,3,1006,0,30
1085,330,2,187,7,1013,0,70
1086,330,2,188,5,1018,0,50
1087,330,2,189,3,1021,0,30
1088,330,2,190,9,1030,0,90
1089,330,2,191,2,1032,0,20
1090,330,2,192,9,1041,0,90
1091,330,2,193,4,1045,0,40
1092,330,2,194,8,1053,0,80
1093,330,2,195,8,1061,0,80
1094,330,2,196,5,1066,0,50
1095,330,2,197,6,1072,0,60
1096,330,2,198,4,1076,0,40
1097,330,2,199,3,1079,0,30
1098,330,2,200,5,1084,0,50
1099,330,2,201,2,1086,0,20
1100,330,2,202,2,1088,0,20
1101,330,2,203,7,1095,1049,70
1102,330,2,204,9,1104,0,90
1103,330,2,205,8,1112,0,80
1104,330,2,206,5,1117,0,50
1105,330,2,207,6,1123,0,60
1106,330,2,208,2,1125,0,20
1107,330,2,209,8,1133,0,80
1108,330,2,210,8,1141,0,80
1109,330,2,211,4,1145,0,40
1110,330,2,212,8,1153,0,80
1111,330,2,213,2,1155,0,20
1112,330,2,214,6,1161,0,60
1113,330,2,215,6,1167,0,60
1114,330,2,216,4,1171,0,40
1115,330,2,217,6,1177,0,60
1116,330,2,218,7,1184,0,70
1117,330,2,219,4,1188,0,40
1118,330,2,220,7,1195,1000,70
1119,330,2,221,9,1204,0,90
1120,330,2,222,3,1207,0,30
1121,330,2,223,6,1213,0,60
1122,330,2,224,2,1215,0,20
1123,330,2,225,9,1224,300,90
1124,330,2,226,7,1231,0,70
1125,330,2,227,6,1237,0,60
1126,330,2,228,8,1245,0,80
1127,330,2,229,9,1254,0,90
1128,330,2,230,9,1263,0,90
1129,330,2,231,3,1266,0,30
1130,330,2,232,2,1268,0,20
1131,330,2,233,4,1272,0,40
1132,330,2,234,3,1275,0,30
1133,330,2,235,7,1282,0,70
1134,330,2,236,6,1288,0,60
1135,330,2,237,4,1292,0,40
1136,330,2,238,2,1294,0,20
1137,330,2,239,7,1301,0,70
1138,330,2,240,6,1307,0,60
1139,330,2,241,5,1312,0,50
1140,330,2,242,5,1317,0,50
1141,330,2,243,4,1321,940,40
1142,330,2,244,5,1326,49,50
1143,330,2,245,2,1328,0,20
1144,330,2,246,5,1333,63,50
1145,330,2,247,3,1336,0,30
1146,330,2,248,3,1339,0,30
1147,330,2,249,6,1345,0,60
1148,330,2,250,6,1351,0,60
1149,330,2,251,3,1354,196,30
1150,330,2,252,7,1361,0,70
1151,330,2,253,2,1363,0,20
1152,330,2,254,5,1368,0,50
1153,330,2,255,8,1376,0,80
1154,330,2,256,8,1384,0,80
1155,330,2,257,8,1392,0,80
1156,330,2,258,6,1398,0,60
1157,330,2,259,4,1402,0,40
1158,330,2,260,7,1409,550,70
1159,330,2,261,5,1414,0,50
1160,330,2,262,4,1418,0,40
1161,330,2,263,7,1425,0,70
1162,330,2,264,2,1427,0,20
1163,330,2,265,9,1436,0,90
1164,330,2,266,3,1439,0,30
1165,330,2,267,4,1443,0,40
1166,330,2,268,3,1446,0,30
1167,330,2,269,6,1452,0,60
1168,330,2,270,2,1454,0,20
1169,330,2,271,9,1463,0,90
1170,330,2,272,3,1466,0,30
1171,330,2,273,3,1469,0,30
1172,330,2,274,5,1474,0,50
1173,330,2,275,5,1479,0,50
1174,330,2,276,9,1488,0,90
1175,330,2,277,5,1493,791,50
1176,330,2,278,3,1496,0,30
1177,330,2,279,4,1500,0,40
1178,330,2,280,7,1507,0,70
1179,330,2,281,5,1512,0,50
1180,330,2,282,9,1521,0,90
1181,330,2,283,7,1528,0,70
1182,330,2,284,7,1535,0,70
1183,330,2,285,5,1540,0,50
1184,330,2,286,7,1547,0,70
1185,330,2,287,4,1551,0,40
1186,330,2,288,7,1558,0,70
1187,330,2,289,3,1561,0,30
1188,330,2,290,9,1570,0,90
1189,330,2,291,5,1575,0,50
1190,330,2,292,7,1582,0,70
1191,330,2,293,3,1585,914,30
1192,330,2,294,3,1588,0,30
1193,330,2,295,4,1592,0,40
1194,330,2,296,5,1597,112,50
1195,330,2,297,5,1602,0,50
1196,330,2,298,5,1607,0,50
1197,330,2,299,7,1614,0,70
1198,330,2,300,3,1617,0,30
1199,330,2,301,8,1625,0,80
1200,330,2,302,2,1627,0,20
1201,330,2,303,9,1636,0,90
1202,330,2,304,9,1645,0,90
1203,330,2,305,2,1647,0,20
1204,330,2,306,9,1656,0,90
1205,330,2,307,2,1658,0,20
1206,330,2,308,6,1664,0,60
1207,330,2,309,6,1670,0,60
1208,330,2,310,8,1678,0,80
1209,330,2,311,5,1683,0,50
1210,330,2,312,9,1692,0,90
1211,330,2,313,2,1694,0,20
1212,330,2,314,3,1697,0,30
1213,330,2,315,4,1701,0,40
1214,330,2,316,2,1703,0,20
1215,330,2,317,7,1710,0,70
1216,330,2,318,4,1714,0,40
1217,330,2,319,7,1721,0,70
1218,330,2,320,7,1728,0,70
1219,330,2,321,4,1732,0,40
1220,330,2,322,7,1739,0,70
1221,330,2,323,5,1744,0,50
1222,330,2,324,6,1750,0,60
1223,330,2,325,8,1758,0,80
1224,330,2,326,6,1764,0,60
1225,330,2,327,6,1770,0,60
1226,330,2,328,5,1775,0,50
1227,330,2,329,4,1779,0,40
1228,330,2,330,6,1785,0,60
1229,330,2,331,6,1791,0,60
1230,330,2,332,4,1795,0,40
1231,330,2,333,6,1801,0,60
1232,330,2,334,4,1805,0,40
1233,330,2,335,2,1807,0,20
1234,330,2,336,3,1810,2101,30
1235,330,2,337,7,1817,0,70
1236,330,2,338,6,1823,0,60
1237,330,2,339,4,1827,0,40
1238,330,2,340,6,1833,0,60
1239,330,2,341,3,1836,0,30
1240,330,2,342,7,1843,0,70
1241,330,2,343,4,1847,0,40
1242,330,2,344,6,1853,0,60
1243,330,2,345,9,1862,0,90
1244,330,2,346,7,1869,0,70
1245,330,2,347,6,1875,0,60
1246,330,2,348,4,1879,0,40
1247,330,2,349,2,1881,0,20
1248,330,2,350,4,1885,739,40
1249,330,2,351,3,1888,0,30
1250,330,2,352,7,1895,0,70
1251,330,2,353,5,1900,0,50
1252,330,2,354,5,1905,0,50
1253,330,2,355,2,1907,0,20
1254,330,2,356,2,1909,0,20
1255,330,2,357,3,1912,0,30
1256,330,2,358,8,1920,0,80
1257,330,2,359,6,1926,422,60
1258,330,2,360,6,1932,0,60
1259,330,2,361,2,1934,0,20
1260,330,2,362,7,1941,172,70
1261,330,2,363,2,1943,0,20
1262,330,2,364,6,1949,0,60
1263,330,2,365,6,1955,149,60
1264,330,2,366,6,1961,0,60
1265,330,2,367,7,1968,0,70
1266,330,2,368,3,1971,133,30
1267,330,2,369,3,1974,0,30
1268,330,2,370,6,1980,0,60
1269,330,2,371,9,1989,0,90
1270,330,2,372,7,1996,0,70
1271,330,2,373,5,2001,0,50
1272,330,2,374,2,2003,0,20
1273,330,2,375,5,2008,0,50
1274,330,2,376,3,2011,0,30
1275,330,2,377,5,2016,465,50
1276,330,2,378,3,2019,0,30
1277,330,2,379,8,2027,0,80
1278,330,2,380,7,2034,0,70
1279,330,2,381,9,2043,0,90
1280,330,2,382,3,2046,0,30
1281,330,2,383,4,2050,0,40
1282,330,2,384,3,2053,0,30
1283,330,2,385,7,2060,422,70
1284,330,2,386,3,2063,0,30
1285,330,2,387,8,2071,0,80
1286,330,2,388,3,2074,0,30
1287,330,2,389,7,2081,0,70
1288,330,2,390,6,2087,0,60
1289,330,2,391,5,2092,0,50
1290,330,2,392,6,2098,0,60
1291,330,2,393,2,2100,396,20
1292,330,2,394,4,2104,0,40
1293,330,2,395,8,2112,0,80
1294,330,2,396,4,2116,128,40
1295,330,2,397,2,2118,22,20
1296,330,2,398,3,2121,31,30
1297,330,2,399,9,2130,0,90
1298,330,2,400,8,2138,160,80
1299,330,2,401,9,2147,0,90
1300,330,2,402,3,2150,128,30
1301,330,2,403,8,2158,0,80
1302,330,2,404,6,2164,0,60
1303,330,2,405,6,2170,0,60
1304,330,2,406,8,2178,0,80
1305,330,2,407,4,2182,0,40
1306,330,2,408,8,2190,0,80
1307,330,2,409,5,2195,0,50
1308,330,2,410,3,2198,0,30
1309,330,2,411,3,2201,0,30
1310,330,2,412,4,2205,0,40
1311,330,2,413,9,2214,0,90
1312,330,2,414,8,2222,0,80
1313,330,2,415,6,2228,0,60
1314,330,2,416,2,2230,0,20
1315,330,2,417,8,2238,0,80
1316,330,2,418,7,2245,0,70
1317,330,2,419,5,2250,0,50
1318,330,2,420,3,2253,0,30
1319,330,2,421,8,2261,0,80
1320,330,2,422,2,2263,0,20
1321,330,2,423,2,2265,0,20
1322,330,2,424,8,2273,0,80
1323,330,2,425,4,2277,0,40
1324,330,2,426,6,2283,0,60
1325,330,2,427,6,2289,0,60
1326,330,2,428,3,2292,0,30
1327,330,2,429,3,2295,0,30
1328,330,2,430,9,2304,0,90
1329,330,2,431,5,2309,0,50
1330,330,2,432,4,2313,0,40
1331,330,2,433,2,2315,0,20
1332,330,2,434,8,2323,0,80
1333,330,2,435,3,2326,0,30
1334,330,2,436,4,2330,0,40
1335,330,2,437,5,2335,0,50
1336,330,2,438,2,2337,1868,20
1337,330,2,439,6,2343,57,60
1338,330,2,440,5,2348,0,50
1339,330,2,441,3,2351,0,30
1340,330,2,442,3,2354,97,30
1341,330,2,443,3,2357,31,30
1342,330,2,444,4,2361,0,40
1343,330,2,445,3,2364,0,30
1344,330,2,446,6,2370,0,60
1345,330,2,447,3,2373,0,30
1346,330,2,448,7,2380,0,70
1347,330,2,449,8,2388,0,80
1348,330,2,450,7,2395,0,70
1349,330,2,451,7,2402,0,70
1350,330,2,452,5,2407,0,50
1351,330,2,453,7,2414,0,70
1352,330,2,454,6,2420,640,60
1353,330,2,455,5,2425,0,50
1354,330,2,456,5,2430,0,50
1355,330,2,457,6,2436,186,60
1356,330,2,458,5,2441,0,50
1357,330,2,459,4,2445,0,40
1358,330,2,460,5,2450,0,50
1359,330,2,461,4,2454,163,40
1360,330,2,462,7,2461,0,70
1361,330,2,463,7,2468,0,70
1362,330,2,464,7,2475,204,70
1363,330,2,465,4,2479,0,40
1364,330,2,466,9,2488,0,90
1365,330,2,467,6,2494,0,60
1366,330,2,468,9,2503,0,90
1367,330,2,469,5,2508,0,50
1368,330,2,470,8,2516,0,80
1369,330,2,471,9,2525,0,90
1370,330,2,472,7,2532,0,70
1371,330,2,473,7,2539,0,70
1372,330,2,474,9,2548,0,90
1373,330,2,475,2,2550,0,20
1374,330,2,476,6,2556,0,60
1375,330,2,477,9,2565,0,90
1376,330,2,478,4,2569,0,40
1377,330,2,479,8,2577,0,80
1378,330,2,480,7,2584,0,70
1379,330,2,481,8,2592,0,80
1380,330,2,482,2,2594,0,20
1381,330,2,483,8,2602,1255,80
1382,330,2,484,5,2607,0,50
1383,330,2,485,9,2616,0,90
1384,330,2,486,3,2619,0,30
1385,330,2,487,3,2622,0,30
1386,330,2,488,7,2629,0,70
1387,330,2,489,8,2637,0,80
1388,330,2,490,3,2640,0,30
1389,330,2,491,8,2648,0,80
1390,330,2,492,5,2653,0,50
1391,330,2,493,9,2662,0,90
1392,330,2,494,9,2671,689,90
1393,330,2,495,7,2678,0,70
1394,330,2,496,3,2681,0,30
1395,330,2,497,2,2683,0,20
1396,330,2,498,8,2691,0,80
1397,330,2,499,6,2697,0,60
1398,330,2,500,9,2706,0,90
1399,330,2,501,6,2712,404,60
1400,330,2,502,3,2715,0,30
1401,330,2,503,6,2721,0,60
1402,330,2,504,3,2724,0,30
1403,330,2,505,7,2731,0,70
1404,330,2,506,8,2739,0,80
1405,330,2,507,3,2742,0,30
1406,330,2,508,2,2744,0,20
1407,330,2,509,6,2750,0,60
1408,330,2,510,9,2759,493,90
1409,330,2,511,4,2763,0,40
1410,330,2,512,8,2771,0,80
1411,330,2,513,7,2778,0,70
1412,330,2,514,3,2781,0,30
1413,330,2,515,2,2783,0,20
1414,330,2,516,8,2791,0,80
1415,330,2,517,7,2798,0,70
1416,330,2,518,6,2804,0,60
1417,330,2,519,2,2806,475,20
1418,330,2,520,9,2815,0,90
1419,330,2,521,6,2821,0,60
1420,330,2,522,4,2825,182,40
1421,330,2,523,8,2833,0,80
1422,330,2,524,9,2842,0,90
1423,330,2,525,9,2851,0,90
1424,330,2,526,4,2855,332,40
1425,330,2,527,7,2862,0,70
1426,330,2,528,7,2869,147,70
1427,330,2,529,7,2876,76,70
1428,330,2,530,7,2883,0,70
1429,330,2,531,6,2889,0,60
1430,330,2,532,6,2895,0,60
1431,330,2,533,2,2897,0,20
1432,330,2,534,5,2902,0,50
1433,330,2,535,6,2908,290,60
1434,330,2,536,7,2915,0,70
1435,330,2,537,9,2924,165,90
1436,330,2,538,2,2926,0,20
1437,330,2,539,5,2931,0,50
1438,330,2,540,3,2934,0,30
1439,330,2,541,3,2937,0,30
1440,330,2,542,5,2942,0,50
1441,330,2,543,4,2946,0,40
1442,330,2,544,4,2950,0,40
1443,330,2,545,7,2957,0,70
1444,330,2,546,5,2962,0,50
1445,330,2,547,9,2971,0,90
1446,330,2,548,6,2977,566,60
1447,330,2,549,7,2984,0,70
1448,330,2,550,6,2990,0,60
1449,330,2,551,9,2999,0,90
1450,330,2,552,8,3007,0,80
1451,330,2,553,7,3014,0,70
1452,330,2,554,2,3016,0,20
1453,330,2,555,7,3023,0,70
1454,330,2,556,4,3027,0,40
1455,330,2,557,8,3035,0,80
1456,330,2,558,8,3043,0,80
1457,330,2,559,7,3050,714,70
1458,330,2,560,8,3058,0,80
1459,330,2,561,5,3063,0,50
1460,330,2,562,7,3070,0,70
1461,330,2,563,7,3077,0,70
1462,330,2,564,5,3082,0,50
1463,330,2,565,2,3084,401,20
1464,330,2,566,8,3092,0,80
1465,330,2,567,3,3095,0,30
1466,330,2,568,7,3102,0,70
1467,330,2,569,8,3110,0,80
1468,330,2,570,5,3115,0,50
1469,330,2,571,8,3123,405,80
1470,330,2,572,7,3130,0,70
1471,330,2,573,9,3139,0,90
1472,330,2,574,4,3143,0,40
1473,330,2,575,3,3146,0,30
1474,330,2,576,4,3150,0,40
1475,330,2,577,2,3152,0,20
1476,330,2,578,7,3159,0,70
1477,330,2,579,4,3163,386,40
1478,330,2,580,4,3167,0,40
1479,330,2,581,6,3173,0,60
1480,330,2,582,5,3178,147,50
1481,330,2,583,9,3187,0,90
1482,330,2,584,9,3196,180,90
1483,330,2,585,8,3204,0,80
1484,330,2,586,6,3210,0,60
1485,330,2,587,6,3216,0,60
1486,330,2,588,4,3220,0,40
1487,330,2,589,9,3229,0,90
1488,330,2,590,3,3232,0,30
1489,330,2,591,2,3234,0,20
1490,330,2,592,5,3239,0,50
1491,330,2,593,8,3247,548,80
1492,330,2,594,2,3249,0,20
1493,330,2,595,7,3256,0,70
1494,330,2,596,9,3265,0,90
1495,330,2,597,4,3269,0,40
1496,330,2,598,2,3271,0,20
1497,330,2,599,3,3274,0,30
1498,330,2,600,5,3279,0,50
1499,330,2,601,4,3283,360,40
1500,330,2,602,8,3291,0,80
1501,330,2,603,9,3300,0,90
1502,330,2,604,2,3302,0,20
1503,330,2,605,4,3306,237,40
1504,330,2,606,4,3310,0,40
1505,330,2,607,7,3317,0,70
1506,330,2,608,8,3325,0,80
1507,330,2,609,7,3332,245,70
1508,330,2,610,7,3339,0,70
1509,330,2,611,5,3344,0,50
1510,330,2,612,2,3346,0,20
1511,330,2,613,2,3348,0,20
1512,330,2,614,9,3357,0,90
1513,330,2,615,8,3365,0,80
1514,330,2,616,5,3370,0,50
1515,330,2,617,7,3377,0,70
1516,330,2,618,9,3386,0,90
1517,330,2,619,7,3393,0,70
1518,330,2,620,5,3398,0,50
1519,330,2,621,8,3406,0,80
1520,330,2,622,5,3411,0,50
1521,330,2,623,8,3419,874,80
1522,330,2,624,6,3425,0,60
1523,330,2,625,8,3433,0,80
1524,330,2,626,9,3442,0,90
1525,330,2,627,7,3449,0,70
1526,330,2,628,5,3454,0,50
1527,330,2,629,5,3459,0,50
1528,330,2,630,8,3467,0,80
1529,330,2,631,7,3474,565,70
1530,330,2,632,9,3483,0,90
1531,330,2,633,5,3488,0,50
1532,330,2,634,2,3490,0,20
1533,330,2,635,3,3493,0,30
1534,330,2,636,9,3502,0,90
1535,330,2,637,8,3510,0,80
1536,330,2,638,5,3515,0,50
1537,330,2,639,9,3524,0,90
1538,330,2,640,6,3530,0,60
1539,330,2,641,6,3536,0,60
1540,330,2,642,4,3540,0,40
1541,330,2,643,6,3546,0,60
1542,330,2,644,4,3550,0,40
1543,330,2,645,2,3552,0,20
1544,330,2,646,6,3558,0,60
1545,330,2,647,2,3560,0,20
1546,330,2,648,9,3569,0,90
1547,330,2,649,9,3578,0,90
1548,330,2,650,3,3581,0,30
1549,330,2,651,6,3587,1109,60
1550,330,2,652,6,3593,0,60
1551,330,2,653,2,3595,0,20
1552,330,2,654,3,3598,0,30
1553,330,2,655,7,3605,170,70
1554,330,2,656,2,3607,0,20
1555,330,2,657,4,3611,0,40
1556,330,2,658,3,3614,0,30
1557,330,2,659,8,3622,0,80
1558,330,2,660,6,3628,0,60
1559,330,2,661,8,3636,0,80
1560,330,2,662,8,3644,0,80
1561,330,2,663,5,3649,0,50
1562,330,2,664,9,3658,0,90
1563,330,2,665,3,3661,0,30
1564,330,2,666,7,3668,0,70
1565,330,2,667,8,3676,0,80
1566,330,2,668,5,3681,0,50
1567,330,2,669,9,3690,0,90
1568,330,2,670,2,3692,0,20
1569,330,2,671,8,3700,0,80
1570,330,2,672,5,3705,0,50
1571,330,2,673,7,3712,0,70
1572,330,2,674,4,3716,0,40
1573,330,2,675,9,3725,0,90
1574,330,2,676,9,3734,0,90
1575,330,2,677,5,3739,0,50
1576,330,2,678,6,3745,0,60
1577,330,2,679,3,3748,0,30
1578,330,2,680,8,3756,0,80
1579,330,2,681,2,3758,0,20
1580,330,2,682,4,3762,0,40
1581,330,2,683,6,3768,0,60
1582,330,2,684,7,3775,0,70
1583,330,2,685,8,3783,0,80
1584,330,2,686,4,3787,0,40
1585,330,2,687,2,3789,0,20
1586,330,2,688,9,3798,0,90
1587,330,2,689,6,3804,0,60
1588,330,2,690,7,3811,0,70
1589,330,2,691,8,3819,0,80
1590,330,2,692,8,3827,0,80
1591,330,2,693,7,3834,0,70
1592,330,2,694,5,3839,0,50
1593,330,2,695,6,3845,0,60
1594,330,2,696,6,3851,0,60
1595,330,2,697,5,3856,0,50
1596,330,2,698,6,3862,0,60
1597,330,2,699,5,3867,0,50
1598,330,2,700,9,3876,0,90
1599,330,2,701,7,3883,0,70
1600,330,2,702,9,3892,0,90
1601,330,2,703,4,3896,2960,40
1602,330,2,704,9,3905,0,90
1603,330,2,705,3,3908,0,30
1604,330,2,706,4,3912,0,40
1605,330,2,707,9,3921,0,90
1606,330,2,708,7,3928,0,70
1607,330,2,709,2,3930,0,20
1608,330,2,710,3,3933,0,30
1609,330,2,711,4,3937,0,40
1610,330,2,712,9,3946,0,90
1611,330,2,713,5,3951,546,50
1612,330,2,714,8,3959,85,80
1613,330,2,715,6,3965,0,60
1614,330,2,716,9,3974,0,90
1615,330,2,717,3,3977,0,30
1616,330,2,718,5,3982,0,50
1617,330,2,719,4,3986,0,40
1618,330,2,720,8,3994,0,80
1619,330,2,721,8,4002,0,80
1620,330,2,722,6,4008,0,60
1621,330,2,723,3,4011,0,30
1622,330,2,724,9,4020,0,90
1623,330,2,725,7,4027,0,70
1624,330,2,726,5,4032,768,50
1625,330,2,727,4,4036,0,40
1626,330,2,728,4,4040,0,40
1627,330,2,729,2,4042,0,20
1628,330,2,730,4,4046,0,40
1629,330,2,731,6,4052,0,60
1630,330,2,732,3,4055,0,30
1631,330,2,733,7,4062,0,70
1632,330,2,734,6,4068,371,60
1633,330,2,735,5,4073,0,50
1634,330,2,736,7,4080,0,70
1635,330,2,737,2,4082,0,20
1636,330,2,738,2,4084,0,20
1637,330,2,739,5,4089,0,50
1638,330,2,740,7,4096,0,70
1639,330,2,741,6,4102,341,60
1640,330,2,742,5,4107,0,50
1641,330,2,743,9,4116,0,90
1642,330,2,744,6,4122,0,60
1643,330,2,745,3,4125,0,30
1644,330,2,746,4,4129,0,40
1645,330,2,747,6,4135,0,60
1646,330,2,748,6,4141,0,60
1647,330,2,749,5,4146,0,50
1648,330,2,750,4,4150,0,40
1649,330,2,751,7,4157,0,70
1650,330,2,752,2,4159,0,20
1651,330,2,753,7,4166,0,70
1652,330,2,754,8,4174,0,80
1653,330,2,755,9,4183,0,90
1654,330,2,756,5,4188,0,50
1655,330,2,757,7,4195,0,70
1656,330,2,758,5,4200,0,50
1657,330,2,759,8,4208,0,80
1658,330,2,760,7,4215,0,70
1659,330,2,761,4,4219,0,40
1660,330,2,762,6,4225,0,60
1661,330,2,763,5,4230,0,50
1662,330,2,764,7,4237,0,70
1663,330,2,765,8,4245,1456,80
1664,330,2,766,4,4249,0,40
1665,330,2,767,7,4256,123,70
1666,330,2,768,4,4260,0,40
1667,330,2,769,6,4266,0,60
1668,330,2,770,9,4275,0,90
1669,330,2,771,2,4277,0,20
1670,330,2,772,2,4279,0,20
1671,330,2,773,5,4284,0,50
1672,330,2,774,5,4289,0,50
1673,330,2,775,7,4296,0,70
1674,330,2,776,6,4302,0,60
1675,330,2,777,5,4307,0,50
1676,330,2,778,4,4311,0,40
1677,330,2,779,9,4320,0,90
1678,330,2,780,8,4328,0,80
1679,330,2,781,4,4332,0,40
1680,330,2,782,7,4339,0,70
1681,330,2,783,6,4345,0,60
1682,330,2,784,5,4350,914,50
1683,330,2,785,6,4356,0,60
1684,330,2,786,6,4362,0,60
1685,330,2,787,5,4367,0,50
1686,330,2,788,4,4371,0,40
1687,330,2,789,2,4373,0,20
1688,330,2,790,3,4376,0,30
1689,330,2,791,7,4383,0,70
1690,330,2,792,3,4386,0,30
1691,330,2,793,6,4392,0,60
1692,330,2,794,2,4394,0,20
1693,330,2,795,7,4401,0,70
1694,330,2,796,9,4410,0,90
1695,330,2,797,4,4414,0,40
1696,330,2,798,2,4416,0,20
1697,330,2,799,3,4419,0,30
1698,330,2,800,2,4421,0,20
1699,330,2,801,4,4425,0,40
1700,330,2,802,9,4434,0,90
1701,330,2,803,8,4442,0,80
1702,330,2,804,8,4450,0,80
1703,330,2,805,8,4458,0,80
1704,330,2,806,8,4466,0,80
1705,330,2,807,9,4475,0,90
1706,330,2,808,4,4479,0,40
1707,330,2,809,7,4486,0,70
1708,330,2,810,7,4493,1371,70
1709,330,2,811,3,4496,0,30
1710,330,2,812,2,4498,0,20
1711,330,2,813,4,4502,100,40
1712,330,2,814,8,4510,0,80
1713,330,2,815,6,4516,0,60
1714,330,2,816,3,4519,0,30
1715,330,2,817,9,4528,0,90
1716,330,2,818,9,4537,0,90
1717,330,2,819,2,4539,362,20
1718,330,2,820,3,4542,0,30
1719,330,2,821,7,4549,117,70
1720,330,2,822,3,4552,0,30
1721,330,2,823,2,4554,0,20
1722,330,2,824,5,4559,0,50
1723,330,2,825,5,4564,0,50
1724,330,2,826,8,4572,0,80
1725,330,2,827,4,4576,0,40
1726,330,2,828,5,4581,0,50
1727,330,2,829,5,4586,0,50
1728,330,2,830,5,4591,0,50
1729,330,2,831,9,4600,0,90
1730,330,2,832,6,4606,617,60
1731,330,2,833,7,4613,72,70
1732,330,2,834,2,4615,0,20
1733,330,2,835,8,4623,0,80
1734,330,2,836,8,4631,0,80
1735,330,2,837,3,4634,0,30
1736,330,2,838,4,4638,0,40
1737,330,2,839,8,4646,0,80
1738,330,2,840,5,4651,0,50
1739,330,2,841,5,4656,0,50
1740,330,2,842,7,4663,0,70
1741,330,2,843,7,4670,0,70
1742,330,2,844,5,4675,0,50
1743,330,2,845,3,4678,0,30
1744,330,2,846,5,4683,698,50
1745,330,2,847,3,4686,0,30
1746,330,2,848,4,4690,76,40
1747,330,2,849,6,4696,0,60
1748,330,2,850,2,4698,0,20
1749,330,2,851,4,4702,0,40
1750,330,2,852,6,4708,0,60
1751,330,2,853,5,4713,0,50
1752,330,2,854,3,4716,0,30
1753,330,2,855,7,4723,0,70
1754,330,2,856,9,4732,0,90
1755,330,2,857,5,4737,0,50
1756,330,2,858,8,4745,0,80
1757,330,2,859,3,4748,0,30
1758,330,2,860,9,4757,0,90
1759,330,2,861,6,4763,0,60
1760,330,2,862,5,4768,0,50
1761,330,2,863,3,4771,0,30
1762,330,2,864,7,4778,0,70
1763,330,2,865,4,4782,0,40
1764,330,2,866,7,4789,0,70
1765,330,2,867,7,4796,0,70
1766,330,2,868,2,4798,0,20
1767,330,2,869,9,4807,0,90
1768,330,2,870,3,4810,0,30
1769,330,2,871,5,4815,0,50
1770,330,2,872,3,4818,0,30
1771,330,2,873,6,4824,0,60
1772,330,2,874,4,4828,0,40
1773,330,2,875,2,4830,0,20
1774,330,2,876,8,4838,0,80
1775,330,2,877,6,4844,0,60
1776,330,2,878,7,4851,0,70
1777,330,2,879,8,4859,0,80
1778,330,2,880,9,4868,0,90
1779,330,2,881,3,4871,0,30
1780,330,2,882,5,4876,0,50
1781,330,2,883,5,4881,0,50
1782,330,2,884,8,4889,0,80
1783,330,2,885,4,4893,0,40
1784,330,2,886,2,4895,0,20
1785,330,2,887,9,4904,0,90
1786,330,2,888,9,4913,0,90
1787,330,2,889,8,4921,2279,80
1788,330,2,890,3,4924,0,30
1789,330,2,891,3,4927,0,30
1790,330,2,892,9,4936,0,90
1791,330,2,893,5,4941,0,50
1792,330,2,894,5,4946,0,50
1793,330,2,895,9,4955,340,90
1794,330,2,896,9,4964,0,90
1795,330,2,897,5,4969,0,50
1796,330,2,898,6,4975,0,60
1797,330,2,899,6,4981,0,60
1798,330,2,900,9,4990,0,90
1799,330,2,901,8,4998,0,80
1800,330,3,1,3,3,0,30
1801,330,3,2,4,7,79,40
1802,330,3,3,2,9,0,20
1803,330,3,4,6,15,0,60
1804,330,3,5,4,19,0,40
1805,330,3,6,8,27,0,80
1806,330,3,7,2,29,0,20
1807,330,3,8,8,37,0,80
1808,330,3,9,7,44,0,70
1809,330,3,10,4,48,0,40
1810,330,3,11,5,53,0,50
1811,330,3,12,3,56,0,30
1812,330,3,13,2,58,0,20
1813,330,3,14,4,62,0,40
1814,330,3,15,5,67,0,50
1815,330,3,16,7,74,0,70
1816,330,3,17,2,76,0,20
1817,330,3,18,3,79,0,30
1818,330,3,19,9,88,0,90
1819,330,3,20,6,94,0,60
1820,330,3,21,7,101,0,70
1821,330,3,22,5,106,0,50
1822,330,3,23,9,115,0,90
1823,330,3,24,7,122,0,70
1824,330,3,25,8,130,0,80
1825,330,3,26,5,135,0,50
1826,330,3,27,8,143,0,80
1827,330,3,28,5,148,0,50
1828,330,3,29,5,153,0,50
1829,330,3,30,4,157,0,40
1830,330,3,31,3,160,0,30
1831,330,3,32,9,169,0,90
1832,330,3,33,2,171,0,20
1833,330,3,34,4,175,0,40
1834,330,3,35,5,180,0,50
1835,330,3,36,9,189,0,90
1836,330,3,37,8,197,0,80
1837,330,3,38,6,203,0,60
1838,330,3,39,8,211,0,80
1839,330,3,40,4,215,0,40
1840,330,3,41,9,224,0,90
1841,330,3,42,5,229,0,50
1842,330,3,43,4,233,0,40
1843,330,3,44,3,236,0,30
1844,330,3,45,4,240,0,40
1845,330,3,46,9,249,0,90
1846,330,3,47,6,255,0,60
1847,330,3,48,2,257,0,20
1848,330,3,49,3,260,0,30
1849,330,3,50,3,263,0,30
1850,330,3,51,4,267,0,40
1851,330,3,52,6,273,0,60
1852,330,3,53,6,279,0,60
1853,330,3,54,2,281,0,20
1854,330,3,55,3,284,2756,30
1855,330,3,56,8,292,70,80
1856,330,3,57,9,301,0,90
1857,330,3,58,6,307,0,60
1858,330,3,59,7,314,0,70
1859,330,3,60,5,319,0,50
1860,330,3,61,2,321,0,20
1861,330,3,62,7,328,0,70
1862,330,3,63,5,333,0,50
1863,330,3,64,3,336,0,30
1864,330,3,65,8,344,0,80
1865,330,3,66,3,347,0,30
1866,330,3,67,9,356,0,90
1867,330,3,68,5,361,0,50
1868,330,3,69,7,368,0,70
1869,330,3,70,2,370,0,20
1870,330,3,71,8,378,0,80
1871,330,3,72,4,382,0,40
1872,330,3,73,9,391,0,90
1873,330,3,74,2,393,0,20
1874,330,3,75,4,397,0,40
1875,330,3,76,2,399,0,20
1876,330,3,77,9,408,1134,90
1877,330,3,78,9,417,0,90
1878,330,3,79,6,423,147,60
1879,330,3,80,5,428,41,50
1880,330,3,81,3,431,0,30
1881,330,3,82,6,437,0,60
1882,330,3,83,2,439,0,20
1883,330,3,84,7,446,0,70
1884,330,3,85,6,452,0,60
1885,330,3,86,3,455,0,30
1886,330,3,87,9,464,0,90
1887,330,3,88,7,471,0,70
1888,330,3,89,3,474,0,30
1889,330,3,90,4,478,0,40
1890,330,3,91,9,487,0,90
1891,330,3,92,3,490,0,30
1892,330,3,93,5,495,0,50
1893,330,3,94,7,502,0,70
1894,330,3,95,9,511,0,90
1895,330,3,96,6,517,0,60
1896,330,3,97,9,526,0,90
1897,330,3,98,5,531,0,50
1898,330,3,99,2,533,0,20
1899,330,3,100,3,536,0,30
1900,330,3,101,8,544,0,80
1901,330,3,102,7,551,0,70
1902,330,3,103,9,560,0,90
1903,330,3,104,4,564,1297,40
1904,330,3,105,5,569,0,50
1905,330,3,106,4,573,89,40
1906,330,3,107,7,580,0,70
1907,330,3,108,5,585,0,50
1908,330,3,109,8,593,0,80
1909,330,3,110,5,598,0,50
1910,330,3,111,3,601,0,30
1911,330,3,112,6,607,0,60
1912,330,3,113,6,613,0,60
1913,330,3,114,7,620,0,70
1914,330,3,115,5,625,0,50
1915,330,3,116,2,627,0,20
1916,330,3,117,4,631,0,40
1917,330,3,118,9,640,0,90
1918,330,3,119,6,646,0,60
1919,330,3,120,2,648,742,20
1920,330,3,121,3,651,0,30
1921,330,3,122,7,658,0,70
1922,330,3,123,9,667,0,90
1923,330,3,124,8,675,0,80
1924,330,3,125,9,684,0,90
1925,330,3,126,2,686,0,20
1926,330,3,127,7,693,0,70
1927,330,3,128,2,695,0,20
1928,330,3,129,2,697,0,20
1929,330,3,130,2,699,485,20
1930,330,3,131,5,704,0,50
1931,330,3,132,5,709,0,50
1932,330,3,133,7,716,0,70
1933,330,3,134,3,719,0,30
1934,330,3,135,6,725,0,60
1935,330,3,136,6,731,0,60
1936,330,3,137,6,737,0,60
1937,330,3,138,3,740,0,30
1938,330,3,139,3,743,0,30
1939,330,3,140,7,750,0,70
1940,330,3,141,3,753,0,30
1941,330,3,142,3,756,0,30
1942,330,3,143,6,762,0,60
1943,330,3,144,8,770,0,80
1944,330,3,145,6,776,0,60
1945,330,3,146,7,783,0,70
1946,330,3,147,3,786,0,30
1947,330,3,148,3,789,0,30
1948,330,3,149,7,796,0,70
1949,330,3,150,9,805,0,90
1950,330,3,151,6,811,0,60
1951,330,3,152,8,819,0,80
1952,330,3,153,2,821,0,20
1953,330,3,154,7,828,0,70
1954,330,3,155,5,833,0,50
1955,330,3,156,9,842,0,90
1956,330,3,157,6,848,0,60
1957,330,3,158,4,852,0,40
1958,330,3,159,2,854,0,20
1959,330,3,160,2,856,0,20
1960,330,3,161,4,860,0,40
1961,330,3,162,7,867,0,70
1962,330,3,163,4,871,0,40
1963,330,3,164,3,874,1745,30
1964,330,3,165,5,879,0,50
1965,330,3,166,6,885,0,60
1966,330,3,167,7,892,0,70
1967,330,3,168,3,895,0,30
1968,330,3,169,6,901,240,60
1969,330,3,170,8,909,0,80
1970,330,3,171,2,911,101,20
1971,330,3,172,9,920,0,90
1972,330,3,173,5,925,0,50
1973,330,3,174,8,933,0,80
1974,330,3,175,2,935,0,20
1975,330,3,176,2,937,0,20
1976,330,3,177,7,944,345,70
1977,330,3,178,3,947,0,30
1978,330,3,179,6,953,0,60
1979,330,3,180,9,962,0,90
1980,330,3,181,9,971,0,90
1981,330,3,182,9,980,0,90
1982,330,3,183,5,985,0,50
1983,330,3,184,9,994,0,90
1984,330,3,185,8,1002,0,80
1985,330,3,186,4,1006,0,40
1986,330,3,187,2,1008,0,20
1987,330,3,188,3,1011,0,30
1988,330,3,189,6,1017,0,60
1989,330,3,190,6,1023,0,60
1990,330,3,191,9,1032,939,90
1991,330,3,192,5,1037,0,50
1992,330,3,193,4,1041,0,40
1993,330,3,194,6,1047,0,60
1994,330,3,195,4,1051,195,40
1995,330,3,196,3,1054,0,30
1996,330,3,197,7,1061,0,70
1997,330,3,198,8,1069,0,80
1998,330,3,199,8,1077,259,80
1999,330,3,200,9,1086,0,90
2000,330,3,201,2,1088,0,20
2001,330,3,202,2,1090,0,20
2002,330,3,203,6,1096,0,60
2003,330,3,204,2,1098,0,20
2004,330,3,205,9,1107,0,90
2005,330,3,206,2,1109,0,20
2006,330,3,207,2,1111,0,20
2007,330,3,208,2,1113,0,20
2008,330,3,209,6,1119,0,60
2009,330,3,210,3,1122,0,30
2010,330,3,211,8,1130,0,80
2011,330,3,212,2,1132,0,20
2012,330,3,213,4,1136,0,40
2013,330,3,214,3,1139,0,30
2014,330,3,215,2,1141,0,20
2015,330,3,216,2,1143,0,20
2016,330,3,217,3,1146,0,30
2017,330,3,218,9,1155,0,90
2018,330,3,219,2,1157,0,20
2019,330,3,220,4,1161,0,40
2020,330,3,221,3,1164,0,30
2021,330,3,222,3,1167,0,30
2022,330,3,223,2,1169,0,20
2023,330,3,224,9,1178,0,90
2024,330,3,225,9,1187,0,90
2025,330,3,226,5,1192,1156,50
2026,330,3,227,7,1199,0,70
2027,330,3,228,2,1201,0,20
2028,330,3,229,6,1207,0,60
2029,330,3,230,8,1215,0,80
2030,330,3,231,2,1217,236,20
2031,330,3,232,9,1226,0,90
2032,330,3,233,7,1233,0,70
2033,330,3,234,9,1242,251,90
2034,330,3,235,4,1246,0,40
2035,330,3,236,7,1253,0,70
2036,330,3,237,3,1256,0,30
2037,330,3,238,8,1264,0,80
2038,330,3,239,4,1268,0,40
2039,330,3,240,4,1272,0,40
2040,330,3,241,6,1278,0,60
2041,330,3,242,3,1281,0,30
2042,330,3,243,8,1289,0,80
2043,330,3,244,8,1297,0,80
2044,330,3,245,5,1302,0,50
2045,330,3,246,8,1310,0,80
2046,330,3,247,9,1319,0,90
2047,330,3,248,3,1322,0,30
2048,330,3,249,2,1324,0,20
2049,330,3,250,3,1327,0,30
2050,330,3,251,3,1330,0,30
2051,330,3,252,5,1335,0,50
2052,330,3,253,8,1343,0,80
2053,330,3,254,6,1349,0,60
2054,330,3,255,3,1352,0,30
2055,330,3,256,7,1359,0,70
2056,330,3,257,3,1362,0,30
2057,330,3,258,8,1370,0,80
2058,330,3,259,5,1375,0,50
2059,330,3,260,2,1377,0,20
2060,330,3,261,5,1382,0,50
2061,330,3,262,8,1390,0,80
2062,330,3,263,3,1393,0,30
2063,330,3,264,6,1399,1552,60
2064,330,3,265,6,1405,0,60
2065,330,3,266,9,1414,0,90
2066,330,3,267,5,1419,0,50
2067,330,3,268,8,1427,0,80
2068,330,3,269,6,1433,0,60
2069,330,3,270,7,1440,0,70
2070,330,3,271,9,1449,0,90
2071,330,3,272,8,1457,0,80
2072,330,3,273,2,1459,581,20
2073,330,3,274,9,1468,0,90
2074,330,3,275,6,1474,0,60
2075,330,3,276,3,1477,0,30
2076,330,3,277,8,1485,0,80
2077,330,3,278,2,1487,0,20
2078,330,3,279,6,1493,0,60
2079,330,3,280,6,1499,421,60
2080,330,3,281,4,1503,0,40
2081,330,3,282,4,1507,0,40
2082,330,3,283,7,1514,0,70
2083,330,3,284,8,1522,223,80
2084,330,3,285,4,1526,0,40
2085,330,3,286,4,1530,0,40
2086,330,3,287,3,1533,0,30
2087,330,3,288,8,1541,0,80
2088,330,3,289,4,1545,0,40
2089,330,3,290,3,1548,0,30
2090,330,3,291,9,1557,0,90
2091,330,3,292,6,1563,0,60
2092,330,3,293,3,1566,0,30
2093,330,3,294,2,1568,0,20
2094,330,3,295,9,1577,0,90
2095,330,3,296,2,1579,0,20
2096,330,3,297,3,1582,0,30
2097,330,3,298,5,1587,0,50
2098,330,3,299,7,1594,712,70
2099,330,3,300,7,1601,0,70
2100,330,3,301,5,1606,0,50
2101,330,3,302,9,1615,0,90
2102,330,3,303,9,1624,0,90
2103,330,3,304,8,1632,0,80
2104,330,3,305,5,1637,0,50
2105,330,3,306,9,1646,0,90
2106,330,3,307,7,1653,0,70
2107,330,3,308,5,1658,0,50
2108,330,3,309,4,1662,639,40
2109,330,3,310,7,1669,0,70
2110,330,3,311,8,1677,0,80
2111,330,3,312,5,1682,0,50
2112,330,3,313,2,1684,209,20
2113,330,3,314,8,1692,74,80
2114,330,3,315,5,1697,0,50
2115,330,3,316,2,1699,64,20
2116,330,3,317,8,1707,0,80
2117,330,3,318,9,1716,0,90
2118,330,3,319,7,1723,0,70
2119,330,3,320,6,1729,0,60
2120,330,3,321,5,1734,0,50
2121,330,3,322,3,1737,0,30
2122,330,3,323,6,1743,450,60
2123,330,3,324,4,1747,0,40
2124,330,3,325,3,1750,0,30
2125,330,3,326,4,1754,0,40
2126,330,3,327,4,1758,0,40
2127,330,3,328,3,1761,0,30
2128,330,3,329,2,1763,0,20
2129,330,3,330,4,1767,0,40
2130,330,3,331,5,1772,0,50
2131,330,3,332,5,1777,0,50
2132,330,3,333,5,1782,0,50
2133,330,3,334,4,1786,0,40
2134,330,3,335,6,1792,0,60
2135,330,3,336,7,1799,0,70
2136,330,3,337,4,1803,0,40
2137,330,3,338,5,1808,0,50
2138,330,3,339,2,1810,0,20
2139,330,3,340,6,1816,0,60
2140,330,3,341,9,1825,0,90
2141,330,3,342,6,1831,0,60
2142,330,3,343,5,1836,892,50
2143,330,3,344,3,1839,0,30
2144,330,3,345,6,1845,0,60
2145,330,3,346,3,1848,0,30
2146,330,3,347,2,1850,0,20
2147,330,3,348,7,1857,0,70
2148,330,3,349,3,1860,0,30
2149,330,3,350,2,1862,0,20
2150,330,3,351,3,1865,0,30
2151,330,3,352,2,1867,0,20
2152,330,3,353,5,1872,0,50
2153,330,3,354,5,1877,0,50
2154,330,3,355,3,1880,424,30
2155,330,3,356,7,1887,0,70
2156,330,3,357,3,1890,98,30
2157,330,3,358,6,1896,0,60
2158,330,3,359,4,1900,0,40
2159,330,3,360,7,1907,0,70
2160,330,3,361,9,1916,0,90
2161,330,3,362,2,1918,0,20
2162,330,3,363,2,1920,0,20
2163,330,3,364,4,1924,0,40
2164,330,3,365,2,1926,0,20
2165,330,3,366,2,1928,0,20
2166,330,3,367,7,1935,0,70
2167,330,3,368,5,1940,0,50
2168,330,3,369,4,1944,0,40
2169,330,3,370,5,1949,0,50
2170,330,3,371,4,1953,0,40
2171,330,3,372,8,1961,0,80
2172,330,3,373,6,1967,0,60
2173,330,3,374,4,1971,0,40
2174,330,3,375,5,1976,0,50
2175,330,3,376,9,1985,0,90
2176,330,3,377,6,1991,0,60
2177,330,3,378,8,1999,0,80
2178,330,3,379,7,2006,0,70
2179,330,3,380,2,2008,0,20
2180,330,3,381,6,2014,0,60
2181,330,3,382,2,2016,0,20
2182,330,3,383,4,2020,0,40
2183,330,3,384,6,2026,0,60
2184,330,3,385,7,2033,0,70
2185,330,3,386,9,2042,0,90
2186,330,3,387,3,2045,0,30
2187,330,3,388,7,2052,0,70
2188,330,3,389,8,2060,0,80
2189,330,3,390,7,2067,0,70
2190,330,3,391,5,2072,0,50
2191,330,3,392,5,2077,0,50
2192,330,3,393,9,2086,0,90
2193,330,3,394,4,2090,0,40
2194,330,3,395,2,2092,1996,20
2195,330,3,396,8,2100,0,80
2196,330,3,397,8,2108,0,80
2197,330,3,398,3,2111,0,30
2198,330,3,399,8,2119,0,80
2199,330,3,400,6,2125,330,60
2200,330,3,401,7,2132,0,70
2201,330,3,402,3,2135,0,30
2202,330,3,403,2,2137,0,20
2203,330,3,404,7,2144,0,70
2204,330,3,405,7,2151,0,70
2205,330,3,406,2,2153,0,20
2206,330,3,407,2,2155,0,20
2207,330,3,408,9,2164,0,90
2208,330,3,409,5,2169,0,50
2209,330,3,410,3,2172,0,30
2210,330,3,411,3,2175,0,30
2211,330,3,412,6,2181,0,60
2212,330,3,413,4,2185,0,40
2213,330,3,414,7,2192,0,70
2214,330,3,415,3,2195,0,30
2215,330,3,416,3,2198,0,30
2216,330,3,417,8,2206,0,80
2217,330,3,418,9,2215,0,90
2218,330,3,419,9,2224,1003,90
2219,330,3,420,7,2231,0,70
2220,330,3,421,8,2239,0,80
2221,330,3,422,4,2243,0,40
2222,330,3,423,5,2248,0,50
2223,330,3,424,4,2252,0,40
2224,330,3,425,5,2257,0,50
2225,330,3,426,7,2264,0,70
2226,330,3,427,5,2269,0,50
2227,330,3,428,7,2276,0,70
2228,330,3,429,9,2285,0,90
2229,330,3,430,9,2294,0,90
2230,330,3,431,3,2297,0,30
2231,330,3,432,6,2303,0,60
2232,330,3,433,3,2306,0,30
2233,330,3,434,4,2310,0,40
2234,330,3,435,5,2315,0,50
2235,330,3,436,8,2323,0,80
2236,330,3,437,3,2326,0,30
2237,330,3,438,9,2335,1138,90
2238,330,3,439,6,2341,0,60
2239,330,3,440,2,2343,0,20
2240,330,3,441,5,2348,133,50
2241,330,3,442,2,2350,0,20
2242,330,3,443,5,2355,0,50
2243,330,3,444,4,2359,0,40
2244,330,3,445,5,2364,163,50
2245,330,3,446,2,2366,0,20
2246,330,3,447,4,2370,0,40
2247,330,3,448,9,2379,0,90
2248,330,3,449,2,2381,0,20
2249,330,3,450,5,2386,0,50
2250,330,3,451,8,2394,0,80
2251,330,3,452,4,2398,0,40
2252,330,3,453,3,2401,0,30
2253,330,3,454,6,2407,0,60
2254,330,3,455,4,2411,468,40
2255,330,3,456,5,2416,0,50
2256,330,3,457,4,2420,0,40
2257,330,3,458,5,2425,0,50
2258,330,3,459,9,2434,0,90
2259,330,3,460,7,2441,274,70
2260,330,3,461,3,2444,0,30
2261,330,3,462,4,2448,0,40
2262,330,3,463,5,2453,0,50
2263,330,3,464,7,2460,0,70
2264,330,3,465,2,2462,218,20
2265,330,3,466,4,2466,0,40
2266,330,3,467,7,2473,0,70
2267,330,3,468,8,2481,0,80
2268,330,3,469,5,2486,0,50
2269,330,3,470,6,2492,265,60
2270,330,3,471,7,2499,0,70
2271,330,3,472,5,2504,0,50
2272,330,3,473,4,2508,0,40
2273,330,3,474,4,2512,0,40
2274,330,3,475,2,2514,232,20
2275,330,3,476,8,2522,0,80
2276,330,3,477,6,2528,0,60
2277,330,3,478,3,2531,182,30
2278,330,3,479,4,2535,0,40
2279,330,3,480,5,2540,0,50
2280,330,3,481,6,2546,0,60
2281,330,3,482,8,2554,0,80
2282,330,3,483,4,2558,0,40
2283,330,3,484,2,2560,0,20
2284,330,3,485,6,2566,0,60
2285,330,3,486,9,2575,455,90
2286,330,3,487,2,2577,0,20
2287,330,3,488,7,2584,0,70
2288,330,3,489,4,2588,0,40
2289,330,3,490,5,2593,0,50
2290,330,3,491,2,2595,0,20
2291,330,3,492,8,2603,0,80
2292,330,3,493,4,2607,0,40
2293,330,3,494,5,2612,0,50
2294,330,3,495,2,2614,396,20
2295,330,3,496,2,2616,0,20
2296,330,3,497,6,2622,0,60
2297,330,3,498,7,2629,0,70
2298,330,3,499,5,2634,0,50
2299,330,3,500,4,2638,238,40
2300,330,3,501,7,2645,0,70
2301,330,3,502,7,2652,0,70
2302,330,3,503,4,2656,0,40
2303,330,3,504,3,2659,0,30
2304,330,3,505,9,2668,311,90
2305,330,3,506,4,2672,0,40
2306,330,3,507,6,2678,0,60
2307,330,3,508,7,2685,168,70
2308,330,3,509,7,2692,69,70
2309,330,3,510,8,2700,0,80
2310,330,3,511,2,2702,0,20
2311,330,3,512,8,2710,0,80
2312,330,3,513,8,2718,0,80
2313,330,3,514,2,2720,0,20
2314,330,3,515,5,2725,0,50
2315,330,3,516,9,2734,0,90
2316,330,3,517,5,2739,0,50
2317,330,3,518,3,2742,477,30
2318,330,3,519,7,2749,0,70
2319,330,3,520,7,2756,0,70
2320,330,3,521,2,2758,174,20
2321,330,3,522,5,2763,0,50
2322,330,3,523,3,2766,0,30
2323,330,3,524,4,2770,0,40
2324,330,3,525,9,2779,0,90
2325,330,3,526,5,2784,0,50
2326,330,3,527,9,2793,0,90
2327,330,3,528,8,2801,0,80
2328,330,3,529,9,2810,0,90
2329,330,3,530,8,2818,0,80
2330,330,3,531,8,2826,0,80
2331,330,3,532,3,2829,0,30
2332,330,3,533,6,2835,0,60
2333,330,3,534,4,2839,0,40
2334,330,3,535,6,2845,0,60
2335,330,3,536,9,2854,0,90
2336,330,3,537,6,2860,0,60
2337,330,3,538,7,2867,0,70
2338,330,3,539,5,2872,0,50
2339,330,3,540,5,2877,0,50
2340,330,3,541,8,2885,0,80
2341,330,3,542,8,2893,0,80
2342,330,3,543,7,2900,0,70
2343,330,3,544,4,2904,0,40
2344,330,3,545,2,2906,0,20
2345,330,3,546,8,2914,0,80
2346,330,3,547,5,2919,0,50
2347,330,3,548,5,2924,0,50
2348,330,3,549,7,2931,0,70
2349,330,3,550,3,2934,0,30
2350,330,3,551,6,2940,0,60
2351,330,3,552,4,2944,1941,40
2352,330,3,553,8,2952,0,80
2353,330,3,554,2,2954,0,20
2354,330,3,555,8,2962,0,80
2355,330,3,556,5,2967,0,50
2356,330,3,557,9,2976,0,90
2357,330,3,558,5,2981,0,50
2358,330,3,559,6,2987,0,60
2359,330,3,560,9,2996,0,90
2360,330,3,561,6,3002,609,60
2361,330,3,562,6,3008,0,60
2362,330,3,563,7,3015,0,70
2363,330,3,564,5,3020,0,50
2364,330,3,565,4,3024,232,40
2365,330,3,566,7,3031,0,70
2366,330,3,567,7,3038,0,70
2367,330,3,568,7,3045,0,70
2368,330,3,569,7,3052,0,70
2369,330,3,570,6,3058,0,60
2370,330,3,571,4,3062,0,40
2371,330,3,572,8,3070,0,80
2372,330,3,573,7,3077,0,70
2373,330,3,574,3,3080,0,30
2374,330,3,575,2,3082,0,20
2375,330,3,576,3,3085,0,30
2376,330,3,577,9,3094,0,90
2377,330,3,578,6,3100,0,60
2378,330,3,579,8,3108,0,80
2379,330,3,580,2,3110,0,20
2380,330,3,581,6,3116,951,60
2381,330,3,582,9,3125,0,90
2382,330,3,583,6,3131,0,60
2383,330,3,584,5,3136,0,50
2384,330,3,585,8,3144,0,80
2385,330,3,586,5,3149,0,50
2386,330,3,587,7,3156,0,70
2387,330,3,588,2,3158,0,20
2388,330,3,589,4,3162,0,40
2389,330,3,590,6,3168,0,60
2390,330,3,591,9,3177,0,90
2391,330,3,592,5,3182,0,50
2392,330,3,593,9,3191,0,90
2393,330,3,594,5,3196,0,50
2394,330,3,595,6,3202,0,60
2395,330,3,596,8,3210,0,80
2396,330,3,597,5,3215,0,50
2397,330,3,598,9,3224,1038,90
2398,330,3,599,3,3227,0,30
2399,330,3,600,5,3232,0,50
2400,330,3,601,5,3237,0,50
2401,330,3,602,9,3246,0,90
2402,330,3,603,2,3248,0,20
2403,330,3,604,6,3254,0,60
2404,330,3,605,7,3261,0,70
2405,330,3,606,3,3264,0,30
2406,330,3,607,3,3267,0,30
2407,330,3,608,6,3273,0,60
2408,330,3,609,5,3278,525,50
2409,330,3,610,3,3281,26,30
2410,330,3,611,7,3288,0,70
2411,330,3,612,7,3295,0,70
2412,330,3,613,7,3302,0,70
2413,330,3,614,7,3309,0,70
2414,330,3,615,3,3312,0,30
2415,330,3,616,6,3318,0,60
2416,330,3,617,3,3321,0,30
2417,330,3,618,9,3330,0,90
2418,330,3,619,9,3339,0,90
2419,330,3,620,3,3342,0,30
2420,330,3,621,8,3350,0,80
2421,330,3,622,3,3353,0,30
2422,330,3,623,9,3362,0,90
2423,330,3,624,7,3369,0,70
2424,330,3,625,9,3378,0,90
2425,330,3,626,2,3380,0,20
2426,330,3,627,6,3386,0,60
2427,330,3,628,6,3392,0,60
2428,330,3,629,7,3399,0,70
2429,330,3,630,5,3404,0,50
2430,330,3,631,7,3411,1299,70
2431,330,3,632,8,3419,75,80
2432,330,3,633,8,3427,86,80
2433,330,3,634,5,3432,0,50
2434,330,3,635,8,3440,0,80
2435,330,3,636,7,3447,0,70
2436,330,3,637,8,3455,0,80
2437,330,3,638,5,3460,347,50
2438,330,3,639,5,3465,0,50
2439,330,3,640,4,3469,0,40
2440,330,3,641,6,3475,0,60
2441,330,3,642,3,3478,0,30
2442,330,3,643,8,3486,0,80
2443,330,3,644,2,3488,0,20
2444,330,3,645,9,3497,0,90
2445,330,3,646,7,3504,436,70
2446,330,3,647,7,3511,0,70
2447,330,3,648,8,3519,148,80
2448,330,3,649,7,3526,66,70
2449,330,3,650,9,3535,0,90
2450,330,3,651,9,3544,0,90
2451,330,3,652,9,3553,266,90
2452,330,3,653,7,3560,0,70
2453,330,3,654,8,3568,0,80
2454,330,3,655,5,3573,0,50
2455,330,3,656,7,3580,0,70
2456,330,3,657,7,3587,0,70
2457,330,3,658,3,3590,0,30
2458,330,3,659,7,3597,0,70
2459,330,3,660,2,3599,0,20
2460,330,3,661,6,3605,0,60
2461,330,3,662,2,3607,0,20
2462,330,3,663,8,3615,0,80
2463,330,3,664,6,3621,664,60
2464,330,3,665,3,3624,0,30
2465,330,3,666,3,3627,0,30
2466,330,3,667,7,3634,0,70
2467,330,3,668,4,3638,0,40
2468,330,3,669,9,3647,0,90
2469,330,3,670,9,3656,0,90
2470,330,3,671,2,3658,0,20
2471,330,3,672,3,3661,0,30
2472,330,3,673,4,3665,0,40
2473,330,3,674,8,3673,0,80
2474,330,3,675,7,3680,0,70
2475,330,3,676,5,3685,0,50
2476,330,3,677,4,3689,0,40
2477,330,3,678,7,3696,0,70
2478,330,3,679,8,3704,0,80
2479,330,3,680,6,3710,0,60
2480,330,3,681,7,3717,0,70
2481,330,3,682,8,3725,0,80
2482,330,3,683,7,3732,0,70
2483,330,3,684,4,3736,0,40
2484,330,3,685,7,3743,0,70
2485,330,3,686,8,3751,0,80
2486,330,3,687,8,3759,0,80
2487,330,3,688,2,3761,0,20
2488,330,3,689,7,3768,1433,70
2489,330,3,690,4,3772,50,40
2490,330,3,691,8,3780,0,80
2491,330,3,692,9,3789,162,90
2492,330,3,693,9,3798,0,90
2493,330,3,694,2,3800,91,20
2494,330,3,695,7,3807,0,70
2495,330,3,696,2,3809,0,20
2496,330,3,697,9,3818,0,90
2497,330,3,698,4,3822,0,40
2498,330,3,699,8,3830,0,80
2499,330,3,700,4,3834,0,40
2500,330,3,701,5,3839,372,50
2501,330,3,702,2,3841,0,20
2502,330,3,703,5,3846,0,50
2503,330,3,704,9,3855,0,90
2504,330,3,705,6,3861,0,60
2505,330,3,706,8,3869,0,80
2506,330,3,707,4,3873,0,40
2507,330,3,708,3,3876,0,30
2508,330,3,709,9,3885,0,90
2509,330,3,710,2,3887,0,20
2510,330,3,711,5,3892,0,50
2511,330,3,712,5,3897,572,50
2512,330,3,713,4,3901,0,40
2513,330,3,714,5,3906,0,50
2514,330,3,715,7,3913,0,70
2515,330,3,716,6,3919,197,60
2516,330,3,717,9,3928,0,90
2517,330,3,718,6,3934,0,60
2518,330,3,719,5,3939,0,50
2519,330,3,720,5,3944,0,50
2520,330,3,721,7,3951,0,70
2521,330,3,722,9,3960,0,90
2522,330,3,723,3,3963,0,30
2523,330,3,724,6,3969,0,60
2524,330,3,725,6,3975,0,60
2525,330,3,726,5,3980,0,50
2526,330,3,727,3,3983,0,30
2527,330,3,728,9,3992,0,90
2528,330,3,729,4,3996,0,40
2529,330,3,730,2,3998,775,20
2530,330,3,731,4,4002,0,40
2531,330,3,732,9,4011,0,90
2532,330,3,733,9,4020,0,90
2533,330,3,734,5,4025,0,50
2534,330,3,735,9,4034,0,90
2535,330,3,736,9,4043,0,90
2536,330,3,737,5,4048,0,50
2537,330,3,738,7,4055,0,70
2538,330,3,739,8,4063,0,80
2539,330,3,740,6,4069,0,60
2540,330,3,741,9,4078,0,90
2541,330,3,742,3,4081,0,30
2542,330,3,743,8,4089,0,80
2543,330,3,744,5,4094,0,50
2544,330,3,745,5,4099,0,50
2545,330,3,746,6,4105,0,60
2546,330,3,747,6,4111,0,60
2547,330,3,748,9,4120,0,90
2548,330,3,749,2,4122,0,20
2549,330,3,750,2,4124,0,20
2550,330,3,751,9,4133,0,90
2551,330,3,752,7,4140,0,70
2552,330,3,753,2,4142,0,20
2553,330,3,754,8,4150,0,80
2554,330,3,755,2,4152,0,20
2555,330,3,756,4,4156,0,40
2556,330,3,757,6,4162,0,60
2557,330,3,758,9,4171,0,90
2558,330,3,759,7,4178,0,70
2559,330,3,760,7,4185,0,70
2560,330,3,761,2,4187,0,20
2561,330,3,762,3,4190,0,30
2562,330,3,763,5,4195,1995,50
2563,330,3,764,4,4199,0,40
2564,330,3,765,5,4204,0,50
2565,330,3,766,6,4210,0,60
2566,330,3,767,2,4212,0,20
2567,330,3,768,3,4215,0,30
2568,330,3,769,2,4217,0,20
2569,330,3,770,4,4221,0,40
2570,330,3,771,4,4225,0,40
2571,330,3,772,3,4228,0,30
2572,330,3,773,5,4233,0,50
2573,330,3,774,8,4241,0,80
2574,330,3,775,2,4243,476,20
2575,330,3,776,2,4245,0,20
2576,330,3,777,8,4253,0,80
2577,330,3,778,8,4261,0,80
2578,330,3,779,7,4268,0,70
2579,330,3,780,4,4272,0,40
2580,330,3,781,3,4275,311,30
2581,330,3,782,6,4281,49,60
2582,330,3,783,5,4286,0,50
2583,330,3,784,7,4293,0,70
2584,330,3,785,8,4301,0,80
2585,330,3,786,2,4303,0,20
2586,330,3,787,3,4306,0,30
2587,330,3,788,7,4313,0,70
2588,330,3,789,4,4317,0,40
2589,330,3,790,9,4326,0,90
2590,330,3,791,3,4329,475,30
2591,330,3,792,9,4338,0,90
2592,330,3,793,9,4347,0,90
2593,330,3,794,3,4350,0,30
2594,330,3,795,7,4357,0,70
2595,330,3,796,6,4363,0,60
2596,330,3,797,3,4366,0,30
2597,330,3,798,8,4374,0,80
2598,330,3,799,9,4383,0,90
2599,330,3,800,5,4388,0,50
2600,330,3,801,6,4394,625,60
2601,330,3,802,5,4399,0,50
2602,330,3,803,4,4403,0,40
2603,330,3,804,6,4409,0,60
2604,330,3,805,2,4411,0,20
2605,330,3,806,3,4414,0,30
2606,330,3,807,5,4419,0,50
2607,330,3,808,6,4425,0,60
2608,330,3,809,4,4429,321,40
2609,330,3,810,9,4438,0,90
2610,330,3,811,7,4445,0,70
2611,330,3,812,3,4448,0,30
2612,330,3,813,8,4456,0,80
2613,330,3,814,8,4464,0,80
2614,330,3,815,4,4468,0,40
2615,330,3,816,8,4476,0,80
2616,330,3,817,3,4479,0,30
2617,330,3,818,2,4481,0,20
2618,330,3,819,9,4490,0,90
2619,330,3,820,5,4495,645,50
2620,330,3,821,8,4503,0,80
2621,330,3,822,4,4507,0,40
2622,330,3,823,9,4516,0,90
2623,330,3,824,4,4520,0,40
2624,330,3,825,6,4526,0,60
2625,330,3,826,7,4533,410,70
2626,330,3,827,9,4542,0,90
2627,330,3,828,2,4544,0,20
2628,330,3,829,4,4548,0,40
2629,330,3,830,6,4554,0,60
2630,330,3,831,3,4557,0,30
2631,330,3,832,2,4559,0,20
2632,330,3,833,3,4562,0,30
2633,330,3,834,6,4568,0,60
2634,330,3,835,5,4573,0,50
2635,330,3,836,5,4578,0,50
2636,330,3,837,5,4583,0,50
2637,330,3,838,2,4585,0,20
2638,330,3,839,9,4594,0,90
2639,330,3,840,9,4603,0,90
2640,330,3,841,8,4611,0,80
2641,330,3,842,4,4615,0,40
2642,330,3,843,6,4621,895,60
2643,330,3,844,2,4623,0,20
2644,330,3,845,6,4629,0,60
2645,330,3,846,7,4636,155,70
2646,330,3,847,8,4644,0,80
2647,330,3,848,9,4653,0,90
2648,330,3,849,3,4656,0,30
2649,330,3,850,3,4659,211,30
2650,330,3,851,9,4668,0,90
2651,330,3,852,9,4677,0,90
2652,330,3,853,5,4682,0,50
2653,330,3,854,2,4684,0,20
2654,330,3,855,3,4687,0,30
2655,330,3,856,3,4690,0,30
2656,330,3,857,3,4693,0,30
2657,330,3,858,4,4697,0,40
2658,330,3,859,8,4705,0,80
2659,330,3,860,4,4709,0,40
2660,330,3,861,9,4718,0,90
2661,330,3,862,4,4722,0,40
2662,330,3,863,9,4731,0,90
2663,330,3,864,8,4739,0,80
2664,330,3,865,7,4746,0,70
2665,330,3,866,8,4754,0,80
2666,330,3,867,5,4759,997,50
2667,330,3,868,3,4762,31,30
2668,330,3,869,7,4769,0,70
2669,330,3,870,7,4776,0,70
2670,330,3,871,5,4781,0,50
2671,330,3,872,6,4787,0,60
2672,330,3,873,7,4794,0,70
2673,330,3,874,3,4797,0,30
2674,330,3,875,5,4802,0,50
2675,330,3,876,2,4804,0,20
2676,330,3,877,4,4808,0,40
2677,330,3,878,3,4811,0,30
2678,330,3,879,5,4816,0,50
2679,330,3,880,9,4825,641,90
2680,330,3,881,2,4827,0,20
2681,330,3,882,3,4830,0,30
2682,330,3,883,9,4839,0,90
2683,330,3,884,8,4847,0,80
2684,330,3,885,2,4849,0,20
2685,330,3,886,3,4852,0,30
2686,330,3,887,6,4858,0,60
2687,330,3,888,9,4867,0,90
2688,330,3,889,9,4876,0,90
2689,330,3,890,5,4881,0,50
2690,330,3,891,8,4889,0,80
2691,330,3,892,3,4892,0,30
2692,330,3,893,7,4899,0,70
2693,330,3,894,5,4904,0,50
2694,330,3,895,8,4912,0,80
2695,330,3,896,8,4920,0,80
2696,330,3,897,6,4926,0,60
2697,330,3,898,4,4930,0,40
2698,330,3,899,6,4936,0,60
2699,330,3,900,6,4942,0,60
2700,330,3,901,5,4947,0,50
2701,330,3,902,2,4949,0,20
2702,330,3,903,8,4957,0,80
2703,330,3,904,2,4959,0,20
2704,330,3,905,3,4962,0,30
2705,330,3,906,5,4967,1394,50
2706,330,3,907,5,4972,0,50
2707,330,3,908,4,4976,0,40
2708,330,3,909,7,4983,0,70
2709,330,3,910,7,4990,0,70
2710,330,3,911,8,4998,0,80
