,Scenario,Trial,Inspection,Interval,Time,Defects,Rate
0,39,1,1,5,5,0,50
1,39,1,2,5,10,0,50
2,39,1,3,7,17,157,70
3,39,1,4,6,23,61,60
4,39,1,5,8,31,90,80
5,39,1,6,3,34,30,30
6,39,1,7,8,42,60,80
7,39,1,8,9,51,74,90
8,39,1,9,4,55,37,40
9,39,1,10,8,63,75,80
10,39,1,11,9,72,98,90
11,39,1,12,5,77,0,50
12,39,1,13,2,79,60,20
13,39,1,14,7,86,73,70
14,39,1,15,3,89,35,30
15,39,1,16,5,94,50,50
16,39,1,17,7,101,69,70
17,39,1,18,7,108,70,70
18,39,1,19,6,114,52,60
19,39,1,20,2,116,12,20
20,39,1,21,4,120,42,40
21,39,1,22,5,125,45,50
22,39,1,23,8,133,0,80
23,39,1,24,2,135,98,20
24,39,1,25,8,143,74,80
25,39,1,26,5,148,62,50
26,39,1,27,9,157,100,90
27,39,1,28,9,166,88,90
28,39,1,29,8,174,0,80
29,39,1,30,5,179,141,50
30,39,1,31,8,187,0,80
31,39,1,32,4,191,123,40
32,39,1,33,7,198,73,70
33,39,1,34,4,202,43,40
34,39,1,35,2,204,23,20
35,39,1,36,4,208,48,40
36,39,1,37,5,213,0,50
37,39,1,38,3,216,87,30
38,39,1,39,3,219,20,30
39,39,1,40,4,223,0,40
40,39,1,41,9,232,132,90
41,39,1,42,5,237,0,50
42,39,1,43,6,243,0,60
43,39,1,44,8,251,205,80
44,39,1,45,9,260,94,90
45,39,1,46,7,267,67,70
46,39,1,47,9,276,102,90
47,39,1,48,2,278,26,20
48,39,1,49,5,283,39,50
49,39,1,50,8,291,76,80
50,39,1,51,3,294,34,30
51,39,1,52,8,302,81,80
52,39,1,53,8,310,90,80
53,39,1,54,9,319,95,90
54,39,1,55,4,323,43,40
55,39,1,56,4,327,38,40
56,39,1,57,6,333,47,60
57,39,1,58,3,336,31,30
58,39,1,59,9,345,101,90
59,39,1,60,6,351,61,60
60,39,1,61,4,355,36,40
61,39,1,62,5,360,34,50
62,39,1,63,8,368,0,80
63,39,1,64,4,372,115,40
64,39,1,65,5,377,0,50
65,39,1,66,7,384,115,70
66,39,1,67,9,393,81,90
67,39,1,68,9,402,95,90
68,39,1,69,3,405,30,30
69,39,1,70,6,411,72,60
70,39,1,71,6,417,53,60
71,39,1,72,5,422,42,50
72,39,1,73,8,430,75,80
73,39,1,74,8,438,76,80
74,39,1,75,6,444,70,60
75,39,1,76,7,451,73,70
76,39,1,77,8,459,79,80
77,39,1,78,9,468,91,90
78,39,1,79,7,475,58,70
79,39,1,80,2,477,17,20
80,39,1,81,6,483,65,60
81,39,1,82,2,485,23,20
82,39,1,83,9,494,95,90
83,39,1,84,8,502,104,80
84,39,1,85,8,510,101,80
85,39,1,86,6,516,51,60
86,39,1,87,7,523,60,70
87,39,1,88,5,528,50,50
88,39,1,89,3,531,34,30
89,39,1,90,5,536,58,50
90,39,1,91,6,542,58,60
91,39,1,92,8,550,0,80
92,39,1,93,5,555,138,50
93,39,1,94,8,563,81,80
94,39,1,95,6,569,48,60
95,39,1,96,2,571,22,20
96,39,1,97,7,578,82,70
97,39,1,98,6,584,70,60
98,39,1,99,7,591,49,70
99,39,1,100,2,593,20,20
100,39,1,101,6,599,53,60
101,39,1,102,7,606,80,70
102,39,1,103,8,614,94,80
103,39,1,104,2,616,20,20
104,39,1,105,4,620,0,40
105,39,1,106,4,624,86,40
106,39,1,107,4,628,35,40
107,39,1,108,9,637,76,90
108,39,1,109,8,645,0,80
109,39,1,110,7,652,153,70
110,39,1,111,5,657,50,50
111,39,1,112,4,661,44,40
112,39,1,113,3,664,31,30
113,39,1,114,8,672,75,80
114,39,1,115,3,675,32,30
115,39,1,116,5,680,0,50
116,39,1,117,7,687,0,70
117,39,1,118,7,694,0,70
118,39,1,119,3,697,0,30
119,39,1,120,7,704,298,70
120,39,1,121,7,711,70,70
121,39,1,122,4,715,50,40
122,39,1,123,2,717,23,20
123,39,1,124,4,721,40,40
124,39,1,125,3,724,36,30
125,39,1,126,6,730,49,60
126,39,1,127,2,732,15,20
127,39,1,128,6,738,63,60
128,39,1,129,3,741,31,30
129,39,1,130,5,746,0,50
130,39,1,131,6,752,126,60
131,39,1,132,6,758,0,60
132,39,1,133,6,764,108,60
133,39,1,134,7,771,75,70
134,39,1,135,8,779,78,80
135,39,1,136,6,785,65,60
136,39,1,137,7,792,69,70
137,39,1,138,6,798,0,60
138,39,1,139,6,804,119,60
139,39,1,140,7,811,56,70
140,39,1,141,8,819,72,80
141,39,1,142,8,827,67,80
142,39,1,143,6,833,53,60
143,39,1,144,3,836,26,30
144,39,1,145,2,838,20,20
145,39,1,146,7,845,54,70
146,39,1,147,6,851,58,60
147,39,1,148,5,856,0,50
148,39,1,149,7,863,137,70
149,39,1,150,8,871,64,80
150,39,1,151,9,880,90,90
151,39,1,152,3,883,34,30
152,39,1,153,3,886,32,30
153,39,1,154,9,895,104,90
154,39,1,155,2,897,18,20
155,39,1,156,3,900,24,30
156,39,1,157,8,908,67,80
157,39,1,158,2,910,26,20
158,39,1,159,6,916,58,60
159,39,1,160,8,924,95,80
160,39,1,161,3,927,18,30
161,39,1,162,4,931,0,40
162,39,1,163,9,940,135,90
163,39,1,164,5,945,55,50
164,39,1,165,3,948,39,30
165,39,1,166,9,957,86,90
166,39,1,167,8,965,82,80
167,39,1,168,8,973,78,80
168,39,1,169,2,975,19,20
169,39,1,170,7,982,72,70
170,39,1,171,9,991,84,90
171,39,1,172,2,993,23,20
172,39,1,173,6,999,53,60
173,39,1,174,7,1006,63,70
174,39,1,175,3,1009,48,30
175,39,1,176,9,1018,88,90
176,39,1,177,6,1024,60,60
177,39,1,178,4,1028,40,40
178,39,1,179,5,1033,44,50
179,39,1,180,2,1035,24,20
180,39,1,181,6,1041,0,60
181,39,1,182,8,1049,139,80
182,39,1,183,5,1054,0,50
183,39,1,184,7,1061,141,70
184,39,1,185,4,1065,34,40
185,39,1,186,8,1073,0,80
186,39,1,187,9,1082,160,90
187,39,1,188,6,1088,50,60
188,39,1,189,6,1094,59,60
189,39,1,190,9,1103,107,90
190,39,1,191,3,1106,28,30
191,39,1,192,9,1115,98,90
192,39,1,193,2,1117,14,20
193,39,1,194,9,1126,76,90
194,39,1,195,8,1134,85,80
195,39,1,196,7,1141,0,70
196,39,1,197,2,1143,87,20
197,39,1,198,6,1149,56,60
198,39,1,199,3,1152,0,30
199,39,1,200,6,1158,90,60
200,39,1,201,4,1162,36,40
201,39,1,202,3,1165,26,30
202,39,1,203,5,1170,0,50
203,39,1,204,4,1174,90,40
204,39,1,205,8,1182,79,80
205,39,1,206,8,1190,84,80
206,39,1,207,2,1192,23,20
207,39,1,208,6,1198,66,60
208,39,1,209,5,1203,46,50
209,39,1,210,9,1212,82,90
210,39,1,211,6,1218,0,60
211,39,1,212,4,1222,97,40
212,39,1,213,6,1228,0,60
213,39,1,214,2,1230,72,20
214,39,1,215,4,1234,43,40
215,39,1,216,3,1237,24,30
216,39,1,217,5,1242,54,50
217,39,1,218,8,1250,76,80
218,39,1,219,8,1258,79,80
219,39,1,220,2,1260,22,20
220,39,1,221,7,1267,67,70
221,39,1,222,2,1269,16,20
222,39,1,223,6,1275,55,60
223,39,1,224,4,1279,56,40
224,39,1,225,6,1285,51,60
225,39,1,226,4,1289,39,40
226,39,1,227,5,1294,45,50
227,39,1,228,9,1303,78,90
228,39,1,229,7,1310,69,70
229,39,1,230,7,1317,77,70
230,39,1,231,8,1325,60,80
231,39,1,232,9,1334,109,90
232,39,1,233,3,1337,26,30
233,39,1,234,2,1339,24,20
234,39,1,235,4,1343,46,40
235,39,1,236,5,1348,48,50
236,39,1,237,5,1353,48,50
237,39,1,238,3,1356,0,30
238,39,1,239,3,1359,50,30
239,39,1,240,2,1361,19,20
240,39,1,241,8,1369,0,80
241,39,1,242,6,1375,130,60
242,39,1,243,8,1383,75,80
243,39,1,244,9,1392,110,90
244,39,1,245,8,1400,83,80
245,39,1,246,5,1405,58,50
246,39,1,247,9,1414,81,90
247,39,1,248,2,1416,18,20
248,39,1,249,8,1424,84,80
249,39,1,250,7,1431,0,70
250,39,1,251,9,1440,0,90
251,39,1,252,5,1445,200,50
252,39,1,253,5,1450,53,50
253,39,1,254,7,1457,74,70
254,39,1,255,4,1461,34,40
255,39,1,256,4,1465,42,40
256,39,1,257,5,1470,51,50
257,39,1,258,6,1476,63,60
258,39,1,259,7,1483,46,70
259,39,1,260,6,1489,54,60
260,39,1,261,3,1492,29,30
261,39,1,262,4,1496,31,40
262,39,1,263,8,1504,86,80
263,39,1,264,2,1506,21,20
264,39,1,265,7,1513,70,70
265,39,1,266,4,1517,46,40
266,39,1,267,4,1521,32,40
267,39,1,268,7,1528,77,70
268,39,1,269,5,1533,48,50
269,39,1,270,8,1541,72,80
270,39,1,271,9,1550,90,90
271,39,1,272,3,1553,0,30
272,39,1,273,8,1561,136,80
273,39,1,274,7,1568,73,70
274,39,1,275,2,1570,25,20
275,39,1,276,7,1577,76,70
276,39,1,277,9,1586,74,90
277,39,1,278,9,1595,100,90
278,39,1,279,3,1598,25,30
279,39,1,280,3,1601,23,30
280,39,1,281,9,1610,115,90
281,39,1,282,5,1615,51,50
282,39,1,283,7,1622,74,70
283,39,1,284,5,1627,55,50
284,39,1,285,7,1634,69,70
285,39,1,286,2,1636,18,20
286,39,1,287,2,1638,25,20
287,39,1,288,4,1642,0,40
288,39,1,289,7,1649,0,70
289,39,1,290,4,1653,140,40
290,39,1,291,4,1657,49,40
291,39,1,292,9,1666,102,90
292,39,1,293,4,1670,43,40
293,39,1,294,6,1676,74,60
294,39,1,295,8,1684,96,80
295,39,1,296,7,1691,56,70
296,39,1,297,5,1696,58,50
297,39,1,298,2,1698,24,20
298,39,1,299,9,1707,81,90
299,39,1,300,4,1711,43,40
300,39,1,301,3,1714,0,30
301,39,1,302,5,1719,77,50
302,39,1,303,7,1726,67,70
303,39,1,304,3,1729,30,30
304,39,1,305,9,1738,0,90
305,39,1,306,5,1743,149,50
306,39,1,307,4,1747,33,40
307,39,1,308,3,1750,34,30
308,39,1,309,9,1759,0,90
309,39,1,310,6,1765,145,60
310,39,1,311,7,1772,64,70
311,39,1,312,8,1780,70,80
312,39,1,313,3,1783,0,30
313,39,1,314,9,1792,124,90
314,39,1,315,6,1798,0,60
315,39,1,316,6,1804,126,60
316,39,1,317,9,1813,94,90
317,39,1,318,9,1822,90,90
318,39,1,319,3,1825,26,30
319,39,1,320,6,1831,53,60
320,39,1,321,9,1840,93,90
321,39,1,322,6,1846,63,60
322,39,1,323,8,1854,75,80
323,39,1,324,4,1858,42,40
324,39,1,325,2,1860,18,20
325,39,1,326,8,1868,0,80
326,39,1,327,9,1877,0,90
327,39,1,328,6,1883,224,60
328,39,1,329,4,1887,51,40
329,39,1,330,7,1894,66,70
330,39,1,331,2,1896,20,20
331,39,1,332,6,1902,61,60
332,39,1,333,4,1906,38,40
333,39,1,334,3,1909,30,30
334,39,1,335,9,1918,99,90
335,39,1,336,9,1927,76,90
336,39,1,337,9,1936,107,90
337,39,1,338,6,1942,65,60
338,39,1,339,6,1948,56,60
339,39,1,340,4,1952,38,40
340,39,1,341,4,1956,31,40
341,39,1,342,3,1959,25,30
342,39,1,343,5,1964,35,50
343,39,1,344,7,1971,80,70
344,39,1,345,4,1975,40,40
345,39,1,346,2,1977,29,20
346,39,1,347,4,1981,42,40
347,39,1,348,4,1985,49,40
348,39,1,349,9,1994,83,90
349,39,1,350,5,1999,0,50
350,39,1,351,2,2001,69,20
351,39,1,352,8,2009,73,80
352,39,1,353,8,2017,84,80
353,39,1,354,3,2020,37,30
354,39,1,355,5,2025,52,50
355,39,1,356,2,2027,25,20
356,39,1,357,5,2032,0,50
357,39,1,358,6,2038,0,60
358,39,1,359,2,2040,0,20
359,39,1,360,3,2043,151,30
360,39,1,361,2,2045,28,20
361,39,1,362,7,2052,0,70
362,39,1,363,6,2058,0,60
363,39,1,364,4,2062,147,40
364,39,1,365,6,2068,58,60
365,39,1,366,4,2072,39,40
366,39,1,367,6,2078,0,60
367,39,1,368,7,2085,0,70
368,39,1,369,5,2090,172,50
369,39,1,370,6,2096,56,60
370,39,1,371,2,2098,15,20
371,39,1,372,6,2104,61,60
372,39,1,373,6,2110,64,60
373,39,1,374,9,2119,85,90
374,39,1,375,7,2126,70,70
375,39,1,376,9,2135,0,90
376,39,1,377,4,2139,135,40
377,39,1,378,8,2147,83,80
378,39,1,379,6,2153,53,60
379,39,1,380,6,2159,52,60
380,39,1,381,3,2162,21,30
381,39,1,382,2,2164,17,20
382,39,1,383,5,2169,56,50
383,39,1,384,9,2178,0,90
384,39,1,385,9,2187,197,90
385,39,1,386,3,2190,25,30
386,39,1,387,7,2197,72,70
387,39,1,388,6,2203,0,60
388,39,1,389,2,2205,88,20
389,39,1,390,5,2210,51,50
390,39,1,391,2,2212,20,20
391,39,1,392,2,2214,17,20
392,39,1,393,2,2216,11,20
393,39,1,394,5,2221,43,50
394,39,1,395,2,2223,14,20
395,39,1,396,6,2229,58,60
396,39,1,397,2,2231,23,20
397,39,1,398,8,2239,83,80
398,39,1,399,9,2248,92,90
399,39,1,400,7,2255,70,70
400,39,1,401,2,2257,12,20
401,39,1,402,7,2264,73,70
402,39,1,403,5,2269,45,50
403,39,1,404,8,2277,81,80
404,39,1,405,5,2282,55,50
405,39,1,406,7,2289,69,70
406,39,1,407,4,2293,39,40
407,39,1,408,6,2299,0,60
408,39,1,409,2,2301,92,20
409,39,1,410,8,2309,67,80
410,39,1,411,8,2317,77,80
411,39,1,412,5,2322,41,50
412,39,1,413,3,2325,33,30
413,39,1,414,8,2333,59,80
414,39,1,415,3,2336,36,30
415,39,1,416,8,2344,0,80
416,39,1,417,6,2350,143,60
417,39,1,418,7,2357,0,70
418,39,1,419,3,2360,0,30
419,39,1,420,8,2368,188,80
420,39,1,421,6,2374,0,60
421,39,1,422,8,2382,153,80
422,39,1,423,6,2388,59,60
423,39,1,424,8,2396,76,80
424,39,1,425,4,2400,37,40
425,39,1,426,2,2402,20,20
426,39,1,427,6,2408,63,60
427,39,1,428,3,2411,0,30
428,39,1,429,7,2418,96,70
429,39,1,430,8,2426,75,80
430,39,1,431,5,2431,48,50
431,39,1,432,2,2433,24,20
432,39,1,433,7,2440,74,70
433,39,1,434,2,2442,0,20
434,39,1,435,3,2445,55,30
435,39,1,436,4,2449,0,40
436,39,1,437,6,2455,86,60
437,39,1,438,2,2457,17,20
438,39,1,439,9,2466,102,90
439,39,1,440,8,2474,87,80
440,39,1,441,4,2478,48,40
441,39,1,442,4,2482,41,40
442,39,1,443,2,2484,19,20
443,39,1,444,6,2490,68,60
444,39,1,445,3,2493,29,30
445,39,1,446,9,2502,0,90
446,39,1,447,6,2508,168,60
447,39,1,448,4,2512,0,40
448,39,1,449,7,2519,133,70
449,39,1,450,9,2528,106,90
450,39,1,451,8,2536,0,80
451,39,1,452,9,2545,170,90
452,39,1,453,7,2552,63,70
453,39,1,454,4,2556,0,40
454,39,1,455,8,2564,109,80
455,39,1,456,3,2567,24,30
456,39,1,457,4,2571,0,40
457,39,1,458,9,2580,125,90
458,39,1,459,4,2584,44,40
459,39,1,460,6,2590,65,60
460,39,1,461,8,2598,73,80
461,39,1,462,7,2605,75,70
462,39,1,463,2,2607,26,20
463,39,1,464,9,2616,90,90
464,39,1,465,7,2623,68,70
465,39,1,466,3,2626,0,30
466,39,1,467,5,2631,87,50
467,39,1,468,6,2637,48,60
468,39,1,469,8,2645,85,80
469,39,1,470,6,2651,53,60
470,39,1,471,8,2659,80,80
471,39,1,472,3,2662,21,30
472,39,1,473,5,2667,40,50
473,39,1,474,9,2676,91,90
474,39,1,475,7,2683,75,70
475,39,1,476,5,2688,49,50
476,39,1,477,3,2691,43,30
477,39,1,478,2,2693,0,20
478,39,1,479,4,2697,63,40
479,39,1,480,9,2706,0,90
480,39,1,481,9,2715,189,90
481,39,1,482,2,2717,18,20
482,39,1,483,6,2723,51,60
483,39,1,484,2,2725,0,20
484,39,1,485,3,2728,52,30
485,39,1,486,6,2734,60,60
486,39,1,487,6,2740,43,60
487,39,1,488,9,2749,87,90
488,39,1,489,5,2754,51,50
489,39,1,490,8,2762,78,80
490,39,1,491,9,2771,98,90
491,39,1,492,2,2773,25,20
492,39,1,493,9,2782,104,90
493,39,1,494,5,2787,57,50
494,39,1,495,5,2792,54,50
495,39,1,496,6,2798,62,60
496,39,1,497,4,2802,46,40
497,39,1,498,8,2810,62,80
498,39,1,499,8,2818,76,80
499,39,1,500,5,2823,46,50
500,39,1,501,3,2826,31,30
501,39,1,502,9,2835,92,90
502,39,1,503,5,2840,45,50
503,39,1,504,8,2848,0,80
504,39,1,505,3,2851,95,30
505,39,1,506,8,2859,96,80
506,39,1,507,4,2863,47,40
507,39,1,508,5,2868,48,50
508,39,1,509,7,2875,61,70
509,39,1,510,3,2878,24,30
510,39,1,511,4,2882,36,40
511,39,1,512,9,2891,97,90
512,39,1,513,9,2900,71,90
513,39,1,514,7,2907,0,70
514,39,1,515,9,2916,168,90
515,39,1,516,4,2920,43,40
516,39,1,517,7,2927,58,70
517,39,1,518,5,2932,0,50
518,39,1,519,4,2936,94,40
519,39,1,520,7,2943,73,70
520,39,1,521,9,2952,78,90
521,39,1,522,2,2954,22,20
522,39,1,523,9,2963,82,90
523,39,1,524,6,2969,65,60
524,39,1,525,3,2972,37,30
525,39,1,526,8,2980,95,80
526,39,1,527,2,2982,23,20
527,39,1,528,2,2984,14,20
528,39,1,529,4,2988,39,40
529,39,1,530,6,2994,59,60
530,39,1,531,6,3000,77,60
531,39,1,532,8,3008,91,80
532,39,1,533,8,3016,73,80
533,39,1,534,8,3024,84,80
534,39,1,535,5,3029,60,50
535,39,1,536,4,3033,0,40
536,39,1,537,7,3040,106,70
537,39,1,538,9,3049,0,90
538,39,1,539,7,3056,168,70
539,39,1,540,3,3059,28,30
540,39,1,541,5,3064,39,50
541,39,1,542,3,3067,34,30
542,39,1,543,6,3073,61,60
543,39,1,544,7,3080,78,70
544,39,1,545,4,3084,28,40
545,39,1,546,6,3090,40,60
546,39,1,547,2,3092,19,20
547,39,1,548,5,3097,0,50
548,39,1,549,2,3099,62,20
549,39,1,550,7,3106,69,70
550,39,1,551,3,3109,48,30
551,39,1,552,9,3118,83,90
552,39,1,553,5,3123,49,50
553,39,1,554,7,3130,73,70
554,39,1,555,6,3136,59,60
555,39,1,556,9,3145,0,90
556,39,1,557,9,3154,183,90
557,39,1,558,3,3157,18,30
558,39,1,559,4,3161,48,40
559,39,1,560,8,3169,83,80
560,39,1,561,3,3172,0,30
561,39,1,562,7,3179,92,70
562,39,1,563,2,3181,25,20
563,39,1,564,3,3184,0,30
564,39,1,565,4,3188,81,40
565,39,1,566,4,3192,36,40
566,39,1,567,5,3197,45,50
567,39,1,568,3,3200,30,30
568,39,1,569,9,3209,81,90
569,39,1,570,7,3216,73,70
570,39,1,571,8,3224,79,80
571,39,1,572,2,3226,0,20
572,39,1,573,2,3228,40,20
573,39,1,574,5,3233,39,50
574,39,1,575,9,3242,107,90
575,39,1,576,5,3247,46,50
576,39,1,577,9,3256,77,90
577,39,1,578,6,3262,50,60
578,39,1,579,3,3265,35,30
579,39,1,580,7,3272,66,70
580,39,1,581,9,3281,90,90
581,39,1,582,4,3285,43,40
582,39,1,583,2,3287,21,20
583,39,1,584,6,3293,72,60
584,39,1,585,9,3302,124,90
585,39,1,586,9,3311,90,90
586,39,1,587,9,3320,98,90
587,39,1,588,2,3322,19,20
588,39,1,589,9,3331,107,90
589,39,1,590,3,3334,25,30
590,39,1,591,4,3338,35,40
591,39,1,592,5,3343,55,50
592,39,1,593,2,3345,30,20
593,39,1,594,4,3349,32,40
594,39,1,595,2,3351,21,20
595,39,1,596,2,3353,17,20
596,39,1,597,6,3359,53,60
597,39,1,598,8,3367,71,80
598,39,1,599,2,3369,0,20
599,39,1,600,7,3376,101,70
600,39,1,601,2,3378,22,20
601,39,1,602,5,3383,0,50
602,39,1,603,3,3386,72,30
603,39,1,604,5,3391,47,50
604,39,1,605,4,3395,44,40
605,39,1,606,7,3402,71,70
606,39,1,607,6,3408,54,60
607,39,1,608,6,3414,55,60
608,39,1,609,8,3422,70,80
609,39,1,610,6,3428,0,60
610,39,1,611,7,3435,110,70
611,39,1,612,5,3440,56,50
612,39,1,613,5,3445,57,50
613,39,1,614,2,3447,19,20
614,39,1,615,2,3449,19,20
615,39,1,616,5,3454,53,50
616,39,1,617,9,3463,79,90
617,39,1,618,7,3470,63,70
618,39,1,619,2,3472,17,20
619,39,1,620,7,3479,64,70
620,39,1,621,6,3485,62,60
621,39,1,622,2,3487,12,20
622,39,1,623,3,3490,26,30
623,39,1,624,8,3498,86,80
624,39,1,625,9,3507,90,90
625,39,1,626,7,3514,74,70
626,39,1,627,3,3517,33,30
627,39,1,628,5,3522,56,50
628,39,1,629,9,3531,98,90
629,39,1,630,6,3537,61,60
630,39,1,631,2,3539,13,20
631,39,1,632,6,3545,60,60
632,39,1,633,9,3554,84,90
633,39,1,634,4,3558,47,40
634,39,1,635,5,3563,0,50
635,39,1,636,5,3568,109,50
636,39,1,637,7,3575,0,70
637,39,1,638,7,3582,143,70
638,39,1,639,7,3589,58,70
639,39,1,640,4,3593,38,40
640,39,1,641,2,3595,10,20
641,39,1,642,3,3598,22,30
642,39,1,643,6,3604,62,60
643,39,1,644,3,3607,0,30
644,39,1,645,4,3611,0,40
645,39,1,646,4,3615,97,40
646,39,1,647,9,3624,98,90
647,39,1,648,5,3629,57,50
648,39,1,649,4,3633,35,40
649,39,1,650,7,3640,78,70
650,39,1,651,6,3646,55,60
651,39,1,652,7,3653,64,70
652,39,1,653,3,3656,29,30
653,39,1,654,6,3662,67,60
654,39,1,655,8,3670,80,80
655,39,1,656,8,3678,97,80
656,39,1,657,8,3686,75,80
657,39,1,658,7,3693,61,70
658,39,1,659,6,3699,63,60
659,39,1,660,5,3704,0,50
660,39,1,661,8,3712,144,80
661,39,1,662,7,3719,73,70
662,39,1,663,8,3727,82,80
663,39,1,664,4,3731,44,40
664,39,1,665,8,3739,66,80
665,39,1,666,3,3742,25,30
666,39,1,667,9,3751,84,90
667,39,1,668,3,3754,26,30
668,39,1,669,2,3756,16,20
669,39,1,670,9,3765,0,90
670,39,1,671,3,3768,126,30
671,39,1,672,9,3777,0,90
672,39,1,673,3,3780,102,30
673,39,1,674,4,3784,37,40
674,39,1,675,3,3787,22,30
675,39,1,676,5,3792,54,50
676,39,1,677,2,3794,15,20
677,39,1,678,3,3797,32,30
678,39,1,679,8,3805,81,80
679,39,1,680,8,3813,64,80
680,39,1,681,7,3820,81,70
681,39,1,682,6,3826,49,60
682,39,1,683,9,3835,90,90
683,39,1,684,8,3843,92,80
684,39,1,685,2,3845,17,20
685,39,1,686,8,3853,78,80
686,39,1,687,2,3855,19,20
687,39,1,688,4,3859,47,40
688,39,1,689,7,3866,65,70
689,39,1,690,4,3870,33,40
690,39,1,691,3,3873,27,30
691,39,1,692,4,3877,33,40
692,39,1,693,2,3879,25,20
693,39,1,694,2,3881,16,20
694,39,1,695,5,3886,48,50
695,39,1,696,7,3893,0,70
696,39,1,697,3,3896,107,30
697,39,1,698,6,3902,56,60
698,39,1,699,4,3906,0,40
699,39,1,700,4,3910,85,40
700,39,1,701,7,3917,83,70
701,39,1,702,3,3920,30,30
702,39,1,703,6,3926,0,60
703,39,1,704,9,3935,157,90
704,39,1,705,3,3938,23,30
705,39,1,706,4,3942,0,40
706,39,1,707,3,3945,76,30
707,39,1,708,9,3954,81,90
708,39,1,709,9,3963,102,90
709,39,1,710,2,3965,18,20
710,39,1,711,2,3967,0,20
711,39,1,712,2,3969,0,20
712,39,1,713,5,3974,88,50
713,39,1,714,6,3980,58,60
714,39,1,715,5,3985,53,50
715,39,1,716,5,3990,35,50
716,39,1,717,9,3999,0,90
717,39,1,718,3,4002,119,30
718,39,1,719,2,4004,24,20
719,39,1,720,7,4011,77,70
720,39,1,721,3,4014,27,30
721,39,1,722,2,4016,18,20
722,39,1,723,5,4021,44,50
723,39,1,724,5,4026,43,50
724,39,1,725,2,4028,28,20
725,39,1,726,7,4035,0,70
726,39,1,727,4,4039,116,40
727,39,1,728,5,4044,52,50
728,39,1,729,7,4051,67,70
729,39,1,730,2,4053,23,20
730,39,1,731,8,4061,0,80
731,39,1,732,6,4067,0,60
732,39,1,733,5,4072,209,50
733,39,1,734,7,4079,0,70
734,39,1,735,7,4086,152,70
735,39,1,736,4,4090,42,40
736,39,1,737,5,4095,54,50
737,39,1,738,7,4102,64,70
738,39,1,739,9,4111,95,90
739,39,1,740,4,4115,30,40
740,39,1,741,5,4120,55,50
741,39,1,742,4,4124,42,40
742,39,1,743,6,4130,54,60
743,39,1,744,2,4132,19,20
744,39,1,745,3,4135,28,30
745,39,1,746,9,4144,99,90
746,39,1,747,4,4148,0,40
747,39,1,748,9,4157,128,90
748,39,1,749,5,4162,40,50
749,39,1,750,4,4166,41,40
750,39,1,751,7,4173,69,70
751,39,1,752,6,4179,68,60
752,39,1,753,3,4182,32,30
753,39,1,754,9,4191,81,90
754,39,1,755,7,4198,0,70
755,39,1,756,5,4203,132,50
756,39,1,757,8,4211,0,80
757,39,1,758,3,4214,124,30
758,39,1,759,4,4218,46,40
759,39,1,760,7,4225,75,70
760,39,1,761,4,4229,0,40
761,39,1,762,5,4234,104,50
762,39,1,763,8,4242,0,80
763,39,1,764,2,4244,88,20
764,39,1,765,5,4249,45,50
765,39,1,766,9,4258,89,90
766,39,1,767,2,4260,16,20
767,39,1,768,7,4267,85,70
768,39,1,769,5,4272,50,50
769,39,1,770,2,4274,0,20
770,39,1,771,7,4281,92,70
771,39,1,772,3,4284,33,30
772,39,1,773,4,4288,50,40
773,39,1,774,6,4294,56,60
774,39,1,775,5,4299,51,50
775,39,1,776,2,4301,23,20
776,39,1,777,4,4305,49,40
777,39,1,778,2,4307,21,20
778,39,1,779,2,4309,16,20
779,39,1,780,5,4314,42,50
780,39,1,781,4,4318,0,40
781,39,1,782,3,4321,61,30
782,39,1,783,8,4329,81,80
783,39,1,784,3,4332,38,30
784,39,1,785,5,4337,0,50
785,39,1,786,4,4341,108,40
786,39,1,787,8,4349,68,80
787,39,1,788,7,4356,0,70
788,39,1,789,3,4359,89,30
789,39,1,790,9,4368,89,90
790,39,1,791,6,4374,64,60
791,39,1,792,6,4380,69,60
792,39,1,793,6,4386,61,60
793,39,1,794,4,4390,50,40
794,39,1,795,6,4396,0,60
795,39,1,796,8,4404,110,80
796,39,1,797,9,4413,91,90
797,39,1,798,2,4415,19,20
798,39,1,799,3,4418,36,30
799,39,1,800,7,4425,61,70
800,39,1,801,2,4427,28,20
801,39,1,802,7,4434,65,70
802,39,1,803,9,4443,0,90
803,39,1,804,5,4448,120,50
804,39,1,805,9,4457,96,90
805,39,1,806,6,4463,65,60
806,39,1,807,5,4468,43,50
807,39,1,808,6,4474,69,60
808,39,1,809,2,4476,25,20
809,39,1,810,8,4484,80,80
810,39,1,811,3,4487,26,30
811,39,1,812,7,4494,0,70
812,39,1,813,2,4496,0,20
813,39,1,814,7,4503,151,70
814,39,1,815,3,4506,29,30
815,39,1,816,6,4512,76,60
816,39,1,817,7,4519,68,70
817,39,1,818,3,4522,26,30
818,39,1,819,2,4524,0,20
819,39,1,820,6,4530,74,60
820,39,1,821,4,4534,42,40
821,39,1,822,4,4538,44,40
822,39,1,823,6,4544,67,60
823,39,1,824,7,4551,70,70
824,39,1,825,9,4560,101,90
825,39,1,826,7,4567,0,70
826,39,1,827,2,4569,86,20
827,39,1,828,3,4572,30,30
828,39,1,829,4,4576,43,40
829,39,1,830,6,4582,73,60
830,39,1,831,6,4588,0,60
831,39,1,832,7,4595,0,70
832,39,1,833,3,4598,141,30
833,39,1,834,7,4605,58,70
834,39,1,835,5,4610,49,50
835,39,1,836,7,4617,0,70
836,39,1,837,8,4625,164,80
837,39,1,838,3,4628,36,30
838,39,1,839,5,4633,0,50
839,39,1,840,4,4637,84,40
840,39,1,841,7,4644,0,70
841,39,1,842,9,4653,150,90
842,39,1,843,6,4659,64,60
843,39,1,844,5,4664,54,50
844,39,1,845,9,4673,79,90
845,39,1,846,6,4679,56,60
846,39,1,847,3,4682,37,30
847,39,1,848,5,4687,50,50
848,39,1,849,4,4691,36,40
849,39,1,850,8,4699,92,80
850,39,1,851,7,4706,70,70
851,39,1,852,6,4712,69,60
852,39,1,853,9,4721,96,90
853,39,1,854,6,4727,59,60
854,39,1,855,4,4731,40,40
855,39,1,856,7,4738,66,70
856,39,1,857,4,4742,52,40
857,39,1,858,3,4745,34,30
858,39,1,859,6,4751,77,60
859,39,1,860,9,4760,91,90
860,39,1,861,3,4763,25,30
861,39,1,862,8,4771,71,80
862,39,1,863,5,4776,0,50
863,39,1,864,9,4785,155,90
864,39,1,865,9,4794,0,90
865,39,1,866,2,4796,114,20
866,39,1,867,4,4800,37,40
867,39,1,868,6,4806,58,60
868,39,1,869,2,4808,20,20
869,39,1,870,3,4811,35,30
870,39,1,871,9,4820,87,90
871,39,1,872,8,4828,74,80
872,39,1,873,2,4830,15,20
873,39,1,874,9,4839,0,90
874,39,1,875,2,4841,106,20
875,39,1,876,7,4848,68,70
876,39,1,877,4,4852,50,40
877,39,1,878,2,4854,0,20
878,39,1,879,7,4861,0,70
879,39,1,880,5,4866,125,50
880,39,1,881,3,4869,0,30
881,39,1,882,4,4873,0,40
882,39,1,883,7,4880,132,70
883,39,1,884,4,4884,40,40
884,39,1,885,9,4893,0,90
885,39,1,886,3,4896,121,30
886,39,1,887,4,4900,46,40
887,39,1,888,3,4903,0,30
888,39,1,889,8,4911,0,80
889,39,1,890,2,4913,138,20
890,39,1,891,2,4915,24,20
891,39,1,892,8,4923,90,80
892,39,1,893,4,4927,49,40
893,39,1,894,7,4934,62,70
894,39,1,895,7,4941,67,70
895,39,1,896,2,4943,24,20
896,39,1,897,9,4952,110,90
897,39,1,898,2,4954,18,20
898,39,1,899,4,4958,46,40
899,39,1,900,9,4967,91,90
900,39,1,901,5,4972,54,50
901,39,1,902,4,4976,35,40
902,39,1,903,9,4985,87,90
903,39,1,904,9,4994,0,90
904,39,1,905,4,4998,143,40
905,39,2,1,8,8,0,80
906,39,2,2,6,14,130,60
907,39,2,3,8,22,81,80
908,39,2,4,2,24,25,20
909,39,2,5,7,31,72,70
910,39,2,6,2,33,19,20
911,39,2,7,2,35,0,20
912,39,2,8,6,41,0,60
913,39,2,9,6,47,165,60
914,39,2,10,3,50,29,30
915,39,2,11,5,55,48,50
916,39,2,12,5,60,53,50
917,39,2,13,8,68,81,80
918,39,2,14,7,75,76,70
919,39,2,15,5,80,0,50
920,39,2,16,2,82,73,20
921,39,2,17,7,89,63,70
922,39,2,18,6,95,47,60
923,39,2,19,4,99,0,40
924,39,2,20,2,101,60,20
925,39,2,21,8,109,85,80
926,39,2,22,9,118,89,90
927,39,2,23,9,127,86,90
928,39,2,24,6,133,49,60
929,39,2,25,4,137,36,40
930,39,2,26,5,142,49,50
931,39,2,27,5,147,49,50
932,39,2,28,4,151,33,40
933,39,2,29,2,153,25,20
934,39,2,30,7,160,0,70
935,39,2,31,3,163,104,30
936,39,2,32,5,168,50,50
937,39,2,33,3,171,27,30
938,39,2,34,2,173,14,20
939,39,2,35,9,182,86,90
940,39,2,36,6,188,69,60
941,39,2,37,7,195,0,70
942,39,2,38,2,197,0,20
943,39,2,39,8,205,176,80
944,39,2,40,5,210,39,50
945,39,2,41,5,215,50,50
946,39,2,42,3,218,26,30
947,39,2,43,4,222,0,40
948,39,2,44,6,228,117,60
949,39,2,45,5,233,59,50
950,39,2,46,3,236,0,30
951,39,2,47,9,245,113,90
952,39,2,48,4,249,48,40
953,39,2,49,4,253,40,40
954,39,2,50,5,258,0,50
955,39,2,51,9,267,144,90
956,39,2,52,7,274,69,70
957,39,2,53,2,276,20,20
958,39,2,54,3,279,28,30
959,39,2,55,3,282,30,30
960,39,2,56,4,286,45,40
961,39,2,57,4,290,39,40
962,39,2,58,5,295,55,50
963,39,2,59,8,303,90,80
964,39,2,60,4,307,45,40
965,39,2,61,7,314,64,70
966,39,2,62,3,317,36,30
967,39,2,63,5,322,55,50
968,39,2,64,9,331,0,90
969,39,2,65,6,337,132,60
970,39,2,66,3,340,28,30
971,39,2,67,3,343,38,30
972,39,2,68,3,346,36,30
973,39,2,69,7,353,61,70
974,39,2,70,4,357,48,40
975,39,2,71,8,365,64,80
976,39,2,72,6,371,63,60
977,39,2,73,5,376,46,50
978,39,2,74,8,384,83,80
979,39,2,75,3,387,0,30
980,39,2,76,7,394,108,70
981,39,2,77,4,398,46,40
982,39,2,78,5,403,41,50
983,39,2,79,2,405,0,20
984,39,2,80,5,410,67,50
985,39,2,81,8,418,93,80
986,39,2,82,4,422,36,40
987,39,2,83,9,431,95,90
988,39,2,84,9,440,83,90
989,39,2,85,9,449,106,90
990,39,2,86,4,453,39,40
991,39,2,87,4,457,36,40
992,39,2,88,5,462,59,50
993,39,2,89,5,467,47,50
994,39,2,90,9,476,74,90
995,39,2,91,3,479,32,30
996,39,2,92,8,487,72,80
997,39,2,93,8,495,84,80
998,39,2,94,3,498,30,30
999,39,2,95,3,501,28,30
1000,39,2,96,9,510,94,90
1001,39,2,97,9,519,85,90
1002,39,2,98,7,526,64,70
1003,39,2,99,5,531,50,50
1004,39,2,100,8,539,92,80
1005,39,2,101,7,546,63,70
1006,39,2,102,7,553,88,70
1007,39,2,103,3,556,28,30
1008,39,2,104,8,564,80,80
1009,39,2,105,5,569,58,50
1010,39,2,106,6,575,70,60
1011,39,2,107,9,584,79,90
1012,39,2,108,4,588,28,40
1013,39,2,109,7,595,62,70
1014,39,2,110,6,601,82,60
1015,39,2,111,9,610,101,90
1016,39,2,112,9,619,84,90
1017,39,2,113,4,623,43,40
1018,39,2,114,2,625,23,20
1019,39,2,115,8,633,74,80
1020,39,2,116,7,640,68,70
1021,39,2,117,7,647,65,70
1022,39,2,118,7,654,67,70
1023,39,2,119,7,661,0,70
1024,39,2,120,2,663,78,20
1025,39,2,121,6,669,0,60
1026,39,2,122,3,672,86,30
1027,39,2,123,4,676,0,40
1028,39,2,124,8,684,0,80
1029,39,2,125,8,692,191,80
1030,39,2,126,9,701,91,90
1031,39,2,127,4,705,36,40
1032,39,2,128,6,711,57,60
1033,39,2,129,7,718,70,70
1034,39,2,130,6,724,66,60
1035,39,2,131,7,731,74,70
1036,39,2,132,8,739,93,80
1037,39,2,133,3,742,0,30
1038,39,2,134,5,747,86,50
1039,39,2,135,6,753,70,60
1040,39,2,136,3,756,25,30
1041,39,2,137,6,762,0,60
1042,39,2,138,7,769,108,70
1043,39,2,139,7,776,72,70
1044,39,2,140,3,779,40,30
1045,39,2,141,6,785,0,60
1046,39,2,142,6,791,116,60
1047,39,2,143,2,793,21,20
1048,39,2,144,3,796,27,30
1049,39,2,145,5,801,55,50
1050,39,2,146,5,806,44,50
1051,39,2,147,2,808,0,20
1052,39,2,148,6,814,90,60
1053,39,2,149,6,820,52,60
1054,39,2,150,7,827,67,70
1055,39,2,151,7,834,73,70
1056,39,2,152,7,841,77,70
1057,39,2,153,7,848,76,70
1058,39,2,154,4,852,0,40
1059,39,2,155,2,854,53,20
1060,39,2,156,3,857,34,30
1061,39,2,157,8,865,90,80
1062,39,2,158,2,867,18,20
1063,39,2,159,7,874,66,70
1064,39,2,160,8,882,81,80
1065,39,2,161,9,891,73,90
1066,39,2,162,4,895,39,40
1067,39,2,163,5,900,59,50
1068,39,2,164,5,905,50,50
1069,39,2,165,8,913,85,80
1070,39,2,166,7,920,0,70
1071,39,2,167,8,928,159,80
1072,39,2,168,4,932,36,40
1073,39,2,169,3,935,18,30
1074,39,2,170,5,940,47,50
1075,39,2,171,5,945,62,50
1076,39,2,172,5,950,57,50
1077,39,2,173,4,954,41,40
1078,39,2,174,9,963,90,90
1079,39,2,175,2,965,24,20
1080,39,2,176,2,967,22,20
1081,39,2,177,6,973,69,60
1082,39,2,178,7,980,69,70
1083,39,2,179,7,987,75,70
1084,39,2,180,7,994,53,70
1085,39,2,181,9,1003,81,90
1086,39,2,182,6,1009,62,60
1087,39,2,183,8,1017,69,80
1088,39,2,184,5,1022,51,50
1089,39,2,185,6,1028,65,60
1090,39,2,186,3,1031,0,30
1091,39,2,187,6,1037,90,60
1092,39,2,188,2,1039,23,20
1093,39,2,189,3,1042,0,30
1094,39,2,190,4,1046,0,40
1095,39,2,191,3,1049,93,30
1096,39,2,192,4,1053,46,40
1097,39,2,193,9,1062,80,90
1098,39,2,194,7,1069,0,70
1099,39,2,195,4,1073,109,40
1100,39,2,196,6,1079,0,60
1101,39,2,197,2,1081,76,20
1102,39,2,198,3,1084,0,30
1103,39,2,199,8,1092,90,80
1104,39,2,200,7,1099,72,70
1105,39,2,201,3,1102,22,30
1106,39,2,202,2,1104,19,20
1107,39,2,203,8,1112,0,80
1108,39,2,204,3,1115,0,30
1109,39,2,205,7,1122,0,70
1110,39,2,206,5,1127,242,50
1111,39,2,207,2,1129,18,20
1112,39,2,208,5,1134,54,50
1113,39,2,209,3,1137,33,30
1114,39,2,210,5,1142,43,50
1115,39,2,211,8,1150,76,80
1116,39,2,212,3,1153,30,30
1117,39,2,213,3,1156,0,30
1118,39,2,214,8,1164,98,80
1119,39,2,215,2,1166,25,20
1120,39,2,216,8,1174,81,80
1121,39,2,217,2,1176,0,20
1122,39,2,218,9,1185,106,90
1123,39,2,219,2,1187,21,20
1124,39,2,220,2,1189,19,20
1125,39,2,221,4,1193,31,40
1126,39,2,222,8,1201,79,80
1127,39,2,223,2,1203,25,20
1128,39,2,224,5,1208,46,50
1129,39,2,225,8,1216,95,80
1130,39,2,226,6,1222,54,60
1131,39,2,227,8,1230,80,80
1132,39,2,228,8,1238,80,80
1133,39,2,229,8,1246,77,80
1134,39,2,230,3,1249,25,30
1135,39,2,231,4,1253,39,40
1136,39,2,232,3,1256,24,30
1137,39,2,233,7,1263,69,70
1138,39,2,234,4,1267,40,40
1139,39,2,235,7,1274,59,70
1140,39,2,236,5,1279,50,50
1141,39,2,237,3,1282,30,30
1142,39,2,238,6,1288,62,60
1143,39,2,239,3,1291,34,30
1144,39,2,240,6,1297,58,60
1145,39,2,241,2,1299,17,20
1146,39,2,242,2,1301,0,20
1147,39,2,243,6,1307,69,60
1148,39,2,244,2,1309,0,20
1149,39,2,245,7,1316,72,70
1150,39,2,246,5,1321,48,50
1151,39,2,247,3,1324,31,30
1152,39,2,248,7,1331,75,70
1153,39,2,249,9,1340,89,90
1154,39,2,250,5,1345,46,50
1155,39,2,251,9,1354,95,90
1156,39,2,252,5,1359,58,50
1157,39,2,253,4,1363,41,40
1158,39,2,254,7,1370,68,70
1159,39,2,255,3,1373,36,30
1160,39,2,256,2,1375,21,20
1161,39,2,257,2,1377,0,20
1162,39,2,258,2,1379,37,20
1163,39,2,259,6,1385,63,60
1164,39,2,260,4,1389,43,40
1165,39,2,261,4,1393,41,40
1166,39,2,262,7,1400,63,70
1167,39,2,263,6,1406,48,60
1168,39,2,264,4,1410,35,40
1169,39,2,265,6,1416,55,60
1170,39,2,266,2,1418,19,20
1171,39,2,267,9,1427,75,90
1172,39,2,268,8,1435,79,80
1173,39,2,269,9,1444,88,90
1174,39,2,270,3,1447,27,30
1175,39,2,271,4,1451,43,40
1176,39,2,272,4,1455,41,40
1177,39,2,273,3,1458,26,30
1178,39,2,274,3,1461,37,30
1179,39,2,275,8,1469,73,80
1180,39,2,276,8,1477,0,80
1181,39,2,277,7,1484,131,70
1182,39,2,278,5,1489,0,50
1183,39,2,279,7,1496,0,70
1184,39,2,280,4,1500,0,40
1185,39,2,281,2,1502,176,20
1186,39,2,282,5,1507,0,50
1187,39,2,283,6,1513,112,60
1188,39,2,284,6,1519,75,60
1189,39,2,285,2,1521,0,20
1190,39,2,286,3,1524,43,30
1191,39,2,287,8,1532,100,80
1192,39,2,288,3,1535,0,30
1193,39,2,289,2,1537,44,20
1194,39,2,290,9,1546,78,90
1195,39,2,291,6,1552,59,60
1196,39,2,292,8,1560,90,80
1197,39,2,293,8,1568,97,80
1198,39,2,294,4,1572,0,40
1199,39,2,295,2,1574,0,20
1200,39,2,296,4,1578,99,40
1201,39,2,297,9,1587,99,90
1202,39,2,298,8,1595,82,80
1203,39,2,299,4,1599,46,40
1204,39,2,300,2,1601,11,20
1205,39,2,301,2,1603,17,20
1206,39,2,302,9,1612,95,90
1207,39,2,303,7,1619,68,70
1208,39,2,304,7,1626,62,70
1209,39,2,305,7,1633,75,70
1210,39,2,306,5,1638,49,50
1211,39,2,307,7,1645,77,70
1212,39,2,308,2,1647,25,20
1213,39,2,309,2,1649,22,20
1214,39,2,310,4,1653,41,40
1215,39,2,311,9,1662,92,90
1216,39,2,312,5,1667,51,50
1217,39,2,313,2,1669,26,20
1218,39,2,314,6,1675,68,60
1219,39,2,315,8,1683,64,80
1220,39,2,316,2,1685,26,20
1221,39,2,317,5,1690,43,50
1222,39,2,318,4,1694,41,40
1223,39,2,319,6,1700,64,60
1224,39,2,320,8,1708,76,80
1225,39,2,321,3,1711,39,30
1226,39,2,322,8,1719,81,80
1227,39,2,323,5,1724,52,50
1228,39,2,324,9,1733,81,90
1229,39,2,325,9,1742,0,90
1230,39,2,326,5,1747,0,50
1231,39,2,327,8,1755,234,80
1232,39,2,328,4,1759,42,40
1233,39,2,329,2,1761,27,20
1234,39,2,330,6,1767,45,60
1235,39,2,331,7,1774,63,70
1236,39,2,332,9,1783,85,90
1237,39,2,333,2,1785,0,20
1238,39,2,334,5,1790,0,50
1239,39,2,335,2,1792,89,20
1240,39,2,336,8,1800,77,80
1241,39,2,337,5,1805,59,50
1242,39,2,338,6,1811,51,60
1243,39,2,339,9,1820,82,90
1244,39,2,340,6,1826,56,60
1245,39,2,341,6,1832,65,60
1246,39,2,342,4,1836,46,40
1247,39,2,343,9,1845,112,90
1248,39,2,344,3,1848,30,30
1249,39,2,345,2,1850,22,20
1250,39,2,346,6,1856,49,60
1251,39,2,347,9,1865,94,90
1252,39,2,348,6,1871,74,60
1253,39,2,349,9,1880,90,90
1254,39,2,350,8,1888,85,80
1255,39,2,351,5,1893,53,50
1256,39,2,352,9,1902,100,90
1257,39,2,353,7,1909,71,70
1258,39,2,354,5,1914,56,50
1259,39,2,355,3,1917,40,30
1260,39,2,356,4,1921,52,40
1261,39,2,357,7,1928,0,70
1262,39,2,358,3,1931,0,30
1263,39,2,359,2,1933,124,20
1264,39,2,360,2,1935,23,20
1265,39,2,361,7,1942,0,70
1266,39,2,362,3,1945,120,30
1267,39,2,363,7,1952,84,70
1268,39,2,364,8,1960,80,80
1269,39,2,365,5,1965,45,50
1270,39,2,366,8,1973,93,80
1271,39,2,367,3,1976,34,30
1272,39,2,368,5,1981,46,50
1273,39,2,369,4,1985,45,40
1274,39,2,370,8,1993,0,80
1275,39,2,371,5,1998,139,50
1276,39,2,372,7,2005,68,70
1277,39,2,373,3,2008,35,30
1278,39,2,374,3,2011,37,30
1279,39,2,375,7,2018,88,70
1280,39,2,376,5,2023,43,50
1281,39,2,377,4,2027,41,40
1282,39,2,378,6,2033,0,60
1283,39,2,379,7,2040,148,70
1284,39,2,380,3,2043,37,30
1285,39,2,381,3,2046,32,30
1286,39,2,382,8,2054,72,80
1287,39,2,383,3,2057,33,30
1288,39,2,384,6,2063,52,60
1289,39,2,385,4,2067,34,40
1290,39,2,386,9,2076,0,90
1291,39,2,387,7,2083,166,70
1292,39,2,388,5,2088,42,50
1293,39,2,389,5,2093,50,50
1294,39,2,390,6,2099,46,60
1295,39,2,391,9,2108,92,90
1296,39,2,392,8,2116,81,80
1297,39,2,393,7,2123,0,70
1298,39,2,394,2,2125,93,20
1299,39,2,395,4,2129,31,40
1300,39,2,396,2,2131,0,20
1301,39,2,397,5,2136,80,50
1302,39,2,398,9,2145,102,90
1303,39,2,399,9,2154,94,90
1304,39,2,400,6,2160,70,60
1305,39,2,401,2,2162,16,20
1306,39,2,402,8,2170,70,80
1307,39,2,403,5,2175,48,50
1308,39,2,404,7,2182,0,70
1309,39,2,405,6,2188,0,60
1310,39,2,406,7,2195,197,70
1311,39,2,407,6,2201,58,60
1312,39,2,408,7,2208,68,70
1313,39,2,409,9,2217,95,90
1314,39,2,410,5,2222,53,50
1315,39,2,411,6,2228,67,60
1316,39,2,412,2,2230,20,20
1317,39,2,413,8,2238,72,80
1318,39,2,414,7,2245,79,70
1319,39,2,415,9,2254,91,90
1320,39,2,416,7,2261,76,70
1321,39,2,417,8,2269,78,80
1322,39,2,418,3,2272,30,30
1323,39,2,419,2,2274,14,20
1324,39,2,420,5,2279,38,50
1325,39,2,421,8,2287,97,80
1326,39,2,422,9,2296,97,90
1327,39,2,423,2,2298,15,20
1328,39,2,424,8,2306,87,80
1329,39,2,425,7,2313,74,70
1330,39,2,426,5,2318,55,50
1331,39,2,427,4,2322,31,40
1332,39,2,428,8,2330,71,80
1333,39,2,429,3,2333,30,30
1334,39,2,430,3,2336,36,30
1335,39,2,431,3,2339,31,30
1336,39,2,432,5,2344,47,50
1337,39,2,433,4,2348,47,40
1338,39,2,434,9,2357,88,90
1339,39,2,435,5,2362,50,50
1340,39,2,436,7,2369,51,70
1341,39,2,437,2,2371,0,20
1342,39,2,438,4,2375,64,40
1343,39,2,439,2,2377,21,20
1344,39,2,440,7,2384,74,70
1345,39,2,441,3,2387,32,30
1346,39,2,442,7,2394,0,70
1347,39,2,443,4,2398,0,40
1348,39,2,444,8,2406,0,80
1349,39,2,445,4,2410,0,40
1350,39,2,446,8,2418,277,80
1351,39,2,447,3,2421,35,30
1352,39,2,448,7,2428,61,70
1353,39,2,449,5,2433,49,50
1354,39,2,450,2,2435,0,20
1355,39,2,451,8,2443,99,80
1356,39,2,452,8,2451,70,80
1357,39,2,453,9,2460,92,90
1358,39,2,454,3,2463,0,30
1359,39,2,455,8,2471,92,80
1360,39,2,456,9,2480,87,90
1361,39,2,457,2,2482,23,20
1362,39,2,458,2,2484,18,20
1363,39,2,459,4,2488,33,40
1364,39,2,460,7,2495,0,70
1365,39,2,461,7,2502,144,70
1366,39,2,462,2,2504,22,20
1367,39,2,463,4,2508,0,40
1368,39,2,464,7,2515,97,70
1369,39,2,465,2,2517,0,20
1370,39,2,466,8,2525,78,80
1371,39,2,467,3,2528,31,30
1372,39,2,468,4,2532,38,40
1373,39,2,469,2,2534,17,20
1374,39,2,470,4,2538,55,40
1375,39,2,471,2,2540,20,20
1376,39,2,472,2,2542,20,20
1377,39,2,473,9,2551,90,90
1378,39,2,474,6,2557,58,60
1379,39,2,475,2,2559,22,20
1380,39,2,476,8,2567,80,80
1381,39,2,477,7,2574,72,70
1382,39,2,478,2,2576,17,20
1383,39,2,479,4,2580,43,40
1384,39,2,480,8,2588,84,80
1385,39,2,481,8,2596,81,80
1386,39,2,482,6,2602,49,60
1387,39,2,483,9,2611,0,90
1388,39,2,484,8,2619,172,80
1389,39,2,485,9,2628,93,90
1390,39,2,486,4,2632,41,40
1391,39,2,487,9,2641,71,90
1392,39,2,488,5,2646,39,50
1393,39,2,489,3,2649,31,30
1394,39,2,490,5,2654,45,50
1395,39,2,491,5,2659,57,50
1396,39,2,492,5,2664,47,50
1397,39,2,493,3,2667,33,30
1398,39,2,494,8,2675,0,80
1399,39,2,495,7,2682,0,70
1400,39,2,496,2,2684,150,20
1401,39,2,497,6,2690,0,60
1402,39,2,498,4,2694,103,40
1403,39,2,499,9,2703,0,90
1404,39,2,500,8,2711,177,80
1405,39,2,501,2,2713,23,20
1406,39,2,502,9,2722,90,90
1407,39,2,503,5,2727,59,50
1408,39,2,504,6,2733,66,60
1409,39,2,505,6,2739,59,60
1410,39,2,506,6,2745,61,60
1411,39,2,507,9,2754,91,90
1412,39,2,508,2,2756,20,20
1413,39,2,509,5,2761,40,50
1414,39,2,510,9,2770,80,90
1415,39,2,511,4,2774,47,40
1416,39,2,512,5,2779,50,50
1417,39,2,513,7,2786,79,70
1418,39,2,514,6,2792,62,60
1419,39,2,515,3,2795,38,30
1420,39,2,516,3,2798,44,30
1421,39,2,517,2,2800,20,20
1422,39,2,518,7,2807,78,70
1423,39,2,519,9,2816,84,90
1424,39,2,520,9,2825,84,90
1425,39,2,521,6,2831,61,60
1426,39,2,522,9,2840,102,90
1427,39,2,523,9,2849,73,90
1428,39,2,524,4,2853,0,40
1429,39,2,525,7,2860,88,70
1430,39,2,526,8,2868,84,80
1431,39,2,527,9,2877,82,90
1432,39,2,528,7,2884,71,70
1433,39,2,529,3,2887,25,30
1434,39,2,530,7,2894,69,70
1435,39,2,531,7,2901,81,70
1436,39,2,532,9,2910,96,90
1437,39,2,533,2,2912,16,20
1438,39,2,534,5,2917,48,50
1439,39,2,535,5,2922,52,50
1440,39,2,536,9,2931,100,90
1441,39,2,537,4,2935,30,40
1442,39,2,538,3,2938,21,30
1443,39,2,539,7,2945,73,70
1444,39,2,540,8,2953,102,80
1445,39,2,541,9,2962,72,90
1446,39,2,542,6,2968,59,60
1447,39,2,543,2,2970,23,20
1448,39,2,544,8,2978,0,80
1449,39,2,545,3,2981,99,30
1450,39,2,546,5,2986,54,50
1451,39,2,547,2,2988,22,20
1452,39,2,548,5,2993,0,50
1453,39,2,549,4,2997,88,40
1454,39,2,550,7,3004,81,70
1455,39,2,551,5,3009,48,50
1456,39,2,552,4,3013,47,40
1457,39,2,553,6,3019,68,60
1458,39,2,554,8,3027,89,80
1459,39,2,555,6,3033,62,60
1460,39,2,556,9,3042,101,90
1461,39,2,557,9,3051,0,90
1462,39,2,558,3,3054,111,30
1463,39,2,559,5,3059,0,50
1464,39,2,560,4,3063,82,40
1465,39,2,561,3,3066,43,30
1466,39,2,562,9,3075,0,90
1467,39,2,563,3,3078,0,30
1468,39,2,564,3,3081,0,30
1469,39,2,565,7,3088,218,70
1470,39,2,566,6,3094,59,60
1471,39,2,567,8,3102,0,80
1472,39,2,568,2,3104,101,20
1473,39,2,569,3,3107,29,30
1474,39,2,570,7,3114,69,70
1475,39,2,571,5,3119,51,50
1476,39,2,572,2,3121,0,20
1477,39,2,573,6,3127,82,60
1478,39,2,574,4,3131,42,40
1479,39,2,575,9,3140,82,90
1480,39,2,576,2,3142,17,20
1481,39,2,577,3,3145,0,30
1482,39,2,578,9,3154,131,90
1483,39,2,579,5,3159,47,50
1484,39,2,580,4,3163,40,40
1485,39,2,581,2,3165,21,20
1486,39,2,582,8,3173,0,80
1487,39,2,583,9,3182,172,90
1488,39,2,584,9,3191,0,90
1489,39,2,585,8,3199,192,80
1490,39,2,586,3,3202,32,30
1491,39,2,587,9,3211,78,90
1492,39,2,588,9,3220,88,90
1493,39,2,589,2,3222,0,20
1494,39,2,590,7,3229,0,70
1495,39,2,591,4,3233,140,40
1496,39,2,592,4,3237,32,40
1497,39,2,593,3,3240,30,30
1498,39,2,594,4,3244,42,40
1499,39,2,595,3,3247,26,30
1500,39,2,596,9,3256,76,90
1501,39,2,597,9,3265,89,90
1502,39,2,598,4,3269,41,40
1503,39,2,599,5,3274,46,50
1504,39,2,600,9,3283,74,90
1505,39,2,601,7,3290,56,70
1506,39,2,602,7,3297,57,70
1507,39,2,603,4,3301,41,40
1508,39,2,604,8,3309,73,80
1509,39,2,605,5,3314,65,50
1510,39,2,606,3,3317,38,30
1511,39,2,607,9,3326,108,90
1512,39,2,608,7,3333,78,70
1513,39,2,609,3,3336,0,30
1514,39,2,610,4,3340,77,40
1515,39,2,611,4,3344,0,40
1516,39,2,612,3,3347,85,30
1517,39,2,613,9,3356,99,90
1518,39,2,614,3,3359,28,30
1519,39,2,615,3,3362,30,30
1520,39,2,616,5,3367,63,50
1521,39,2,617,9,3376,84,90
1522,39,2,618,6,3382,48,60
1523,39,2,619,8,3390,78,80
1524,39,2,620,3,3393,23,30
1525,39,2,621,7,3400,0,70
1526,39,2,622,3,3403,99,30
1527,39,2,623,6,3409,47,60
1528,39,2,624,7,3416,0,70
1529,39,2,625,6,3422,158,60
1530,39,2,626,6,3428,61,60
1531,39,2,627,7,3435,74,70
1532,39,2,628,9,3444,61,90
1533,39,2,629,6,3450,70,60
1534,39,2,630,7,3457,74,70
1535,39,2,631,8,3465,90,80
1536,39,2,632,4,3469,35,40
1537,39,2,633,3,3472,24,30
1538,39,2,634,3,3475,0,30
1539,39,2,635,5,3480,86,50
1540,39,2,636,2,3482,27,20
1541,39,2,637,3,3485,28,30
1542,39,2,638,8,3493,71,80
1543,39,2,639,3,3496,22,30
1544,39,2,640,7,3503,83,70
1545,39,2,641,6,3509,62,60
1546,39,2,642,7,3516,0,70
1547,39,2,643,5,3521,122,50
1548,39,2,644,5,3526,0,50
1549,39,2,645,9,3535,147,90
1550,39,2,646,2,3537,0,20
1551,39,2,647,7,3544,86,70
1552,39,2,648,4,3548,52,40
1553,39,2,649,5,3553,65,50
1554,39,2,650,5,3558,54,50
1555,39,2,651,2,3560,15,20
1556,39,2,652,8,3568,89,80
1557,39,2,653,6,3574,0,60
1558,39,2,654,6,3580,132,60
1559,39,2,655,9,3589,92,90
1560,39,2,656,8,3597,77,80
1561,39,2,657,7,3604,0,70
1562,39,2,658,5,3609,120,50
1563,39,2,659,6,3615,68,60
1564,39,2,660,3,3618,0,30
1565,39,2,661,2,3620,53,20
1566,39,2,662,5,3625,61,50
1567,39,2,663,7,3632,70,70
1568,39,2,664,7,3639,66,70
1569,39,2,665,5,3644,0,50
1570,39,2,666,6,3650,108,60
1571,39,2,667,3,3653,37,30
1572,39,2,668,9,3662,0,90
1573,39,2,669,7,3669,157,70
1574,39,2,670,9,3678,84,90
1575,39,2,671,3,3681,39,30
1576,39,2,672,9,3690,76,90
1577,39,2,673,8,3698,0,80
1578,39,2,674,8,3706,137,80
1579,39,2,675,8,3714,83,80
1580,39,2,676,2,3716,20,20
1581,39,2,677,4,3720,30,40
1582,39,2,678,2,3722,22,20
1583,39,2,679,8,3730,68,80
1584,39,2,680,8,3738,0,80
1585,39,2,681,8,3746,170,80
1586,39,2,682,2,3748,18,20
1587,39,2,683,9,3757,84,90
1588,39,2,684,8,3765,87,80
1589,39,2,685,6,3771,66,60
1590,39,2,686,2,3773,19,20
1591,39,2,687,6,3779,62,60
1592,39,2,688,6,3785,58,60
1593,39,2,689,7,3792,0,70
1594,39,2,690,6,3798,139,60
1595,39,2,691,7,3805,66,70
1596,39,2,692,7,3812,65,70
1597,39,2,693,5,3817,42,50
1598,39,2,694,4,3821,44,40
1599,39,2,695,5,3826,50,50
1600,39,2,696,4,3830,37,40
1601,39,2,697,2,3832,15,20
1602,39,2,698,6,3838,71,60
1603,39,2,699,2,3840,18,20
1604,39,2,700,6,3846,66,60
1605,39,2,701,9,3855,74,90
1606,39,2,702,8,3863,74,80
1607,39,2,703,3,3866,31,30
1608,39,2,704,3,3869,33,30
1609,39,2,705,7,3876,67,70
1610,39,2,706,5,3881,51,50
1611,39,2,707,8,3889,76,80
1612,39,2,708,2,3891,26,20
1613,39,2,709,9,3900,80,90
1614,39,2,710,9,3909,79,90
1615,39,2,711,6,3915,55,60
1616,39,2,712,6,3921,59,60
1617,39,2,713,2,3923,17,20
1618,39,2,714,7,3930,81,70
1619,39,2,715,7,3937,98,70
1620,39,2,716,3,3940,33,30
1621,39,2,717,3,3943,0,30
1622,39,2,718,7,3950,105,70
1623,39,2,719,2,3952,19,20
1624,39,2,720,4,3956,43,40
1625,39,2,721,8,3964,84,80
1626,39,2,722,7,3971,66,70
1627,39,2,723,3,3974,30,30
1628,39,2,724,7,3981,84,70
1629,39,2,725,3,3984,0,30
1630,39,2,726,6,3990,83,60
1631,39,2,727,3,3993,34,30
1632,39,2,728,8,4001,94,80
1633,39,2,729,2,4003,24,20
1634,39,2,730,3,4006,0,30
1635,39,2,731,3,4009,63,30
1636,39,2,732,9,4018,0,90
1637,39,2,733,6,4024,158,60
1638,39,2,734,9,4033,0,90
1639,39,2,735,5,4038,146,50
1640,39,2,736,3,4041,23,30
1641,39,2,737,2,4043,21,20
1642,39,2,738,3,4046,28,30
1643,39,2,739,7,4053,0,70
1644,39,2,740,2,4055,84,20
1645,39,2,741,5,4060,46,50
1646,39,2,742,6,4066,45,60
1647,39,2,743,9,4075,85,90
1648,39,2,744,4,4079,35,40
1649,39,2,745,7,4086,70,70
1650,39,2,746,5,4091,48,50
1651,39,2,747,3,4094,40,30
1652,39,2,748,2,4096,20,20
1653,39,2,749,4,4100,32,40
1654,39,2,750,4,4104,34,40
1655,39,2,751,5,4109,57,50
1656,39,2,752,5,4114,0,50
1657,39,2,753,3,4117,71,30
1658,39,2,754,2,4119,15,20
1659,39,2,755,7,4126,66,70
1660,39,2,756,3,4129,28,30
1661,39,2,757,5,4134,41,50
1662,39,2,758,9,4143,73,90
1663,39,2,759,7,4150,0,70
1664,39,2,760,6,4156,0,60
1665,39,2,761,3,4159,127,30
1666,39,2,762,7,4166,74,70
1667,39,2,763,6,4172,53,60
1668,39,2,764,7,4179,73,70
1669,39,2,765,3,4182,34,30
1670,39,2,766,6,4188,52,60
1671,39,2,767,3,4191,0,30
1672,39,2,768,3,4194,69,30
1673,39,2,769,3,4197,28,30
1674,39,2,770,4,4201,42,40
1675,39,2,771,4,4205,44,40
1676,39,2,772,5,4210,56,50
1677,39,2,773,2,4212,18,20
1678,39,2,774,8,4220,88,80
1679,39,2,775,8,4228,88,80
1680,39,2,776,2,4230,0,20
1681,39,2,777,4,4234,65,40
1682,39,2,778,6,4240,65,60
1683,39,2,779,6,4246,58,60
1684,39,2,780,2,4248,16,20
1685,39,2,781,7,4255,75,70
1686,39,2,782,3,4258,0,30
1687,39,2,783,5,4263,95,50
1688,39,2,784,4,4267,46,40
1689,39,2,785,5,4272,38,50
1690,39,2,786,4,4276,45,40
1691,39,2,787,6,4282,68,60
1692,39,2,788,9,4291,98,90
1693,39,2,789,7,4298,54,70
1694,39,2,790,3,4301,31,30
1695,39,2,791,9,4310,83,90
1696,39,2,792,8,4318,76,80
1697,39,2,793,8,4326,73,80
1698,39,2,794,2,4328,23,20
1699,39,2,795,9,4337,0,90
1700,39,2,796,8,4345,187,80
1701,39,2,797,9,4354,85,90
1702,39,2,798,9,4363,94,90
1703,39,2,799,4,4367,36,40
1704,39,2,800,7,4374,0,70
1705,39,2,801,4,4378,104,40
1706,39,2,802,4,4382,46,40
1707,39,2,803,7,4389,73,70
1708,39,2,804,8,4397,0,80
1709,39,2,805,6,4403,0,60
1710,39,2,806,5,4408,221,50
1711,39,2,807,5,4413,51,50
1712,39,2,808,5,4418,63,50
1713,39,2,809,3,4421,0,30
1714,39,2,810,9,4430,123,90
1715,39,2,811,7,4437,79,70
1716,39,2,812,8,4445,81,80
1717,39,2,813,2,4447,0,20
1718,39,2,814,9,4456,87,90
1719,39,2,815,9,4465,0,90
1720,39,2,816,3,4468,110,30
1721,39,2,817,5,4473,61,50
1722,39,2,818,2,4475,16,20
1723,39,2,819,6,4481,52,60
1724,39,2,820,8,4489,84,80
1725,39,2,821,3,4492,28,30
1726,39,2,822,2,4494,22,20
1727,39,2,823,2,4496,25,20
1728,39,2,824,3,4499,24,30
1729,39,2,825,9,4508,87,90
1730,39,2,826,8,4516,78,80
1731,39,2,827,5,4521,63,50
1732,39,2,828,7,4528,60,70
1733,39,2,829,2,4530,13,20
1734,39,2,830,4,4534,30,40
1735,39,2,831,3,4537,32,30
1736,39,2,832,6,4543,61,60
1737,39,2,833,7,4550,84,70
1738,39,2,834,5,4555,41,50
1739,39,2,835,9,4564,95,90
1740,39,2,836,5,4569,50,50
1741,39,2,837,3,4572,31,30
1742,39,2,838,3,4575,34,30
1743,39,2,839,7,4582,0,70
1744,39,2,840,3,4585,0,30
1745,39,2,841,6,4591,173,60
1746,39,2,842,8,4599,75,80
1747,39,2,843,7,4606,66,70
1748,39,2,844,8,4614,0,80
1749,39,2,845,3,4617,128,30
1750,39,2,846,8,4625,87,80
1751,39,2,847,6,4631,76,60
1752,39,2,848,4,4635,56,40
1753,39,2,849,5,4640,46,50
1754,39,2,850,7,4647,75,70
1755,39,2,851,8,4655,83,80
1756,39,2,852,3,4658,31,30
1757,39,2,853,4,4662,42,40
1758,39,2,854,5,4667,40,50
1759,39,2,855,3,4670,27,30
1760,39,2,856,8,4678,88,80
1761,39,2,857,9,4687,86,90
1762,39,2,858,4,4691,29,40
1763,39,2,859,8,4699,85,80
1764,39,2,860,5,4704,37,50
1765,39,2,861,8,4712,72,80
1766,39,2,862,3,4715,31,30
1767,39,2,863,3,4718,0,30
1768,39,2,864,5,4723,91,50
1769,39,2,865,8,4731,72,80
1770,39,2,866,5,4736,37,50
1771,39,2,867,8,4744,80,80
1772,39,2,868,2,4746,22,20
1773,39,2,869,4,4750,32,40
1774,39,2,870,7,4757,65,70
1775,39,2,871,5,4762,41,50
1776,39,2,872,4,4766,38,40
1777,39,2,873,6,4772,71,60
1778,39,2,874,4,4776,38,40
1779,39,2,875,7,4783,71,70
1780,39,2,876,4,4787,38,40
1781,39,2,877,7,4794,78,70
1782,39,2,878,7,4801,67,70
1783,39,2,879,9,4810,92,90
1784,39,2,880,8,4818,89,80
1785,39,2,881,2,4820,29,20
1786,39,2,882,2,4822,27,20
1787,39,2,883,2,4824,0,20
1788,39,2,884,2,4826,30,20
1789,39,2,885,6,4832,57,60
1790,39,2,886,3,4835,23,30
1791,39,2,887,5,4840,44,50
1792,39,2,888,5,4845,0,50
1793,39,2,889,7,4852,134,70
1794,39,2,890,6,4858,54,60
1795,39,2,891,4,4862,0,40
1796,39,2,892,5,4867,107,50
1797,39,2,893,2,4869,22,20
1798,39,2,894,3,4872,0,30
1799,39,2,895,7,4879,0,70
1800,39,2,896,2,4881,101,20
1801,39,2,897,4,4885,49,40
1802,39,2,898,9,4894,81,90
1803,39,2,899,8,4902,107,80
1804,39,2,900,6,4908,58,60
1805,39,2,901,5,4913,0,50
1806,39,2,902,9,4922,0,90
1807,39,2,903,5,4927,182,50
1808,39,2,904,9,4936,78,90
1809,39,2,905,3,4939,23,30
1810,39,2,906,7,4946,63,70
1811,39,2,907,6,4952,50,60
1812,39,2,908,8,4960,99,80
1813,39,2,909,7,4967,81,70
1814,39,2,910,3,4970,30,30
1815,39,2,911,6,4976,65,60
1816,39,2,912,4,4980,29,40
1817,39,2,913,6,4986,65,60
1818,39,2,914,4,4990,40,40
1819,39,2,915,4,4994,47,40
1820,39,2,916,5,4999,0,50
1821,39,3,1,4,4,41,40
1822,39,3,2,5,9,41,50
1823,39,3,3,7,16,62,70
1824,39,3,4,7,23,75,70
1825,39,3,5,4,27,34,40
1826,39,3,6,4,31,38,40
1827,39,3,7,5,36,50,50
1828,39,3,8,3,39,20,30
1829,39,3,9,9,48,77,90
1830,39,3,10,7,55,59,70
1831,39,3,11,5,60,38,50
1832,39,3,12,2,62,20,20
1833,39,3,13,9,71,99,90
1834,39,3,14,2,73,21,20
1835,39,3,15,2,75,0,20
1836,39,3,16,7,82,103,70
1837,39,3,17,9,91,0,90
1838,39,3,18,9,100,205,90
1839,39,3,19,3,103,0,30
1840,39,3,20,7,110,80,70
1841,39,3,21,8,118,81,80
1842,39,3,22,6,124,67,60
1843,39,3,23,2,126,24,20
1844,39,3,24,7,133,0,70
1845,39,3,25,3,136,104,30
1846,39,3,26,3,139,33,30
1847,39,3,27,3,142,0,30
1848,39,3,28,2,144,44,20
1849,39,3,29,3,147,32,30
1850,39,3,30,8,155,82,80
1851,39,3,31,5,160,57,50
1852,39,3,32,7,167,72,70
1853,39,3,33,8,175,83,80
1854,39,3,34,3,178,34,30
1855,39,3,35,7,185,64,70
1856,39,3,36,2,187,18,20
1857,39,3,37,9,196,111,90
1858,39,3,38,5,201,41,50
1859,39,3,39,6,207,52,60
1860,39,3,40,8,215,67,80
1861,39,3,41,2,217,21,20
1862,39,3,42,2,219,10,20
1863,39,3,43,3,222,0,30
1864,39,3,44,6,228,106,60
1865,39,3,45,4,232,42,40
1866,39,3,46,6,238,79,60
1867,39,3,47,2,240,30,20
1868,39,3,48,3,243,48,30
1869,39,3,49,8,251,0,80
1870,39,3,50,9,260,163,90
1871,39,3,51,2,262,27,20
1872,39,3,52,2,264,23,20
1873,39,3,53,3,267,27,30
1874,39,3,54,8,275,72,80
1875,39,3,55,9,284,106,90
1876,39,3,56,9,293,85,90
1877,39,3,57,2,295,22,20
1878,39,3,58,2,297,16,20
1879,39,3,59,6,303,66,60
1880,39,3,60,5,308,53,50
1881,39,3,61,2,310,18,20
1882,39,3,62,3,313,29,30
1883,39,3,63,4,317,37,40
1884,39,3,64,3,320,31,30
1885,39,3,65,3,323,34,30
1886,39,3,66,4,327,38,40
1887,39,3,67,4,331,37,40
1888,39,3,68,8,339,81,80
1889,39,3,69,2,341,24,20
1890,39,3,70,9,350,88,90
1891,39,3,71,7,357,71,70
1892,39,3,72,3,360,21,30
1893,39,3,73,8,368,92,80
1894,39,3,74,7,375,64,70
1895,39,3,75,5,380,50,50
1896,39,3,76,3,383,31,30
1897,39,3,77,9,392,0,90
1898,39,3,78,5,397,142,50
1899,39,3,79,8,405,80,80
1900,39,3,80,5,410,50,50
1901,39,3,81,4,414,31,40
1902,39,3,82,2,416,11,20
1903,39,3,83,8,424,78,80
1904,39,3,84,7,431,59,70
1905,39,3,85,7,438,56,70
1906,39,3,86,2,440,19,20
1907,39,3,87,5,445,58,50
1908,39,3,88,9,454,76,90
1909,39,3,89,5,459,56,50
1910,39,3,90,9,468,78,90
1911,39,3,91,3,471,29,30
1912,39,3,92,4,475,37,40
1913,39,3,93,4,479,42,40
1914,39,3,94,4,483,29,40
1915,39,3,95,6,489,69,60
1916,39,3,96,9,498,94,90
1917,39,3,97,9,507,87,90
1918,39,3,98,7,514,65,70
1919,39,3,99,6,520,56,60
1920,39,3,100,3,523,29,30
1921,39,3,101,4,527,42,40
1922,39,3,102,6,533,53,60
1923,39,3,103,4,537,35,40
1924,39,3,104,8,545,66,80
1925,39,3,105,5,550,66,50
1926,39,3,106,2,552,21,20
1927,39,3,107,5,557,53,50
1928,39,3,108,7,564,63,70
1929,39,3,109,9,573,89,90
1930,39,3,110,5,578,47,50
1931,39,3,111,9,587,83,90
1932,39,3,112,5,592,56,50
1933,39,3,113,8,600,79,80
1934,39,3,114,6,606,50,60
1935,39,3,115,3,609,39,30
1936,39,3,116,8,617,93,80
1937,39,3,117,7,624,68,70
1938,39,3,118,7,631,0,70
1939,39,3,119,8,639,0,80
1940,39,3,120,6,645,187,60
1941,39,3,121,8,653,75,80
1942,39,3,122,4,657,33,40
1943,39,3,123,3,660,35,30
1944,39,3,124,6,666,0,60
1945,39,3,125,6,672,115,60
1946,39,3,126,3,675,0,30
1947,39,3,127,2,677,0,20
1948,39,3,128,6,683,93,60
1949,39,3,129,6,689,0,60
1950,39,3,130,2,691,92,20
1951,39,3,131,2,693,0,20
1952,39,3,132,3,696,63,30
1953,39,3,133,6,702,50,60
1954,39,3,134,2,704,0,20
1955,39,3,135,2,706,43,20
1956,39,3,136,8,714,74,80
1957,39,3,137,3,717,37,30
1958,39,3,138,9,726,86,90
1959,39,3,139,7,733,79,70
1960,39,3,140,4,737,33,40
1961,39,3,141,8,745,76,80
1962,39,3,142,9,754,0,90
1963,39,3,143,2,756,94,20
1964,39,3,144,4,760,37,40
1965,39,3,145,6,766,59,60
1966,39,3,146,8,774,102,80
1967,39,3,147,8,782,79,80
1968,39,3,148,2,784,21,20
1969,39,3,149,8,792,74,80
1970,39,3,150,9,801,96,90
1971,39,3,151,5,806,50,50
1972,39,3,152,4,810,39,40
1973,39,3,153,7,817,0,70
1974,39,3,154,7,824,151,70
1975,39,3,155,5,829,54,50
1976,39,3,156,2,831,18,20
1977,39,3,157,2,833,17,20
1978,39,3,158,7,840,55,70
1979,39,3,159,7,847,74,70
1980,39,3,160,8,855,84,80
1981,39,3,161,5,860,55,50
1982,39,3,162,9,869,97,90
1983,39,3,163,9,878,76,90
1984,39,3,164,8,886,97,80
1985,39,3,165,3,889,23,30
1986,39,3,166,2,891,22,20
1987,39,3,167,9,900,96,90
1988,39,3,168,2,902,0,20
1989,39,3,169,9,911,107,90
1990,39,3,170,8,919,81,80
1991,39,3,171,4,923,44,40
1992,39,3,172,9,932,81,90
1993,39,3,173,9,941,104,90
1994,39,3,174,7,948,80,70
1995,39,3,175,2,950,18,20
1996,39,3,176,8,958,71,80
1997,39,3,177,3,961,27,30
1998,39,3,178,8,969,72,80
1999,39,3,179,8,977,79,80
2000,39,3,180,8,985,83,80
2001,39,3,181,2,987,16,20
2002,39,3,182,2,989,0,20
2003,39,3,183,2,991,46,20
2004,39,3,184,2,993,18,20
2005,39,3,185,3,996,33,30
2006,39,3,186,8,1004,0,80
2007,39,3,187,7,1011,150,70
2008,39,3,188,3,1014,30,30
2009,39,3,189,6,1020,67,60
2010,39,3,190,5,1025,43,50
2011,39,3,191,7,1032,0,70
2012,39,3,192,9,1041,167,90
2013,39,3,193,4,1045,30,40
2014,39,3,194,2,1047,22,20
2015,39,3,195,8,1055,0,80
2016,39,3,196,7,1062,142,70
2017,39,3,197,5,1067,52,50
2018,39,3,198,7,1074,62,70
2019,39,3,199,5,1079,49,50
2020,39,3,200,6,1085,67,60
2021,39,3,201,4,1089,31,40
2022,39,3,202,7,1096,84,70
2023,39,3,203,7,1103,75,70
2024,39,3,204,7,1110,80,70
2025,39,3,205,6,1116,0,60
2026,39,3,206,5,1121,109,50
2027,39,3,207,3,1124,27,30
2028,39,3,208,9,1133,93,90
2029,39,3,209,5,1138,0,50
2030,39,3,210,6,1144,0,60
2031,39,3,211,5,1149,0,50
2032,39,3,212,5,1154,0,50
2033,39,3,213,5,1159,278,50
2034,39,3,214,4,1163,38,40
2035,39,3,215,3,1166,0,30
2036,39,3,216,7,1173,94,70
2037,39,3,217,8,1181,76,80
2038,39,3,218,4,1185,37,40
2039,39,3,219,4,1189,50,40
2040,39,3,220,5,1194,70,50
2041,39,3,221,6,1200,66,60
2042,39,3,222,6,1206,64,60
2043,39,3,223,6,1212,56,60
2044,39,3,224,8,1220,86,80
2045,39,3,225,2,1222,19,20
2046,39,3,226,7,1229,65,70
2047,39,3,227,5,1234,0,50
2048,39,3,228,6,1240,103,60
2049,39,3,229,7,1247,0,70
2050,39,3,230,6,1253,142,60
2051,39,3,231,7,1260,65,70
2052,39,3,232,5,1265,0,50
2053,39,3,233,5,1270,0,50
2054,39,3,234,5,1275,138,50
2055,39,3,235,4,1279,35,40
2056,39,3,236,3,1282,0,30
2057,39,3,237,3,1285,0,30
2058,39,3,238,4,1289,111,40
2059,39,3,239,2,1291,19,20
2060,39,3,240,6,1297,50,60
2061,39,3,241,2,1299,30,20
2062,39,3,242,9,1308,74,90
2063,39,3,243,8,1316,0,80
2064,39,3,244,8,1324,169,80
2065,39,3,245,2,1326,20,20
2066,39,3,246,3,1329,23,30
2067,39,3,247,2,1331,18,20
2068,39,3,248,6,1337,54,60
2069,39,3,249,7,1344,78,70
2070,39,3,250,3,1347,32,30
2071,39,3,251,2,1349,33,20
2072,39,3,252,8,1357,82,80
2073,39,3,253,5,1362,61,50
2074,39,3,254,3,1365,22,30
2075,39,3,255,8,1373,0,80
2076,39,3,256,2,1375,98,20
2077,39,3,257,2,1377,14,20
2078,39,3,258,6,1383,61,60
2079,39,3,259,9,1392,94,90
2080,39,3,260,8,1400,67,80
2081,39,3,261,7,1407,58,70
2082,39,3,262,3,1410,33,30
2083,39,3,263,3,1413,31,30
2084,39,3,264,5,1418,46,50
2085,39,3,265,4,1422,38,40
2086,39,3,266,2,1424,18,20
2087,39,3,267,2,1426,23,20
2088,39,3,268,6,1432,60,60
2089,39,3,269,8,1440,84,80
2090,39,3,270,9,1449,79,90
2091,39,3,271,9,1458,90,90
2092,39,3,272,8,1466,89,80
2093,39,3,273,8,1474,97,80
2094,39,3,274,3,1477,19,30
2095,39,3,275,2,1479,13,20
2096,39,3,276,3,1482,31,30
2097,39,3,277,5,1487,0,50
2098,39,3,278,9,1496,144,90
2099,39,3,279,8,1504,91,80
2100,39,3,280,7,1511,68,70
2101,39,3,281,9,1520,72,90
2102,39,3,282,4,1524,37,40
2103,39,3,283,8,1532,69,80
2104,39,3,284,5,1537,0,50
2105,39,3,285,2,1539,69,20
2106,39,3,286,5,1544,39,50
2107,39,3,287,4,1548,34,40
2108,39,3,288,4,1552,45,40
2109,39,3,289,4,1556,38,40
2110,39,3,290,9,1565,89,90
2111,39,3,291,5,1570,57,50
2112,39,3,292,8,1578,0,80
2113,39,3,293,9,1587,0,90
2114,39,3,294,2,1589,171,20
2115,39,3,295,6,1595,68,60
2116,39,3,296,6,1601,45,60
2117,39,3,297,6,1607,58,60
2118,39,3,298,5,1612,75,50
2119,39,3,299,2,1614,17,20
2120,39,3,300,9,1623,103,90
2121,39,3,301,3,1626,31,30
2122,39,3,302,3,1629,30,30
2123,39,3,303,4,1633,47,40
2124,39,3,304,6,1639,58,60
2125,39,3,305,3,1642,32,30
2126,39,3,306,7,1649,73,70
2127,39,3,307,7,1656,73,70
2128,39,3,308,6,1662,67,60
2129,39,3,309,3,1665,29,30
2130,39,3,310,4,1669,32,40
2131,39,3,311,4,1673,36,40
2132,39,3,312,9,1682,82,90
2133,39,3,313,8,1690,96,80
2134,39,3,314,5,1695,41,50
2135,39,3,315,7,1702,0,70
2136,39,3,316,4,1706,106,40
2137,39,3,317,7,1713,72,70
2138,39,3,318,8,1721,81,80
2139,39,3,319,5,1726,54,50
2140,39,3,320,9,1735,103,90
2141,39,3,321,6,1741,59,60
2142,39,3,322,3,1744,22,30
2143,39,3,323,6,1750,49,60
2144,39,3,324,4,1754,44,40
2145,39,3,325,7,1761,66,70
2146,39,3,326,2,1763,19,20
2147,39,3,327,2,1765,0,20
2148,39,3,328,4,1769,62,40
2149,39,3,329,2,1771,18,20
2150,39,3,330,9,1780,74,90
2151,39,3,331,2,1782,17,20
2152,39,3,332,6,1788,63,60
2153,39,3,333,3,1791,39,30
2154,39,3,334,9,1800,106,90
2155,39,3,335,4,1804,37,40
2156,39,3,336,4,1808,38,40
2157,39,3,337,3,1811,28,30
2158,39,3,338,7,1818,66,70
2159,39,3,339,9,1827,90,90
2160,39,3,340,5,1832,57,50
2161,39,3,341,4,1836,24,40
2162,39,3,342,2,1838,17,20
2163,39,3,343,3,1841,38,30
2164,39,3,344,9,1850,77,90
2165,39,3,345,4,1854,41,40
2166,39,3,346,5,1859,48,50
2167,39,3,347,6,1865,63,60
2168,39,3,348,5,1870,54,50
2169,39,3,349,7,1877,63,70
2170,39,3,350,6,1883,65,60
2171,39,3,351,7,1890,69,70
2172,39,3,352,5,1895,45,50
2173,39,3,353,3,1898,32,30
2174,39,3,354,9,1907,86,90
2175,39,3,355,5,1912,57,50
2176,39,3,356,9,1921,0,90
2177,39,3,357,4,1925,134,40
2178,39,3,358,8,1933,69,80
2179,39,3,359,7,1940,72,70
2180,39,3,360,3,1943,0,30
2181,39,3,361,5,1948,75,50
2182,39,3,362,8,1956,0,80
2183,39,3,363,4,1960,122,40
2184,39,3,364,8,1968,84,80
2185,39,3,365,7,1975,55,70
2186,39,3,366,3,1978,18,30
2187,39,3,367,8,1986,79,80
2188,39,3,368,4,1990,41,40
2189,39,3,369,7,1997,83,70
2190,39,3,370,4,2001,39,40
2191,39,3,371,2,2003,24,20
2192,39,3,372,5,2008,53,50
2193,39,3,373,3,2011,31,30
2194,39,3,374,5,2016,68,50
2195,39,3,375,2,2018,11,20
2196,39,3,376,4,2022,42,40
2197,39,3,377,8,2030,79,80
2198,39,3,378,9,2039,86,90
2199,39,3,379,2,2041,20,20
2200,39,3,380,4,2045,42,40
2201,39,3,381,8,2053,72,80
2202,39,3,382,6,2059,46,60
2203,39,3,383,9,2068,97,90
2204,39,3,384,4,2072,0,40
2205,39,3,385,5,2077,92,50
2206,39,3,386,2,2079,13,20
2207,39,3,387,2,2081,29,20
2208,39,3,388,2,2083,10,20
2209,39,3,389,6,2089,52,60
2210,39,3,390,7,2096,63,70
2211,39,3,391,7,2103,0,70
2212,39,3,392,6,2109,106,60
2213,39,3,393,5,2114,67,50
2214,39,3,394,5,2119,41,50
2215,39,3,395,4,2123,41,40
2216,39,3,396,4,2127,0,40
2217,39,3,397,7,2134,95,70
2218,39,3,398,3,2137,28,30
2219,39,3,399,8,2145,98,80
2220,39,3,400,6,2151,0,60
2221,39,3,401,3,2154,101,30
2222,39,3,402,5,2159,52,50
2223,39,3,403,7,2166,77,70
2224,39,3,404,3,2169,29,30
2225,39,3,405,4,2173,38,40
2226,39,3,406,4,2177,37,40
2227,39,3,407,4,2181,42,40
2228,39,3,408,7,2188,77,70
2229,39,3,409,2,2190,15,20
2230,39,3,410,4,2194,44,40
2231,39,3,411,7,2201,65,70
2232,39,3,412,6,2207,70,60
2233,39,3,413,7,2214,73,70
2234,39,3,414,3,2217,18,30
2235,39,3,415,4,2221,40,40
2236,39,3,416,3,2224,0,30
2237,39,3,417,4,2228,86,40
2238,39,3,418,2,2230,18,20
2239,39,3,419,6,2236,68,60
2240,39,3,420,7,2243,65,70
2241,39,3,421,3,2246,0,30
2242,39,3,422,3,2249,40,30
2243,39,3,423,9,2258,89,90
2244,39,3,424,7,2265,67,70
2245,39,3,425,7,2272,73,70
2246,39,3,426,4,2276,0,40
2247,39,3,427,2,2278,76,20
2248,39,3,428,2,2280,0,20
2249,39,3,429,2,2282,43,20
2250,39,3,430,4,2286,45,40
2251,39,3,431,8,2294,86,80
2252,39,3,432,6,2300,66,60
2253,39,3,433,2,2302,16,20
2254,39,3,434,6,2308,49,60
2255,39,3,435,3,2311,26,30
2256,39,3,436,6,2317,67,60
2257,39,3,437,9,2326,86,90
2258,39,3,438,7,2333,0,70
2259,39,3,439,6,2339,106,60
2260,39,3,440,8,2347,79,80
2261,39,3,441,3,2350,31,30
2262,39,3,442,8,2358,0,80
2263,39,3,443,4,2362,113,40
2264,39,3,444,7,2369,69,70
2265,39,3,445,3,2372,25,30
2266,39,3,446,9,2381,77,90
2267,39,3,447,6,2387,51,60
2268,39,3,448,7,2394,77,70
2269,39,3,449,8,2402,85,80
2270,39,3,450,6,2408,69,60
2271,39,3,451,6,2414,63,60
2272,39,3,452,2,2416,0,20
2273,39,3,453,3,2419,45,30
2274,39,3,454,4,2423,0,40
2275,39,3,455,2,2425,51,20
2276,39,3,456,6,2431,53,60
2277,39,3,457,4,2435,50,40
2278,39,3,458,8,2443,71,80
2279,39,3,459,3,2446,32,30
2280,39,3,460,6,2452,56,60
2281,39,3,461,8,2460,0,80
2282,39,3,462,8,2468,170,80
2283,39,3,463,9,2477,86,90
2284,39,3,464,5,2482,0,50
2285,39,3,465,9,2491,146,90
2286,39,3,466,2,2493,17,20
2287,39,3,467,8,2501,0,80
2288,39,3,468,9,2510,164,90
2289,39,3,469,8,2518,73,80
2290,39,3,470,4,2522,37,40
2291,39,3,471,5,2527,63,50
2292,39,3,472,3,2530,0,30
2293,39,3,473,3,2533,55,30
2294,39,3,474,7,2540,77,70
2295,39,3,475,3,2543,26,30
2296,39,3,476,6,2549,0,60
2297,39,3,477,7,2556,146,70
2298,39,3,478,7,2563,73,70
2299,39,3,479,6,2569,0,60
2300,39,3,480,4,2573,105,40
2301,39,3,481,6,2579,64,60
2302,39,3,482,8,2587,0,80
2303,39,3,483,9,2596,161,90
2304,39,3,484,5,2601,51,50
2305,39,3,485,9,2610,0,90
2306,39,3,486,8,2618,181,80
2307,39,3,487,5,2623,58,50
2308,39,3,488,3,2626,28,30
2309,39,3,489,5,2631,53,50
2310,39,3,490,6,2637,69,60
2311,39,3,491,7,2644,0,70
2312,39,3,492,6,2650,117,60
2313,39,3,493,5,2655,50,50
2314,39,3,494,3,2658,26,30
2315,39,3,495,5,2663,0,50
2316,39,3,496,7,2670,113,70
2317,39,3,497,6,2676,61,60
2318,39,3,498,9,2685,0,90
2319,39,3,499,5,2690,144,50
2320,39,3,500,4,2694,41,40
2321,39,3,501,8,2702,83,80
2322,39,3,502,3,2705,14,30
2323,39,3,503,7,2712,0,70
2324,39,3,504,6,2718,121,60
2325,39,3,505,7,2725,70,70
2326,39,3,506,9,2734,84,90
2327,39,3,507,5,2739,46,50
2328,39,3,508,9,2748,80,90
2329,39,3,509,4,2752,50,40
2330,39,3,510,7,2759,0,70
2331,39,3,511,3,2762,111,30
2332,39,3,512,7,2769,72,70
2333,39,3,513,9,2778,84,90
2334,39,3,514,6,2784,66,60
2335,39,3,515,6,2790,55,60
2336,39,3,516,2,2792,21,20
2337,39,3,517,2,2794,0,20
2338,39,3,518,6,2800,85,60
2339,39,3,519,3,2803,24,30
2340,39,3,520,4,2807,0,40
2341,39,3,521,6,2813,96,60
2342,39,3,522,5,2818,52,50
2343,39,3,523,2,2820,29,20
2344,39,3,524,6,2826,72,60
2345,39,3,525,5,2831,0,50
2346,39,3,526,8,2839,132,80
2347,39,3,527,5,2844,51,50
2348,39,3,528,2,2846,17,20
2349,39,3,529,2,2848,15,20
2350,39,3,530,4,2852,46,40
2351,39,3,531,2,2854,16,20
2352,39,3,532,9,2863,103,90
2353,39,3,533,5,2868,51,50
2354,39,3,534,9,2877,86,90
2355,39,3,535,9,2886,0,90
2356,39,3,536,2,2888,109,20
2357,39,3,537,9,2897,85,90
2358,39,3,538,2,2899,0,20
2359,39,3,539,4,2903,57,40
2360,39,3,540,5,2908,40,50
2361,39,3,541,8,2916,78,80
2362,39,3,542,9,2925,100,90
2363,39,3,543,2,2927,16,20
2364,39,3,544,7,2934,0,70
2365,39,3,545,7,2941,0,70
2366,39,3,546,6,2947,231,60
2367,39,3,547,9,2956,83,90
2368,39,3,548,2,2958,17,20
2369,39,3,549,3,2961,27,30
2370,39,3,550,6,2967,61,60
2371,39,3,551,2,2969,0,20
2372,39,3,552,3,2972,49,30
2373,39,3,553,2,2974,21,20
2374,39,3,554,3,2977,30,30
2375,39,3,555,8,2985,87,80
2376,39,3,556,7,2992,82,70
2377,39,3,557,8,3000,79,80
2378,39,3,558,9,3009,78,90
2379,39,3,559,9,3018,0,90
2380,39,3,560,8,3026,185,80
2381,39,3,561,9,3035,102,90
2382,39,3,562,2,3037,16,20
2383,39,3,563,4,3041,40,40
2384,39,3,564,9,3050,99,90
2385,39,3,565,3,3053,27,30
2386,39,3,566,3,3056,36,30
2387,39,3,567,8,3064,0,80
2388,39,3,568,5,3069,144,50
2389,39,3,569,8,3077,66,80
2390,39,3,570,3,3080,36,30
2391,39,3,571,8,3088,80,80
2392,39,3,572,9,3097,96,90
2393,39,3,573,8,3105,74,80
2394,39,3,574,6,3111,72,60
2395,39,3,575,4,3115,49,40
2396,39,3,576,3,3118,28,30
2397,39,3,577,8,3126,0,80
2398,39,3,578,6,3132,144,60
2399,39,3,579,7,3139,75,70
2400,39,3,580,8,3147,72,80
2401,39,3,581,2,3149,23,20
2402,39,3,582,5,3154,44,50
2403,39,3,583,8,3162,82,80
2404,39,3,584,7,3169,64,70
2405,39,3,585,4,3173,41,40
2406,39,3,586,5,3178,66,50
2407,39,3,587,6,3184,63,60
2408,39,3,588,3,3187,28,30
2409,39,3,589,8,3195,82,80
2410,39,3,590,8,3203,73,80
2411,39,3,591,3,3206,0,30
2412,39,3,592,7,3213,96,70
2413,39,3,593,4,3217,43,40
2414,39,3,594,7,3224,79,70
2415,39,3,595,9,3233,80,90
2416,39,3,596,7,3240,82,70
2417,39,3,597,5,3245,54,50
2418,39,3,598,7,3252,68,70
2419,39,3,599,2,3254,21,20
2420,39,3,600,5,3259,39,50
2421,39,3,601,6,3265,64,60
2422,39,3,602,8,3273,72,80
2423,39,3,603,4,3277,35,40
2424,39,3,604,8,3285,71,80
2425,39,3,605,4,3289,39,40
2426,39,3,606,5,3294,55,50
2427,39,3,607,7,3301,77,70
2428,39,3,608,9,3310,83,90
2429,39,3,609,9,3319,0,90
2430,39,3,610,3,3322,114,30
2431,39,3,611,7,3329,82,70
2432,39,3,612,6,3335,62,60
2433,39,3,613,3,3338,31,30
2434,39,3,614,2,3340,22,20
2435,39,3,615,8,3348,82,80
2436,39,3,616,4,3352,0,40
2437,39,3,617,2,3354,58,20
2438,39,3,618,3,3357,35,30
2439,39,3,619,3,3360,32,30
2440,39,3,620,6,3366,0,60
2441,39,3,621,7,3373,0,70
2442,39,3,622,5,3378,197,50
2443,39,3,623,2,3380,0,20
2444,39,3,624,8,3388,0,80
2445,39,3,625,4,3392,136,40
2446,39,3,626,9,3401,87,90
2447,39,3,627,6,3407,66,60
2448,39,3,628,9,3416,86,90
2449,39,3,629,9,3425,99,90
2450,39,3,630,8,3433,0,80
2451,39,3,631,8,3441,165,80
2452,39,3,632,4,3445,42,40
2453,39,3,633,9,3454,83,90
2454,39,3,634,6,3460,55,60
2455,39,3,635,3,3463,27,30
2456,39,3,636,2,3465,18,20
2457,39,3,637,4,3469,35,40
2458,39,3,638,3,3472,35,30
2459,39,3,639,6,3478,69,60
2460,39,3,640,5,3483,0,50
2461,39,3,641,2,3485,0,20
2462,39,3,642,2,3487,107,20
2463,39,3,643,5,3492,35,50
2464,39,3,644,4,3496,31,40
2465,39,3,645,8,3504,79,80
2466,39,3,646,6,3510,57,60
2467,39,3,647,7,3517,0,70
2468,39,3,648,3,3520,77,30
2469,39,3,649,5,3525,48,50
2470,39,3,650,5,3530,0,50
2471,39,3,651,6,3536,100,60
2472,39,3,652,9,3545,98,90
2473,39,3,653,3,3548,0,30
2474,39,3,654,9,3557,137,90
2475,39,3,655,6,3563,58,60
2476,39,3,656,7,3570,81,70
2477,39,3,657,7,3577,0,70
2478,39,3,658,4,3581,102,40
2479,39,3,659,6,3587,54,60
2480,39,3,660,9,3596,91,90
2481,39,3,661,8,3604,86,80
2482,39,3,662,4,3608,40,40
2483,39,3,663,6,3614,63,60
2484,39,3,664,3,3617,23,30
2485,39,3,665,4,3621,29,40
2486,39,3,666,5,3626,51,50
2487,39,3,667,3,3629,33,30
2488,39,3,668,9,3638,115,90
2489,39,3,669,5,3643,0,50
2490,39,3,670,9,3652,125,90
2491,39,3,671,2,3654,0,20
2492,39,3,672,3,3657,44,30
2493,39,3,673,4,3661,0,40
2494,39,3,674,4,3665,0,40
2495,39,3,675,7,3672,154,70
2496,39,3,676,5,3677,38,50
2497,39,3,677,4,3681,31,40
2498,39,3,678,4,3685,40,40
2499,39,3,679,3,3688,18,30
2500,39,3,680,8,3696,0,80
2501,39,3,681,4,3700,122,40
2502,39,3,682,2,3702,20,20
2503,39,3,683,2,3704,0,20
2504,39,3,684,2,3706,41,20
2505,39,3,685,7,3713,64,70
2506,39,3,686,3,3716,35,30
2507,39,3,687,5,3721,48,50
2508,39,3,688,8,3729,91,80
2509,39,3,689,5,3734,46,50
2510,39,3,690,2,3736,18,20
2511,39,3,691,3,3739,32,30
2512,39,3,692,7,3746,61,70
2513,39,3,693,4,3750,37,40
2514,39,3,694,8,3758,78,80
2515,39,3,695,5,3763,45,50
2516,39,3,696,8,3771,64,80
2517,39,3,697,8,3779,71,80
2518,39,3,698,3,3782,25,30
2519,39,3,699,4,3786,49,40
2520,39,3,700,6,3792,45,60
2521,39,3,701,3,3795,33,30
2522,39,3,702,4,3799,35,40
2523,39,3,703,8,3807,81,80
2524,39,3,704,4,3811,30,40
2525,39,3,705,8,3819,72,80
2526,39,3,706,5,3824,54,50
2527,39,3,707,6,3830,57,60
2528,39,3,708,6,3836,50,60
2529,39,3,709,6,3842,0,60
2530,39,3,710,4,3846,107,40
2531,39,3,711,5,3851,0,50
2532,39,3,712,7,3858,133,70
2533,39,3,713,4,3862,38,40
2534,39,3,714,4,3866,35,40
2535,39,3,715,5,3871,42,50
2536,39,3,716,9,3880,95,90
2537,39,3,717,7,3887,71,70
2538,39,3,718,2,3889,24,20
2539,39,3,719,2,3891,20,20
2540,39,3,720,4,3895,38,40
2541,39,3,721,8,3903,74,80
2542,39,3,722,8,3911,90,80
2543,39,3,723,2,3913,0,20
2544,39,3,724,9,3922,101,90
2545,39,3,725,8,3930,64,80
2546,39,3,726,4,3934,50,40
2547,39,3,727,6,3940,0,60
2548,39,3,728,3,3943,93,30
2549,39,3,729,6,3949,69,60
2550,39,3,730,6,3955,52,60
2551,39,3,731,2,3957,0,20
2552,39,3,732,3,3960,47,30
2553,39,3,733,9,3969,81,90
2554,39,3,734,6,3975,58,60
2555,39,3,735,9,3984,73,90
2556,39,3,736,2,3986,13,20
2557,39,3,737,6,3992,60,60
2558,39,3,738,9,4001,103,90
2559,39,3,739,2,4003,27,20
2560,39,3,740,4,4007,44,40
2561,39,3,741,8,4015,96,80
2562,39,3,742,6,4021,60,60
2563,39,3,743,8,4029,75,80
2564,39,3,744,2,4031,17,20
2565,39,3,745,2,4033,0,20
2566,39,3,746,8,4041,102,80
2567,39,3,747,2,4043,13,20
2568,39,3,748,3,4046,30,30
2569,39,3,749,9,4055,114,90
2570,39,3,750,3,4058,32,30
2571,39,3,751,8,4066,88,80
2572,39,3,752,4,4070,29,40
2573,39,3,753,2,4072,20,20
2574,39,3,754,7,4079,53,70
2575,39,3,755,2,4081,14,20
2576,39,3,756,8,4089,0,80
2577,39,3,757,2,4091,92,20
2578,39,3,758,3,4094,29,30
2579,39,3,759,5,4099,45,50
2580,39,3,760,3,4102,0,30
2581,39,3,761,3,4105,50,30
2582,39,3,762,8,4113,0,80
2583,39,3,763,4,4117,111,40
2584,39,3,764,6,4123,52,60
2585,39,3,765,6,4129,57,60
2586,39,3,766,3,4132,0,30
2587,39,3,767,6,4138,0,60
2588,39,3,768,9,4147,168,90
2589,39,3,769,6,4153,48,60
2590,39,3,770,2,4155,17,20
2591,39,3,771,8,4163,86,80
2592,39,3,772,3,4166,0,30
2593,39,3,773,7,4173,105,70
2594,39,3,774,4,4177,31,40
2595,39,3,775,9,4186,97,90
2596,39,3,776,9,4195,0,90
2597,39,3,777,8,4203,176,80
2598,39,3,778,4,4207,39,40
2599,39,3,779,7,4214,65,70
2600,39,3,780,7,4221,60,70
2601,39,3,781,3,4224,0,30
2602,39,3,782,5,4229,0,50
2603,39,3,783,9,4238,158,90
2604,39,3,784,2,4240,20,20
2605,39,3,785,9,4249,89,90
2606,39,3,786,5,4254,60,50
2607,39,3,787,8,4262,69,80
2608,39,3,788,7,4269,77,70
2609,39,3,789,8,4277,71,80
2610,39,3,790,2,4279,0,20
2611,39,3,791,8,4287,92,80
2612,39,3,792,3,4290,30,30
2613,39,3,793,6,4296,0,60
2614,39,3,794,5,4301,131,50
2615,39,3,795,9,4310,78,90
2616,39,3,796,3,4313,38,30
2617,39,3,797,7,4320,0,70
2618,39,3,798,9,4329,146,90
2619,39,3,799,2,4331,22,20
2620,39,3,800,6,4337,75,60
2621,39,3,801,3,4340,28,30
2622,39,3,802,6,4346,72,60
2623,39,3,803,8,4354,0,80
2624,39,3,804,8,4362,155,80
2625,39,3,805,8,4370,67,80
2626,39,3,806,4,4374,35,40
2627,39,3,807,2,4376,0,20
2628,39,3,808,2,4378,0,20
2629,39,3,809,7,4385,115,70
2630,39,3,810,4,4389,48,40
2631,39,3,811,2,4391,23,20
2632,39,3,812,8,4399,0,80
2633,39,3,813,4,4403,131,40
2634,39,3,814,7,4410,57,70
2635,39,3,815,2,4412,0,20
2636,39,3,816,2,4414,39,20
2637,39,3,817,3,4417,31,30
2638,39,3,818,3,4420,23,30
2639,39,3,819,8,4428,0,80
2640,39,3,820,7,4435,142,70
2641,39,3,821,4,4439,53,40
2642,39,3,822,6,4445,52,60
2643,39,3,823,2,4447,23,20
2644,39,3,824,9,4456,92,90
2645,39,3,825,4,4460,47,40
2646,39,3,826,4,4464,39,40
2647,39,3,827,5,4469,55,50
2648,39,3,828,8,4477,73,80
2649,39,3,829,7,4484,0,70
2650,39,3,830,5,4489,0,50
2651,39,3,831,5,4494,170,50
2652,39,3,832,2,4496,19,20
2653,39,3,833,4,4500,31,40
2654,39,3,834,4,4504,37,40
2655,39,3,835,3,4507,30,30
2656,39,3,836,9,4516,96,90
2657,39,3,837,4,4520,40,40
2658,39,3,838,2,4522,0,20
2659,39,3,839,9,4531,103,90
2660,39,3,840,4,4535,37,40
2661,39,3,841,2,4537,23,20
2662,39,3,842,8,4545,90,80
2663,39,3,843,6,4551,55,60
2664,39,3,844,9,4560,96,90
2665,39,3,845,6,4566,55,60
2666,39,3,846,6,4572,71,60
2667,39,3,847,9,4581,106,90
2668,39,3,848,2,4583,24,20
2669,39,3,849,7,4590,0,70
2670,39,3,850,5,4595,0,50
2671,39,3,851,6,4601,171,60
2672,39,3,852,8,4609,0,80
2673,39,3,853,8,4617,0,80
2674,39,3,854,7,4624,263,70
2675,39,3,855,2,4626,23,20
2676,39,3,856,6,4632,69,60
2677,39,3,857,5,4637,48,50
2678,39,3,858,9,4646,95,90
2679,39,3,859,8,4654,0,80
2680,39,3,860,2,4656,109,20
2681,39,3,861,6,4662,45,60
2682,39,3,862,4,4666,34,40
2683,39,3,863,9,4675,85,90
2684,39,3,864,6,4681,63,60
2685,39,3,865,5,4686,0,50
2686,39,3,866,6,4692,109,60
2687,39,3,867,8,4700,75,80
2688,39,3,868,6,4706,49,60
2689,39,3,869,8,4714,76,80
2690,39,3,870,4,4718,41,40
2691,39,3,871,4,4722,41,40
2692,39,3,872,8,4730,0,80
2693,39,3,873,4,4734,119,40
2694,39,3,874,6,4740,64,60
2695,39,3,875,2,4742,20,20
2696,39,3,876,2,4744,19,20
2697,39,3,877,7,4751,74,70
2698,39,3,878,2,4753,23,20
2699,39,3,879,7,4760,75,70
2700,39,3,880,8,4768,86,80
2701,39,3,881,6,4774,49,60
2702,39,3,882,3,4777,32,30
2703,39,3,883,5,4782,41,50
2704,39,3,884,3,4785,36,30
2705,39,3,885,5,4790,36,50
2706,39,3,886,6,4796,68,60
2707,39,3,887,2,4798,0,20
2708,39,3,888,2,4800,41,20
2709,39,3,889,9,4809,93,90
2710,39,3,890,9,4818,86,90
2711,39,3,891,8,4826,77,80
2712,39,3,892,9,4835,93,90
2713,39,3,893,7,4842,59,70
2714,39,3,894,3,4845,26,30
2715,39,3,895,6,4851,57,60
2716,39,3,896,4,4855,38,40
2717,39,3,897,3,4858,26,30
2718,39,3,898,3,4861,29,30
2719,39,3,899,2,4863,15,20
2720,39,3,900,8,4871,79,80
2721,39,3,901,2,4873,18,20
2722,39,3,902,6,4879,58,60
2723,39,3,903,4,4883,39,40
2724,39,3,904,5,4888,46,50
2725,39,3,905,6,4894,65,60
2726,39,3,906,8,4902,0,80
2727,39,3,907,8,4910,165,80
2728,39,3,908,6,4916,73,60
2729,39,3,909,6,4922,67,60
2730,39,3,910,3,4925,0,30
2731,39,3,911,6,4931,95,60
2732,39,3,912,2,4933,15,20
2733,39,3,913,5,4938,51,50
2734,39,3,914,6,4944,63,60
2735,39,3,915,9,4953,0,90
2736,39,3,916,9,4962,169,90
2737,39,3,917,5,4967,49,50
2738,39,3,918,7,4974,0,70
2739,39,3,919,5,4979,105,50
2740,39,3,920,5,4984,57,50
2741,39,3,921,2,4986,15,20
2742,39,3,922,3,4989,16,30
2743,39,3,923,2,4991,24,20
