,Scenario,Trial,Inspection,Interval,Time,Defects,Rate
0,300,1,1,2,2,14,20
1,300,1,2,9,11,0,90
2,300,1,3,5,16,0,50
3,300,1,4,9,25,248,90
4,300,1,5,2,27,0,20
5,300,1,6,3,30,0,30
6,300,1,7,6,36,0,60
7,300,1,8,7,43,176,70
8,300,1,9,5,48,0,50
9,300,1,10,3,51,0,30
10,300,1,11,7,58,0,70
11,300,1,12,3,61,0,30
12,300,1,13,7,68,276,70
13,300,1,14,9,77,0,90
14,300,1,15,9,86,177,90
15,300,1,16,7,93,61,70
16,300,1,17,6,99,0,60
17,300,1,18,4,103,0,40
18,300,1,19,5,108,0,50
19,300,1,20,8,116,0,80
20,300,1,21,7,123,0,70
21,300,1,22,9,132,392,90
22,300,1,23,8,140,0,80
23,300,1,24,6,146,0,60
24,300,1,25,3,149,0,30
25,300,1,26,2,151,0,20
26,300,1,27,3,154,0,30
27,300,1,28,9,163,0,90
28,300,1,29,4,167,0,40
29,300,1,30,3,170,0,30
30,300,1,31,9,179,0,90
31,300,1,32,5,184,0,50
32,300,1,33,3,187,522,30
33,300,1,34,2,189,0,20
34,300,1,35,8,197,0,80
35,300,1,36,5,202,0,50
36,300,1,37,2,204,0,20
37,300,1,38,4,208,0,40
38,300,1,39,3,211,0,30
39,300,1,40,8,219,0,80
40,300,1,41,6,225,0,60
41,300,1,42,3,228,0,30
42,300,1,43,7,235,0,70
43,300,1,44,3,238,0,30
44,300,1,45,6,244,0,60
45,300,1,46,8,252,0,80
46,300,1,47,8,260,0,80
47,300,1,48,4,264,0,40
48,300,1,49,7,271,0,70
49,300,1,50,2,273,0,20
50,300,1,51,3,276,841,30
51,300,1,52,9,285,93,90
52,300,1,53,9,294,0,90
53,300,1,54,9,303,0,90
54,300,1,55,4,307,0,40
55,300,1,56,6,313,0,60
56,300,1,57,5,318,0,50
57,300,1,58,2,320,0,20
58,300,1,59,2,322,0,20
59,300,1,60,9,331,0,90
60,300,1,61,7,338,0,70
61,300,1,62,2,340,0,20
62,300,1,63,8,348,0,80
63,300,1,64,5,353,0,50
64,300,1,65,6,359,0,60
65,300,1,66,9,368,0,90
66,300,1,67,6,374,0,60
67,300,1,68,8,382,0,80
68,300,1,69,2,384,0,20
69,300,1,70,8,392,0,80
70,300,1,71,7,399,0,70
71,300,1,72,5,404,1139,50
72,300,1,73,9,413,0,90
73,300,1,74,8,421,0,80
74,300,1,75,7,428,0,70
75,300,1,76,5,433,0,50
76,300,1,77,6,439,342,60
77,300,1,78,3,442,37,30
78,300,1,79,2,444,0,20
79,300,1,80,4,448,0,40
80,300,1,81,6,454,0,60
81,300,1,82,9,463,0,90
82,300,1,83,4,467,242,40
83,300,1,84,3,470,0,30
84,300,1,85,9,479,0,90
85,300,1,86,9,488,0,90
86,300,1,87,9,497,0,90
87,300,1,88,6,503,0,60
88,300,1,89,5,508,403,50
89,300,1,90,8,516,0,80
90,300,1,91,4,520,0,40
91,300,1,92,3,523,127,30
92,300,1,93,7,530,0,70
93,300,1,94,9,539,0,90
94,300,1,95,6,545,0,60
95,300,1,96,5,550,0,50
96,300,1,97,6,556,0,60
97,300,1,98,3,559,0,30
98,300,1,99,3,562,0,30
99,300,1,100,5,567,0,50
100,300,1,101,4,571,0,40
101,300,1,102,9,580,0,90
102,300,1,103,4,584,0,40
103,300,1,104,9,593,0,90
104,300,1,105,7,600,0,70
105,300,1,106,7,607,0,70
106,300,1,107,5,612,0,50
107,300,1,108,5,617,919,50
108,300,1,109,3,620,0,30
109,300,1,110,6,626,0,60
110,300,1,111,5,631,0,50
111,300,1,112,6,637,0,60
112,300,1,113,3,640,0,30
113,300,1,114,2,642,255,20
114,300,1,115,7,649,0,70
115,300,1,116,2,651,0,20
116,300,1,117,6,657,0,60
117,300,1,118,8,665,0,80
118,300,1,119,9,674,0,90
119,300,1,120,5,679,383,50
120,300,1,121,9,688,86,90
121,300,1,122,7,695,0,70
122,300,1,123,8,703,0,80
123,300,1,124,4,707,207,40
124,300,1,125,9,716,0,90
125,300,1,126,2,718,0,20
126,300,1,127,3,721,0,30
127,300,1,128,3,724,176,30
128,300,1,129,2,726,0,20
129,300,1,130,5,731,0,50
130,300,1,131,4,735,92,40
131,300,1,132,4,739,42,40
132,300,1,133,6,745,85,60
133,300,1,134,2,747,16,20
134,300,1,135,7,754,70,70
135,300,1,136,8,762,0,80
136,300,1,137,6,768,0,60
137,300,1,138,9,777,0,90
138,300,1,139,7,784,303,70
139,300,1,140,8,792,81,80
140,300,1,141,4,796,0,40
141,300,1,142,5,801,0,50
142,300,1,143,2,803,114,20
143,300,1,144,5,808,0,50
144,300,1,145,7,815,0,70
145,300,1,146,9,824,0,90
146,300,1,147,7,831,0,70
147,300,1,148,6,837,0,60
148,300,1,149,9,846,0,90
149,300,1,150,7,853,0,70
150,300,1,151,9,862,0,90
151,300,1,152,8,870,0,80
152,300,1,153,5,875,0,50
153,300,1,154,5,880,0,50
154,300,1,155,4,884,0,40
155,300,1,156,3,887,0,30
156,300,1,157,3,890,0,30
157,300,1,158,8,898,0,80
158,300,1,159,8,906,0,80
159,300,1,160,4,910,1054,40
160,300,1,161,6,916,56,60
161,300,1,162,9,925,0,90
162,300,1,163,9,934,0,90
163,300,1,164,4,938,0,40
164,300,1,165,2,940,0,20
165,300,1,166,5,945,0,50
166,300,1,167,6,951,0,60
167,300,1,168,8,959,0,80
168,300,1,169,5,964,0,50
169,300,1,170,2,966,546,20
170,300,1,171,6,972,0,60
171,300,1,172,6,978,0,60
172,300,1,173,2,980,0,20
173,300,1,174,5,985,0,50
174,300,1,175,5,990,0,50
175,300,1,176,7,997,0,70
176,300,1,177,2,999,323,20
177,300,1,178,3,1002,0,30
178,300,1,179,6,1008,0,60
179,300,1,180,8,1016,0,80
180,300,1,181,9,1025,0,90
181,300,1,182,4,1029,0,40
182,300,1,183,5,1034,0,50
183,300,1,184,9,1043,0,90
184,300,1,185,5,1048,0,50
185,300,1,186,6,1054,521,60
186,300,1,187,8,1062,0,80
187,300,1,188,8,1070,166,80
188,300,1,189,9,1079,100,90
189,300,1,190,3,1082,0,30
190,300,1,191,2,1084,0,20
191,300,1,192,8,1092,0,80
192,300,1,193,4,1096,0,40
193,300,1,194,5,1101,0,50
194,300,1,195,3,1104,243,30
195,300,1,196,6,1110,0,60
196,300,1,197,5,1115,0,50
197,300,1,198,9,1124,0,90
198,300,1,199,9,1133,300,90
199,300,1,200,8,1141,0,80
200,300,1,201,6,1147,0,60
201,300,1,202,2,1149,0,20
202,300,1,203,4,1153,0,40
203,300,1,204,3,1156,0,30
204,300,1,205,9,1165,0,90
205,300,1,206,6,1171,0,60
206,300,1,207,8,1179,461,80
207,300,1,208,4,1183,0,40
208,300,1,209,8,1191,0,80
209,300,1,210,6,1197,0,60
210,300,1,211,8,1205,0,80
211,300,1,212,3,1208,0,30
212,300,1,213,4,1212,0,40
213,300,1,214,9,1221,454,90
214,300,1,215,8,1229,0,80
215,300,1,216,5,1234,128,50
216,300,1,217,8,1242,0,80
217,300,1,218,4,1246,109,40
218,300,1,219,8,1254,0,80
219,300,1,220,2,1256,0,20
220,300,1,221,6,1262,0,60
221,300,1,222,3,1265,199,30
222,300,1,223,3,1268,0,30
223,300,1,224,6,1274,107,60
224,300,1,225,2,1276,14,20
225,300,1,226,3,1279,0,30
226,300,1,227,9,1288,0,90
227,300,1,228,8,1296,0,80
228,300,1,229,6,1302,228,60
229,300,1,230,4,1306,0,40
230,300,1,231,7,1313,0,70
231,300,1,232,7,1320,172,70
232,300,1,233,5,1325,0,50
233,300,1,234,4,1329,0,40
234,300,1,235,4,1333,0,40
235,300,1,236,4,1337,0,40
236,300,1,237,6,1343,0,60
237,300,1,238,5,1348,0,50
238,300,1,239,6,1354,0,60
239,300,1,240,3,1357,0,30
240,300,1,241,4,1361,0,40
241,300,1,242,7,1368,0,70
242,300,1,243,5,1373,0,50
243,300,1,244,5,1378,0,50
244,300,1,245,9,1387,0,90
245,300,1,246,8,1395,0,80
246,300,1,247,5,1400,0,50
247,300,1,248,6,1406,852,60
248,300,1,249,9,1415,0,90
249,300,1,250,2,1417,0,20
250,300,1,251,5,1422,0,50
251,300,1,252,6,1428,200,60
252,300,1,253,6,1434,0,60
253,300,1,254,6,1440,0,60
254,300,1,255,6,1446,193,60
255,300,1,256,8,1454,0,80
256,300,1,257,7,1461,0,70
257,300,1,258,5,1466,0,50
258,300,1,259,4,1470,0,40
259,300,1,260,3,1473,0,30
260,300,1,261,7,1480,0,70
261,300,1,262,7,1487,0,70
262,300,1,263,7,1494,0,70
263,300,1,264,4,1498,0,40
264,300,1,265,3,1501,0,30
265,300,1,266,4,1505,536,40
266,300,1,267,5,1510,0,50
267,300,1,268,2,1512,57,20
268,300,1,269,3,1515,0,30
269,300,1,270,9,1524,0,90
270,300,1,271,5,1529,0,50
271,300,1,272,6,1535,254,60
272,300,1,273,3,1538,0,30
273,300,1,274,2,1540,0,20
274,300,1,275,7,1547,0,70
275,300,1,276,8,1555,0,80
276,300,1,277,7,1562,0,70
277,300,1,278,2,1564,0,20
278,300,1,279,3,1567,0,30
279,300,1,280,6,1573,377,60
280,300,1,281,3,1576,0,30
281,300,1,282,8,1584,100,80
282,300,1,283,7,1591,72,70
283,300,1,284,4,1595,0,40
284,300,1,285,9,1604,0,90
285,300,1,286,8,1612,244,80
286,300,1,287,9,1621,0,90
287,300,1,288,9,1630,0,90
288,300,1,289,8,1638,0,80
289,300,1,290,5,1643,325,50
290,300,1,291,3,1646,0,30
291,300,1,292,6,1652,0,60
292,300,1,293,7,1659,0,70
293,300,1,294,4,1663,0,40
294,300,1,295,2,1665,0,20
295,300,1,296,4,1669,0,40
296,300,1,297,8,1677,0,80
297,300,1,298,2,1679,0,20
298,300,1,299,7,1686,0,70
299,300,1,300,9,1695,437,90
300,300,1,301,8,1703,0,80
301,300,1,302,7,1710,157,70
302,300,1,303,2,1712,25,20
303,300,1,304,5,1717,0,50
304,300,1,305,3,1720,0,30
305,300,1,306,4,1724,0,40
306,300,1,307,6,1730,192,60
307,300,1,308,3,1733,0,30
308,300,1,309,7,1740,0,70
309,300,1,310,3,1743,0,30
310,300,1,311,6,1749,0,60
311,300,1,312,8,1757,0,80
312,300,1,313,6,1763,0,60
313,300,1,314,7,1770,0,70
314,300,1,315,6,1776,0,60
315,300,1,316,4,1780,0,40
316,300,1,317,8,1788,577,80
317,300,1,318,9,1797,0,90
318,300,1,319,8,1805,0,80
319,300,1,320,6,1811,0,60
320,300,1,321,8,1819,0,80
321,300,1,322,2,1821,0,20
322,300,1,323,3,1824,0,30
323,300,1,324,6,1830,0,60
324,300,1,325,6,1836,0,60
325,300,1,326,2,1838,519,20
326,300,1,327,4,1842,0,40
327,300,1,328,3,1845,0,30
328,300,1,329,3,1848,103,30
329,300,1,330,6,1854,51,60
330,300,1,331,9,1863,0,90
331,300,1,332,9,1872,0,90
332,300,1,333,8,1880,0,80
333,300,1,334,3,1883,286,30
334,300,1,335,5,1888,0,50
335,300,1,336,2,1890,0,20
336,300,1,337,5,1895,0,50
337,300,1,338,5,1900,188,50
338,300,1,339,4,1904,36,40
339,300,1,340,7,1911,0,70
340,300,1,341,4,1915,0,40
341,300,1,342,3,1918,143,30
342,300,1,343,2,1920,0,20
343,300,1,344,7,1927,0,70
344,300,1,345,2,1929,0,20
345,300,1,346,5,1934,0,50
346,300,1,347,4,1938,0,40
347,300,1,348,5,1943,0,50
348,300,1,349,2,1945,0,20
349,300,1,350,6,1951,0,60
350,300,1,351,8,1959,0,80
351,300,1,352,7,1966,475,70
352,300,1,353,6,1972,0,60
353,300,1,354,3,1975,0,30
354,300,1,355,4,1979,0,40
355,300,1,356,5,1984,188,50
356,300,1,357,3,1987,31,30
357,300,1,358,5,1992,0,50
358,300,1,359,9,2001,0,90
359,300,1,360,8,2009,237,80
360,300,1,361,8,2017,95,80
361,300,1,362,7,2024,0,70
362,300,1,363,7,2031,0,70
363,300,1,364,2,2033,0,20
364,300,1,365,6,2039,211,60
365,300,1,366,3,2042,0,30
366,300,1,367,2,2044,0,20
367,300,1,368,9,2053,155,90
368,300,1,369,3,2056,0,30
369,300,1,370,2,2058,0,20
370,300,1,371,6,2064,0,60
371,300,1,372,7,2071,196,70
372,300,1,373,5,2076,0,50
373,300,1,374,3,2079,0,30
374,300,1,375,8,2087,0,80
375,300,1,376,7,2094,0,70
376,300,1,377,3,2097,0,30
377,300,1,378,7,2104,0,70
378,300,1,379,5,2109,0,50
379,300,1,380,9,2118,0,90
380,300,1,381,5,2123,0,50
381,300,1,382,8,2131,0,80
382,300,1,383,8,2139,0,80
383,300,1,384,9,2148,0,90
384,300,1,385,9,2157,0,90
385,300,1,386,5,2162,950,50
386,300,1,387,3,2165,0,30
387,300,1,388,8,2173,0,80
388,300,1,389,5,2178,0,50
389,300,1,390,5,2183,0,50
390,300,1,391,3,2186,0,30
391,300,1,392,6,2192,300,60
392,300,1,393,8,2200,0,80
393,300,1,394,4,2204,0,40
394,300,1,395,3,2207,0,30
395,300,1,396,7,2214,225,70
396,300,1,397,2,2216,22,20
397,300,1,398,2,2218,0,20
398,300,1,399,8,2226,0,80
399,300,1,400,2,2228,0,20
400,300,1,401,5,2233,0,50
401,300,1,402,8,2241,278,80
402,300,1,403,4,2245,37,40
403,300,1,404,4,2249,0,40
404,300,1,405,8,2257,0,80
405,300,1,406,4,2261,0,40
406,300,1,407,4,2265,0,40
407,300,1,408,2,2267,0,20
408,300,1,409,6,2273,0,60
409,300,1,410,8,2281,0,80
410,300,1,411,2,2283,0,20
411,300,1,412,9,2292,0,90
412,300,1,413,6,2298,0,60
413,300,1,414,2,2300,0,20
414,300,1,415,5,2305,0,50
415,300,1,416,8,2313,0,80
416,300,1,417,9,2322,760,90
417,300,1,418,2,2324,18,20
418,300,1,419,6,2330,0,60
419,300,1,420,7,2337,0,70
420,300,1,421,3,2340,0,30
421,300,1,422,2,2342,0,20
422,300,1,423,5,2347,0,50
423,300,1,424,9,2356,0,90
424,300,1,425,3,2359,0,30
425,300,1,426,9,2368,453,90
426,300,1,427,4,2372,36,40
427,300,1,428,9,2381,87,90
428,300,1,429,9,2390,0,90
429,300,1,430,3,2393,0,30
430,300,1,431,5,2398,161,50
431,300,1,432,8,2406,0,80
432,300,1,433,2,2408,0,20
433,300,1,434,5,2413,120,50
434,300,1,435,2,2415,0,20
435,300,1,436,4,2419,0,40
436,300,1,437,4,2423,0,40
437,300,1,438,5,2428,0,50
438,300,1,439,4,2432,0,40
439,300,1,440,8,2440,0,80
440,300,1,441,9,2449,0,90
441,300,1,442,7,2456,0,70
442,300,1,443,8,2464,0,80
443,300,1,444,7,2471,0,70
444,300,1,445,6,2477,0,60
445,300,1,446,3,2480,703,30
446,300,1,447,4,2484,0,40
447,300,1,448,3,2487,78,30
448,300,1,449,5,2492,0,50
449,300,1,450,7,2499,0,70
450,300,1,451,9,2508,0,90
451,300,1,452,4,2512,248,40
452,300,1,453,2,2514,0,20
453,300,1,454,5,2519,0,50
454,300,1,455,5,2524,120,50
455,300,1,456,9,2533,0,90
456,300,1,457,7,2540,0,70
457,300,1,458,3,2543,0,30
458,300,1,459,2,2545,0,20
459,300,1,460,5,2550,0,50
460,300,1,461,6,2556,0,60
461,300,1,462,3,2559,0,30
462,300,1,463,4,2563,369,40
463,300,1,464,5,2568,0,50
464,300,1,465,4,2572,0,40
465,300,1,466,6,2578,0,60
466,300,1,467,8,2586,219,80
467,300,1,468,3,2589,0,30
468,300,1,469,9,2598,0,90
469,300,1,470,7,2605,172,70
470,300,1,471,3,2608,0,30
471,300,1,472,7,2615,0,70
472,300,1,473,9,2624,0,90
473,300,1,474,4,2628,0,40
474,300,1,475,7,2635,0,70
475,300,1,476,4,2639,0,40
476,300,1,477,2,2641,0,20
477,300,1,478,7,2648,0,70
478,300,1,479,9,2657,0,90
479,300,1,480,5,2662,0,50
480,300,1,481,4,2666,0,40
481,300,1,482,8,2674,0,80
482,300,1,483,2,2676,0,20
483,300,1,484,2,2678,0,20
484,300,1,485,4,2682,0,40
485,300,1,486,5,2687,806,50
486,300,1,487,8,2695,80,80
487,300,1,488,6,2701,0,60
488,300,1,489,6,2707,119,60
489,300,1,490,4,2711,0,40
490,300,1,491,4,2715,0,40
491,300,1,492,3,2718,0,30
492,300,1,493,4,2722,0,40
493,300,1,494,9,2731,0,90
494,300,1,495,3,2734,0,30
495,300,1,496,8,2742,0,80
496,300,1,497,5,2747,0,50
497,300,1,498,3,2750,467,30
498,300,1,499,8,2758,0,80
499,300,1,500,2,2760,0,20
500,300,1,501,8,2768,0,80
501,300,1,502,7,2775,0,70
502,300,1,503,7,2782,0,70
503,300,1,504,5,2787,0,50
504,300,1,505,4,2791,388,40
505,300,1,506,2,2793,18,20
506,300,1,507,6,2799,0,60
507,300,1,508,7,2806,119,70
508,300,1,509,5,2811,0,50
509,300,1,510,2,2813,0,20
510,300,1,511,9,2822,173,90
511,300,1,512,4,2826,0,40
512,300,1,513,6,2832,0,60
513,300,1,514,6,2838,0,60
514,300,1,515,2,2840,196,20
515,300,1,516,8,2848,82,80
516,300,1,517,9,2857,0,90
517,300,1,518,8,2865,0,80
518,300,1,519,5,2870,0,50
519,300,1,520,7,2877,0,70
520,300,1,521,9,2886,0,90
521,300,1,522,3,2889,0,30
522,300,1,523,6,2895,0,60
523,300,1,524,5,2900,0,50
524,300,1,525,7,2907,0,70
525,300,1,526,8,2915,646,80
526,300,1,527,6,2921,0,60
527,300,1,528,2,2923,0,20
528,300,1,529,3,2926,0,30
529,300,1,530,7,2933,0,70
530,300,1,531,9,2942,0,90
531,300,1,532,6,2948,0,60
532,300,1,533,8,2956,0,80
533,300,1,534,5,2961,460,50
534,300,1,535,5,2966,0,50
535,300,1,536,9,2975,135,90
536,300,1,537,3,2978,0,30
537,300,1,538,6,2984,0,60
538,300,1,539,7,2991,177,70
539,300,1,540,4,2995,0,40
540,300,1,541,5,3000,97,50
541,300,1,542,2,3002,0,20
542,300,1,543,4,3006,0,40
543,300,1,544,4,3010,0,40
544,300,1,545,6,3016,140,60
545,300,1,546,9,3025,0,90
546,300,1,547,7,3032,0,70
547,300,1,548,2,3034,0,20
548,300,1,549,8,3042,0,80
549,300,1,550,3,3045,0,30
550,300,1,551,5,3050,0,50
551,300,1,552,5,3055,0,50
552,300,1,553,9,3064,0,90
553,300,1,554,3,3067,0,30
554,300,1,555,3,3070,0,30
555,300,1,556,6,3076,0,60
556,300,1,557,7,3083,0,70
557,300,1,558,7,3090,0,70
558,300,1,559,2,3092,0,20
559,300,1,560,9,3101,0,90
560,300,1,561,2,3103,832,20
561,300,1,562,6,3109,0,60
562,300,1,563,6,3115,125,60
563,300,1,564,8,3123,80,80
564,300,1,565,5,3128,0,50
565,300,1,566,9,3137,0,90
566,300,1,567,8,3145,0,80
567,300,1,568,6,3151,0,60
568,300,1,569,8,3159,372,80
569,300,1,570,8,3167,85,80
570,300,1,571,3,3170,28,30
571,300,1,572,8,3178,90,80
572,300,1,573,7,3185,67,70
573,300,1,574,2,3187,0,20
574,300,1,575,3,3190,0,30
575,300,1,576,7,3197,0,70
576,300,1,577,6,3203,0,60
577,300,1,578,3,3206,0,30
578,300,1,579,8,3214,0,80
579,300,1,580,8,3222,0,80
580,300,1,581,8,3230,0,80
581,300,1,582,3,3233,0,30
582,300,1,583,5,3238,0,50
583,300,1,584,8,3246,0,80
584,300,1,585,7,3253,0,70
585,300,1,586,8,3261,0,80
586,300,1,587,6,3267,0,60
587,300,1,588,4,3271,0,40
588,300,1,589,3,3274,0,30
589,300,1,590,3,3277,0,30
590,300,1,591,3,3280,0,30
591,300,1,592,6,3286,0,60
592,300,1,593,2,3288,0,20
593,300,1,594,7,3295,0,70
594,300,1,595,4,3299,0,40
595,300,1,596,2,3301,1137,20
596,300,1,597,6,3307,0,60
597,300,1,598,8,3315,0,80
598,300,1,599,8,3323,0,80
599,300,1,600,5,3328,0,50
600,300,1,601,7,3335,0,70
601,300,1,602,2,3337,0,20
602,300,1,603,7,3344,0,70
603,300,1,604,4,3348,0,40
604,300,1,605,6,3354,0,60
605,300,1,606,6,3360,0,60
606,300,1,607,6,3366,660,60
607,300,1,608,8,3374,0,80
608,300,1,609,7,3381,0,70
609,300,1,610,5,3386,0,50
610,300,1,611,9,3395,0,90
611,300,1,612,4,3399,373,40
612,300,1,613,6,3405,0,60
613,300,1,614,9,3414,0,90
614,300,1,615,8,3422,0,80
615,300,1,616,9,3431,0,90
616,300,1,617,5,3436,0,50
617,300,1,618,6,3442,0,60
618,300,1,619,8,3450,0,80
619,300,1,620,5,3455,570,50
620,300,1,621,3,3458,0,30
621,300,1,622,2,3460,0,20
622,300,1,623,5,3465,0,50
623,300,1,624,7,3472,0,70
624,300,1,625,8,3480,267,80
625,300,1,626,9,3489,0,90
626,300,1,627,2,3491,0,20
627,300,1,628,3,3494,130,30
628,300,1,629,2,3496,0,20
629,300,1,630,5,3501,0,50
630,300,1,631,6,3507,0,60
631,300,1,632,5,3512,0,50
632,300,1,633,8,3520,281,80
633,300,1,634,2,3522,0,20
634,300,1,635,6,3528,0,60
635,300,1,636,6,3534,0,60
636,300,1,637,7,3541,0,70
637,300,1,638,4,3545,0,40
638,300,1,639,2,3547,0,20
639,300,1,640,8,3555,0,80
640,300,1,641,3,3558,339,30
641,300,1,642,9,3567,91,90
642,300,1,643,9,3576,0,90
643,300,1,644,7,3583,0,70
644,300,1,645,9,3592,250,90
645,300,1,646,2,3594,0,20
646,300,1,647,5,3599,0,50
647,300,1,648,5,3604,0,50
648,300,1,649,8,3612,0,80
649,300,1,650,6,3618,0,60
650,300,1,651,2,3620,0,20
651,300,1,652,2,3622,261,20
652,300,1,653,8,3630,0,80
653,300,1,654,8,3638,153,80
654,300,1,655,9,3647,0,90
655,300,1,656,6,3653,0,60
656,300,1,657,3,3656,190,30
657,300,1,658,2,3658,0,20
658,300,1,659,8,3666,91,80
659,300,1,660,6,3672,0,60
660,300,1,661,2,3674,0,20
661,300,1,662,3,3677,0,30
662,300,1,663,6,3683,180,60
663,300,1,664,2,3685,0,20
664,300,1,665,9,3694,0,90
665,300,1,666,9,3703,0,90
666,300,1,667,2,3705,0,20
667,300,1,668,7,3712,0,70
668,300,1,669,8,3720,0,80
669,300,1,670,4,3724,0,40
670,300,1,671,5,3729,0,50
671,300,1,672,9,3738,0,90
672,300,1,673,2,3740,0,20
673,300,1,674,2,3742,577,20
674,300,1,675,6,3748,0,60
675,300,1,676,5,3753,118,50
676,300,1,677,7,3760,59,70
677,300,1,678,9,3769,0,90
678,300,1,679,6,3775,0,60
679,300,1,680,8,3783,0,80
680,300,1,681,2,3785,235,20
681,300,1,682,4,3789,0,40
682,300,1,683,9,3798,0,90
683,300,1,684,5,3803,0,50
684,300,1,685,8,3811,0,80
685,300,1,686,8,3819,0,80
686,300,1,687,2,3821,0,20
687,300,1,688,5,3826,0,50
688,300,1,689,8,3834,0,80
689,300,1,690,3,3837,0,30
690,300,1,691,8,3845,621,80
691,300,1,692,2,3847,0,20
692,300,1,693,5,3852,0,50
693,300,1,694,3,3855,0,30
694,300,1,695,8,3863,0,80
695,300,1,696,9,3872,264,90
696,300,1,697,8,3880,0,80
697,300,1,698,5,3885,0,50
698,300,1,699,2,3887,0,20
699,300,1,700,8,3895,0,80
700,300,1,701,7,3902,0,70
701,300,1,702,4,3906,336,40
702,300,1,703,3,3909,0,30
703,300,1,704,4,3913,72,40
704,300,1,705,9,3922,0,90
705,300,1,706,9,3931,166,90
706,300,1,707,2,3933,0,20
707,300,1,708,3,3936,45,30
708,300,1,709,8,3944,0,80
709,300,1,710,3,3947,89,30
710,300,1,711,2,3949,0,20
711,300,1,712,7,3956,90,70
712,300,1,713,8,3964,0,80
713,300,1,714,6,3970,123,60
714,300,1,715,4,3974,0,40
715,300,1,716,6,3980,0,60
716,300,1,717,6,3986,0,60
717,300,1,718,6,3992,226,60
718,300,1,719,4,3996,0,40
719,300,1,720,8,4004,0,80
720,300,1,721,9,4013,0,90
721,300,1,722,7,4020,0,70
722,300,1,723,9,4029,0,90
723,300,1,724,7,4036,426,70
724,300,1,725,4,4040,0,40
725,300,1,726,4,4044,0,40
726,300,1,727,8,4052,0,80
727,300,1,728,7,4059,0,70
728,300,1,729,4,4063,0,40
729,300,1,730,7,4070,0,70
730,300,1,731,5,4075,0,50
731,300,1,732,6,4081,0,60
732,300,1,733,8,4089,0,80
733,300,1,734,3,4092,0,30
734,300,1,735,4,4096,0,40
735,300,1,736,2,4098,0,20
736,300,1,737,4,4102,0,40
737,300,1,738,6,4108,0,60
738,300,1,739,7,4115,0,70
739,300,1,740,4,4119,0,40
740,300,1,741,9,4128,0,90
741,300,1,742,5,4133,0,50
742,300,1,743,9,4142,0,90
743,300,1,744,2,4144,0,20
744,300,1,745,6,4150,0,60
745,300,1,746,4,4154,0,40
746,300,1,747,4,4158,0,40
747,300,1,748,3,4161,0,30
748,300,1,749,3,4164,0,30
749,300,1,750,4,4168,0,40
750,300,1,751,7,4175,1422,70
751,300,1,752,9,4184,95,90
752,300,1,753,3,4187,0,30
753,300,1,754,4,4191,0,40
754,300,1,755,5,4196,125,50
755,300,1,756,5,4201,0,50
756,300,1,757,4,4205,80,40
757,300,1,758,4,4209,40,40
758,300,1,759,2,4211,30,20
759,300,1,760,6,4217,0,60
760,300,1,761,9,4226,139,90
761,300,1,762,2,4228,0,20
762,300,1,763,9,4237,102,90
763,300,1,764,3,4240,32,30
764,300,1,765,8,4248,0,80
765,300,1,766,8,4256,0,80
766,300,1,767,3,4259,0,30
767,300,1,768,9,4268,0,90
768,300,1,769,3,4271,0,30
769,300,1,770,2,4273,0,20
770,300,1,771,6,4279,0,60
771,300,1,772,8,4287,473,80
772,300,1,773,9,4296,72,90
773,300,1,774,6,4302,0,60
774,300,1,775,5,4307,0,50
775,300,1,776,7,4314,0,70
776,300,1,777,8,4322,0,80
777,300,1,778,6,4328,0,60
778,300,1,779,7,4335,0,70
779,300,1,780,8,4343,0,80
780,300,1,781,7,4350,0,70
781,300,1,782,4,4354,593,40
782,300,1,783,5,4359,0,50
783,300,1,784,2,4361,0,20
784,300,1,785,3,4364,0,30
785,300,1,786,5,4369,0,50
786,300,1,787,8,4377,0,80
787,300,1,788,8,4385,317,80
788,300,1,789,9,4394,0,90
789,300,1,790,6,4400,0,60
790,300,1,791,6,4406,230,60
791,300,1,792,4,4410,0,40
792,300,1,793,9,4419,0,90
793,300,1,794,3,4422,0,30
794,300,1,795,3,4425,0,30
795,300,1,796,3,4428,0,30
796,300,1,797,3,4431,0,30
797,300,1,798,5,4436,0,50
798,300,1,799,4,4440,0,40
799,300,1,800,9,4449,436,90
800,300,1,801,8,4457,79,80
801,300,1,802,4,4461,0,40
802,300,1,803,7,4468,0,70
803,300,1,804,6,4474,0,60
804,300,1,805,7,4481,257,70
805,300,1,806,2,4483,0,20
806,300,1,807,4,4487,0,40
807,300,1,808,2,4489,0,20
808,300,1,809,2,4491,0,20
809,300,1,810,3,4494,0,30
810,300,1,811,3,4497,196,30
811,300,1,812,2,4499,17,20
812,300,1,813,8,4507,0,80
813,300,1,814,6,4513,0,60
814,300,1,815,8,4521,224,80
815,300,1,816,7,4528,0,70
816,300,1,817,8,4536,150,80
817,300,1,818,7,4543,0,70
818,300,1,819,7,4550,0,70
819,300,1,820,5,4555,0,50
820,300,1,821,2,4557,206,20
821,300,1,822,2,4559,0,20
822,300,1,823,4,4563,0,40
823,300,1,824,3,4566,0,30
824,300,1,825,6,4572,0,60
825,300,1,826,3,4575,190,30
826,300,1,827,7,4582,0,70
827,300,1,828,8,4590,0,80
828,300,1,829,5,4595,0,50
829,300,1,830,9,4604,306,90
830,300,1,831,8,4612,0,80
831,300,1,832,6,4618,0,60
832,300,1,833,2,4620,0,20
833,300,1,834,8,4628,242,80
834,300,1,835,5,4633,0,50
835,300,1,836,3,4636,0,30
836,300,1,837,7,4643,0,70
837,300,1,838,4,4647,0,40
838,300,1,839,4,4651,0,40
839,300,1,840,6,4657,0,60
840,300,1,841,4,4661,0,40
841,300,1,842,2,4663,0,20
842,300,1,843,4,4667,0,40
843,300,1,844,9,4676,0,90
844,300,1,845,6,4682,0,60
845,300,1,846,4,4686,0,40
846,300,1,847,6,4692,0,60
847,300,1,848,3,4695,0,30
848,300,1,849,7,4702,0,70
849,300,1,850,7,4709,0,70
850,300,1,851,5,4714,0,50
851,300,1,852,7,4721,0,70
852,300,1,853,3,4724,0,30
853,300,1,854,5,4729,0,50
854,300,1,855,2,4731,1026,20
855,300,1,856,4,4735,0,40
856,300,1,857,7,4742,122,70
857,300,1,858,2,4744,0,20
858,300,1,859,2,4746,0,20
859,300,1,860,2,4748,56,20
860,300,1,861,9,4757,0,90
861,300,1,862,7,4764,0,70
862,300,1,863,2,4766,0,20
863,300,1,864,9,4775,0,90
864,300,1,865,2,4777,0,20
865,300,1,866,2,4779,0,20
866,300,1,867,7,4786,0,70
867,300,1,868,3,4789,0,30
868,300,1,869,3,4792,0,30
869,300,1,870,4,4796,516,40
870,300,1,871,3,4799,0,30
871,300,1,872,6,4805,0,60
872,300,1,873,2,4807,0,20
873,300,1,874,5,4812,0,50
874,300,1,875,6,4818,0,60
875,300,1,876,3,4821,0,30
876,300,1,877,7,4828,0,70
877,300,1,878,4,4832,0,40
878,300,1,879,2,4834,0,20
879,300,1,880,3,4837,0,30
880,300,1,881,2,4839,437,20
881,300,1,882,2,4841,0,20
882,300,1,883,9,4850,0,90
883,300,1,884,7,4857,210,70
884,300,1,885,9,4866,0,90
885,300,1,886,3,4869,0,30
886,300,1,887,7,4876,0,70
887,300,1,888,6,4882,0,60
888,300,1,889,4,4886,0,40
889,300,1,890,8,4894,0,80
890,300,1,891,8,4902,0,80
891,300,1,892,8,4910,0,80
892,300,1,893,9,4919,0,90
893,300,1,894,3,4922,0,30
894,300,1,895,5,4927,0,50
895,300,1,896,6,4933,0,60
896,300,1,897,5,4938,0,50
897,300,1,898,9,4947,0,90
898,300,1,899,4,4951,0,40
899,300,1,900,4,4955,0,40
900,300,1,901,8,4963,0,80
901,300,1,902,6,4969,0,60
902,300,1,903,7,4976,0,70
903,300,1,904,4,4980,1252,40
904,300,1,905,7,4987,72,70
905,300,1,906,9,4996,111,90
906,300,1,907,2,4998,0,20
907,300,2,1,7,7,0,70
908,300,2,2,3,10,0,30
909,300,2,3,2,12,0,20
910,300,2,4,4,16,0,40
911,300,2,5,7,23,0,70
912,300,2,6,6,29,0,60
913,300,2,7,6,35,0,60
914,300,2,8,7,42,0,70
915,300,2,9,4,46,453,40
916,300,2,10,2,48,0,20
917,300,2,11,8,56,0,80
918,300,2,12,7,63,0,70
919,300,2,13,4,67,205,40
920,300,2,14,3,70,0,30
921,300,2,15,3,73,0,30
922,300,2,16,2,75,0,20
923,300,2,17,8,83,0,80
924,300,2,18,3,86,178,30
925,300,2,19,3,89,0,30
926,300,2,20,3,92,0,30
927,300,2,21,5,97,0,50
928,300,2,22,5,102,0,50
929,300,2,23,9,111,0,90
930,300,2,24,2,113,261,20
931,300,2,25,8,121,90,80
932,300,2,26,2,123,0,20
933,300,2,27,7,130,0,70
934,300,2,28,3,133,119,30
935,300,2,29,7,140,0,70
936,300,2,30,3,143,0,30
937,300,2,31,7,150,0,70
938,300,2,32,4,154,0,40
939,300,2,33,6,160,0,60
940,300,2,34,3,163,0,30
941,300,2,35,3,166,331,30
942,300,2,36,3,169,0,30
943,300,2,37,6,175,96,60
944,300,2,38,7,182,73,70
945,300,2,39,8,190,0,80
946,300,2,40,8,198,0,80
947,300,2,41,4,202,0,40
948,300,2,42,4,206,252,40
949,300,2,43,8,214,0,80
950,300,2,44,9,223,0,90
951,300,2,45,6,229,247,60
952,300,2,46,7,236,0,70
953,300,2,47,8,244,0,80
954,300,2,48,6,250,0,60
955,300,2,49,3,253,0,30
956,300,2,50,4,257,267,40
957,300,2,51,2,259,0,20
958,300,2,52,8,267,0,80
959,300,2,53,2,269,112,20
960,300,2,54,3,272,0,30
961,300,2,55,4,276,0,40
962,300,2,56,7,283,0,70
963,300,2,57,9,292,0,90
964,300,2,58,8,300,0,80
965,300,2,59,5,305,0,50
966,300,2,60,6,311,474,60
967,300,2,61,9,320,0,90
968,300,2,62,9,329,178,90
969,300,2,63,5,334,0,50
970,300,2,64,8,342,0,80
971,300,2,65,5,347,0,50
972,300,2,66,6,353,0,60
973,300,2,67,8,361,0,80
974,300,2,68,6,367,0,60
975,300,2,69,9,376,0,90
976,300,2,70,4,380,0,40
977,300,2,71,6,386,0,60
978,300,2,72,6,392,0,60
979,300,2,73,2,394,0,20
980,300,2,74,7,401,0,70
981,300,2,75,6,407,0,60
982,300,2,76,7,414,0,70
983,300,2,77,6,420,0,60
984,300,2,78,8,428,0,80
985,300,2,79,7,435,0,70
986,300,2,80,4,439,0,40
987,300,2,81,6,445,1194,60
988,300,2,82,7,452,0,70
989,300,2,83,7,459,0,70
990,300,2,84,3,462,0,30
991,300,2,85,2,464,184,20
992,300,2,86,2,466,0,20
993,300,2,87,9,475,110,90
994,300,2,88,5,480,0,50
995,300,2,89,8,488,0,80
996,300,2,90,7,495,228,70
997,300,2,91,5,500,0,50
998,300,2,92,8,508,0,80
999,300,2,93,9,517,0,90
1000,300,2,94,4,521,0,40
1001,300,2,95,6,527,0,60
1002,300,2,96,8,535,0,80
1003,300,2,97,7,542,0,70
1004,300,2,98,4,546,0,40
1005,300,2,99,2,548,0,20
1006,300,2,100,8,556,0,80
1007,300,2,101,4,560,675,40
1008,300,2,102,3,563,0,30
1009,300,2,103,2,565,0,20
1010,300,2,104,8,573,0,80
1011,300,2,105,8,581,231,80
1012,300,2,106,2,583,0,20
1013,300,2,107,5,588,0,50
1014,300,2,108,2,590,0,20
1015,300,2,109,4,594,142,40
1016,300,2,110,8,602,0,80
1017,300,2,111,2,604,0,20
1018,300,2,112,9,613,164,90
1019,300,2,113,8,621,0,80
1020,300,2,114,5,626,0,50
1021,300,2,115,2,628,0,20
1022,300,2,116,6,634,0,60
1023,300,2,117,7,641,0,70
1024,300,2,118,6,647,0,60
1025,300,2,119,6,653,0,60
1026,300,2,120,8,661,0,80
1027,300,2,121,3,664,0,30
1028,300,2,122,4,668,565,40
1029,300,2,123,5,673,0,50
1030,300,2,124,3,676,0,30
1031,300,2,125,9,685,0,90
1032,300,2,126,9,694,242,90
1033,300,2,127,3,697,0,30
1034,300,2,128,6,703,0,60
1035,300,2,129,2,705,0,20
1036,300,2,130,8,713,0,80
1037,300,2,131,2,715,0,20
1038,300,2,132,3,718,0,30
1039,300,2,133,4,722,0,40
1040,300,2,134,6,728,368,60
1041,300,2,135,5,733,0,50
1042,300,2,136,3,736,0,30
1043,300,2,137,9,745,176,90
1044,300,2,138,9,754,0,90
1045,300,2,139,7,761,0,70
1046,300,2,140,3,764,0,30
1047,300,2,141,2,766,200,20
1048,300,2,142,8,774,0,80
1049,300,2,143,7,781,147,70
1050,300,2,144,4,785,0,40
1051,300,2,145,6,791,0,60
1052,300,2,146,5,796,0,50
1053,300,2,147,5,801,0,50
1054,300,2,148,6,807,0,60
1055,300,2,149,3,810,0,30
1056,300,2,150,7,817,0,70
1057,300,2,151,9,826,0,90
1058,300,2,152,9,835,0,90
1059,300,2,153,3,838,553,30
1060,300,2,154,5,843,48,50
1061,300,2,155,8,851,0,80
1062,300,2,156,6,857,0,60
1063,300,2,157,8,865,207,80
1064,300,2,158,3,868,0,30
1065,300,2,159,8,876,119,80
1066,300,2,160,9,885,0,90
1067,300,2,161,7,892,137,70
1068,300,2,162,4,896,0,40
1069,300,2,163,4,900,74,40
1070,300,2,164,2,902,0,20
1071,300,2,165,2,904,0,20
1072,300,2,166,3,907,0,30
1073,300,2,167,9,916,0,90
1074,300,2,168,5,921,0,50
1075,300,2,169,3,924,0,30
1076,300,2,170,6,930,290,60
1077,300,2,171,5,935,0,50
1078,300,2,172,3,938,0,30
1079,300,2,173,6,944,0,60
1080,300,2,174,4,948,0,40
1081,300,2,175,5,953,0,50
1082,300,2,176,2,955,0,20
1083,300,2,177,2,957,270,20
1084,300,2,178,6,963,0,60
1085,300,2,179,7,970,0,70
1086,300,2,180,8,978,0,80
1087,300,2,181,9,987,0,90
1088,300,2,182,6,993,353,60
1089,300,2,183,2,995,0,20
1090,300,2,184,9,1004,0,90
1091,300,2,185,6,1010,172,60
1092,300,2,186,4,1014,0,40
1093,300,2,187,7,1021,0,70
1094,300,2,188,4,1025,0,40
1095,300,2,189,4,1029,0,40
1096,300,2,190,3,1032,0,30
1097,300,2,191,7,1039,0,70
1098,300,2,192,8,1047,0,80
1099,300,2,193,5,1052,0,50
1100,300,2,194,4,1056,0,40
1101,300,2,195,3,1059,0,30
1102,300,2,196,9,1068,0,90
1103,300,2,197,3,1071,0,30
1104,300,2,198,2,1073,614,20
1105,300,2,199,6,1079,0,60
1106,300,2,200,6,1085,114,60
1107,300,2,201,6,1091,61,60
1108,300,2,202,8,1099,80,80
1109,300,2,203,2,1101,0,20
1110,300,2,204,6,1107,0,60
1111,300,2,205,3,1110,130,30
1112,300,2,206,3,1113,0,30
1113,300,2,207,5,1118,0,50
1114,300,2,208,5,1123,0,50
1115,300,2,209,2,1125,0,20
1116,300,2,210,8,1133,0,80
1117,300,2,211,4,1137,258,40
1118,300,2,212,5,1142,0,50
1119,300,2,213,8,1150,0,80
1120,300,2,214,6,1156,0,60
1121,300,2,215,3,1159,0,30
1122,300,2,216,5,1164,263,50
1123,300,2,217,9,1173,0,90
1124,300,2,218,4,1177,0,40
1125,300,2,219,4,1181,0,40
1126,300,2,220,7,1188,231,70
1127,300,2,221,9,1197,95,90
1128,300,2,222,3,1200,0,30
1129,300,2,223,9,1209,0,90
1130,300,2,224,3,1212,0,30
1131,300,2,225,4,1216,0,40
1132,300,2,226,4,1220,0,40
1133,300,2,227,5,1225,0,50
1134,300,2,228,9,1234,0,90
1135,300,2,229,5,1239,0,50
1136,300,2,230,2,1241,0,20
1137,300,2,231,5,1246,0,50
1138,300,2,232,4,1250,0,40
1139,300,2,233,5,1255,0,50
1140,300,2,234,8,1263,0,80
1141,300,2,235,3,1266,675,30
1142,300,2,236,2,1268,0,20
1143,300,2,237,9,1277,0,90
1144,300,2,238,4,1281,0,40
1145,300,2,239,4,1285,192,40
1146,300,2,240,6,1291,0,60
1147,300,2,241,2,1293,0,20
1148,300,2,242,2,1295,0,20
1149,300,2,243,3,1298,128,30
1150,300,2,244,5,1303,52,50
1151,300,2,245,4,1307,28,40
1152,300,2,246,8,1315,0,80
1153,300,2,247,3,1318,0,30
1154,300,2,248,3,1321,138,30
1155,300,2,249,2,1323,0,20
1156,300,2,250,5,1328,0,50
1157,300,2,251,4,1332,0,40
1158,300,2,252,3,1335,0,30
1159,300,2,253,3,1338,0,30
1160,300,2,254,2,1340,0,20
1161,300,2,255,5,1345,0,50
1162,300,2,256,9,1354,303,90
1163,300,2,257,2,1356,0,20
1164,300,2,258,8,1364,0,80
1165,300,2,259,7,1371,0,70
1166,300,2,260,7,1378,0,70
1167,300,2,261,5,1383,0,50
1168,300,2,262,9,1392,378,90
1169,300,2,263,8,1400,0,80
1170,300,2,264,6,1406,0,60
1171,300,2,265,2,1408,0,20
1172,300,2,266,7,1415,0,70
1173,300,2,267,9,1424,0,90
1174,300,2,268,6,1430,0,60
1175,300,2,269,3,1433,404,30
1176,300,2,270,5,1438,0,50
1177,300,2,271,6,1444,0,60
1178,300,2,272,8,1452,0,80
1179,300,2,273,4,1456,0,40
1180,300,2,274,8,1464,0,80
1181,300,2,275,3,1467,0,30
1182,300,2,276,3,1470,0,30
1183,300,2,277,4,1474,0,40
1184,300,2,278,9,1483,0,90
1185,300,2,279,4,1487,0,40
1186,300,2,280,5,1492,0,50
1187,300,2,281,3,1495,606,30
1188,300,2,282,4,1499,35,40
1189,300,2,283,7,1506,0,70
1190,300,2,284,4,1510,0,40
1191,300,2,285,2,1512,0,20
1192,300,2,286,3,1515,0,30
1193,300,2,287,9,1524,263,90
1194,300,2,288,6,1530,0,60
1195,300,2,289,9,1539,0,90
1196,300,2,290,6,1545,0,60
1197,300,2,291,9,1554,283,90
1198,300,2,292,9,1563,99,90
1199,300,2,293,9,1572,0,90
1200,300,2,294,7,1579,174,70
1201,300,2,295,8,1587,80,80
1202,300,2,296,7,1594,0,70
1203,300,2,297,5,1599,106,50
1204,300,2,298,3,1602,0,30
1205,300,2,299,2,1604,0,20
1206,300,2,300,7,1611,0,70
1207,300,2,301,3,1614,0,30
1208,300,2,302,5,1619,0,50
1209,300,2,303,7,1626,0,70
1210,300,2,304,6,1632,0,60
1211,300,2,305,2,1634,0,20
1212,300,2,306,4,1638,395,40
1213,300,2,307,2,1640,0,20
1214,300,2,308,7,1647,0,70
1215,300,2,309,9,1656,0,90
1216,300,2,310,3,1659,207,30
1217,300,2,311,3,1662,0,30
1218,300,2,312,7,1669,0,70
1219,300,2,313,5,1674,0,50
1220,300,2,314,3,1677,0,30
1221,300,2,315,3,1680,0,30
1222,300,2,316,5,1685,0,50
1223,300,2,317,7,1692,380,70
1224,300,2,318,4,1696,31,40
1225,300,2,319,6,1702,0,60
1226,300,2,320,7,1709,0,70
1227,300,2,321,3,1712,0,30
1228,300,2,322,5,1717,196,50
1229,300,2,323,9,1726,0,90
1230,300,2,324,2,1728,0,20
1231,300,2,325,8,1736,0,80
1232,300,2,326,9,1745,0,90
1233,300,2,327,7,1752,0,70
1234,300,2,328,7,1759,0,70
1235,300,2,329,6,1765,0,60
1236,300,2,330,8,1773,0,80
1237,300,2,331,7,1780,0,70
1238,300,2,332,4,1784,0,40
1239,300,2,333,6,1790,764,60
1240,300,2,334,9,1799,0,90
1241,300,2,335,5,1804,135,50
1242,300,2,336,4,1808,0,40
1243,300,2,337,4,1812,0,40
1244,300,2,338,5,1817,150,50
1245,300,2,339,8,1825,0,80
1246,300,2,340,9,1834,0,90
1247,300,2,341,9,1843,0,90
1248,300,2,342,6,1849,0,60
1249,300,2,343,7,1856,416,70
1250,300,2,344,6,1862,70,60
1251,300,2,345,2,1864,0,20
1252,300,2,346,5,1869,0,50
1253,300,2,347,7,1876,0,70
1254,300,2,348,9,1885,0,90
1255,300,2,349,7,1892,0,70
1256,300,2,350,5,1897,0,50
1257,300,2,351,7,1904,0,70
1258,300,2,352,9,1913,480,90
1259,300,2,353,2,1915,0,20
1260,300,2,354,8,1923,0,80
1261,300,2,355,5,1928,0,50
1262,300,2,356,2,1930,189,20
1263,300,2,357,9,1939,0,90
1264,300,2,358,7,1946,0,70
1265,300,2,359,4,1950,0,40
1266,300,2,360,2,1952,0,20
1267,300,2,361,3,1955,0,30
1268,300,2,362,8,1963,0,80
1269,300,2,363,7,1970,0,70
1270,300,2,364,7,1977,0,70
1271,300,2,365,4,1981,0,40
1272,300,2,366,8,1989,0,80
1273,300,2,367,2,1991,0,20
1274,300,2,368,4,1995,0,40
1275,300,2,369,9,2004,0,90
1276,300,2,370,5,2009,0,50
1277,300,2,371,4,2013,818,40
1278,300,2,372,6,2019,0,60
1279,300,2,373,6,2025,0,60
1280,300,2,374,4,2029,0,40
1281,300,2,375,3,2032,185,30
1282,300,2,376,4,2036,46,40
1283,300,2,377,6,2042,0,60
1284,300,2,378,7,2049,0,70
1285,300,2,379,4,2053,0,40
1286,300,2,380,9,2062,0,90
1287,300,2,381,4,2066,0,40
1288,300,2,382,6,2072,397,60
1289,300,2,383,3,2075,0,30
1290,300,2,384,2,2077,0,20
1291,300,2,385,2,2079,0,20
1292,300,2,386,2,2081,0,20
1293,300,2,387,2,2083,0,20
1294,300,2,388,4,2087,174,40
1295,300,2,389,3,2090,0,30
1296,300,2,390,7,2097,0,70
1297,300,2,391,8,2105,0,80
1298,300,2,392,2,2107,197,20
1299,300,2,393,6,2113,0,60
1300,300,2,394,5,2118,0,50
1301,300,2,395,4,2122,0,40
1302,300,2,396,3,2125,0,30
1303,300,2,397,3,2128,0,30
1304,300,2,398,3,2131,252,30
1305,300,2,399,5,2136,44,50
1306,300,2,400,7,2143,0,70
1307,300,2,401,5,2148,0,50
1308,300,2,402,3,2151,0,30
1309,300,2,403,6,2157,0,60
1310,300,2,404,6,2163,283,60
1311,300,2,405,2,2165,0,20
1312,300,2,406,8,2173,0,80
1313,300,2,407,3,2176,0,30
1314,300,2,408,8,2184,0,80
1315,300,2,409,8,2192,0,80
1316,300,2,410,7,2199,0,70
1317,300,2,411,2,2201,0,20
1318,300,2,412,2,2203,0,20
1319,300,2,413,2,2205,0,20
1320,300,2,414,6,2211,0,60
1321,300,2,415,9,2220,0,90
1322,300,2,416,9,2229,0,90
1323,300,2,417,2,2231,0,20
1324,300,2,418,2,2233,0,20
1325,300,2,419,4,2237,0,40
1326,300,2,420,3,2240,0,30
1327,300,2,421,4,2244,819,40
1328,300,2,422,4,2248,0,40
1329,300,2,423,2,2250,0,20
1330,300,2,424,4,2254,0,40
1331,300,2,425,5,2259,187,50
1332,300,2,426,5,2264,55,50
1333,300,2,427,6,2270,0,60
1334,300,2,428,9,2279,0,90
1335,300,2,429,4,2283,170,40
1336,300,2,430,8,2291,0,80
1337,300,2,431,2,2293,0,20
1338,300,2,432,9,2302,0,90
1339,300,2,433,9,2311,0,90
1340,300,2,434,7,2318,365,70
1341,300,2,435,9,2327,0,90
1342,300,2,436,2,2329,98,20
1343,300,2,437,4,2333,0,40
1344,300,2,438,2,2335,0,20
1345,300,2,439,8,2343,0,80
1346,300,2,440,3,2346,0,30
1347,300,2,441,6,2352,0,60
1348,300,2,442,7,2359,0,70
1349,300,2,443,8,2367,0,80
1350,300,2,444,8,2375,0,80
1351,300,2,445,3,2378,0,30
1352,300,2,446,6,2384,0,60
1353,300,2,447,5,2389,0,50
1354,300,2,448,2,2391,0,20
1355,300,2,449,3,2394,679,30
1356,300,2,450,2,2396,0,20
1357,300,2,451,4,2400,52,40
1358,300,2,452,6,2406,45,60
1359,300,2,453,7,2413,0,70
1360,300,2,454,6,2419,0,60
1361,300,2,455,7,2426,0,70
1362,300,2,456,5,2431,0,50
1363,300,2,457,5,2436,0,50
1364,300,2,458,9,2445,0,90
1365,300,2,459,2,2447,0,20
1366,300,2,460,5,2452,0,50
1367,300,2,461,5,2457,0,50
1368,300,2,462,7,2464,0,70
1369,300,2,463,7,2471,0,70
1370,300,2,464,9,2480,0,90
1371,300,2,465,2,2482,0,20
1372,300,2,466,5,2487,0,50
1373,300,2,467,7,2494,0,70
1374,300,2,468,2,2496,0,20
1375,300,2,469,6,2502,0,60
1376,300,2,470,9,2511,0,90
1377,300,2,471,3,2514,0,30
1378,300,2,472,5,2519,0,50
1379,300,2,473,4,2523,1148,40
1380,300,2,474,6,2529,0,60
1381,300,2,475,4,2533,0,40
1382,300,2,476,9,2542,0,90
1383,300,2,477,3,2545,0,30
1384,300,2,478,5,2550,0,50
1385,300,2,479,9,2559,0,90
1386,300,2,480,3,2562,407,30
1387,300,2,481,3,2565,0,30
1388,300,2,482,4,2569,0,40
1389,300,2,483,6,2575,0,60
1390,300,2,484,9,2584,184,90
1391,300,2,485,2,2586,0,20
1392,300,2,486,9,2595,0,90
1393,300,2,487,9,2604,0,90
1394,300,2,488,3,2607,0,30
1395,300,2,489,6,2613,291,60
1396,300,2,490,6,2619,48,60
1397,300,2,491,9,2628,0,90
1398,300,2,492,9,2637,0,90
1399,300,2,493,4,2641,0,40
1400,300,2,494,3,2644,0,30
1401,300,2,495,9,2653,0,90
1402,300,2,496,8,2661,0,80
1403,300,2,497,2,2663,0,20
1404,300,2,498,6,2669,0,60
1405,300,2,499,3,2672,0,30
1406,300,2,500,7,2679,0,70
1407,300,2,501,2,2681,0,20
1408,300,2,502,9,2690,0,90
1409,300,2,503,9,2699,779,90
1410,300,2,504,3,2702,0,30
1411,300,2,505,6,2708,61,60
1412,300,2,506,7,2715,0,70
1413,300,2,507,8,2723,0,80
1414,300,2,508,8,2731,237,80
1415,300,2,509,8,2739,0,80
1416,300,2,510,7,2746,0,70
1417,300,2,511,8,2754,231,80
1418,300,2,512,6,2760,0,60
1419,300,2,513,3,2763,92,30
1420,300,2,514,2,2765,0,20
1421,300,2,515,3,2768,0,30
1422,300,2,516,6,2774,110,60
1423,300,2,517,9,2783,0,90
1424,300,2,518,7,2790,0,70
1425,300,2,519,5,2795,0,50
1426,300,2,520,3,2798,230,30
1427,300,2,521,8,2806,86,80
1428,300,2,522,4,2810,0,40
1429,300,2,523,6,2816,0,60
1430,300,2,524,9,2825,0,90
1431,300,2,525,9,2834,0,90
1432,300,2,526,8,2842,0,80
1433,300,2,527,4,2846,0,40
1434,300,2,528,5,2851,0,50
1435,300,2,529,7,2858,0,70
1436,300,2,530,4,2862,0,40
1437,300,2,531,4,2866,0,40
1438,300,2,532,2,2868,0,20
1439,300,2,533,5,2873,680,50
1440,300,2,534,5,2878,0,50
1441,300,2,535,2,2880,72,20
1442,300,2,536,8,2888,77,80
1443,300,2,537,7,2895,0,70
1444,300,2,538,4,2899,0,40
1445,300,2,539,5,2904,157,50
1446,300,2,540,3,2907,0,30
1447,300,2,541,5,2912,0,50
1448,300,2,542,5,2917,0,50
1449,300,2,543,9,2926,234,90
1450,300,2,544,9,2935,0,90
1451,300,2,545,5,2940,0,50
1452,300,2,546,9,2949,0,90
1453,300,2,547,9,2958,0,90
1454,300,2,548,9,2967,0,90
1455,300,2,549,6,2973,0,60
1456,300,2,550,4,2977,0,40
1457,300,2,551,7,2984,565,70
1458,300,2,552,6,2990,0,60
1459,300,2,553,3,2993,0,30
1460,300,2,554,6,2999,0,60
1461,300,2,555,6,3005,206,60
1462,300,2,556,5,3010,0,50
1463,300,2,557,6,3016,0,60
1464,300,2,558,5,3021,0,50
1465,300,2,559,8,3029,0,80
1466,300,2,560,7,3036,333,70
1467,300,2,561,3,3039,0,30
1468,300,2,562,4,3043,0,40
1469,300,2,563,6,3049,0,60
1470,300,2,564,3,3052,0,30
1471,300,2,565,9,3061,211,90
1472,300,2,566,9,3070,0,90
1473,300,2,567,8,3078,0,80
1474,300,2,568,8,3086,0,80
1475,300,2,569,2,3088,0,20
1476,300,2,570,5,3093,0,50
1477,300,2,571,2,3095,0,20
1478,300,2,572,6,3101,400,60
1479,300,2,573,5,3106,48,50
1480,300,2,574,2,3108,0,20
1481,300,2,575,9,3117,0,90
1482,300,2,576,9,3126,0,90
1483,300,2,577,4,3130,0,40
1484,300,2,578,7,3137,0,70
1485,300,2,579,3,3140,0,30
1486,300,2,580,3,3143,0,30
1487,300,2,581,7,3150,408,70
1488,300,2,582,6,3156,0,60
1489,300,2,583,2,3158,0,20
1490,300,2,584,6,3164,0,60
1491,300,2,585,3,3167,0,30
1492,300,2,586,4,3171,0,40
1493,300,2,587,5,3176,0,50
1494,300,2,588,3,3179,0,30
1495,300,2,589,7,3186,0,70
1496,300,2,590,7,3193,0,70
1497,300,2,591,7,3200,472,70
1498,300,2,592,3,3203,0,30
1499,300,2,593,2,3205,0,20
1500,300,2,594,7,3212,0,70
1501,300,2,595,4,3216,0,40
1502,300,2,596,5,3221,0,50
1503,300,2,597,9,3230,0,90
1504,300,2,598,8,3238,0,80
1505,300,2,599,3,3241,0,30
1506,300,2,600,4,3245,0,40
1507,300,2,601,2,3247,0,20
1508,300,2,602,4,3251,489,40
1509,300,2,603,5,3256,0,50
1510,300,2,604,5,3261,86,50
1511,300,2,605,2,3263,0,20
1512,300,2,606,2,3265,0,20
1513,300,2,607,4,3269,0,40
1514,300,2,608,6,3275,0,60
1515,300,2,609,3,3278,0,30
1516,300,2,610,6,3284,0,60
1517,300,2,611,4,3288,0,40
1518,300,2,612,9,3297,0,90
1519,300,2,613,6,3303,0,60
1520,300,2,614,4,3307,0,40
1521,300,2,615,7,3314,0,70
1522,300,2,616,2,3316,0,20
1523,300,2,617,9,3325,0,90
1524,300,2,618,9,3334,0,90
1525,300,2,619,9,3343,0,90
1526,300,2,620,4,3347,0,40
1527,300,2,621,5,3352,0,50
1528,300,2,622,9,3361,0,90
1529,300,2,623,7,3368,0,70
1530,300,2,624,6,3374,0,60
1531,300,2,625,9,3383,0,90
1532,300,2,626,4,3387,1343,40
1533,300,2,627,3,3390,0,30
1534,300,2,628,9,3399,0,90
1535,300,2,629,7,3406,0,70
1536,300,2,630,3,3409,0,30
1537,300,2,631,8,3417,0,80
1538,300,2,632,8,3425,0,80
1539,300,2,633,5,3430,0,50
1540,300,2,634,8,3438,494,80
1541,300,2,635,2,3440,0,20
1542,300,2,636,4,3444,0,40
1543,300,2,637,6,3450,0,60
1544,300,2,638,2,3452,0,20
1545,300,2,639,5,3457,0,50
1546,300,2,640,6,3463,253,60
1547,300,2,641,3,3466,0,30
1548,300,2,642,4,3470,81,40
1549,300,2,643,6,3476,0,60
1550,300,2,644,4,3480,0,40
1551,300,2,645,8,3488,200,80
1552,300,2,646,3,3491,0,30
1553,300,2,647,6,3497,95,60
1554,300,2,648,7,3504,0,70
1555,300,2,649,7,3511,132,70
1556,300,2,650,2,3513,0,20
1557,300,2,651,8,3521,0,80
1558,300,2,652,7,3528,0,70
1559,300,2,653,2,3530,0,20
1560,300,2,654,9,3539,275,90
1561,300,2,655,5,3544,44,50
1562,300,2,656,3,3547,0,30
1563,300,2,657,6,3553,96,60
1564,300,2,658,5,3558,0,50
1565,300,2,659,3,3561,0,30
1566,300,2,660,7,3568,0,70
1567,300,2,661,9,3577,0,90
1568,300,2,662,4,3581,0,40
1569,300,2,663,5,3586,332,50
1570,300,2,664,5,3591,0,50
1571,300,2,665,4,3595,0,40
1572,300,2,666,6,3601,0,60
1573,300,2,667,4,3605,0,40
1574,300,2,668,3,3608,0,30
1575,300,2,669,3,3611,251,30
1576,300,2,670,4,3615,0,40
1577,300,2,671,5,3620,77,50
1578,300,2,672,5,3625,48,50
1579,300,2,673,2,3627,0,20
1580,300,2,674,7,3634,0,70
1581,300,2,675,8,3642,0,80
1582,300,2,676,7,3649,0,70
1583,300,2,677,2,3651,0,20
1584,300,2,678,7,3658,0,70
1585,300,2,679,7,3665,0,70
1586,300,2,680,7,3672,459,70
1587,300,2,681,2,3674,0,20
1588,300,2,682,7,3681,0,70
1589,300,2,683,5,3686,0,50
1590,300,2,684,6,3692,184,60
1591,300,2,685,3,3695,0,30
1592,300,2,686,3,3698,0,30
1593,300,2,687,7,3705,0,70
1594,300,2,688,4,3709,154,40
1595,300,2,689,9,3718,0,90
1596,300,2,690,2,3720,0,20
1597,300,2,691,7,3727,0,70
1598,300,2,692,4,3731,0,40
1599,300,2,693,8,3739,0,80
1600,300,2,694,3,3742,0,30
1601,300,2,695,4,3746,0,40
1602,300,2,696,2,3748,0,20
1603,300,2,697,6,3754,0,60
1604,300,2,698,8,3762,0,80
1605,300,2,699,3,3765,0,30
1606,300,2,700,4,3769,0,40
1607,300,2,701,9,3778,0,90
1608,300,2,702,7,3785,0,70
1609,300,2,703,6,3791,0,60
1610,300,2,704,8,3799,0,80
1611,300,2,705,6,3805,948,60
1612,300,2,706,4,3809,0,40
1613,300,2,707,6,3815,0,60
1614,300,2,708,7,3822,201,70
1615,300,2,709,7,3829,59,70
1616,300,2,710,7,3836,0,70
1617,300,2,711,6,3842,125,60
1618,300,2,712,7,3849,60,70
1619,300,2,713,9,3858,89,90
1620,300,2,714,2,3860,15,20
1621,300,2,715,2,3862,0,20
1622,300,2,716,9,3871,0,90
1623,300,2,717,7,3878,0,70
1624,300,2,718,6,3884,0,60
1625,300,2,719,5,3889,0,50
1626,300,2,720,5,3894,0,50
1627,300,2,721,2,3896,0,20
1628,300,2,722,3,3899,425,30
1629,300,2,723,4,3903,0,40
1630,300,2,724,8,3911,134,80
1631,300,2,725,3,3914,0,30
1632,300,2,726,4,3918,70,40
1633,300,2,727,5,3923,0,50
1634,300,2,728,4,3927,0,40
1635,300,2,729,2,3929,0,20
1636,300,2,730,6,3935,0,60
1637,300,2,731,3,3938,0,30
1638,300,2,732,9,3947,0,90
1639,300,2,733,4,3951,0,40
1640,300,2,734,7,3958,0,70
1641,300,2,735,5,3963,389,50
1642,300,2,736,6,3969,0,60
1643,300,2,737,5,3974,0,50
1644,300,2,738,6,3980,181,60
1645,300,2,739,4,3984,0,40
1646,300,2,740,3,3987,0,30
1647,300,2,741,9,3996,0,90
1648,300,2,742,2,3998,0,20
1649,300,2,743,9,4007,294,90
1650,300,2,744,8,4015,0,80
1651,300,2,745,5,4020,0,50
1652,300,2,746,9,4029,0,90
1653,300,2,747,9,4038,0,90
1654,300,2,748,8,4046,0,80
1655,300,2,749,2,4048,0,20
1656,300,2,750,7,4055,0,70
1657,300,2,751,5,4060,0,50
1658,300,2,752,7,4067,0,70
1659,300,2,753,2,4069,0,20
1660,300,2,754,7,4076,725,70
1661,300,2,755,3,4079,0,30
1662,300,2,756,7,4086,0,70
1663,300,2,757,4,4090,0,40
1664,300,2,758,2,4092,0,20
1665,300,2,759,5,4097,0,50
1666,300,2,760,7,4104,0,70
1667,300,2,761,5,4109,0,50
1668,300,2,762,7,4116,0,70
1669,300,2,763,4,4120,0,40
1670,300,2,764,7,4127,0,70
1671,300,2,765,9,4136,0,90
1672,300,2,766,4,4140,0,40
1673,300,2,767,2,4142,0,20
1674,300,2,768,8,4150,0,80
1675,300,2,769,3,4153,0,30
1676,300,2,770,5,4158,0,50
1677,300,2,771,5,4163,0,50
1678,300,2,772,5,4168,950,50
1679,300,2,773,5,4173,0,50
1680,300,2,774,9,4182,0,90
1681,300,2,775,6,4188,0,60
1682,300,2,776,7,4195,0,70
1683,300,2,777,2,4197,0,20
1684,300,2,778,6,4203,0,60
1685,300,2,779,7,4210,0,70
1686,300,2,780,2,4212,0,20
1687,300,2,781,5,4217,0,50
1688,300,2,782,4,4221,0,40
1689,300,2,783,9,4230,640,90
1690,300,2,784,2,4232,18,20
1691,300,2,785,4,4236,0,40
1692,300,2,786,7,4243,0,70
1693,300,2,787,3,4246,135,30
1694,300,2,788,6,4252,0,60
1695,300,2,789,3,4255,0,30
1696,300,2,790,6,4261,0,60
1697,300,2,791,5,4266,0,50
1698,300,2,792,5,4271,0,50
1699,300,2,793,5,4276,0,50
1700,300,2,794,8,4284,0,80
1701,300,2,795,2,4286,0,20
1702,300,2,796,6,4292,0,60
1703,300,2,797,2,4294,442,20
1704,300,2,798,7,4301,0,70
1705,300,2,799,3,4304,0,30
1706,300,2,800,4,4308,0,40
1707,300,2,801,6,4314,0,60
1708,300,2,802,2,4316,211,20
1709,300,2,803,3,4319,0,30
1710,300,2,804,7,4326,0,70
1711,300,2,805,3,4329,0,30
1712,300,2,806,6,4335,0,60
1713,300,2,807,8,4343,0,80
1714,300,2,808,7,4350,331,70
1715,300,2,809,3,4353,0,30
1716,300,2,810,2,4355,0,20
1717,300,2,811,2,4357,0,20
1718,300,2,812,6,4363,0,60
1719,300,2,813,4,4367,0,40
1720,300,2,814,2,4369,174,20
1721,300,2,815,9,4378,0,90
1722,300,2,816,8,4386,0,80
1723,300,2,817,7,4393,0,70
1724,300,2,818,7,4400,0,70
1725,300,2,819,9,4409,431,90
1726,300,2,820,7,4416,0,70
1727,300,2,821,5,4421,0,50
1728,300,2,822,3,4424,144,30
1729,300,2,823,6,4430,0,60
1730,300,2,824,9,4439,176,90
1731,300,2,825,8,4447,0,80
1732,300,2,826,9,4456,0,90
1733,300,2,827,7,4463,232,70
1734,300,2,828,5,4468,45,50
1735,300,2,829,3,4471,0,30
1736,300,2,830,9,4480,102,90
1737,300,2,831,6,4486,63,60
1738,300,2,832,9,4495,0,90
1739,300,2,833,7,4502,0,70
1740,300,2,834,7,4509,0,70
1741,300,2,835,3,4512,0,30
1742,300,2,836,9,4521,0,90
1743,300,2,837,5,4526,0,50
1744,300,2,838,3,4529,0,30
1745,300,2,839,7,4536,0,70
1746,300,2,840,2,4538,538,20
1747,300,2,841,5,4543,0,50
1748,300,2,842,9,4552,0,90
1749,300,2,843,6,4558,0,60
1750,300,2,844,6,4564,0,60
1751,300,2,845,6,4570,0,60
1752,300,2,846,8,4578,0,80
1753,300,2,847,8,4586,0,80
1754,300,2,848,3,4589,0,30
1755,300,2,849,7,4596,0,70
1756,300,2,850,5,4601,0,50
1757,300,2,851,5,4606,670,50
1758,300,2,852,6,4612,0,60
1759,300,2,853,3,4615,0,30
1760,300,2,854,4,4619,122,40
1761,300,2,855,4,4623,0,40
1762,300,2,856,7,4630,124,70
1763,300,2,857,6,4636,0,60
1764,300,2,858,4,4640,97,40
1765,300,2,859,3,4643,0,30
1766,300,2,860,3,4646,0,30
1767,300,2,861,8,4654,0,80
1768,300,2,862,2,4656,168,20
1769,300,2,863,8,4664,64,80
1770,300,2,864,2,4666,0,20
1771,300,2,865,7,4673,89,70
1772,300,2,866,2,4675,0,20
1773,300,2,867,5,4680,0,50
1774,300,2,868,8,4688,0,80
1775,300,2,869,3,4691,0,30
1776,300,2,870,5,4696,221,50
1777,300,2,871,4,4700,0,40
1778,300,2,872,3,4703,0,30
1779,300,2,873,2,4705,0,20
1780,300,2,874,8,4713,0,80
1781,300,2,875,7,4720,0,70
1782,300,2,876,4,4724,255,40
1783,300,2,877,2,4726,18,20
1784,300,2,878,6,4732,0,60
1785,300,2,879,2,4734,66,20
1786,300,2,880,3,4737,0,30
1787,300,2,881,7,4744,0,70
1788,300,2,882,2,4746,0,20
1789,300,2,883,5,4751,0,50
1790,300,2,884,7,4758,0,70
1791,300,2,885,5,4763,0,50
1792,300,2,886,3,4766,297,30
1793,300,2,887,3,4769,0,30
1794,300,2,888,6,4775,0,60
1795,300,2,889,8,4783,167,80
1796,300,2,890,2,4785,0,20
1797,300,2,891,2,4787,0,20
1798,300,2,892,4,4791,0,40
1799,300,2,893,7,4798,0,70
1800,300,2,894,4,4802,0,40
1801,300,2,895,4,4806,0,40
1802,300,2,896,8,4814,0,80
1803,300,2,897,5,4819,0,50
1804,300,2,898,7,4826,0,70
1805,300,2,899,4,4830,0,40
1806,300,2,900,2,4832,0,20
1807,300,2,901,6,4838,0,60
1808,300,2,902,4,4842,0,40
1809,300,2,903,8,4850,0,80
1810,300,2,904,4,4854,0,40
1811,300,2,905,2,4856,0,20
1812,300,2,906,3,4859,0,30
1813,300,2,907,3,4862,737,30
1814,300,2,908,3,4865,0,30
1815,300,2,909,3,4868,0,30
1816,300,2,910,3,4871,84,30
1817,300,2,911,6,4877,0,60
1818,300,2,912,9,4886,0,90
1819,300,2,913,8,4894,0,80
1820,300,2,914,6,4900,275,60
1821,300,2,915,4,4904,0,40
1822,300,2,916,8,4912,0,80
1823,300,2,917,3,4915,0,30
1824,300,2,918,7,4922,0,70
1825,300,2,919,7,4929,0,70
1826,300,2,920,7,4936,367,70
1827,300,2,921,8,4944,0,80
1828,300,2,922,6,4950,155,60
1829,300,2,923,2,4952,0,20
1830,300,2,924,6,4958,0,60
1831,300,2,925,5,4963,0,50
1832,300,2,926,3,4966,0,30
1833,300,2,927,2,4968,0,20
1834,300,2,928,7,4975,0,70
1835,300,2,929,5,4980,0,50
1836,300,2,930,6,4986,391,60
1837,300,2,931,2,4988,25,20
1838,300,2,932,4,4992,51,40
1839,300,2,933,4,4996,0,40
1840,300,3,1,6,6,0,60
1841,300,3,2,8,14,0,80
1842,300,3,3,9,23,0,90
1843,300,3,4,6,29,0,60
1844,300,3,5,2,31,296,20
1845,300,3,6,2,33,0,20
1846,300,3,7,7,40,84,70
1847,300,3,8,5,45,0,50
1848,300,3,9,7,52,0,70
1849,300,3,10,5,57,0,50
1850,300,3,11,6,63,236,60
1851,300,3,12,2,65,18,20
1852,300,3,13,5,70,0,50
1853,300,3,14,9,79,137,90
1854,300,3,15,3,82,28,30
1855,300,3,16,9,91,0,90
1856,300,3,17,6,97,0,60
1857,300,3,18,7,104,0,70
1858,300,3,19,6,110,0,60
1859,300,3,20,5,115,0,50
1860,300,3,21,3,118,0,30
1861,300,3,22,4,122,0,40
1862,300,3,23,2,124,0,20
1863,300,3,24,4,128,0,40
1864,300,3,25,7,135,0,70
1865,300,3,26,3,138,0,30
1866,300,3,27,6,144,641,60
1867,300,3,28,6,150,0,60
1868,300,3,29,9,159,0,90
1869,300,3,30,9,168,0,90
1870,300,3,31,3,171,0,30
1871,300,3,32,4,175,313,40
1872,300,3,33,5,180,0,50
1873,300,3,34,2,182,0,20
1874,300,3,35,8,190,154,80
1875,300,3,36,5,195,0,50
1876,300,3,37,5,200,0,50
1877,300,3,38,5,205,156,50
1878,300,3,39,5,210,0,50
1879,300,3,40,8,218,0,80
1880,300,3,41,7,225,0,70
1881,300,3,42,2,227,0,20
1882,300,3,43,4,231,277,40
1883,300,3,44,4,235,0,40
1884,300,3,45,6,241,0,60
1885,300,3,46,5,246,117,50
1886,300,3,47,9,255,0,90
1887,300,3,48,5,260,0,50
1888,300,3,49,5,265,215,50
1889,300,3,50,6,271,61,60
1890,300,3,51,3,274,34,30
1891,300,3,52,9,283,0,90
1892,300,3,53,6,289,0,60
1893,300,3,54,7,296,0,70
1894,300,3,55,7,303,0,70
1895,300,3,56,8,311,0,80
1896,300,3,57,3,314,0,30
1897,300,3,58,4,318,422,40
1898,300,3,59,5,323,44,50
1899,300,3,60,4,327,0,40
1900,300,3,61,6,333,92,60
1901,300,3,62,9,342,0,90
1902,300,3,63,5,347,0,50
1903,300,3,64,8,355,0,80
1904,300,3,65,2,357,0,20
1905,300,3,66,3,360,262,30
1906,300,3,67,8,368,0,80
1907,300,3,68,8,376,158,80
1908,300,3,69,3,379,0,30
1909,300,3,70,9,388,0,90
1910,300,3,71,9,397,0,90
1911,300,3,72,3,400,0,30
1912,300,3,73,6,406,0,60
1913,300,3,74,4,410,0,40
1914,300,3,75,3,413,0,30
1915,300,3,76,9,422,441,90
1916,300,3,77,7,429,0,70
1917,300,3,78,9,438,0,90
1918,300,3,79,5,443,0,50
1919,300,3,80,5,448,0,50
1920,300,3,81,5,453,289,50
1921,300,3,82,4,457,31,40
1922,300,3,83,3,460,29,30
1923,300,3,84,3,463,0,30
1924,300,3,85,2,465,0,20
1925,300,3,86,8,473,0,80
1926,300,3,87,5,478,182,50
1927,300,3,88,8,486,62,80
1928,300,3,89,9,495,85,90
1929,300,3,90,3,498,0,30
1930,300,3,91,3,501,0,30
1931,300,3,92,4,505,88,40
1932,300,3,93,4,509,0,40
1933,300,3,94,6,515,0,60
1934,300,3,95,6,521,0,60
1935,300,3,96,2,523,0,20
1936,300,3,97,5,528,0,50
1937,300,3,98,9,537,0,90
1938,300,3,99,9,546,424,90
1939,300,3,100,8,554,0,80
1940,300,3,101,3,557,0,30
1941,300,3,102,9,566,0,90
1942,300,3,103,3,569,0,30
1943,300,3,104,5,574,0,50
1944,300,3,105,6,580,364,60
1945,300,3,106,9,589,90,90
1946,300,3,107,5,594,0,50
1947,300,3,108,3,597,0,30
1948,300,3,109,7,604,0,70
1949,300,3,110,9,613,0,90
1950,300,3,111,5,618,0,50
1951,300,3,112,2,620,0,20
1952,300,3,113,5,625,0,50
1953,300,3,114,8,633,0,80
1954,300,3,115,7,640,0,70
1955,300,3,116,2,642,0,20
1956,300,3,117,8,650,0,80
1957,300,3,118,9,659,0,90
1958,300,3,119,3,662,0,30
1959,300,3,120,7,669,0,70
1960,300,3,121,7,676,0,70
1961,300,3,122,7,683,899,70
1962,300,3,123,5,688,0,50
1963,300,3,124,2,690,0,20
1964,300,3,125,5,695,0,50
1965,300,3,126,6,701,191,60
1966,300,3,127,5,706,0,50
1967,300,3,128,7,713,0,70
1968,300,3,129,6,719,0,60
1969,300,3,130,3,722,228,30
1970,300,3,131,9,731,0,90
1971,300,3,132,8,739,0,80
1972,300,3,133,4,743,0,40
1973,300,3,134,4,747,0,40
1974,300,3,135,7,754,0,70
1975,300,3,136,5,759,0,50
1976,300,3,137,9,768,0,90
1977,300,3,138,2,770,0,20
1978,300,3,139,4,774,0,40
1979,300,3,140,9,783,0,90
1980,300,3,141,5,788,0,50
1981,300,3,142,9,797,0,90
1982,300,3,143,4,801,0,40
1983,300,3,144,9,810,0,90
1984,300,3,145,9,819,0,90
1985,300,3,146,4,823,0,40
1986,300,3,147,4,827,1063,40
1987,300,3,148,8,835,0,80
1988,300,3,149,7,842,0,70
1989,300,3,150,4,846,0,40
1990,300,3,151,6,852,0,60
1991,300,3,152,2,854,261,20
1992,300,3,153,5,859,0,50
1993,300,3,154,2,861,71,20
1994,300,3,155,5,866,0,50
1995,300,3,156,6,872,0,60
1996,300,3,157,3,875,147,30
1997,300,3,158,8,883,0,80
1998,300,3,159,2,885,0,20
1999,300,3,160,3,888,0,30
2000,300,3,161,3,891,0,30
2001,300,3,162,6,897,0,60
2002,300,3,163,3,900,0,30
2003,300,3,164,5,905,0,50
2004,300,3,165,5,910,0,50
2005,300,3,166,9,919,0,90
2006,300,3,167,4,923,0,40
2007,300,3,168,5,928,0,50
2008,300,3,169,6,934,0,60
2009,300,3,170,7,941,0,70
2010,300,3,171,6,947,0,60
2011,300,3,172,7,954,0,70
2012,300,3,173,3,957,0,30
2013,300,3,174,2,959,0,20
2014,300,3,175,7,966,0,70
2015,300,3,176,7,973,0,70
2016,300,3,177,6,979,0,60
2017,300,3,178,4,983,0,40
2018,300,3,179,3,986,0,30
2019,300,3,180,9,995,1239,90
2020,300,3,181,8,1003,0,80
2021,300,3,182,4,1007,0,40
2022,300,3,183,2,1009,152,20
2023,300,3,184,4,1013,0,40
2024,300,3,185,2,1015,0,20
2025,300,3,186,8,1023,136,80
2026,300,3,187,7,1030,0,70
2027,300,3,188,8,1038,0,80
2028,300,3,189,6,1044,0,60
2029,300,3,190,9,1053,0,90
2030,300,3,191,3,1056,0,30
2031,300,3,192,5,1061,386,50
2032,300,3,193,6,1067,0,60
2033,300,3,194,2,1069,0,20
2034,300,3,195,5,1074,0,50
2035,300,3,196,6,1080,0,60
2036,300,3,197,8,1088,0,80
2037,300,3,198,3,1091,0,30
2038,300,3,199,7,1098,0,70
2039,300,3,200,3,1101,0,30
2040,300,3,201,4,1105,444,40
2041,300,3,202,2,1107,0,20
2042,300,3,203,8,1115,0,80
2043,300,3,204,2,1117,0,20
2044,300,3,205,4,1121,0,40
2045,300,3,206,9,1130,0,90
2046,300,3,207,6,1136,0,60
2047,300,3,208,2,1138,0,20
2048,300,3,209,9,1147,0,90
2049,300,3,210,4,1151,0,40
2050,300,3,211,8,1159,0,80
2051,300,3,212,7,1166,615,70
2052,300,3,213,7,1173,0,70
2053,300,3,214,7,1180,0,70
2054,300,3,215,7,1187,0,70
2055,300,3,216,6,1193,0,60
2056,300,3,217,3,1196,0,30
2057,300,3,218,6,1202,0,60
2058,300,3,219,7,1209,0,70
2059,300,3,220,2,1211,0,20
2060,300,3,221,3,1214,0,30
2061,300,3,222,9,1223,0,90
2062,300,3,223,5,1228,0,50
2063,300,3,224,7,1235,724,70
2064,300,3,225,3,1238,0,30
2065,300,3,226,5,1243,0,50
2066,300,3,227,4,1247,135,40
2067,300,3,228,2,1249,20,20
2068,300,3,229,2,1251,23,20
2069,300,3,230,4,1255,41,40
2070,300,3,231,2,1257,0,20
2071,300,3,232,5,1262,0,50
2072,300,3,233,8,1270,0,80
2073,300,3,234,4,1274,0,40
2074,300,3,235,2,1276,0,20
2075,300,3,236,2,1278,0,20
2076,300,3,237,4,1282,0,40
2077,300,3,238,4,1286,0,40
2078,300,3,239,9,1295,0,90
2079,300,3,240,8,1303,0,80
2080,300,3,241,9,1312,0,90
2081,300,3,242,2,1314,0,20
2082,300,3,243,8,1322,0,80
2083,300,3,244,9,1331,0,90
2084,300,3,245,9,1340,845,90
2085,300,3,246,2,1342,0,20
2086,300,3,247,9,1351,0,90
2087,300,3,248,9,1360,0,90
2088,300,3,249,6,1366,0,60
2089,300,3,250,5,1371,0,50
2090,300,3,251,9,1380,416,90
2091,300,3,252,5,1385,56,50
2092,300,3,253,7,1392,0,70
2093,300,3,254,4,1396,0,40
2094,300,3,255,7,1403,0,70
2095,300,3,256,8,1411,263,80
2096,300,3,257,9,1420,0,90
2097,300,3,258,3,1423,0,30
2098,300,3,259,3,1426,0,30
2099,300,3,260,3,1429,0,30
2100,300,3,261,7,1436,0,70
2101,300,3,262,9,1445,0,90
2102,300,3,263,2,1447,0,20
2103,300,3,264,3,1450,377,30
2104,300,3,265,7,1457,80,70
2105,300,3,266,7,1464,0,70
2106,300,3,267,7,1471,0,70
2107,300,3,268,3,1474,0,30
2108,300,3,269,9,1483,0,90
2109,300,3,270,6,1489,273,60
2110,300,3,271,3,1492,0,30
2111,300,3,272,6,1498,0,60
2112,300,3,273,6,1504,148,60
2113,300,3,274,8,1512,0,80
2114,300,3,275,9,1521,0,90
2115,300,3,276,3,1524,0,30
2116,300,3,277,2,1526,238,20
2117,300,3,278,3,1529,25,30
2118,300,3,279,7,1536,0,70
2119,300,3,280,5,1541,0,50
2120,300,3,281,2,1543,137,20
2121,300,3,282,2,1545,0,20
2122,300,3,283,8,1553,0,80
2123,300,3,284,8,1561,0,80
2124,300,3,285,3,1564,0,30
2125,300,3,286,4,1568,0,40
2126,300,3,287,7,1575,327,70
2127,300,3,288,9,1584,0,90
2128,300,3,289,3,1587,0,30
2129,300,3,290,6,1593,0,60
2130,300,3,291,9,1602,0,90
2131,300,3,292,9,1611,0,90
2132,300,3,293,4,1615,0,40
2133,300,3,294,7,1622,0,70
2134,300,3,295,8,1630,0,80
2135,300,3,296,9,1639,0,90
2136,300,3,297,7,1646,0,70
2137,300,3,298,4,1650,789,40
2138,300,3,299,4,1654,45,40
2139,300,3,300,3,1657,29,30
2140,300,3,301,4,1661,0,40
2141,300,3,302,3,1664,0,30
2142,300,3,303,2,1666,0,20
2143,300,3,304,6,1672,146,60
2144,300,3,305,6,1678,0,60
2145,300,3,306,9,1687,124,90
2146,300,3,307,4,1691,0,40
2147,300,3,308,6,1697,0,60
2148,300,3,309,3,1700,131,30
2149,300,3,310,9,1709,0,90
2150,300,3,311,7,1716,0,70
2151,300,3,312,7,1723,0,70
2152,300,3,313,6,1729,0,60
2153,300,3,314,7,1736,0,70
2154,300,3,315,9,1745,443,90
2155,300,3,316,7,1752,70,70
2156,300,3,317,5,1757,0,50
2157,300,3,318,7,1764,0,70
2158,300,3,319,5,1769,0,50
2159,300,3,320,8,1777,0,80
2160,300,3,321,5,1782,0,50
2161,300,3,322,2,1784,0,20
2162,300,3,323,5,1789,0,50
2163,300,3,324,8,1797,0,80
2164,300,3,325,6,1803,0,60
2165,300,3,326,7,1810,0,70
2166,300,3,327,7,1817,0,70
2167,300,3,328,7,1824,0,70
2168,300,3,329,5,1829,0,50
2169,300,3,330,4,1833,0,40
2170,300,3,331,5,1838,0,50
2171,300,3,332,5,1843,932,50
2172,300,3,333,7,1850,0,70
2173,300,3,334,6,1856,0,60
2174,300,3,335,2,1858,0,20
2175,300,3,336,3,1861,0,30
2176,300,3,337,9,1870,296,90
2177,300,3,338,4,1874,0,40
2178,300,3,339,9,1883,0,90
2179,300,3,340,3,1886,0,30
2180,300,3,341,6,1892,218,60
2181,300,3,342,9,1901,0,90
2182,300,3,343,2,1903,0,20
2183,300,3,344,9,1912,0,90
2184,300,3,345,6,1918,0,60
2185,300,3,346,5,1923,0,50
2186,300,3,347,3,1926,0,30
2187,300,3,348,3,1929,0,30
2188,300,3,349,8,1937,0,80
2189,300,3,350,9,1946,0,90
2190,300,3,351,8,1954,0,80
2191,300,3,352,2,1956,657,20
2192,300,3,353,6,1962,0,60
2193,300,3,354,2,1964,74,20
2194,300,3,355,9,1973,0,90
2195,300,3,356,2,1975,110,20
2196,300,3,357,2,1977,0,20
2197,300,3,358,8,1985,95,80
2198,300,3,359,5,1990,46,50
2199,300,3,360,4,1994,0,40
2200,300,3,361,5,1999,0,50
2201,300,3,362,4,2003,0,40
2202,300,3,363,8,2011,0,80
2203,300,3,364,6,2017,272,60
2204,300,3,365,2,2019,30,20
2205,300,3,366,4,2023,0,40
2206,300,3,367,8,2031,0,80
2207,300,3,368,4,2035,0,40
2208,300,3,369,9,2044,0,90
2209,300,3,370,8,2052,0,80
2210,300,3,371,3,2055,0,30
2211,300,3,372,7,2062,0,70
2212,300,3,373,4,2066,504,40
2213,300,3,374,8,2074,0,80
2214,300,3,375,6,2080,0,60
2215,300,3,376,2,2082,0,20
2216,300,3,377,5,2087,0,50
2217,300,3,378,5,2092,0,50
2218,300,3,379,9,2101,0,90
2219,300,3,380,6,2107,0,60
2220,300,3,381,4,2111,0,40
2221,300,3,382,6,2117,0,60
2222,300,3,383,6,2123,0,60
2223,300,3,384,9,2132,0,90
2224,300,3,385,7,2139,0,70
2225,300,3,386,6,2145,0,60
2226,300,3,387,7,2152,0,70
2227,300,3,388,5,2157,0,50
2228,300,3,389,5,2162,0,50
2229,300,3,390,5,2167,0,50
2230,300,3,391,4,2171,0,40
2231,300,3,392,5,2176,0,50
2232,300,3,393,5,2181,0,50
2233,300,3,394,3,2184,1176,30
2234,300,3,395,4,2188,0,40
2235,300,3,396,9,2197,0,90
2236,300,3,397,8,2205,208,80
2237,300,3,398,5,2210,0,50
2238,300,3,399,7,2217,123,70
2239,300,3,400,8,2225,0,80
2240,300,3,401,7,2232,0,70
2241,300,3,402,4,2236,0,40
2242,300,3,403,9,2245,0,90
2243,300,3,404,6,2251,0,60
2244,300,3,405,6,2257,0,60
2245,300,3,406,5,2262,0,50
2246,300,3,407,4,2266,0,40
2247,300,3,408,4,2270,0,40
2248,300,3,409,9,2279,0,90
2249,300,3,410,4,2283,618,40
2250,300,3,411,6,2289,0,60
2251,300,3,412,3,2292,76,30
2252,300,3,413,3,2295,0,30
2253,300,3,414,5,2300,0,50
2254,300,3,415,9,2309,0,90
2255,300,3,416,6,2315,0,60
2256,300,3,417,3,2318,0,30
2257,300,3,418,3,2321,306,30
2258,300,3,419,2,2323,0,20
2259,300,3,420,7,2330,0,70
2260,300,3,421,8,2338,0,80
2261,300,3,422,2,2340,0,20
2262,300,3,423,4,2344,0,40
2263,300,3,424,3,2347,0,30
2264,300,3,425,7,2354,0,70
2265,300,3,426,7,2361,0,70
2266,300,3,427,6,2367,0,60
2267,300,3,428,3,2370,0,30
2268,300,3,429,9,2379,0,90
2269,300,3,430,8,2387,0,80
2270,300,3,431,6,2393,719,60
2271,300,3,432,3,2396,0,30
2272,300,3,433,9,2405,0,90
2273,300,3,434,6,2411,0,60
2274,300,3,435,9,2420,0,90
2275,300,3,436,8,2428,0,80
2276,300,3,437,6,2434,0,60
2277,300,3,438,3,2437,0,30
2278,300,3,439,8,2445,0,80
2279,300,3,440,8,2453,600,80
2280,300,3,441,7,2460,0,70
2281,300,3,442,7,2467,0,70
2282,300,3,443,4,2471,0,40
2283,300,3,444,6,2477,0,60
2284,300,3,445,8,2485,0,80
2285,300,3,446,9,2494,0,90
2286,300,3,447,2,2496,0,20
2287,300,3,448,8,2504,0,80
2288,300,3,449,3,2507,0,30
2289,300,3,450,6,2513,0,60
2290,300,3,451,2,2515,622,20
2291,300,3,452,2,2517,0,20
2292,300,3,453,3,2520,44,30
2293,300,3,454,2,2522,0,20
2294,300,3,455,9,2531,0,90
2295,300,3,456,8,2539,0,80
2296,300,3,457,9,2548,0,90
2297,300,3,458,8,2556,0,80
2298,300,3,459,7,2563,468,70
2299,300,3,460,5,2568,0,50
2300,300,3,461,5,2573,0,50
2301,300,3,462,6,2579,0,60
2302,300,3,463,6,2585,0,60
2303,300,3,464,4,2589,236,40
2304,300,3,465,6,2595,51,60
2305,300,3,466,2,2597,0,20
2306,300,3,467,5,2602,75,50
2307,300,3,468,4,2606,0,40
2308,300,3,469,3,2609,0,30
2309,300,3,470,7,2616,0,70
2310,300,3,471,3,2619,0,30
2311,300,3,472,4,2623,224,40
2312,300,3,473,6,2629,0,60
2313,300,3,474,2,2631,0,20
2314,300,3,475,9,2640,176,90
2315,300,3,476,5,2645,0,50
2316,300,3,477,5,2650,0,50
2317,300,3,478,5,2655,0,50
2318,300,3,479,5,2660,0,50
2319,300,3,480,9,2669,275,90
2320,300,3,481,9,2678,0,90
2321,300,3,482,6,2684,0,60
2322,300,3,483,5,2689,0,50
2323,300,3,484,8,2697,269,80
2324,300,3,485,3,2700,23,30
2325,300,3,486,6,2706,0,60
2326,300,3,487,3,2709,106,30
2327,300,3,488,2,2711,0,20
2328,300,3,489,5,2716,0,50
2329,300,3,490,8,2724,0,80
2330,300,3,491,8,2732,0,80
2331,300,3,492,8,2740,0,80
2332,300,3,493,9,2749,0,90
2333,300,3,494,5,2754,417,50
2334,300,3,495,4,2758,0,40
2335,300,3,496,3,2761,0,30
2336,300,3,497,8,2769,160,80
2337,300,3,498,7,2776,0,70
2338,300,3,499,7,2783,0,70
2339,300,3,500,2,2785,0,20
2340,300,3,501,9,2794,0,90
2341,300,3,502,9,2803,333,90
2342,300,3,503,4,2807,0,40
2343,300,3,504,2,2809,74,20
2344,300,3,505,7,2816,0,70
2345,300,3,506,2,2818,0,20
2346,300,3,507,9,2827,169,90
2347,300,3,508,9,2836,0,90
2348,300,3,509,3,2839,0,30
2349,300,3,510,2,2841,0,20
2350,300,3,511,4,2845,0,40
2351,300,3,512,9,2854,287,90
2352,300,3,513,6,2860,0,60
2353,300,3,514,7,2867,130,70
2354,300,3,515,4,2871,0,40
2355,300,3,516,8,2879,105,80
2356,300,3,517,9,2888,75,90
2357,300,3,518,9,2897,0,90
2358,300,3,519,8,2905,0,80
2359,300,3,520,6,2911,0,60
2360,300,3,521,2,2913,0,20
2361,300,3,522,7,2920,0,70
2362,300,3,523,3,2923,0,30
2363,300,3,524,2,2925,385,20
2364,300,3,525,5,2930,0,50
2365,300,3,526,3,2933,84,30
2366,300,3,527,3,2936,0,30
2367,300,3,528,9,2945,0,90
2368,300,3,529,8,2953,0,80
2369,300,3,530,2,2955,0,20
2370,300,3,531,4,2959,0,40
2371,300,3,532,4,2963,0,40
2372,300,3,533,8,2971,0,80
2373,300,3,534,8,2979,0,80
2374,300,3,535,8,2987,0,80
2375,300,3,536,9,2996,0,90
2376,300,3,537,9,3005,0,90
2377,300,3,538,2,3007,0,20
2378,300,3,539,4,3011,0,40
2379,300,3,540,5,3016,0,50
2380,300,3,541,3,3019,859,30
2381,300,3,542,3,3022,0,30
2382,300,3,543,6,3028,0,60
2383,300,3,544,8,3036,0,80
2384,300,3,545,6,3042,0,60
2385,300,3,546,7,3049,0,70
2386,300,3,547,9,3058,0,90
2387,300,3,548,2,3060,0,20
2388,300,3,549,7,3067,0,70
2389,300,3,550,2,3069,0,20
2390,300,3,551,2,3071,522,20
2391,300,3,552,7,3078,0,70
2392,300,3,553,8,3086,169,80
2393,300,3,554,3,3089,20,30
2394,300,3,555,6,3095,0,60
2395,300,3,556,5,3100,0,50
2396,300,3,557,4,3104,156,40
2397,300,3,558,9,3113,0,90
2398,300,3,559,7,3120,172,70
2399,300,3,560,5,3125,0,50
2400,300,3,561,3,3128,0,30
2401,300,3,562,6,3134,133,60
2402,300,3,563,8,3142,93,80
2403,300,3,564,4,3146,32,40
2404,300,3,565,6,3152,0,60
2405,300,3,566,7,3159,115,70
2406,300,3,567,5,3164,0,50
2407,300,3,568,7,3171,0,70
2408,300,3,569,8,3179,0,80
2409,300,3,570,7,3186,0,70
2410,300,3,571,6,3192,318,60
2411,300,3,572,7,3199,0,70
2412,300,3,573,6,3205,0,60
2413,300,3,574,7,3212,0,70
2414,300,3,575,6,3218,0,60
2415,300,3,576,2,3220,0,20
2416,300,3,577,9,3229,0,90
2417,300,3,578,9,3238,0,90
2418,300,3,579,7,3245,0,70
2419,300,3,580,3,3248,564,30
2420,300,3,581,5,3253,58,50
2421,300,3,582,5,3258,0,50
2422,300,3,583,6,3264,125,60
2423,300,3,584,9,3273,0,90
2424,300,3,585,4,3277,137,40
2425,300,3,586,8,3285,0,80
2426,300,3,587,7,3292,0,70
2427,300,3,588,7,3299,0,70
2428,300,3,589,4,3303,249,40
2429,300,3,590,2,3305,20,20
2430,300,3,591,7,3312,0,70
2431,300,3,592,3,3315,0,30
2432,300,3,593,4,3319,0,40
2433,300,3,594,6,3325,0,60
2434,300,3,595,3,3328,0,30
2435,300,3,596,3,3331,294,30
2436,300,3,597,2,3333,20,20
2437,300,3,598,5,3338,0,50
2438,300,3,599,6,3344,0,60
2439,300,3,600,4,3348,0,40
2440,300,3,601,7,3355,0,70
2441,300,3,602,7,3362,289,70
2442,300,3,603,9,3371,0,90
2443,300,3,604,4,3375,0,40
2444,300,3,605,4,3379,0,40
2445,300,3,606,7,3386,0,70
2446,300,3,607,6,3392,0,60
2447,300,3,608,2,3394,0,20
2448,300,3,609,5,3399,412,50
2449,300,3,610,3,3402,0,30
2450,300,3,611,9,3411,0,90
2451,300,3,612,9,3420,224,90
2452,300,3,613,8,3428,87,80
2453,300,3,614,7,3435,0,70
2454,300,3,615,3,3438,0,30
2455,300,3,616,6,3444,0,60
2456,300,3,617,6,3450,0,60
2457,300,3,618,5,3455,0,50
2458,300,3,619,3,3458,290,30
2459,300,3,620,5,3463,0,50
2460,300,3,621,3,3466,0,30
2461,300,3,622,5,3471,0,50
2462,300,3,623,6,3477,0,60
2463,300,3,624,8,3485,0,80
2464,300,3,625,8,3493,0,80
2465,300,3,626,7,3500,0,70
2466,300,3,627,2,3502,427,20
2467,300,3,628,6,3508,65,60
2468,300,3,629,3,3511,0,30
2469,300,3,630,7,3518,0,70
2470,300,3,631,9,3527,0,90
2471,300,3,632,8,3535,0,80
2472,300,3,633,7,3542,0,70
2473,300,3,634,4,3546,364,40
2474,300,3,635,3,3549,0,30
2475,300,3,636,3,3552,0,30
2476,300,3,637,7,3559,125,70
2477,300,3,638,9,3568,73,90
2478,300,3,639,4,3572,0,40
2479,300,3,640,2,3574,0,20
2480,300,3,641,8,3582,144,80
2481,300,3,642,9,3591,95,90
2482,300,3,643,4,3595,0,40
2483,300,3,644,8,3603,0,80
2484,300,3,645,4,3607,0,40
2485,300,3,646,4,3611,0,40
2486,300,3,647,8,3619,0,80
2487,300,3,648,4,3623,0,40
2488,300,3,649,2,3625,0,20
2489,300,3,650,4,3629,0,40
2490,300,3,651,5,3634,0,50
2491,300,3,652,7,3641,0,70
2492,300,3,653,8,3649,0,80
2493,300,3,654,5,3654,0,50
2494,300,3,655,4,3658,0,40
2495,300,3,656,4,3662,708,40
2496,300,3,657,2,3664,0,20
2497,300,3,658,4,3668,0,40
2498,300,3,659,6,3674,116,60
2499,300,3,660,9,3683,0,90
2500,300,3,661,6,3689,0,60
2501,300,3,662,9,3698,0,90
2502,300,3,663,3,3701,0,30
2503,300,3,664,3,3704,289,30
2504,300,3,665,2,3706,0,20
2505,300,3,666,8,3714,0,80
2506,300,3,667,4,3718,131,40
2507,300,3,668,8,3726,83,80
2508,300,3,669,9,3735,0,90
2509,300,3,670,5,3740,0,50
2510,300,3,671,7,3747,0,70
2511,300,3,672,9,3756,0,90
2512,300,3,673,9,3765,0,90
2513,300,3,674,6,3771,0,60
2514,300,3,675,9,3780,0,90
2515,300,3,676,3,3783,0,30
2516,300,3,677,4,3787,0,40
2517,300,3,678,3,3790,0,30
2518,300,3,679,4,3794,0,40
2519,300,3,680,9,3803,0,90
2520,300,3,681,9,3812,0,90
2521,300,3,682,7,3819,0,70
2522,300,3,683,7,3826,1032,70
2523,300,3,684,7,3833,0,70
2524,300,3,685,9,3842,0,90
2525,300,3,686,3,3845,0,30
2526,300,3,687,9,3854,0,90
2527,300,3,688,8,3862,357,80
2528,300,3,689,7,3869,0,70
2529,300,3,690,3,3872,0,30
2530,300,3,691,2,3874,0,20
2531,300,3,692,8,3882,0,80
2532,300,3,693,8,3890,0,80
2533,300,3,694,6,3896,0,60
2534,300,3,695,9,3905,0,90
2535,300,3,696,4,3909,489,40
2536,300,3,697,3,3912,0,30
2537,300,3,698,2,3914,0,20
2538,300,3,699,9,3923,0,90
2539,300,3,700,4,3927,0,40
2540,300,3,701,7,3934,0,70
2541,300,3,702,2,3936,0,20
2542,300,3,703,2,3938,0,20
2543,300,3,704,9,3947,0,90
2544,300,3,705,4,3951,417,40
2545,300,3,706,7,3958,74,70
2546,300,3,707,7,3965,0,70
2547,300,3,708,3,3968,0,30
2548,300,3,709,2,3970,126,20
2549,300,3,710,2,3972,0,20
2550,300,3,711,2,3974,0,20
2551,300,3,712,3,3977,0,30
2552,300,3,713,2,3979,86,20
2553,300,3,714,2,3981,0,20
2554,300,3,715,3,3984,0,30
2555,300,3,716,5,3989,0,50
2556,300,3,717,9,3998,208,90
2557,300,3,718,3,4001,0,30
2558,300,3,719,3,4004,0,30
2559,300,3,720,2,4006,0,20
2560,300,3,721,9,4015,0,90
2561,300,3,722,3,4018,206,30
2562,300,3,723,2,4020,0,20
2563,300,3,724,9,4029,0,90
2564,300,3,725,8,4037,0,80
2565,300,3,726,9,4046,0,90
2566,300,3,727,7,4053,358,70
2567,300,3,728,2,4055,19,20
2568,300,3,729,8,4063,0,80
2569,300,3,730,6,4069,0,60
2570,300,3,731,5,4074,174,50
2571,300,3,732,6,4080,0,60
2572,300,3,733,6,4086,0,60
2573,300,3,734,2,4088,0,20
2574,300,3,735,7,4095,0,70
2575,300,3,736,2,4097,0,20
2576,300,3,737,3,4100,242,30
2577,300,3,738,5,4105,50,50
2578,300,3,739,3,4108,0,30
2579,300,3,740,6,4114,0,60
2580,300,3,741,6,4120,0,60
2581,300,3,742,8,4128,240,80
2582,300,3,743,5,4133,0,50
2583,300,3,744,8,4141,0,80
2584,300,3,745,2,4143,0,20
2585,300,3,746,3,4146,0,30
2586,300,3,747,5,4151,208,50
2587,300,3,748,3,4154,0,30
2588,300,3,749,5,4159,0,50
2589,300,3,750,7,4166,128,70
2590,300,3,751,7,4173,0,70
2591,300,3,752,5,4178,0,50
2592,300,3,753,7,4185,0,70
2593,300,3,754,8,4193,262,80
2594,300,3,755,3,4196,0,30
2595,300,3,756,2,4198,0,20
2596,300,3,757,4,4202,106,40
2597,300,3,758,6,4208,0,60
2598,300,3,759,5,4213,0,50
2599,300,3,760,4,4217,0,40
2600,300,3,761,5,4222,181,50
2601,300,3,762,5,4227,0,50
2602,300,3,763,7,4234,0,70
2603,300,3,764,2,4236,128,20
2604,300,3,765,5,4241,61,50
2605,300,3,766,6,4247,0,60
2606,300,3,767,4,4251,0,40
2607,300,3,768,6,4257,141,60
2608,300,3,769,5,4262,0,50
2609,300,3,770,3,4265,0,30
2610,300,3,771,5,4270,0,50
2611,300,3,772,9,4279,0,90
2612,300,3,773,8,4287,0,80
2613,300,3,774,2,4289,0,20
2614,300,3,775,8,4297,0,80
2615,300,3,776,3,4300,0,30
2616,300,3,777,9,4309,0,90
2617,300,3,778,4,4313,581,40
2618,300,3,779,3,4316,0,30
2619,300,3,780,5,4321,0,50
2620,300,3,781,6,4327,145,60
2621,300,3,782,3,4330,0,30
2622,300,3,783,2,4332,0,20
2623,300,3,784,8,4340,109,80
2624,300,3,785,8,4348,0,80
2625,300,3,786,5,4353,0,50
2626,300,3,787,8,4361,0,80
2627,300,3,788,8,4369,0,80
2628,300,3,789,7,4376,0,70
2629,300,3,790,8,4384,0,80
2630,300,3,791,8,4392,0,80
2631,300,3,792,5,4397,0,50
2632,300,3,793,4,4401,0,40
2633,300,3,794,9,4410,711,90
2634,300,3,795,6,4416,0,60
2635,300,3,796,2,4418,0,20
2636,300,3,797,6,4424,0,60
2637,300,3,798,5,4429,167,50
2638,300,3,799,9,4438,0,90
2639,300,3,800,6,4444,0,60
2640,300,3,801,7,4451,0,70
2641,300,3,802,4,4455,0,40
2642,300,3,803,5,4460,0,50
2643,300,3,804,5,4465,366,50
2644,300,3,805,7,4472,0,70
2645,300,3,806,4,4476,0,40
2646,300,3,807,2,4478,136,20
2647,300,3,808,4,4482,0,40
2648,300,3,809,2,4484,0,20
2649,300,3,810,6,4490,0,60
2650,300,3,811,7,4497,0,70
2651,300,3,812,6,4503,0,60
2652,300,3,813,7,4510,329,70
2653,300,3,814,4,4514,0,40
2654,300,3,815,4,4518,0,40
2655,300,3,816,9,4527,0,90
2656,300,3,817,7,4534,0,70
2657,300,3,818,4,4538,0,40
2658,300,3,819,9,4547,0,90
2659,300,3,820,4,4551,0,40
2660,300,3,821,7,4558,0,70
2661,300,3,822,2,4560,0,20
2662,300,3,823,4,4564,0,40
2663,300,3,824,3,4567,0,30
2664,300,3,825,3,4570,0,30
2665,300,3,826,7,4577,0,70
2666,300,3,827,9,4586,0,90
2667,300,3,828,2,4588,0,20
2668,300,3,829,2,4590,0,20
2669,300,3,830,9,4599,923,90
2670,300,3,831,5,4604,0,50
2671,300,3,832,3,4607,85,30
2672,300,3,833,8,4615,0,80
2673,300,3,834,9,4624,0,90
2674,300,3,835,7,4631,241,70
2675,300,3,836,6,4637,0,60
2676,300,3,837,4,4641,0,40
2677,300,3,838,7,4648,0,70
2678,300,3,839,5,4653,0,50
2679,300,3,840,4,4657,258,40
2680,300,3,841,8,4665,0,80
2681,300,3,842,7,4672,134,70
2682,300,3,843,7,4679,0,70
2683,300,3,844,8,4687,0,80
2684,300,3,845,2,4689,0,20
2685,300,3,846,3,4692,0,30
2686,300,3,847,4,4696,0,40
2687,300,3,848,4,4700,0,40
2688,300,3,849,6,4706,0,60
2689,300,3,850,6,4712,0,60
2690,300,3,851,6,4718,0,60
2691,300,3,852,4,4722,0,40
2692,300,3,853,2,4724,0,20
2693,300,3,854,8,4732,0,80
2694,300,3,855,4,4736,0,40
2695,300,3,856,3,4739,0,30
2696,300,3,857,8,4747,0,80
2697,300,3,858,5,4752,0,50
2698,300,3,859,2,4754,0,20
2699,300,3,860,8,4762,0,80
2700,300,3,861,8,4770,0,80
2701,300,3,862,6,4776,1049,60
2702,300,3,863,3,4779,0,30
2703,300,3,864,2,4781,0,20
2704,300,3,865,2,4783,0,20
2705,300,3,866,8,4791,150,80
2706,300,3,867,3,4794,0,30
2707,300,3,868,6,4800,78,60
2708,300,3,869,3,4803,0,30
2709,300,3,870,6,4809,0,60
2710,300,3,871,8,4817,168,80
2711,300,3,872,6,4823,0,60
2712,300,3,873,9,4832,139,90
2713,300,3,874,5,4837,0,50
2714,300,3,875,8,4845,0,80
2715,300,3,876,2,4847,0,20
2716,300,3,877,6,4853,0,60
2717,300,3,878,9,4862,0,90
2718,300,3,879,2,4864,0,20
2719,300,3,880,6,4870,0,60
2720,300,3,881,5,4875,0,50
2721,300,3,882,7,4882,0,70
2722,300,3,883,6,4888,0,60
2723,300,3,884,6,4894,0,60
2724,300,3,885,8,4902,0,80
2725,300,3,886,5,4907,0,50
2726,300,3,887,4,4911,0,40
2727,300,3,888,3,4914,0,30
2728,300,3,889,8,4922,861,80
2729,300,3,890,3,4925,0,30
2730,300,3,891,6,4931,0,60
2731,300,3,892,4,4935,125,40
2732,300,3,893,6,4941,59,60
2733,300,3,894,8,4949,0,80
2734,300,3,895,7,4956,0,70
2735,300,3,896,5,4961,0,50
2736,300,3,897,7,4968,0,70
2737,300,3,898,8,4976,0,80
2738,300,3,899,7,4983,455,70
2739,300,3,900,8,4991,85,80
2740,300,3,901,4,4995,34,40
2741,300,3,902,3,4998,0,30
