,Scenario,Trial,Inspection,Interval,Time,Defects,Rate
0,318,1,1,2,2,0,20
1,318,1,2,6,8,80,60
2,318,1,3,9,17,0,90
3,318,1,4,5,22,0,50
4,318,1,5,5,27,0,50
5,318,1,6,7,34,0,70
6,318,1,7,8,42,0,80
7,318,1,8,5,47,0,50
8,318,1,9,4,51,0,40
9,318,1,10,4,55,0,40
10,318,1,11,4,59,0,40
11,318,1,12,2,61,490,20
12,318,1,13,9,70,0,90
13,318,1,14,9,79,0,90
14,318,1,15,5,84,0,50
15,318,1,16,4,88,0,40
16,318,1,17,2,90,0,20
17,318,1,18,4,94,0,40
18,318,1,19,7,101,0,70
19,318,1,20,2,103,0,20
20,318,1,21,7,110,503,70
21,318,1,22,6,116,0,60
22,318,1,23,4,120,94,40
23,318,1,24,4,124,0,40
24,318,1,25,5,129,75,50
25,318,1,26,5,134,0,50
26,318,1,27,3,137,0,30
27,318,1,28,6,143,0,60
28,318,1,29,2,145,0,20
29,318,1,30,8,153,0,80
30,318,1,31,5,158,0,50
31,318,1,32,5,163,0,50
32,318,1,33,4,167,0,40
33,318,1,34,7,174,0,70
34,318,1,35,5,179,0,50
35,318,1,36,6,185,0,60
36,318,1,37,2,187,0,20
37,318,1,38,9,196,643,90
38,318,1,39,9,205,0,90
39,318,1,40,5,210,0,50
40,318,1,41,7,217,0,70
41,318,1,42,9,226,0,90
42,318,1,43,2,228,0,20
43,318,1,44,8,236,0,80
44,318,1,45,3,239,0,30
45,318,1,46,6,245,0,60
46,318,1,47,9,254,0,90
47,318,1,48,7,261,632,70
48,318,1,49,9,270,0,90
49,318,1,50,8,278,0,80
50,318,1,51,9,287,0,90
51,318,1,52,3,290,0,30
52,318,1,53,6,296,0,60
53,318,1,54,3,299,0,30
54,318,1,55,6,305,0,60
55,318,1,56,4,309,0,40
56,318,1,57,6,315,548,60
57,318,1,58,6,321,0,60
58,318,1,59,6,327,0,60
59,318,1,60,4,331,0,40
60,318,1,61,5,336,0,50
61,318,1,62,8,344,298,80
62,318,1,63,5,349,0,50
63,318,1,64,6,355,0,60
64,318,1,65,4,359,0,40
65,318,1,66,2,361,0,20
66,318,1,67,8,369,0,80
67,318,1,68,5,374,0,50
68,318,1,69,2,376,331,20
69,318,1,70,8,384,0,80
70,318,1,71,9,393,0,90
71,318,1,72,3,396,0,30
72,318,1,73,6,402,0,60
73,318,1,74,5,407,0,50
74,318,1,75,3,410,350,30
75,318,1,76,6,416,0,60
76,318,1,77,2,418,0,20
77,318,1,78,2,420,0,20
78,318,1,79,5,425,0,50
79,318,1,80,5,430,0,50
80,318,1,81,7,437,0,70
81,318,1,82,4,441,0,40
82,318,1,83,9,450,0,90
83,318,1,84,9,459,0,90
84,318,1,85,2,461,0,20
85,318,1,86,4,465,0,40
86,318,1,87,8,473,0,80
87,318,1,88,2,475,0,20
88,318,1,89,2,477,650,20
89,318,1,90,9,486,0,90
90,318,1,91,5,491,133,50
91,318,1,92,3,494,32,30
92,318,1,93,7,501,0,70
93,318,1,94,2,503,0,20
94,318,1,95,9,512,0,90
95,318,1,96,8,520,0,80
96,318,1,97,3,523,0,30
97,318,1,98,2,525,0,20
98,318,1,99,8,533,0,80
99,318,1,100,8,541,0,80
100,318,1,101,8,549,0,80
101,318,1,102,2,551,0,20
102,318,1,103,3,554,0,30
103,318,1,104,4,558,589,40
104,318,1,105,3,561,0,30
105,318,1,106,3,564,0,30
106,318,1,107,7,571,110,70
107,318,1,108,7,578,0,70
108,318,1,109,6,584,0,60
109,318,1,110,7,591,0,70
110,318,1,111,8,599,0,80
111,318,1,112,4,603,0,40
112,318,1,113,3,606,0,30
113,318,1,114,2,608,0,20
114,318,1,115,8,616,0,80
115,318,1,116,2,618,0,20
116,318,1,117,4,622,0,40
117,318,1,118,5,627,0,50
118,318,1,119,5,632,612,50
119,318,1,120,3,635,0,30
120,318,1,121,7,642,0,70
121,318,1,122,8,650,179,80
122,318,1,123,5,655,0,50
123,318,1,124,3,658,0,30
124,318,1,125,6,664,0,60
125,318,1,126,2,666,0,20
126,318,1,127,2,668,0,20
127,318,1,128,4,672,0,40
128,318,1,129,2,674,0,20
129,318,1,130,5,679,300,50
130,318,1,131,2,681,0,20
131,318,1,132,8,689,0,80
132,318,1,133,3,692,0,30
133,318,1,134,6,698,0,60
134,318,1,135,9,707,0,90
135,318,1,136,4,711,0,40
136,318,1,137,8,719,0,80
137,318,1,138,5,724,0,50
138,318,1,139,4,728,485,40
139,318,1,140,3,731,0,30
140,318,1,141,5,736,0,50
141,318,1,142,4,740,0,40
142,318,1,143,7,747,0,70
143,318,1,144,5,752,0,50
144,318,1,145,9,761,0,90
145,318,1,146,8,769,0,80
146,318,1,147,7,776,0,70
147,318,1,148,5,781,0,50
148,318,1,149,2,783,0,20
149,318,1,150,8,791,0,80
150,318,1,151,5,796,656,50
151,318,1,152,8,804,0,80
152,318,1,153,3,807,0,30
153,318,1,154,3,810,0,30
154,318,1,155,5,815,188,50
155,318,1,156,3,818,0,30
156,318,1,157,2,820,0,20
157,318,1,158,4,824,0,40
158,318,1,159,9,833,174,90
159,318,1,160,8,841,79,80
160,318,1,161,3,844,0,30
161,318,1,162,2,846,0,20
162,318,1,163,8,854,0,80
163,318,1,164,5,859,0,50
164,318,1,165,6,865,234,60
165,318,1,166,4,869,0,40
166,318,1,167,6,875,0,60
167,318,1,168,5,880,0,50
168,318,1,169,7,887,0,70
169,318,1,170,2,889,245,20
170,318,1,171,9,898,0,90
171,318,1,172,6,904,0,60
172,318,1,173,6,910,0,60
173,318,1,174,8,918,0,80
174,318,1,175,3,921,0,30
175,318,1,176,2,923,0,20
176,318,1,177,4,927,0,40
177,318,1,178,7,934,0,70
178,318,1,179,7,941,0,70
179,318,1,180,7,948,0,70
180,318,1,181,6,954,0,60
181,318,1,182,3,957,0,30
182,318,1,183,4,961,0,40
183,318,1,184,4,965,0,40
184,318,1,185,3,968,0,30
185,318,1,186,4,972,0,40
186,318,1,187,4,976,0,40
187,318,1,188,4,980,919,40
188,318,1,189,2,982,0,20
189,318,1,190,7,989,0,70
190,318,1,191,9,998,0,90
191,318,1,192,7,1005,0,70
192,318,1,193,3,1008,0,30
193,318,1,194,2,1010,376,20
194,318,1,195,2,1012,0,20
195,318,1,196,3,1015,0,30
196,318,1,197,5,1020,0,50
197,318,1,198,5,1025,0,50
198,318,1,199,7,1032,0,70
199,318,1,200,6,1038,0,60
200,318,1,201,6,1044,0,60
201,318,1,202,6,1050,443,60
202,318,1,203,4,1054,44,40
203,318,1,204,4,1058,0,40
204,318,1,205,2,1060,56,20
205,318,1,206,6,1066,0,60
206,318,1,207,6,1072,0,60
207,318,1,208,4,1076,0,40
208,318,1,209,5,1081,0,50
209,318,1,210,9,1090,0,90
210,318,1,211,3,1093,336,30
211,318,1,212,3,1096,0,30
212,318,1,213,3,1099,0,30
213,318,1,214,2,1101,0,20
214,318,1,215,3,1104,0,30
215,318,1,216,2,1106,135,20
216,318,1,217,6,1112,0,60
217,318,1,218,2,1114,0,20
218,318,1,219,2,1116,0,20
219,318,1,220,9,1125,0,90
220,318,1,221,5,1130,254,50
221,318,1,222,7,1137,0,70
222,318,1,223,9,1146,0,90
223,318,1,224,2,1148,0,20
224,318,1,225,9,1157,262,90
225,318,1,226,5,1162,54,50
226,318,1,227,4,1166,0,40
227,318,1,228,7,1173,108,70
228,318,1,229,8,1181,0,80
229,318,1,230,6,1187,0,60
230,318,1,231,8,1195,0,80
231,318,1,232,7,1202,0,70
232,318,1,233,6,1208,335,60
233,318,1,234,7,1215,0,70
234,318,1,235,7,1222,148,70
235,318,1,236,7,1229,70,70
236,318,1,237,8,1237,79,80
237,318,1,238,4,1241,0,40
238,318,1,239,2,1243,0,20
239,318,1,240,2,1245,0,20
240,318,1,241,4,1249,0,40
241,318,1,242,9,1258,0,90
242,318,1,243,5,1263,0,50
243,318,1,244,7,1270,0,70
244,318,1,245,7,1277,0,70
245,318,1,246,6,1283,0,60
246,318,1,247,9,1292,0,90
247,318,1,248,3,1295,0,30
248,318,1,249,9,1304,0,90
249,318,1,250,6,1310,0,60
250,318,1,251,5,1315,0,50
251,318,1,252,6,1321,841,60
252,318,1,253,6,1327,0,60
253,318,1,254,9,1336,0,90
254,318,1,255,8,1344,0,80
255,318,1,256,6,1350,297,60
256,318,1,257,4,1354,0,40
257,318,1,258,6,1360,0,60
258,318,1,259,2,1362,0,20
259,318,1,260,6,1368,0,60
260,318,1,261,4,1372,0,40
261,318,1,262,4,1376,0,40
262,318,1,263,2,1378,268,20
263,318,1,264,3,1381,0,30
264,318,1,265,6,1387,0,60
265,318,1,266,5,1392,0,50
266,318,1,267,7,1399,0,70
267,318,1,268,4,1403,0,40
268,318,1,269,4,1407,0,40
269,318,1,270,5,1412,0,50
270,318,1,271,2,1414,0,20
271,318,1,272,3,1417,0,30
272,318,1,273,9,1426,0,90
273,318,1,274,3,1429,0,30
274,318,1,275,7,1436,0,70
275,318,1,276,8,1444,0,80
276,318,1,277,9,1453,0,90
277,318,1,278,3,1456,0,30
278,318,1,279,3,1459,0,30
279,318,1,280,8,1467,0,80
280,318,1,281,6,1473,0,60
281,318,1,282,9,1482,0,90
282,318,1,283,2,1484,0,20
283,318,1,284,4,1488,1110,40
284,318,1,285,2,1490,0,20
285,318,1,286,8,1498,0,80
286,318,1,287,5,1503,0,50
287,318,1,288,3,1506,0,30
288,318,1,289,9,1515,0,90
289,318,1,290,8,1523,352,80
290,318,1,291,6,1529,0,60
291,318,1,292,3,1532,83,30
292,318,1,293,4,1536,0,40
293,318,1,294,4,1540,0,40
294,318,1,295,4,1544,121,40
295,318,1,296,3,1547,0,30
296,318,1,297,7,1554,0,70
297,318,1,298,3,1557,0,30
298,318,1,299,3,1560,167,30
299,318,1,300,2,1562,17,20
300,318,1,301,5,1567,0,50
301,318,1,302,2,1569,0,20
302,318,1,303,4,1573,0,40
303,318,1,304,3,1576,149,30
304,318,1,305,8,1584,0,80
305,318,1,306,8,1592,0,80
306,318,1,307,6,1598,0,60
307,318,1,308,4,1602,0,40
308,318,1,309,5,1607,0,50
309,318,1,310,5,1612,0,50
310,318,1,311,5,1617,415,50
311,318,1,312,7,1624,0,70
312,318,1,313,5,1629,135,50
313,318,1,314,6,1635,0,60
314,318,1,315,2,1637,0,20
315,318,1,316,5,1642,0,50
316,318,1,317,3,1645,173,30
317,318,1,318,3,1648,21,30
318,318,1,319,6,1654,0,60
319,318,1,320,8,1662,0,80
320,318,1,321,9,1671,0,90
321,318,1,322,7,1678,0,70
322,318,1,323,4,1682,0,40
323,318,1,324,3,1685,0,30
324,318,1,325,5,1690,0,50
325,318,1,326,2,1692,0,20
326,318,1,327,8,1700,464,80
327,318,1,328,5,1705,0,50
328,318,1,329,7,1712,0,70
329,318,1,330,6,1718,0,60
330,318,1,331,9,1727,0,90
331,318,1,332,8,1735,0,80
332,318,1,333,9,1744,0,90
333,318,1,334,2,1746,0,20
334,318,1,335,7,1753,0,70
335,318,1,336,2,1755,0,20
336,318,1,337,4,1759,0,40
337,318,1,338,9,1768,0,90
338,318,1,339,8,1776,0,80
339,318,1,340,4,1780,0,40
340,318,1,341,8,1788,0,80
341,318,1,342,9,1797,0,90
342,318,1,343,7,1804,0,70
343,318,1,344,8,1812,0,80
344,318,1,345,6,1818,1190,60
345,318,1,346,9,1827,0,90
346,318,1,347,8,1835,178,80
347,318,1,348,9,1844,83,90
348,318,1,349,2,1846,0,20
349,318,1,350,2,1848,0,20
350,318,1,351,8,1856,0,80
351,318,1,352,6,1862,0,60
352,318,1,353,4,1866,0,40
353,318,1,354,7,1873,0,70
354,318,1,355,4,1877,0,40
355,318,1,356,5,1882,338,50
356,318,1,357,6,1888,0,60
357,318,1,358,2,1890,80,20
358,318,1,359,8,1898,0,80
359,318,1,360,7,1905,0,70
360,318,1,361,2,1907,0,20
361,318,1,362,5,1912,0,50
362,318,1,363,7,1919,322,70
363,318,1,364,7,1926,0,70
364,318,1,365,4,1930,0,40
365,318,1,366,8,1938,0,80
366,318,1,367,6,1944,0,60
367,318,1,368,4,1948,0,40
368,318,1,369,8,1956,0,80
369,318,1,370,2,1958,0,20
370,318,1,371,8,1966,0,80
371,318,1,372,6,1972,0,60
372,318,1,373,8,1980,0,80
373,318,1,374,6,1986,0,60
374,318,1,375,7,1993,0,70
375,318,1,376,5,1998,0,50
376,318,1,377,3,2001,0,30
377,318,1,378,5,2006,0,50
378,318,1,379,3,2009,0,30
379,318,1,380,6,2015,0,60
380,318,1,381,6,2021,0,60
381,318,1,382,9,2030,0,90
382,318,1,383,6,2036,0,60
383,318,1,384,8,2044,1258,80
384,318,1,385,8,2052,0,80
385,318,1,386,6,2058,0,60
386,318,1,387,5,2063,0,50
387,318,1,388,3,2066,0,30
388,318,1,389,7,2073,0,70
389,318,1,390,4,2077,325,40
390,318,1,391,5,2082,0,50
391,318,1,392,5,2087,0,50
392,318,1,393,6,2093,0,60
393,318,1,394,3,2096,209,30
394,318,1,395,3,2099,0,30
395,318,1,396,3,2102,0,30
396,318,1,397,3,2105,100,30
397,318,1,398,3,2108,0,30
398,318,1,399,7,2115,89,70
399,318,1,400,9,2124,0,90
400,318,1,401,2,2126,0,20
401,318,1,402,5,2131,0,50
402,318,1,403,6,2137,0,60
403,318,1,404,8,2145,0,80
404,318,1,405,2,2147,0,20
405,318,1,406,5,2152,0,50
406,318,1,407,8,2160,0,80
407,318,1,408,6,2166,0,60
408,318,1,409,8,2174,0,80
409,318,1,410,6,2180,0,60
410,318,1,411,9,2189,0,90
411,318,1,412,3,2192,0,30
412,318,1,413,6,2198,0,60
413,318,1,414,9,2207,0,90
414,318,1,415,7,2214,0,70
415,318,1,416,4,2218,0,40
416,318,1,417,2,2220,1026,20
417,318,1,418,7,2227,0,70
418,318,1,419,6,2233,0,60
419,318,1,420,9,2242,0,90
420,318,1,421,9,2251,0,90
421,318,1,422,6,2257,0,60
422,318,1,423,5,2262,0,50
423,318,1,424,8,2270,0,80
424,318,1,425,8,2278,0,80
425,318,1,426,4,2282,0,40
426,318,1,427,4,2286,0,40
427,318,1,428,5,2291,0,50
428,318,1,429,5,2296,0,50
429,318,1,430,4,2300,0,40
430,318,1,431,6,2306,0,60
431,318,1,432,5,2311,0,50
432,318,1,433,9,2320,0,90
433,318,1,434,6,2326,0,60
434,318,1,435,7,2333,0,70
435,318,1,436,2,2335,0,20
436,318,1,437,2,2337,0,20
437,318,1,438,9,2346,0,90
438,318,1,439,8,2354,0,80
439,318,1,440,3,2357,0,30
440,318,1,441,9,2366,0,90
441,318,1,442,2,2368,0,20
442,318,1,443,7,2375,0,70
443,318,1,444,6,2381,0,60
444,318,1,445,9,2390,0,90
445,318,1,446,2,2392,0,20
446,318,1,447,6,2398,0,60
447,318,1,448,9,2407,0,90
448,318,1,449,2,2409,0,20
449,318,1,450,3,2412,0,30
450,318,1,451,7,2419,0,70
451,318,1,452,5,2424,0,50
452,318,1,453,8,2432,0,80
453,318,1,454,5,2437,0,50
454,318,1,455,3,2440,0,30
455,318,1,456,9,2449,0,90
456,318,1,457,5,2454,0,50
457,318,1,458,5,2459,2324,50
458,318,1,459,6,2465,0,60
459,318,1,460,4,2469,110,40
460,318,1,461,5,2474,36,50
461,318,1,462,5,2479,0,50
462,318,1,463,3,2482,0,30
463,318,1,464,6,2488,0,60
464,318,1,465,6,2494,0,60
465,318,1,466,2,2496,0,20
466,318,1,467,8,2504,0,80
467,318,1,468,8,2512,0,80
468,318,1,469,5,2517,0,50
469,318,1,470,9,2526,0,90
470,318,1,471,9,2535,0,90
471,318,1,472,8,2543,0,80
472,318,1,473,5,2548,0,50
473,318,1,474,5,2553,760,50
474,318,1,475,8,2561,0,80
475,318,1,476,6,2567,0,60
476,318,1,477,7,2574,0,70
477,318,1,478,9,2583,0,90
478,318,1,479,8,2591,0,80
479,318,1,480,5,2596,0,50
480,318,1,481,6,2602,0,60
481,318,1,482,9,2611,0,90
482,318,1,483,3,2614,0,30
483,318,1,484,7,2621,0,70
484,318,1,485,4,2625,0,40
485,318,1,486,2,2627,0,20
486,318,1,487,8,2635,815,80
487,318,1,488,9,2644,0,90
488,318,1,489,7,2651,0,70
489,318,1,490,8,2659,0,80
490,318,1,491,5,2664,0,50
491,318,1,492,7,2671,0,70
492,318,1,493,3,2674,0,30
493,318,1,494,2,2676,0,20
494,318,1,495,3,2679,426,30
495,318,1,496,2,2681,0,20
496,318,1,497,2,2683,0,20
497,318,1,498,7,2690,101,70
498,318,1,499,9,2699,0,90
499,318,1,500,5,2704,0,50
500,318,1,501,9,2713,247,90
501,318,1,502,5,2718,0,50
502,318,1,503,7,2725,114,70
503,318,1,504,3,2728,0,30
504,318,1,505,6,2734,0,60
505,318,1,506,3,2737,0,30
506,318,1,507,7,2744,0,70
507,318,1,508,9,2753,0,90
508,318,1,509,6,2759,0,60
509,318,1,510,6,2765,0,60
510,318,1,511,5,2770,0,50
511,318,1,512,5,2775,0,50
512,318,1,513,3,2778,0,30
513,318,1,514,6,2784,0,60
514,318,1,515,5,2789,0,50
515,318,1,516,5,2794,721,50
516,318,1,517,9,2803,0,90
517,318,1,518,3,2806,0,30
518,318,1,519,8,2814,0,80
519,318,1,520,9,2823,0,90
520,318,1,521,5,2828,341,50
521,318,1,522,3,2831,37,30
522,318,1,523,2,2833,0,20
523,318,1,524,8,2841,0,80
524,318,1,525,2,2843,0,20
525,318,1,526,6,2849,0,60
526,318,1,527,7,2856,0,70
527,318,1,528,4,2860,0,40
528,318,1,529,9,2869,0,90
529,318,1,530,4,2873,0,40
530,318,1,531,8,2881,0,80
531,318,1,532,2,2883,508,20
532,318,1,533,5,2888,43,50
533,318,1,534,3,2891,0,30
534,318,1,535,9,2900,0,90
535,318,1,536,5,2905,0,50
536,318,1,537,5,2910,0,50
537,318,1,538,3,2913,0,30
538,318,1,539,7,2920,0,70
539,318,1,540,5,2925,0,50
540,318,1,541,3,2928,0,30
541,318,1,542,5,2933,498,50
542,318,1,543,7,2940,0,70
543,318,1,544,4,2944,0,40
544,318,1,545,4,2948,0,40
545,318,1,546,9,2957,0,90
546,318,1,547,2,2959,0,20
547,318,1,548,4,2963,0,40
548,318,1,549,8,2971,0,80
549,318,1,550,2,2973,0,20
550,318,1,551,9,2982,0,90
551,318,1,552,6,2988,0,60
552,318,1,553,3,2991,0,30
553,318,1,554,9,3000,0,90
554,318,1,555,2,3002,0,20
555,318,1,556,2,3004,0,20
556,318,1,557,6,3010,0,60
557,318,1,558,3,3013,0,30
558,318,1,559,3,3016,0,30
559,318,1,560,8,3024,877,80
560,318,1,561,2,3026,0,20
561,318,1,562,4,3030,0,40
562,318,1,563,7,3037,0,70
563,318,1,564,5,3042,0,50
564,318,1,565,5,3047,0,50
565,318,1,566,4,3051,0,40
566,318,1,567,5,3056,0,50
567,318,1,568,9,3065,0,90
568,318,1,569,7,3072,0,70
569,318,1,570,3,3075,0,30
570,318,1,571,8,3083,0,80
571,318,1,572,2,3085,0,20
572,318,1,573,8,3093,0,80
573,318,1,574,5,3098,0,50
574,318,1,575,3,3101,848,30
575,318,1,576,8,3109,0,80
576,318,1,577,7,3116,0,70
577,318,1,578,6,3122,0,60
578,318,1,579,6,3128,0,60
579,318,1,580,5,3133,0,50
580,318,1,581,9,3142,0,90
581,318,1,582,3,3145,0,30
582,318,1,583,5,3150,0,50
583,318,1,584,7,3157,580,70
584,318,1,585,5,3162,0,50
585,318,1,586,2,3164,0,20
586,318,1,587,6,3170,0,60
587,318,1,588,3,3173,0,30
588,318,1,589,8,3181,0,80
589,318,1,590,4,3185,0,40
590,318,1,591,2,3187,281,20
591,318,1,592,2,3189,0,20
592,318,1,593,4,3193,0,40
593,318,1,594,4,3197,0,40
594,318,1,595,4,3201,0,40
595,318,1,596,4,3205,0,40
596,318,1,597,4,3209,0,40
597,318,1,598,3,3212,0,30
598,318,1,599,2,3214,0,20
599,318,1,600,8,3222,338,80
600,318,1,601,5,3227,0,50
601,318,1,602,7,3234,0,70
602,318,1,603,7,3241,0,70
603,318,1,604,7,3248,0,70
604,318,1,605,6,3254,0,60
605,318,1,606,9,3263,423,90
606,318,1,607,7,3270,0,70
607,318,1,608,2,3272,0,20
608,318,1,609,2,3274,0,20
609,318,1,610,9,3283,0,90
610,318,1,611,5,3288,0,50
611,318,1,612,2,3290,257,20
612,318,1,613,6,3296,0,60
613,318,1,614,5,3301,0,50
614,318,1,615,7,3308,0,70
615,318,1,616,6,3314,0,60
616,318,1,617,5,3319,0,50
617,318,1,618,4,3323,0,40
618,318,1,619,9,3332,436,90
619,318,1,620,9,3341,0,90
620,318,1,621,9,3350,191,90
621,318,1,622,2,3352,0,20
622,318,1,623,8,3360,0,80
623,318,1,624,5,3365,0,50
624,318,1,625,8,3373,231,80
625,318,1,626,5,3378,48,50
626,318,1,627,4,3382,0,40
627,318,1,628,7,3389,0,70
628,318,1,629,8,3397,0,80
629,318,1,630,9,3406,311,90
630,318,1,631,2,3408,0,20
631,318,1,632,8,3416,0,80
632,318,1,633,9,3425,0,90
633,318,1,634,4,3429,0,40
634,318,1,635,4,3433,0,40
635,318,1,636,7,3440,0,70
636,318,1,637,6,3446,397,60
637,318,1,638,5,3451,0,50
638,318,1,639,6,3457,0,60
639,318,1,640,3,3460,0,30
640,318,1,641,3,3463,0,30
641,318,1,642,9,3472,0,90
642,318,1,643,4,3476,348,40
643,318,1,644,9,3485,0,90
644,318,1,645,5,3490,0,50
645,318,1,646,5,3495,0,50
646,318,1,647,4,3499,0,40
647,318,1,648,9,3508,0,90
648,318,1,649,5,3513,0,50
649,318,1,650,7,3520,0,70
650,318,1,651,2,3522,0,20
651,318,1,652,6,3528,528,60
652,318,1,653,7,3535,0,70
653,318,1,654,4,3539,0,40
654,318,1,655,7,3546,0,70
655,318,1,656,4,3550,0,40
656,318,1,657,2,3552,0,20
657,318,1,658,7,3559,335,70
658,318,1,659,7,3566,0,70
659,318,1,660,9,3575,0,90
660,318,1,661,9,3584,249,90
661,318,1,662,9,3593,0,90
662,318,1,663,6,3599,141,60
663,318,1,664,8,3607,0,80
664,318,1,665,2,3609,0,20
665,318,1,666,5,3614,0,50
666,318,1,667,7,3621,0,70
667,318,1,668,2,3623,0,20
668,318,1,669,4,3627,0,40
669,318,1,670,8,3635,0,80
670,318,1,671,4,3639,0,40
671,318,1,672,7,3646,0,70
672,318,1,673,7,3653,0,70
673,318,1,674,4,3657,0,40
674,318,1,675,5,3662,0,50
675,318,1,676,2,3664,0,20
676,318,1,677,7,3671,0,70
677,318,1,678,2,3673,0,20
678,318,1,679,8,3681,0,80
679,318,1,680,7,3688,0,70
680,318,1,681,9,3697,0,90
681,318,1,682,2,3699,0,20
682,318,1,683,6,3705,0,60
683,318,1,684,8,3713,0,80
684,318,1,685,3,3716,0,30
685,318,1,686,6,3722,0,60
686,318,1,687,4,3726,1288,40
687,318,1,688,2,3728,0,20
688,318,1,689,3,3731,0,30
689,318,1,690,3,3734,0,30
690,318,1,691,2,3736,83,20
691,318,1,692,4,3740,0,40
692,318,1,693,4,3744,0,40
693,318,1,694,6,3750,0,60
694,318,1,695,9,3759,0,90
695,318,1,696,7,3766,0,70
696,318,1,697,6,3772,0,60
697,318,1,698,4,3776,405,40
698,318,1,699,4,3780,0,40
699,318,1,700,3,3783,0,30
700,318,1,701,3,3786,0,30
701,318,1,702,5,3791,0,50
702,318,1,703,3,3794,0,30
703,318,1,704,4,3798,229,40
704,318,1,705,4,3802,0,40
705,318,1,706,6,3808,0,60
706,318,1,707,4,3812,0,40
707,318,1,708,5,3817,0,50
708,318,1,709,2,3819,191,20
709,318,1,710,9,3828,99,90
710,318,1,711,7,3835,0,70
711,318,1,712,7,3842,0,70
712,318,1,713,7,3849,0,70
713,318,1,714,8,3857,0,80
714,318,1,715,2,3859,324,20
715,318,1,716,9,3868,0,90
716,318,1,717,6,3874,0,60
717,318,1,718,8,3882,0,80
718,318,1,719,2,3884,0,20
719,318,1,720,4,3888,0,40
720,318,1,721,4,3892,0,40
721,318,1,722,4,3896,0,40
722,318,1,723,9,3905,0,90
723,318,1,724,3,3908,0,30
724,318,1,725,2,3910,0,20
725,318,1,726,2,3912,0,20
726,318,1,727,5,3917,0,50
727,318,1,728,9,3926,0,90
728,318,1,729,8,3934,0,80
729,318,1,730,8,3942,0,80
730,318,1,731,7,3949,0,70
731,318,1,732,7,3956,0,70
732,318,1,733,9,3965,1079,90
733,318,1,734,2,3967,0,20
734,318,1,735,7,3974,0,70
735,318,1,736,9,3983,0,90
736,318,1,737,8,3991,257,80
737,318,1,738,9,4000,0,90
738,318,1,739,9,4009,0,90
739,318,1,740,8,4017,0,80
740,318,1,741,8,4025,0,80
741,318,1,742,2,4027,0,20
742,318,1,743,3,4030,0,30
743,318,1,744,8,4038,0,80
744,318,1,745,3,4041,0,30
745,318,1,746,4,4045,0,40
746,318,1,747,8,4053,0,80
747,318,1,748,7,4060,0,70
748,318,1,749,8,4068,0,80
749,318,1,750,5,4073,0,50
750,318,1,751,7,4080,0,70
751,318,1,752,6,4086,0,60
752,318,1,753,6,4092,0,60
753,318,1,754,2,4094,0,20
754,318,1,755,5,4099,0,50
755,318,1,756,6,4105,0,60
756,318,1,757,3,4108,1183,30
757,318,1,758,4,4112,0,40
758,318,1,759,6,4118,0,60
759,318,1,760,5,4123,0,50
760,318,1,761,5,4128,211,50
761,318,1,762,8,4136,0,80
762,318,1,763,8,4144,153,80
763,318,1,764,4,4148,0,40
764,318,1,765,9,4157,0,90
765,318,1,766,8,4165,0,80
766,318,1,767,2,4167,0,20
767,318,1,768,3,4170,0,30
768,318,1,769,5,4175,0,50
769,318,1,770,8,4183,0,80
770,318,1,771,5,4188,0,50
771,318,1,772,7,4195,487,70
772,318,1,773,7,4202,0,70
773,318,1,774,3,4205,0,30
774,318,1,775,2,4207,0,20
775,318,1,776,8,4215,0,80
776,318,1,777,7,4222,0,70
777,318,1,778,7,4229,0,70
778,318,1,779,8,4237,0,80
779,318,1,780,6,4243,0,60
780,318,1,781,6,4249,0,60
781,318,1,782,7,4256,0,70
782,318,1,783,9,4265,0,90
783,318,1,784,9,4274,732,90
784,318,1,785,4,4278,0,40
785,318,1,786,5,4283,0,50
786,318,1,787,5,4288,151,50
787,318,1,788,8,4296,0,80
788,318,1,789,7,4303,172,70
789,318,1,790,4,4307,0,40
790,318,1,791,9,4316,0,90
791,318,1,792,5,4321,180,50
792,318,1,793,6,4327,0,60
793,318,1,794,5,4332,119,50
794,318,1,795,8,4340,0,80
795,318,1,796,8,4348,158,80
796,318,1,797,5,4353,0,50
797,318,1,798,6,4359,104,60
798,318,1,799,7,4366,53,70
799,318,1,800,3,4369,0,30
800,318,1,801,5,4374,0,50
801,318,1,802,4,4378,0,40
802,318,1,803,3,4381,0,30
803,318,1,804,7,4388,0,70
804,318,1,805,9,4397,0,90
805,318,1,806,4,4401,0,40
806,318,1,807,6,4407,411,60
807,318,1,808,8,4415,0,80
808,318,1,809,9,4424,0,90
809,318,1,810,3,4427,217,30
810,318,1,811,3,4430,29,30
811,318,1,812,7,4437,0,70
812,318,1,813,5,4442,0,50
813,318,1,814,5,4447,0,50
814,318,1,815,7,4454,0,70
815,318,1,816,5,4459,0,50
816,318,1,817,4,4463,0,40
817,318,1,818,8,4471,0,80
818,318,1,819,7,4478,0,70
819,318,1,820,7,4485,524,70
820,318,1,821,6,4491,55,60
821,318,1,822,5,4496,0,50
822,318,1,823,4,4500,0,40
823,318,1,824,8,4508,0,80
824,318,1,825,2,4510,0,20
825,318,1,826,5,4515,0,50
826,318,1,827,6,4521,290,60
827,318,1,828,5,4526,58,50
828,318,1,829,4,4530,0,40
829,318,1,830,4,4534,0,40
830,318,1,831,7,4541,0,70
831,318,1,832,8,4549,0,80
832,318,1,833,9,4558,0,90
833,318,1,834,9,4567,0,90
834,318,1,835,8,4575,0,80
835,318,1,836,7,4582,0,70
836,318,1,837,2,4584,0,20
837,318,1,838,6,4590,0,60
838,318,1,839,3,4593,0,30
839,318,1,840,7,4600,757,70
840,318,1,841,5,4605,0,50
841,318,1,842,8,4613,0,80
842,318,1,843,7,4620,187,70
843,318,1,844,2,4622,0,20
844,318,1,845,2,4624,0,20
845,318,1,846,2,4626,0,20
846,318,1,847,9,4635,0,90
847,318,1,848,9,4644,0,90
848,318,1,849,5,4649,0,50
849,318,1,850,3,4652,0,30
850,318,1,851,5,4657,0,50
851,318,1,852,2,4659,381,20
852,318,1,853,7,4666,0,70
853,318,1,854,5,4671,0,50
854,318,1,855,9,4680,0,90
855,318,1,856,5,4685,0,50
856,318,1,857,4,4689,0,40
857,318,1,858,9,4698,0,90
858,318,1,859,3,4701,0,30
859,318,1,860,8,4709,0,80
860,318,1,861,8,4717,545,80
861,318,1,862,5,4722,46,50
862,318,1,863,8,4730,78,80
863,318,1,864,5,4735,0,50
864,318,1,865,7,4742,0,70
865,318,1,866,4,4746,170,40
866,318,1,867,3,4749,0,30
867,318,1,868,9,4758,0,90
868,318,1,869,3,4761,151,30
869,318,1,870,8,4769,0,80
870,318,1,871,6,4775,0,60
871,318,1,872,9,4784,241,90
872,318,1,873,2,4786,0,20
873,318,1,874,8,4794,0,80
874,318,1,875,8,4802,0,80
875,318,1,876,6,4808,215,60
876,318,1,877,2,4810,0,20
877,318,1,878,5,4815,0,50
878,318,1,879,6,4821,0,60
879,318,1,880,6,4827,178,60
880,318,1,881,9,4836,0,90
881,318,1,882,6,4842,0,60
882,318,1,883,9,4851,0,90
883,318,1,884,2,4853,0,20
884,318,1,885,9,4862,0,90
885,318,1,886,4,4866,0,40
886,318,1,887,7,4873,0,70
887,318,1,888,4,4877,0,40
888,318,1,889,8,4885,0,80
889,318,1,890,4,4889,0,40
890,318,1,891,9,4898,0,90
891,318,1,892,2,4900,0,20
892,318,1,893,5,4905,0,50
893,318,1,894,2,4907,0,20
894,318,1,895,6,4913,0,60
895,318,1,896,6,4919,0,60
896,318,1,897,2,4921,0,20
897,318,1,898,4,4925,0,40
898,318,1,899,7,4932,0,70
899,318,1,900,8,4940,0,80
900,318,1,901,4,4944,0,40
901,318,1,902,4,4948,0,40
902,318,1,903,2,4950,0,20
903,318,1,904,3,4953,0,30
904,318,1,905,9,4962,0,90
905,318,1,906,4,4966,0,40
906,318,1,907,6,4972,0,60
907,318,1,908,5,4977,0,50
908,318,1,909,6,4983,0,60
909,318,1,910,5,4988,1623,50
910,318,1,911,3,4991,0,30
911,318,1,912,4,4995,0,40
912,318,2,1,6,6,0,60
913,318,2,2,3,9,0,30
914,318,2,3,8,17,154,80
915,318,2,4,2,19,14,20
916,318,2,5,4,23,0,40
917,318,2,6,3,26,80,30
918,318,2,7,6,32,0,60
919,318,2,8,7,39,0,70
920,318,2,9,6,45,171,60
921,318,2,10,3,48,0,30
922,318,2,11,9,57,107,90
923,318,2,12,2,59,0,20
924,318,2,13,5,64,0,50
925,318,2,14,9,73,0,90
926,318,2,15,3,76,0,30
927,318,2,16,7,83,0,70
928,318,2,17,4,87,0,40
929,318,2,18,4,91,0,40
930,318,2,19,6,97,0,60
931,318,2,20,5,102,456,50
932,318,2,21,3,105,0,30
933,318,2,22,4,109,0,40
934,318,2,23,4,113,0,40
935,318,2,24,7,120,0,70
936,318,2,25,8,128,0,80
937,318,2,26,5,133,300,50
938,318,2,27,6,139,0,60
939,318,2,28,4,143,0,40
940,318,2,29,2,145,0,20
941,318,2,30,7,152,0,70
942,318,2,31,6,158,0,60
943,318,2,32,5,163,0,50
944,318,2,33,8,171,0,80
945,318,2,34,9,180,0,90
946,318,2,35,5,185,0,50
947,318,2,36,6,191,0,60
948,318,2,37,4,195,0,40
949,318,2,38,7,202,650,70
950,318,2,39,2,204,0,20
951,318,2,40,4,208,0,40
952,318,2,41,4,212,0,40
953,318,2,42,4,216,0,40
954,318,2,43,6,222,0,60
955,318,2,44,3,225,0,30
956,318,2,45,5,230,0,50
957,318,2,46,3,233,320,30
958,318,2,47,5,238,0,50
959,318,2,48,6,244,104,60
960,318,2,49,9,253,0,90
961,318,2,50,7,260,0,70
962,318,2,51,5,265,0,50
963,318,2,52,4,269,251,40
964,318,2,53,2,271,0,20
965,318,2,54,3,274,0,30
966,318,2,55,3,277,0,30
967,318,2,56,3,280,0,30
968,318,2,57,8,288,0,80
969,318,2,58,6,294,0,60
970,318,2,59,2,296,0,20
971,318,2,60,2,298,0,20
972,318,2,61,4,302,0,40
973,318,2,62,6,308,0,60
974,318,2,63,6,314,0,60
975,318,2,64,3,317,0,30
976,318,2,65,6,323,0,60
977,318,2,66,5,328,0,50
978,318,2,67,4,332,0,40
979,318,2,68,2,334,0,20
980,318,2,69,8,342,0,80
981,318,2,70,9,351,820,90
982,318,2,71,6,357,0,60
983,318,2,72,7,364,0,70
984,318,2,73,9,373,0,90
985,318,2,74,9,382,0,90
986,318,2,75,6,388,0,60
987,318,2,76,5,393,0,50
988,318,2,77,8,401,0,80
989,318,2,78,7,408,0,70
990,318,2,79,9,417,0,90
991,318,2,80,7,424,0,70
992,318,2,81,6,430,0,60
993,318,2,82,5,435,0,50
994,318,2,83,5,440,846,50
995,318,2,84,5,445,0,50
996,318,2,85,9,454,0,90
997,318,2,86,2,456,0,20
998,318,2,87,5,461,0,50
999,318,2,88,8,469,0,80
1000,318,2,89,7,476,0,70
1001,318,2,90,3,479,0,30
1002,318,2,91,2,481,0,20
1003,318,2,92,5,486,0,50
1004,318,2,93,6,492,0,60
1005,318,2,94,5,497,0,50
1006,318,2,95,2,499,0,20
1007,318,2,96,4,503,0,40
1008,318,2,97,7,510,0,70
1009,318,2,98,7,517,0,70
1010,318,2,99,6,523,0,60
1011,318,2,100,9,532,923,90
1012,318,2,101,9,541,0,90
1013,318,2,102,2,543,0,20
1014,318,2,103,6,549,0,60
1015,318,2,104,3,552,0,30
1016,318,2,105,7,559,0,70
1017,318,2,106,2,561,263,20
1018,318,2,107,8,569,0,80
1019,318,2,108,2,571,0,20
1020,318,2,109,3,574,0,30
1021,318,2,110,4,578,0,40
1022,318,2,111,8,586,0,80
1023,318,2,112,5,591,0,50
1024,318,2,113,5,596,377,50
1025,318,2,114,8,604,0,80
1026,318,2,115,2,606,86,20
1027,318,2,116,9,615,0,90
1028,318,2,117,8,623,0,80
1029,318,2,118,6,629,0,60
1030,318,2,119,6,635,0,60
1031,318,2,120,8,643,0,80
1032,318,2,121,7,650,411,70
1033,318,2,122,6,656,0,60
1034,318,2,123,4,660,0,40
1035,318,2,124,9,669,0,90
1036,318,2,125,7,676,0,70
1037,318,2,126,4,680,0,40
1038,318,2,127,7,687,358,70
1039,318,2,128,5,692,0,50
1040,318,2,129,4,696,74,40
1041,318,2,130,4,700,0,40
1042,318,2,131,7,707,0,70
1043,318,2,132,5,712,0,50
1044,318,2,133,6,718,0,60
1045,318,2,134,4,722,0,40
1046,318,2,135,7,729,318,70
1047,318,2,136,9,738,0,90
1048,318,2,137,5,743,0,50
1049,318,2,138,5,748,181,50
1050,318,2,139,8,756,81,80
1051,318,2,140,9,765,0,90
1052,318,2,141,6,771,0,60
1053,318,2,142,8,779,0,80
1054,318,2,143,6,785,295,60
1055,318,2,144,2,787,0,20
1056,318,2,145,4,791,65,40
1057,318,2,146,4,795,39,40
1058,318,2,147,4,799,43,40
1059,318,2,148,6,805,0,60
1060,318,2,149,3,808,0,30
1061,318,2,150,3,811,0,30
1062,318,2,151,2,813,161,20
1063,318,2,152,9,822,0,90
1064,318,2,153,6,828,0,60
1065,318,2,154,2,830,0,20
1066,318,2,155,8,838,0,80
1067,318,2,156,6,844,0,60
1068,318,2,157,6,850,0,60
1069,318,2,158,5,855,0,50
1070,318,2,159,2,857,0,20
1071,318,2,160,7,864,0,70
1072,318,2,161,7,871,0,70
1073,318,2,162,6,877,0,60
1074,318,2,163,5,882,0,50
1075,318,2,164,7,889,0,70
1076,318,2,165,3,892,0,30
1077,318,2,166,9,901,0,90
1078,318,2,167,5,906,0,50
1079,318,2,168,7,913,1047,70
1080,318,2,169,3,916,0,30
1081,318,2,170,3,919,0,30
1082,318,2,171,9,928,0,90
1083,318,2,172,5,933,182,50
1084,318,2,173,4,937,44,40
1085,318,2,174,4,941,32,40
1086,318,2,175,3,944,0,30
1087,318,2,176,6,950,0,60
1088,318,2,177,4,954,0,40
1089,318,2,178,3,957,0,30
1090,318,2,179,2,959,0,20
1091,318,2,180,6,965,0,60
1092,318,2,181,9,974,323,90
1093,318,2,182,6,980,0,60
1094,318,2,183,6,986,109,60
1095,318,2,184,3,989,0,30
1096,318,2,185,8,997,119,80
1097,318,2,186,5,1002,0,50
1098,318,2,187,4,1006,0,40
1099,318,2,188,8,1014,0,80
1100,318,2,189,7,1021,0,70
1101,318,2,190,4,1025,0,40
1102,318,2,191,7,1032,334,70
1103,318,2,192,3,1035,0,30
1104,318,2,193,2,1037,0,20
1105,318,2,194,2,1039,0,20
1106,318,2,195,8,1047,0,80
1107,318,2,196,4,1051,0,40
1108,318,2,197,3,1054,0,30
1109,318,2,198,6,1060,0,60
1110,318,2,199,9,1069,0,90
1111,318,2,200,9,1078,0,90
1112,318,2,201,6,1084,517,60
1113,318,2,202,2,1086,14,20
1114,318,2,203,5,1091,0,50
1115,318,2,204,4,1095,0,40
1116,318,2,205,7,1102,164,70
1117,318,2,206,4,1106,0,40
1118,318,2,207,7,1113,0,70
1119,318,2,208,8,1121,0,80
1120,318,2,209,6,1127,0,60
1121,318,2,210,7,1134,329,70
1122,318,2,211,8,1142,0,80
1123,318,2,212,6,1148,0,60
1124,318,2,213,6,1154,215,60
1125,318,2,214,2,1156,0,20
1126,318,2,215,3,1159,0,30
1127,318,2,216,3,1162,0,30
1128,318,2,217,6,1168,0,60
1129,318,2,218,6,1174,0,60
1130,318,2,219,5,1179,0,50
1131,318,2,220,4,1183,299,40
1132,318,2,221,8,1191,0,80
1133,318,2,222,2,1193,0,20
1134,318,2,223,5,1198,0,50
1135,318,2,224,4,1202,216,40
1136,318,2,225,4,1206,0,40
1137,318,2,226,9,1215,0,90
1138,318,2,227,7,1222,200,70
1139,318,2,228,4,1226,0,40
1140,318,2,229,7,1233,0,70
1141,318,2,230,8,1241,0,80
1142,318,2,231,9,1250,0,90
1143,318,2,232,9,1259,356,90
1144,318,2,233,5,1264,0,50
1145,318,2,234,5,1269,94,50
1146,318,2,235,4,1273,0,40
1147,318,2,236,2,1275,0,20
1148,318,2,237,2,1277,0,20
1149,318,2,238,3,1280,0,30
1150,318,2,239,4,1284,0,40
1151,318,2,240,8,1292,0,80
1152,318,2,241,8,1300,0,80
1153,318,2,242,3,1303,0,30
1154,318,2,243,5,1308,0,50
1155,318,2,244,5,1313,0,50
1156,318,2,245,7,1320,0,70
1157,318,2,246,9,1329,0,90
1158,318,2,247,3,1332,0,30
1159,318,2,248,3,1335,0,30
1160,318,2,249,4,1339,0,40
1161,318,2,250,2,1341,0,20
1162,318,2,251,4,1345,0,40
1163,318,2,252,7,1352,0,70
1164,318,2,253,4,1356,858,40
1165,318,2,254,6,1362,0,60
1166,318,2,255,5,1367,0,50
1167,318,2,256,9,1376,0,90
1168,318,2,257,7,1383,0,70
1169,318,2,258,9,1392,0,90
1170,318,2,259,5,1397,0,50
1171,318,2,260,7,1404,0,70
1172,318,2,261,2,1406,487,20
1173,318,2,262,5,1411,0,50
1174,318,2,263,3,1414,90,30
1175,318,2,264,6,1420,0,60
1176,318,2,265,3,1423,0,30
1177,318,2,266,7,1430,157,70
1178,318,2,267,2,1432,0,20
1179,318,2,268,9,1441,0,90
1180,318,2,269,2,1443,0,20
1181,318,2,270,5,1448,0,50
1182,318,2,271,4,1452,0,40
1183,318,2,272,6,1458,0,60
1184,318,2,273,6,1464,0,60
1185,318,2,274,2,1466,390,20
1186,318,2,275,9,1475,0,90
1187,318,2,276,6,1481,0,60
1188,318,2,277,9,1490,0,90
1189,318,2,278,9,1499,0,90
1190,318,2,279,8,1507,0,80
1191,318,2,280,5,1512,0,50
1192,318,2,281,9,1521,0,90
1193,318,2,282,3,1524,0,30
1194,318,2,283,4,1528,619,40
1195,318,2,284,9,1537,0,90
1196,318,2,285,3,1540,0,30
1197,318,2,286,5,1545,0,50
1198,318,2,287,4,1549,0,40
1199,318,2,288,4,1553,0,40
1200,318,2,289,4,1557,323,40
1201,318,2,290,6,1563,0,60
1202,318,2,291,4,1567,0,40
1203,318,2,292,6,1573,158,60
1204,318,2,293,9,1582,98,90
1205,318,2,294,9,1591,92,90
1206,318,2,295,4,1595,0,40
1207,318,2,296,4,1599,63,40
1208,318,2,297,3,1602,0,30
1209,318,2,298,7,1609,0,70
1210,318,2,299,2,1611,0,20
1211,318,2,300,4,1615,0,40
1212,318,2,301,7,1622,223,70
1213,318,2,302,3,1625,27,30
1214,318,2,303,7,1632,0,70
1215,318,2,304,6,1638,0,60
1216,318,2,305,8,1646,239,80
1217,318,2,306,4,1650,0,40
1218,318,2,307,8,1658,0,80
1219,318,2,308,7,1665,178,70
1220,318,2,309,7,1672,0,70
1221,318,2,310,5,1677,0,50
1222,318,2,311,4,1681,0,40
1223,318,2,312,4,1685,0,40
1224,318,2,313,7,1692,0,70
1225,318,2,314,5,1697,0,50
1226,318,2,315,9,1706,0,90
1227,318,2,316,8,1714,481,80
1228,318,2,317,3,1717,0,30
1229,318,2,318,5,1722,0,50
1230,318,2,319,2,1724,113,20
1231,318,2,320,9,1733,0,90
1232,318,2,321,3,1736,0,30
1233,318,2,322,5,1741,0,50
1234,318,2,323,7,1748,0,70
1235,318,2,324,5,1753,0,50
1236,318,2,325,4,1757,0,40
1237,318,2,326,9,1766,0,90
1238,318,2,327,2,1768,0,20
1239,318,2,328,3,1771,0,30
1240,318,2,329,2,1773,0,20
1241,318,2,330,2,1775,0,20
1242,318,2,331,8,1783,0,80
1243,318,2,332,4,1787,0,40
1244,318,2,333,9,1796,0,90
1245,318,2,334,7,1803,0,70
1246,318,2,335,5,1808,0,50
1247,318,2,336,3,1811,0,30
1248,318,2,337,4,1815,0,40
1249,318,2,338,6,1821,0,60
1250,318,2,339,3,1824,0,30
1251,318,2,340,7,1831,0,70
1252,318,2,341,9,1840,0,90
1253,318,2,342,3,1843,0,30
1254,318,2,343,9,1852,1250,90
1255,318,2,344,4,1856,0,40
1256,318,2,345,2,1858,52,20
1257,318,2,346,4,1862,0,40
1258,318,2,347,2,1864,0,20
1259,318,2,348,6,1870,0,60
1260,318,2,349,2,1872,0,20
1261,318,2,350,6,1878,0,60
1262,318,2,351,9,1887,0,90
1263,318,2,352,4,1891,0,40
1264,318,2,353,9,1900,0,90
1265,318,2,354,7,1907,0,70
1266,318,2,355,3,1910,0,30
1267,318,2,356,2,1912,0,20
1268,318,2,357,9,1921,0,90
1269,318,2,358,4,1925,0,40
1270,318,2,359,2,1927,0,20
1271,318,2,360,3,1930,0,30
1272,318,2,361,8,1938,0,80
1273,318,2,362,7,1945,0,70
1274,318,2,363,2,1947,0,20
1275,318,2,364,7,1954,0,70
1276,318,2,365,7,1961,1039,70
1277,318,2,366,5,1966,0,50
1278,318,2,367,2,1968,62,20
1279,318,2,368,3,1971,0,30
1280,318,2,369,3,1974,0,30
1281,318,2,370,8,1982,0,80
1282,318,2,371,9,1991,0,90
1283,318,2,372,2,1993,0,20
1284,318,2,373,5,1998,0,50
1285,318,2,374,5,2003,0,50
1286,318,2,375,3,2006,386,30
1287,318,2,376,2,2008,0,20
1288,318,2,377,2,2010,0,20
1289,318,2,378,5,2015,0,50
1290,318,2,379,7,2022,0,70
1291,318,2,380,7,2029,0,70
1292,318,2,381,3,2032,0,30
1293,318,2,382,4,2036,298,40
1294,318,2,383,3,2039,0,30
1295,318,2,384,2,2041,0,20
1296,318,2,385,7,2048,127,70
1297,318,2,386,3,2051,0,30
1298,318,2,387,8,2059,0,80
1299,318,2,388,6,2065,0,60
1300,318,2,389,5,2070,0,50
1301,318,2,390,4,2074,236,40
1302,318,2,391,5,2079,54,50
1303,318,2,392,4,2083,0,40
1304,318,2,393,4,2087,0,40
1305,318,2,394,9,2096,0,90
1306,318,2,395,6,2102,0,60
1307,318,2,396,7,2109,0,70
1308,318,2,397,4,2113,0,40
1309,318,2,398,5,2118,0,50
1310,318,2,399,3,2121,0,30
1311,318,2,400,3,2124,0,30
1312,318,2,401,9,2133,0,90
1313,318,2,402,3,2136,0,30
1314,318,2,403,6,2142,0,60
1315,318,2,404,5,2147,0,50
1316,318,2,405,2,2149,0,20
1317,318,2,406,3,2152,0,30
1318,318,2,407,2,2154,0,20
1319,318,2,408,7,2161,0,70
1320,318,2,409,2,2163,0,20
1321,318,2,410,8,2171,0,80
1322,318,2,411,7,2178,0,70
1323,318,2,412,2,2180,964,20
1324,318,2,413,8,2188,0,80
1325,318,2,414,3,2191,0,30
1326,318,2,415,5,2196,182,50
1327,318,2,416,2,2198,0,20
1328,318,2,417,4,2202,0,40
1329,318,2,418,9,2211,0,90
1330,318,2,419,8,2219,0,80
1331,318,2,420,6,2225,0,60
1332,318,2,421,7,2232,0,70
1333,318,2,422,6,2238,0,60
1334,318,2,423,4,2242,491,40
1335,318,2,424,9,2251,0,90
1336,318,2,425,4,2255,0,40
1337,318,2,426,4,2259,0,40
1338,318,2,427,9,2268,0,90
1339,318,2,428,4,2272,316,40
1340,318,2,429,6,2278,59,60
1341,318,2,430,3,2281,0,30
1342,318,2,431,2,2283,0,20
1343,318,2,432,3,2286,0,30
1344,318,2,433,4,2290,0,40
1345,318,2,434,4,2294,0,40
1346,318,2,435,7,2301,0,70
1347,318,2,436,4,2305,300,40
1348,318,2,437,4,2309,0,40
1349,318,2,438,3,2312,0,30
1350,318,2,439,2,2314,0,20
1351,318,2,440,8,2322,0,80
1352,318,2,441,7,2329,0,70
1353,318,2,442,3,2332,272,30
1354,318,2,443,7,2339,62,70
1355,318,2,444,4,2343,0,40
1356,318,2,445,4,2347,0,40
1357,318,2,446,9,2356,0,90
1358,318,2,447,6,2362,0,60
1359,318,2,448,4,2366,0,40
1360,318,2,449,8,2374,0,80
1361,318,2,450,2,2376,0,20
1362,318,2,451,7,2383,0,70
1363,318,2,452,6,2389,0,60
1364,318,2,453,5,2394,0,50
1365,318,2,454,8,2402,0,80
1366,318,2,455,6,2408,0,60
1367,318,2,456,7,2415,0,70
1368,318,2,457,2,2417,0,20
1369,318,2,458,2,2419,0,20
1370,318,2,459,5,2424,0,50
1371,318,2,460,7,2431,0,70
1372,318,2,461,3,2434,0,30
1373,318,2,462,2,2436,0,20
1374,318,2,463,8,2444,0,80
1375,318,2,464,3,2447,0,30
1376,318,2,465,8,2455,0,80
1377,318,2,466,7,2462,0,70
1378,318,2,467,7,2469,0,70
1379,318,2,468,7,2476,0,70
1380,318,2,469,5,2481,0,50
1381,318,2,470,3,2484,0,30
1382,318,2,471,5,2489,0,50
1383,318,2,472,3,2492,0,30
1384,318,2,473,4,2496,0,40
1385,318,2,474,2,2498,0,20
1386,318,2,475,6,2504,0,60
1387,318,2,476,5,2509,0,50
1388,318,2,477,6,2515,0,60
1389,318,2,478,8,2523,0,80
1390,318,2,479,8,2531,1934,80
1391,318,2,480,5,2536,0,50
1392,318,2,481,3,2539,0,30
1393,318,2,482,7,2546,0,70
1394,318,2,483,3,2549,0,30
1395,318,2,484,2,2551,0,20
1396,318,2,485,5,2556,0,50
1397,318,2,486,3,2559,0,30
1398,318,2,487,6,2565,0,60
1399,318,2,488,5,2570,379,50
1400,318,2,489,8,2578,88,80
1401,318,2,490,9,2587,0,90
1402,318,2,491,7,2594,0,70
1403,318,2,492,4,2598,0,40
1404,318,2,493,6,2604,0,60
1405,318,2,494,9,2613,0,90
1406,318,2,495,3,2616,0,30
1407,318,2,496,5,2621,0,50
1408,318,2,497,4,2625,0,40
1409,318,2,498,2,2627,0,20
1410,318,2,499,3,2630,0,30
1411,318,2,500,8,2638,577,80
1412,318,2,501,9,2647,0,90
1413,318,2,502,8,2655,0,80
1414,318,2,503,4,2659,0,40
1415,318,2,504,3,2662,0,30
1416,318,2,505,6,2668,0,60
1417,318,2,506,4,2672,0,40
1418,318,2,507,4,2676,0,40
1419,318,2,508,3,2679,422,30
1420,318,2,509,6,2685,0,60
1421,318,2,510,2,2687,0,20
1422,318,2,511,4,2691,0,40
1423,318,2,512,2,2693,0,20
1424,318,2,513,8,2701,0,80
1425,318,2,514,8,2709,0,80
1426,318,2,515,4,2713,0,40
1427,318,2,516,5,2718,0,50
1428,318,2,517,3,2721,0,30
1429,318,2,518,3,2724,0,30
1430,318,2,519,2,2726,0,20
1431,318,2,520,7,2733,0,70
1432,318,2,521,9,2742,0,90
1433,318,2,522,4,2746,0,40
1434,318,2,523,7,2753,0,70
1435,318,2,524,3,2756,0,30
1436,318,2,525,9,2765,0,90
1437,318,2,526,4,2769,0,40
1438,318,2,527,4,2773,0,40
1439,318,2,528,4,2777,0,40
1440,318,2,529,3,2780,0,30
1441,318,2,530,4,2784,0,40
1442,318,2,531,8,2792,0,80
1443,318,2,532,5,2797,0,50
1444,318,2,533,7,2804,1230,70
1445,318,2,534,7,2811,0,70
1446,318,2,535,4,2815,0,40
1447,318,2,536,6,2821,0,60
1448,318,2,537,9,2830,0,90
1449,318,2,538,8,2838,0,80
1450,318,2,539,2,2840,359,20
1451,318,2,540,9,2849,0,90
1452,318,2,541,7,2856,0,70
1453,318,2,542,5,2861,213,50
1454,318,2,543,5,2866,0,50
1455,318,2,544,8,2874,0,80
1456,318,2,545,4,2878,0,40
1457,318,2,546,4,2882,0,40
1458,318,2,547,4,2886,0,40
1459,318,2,548,5,2891,298,50
1460,318,2,549,3,2894,0,30
1461,318,2,550,4,2898,0,40
1462,318,2,551,6,2904,0,60
1463,318,2,552,3,2907,0,30
1464,318,2,553,3,2910,0,30
1465,318,2,554,6,2916,0,60
1466,318,2,555,3,2919,275,30
1467,318,2,556,7,2926,73,70
1468,318,2,557,6,2932,0,60
1469,318,2,558,9,2941,0,90
1470,318,2,559,8,2949,0,80
1471,318,2,560,8,2957,0,80
1472,318,2,561,2,2959,0,20
1473,318,2,562,6,2965,0,60
1474,318,2,563,5,2970,0,50
1475,318,2,564,3,2973,0,30
1476,318,2,565,4,2977,511,40
1477,318,2,566,3,2980,0,30
1478,318,2,567,3,2983,0,30
1479,318,2,568,9,2992,0,90
1480,318,2,569,9,3001,0,90
1481,318,2,570,6,3007,0,60
1482,318,2,571,6,3013,0,60
1483,318,2,572,8,3021,0,80
1484,318,2,573,4,3025,0,40
1485,318,2,574,7,3032,0,70
1486,318,2,575,3,3035,0,30
1487,318,2,576,8,3043,0,80
1488,318,2,577,9,3052,0,90
1489,318,2,578,9,3061,0,90
1490,318,2,579,2,3063,825,20
1491,318,2,580,4,3067,0,40
1492,318,2,581,4,3071,0,40
1493,318,2,582,5,3076,0,50
1494,318,2,583,3,3079,0,30
1495,318,2,584,8,3087,0,80
1496,318,2,585,4,3091,0,40
1497,318,2,586,4,3095,0,40
1498,318,2,587,5,3100,0,50
1499,318,2,588,5,3105,0,50
1500,318,2,589,5,3110,0,50
1501,318,2,590,2,3112,0,20
1502,318,2,591,5,3117,0,50
1503,318,2,592,7,3124,0,70
1504,318,2,593,7,3131,0,70
1505,318,2,594,2,3133,0,20
1506,318,2,595,6,3139,777,60
1507,318,2,596,3,3142,0,30
1508,318,2,597,5,3147,0,50
1509,318,2,598,3,3150,0,30
1510,318,2,599,8,3158,0,80
1511,318,2,600,4,3162,0,40
1512,318,2,601,6,3168,0,60
1513,318,2,602,7,3175,0,70
1514,318,2,603,7,3182,0,70
1515,318,2,604,8,3190,544,80
1516,318,2,605,6,3196,0,60
1517,318,2,606,2,3198,0,20
1518,318,2,607,7,3205,0,70
1519,318,2,608,8,3213,0,80
1520,318,2,609,9,3222,0,90
1521,318,2,610,4,3226,0,40
1522,318,2,611,8,3234,0,80
1523,318,2,612,2,3236,464,20
1524,318,2,613,8,3244,83,80
1525,318,2,614,2,3246,0,20
1526,318,2,615,2,3248,0,20
1527,318,2,616,4,3252,0,40
1528,318,2,617,4,3256,0,40
1529,318,2,618,3,3259,128,30
1530,318,2,619,2,3261,0,20
1531,318,2,620,4,3265,51,40
1532,318,2,621,3,3268,0,30
1533,318,2,622,8,3276,0,80
1534,318,2,623,7,3283,0,70
1535,318,2,624,4,3287,0,40
1536,318,2,625,9,3296,0,90
1537,318,2,626,9,3305,0,90
1538,318,2,627,4,3309,0,40
1539,318,2,628,8,3317,513,80
1540,318,2,629,2,3319,0,20
1541,318,2,630,9,3328,0,90
1542,318,2,631,4,3332,0,40
1543,318,2,632,8,3340,0,80
1544,318,2,633,4,3344,0,40
1545,318,2,634,7,3351,0,70
1546,318,2,635,3,3354,0,30
1547,318,2,636,6,3360,0,60
1548,318,2,637,4,3364,0,40
1549,318,2,638,7,3371,0,70
1550,318,2,639,6,3377,0,60
1551,318,2,640,2,3379,0,20
1552,318,2,641,5,3384,0,50
1553,318,2,642,4,3388,696,40
1554,318,2,643,2,3390,0,20
1555,318,2,644,6,3396,0,60
1556,318,2,645,2,3398,0,20
1557,318,2,646,9,3407,182,90
1558,318,2,647,9,3416,94,90
1559,318,2,648,3,3419,0,30
1560,318,2,649,4,3423,0,40
1561,318,2,650,8,3431,0,80
1562,318,2,651,2,3433,0,20
1563,318,2,652,8,3441,0,80
1564,318,2,653,5,3446,0,50
1565,318,2,654,6,3452,353,60
1566,318,2,655,6,3458,0,60
1567,318,2,656,4,3462,0,40
1568,318,2,657,6,3468,0,60
1569,318,2,658,6,3474,213,60
1570,318,2,659,8,3482,80,80
1571,318,2,660,6,3488,0,60
1572,318,2,661,8,3496,0,80
1573,318,2,662,3,3499,0,30
1574,318,2,663,5,3504,0,50
1575,318,2,664,7,3511,0,70
1576,318,2,665,9,3520,0,90
1577,318,2,666,2,3522,0,20
1578,318,2,667,2,3524,0,20
1579,318,2,668,6,3530,0,60
1580,318,2,669,3,3533,0,30
1581,318,2,670,6,3539,0,60
1582,318,2,671,6,3545,0,60
1583,318,2,672,5,3550,0,50
1584,318,2,673,2,3552,0,20
1585,318,2,674,3,3555,0,30
1586,318,2,675,2,3557,0,20
1587,318,2,676,7,3564,0,70
1588,318,2,677,7,3571,0,70
1589,318,2,678,9,3580,0,90
1590,318,2,679,9,3589,0,90
1591,318,2,680,9,3598,0,90
1592,318,2,681,8,3606,0,80
1593,318,2,682,8,3614,0,80
1594,318,2,683,2,3616,1361,20
1595,318,2,684,3,3619,0,30
1596,318,2,685,8,3627,0,80
1597,318,2,686,5,3632,0,50
1598,318,2,687,4,3636,195,40
1599,318,2,688,8,3644,0,80
1600,318,2,689,2,3646,106,20
1601,318,2,690,6,3652,0,60
1602,318,2,691,6,3658,0,60
1603,318,2,692,5,3663,172,50
1604,318,2,693,9,3672,0,90
1605,318,2,694,3,3675,0,30
1606,318,2,695,8,3683,0,80
1607,318,2,696,9,3692,0,90
1608,318,2,697,2,3694,0,20
1609,318,2,698,3,3697,0,30
1610,318,2,699,8,3705,0,80
1611,318,2,700,9,3714,0,90
1612,318,2,701,5,3719,0,50
1613,318,2,702,8,3727,0,80
1614,318,2,703,3,3730,0,30
1615,318,2,704,7,3737,0,70
1616,318,2,705,8,3745,0,80
1617,318,2,706,7,3752,0,70
1618,318,2,707,7,3759,0,70
1619,318,2,708,3,3762,0,30
1620,318,2,709,3,3765,0,30
1621,318,2,710,2,3767,0,20
1622,318,2,711,5,3772,0,50
1623,318,2,712,6,3778,0,60
1624,318,2,713,6,3784,0,60
1625,318,2,714,9,3793,0,90
1626,318,2,715,4,3797,1396,40
1627,318,2,716,8,3805,0,80
1628,318,2,717,8,3813,0,80
1629,318,2,718,9,3822,0,90
1630,318,2,719,5,3827,0,50
1631,318,2,720,5,3832,0,50
1632,318,2,721,2,3834,0,20
1633,318,2,722,6,3840,432,60
1634,318,2,723,7,3847,0,70
1635,318,2,724,7,3854,0,70
1636,318,2,725,9,3863,0,90
1637,318,2,726,8,3871,300,80
1638,318,2,727,3,3874,0,30
1639,318,2,728,3,3877,0,30
1640,318,2,729,5,3882,0,50
1641,318,2,730,4,3886,0,40
1642,318,2,731,3,3889,165,30
1643,318,2,732,7,3896,0,70
1644,318,2,733,3,3899,0,30
1645,318,2,734,2,3901,0,20
1646,318,2,735,7,3908,0,70
1647,318,2,736,7,3915,262,70
1648,318,2,737,7,3922,64,70
1649,318,2,738,4,3926,0,40
1650,318,2,739,5,3931,0,50
1651,318,2,740,6,3937,0,60
1652,318,2,741,5,3942,204,50
1653,318,2,742,6,3948,0,60
1654,318,2,743,3,3951,0,30
1655,318,2,744,5,3956,0,50
1656,318,2,745,3,3959,163,30
1657,318,2,746,9,3968,0,90
1658,318,2,747,3,3971,0,30
1659,318,2,748,8,3979,0,80
1660,318,2,749,7,3986,0,70
1661,318,2,750,8,3994,0,80
1662,318,2,751,6,4000,432,60
1663,318,2,752,7,4007,0,70
1664,318,2,753,3,4010,0,30
1665,318,2,754,8,4018,0,80
1666,318,2,755,5,4023,0,50
1667,318,2,756,7,4030,0,70
1668,318,2,757,3,4033,0,30
1669,318,2,758,5,4038,0,50
1670,318,2,759,2,4040,0,20
1671,318,2,760,9,4049,0,90
1672,318,2,761,8,4057,585,80
1673,318,2,762,9,4066,0,90
1674,318,2,763,9,4075,184,90
1675,318,2,764,2,4077,0,20
1676,318,2,765,7,4084,0,70
1677,318,2,766,5,4089,0,50
1678,318,2,767,9,4098,0,90
1679,318,2,768,7,4105,0,70
1680,318,2,769,2,4107,0,20
1681,318,2,770,2,4109,0,20
1682,318,2,771,7,4116,0,70
1683,318,2,772,5,4121,0,50
1684,318,2,773,2,4123,0,20
1685,318,2,774,2,4125,0,20
1686,318,2,775,8,4133,0,80
1687,318,2,776,2,4135,0,20
1688,318,2,777,4,4139,0,40
1689,318,2,778,3,4142,661,30
1690,318,2,779,8,4150,0,80
1691,318,2,780,3,4153,0,30
1692,318,2,781,6,4159,0,60
1693,318,2,782,5,4164,0,50
1694,318,2,783,2,4166,0,20
1695,318,2,784,9,4175,0,90
1696,318,2,785,2,4177,0,20
1697,318,2,786,7,4184,0,70
1698,318,2,787,6,4190,0,60
1699,318,2,788,9,4199,0,90
1700,318,2,789,6,4205,0,60
1701,318,2,790,5,4210,0,50
1702,318,2,791,4,4214,0,40
1703,318,2,792,6,4220,0,60
1704,318,2,793,6,4226,0,60
1705,318,2,794,9,4235,0,90
1706,318,2,795,6,4241,0,60
1707,318,2,796,6,4247,0,60
1708,318,2,797,7,4254,0,70
1709,318,2,798,3,4257,0,30
1710,318,2,799,5,4262,0,50
1711,318,2,800,2,4264,0,20
1712,318,2,801,8,4272,0,80
1713,318,2,802,4,4276,0,40
1714,318,2,803,4,4280,0,40
1715,318,2,804,2,4282,0,20
1716,318,2,805,6,4288,0,60
1717,318,2,806,4,4292,0,40
1718,318,2,807,3,4295,0,30
1719,318,2,808,2,4297,0,20
1720,318,2,809,6,4303,1710,60
1721,318,2,810,7,4310,0,70
1722,318,2,811,2,4312,0,20
1723,318,2,812,9,4321,0,90
1724,318,2,813,9,4330,0,90
1725,318,2,814,5,4335,312,50
1726,318,2,815,2,4337,0,20
1727,318,2,816,7,4344,0,70
1728,318,2,817,2,4346,0,20
1729,318,2,818,9,4355,0,90
1730,318,2,819,8,4363,0,80
1731,318,2,820,2,4365,0,20
1732,318,2,821,6,4371,0,60
1733,318,2,822,9,4380,0,90
1734,318,2,823,5,4385,0,50
1735,318,2,824,2,4387,0,20
1736,318,2,825,6,4393,0,60
1737,318,2,826,8,4401,0,80
1738,318,2,827,9,4410,0,90
1739,318,2,828,8,4418,0,80
1740,318,2,829,2,4420,865,20
1741,318,2,830,5,4425,0,50
1742,318,2,831,9,4434,0,90
1743,318,2,832,5,4439,0,50
1744,318,2,833,8,4447,0,80
1745,318,2,834,8,4455,344,80
1746,318,2,835,4,4459,42,40
1747,318,2,836,9,4468,0,90
1748,318,2,837,7,4475,167,70
1749,318,2,838,4,4479,0,40
1750,318,2,839,4,4483,0,40
1751,318,2,840,8,4491,0,80
1752,318,2,841,3,4494,185,30
1753,318,2,842,2,4496,0,20
1754,318,2,843,5,4501,0,50
1755,318,2,844,5,4506,0,50
1756,318,2,845,5,4511,0,50
1757,318,2,846,5,4516,0,50
1758,318,2,847,4,4520,0,40
1759,318,2,848,7,4527,0,70
1760,318,2,849,9,4536,0,90
1761,318,2,850,9,4545,0,90
1762,318,2,851,4,4549,534,40
1763,318,2,852,9,4558,0,90
1764,318,2,853,7,4565,0,70
1765,318,2,854,5,4570,202,50
1766,318,2,855,3,4573,25,30
1767,318,2,856,8,4581,92,80
1768,318,2,857,6,4587,59,60
1769,318,2,858,9,4596,0,90
1770,318,2,859,5,4601,126,50
1771,318,2,860,5,4606,0,50
1772,318,2,861,7,4613,0,70
1773,318,2,862,8,4621,0,80
1774,318,2,863,4,4625,0,40
1775,318,2,864,2,4627,241,20
1776,318,2,865,5,4632,0,50
1777,318,2,866,5,4637,0,50
1778,318,2,867,5,4642,0,50
1779,318,2,868,3,4645,184,30
1780,318,2,869,9,4654,0,90
1781,318,2,870,5,4659,0,50
1782,318,2,871,9,4668,0,90
1783,318,2,872,7,4675,0,70
1784,318,2,873,6,4681,0,60
1785,318,2,874,2,4683,0,20
1786,318,2,875,3,4686,402,30
1787,318,2,876,6,4692,0,60
1788,318,2,877,3,4695,0,30
1789,318,2,878,9,4704,0,90
1790,318,2,879,6,4710,0,60
1791,318,2,880,8,4718,337,80
1792,318,2,881,5,4723,0,50
1793,318,2,882,8,4731,0,80
1794,318,2,883,2,4733,0,20
1795,318,2,884,7,4740,0,70
1796,318,2,885,9,4749,0,90
1797,318,2,886,8,4757,0,80
1798,318,2,887,7,4764,0,70
1799,318,2,888,8,4772,578,80
1800,318,2,889,7,4779,0,70
1801,318,2,890,8,4787,0,80
1802,318,2,891,6,4793,0,60
1803,318,2,892,2,4795,0,20
1804,318,2,893,4,4799,0,40
1805,318,2,894,9,4808,333,90
1806,318,2,895,7,4815,0,70
1807,318,2,896,8,4823,0,80
1808,318,2,897,5,4828,0,50
1809,318,2,898,5,4833,239,50
1810,318,2,899,8,4841,0,80
1811,318,2,900,6,4847,0,60
1812,318,2,901,4,4851,0,40
1813,318,2,902,5,4856,0,50
1814,318,2,903,8,4864,0,80
1815,318,2,904,2,4866,0,20
1816,318,2,905,8,4874,0,80
1817,318,2,906,4,4878,0,40
1818,318,2,907,4,4882,0,40
1819,318,2,908,4,4886,0,40
1820,318,2,909,3,4889,0,30
1821,318,2,910,9,4898,0,90
1822,318,2,911,6,4904,682,60
1823,318,2,912,6,4910,54,60
1824,318,2,913,5,4915,0,50
1825,318,2,914,3,4918,0,30
1826,318,2,915,4,4922,0,40
1827,318,2,916,8,4930,200,80
1828,318,2,917,9,4939,0,90
1829,318,2,918,8,4947,0,80
1830,318,2,919,5,4952,0,50
1831,318,2,920,4,4956,0,40
1832,318,2,921,3,4959,314,30
1833,318,2,922,4,4963,0,40
1834,318,2,923,9,4972,0,90
1835,318,2,924,9,4981,0,90
1836,318,2,925,3,4984,0,30
1837,318,2,926,4,4988,0,40
1838,318,2,927,6,4994,360,60
1839,318,3,1,9,9,77,90
1840,318,3,2,5,14,0,50
1841,318,3,3,3,17,0,30
1842,318,3,4,6,23,0,60
1843,318,3,5,6,29,0,60
1844,318,3,6,6,35,0,60
1845,318,3,7,6,41,0,60
1846,318,3,8,8,49,0,80
1847,318,3,9,3,52,0,30
1848,318,3,10,2,54,427,20
1849,318,3,11,9,63,0,90
1850,318,3,12,4,67,0,40
1851,318,3,13,8,75,0,80
1852,318,3,14,8,83,0,80
1853,318,3,15,3,86,0,30
1854,318,3,16,8,94,0,80
1855,318,3,17,9,103,499,90
1856,318,3,18,6,109,0,60
1857,318,3,19,9,118,0,90
1858,318,3,20,6,124,0,60
1859,318,3,21,6,130,0,60
1860,318,3,22,8,138,0,80
1861,318,3,23,9,147,430,90
1862,318,3,24,7,154,0,70
1863,318,3,25,7,161,0,70
1864,318,3,26,8,169,203,80
1865,318,3,27,6,175,0,60
1866,318,3,28,5,180,0,50
1867,318,3,29,3,183,0,30
1868,318,3,30,9,192,0,90
1869,318,3,31,6,198,0,60
1870,318,3,32,9,207,0,90
1871,318,3,33,3,210,443,30
1872,318,3,34,4,214,0,40
1873,318,3,35,4,218,0,40
1874,318,3,36,3,221,110,30
1875,318,3,37,4,225,0,40
1876,318,3,38,4,229,0,40
1877,318,3,39,8,237,174,80
1878,318,3,40,3,240,0,30
1879,318,3,41,5,245,0,50
1880,318,3,42,8,253,0,80
1881,318,3,43,7,260,258,70
1882,318,3,44,9,269,93,90
1883,318,3,45,3,272,34,30
1884,318,3,46,2,274,0,20
1885,318,3,47,7,281,0,70
1886,318,3,48,8,289,0,80
1887,318,3,49,8,297,0,80
1888,318,3,50,6,303,0,60
1889,318,3,51,9,312,0,90
1890,318,3,52,5,317,461,50
1891,318,3,53,6,323,0,60
1892,318,3,54,6,329,0,60
1893,318,3,55,7,336,0,70
1894,318,3,56,5,341,0,50
1895,318,3,57,2,343,0,20
1896,318,3,58,7,350,0,70
1897,318,3,59,3,353,0,30
1898,318,3,60,9,362,0,90
1899,318,3,61,9,371,0,90
1900,318,3,62,5,376,0,50
1901,318,3,63,6,382,0,60
1902,318,3,64,4,386,0,40
1903,318,3,65,4,390,0,40
1904,318,3,66,2,392,0,20
1905,318,3,67,2,394,0,20
1906,318,3,68,2,396,0,20
1907,318,3,69,6,402,794,60
1908,318,3,70,3,405,0,30
1909,318,3,71,2,407,0,20
1910,318,3,72,3,410,0,30
1911,318,3,73,9,419,0,90
1912,318,3,74,3,422,0,30
1913,318,3,75,5,427,0,50
1914,318,3,76,3,430,0,30
1915,318,3,77,9,439,0,90
1916,318,3,78,5,444,408,50
1917,318,3,79,2,446,0,20
1918,318,3,80,8,454,0,80
1919,318,3,81,2,456,0,20
1920,318,3,82,3,459,0,30
1921,318,3,83,6,465,0,60
1922,318,3,84,8,473,0,80
1923,318,3,85,2,475,0,20
1924,318,3,86,5,480,0,50
1925,318,3,87,6,486,0,60
1926,318,3,88,8,494,0,80
1927,318,3,89,4,498,0,40
1928,318,3,90,7,505,0,70
1929,318,3,91,5,510,0,50
1930,318,3,92,5,515,0,50
1931,318,3,93,8,523,0,80
1932,318,3,94,5,528,0,50
1933,318,3,95,5,533,0,50
1934,318,3,96,2,535,0,20
1935,318,3,97,6,541,0,60
1936,318,3,98,5,546,0,50
1937,318,3,99,8,554,0,80
1938,318,3,100,2,556,0,20
1939,318,3,101,6,562,0,60
1940,318,3,102,3,565,0,30
1941,318,3,103,2,567,0,20
1942,318,3,104,9,576,0,90
1943,318,3,105,4,580,1336,40
1944,318,3,106,3,583,0,30
1945,318,3,107,4,587,70,40
1946,318,3,108,7,594,0,70
1947,318,3,109,7,601,0,70
1948,318,3,110,8,609,0,80
1949,318,3,111,8,617,0,80
1950,318,3,112,4,621,370,40
1951,318,3,113,4,625,0,40
1952,318,3,114,6,631,0,60
1953,318,3,115,8,639,0,80
1954,318,3,116,7,646,0,70
1955,318,3,117,9,655,0,90
1956,318,3,118,5,660,0,50
1957,318,3,119,6,666,0,60
1958,318,3,120,7,673,0,70
1959,318,3,121,2,675,0,20
1960,318,3,122,3,678,583,30
1961,318,3,123,4,682,0,40
1962,318,3,124,5,687,0,50
1963,318,3,125,2,689,0,20
1964,318,3,126,2,691,0,20
1965,318,3,127,4,695,0,40
1966,318,3,128,7,702,0,70
1967,318,3,129,2,704,0,20
1968,318,3,130,4,708,0,40
1969,318,3,131,5,713,0,50
1970,318,3,132,8,721,384,80
1971,318,3,133,4,725,46,40
1972,318,3,134,7,732,0,70
1973,318,3,135,2,734,0,20
1974,318,3,136,8,742,0,80
1975,318,3,137,2,744,0,20
1976,318,3,138,6,750,0,60
1977,318,3,139,9,759,0,90
1978,318,3,140,8,767,0,80
1979,318,3,141,5,772,457,50
1980,318,3,142,6,778,0,60
1981,318,3,143,5,783,0,50
1982,318,3,144,8,791,0,80
1983,318,3,145,8,799,0,80
1984,318,3,146,6,805,0,60
1985,318,3,147,8,813,0,80
1986,318,3,148,8,821,0,80
1987,318,3,149,8,829,0,80
1988,318,3,150,2,831,0,20
1989,318,3,151,5,836,0,50
1990,318,3,152,7,843,0,70
1991,318,3,153,3,846,0,30
1992,318,3,154,3,849,0,30
1993,318,3,155,7,856,0,70
1994,318,3,156,8,864,0,80
1995,318,3,157,3,867,991,30
1996,318,3,158,6,873,0,60
1997,318,3,159,4,877,0,40
1998,318,3,160,3,880,0,30
1999,318,3,161,3,883,0,30
2000,318,3,162,3,886,0,30
2001,318,3,163,5,891,0,50
2002,318,3,164,4,895,0,40
2003,318,3,165,7,902,0,70
2004,318,3,166,6,908,428,60
2005,318,3,167,7,915,0,70
2006,318,3,168,7,922,0,70
2007,318,3,169,2,924,0,20
2008,318,3,170,9,933,0,90
2009,318,3,171,9,942,0,90
2010,318,3,172,7,949,0,70
2011,318,3,173,7,956,0,70
2012,318,3,174,2,958,0,20
2013,318,3,175,7,965,0,70
2014,318,3,176,6,971,0,60
2015,318,3,177,6,977,0,60
2016,318,3,178,9,986,0,90
2017,318,3,179,9,995,0,90
2018,318,3,180,9,1004,0,90
2019,318,3,181,9,1013,0,90
2020,318,3,182,5,1018,0,50
2021,318,3,183,5,1023,1140,50
2022,318,3,184,5,1028,0,50
2023,318,3,185,5,1033,0,50
2024,318,3,186,6,1039,0,60
2025,318,3,187,4,1043,0,40
2026,318,3,188,5,1048,223,50
2027,318,3,189,3,1051,0,30
2028,318,3,190,5,1056,0,50
2029,318,3,191,5,1061,0,50
2030,318,3,192,4,1065,169,40
2031,318,3,193,9,1074,0,90
2032,318,3,194,8,1082,176,80
2033,318,3,195,9,1091,104,90
2034,318,3,196,6,1097,0,60
2035,318,3,197,3,1100,0,30
2036,318,3,198,9,1109,0,90
2037,318,3,199,6,1115,0,60
2038,318,3,200,7,1122,322,70
2039,318,3,201,9,1131,0,90
2040,318,3,202,6,1137,0,60
2041,318,3,203,2,1139,0,20
2042,318,3,204,5,1144,0,50
2043,318,3,205,6,1150,286,60
2044,318,3,206,4,1154,0,40
2045,318,3,207,2,1156,0,20
2046,318,3,208,7,1163,0,70
2047,318,3,209,5,1168,0,50
2048,318,3,210,9,1177,0,90
2049,318,3,211,2,1179,278,20
2050,318,3,212,3,1182,0,30
2051,318,3,213,7,1189,0,70
2052,318,3,214,4,1193,0,40
2053,318,3,215,3,1196,149,30
2054,318,3,216,9,1205,0,90
2055,318,3,217,9,1214,0,90
2056,318,3,218,8,1222,0,80
2057,318,3,219,8,1230,313,80
2058,318,3,220,2,1232,0,20
2059,318,3,221,7,1239,0,70
2060,318,3,222,9,1248,0,90
2061,318,3,223,7,1255,244,70
2062,318,3,224,9,1264,0,90
2063,318,3,225,7,1271,141,70
2064,318,3,226,6,1277,0,60
2065,318,3,227,7,1284,0,70
2066,318,3,228,2,1286,0,20
2067,318,3,229,9,1295,0,90
2068,318,3,230,8,1303,0,80
2069,318,3,231,6,1309,0,60
2070,318,3,232,4,1313,418,40
2071,318,3,233,8,1321,0,80
2072,318,3,234,3,1324,0,30
2073,318,3,235,4,1328,0,40
2074,318,3,236,6,1334,207,60
2075,318,3,237,5,1339,47,50
2076,318,3,238,6,1345,0,60
2077,318,3,239,2,1347,0,20
2078,318,3,240,5,1352,0,50
2079,318,3,241,8,1360,0,80
2080,318,3,242,8,1368,0,80
2081,318,3,243,4,1372,0,40
2082,318,3,244,3,1375,0,30
2083,318,3,245,8,1383,0,80
2084,318,3,246,4,1387,0,40
2085,318,3,247,6,1393,0,60
2086,318,3,248,4,1397,0,40
2087,318,3,249,8,1405,0,80
2088,318,3,250,5,1410,0,50
2089,318,3,251,8,1418,0,80
2090,318,3,252,6,1424,0,60
2091,318,3,253,5,1429,0,50
2092,318,3,254,4,1433,978,40
2093,318,3,255,6,1439,0,60
2094,318,3,256,3,1442,0,30
2095,318,3,257,9,1451,0,90
2096,318,3,258,4,1455,0,40
2097,318,3,259,3,1458,0,30
2098,318,3,260,8,1466,0,80
2099,318,3,261,8,1474,399,80
2100,318,3,262,7,1481,0,70
2101,318,3,263,5,1486,0,50
2102,318,3,264,9,1495,0,90
2103,318,3,265,4,1499,250,40
2104,318,3,266,8,1507,0,80
2105,318,3,267,7,1514,0,70
2106,318,3,268,5,1519,0,50
2107,318,3,269,7,1526,254,70
2108,318,3,270,4,1530,0,40
2109,318,3,271,4,1534,0,40
2110,318,3,272,4,1538,0,40
2111,318,3,273,7,1545,0,70
2112,318,3,274,6,1551,0,60
2113,318,3,275,9,1560,0,90
2114,318,3,276,8,1568,0,80
2115,318,3,277,9,1577,0,90
2116,318,3,278,6,1583,0,60
2117,318,3,279,4,1587,0,40
2118,318,3,280,2,1589,0,20
2119,318,3,281,4,1593,0,40
2120,318,3,282,5,1598,0,50
2121,318,3,283,6,1604,0,60
2122,318,3,284,8,1612,865,80
2123,318,3,285,5,1617,0,50
2124,318,3,286,8,1625,115,80
2125,318,3,287,9,1634,0,90
2126,318,3,288,4,1638,0,40
2127,318,3,289,6,1644,0,60
2128,318,3,290,4,1648,0,40
2129,318,3,291,8,1656,0,80
2130,318,3,292,3,1659,0,30
2131,318,3,293,2,1661,0,20
2132,318,3,294,6,1667,0,60
2133,318,3,295,3,1670,0,30
2134,318,3,296,2,1672,0,20
2135,318,3,297,8,1680,536,80
2136,318,3,298,8,1688,0,80
2137,318,3,299,4,1692,0,40
2138,318,3,300,2,1694,0,20
2139,318,3,301,4,1698,189,40
2140,318,3,302,9,1707,0,90
2141,318,3,303,3,1710,0,30
2142,318,3,304,4,1714,0,40
2143,318,3,305,2,1716,182,20
2144,318,3,306,3,1719,0,30
2145,318,3,307,6,1725,0,60
2146,318,3,308,6,1731,0,60
2147,318,3,309,7,1738,0,70
2148,318,3,310,7,1745,304,70
2149,318,3,311,5,1750,0,50
2150,318,3,312,6,1756,0,60
2151,318,3,313,9,1765,0,90
2152,318,3,314,5,1770,252,50
2153,318,3,315,4,1774,0,40
2154,318,3,316,4,1778,0,40
2155,318,3,317,9,1787,0,90
2156,318,3,318,2,1789,0,20
2157,318,3,319,5,1794,0,50
2158,318,3,320,6,1800,0,60
2159,318,3,321,8,1808,0,80
2160,318,3,322,6,1814,481,60
2161,318,3,323,2,1816,21,20
2162,318,3,324,5,1821,54,50
2163,318,3,325,5,1826,0,50
2164,318,3,326,2,1828,0,20
2165,318,3,327,8,1836,0,80
2166,318,3,328,8,1844,0,80
2167,318,3,329,8,1852,0,80
2168,318,3,330,5,1857,0,50
2169,318,3,331,2,1859,0,20
2170,318,3,332,9,1868,0,90
2171,318,3,333,9,1877,0,90
2172,318,3,334,3,1880,0,30
2173,318,3,335,9,1889,0,90
2174,318,3,336,7,1896,0,70
2175,318,3,337,4,1900,0,40
2176,318,3,338,7,1907,0,70
2177,318,3,339,4,1911,0,40
2178,318,3,340,3,1914,0,30
2179,318,3,341,3,1917,0,30
2180,318,3,342,8,1925,0,80
2181,318,3,343,3,1928,0,30
2182,318,3,344,2,1930,0,20
2183,318,3,345,9,1939,0,90
2184,318,3,346,2,1941,0,20
2185,318,3,347,2,1943,0,20
2186,318,3,348,7,1950,1249,70
2187,318,3,349,9,1959,0,90
2188,318,3,350,3,1962,0,30
2189,318,3,351,6,1968,197,60
2190,318,3,352,3,1971,0,30
2191,318,3,353,5,1976,0,50
2192,318,3,354,2,1978,0,20
2193,318,3,355,9,1987,0,90
2194,318,3,356,4,1991,0,40
2195,318,3,357,8,1999,0,80
2196,318,3,358,5,2004,0,50
2197,318,3,359,7,2011,425,70
2198,318,3,360,3,2014,32,30
2199,318,3,361,7,2021,0,70
2200,318,3,362,6,2027,0,60
2201,318,3,363,6,2033,189,60
2202,318,3,364,7,2040,0,70
2203,318,3,365,2,2042,88,20
2204,318,3,366,7,2049,0,70
2205,318,3,367,6,2055,0,60
2206,318,3,368,6,2061,0,60
2207,318,3,369,7,2068,0,70
2208,318,3,370,2,2070,0,20
2209,318,3,371,3,2073,0,30
2210,318,3,372,8,2081,0,80
2211,318,3,373,6,2087,0,60
2212,318,3,374,7,2094,0,70
2213,318,3,375,5,2099,0,50
2214,318,3,376,7,2106,0,70
2215,318,3,377,4,2110,0,40
2216,318,3,378,2,2112,0,20
2217,318,3,379,6,2118,0,60
2218,318,3,380,5,2123,0,50
2219,318,3,381,6,2129,893,60
2220,318,3,382,6,2135,61,60
2221,318,3,383,7,2142,64,70
2222,318,3,384,2,2144,0,20
2223,318,3,385,5,2149,0,50
2224,318,3,386,8,2157,0,80
2225,318,3,387,7,2164,0,70
2226,318,3,388,6,2170,0,60
2227,318,3,389,4,2174,0,40
2228,318,3,390,7,2181,0,70
2229,318,3,391,7,2188,0,70
2230,318,3,392,3,2191,0,30
2231,318,3,393,2,2193,0,20
2232,318,3,394,5,2198,593,50
2233,318,3,395,6,2204,0,60
2234,318,3,396,6,2210,0,60
2235,318,3,397,4,2214,0,40
2236,318,3,398,8,2222,0,80
2237,318,3,399,5,2227,0,50
2238,318,3,400,5,2232,0,50
2239,318,3,401,4,2236,0,40
2240,318,3,402,9,2245,0,90
2241,318,3,403,7,2252,0,70
2242,318,3,404,5,2257,572,50
2243,318,3,405,2,2259,0,20
2244,318,3,406,4,2263,0,40
2245,318,3,407,7,2270,0,70
2246,318,3,408,6,2276,0,60
2247,318,3,409,2,2278,0,20
2248,318,3,410,8,2286,0,80
2249,318,3,411,8,2294,0,80
2250,318,3,412,5,2299,0,50
2251,318,3,413,7,2306,0,70
2252,318,3,414,6,2312,0,60
2253,318,3,415,2,2314,0,20
2254,318,3,416,7,2321,0,70
2255,318,3,417,5,2326,0,50
2256,318,3,418,3,2329,0,30
2257,318,3,419,8,2337,0,80
2258,318,3,420,6,2343,889,60
2259,318,3,421,4,2347,0,40
2260,318,3,422,2,2349,51,20
2261,318,3,423,5,2354,0,50
2262,318,3,424,7,2361,135,70
2263,318,3,425,5,2366,53,50
2264,318,3,426,7,2373,0,70
2265,318,3,427,9,2382,166,90
2266,318,3,428,9,2391,0,90
2267,318,3,429,7,2398,0,70
2268,318,3,430,8,2406,0,80
2269,318,3,431,5,2411,0,50
2270,318,3,432,5,2416,332,50
2271,318,3,433,5,2421,0,50
2272,318,3,434,5,2426,0,50
2273,318,3,435,4,2430,131,40
2274,318,3,436,5,2435,53,50
2275,318,3,437,8,2443,78,80
2276,318,3,438,5,2448,46,50
2277,318,3,439,4,2452,0,40
2278,318,3,440,8,2460,0,80
2279,318,3,441,5,2465,0,50
2280,318,3,442,6,2471,0,60
2281,318,3,443,6,2477,0,60
2282,318,3,444,6,2483,0,60
2283,318,3,445,7,2490,0,70
2284,318,3,446,9,2499,530,90
2285,318,3,447,6,2505,0,60
2286,318,3,448,5,2510,0,50
2287,318,3,449,8,2518,0,80
2288,318,3,450,9,2527,0,90
2289,318,3,451,7,2534,0,70
2290,318,3,452,9,2543,0,90
2291,318,3,453,8,2551,0,80
2292,318,3,454,8,2559,0,80
2293,318,3,455,8,2567,672,80
2294,318,3,456,2,2569,0,20
2295,318,3,457,5,2574,0,50
2296,318,3,458,8,2582,0,80
2297,318,3,459,2,2584,0,20
2298,318,3,460,5,2589,226,50
2299,318,3,461,5,2594,0,50
2300,318,3,462,4,2598,0,40
2301,318,3,463,6,2604,0,60
2302,318,3,464,3,2607,0,30
2303,318,3,465,8,2615,0,80
2304,318,3,466,2,2617,0,20
2305,318,3,467,7,2624,0,70
2306,318,3,468,2,2626,0,20
2307,318,3,469,5,2631,410,50
2308,318,3,470,5,2636,56,50
2309,318,3,471,6,2642,0,60
2310,318,3,472,9,2651,146,90
2311,318,3,473,2,2653,0,20
2312,318,3,474,2,2655,0,20
2313,318,3,475,9,2664,0,90
2314,318,3,476,7,2671,0,70
2315,318,3,477,4,2675,237,40
2316,318,3,478,6,2681,0,60
2317,318,3,479,2,2683,0,20
2318,318,3,480,6,2689,0,60
2319,318,3,481,9,2698,0,90
2320,318,3,482,8,2706,0,80
2321,318,3,483,7,2713,0,70
2322,318,3,484,2,2715,0,20
2323,318,3,485,5,2720,0,50
2324,318,3,486,9,2729,0,90
2325,318,3,487,2,2731,0,20
2326,318,3,488,8,2739,0,80
2327,318,3,489,8,2747,0,80
2328,318,3,490,6,2753,768,60
2329,318,3,491,7,2760,0,70
2330,318,3,492,8,2768,0,80
2331,318,3,493,6,2774,0,60
2332,318,3,494,7,2781,0,70
2333,318,3,495,8,2789,0,80
2334,318,3,496,9,2798,0,90
2335,318,3,497,7,2805,0,70
2336,318,3,498,9,2814,0,90
2337,318,3,499,9,2823,0,90
2338,318,3,500,6,2829,0,60
2339,318,3,501,6,2835,0,60
2340,318,3,502,7,2842,0,70
2341,318,3,503,3,2845,889,30
2342,318,3,504,5,2850,0,50
2343,318,3,505,4,2854,0,40
2344,318,3,506,9,2863,0,90
2345,318,3,507,3,2866,0,30
2346,318,3,508,7,2873,276,70
2347,318,3,509,3,2876,0,30
2348,318,3,510,3,2879,0,30
2349,318,3,511,3,2882,91,30
2350,318,3,512,4,2886,0,40
2351,318,3,513,8,2894,0,80
2352,318,3,514,4,2898,0,40
2353,318,3,515,6,2904,0,60
2354,318,3,516,6,2910,0,60
2355,318,3,517,2,2912,303,20
2356,318,3,518,9,2921,0,90
2357,318,3,519,5,2926,134,50
2358,318,3,520,7,2933,0,70
2359,318,3,521,6,2939,0,60
2360,318,3,522,9,2948,226,90
2361,318,3,523,3,2951,0,30
2362,318,3,524,2,2953,0,20
2363,318,3,525,2,2955,0,20
2364,318,3,526,3,2958,107,30
2365,318,3,527,6,2964,0,60
2366,318,3,528,6,2970,124,60
2367,318,3,529,7,2977,0,70
2368,318,3,530,6,2983,0,60
2369,318,3,531,6,2989,0,60
2370,318,3,532,7,2996,268,70
2371,318,3,533,7,3003,0,70
2372,318,3,534,4,3007,0,40
2373,318,3,535,4,3011,0,40
2374,318,3,536,8,3019,0,80
2375,318,3,537,4,3023,0,40
2376,318,3,538,6,3029,0,60
2377,318,3,539,8,3037,0,80
2378,318,3,540,2,3039,0,20
2379,318,3,541,7,3046,0,70
2380,318,3,542,8,3054,0,80
2381,318,3,543,2,3056,0,20
2382,318,3,544,8,3064,0,80
2383,318,3,545,4,3068,0,40
2384,318,3,546,5,3073,730,50
2385,318,3,547,3,3076,0,30
2386,318,3,548,3,3079,0,30
2387,318,3,549,4,3083,0,40
2388,318,3,550,8,3091,0,80
2389,318,3,551,6,3097,0,60
2390,318,3,552,2,3099,0,20
2391,318,3,553,5,3104,315,50
2392,318,3,554,6,3110,0,60
2393,318,3,555,8,3118,0,80
2394,318,3,556,9,3127,0,90
2395,318,3,557,2,3129,0,20
2396,318,3,558,9,3138,0,90
2397,318,3,559,5,3143,0,50
2398,318,3,560,3,3146,0,30
2399,318,3,561,2,3148,0,20
2400,318,3,562,6,3154,0,60
2401,318,3,563,8,3162,0,80
2402,318,3,564,5,3167,0,50
2403,318,3,565,5,3172,0,50
2404,318,3,566,5,3177,0,50
2405,318,3,567,9,3186,0,90
2406,318,3,568,9,3195,0,90
2407,318,3,569,3,3198,0,30
2408,318,3,570,8,3206,0,80
2409,318,3,571,8,3214,0,80
2410,318,3,572,2,3216,1111,20
2411,318,3,573,9,3225,0,90
2412,318,3,574,2,3227,0,20
2413,318,3,575,6,3233,0,60
2414,318,3,576,3,3236,0,30
2415,318,3,577,6,3242,0,60
2416,318,3,578,8,3250,0,80
2417,318,3,579,4,3254,0,40
2418,318,3,580,3,3257,0,30
2419,318,3,581,8,3265,0,80
2420,318,3,582,2,3267,0,20
2421,318,3,583,8,3275,0,80
2422,318,3,584,7,3282,0,70
2423,318,3,585,8,3290,0,80
2424,318,3,586,7,3297,0,70
2425,318,3,587,2,3299,0,20
2426,318,3,588,5,3304,0,50
2427,318,3,589,9,3313,1009,90
2428,318,3,590,9,3322,0,90
2429,318,3,591,8,3330,170,80
2430,318,3,592,5,3335,0,50
2431,318,3,593,4,3339,0,40
2432,318,3,594,3,3342,0,30
2433,318,3,595,6,3348,0,60
2434,318,3,596,6,3354,0,60
2435,318,3,597,9,3363,0,90
2436,318,3,598,4,3367,0,40
2437,318,3,599,5,3372,0,50
2438,318,3,600,9,3381,0,90
2439,318,3,601,9,3390,0,90
2440,318,3,602,2,3392,0,20
2441,318,3,603,7,3399,0,70
2442,318,3,604,7,3406,0,70
2443,318,3,605,7,3413,0,70
2444,318,3,606,6,3419,0,60
2445,318,3,607,9,3428,0,90
2446,318,3,608,4,3432,0,40
2447,318,3,609,8,3440,0,80
2448,318,3,610,7,3447,0,70
2449,318,3,611,5,3452,0,50
2450,318,3,612,4,3456,0,40
2451,318,3,613,8,3464,0,80
2452,318,3,614,2,3466,0,20
2453,318,3,615,5,3471,0,50
2454,318,3,616,9,3480,0,90
2455,318,3,617,7,3487,0,70
2456,318,3,618,2,3489,0,20
2457,318,3,619,2,3491,1583,20
2458,318,3,620,2,3493,0,20
2459,318,3,621,3,3496,0,30
2460,318,3,622,7,3503,0,70
2461,318,3,623,4,3507,0,40
2462,318,3,624,7,3514,0,70
2463,318,3,625,4,3518,0,40
2464,318,3,626,2,3520,0,20
2465,318,3,627,2,3522,0,20
2466,318,3,628,5,3527,0,50
2467,318,3,629,2,3529,0,20
2468,318,3,630,3,3532,416,30
2469,318,3,631,9,3541,83,90
2470,318,3,632,8,3549,0,80
2471,318,3,633,7,3556,142,70
2472,318,3,634,2,3558,0,20
2473,318,3,635,2,3560,0,20
2474,318,3,636,8,3568,0,80
2475,318,3,637,7,3575,0,70
2476,318,3,638,6,3581,0,60
2477,318,3,639,6,3587,0,60
2478,318,3,640,5,3592,0,50
2479,318,3,641,5,3597,0,50
2480,318,3,642,6,3603,0,60
2481,318,3,643,5,3608,0,50
2482,318,3,644,2,3610,548,20
2483,318,3,645,7,3617,0,70
2484,318,3,646,9,3626,0,90
2485,318,3,647,8,3634,0,80
2486,318,3,648,4,3638,0,40
2487,318,3,649,7,3645,0,70
2488,318,3,650,9,3654,0,90
2489,318,3,651,6,3660,0,60
2490,318,3,652,2,3662,0,20
2491,318,3,653,7,3669,0,70
2492,318,3,654,4,3673,0,40
2493,318,3,655,6,3679,706,60
2494,318,3,656,5,3684,0,50
2495,318,3,657,6,3690,0,60
2496,318,3,658,4,3694,0,40
2497,318,3,659,4,3698,213,40
2498,318,3,660,5,3703,0,50
2499,318,3,661,3,3706,0,30
2500,318,3,662,6,3712,157,60
2501,318,3,663,6,3718,0,60
2502,318,3,664,9,3727,0,90
2503,318,3,665,3,3730,0,30
2504,318,3,666,5,3735,0,50
2505,318,3,667,2,3737,0,20
2506,318,3,668,2,3739,270,20
2507,318,3,669,2,3741,0,20
2508,318,3,670,7,3748,0,70
2509,318,3,671,2,3750,0,20
2510,318,3,672,8,3758,0,80
2511,318,3,673,5,3763,228,50
2512,318,3,674,8,3771,0,80
2513,318,3,675,7,3778,0,70
2514,318,3,676,3,3781,0,30
2515,318,3,677,7,3788,0,70
2516,318,3,678,3,3791,0,30
2517,318,3,679,9,3800,0,90
2518,318,3,680,6,3806,0,60
2519,318,3,681,6,3812,0,60
2520,318,3,682,8,3820,0,80
2521,318,3,683,8,3828,0,80
2522,318,3,684,8,3836,0,80
2523,318,3,685,7,3843,0,70
2524,318,3,686,4,3847,0,40
2525,318,3,687,9,3856,0,90
2526,318,3,688,7,3863,995,70
2527,318,3,689,4,3867,0,40
2528,318,3,690,3,3870,67,30
2529,318,3,691,5,3875,0,50
2530,318,3,692,8,3883,0,80
2531,318,3,693,7,3890,0,70
2532,318,3,694,5,3895,0,50
2533,318,3,695,2,3897,258,20
2534,318,3,696,7,3904,0,70
2535,318,3,697,7,3911,0,70
2536,318,3,698,6,3917,0,60
2537,318,3,699,9,3926,307,90
2538,318,3,700,2,3928,0,20
2539,318,3,701,3,3931,0,30
2540,318,3,702,6,3937,0,60
2541,318,3,703,7,3944,0,70
2542,318,3,704,5,3949,0,50
2543,318,3,705,8,3957,0,80
2544,318,3,706,3,3960,0,30
2545,318,3,707,5,3965,0,50
2546,318,3,708,2,3967,0,20
2547,318,3,709,5,3972,0,50
2548,318,3,710,4,3976,0,40
2549,318,3,711,3,3979,0,30
2550,318,3,712,5,3984,0,50
2551,318,3,713,5,3989,0,50
2552,318,3,714,5,3994,0,50
2553,318,3,715,9,4003,0,90
2554,318,3,716,3,4006,812,30
2555,318,3,717,8,4014,0,80
2556,318,3,718,7,4021,0,70
2557,318,3,719,6,4027,0,60
2558,318,3,720,5,4032,0,50
2559,318,3,721,8,4040,0,80
2560,318,3,722,2,4042,0,20
2561,318,3,723,3,4045,0,30
2562,318,3,724,4,4049,0,40
2563,318,3,725,2,4051,0,20
2564,318,3,726,4,4055,0,40
2565,318,3,727,6,4061,586,60
2566,318,3,728,2,4063,12,20
2567,318,3,729,5,4068,0,50
2568,318,3,730,2,4070,0,20
2569,318,3,731,6,4076,0,60
2570,318,3,732,3,4079,0,30
2571,318,3,733,8,4087,254,80
2572,318,3,734,5,4092,0,50
2573,318,3,735,4,4096,0,40
2574,318,3,736,3,4099,0,30
2575,318,3,737,3,4102,0,30
2576,318,3,738,5,4107,222,50
2577,318,3,739,5,4112,0,50
2578,318,3,740,3,4115,0,30
2579,318,3,741,8,4123,0,80
2580,318,3,742,4,4127,0,40
2581,318,3,743,7,4134,0,70
2582,318,3,744,7,4141,339,70
2583,318,3,745,6,4147,0,60
2584,318,3,746,3,4150,0,30
2585,318,3,747,6,4156,147,60
2586,318,3,748,2,4158,0,20
2587,318,3,749,9,4167,0,90
2588,318,3,750,7,4174,0,70
2589,318,3,751,9,4183,0,90
2590,318,3,752,5,4188,0,50
2591,318,3,753,6,4194,0,60
2592,318,3,754,9,4203,0,90
2593,318,3,755,3,4206,0,30
2594,318,3,756,6,4212,0,60
2595,318,3,757,7,4219,0,70
2596,318,3,758,2,4221,0,20
2597,318,3,759,5,4226,699,50
2598,318,3,760,3,4229,0,30
2599,318,3,761,3,4232,0,30
2600,318,3,762,9,4241,0,90
2601,318,3,763,6,4247,211,60
2602,318,3,764,3,4250,0,30
2603,318,3,765,9,4259,0,90
2604,318,3,766,8,4267,0,80
2605,318,3,767,9,4276,0,90
2606,318,3,768,3,4279,0,30
2607,318,3,769,8,4287,411,80
2608,318,3,770,9,4296,0,90
2609,318,3,771,8,4304,0,80
2610,318,3,772,9,4313,0,90
2611,318,3,773,2,4315,264,20
2612,318,3,774,5,4320,0,50
2613,318,3,775,8,4328,0,80
2614,318,3,776,7,4335,0,70
2615,318,3,777,3,4338,0,30
2616,318,3,778,8,4346,0,80
2617,318,3,779,5,4351,0,50
2618,318,3,780,3,4354,0,30
2619,318,3,781,9,4363,0,90
2620,318,3,782,8,4371,0,80
2621,318,3,783,6,4377,0,60
2622,318,3,784,2,4379,0,20
2623,318,3,785,9,4388,0,90
2624,318,3,786,2,4390,0,20
2625,318,3,787,6,4396,0,60
2626,318,3,788,7,4403,0,70
2627,318,3,789,9,4412,0,90
2628,318,3,790,9,4421,0,90
2629,318,3,791,4,4425,0,40
2630,318,3,792,7,4432,1171,70
2631,318,3,793,7,4439,0,70
2632,318,3,794,7,4446,0,70
2633,318,3,795,2,4448,0,20
2634,318,3,796,4,4452,0,40
2635,318,3,797,8,4460,0,80
2636,318,3,798,8,4468,0,80
2637,318,3,799,6,4474,0,60
2638,318,3,800,7,4481,0,70
2639,318,3,801,8,4489,0,80
2640,318,3,802,3,4492,573,30
2641,318,3,803,7,4499,0,70
2642,318,3,804,8,4507,0,80
2643,318,3,805,9,4516,0,90
2644,318,3,806,6,4522,0,60
2645,318,3,807,3,4525,0,30
2646,318,3,808,8,4533,0,80
2647,318,3,809,8,4541,503,80
2648,318,3,810,2,4543,0,20
2649,318,3,811,9,4552,0,90
2650,318,3,812,9,4561,0,90
2651,318,3,813,3,4564,0,30
2652,318,3,814,7,4571,0,70
2653,318,3,815,3,4574,0,30
2654,318,3,816,5,4579,0,50
2655,318,3,817,4,4583,0,40
2656,318,3,818,3,4586,0,30
2657,318,3,819,8,4594,534,80
2658,318,3,820,8,4602,0,80
2659,318,3,821,4,4606,0,40
2660,318,3,822,2,4608,0,20
2661,318,3,823,9,4617,0,90
2662,318,3,824,4,4621,0,40
2663,318,3,825,3,4624,0,30
2664,318,3,826,8,4632,0,80
2665,318,3,827,9,4641,0,90
2666,318,3,828,7,4648,0,70
2667,318,3,829,5,4653,0,50
2668,318,3,830,3,4656,0,30
2669,318,3,831,8,4664,0,80
2670,318,3,832,3,4667,0,30
2671,318,3,833,2,4669,0,20
2672,318,3,834,3,4672,761,30
2673,318,3,835,7,4679,84,70
2674,318,3,836,3,4682,0,30
2675,318,3,837,6,4688,0,60
2676,318,3,838,5,4693,0,50
2677,318,3,839,2,4695,0,20
2678,318,3,840,5,4700,0,50
2679,318,3,841,6,4706,0,60
2680,318,3,842,4,4710,0,40
2681,318,3,843,5,4715,387,50
2682,318,3,844,4,4719,0,40
2683,318,3,845,5,4724,0,50
2684,318,3,846,6,4730,0,60
2685,318,3,847,9,4739,0,90
2686,318,3,848,8,4747,0,80
2687,318,3,849,6,4753,0,60
2688,318,3,850,2,4755,0,20
2689,318,3,851,9,4764,0,90
2690,318,3,852,5,4769,0,50
2691,318,3,853,6,4775,0,60
2692,318,3,854,3,4778,0,30
2693,318,3,855,6,4784,0,60
2694,318,3,856,9,4793,0,90
2695,318,3,857,3,4796,0,30
2696,318,3,858,9,4805,0,90
2697,318,3,859,4,4809,0,40
2698,318,3,860,7,4816,0,70
2699,318,3,861,6,4822,0,60
2700,318,3,862,6,4828,0,60
2701,318,3,863,8,4836,0,80
2702,318,3,864,8,4844,1334,80
2703,318,3,865,9,4853,0,90
2704,318,3,866,9,4862,215,90
2705,318,3,867,8,4870,0,80
2706,318,3,868,7,4877,0,70
2707,318,3,869,8,4885,0,80
2708,318,3,870,9,4894,0,90
2709,318,3,871,2,4896,0,20
2710,318,3,872,4,4900,0,40
2711,318,3,873,6,4906,0,60
2712,318,3,874,9,4915,0,90
2713,318,3,875,5,4920,0,50
2714,318,3,876,4,4924,0,40
2715,318,3,877,4,4928,0,40
2716,318,3,878,6,4934,0,60
2717,318,3,879,5,4939,0,50
2718,318,3,880,6,4945,0,60
2719,318,3,881,9,4954,0,90
2720,318,3,882,2,4956,914,20
2721,318,3,883,4,4960,0,40
2722,318,3,884,7,4967,0,70
2723,318,3,885,5,4972,153,50
2724,318,3,886,3,4975,0,30
2725,318,3,887,9,4984,0,90
2726,318,3,888,7,4991,0,70
2727,318,3,889,7,4998,253,70
