,Scenario,Trial,Inspection,Interval,Time,Defects,Rate
0,69,1,1,5,5,0,50
1,69,1,2,8,13,133,80
2,69,1,3,4,17,43,40
3,69,1,4,9,26,83,90
4,69,1,5,2,28,0,20
5,69,1,6,6,34,87,60
6,69,1,7,3,37,32,30
7,69,1,8,7,44,68,70
8,69,1,9,8,52,79,80
9,69,1,10,8,60,68,80
10,69,1,11,7,67,66,70
11,69,1,12,5,72,53,50
12,69,1,13,5,77,53,50
13,69,1,14,6,83,0,60
14,69,1,15,7,90,117,70
15,69,1,16,5,95,57,50
16,69,1,17,6,101,51,60
17,69,1,18,6,107,0,60
18,69,1,19,7,114,129,70
19,69,1,20,9,123,81,90
20,69,1,21,4,127,51,40
21,69,1,22,6,133,0,60
22,69,1,23,8,141,115,80
23,69,1,24,5,146,54,50
24,69,1,25,5,151,36,50
25,69,1,26,7,158,66,70
26,69,1,27,7,165,70,70
27,69,1,28,7,172,62,70
28,69,1,29,9,181,95,90
29,69,1,30,2,183,14,20
30,69,1,31,9,192,84,90
31,69,1,32,8,200,88,80
32,69,1,33,4,204,0,40
33,69,1,34,5,209,92,50
34,69,1,35,5,214,52,50
35,69,1,36,3,217,32,30
36,69,1,37,8,225,0,80
37,69,1,38,3,228,129,30
38,69,1,39,9,237,94,90
39,69,1,40,9,246,0,90
40,69,1,41,9,255,178,90
41,69,1,42,6,261,63,60
42,69,1,43,7,268,72,70
43,69,1,44,7,275,64,70
44,69,1,45,9,284,0,90
45,69,1,46,4,288,136,40
46,69,1,47,3,291,29,30
47,69,1,48,9,300,86,90
48,69,1,49,5,305,60,50
49,69,1,50,9,314,98,90
50,69,1,51,4,318,43,40
51,69,1,52,3,321,0,30
52,69,1,53,9,330,0,90
53,69,1,54,5,335,0,50
54,69,1,55,7,342,0,70
55,69,1,56,7,349,299,70
56,69,1,57,6,355,62,60
57,69,1,58,6,361,58,60
58,69,1,59,2,363,0,20
59,69,1,60,5,368,62,50
60,69,1,61,5,373,55,50
61,69,1,62,8,381,73,80
62,69,1,63,7,388,65,70
63,69,1,64,7,395,80,70
64,69,1,65,2,397,19,20
65,69,1,66,7,404,62,70
66,69,1,67,5,409,42,50
67,69,1,68,2,411,16,20
68,69,1,69,7,418,0,70
69,69,1,70,8,426,149,80
70,69,1,71,7,433,74,70
71,69,1,72,4,437,28,40
72,69,1,73,3,440,31,30
73,69,1,74,5,445,47,50
74,69,1,75,5,450,0,50
75,69,1,76,2,452,62,20
76,69,1,77,7,459,77,70
77,69,1,78,4,463,38,40
78,69,1,79,6,469,54,60
79,69,1,80,3,472,39,30
80,69,1,81,5,477,40,50
81,69,1,82,8,485,0,80
82,69,1,83,3,488,106,30
83,69,1,84,4,492,42,40
84,69,1,85,4,496,45,40
85,69,1,86,3,499,22,30
86,69,1,87,6,505,71,60
87,69,1,88,5,510,0,50
88,69,1,89,2,512,73,20
89,69,1,90,8,520,0,80
90,69,1,91,2,522,110,20
91,69,1,92,9,531,0,90
92,69,1,93,4,535,144,40
93,69,1,94,9,544,70,90
94,69,1,95,2,546,18,20
95,69,1,96,2,548,0,20
96,69,1,97,3,551,58,30
97,69,1,98,9,560,0,90
98,69,1,99,3,563,128,30
99,69,1,100,4,567,44,40
100,69,1,101,2,569,20,20
101,69,1,102,6,575,55,60
102,69,1,103,9,584,104,90
103,69,1,104,6,590,68,60
104,69,1,105,4,594,37,40
105,69,1,106,6,600,0,60
106,69,1,107,2,602,75,20
107,69,1,108,9,611,91,90
108,69,1,109,7,618,75,70
109,69,1,110,2,620,25,20
110,69,1,111,3,623,32,30
111,69,1,112,6,629,55,60
112,69,1,113,3,632,0,30
113,69,1,114,4,636,70,40
114,69,1,115,4,640,35,40
115,69,1,116,3,643,19,30
116,69,1,117,6,649,54,60
117,69,1,118,9,658,87,90
118,69,1,119,9,667,99,90
119,69,1,120,4,671,34,40
120,69,1,121,3,674,23,30
121,69,1,122,9,683,108,90
122,69,1,123,2,685,15,20
123,69,1,124,4,689,46,40
124,69,1,125,6,695,62,60
125,69,1,126,8,703,0,80
126,69,1,127,2,705,88,20
127,69,1,128,2,707,33,20
128,69,1,129,6,713,47,60
129,69,1,130,4,717,37,40
130,69,1,131,5,722,47,50
131,69,1,132,7,729,55,70
132,69,1,133,8,737,62,80
133,69,1,134,2,739,0,20
134,69,1,135,8,747,97,80
135,69,1,136,7,754,70,70
136,69,1,137,7,761,62,70
137,69,1,138,9,770,105,90
138,69,1,139,8,778,74,80
139,69,1,140,8,786,84,80
140,69,1,141,3,789,0,30
141,69,1,142,4,793,72,40
142,69,1,143,7,800,0,70
143,69,1,144,4,804,0,40
144,69,1,145,7,811,168,70
145,69,1,146,3,814,0,30
146,69,1,147,8,822,0,80
147,69,1,148,8,830,206,80
148,69,1,149,9,839,91,90
149,69,1,150,9,848,99,90
150,69,1,151,6,854,62,60
151,69,1,152,7,861,51,70
152,69,1,153,8,869,79,80
153,69,1,154,5,874,50,50
154,69,1,155,7,881,72,70
155,69,1,156,8,889,69,80
156,69,1,157,4,893,42,40
157,69,1,158,6,899,55,60
158,69,1,159,2,901,21,20
159,69,1,160,6,907,57,60
160,69,1,161,5,912,0,50
161,69,1,162,6,918,0,60
162,69,1,163,4,922,0,40
163,69,1,164,7,929,217,70
164,69,1,165,5,934,46,50
165,69,1,166,4,938,37,40
166,69,1,167,6,944,67,60
167,69,1,168,2,946,24,20
168,69,1,169,2,948,25,20
169,69,1,170,7,955,68,70
170,69,1,171,7,962,73,70
171,69,1,172,3,965,0,30
172,69,1,173,8,973,113,80
173,69,1,174,5,978,45,50
174,69,1,175,6,984,57,60
175,69,1,176,8,992,71,80
176,69,1,177,8,1000,70,80
177,69,1,178,8,1008,88,80
178,69,1,179,7,1015,66,70
179,69,1,180,5,1020,39,50
180,69,1,181,7,1027,80,70
181,69,1,182,7,1034,65,70
182,69,1,183,2,1036,0,20
183,69,1,184,9,1045,108,90
184,69,1,185,4,1049,0,40
185,69,1,186,6,1055,91,60
186,69,1,187,2,1057,0,20
187,69,1,188,3,1060,0,30
188,69,1,189,4,1064,97,40
189,69,1,190,5,1069,57,50
190,69,1,191,7,1076,68,70
191,69,1,192,9,1085,0,90
192,69,1,193,5,1090,148,50
193,69,1,194,8,1098,69,80
194,69,1,195,5,1103,56,50
195,69,1,196,8,1111,0,80
196,69,1,197,2,1113,105,20
197,69,1,198,3,1116,38,30
198,69,1,199,5,1121,48,50
199,69,1,200,9,1130,108,90
200,69,1,201,6,1136,54,60
201,69,1,202,8,1144,88,80
202,69,1,203,4,1148,45,40
203,69,1,204,8,1156,79,80
204,69,1,205,2,1158,0,20
205,69,1,206,9,1167,89,90
206,69,1,207,8,1175,95,80
207,69,1,208,8,1183,81,80
208,69,1,209,8,1191,87,80
209,69,1,210,5,1196,54,50
210,69,1,211,9,1205,87,90
211,69,1,212,6,1211,70,60
212,69,1,213,5,1216,45,50
213,69,1,214,4,1220,34,40
214,69,1,215,6,1226,61,60
215,69,1,216,9,1235,84,90
216,69,1,217,2,1237,14,20
217,69,1,218,2,1239,23,20
218,69,1,219,6,1245,0,60
219,69,1,220,3,1248,94,30
220,69,1,221,5,1253,43,50
221,69,1,222,8,1261,70,80
222,69,1,223,3,1264,0,30
223,69,1,224,8,1272,0,80
224,69,1,225,8,1280,185,80
225,69,1,226,5,1285,54,50
226,69,1,227,4,1289,34,40
227,69,1,228,4,1293,44,40
228,69,1,229,6,1299,62,60
229,69,1,230,3,1302,30,30
230,69,1,231,8,1310,95,80
231,69,1,232,2,1312,17,20
232,69,1,233,5,1317,58,50
233,69,1,234,2,1319,14,20
234,69,1,235,7,1326,71,70
235,69,1,236,2,1328,0,20
236,69,1,237,9,1337,0,90
237,69,1,238,3,1340,0,30
238,69,1,239,4,1344,185,40
239,69,1,240,5,1349,54,50
240,69,1,241,6,1355,57,60
241,69,1,242,4,1359,40,40
242,69,1,243,5,1364,54,50
243,69,1,244,2,1366,14,20
244,69,1,245,9,1375,89,90
245,69,1,246,4,1379,29,40
246,69,1,247,3,1382,22,30
247,69,1,248,9,1391,102,90
248,69,1,249,6,1397,0,60
249,69,1,250,4,1401,0,40
250,69,1,251,9,1410,173,90
251,69,1,252,4,1414,45,40
252,69,1,253,7,1421,0,70
253,69,1,254,8,1429,0,80
254,69,1,255,6,1435,0,60
255,69,1,256,9,1444,0,90
256,69,1,257,6,1450,383,60
257,69,1,258,9,1459,98,90
258,69,1,259,3,1462,29,30
259,69,1,260,7,1469,81,70
260,69,1,261,4,1473,43,40
261,69,1,262,5,1478,40,50
262,69,1,263,2,1480,20,20
263,69,1,264,2,1482,0,20
264,69,1,265,4,1486,0,40
265,69,1,266,8,1494,152,80
266,69,1,267,7,1501,76,70
267,69,1,268,4,1505,56,40
268,69,1,269,3,1508,30,30
269,69,1,270,3,1511,0,30
270,69,1,271,7,1518,101,70
271,69,1,272,8,1526,85,80
272,69,1,273,2,1528,24,20
273,69,1,274,2,1530,19,20
274,69,1,275,7,1537,85,70
275,69,1,276,2,1539,10,20
276,69,1,277,5,1544,49,50
277,69,1,278,2,1546,23,20
278,69,1,279,7,1553,64,70
279,69,1,280,4,1557,40,40
280,69,1,281,3,1560,27,30
281,69,1,282,3,1563,0,30
282,69,1,283,3,1566,0,30
283,69,1,284,3,1569,89,30
284,69,1,285,8,1577,80,80
285,69,1,286,3,1580,0,30
286,69,1,287,5,1585,84,50
287,69,1,288,3,1588,38,30
288,69,1,289,3,1591,33,30
289,69,1,290,6,1597,56,60
290,69,1,291,2,1599,13,20
291,69,1,292,5,1604,42,50
292,69,1,293,3,1607,22,30
293,69,1,294,9,1616,86,90
294,69,1,295,8,1624,62,80
295,69,1,296,3,1627,24,30
296,69,1,297,6,1633,64,60
297,69,1,298,6,1639,0,60
298,69,1,299,8,1647,150,80
299,69,1,300,3,1650,25,30
300,69,1,301,3,1653,31,30
301,69,1,302,6,1659,0,60
302,69,1,303,4,1663,96,40
303,69,1,304,8,1671,76,80
304,69,1,305,2,1673,12,20
305,69,1,306,3,1676,19,30
306,69,1,307,2,1678,17,20
307,69,1,308,4,1682,48,40
308,69,1,309,3,1685,26,30
309,69,1,310,5,1690,56,50
310,69,1,311,3,1693,30,30
311,69,1,312,5,1698,0,50
312,69,1,313,8,1706,0,80
313,69,1,314,7,1713,0,70
314,69,1,315,6,1719,267,60
315,69,1,316,3,1722,33,30
316,69,1,317,7,1729,58,70
317,69,1,318,4,1733,40,40
318,69,1,319,9,1742,77,90
319,69,1,320,4,1746,0,40
320,69,1,321,8,1754,105,80
321,69,1,322,6,1760,60,60
322,69,1,323,5,1765,55,50
323,69,1,324,8,1773,86,80
324,69,1,325,7,1780,73,70
325,69,1,326,3,1783,0,30
326,69,1,327,9,1792,120,90
327,69,1,328,4,1796,0,40
328,69,1,329,9,1805,136,90
329,69,1,330,6,1811,49,60
330,69,1,331,9,1820,85,90
331,69,1,332,2,1822,26,20
332,69,1,333,2,1824,17,20
333,69,1,334,4,1828,37,40
334,69,1,335,7,1835,59,70
335,69,1,336,4,1839,42,40
336,69,1,337,6,1845,63,60
337,69,1,338,9,1854,85,90
338,69,1,339,7,1861,70,70
339,69,1,340,3,1864,30,30
340,69,1,341,2,1866,20,20
341,69,1,342,2,1868,0,20
342,69,1,343,7,1875,80,70
343,69,1,344,7,1882,69,70
344,69,1,345,5,1887,48,50
345,69,1,346,4,1891,43,40
346,69,1,347,8,1899,72,80
347,69,1,348,5,1904,48,50
348,69,1,349,8,1912,80,80
349,69,1,350,5,1917,44,50
350,69,1,351,7,1924,0,70
351,69,1,352,9,1933,139,90
352,69,1,353,9,1942,107,90
353,69,1,354,5,1947,65,50
354,69,1,355,7,1954,75,70
355,69,1,356,3,1957,34,30
356,69,1,357,9,1966,0,90
357,69,1,358,2,1968,113,20
358,69,1,359,2,1970,24,20
359,69,1,360,7,1977,61,70
360,69,1,361,2,1979,12,20
361,69,1,362,7,1986,57,70
362,69,1,363,6,1992,58,60
363,69,1,364,4,1996,36,40
364,69,1,365,8,2004,82,80
365,69,1,366,2,2006,22,20
366,69,1,367,2,2008,21,20
367,69,1,368,5,2013,51,50
368,69,1,369,2,2015,0,20
369,69,1,370,5,2020,0,50
370,69,1,371,8,2028,142,80
371,69,1,372,8,2036,100,80
372,69,1,373,3,2039,30,30
373,69,1,374,2,2041,0,20
374,69,1,375,6,2047,93,60
375,69,1,376,3,2050,36,30
376,69,1,377,6,2056,47,60
377,69,1,378,5,2061,46,50
378,69,1,379,3,2064,41,30
379,69,1,380,5,2069,60,50
380,69,1,381,4,2073,28,40
381,69,1,382,9,2082,74,90
382,69,1,383,8,2090,65,80
383,69,1,384,4,2094,0,40
384,69,1,385,8,2102,127,80
385,69,1,386,3,2105,0,30
386,69,1,387,9,2114,109,90
387,69,1,388,7,2121,74,70
388,69,1,389,6,2127,0,60
389,69,1,390,4,2131,96,40
390,69,1,391,5,2136,49,50
391,69,1,392,7,2143,63,70
392,69,1,393,3,2146,25,30
393,69,1,394,2,2148,17,20
394,69,1,395,3,2151,27,30
395,69,1,396,2,2153,16,20
396,69,1,397,6,2159,63,60
397,69,1,398,5,2164,66,50
398,69,1,399,2,2166,19,20
399,69,1,400,3,2169,0,30
400,69,1,401,8,2177,114,80
401,69,1,402,5,2182,48,50
402,69,1,403,3,2185,31,30
403,69,1,404,6,2191,54,60
404,69,1,405,6,2197,58,60
405,69,1,406,6,2203,84,60
406,69,1,407,2,2205,14,20
407,69,1,408,5,2210,0,50
408,69,1,409,9,2219,134,90
409,69,1,410,5,2224,57,50
410,69,1,411,8,2232,76,80
411,69,1,412,8,2240,71,80
412,69,1,413,3,2243,39,30
413,69,1,414,7,2250,73,70
414,69,1,415,5,2255,33,50
415,69,1,416,5,2260,53,50
416,69,1,417,2,2262,24,20
417,69,1,418,8,2270,73,80
418,69,1,419,8,2278,0,80
419,69,1,420,2,2280,102,20
420,69,1,421,7,2287,72,70
421,69,1,422,3,2290,32,30
422,69,1,423,9,2299,83,90
423,69,1,424,9,2308,0,90
424,69,1,425,5,2313,155,50
425,69,1,426,9,2322,91,90
426,69,1,427,7,2329,61,70
427,69,1,428,5,2334,44,50
428,69,1,429,4,2338,0,40
429,69,1,430,6,2344,109,60
430,69,1,431,7,2351,74,70
431,69,1,432,5,2356,58,50
432,69,1,433,7,2363,52,70
433,69,1,434,4,2367,0,40
434,69,1,435,8,2375,115,80
435,69,1,436,8,2383,61,80
436,69,1,437,6,2389,51,60
437,69,1,438,6,2395,57,60
438,69,1,439,6,2401,0,60
439,69,1,440,7,2408,0,70
440,69,1,441,6,2414,173,60
441,69,1,442,2,2416,18,20
442,69,1,443,5,2421,57,50
443,69,1,444,8,2429,69,80
444,69,1,445,9,2438,98,90
445,69,1,446,2,2440,11,20
446,69,1,447,9,2449,101,90
447,69,1,448,2,2451,18,20
448,69,1,449,9,2460,103,90
449,69,1,450,9,2469,87,90
450,69,1,451,3,2472,39,30
451,69,1,452,4,2476,31,40
452,69,1,453,2,2478,25,20
453,69,1,454,2,2480,21,20
454,69,1,455,4,2484,0,40
455,69,1,456,3,2487,63,30
456,69,1,457,2,2489,25,20
457,69,1,458,7,2496,56,70
458,69,1,459,2,2498,20,20
459,69,1,460,6,2504,71,60
460,69,1,461,8,2512,72,80
461,69,1,462,4,2516,37,40
462,69,1,463,2,2518,22,20
463,69,1,464,2,2520,23,20
464,69,1,465,3,2523,37,30
465,69,1,466,7,2530,71,70
466,69,1,467,2,2532,0,20
467,69,1,468,5,2537,75,50
468,69,1,469,7,2544,71,70
469,69,1,470,6,2550,0,60
470,69,1,471,2,2552,80,20
471,69,1,472,4,2556,29,40
472,69,1,473,8,2564,96,80
473,69,1,474,5,2569,51,50
474,69,1,475,9,2578,86,90
475,69,1,476,9,2587,94,90
476,69,1,477,6,2593,0,60
477,69,1,478,4,2597,112,40
478,69,1,479,3,2600,36,30
479,69,1,480,5,2605,30,50
480,69,1,481,4,2609,46,40
481,69,1,482,5,2614,47,50
482,69,1,483,3,2617,40,30
483,69,1,484,5,2622,54,50
484,69,1,485,7,2629,74,70
485,69,1,486,8,2637,75,80
486,69,1,487,4,2641,44,40
487,69,1,488,4,2645,40,40
488,69,1,489,8,2653,88,80
489,69,1,490,9,2662,97,90
490,69,1,491,7,2669,76,70
491,69,1,492,4,2673,31,40
492,69,1,493,4,2677,52,40
493,69,1,494,8,2685,72,80
494,69,1,495,4,2689,41,40
495,69,1,496,8,2697,79,80
496,69,1,497,6,2703,58,60
497,69,1,498,2,2705,31,20
498,69,1,499,6,2711,63,60
499,69,1,500,7,2718,72,70
500,69,1,501,8,2726,76,80
501,69,1,502,6,2732,0,60
502,69,1,503,4,2736,100,40
503,69,1,504,7,2743,77,70
504,69,1,505,2,2745,18,20
505,69,1,506,6,2751,0,60
506,69,1,507,5,2756,119,50
507,69,1,508,3,2759,0,30
508,69,1,509,3,2762,0,30
509,69,1,510,5,2767,113,50
510,69,1,511,9,2776,99,90
511,69,1,512,3,2779,25,30
512,69,1,513,9,2788,0,90
513,69,1,514,7,2795,149,70
514,69,1,515,5,2800,42,50
515,69,1,516,2,2802,0,20
516,69,1,517,4,2806,74,40
517,69,1,518,9,2815,87,90
518,69,1,519,4,2819,45,40
519,69,1,520,5,2824,51,50
520,69,1,521,4,2828,0,40
521,69,1,522,3,2831,52,30
522,69,1,523,3,2834,33,30
523,69,1,524,8,2842,83,80
524,69,1,525,5,2847,46,50
525,69,1,526,3,2850,38,30
526,69,1,527,3,2853,34,30
527,69,1,528,7,2860,68,70
528,69,1,529,5,2865,47,50
529,69,1,530,5,2870,0,50
530,69,1,531,3,2873,84,30
531,69,1,532,7,2880,79,70
532,69,1,533,3,2883,33,30
533,69,1,534,6,2889,64,60
534,69,1,535,5,2894,53,50
535,69,1,536,5,2899,46,50
536,69,1,537,6,2905,59,60
537,69,1,538,8,2913,0,80
538,69,1,539,6,2919,138,60
539,69,1,540,9,2928,0,90
540,69,1,541,7,2935,161,70
541,69,1,542,7,2942,69,70
542,69,1,543,3,2945,33,30
543,69,1,544,4,2949,0,40
544,69,1,545,2,2951,56,20
545,69,1,546,2,2953,0,20
546,69,1,547,9,2962,112,90
547,69,1,548,3,2965,34,30
548,69,1,549,9,2974,101,90
549,69,1,550,3,2977,26,30
550,69,1,551,2,2979,21,20
551,69,1,552,8,2987,73,80
552,69,1,553,4,2991,44,40
553,69,1,554,3,2994,30,30
554,69,1,555,2,2996,0,20
555,69,1,556,6,3002,98,60
556,69,1,557,3,3005,35,30
557,69,1,558,8,3013,87,80
558,69,1,559,9,3022,103,90
559,69,1,560,2,3024,25,20
560,69,1,561,7,3031,69,70
561,69,1,562,6,3037,63,60
562,69,1,563,8,3045,0,80
563,69,1,564,4,3049,121,40
564,69,1,565,5,3054,42,50
565,69,1,566,6,3060,0,60
566,69,1,567,9,3069,149,90
567,69,1,568,8,3077,103,80
568,69,1,569,3,3080,0,30
569,69,1,570,7,3087,82,70
570,69,1,571,6,3093,51,60
571,69,1,572,3,3096,0,30
572,69,1,573,6,3102,88,60
573,69,1,574,5,3107,69,50
574,69,1,575,6,3113,60,60
575,69,1,576,4,3117,39,40
576,69,1,577,5,3122,50,50
577,69,1,578,4,3126,0,40
578,69,1,579,9,3135,131,90
579,69,1,580,6,3141,49,60
580,69,1,581,4,3145,35,40
581,69,1,582,4,3149,0,40
582,69,1,583,7,3156,122,70
583,69,1,584,4,3160,33,40
584,69,1,585,3,3163,20,30
585,69,1,586,3,3166,28,30
586,69,1,587,2,3168,18,20
587,69,1,588,7,3175,0,70
588,69,1,589,2,3177,0,20
589,69,1,590,5,3182,137,50
590,69,1,591,4,3186,31,40
591,69,1,592,5,3191,0,50
592,69,1,593,2,3193,84,20
593,69,1,594,5,3198,0,50
594,69,1,595,4,3202,86,40
595,69,1,596,8,3210,77,80
596,69,1,597,4,3214,0,40
597,69,1,598,3,3217,0,30
598,69,1,599,2,3219,93,20
599,69,1,600,5,3224,57,50
600,69,1,601,5,3229,0,50
601,69,1,602,9,3238,124,90
602,69,1,603,6,3244,64,60
603,69,1,604,8,3252,83,80
604,69,1,605,7,3259,72,70
605,69,1,606,3,3262,31,30
606,69,1,607,5,3267,47,50
607,69,1,608,5,3272,55,50
608,69,1,609,3,3275,32,30
609,69,1,610,4,3279,34,40
610,69,1,611,4,3283,45,40
611,69,1,612,6,3289,0,60
612,69,1,613,8,3297,146,80
613,69,1,614,4,3301,45,40
614,69,1,615,9,3310,92,90
615,69,1,616,6,3316,61,60
616,69,1,617,4,3320,38,40
617,69,1,618,9,3329,81,90
618,69,1,619,4,3333,46,40
619,69,1,620,2,3335,16,20
620,69,1,621,3,3338,26,30
621,69,1,622,8,3346,82,80
622,69,1,623,2,3348,20,20
623,69,1,624,9,3357,0,90
624,69,1,625,2,3359,0,20
625,69,1,626,7,3366,184,70
626,69,1,627,6,3372,60,60
627,69,1,628,7,3379,80,70
628,69,1,629,2,3381,0,20
629,69,1,630,5,3386,80,50
630,69,1,631,5,3391,52,50
631,69,1,632,6,3397,0,60
632,69,1,633,4,3401,93,40
633,69,1,634,4,3405,48,40
634,69,1,635,6,3411,69,60
635,69,1,636,4,3415,35,40
636,69,1,637,7,3422,0,70
637,69,1,638,9,3431,160,90
638,69,1,639,8,3439,88,80
639,69,1,640,2,3441,16,20
640,69,1,641,5,3446,53,50
641,69,1,642,4,3450,32,40
642,69,1,643,5,3455,48,50
643,69,1,644,2,3457,26,20
644,69,1,645,7,3464,63,70
645,69,1,646,7,3471,65,70
646,69,1,647,3,3474,33,30
647,69,1,648,5,3479,0,50
648,69,1,649,6,3485,114,60
649,69,1,650,4,3489,50,40
650,69,1,651,9,3498,81,90
651,69,1,652,7,3505,0,70
652,69,1,653,9,3514,0,90
653,69,1,654,7,3521,212,70
654,69,1,655,5,3526,56,50
655,69,1,656,7,3533,0,70
656,69,1,657,4,3537,0,40
657,69,1,658,6,3543,181,60
658,69,1,659,5,3548,35,50
659,69,1,660,2,3550,23,20
660,69,1,661,2,3552,18,20
661,69,1,662,9,3561,0,90
662,69,1,663,7,3568,165,70
663,69,1,664,3,3571,38,30
664,69,1,665,5,3576,51,50
665,69,1,666,6,3582,48,60
666,69,1,667,4,3586,34,40
667,69,1,668,6,3592,67,60
668,69,1,669,4,3596,0,40
669,69,1,670,7,3603,106,70
670,69,1,671,8,3611,97,80
671,69,1,672,9,3620,94,90
672,69,1,673,3,3623,31,30
673,69,1,674,7,3630,75,70
674,69,1,675,7,3637,0,70
675,69,1,676,3,3640,99,30
676,69,1,677,3,3643,0,30
677,69,1,678,6,3649,75,60
678,69,1,679,9,3658,0,90
679,69,1,680,6,3664,156,60
680,69,1,681,3,3667,37,30
681,69,1,682,2,3669,16,20
682,69,1,683,8,3677,76,80
683,69,1,684,4,3681,42,40
684,69,1,685,5,3686,46,50
685,69,1,686,9,3695,0,90
686,69,1,687,5,3700,144,50
687,69,1,688,9,3709,96,90
688,69,1,689,6,3715,68,60
689,69,1,690,2,3717,25,20
690,69,1,691,8,3725,73,80
691,69,1,692,9,3734,0,90
692,69,1,693,8,3742,185,80
693,69,1,694,4,3746,0,40
694,69,1,695,8,3754,126,80
695,69,1,696,6,3760,0,60
696,69,1,697,9,3769,148,90
697,69,1,698,3,3772,30,30
698,69,1,699,7,3779,66,70
699,69,1,700,8,3787,69,80
700,69,1,701,2,3789,0,20
701,69,1,702,4,3793,63,40
702,69,1,703,5,3798,53,50
703,69,1,704,6,3804,0,60
704,69,1,705,4,3808,102,40
705,69,1,706,7,3815,71,70
706,69,1,707,4,3819,34,40
707,69,1,708,8,3827,0,80
708,69,1,709,7,3834,159,70
709,69,1,710,3,3837,27,30
710,69,1,711,2,3839,0,20
711,69,1,712,7,3846,82,70
712,69,1,713,2,3848,21,20
713,69,1,714,6,3854,0,60
714,69,1,715,6,3860,0,60
715,69,1,716,6,3866,0,60
716,69,1,717,9,3875,245,90
717,69,1,718,7,3882,60,70
718,69,1,719,8,3890,0,80
719,69,1,720,7,3897,164,70
720,69,1,721,6,3903,63,60
721,69,1,722,8,3911,82,80
722,69,1,723,6,3917,0,60
723,69,1,724,8,3925,133,80
724,69,1,725,8,3933,64,80
725,69,1,726,7,3940,60,70
726,69,1,727,6,3946,50,60
727,69,1,728,2,3948,20,20
728,69,1,729,8,3956,73,80
729,69,1,730,8,3964,86,80
730,69,1,731,5,3969,0,50
731,69,1,732,7,3976,0,70
732,69,1,733,2,3978,139,20
733,69,1,734,8,3986,83,80
734,69,1,735,4,3990,39,40
735,69,1,736,7,3997,64,70
736,69,1,737,6,4003,60,60
737,69,1,738,3,4006,23,30
738,69,1,739,3,4009,26,30
739,69,1,740,3,4012,30,30
740,69,1,741,5,4017,46,50
741,69,1,742,3,4020,32,30
742,69,1,743,8,4028,0,80
743,69,1,744,6,4034,129,60
744,69,1,745,9,4043,86,90
745,69,1,746,7,4050,67,70
746,69,1,747,8,4058,65,80
747,69,1,748,7,4065,73,70
748,69,1,749,8,4073,0,80
749,69,1,750,7,4080,141,70
750,69,1,751,3,4083,32,30
751,69,1,752,9,4092,90,90
752,69,1,753,2,4094,18,20
753,69,1,754,9,4103,84,90
754,69,1,755,6,4109,72,60
755,69,1,756,5,4114,0,50
756,69,1,757,8,4122,134,80
757,69,1,758,5,4127,0,50
758,69,1,759,2,4129,63,20
759,69,1,760,9,4138,78,90
760,69,1,761,6,4144,62,60
761,69,1,762,7,4151,68,70
762,69,1,763,6,4157,62,60
763,69,1,764,9,4166,88,90
764,69,1,765,9,4175,79,90
765,69,1,766,5,4180,54,50
766,69,1,767,5,4185,0,50
767,69,1,768,3,4188,90,30
768,69,1,769,7,4195,0,70
769,69,1,770,9,4204,170,90
770,69,1,771,8,4212,75,80
771,69,1,772,6,4218,67,60
772,69,1,773,8,4226,0,80
773,69,1,774,9,4235,171,90
774,69,1,775,7,4242,66,70
775,69,1,776,6,4248,0,60
776,69,1,777,4,4252,107,40
777,69,1,778,8,4260,0,80
778,69,1,779,7,4267,144,70
779,69,1,780,2,4269,28,20
780,69,1,781,8,4277,0,80
781,69,1,782,4,4281,134,40
782,69,1,783,7,4288,54,70
783,69,1,784,2,4290,0,20
784,69,1,785,7,4297,79,70
785,69,1,786,4,4301,37,40
786,69,1,787,7,4308,79,70
787,69,1,788,6,4314,57,60
788,69,1,789,3,4317,40,30
789,69,1,790,6,4323,73,60
790,69,1,791,2,4325,18,20
791,69,1,792,4,4329,45,40
792,69,1,793,9,4338,81,90
793,69,1,794,7,4345,0,70
794,69,1,795,5,4350,0,50
795,69,1,796,6,4356,154,60
796,69,1,797,9,4365,103,90
797,69,1,798,7,4372,75,70
798,69,1,799,8,4380,70,80
799,69,1,800,8,4388,81,80
800,69,1,801,7,4395,64,70
801,69,1,802,6,4401,62,60
802,69,1,803,7,4408,63,70
803,69,1,804,9,4417,0,90
804,69,1,805,8,4425,0,80
805,69,1,806,7,4432,241,70
806,69,1,807,9,4441,0,90
807,69,1,808,5,4446,158,50
808,69,1,809,4,4450,41,40
809,69,1,810,8,4458,85,80
810,69,1,811,4,4462,43,40
811,69,1,812,7,4469,59,70
812,69,1,813,5,4474,58,50
813,69,1,814,2,4476,20,20
814,69,1,815,4,4480,33,40
815,69,1,816,4,4484,48,40
816,69,1,817,9,4493,94,90
817,69,1,818,2,4495,17,20
818,69,1,819,7,4502,0,70
819,69,1,820,3,4505,96,30
820,69,1,821,3,4508,31,30
821,69,1,822,2,4510,0,20
822,69,1,823,8,4518,0,80
823,69,1,824,3,4521,146,30
824,69,1,825,2,4523,0,20
825,69,1,826,9,4532,105,90
826,69,1,827,4,4536,0,40
827,69,1,828,7,4543,0,70
828,69,1,829,5,4548,167,50
829,69,1,830,8,4556,76,80
830,69,1,831,8,4564,71,80
831,69,1,832,5,4569,44,50
832,69,1,833,8,4577,82,80
833,69,1,834,2,4579,23,20
834,69,1,835,3,4582,41,30
835,69,1,836,6,4588,0,60
836,69,1,837,6,4594,0,60
837,69,1,838,2,4596,0,20
838,69,1,839,7,4603,197,70
839,69,1,840,7,4610,64,70
840,69,1,841,5,4615,42,50
841,69,1,842,8,4623,75,80
842,69,1,843,7,4630,0,70
843,69,1,844,5,4635,113,50
844,69,1,845,8,4643,81,80
845,69,1,846,2,4645,17,20
846,69,1,847,4,4649,31,40
847,69,1,848,9,4658,0,90
848,69,1,849,7,4665,150,70
849,69,1,850,2,4667,17,20
850,69,1,851,4,4671,41,40
851,69,1,852,3,4674,29,30
852,69,1,853,8,4682,75,80
853,69,1,854,2,4684,18,20
854,69,1,855,2,4686,17,20
855,69,1,856,8,4694,0,80
856,69,1,857,7,4701,163,70
857,69,1,858,9,4710,0,90
858,69,1,859,2,4712,0,20
859,69,1,860,7,4719,170,70
860,69,1,861,3,4722,41,30
861,69,1,862,9,4731,96,90
862,69,1,863,6,4737,61,60
863,69,1,864,2,4739,18,20
864,69,1,865,4,4743,34,40
865,69,1,866,3,4746,21,30
866,69,1,867,8,4754,69,80
867,69,1,868,3,4757,25,30
868,69,1,869,5,4762,47,50
869,69,1,870,9,4771,0,90
870,69,1,871,7,4778,157,70
871,69,1,872,5,4783,41,50
872,69,1,873,6,4789,66,60
873,69,1,874,2,4791,19,20
874,69,1,875,6,4797,0,60
875,69,1,876,4,4801,90,40
876,69,1,877,9,4810,85,90
877,69,1,878,4,4814,0,40
878,69,1,879,6,4820,0,60
879,69,1,880,9,4829,196,90
880,69,1,881,6,4835,66,60
881,69,1,882,8,4843,78,80
882,69,1,883,6,4849,56,60
883,69,1,884,3,4852,0,30
884,69,1,885,5,4857,63,50
885,69,1,886,7,4864,0,70
886,69,1,887,7,4871,142,70
887,69,1,888,9,4880,81,90
888,69,1,889,6,4886,0,60
889,69,1,890,9,4895,141,90
890,69,1,891,8,4903,92,80
891,69,1,892,6,4909,55,60
892,69,1,893,3,4912,30,30
893,69,1,894,5,4917,48,50
894,69,1,895,9,4926,92,90
895,69,1,896,7,4933,64,70
896,69,1,897,6,4939,48,60
897,69,1,898,6,4945,53,60
898,69,1,899,5,4950,0,50
899,69,1,900,3,4953,83,30
900,69,1,901,7,4960,78,70
901,69,1,902,2,4962,21,20
902,69,1,903,7,4969,0,70
903,69,1,904,9,4978,130,90
904,69,1,905,7,4985,58,70
905,69,1,906,4,4989,31,40
906,69,1,907,4,4993,42,40
907,69,2,1,6,6,65,60
908,69,2,2,7,13,79,70
909,69,2,3,7,20,62,70
910,69,2,4,4,24,34,40
911,69,2,5,9,33,75,90
912,69,2,6,9,42,97,90
913,69,2,7,2,44,18,20
914,69,2,8,2,46,24,20
915,69,2,9,5,51,53,50
916,69,2,10,8,59,89,80
917,69,2,11,2,61,17,20
918,69,2,12,9,70,89,90
919,69,2,13,8,78,81,80
920,69,2,14,2,80,18,20
921,69,2,15,6,86,64,60
922,69,2,16,2,88,14,20
923,69,2,17,4,92,36,40
924,69,2,18,5,97,41,50
925,69,2,19,7,104,54,70
926,69,2,20,7,111,73,70
927,69,2,21,8,119,75,80
928,69,2,22,7,126,0,70
929,69,2,23,4,130,120,40
930,69,2,24,9,139,93,90
931,69,2,25,4,143,0,40
932,69,2,26,4,147,0,40
933,69,2,27,9,156,195,90
934,69,2,28,9,165,0,90
935,69,2,29,7,172,148,70
936,69,2,30,7,179,67,70
937,69,2,31,8,187,69,80
938,69,2,32,2,189,0,20
939,69,2,33,4,193,65,40
940,69,2,34,9,202,88,90
941,69,2,35,6,208,0,60
942,69,2,36,4,212,94,40
943,69,2,37,7,219,0,70
944,69,2,38,2,221,110,20
945,69,2,39,8,229,96,80
946,69,2,40,4,233,48,40
947,69,2,41,7,240,79,70
948,69,2,42,8,248,72,80
949,69,2,43,6,254,54,60
950,69,2,44,9,263,81,90
951,69,2,45,4,267,44,40
952,69,2,46,9,276,87,90
953,69,2,47,3,279,34,30
954,69,2,48,9,288,97,90
955,69,2,49,6,294,66,60
956,69,2,50,2,296,16,20
957,69,2,51,5,301,51,50
958,69,2,52,8,309,81,80
959,69,2,53,7,316,63,70
960,69,2,54,2,318,0,20
961,69,2,55,8,326,91,80
962,69,2,56,9,335,76,90
963,69,2,57,8,343,68,80
964,69,2,58,9,352,95,90
965,69,2,59,5,357,45,50
966,69,2,60,5,362,49,50
967,69,2,61,7,369,68,70
968,69,2,62,3,372,38,30
969,69,2,63,4,376,41,40
970,69,2,64,6,382,59,60
971,69,2,65,6,388,63,60
972,69,2,66,8,396,77,80
973,69,2,67,7,403,67,70
974,69,2,68,7,410,0,70
975,69,2,69,5,415,105,50
976,69,2,70,2,417,0,20
977,69,2,71,7,424,106,70
978,69,2,72,7,431,0,70
979,69,2,73,6,437,121,60
980,69,2,74,3,440,26,30
981,69,2,75,9,449,87,90
982,69,2,76,6,455,59,60
983,69,2,77,5,460,74,50
984,69,2,78,4,464,41,40
985,69,2,79,3,467,32,30
986,69,2,80,3,470,27,30
987,69,2,81,5,475,62,50
988,69,2,82,8,483,71,80
989,69,2,83,6,489,62,60
990,69,2,84,8,497,0,80
991,69,2,85,3,500,101,30
992,69,2,86,7,507,67,70
993,69,2,87,7,514,0,70
994,69,2,88,7,521,153,70
995,69,2,89,6,527,72,60
996,69,2,90,3,530,27,30
997,69,2,91,8,538,76,80
998,69,2,92,3,541,34,30
999,69,2,93,5,546,51,50
1000,69,2,94,3,549,44,30
1001,69,2,95,4,553,41,40
1002,69,2,96,5,558,47,50
1003,69,2,97,7,565,68,70
1004,69,2,98,7,572,65,70
1005,69,2,99,7,579,73,70
1006,69,2,100,7,586,68,70
1007,69,2,101,2,588,15,20
1008,69,2,102,4,592,0,40
1009,69,2,103,3,595,64,30
1010,69,2,104,9,604,98,90
1011,69,2,105,5,609,40,50
1012,69,2,106,9,618,104,90
1013,69,2,107,2,620,22,20
1014,69,2,108,4,624,0,40
1015,69,2,109,8,632,126,80
1016,69,2,110,4,636,0,40
1017,69,2,111,3,639,61,30
1018,69,2,112,7,646,0,70
1019,69,2,113,7,653,145,70
1020,69,2,114,4,657,0,40
1021,69,2,115,9,666,139,90
1022,69,2,116,2,668,0,20
1023,69,2,117,3,671,47,30
1024,69,2,118,9,680,95,90
1025,69,2,119,6,686,52,60
1026,69,2,120,8,694,80,80
1027,69,2,121,4,698,29,40
1028,69,2,122,6,704,58,60
1029,69,2,123,2,706,21,20
1030,69,2,124,3,709,27,30
1031,69,2,125,4,713,41,40
1032,69,2,126,7,720,57,70
1033,69,2,127,4,724,34,40
1034,69,2,128,8,732,67,80
1035,69,2,129,8,740,90,80
1036,69,2,130,6,746,49,60
1037,69,2,131,6,752,68,60
1038,69,2,132,2,754,18,20
1039,69,2,133,7,761,84,70
1040,69,2,134,6,767,80,60
1041,69,2,135,4,771,0,40
1042,69,2,136,2,773,50,20
1043,69,2,137,4,777,47,40
1044,69,2,138,4,781,39,40
1045,69,2,139,8,789,72,80
1046,69,2,140,9,798,0,90
1047,69,2,141,8,806,0,80
1048,69,2,142,6,812,209,60
1049,69,2,143,3,815,32,30
1050,69,2,144,9,824,0,90
1051,69,2,145,4,828,144,40
1052,69,2,146,2,830,19,20
1053,69,2,147,3,833,30,30
1054,69,2,148,8,841,83,80
1055,69,2,149,7,848,59,70
1056,69,2,150,8,856,0,80
1057,69,2,151,6,862,142,60
1058,69,2,152,5,867,48,50
1059,69,2,153,7,874,89,70
1060,69,2,154,2,876,20,20
1061,69,2,155,6,882,60,60
1062,69,2,156,3,885,35,30
1063,69,2,157,6,891,0,60
1064,69,2,158,4,895,105,40
1065,69,2,159,4,899,41,40
1066,69,2,160,4,903,35,40
1067,69,2,161,2,905,18,20
1068,69,2,162,8,913,101,80
1069,69,2,163,2,915,18,20
1070,69,2,164,5,920,0,50
1071,69,2,165,8,928,154,80
1072,69,2,166,5,933,41,50
1073,69,2,167,6,939,72,60
1074,69,2,168,4,943,0,40
1075,69,2,169,9,952,140,90
1076,69,2,170,5,957,0,50
1077,69,2,171,3,960,0,30
1078,69,2,172,3,963,109,30
1079,69,2,173,9,972,95,90
1080,69,2,174,4,976,47,40
1081,69,2,175,4,980,34,40
1082,69,2,176,8,988,76,80
1083,69,2,177,5,993,0,50
1084,69,2,178,5,998,121,50
1085,69,2,179,8,1006,0,80
1086,69,2,180,9,1015,187,90
1087,69,2,181,9,1024,83,90
1088,69,2,182,5,1029,43,50
1089,69,2,183,6,1035,57,60
1090,69,2,184,3,1038,36,30
1091,69,2,185,8,1046,73,80
1092,69,2,186,7,1053,71,70
1093,69,2,187,9,1062,85,90
1094,69,2,188,2,1064,17,20
1095,69,2,189,6,1070,73,60
1096,69,2,190,4,1074,0,40
1097,69,2,191,8,1082,104,80
1098,69,2,192,3,1085,24,30
1099,69,2,193,6,1091,62,60
1100,69,2,194,5,1096,40,50
1101,69,2,195,8,1104,72,80
1102,69,2,196,2,1106,23,20
1103,69,2,197,4,1110,43,40
1104,69,2,198,6,1116,64,60
1105,69,2,199,4,1120,52,40
1106,69,2,200,4,1124,36,40
1107,69,2,201,7,1131,57,70
1108,69,2,202,6,1137,58,60
1109,69,2,203,7,1144,62,70
1110,69,2,204,5,1149,69,50
1111,69,2,205,6,1155,66,60
1112,69,2,206,4,1159,46,40
1113,69,2,207,9,1168,91,90
1114,69,2,208,7,1175,78,70
1115,69,2,209,7,1182,72,70
1116,69,2,210,7,1189,62,70
1117,69,2,211,5,1194,57,50
1118,69,2,212,9,1203,100,90
1119,69,2,213,3,1206,36,30
1120,69,2,214,8,1214,79,80
1121,69,2,215,5,1219,63,50
1122,69,2,216,5,1224,55,50
1123,69,2,217,3,1227,22,30
1124,69,2,218,3,1230,30,30
1125,69,2,219,8,1238,0,80
1126,69,2,220,2,1240,101,20
1127,69,2,221,9,1249,81,90
1128,69,2,222,4,1253,46,40
1129,69,2,223,4,1257,48,40
1130,69,2,224,6,1263,49,60
1131,69,2,225,6,1269,60,60
1132,69,2,226,8,1277,69,80
1133,69,2,227,5,1282,52,50
1134,69,2,228,6,1288,66,60
1135,69,2,229,7,1295,81,70
1136,69,2,230,3,1298,26,30
1137,69,2,231,2,1300,0,20
1138,69,2,232,9,1309,110,90
1139,69,2,233,6,1315,57,60
1140,69,2,234,5,1320,47,50
1141,69,2,235,3,1323,35,30
1142,69,2,236,5,1328,46,50
1143,69,2,237,4,1332,35,40
1144,69,2,238,3,1335,23,30
1145,69,2,239,7,1342,65,70
1146,69,2,240,5,1347,47,50
1147,69,2,241,2,1349,23,20
1148,69,2,242,8,1357,87,80
1149,69,2,243,6,1363,0,60
1150,69,2,244,2,1365,80,20
1151,69,2,245,8,1373,83,80
1152,69,2,246,9,1382,0,90
1153,69,2,247,4,1386,140,40
1154,69,2,248,9,1395,81,90
1155,69,2,249,3,1398,31,30
1156,69,2,250,8,1406,87,80
1157,69,2,251,2,1408,15,20
1158,69,2,252,8,1416,76,80
1159,69,2,253,9,1425,101,90
1160,69,2,254,6,1431,53,60
1161,69,2,255,6,1437,53,60
1162,69,2,256,3,1440,29,30
1163,69,2,257,2,1442,18,20
1164,69,2,258,2,1444,0,20
1165,69,2,259,6,1450,78,60
1166,69,2,260,5,1455,54,50
1167,69,2,261,4,1459,39,40
1168,69,2,262,6,1465,50,60
1169,69,2,263,9,1474,95,90
1170,69,2,264,9,1483,0,90
1171,69,2,265,8,1491,163,80
1172,69,2,266,9,1500,89,90
1173,69,2,267,8,1508,88,80
1174,69,2,268,6,1514,43,60
1175,69,2,269,7,1521,70,70
1176,69,2,270,6,1527,0,60
1177,69,2,271,9,1536,0,90
1178,69,2,272,2,1538,0,20
1179,69,2,273,8,1546,239,80
1180,69,2,274,2,1548,36,20
1181,69,2,275,8,1556,0,80
1182,69,2,276,6,1562,0,60
1183,69,2,277,9,1571,223,90
1184,69,2,278,7,1578,70,70
1185,69,2,279,2,1580,17,20
1186,69,2,280,3,1583,32,30
1187,69,2,281,6,1589,72,60
1188,69,2,282,9,1598,71,90
1189,69,2,283,2,1600,0,20
1190,69,2,284,8,1608,0,80
1191,69,2,285,6,1614,0,60
1192,69,2,286,6,1620,213,60
1193,69,2,287,3,1623,33,30
1194,69,2,288,3,1626,35,30
1195,69,2,289,3,1629,28,30
1196,69,2,290,4,1633,42,40
1197,69,2,291,7,1640,58,70
1198,69,2,292,9,1649,104,90
1199,69,2,293,3,1652,23,30
1200,69,2,294,3,1655,0,30
1201,69,2,295,2,1657,42,20
1202,69,2,296,8,1665,76,80
1203,69,2,297,3,1668,33,30
1204,69,2,298,8,1676,66,80
1205,69,2,299,2,1678,20,20
1206,69,2,300,9,1687,92,90
1207,69,2,301,2,1689,16,20
1208,69,2,302,3,1692,22,30
1209,69,2,303,2,1694,13,20
1210,69,2,304,5,1699,56,50
1211,69,2,305,9,1708,83,90
1212,69,2,306,2,1710,20,20
1213,69,2,307,6,1716,57,60
1214,69,2,308,2,1718,15,20
1215,69,2,309,9,1727,102,90
1216,69,2,310,7,1734,60,70
1217,69,2,311,3,1737,34,30
1218,69,2,312,2,1739,27,20
1219,69,2,313,4,1743,43,40
1220,69,2,314,6,1749,65,60
1221,69,2,315,2,1751,21,20
1222,69,2,316,7,1758,77,70
1223,69,2,317,7,1765,63,70
1224,69,2,318,5,1770,0,50
1225,69,2,319,9,1779,153,90
1226,69,2,320,5,1784,40,50
1227,69,2,321,8,1792,75,80
1228,69,2,322,5,1797,56,50
1229,69,2,323,8,1805,62,80
1230,69,2,324,4,1809,0,40
1231,69,2,325,5,1814,81,50
1232,69,2,326,5,1819,50,50
1233,69,2,327,7,1826,83,70
1234,69,2,328,8,1834,70,80
1235,69,2,329,3,1837,0,30
1236,69,2,330,4,1841,77,40
1237,69,2,331,2,1843,19,20
1238,69,2,332,7,1850,65,70
1239,69,2,333,6,1856,62,60
1240,69,2,334,2,1858,17,20
1241,69,2,335,9,1867,83,90
1242,69,2,336,9,1876,83,90
1243,69,2,337,3,1879,31,30
1244,69,2,338,2,1881,26,20
1245,69,2,339,5,1886,52,50
1246,69,2,340,3,1889,32,30
1247,69,2,341,4,1893,38,40
1248,69,2,342,9,1902,92,90
1249,69,2,343,6,1908,0,60
1250,69,2,344,8,1916,146,80
1251,69,2,345,7,1923,91,70
1252,69,2,346,6,1929,58,60
1253,69,2,347,8,1937,83,80
1254,69,2,348,3,1940,27,30
1255,69,2,349,5,1945,59,50
1256,69,2,350,8,1953,0,80
1257,69,2,351,2,1955,90,20
1258,69,2,352,7,1962,64,70
1259,69,2,353,8,1970,0,80
1260,69,2,354,3,1973,99,30
1261,69,2,355,3,1976,23,30
1262,69,2,356,6,1982,55,60
1263,69,2,357,4,1986,34,40
1264,69,2,358,3,1989,31,30
1265,69,2,359,8,1997,0,80
1266,69,2,360,9,2006,149,90
1267,69,2,361,7,2013,0,70
1268,69,2,362,3,2016,106,30
1269,69,2,363,4,2020,40,40
1270,69,2,364,7,2027,0,70
1271,69,2,365,7,2034,129,70
1272,69,2,366,3,2037,0,30
1273,69,2,367,6,2043,0,60
1274,69,2,368,5,2048,130,50
1275,69,2,369,4,2052,44,40
1276,69,2,370,9,2061,96,90
1277,69,2,371,6,2067,0,60
1278,69,2,372,9,2076,135,90
1279,69,2,373,5,2081,42,50
1280,69,2,374,7,2088,57,70
1281,69,2,375,4,2092,37,40
1282,69,2,376,7,2099,53,70
1283,69,2,377,7,2106,0,70
1284,69,2,378,8,2114,164,80
1285,69,2,379,3,2117,31,30
1286,69,2,380,6,2123,49,60
1287,69,2,381,7,2130,86,70
1288,69,2,382,7,2137,69,70
1289,69,2,383,9,2146,85,90
1290,69,2,384,5,2151,64,50
1291,69,2,385,4,2155,34,40
1292,69,2,386,2,2157,20,20
1293,69,2,387,8,2165,81,80
1294,69,2,388,5,2170,59,50
1295,69,2,389,9,2179,0,90
1296,69,2,390,4,2183,0,40
1297,69,2,391,3,2186,159,30
1298,69,2,392,3,2189,29,30
1299,69,2,393,3,2192,0,30
1300,69,2,394,5,2197,67,50
1301,69,2,395,7,2204,68,70
1302,69,2,396,4,2208,41,40
1303,69,2,397,7,2215,0,70
1304,69,2,398,6,2221,131,60
1305,69,2,399,8,2229,0,80
1306,69,2,400,3,2232,98,30
1307,69,2,401,8,2240,73,80
1308,69,2,402,8,2248,83,80
1309,69,2,403,2,2250,0,20
1310,69,2,404,7,2257,87,70
1311,69,2,405,6,2263,0,60
1312,69,2,406,5,2268,127,50
1313,69,2,407,9,2277,104,90
1314,69,2,408,5,2282,0,50
1315,69,2,409,6,2288,99,60
1316,69,2,410,9,2297,86,90
1317,69,2,411,6,2303,54,60
1318,69,2,412,2,2305,0,20
1319,69,2,413,5,2310,84,50
1320,69,2,414,5,2315,46,50
1321,69,2,415,4,2319,39,40
1322,69,2,416,5,2324,53,50
1323,69,2,417,5,2329,51,50
1324,69,2,418,5,2334,63,50
1325,69,2,419,4,2338,44,40
1326,69,2,420,9,2347,0,90
1327,69,2,421,4,2351,0,40
1328,69,2,422,9,2360,204,90
1329,69,2,423,4,2364,45,40
1330,69,2,424,7,2371,77,70
1331,69,2,425,7,2378,71,70
1332,69,2,426,2,2380,19,20
1333,69,2,427,6,2386,62,60
1334,69,2,428,7,2393,73,70
1335,69,2,429,8,2401,78,80
1336,69,2,430,8,2409,84,80
1337,69,2,431,7,2416,58,70
1338,69,2,432,5,2421,57,50
1339,69,2,433,5,2426,58,50
1340,69,2,434,5,2431,48,50
1341,69,2,435,9,2440,77,90
1342,69,2,436,7,2447,81,70
1343,69,2,437,3,2450,26,30
1344,69,2,438,2,2452,21,20
1345,69,2,439,2,2454,24,20
1346,69,2,440,2,2456,0,20
1347,69,2,441,6,2462,77,60
1348,69,2,442,2,2464,0,20
1349,69,2,443,6,2470,88,60
1350,69,2,444,5,2475,51,50
1351,69,2,445,7,2482,0,70
1352,69,2,446,2,2484,93,20
1353,69,2,447,2,2486,17,20
1354,69,2,448,5,2491,45,50
1355,69,2,449,6,2497,56,60
1356,69,2,450,2,2499,21,20
1357,69,2,451,2,2501,24,20
1358,69,2,452,2,2503,12,20
1359,69,2,453,3,2506,47,30
1360,69,2,454,5,2511,46,50
1361,69,2,455,3,2514,30,30
1362,69,2,456,8,2522,79,80
1363,69,2,457,5,2527,59,50
1364,69,2,458,6,2533,54,60
1365,69,2,459,9,2542,0,90
1366,69,2,460,9,2551,183,90
1367,69,2,461,5,2556,58,50
1368,69,2,462,7,2563,75,70
1369,69,2,463,4,2567,0,40
1370,69,2,464,4,2571,96,40
1371,69,2,465,3,2574,29,30
1372,69,2,466,8,2582,70,80
1373,69,2,467,8,2590,81,80
1374,69,2,468,3,2593,0,30
1375,69,2,469,9,2602,0,90
1376,69,2,470,5,2607,151,50
1377,69,2,471,8,2615,76,80
1378,69,2,472,3,2618,32,30
1379,69,2,473,2,2620,16,20
1380,69,2,474,4,2624,42,40
1381,69,2,475,9,2633,96,90
1382,69,2,476,6,2639,67,60
1383,69,2,477,4,2643,0,40
1384,69,2,478,3,2646,72,30
1385,69,2,479,6,2652,0,60
1386,69,2,480,5,2657,107,50
1387,69,2,481,2,2659,18,20
1388,69,2,482,8,2667,0,80
1389,69,2,483,4,2671,131,40
1390,69,2,484,2,2673,25,20
1391,69,2,485,2,2675,30,20
1392,69,2,486,5,2680,0,50
1393,69,2,487,2,2682,77,20
1394,69,2,488,9,2691,91,90
1395,69,2,489,5,2696,0,50
1396,69,2,490,9,2705,146,90
1397,69,2,491,2,2707,17,20
1398,69,2,492,7,2714,75,70
1399,69,2,493,9,2723,90,90
1400,69,2,494,4,2727,39,40
1401,69,2,495,9,2736,0,90
1402,69,2,496,6,2742,149,60
1403,69,2,497,4,2746,37,40
1404,69,2,498,8,2754,71,80
1405,69,2,499,4,2758,30,40
1406,69,2,500,4,2762,37,40
1407,69,2,501,2,2764,16,20
1408,69,2,502,9,2773,97,90
1409,69,2,503,2,2775,14,20
1410,69,2,504,7,2782,63,70
1411,69,2,505,6,2788,63,60
1412,69,2,506,6,2794,68,60
1413,69,2,507,9,2803,96,90
1414,69,2,508,6,2809,61,60
1415,69,2,509,3,2812,27,30
1416,69,2,510,5,2817,43,50
1417,69,2,511,6,2823,0,60
1418,69,2,512,5,2828,112,50
1419,69,2,513,9,2837,89,90
1420,69,2,514,9,2846,92,90
1421,69,2,515,3,2849,0,30
1422,69,2,516,3,2852,54,30
1423,69,2,517,7,2859,78,70
1424,69,2,518,2,2861,0,20
1425,69,2,519,6,2867,87,60
1426,69,2,520,9,2876,0,90
1427,69,2,521,5,2881,134,50
1428,69,2,522,7,2888,65,70
1429,69,2,523,8,2896,0,80
1430,69,2,524,8,2904,157,80
1431,69,2,525,8,2912,79,80
1432,69,2,526,7,2919,0,70
1433,69,2,527,9,2928,151,90
1434,69,2,528,5,2933,35,50
1435,69,2,529,8,2941,71,80
1436,69,2,530,7,2948,102,70
1437,69,2,531,2,2950,21,20
1438,69,2,532,8,2958,0,80
1439,69,2,533,9,2967,180,90
1440,69,2,534,6,2973,0,60
1441,69,2,535,6,2979,130,60
1442,69,2,536,7,2986,0,70
1443,69,2,537,8,2994,175,80
1444,69,2,538,6,3000,57,60
1445,69,2,539,3,3003,27,30
1446,69,2,540,3,3006,30,30
1447,69,2,541,8,3014,85,80
1448,69,2,542,7,3021,77,70
1449,69,2,543,2,3023,0,20
1450,69,2,544,3,3026,54,30
1451,69,2,545,2,3028,20,20
1452,69,2,546,9,3037,0,90
1453,69,2,547,4,3041,0,40
1454,69,2,548,7,3048,207,70
1455,69,2,549,9,3057,93,90
1456,69,2,550,4,3061,35,40
1457,69,2,551,7,3068,72,70
1458,69,2,552,8,3076,78,80
1459,69,2,553,4,3080,46,40
1460,69,2,554,9,3089,78,90
1461,69,2,555,8,3097,81,80
1462,69,2,556,5,3102,0,50
1463,69,2,557,7,3109,107,70
1464,69,2,558,9,3118,85,90
1465,69,2,559,4,3122,44,40
1466,69,2,560,3,3125,28,30
1467,69,2,561,6,3131,46,60
1468,69,2,562,3,3134,24,30
1469,69,2,563,2,3136,22,20
1470,69,2,564,3,3139,26,30
1471,69,2,565,9,3148,100,90
1472,69,2,566,9,3157,97,90
1473,69,2,567,9,3166,84,90
1474,69,2,568,2,3168,15,20
1475,69,2,569,7,3175,82,70
1476,69,2,570,3,3178,26,30
1477,69,2,571,5,3183,60,50
1478,69,2,572,9,3192,0,90
1479,69,2,573,7,3199,0,70
1480,69,2,574,8,3207,231,80
1481,69,2,575,7,3214,70,70
1482,69,2,576,8,3222,74,80
1483,69,2,577,3,3225,29,30
1484,69,2,578,2,3227,20,20
1485,69,2,579,8,3235,78,80
1486,69,2,580,4,3239,42,40
1487,69,2,581,9,3248,96,90
1488,69,2,582,5,3253,43,50
1489,69,2,583,7,3260,61,70
1490,69,2,584,9,3269,91,90
1491,69,2,585,6,3275,0,60
1492,69,2,586,7,3282,105,70
1493,69,2,587,2,3284,16,20
1494,69,2,588,5,3289,52,50
1495,69,2,589,6,3295,67,60
1496,69,2,590,8,3303,91,80
1497,69,2,591,7,3310,55,70
1498,69,2,592,6,3316,0,60
1499,69,2,593,4,3320,95,40
1500,69,2,594,4,3324,32,40
1501,69,2,595,4,3328,57,40
1502,69,2,596,4,3332,46,40
1503,69,2,597,6,3338,59,60
1504,69,2,598,9,3347,0,90
1505,69,2,599,6,3353,161,60
1506,69,2,600,8,3361,0,80
1507,69,2,601,7,3368,152,70
1508,69,2,602,6,3374,49,60
1509,69,2,603,2,3376,18,20
1510,69,2,604,3,3379,0,30
1511,69,2,605,3,3382,63,30
1512,69,2,606,8,3390,98,80
1513,69,2,607,5,3395,37,50
1514,69,2,608,6,3401,63,60
1515,69,2,609,5,3406,52,50
1516,69,2,610,5,3411,44,50
1517,69,2,611,9,3420,106,90
1518,69,2,612,2,3422,0,20
1519,69,2,613,8,3430,97,80
1520,69,2,614,3,3433,0,30
1521,69,2,615,8,3441,94,80
1522,69,2,616,3,3444,23,30
1523,69,2,617,6,3450,57,60
1524,69,2,618,6,3456,61,60
1525,69,2,619,6,3462,0,60
1526,69,2,620,7,3469,0,70
1527,69,2,621,8,3477,218,80
1528,69,2,622,3,3480,35,30
1529,69,2,623,5,3485,62,50
1530,69,2,624,6,3491,48,60
1531,69,2,625,6,3497,69,60
1532,69,2,626,6,3503,64,60
1533,69,2,627,5,3508,51,50
1534,69,2,628,7,3515,60,70
1535,69,2,629,8,3523,86,80
1536,69,2,630,2,3525,0,20
1537,69,2,631,9,3534,0,90
1538,69,2,632,8,3542,0,80
1539,69,2,633,3,3545,210,30
1540,69,2,634,7,3552,62,70
1541,69,2,635,6,3558,57,60
1542,69,2,636,8,3566,90,80
1543,69,2,637,9,3575,0,90
1544,69,2,638,4,3579,130,40
1545,69,2,639,7,3586,0,70
1546,69,2,640,3,3589,106,30
1547,69,2,641,9,3598,88,90
1548,69,2,642,7,3605,66,70
1549,69,2,643,8,3613,83,80
1550,69,2,644,9,3622,85,90
1551,69,2,645,3,3625,29,30
1552,69,2,646,2,3627,25,20
1553,69,2,647,6,3633,59,60
1554,69,2,648,5,3638,50,50
1555,69,2,649,7,3645,0,70
1556,69,2,650,2,3647,81,20
1557,69,2,651,5,3652,58,50
1558,69,2,652,8,3660,85,80
1559,69,2,653,3,3663,24,30
1560,69,2,654,4,3667,45,40
1561,69,2,655,9,3676,0,90
1562,69,2,656,5,3681,121,50
1563,69,2,657,4,3685,35,40
1564,69,2,658,9,3694,88,90
1565,69,2,659,7,3701,74,70
1566,69,2,660,7,3708,76,70
1567,69,2,661,5,3713,0,50
1568,69,2,662,2,3715,68,20
1569,69,2,663,7,3722,71,70
1570,69,2,664,5,3727,0,50
1571,69,2,665,4,3731,0,40
1572,69,2,666,9,3740,169,90
1573,69,2,667,2,3742,16,20
1574,69,2,668,2,3744,22,20
1575,69,2,669,7,3751,57,70
1576,69,2,670,7,3758,81,70
1577,69,2,671,9,3767,92,90
1578,69,2,672,3,3770,0,30
1579,69,2,673,5,3775,0,50
1580,69,2,674,7,3782,147,70
1581,69,2,675,4,3786,46,40
1582,69,2,676,7,3793,76,70
1583,69,2,677,2,3795,19,20
1584,69,2,678,5,3800,41,50
1585,69,2,679,7,3807,67,70
1586,69,2,680,7,3814,0,70
1587,69,2,681,9,3823,165,90
1588,69,2,682,4,3827,37,40
1589,69,2,683,8,3835,75,80
1590,69,2,684,8,3843,72,80
1591,69,2,685,5,3848,49,50
1592,69,2,686,7,3855,76,70
1593,69,2,687,9,3864,81,90
1594,69,2,688,6,3870,65,60
1595,69,2,689,5,3875,38,50
1596,69,2,690,8,3883,0,80
1597,69,2,691,3,3886,119,30
1598,69,2,692,8,3894,76,80
1599,69,2,693,6,3900,61,60
1600,69,2,694,9,3909,0,90
1601,69,2,695,8,3917,153,80
1602,69,2,696,9,3926,85,90
1603,69,2,697,8,3934,74,80
1604,69,2,698,9,3943,101,90
1605,69,2,699,7,3950,72,70
1606,69,2,700,8,3958,0,80
1607,69,2,701,7,3965,143,70
1608,69,2,702,8,3973,85,80
1609,69,2,703,3,3976,29,30
1610,69,2,704,5,3981,45,50
1611,69,2,705,5,3986,48,50
1612,69,2,706,3,3989,21,30
1613,69,2,707,6,3995,53,60
1614,69,2,708,3,3998,0,30
1615,69,2,709,8,4006,103,80
1616,69,2,710,6,4012,52,60
1617,69,2,711,8,4020,0,80
1618,69,2,712,3,4023,0,30
1619,69,2,713,7,4030,0,70
1620,69,2,714,6,4036,216,60
1621,69,2,715,5,4041,56,50
1622,69,2,716,8,4049,80,80
1623,69,2,717,2,4051,0,20
1624,69,2,718,3,4054,64,30
1625,69,2,719,6,4060,0,60
1626,69,2,720,8,4068,154,80
1627,69,2,721,9,4077,88,90
1628,69,2,722,6,4083,67,60
1629,69,2,723,2,4085,22,20
1630,69,2,724,2,4087,20,20
1631,69,2,725,2,4089,22,20
1632,69,2,726,7,4096,63,70
1633,69,2,727,7,4103,78,70
1634,69,2,728,7,4110,60,70
1635,69,2,729,4,4114,53,40
1636,69,2,730,2,4116,29,20
1637,69,2,731,6,4122,52,60
1638,69,2,732,9,4131,86,90
1639,69,2,733,2,4133,15,20
1640,69,2,734,7,4140,71,70
1641,69,2,735,7,4147,0,70
1642,69,2,736,5,4152,124,50
1643,69,2,737,5,4157,0,50
1644,69,2,738,9,4166,140,90
1645,69,2,739,5,4171,56,50
1646,69,2,740,4,4175,45,40
1647,69,2,741,5,4180,49,50
1648,69,2,742,3,4183,0,30
1649,69,2,743,7,4190,103,70
1650,69,2,744,4,4194,0,40
1651,69,2,745,2,4196,65,20
1652,69,2,746,7,4203,72,70
1653,69,2,747,5,4208,45,50
1654,69,2,748,2,4210,19,20
1655,69,2,749,4,4214,45,40
1656,69,2,750,2,4216,18,20
1657,69,2,751,7,4223,78,70
1658,69,2,752,6,4229,55,60
1659,69,2,753,3,4232,38,30
1660,69,2,754,7,4239,76,70
1661,69,2,755,2,4241,26,20
1662,69,2,756,3,4244,32,30
1663,69,2,757,4,4248,43,40
1664,69,2,758,5,4253,56,50
1665,69,2,759,9,4262,84,90
1666,69,2,760,7,4269,67,70
1667,69,2,761,4,4273,38,40
1668,69,2,762,2,4275,0,20
1669,69,2,763,2,4277,46,20
1670,69,2,764,6,4283,64,60
1671,69,2,765,4,4287,41,40
1672,69,2,766,8,4295,0,80
1673,69,2,767,9,4304,155,90
1674,69,2,768,6,4310,52,60
1675,69,2,769,2,4312,21,20
1676,69,2,770,3,4315,28,30
1677,69,2,771,2,4317,0,20
1678,69,2,772,6,4323,68,60
1679,69,2,773,6,4329,61,60
1680,69,2,774,4,4333,42,40
1681,69,2,775,7,4340,70,70
1682,69,2,776,3,4343,35,30
1683,69,2,777,3,4346,0,30
1684,69,2,778,9,4355,116,90
1685,69,2,779,5,4360,48,50
1686,69,2,780,3,4363,24,30
1687,69,2,781,2,4365,20,20
1688,69,2,782,5,4370,0,50
1689,69,2,783,2,4372,0,20
1690,69,2,784,5,4377,143,50
1691,69,2,785,4,4381,49,40
1692,69,2,786,5,4386,49,50
1693,69,2,787,9,4395,90,90
1694,69,2,788,7,4402,68,70
1695,69,2,789,2,4404,19,20
1696,69,2,790,4,4408,31,40
1697,69,2,791,7,4415,78,70
1698,69,2,792,7,4422,68,70
1699,69,2,793,9,4431,82,90
1700,69,2,794,6,4437,0,60
1701,69,2,795,7,4444,110,70
1702,69,2,796,4,4448,37,40
1703,69,2,797,2,4450,17,20
1704,69,2,798,2,4452,19,20
1705,69,2,799,2,4454,18,20
1706,69,2,800,5,4459,41,50
1707,69,2,801,2,4461,28,20
1708,69,2,802,3,4464,35,30
1709,69,2,803,6,4470,57,60
1710,69,2,804,6,4476,65,60
1711,69,2,805,6,4482,59,60
1712,69,2,806,4,4486,44,40
1713,69,2,807,6,4492,63,60
1714,69,2,808,3,4495,28,30
1715,69,2,809,4,4499,0,40
1716,69,2,810,3,4502,80,30
1717,69,2,811,2,4504,20,20
1718,69,2,812,8,4512,79,80
1719,69,2,813,8,4520,76,80
1720,69,2,814,2,4522,0,20
1721,69,2,815,4,4526,47,40
1722,69,2,816,5,4531,62,50
1723,69,2,817,3,4534,19,30
1724,69,2,818,2,4536,30,20
1725,69,2,819,8,4544,0,80
1726,69,2,820,4,4548,129,40
1727,69,2,821,9,4557,0,90
1728,69,2,822,2,4559,109,20
1729,69,2,823,2,4561,0,20
1730,69,2,824,8,4569,0,80
1731,69,2,825,2,4571,0,20
1732,69,2,826,5,4576,176,50
1733,69,2,827,3,4579,33,30
1734,69,2,828,6,4585,65,60
1735,69,2,829,9,4594,71,90
1736,69,2,830,2,4596,18,20
1737,69,2,831,8,4604,0,80
1738,69,2,832,2,4606,95,20
1739,69,2,833,9,4615,0,90
1740,69,2,834,3,4618,114,30
1741,69,2,835,3,4621,34,30
1742,69,2,836,7,4628,62,70
1743,69,2,837,4,4632,47,40
1744,69,2,838,4,4636,40,40
1745,69,2,839,4,4640,47,40
1746,69,2,840,3,4643,30,30
1747,69,2,841,4,4647,29,40
1748,69,2,842,8,4655,85,80
1749,69,2,843,4,4659,0,40
1750,69,2,844,6,4665,107,60
1751,69,2,845,7,4672,64,70
1752,69,2,846,2,4674,19,20
1753,69,2,847,9,4683,91,90
1754,69,2,848,7,4690,77,70
1755,69,2,849,5,4695,0,50
1756,69,2,850,4,4699,93,40
1757,69,2,851,6,4705,50,60
1758,69,2,852,5,4710,60,50
1759,69,2,853,3,4713,36,30
1760,69,2,854,3,4716,30,30
1761,69,2,855,3,4719,36,30
1762,69,2,856,7,4726,82,70
1763,69,2,857,5,4731,44,50
1764,69,2,858,5,4736,52,50
1765,69,2,859,3,4739,37,30
1766,69,2,860,5,4744,41,50
1767,69,2,861,7,4751,60,70
1768,69,2,862,4,4755,32,40
1769,69,2,863,8,4763,82,80
1770,69,2,864,3,4766,30,30
1771,69,2,865,7,4773,72,70
1772,69,2,866,6,4779,64,60
1773,69,2,867,9,4788,103,90
1774,69,2,868,4,4792,0,40
1775,69,2,869,4,4796,73,40
1776,69,2,870,7,4803,78,70
1777,69,2,871,8,4811,101,80
1778,69,2,872,5,4816,54,50
1779,69,2,873,5,4821,53,50
1780,69,2,874,6,4827,63,60
1781,69,2,875,8,4835,72,80
1782,69,2,876,7,4842,0,70
1783,69,2,877,6,4848,124,60
1784,69,2,878,6,4854,60,60
1785,69,2,879,8,4862,85,80
1786,69,2,880,9,4871,0,90
1787,69,2,881,4,4875,0,40
1788,69,2,882,2,4877,150,20
1789,69,2,883,4,4881,41,40
1790,69,2,884,8,4889,77,80
1791,69,2,885,5,4894,39,50
1792,69,2,886,4,4898,40,40
1793,69,2,887,7,4905,70,70
1794,69,2,888,4,4909,45,40
1795,69,2,889,5,4914,0,50
1796,69,2,890,2,4916,66,20
1797,69,2,891,4,4920,39,40
1798,69,2,892,7,4927,68,70
1799,69,2,893,8,4935,108,80
1800,69,2,894,8,4943,78,80
1801,69,2,895,9,4952,94,90
1802,69,2,896,5,4957,51,50
1803,69,2,897,4,4961,0,40
1804,69,2,898,8,4969,128,80
1805,69,2,899,3,4972,0,30
1806,69,2,900,7,4979,108,70
1807,69,2,901,2,4981,21,20
1808,69,2,902,3,4984,32,30
1809,69,2,903,8,4992,0,80
1810,69,2,904,4,4996,122,40
1811,69,3,1,9,9,85,90
1812,69,3,2,6,15,67,60
1813,69,3,3,8,23,71,80
1814,69,3,4,2,25,0,20
1815,69,3,5,4,29,55,40
1816,69,3,6,4,33,0,40
1817,69,3,7,8,41,127,80
1818,69,3,8,5,46,42,50
1819,69,3,9,3,49,28,30
1820,69,3,10,4,53,45,40
1821,69,3,11,6,59,50,60
1822,69,3,12,4,63,36,40
1823,69,3,13,4,67,56,40
1824,69,3,14,2,69,17,20
1825,69,3,15,6,75,64,60
1826,69,3,16,5,80,52,50
1827,69,3,17,8,88,75,80
1828,69,3,18,7,95,0,70
1829,69,3,19,6,101,135,60
1830,69,3,20,3,104,16,30
1831,69,3,21,8,112,90,80
1832,69,3,22,8,120,0,80
1833,69,3,23,5,125,100,50
1834,69,3,24,8,133,79,80
1835,69,3,25,4,137,43,40
1836,69,3,26,2,139,21,20
1837,69,3,27,2,141,23,20
1838,69,3,28,4,145,0,40
1839,69,3,29,4,149,0,40
1840,69,3,30,5,154,116,50
1841,69,3,31,8,162,66,80
1842,69,3,32,3,165,18,30
1843,69,3,33,5,170,39,50
1844,69,3,34,8,178,0,80
1845,69,3,35,2,180,98,20
1846,69,3,36,7,187,57,70
1847,69,3,37,6,193,60,60
1848,69,3,38,9,202,84,90
1849,69,3,39,3,205,24,30
1850,69,3,40,3,208,31,30
1851,69,3,41,5,213,39,50
1852,69,3,42,4,217,34,40
1853,69,3,43,7,224,57,70
1854,69,3,44,2,226,22,20
1855,69,3,45,8,234,88,80
1856,69,3,46,8,242,71,80
1857,69,3,47,4,246,37,40
1858,69,3,48,2,248,16,20
1859,69,3,49,2,250,22,20
1860,69,3,50,6,256,0,60
1861,69,3,51,7,263,0,70
1862,69,3,52,2,265,146,20
1863,69,3,53,5,270,58,50
1864,69,3,54,2,272,35,20
1865,69,3,55,3,275,0,30
1866,69,3,56,5,280,72,50
1867,69,3,57,7,287,81,70
1868,69,3,58,5,292,44,50
1869,69,3,59,5,297,0,50
1870,69,3,60,3,300,93,30
1871,69,3,61,3,303,28,30
1872,69,3,62,2,305,0,20
1873,69,3,63,3,308,0,30
1874,69,3,64,9,317,149,90
1875,69,3,65,8,325,75,80
1876,69,3,66,7,332,0,70
1877,69,3,67,3,335,97,30
1878,69,3,68,8,343,79,80
1879,69,3,69,8,351,64,80
1880,69,3,70,8,359,88,80
1881,69,3,71,3,362,36,30
1882,69,3,72,5,367,51,50
1883,69,3,73,2,369,11,20
1884,69,3,74,9,378,94,90
1885,69,3,75,5,383,65,50
1886,69,3,76,8,391,84,80
1887,69,3,77,3,394,0,30
1888,69,3,78,3,397,0,30
1889,69,3,79,4,401,0,40
1890,69,3,80,2,403,113,20
1891,69,3,81,5,408,48,50
1892,69,3,82,9,417,84,90
1893,69,3,83,5,422,54,50
1894,69,3,84,7,429,71,70
1895,69,3,85,7,436,69,70
1896,69,3,86,3,439,26,30
1897,69,3,87,9,448,83,90
1898,69,3,88,8,456,86,80
1899,69,3,89,6,462,0,60
1900,69,3,90,8,470,136,80
1901,69,3,91,9,479,104,90
1902,69,3,92,3,482,28,30
1903,69,3,93,6,488,0,60
1904,69,3,94,9,497,175,90
1905,69,3,95,8,505,80,80
1906,69,3,96,4,509,28,40
1907,69,3,97,7,516,0,70
1908,69,3,98,9,525,158,90
1909,69,3,99,4,529,44,40
1910,69,3,100,7,536,74,70
1911,69,3,101,7,543,78,70
1912,69,3,102,5,548,48,50
1913,69,3,103,9,557,107,90
1914,69,3,104,3,560,28,30
1915,69,3,105,7,567,74,70
1916,69,3,106,5,572,52,50
1917,69,3,107,3,575,22,30
1918,69,3,108,5,580,0,50
1919,69,3,109,7,587,121,70
1920,69,3,110,8,595,79,80
1921,69,3,111,9,604,87,90
1922,69,3,112,2,606,22,20
1923,69,3,113,9,615,95,90
1924,69,3,114,6,621,56,60
1925,69,3,115,2,623,0,20
1926,69,3,116,9,632,114,90
1927,69,3,117,5,637,58,50
1928,69,3,118,8,645,71,80
1929,69,3,119,7,652,73,70
1930,69,3,120,8,660,76,80
1931,69,3,121,8,668,0,80
1932,69,3,122,4,672,112,40
1933,69,3,123,8,680,90,80
1934,69,3,124,7,687,82,70
1935,69,3,125,6,693,70,60
1936,69,3,126,2,695,21,20
1937,69,3,127,8,703,72,80
1938,69,3,128,4,707,35,40
1939,69,3,129,6,713,63,60
1940,69,3,130,8,721,73,80
1941,69,3,131,9,730,97,90
1942,69,3,132,7,737,67,70
1943,69,3,133,9,746,84,90
1944,69,3,134,6,752,67,60
1945,69,3,135,9,761,0,90
1946,69,3,136,4,765,0,40
1947,69,3,137,9,774,223,90
1948,69,3,138,3,777,29,30
1949,69,3,139,7,784,69,70
1950,69,3,140,4,788,27,40
1951,69,3,141,7,795,0,70
1952,69,3,142,8,803,0,80
1953,69,3,143,3,806,174,30
1954,69,3,144,2,808,13,20
1955,69,3,145,3,811,33,30
1956,69,3,146,3,814,0,30
1957,69,3,147,2,816,48,20
1958,69,3,148,5,821,58,50
1959,69,3,149,7,828,0,70
1960,69,3,150,8,836,0,80
1961,69,3,151,4,840,0,40
1962,69,3,152,5,845,215,50
1963,69,3,153,2,847,19,20
1964,69,3,154,7,854,63,70
1965,69,3,155,4,858,32,40
1966,69,3,156,8,866,77,80
1967,69,3,157,9,875,96,90
1968,69,3,158,8,883,94,80
1969,69,3,159,4,887,35,40
1970,69,3,160,6,893,71,60
1971,69,3,161,6,899,55,60
1972,69,3,162,2,901,16,20
1973,69,3,163,6,907,72,60
1974,69,3,164,3,910,36,30
1975,69,3,165,2,912,22,20
1976,69,3,166,8,920,0,80
1977,69,3,167,2,922,97,20
1978,69,3,168,5,927,49,50
1979,69,3,169,7,934,83,70
1980,69,3,170,7,941,64,70
1981,69,3,171,6,947,51,60
1982,69,3,172,4,951,47,40
1983,69,3,173,4,955,0,40
1984,69,3,174,2,957,69,20
1985,69,3,175,6,963,60,60
1986,69,3,176,8,971,86,80
1987,69,3,177,3,974,22,30
1988,69,3,178,8,982,78,80
1989,69,3,179,4,986,44,40
1990,69,3,180,7,993,0,70
1991,69,3,181,4,997,0,40
1992,69,3,182,6,1003,0,60
1993,69,3,183,8,1011,237,80
1994,69,3,184,2,1013,10,20
1995,69,3,185,5,1018,61,50
1996,69,3,186,5,1023,47,50
1997,69,3,187,6,1029,58,60
1998,69,3,188,5,1034,44,50
1999,69,3,189,4,1038,34,40
2000,69,3,190,6,1044,53,60
2001,69,3,191,8,1052,81,80
2002,69,3,192,9,1061,97,90
2003,69,3,193,9,1070,106,90
2004,69,3,194,3,1073,27,30
2005,69,3,195,2,1075,16,20
2006,69,3,196,3,1078,31,30
2007,69,3,197,9,1087,87,90
2008,69,3,198,3,1090,28,30
2009,69,3,199,7,1097,74,70
2010,69,3,200,9,1106,98,90
2011,69,3,201,4,1110,0,40
2012,69,3,202,3,1113,0,30
2013,69,3,203,6,1119,148,60
2014,69,3,204,5,1124,55,50
2015,69,3,205,4,1128,44,40
2016,69,3,206,5,1133,51,50
2017,69,3,207,7,1140,0,70
2018,69,3,208,3,1143,0,30
2019,69,3,209,5,1148,146,50
2020,69,3,210,2,1150,21,20
2021,69,3,211,9,1159,84,90
2022,69,3,212,8,1167,72,80
2023,69,3,213,2,1169,0,20
2024,69,3,214,2,1171,42,20
2025,69,3,215,5,1176,64,50
2026,69,3,216,2,1178,20,20
2027,69,3,217,9,1187,81,90
2028,69,3,218,5,1192,0,50
2029,69,3,219,2,1194,74,20
2030,69,3,220,4,1198,36,40
2031,69,3,221,3,1201,0,30
2032,69,3,222,2,1203,67,20
2033,69,3,223,3,1206,24,30
2034,69,3,224,8,1214,85,80
2035,69,3,225,9,1223,90,90
2036,69,3,226,6,1229,52,60
2037,69,3,227,6,1235,55,60
2038,69,3,228,9,1244,86,90
2039,69,3,229,8,1252,65,80
2040,69,3,230,5,1257,41,50
2041,69,3,231,2,1259,20,20
2042,69,3,232,5,1264,40,50
2043,69,3,233,3,1267,38,30
2044,69,3,234,4,1271,43,40
2045,69,3,235,5,1276,43,50
2046,69,3,236,9,1285,90,90
2047,69,3,237,9,1294,77,90
2048,69,3,238,4,1298,46,40
2049,69,3,239,4,1302,0,40
2050,69,3,240,6,1308,93,60
2051,69,3,241,4,1312,55,40
2052,69,3,242,4,1316,35,40
2053,69,3,243,6,1322,0,60
2054,69,3,244,2,1324,80,20
2055,69,3,245,3,1327,33,30
2056,69,3,246,7,1334,62,70
2057,69,3,247,4,1338,0,40
2058,69,3,248,7,1345,101,70
2059,69,3,249,3,1348,28,30
2060,69,3,250,6,1354,0,60
2061,69,3,251,2,1356,81,20
2062,69,3,252,9,1365,0,90
2063,69,3,253,3,1368,0,30
2064,69,3,254,4,1372,190,40
2065,69,3,255,3,1375,25,30
2066,69,3,256,6,1381,56,60
2067,69,3,257,3,1384,27,30
2068,69,3,258,6,1390,61,60
2069,69,3,259,2,1392,20,20
2070,69,3,260,8,1400,90,80
2071,69,3,261,2,1402,25,20
2072,69,3,262,3,1405,27,30
2073,69,3,263,6,1411,0,60
2074,69,3,264,7,1418,0,70
2075,69,3,265,5,1423,174,50
2076,69,3,266,5,1428,43,50
2077,69,3,267,7,1435,82,70
2078,69,3,268,3,1438,21,30
2079,69,3,269,9,1447,0,90
2080,69,3,270,4,1451,141,40
2081,69,3,271,9,1460,75,90
2082,69,3,272,8,1468,91,80
2083,69,3,273,4,1472,52,40
2084,69,3,274,8,1480,82,80
2085,69,3,275,3,1483,35,30
2086,69,3,276,4,1487,0,40
2087,69,3,277,6,1493,0,60
2088,69,3,278,5,1498,140,50
2089,69,3,279,5,1503,0,50
2090,69,3,280,3,1506,77,30
2091,69,3,281,5,1511,44,50
2092,69,3,282,5,1516,61,50
2093,69,3,283,4,1520,32,40
2094,69,3,284,3,1523,22,30
2095,69,3,285,8,1531,68,80
2096,69,3,286,3,1534,0,30
2097,69,3,287,4,1538,69,40
2098,69,3,288,8,1546,76,80
2099,69,3,289,8,1554,71,80
2100,69,3,290,5,1559,0,50
2101,69,3,291,5,1564,105,50
2102,69,3,292,5,1569,0,50
2103,69,3,293,8,1577,132,80
2104,69,3,294,3,1580,34,30
2105,69,3,295,7,1587,0,70
2106,69,3,296,8,1595,147,80
2107,69,3,297,3,1598,0,30
2108,69,3,298,3,1601,54,30
2109,69,3,299,9,1610,96,90
2110,69,3,300,9,1619,95,90
2111,69,3,301,9,1628,96,90
2112,69,3,302,5,1633,43,50
2113,69,3,303,7,1640,70,70
2114,69,3,304,3,1643,38,30
2115,69,3,305,7,1650,77,70
2116,69,3,306,3,1653,30,30
2117,69,3,307,4,1657,0,40
2118,69,3,308,7,1664,105,70
2119,69,3,309,5,1669,45,50
2120,69,3,310,7,1676,62,70
2121,69,3,311,8,1684,84,80
2122,69,3,312,2,1686,18,20
2123,69,3,313,5,1691,42,50
2124,69,3,314,6,1697,0,60
2125,69,3,315,2,1699,89,20
2126,69,3,316,3,1702,24,30
2127,69,3,317,6,1708,0,60
2128,69,3,318,8,1716,135,80
2129,69,3,319,4,1720,25,40
2130,69,3,320,6,1726,0,60
2131,69,3,321,9,1735,0,90
2132,69,3,322,7,1742,225,70
2133,69,3,323,8,1750,85,80
2134,69,3,324,4,1754,37,40
2135,69,3,325,9,1763,86,90
2136,69,3,326,5,1768,46,50
2137,69,3,327,7,1775,64,70
2138,69,3,328,5,1780,62,50
2139,69,3,329,5,1785,50,50
2140,69,3,330,6,1791,73,60
2141,69,3,331,6,1797,59,60
2142,69,3,332,9,1806,89,90
2143,69,3,333,2,1808,23,20
2144,69,3,334,5,1813,50,50
2145,69,3,335,9,1822,83,90
2146,69,3,336,3,1825,0,30
2147,69,3,337,8,1833,0,80
2148,69,3,338,9,1842,194,90
2149,69,3,339,4,1846,47,40
2150,69,3,340,5,1851,53,50
2151,69,3,341,8,1859,81,80
2152,69,3,342,4,1863,30,40
2153,69,3,343,3,1866,0,30
2154,69,3,344,6,1872,82,60
2155,69,3,345,8,1880,83,80
2156,69,3,346,4,1884,39,40
2157,69,3,347,6,1890,50,60
2158,69,3,348,4,1894,0,40
2159,69,3,349,8,1902,113,80
2160,69,3,350,7,1909,62,70
2161,69,3,351,5,1914,51,50
2162,69,3,352,7,1921,61,70
2163,69,3,353,5,1926,0,50
2164,69,3,354,3,1929,86,30
2165,69,3,355,6,1935,69,60
2166,69,3,356,3,1938,24,30
2167,69,3,357,9,1947,94,90
2168,69,3,358,4,1951,35,40
2169,69,3,359,8,1959,95,80
2170,69,3,360,4,1963,44,40
2171,69,3,361,2,1965,0,20
2172,69,3,362,9,1974,125,90
2173,69,3,363,4,1978,33,40
2174,69,3,364,7,1985,71,70
2175,69,3,365,8,1993,88,80
2176,69,3,366,3,1996,36,30
2177,69,3,367,6,2002,59,60
2178,69,3,368,8,2010,88,80
2179,69,3,369,9,2019,96,90
2180,69,3,370,7,2026,69,70
2181,69,3,371,6,2032,63,60
2182,69,3,372,4,2036,43,40
2183,69,3,373,9,2045,97,90
2184,69,3,374,7,2052,0,70
2185,69,3,375,4,2056,95,40
2186,69,3,376,7,2063,73,70
2187,69,3,377,9,2072,0,90
2188,69,3,378,8,2080,0,80
2189,69,3,379,8,2088,213,80
2190,69,3,380,5,2093,47,50
2191,69,3,381,2,2095,17,20
2192,69,3,382,6,2101,65,60
2193,69,3,383,6,2107,65,60
2194,69,3,384,5,2112,60,50
2195,69,3,385,9,2121,114,90
2196,69,3,386,7,2128,69,70
2197,69,3,387,4,2132,36,40
2198,69,3,388,8,2140,87,80
2199,69,3,389,2,2142,0,20
2200,69,3,390,6,2148,0,60
2201,69,3,391,2,2150,0,20
2202,69,3,392,9,2159,174,90
2203,69,3,393,2,2161,22,20
2204,69,3,394,3,2164,28,30
2205,69,3,395,5,2169,46,50
2206,69,3,396,6,2175,61,60
2207,69,3,397,5,2180,36,50
2208,69,3,398,5,2185,54,50
2209,69,3,399,7,2192,69,70
2210,69,3,400,2,2194,19,20
2211,69,3,401,3,2197,34,30
2212,69,3,402,9,2206,104,90
2213,69,3,403,6,2212,58,60
2214,69,3,404,3,2215,41,30
2215,69,3,405,6,2221,56,60
2216,69,3,406,3,2224,35,30
2217,69,3,407,8,2232,72,80
2218,69,3,408,9,2241,74,90
2219,69,3,409,8,2249,76,80
2220,69,3,410,5,2254,44,50
2221,69,3,411,9,2263,71,90
2222,69,3,412,5,2268,55,50
2223,69,3,413,2,2270,20,20
2224,69,3,414,5,2275,46,50
2225,69,3,415,2,2277,0,20
2226,69,3,416,8,2285,94,80
2227,69,3,417,2,2287,15,20
2228,69,3,418,3,2290,0,30
2229,69,3,419,5,2295,79,50
2230,69,3,420,8,2303,75,80
2231,69,3,421,5,2308,0,50
2232,69,3,422,9,2317,0,90
2233,69,3,423,3,2320,163,30
2234,69,3,424,7,2327,0,70
2235,69,3,425,2,2329,104,20
2236,69,3,426,2,2331,23,20
2237,69,3,427,3,2334,0,30
2238,69,3,428,9,2343,128,90
2239,69,3,429,2,2345,13,20
2240,69,3,430,6,2351,59,60
2241,69,3,431,2,2353,20,20
2242,69,3,432,8,2361,83,80
2243,69,3,433,3,2364,24,30
2244,69,3,434,5,2369,47,50
2245,69,3,435,6,2375,68,60
2246,69,3,436,2,2377,0,20
2247,69,3,437,5,2382,73,50
2248,69,3,438,5,2387,31,50
2249,69,3,439,3,2390,26,30
2250,69,3,440,5,2395,48,50
2251,69,3,441,8,2403,69,80
2252,69,3,442,8,2411,86,80
2253,69,3,443,5,2416,44,50
2254,69,3,444,8,2424,89,80
2255,69,3,445,3,2427,34,30
2256,69,3,446,3,2430,0,30
2257,69,3,447,2,2432,61,20
2258,69,3,448,6,2438,57,60
2259,69,3,449,8,2446,77,80
2260,69,3,450,7,2453,0,70
2261,69,3,451,8,2461,164,80
2262,69,3,452,5,2466,56,50
2263,69,3,453,6,2472,63,60
2264,69,3,454,9,2481,87,90
2265,69,3,455,9,2490,0,90
2266,69,3,456,8,2498,171,80
2267,69,3,457,6,2504,0,60
2268,69,3,458,6,2510,0,60
2269,69,3,459,8,2518,210,80
2270,69,3,460,6,2524,59,60
2271,69,3,461,4,2528,0,40
2272,69,3,462,5,2533,101,50
2273,69,3,463,2,2535,16,20
2274,69,3,464,7,2542,65,70
2275,69,3,465,6,2548,66,60
2276,69,3,466,7,2555,73,70
2277,69,3,467,3,2558,21,30
2278,69,3,468,7,2565,0,70
2279,69,3,469,2,2567,90,20
2280,69,3,470,3,2570,22,30
2281,69,3,471,2,2572,12,20
2282,69,3,472,6,2578,54,60
2283,69,3,473,6,2584,66,60
2284,69,3,474,9,2593,111,90
2285,69,3,475,3,2596,35,30
2286,69,3,476,7,2603,85,70
2287,69,3,477,9,2612,87,90
2288,69,3,478,5,2617,49,50
2289,69,3,479,2,2619,22,20
2290,69,3,480,8,2627,91,80
2291,69,3,481,3,2630,31,30
2292,69,3,482,6,2636,0,60
2293,69,3,483,2,2638,73,20
2294,69,3,484,3,2641,33,30
2295,69,3,485,3,2644,33,30
2296,69,3,486,5,2649,57,50
2297,69,3,487,7,2656,78,70
2298,69,3,488,8,2664,97,80
2299,69,3,489,8,2672,81,80
2300,69,3,490,8,2680,76,80
2301,69,3,491,8,2688,0,80
2302,69,3,492,6,2694,139,60
2303,69,3,493,8,2702,71,80
2304,69,3,494,5,2707,0,50
2305,69,3,495,5,2712,0,50
2306,69,3,496,9,2721,199,90
2307,69,3,497,4,2725,42,40
2308,69,3,498,8,2733,68,80
2309,69,3,499,2,2735,22,20
2310,69,3,500,3,2738,29,30
2311,69,3,501,9,2747,0,90
2312,69,3,502,5,2752,150,50
2313,69,3,503,9,2761,86,90
2314,69,3,504,9,2770,96,90
2315,69,3,505,3,2773,32,30
2316,69,3,506,5,2778,51,50
2317,69,3,507,4,2782,0,40
2318,69,3,508,2,2784,54,20
2319,69,3,509,3,2787,38,30
2320,69,3,510,5,2792,59,50
2321,69,3,511,7,2799,79,70
2322,69,3,512,9,2808,0,90
2323,69,3,513,4,2812,126,40
2324,69,3,514,2,2814,19,20
2325,69,3,515,8,2822,0,80
2326,69,3,516,2,2824,0,20
2327,69,3,517,5,2829,0,50
2328,69,3,518,7,2836,0,70
2329,69,3,519,2,2838,245,20
2330,69,3,520,6,2844,64,60
2331,69,3,521,5,2849,44,50
2332,69,3,522,2,2851,15,20
2333,69,3,523,9,2860,0,90
2334,69,3,524,8,2868,162,80
2335,69,3,525,7,2875,55,70
2336,69,3,526,5,2880,48,50
2337,69,3,527,4,2884,40,40
2338,69,3,528,2,2886,14,20
2339,69,3,529,9,2895,97,90
2340,69,3,530,8,2903,64,80
2341,69,3,531,7,2910,53,70
2342,69,3,532,2,2912,14,20
2343,69,3,533,9,2921,93,90
2344,69,3,534,8,2929,87,80
2345,69,3,535,6,2935,58,60
2346,69,3,536,6,2941,52,60
2347,69,3,537,3,2944,31,30
2348,69,3,538,5,2949,52,50
2349,69,3,539,9,2958,100,90
2350,69,3,540,8,2966,83,80
2351,69,3,541,3,2969,31,30
2352,69,3,542,9,2978,97,90
2353,69,3,543,3,2981,28,30
2354,69,3,544,5,2986,49,50
2355,69,3,545,3,2989,32,30
2356,69,3,546,2,2991,21,20
2357,69,3,547,6,2997,54,60
2358,69,3,548,3,3000,0,30
2359,69,3,549,6,3006,0,60
2360,69,3,550,6,3012,166,60
2361,69,3,551,2,3014,13,20
2362,69,3,552,9,3023,93,90
2363,69,3,553,9,3032,97,90
2364,69,3,554,5,3037,54,50
2365,69,3,555,6,3043,71,60
2366,69,3,556,3,3046,25,30
2367,69,3,557,2,3048,18,20
2368,69,3,558,5,3053,53,50
2369,69,3,559,3,3056,30,30
2370,69,3,560,4,3060,37,40
2371,69,3,561,8,3068,81,80
2372,69,3,562,6,3074,59,60
2373,69,3,563,9,3083,91,90
2374,69,3,564,7,3090,74,70
2375,69,3,565,2,3092,17,20
2376,69,3,566,7,3099,69,70
2377,69,3,567,4,3103,48,40
2378,69,3,568,3,3106,36,30
2379,69,3,569,3,3109,17,30
2380,69,3,570,6,3115,49,60
2381,69,3,571,4,3119,34,40
2382,69,3,572,7,3126,0,70
2383,69,3,573,2,3128,103,20
2384,69,3,574,2,3130,23,20
2385,69,3,575,8,3138,0,80
2386,69,3,576,8,3146,165,80
2387,69,3,577,5,3151,49,50
2388,69,3,578,7,3158,0,70
2389,69,3,579,6,3164,113,60
2390,69,3,580,6,3170,54,60
2391,69,3,581,9,3179,102,90
2392,69,3,582,7,3186,76,70
2393,69,3,583,2,3188,15,20
2394,69,3,584,8,3196,86,80
2395,69,3,585,5,3201,47,50
2396,69,3,586,5,3206,38,50
2397,69,3,587,6,3212,68,60
2398,69,3,588,4,3216,30,40
2399,69,3,589,4,3220,39,40
2400,69,3,590,5,3225,46,50
2401,69,3,591,2,3227,0,20
2402,69,3,592,4,3231,63,40
2403,69,3,593,9,3240,79,90
2404,69,3,594,9,3249,100,90
2405,69,3,595,8,3257,84,80
2406,69,3,596,2,3259,17,20
2407,69,3,597,8,3267,82,80
2408,69,3,598,2,3269,0,20
2409,69,3,599,7,3276,0,70
2410,69,3,600,5,3281,133,50
2411,69,3,601,2,3283,20,20
2412,69,3,602,3,3286,24,30
2413,69,3,603,2,3288,0,20
2414,69,3,604,9,3297,129,90
2415,69,3,605,6,3303,0,60
2416,69,3,606,2,3305,88,20
2417,69,3,607,7,3312,81,70
2418,69,3,608,6,3318,0,60
2419,69,3,609,7,3325,114,70
2420,69,3,610,3,3328,25,30
2421,69,3,611,9,3337,101,90
2422,69,3,612,2,3339,19,20
2423,69,3,613,2,3341,0,20
2424,69,3,614,6,3347,87,60
2425,69,3,615,5,3352,49,50
2426,69,3,616,5,3357,55,50
2427,69,3,617,3,3360,34,30
2428,69,3,618,2,3362,22,20
2429,69,3,619,8,3370,82,80
2430,69,3,620,8,3378,87,80
2431,69,3,621,7,3385,0,70
2432,69,3,622,6,3391,137,60
2433,69,3,623,7,3398,0,70
2434,69,3,624,7,3405,144,70
2435,69,3,625,5,3410,64,50
2436,69,3,626,8,3418,0,80
2437,69,3,627,2,3420,115,20
2438,69,3,628,5,3425,59,50
2439,69,3,629,5,3430,40,50
2440,69,3,630,6,3436,51,60
2441,69,3,631,8,3444,74,80
2442,69,3,632,2,3446,17,20
2443,69,3,633,4,3450,0,40
2444,69,3,634,8,3458,0,80
2445,69,3,635,2,3460,158,20
2446,69,3,636,4,3464,36,40
2447,69,3,637,8,3472,87,80
2448,69,3,638,9,3481,87,90
2449,69,3,639,7,3488,0,70
2450,69,3,640,7,3495,134,70
2451,69,3,641,5,3500,47,50
2452,69,3,642,4,3504,0,40
2453,69,3,643,6,3510,103,60
2454,69,3,644,9,3519,107,90
2455,69,3,645,5,3524,0,50
2456,69,3,646,3,3527,76,30
2457,69,3,647,2,3529,21,20
2458,69,3,648,6,3535,0,60
2459,69,3,649,8,3543,143,80
2460,69,3,650,6,3549,71,60
2461,69,3,651,3,3552,29,30
2462,69,3,652,7,3559,63,70
2463,69,3,653,8,3567,80,80
2464,69,3,654,4,3571,0,40
2465,69,3,655,2,3573,64,20
2466,69,3,656,9,3582,83,90
2467,69,3,657,8,3590,88,80
2468,69,3,658,9,3599,0,90
2469,69,3,659,9,3608,180,90
2470,69,3,660,8,3616,82,80
2471,69,3,661,3,3619,26,30
2472,69,3,662,4,3623,55,40
2473,69,3,663,9,3632,91,90
2474,69,3,664,2,3634,19,20
2475,69,3,665,6,3640,52,60
2476,69,3,666,9,3649,94,90
2477,69,3,667,6,3655,76,60
2478,69,3,668,3,3658,31,30
2479,69,3,669,9,3667,79,90
2480,69,3,670,3,3670,20,30
2481,69,3,671,5,3675,53,50
2482,69,3,672,4,3679,38,40
2483,69,3,673,6,3685,0,60
2484,69,3,674,2,3687,87,20
2485,69,3,675,3,3690,25,30
2486,69,3,676,4,3694,41,40
2487,69,3,677,4,3698,31,40
2488,69,3,678,9,3707,81,90
2489,69,3,679,4,3711,49,40
2490,69,3,680,9,3720,81,90
2491,69,3,681,7,3727,0,70
2492,69,3,682,2,3729,87,20
2493,69,3,683,4,3733,35,40
2494,69,3,684,8,3741,91,80
2495,69,3,685,6,3747,0,60
2496,69,3,686,3,3750,76,30
2497,69,3,687,3,3753,31,30
2498,69,3,688,4,3757,26,40
2499,69,3,689,4,3761,0,40
2500,69,3,690,2,3763,0,20
2501,69,3,691,8,3771,147,80
2502,69,3,692,6,3777,57,60
2503,69,3,693,2,3779,22,20
2504,69,3,694,5,3784,46,50
2505,69,3,695,2,3786,21,20
2506,69,3,696,4,3790,34,40
2507,69,3,697,3,3793,0,30
2508,69,3,698,3,3796,64,30
2509,69,3,699,2,3798,25,20
2510,69,3,700,6,3804,72,60
2511,69,3,701,3,3807,44,30
2512,69,3,702,3,3810,0,30
2513,69,3,703,6,3816,93,60
2514,69,3,704,6,3822,60,60
2515,69,3,705,6,3828,60,60
2516,69,3,706,8,3836,89,80
2517,69,3,707,3,3839,30,30
2518,69,3,708,8,3847,77,80
2519,69,3,709,6,3853,62,60
2520,69,3,710,5,3858,0,50
2521,69,3,711,7,3865,146,70
2522,69,3,712,3,3868,38,30
2523,69,3,713,2,3870,23,20
2524,69,3,714,7,3877,65,70
2525,69,3,715,7,3884,82,70
2526,69,3,716,7,3891,70,70
2527,69,3,717,6,3897,54,60
2528,69,3,718,7,3904,0,70
2529,69,3,719,2,3906,0,20
2530,69,3,720,5,3911,133,50
2531,69,3,721,9,3920,90,90
2532,69,3,722,7,3927,74,70
2533,69,3,723,9,3936,0,90
2534,69,3,724,2,3938,106,20
2535,69,3,725,8,3946,91,80
2536,69,3,726,2,3948,0,20
2537,69,3,727,2,3950,42,20
2538,69,3,728,5,3955,50,50
2539,69,3,729,3,3958,22,30
2540,69,3,730,5,3963,49,50
2541,69,3,731,8,3971,65,80
2542,69,3,732,2,3973,20,20
2543,69,3,733,2,3975,0,20
2544,69,3,734,8,3983,0,80
2545,69,3,735,3,3986,102,30
2546,69,3,736,3,3989,29,30
2547,69,3,737,8,3997,81,80
2548,69,3,738,4,4001,0,40
2549,69,3,739,9,4010,119,90
2550,69,3,740,4,4014,0,40
2551,69,3,741,7,4021,99,70
2552,69,3,742,8,4029,82,80
2553,69,3,743,2,4031,21,20
2554,69,3,744,5,4036,43,50
2555,69,3,745,4,4040,35,40
2556,69,3,746,3,4043,40,30
2557,69,3,747,3,4046,34,30
2558,69,3,748,2,4048,10,20
2559,69,3,749,3,4051,33,30
2560,69,3,750,2,4053,0,20
2561,69,3,751,7,4060,84,70
2562,69,3,752,3,4063,29,30
2563,69,3,753,4,4067,34,40
2564,69,3,754,7,4074,58,70
2565,69,3,755,7,4081,51,70
2566,69,3,756,5,4086,48,50
2567,69,3,757,3,4089,29,30
2568,69,3,758,3,4092,31,30
2569,69,3,759,4,4096,36,40
2570,69,3,760,3,4099,23,30
2571,69,3,761,6,4105,64,60
2572,69,3,762,3,4108,25,30
2573,69,3,763,5,4113,0,50
2574,69,3,764,3,4116,83,30
2575,69,3,765,3,4119,32,30
2576,69,3,766,4,4123,39,40
2577,69,3,767,4,4127,32,40
2578,69,3,768,6,4133,68,60
2579,69,3,769,8,4141,85,80
2580,69,3,770,4,4145,0,40
2581,69,3,771,4,4149,91,40
2582,69,3,772,5,4154,0,50
2583,69,3,773,3,4157,81,30
2584,69,3,774,7,4164,70,70
2585,69,3,775,7,4171,74,70
2586,69,3,776,5,4176,42,50
2587,69,3,777,9,4185,95,90
2588,69,3,778,7,4192,63,70
2589,69,3,779,9,4201,80,90
2590,69,3,780,4,4205,45,40
2591,69,3,781,4,4209,39,40
2592,69,3,782,5,4214,53,50
2593,69,3,783,7,4221,64,70
2594,69,3,784,7,4228,87,70
2595,69,3,785,4,4232,38,40
2596,69,3,786,5,4237,55,50
2597,69,3,787,6,4243,62,60
2598,69,3,788,9,4252,97,90
2599,69,3,789,7,4259,76,70
2600,69,3,790,4,4263,42,40
2601,69,3,791,2,4265,16,20
2602,69,3,792,5,4270,49,50
2603,69,3,793,7,4277,67,70
2604,69,3,794,3,4280,0,30
2605,69,3,795,6,4286,0,60
2606,69,3,796,5,4291,0,50
2607,69,3,797,5,4296,199,50
2608,69,3,798,9,4305,92,90
2609,69,3,799,9,4314,79,90
2610,69,3,800,4,4318,42,40
2611,69,3,801,2,4320,22,20
2612,69,3,802,7,4327,75,70
2613,69,3,803,5,4332,0,50
2614,69,3,804,7,4339,117,70
2615,69,3,805,7,4346,0,70
2616,69,3,806,4,4350,114,40
2617,69,3,807,8,4358,81,80
2618,69,3,808,4,4362,0,40
2619,69,3,809,4,4366,77,40
2620,69,3,810,8,4374,82,80
2621,69,3,811,6,4380,55,60
2622,69,3,812,8,4388,84,80
2623,69,3,813,3,4391,21,30
2624,69,3,814,9,4400,92,90
2625,69,3,815,4,4404,40,40
2626,69,3,816,7,4411,60,70
2627,69,3,817,3,4414,38,30
2628,69,3,818,3,4417,0,30
2629,69,3,819,4,4421,0,40
2630,69,3,820,8,4429,135,80
2631,69,3,821,3,4432,28,30
2632,69,3,822,6,4438,53,60
2633,69,3,823,8,4446,88,80
2634,69,3,824,8,4454,86,80
2635,69,3,825,7,4461,0,70
2636,69,3,826,7,4468,123,70
2637,69,3,827,9,4477,92,90
2638,69,3,828,7,4484,71,70
2639,69,3,829,3,4487,26,30
2640,69,3,830,7,4494,76,70
2641,69,3,831,7,4501,69,70
2642,69,3,832,8,4509,59,80
2643,69,3,833,3,4512,30,30
2644,69,3,834,4,4516,51,40
2645,69,3,835,3,4519,25,30
2646,69,3,836,8,4527,82,80
2647,69,3,837,4,4531,27,40
2648,69,3,838,6,4537,44,60
2649,69,3,839,9,4546,0,90
2650,69,3,840,9,4555,177,90
2651,69,3,841,5,4560,58,50
2652,69,3,842,7,4567,70,70
2653,69,3,843,4,4571,44,40
2654,69,3,844,3,4574,0,30
2655,69,3,845,3,4577,75,30
2656,69,3,846,3,4580,27,30
2657,69,3,847,9,4589,87,90
2658,69,3,848,2,4591,20,20
2659,69,3,849,2,4593,19,20
2660,69,3,850,6,4599,75,60
2661,69,3,851,4,4603,38,40
2662,69,3,852,2,4605,0,20
2663,69,3,853,2,4607,36,20
2664,69,3,854,3,4610,37,30
2665,69,3,855,3,4613,30,30
2666,69,3,856,7,4620,63,70
2667,69,3,857,9,4629,100,90
2668,69,3,858,6,4635,0,60
2669,69,3,859,4,4639,105,40
2670,69,3,860,9,4648,85,90
2671,69,3,861,6,4654,0,60
2672,69,3,862,6,4660,0,60
2673,69,3,863,3,4663,135,30
2674,69,3,864,5,4668,49,50
2675,69,3,865,4,4672,41,40
2676,69,3,866,5,4677,47,50
2677,69,3,867,2,4679,21,20
2678,69,3,868,4,4683,38,40
2679,69,3,869,2,4685,20,20
2680,69,3,870,4,4689,29,40
2681,69,3,871,7,4696,69,70
2682,69,3,872,5,4701,46,50
2683,69,3,873,4,4705,43,40
2684,69,3,874,3,4708,29,30
2685,69,3,875,5,4713,42,50
2686,69,3,876,5,4718,45,50
2687,69,3,877,9,4727,0,90
2688,69,3,878,7,4734,147,70
2689,69,3,879,7,4741,79,70
2690,69,3,880,9,4750,100,90
2691,69,3,881,4,4754,50,40
2692,69,3,882,2,4756,23,20
2693,69,3,883,8,4764,93,80
2694,69,3,884,3,4767,36,30
2695,69,3,885,4,4771,0,40
2696,69,3,886,6,4777,89,60
2697,69,3,887,3,4780,0,30
2698,69,3,888,2,4782,33,20
2699,69,3,889,8,4790,78,80
2700,69,3,890,5,4795,52,50
2701,69,3,891,6,4801,65,60
2702,69,3,892,4,4805,30,40
2703,69,3,893,6,4811,71,60
2704,69,3,894,7,4818,0,70
2705,69,3,895,4,4822,106,40
2706,69,3,896,8,4830,85,80
2707,69,3,897,6,4836,75,60
2708,69,3,898,4,4840,37,40
2709,69,3,899,8,4848,72,80
2710,69,3,900,3,4851,35,30
2711,69,3,901,5,4856,42,50
2712,69,3,902,6,4862,64,60
2713,69,3,903,8,4870,0,80
2714,69,3,904,2,4872,102,20
2715,69,3,905,7,4879,58,70
2716,69,3,906,6,4885,68,60
2717,69,3,907,6,4891,50,60
2718,69,3,908,4,4895,31,40
2719,69,3,909,5,4900,53,50
2720,69,3,910,2,4902,0,20
2721,69,3,911,9,4911,120,90
2722,69,3,912,8,4919,82,80
2723,69,3,913,5,4924,48,50
2724,69,3,914,4,4928,46,40
2725,69,3,915,2,4930,17,20
2726,69,3,916,4,4934,52,40
2727,69,3,917,8,4942,76,80
2728,69,3,918,9,4951,83,90
2729,69,3,919,7,4958,50,70
2730,69,3,920,9,4967,88,90
2731,69,3,921,3,4970,29,30
2732,69,3,922,8,4978,88,80
2733,69,3,923,5,4983,49,50
2734,69,3,924,8,4991,75,80
2735,69,3,925,8,4999,0,80
